imagesource:GoogleEarth
gsd:0.230566259289
4441.0 3347.0 4468.0 3347.0 4468.0 3357.0 4441.0 3357.0 small-vehicle 1
3257.0 3752.0 3279.0 3752.0 3279.0 3765.0 3257.0 3765.0 small-vehicle 0
3001.0 3661.0 3012.0 3661.0 3012.0 3681.0 3001.0 3681.0 small-vehicle 0
3032.0 3667.0 3055.0 3667.0 3055.0 3683.0 3032.0 3683.0 small-vehicle 0
2983.0 3809.0 3007.0 3809.0 3007.0 3822.0 2983.0 3822.0 small-vehicle 0
2983.0 3824.0 3005.0 3824.0 3005.0 3834.0 2983.0 3834.0 small-vehicle 0
3079.0 3749.0 3101.0 3749.0 3101.0 3759.0 3079.0 3759.0 small-vehicle 0
3118.0 3856.0 3128.0 3856.0 3128.0 3880.0 3118.0 3880.0 small-vehicle 0
3130.0 3856.0 3142.0 3856.0 3142.0 3882.0 3130.0 3882.0 small-vehicle 0
3141.0 3858.0 3150.0 3858.0 3150.0 3881.0 3141.0 3881.0 small-vehicle 0
3315.0 3885.0 3338.0 3885.0 3338.0 3896.0 3315.0 3896.0 small-vehicle 0
3317.0 3843.0 3340.0 3843.0 3340.0 3855.0 3317.0 3855.0 small-vehicle 0
3320.0 3714.0 3343.0 3714.0 3343.0 3727.0 3320.0 3727.0 small-vehicle 0
3183.0 3681.0 3194.0 3681.0 3194.0 3703.0 3183.0 3703.0 small-vehicle 0
3940.0 3154.0 3966.0 3154.0 3966.0 3173.0 3940.0 3173.0 small-vehicle 0
3194.0 3681.0 3206.0 3681.0 3206.0 3704.0 3194.0 3704.0 small-vehicle 0
3171.0 3661.0 3182.0 3661.0 3182.0 3681.0 3171.0 3681.0 small-vehicle 0
3157.0 3684.0 3169.0 3684.0 3169.0 3707.0 3157.0 3707.0 small-vehicle 0
3095.0 3854.0 3106.0 3854.0 3106.0 3878.0 3095.0 3878.0 small-vehicle 0
2987.0 3799.0 3006.0 3799.0 3006.0 3811.0 2987.0 3811.0 small-vehicle 0
3013.0 3662.0 3025.0 3662.0 3025.0 3685.0 3013.0 3685.0 small-vehicle 1
3092.0 3671.0 3114.0 3671.0 3114.0 3681.0 3092.0 3681.0 small-vehicle 1
3090.0 3684.0 3113.0 3684.0 3113.0 3693.0 3090.0 3693.0 small-vehicle 1
3144.0 3684.0 3155.0 3684.0 3155.0 3709.0 3144.0 3709.0 small-vehicle 0
3170.0 3684.0 3179.0 3684.0 3179.0 3702.0 3170.0 3702.0 small-vehicle 1
3292.0 3713.0 3314.0 3713.0 3314.0 3724.0 3292.0 3724.0 small-vehicle 1
2979.0 3665.0 2991.0 3665.0 2991.0 3689.0 2979.0 3689.0 small-vehicle 0
2885.0 3704.0 2908.0 3704.0 2908.0 3716.0 2885.0 3716.0 small-vehicle 0
2850.0 3777.0 2858.0 3777.0 2858.0 3798.0 2850.0 3798.0 small-vehicle 0
2783.0 3827.0 2794.0 3827.0 2794.0 3849.0 2783.0 3849.0 small-vehicle 0
1021.0 3412.0 1039.0 3412.0 1039.0 3435.0 1021.0 3435.0 small-vehicle 0
2300.0 3810.0 2314.0 3810.0 2314.0 3836.0 2300.0 3836.0 small-vehicle 0
2398.0 3924.0 2424.0 3924.0 2424.0 3936.0 2398.0 3936.0 small-vehicle 0
2397.0 3958.0 2422.0 3958.0 2422.0 3968.0 2397.0 3968.0 small-vehicle 0
2404.0 3871.0 2425.0 3871.0 2425.0 3882.0 2404.0 3882.0 small-vehicle 0
2622.0 4022.0 2645.0 4022.0 2645.0 4033.0 2622.0 4033.0 small-vehicle 0
2562.0 4031.0 2584.0 4031.0 2584.0 4041.0 2562.0 4041.0 small-vehicle 0
2303.0 3994.0 2325.0 3994.0 2325.0 4004.0 2303.0 4004.0 small-vehicle 0
2167.0 4007.0 2180.0 4007.0 2180.0 4033.0 2167.0 4033.0 small-vehicle 0
2238.0 3989.0 2261.0 3989.0 2261.0 4000.0 2238.0 4000.0 small-vehicle 0
2157.0 3825.0 2171.0 3825.0 2171.0 3851.0 2157.0 3851.0 small-vehicle 1
2182.0 3824.0 2195.0 3824.0 2195.0 3846.0 2182.0 3846.0 small-vehicle 1
2277.0 3813.0 2288.0 3813.0 2288.0 3836.0 2277.0 3836.0 small-vehicle 1
2287.0 3812.0 2300.0 3812.0 2300.0 3836.0 2287.0 3836.0 small-vehicle 1
2153.0 3852.0 2176.0 3852.0 2176.0 3862.0 2153.0 3862.0 small-vehicle 1
2343.0 3916.0 2363.0 3916.0 2363.0 3924.0 2343.0 3924.0 small-vehicle 1
2305.0 3983.0 2322.0 3983.0 2322.0 3993.0 2305.0 3993.0 small-vehicle 1
2399.0 3947.0 2422.0 3947.0 2422.0 3958.0 2399.0 3958.0 small-vehicle 1
2340.0 3802.0 2358.0 3802.0 2358.0 3825.0 2340.0 3825.0 small-vehicle 1
2656.0 4012.0 2679.0 4012.0 2679.0 4022.0 2656.0 4022.0 small-vehicle 1
2659.0 4023.0 2679.0 4023.0 2679.0 4033.0 2659.0 4033.0 small-vehicle 1
2561.0 4007.0 2581.0 4007.0 2581.0 4018.0 2561.0 4018.0 small-vehicle 1
2828.0 3910.0 2841.0 3910.0 2841.0 3936.0 2828.0 3936.0 small-vehicle 0
3150.0 3749.0 3177.0 3749.0 3177.0 3762.0 3150.0 3762.0 small-vehicle 1
3125.0 3749.0 3145.0 3749.0 3145.0 3761.0 3125.0 3761.0 small-vehicle 1
3101.0 3750.0 3122.0 3750.0 3122.0 3760.0 3101.0 3760.0 small-vehicle 1
3504.0 3656.0 3528.0 3656.0 3528.0 3668.0 3504.0 3668.0 small-vehicle 0
4116.0 3365.0 4127.0 3365.0 4127.0 3388.0 4116.0 3388.0 small-vehicle 0
4107.0 3367.0 4114.0 3367.0 4114.0 3387.0 4107.0 3387.0 small-vehicle 0
4141.0 3368.0 4150.0 3368.0 4150.0 3389.0 4141.0 3389.0 small-vehicle 0
4282.0 3369.0 4292.0 3369.0 4292.0 3390.0 4282.0 3390.0 small-vehicle 0
4327.0 3372.0 4337.0 3372.0 4337.0 3396.0 4327.0 3396.0 small-vehicle 0
4366.0 3297.0 4376.0 3297.0 4376.0 3318.0 4366.0 3318.0 small-vehicle 0
4417.0 3437.0 4426.0 3437.0 4426.0 3460.0 4417.0 3460.0 small-vehicle 0
4428.0 3437.0 4439.0 3437.0 4439.0 3462.0 4428.0 3462.0 small-vehicle 0
4405.0 3438.0 4415.0 3438.0 4415.0 3462.0 4405.0 3462.0 small-vehicle 0
4358.0 3373.0 4370.0 3373.0 4370.0 3397.0 4358.0 3397.0 small-vehicle 1
4351.0 3299.0 4361.0 3299.0 4361.0 3319.0 4351.0 3319.0 small-vehicle 1
4341.0 3298.0 4348.0 3298.0 4348.0 3317.0 4341.0 3317.0 small-vehicle 1
4259.0 3370.0 4268.0 3370.0 4268.0 3391.0 4259.0 3391.0 small-vehicle 1
4258.0 3432.0 4270.0 3432.0 4270.0 3456.0 4258.0 3456.0 small-vehicle 1
4247.0 3432.0 4257.0 3432.0 4257.0 3455.0 4247.0 3455.0 small-vehicle 1
4154.0 3430.0 4164.0 3430.0 4164.0 3454.0 4154.0 3454.0 small-vehicle 1
4125.0 3429.0 4136.0 3429.0 4136.0 3453.0 4125.0 3453.0 small-vehicle 1
4092.0 3430.0 4102.0 3430.0 4102.0 3455.0 4092.0 3455.0 small-vehicle 1
4307.0 3294.0 4316.0 3294.0 4316.0 3316.0 4307.0 3316.0 small-vehicle 0
4284.0 3294.0 4293.0 3294.0 4293.0 3316.0 4284.0 3316.0 small-vehicle 0
4270.0 3293.0 4282.0 3293.0 4282.0 3321.0 4270.0 3321.0 small-vehicle 0
4261.0 3292.0 4272.0 3292.0 4272.0 3313.0 4261.0 3313.0 small-vehicle 0
4026.0 3194.0 4045.0 3194.0 4045.0 3217.0 4026.0 3217.0 small-vehicle 0
4082.0 3364.0 4093.0 3364.0 4093.0 3385.0 4082.0 3385.0 small-vehicle 0
3429.0 3544.0 3439.0 3544.0 3439.0 3564.0 3429.0 3564.0 small-vehicle 0
2988.0 3787.0 3010.0 3787.0 3010.0 3799.0 2988.0 3799.0 small-vehicle 1
3479.0 3551.0 3489.0 3551.0 3489.0 3572.0 3479.0 3572.0 small-vehicle 0
2981.0 3879.0 3002.0 3879.0 3002.0 3890.0 2981.0 3890.0 small-vehicle 1
3383.0 3987.0 3393.0 3987.0 3393.0 4009.0 3383.0 4009.0 small-vehicle 0
3321.0 3820.0 3340.0 3820.0 3340.0 3831.0 3321.0 3831.0 small-vehicle 0
3316.0 3873.0 3336.0 3873.0 3336.0 3883.0 3316.0 3883.0 small-vehicle 1
3411.0 3719.0 3435.0 3719.0 3435.0 3731.0 3411.0 3731.0 small-vehicle 1
3451.0 3721.0 3473.0 3721.0 3473.0 3734.0 3451.0 3734.0 small-vehicle 0
3581.0 3728.0 3603.0 3728.0 3603.0 3740.0 3581.0 3740.0 small-vehicle 0
3692.0 3734.0 3715.0 3734.0 3715.0 3745.0 3692.0 3745.0 small-vehicle 0
3718.0 3735.0 3741.0 3735.0 3741.0 3748.0 3718.0 3748.0 small-vehicle 0
3544.0 3774.0 3554.0 3774.0 3554.0 3794.0 3544.0 3794.0 small-vehicle 0
3569.0 3771.0 3586.0 3771.0 3586.0 3798.0 3569.0 3798.0 small-vehicle 0
3594.0 3821.0 3603.0 3821.0 3603.0 3844.0 3594.0 3844.0 small-vehicle 0
3593.0 3850.0 3604.0 3850.0 3604.0 3875.0 3593.0 3875.0 small-vehicle 0
3700.0 3818.0 3710.0 3818.0 3710.0 3841.0 3700.0 3841.0 small-vehicle 0
3807.0 3799.0 3818.0 3799.0 3818.0 3824.0 3807.0 3824.0 large-vehicle 0
3836.0 3787.0 3846.0 3787.0 3846.0 3807.0 3836.0 3807.0 small-vehicle 0
3845.0 3787.0 3858.0 3787.0 3858.0 3810.0 3845.0 3810.0 small-vehicle 0
3871.0 3791.0 3883.0 3791.0 3883.0 3810.0 3871.0 3810.0 small-vehicle 1
3595.0 4058.0 3618.0 4058.0 3618.0 4070.0 3595.0 4070.0 small-vehicle 0
3844.0 3587.0 3868.0 3587.0 3868.0 3614.0 3844.0 3614.0 small-vehicle 0
3541.0 3554.0 3552.0 3554.0 3552.0 3576.0 3541.0 3576.0 small-vehicle 0
3563.0 3554.0 3573.0 3554.0 3573.0 3576.0 3563.0 3576.0 small-vehicle 0
3526.0 3554.0 3536.0 3554.0 3536.0 3576.0 3526.0 3576.0 small-vehicle 0
1349.0 3415.0 1365.0 3415.0 1365.0 3438.0 1349.0 3438.0 small-vehicle 1
1329.0 3426.0 1346.0 3426.0 1346.0 3448.0 1329.0 3448.0 small-vehicle 1
1134.0 3480.0 1146.0 3480.0 1146.0 3504.0 1134.0 3504.0 small-vehicle 1
531.0 2411.0 725.0 2411.0 725.0 2447.0 531.0 2447.0 harbor 0
150.0 95.0 170.0 95.0 170.0 118.0 150.0 118.0 small-vehicle 1
381.0 220.0 405.0 220.0 405.0 241.0 381.0 241.0 small-vehicle 1
617.0 332.0 638.0 332.0 638.0 354.0 617.0 354.0 small-vehicle 0
288.0 478.0 311.0 478.0 311.0 491.0 288.0 491.0 small-vehicle 0
371.0 580.0 389.0 580.0 389.0 604.0 371.0 604.0 small-vehicle 0
359.0 587.0 375.0 587.0 375.0 610.0 359.0 610.0 small-vehicle 0
456.0 632.0 478.0 632.0 478.0 654.0 456.0 654.0 small-vehicle 0
448.0 642.0 466.0 642.0 466.0 662.0 448.0 662.0 small-vehicle 0
427.0 659.0 446.0 659.0 446.0 681.0 427.0 681.0 small-vehicle 0
393.0 642.0 419.0 642.0 419.0 667.0 393.0 667.0 small-vehicle 0
431.0 614.0 453.0 614.0 453.0 637.0 431.0 637.0 small-vehicle 0
409.0 633.0 431.0 633.0 431.0 655.0 409.0 655.0 small-vehicle 0
404.0 680.0 426.0 680.0 426.0 701.0 404.0 701.0 small-vehicle 0
303.0 692.0 326.0 692.0 326.0 708.0 303.0 708.0 small-vehicle 0
308.0 715.0 333.0 715.0 333.0 727.0 308.0 727.0 small-vehicle 0
455.0 598.0 474.0 598.0 474.0 619.0 455.0 619.0 small-vehicle 0
471.0 622.0 492.0 622.0 492.0 646.0 471.0 646.0 small-vehicle 0
461.0 586.0 482.0 586.0 482.0 609.0 461.0 609.0 small-vehicle 0
382.0 657.0 407.0 657.0 407.0 682.0 382.0 682.0 small-vehicle 0
287.0 531.0 310.0 531.0 310.0 543.0 287.0 543.0 small-vehicle 1
286.0 560.0 306.0 560.0 306.0 570.0 286.0 570.0 small-vehicle 1
289.0 573.0 308.0 573.0 308.0 582.0 289.0 582.0 small-vehicle 1
316.0 536.0 328.0 536.0 328.0 557.0 316.0 557.0 small-vehicle 1
138.0 56.0 157.0 56.0 157.0 80.0 138.0 80.0 small-vehicle 1
476.0 2678.0 592.0 2678.0 592.0 2730.0 476.0 2730.0 harbor 0
344.0 591.0 361.0 591.0 361.0 616.0 344.0 616.0 small-vehicle 1
490.0 2728.0 576.0 2728.0 576.0 2770.0 490.0 2770.0 harbor 0
1018.0 1197.0 1045.0 1197.0 1045.0 1291.0 1018.0 1291.0 harbor 0
1122.0 1192.0 1171.0 1192.0 1171.0 1366.0 1122.0 1366.0 harbor 0
1234.0 1125.0 1270.0 1125.0 1270.0 1195.0 1234.0 1195.0 harbor 0
1435.0 980.0 1465.0 980.0 1465.0 1029.0 1435.0 1029.0 harbor 0
1695.0 779.0 1709.0 779.0 1709.0 827.0 1695.0 827.0 harbor 0
1750.0 732.0 1787.0 732.0 1787.0 777.0 1750.0 777.0 harbor 0
1815.0 647.0 1863.0 647.0 1863.0 717.0 1815.0 717.0 harbor 0
1964.0 467.0 1995.0 467.0 1995.0 539.0 1964.0 539.0 harbor 0
2057.0 387.0 2086.0 387.0 2086.0 464.0 2057.0 464.0 harbor 0
2156.0 356.0 2169.0 356.0 2169.0 429.0 2156.0 429.0 harbor 0
2318.0 364.0 2332.0 364.0 2332.0 430.0 2318.0 430.0 harbor 0
2481.0 326.0 2497.0 326.0 2497.0 422.0 2481.0 422.0 harbor 0
3288.0 458.0 3313.0 458.0 3313.0 542.0 3288.0 542.0 harbor 0
3569.0 1757.0 3636.0 1757.0 3636.0 1840.0 3569.0 1840.0 harbor 0
2327.0 3292.0 2529.0 3292.0 2529.0 3403.0 2327.0 3403.0 harbor 0
2344.0 3499.0 2419.0 3499.0 2419.0 3551.0 2344.0 3551.0 harbor 0
766.0 2919.0 884.0 2919.0 884.0 3014.0 766.0 3014.0 harbor 0
971.0 3135.0 1024.0 3135.0 1024.0 3194.0 971.0 3194.0 harbor 0
1110.0 3236.0 1155.0 3236.0 1155.0 3280.0 1110.0 3280.0 harbor 0
857.0 3037.0 921.0 3037.0 921.0 3087.0 857.0 3087.0 harbor 0
640.0 2782.0 788.0 2782.0 788.0 2913.0 640.0 2913.0 harbor 0
597.0 2784.0 722.0 2784.0 722.0 2880.0 597.0 2880.0 harbor 0
543.0 2771.0 626.0 2771.0 626.0 2837.0 543.0 2837.0 harbor 0
350.0 547.0 376.0 547.0 376.0 574.0 350.0 574.0 small-vehicle 1
493.0 559.0 516.0 559.0 516.0 587.0 493.0 587.0 small-vehicle 1
1145.0 3478.0 1155.0 3478.0 1155.0 3505.0 1145.0 3505.0 small-vehicle 1
389.0 3710.0 409.0 3710.0 409.0 3734.0 389.0 3734.0 small-vehicle 0
710.0 3815.0 731.0 3815.0 731.0 3837.0 710.0 3837.0 small-vehicle 0
1254.0 3926.0 1277.0 3926.0 1277.0 3942.0 1254.0 3942.0 small-vehicle 0
1254.0 3938.0 1277.0 3938.0 1277.0 3954.0 1254.0 3954.0 small-vehicle 0
1436.0 3929.0 1460.0 3929.0 1460.0 3940.0 1436.0 3940.0 small-vehicle 0
1436.0 3917.0 1457.0 3917.0 1457.0 3927.0 1436.0 3927.0 small-vehicle 0
1231.0 3791.0 1257.0 3791.0 1257.0 3807.0 1231.0 3807.0 small-vehicle 0
1376.0 3829.0 1401.0 3829.0 1401.0 3841.0 1376.0 3841.0 small-vehicle 0
1441.0 3782.0 1462.0 3782.0 1462.0 3791.0 1441.0 3791.0 small-vehicle 0
1437.0 3856.0 1460.0 3856.0 1460.0 3866.0 1437.0 3866.0 small-vehicle 1
1439.0 3846.0 1461.0 3846.0 1461.0 3856.0 1439.0 3856.0 small-vehicle 1
1437.0 3835.0 1458.0 3835.0 1458.0 3845.0 1437.0 3845.0 small-vehicle 1
1440.0 3804.0 1461.0 3804.0 1461.0 3816.0 1440.0 3816.0 small-vehicle 1
1235.0 3778.0 1261.0 3778.0 1261.0 3796.0 1235.0 3796.0 small-vehicle 1
1439.0 3756.0 1459.0 3756.0 1459.0 3768.0 1439.0 3768.0 small-vehicle 1
1223.0 3703.0 1245.0 3703.0 1245.0 3720.0 1223.0 3720.0 small-vehicle 1
1150.0 3660.0 1172.0 3660.0 1172.0 3674.0 1150.0 3674.0 small-vehicle 0
1202.0 3612.0 1223.0 3612.0 1223.0 3626.0 1202.0 3626.0 small-vehicle 0
1199.0 3598.0 1222.0 3598.0 1222.0 3614.0 1199.0 3614.0 small-vehicle 0
1192.0 3579.0 1213.0 3579.0 1213.0 3594.0 1192.0 3594.0 small-vehicle 0
1240.0 3469.0 1260.0 3469.0 1260.0 3496.0 1240.0 3496.0 small-vehicle 0
1439.0 3566.0 1461.0 3566.0 1461.0 3576.0 1439.0 3576.0 small-vehicle 0
1347.0 3597.0 1364.0 3597.0 1364.0 3621.0 1347.0 3621.0 small-vehicle 0
1157.0 3480.0 1167.0 3480.0 1167.0 3503.0 1157.0 3503.0 small-vehicle 0
677.0 3686.0 698.0 3686.0 698.0 3697.0 677.0 3697.0 small-vehicle 0
358.0 3638.0 380.0 3638.0 380.0 3649.0 358.0 3649.0 small-vehicle 0
515.0 590.0 534.0 590.0 534.0 612.0 515.0 612.0 small-vehicle 1
797.0 3628.0 818.0 3628.0 818.0 3639.0 797.0 3639.0 small-vehicle 0
503.0 597.0 523.0 597.0 523.0 620.0 503.0 620.0 small-vehicle 1
491.0 605.0 511.0 605.0 511.0 626.0 491.0 626.0 small-vehicle 1
479.0 615.0 501.0 615.0 501.0 638.0 479.0 638.0 small-vehicle 1
437.0 648.0 456.0 648.0 456.0 670.0 437.0 670.0 small-vehicle 1
421.0 626.0 441.0 626.0 441.0 645.0 421.0 645.0 small-vehicle 1
376.0 668.0 398.0 668.0 398.0 690.0 376.0 690.0 small-vehicle 1
94.0 2753.0 102.0 2753.0 102.0 2776.0 94.0 2776.0 small-vehicle 1
216.0 2763.0 230.0 2763.0 230.0 2786.0 216.0 2786.0 small-vehicle 1
316.0 2813.0 336.0 2813.0 336.0 2827.0 316.0 2827.0 small-vehicle 1
320.0 2827.0 344.0 2827.0 344.0 2842.0 320.0 2842.0 small-vehicle 1
216.0 3147.0 228.0 3147.0 228.0 3172.0 216.0 3172.0 small-vehicle 1
233.0 3144.0 242.0 3144.0 242.0 3164.0 233.0 3164.0 small-vehicle 1
482.0 3015.0 506.0 3015.0 506.0 3036.0 482.0 3036.0 small-vehicle 0
566.0 3066.0 594.0 3066.0 594.0 3091.0 566.0 3091.0 small-vehicle 0
610.0 3143.0 636.0 3143.0 636.0 3164.0 610.0 3164.0 small-vehicle 0
665.0 3201.0 688.0 3201.0 688.0 3222.0 665.0 3222.0 small-vehicle 0
672.0 3212.0 693.0 3212.0 693.0 3232.0 672.0 3232.0 small-vehicle 1
682.0 3219.0 704.0 3219.0 704.0 3240.0 682.0 3240.0 small-vehicle 1
337.0 3275.0 350.0 3275.0 350.0 3301.0 337.0 3301.0 small-vehicle 0
371.0 3329.0 383.0 3329.0 383.0 3351.0 371.0 3351.0 small-vehicle 1
307.0 3294.0 316.0 3294.0 316.0 3314.0 307.0 3314.0 small-vehicle 0
616.0 3305.0 639.0 3305.0 639.0 3319.0 616.0 3319.0 small-vehicle 0
769.0 3557.0 782.0 3557.0 782.0 3581.0 769.0 3581.0 small-vehicle 0
4016.0 3188.0 4033.0 3188.0 4033.0 3210.0 4016.0 3210.0 small-vehicle 0
3861.0 3152.0 3884.0 3152.0 3884.0 3172.0 3861.0 3172.0 small-vehicle 0
4308.0 2781.0 4327.0 2781.0 4327.0 2801.0 4308.0 2801.0 small-vehicle 1
2649.0 125.0 2660.0 125.0 2660.0 145.0 2649.0 145.0 small-vehicle 0
3089.0 335.0 3117.0 335.0 3117.0 356.0 3089.0 356.0 small-vehicle 1
3098.0 298.0 3120.0 298.0 3120.0 315.0 3098.0 315.0 small-vehicle 1
2998.0 170.0 3016.0 170.0 3016.0 190.0 2998.0 190.0 small-vehicle 1
2934.0 120.0 2954.0 120.0 2954.0 145.0 2934.0 145.0 small-vehicle 0
3001.0 219.0 3024.0 219.0 3024.0 244.0 3001.0 244.0 small-vehicle 0
2828.0 349.0 2850.0 349.0 2850.0 364.0 2828.0 364.0 small-vehicle 0
2748.0 331.0 2772.0 331.0 2772.0 349.0 2748.0 349.0 small-vehicle 0
2742.0 346.0 2770.0 346.0 2770.0 366.0 2742.0 366.0 small-vehicle 1
2744.0 296.0 2766.0 296.0 2766.0 311.0 2744.0 311.0 small-vehicle 1
2748.0 222.0 2760.0 222.0 2760.0 242.0 2748.0 242.0 small-vehicle 0
2648.0 203.0 2659.0 203.0 2659.0 223.0 2648.0 223.0 small-vehicle 0
2539.0 215.0 2566.0 215.0 2566.0 232.0 2539.0 232.0 ship 0
3817.0 3220.0 3845.0 3220.0 3845.0 3242.0 3817.0 3242.0 small-vehicle 0
2476.0 176.0 2485.0 176.0 2485.0 199.0 2476.0 199.0 small-vehicle 0
2224.0 146.0 2237.0 146.0 2237.0 169.0 2224.0 169.0 small-vehicle 1
2197.0 129.0 2209.0 129.0 2209.0 156.0 2197.0 156.0 small-vehicle 1
2169.0 192.0 2180.0 192.0 2180.0 213.0 2169.0 213.0 small-vehicle 0
2054.0 178.0 2065.0 178.0 2065.0 202.0 2054.0 202.0 small-vehicle 0
1926.0 301.0 1937.0 301.0 1937.0 325.0 1926.0 325.0 small-vehicle 0
1912.0 306.0 1922.0 306.0 1922.0 325.0 1912.0 325.0 small-vehicle 1
1743.0 393.0 1766.0 393.0 1766.0 412.0 1743.0 412.0 small-vehicle 0
1745.0 450.0 1769.0 450.0 1769.0 463.0 1745.0 463.0 large-vehicle 0
1485.0 199.0 1508.0 199.0 1508.0 215.0 1485.0 215.0 large-vehicle 0
1534.0 428.0 1556.0 428.0 1556.0 438.0 1534.0 438.0 small-vehicle 1
3392.0 352.0 3415.0 352.0 3415.0 367.0 3392.0 367.0 small-vehicle 1
3514.0 399.0 3537.0 399.0 3537.0 408.0 3514.0 408.0 small-vehicle 1
3710.0 106.0 3722.0 106.0 3722.0 129.0 3710.0 129.0 small-vehicle 0
3706.0 130.0 3719.0 130.0 3719.0 154.0 3706.0 154.0 small-vehicle 0
4348.0 1171.0 4372.0 1171.0 4372.0 1192.0 4348.0 1192.0 small-vehicle 0
4402.0 1142.0 4425.0 1142.0 4425.0 1153.0 4402.0 1153.0 small-vehicle 0
4257.0 1164.0 4275.0 1164.0 4275.0 1187.0 4257.0 1187.0 small-vehicle 0
4340.0 1248.0 4360.0 1248.0 4360.0 1257.0 4340.0 1257.0 small-vehicle 0
4403.0 1317.0 4427.0 1317.0 4427.0 1330.0 4403.0 1330.0 small-vehicle 0
4405.0 1295.0 4423.0 1295.0 4423.0 1306.0 4405.0 1306.0 small-vehicle 0
4467.0 1280.0 4476.0 1280.0 4476.0 1298.0 4467.0 1298.0 small-vehicle 0
4449.0 1340.0 4459.0 1340.0 4459.0 1362.0 4449.0 1362.0 small-vehicle 0
4294.0 1060.0 4310.0 1060.0 4310.0 1084.0 4294.0 1084.0 small-vehicle 0
4301.0 957.0 4312.0 957.0 4312.0 982.0 4301.0 982.0 small-vehicle 0
4272.0 764.0 4290.0 764.0 4290.0 790.0 4272.0 790.0 small-vehicle 0
4282.0 744.0 4299.0 744.0 4299.0 771.0 4282.0 771.0 small-vehicle 0
4487.0 883.0 4498.0 883.0 4498.0 903.0 4487.0 903.0 small-vehicle 1
4348.0 897.0 4359.0 897.0 4359.0 919.0 4348.0 919.0 small-vehicle 1
4299.0 878.0 4314.0 878.0 4314.0 900.0 4299.0 900.0 small-vehicle 1
4383.0 683.0 4403.0 683.0 4403.0 705.0 4383.0 705.0 small-vehicle 1
4521.0 526.0 4545.0 526.0 4545.0 539.0 4521.0 539.0 small-vehicle 0
4163.0 496.0 4189.0 496.0 4189.0 523.0 4163.0 523.0 small-vehicle 0
4043.0 452.0 4073.0 452.0 4073.0 470.0 4043.0 470.0 large-vehicle 0
4191.0 286.0 4216.0 286.0 4216.0 305.0 4191.0 305.0 small-vehicle 0
4321.0 119.0 4342.0 119.0 4342.0 140.0 4321.0 140.0 small-vehicle 0
4057.0 136.0 4073.0 136.0 4073.0 160.0 4057.0 160.0 small-vehicle 0
3872.0 264.0 3899.0 264.0 3899.0 277.0 3872.0 277.0 small-vehicle 0
1531.0 559.0 1549.0 559.0 1549.0 570.0 1531.0 570.0 small-vehicle 1
1531.0 546.0 1551.0 546.0 1551.0 558.0 1531.0 558.0 small-vehicle 1
1624.0 564.0 1644.0 564.0 1644.0 574.0 1624.0 574.0 small-vehicle 1
3410.0 2155.0 3432.0 2155.0 3432.0 2176.0 3410.0 2176.0 small-vehicle 0
3559.0 2239.0 3573.0 2239.0 3573.0 2261.0 3559.0 2261.0 small-vehicle 0
3482.0 2251.0 3513.0 2251.0 3513.0 2281.0 3482.0 2281.0 large-vehicle 0
3832.0 1808.0 3855.0 1808.0 3855.0 1830.0 3832.0 1830.0 small-vehicle 1
3669.0 1908.0 3689.0 1908.0 3689.0 1929.0 3669.0 1929.0 small-vehicle 1
852.0 77.0 872.0 77.0 872.0 90.0 852.0 90.0 small-vehicle 1
903.0 61.0 928.0 61.0 928.0 72.0 903.0 72.0 small-vehicle 1
262.0 870.0 273.0 870.0 273.0 893.0 262.0 893.0 small-vehicle 1
196.0 1122.0 212.0 1122.0 212.0 1145.0 196.0 1145.0 small-vehicle 1
3256.0 3538.0 3266.0 3538.0 3266.0 3559.0 3256.0 3559.0 small-vehicle 0
2558.0 337.0 2588.0 337.0 2588.0 455.0 2558.0 455.0 harbor 0
2689.0 419.0 2702.0 419.0 2702.0 456.0 2689.0 456.0 harbor 0
2372.0 344.0 2401.0 344.0 2401.0 369.0 2372.0 369.0 harbor 0
1912.0 535.0 1939.0 535.0 1939.0 573.0 1912.0 573.0 harbor 0
903.0 3115.0 942.0 3115.0 942.0 3160.0 903.0 3160.0 harbor 0
2947.0 2430.0 3075.0 2430.0 3075.0 2560.0 2947.0 2560.0 harbor 0
2416.0 313.0 2426.0 313.0 2426.0 332.0 2416.0 332.0 ship 0
2408.0 313.0 2415.0 313.0 2415.0 329.0 2408.0 329.0 ship 0
1625.0 817.0 1637.0 817.0 1637.0 833.0 1625.0 833.0 ship 1
778.0 3028.0 794.0 3028.0 794.0 3043.0 778.0 3043.0 ship 0
4110.0 1773.0 4121.0 1773.0 4121.0 1799.0 4110.0 1799.0 small-vehicle 1
4090.0 1773.0 4100.0 1773.0 4100.0 1795.0 4090.0 1795.0 small-vehicle 1
4077.0 1772.0 4088.0 1772.0 4088.0 1792.0 4077.0 1792.0 small-vehicle 1
4058.0 1767.0 4069.0 1767.0 4069.0 1794.0 4058.0 1794.0 small-vehicle 1
3501.0 2244.0 3522.0 2244.0 3522.0 2269.0 3501.0 2269.0 small-vehicle 0
3065.0 2705.0 3084.0 2705.0 3084.0 2725.0 3065.0 2725.0 small-vehicle 1
1553.0 592.0 1563.0 592.0 1563.0 615.0 1553.0 615.0 small-vehicle 0
2995.0 2729.0 3011.0 2729.0 3011.0 2749.0 2995.0 2749.0 small-vehicle 1
1549.0 645.0 1562.0 645.0 1562.0 675.0 1549.0 675.0 small-vehicle 0
1499.0 762.0 1522.0 762.0 1522.0 773.0 1499.0 773.0 small-vehicle 0
1524.0 695.0 1554.0 695.0 1554.0 710.0 1524.0 710.0 ship 0
1240.0 419.0 1265.0 419.0 1265.0 429.0 1240.0 429.0 small-vehicle 0
1241.0 439.0 1261.0 439.0 1261.0 449.0 1241.0 449.0 small-vehicle 1
1240.0 452.0 1260.0 452.0 1260.0 461.0 1240.0 461.0 small-vehicle 1
1176.0 825.0 1200.0 825.0 1200.0 837.0 1176.0 837.0 large-vehicle 0
1287.0 191.0 1300.0 191.0 1300.0 219.0 1287.0 219.0 small-vehicle 0
1506.0 147.0 1525.0 147.0 1525.0 172.0 1506.0 172.0 small-vehicle 0
1413.0 154.0 1436.0 154.0 1436.0 167.0 1413.0 167.0 small-vehicle 0
1413.0 171.0 1439.0 171.0 1439.0 185.0 1413.0 185.0 small-vehicle 0
1240.0 343.0 1262.0 343.0 1262.0 356.0 1240.0 356.0 small-vehicle 0
1411.0 928.0 1420.0 928.0 1420.0 951.0 1411.0 951.0 small-vehicle 0
847.0 66.0 873.0 66.0 873.0 79.0 847.0 79.0 small-vehicle 0
900.0 40.0 926.0 40.0 926.0 57.0 900.0 57.0 small-vehicle 0
490.0 3886.0 513.0 3886.0 513.0 3905.0 490.0 3905.0 small-vehicle 0
2748.0 3325.0 2774.0 3325.0 2774.0 3337.0 2748.0 3337.0 large-vehicle 0
2637.0 3263.0 2657.0 3263.0 2657.0 3288.0 2637.0 3288.0 large-vehicle 0
2675.0 3076.0 2708.0 3076.0 2708.0 3093.0 2675.0 3093.0 large-vehicle 0
2698.0 3118.0 2720.0 3118.0 2720.0 3129.0 2698.0 3129.0 small-vehicle 0
2773.0 3089.0 2795.0 3089.0 2795.0 3100.0 2773.0 3100.0 small-vehicle 0
2849.0 3424.0 2861.0 3424.0 2861.0 3446.0 2849.0 3446.0 small-vehicle 0
2958.0 3077.0 2968.0 3077.0 2968.0 3095.0 2958.0 3095.0 small-vehicle 1
4334.0 1191.0 4357.0 1191.0 4357.0 1206.0 4334.0 1206.0 small-vehicle 0
4440.0 1245.0 4452.0 1245.0 4452.0 1268.0 4440.0 1268.0 small-vehicle 0
4479.0 1252.0 4489.0 1252.0 4489.0 1273.0 4479.0 1273.0 small-vehicle 0
3255.0 2943.0 3274.0 2943.0 3274.0 2962.0 3255.0 2962.0 small-vehicle 0
3340.0 2938.0 3362.0 2938.0 3362.0 2961.0 3340.0 2961.0 small-vehicle 1
3232.0 2965.0 3255.0 2965.0 3255.0 2987.0 3232.0 2987.0 small-vehicle 1
3561.0 2868.0 3577.0 2868.0 3577.0 2888.0 3561.0 2888.0 small-vehicle 1
3275.0 2914.0 3299.0 2914.0 3299.0 2937.0 3275.0 2937.0 small-vehicle 1
3388.0 2765.0 3409.0 2765.0 3409.0 2788.0 3388.0 2788.0 small-vehicle 0
3344.0 2732.0 3364.0 2732.0 3364.0 2756.0 3344.0 2756.0 small-vehicle 0
3336.0 2724.0 3354.0 2724.0 3354.0 2747.0 3336.0 2747.0 small-vehicle 0
3328.0 2640.0 3348.0 2640.0 3348.0 2664.0 3328.0 2664.0 small-vehicle 0
3237.0 2841.0 3257.0 2841.0 3257.0 2865.0 3237.0 2865.0 small-vehicle 0
3227.0 2835.0 3247.0 2835.0 3247.0 2858.0 3227.0 2858.0 small-vehicle 0
3218.0 2829.0 3238.0 2829.0 3238.0 2853.0 3218.0 2853.0 small-vehicle 1
3300.0 2654.0 3324.0 2654.0 3324.0 2677.0 3300.0 2677.0 small-vehicle 1
3397.0 2768.0 3420.0 2768.0 3420.0 2792.0 3397.0 2792.0 small-vehicle 1
3342.0 3198.0 3364.0 3198.0 3364.0 3220.0 3342.0 3220.0 small-vehicle 1
3292.0 3341.0 3313.0 3341.0 3313.0 3363.0 3292.0 3363.0 small-vehicle 0
3515.0 3403.0 3538.0 3403.0 3538.0 3423.0 3515.0 3423.0 small-vehicle 0
3604.0 2593.0 3622.0 2593.0 3622.0 2610.0 3604.0 2610.0 small-vehicle 0
3572.0 2575.0 3594.0 2575.0 3594.0 2595.0 3572.0 2595.0 small-vehicle 0
3543.0 2555.0 3567.0 2555.0 3567.0 2578.0 3543.0 2578.0 small-vehicle 0
3518.0 2539.0 3540.0 2539.0 3540.0 2560.0 3518.0 2560.0 small-vehicle 0
3501.0 2484.0 3519.0 2484.0 3519.0 2506.0 3501.0 2506.0 small-vehicle 0
3516.0 2457.0 3535.0 2457.0 3535.0 2479.0 3516.0 2479.0 small-vehicle 0
3532.0 2434.0 3552.0 2434.0 3552.0 2456.0 3532.0 2456.0 small-vehicle 1
3317.0 2961.0 3343.0 2961.0 3343.0 2988.0 3317.0 2988.0 small-vehicle 1
3284.0 2908.0 3305.0 2908.0 3305.0 2929.0 3284.0 2929.0 small-vehicle 0
3562.0 2392.0 3580.0 2392.0 3580.0 2415.0 3562.0 2415.0 small-vehicle 1
3289.0 2998.0 3312.0 2998.0 3312.0 3020.0 3289.0 3020.0 small-vehicle 0
3800.0 3247.0 3825.0 3247.0 3825.0 3267.0 3800.0 3267.0 small-vehicle 0
3707.0 3217.0 3729.0 3217.0 3729.0 3238.0 3707.0 3238.0 small-vehicle 0
3717.0 3301.0 3739.0 3301.0 3739.0 3328.0 3717.0 3328.0 small-vehicle 0
3706.0 3297.0 3727.0 3297.0 3727.0 3321.0 3706.0 3321.0 small-vehicle 0
3841.0 3306.0 3863.0 3306.0 3863.0 3326.0 3841.0 3326.0 small-vehicle 0
3615.0 3060.0 3635.0 3060.0 3635.0 3082.0 3615.0 3082.0 small-vehicle 0
3581.0 3036.0 3599.0 3036.0 3599.0 3058.0 3581.0 3058.0 small-vehicle 0
3851.0 3288.0 3872.0 3288.0 3872.0 3305.0 3851.0 3305.0 small-vehicle 1
3777.0 3221.0 3804.0 3221.0 3804.0 3240.0 3777.0 3240.0 small-vehicle 1
3773.0 3231.0 3798.0 3231.0 3798.0 3251.0 3773.0 3251.0 small-vehicle 1
3803.0 3236.0 3825.0 3236.0 3825.0 3255.0 3803.0 3255.0 small-vehicle 1
3946.0 3099.0 3961.0 3099.0 3961.0 3117.0 3946.0 3117.0 small-vehicle 1
3906.0 3075.0 3926.0 3075.0 3926.0 3095.0 3906.0 3095.0 small-vehicle 1
3859.0 3053.0 3876.0 3053.0 3876.0 3075.0 3859.0 3075.0 small-vehicle 1
3681.0 3024.0 3701.0 3024.0 3701.0 3045.0 3681.0 3045.0 small-vehicle 1
3663.0 3011.0 3682.0 3011.0 3682.0 3032.0 3663.0 3032.0 small-vehicle 1
3662.0 2982.0 3684.0 2982.0 3684.0 3005.0 3662.0 3005.0 small-vehicle 1
3645.0 2970.0 3665.0 2970.0 3665.0 2991.0 3645.0 2991.0 small-vehicle 1
3619.0 2953.0 3637.0 2953.0 3637.0 2975.0 3619.0 2975.0 small-vehicle 1
3629.0 2898.0 3647.0 2898.0 3647.0 2924.0 3629.0 2924.0 large-vehicle 0
3381.0 2897.0 3403.0 2897.0 3403.0 2919.0 3381.0 2919.0 small-vehicle 1
3356.0 2922.0 3379.0 2922.0 3379.0 2946.0 3356.0 2946.0 small-vehicle 0
3329.0 2959.0 3352.0 2959.0 3352.0 2981.0 3329.0 2981.0 small-vehicle 0
3549.0 2411.0 3567.0 2411.0 3567.0 2435.0 3549.0 2435.0 small-vehicle 1
4027.0 2930.0 4051.0 2930.0 4051.0 2952.0 4027.0 2952.0 small-vehicle 0
4476.0 1282.0 4489.0 1282.0 4489.0 1302.0 4476.0 1302.0 small-vehicle 0
4191.0 2346.0 4204.0 2346.0 4204.0 2370.0 4191.0 2370.0 small-vehicle 0
4108.0 1860.0 4130.0 1860.0 4130.0 1871.0 4108.0 1871.0 small-vehicle 1
4048.0 1841.0 4072.0 1841.0 4072.0 1854.0 4048.0 1854.0 small-vehicle 1
4133.0 1776.0 4142.0 1776.0 4142.0 1797.0 4133.0 1797.0 small-vehicle 1
4038.0 1767.0 4047.0 1767.0 4047.0 1784.0 4038.0 1784.0 small-vehicle 1
3973.0 1859.0 3995.0 1859.0 3995.0 1871.0 3973.0 1871.0 small-vehicle 0
3992.0 1779.0 4012.0 1779.0 4012.0 1797.0 3992.0 1797.0 small-vehicle 0
3935.0 1723.0 3958.0 1723.0 3958.0 1746.0 3935.0 1746.0 small-vehicle 0
3902.0 1737.0 3923.0 1737.0 3923.0 1759.0 3902.0 1759.0 small-vehicle 0
3930.0 1685.0 3952.0 1685.0 3952.0 1708.0 3930.0 1708.0 small-vehicle 0
3926.0 1665.0 3947.0 1665.0 3947.0 1686.0 3926.0 1686.0 small-vehicle 0
4018.0 1626.0 4038.0 1626.0 4038.0 1650.0 4018.0 1650.0 small-vehicle 0
3989.0 1612.0 4009.0 1612.0 4009.0 1634.0 3989.0 1634.0 large-vehicle 0
4100.0 1484.0 4119.0 1484.0 4119.0 1507.0 4100.0 1507.0 small-vehicle 1
4105.0 1447.0 4127.0 1447.0 4127.0 1474.0 4105.0 1474.0 small-vehicle 0
4170.0 1383.0 4191.0 1383.0 4191.0 1407.0 4170.0 1407.0 small-vehicle 0
4149.0 1363.0 4167.0 1363.0 4167.0 1384.0 4149.0 1384.0 small-vehicle 1
4321.0 1133.0 4338.0 1133.0 4338.0 1157.0 4321.0 1157.0 small-vehicle 1
4385.0 1193.0 4407.0 1193.0 4407.0 1214.0 4385.0 1214.0 small-vehicle 1
4513.0 1253.0 4524.0 1253.0 4524.0 1273.0 4513.0 1273.0 small-vehicle 1
4469.0 1347.0 4479.0 1347.0 4479.0 1366.0 4469.0 1366.0 small-vehicle 1
4437.0 1341.0 4447.0 1341.0 4447.0 1364.0 4437.0 1364.0 small-vehicle 1
4403.0 1282.0 4425.0 1282.0 4425.0 1293.0 4403.0 1293.0 small-vehicle 1
4502.0 1280.0 4512.0 1280.0 4512.0 1301.0 4502.0 1301.0 small-vehicle 0
4342.0 2312.0 4369.0 2312.0 4369.0 2329.0 4342.0 2329.0 small-vehicle 1
4376.0 2318.0 4398.0 2318.0 4398.0 2329.0 4376.0 2329.0 small-vehicle 0
3977.0 2899.0 3997.0 2899.0 3997.0 2923.0 3977.0 2923.0 small-vehicle 0
4304.0 2302.0 4320.0 2302.0 4320.0 2327.0 4304.0 2327.0 small-vehicle 0
3968.0 2896.0 3987.0 2896.0 3987.0 2919.0 3968.0 2919.0 small-vehicle 1
4147.0 2896.0 4165.0 2896.0 4165.0 2916.0 4147.0 2916.0 small-vehicle 0
4077.0 2839.0 4094.0 2839.0 4094.0 2861.0 4077.0 2861.0 small-vehicle 0
4167.0 2954.0 4193.0 2954.0 4193.0 2975.0 4167.0 2975.0 small-vehicle 0
4192.0 2969.0 4215.0 2969.0 4215.0 2991.0 4192.0 2991.0 small-vehicle 0
4263.0 3016.0 4291.0 3016.0 4291.0 3037.0 4263.0 3037.0 small-vehicle 0
4362.0 3011.0 4387.0 3011.0 4387.0 3030.0 4362.0 3030.0 small-vehicle 0
4371.0 3001.0 4392.0 3001.0 4392.0 3020.0 4371.0 3020.0 small-vehicle 0
4395.0 2962.0 4416.0 2962.0 4416.0 2982.0 4395.0 2982.0 small-vehicle 1
4402.0 2954.0 4422.0 2954.0 4422.0 2971.0 4402.0 2971.0 small-vehicle 1
4409.0 2943.0 4431.0 2943.0 4431.0 2963.0 4409.0 2963.0 small-vehicle 1
4451.0 2986.0 4472.0 2986.0 4472.0 3003.0 4451.0 3003.0 small-vehicle 1
4455.0 2974.0 4478.0 2974.0 4478.0 2992.0 4455.0 2992.0 small-vehicle 1
4462.0 2965.0 4484.0 2965.0 4484.0 2983.0 4462.0 2983.0 small-vehicle 1
4357.0 2817.0 4377.0 2817.0 4377.0 2840.0 4357.0 2840.0 small-vehicle 0
4325.0 2797.0 4344.0 2797.0 4344.0 2820.0 4325.0 2820.0 small-vehicle 0
4392.0 2763.0 4409.0 2763.0 4409.0 2787.0 4392.0 2787.0 small-vehicle 0
4370.0 2750.0 4391.0 2750.0 4391.0 2775.0 4370.0 2775.0 small-vehicle 0
4300.0 2704.0 4320.0 2704.0 4320.0 2729.0 4300.0 2729.0 small-vehicle 0
4277.0 2692.0 4295.0 2692.0 4295.0 2715.0 4277.0 2715.0 small-vehicle 1
4265.0 2756.0 4284.0 2756.0 4284.0 2779.0 4265.0 2779.0 small-vehicle 1
4254.0 2747.0 4276.0 2747.0 4276.0 2771.0 4254.0 2771.0 small-vehicle 1
4235.0 2740.0 4254.0 2740.0 4254.0 2761.0 4235.0 2761.0 small-vehicle 0
904.0 1245.0 976.0 1245.0 976.0 1372.0 904.0 1372.0 harbor 0
