imagesource:GoogleEarth
gsd:0.231095748744
2803.0 1647.0 2820.0 1647.0 2820.0 1656.0 2803.0 1656.0 ship 0
2241.0 84.0 2266.0 84.0 2266.0 96.0 2241.0 96.0 small-vehicle 0
2327.0 76.0 2352.0 76.0 2352.0 87.0 2327.0 87.0 small-vehicle 0
2384.0 112.0 2409.0 112.0 2409.0 126.0 2384.0 126.0 small-vehicle 0
2385.0 78.0 2406.0 78.0 2406.0 88.0 2385.0 88.0 small-vehicle 0
1426.0 682.0 1449.0 682.0 1449.0 692.0 1426.0 692.0 small-vehicle 0
1533.0 1203.0 1542.0 1203.0 1542.0 1223.0 1533.0 1223.0 small-vehicle 0
1521.0 1207.0 1531.0 1207.0 1531.0 1229.0 1521.0 1229.0 small-vehicle 0
1531.0 1226.0 1542.0 1226.0 1542.0 1246.0 1531.0 1246.0 small-vehicle 0
1406.0 1603.0 1425.0 1603.0 1425.0 1625.0 1406.0 1625.0 small-vehicle 1
1466.0 1484.0 1478.0 1484.0 1478.0 1509.0 1466.0 1509.0 small-vehicle 0
1587.0 1311.0 1609.0 1311.0 1609.0 1325.0 1587.0 1325.0 small-vehicle 0
1392.0 1250.0 1417.0 1250.0 1417.0 1263.0 1392.0 1263.0 small-vehicle 0
1376.0 967.0 1396.0 967.0 1396.0 995.0 1376.0 995.0 small-vehicle 0
1716.0 998.0 1727.0 998.0 1727.0 1018.0 1716.0 1018.0 small-vehicle 0
1681.0 976.0 1705.0 976.0 1705.0 988.0 1681.0 988.0 small-vehicle 0
1596.0 852.0 1621.0 852.0 1621.0 864.0 1596.0 864.0 small-vehicle 0
1673.0 833.0 1695.0 833.0 1695.0 846.0 1673.0 846.0 small-vehicle 0
1417.0 769.0 1442.0 769.0 1442.0 780.0 1417.0 780.0 small-vehicle 0
1417.0 280.0 1431.0 280.0 1431.0 312.0 1417.0 312.0 large-vehicle 0
1421.0 533.0 1445.0 533.0 1445.0 545.0 1421.0 545.0 small-vehicle 0
1370.0 430.0 1382.0 430.0 1382.0 453.0 1370.0 453.0 small-vehicle 0
1322.0 495.0 1345.0 495.0 1345.0 507.0 1322.0 507.0 small-vehicle 0
1326.0 386.0 1348.0 386.0 1348.0 397.0 1326.0 397.0 small-vehicle 0
1326.0 399.0 1349.0 399.0 1349.0 409.0 1326.0 409.0 small-vehicle 0
846.0 2201.0 856.0 2201.0 856.0 2224.0 846.0 2224.0 small-vehicle 0
861.0 2201.0 876.0 2201.0 876.0 2229.0 861.0 2229.0 large-vehicle 0
2294.0 98.0 2320.0 98.0 2320.0 107.0 2294.0 107.0 small-vehicle 0
2176.0 106.0 2187.0 106.0 2187.0 131.0 2176.0 131.0 small-vehicle 0
1219.0 2153.0 1241.0 2153.0 1241.0 2164.0 1219.0 2164.0 small-vehicle 0
2164.0 109.0 2173.0 109.0 2173.0 128.0 2164.0 128.0 small-vehicle 0
2159.0 1819.0 2182.0 1819.0 2182.0 1833.0 2159.0 1833.0 small-vehicle 0
2052.0 1812.0 2064.0 1812.0 2064.0 1839.0 2052.0 1839.0 small-vehicle 0
2262.0 1802.0 2284.0 1802.0 2284.0 1815.0 2262.0 1815.0 small-vehicle 0
2302.0 1833.0 2327.0 1833.0 2327.0 1848.0 2302.0 1848.0 small-vehicle 0
2379.0 1361.0 2391.0 1361.0 2391.0 1389.0 2379.0 1389.0 large-vehicle 0
2412.0 1264.0 2436.0 1264.0 2436.0 1275.0 2412.0 1275.0 small-vehicle 0
2411.0 1278.0 2432.0 1278.0 2432.0 1292.0 2411.0 1292.0 small-vehicle 0
2436.0 1232.0 2457.0 1232.0 2457.0 1246.0 2436.0 1246.0 small-vehicle 0
2432.0 1166.0 2454.0 1166.0 2454.0 1179.0 2432.0 1179.0 small-vehicle 0
2150.0 1185.0 2162.0 1185.0 2162.0 1211.0 2150.0 1211.0 small-vehicle 0
2662.0 828.0 2674.0 828.0 2674.0 856.0 2662.0 856.0 small-vehicle 0
2401.0 467.0 2412.0 467.0 2412.0 493.0 2401.0 493.0 small-vehicle 1
2476.0 546.0 2493.0 546.0 2493.0 572.0 2476.0 572.0 small-vehicle 0
2153.0 767.0 2165.0 767.0 2165.0 793.0 2153.0 793.0 small-vehicle 0
2170.0 770.0 2180.0 770.0 2180.0 791.0 2170.0 791.0 small-vehicle 0
2032.0 492.0 2045.0 492.0 2045.0 512.0 2032.0 512.0 small-vehicle 0
1912.0 455.0 1925.0 455.0 1925.0 482.0 1912.0 482.0 large-vehicle 0
2261.0 445.0 2273.0 445.0 2273.0 466.0 2261.0 466.0 small-vehicle 0
2637.0 282.0 2659.0 282.0 2659.0 299.0 2637.0 299.0 small-vehicle 0
2297.0 85.0 2321.0 85.0 2321.0 96.0 2297.0 96.0 small-vehicle 0
2281.0 169.0 2292.0 169.0 2292.0 189.0 2281.0 189.0 small-vehicle 0
2271.0 166.0 2281.0 166.0 2281.0 188.0 2271.0 188.0 small-vehicle 0
2259.0 166.0 2268.0 166.0 2268.0 188.0 2259.0 188.0 small-vehicle 0
2246.0 167.0 2255.0 167.0 2255.0 186.0 2246.0 186.0 small-vehicle 0
2191.0 166.0 2202.0 166.0 2202.0 186.0 2191.0 186.0 small-vehicle 0
1298.0 2122.0 1319.0 2122.0 1319.0 2156.0 1298.0 2156.0 large-vehicle 0
1021.0 2493.0 1031.0 2493.0 1031.0 2515.0 1021.0 2515.0 ship 0
2154.0 1889.0 2166.0 1889.0 2166.0 1912.0 2154.0 1912.0 small-vehicle 0
108.0 1850.0 128.0 1850.0 128.0 1862.0 108.0 1862.0 small-vehicle 1
97.0 1918.0 119.0 1918.0 119.0 1931.0 97.0 1931.0 small-vehicle 0
86.0 1822.0 100.0 1822.0 100.0 1845.0 86.0 1845.0 small-vehicle 0
100.0 1823.0 109.0 1823.0 109.0 1843.0 100.0 1843.0 small-vehicle 0
112.0 1821.0 121.0 1821.0 121.0 1843.0 112.0 1843.0 small-vehicle 1
739.0 761.0 762.0 761.0 762.0 772.0 739.0 772.0 small-vehicle 1
696.0 681.0 705.0 681.0 705.0 703.0 696.0 703.0 small-vehicle 0
684.0 161.0 693.0 161.0 693.0 184.0 684.0 184.0 small-vehicle 0
709.0 180.0 720.0 180.0 720.0 201.0 709.0 201.0 small-vehicle 0
682.0 191.0 692.0 191.0 692.0 212.0 682.0 212.0 small-vehicle 0
681.0 218.0 690.0 218.0 690.0 238.0 681.0 238.0 small-vehicle 0
677.0 240.0 686.0 240.0 686.0 262.0 677.0 262.0 small-vehicle 0
673.0 293.0 685.0 293.0 685.0 317.0 673.0 317.0 small-vehicle 0
672.0 320.0 683.0 320.0 683.0 342.0 672.0 342.0 small-vehicle 0
669.0 348.0 680.0 348.0 680.0 368.0 669.0 368.0 small-vehicle 1
694.0 421.0 705.0 421.0 705.0 441.0 694.0 441.0 small-vehicle 1
693.0 454.0 703.0 454.0 703.0 474.0 693.0 474.0 small-vehicle 1
599.0 1331.0 622.0 1331.0 622.0 1345.0 599.0 1345.0 small-vehicle 1
600.0 1352.0 622.0 1352.0 622.0 1364.0 600.0 1364.0 small-vehicle 1
792.0 1365.0 808.0 1365.0 808.0 1376.0 792.0 1376.0 small-vehicle 1
790.0 1344.0 811.0 1344.0 811.0 1354.0 790.0 1354.0 small-vehicle 1
234.0 1686.0 254.0 1686.0 254.0 1699.0 234.0 1699.0 small-vehicle 1
261.0 1639.0 285.0 1639.0 285.0 1651.0 261.0 1651.0 small-vehicle 1
258.0 1629.0 284.0 1629.0 284.0 1639.0 258.0 1639.0 small-vehicle 1
236.0 1628.0 257.0 1628.0 257.0 1638.0 236.0 1638.0 small-vehicle 1
256.0 1676.0 278.0 1676.0 278.0 1686.0 256.0 1686.0 small-vehicle 1
91.0 1951.0 113.0 1951.0 113.0 1963.0 91.0 1963.0 small-vehicle 0
104.0 1860.0 125.0 1860.0 125.0 1873.0 104.0 1873.0 small-vehicle 1
1011.0 2455.0 1022.0 2455.0 1022.0 2476.0 1011.0 2476.0 ship 0
104.0 1875.0 130.0 1875.0 130.0 1886.0 104.0 1886.0 small-vehicle 1
1021.0 2455.0 1030.0 2455.0 1030.0 2478.0 1021.0 2478.0 ship 0
1006.0 1541.0 1015.0 1541.0 1015.0 1563.0 1006.0 1563.0 small-vehicle 0
871.0 1408.0 896.0 1408.0 896.0 1420.0 871.0 1420.0 small-vehicle 0
996.0 1438.0 1019.0 1438.0 1019.0 1448.0 996.0 1448.0 small-vehicle 0
997.0 1416.0 1020.0 1416.0 1020.0 1427.0 997.0 1427.0 small-vehicle 0
991.0 1404.0 1012.0 1404.0 1012.0 1415.0 991.0 1415.0 small-vehicle 0
861.0 1228.0 881.0 1228.0 881.0 1239.0 861.0 1239.0 small-vehicle 0
1004.0 1336.0 1024.0 1336.0 1024.0 1377.0 1004.0 1377.0 large-vehicle 0
835.0 1286.0 847.0 1286.0 847.0 1313.0 835.0 1313.0 large-vehicle 0
846.0 1284.0 862.0 1284.0 862.0 1315.0 846.0 1315.0 large-vehicle 0
1257.0 1208.0 1269.0 1208.0 1269.0 1230.0 1257.0 1230.0 small-vehicle 0
977.0 1232.0 1003.0 1232.0 1003.0 1245.0 977.0 1245.0 small-vehicle 0
855.0 903.0 891.0 903.0 891.0 928.0 855.0 928.0 large-vehicle 0
1057.0 741.0 1082.0 741.0 1082.0 754.0 1057.0 754.0 small-vehicle 0
1072.0 348.0 1098.0 348.0 1098.0 365.0 1072.0 365.0 small-vehicle 0
971.0 426.0 1001.0 426.0 1001.0 437.0 971.0 437.0 large-vehicle 0
1014.0 154.0 1038.0 154.0 1038.0 179.0 1014.0 179.0 large-vehicle 0
474.0 1823.0 509.0 1823.0 509.0 1841.0 474.0 1841.0 large-vehicle 0
342.0 1776.0 355.0 1776.0 355.0 1801.0 342.0 1801.0 small-vehicle 0
404.0 1783.0 415.0 1783.0 415.0 1806.0 404.0 1806.0 small-vehicle 0
389.0 1793.0 402.0 1793.0 402.0 1816.0 389.0 1816.0 small-vehicle 0
355.0 1779.0 367.0 1779.0 367.0 1802.0 355.0 1802.0 small-vehicle 0
201.0 1825.0 215.0 1825.0 215.0 1850.0 201.0 1850.0 small-vehicle 1
96.0 1906.0 117.0 1906.0 117.0 1919.0 96.0 1919.0 small-vehicle 1
102.0 1886.0 126.0 1886.0 126.0 1897.0 102.0 1897.0 small-vehicle 1
2212.0 1845.0 2235.0 1845.0 2235.0 1871.0 2212.0 1871.0 small-vehicle 0
2245.0 1889.0 2257.0 1889.0 2257.0 1909.0 2245.0 1909.0 small-vehicle 0
2826.0 1734.0 2838.0 1734.0 2838.0 1762.0 2826.0 1762.0 ship 0
135.0 2760.0 151.0 2760.0 151.0 2785.0 135.0 2785.0 small-vehicle 0
139.0 2740.0 155.0 2740.0 155.0 2765.0 139.0 2765.0 small-vehicle 0
129.0 2736.0 143.0 2736.0 143.0 2760.0 129.0 2760.0 small-vehicle 0
140.0 415.0 151.0 415.0 151.0 436.0 140.0 436.0 small-vehicle 0
302.0 380.0 312.0 380.0 312.0 407.0 302.0 407.0 small-vehicle 0
3749.0 3965.0 3770.0 3965.0 3770.0 3975.0 3749.0 3975.0 small-vehicle 1
3752.0 3951.0 3773.0 3951.0 3773.0 3963.0 3752.0 3963.0 small-vehicle 1
3563.0 4080.0 3618.0 4080.0 3618.0 4108.0 3563.0 4108.0 swimming-pool 0
3276.0 3764.0 3304.0 3764.0 3304.0 3779.0 3276.0 3779.0 large-vehicle 0
3266.0 3767.0 3275.0 3767.0 3275.0 3789.0 3266.0 3789.0 small-vehicle 0
3654.0 3940.0 3678.0 3940.0 3678.0 3952.0 3654.0 3952.0 small-vehicle 0
3865.0 4080.0 3877.0 4080.0 3877.0 4102.0 3865.0 4102.0 small-vehicle 0
3853.0 4080.0 3863.0 4080.0 3863.0 4101.0 3853.0 4101.0 small-vehicle 0
3867.0 4103.0 3882.0 4103.0 3882.0 4124.0 3867.0 4124.0 small-vehicle 0
3708.0 4169.0 3733.0 4169.0 3733.0 4180.0 3708.0 4180.0 small-vehicle 0
3279.0 4182.0 3303.0 4182.0 3303.0 4196.0 3279.0 4196.0 small-vehicle 0
3481.0 4343.0 3493.0 4343.0 3493.0 4366.0 3481.0 4366.0 small-vehicle 0
3625.0 4322.0 3646.0 4322.0 3646.0 4341.0 3625.0 4341.0 small-vehicle 0
3507.0 4312.0 3528.0 4312.0 3528.0 4324.0 3507.0 4324.0 small-vehicle 0
3507.0 4300.0 3526.0 4300.0 3526.0 4309.0 3507.0 4309.0 small-vehicle 0
4035.0 4384.0 4059.0 4384.0 4059.0 4405.0 4035.0 4405.0 small-vehicle 0
4092.0 4369.0 4117.0 4369.0 4117.0 4394.0 4092.0 4394.0 small-vehicle 0
4121.0 4383.0 4146.0 4383.0 4146.0 4407.0 4121.0 4407.0 small-vehicle 0
4147.0 4339.0 4171.0 4339.0 4171.0 4362.0 4147.0 4362.0 small-vehicle 0
4187.0 4281.0 4211.0 4281.0 4211.0 4303.0 4187.0 4303.0 small-vehicle 0
4278.0 4188.0 4301.0 4188.0 4301.0 4212.0 4278.0 4212.0 small-vehicle 0
151.0 2768.0 166.0 2768.0 166.0 2792.0 151.0 2792.0 small-vehicle 0
125.0 2763.0 137.0 2763.0 137.0 2786.0 125.0 2786.0 small-vehicle 0
4551.0 4203.0 4574.0 4203.0 4574.0 4227.0 4551.0 4227.0 small-vehicle 0
161.0 2765.0 178.0 2765.0 178.0 2790.0 161.0 2790.0 small-vehicle 0
2331.0 4156.0 2341.0 4156.0 2341.0 4176.0 2331.0 4176.0 small-vehicle 0
1830.0 4271.0 1852.0 4271.0 1852.0 4291.0 1830.0 4291.0 small-vehicle 0
1651.0 4092.0 1673.0 4092.0 1673.0 4103.0 1651.0 4103.0 small-vehicle 0
1714.0 4101.0 1736.0 4101.0 1736.0 4113.0 1714.0 4113.0 small-vehicle 0
1324.0 4289.0 1348.0 4289.0 1348.0 4302.0 1324.0 4302.0 ship 0
888.0 4222.0 913.0 4222.0 913.0 4232.0 888.0 4232.0 small-vehicle 0
339.0 4266.0 364.0 4266.0 364.0 4281.0 339.0 4281.0 small-vehicle 1
75.0 4249.0 96.0 4249.0 96.0 4266.0 75.0 4266.0 small-vehicle 1
81.0 4264.0 103.0 4264.0 103.0 4281.0 81.0 4281.0 small-vehicle 1
76.0 2984.0 98.0 2984.0 98.0 2996.0 76.0 2996.0 small-vehicle 1
75.0 3005.0 93.0 3005.0 93.0 3014.0 75.0 3014.0 small-vehicle 1
72.0 3016.0 93.0 3016.0 93.0 3027.0 72.0 3027.0 small-vehicle 1
69.0 3055.0 90.0 3055.0 90.0 3067.0 69.0 3067.0 small-vehicle 1
70.0 3097.0 88.0 3097.0 88.0 3105.0 70.0 3105.0 small-vehicle 1
67.0 3114.0 88.0 3114.0 88.0 3126.0 67.0 3126.0 small-vehicle 1
66.0 3135.0 86.0 3135.0 86.0 3145.0 66.0 3145.0 small-vehicle 1
36.0 3225.0 56.0 3225.0 56.0 3236.0 36.0 3236.0 small-vehicle 0
226.0 2990.0 247.0 2990.0 247.0 3001.0 226.0 3001.0 small-vehicle 0
226.0 3003.0 248.0 3003.0 248.0 3013.0 226.0 3013.0 small-vehicle 0
222.0 3019.0 246.0 3019.0 246.0 3031.0 222.0 3031.0 small-vehicle 0
65.0 3077.0 91.0 3077.0 91.0 3086.0 65.0 3086.0 small-vehicle 0
70.0 3036.0 94.0 3036.0 94.0 3046.0 70.0 3046.0 small-vehicle 0
126.0 3007.0 150.0 3007.0 150.0 3034.0 126.0 3034.0 small-vehicle 0
111.0 2761.0 127.0 2761.0 127.0 2784.0 111.0 2784.0 small-vehicle 0
176.0 2766.0 192.0 2766.0 192.0 2790.0 176.0 2790.0 small-vehicle 0
4517.0 4191.0 4542.0 4191.0 4542.0 4216.0 4517.0 4216.0 small-vehicle 0
4653.0 4138.0 4677.0 4138.0 4677.0 4160.0 4653.0 4160.0 small-vehicle 0
2171.0 1860.0 2195.0 1860.0 2195.0 1873.0 2171.0 1873.0 small-vehicle 0
3272.0 213.0 3295.0 213.0 3295.0 238.0 3272.0 238.0 large-vehicle 0
2891.0 298.0 2912.0 298.0 2912.0 322.0 2891.0 322.0 small-vehicle 0
2786.0 977.0 2810.0 977.0 2810.0 990.0 2786.0 990.0 small-vehicle 0
2808.0 980.0 2833.0 980.0 2833.0 992.0 2808.0 992.0 small-vehicle 0
2940.0 1035.0 2952.0 1035.0 2952.0 1055.0 2940.0 1055.0 small-vehicle 0
3038.0 991.0 3061.0 991.0 3061.0 1007.0 3038.0 1007.0 small-vehicle 0
3061.0 1062.0 3071.0 1062.0 3071.0 1085.0 3061.0 1085.0 small-vehicle 0
3044.0 1699.0 3067.0 1699.0 3067.0 1712.0 3044.0 1712.0 small-vehicle 0
3149.0 1911.0 3166.0 1911.0 3166.0 1935.0 3149.0 1935.0 small-vehicle 0
3004.0 1895.0 3027.0 1895.0 3027.0 1910.0 3004.0 1910.0 small-vehicle 0
2958.0 1835.0 2977.0 1835.0 2977.0 1856.0 2958.0 1856.0 small-vehicle 0
2976.0 1836.0 2995.0 1836.0 2995.0 1855.0 2976.0 1855.0 small-vehicle 0
2775.0 1861.0 2799.0 1861.0 2799.0 1872.0 2775.0 1872.0 small-vehicle 0
1914.0 990.0 1932.0 990.0 1932.0 1012.0 1914.0 1012.0 small-vehicle 1
1399.0 1848.0 1411.0 1848.0 1411.0 1873.0 1399.0 1873.0 large-vehicle 0
1772.0 1606.0 1795.0 1606.0 1795.0 1617.0 1772.0 1617.0 small-vehicle 0
1504.0 1531.0 1523.0 1531.0 1523.0 1542.0 1504.0 1542.0 small-vehicle 0
1501.0 1544.0 1525.0 1544.0 1525.0 1553.0 1501.0 1553.0 small-vehicle 0
2559.0 1785.0 2588.0 1785.0 2588.0 1800.0 2559.0 1800.0 large-vehicle 0
2562.0 1838.0 2575.0 1838.0 2575.0 1864.0 2562.0 1864.0 small-vehicle 0
2623.0 1856.0 2633.0 1856.0 2633.0 1875.0 2623.0 1875.0 small-vehicle 0
2574.0 1840.0 2584.0 1840.0 2584.0 1864.0 2574.0 1864.0 small-vehicle 0
2530.0 1834.0 2541.0 1834.0 2541.0 1859.0 2530.0 1859.0 large-vehicle 0
2516.0 1834.0 2526.0 1834.0 2526.0 1856.0 2516.0 1856.0 small-vehicle 0
2443.0 1834.0 2453.0 1834.0 2453.0 1856.0 2443.0 1856.0 small-vehicle 0
2430.0 1849.0 2440.0 1849.0 2440.0 1868.0 2430.0 1868.0 small-vehicle 0
3292.0 121.0 3313.0 121.0 3313.0 145.0 3292.0 145.0 small-vehicle 0
3785.0 308.0 3807.0 308.0 3807.0 330.0 3785.0 330.0 small-vehicle 0
4671.0 4095.0 4691.0 4095.0 4691.0 4119.0 4671.0 4119.0 small-vehicle 0
3777.0 300.0 3798.0 300.0 3798.0 322.0 3777.0 322.0 small-vehicle 0
4735.0 4058.0 4758.0 4058.0 4758.0 4080.0 4735.0 4080.0 small-vehicle 0
4385.0 4067.0 4405.0 4067.0 4405.0 4086.0 4385.0 4086.0 small-vehicle 0
4423.0 4051.0 4444.0 4051.0 4444.0 4074.0 4423.0 4074.0 small-vehicle 0
4562.0 3935.0 4586.0 3935.0 4586.0 3957.0 4562.0 3957.0 small-vehicle 0
4794.0 3983.0 4820.0 3983.0 4820.0 4009.0 4794.0 4009.0 small-vehicle 0
4858.0 3909.0 4878.0 3909.0 4878.0 3930.0 4858.0 3930.0 small-vehicle 0
4867.0 3878.0 4887.0 3878.0 4887.0 3899.0 4867.0 3899.0 small-vehicle 0
4430.0 3716.0 4452.0 3716.0 4452.0 3736.0 4430.0 3736.0 small-vehicle 0
4515.0 3605.0 4537.0 3605.0 4537.0 3626.0 4515.0 3626.0 small-vehicle 0
4863.0 3615.0 4888.0 3615.0 4888.0 3642.0 4863.0 3642.0 large-vehicle 0
4879.0 2666.0 4901.0 2666.0 4901.0 2676.0 4879.0 2676.0 small-vehicle 0
4908.0 1801.0 4920.0 1801.0 4920.0 1828.0 4908.0 1828.0 large-vehicle 0
4991.0 1548.0 5001.0 1548.0 5001.0 1570.0 4991.0 1570.0 ship 0
4968.0 1518.0 4980.0 1518.0 4980.0 1543.0 4968.0 1543.0 small-vehicle 0
3339.0 1276.0 3349.0 1276.0 3349.0 1296.0 3339.0 1296.0 small-vehicle 0
3463.0 1229.0 3484.0 1229.0 3484.0 1243.0 3463.0 1243.0 small-vehicle 1
3349.0 1119.0 3365.0 1119.0 3365.0 1141.0 3349.0 1141.0 small-vehicle 1
3359.0 1125.0 3376.0 1125.0 3376.0 1149.0 3359.0 1149.0 small-vehicle 1
3373.0 1127.0 3388.0 1127.0 3388.0 1149.0 3373.0 1149.0 small-vehicle 1
3385.0 1128.0 3401.0 1128.0 3401.0 1151.0 3385.0 1151.0 small-vehicle 1
3651.0 432.0 3675.0 432.0 3675.0 453.0 3651.0 453.0 small-vehicle 1
3344.0 904.0 3360.0 904.0 3360.0 927.0 3344.0 927.0 small-vehicle 0
3356.0 911.0 3374.0 911.0 3374.0 936.0 3356.0 936.0 small-vehicle 0
3369.0 913.0 3385.0 913.0 3385.0 935.0 3369.0 935.0 small-vehicle 0
3568.0 602.0 3589.0 602.0 3589.0 625.0 3568.0 625.0 small-vehicle 0
258.0 1664.0 280.0 1664.0 280.0 1676.0 258.0 1676.0 small-vehicle 1
239.0 1568.0 261.0 1568.0 261.0 1578.0 239.0 1578.0 small-vehicle 1
263.0 1546.0 285.0 1546.0 285.0 1556.0 263.0 1556.0 small-vehicle 0
108.0 631.0 122.0 631.0 122.0 655.0 108.0 655.0 small-vehicle 1
177.0 642.0 189.0 642.0 189.0 661.0 177.0 661.0 small-vehicle 1
188.0 615.0 199.0 615.0 199.0 638.0 188.0 638.0 small-vehicle 1
209.0 616.0 220.0 616.0 220.0 640.0 209.0 640.0 small-vehicle 1
272.0 618.0 283.0 618.0 283.0 641.0 272.0 641.0 small-vehicle 1
215.0 541.0 226.0 541.0 226.0 562.0 215.0 562.0 small-vehicle 1
214.0 565.0 225.0 565.0 225.0 585.0 214.0 585.0 small-vehicle 1
246.0 565.0 259.0 565.0 259.0 592.0 246.0 592.0 small-vehicle 1
270.0 569.0 280.0 569.0 280.0 589.0 270.0 589.0 small-vehicle 1
304.0 572.0 314.0 572.0 314.0 593.0 304.0 593.0 small-vehicle 1
315.0 573.0 326.0 573.0 326.0 594.0 315.0 594.0 small-vehicle 1
223.0 517.0 259.0 517.0 259.0 531.0 223.0 531.0 large-vehicle 0
441.0 566.0 463.0 566.0 463.0 577.0 441.0 577.0 small-vehicle 1
240.0 689.0 251.0 689.0 251.0 715.0 240.0 715.0 small-vehicle 1
208.0 687.0 221.0 687.0 221.0 712.0 208.0 712.0 small-vehicle 1
348.0 699.0 359.0 699.0 359.0 721.0 348.0 721.0 small-vehicle 1
312.0 694.0 326.0 694.0 326.0 723.0 312.0 723.0 small-vehicle 1
224.0 299.0 235.0 299.0 235.0 321.0 224.0 321.0 small-vehicle 0
247.0 300.0 257.0 300.0 257.0 322.0 247.0 322.0 small-vehicle 0
270.0 301.0 280.0 301.0 280.0 322.0 270.0 322.0 small-vehicle 0
282.0 302.0 291.0 302.0 291.0 321.0 282.0 321.0 small-vehicle 0
285.0 488.0 295.0 488.0 295.0 507.0 285.0 507.0 small-vehicle 1
274.0 487.0 283.0 487.0 283.0 509.0 274.0 509.0 small-vehicle 1
220.0 459.0 228.0 459.0 228.0 481.0 220.0 481.0 small-vehicle 1
228.0 458.0 240.0 458.0 240.0 481.0 228.0 481.0 small-vehicle 1
239.0 484.0 250.0 484.0 250.0 504.0 239.0 504.0 small-vehicle 1
121.0 682.0 133.0 682.0 133.0 703.0 121.0 703.0 small-vehicle 1
122.0 608.0 133.0 608.0 133.0 632.0 122.0 632.0 small-vehicle 1
274.0 461.0 284.0 461.0 284.0 484.0 274.0 484.0 small-vehicle 1
124.0 633.0 133.0 633.0 133.0 654.0 124.0 654.0 small-vehicle 1
181.0 1504.0 202.0 1504.0 202.0 1514.0 181.0 1514.0 small-vehicle 1
184.0 1447.0 203.0 1447.0 203.0 1457.0 184.0 1457.0 small-vehicle 1
186.0 1386.0 209.0 1386.0 209.0 1398.0 186.0 1398.0 small-vehicle 1
191.0 1311.0 216.0 1311.0 216.0 1321.0 191.0 1321.0 small-vehicle 1
188.0 1298.0 209.0 1298.0 209.0 1308.0 188.0 1308.0 small-vehicle 1
253.0 1083.0 285.0 1083.0 285.0 1101.0 253.0 1101.0 large-vehicle 0
300.0 951.0 321.0 951.0 321.0 961.0 300.0 961.0 large-vehicle 0
254.0 1032.0 275.0 1032.0 275.0 1043.0 254.0 1043.0 large-vehicle 0
310.0 1019.0 337.0 1019.0 337.0 1033.0 310.0 1033.0 large-vehicle 1
310.0 999.0 338.0 999.0 338.0 1011.0 310.0 1011.0 large-vehicle 1
302.0 984.0 328.0 984.0 328.0 995.0 302.0 995.0 large-vehicle 0
300.0 963.0 326.0 963.0 326.0 975.0 300.0 975.0 large-vehicle 0
484.0 1211.0 506.0 1211.0 506.0 1221.0 484.0 1221.0 small-vehicle 0
296.0 934.0 320.0 934.0 320.0 944.0 296.0 944.0 small-vehicle 1
313.0 1039.0 332.0 1039.0 332.0 1052.0 313.0 1052.0 small-vehicle 1
435.0 679.0 458.0 679.0 458.0 690.0 435.0 690.0 small-vehicle 1
800.0 733.0 823.0 733.0 823.0 744.0 800.0 744.0 large-vehicle 1
685.0 561.0 696.0 561.0 696.0 582.0 685.0 582.0 large-vehicle 1
732.0 749.0 761.0 749.0 761.0 762.0 732.0 762.0 ship 0
601.0 743.0 628.0 743.0 628.0 763.0 601.0 763.0 small-vehicle 1
348.0 570.0 359.0 570.0 359.0 594.0 348.0 594.0 small-vehicle 1
368.0 693.0 379.0 693.0 379.0 723.0 368.0 723.0 small-vehicle 1
326.0 694.0 338.0 694.0 338.0 720.0 326.0 720.0 small-vehicle 1
431.0 634.0 459.0 634.0 459.0 648.0 431.0 648.0 small-vehicle 1
137.0 563.0 146.0 563.0 146.0 585.0 137.0 585.0 small-vehicle 1
251.0 459.0 262.0 459.0 262.0 482.0 251.0 482.0 small-vehicle 1
286.0 463.0 296.0 463.0 296.0 484.0 286.0 484.0 small-vehicle 1
266.0 1557.0 288.0 1557.0 288.0 1568.0 266.0 1568.0 small-vehicle 0
202.0 296.0 211.0 296.0 211.0 321.0 202.0 321.0 small-vehicle 1
223.0 325.0 233.0 325.0 233.0 345.0 223.0 345.0 small-vehicle 1
247.0 326.0 257.0 326.0 257.0 346.0 247.0 346.0 small-vehicle 1
235.0 323.0 244.0 323.0 244.0 344.0 235.0 344.0 small-vehicle 1
237.0 302.0 247.0 302.0 247.0 322.0 237.0 322.0 small-vehicle 1
259.0 298.0 269.0 298.0 269.0 321.0 259.0 321.0 small-vehicle 1
212.0 300.0 223.0 300.0 223.0 321.0 212.0 321.0 small-vehicle 1
404.0 331.0 412.0 331.0 412.0 352.0 404.0 352.0 small-vehicle 1
191.0 298.0 201.0 298.0 201.0 320.0 191.0 320.0 small-vehicle 1
310.0 244.0 320.0 244.0 320.0 264.0 310.0 264.0 small-vehicle 1
238.0 251.0 247.0 251.0 247.0 266.0 238.0 266.0 small-vehicle 1
228.0 249.0 236.0 249.0 236.0 266.0 228.0 266.0 small-vehicle 1
215.0 243.0 223.0 243.0 223.0 265.0 215.0 265.0 small-vehicle 0
204.0 243.0 212.0 243.0 212.0 263.0 204.0 263.0 small-vehicle 0
193.0 245.0 202.0 245.0 202.0 266.0 193.0 266.0 small-vehicle 0
125.0 242.0 135.0 242.0 135.0 264.0 125.0 264.0 small-vehicle 0
134.0 243.0 144.0 243.0 144.0 269.0 134.0 269.0 small-vehicle 0
189.0 107.0 210.0 107.0 210.0 124.0 189.0 124.0 small-vehicle 0
132.0 109.0 154.0 109.0 154.0 129.0 132.0 129.0 small-vehicle 0
133.0 126.0 154.0 126.0 154.0 146.0 133.0 146.0 small-vehicle 0
189.0 81.0 213.0 81.0 213.0 100.0 189.0 100.0 small-vehicle 0
4693.0 3706.0 4776.0 3706.0 4776.0 3789.0 4693.0 3789.0 large-vehicle 0
518.0 2933.0 633.0 2933.0 633.0 2969.0 518.0 2969.0 harbor 0
558.0 2849.0 763.0 2849.0 763.0 2985.0 558.0 2985.0 harbor 0
4019.0 445.0 4099.0 445.0 4099.0 544.0 4019.0 544.0 harbor 0
4681.0 1006.0 4695.0 1006.0 4695.0 1038.0 4681.0 1038.0 ship 0
189.0 321.0 199.0 321.0 199.0 343.0 189.0 343.0 small-vehicle 1
370.0 331.0 381.0 331.0 381.0 356.0 370.0 356.0 small-vehicle 1
332.0 412.0 344.0 412.0 344.0 430.0 332.0 430.0 small-vehicle 1
367.0 389.0 376.0 389.0 376.0 411.0 367.0 411.0 small-vehicle 1
323.0 411.0 333.0 411.0 333.0 430.0 323.0 430.0 small-vehicle 1
285.0 410.0 296.0 410.0 296.0 431.0 285.0 431.0 small-vehicle 1
276.0 409.0 285.0 409.0 285.0 429.0 276.0 429.0 small-vehicle 1
263.0 406.0 276.0 406.0 276.0 429.0 263.0 429.0 small-vehicle 1
254.0 405.0 265.0 405.0 265.0 426.0 254.0 426.0 small-vehicle 1
241.0 404.0 253.0 404.0 253.0 427.0 241.0 427.0 small-vehicle 1
230.0 403.0 241.0 403.0 241.0 428.0 230.0 428.0 small-vehicle 1
219.0 405.0 230.0 405.0 230.0 427.0 219.0 427.0 small-vehicle 1
208.0 402.0 219.0 402.0 219.0 425.0 208.0 425.0 small-vehicle 1
198.0 404.0 208.0 404.0 208.0 425.0 198.0 425.0 small-vehicle 1
186.0 378.0 198.0 378.0 198.0 401.0 186.0 401.0 small-vehicle 1
199.0 378.0 209.0 378.0 209.0 402.0 199.0 402.0 small-vehicle 1
210.0 379.0 221.0 379.0 221.0 401.0 210.0 401.0 small-vehicle 1
221.0 376.0 231.0 376.0 231.0 401.0 221.0 401.0 small-vehicle 1
232.0 378.0 242.0 378.0 242.0 401.0 232.0 401.0 small-vehicle 1
243.0 380.0 253.0 380.0 253.0 401.0 243.0 401.0 small-vehicle 1
267.0 382.0 276.0 382.0 276.0 403.0 267.0 403.0 small-vehicle 1
276.0 379.0 288.0 379.0 288.0 407.0 276.0 407.0 small-vehicle 1
287.0 382.0 299.0 382.0 299.0 407.0 287.0 407.0 small-vehicle 1
291.0 324.0 301.0 324.0 301.0 351.0 291.0 351.0 small-vehicle 1
303.0 328.0 314.0 328.0 314.0 349.0 303.0 349.0 small-vehicle 1
354.0 414.0 366.0 414.0 366.0 434.0 354.0 434.0 small-vehicle 1
366.0 411.0 376.0 411.0 376.0 432.0 366.0 432.0 small-vehicle 1
377.0 412.0 387.0 412.0 387.0 432.0 377.0 432.0 small-vehicle 1
388.0 412.0 397.0 412.0 397.0 433.0 388.0 433.0 small-vehicle 1
182.0 1517.0 201.0 1517.0 201.0 1526.0 182.0 1526.0 small-vehicle 1
179.0 1539.0 201.0 1539.0 201.0 1552.0 179.0 1552.0 large-vehicle 1
174.0 1636.0 195.0 1636.0 195.0 1648.0 174.0 1648.0 small-vehicle 1
185.0 1423.0 204.0 1423.0 204.0 1434.0 185.0 1434.0 small-vehicle 0
241.0 1496.0 265.0 1496.0 265.0 1507.0 241.0 1507.0 small-vehicle 0
244.0 1438.0 269.0 1438.0 269.0 1449.0 244.0 1449.0 small-vehicle 0
272.0 1438.0 291.0 1438.0 291.0 1448.0 272.0 1448.0 small-vehicle 0
244.0 1426.0 265.0 1426.0 265.0 1437.0 244.0 1437.0 small-vehicle 1
271.0 1426.0 290.0 1426.0 290.0 1434.0 271.0 1434.0 small-vehicle 1
268.0 1415.0 288.0 1415.0 288.0 1425.0 268.0 1425.0 small-vehicle 1
275.0 1391.0 294.0 1391.0 294.0 1398.0 275.0 1398.0 small-vehicle 1
248.0 1391.0 271.0 1391.0 271.0 1401.0 248.0 1401.0 small-vehicle 0
251.0 1342.0 273.0 1342.0 273.0 1353.0 251.0 1353.0 small-vehicle 0
250.0 1355.0 273.0 1355.0 273.0 1365.0 250.0 1365.0 small-vehicle 0
273.0 1367.0 295.0 1367.0 295.0 1375.0 273.0 1375.0 small-vehicle 0
275.0 1333.0 296.0 1333.0 296.0 1341.0 275.0 1341.0 small-vehicle 0
702.0 1094.0 727.0 1094.0 727.0 1105.0 702.0 1105.0 large-vehicle 0
557.0 1117.0 580.0 1117.0 580.0 1127.0 557.0 1127.0 large-vehicle 0
166.0 989.0 193.0 989.0 193.0 1000.0 166.0 1000.0 large-vehicle 0
293.0 693.0 306.0 693.0 306.0 718.0 293.0 718.0 small-vehicle 0
239.0 641.0 251.0 641.0 251.0 665.0 239.0 665.0 small-vehicle 0
136.0 487.0 148.0 487.0 148.0 510.0 136.0 510.0 small-vehicle 0
114.0 539.0 126.0 539.0 126.0 559.0 114.0 559.0 small-vehicle 0
126.0 541.0 136.0 541.0 136.0 563.0 126.0 563.0 small-vehicle 0
137.0 540.0 147.0 540.0 147.0 562.0 137.0 562.0 small-vehicle 0
177.0 617.0 187.0 617.0 187.0 637.0 177.0 637.0 small-vehicle 0
220.0 618.0 230.0 618.0 230.0 640.0 220.0 640.0 small-vehicle 0
231.0 617.0 242.0 617.0 242.0 641.0 231.0 641.0 small-vehicle 0
242.0 618.0 254.0 618.0 254.0 639.0 242.0 639.0 small-vehicle 0
186.0 1410.0 206.0 1410.0 206.0 1421.0 186.0 1421.0 small-vehicle 0
183.0 1435.0 205.0 1435.0 205.0 1445.0 183.0 1445.0 small-vehicle 0
173.0 1652.0 195.0 1652.0 195.0 1662.0 173.0 1662.0 small-vehicle 1
186.0 1362.0 206.0 1362.0 206.0 1373.0 186.0 1373.0 small-vehicle 0
262.0 1569.0 286.0 1569.0 286.0 1580.0 262.0 1580.0 small-vehicle 0
327.0 1546.0 347.0 1546.0 347.0 1556.0 327.0 1556.0 small-vehicle 0
446.0 1485.0 469.0 1485.0 469.0 1497.0 446.0 1497.0 small-vehicle 1
450.0 1507.0 469.0 1507.0 469.0 1517.0 450.0 1517.0 small-vehicle 1
444.0 1571.0 466.0 1571.0 466.0 1582.0 444.0 1582.0 small-vehicle 1
586.0 1653.0 606.0 1653.0 606.0 1663.0 586.0 1663.0 small-vehicle 1
587.0 1639.0 607.0 1639.0 607.0 1649.0 587.0 1649.0 small-vehicle 1
588.0 1622.0 609.0 1622.0 609.0 1635.0 588.0 1635.0 small-vehicle 1
590.0 1600.0 611.0 1600.0 611.0 1610.0 590.0 1610.0 small-vehicle 1
443.0 1593.0 462.0 1593.0 462.0 1605.0 443.0 1605.0 small-vehicle 1
444.0 1627.0 463.0 1627.0 463.0 1637.0 444.0 1637.0 small-vehicle 1
321.0 1585.0 345.0 1585.0 345.0 1598.0 321.0 1598.0 small-vehicle 1
321.0 1657.0 342.0 1657.0 342.0 1672.0 321.0 1672.0 small-vehicle 1
318.0 1625.0 345.0 1625.0 345.0 1638.0 318.0 1638.0 small-vehicle 0
327.0 1512.0 347.0 1512.0 347.0 1521.0 327.0 1521.0 small-vehicle 0
326.0 1524.0 347.0 1524.0 347.0 1533.0 326.0 1533.0 small-vehicle 0
591.0 1575.0 614.0 1575.0 614.0 1586.0 591.0 1586.0 small-vehicle 0
590.0 1561.0 614.0 1561.0 614.0 1574.0 590.0 1574.0 small-vehicle 0
591.0 1538.0 613.0 1538.0 613.0 1552.0 591.0 1552.0 small-vehicle 0
591.0 1516.0 616.0 1516.0 616.0 1527.0 591.0 1527.0 small-vehicle 0
596.0 1425.0 620.0 1425.0 620.0 1435.0 596.0 1435.0 small-vehicle 0
602.0 1413.0 621.0 1413.0 621.0 1422.0 602.0 1422.0 small-vehicle 0
452.0 1375.0 474.0 1375.0 474.0 1384.0 452.0 1384.0 small-vehicle 0
451.0 1430.0 473.0 1430.0 473.0 1444.0 451.0 1444.0 small-vehicle 0
326.0 1452.0 348.0 1452.0 348.0 1463.0 326.0 1463.0 small-vehicle 0
283.0 622.0 295.0 622.0 295.0 645.0 283.0 645.0 small-vehicle 0
305.0 625.0 316.0 625.0 316.0 646.0 305.0 646.0 small-vehicle 0
326.0 623.0 337.0 623.0 337.0 647.0 326.0 647.0 small-vehicle 1
346.0 625.0 357.0 625.0 357.0 649.0 346.0 649.0 small-vehicle 0
349.0 330.0 360.0 330.0 360.0 351.0 349.0 351.0 small-vehicle 0
313.0 330.0 325.0 330.0 325.0 350.0 313.0 350.0 small-vehicle 0
200.0 324.0 209.0 324.0 209.0 344.0 200.0 344.0 small-vehicle 0
213.0 325.0 222.0 325.0 222.0 346.0 213.0 346.0 small-vehicle 0
259.0 326.0 269.0 326.0 269.0 348.0 259.0 348.0 small-vehicle 0
271.0 327.0 279.0 327.0 279.0 347.0 271.0 347.0 small-vehicle 0
280.0 326.0 289.0 326.0 289.0 342.0 280.0 342.0 small-vehicle 0
185.0 1349.0 206.0 1349.0 206.0 1361.0 185.0 1361.0 small-vehicle 1
275.0 1318.0 292.0 1318.0 292.0 1329.0 275.0 1329.0 small-vehicle 1
332.0 1358.0 355.0 1358.0 355.0 1368.0 332.0 1368.0 small-vehicle 1
331.0 1404.0 351.0 1404.0 351.0 1415.0 331.0 1415.0 small-vehicle 1
324.0 1557.0 346.0 1557.0 346.0 1567.0 324.0 1567.0 small-vehicle 1
260.0 1651.0 281.0 1651.0 281.0 1661.0 260.0 1661.0 small-vehicle 1
236.0 1639.0 258.0 1639.0 258.0 1651.0 236.0 1651.0 small-vehicle 1
236.0 1651.0 257.0 1651.0 257.0 1662.0 236.0 1662.0 small-vehicle 1
261.0 1579.0 284.0 1579.0 284.0 1592.0 261.0 1592.0 small-vehicle 1
240.0 1545.0 262.0 1545.0 262.0 1556.0 240.0 1556.0 small-vehicle 1
241.0 1554.0 262.0 1554.0 262.0 1567.0 241.0 1567.0 large-vehicle 1
266.0 1531.0 286.0 1531.0 286.0 1545.0 266.0 1545.0 small-vehicle 1
243.0 1532.0 262.0 1532.0 262.0 1543.0 243.0 1543.0 small-vehicle 1
261.0 1615.0 280.0 1615.0 280.0 1627.0 261.0 1627.0 small-vehicle 1
259.0 1592.0 282.0 1592.0 282.0 1603.0 259.0 1603.0 small-vehicle 1
237.0 1578.0 261.0 1578.0 261.0 1591.0 237.0 1591.0 small-vehicle 1
171.0 1679.0 196.0 1679.0 196.0 1692.0 171.0 1692.0 small-vehicle 1
175.0 1662.0 194.0 1662.0 194.0 1672.0 175.0 1672.0 small-vehicle 1
359.0 330.0 368.0 330.0 368.0 350.0 359.0 350.0 small-vehicle 0
381.0 332.0 391.0 332.0 391.0 352.0 381.0 352.0 small-vehicle 0
392.0 331.0 402.0 331.0 402.0 353.0 392.0 353.0 small-vehicle 0
229.0 487.0 239.0 487.0 239.0 506.0 229.0 506.0 small-vehicle 0
376.0 629.0 388.0 629.0 388.0 652.0 376.0 652.0 small-vehicle 0
367.0 630.0 379.0 630.0 379.0 650.0 367.0 650.0 small-vehicle 0
335.0 575.0 348.0 575.0 348.0 596.0 335.0 596.0 small-vehicle 0
236.0 542.0 248.0 542.0 248.0 564.0 236.0 564.0 small-vehicle 0
270.0 544.0 281.0 544.0 281.0 566.0 270.0 566.0 small-vehicle 0
293.0 546.0 304.0 546.0 304.0 567.0 293.0 567.0 small-vehicle 0
304.0 548.0 316.0 548.0 316.0 570.0 304.0 570.0 small-vehicle 0
316.0 546.0 327.0 546.0 327.0 570.0 316.0 570.0 small-vehicle 0
329.0 487.0 340.0 487.0 340.0 512.0 329.0 512.0 small-vehicle 0
205.0 486.0 215.0 486.0 215.0 505.0 205.0 505.0 small-vehicle 0
217.0 486.0 230.0 486.0 230.0 506.0 217.0 506.0 small-vehicle 0
261.0 487.0 273.0 487.0 273.0 510.0 261.0 510.0 small-vehicle 0
378.0 388.0 387.0 388.0 387.0 410.0 378.0 410.0 small-vehicle 0
306.0 488.0 316.0 488.0 316.0 510.0 306.0 510.0 small-vehicle 0
297.0 462.0 308.0 462.0 308.0 483.0 297.0 483.0 small-vehicle 0
306.0 463.0 319.0 463.0 319.0 485.0 306.0 485.0 small-vehicle 0
318.0 466.0 330.0 466.0 330.0 487.0 318.0 487.0 small-vehicle 0
331.0 463.0 342.0 463.0 342.0 485.0 331.0 485.0 small-vehicle 0
342.0 466.0 352.0 466.0 352.0 485.0 342.0 485.0 small-vehicle 0
183.0 403.0 195.0 403.0 195.0 428.0 183.0 428.0 small-vehicle 0
313.0 384.0 322.0 384.0 322.0 407.0 313.0 407.0 small-vehicle 0
324.0 387.0 333.0 387.0 333.0 408.0 324.0 408.0 small-vehicle 0
334.0 388.0 345.0 388.0 345.0 409.0 334.0 409.0 small-vehicle 0
346.0 387.0 356.0 387.0 356.0 409.0 346.0 409.0 small-vehicle 0
2410.0 4162.0 2421.0 4162.0 2421.0 4187.0 2410.0 4187.0 small-vehicle 0
2576.0 4287.0 2599.0 4287.0 2599.0 4298.0 2576.0 4298.0 small-vehicle 0
3282.0 3779.0 3306.0 3779.0 3306.0 3793.0 3282.0 3793.0 small-vehicle 0
3758.0 3743.0 3781.0 3743.0 3781.0 3757.0 3758.0 3757.0 small-vehicle 1
4249.0 3793.0 4264.0 3793.0 4264.0 3821.0 4249.0 3821.0 small-vehicle 1
4594.0 3838.0 4615.0 3838.0 4615.0 3858.0 4594.0 3858.0 small-vehicle 1
4390.0 4361.0 4410.0 4361.0 4410.0 4380.0 4390.0 4380.0 small-vehicle 1
4410.0 4282.0 4444.0 4282.0 4444.0 4312.0 4410.0 4312.0 large-vehicle 1
4609.0 4110.0 4631.0 4110.0 4631.0 4130.0 4609.0 4130.0 small-vehicle 1
4187.0 4238.0 4209.0 4238.0 4209.0 4257.0 4187.0 4257.0 small-vehicle 1
4323.0 4387.0 4347.0 4387.0 4347.0 4409.0 4323.0 4409.0 small-vehicle 1
4419.0 4306.0 4438.0 4306.0 4438.0 4323.0 4419.0 4323.0 small-vehicle 1
4353.0 3721.0 4376.0 3721.0 4376.0 3733.0 4353.0 3733.0 small-vehicle 1
4022.0 3758.0 4044.0 3758.0 4044.0 3766.0 4022.0 3766.0 small-vehicle 1
4020.0 3772.0 4043.0 3772.0 4043.0 3782.0 4020.0 3782.0 small-vehicle 1
3654.0 3952.0 3679.0 3952.0 3679.0 3963.0 3654.0 3963.0 small-vehicle 1
3676.0 3952.0 3698.0 3952.0 3698.0 3962.0 3676.0 3962.0 small-vehicle 1
3575.0 4046.0 3602.0 4046.0 3602.0 4058.0 3575.0 4058.0 small-vehicle 1
3215.0 3747.0 3236.0 3747.0 3236.0 3757.0 3215.0 3757.0 small-vehicle 1
3391.0 3770.0 3415.0 3770.0 3415.0 3783.0 3391.0 3783.0 small-vehicle 1
3139.0 3902.0 3152.0 3902.0 3152.0 3928.0 3139.0 3928.0 small-vehicle 0
3389.0 4036.0 3414.0 4036.0 3414.0 4047.0 3389.0 4047.0 small-vehicle 0
3397.0 4065.0 3419.0 4065.0 3419.0 4083.0 3397.0 4083.0 small-vehicle 0
2584.0 4193.0 2609.0 4193.0 2609.0 4204.0 2584.0 4204.0 small-vehicle 0
2870.0 4109.0 2897.0 4109.0 2897.0 4120.0 2870.0 4120.0 small-vehicle 0
2792.0 4108.0 2813.0 4108.0 2813.0 4119.0 2792.0 4119.0 small-vehicle 0
1942.0 4283.0 1960.0 4283.0 1960.0 4294.0 1942.0 4294.0 small-vehicle 1
1941.0 4294.0 1962.0 4294.0 1962.0 4306.0 1941.0 4306.0 small-vehicle 1
1777.0 4193.0 1800.0 4193.0 1800.0 4210.0 1777.0 4210.0 small-vehicle 1
3807.0 3949.0 3831.0 3949.0 3831.0 3961.0 3807.0 3961.0 small-vehicle 1
4531.0 3617.0 4556.0 3617.0 4556.0 3641.0 4531.0 3641.0 small-vehicle 1
1322.0 4205.0 1331.0 4205.0 1331.0 4223.0 1322.0 4223.0 small-vehicle 1
4644.0 3464.0 4665.0 3464.0 4665.0 3482.0 4644.0 3482.0 small-vehicle 1
981.0 315.0 1004.0 315.0 1004.0 325.0 981.0 325.0 small-vehicle 1
957.0 168.0 979.0 168.0 979.0 181.0 957.0 181.0 small-vehicle 1
1203.0 142.0 1213.0 142.0 1213.0 163.0 1203.0 163.0 small-vehicle 1
1253.0 154.0 1265.0 154.0 1265.0 182.0 1253.0 182.0 small-vehicle 1
1399.0 164.0 1414.0 164.0 1414.0 185.0 1399.0 185.0 small-vehicle 1
1398.0 115.0 1420.0 115.0 1420.0 135.0 1398.0 135.0 small-vehicle 1
1433.0 162.0 1453.0 162.0 1453.0 181.0 1433.0 181.0 small-vehicle 1
1442.0 172.0 1467.0 172.0 1467.0 188.0 1442.0 188.0 small-vehicle 1
1667.0 246.0 1687.0 246.0 1687.0 271.0 1667.0 271.0 small-vehicle 1
1993.0 72.0 2004.0 72.0 2004.0 93.0 1993.0 93.0 small-vehicle 0
2157.0 163.0 2169.0 163.0 2169.0 185.0 2157.0 185.0 small-vehicle 1
2302.0 171.0 2313.0 171.0 2313.0 192.0 2302.0 192.0 small-vehicle 1
2327.0 109.0 2346.0 109.0 2346.0 121.0 2327.0 121.0 small-vehicle 1
2582.0 162.0 2605.0 162.0 2605.0 183.0 2582.0 183.0 small-vehicle 1
3278.0 102.0 3302.0 102.0 3302.0 128.0 3278.0 128.0 small-vehicle 1
3215.0 177.0 3235.0 177.0 3235.0 198.0 3215.0 198.0 small-vehicle 1
3686.0 306.0 3711.0 306.0 3711.0 336.0 3686.0 336.0 small-vehicle 1
4973.0 977.0 5001.0 977.0 5001.0 994.0 4973.0 994.0 small-vehicle 1
4979.0 1004.0 5003.0 1004.0 5003.0 1018.0 4979.0 1018.0 small-vehicle 1
4983.0 1133.0 4997.0 1133.0 4997.0 1159.0 4983.0 1159.0 small-vehicle 1
4893.0 1876.0 4916.0 1876.0 4916.0 1886.0 4893.0 1886.0 small-vehicle 1
4854.0 3292.0 4876.0 3292.0 4876.0 3316.0 4854.0 3316.0 small-vehicle 1
4737.0 3335.0 4763.0 3335.0 4763.0 3352.0 4737.0 3352.0 small-vehicle 1
4640.0 3501.0 4664.0 3501.0 4664.0 3517.0 4640.0 3517.0 small-vehicle 1
4671.0 3478.0 4688.0 3478.0 4688.0 3496.0 4671.0 3496.0 small-vehicle 1
923.0 4147.0 936.0 4147.0 936.0 4174.0 923.0 4174.0 small-vehicle 0
1304.0 4193.0 1315.0 4193.0 1315.0 4220.0 1304.0 4220.0 small-vehicle 1
146.0 321.0 158.0 321.0 158.0 342.0 146.0 342.0 small-vehicle 1
725.0 922.0 747.0 922.0 747.0 932.0 725.0 932.0 small-vehicle 1
575.0 1098.0 596.0 1098.0 596.0 1109.0 575.0 1109.0 small-vehicle 1
564.0 1084.0 582.0 1084.0 582.0 1093.0 564.0 1093.0 small-vehicle 1
591.0 1087.0 613.0 1087.0 613.0 1098.0 591.0 1098.0 small-vehicle 1
365.0 1033.0 387.0 1033.0 387.0 1044.0 365.0 1044.0 small-vehicle 1
310.0 902.0 332.0 902.0 332.0 914.0 310.0 914.0 small-vehicle 1
304.0 919.0 326.0 919.0 326.0 928.0 304.0 928.0 small-vehicle 1
435.0 668.0 459.0 668.0 459.0 678.0 435.0 678.0 small-vehicle 1
440.0 657.0 459.0 657.0 459.0 668.0 440.0 668.0 small-vehicle 1
378.0 653.0 387.0 653.0 387.0 672.0 378.0 672.0 small-vehicle 1
338.0 648.0 347.0 648.0 347.0 670.0 338.0 670.0 small-vehicle 1
742.0 611.0 767.0 611.0 767.0 621.0 742.0 621.0 small-vehicle 0
737.0 663.0 759.0 663.0 759.0 673.0 737.0 673.0 small-vehicle 0
745.0 627.0 763.0 627.0 763.0 638.0 745.0 638.0 small-vehicle 1
661.0 500.0 672.0 500.0 672.0 522.0 661.0 522.0 small-vehicle 1
701.0 340.0 711.0 340.0 711.0 361.0 701.0 361.0 small-vehicle 1
703.0 317.0 711.0 317.0 711.0 336.0 703.0 336.0 small-vehicle 0
353.0 489.0 363.0 489.0 363.0 511.0 353.0 511.0 small-vehicle 1
444.0 376.0 467.0 376.0 467.0 387.0 444.0 387.0 small-vehicle 1
296.0 242.0 308.0 242.0 308.0 271.0 296.0 271.0 small-vehicle 1
240.0 458.0 249.0 458.0 249.0 481.0 240.0 481.0 small-vehicle 0
129.0 382.0 139.0 382.0 139.0 406.0 129.0 406.0 small-vehicle 1
130.0 218.0 141.0 218.0 141.0 240.0 130.0 240.0 small-vehicle 1
336.0 329.0 347.0 329.0 347.0 351.0 336.0 351.0 small-vehicle 1
141.0 383.0 150.0 383.0 150.0 407.0 141.0 407.0 small-vehicle 1
150.0 384.0 162.0 384.0 162.0 405.0 150.0 405.0 small-vehicle 1
585.0 996.0 605.0 996.0 605.0 1007.0 585.0 1007.0 small-vehicle 1
702.0 921.0 723.0 921.0 723.0 929.0 702.0 929.0 small-vehicle 0
342.0 4253.0 365.0 4253.0 365.0 4268.0 342.0 4268.0 small-vehicle 1
642.0 801.0 652.0 801.0 652.0 821.0 642.0 821.0 small-vehicle 1
196.0 4267.0 218.0 4267.0 218.0 4286.0 196.0 4286.0 small-vehicle 1
125.0 3269.0 148.0 3269.0 148.0 3281.0 125.0 3281.0 small-vehicle 1
128.0 3220.0 149.0 3220.0 149.0 3234.0 128.0 3234.0 small-vehicle 1
226.0 2978.0 247.0 2978.0 247.0 2991.0 226.0 2991.0 small-vehicle 1
112.0 2738.0 132.0 2738.0 132.0 2763.0 112.0 2763.0 small-vehicle 1
164.0 2741.0 182.0 2741.0 182.0 2766.0 164.0 2766.0 small-vehicle 1
179.0 2744.0 197.0 2744.0 197.0 2768.0 179.0 2768.0 small-vehicle 1
367.0 1783.0 378.0 1783.0 378.0 1805.0 367.0 1805.0 small-vehicle 0
85.0 1996.0 104.0 1996.0 104.0 2006.0 85.0 2006.0 small-vehicle 1
153.0 1946.0 176.0 1946.0 176.0 1959.0 153.0 1959.0 small-vehicle 1
205.0 1939.0 225.0 1939.0 225.0 1951.0 205.0 1951.0 small-vehicle 1
206.0 1928.0 225.0 1928.0 225.0 1936.0 206.0 1936.0 small-vehicle 1
205.0 1915.0 227.0 1915.0 227.0 1926.0 205.0 1926.0 small-vehicle 1
602.0 1790.0 612.0 1790.0 612.0 1809.0 602.0 1809.0 small-vehicle 1
575.0 1788.0 585.0 1788.0 585.0 1808.0 575.0 1808.0 small-vehicle 1
625.0 1793.0 636.0 1793.0 636.0 1813.0 625.0 1813.0 small-vehicle 1
637.0 1792.0 648.0 1792.0 648.0 1813.0 637.0 1813.0 small-vehicle 1
651.0 1793.0 662.0 1793.0 662.0 1814.0 651.0 1814.0 small-vehicle 1
416.0 1786.0 425.0 1786.0 425.0 1810.0 416.0 1810.0 small-vehicle 1
362.0 1834.0 376.0 1834.0 376.0 1859.0 362.0 1859.0 small-vehicle 1
207.0 1129.0 234.0 1129.0 234.0 1141.0 207.0 1141.0 small-vehicle 1
255.0 1013.0 275.0 1013.0 275.0 1025.0 255.0 1025.0 small-vehicle 1
713.0 937.0 734.0 937.0 734.0 949.0 713.0 949.0 small-vehicle 1
598.0 691.0 617.0 691.0 617.0 704.0 598.0 704.0 small-vehicle 1
600.0 667.0 619.0 667.0 619.0 678.0 600.0 678.0 small-vehicle 1
1089.0 379.0 1111.0 379.0 1111.0 390.0 1089.0 390.0 small-vehicle 1
973.0 411.0 1000.0 411.0 1000.0 422.0 973.0 422.0 small-vehicle 1
685.0 132.0 694.0 132.0 694.0 156.0 685.0 156.0 small-vehicle 1
3199.0 2123.0 3215.0 2123.0 3215.0 2145.0 3199.0 2145.0 small-vehicle 0
3155.0 2012.0 3182.0 2012.0 3182.0 2042.0 3155.0 2042.0 large-vehicle 0
3084.0 1936.0 3095.0 1936.0 3095.0 1960.0 3084.0 1960.0 small-vehicle 1
3167.0 1903.0 3182.0 1903.0 3182.0 1927.0 3167.0 1927.0 small-vehicle 1
3155.0 1886.0 3167.0 1886.0 3167.0 1909.0 3155.0 1909.0 small-vehicle 1
2792.0 1757.0 2802.0 1757.0 2802.0 1782.0 2792.0 1782.0 small-vehicle 1
2740.0 1753.0 2750.0 1753.0 2750.0 1777.0 2740.0 1777.0 small-vehicle 0
2072.0 1350.0 2082.0 1350.0 2082.0 1372.0 2072.0 1372.0 small-vehicle 0
1643.0 1231.0 1657.0 1231.0 1657.0 1256.0 1643.0 1256.0 small-vehicle 0
2108.0 1230.0 2137.0 1230.0 2137.0 1244.0 2108.0 1244.0 small-vehicle 0
2198.0 758.0 2218.0 758.0 2218.0 788.0 2198.0 788.0 small-vehicle 1
1962.0 620.0 1979.0 620.0 1979.0 640.0 1962.0 640.0 small-vehicle 1
1998.0 679.0 2008.0 679.0 2008.0 701.0 1998.0 701.0 small-vehicle 1
1999.0 649.0 2010.0 649.0 2010.0 673.0 1999.0 673.0 small-vehicle 1
2273.0 444.0 2286.0 444.0 2286.0 467.0 2273.0 467.0 small-vehicle 1
1994.0 520.0 2007.0 520.0 2007.0 538.0 1994.0 538.0 small-vehicle 1
1796.0 525.0 1817.0 525.0 1817.0 546.0 1796.0 546.0 small-vehicle 0
1801.0 656.0 1820.0 656.0 1820.0 667.0 1801.0 667.0 small-vehicle 0
1795.0 667.0 1819.0 667.0 1819.0 680.0 1795.0 680.0 small-vehicle 1
1788.0 680.0 1815.0 680.0 1815.0 692.0 1788.0 692.0 small-vehicle 1
1792.0 704.0 1816.0 704.0 1816.0 716.0 1792.0 716.0 small-vehicle 0
1739.0 714.0 1749.0 714.0 1749.0 736.0 1739.0 736.0 small-vehicle 0
1850.0 943.0 1862.0 943.0 1862.0 971.0 1850.0 971.0 small-vehicle 1
1230.0 904.0 1252.0 904.0 1252.0 916.0 1230.0 916.0 small-vehicle 1
1923.0 977.0 1943.0 977.0 1943.0 1006.0 1923.0 1006.0 small-vehicle 1
1760.0 1012.0 1780.0 1012.0 1780.0 1023.0 1760.0 1023.0 small-vehicle 0
3228.0 2058.0 3255.0 2058.0 3255.0 2085.0 3228.0 2085.0 small-vehicle 0
3198.0 2099.0 3208.0 2099.0 3208.0 2123.0 3198.0 2123.0 small-vehicle 0
685.0 110.0 695.0 110.0 695.0 133.0 685.0 133.0 small-vehicle 1
3352.0 2012.0 3374.0 2012.0 3374.0 2041.0 3352.0 2041.0 small-vehicle 0
454.0 1398.0 477.0 1398.0 477.0 1409.0 454.0 1409.0 small-vehicle 0
345.0 412.0 354.0 412.0 354.0 430.0 345.0 430.0 small-vehicle 1
263.0 461.0 273.0 461.0 273.0 481.0 263.0 481.0 small-vehicle 0
1395.0 1657.0 1419.0 1657.0 1419.0 1670.0 1395.0 1670.0 small-vehicle 1
118.0 4205.0 139.0 4205.0 139.0 4227.0 118.0 4227.0 small-vehicle 1
2937.0 1788.0 2948.0 1788.0 2948.0 1811.0 2937.0 1811.0 small-vehicle 1
2459.0 1762.0 2468.0 1762.0 2468.0 1783.0 2459.0 1783.0 small-vehicle 1
2514.0 1628.0 2526.0 1628.0 2526.0 1652.0 2514.0 1652.0 small-vehicle 1
2504.0 1626.0 2513.0 1626.0 2513.0 1646.0 2504.0 1646.0 small-vehicle 1
2485.0 1624.0 2498.0 1624.0 2498.0 1650.0 2485.0 1650.0 small-vehicle 1
2500.0 1207.0 2512.0 1207.0 2512.0 1229.0 2500.0 1229.0 small-vehicle 1
2569.0 572.0 2601.0 572.0 2601.0 594.0 2569.0 594.0 small-vehicle 1
2429.0 948.0 2457.0 948.0 2457.0 964.0 2429.0 964.0 small-vehicle 1
2739.0 1006.0 2751.0 1006.0 2751.0 1029.0 2739.0 1029.0 small-vehicle 1
2914.0 1026.0 2929.0 1026.0 2929.0 1051.0 2914.0 1051.0 small-vehicle 1
2884.0 1023.0 2895.0 1023.0 2895.0 1045.0 2884.0 1045.0 small-vehicle 1
2666.0 954.0 2687.0 954.0 2687.0 968.0 2666.0 968.0 small-vehicle 1
2761.0 971.0 2782.0 971.0 2782.0 983.0 2761.0 983.0 small-vehicle 1
3042.0 1338.0 3063.0 1338.0 3063.0 1350.0 3042.0 1350.0 small-vehicle 1
3103.0 1392.0 3124.0 1392.0 3124.0 1405.0 3103.0 1405.0 small-vehicle 1
3224.0 1437.0 3249.0 1437.0 3249.0 1449.0 3224.0 1449.0 small-vehicle 1
3298.0 1602.0 3326.0 1602.0 3326.0 1615.0 3298.0 1615.0 small-vehicle 1
3416.0 1811.0 3443.0 1811.0 3443.0 1825.0 3416.0 1825.0 small-vehicle 1
3420.0 1889.0 3439.0 1889.0 3439.0 1901.0 3420.0 1901.0 small-vehicle 1
3414.0 1903.0 3437.0 1903.0 3437.0 1912.0 3414.0 1912.0 small-vehicle 0
1716.0 1024.0 1725.0 1024.0 1725.0 1048.0 1716.0 1048.0 small-vehicle 1
1718.0 1067.0 1728.0 1067.0 1728.0 1088.0 1718.0 1088.0 small-vehicle 1
1546.0 1259.0 1569.0 1259.0 1569.0 1271.0 1546.0 1271.0 small-vehicle 1
1480.0 1451.0 1491.0 1451.0 1491.0 1472.0 1480.0 1472.0 small-vehicle 1
999.0 1632.0 1011.0 1632.0 1011.0 1655.0 999.0 1655.0 small-vehicle 1
951.0 1925.0 975.0 1925.0 975.0 1937.0 951.0 1937.0 small-vehicle 1
1068.0 1719.0 1090.0 1719.0 1090.0 1729.0 1068.0 1729.0 small-vehicle 1
955.0 1773.0 979.0 1773.0 979.0 1783.0 955.0 1783.0 small-vehicle 1
988.0 1876.0 1000.0 1876.0 1000.0 1902.0 988.0 1902.0 small-vehicle 1
574.0 1172.0 590.0 1172.0 590.0 1192.0 574.0 1192.0 small-vehicle 1
935.0 1190.0 945.0 1190.0 945.0 1211.0 935.0 1211.0 small-vehicle 1
979.0 1331.0 1005.0 1331.0 1005.0 1343.0 979.0 1343.0 small-vehicle 1
1393.0 1188.0 1404.0 1188.0 1404.0 1215.0 1393.0 1215.0 small-vehicle 1
1247.0 1208.0 1256.0 1208.0 1256.0 1229.0 1247.0 1229.0 small-vehicle 1
1011.0 1017.0 1022.0 1017.0 1022.0 1035.0 1011.0 1035.0 small-vehicle 1
1404.0 798.0 1425.0 798.0 1425.0 811.0 1404.0 811.0 small-vehicle 1
1367.0 918.0 1388.0 918.0 1388.0 940.0 1367.0 940.0 small-vehicle 1
1400.0 886.0 1424.0 886.0 1424.0 907.0 1400.0 907.0 small-vehicle 1
966.0 815.0 988.0 815.0 988.0 824.0 966.0 824.0 small-vehicle 1
964.0 783.0 992.0 783.0 992.0 796.0 964.0 796.0 small-vehicle 1
953.0 769.0 982.0 769.0 982.0 780.0 953.0 780.0 small-vehicle 1
1058.0 753.0 1083.0 753.0 1083.0 765.0 1058.0 765.0 small-vehicle 1
1041.0 733.0 1060.0 733.0 1060.0 761.0 1041.0 761.0 small-vehicle 1
1074.0 636.0 1095.0 636.0 1095.0 646.0 1074.0 646.0 small-vehicle 1
1365.0 536.0 1375.0 536.0 1375.0 559.0 1365.0 559.0 small-vehicle 1
945.0 556.0 964.0 556.0 964.0 567.0 945.0 567.0 small-vehicle 1
1050.0 527.0 1062.0 527.0 1062.0 554.0 1050.0 554.0 small-vehicle 1
716.0 102.0 727.0 102.0 727.0 126.0 716.0 126.0 small-vehicle 1
684.0 87.0 696.0 87.0 696.0 111.0 684.0 111.0 small-vehicle 1
1120.0 1645.0 1144.0 1645.0 1144.0 1656.0 1120.0 1656.0 small-vehicle 0
1082.0 1566.0 1105.0 1566.0 1105.0 1576.0 1082.0 1576.0 small-vehicle 0
1048.0 1515.0 1060.0 1515.0 1060.0 1539.0 1048.0 1539.0 small-vehicle 1
1458.0 1661.0 1469.0 1661.0 1469.0 1686.0 1458.0 1686.0 small-vehicle 0
1466.0 1453.0 1480.0 1453.0 1480.0 1477.0 1466.0 1477.0 small-vehicle 1
1945.0 1511.0 1965.0 1511.0 1965.0 1521.0 1945.0 1521.0 small-vehicle 0
1922.0 1510.0 1941.0 1510.0 1941.0 1521.0 1922.0 1521.0 small-vehicle 0
1944.0 1329.0 1965.0 1329.0 1965.0 1338.0 1944.0 1338.0 small-vehicle 0
1876.0 1353.0 1884.0 1353.0 1884.0 1376.0 1876.0 1376.0 small-vehicle 0
1876.0 1396.0 1886.0 1396.0 1886.0 1419.0 1876.0 1419.0 small-vehicle 0
1786.0 1463.0 1810.0 1463.0 1810.0 1472.0 1786.0 1472.0 small-vehicle 0
1819.0 1547.0 1829.0 1547.0 1829.0 1571.0 1819.0 1571.0 small-vehicle 0
1878.0 1738.0 1898.0 1738.0 1898.0 1748.0 1878.0 1748.0 small-vehicle 0
1780.0 1641.0 1798.0 1641.0 1798.0 1651.0 1780.0 1651.0 small-vehicle 0
1778.0 1654.0 1801.0 1654.0 1801.0 1667.0 1778.0 1667.0 small-vehicle 0
1803.0 1967.0 1819.0 1967.0 1819.0 1989.0 1803.0 1989.0 small-vehicle 0
571.0 1450.0 581.0 1450.0 581.0 1477.0 571.0 1477.0 small-vehicle 1
1796.0 1943.0 1821.0 1943.0 1821.0 1956.0 1796.0 1956.0 small-vehicle 0
1396.0 1968.0 1408.0 1968.0 1408.0 1995.0 1396.0 1995.0 small-vehicle 0
1391.0 2032.0 1405.0 2032.0 1405.0 2054.0 1391.0 2054.0 small-vehicle 0
1128.0 2313.0 1139.0 2313.0 1139.0 2329.0 1128.0 2329.0 small-vehicle 0
1142.0 2297.0 1153.0 2297.0 1153.0 2322.0 1142.0 2322.0 small-vehicle 0
1066.0 2282.0 1075.0 2282.0 1075.0 2307.0 1066.0 2307.0 small-vehicle 0
811.0 2294.0 835.0 2294.0 835.0 2302.0 811.0 2302.0 small-vehicle 0
798.0 2279.0 818.0 2279.0 818.0 2291.0 798.0 2291.0 small-vehicle 0
817.0 2282.0 839.0 2282.0 839.0 2293.0 817.0 2293.0 small-vehicle 0
822.0 2137.0 830.0 2137.0 830.0 2159.0 822.0 2159.0 small-vehicle 0
898.0 2044.0 922.0 2044.0 922.0 2053.0 898.0 2053.0 small-vehicle 1
126.0 322.0 136.0 322.0 136.0 343.0 126.0 343.0 small-vehicle 1
129.0 462.0 137.0 462.0 137.0 482.0 129.0 482.0 small-vehicle 1
3989.0 3733.0 4012.0 3733.0 4012.0 3745.0 3989.0 3745.0 small-vehicle 0
3741.0 3447.0 3749.0 3447.0 3749.0 3459.0 3741.0 3459.0 ship 1
3894.0 3313.0 3917.0 3313.0 3917.0 3387.0 3894.0 3387.0 harbor 0
3805.0 3345.0 3830.0 3345.0 3830.0 3441.0 3805.0 3441.0 harbor 0
3749.0 3343.0 3774.0 3343.0 3774.0 3444.0 3749.0 3444.0 harbor 0
3696.0 3335.0 3729.0 3335.0 3729.0 3438.0 3696.0 3438.0 harbor 0
3594.0 3361.0 3620.0 3361.0 3620.0 3440.0 3594.0 3440.0 harbor 0
3487.0 3335.0 3506.0 3335.0 3506.0 3436.0 3487.0 3436.0 harbor 0
3452.0 3335.0 3482.0 3335.0 3482.0 3435.0 3452.0 3435.0 harbor 0
3390.0 3328.0 3413.0 3328.0 3413.0 3437.0 3390.0 3437.0 harbor 0
3556.0 3461.0 3574.0 3461.0 3574.0 3471.0 3556.0 3471.0 ship 0
3398.0 3381.0 3405.0 3381.0 3405.0 3398.0 3398.0 3398.0 ship 0
3201.0 3450.0 3213.0 3450.0 3213.0 3481.0 3201.0 3481.0 ship 1
3042.0 3515.0 3052.0 3515.0 3052.0 3529.0 3042.0 3529.0 ship 1
3063.0 3536.0 3074.0 3536.0 3074.0 3552.0 3063.0 3552.0 ship 1
3318.0 3351.0 3342.0 3351.0 3342.0 3440.0 3318.0 3440.0 harbor 0
3251.0 3386.0 3277.0 3386.0 3277.0 3442.0 3251.0 3442.0 harbor 0
3209.0 3402.0 3233.0 3402.0 3233.0 3480.0 3209.0 3480.0 harbor 0
3163.0 3403.0 3182.0 3403.0 3182.0 3503.0 3163.0 3503.0 harbor 0
3029.0 3430.0 3059.0 3430.0 3059.0 3545.0 3029.0 3545.0 harbor 0
2566.0 3707.0 2606.0 3707.0 2606.0 3769.0 2566.0 3769.0 harbor 0
2877.0 3547.0 2938.0 3547.0 2938.0 3639.0 2877.0 3639.0 harbor 0
2744.0 3603.0 2776.0 3603.0 2776.0 3712.0 2744.0 3712.0 harbor 0
2677.0 3632.0 2721.0 3632.0 2721.0 3728.0 2677.0 3728.0 harbor 0
2479.0 3711.0 2517.0 3711.0 2517.0 3823.0 2479.0 3823.0 harbor 0
1617.0 3836.0 1627.0 3836.0 1627.0 3849.0 1617.0 3849.0 ship 1
1662.0 3884.0 1686.0 3884.0 1686.0 3908.0 1662.0 3908.0 ship 1
3565.0 3454.0 3577.0 3454.0 3577.0 3464.0 3565.0 3464.0 ship 1
3826.0 3442.0 3834.0 3442.0 3834.0 3456.0 3826.0 3456.0 ship 1
2409.0 3707.0 2441.0 3707.0 2441.0 3814.0 2409.0 3814.0 harbor 0
3756.0 3352.0 3765.0 3352.0 3765.0 3366.0 3756.0 3366.0 ship 1
4612.0 2834.0 4682.0 2834.0 4682.0 2855.0 4612.0 2855.0 harbor 0
4558.0 2902.0 4670.0 2902.0 4670.0 2937.0 4558.0 2937.0 harbor 0
4559.0 2967.0 4637.0 2967.0 4637.0 3002.0 4559.0 3002.0 harbor 0
4547.0 3018.0 4616.0 3018.0 4616.0 3053.0 4547.0 3053.0 harbor 0
4441.0 3244.0 4511.0 3244.0 4511.0 3282.0 4441.0 3282.0 harbor 0
4409.0 3311.0 4428.0 3311.0 4428.0 3343.0 4409.0 3343.0 ship 1
4421.0 3317.0 4484.0 3317.0 4484.0 3352.0 4421.0 3352.0 harbor 0
4410.0 3386.0 4471.0 3386.0 4471.0 3432.0 4410.0 3432.0 harbor 0
4363.0 3428.0 4426.0 3428.0 4426.0 3481.0 4363.0 3481.0 harbor 0
4314.0 3467.0 4376.0 3467.0 4376.0 3544.0 4314.0 3544.0 harbor 0
4258.0 3480.0 4286.0 3480.0 4286.0 3562.0 4258.0 3562.0 harbor 0
4151.0 3430.0 4172.0 3430.0 4172.0 3549.0 4151.0 3549.0 harbor 0
4075.0 3402.0 4102.0 3402.0 4102.0 3473.0 4075.0 3473.0 harbor 0
3981.0 3299.0 4006.0 3299.0 4006.0 3417.0 3981.0 3417.0 harbor 0
4313.0 3473.0 4334.0 3473.0 4334.0 3498.0 4313.0 3498.0 ship 0
4257.0 3482.0 4264.0 3482.0 4264.0 3501.0 4257.0 3501.0 ship 0
4278.0 3510.0 4297.0 3510.0 4297.0 3517.0 4278.0 3517.0 ship 0
4334.0 3495.0 4345.0 3495.0 4345.0 3510.0 4334.0 3510.0 ship 1
4466.0 3246.0 4478.0 3246.0 4478.0 3258.0 4466.0 3258.0 ship 1
4429.0 3328.0 4439.0 3328.0 4439.0 3342.0 4429.0 3342.0 ship 1
4414.0 3476.0 4428.0 3476.0 4428.0 3491.0 4414.0 3491.0 ship 1
4277.0 3529.0 4289.0 3529.0 4289.0 3544.0 4277.0 3544.0 ship 1
4049.0 3458.0 4058.0 3458.0 4058.0 3476.0 4049.0 3476.0 ship 1
4041.0 3456.0 4055.0 3456.0 4055.0 3471.0 4041.0 3471.0 ship 1
3737.0 3343.0 3751.0 3343.0 3751.0 3371.0 3737.0 3371.0 ship 1
1725.0 3845.0 1740.0 3845.0 1740.0 3870.0 1725.0 3870.0 ship 1
2349.0 3707.0 2378.0 3707.0 2378.0 3771.0 2349.0 3771.0 harbor 0
140.0 464.0 149.0 464.0 149.0 483.0 140.0 483.0 small-vehicle 1
673.0 4057.0 698.0 4057.0 698.0 4116.0 673.0 4116.0 harbor 0
169.0 3946.0 273.0 3946.0 273.0 4012.0 169.0 4012.0 harbor 0
680.0 2829.0 750.0 2829.0 750.0 2928.0 680.0 2928.0 harbor 0
206.0 3138.0 227.0 3138.0 227.0 3151.0 206.0 3151.0 small-vehicle 1
211.0 3114.0 230.0 3114.0 230.0 3126.0 211.0 3126.0 small-vehicle 1
214.0 3103.0 229.0 3103.0 229.0 3114.0 214.0 3114.0 small-vehicle 1
216.0 3092.0 231.0 3092.0 231.0 3102.0 216.0 3102.0 small-vehicle 1
215.0 3082.0 233.0 3082.0 233.0 3092.0 215.0 3092.0 small-vehicle 1
217.0 3071.0 233.0 3071.0 233.0 3079.0 217.0 3079.0 small-vehicle 1
218.0 3060.0 234.0 3060.0 234.0 3068.0 218.0 3068.0 small-vehicle 1
221.0 3046.0 242.0 3046.0 242.0 3057.0 221.0 3057.0 small-vehicle 1
147.0 1956.0 173.0 1956.0 173.0 1971.0 147.0 1971.0 small-vehicle 1
200.0 1976.0 222.0 1976.0 222.0 1990.0 200.0 1990.0 small-vehicle 1
212.0 1867.0 234.0 1867.0 234.0 1882.0 212.0 1882.0 small-vehicle 1
211.0 1892.0 232.0 1892.0 232.0 1904.0 211.0 1904.0 small-vehicle 1
1974.0 582.0 1989.0 582.0 1989.0 607.0 1974.0 607.0 small-vehicle 0
2682.0 1385.0 2692.0 1385.0 2692.0 1408.0 2682.0 1408.0 small-vehicle 0
2694.0 1385.0 2704.0 1385.0 2704.0 1405.0 2694.0 1405.0 small-vehicle 0
2943.0 1382.0 2954.0 1382.0 2954.0 1408.0 2943.0 1408.0 small-vehicle 0
3177.0 1443.0 3195.0 1443.0 3195.0 1455.0 3177.0 1455.0 small-vehicle 0
3320.0 1516.0 3341.0 1516.0 3341.0 1528.0 3320.0 1528.0 small-vehicle 0
4233.0 131.0 4252.0 131.0 4252.0 159.0 4233.0 159.0 small-vehicle 0
4096.0 154.0 4115.0 154.0 4115.0 178.0 4096.0 178.0 small-vehicle 0
4017.0 3784.0 4042.0 3784.0 4042.0 3800.0 4017.0 3800.0 small-vehicle 0
4002.0 3760.0 4015.0 3760.0 4015.0 3786.0 4002.0 3786.0 small-vehicle 0
3983.0 3720.0 4006.0 3720.0 4006.0 3733.0 3983.0 3733.0 small-vehicle 0
265.0 4016.0 346.0 4016.0 346.0 4120.0 265.0 4120.0 harbor 0
724.0 3991.0 771.0 3991.0 771.0 4084.0 724.0 4084.0 harbor 0
2280.0 3698.0 2304.0 3698.0 2304.0 3770.0 2280.0 3770.0 harbor 0
788.0 3950.0 830.0 3950.0 830.0 4053.0 788.0 4053.0 harbor 0
2180.0 3692.0 2206.0 3692.0 2206.0 3739.0 2180.0 3739.0 harbor 0
2105.0 3684.0 2131.0 3684.0 2131.0 3764.0 2105.0 3764.0 harbor 0
2037.0 3712.0 2052.0 3712.0 2052.0 3776.0 2037.0 3776.0 harbor 0
1969.0 3753.0 1991.0 3753.0 1991.0 3825.0 1969.0 3825.0 harbor 0
1885.0 3777.0 1923.0 3777.0 1923.0 3884.0 1885.0 3884.0 harbor 0
1798.0 3801.0 1823.0 3801.0 1823.0 3909.0 1798.0 3909.0 harbor 0
1717.0 3810.0 1743.0 3810.0 1743.0 3915.0 1717.0 3915.0 harbor 0
2286.0 3757.0 2293.0 3757.0 2293.0 3771.0 2286.0 3771.0 ship 1
1916.0 3882.0 1930.0 3882.0 1930.0 3901.0 1916.0 3901.0 ship 0
1419.0 3879.0 1429.0 3879.0 1429.0 3896.0 1419.0 3896.0 ship 0
1460.0 3866.0 1475.0 3866.0 1475.0 3877.0 1460.0 3877.0 ship 1
1291.0 3895.0 1300.0 3895.0 1300.0 3909.0 1291.0 3909.0 ship 1
1049.0 3860.0 1075.0 3860.0 1075.0 3872.0 1049.0 3872.0 ship 1
1301.0 3857.0 1314.0 3857.0 1314.0 3879.0 1301.0 3879.0 ship 0
1149.0 3848.0 1168.0 3848.0 1168.0 3881.0 1149.0 3881.0 ship 0
1602.0 3809.0 1631.0 3809.0 1631.0 3889.0 1602.0 3889.0 harbor 0
1539.0 3808.0 1574.0 3808.0 1574.0 3894.0 1539.0 3894.0 harbor 0
1419.0 3803.0 1434.0 3803.0 1434.0 3857.0 1419.0 3857.0 harbor 0
1290.0 3837.0 1313.0 3837.0 1313.0 3901.0 1290.0 3901.0 harbor 0
1207.0 3825.0 1229.0 3825.0 1229.0 3890.0 1207.0 3890.0 harbor 0
1109.0 3849.0 1154.0 3849.0 1154.0 3903.0 1109.0 3903.0 harbor 0
1045.0 3872.0 1081.0 3872.0 1081.0 3958.0 1045.0 3958.0 harbor 0
999.0 3910.0 1019.0 3910.0 1019.0 3966.0 999.0 3966.0 harbor 0
888.0 3917.0 918.0 3917.0 918.0 4012.0 888.0 4012.0 harbor 0
659.0 4059.0 674.0 4059.0 674.0 4087.0 659.0 4087.0 ship 0
4625.0 2697.0 4693.0 2697.0 4693.0 2725.0 4625.0 2725.0 harbor 0
4605.0 2607.0 4666.0 2607.0 4666.0 2632.0 4605.0 2632.0 harbor 0
4624.0 2544.0 4699.0 2544.0 4699.0 2570.0 4624.0 2570.0 harbor 0
1937.0 2148.0 1964.0 2148.0 1964.0 2201.0 1937.0 2201.0 harbor 0
2186.0 2112.0 2220.0 2112.0 2220.0 2168.0 2186.0 2168.0 harbor 0
2255.0 2078.0 2286.0 2078.0 2286.0 2138.0 2255.0 2138.0 harbor 0
2315.0 2064.0 2350.0 2064.0 2350.0 2161.0 2315.0 2161.0 harbor 0
2390.0 2048.0 2429.0 2048.0 2429.0 2142.0 2390.0 2142.0 harbor 0
3179.0 2160.0 3191.0 2160.0 3191.0 2181.0 3179.0 2181.0 small-vehicle 0
2515.0 2167.0 2530.0 2167.0 2530.0 2174.0 2515.0 2174.0 ship 1
2636.0 2123.0 2651.0 2123.0 2651.0 2142.0 2636.0 2142.0 ship 1
2931.0 2236.0 2955.0 2236.0 2955.0 2256.0 2931.0 2256.0 ship 1
3049.0 2256.0 3062.0 2256.0 3062.0 2274.0 3049.0 2274.0 ship 1
3041.0 2347.0 3059.0 2347.0 3059.0 2357.0 3041.0 2357.0 ship 1
2511.0 2060.0 2550.0 2060.0 2550.0 2184.0 2511.0 2184.0 harbor 0
2578.0 2133.0 2638.0 2133.0 2638.0 2244.0 2578.0 2244.0 harbor 0
2735.0 2187.0 2770.0 2187.0 2770.0 2270.0 2735.0 2270.0 harbor 0
2839.0 2154.0 2875.0 2154.0 2875.0 2236.0 2839.0 2236.0 harbor 0
2923.0 2205.0 2975.0 2205.0 2975.0 2293.0 2923.0 2293.0 harbor 0
2977.0 2229.0 3031.0 2229.0 3031.0 2314.0 2977.0 2314.0 harbor 0
3029.0 2286.0 3087.0 2286.0 3087.0 2364.0 3029.0 2364.0 harbor 0
3177.0 2352.0 3223.0 2352.0 3223.0 2493.0 3177.0 2493.0 harbor 0
3273.0 2483.0 3301.0 2483.0 3301.0 2495.0 3273.0 2495.0 ship 0
3266.0 2383.0 3297.0 2383.0 3297.0 2483.0 3266.0 2483.0 harbor 0
3455.0 2368.0 3532.0 2368.0 3532.0 2463.0 3455.0 2463.0 harbor 0
3575.0 2152.0 3652.0 2152.0 3652.0 2209.0 3575.0 2209.0 harbor 0
3656.0 2006.0 3675.0 2006.0 3675.0 2045.0 3656.0 2045.0 ship 0
3592.0 2004.0 3660.0 2004.0 3660.0 2043.0 3592.0 2043.0 harbor 0
3627.0 1889.0 3683.0 1889.0 3683.0 1918.0 3627.0 1918.0 harbor 0
2111.0 2175.0 2147.0 2175.0 2147.0 2238.0 2111.0 2238.0 harbor 0
1875.0 2174.0 1893.0 2174.0 1893.0 2208.0 1875.0 2208.0 harbor 0
4629.0 2667.0 4697.0 2667.0 4697.0 2689.0 4629.0 2689.0 harbor 0
2434.0 2017.0 2445.0 2017.0 2445.0 2037.0 2434.0 2037.0 ship 0
254.0 380.0 266.0 380.0 266.0 403.0 254.0 403.0 small-vehicle 0
309.0 408.0 319.0 408.0 319.0 429.0 309.0 429.0 small-vehicle 1
443.0 401.0 458.0 401.0 458.0 410.0 443.0 410.0 small-vehicle 1
447.0 423.0 463.0 423.0 463.0 432.0 447.0 432.0 small-vehicle 1
435.0 523.0 453.0 523.0 453.0 533.0 435.0 533.0 small-vehicle 1
435.0 499.0 456.0 499.0 456.0 509.0 435.0 509.0 small-vehicle 1
744.0 1429.0 769.0 1429.0 769.0 1439.0 744.0 1439.0 small-vehicle 1
746.0 1379.0 766.0 1379.0 766.0 1390.0 746.0 1390.0 small-vehicle 1
745.0 1364.0 765.0 1364.0 765.0 1375.0 745.0 1375.0 small-vehicle 1
471.0 1235.0 492.0 1235.0 492.0 1248.0 471.0 1248.0 small-vehicle 1
152.0 2598.0 161.0 2598.0 161.0 2621.0 152.0 2621.0 small-vehicle 0
897.0 2492.0 929.0 2492.0 929.0 2548.0 897.0 2548.0 harbor 0
830.0 2545.0 857.0 2545.0 857.0 2644.0 830.0 2644.0 harbor 0
1246.0 2570.0 1271.0 2570.0 1271.0 2586.0 1246.0 2586.0 ship 1
1336.0 2432.0 1396.0 2432.0 1396.0 2526.0 1336.0 2526.0 harbor 0
1416.0 2383.0 1485.0 2383.0 1485.0 2483.0 1416.0 2483.0 harbor 0
1442.0 2141.0 1460.0 2141.0 1460.0 2164.0 1442.0 2164.0 small-vehicle 0
1692.0 2192.0 1704.0 2192.0 1704.0 2210.0 1692.0 2210.0 ship 1
1825.0 2200.0 1843.0 2200.0 1843.0 2225.0 1825.0 2225.0 ship 1
1504.0 2352.0 1564.0 2352.0 1564.0 2443.0 1504.0 2443.0 harbor 0
1583.0 2295.0 1643.0 2295.0 1643.0 2379.0 1583.0 2379.0 harbor 0
1638.0 2260.0 1693.0 2260.0 1693.0 2347.0 1638.0 2347.0 harbor 0
1825.0 2190.0 1865.0 2190.0 1865.0 2241.0 1825.0 2241.0 harbor 0
1949.0 2182.0 1959.0 2182.0 1959.0 2197.0 1949.0 2197.0 ship 1
2196.0 2152.0 2212.0 2152.0 2212.0 2169.0 2196.0 2169.0 ship 0
3643.0 1786.0 3697.0 1786.0 3697.0 1815.0 3643.0 1815.0 harbor 0
3640.0 1740.0 3704.0 1740.0 3704.0 1770.0 3640.0 1770.0 harbor 0
3621.0 1613.0 3672.0 1613.0 3672.0 1646.0 3621.0 1646.0 harbor 0
3409.0 1653.0 3427.0 1653.0 3427.0 1664.0 3409.0 1664.0 small-vehicle 0
4682.0 1105.0 4774.0 1105.0 4774.0 1136.0 4682.0 1136.0 harbor 0
4691.0 1194.0 4737.0 1194.0 4737.0 1222.0 4691.0 1222.0 harbor 0
4698.0 1215.0 4757.0 1215.0 4757.0 1246.0 4698.0 1246.0 harbor 0
4678.0 1280.0 4757.0 1280.0 4757.0 1325.0 4678.0 1325.0 harbor 0
4984.0 1519.0 4993.0 1519.0 4993.0 1542.0 4984.0 1542.0 small-vehicle 0
4692.0 1432.0 4739.0 1432.0 4739.0 1470.0 4692.0 1470.0 harbor 0
4630.0 1690.0 4736.0 1690.0 4736.0 1745.0 4630.0 1745.0 harbor 0
4641.0 1808.0 4742.0 1808.0 4742.0 1848.0 4641.0 1848.0 harbor 0
4654.0 1871.0 4743.0 1871.0 4743.0 1894.0 4654.0 1894.0 harbor 0
4973.0 2076.0 4993.0 2076.0 4993.0 2089.0 4973.0 2089.0 small-vehicle 0
4645.0 1970.0 4719.0 1970.0 4719.0 1998.0 4645.0 1998.0 harbor 0
4655.0 2012.0 4725.0 2012.0 4725.0 2036.0 4655.0 2036.0 harbor 0
4630.0 2121.0 4695.0 2121.0 4695.0 2149.0 4630.0 2149.0 harbor 0
4622.0 2174.0 4688.0 2174.0 4688.0 2200.0 4622.0 2200.0 harbor 0
4655.0 2137.0 4676.0 2137.0 4676.0 2145.0 4655.0 2145.0 ship 0
4626.0 2186.0 4642.0 2186.0 4642.0 2193.0 4626.0 2193.0 ship 1
4691.0 2433.0 4709.0 2433.0 4709.0 2442.0 4691.0 2442.0 ship 1
4574.0 2450.0 4590.0 2450.0 4590.0 2466.0 4574.0 2466.0 ship 1
4689.0 2623.0 4705.0 2623.0 4705.0 2636.0 4689.0 2636.0 ship 1
4646.0 2540.0 4664.0 2540.0 4664.0 2546.0 4646.0 2546.0 ship 0
4584.0 2242.0 4654.0 2242.0 4654.0 2272.0 4584.0 2272.0 harbor 0
4568.0 2342.0 4680.0 2342.0 4680.0 2373.0 4568.0 2373.0 harbor 0
4570.0 2448.0 4685.0 2448.0 4685.0 2473.0 4570.0 2473.0 harbor 0
4703.0 2631.0 4723.0 2631.0 4723.0 2640.0 4703.0 2640.0 ship 0
4634.0 2616.0 4652.0 2616.0 4652.0 2624.0 4634.0 2624.0 ship 0
4691.0 1007.0 4764.0 1007.0 4764.0 1032.0 4691.0 1032.0 harbor 0
4712.0 951.0 4760.0 951.0 4760.0 972.0 4712.0 972.0 harbor 0
4692.0 875.0 4768.0 875.0 4768.0 919.0 4692.0 919.0 harbor 0
3826.0 559.0 3912.0 559.0 3912.0 648.0 3826.0 648.0 harbor 0
3604.0 1463.0 3670.0 1463.0 3670.0 1492.0 3604.0 1492.0 harbor 0
3619.0 1344.0 3678.0 1344.0 3678.0 1372.0 3619.0 1372.0 harbor 0
3667.0 1196.0 3738.0 1196.0 3738.0 1224.0 3667.0 1224.0 harbor 0
3727.0 1069.0 3796.0 1069.0 3796.0 1113.0 3727.0 1113.0 harbor 0
3733.0 916.0 3817.0 916.0 3817.0 967.0 3733.0 967.0 harbor 0
3582.0 587.0 3608.0 587.0 3608.0 608.0 3582.0 608.0 small-vehicle 1
3577.0 597.0 3596.0 597.0 3596.0 615.0 3577.0 615.0 small-vehicle 1
3832.0 751.0 3846.0 751.0 3846.0 768.0 3832.0 768.0 ship 0
3775.0 706.0 3869.0 706.0 3869.0 779.0 3775.0 779.0 harbor 0
3786.0 661.0 3894.0 661.0 3894.0 735.0 3786.0 735.0 harbor 0
3917.0 569.0 3932.0 569.0 3932.0 583.0 3917.0 583.0 ship 1
3856.0 527.0 3934.0 527.0 3934.0 595.0 3856.0 595.0 harbor 0
4737.0 724.0 4830.0 724.0 4830.0 775.0 4737.0 775.0 harbor 0
3907.0 477.0 3965.0 477.0 3965.0 556.0 3907.0 556.0 harbor 0
4184.0 307.0 4216.0 307.0 4216.0 395.0 4184.0 395.0 harbor 0
4449.0 282.0 4462.0 282.0 4462.0 300.0 4449.0 300.0 ship 1
4304.0 333.0 4410.0 333.0 4410.0 477.0 4304.0 477.0 harbor 0
4415.0 356.0 4489.0 356.0 4489.0 496.0 4415.0 496.0 harbor 0
4674.0 372.0 4692.0 372.0 4692.0 393.0 4674.0 393.0 ship 0
4563.0 416.0 4663.0 416.0 4663.0 532.0 4563.0 532.0 harbor 0
4710.0 480.0 4767.0 480.0 4767.0 524.0 4710.0 524.0 harbor 0
4703.0 496.0 4778.0 496.0 4778.0 564.0 4703.0 564.0 harbor 0
4740.0 631.0 4756.0 631.0 4756.0 644.0 4740.0 644.0 ship 0
4712.0 578.0 4831.0 578.0 4831.0 663.0 4712.0 663.0 harbor 0
1863.0 3815.0 1880.0 3815.0 1880.0 3863.0 1863.0 3863.0 harbor 0
