imagesource:GoogleEarth
gsd:0.136650361618
1457.0 828.0 1611.0 828.0 1611.0 930.0 1457.0 930.0 large-vehicle 1
1596.0 744.0 1707.0 744.0 1707.0 824.0 1596.0 824.0 large-vehicle 1
2343.0 193.0 2374.0 193.0 2374.0 214.0 2343.0 214.0 small-vehicle 0
2736.0 834.0 2767.0 834.0 2767.0 871.0 2736.0 871.0 small-vehicle 0
2593.0 1007.0 2626.0 1007.0 2626.0 1036.0 2593.0 1036.0 small-vehicle 0
2542.0 926.0 2580.0 926.0 2580.0 959.0 2542.0 959.0 small-vehicle 0
2471.0 807.0 2510.0 807.0 2510.0 842.0 2471.0 842.0 small-vehicle 0
2529.0 771.0 2558.0 771.0 2558.0 805.0 2529.0 805.0 small-vehicle 0
2453.0 779.0 2492.0 779.0 2492.0 810.0 2453.0 810.0 small-vehicle 0
2419.0 1914.0 2537.0 1914.0 2537.0 1997.0 2419.0 1997.0 large-vehicle 0
2588.0 2942.0 2615.0 2942.0 2615.0 2978.0 2588.0 2978.0 small-vehicle 0
2571.0 2956.0 2599.0 2956.0 2599.0 2985.0 2571.0 2985.0 small-vehicle 0
2556.0 2960.0 2584.0 2960.0 2584.0 2995.0 2556.0 2995.0 small-vehicle 0
2227.0 336.0 2261.0 336.0 2261.0 377.0 2227.0 377.0 small-vehicle 0
2168.0 380.0 2199.0 380.0 2199.0 418.0 2168.0 418.0 small-vehicle 0
2198.0 259.0 2242.0 259.0 2242.0 295.0 2198.0 295.0 small-vehicle 0
1430.0 661.0 1469.0 661.0 1469.0 694.0 1430.0 694.0 small-vehicle 0
2232.0 409.0 2282.0 409.0 2282.0 478.0 2232.0 478.0 large-vehicle 0
1843.0 576.0 2010.0 576.0 2010.0 691.0 1843.0 691.0 large-vehicle 0
2347.0 211.0 2378.0 211.0 2378.0 234.0 2347.0 234.0 small-vehicle 0
2354.0 226.0 2384.0 226.0 2384.0 253.0 2354.0 253.0 small-vehicle 0
2399.0 288.0 2440.0 288.0 2440.0 318.0 2399.0 318.0 small-vehicle 0
2463.0 332.0 2495.0 332.0 2495.0 356.0 2463.0 356.0 small-vehicle 0
2507.0 325.0 2547.0 325.0 2547.0 354.0 2507.0 354.0 small-vehicle 0
2478.0 365.0 2512.0 365.0 2512.0 392.0 2478.0 392.0 small-vehicle 0
2474.0 347.0 2508.0 347.0 2508.0 374.0 2474.0 374.0 small-vehicle 0
2528.0 293.0 2563.0 293.0 2563.0 320.0 2528.0 320.0 small-vehicle 0
2494.0 312.0 2527.0 312.0 2527.0 338.0 2494.0 338.0 small-vehicle 0
2480.0 302.0 2514.0 302.0 2514.0 329.0 2480.0 329.0 small-vehicle 0
2476.0 285.0 2510.0 285.0 2510.0 313.0 2476.0 313.0 small-vehicle 0
2448.0 319.0 2480.0 319.0 2480.0 346.0 2448.0 346.0 small-vehicle 0
2404.0 308.0 2438.0 308.0 2438.0 333.0 2404.0 333.0 small-vehicle 0
2445.0 303.0 2477.0 303.0 2477.0 330.0 2445.0 330.0 small-vehicle 0
2437.0 289.0 2467.0 289.0 2467.0 315.0 2437.0 315.0 small-vehicle 0
2448.0 383.0 2477.0 383.0 2477.0 406.0 2448.0 406.0 small-vehicle 0
2440.0 366.0 2474.0 366.0 2474.0 392.0 2440.0 392.0 small-vehicle 0
2434.0 353.0 2463.0 353.0 2463.0 379.0 2434.0 379.0 small-vehicle 0
2422.0 338.0 2452.0 338.0 2452.0 363.0 2422.0 363.0 small-vehicle 0
2413.0 324.0 2445.0 324.0 2445.0 348.0 2413.0 348.0 small-vehicle 0
1915.0 520.0 1939.0 520.0 1939.0 548.0 1915.0 548.0 small-vehicle 0
2093.0 616.0 2175.0 616.0 2175.0 729.0 2093.0 729.0 large-vehicle 0
1752.0 837.0 1827.0 837.0 1827.0 934.0 1752.0 934.0 large-vehicle 1
1021.0 2126.0 1096.0 2126.0 1096.0 2159.0 1021.0 2159.0 large-vehicle 0
1180.0 1225.0 1237.0 1225.0 1237.0 1267.0 1180.0 1267.0 large-vehicle 0
1150.0 1207.0 1220.0 1207.0 1220.0 1259.0 1150.0 1259.0 large-vehicle 0
1120.0 1163.0 1201.0 1163.0 1201.0 1223.0 1120.0 1223.0 large-vehicle 1
1138.0 1187.0 1208.0 1187.0 1208.0 1239.0 1138.0 1239.0 large-vehicle 0
931.0 1299.0 987.0 1299.0 987.0 1341.0 931.0 1341.0 small-vehicle 0
943.0 1322.0 991.0 1322.0 991.0 1362.0 943.0 1362.0 large-vehicle 0
1045.0 2107.0 1120.0 2107.0 1120.0 2139.0 1045.0 2139.0 large-vehicle 0
997.0 2141.0 1063.0 2141.0 1063.0 2175.0 997.0 2175.0 large-vehicle 0
896.0 1011.0 933.0 1011.0 933.0 1058.0 896.0 1058.0 large-vehicle 0
966.0 2159.0 1039.0 2159.0 1039.0 2195.0 966.0 2195.0 large-vehicle 0
939.0 2175.0 1010.0 2175.0 1010.0 2212.0 939.0 2212.0 large-vehicle 0
907.0 2194.0 979.0 2194.0 979.0 2229.0 907.0 2229.0 large-vehicle 0
893.0 2211.0 951.0 2211.0 951.0 2244.0 893.0 2244.0 large-vehicle 0
857.0 2225.0 927.0 2225.0 927.0 2263.0 857.0 2263.0 large-vehicle 0
829.0 2240.0 902.0 2240.0 902.0 2278.0 829.0 2278.0 large-vehicle 0
802.0 2258.0 872.0 2258.0 872.0 2297.0 802.0 2297.0 large-vehicle 0
1190.0 1244.0 1245.0 1244.0 1245.0 1287.0 1190.0 1287.0 large-vehicle 0
921.0 1009.0 963.0 1009.0 963.0 1063.0 921.0 1063.0 large-vehicle 0
1622.0 892.0 1674.0 892.0 1674.0 965.0 1622.0 965.0 large-vehicle 0
1675.0 2328.0 1734.0 2328.0 1734.0 2412.0 1675.0 2412.0 large-vehicle 0
1597.0 911.0 1652.0 911.0 1652.0 994.0 1597.0 994.0 large-vehicle 1
1889.0 2236.0 1917.0 2236.0 1917.0 2270.0 1889.0 2270.0 small-vehicle 0
1774.0 2192.0 1832.0 2192.0 1832.0 2276.0 1774.0 2276.0 large-vehicle 0
1746.0 2195.0 1805.0 2195.0 1805.0 2276.0 1746.0 2276.0 large-vehicle 0
1718.0 2197.0 1778.0 2197.0 1778.0 2279.0 1718.0 2279.0 large-vehicle 0
1700.0 2218.0 1759.0 2218.0 1759.0 2299.0 1700.0 2299.0 large-vehicle 0
1721.0 2304.0 1779.0 2304.0 1779.0 2383.0 1721.0 2383.0 large-vehicle 0
1611.0 2277.0 1668.0 2277.0 1668.0 2355.0 1611.0 2355.0 large-vehicle 0
2010.0 3298.0 2039.0 3298.0 2039.0 3332.0 2010.0 3332.0 small-vehicle 1
1584.0 2284.0 1642.0 2284.0 1642.0 2362.0 1584.0 2362.0 large-vehicle 0
1564.0 2306.0 1622.0 2306.0 1622.0 2382.0 1564.0 2382.0 large-vehicle 1
1540.0 2310.0 1596.0 2310.0 1596.0 2387.0 1540.0 2387.0 large-vehicle 0
1519.0 2330.0 1573.0 2330.0 1573.0 2407.0 1519.0 2407.0 large-vehicle 0
1479.0 2370.0 1537.0 2370.0 1537.0 2450.0 1479.0 2450.0 large-vehicle 0
1453.0 2375.0 1504.0 2375.0 1504.0 2443.0 1453.0 2443.0 large-vehicle 0
1432.0 2388.0 1485.0 2388.0 1485.0 2458.0 1432.0 2458.0 large-vehicle 0
2509.0 349.0 2543.0 349.0 2543.0 375.0 2509.0 375.0 small-vehicle 0
2545.0 308.0 2575.0 308.0 2575.0 333.0 2545.0 333.0 small-vehicle 0
2571.0 313.0 2601.0 313.0 2601.0 338.0 2571.0 338.0 small-vehicle 0
2844.0 1030.0 2865.0 1030.0 2865.0 1047.0 2844.0 1047.0 small-vehicle 0
430.0 1471.0 499.0 1471.0 499.0 1565.0 430.0 1565.0 large-vehicle 0
408.0 1887.0 456.0 1887.0 456.0 1942.0 408.0 1942.0 large-vehicle 0
375.0 1834.0 421.0 1834.0 421.0 1888.0 375.0 1888.0 large-vehicle 0
504.0 1813.0 586.0 1813.0 586.0 1934.0 504.0 1934.0 large-vehicle 0
340.0 1774.0 384.0 1774.0 384.0 1829.0 340.0 1829.0 large-vehicle 0
533.0 2025.0 602.0 2025.0 602.0 2118.0 533.0 2118.0 large-vehicle 0
614.0 2154.0 669.0 2154.0 669.0 2223.0 614.0 2223.0 large-vehicle 0
2811.0 975.0 2851.0 975.0 2851.0 992.0 2811.0 992.0 small-vehicle 0
551.0 1404.0 619.0 1404.0 619.0 1499.0 551.0 1499.0 large-vehicle 0
3078.0 1388.0 3105.0 1388.0 3105.0 1413.0 3078.0 1413.0 small-vehicle 0
3068.0 1366.0 3104.0 1366.0 3104.0 1396.0 3068.0 1396.0 small-vehicle 0
3051.0 1335.0 3087.0 1335.0 3087.0 1363.0 3051.0 1363.0 small-vehicle 0
3039.0 1320.0 3074.0 1320.0 3074.0 1348.0 3039.0 1348.0 small-vehicle 0
3042.0 1494.0 3080.0 1494.0 3080.0 1524.0 3042.0 1524.0 small-vehicle 0
3033.0 1474.0 3072.0 1474.0 3072.0 1505.0 3033.0 1505.0 small-vehicle 0
3028.0 1460.0 3062.0 1460.0 3062.0 1488.0 3028.0 1488.0 small-vehicle 0
472.0 1450.0 542.0 1450.0 542.0 1548.0 472.0 1548.0 large-vehicle 0
575.0 1391.0 644.0 1391.0 644.0 1485.0 575.0 1485.0 large-vehicle 0
3004.0 1429.0 3041.0 1429.0 3041.0 1456.0 3004.0 1456.0 small-vehicle 0
1339.0 1099.0 1395.0 1099.0 1395.0 1174.0 1339.0 1174.0 large-vehicle 0
355.0 1754.0 429.0 1754.0 429.0 1856.0 355.0 1856.0 large-vehicle 1
1272.0 1134.0 1334.0 1134.0 1334.0 1215.0 1272.0 1215.0 large-vehicle 0
1245.0 1147.0 1310.0 1147.0 1310.0 1232.0 1245.0 1232.0 large-vehicle 0
1217.0 1159.0 1283.0 1159.0 1283.0 1245.0 1217.0 1245.0 large-vehicle 0
1451.0 1022.0 1514.0 1022.0 1514.0 1107.0 1451.0 1107.0 large-vehicle 0
1428.0 1038.0 1486.0 1038.0 1486.0 1121.0 1428.0 1121.0 large-vehicle 0
1400.0 1064.0 1458.0 1064.0 1458.0 1138.0 1400.0 1138.0 large-vehicle 0
921.0 1251.0 1016.0 1251.0 1016.0 1319.0 921.0 1319.0 large-vehicle 0
615.0 1367.0 681.0 1367.0 681.0 1465.0 615.0 1465.0 large-vehicle 0
901.0 1208.0 1000.0 1208.0 1000.0 1279.0 901.0 1279.0 large-vehicle 0
900.0 1185.0 995.0 1185.0 995.0 1253.0 900.0 1253.0 large-vehicle 0
877.0 1168.0 974.0 1168.0 974.0 1236.0 877.0 1236.0 large-vehicle 0
2456.0 1966.0 2501.0 1966.0 2501.0 2004.0 2456.0 2004.0 large-vehicle 0
2422.0 1899.0 2509.0 1899.0 2509.0 1963.0 2422.0 1963.0 large-vehicle 0
1637.0 2267.0 1675.0 2267.0 1675.0 2313.0 1637.0 2313.0 large-vehicle 0
1499.0 2345.0 1538.0 2345.0 1538.0 2390.0 1499.0 2390.0 large-vehicle 0
3011.0 1447.0 3046.0 1447.0 3046.0 1475.0 3011.0 1475.0 small-vehicle 0
2994.0 1414.0 3027.0 1414.0 3027.0 1439.0 2994.0 1439.0 small-vehicle 0
2458.0 395.0 2493.0 395.0 2493.0 420.0 2458.0 420.0 small-vehicle 0
2549.0 343.0 2582.0 343.0 2582.0 371.0 2549.0 371.0 small-vehicle 1
2484.0 434.0 2518.0 434.0 2518.0 460.0 2484.0 460.0 small-vehicle 0
2517.0 418.0 2548.0 418.0 2548.0 442.0 2517.0 442.0 small-vehicle 0
2546.0 398.0 2581.0 398.0 2581.0 425.0 2546.0 425.0 small-vehicle 0
2535.0 386.0 2569.0 386.0 2569.0 415.0 2535.0 415.0 small-vehicle 1
2595.0 335.0 2626.0 335.0 2626.0 363.0 2595.0 363.0 small-vehicle 0
2580.0 327.0 2611.0 327.0 2611.0 352.0 2580.0 352.0 small-vehicle 0
2562.0 356.0 2594.0 356.0 2594.0 381.0 2562.0 381.0 small-vehicle 1
2540.0 328.0 2570.0 328.0 2570.0 356.0 2540.0 356.0 small-vehicle 0
2523.0 426.0 2559.0 426.0 2559.0 456.0 2523.0 456.0 small-vehicle 0
2533.0 373.0 2563.0 373.0 2563.0 400.0 2533.0 400.0 small-vehicle 1
2522.0 364.0 2552.0 364.0 2552.0 387.0 2522.0 387.0 small-vehicle 1
2505.0 404.0 2538.0 404.0 2538.0 430.0 2505.0 430.0 small-vehicle 0
2499.0 390.0 2532.0 390.0 2532.0 417.0 2499.0 417.0 small-vehicle 0
2488.0 376.0 2523.0 376.0 2523.0 405.0 2488.0 405.0 small-vehicle 0
2474.0 419.0 2510.0 419.0 2510.0 447.0 2474.0 447.0 small-vehicle 0
2468.0 408.0 2502.0 408.0 2502.0 434.0 2468.0 434.0 small-vehicle 0
2492.0 444.0 2528.0 444.0 2528.0 476.0 2492.0 476.0 small-vehicle 0
2500.0 463.0 2532.0 463.0 2532.0 494.0 2500.0 494.0 small-vehicle 0
2963.0 1365.0 3000.0 1365.0 3000.0 1396.0 2963.0 1396.0 small-vehicle 0
2586.0 452.0 2619.0 452.0 2619.0 478.0 2586.0 478.0 small-vehicle 0
2584.0 531.0 2621.0 531.0 2621.0 563.0 2584.0 563.0 small-vehicle 0
2563.0 572.0 2593.0 572.0 2593.0 598.0 2563.0 598.0 small-vehicle 0
2577.0 584.0 2607.0 584.0 2607.0 613.0 2577.0 613.0 small-vehicle 0
2554.0 558.0 2587.0 558.0 2587.0 584.0 2554.0 584.0 small-vehicle 0
2542.0 524.0 2573.0 524.0 2573.0 552.0 2542.0 552.0 small-vehicle 1
2550.0 541.0 2579.0 541.0 2579.0 567.0 2550.0 567.0 small-vehicle 1
2549.0 474.0 2580.0 474.0 2580.0 500.0 2549.0 500.0 small-vehicle 0
2530.0 508.0 2561.0 508.0 2561.0 537.0 2530.0 537.0 small-vehicle 0
2531.0 448.0 2564.0 448.0 2564.0 474.0 2531.0 474.0 small-vehicle 0
2517.0 492.0 2551.0 492.0 2551.0 523.0 2517.0 523.0 small-vehicle 0
2570.0 438.0 2608.0 438.0 2608.0 468.0 2570.0 468.0 small-vehicle 0
2586.0 390.0 2623.0 390.0 2623.0 419.0 2586.0 419.0 small-vehicle 0
2510.0 480.0 2540.0 480.0 2540.0 506.0 2510.0 506.0 small-vehicle 0
2540.0 459.0 2574.0 459.0 2574.0 488.0 2540.0 488.0 small-vehicle 0
2557.0 412.0 2587.0 412.0 2587.0 438.0 2557.0 438.0 small-vehicle 1
2562.0 423.0 2600.0 423.0 2600.0 454.0 2562.0 454.0 small-vehicle 0
748.0 2264.0 827.0 2264.0 827.0 2308.0 748.0 2308.0 large-vehicle 0
