imagesource:GoogleEarth
gsd:0.266339349891
1686.0 1511.0 1711.0 1511.0 1711.0 1541.0 1686.0 1541.0 large-vehicle 1
1745.0 391.0 1792.0 391.0 1792.0 428.0 1745.0 428.0 large-vehicle 0
326.0 74.0 339.0 74.0 339.0 89.0 326.0 89.0 small-vehicle 1
330.0 62.0 347.0 62.0 347.0 81.0 330.0 81.0 small-vehicle 1
347.0 50.0 366.0 50.0 366.0 72.0 347.0 72.0 small-vehicle 1
365.0 41.0 386.0 41.0 386.0 63.0 365.0 63.0 small-vehicle 1
216.0 106.0 234.0 106.0 234.0 122.0 216.0 122.0 small-vehicle 1
147.0 82.0 167.0 82.0 167.0 107.0 147.0 107.0 small-vehicle 1
218.0 84.0 236.0 84.0 236.0 106.0 218.0 106.0 small-vehicle 1
264.0 116.0 280.0 116.0 280.0 136.0 264.0 136.0 small-vehicle 1
292.0 114.0 311.0 114.0 311.0 132.0 292.0 132.0 small-vehicle 1
247.0 62.0 266.0 62.0 266.0 85.0 247.0 85.0 small-vehicle 1
260.0 60.0 276.0 60.0 276.0 81.0 260.0 81.0 small-vehicle 1
268.0 54.0 285.0 54.0 285.0 74.0 268.0 74.0 small-vehicle 1
283.0 44.0 300.0 44.0 300.0 64.0 283.0 64.0 small-vehicle 1
294.0 40.0 309.0 40.0 309.0 59.0 294.0 59.0 small-vehicle 1
308.0 26.0 326.0 26.0 326.0 47.0 308.0 47.0 small-vehicle 1
1054.0 914.0 1242.0 914.0 1242.0 1096.0 1054.0 1096.0 plane 0
1299.0 740.0 1497.0 740.0 1497.0 948.0 1299.0 948.0 plane 0
1555.0 610.0 1745.0 610.0 1745.0 801.0 1555.0 801.0 plane 0
1794.0 468.0 1981.0 468.0 1981.0 659.0 1794.0 659.0 plane 0
2211.0 252.0 2395.0 252.0 2395.0 442.0 2211.0 442.0 plane 0
2042.0 398.0 2238.0 398.0 2238.0 592.0 2042.0 592.0 plane 0
7.0 1450.0 203.0 1450.0 203.0 1648.0 7.0 1648.0 plane 0
850.0 1087.0 1027.0 1087.0 1027.0 1268.0 850.0 1268.0 plane 0
692.0 1181.0 868.0 1181.0 868.0 1364.0 692.0 1364.0 plane 0
288.0 1432.0 468.0 1432.0 468.0 1616.0 288.0 1616.0 plane 0
254.0 174.0 274.0 174.0 274.0 192.0 254.0 192.0 small-vehicle 1
264.0 187.0 286.0 187.0 286.0 206.0 264.0 206.0 small-vehicle 1
272.0 206.0 294.0 206.0 294.0 225.0 272.0 225.0 small-vehicle 1
627.0 850.0 665.0 850.0 665.0 899.0 627.0 899.0 large-vehicle 0
469.0 516.0 495.0 516.0 495.0 537.0 469.0 537.0 small-vehicle 1
599.0 719.0 620.0 719.0 620.0 740.0 599.0 740.0 small-vehicle 1
611.0 666.0 633.0 666.0 633.0 693.0 611.0 693.0 large-vehicle 1
451.0 486.0 488.0 486.0 488.0 514.0 451.0 514.0 large-vehicle 1
546.0 632.0 565.0 632.0 565.0 651.0 546.0 651.0 small-vehicle 1
547.0 646.0 570.0 646.0 570.0 666.0 547.0 666.0 small-vehicle 1
161.0 1408.0 201.0 1408.0 201.0 1458.0 161.0 1458.0 large-vehicle 0
200.0 1455.0 240.0 1455.0 240.0 1507.0 200.0 1507.0 large-vehicle 0
364.0 1316.0 418.0 1316.0 418.0 1357.0 364.0 1357.0 large-vehicle 0
284.0 1237.0 336.0 1237.0 336.0 1264.0 284.0 1264.0 large-vehicle 0
278.0 847.0 333.0 847.0 333.0 887.0 278.0 887.0 large-vehicle 0
318.0 789.0 358.0 789.0 358.0 837.0 318.0 837.0 large-vehicle 0
288.0 231.0 309.0 231.0 309.0 247.0 288.0 247.0 small-vehicle 1
414.0 13.0 431.0 13.0 431.0 35.0 414.0 35.0 small-vehicle 1
395.0 22.0 411.0 22.0 411.0 44.0 395.0 44.0 small-vehicle 1
401.0 318.0 412.0 318.0 412.0 339.0 401.0 339.0 small-vehicle 1
355.0 341.0 371.0 341.0 371.0 357.0 355.0 357.0 small-vehicle 1
347.0 333.0 366.0 333.0 366.0 349.0 347.0 349.0 small-vehicle 1
339.0 315.0 356.0 315.0 356.0 331.0 339.0 331.0 small-vehicle 1
329.0 299.0 348.0 299.0 348.0 318.0 329.0 318.0 small-vehicle 1
318.0 284.0 334.0 284.0 334.0 299.0 318.0 299.0 small-vehicle 1
305.0 258.0 323.0 258.0 323.0 274.0 305.0 274.0 small-vehicle 1
298.0 249.0 316.0 249.0 316.0 264.0 298.0 264.0 small-vehicle 1
284.0 223.0 303.0 223.0 303.0 239.0 284.0 239.0 small-vehicle 1
550.0 1263.0 742.0 1263.0 742.0 1457.0 550.0 1457.0 plane 0
