imagesource:GoogleEarth
gsd:0.271412488326
879.0 1899.0 895.0 1899.0 895.0 1913.0 879.0 1913.0 small-vehicle 1
962.0 1919.0 979.0 1919.0 979.0 1935.0 962.0 1935.0 small-vehicle 0
983.0 1944.0 1002.0 1944.0 1002.0 1961.0 983.0 1961.0 small-vehicle 0
666.0 1654.0 677.0 1654.0 677.0 1668.0 666.0 1668.0 small-vehicle 1
406.0 1363.0 423.0 1363.0 423.0 1380.0 406.0 1380.0 small-vehicle 0
37.0 967.0 52.0 967.0 52.0 982.0 37.0 982.0 small-vehicle 0
1431.0 499.0 1550.0 499.0 1550.0 665.0 1431.0 665.0 soccer-ball-field 0
1009.0 54.0 1204.0 54.0 1204.0 244.0 1009.0 244.0 baseball-diamond 0
1170.0 1286.0 1392.0 1286.0 1392.0 1476.0 1170.0 1476.0 baseball-diamond 0
1011.0 851.0 1249.0 851.0 1249.0 1067.0 1011.0 1067.0 baseball-diamond 0
700.0 1388.0 950.0 1388.0 950.0 1601.0 700.0 1601.0 baseball-diamond 0
815.0 1138.0 985.0 1138.0 985.0 1283.0 815.0 1283.0 baseball-diamond 0
472.0 1135.0 727.0 1135.0 727.0 1352.0 472.0 1352.0 baseball-diamond 0
671.0 888.0 868.0 888.0 868.0 1044.0 671.0 1044.0 baseball-diamond 0
254.0 904.0 502.0 904.0 502.0 1125.0 254.0 1125.0 baseball-diamond 0
429.0 657.0 695.0 657.0 695.0 899.0 429.0 899.0 baseball-diamond 0
776.0 659.0 956.0 659.0 956.0 819.0 776.0 819.0 baseball-diamond 0
972.0 1932.0 991.0 1932.0 991.0 1949.0 972.0 1949.0 small-vehicle 0
919.0 1947.0 938.0 1947.0 938.0 1966.0 919.0 1966.0 small-vehicle 0
892.0 1915.0 907.0 1915.0 907.0 1928.0 892.0 1928.0 small-vehicle 1
938.0 1893.0 955.0 1893.0 955.0 1908.0 938.0 1908.0 small-vehicle 0
844.0 1786.0 862.0 1786.0 862.0 1802.0 844.0 1802.0 small-vehicle 0
857.0 1801.0 873.0 1801.0 873.0 1815.0 857.0 1815.0 small-vehicle 1
863.0 1807.0 878.0 1807.0 878.0 1822.0 863.0 1822.0 small-vehicle 1
851.0 1793.0 867.0 1793.0 867.0 1808.0 851.0 1808.0 small-vehicle 1
868.0 1812.0 886.0 1812.0 886.0 1828.0 868.0 1828.0 small-vehicle 1
874.0 1818.0 892.0 1818.0 892.0 1836.0 874.0 1836.0 small-vehicle 1
879.0 1826.0 897.0 1826.0 897.0 1843.0 879.0 1843.0 small-vehicle 0
886.0 1832.0 903.0 1832.0 903.0 1849.0 886.0 1849.0 small-vehicle 0
893.0 1842.0 908.0 1842.0 908.0 1856.0 893.0 1856.0 small-vehicle 1
896.0 1846.0 913.0 1846.0 913.0 1863.0 896.0 1863.0 small-vehicle 0
902.0 1852.0 921.0 1852.0 921.0 1869.0 902.0 1869.0 small-vehicle 0
913.0 1866.0 932.0 1866.0 932.0 1882.0 913.0 1882.0 small-vehicle 0
920.0 1872.0 938.0 1872.0 938.0 1890.0 920.0 1890.0 small-vehicle 0
927.0 1878.0 943.0 1878.0 943.0 1894.0 927.0 1894.0 small-vehicle 0
932.0 1885.0 950.0 1885.0 950.0 1902.0 932.0 1902.0 small-vehicle 0
665.0 414.0 852.0 414.0 852.0 569.0 665.0 569.0 baseball-diamond 0
