imagesource:GoogleEarth
gsd:0.267211625414
654.0 302.0 671.0 302.0 671.0 311.0 654.0 311.0 small-vehicle 1
186.0 1418.0 194.0 1418.0 194.0 1432.0 186.0 1432.0 small-vehicle 1
940.0 97.0 948.0 97.0 948.0 113.0 940.0 113.0 small-vehicle 0
811.0 75.0 828.0 75.0 828.0 82.0 811.0 82.0 small-vehicle 0
860.0 83.0 876.0 83.0 876.0 92.0 860.0 92.0 small-vehicle 0
721.0 328.0 735.0 328.0 735.0 336.0 721.0 336.0 small-vehicle 1
348.0 304.0 367.0 304.0 367.0 313.0 348.0 313.0 small-vehicle 0
313.0 280.0 327.0 280.0 327.0 289.0 313.0 289.0 small-vehicle 1
176.0 1617.0 186.0 1617.0 186.0 1637.0 176.0 1637.0 small-vehicle 0
126.0 1500.0 139.0 1500.0 139.0 1507.0 126.0 1507.0 small-vehicle 1
116.0 1150.0 129.0 1150.0 129.0 1156.0 116.0 1156.0 small-vehicle 1
630.0 425.0 638.0 425.0 638.0 445.0 630.0 445.0 small-vehicle 1
116.0 1139.0 130.0 1139.0 130.0 1147.0 116.0 1147.0 small-vehicle 1
117.0 1107.0 133.0 1107.0 133.0 1116.0 117.0 1116.0 small-vehicle 0
66.0 1011.0 75.0 1011.0 75.0 1030.0 66.0 1030.0 small-vehicle 0
46.0 880.0 53.0 880.0 53.0 897.0 46.0 897.0 small-vehicle 0
48.0 842.0 55.0 842.0 55.0 858.0 48.0 858.0 small-vehicle 0
74.0 730.0 90.0 730.0 90.0 739.0 74.0 739.0 small-vehicle 0
726.0 45.0 744.0 45.0 744.0 53.0 726.0 53.0 small-vehicle 0
635.0 284.0 651.0 284.0 651.0 292.0 635.0 292.0 small-vehicle 0
931.0 96.0 938.0 96.0 938.0 114.0 931.0 114.0 small-vehicle 0
1041.0 94.0 1060.0 94.0 1060.0 104.0 1041.0 104.0 small-vehicle 0
872.0 267.0 879.0 267.0 879.0 280.0 872.0 280.0 small-vehicle 1
843.0 264.0 852.0 264.0 852.0 280.0 843.0 280.0 small-vehicle 1
1248.0 158.0 1263.0 158.0 1263.0 168.0 1248.0 168.0 small-vehicle 1
1262.0 151.0 1276.0 151.0 1276.0 158.0 1262.0 158.0 small-vehicle 1
1266.0 132.0 1282.0 132.0 1282.0 141.0 1266.0 141.0 small-vehicle 0
1297.0 118.0 1315.0 118.0 1315.0 127.0 1297.0 127.0 small-vehicle 0
1299.0 127.0 1314.0 127.0 1314.0 137.0 1299.0 137.0 small-vehicle 0
1299.0 137.0 1315.0 137.0 1315.0 145.0 1299.0 145.0 small-vehicle 0
1297.0 145.0 1314.0 145.0 1314.0 156.0 1297.0 156.0 small-vehicle 0
1296.0 164.0 1314.0 164.0 1314.0 174.0 1296.0 174.0 small-vehicle 0
1297.0 175.0 1314.0 175.0 1314.0 183.0 1297.0 183.0 small-vehicle 0
1295.0 184.0 1313.0 184.0 1313.0 192.0 1295.0 192.0 small-vehicle 0
1296.0 193.0 1313.0 193.0 1313.0 201.0 1296.0 201.0 small-vehicle 0
1295.0 222.0 1313.0 222.0 1313.0 229.0 1295.0 229.0 small-vehicle 0
1295.0 230.0 1310.0 230.0 1310.0 238.0 1295.0 238.0 small-vehicle 1
1204.0 403.0 1221.0 403.0 1221.0 413.0 1204.0 413.0 small-vehicle 0
1068.0 378.0 1078.0 378.0 1078.0 394.0 1068.0 394.0 small-vehicle 1
983.0 307.0 998.0 307.0 998.0 314.0 983.0 314.0 small-vehicle 1
868.0 303.0 876.0 303.0 876.0 317.0 868.0 317.0 small-vehicle 1
634.0 275.0 649.0 275.0 649.0 282.0 634.0 282.0 small-vehicle 1
633.0 227.0 651.0 227.0 651.0 236.0 633.0 236.0 small-vehicle 0
671.0 548.0 689.0 548.0 689.0 560.0 671.0 560.0 small-vehicle 0
317.0 234.0 330.0 234.0 330.0 241.0 317.0 241.0 small-vehicle 1
356.0 173.0 363.0 173.0 363.0 187.0 356.0 187.0 small-vehicle 1
444.0 122.0 457.0 122.0 457.0 138.0 444.0 138.0 small-vehicle 0
414.0 96.0 428.0 96.0 428.0 103.0 414.0 103.0 small-vehicle 1
513.0 54.0 520.0 54.0 520.0 69.0 513.0 69.0 small-vehicle 1
377.0 29.0 385.0 29.0 385.0 45.0 377.0 45.0 small-vehicle 1
387.0 31.0 395.0 31.0 395.0 46.0 387.0 46.0 small-vehicle 1
29.0 840.0 37.0 840.0 37.0 856.0 29.0 856.0 small-vehicle 0
238.0 797.0 256.0 797.0 256.0 814.0 238.0 814.0 small-vehicle 0
1150.0 576.0 1529.0 576.0 1529.0 1277.0 1150.0 1277.0 ground-track-field 0
1208.0 735.0 1471.0 735.0 1471.0 1126.0 1208.0 1126.0 soccer-ball-field 0
735.0 640.0 778.0 640.0 778.0 733.0 735.0 733.0 tennis-court 0
673.0 640.0 714.0 640.0 714.0 728.0 673.0 728.0 tennis-court 0
611.0 641.0 652.0 641.0 652.0 729.0 611.0 729.0 tennis-court 0
548.0 640.0 589.0 640.0 589.0 729.0 548.0 729.0 tennis-court 0
489.0 638.0 531.0 638.0 531.0 726.0 489.0 726.0 tennis-court 0
429.0 637.0 470.0 637.0 470.0 725.0 429.0 725.0 tennis-court 0
363.0 635.0 405.0 635.0 405.0 725.0 363.0 725.0 tennis-court 0
213.0 215.0 231.0 215.0 231.0 224.0 213.0 224.0 small-vehicle 0
316.0 243.0 331.0 243.0 331.0 252.0 316.0 252.0 small-vehicle 0
645.0 540.0 666.0 540.0 666.0 556.0 645.0 556.0 small-vehicle 0
316.0 253.0 332.0 253.0 332.0 261.0 316.0 261.0 small-vehicle 0
603.0 524.0 610.0 524.0 610.0 537.0 603.0 537.0 small-vehicle 1
595.0 521.0 601.0 521.0 601.0 536.0 595.0 536.0 small-vehicle 1
584.0 520.0 591.0 520.0 591.0 534.0 584.0 534.0 small-vehicle 1
531.0 517.0 539.0 517.0 539.0 534.0 531.0 534.0 small-vehicle 1
443.0 517.0 451.0 517.0 451.0 533.0 443.0 533.0 small-vehicle 1
471.0 517.0 477.0 517.0 477.0 532.0 471.0 532.0 small-vehicle 1
417.0 516.0 425.0 516.0 425.0 534.0 417.0 534.0 small-vehicle 1
400.0 519.0 408.0 519.0 408.0 535.0 400.0 535.0 small-vehicle 1
381.0 518.0 392.0 518.0 392.0 534.0 381.0 534.0 small-vehicle 1
366.0 516.0 376.0 516.0 376.0 533.0 366.0 533.0 small-vehicle 1
356.0 516.0 365.0 516.0 365.0 533.0 356.0 533.0 small-vehicle 1
348.0 518.0 356.0 518.0 356.0 532.0 348.0 532.0 small-vehicle 1
324.0 189.0 333.0 189.0 333.0 206.0 324.0 206.0 small-vehicle 1
170.0 394.0 187.0 394.0 187.0 402.0 170.0 402.0 small-vehicle 1
201.0 316.0 215.0 316.0 215.0 323.0 201.0 323.0 small-vehicle 1
203.0 300.0 216.0 300.0 216.0 308.0 203.0 308.0 small-vehicle 1
195.0 259.0 212.0 259.0 212.0 269.0 195.0 269.0 small-vehicle 1
985.0 52.0 1000.0 52.0 1000.0 61.0 985.0 61.0 small-vehicle 0
1300.0 108.0 1315.0 108.0 1315.0 116.0 1300.0 116.0 small-vehicle 1
1300.0 101.0 1314.0 101.0 1314.0 108.0 1300.0 108.0 small-vehicle 1
694.0 265.0 712.0 265.0 712.0 272.0 694.0 272.0 small-vehicle 1
20.0 841.0 27.0 841.0 27.0 857.0 20.0 857.0 small-vehicle 0
30.0 1010.0 39.0 1010.0 39.0 1024.0 30.0 1024.0 small-vehicle 1
115.0 1118.0 130.0 1118.0 130.0 1127.0 115.0 1127.0 small-vehicle 1
116.0 1128.0 131.0 1128.0 131.0 1138.0 116.0 1138.0 small-vehicle 1
399.0 1135.0 577.0 1135.0 577.0 1315.0 399.0 1315.0 baseball-diamond 0
486.0 1634.0 502.0 1634.0 502.0 1644.0 486.0 1644.0 small-vehicle 1
983.0 1310.0 998.0 1310.0 998.0 1330.0 983.0 1330.0 small-vehicle 0
1580.0 290.0 1595.0 290.0 1595.0 297.0 1580.0 297.0 small-vehicle 1
1545.0 228.0 1551.0 228.0 1551.0 243.0 1545.0 243.0 small-vehicle 0
1577.0 196.0 1591.0 196.0 1591.0 202.0 1577.0 202.0 small-vehicle 1
1548.0 194.0 1556.0 194.0 1556.0 213.0 1548.0 213.0 small-vehicle 0
1511.0 200.0 1528.0 200.0 1528.0 210.0 1511.0 210.0 small-vehicle 0
1538.0 30.0 1545.0 30.0 1545.0 48.0 1538.0 48.0 small-vehicle 0
1565.0 28.0 1573.0 28.0 1573.0 49.0 1565.0 49.0 small-vehicle 0
1565.0 51.0 1572.0 51.0 1572.0 67.0 1565.0 67.0 small-vehicle 0
1567.0 96.0 1586.0 96.0 1586.0 105.0 1567.0 105.0 small-vehicle 0
1571.0 105.0 1589.0 105.0 1589.0 114.0 1571.0 114.0 small-vehicle 0
694.0 283.0 711.0 283.0 711.0 292.0 694.0 292.0 small-vehicle 1
652.0 246.0 669.0 246.0 669.0 253.0 652.0 253.0 small-vehicle 1
1512.0 140.0 1530.0 140.0 1530.0 149.0 1512.0 149.0 small-vehicle 0
452.0 117.0 465.0 117.0 465.0 131.0 452.0 131.0 small-vehicle 1
631.0 349.0 639.0 349.0 639.0 364.0 631.0 364.0 small-vehicle 1
695.0 255.0 710.0 255.0 710.0 263.0 695.0 263.0 small-vehicle 1
392.0 287.0 402.0 287.0 402.0 303.0 392.0 303.0 small-vehicle 1
884.0 29.0 901.0 29.0 901.0 35.0 884.0 35.0 small-vehicle 1
956.0 80.0 971.0 80.0 971.0 89.0 956.0 89.0 small-vehicle 1
1576.0 186.0 1592.0 186.0 1592.0 195.0 1576.0 195.0 small-vehicle 1
1612.0 1474.0 1621.0 1474.0 1621.0 1492.0 1612.0 1492.0 small-vehicle 1
1602.0 1475.0 1612.0 1475.0 1612.0 1493.0 1602.0 1493.0 small-vehicle 1
548.0 1481.0 569.0 1481.0 569.0 1493.0 548.0 1493.0 small-vehicle 1
302.0 1610.0 317.0 1610.0 317.0 1618.0 302.0 1618.0 small-vehicle 1
302.0 1619.0 318.0 1619.0 318.0 1627.0 302.0 1627.0 small-vehicle 1
303.0 1627.0 318.0 1627.0 318.0 1637.0 303.0 1637.0 small-vehicle 1
525.0 1553.0 542.0 1553.0 542.0 1564.0 525.0 1564.0 small-vehicle 1
56.0 881.0 62.0 881.0 62.0 898.0 56.0 898.0 small-vehicle 1
312.0 552.0 319.0 552.0 319.0 569.0 312.0 569.0 small-vehicle 1
696.0 301.0 710.0 301.0 710.0 311.0 696.0 311.0 small-vehicle 1
190.0 213.0 198.0 213.0 198.0 228.0 190.0 228.0 small-vehicle 1
1573.0 115.0 1588.0 115.0 1588.0 123.0 1573.0 123.0 small-vehicle 0
1618.0 348.0 1626.0 348.0 1626.0 362.0 1618.0 362.0 small-vehicle 1
1340.0 253.0 1349.0 253.0 1349.0 271.0 1340.0 271.0 small-vehicle 0
1288.0 1493.0 1298.0 1493.0 1298.0 1509.0 1288.0 1509.0 small-vehicle 0
1288.0 1633.0 1298.0 1633.0 1298.0 1649.0 1288.0 1649.0 small-vehicle 1
1134.0 1662.0 1144.0 1662.0 1144.0 1680.0 1134.0 1680.0 small-vehicle 1
1231.0 1688.0 1243.0 1688.0 1243.0 1707.0 1231.0 1707.0 small-vehicle 1
1186.0 1700.0 1199.0 1700.0 1199.0 1716.0 1186.0 1716.0 small-vehicle 1
1160.0 1703.0 1173.0 1703.0 1173.0 1723.0 1160.0 1723.0 small-vehicle 0
1171.0 1655.0 1181.0 1655.0 1181.0 1677.0 1171.0 1677.0 small-vehicle 0
1194.0 1685.0 1209.0 1685.0 1209.0 1694.0 1194.0 1694.0 small-vehicle 1
1298.0 1631.0 1309.0 1631.0 1309.0 1651.0 1298.0 1651.0 small-vehicle 0
1324.0 1633.0 1343.0 1633.0 1343.0 1644.0 1324.0 1644.0 small-vehicle 0
1382.0 324.0 1388.0 324.0 1388.0 342.0 1382.0 342.0 small-vehicle 0
1369.0 286.0 1379.0 286.0 1379.0 306.0 1369.0 306.0 small-vehicle 0
1428.0 254.0 1436.0 254.0 1436.0 270.0 1428.0 270.0 small-vehicle 0
1454.0 253.0 1461.0 253.0 1461.0 270.0 1454.0 270.0 small-vehicle 0
1436.0 253.0 1445.0 253.0 1445.0 270.0 1436.0 270.0 small-vehicle 0
1419.0 254.0 1426.0 254.0 1426.0 268.0 1419.0 268.0 small-vehicle 1
1384.0 253.0 1394.0 253.0 1394.0 271.0 1384.0 271.0 small-vehicle 0
1369.0 253.0 1376.0 253.0 1376.0 271.0 1369.0 271.0 small-vehicle 0
1143.0 1708.0 1156.0 1708.0 1156.0 1725.0 1143.0 1725.0 small-vehicle 1
1591.0 1416.0 1602.0 1416.0 1602.0 1434.0 1591.0 1434.0 small-vehicle 0
1198.0 1593.0 1216.0 1593.0 1216.0 1604.0 1198.0 1604.0 small-vehicle 0
1616.0 1413.0 1628.0 1413.0 1628.0 1430.0 1616.0 1430.0 small-vehicle 0
1612.0 1565.0 1630.0 1565.0 1630.0 1576.0 1612.0 1576.0 small-vehicle 0
252.0 1650.0 269.0 1650.0 269.0 1658.0 252.0 1658.0 small-vehicle 0
222.0 1672.0 239.0 1672.0 239.0 1683.0 222.0 1683.0 small-vehicle 0
249.0 1611.0 268.0 1611.0 268.0 1622.0 249.0 1622.0 small-vehicle 0
251.0 1639.0 268.0 1639.0 268.0 1650.0 251.0 1650.0 small-vehicle 0
288.0 1693.0 296.0 1693.0 296.0 1710.0 288.0 1710.0 small-vehicle 0
306.0 1693.0 314.0 1693.0 314.0 1708.0 306.0 1708.0 small-vehicle 1
543.0 1635.0 560.0 1635.0 560.0 1647.0 543.0 1647.0 small-vehicle 0
479.0 1585.0 497.0 1585.0 497.0 1595.0 479.0 1595.0 small-vehicle 0
520.0 1536.0 538.0 1536.0 538.0 1547.0 520.0 1547.0 small-vehicle 0
527.0 1573.0 546.0 1573.0 546.0 1585.0 527.0 1585.0 small-vehicle 0
536.0 1607.0 552.0 1607.0 552.0 1618.0 536.0 1618.0 small-vehicle 0
973.0 1701.0 983.0 1701.0 983.0 1721.0 973.0 1721.0 small-vehicle 0
1608.0 1549.0 1627.0 1549.0 1627.0 1558.0 1608.0 1558.0 small-vehicle 0
1498.0 1528.0 1509.0 1528.0 1509.0 1548.0 1498.0 1548.0 small-vehicle 0
1574.0 1360.0 1582.0 1360.0 1582.0 1377.0 1574.0 1377.0 small-vehicle 0
1582.0 1358.0 1591.0 1358.0 1591.0 1374.0 1582.0 1374.0 small-vehicle 0
303.0 633.0 345.0 633.0 345.0 723.0 303.0 723.0 tennis-court 0
