imagesource:GoogleEarth
gsd:0.271410798457
2421.0 186.0 2438.0 186.0 2438.0 206.0 2421.0 206.0 small-vehicle 1
785.0 1875.0 798.0 1875.0 798.0 1896.0 785.0 1896.0 small-vehicle 0
907.0 2077.0 928.0 2077.0 928.0 2094.0 907.0 2094.0 small-vehicle 0
903.0 2070.0 922.0 2070.0 922.0 2083.0 903.0 2083.0 small-vehicle 0
896.0 2054.0 914.0 2054.0 914.0 2068.0 896.0 2068.0 small-vehicle 0
891.0 2044.0 913.0 2044.0 913.0 2061.0 891.0 2061.0 small-vehicle 0
884.0 2026.0 904.0 2026.0 904.0 2044.0 884.0 2044.0 small-vehicle 0
868.0 2005.0 888.0 2005.0 888.0 2020.0 868.0 2020.0 small-vehicle 0
865.0 1991.0 877.0 1991.0 877.0 2009.0 865.0 2009.0 small-vehicle 0
850.0 1967.0 862.0 1967.0 862.0 1989.0 850.0 1989.0 small-vehicle 0
836.0 1943.0 850.0 1943.0 850.0 1966.0 836.0 1966.0 small-vehicle 1
823.0 1923.0 835.0 1923.0 835.0 1945.0 823.0 1945.0 small-vehicle 1
811.0 1911.0 823.0 1911.0 823.0 1929.0 811.0 1929.0 small-vehicle 0
797.0 1893.0 810.0 1893.0 810.0 1912.0 797.0 1912.0 small-vehicle 0
776.0 1859.0 784.0 1859.0 784.0 1880.0 776.0 1880.0 small-vehicle 1
1090.0 948.0 1110.0 948.0 1110.0 966.0 1090.0 966.0 small-vehicle 1
757.0 1847.0 768.0 1847.0 768.0 1866.0 757.0 1866.0 small-vehicle 0
749.0 1841.0 758.0 1841.0 758.0 1861.0 749.0 1861.0 small-vehicle 0
739.0 1828.0 754.0 1828.0 754.0 1849.0 739.0 1849.0 small-vehicle 0
704.0 1787.0 725.0 1787.0 725.0 1802.0 704.0 1802.0 small-vehicle 0
703.0 1778.0 720.0 1778.0 720.0 1792.0 703.0 1792.0 small-vehicle 0
694.0 1758.0 712.0 1758.0 712.0 1777.0 694.0 1777.0 small-vehicle 1
678.0 1735.0 696.0 1735.0 696.0 1756.0 678.0 1756.0 small-vehicle 0
634.0 1694.0 653.0 1694.0 653.0 1715.0 634.0 1715.0 small-vehicle 1
630.0 1688.0 647.0 1688.0 647.0 1705.0 630.0 1705.0 small-vehicle 1
622.0 1679.0 641.0 1679.0 641.0 1697.0 622.0 1697.0 small-vehicle 0
677.0 1658.0 694.0 1658.0 694.0 1669.0 677.0 1669.0 small-vehicle 0
703.0 1655.0 720.0 1655.0 720.0 1666.0 703.0 1666.0 small-vehicle 0
921.0 2101.0 943.0 2101.0 943.0 2119.0 921.0 2119.0 small-vehicle 0
30.0 1842.0 47.0 1842.0 47.0 1856.0 30.0 1856.0 small-vehicle 0
46.0 1845.0 62.0 1845.0 62.0 1866.0 46.0 1866.0 small-vehicle 0
44.0 1895.0 59.0 1895.0 59.0 1910.0 44.0 1910.0 small-vehicle 1
414.0 2274.0 430.0 2274.0 430.0 2292.0 414.0 2292.0 small-vehicle 0
403.0 2276.0 422.0 2276.0 422.0 2297.0 403.0 2297.0 small-vehicle 0
339.0 2287.0 355.0 2287.0 355.0 2305.0 339.0 2305.0 small-vehicle 1
361.0 2203.0 374.0 2203.0 374.0 2219.0 361.0 2219.0 small-vehicle 1
366.0 2196.0 380.0 2196.0 380.0 2213.0 366.0 2213.0 small-vehicle 0
318.0 2226.0 335.0 2226.0 335.0 2247.0 318.0 2247.0 small-vehicle 0
311.0 2233.0 326.0 2233.0 326.0 2251.0 311.0 2251.0 small-vehicle 0
96.0 2243.0 114.0 2243.0 114.0 2265.0 96.0 2265.0 small-vehicle 0
65.0 2224.0 78.0 2224.0 78.0 2242.0 65.0 2242.0 small-vehicle 0
346.0 2167.0 362.0 2167.0 362.0 2186.0 346.0 2186.0 small-vehicle 0
339.0 2173.0 354.0 2173.0 354.0 2190.0 339.0 2190.0 small-vehicle 0
329.0 2178.0 347.0 2178.0 347.0 2197.0 329.0 2197.0 large-vehicle 0
325.0 2186.0 337.0 2186.0 337.0 2200.0 325.0 2200.0 small-vehicle 1
318.0 2191.0 331.0 2191.0 331.0 2206.0 318.0 2206.0 small-vehicle 1
302.0 2201.0 316.0 2201.0 316.0 2216.0 302.0 2216.0 small-vehicle 1
312.0 2167.0 328.0 2167.0 328.0 2187.0 312.0 2187.0 small-vehicle 0
303.0 2172.0 320.0 2172.0 320.0 2192.0 303.0 2192.0 small-vehicle 1
63.0 1903.0 79.0 1903.0 79.0 1920.0 63.0 1920.0 small-vehicle 0
71.0 1898.0 88.0 1898.0 88.0 1916.0 71.0 1916.0 small-vehicle 0
77.0 1891.0 95.0 1891.0 95.0 1909.0 77.0 1909.0 small-vehicle 0
85.0 1885.0 103.0 1885.0 103.0 1904.0 85.0 1904.0 small-vehicle 0
102.0 1872.0 120.0 1872.0 120.0 1894.0 102.0 1894.0 small-vehicle 0
80.0 1861.0 100.0 1861.0 100.0 1884.0 80.0 1884.0 small-vehicle 0
67.0 1875.0 84.0 1875.0 84.0 1893.0 67.0 1893.0 small-vehicle 0
51.0 1886.0 68.0 1886.0 68.0 1906.0 51.0 1906.0 small-vehicle 0
721.0 1648.0 739.0 1648.0 739.0 1660.0 721.0 1660.0 small-vehicle 0
611.0 1664.0 630.0 1664.0 630.0 1679.0 611.0 1679.0 small-vehicle 0
617.0 1646.0 637.0 1646.0 637.0 1658.0 617.0 1658.0 small-vehicle 1
509.0 305.0 534.0 305.0 534.0 328.0 509.0 328.0 small-vehicle 0
386.0 307.0 407.0 307.0 407.0 326.0 386.0 326.0 small-vehicle 0
396.0 313.0 414.0 313.0 414.0 333.0 396.0 333.0 small-vehicle 0
396.0 326.0 420.0 326.0 420.0 346.0 396.0 346.0 small-vehicle 0
409.0 361.0 431.0 361.0 431.0 384.0 409.0 384.0 small-vehicle 0
540.0 370.0 560.0 370.0 560.0 394.0 540.0 394.0 small-vehicle 0
387.0 191.0 411.0 191.0 411.0 204.0 387.0 204.0 small-vehicle 0
1482.0 1707.0 2198.0 1707.0 2198.0 2439.0 1482.0 2439.0 ground-track-field 0
1619.0 1869.0 2042.0 1869.0 2042.0 2309.0 1619.0 2309.0 soccer-ball-field 0
1778.0 2386.0 1854.0 2386.0 1854.0 2481.0 1778.0 2481.0 tennis-court 0
1724.0 2421.0 1807.0 2421.0 1807.0 2522.0 1724.0 2522.0 tennis-court 0
1631.0 2304.0 1708.0 2304.0 1708.0 2399.0 1631.0 2399.0 tennis-court 0
1583.0 2337.0 1667.0 2337.0 1667.0 2437.0 1583.0 2437.0 tennis-court 0
1543.0 2177.0 1624.0 2177.0 1624.0 2276.0 1543.0 2276.0 tennis-court 0
1494.0 2212.0 1577.0 2212.0 1577.0 2309.0 1494.0 2309.0 tennis-court 0
1344.0 2719.0 1503.0 2719.0 1503.0 2862.0 1344.0 2862.0 baseball-diamond 0
1334.0 2297.0 1471.0 2297.0 1471.0 2415.0 1334.0 2415.0 baseball-diamond 0
1155.0 2419.0 1276.0 2419.0 1276.0 2530.0 1155.0 2530.0 baseball-diamond 0
950.0 1614.0 1174.0 1614.0 1174.0 1814.0 950.0 1814.0 baseball-diamond 0
1264.0 1689.0 1479.0 1689.0 1479.0 1884.0 1264.0 1884.0 baseball-diamond 0
1237.0 1974.0 1422.0 1974.0 1422.0 2150.0 1237.0 2150.0 baseball-diamond 0
1027.0 2136.0 1219.0 2136.0 1219.0 2321.0 1027.0 2321.0 baseball-diamond 0
1294.0 1280.0 1451.0 1280.0 1451.0 1443.0 1294.0 1443.0 baseball-diamond 0
410.0 961.0 610.0 961.0 610.0 1155.0 410.0 1155.0 baseball-diamond 0
811.0 1382.0 984.0 1382.0 984.0 1543.0 811.0 1543.0 baseball-diamond 0
810.0 851.0 1034.0 851.0 1034.0 1064.0 810.0 1064.0 baseball-diamond 0
383.0 294.0 406.0 294.0 406.0 314.0 383.0 314.0 small-vehicle 0
493.0 296.0 515.0 296.0 515.0 318.0 493.0 318.0 small-vehicle 0
639.0 1640.0 659.0 1640.0 659.0 1654.0 639.0 1654.0 small-vehicle 1
483.0 280.0 504.0 280.0 504.0 303.0 483.0 303.0 small-vehicle 0
664.0 1635.0 684.0 1635.0 684.0 1647.0 664.0 1647.0 small-vehicle 0
687.0 1630.0 705.0 1630.0 705.0 1643.0 687.0 1643.0 small-vehicle 0
710.0 1624.0 727.0 1624.0 727.0 1635.0 710.0 1635.0 small-vehicle 0
609.0 1624.0 627.0 1624.0 627.0 1645.0 609.0 1645.0 small-vehicle 0
620.0 1616.0 637.0 1616.0 637.0 1638.0 620.0 1638.0 small-vehicle 1
631.0 1614.0 645.0 1614.0 645.0 1633.0 631.0 1633.0 small-vehicle 1
649.0 1607.0 666.0 1607.0 666.0 1631.0 649.0 1631.0 small-vehicle 1
660.0 1606.0 674.0 1606.0 674.0 1626.0 660.0 1626.0 small-vehicle 0
675.0 1601.0 691.0 1601.0 691.0 1624.0 675.0 1624.0 small-vehicle 1
688.0 1599.0 703.0 1599.0 703.0 1623.0 688.0 1623.0 small-vehicle 1
698.0 1596.0 712.0 1596.0 712.0 1619.0 698.0 1619.0 small-vehicle 1
708.0 1593.0 721.0 1593.0 721.0 1616.0 708.0 1616.0 small-vehicle 0
764.0 1330.0 777.0 1330.0 777.0 1348.0 764.0 1348.0 small-vehicle 0
841.0 1112.0 862.0 1112.0 862.0 1126.0 841.0 1126.0 small-vehicle 1
740.0 1138.0 758.0 1138.0 758.0 1151.0 740.0 1151.0 small-vehicle 1
722.0 1139.0 742.0 1139.0 742.0 1156.0 722.0 1156.0 small-vehicle 1
680.0 1257.0 693.0 1257.0 693.0 1279.0 680.0 1279.0 small-vehicle 0
672.0 1227.0 684.0 1227.0 684.0 1245.0 672.0 1245.0 small-vehicle 0
667.0 1203.0 678.0 1203.0 678.0 1222.0 667.0 1222.0 small-vehicle 1
431.0 227.0 457.0 227.0 457.0 245.0 431.0 245.0 small-vehicle 1
440.0 237.0 460.0 237.0 460.0 251.0 440.0 251.0 small-vehicle 0
446.0 244.0 468.0 244.0 468.0 262.0 446.0 262.0 small-vehicle 0
455.0 252.0 477.0 252.0 477.0 270.0 455.0 270.0 small-vehicle 0
458.0 256.0 485.0 256.0 485.0 280.0 458.0 280.0 small-vehicle 0
475.0 270.0 496.0 270.0 496.0 293.0 475.0 293.0 small-vehicle 1
373.0 2299.0 391.0 2299.0 391.0 2321.0 373.0 2321.0 small-vehicle 0
304.0 2360.0 315.0 2360.0 315.0 2377.0 304.0 2377.0 small-vehicle 0
284.0 2353.0 296.0 2353.0 296.0 2371.0 284.0 2371.0 small-vehicle 0
1875.0 1265.0 1893.0 1265.0 1893.0 1283.0 1875.0 1283.0 small-vehicle 0
1854.0 2517.0 1870.0 2517.0 1870.0 2541.0 1854.0 2541.0 small-vehicle 1
1853.0 2573.0 1870.0 2573.0 1870.0 2593.0 1853.0 2593.0 small-vehicle 0
1805.0 2549.0 1828.0 2549.0 1828.0 2579.0 1805.0 2579.0 small-vehicle 1
1877.0 2507.0 1894.0 2507.0 1894.0 2526.0 1877.0 2526.0 small-vehicle 0
1896.0 2486.0 1916.0 2486.0 1916.0 2508.0 1896.0 2508.0 small-vehicle 1
1920.0 2471.0 1937.0 2471.0 1937.0 2490.0 1920.0 2490.0 small-vehicle 1
1935.0 2460.0 1952.0 2460.0 1952.0 2480.0 1935.0 2480.0 small-vehicle 0
1972.0 2478.0 1992.0 2478.0 1992.0 2500.0 1972.0 2500.0 small-vehicle 0
1964.0 2487.0 1982.0 2487.0 1982.0 2506.0 1964.0 2506.0 small-vehicle 0
1956.0 2491.0 1973.0 2491.0 1973.0 2511.0 1956.0 2511.0 small-vehicle 1
1948.0 2498.0 1966.0 2498.0 1966.0 2518.0 1948.0 2518.0 small-vehicle 1
1932.0 2510.0 1950.0 2510.0 1950.0 2529.0 1932.0 2529.0 small-vehicle 0
1876.0 2553.0 1895.0 2553.0 1895.0 2574.0 1876.0 2574.0 small-vehicle 0
1864.0 2557.0 1885.0 2557.0 1885.0 2578.0 1864.0 2578.0 small-vehicle 0
1694.0 2650.0 1718.0 2650.0 1718.0 2674.0 1694.0 2674.0 small-vehicle 0
1657.0 2671.0 1678.0 2671.0 1678.0 2695.0 1657.0 2695.0 small-vehicle 0
1650.0 2685.0 1665.0 2685.0 1665.0 2703.0 1650.0 2703.0 small-vehicle 0
2217.0 3013.0 2229.0 3013.0 2229.0 3029.0 2217.0 3029.0 small-vehicle 1
2227.0 3013.0 2240.0 3013.0 2240.0 3033.0 2227.0 3033.0 large-vehicle 0
2201.0 3052.0 2216.0 3052.0 2216.0 3073.0 2201.0 3073.0 small-vehicle 0
1698.0 2935.0 1720.0 2935.0 1720.0 2955.0 1698.0 2955.0 small-vehicle 0
1488.0 78.0 1509.0 78.0 1509.0 95.0 1488.0 95.0 small-vehicle 0
1417.0 410.0 1432.0 410.0 1432.0 421.0 1417.0 421.0 large-vehicle 1
1390.0 409.0 1409.0 409.0 1409.0 423.0 1390.0 423.0 large-vehicle 0
1097.0 958.0 1116.0 958.0 1116.0 975.0 1097.0 975.0 small-vehicle 0
2117.0 1504.0 2130.0 1504.0 2130.0 1525.0 2117.0 1525.0 large-vehicle 0
2158.0 1268.0 2170.0 1268.0 2170.0 1284.0 2158.0 1284.0 large-vehicle 0
1108.0 973.0 1129.0 973.0 1129.0 992.0 1108.0 992.0 small-vehicle 0
2298.0 1129.0 2311.0 1129.0 2311.0 1148.0 2298.0 1148.0 large-vehicle 0
88.0 2842.0 106.0 2842.0 106.0 2866.0 88.0 2866.0 small-vehicle 1
290.0 2643.0 312.0 2643.0 312.0 2660.0 290.0 2660.0 large-vehicle 0
610.0 2782.0 650.0 2782.0 650.0 2838.0 610.0 2838.0 large-vehicle 0
248.0 2698.0 273.0 2698.0 273.0 2718.0 248.0 2718.0 large-vehicle 0
364.0 2683.0 382.0 2683.0 382.0 2698.0 364.0 2698.0 small-vehicle 1
360.0 2595.0 377.0 2595.0 377.0 2618.0 360.0 2618.0 small-vehicle 1
451.0 2511.0 469.0 2511.0 469.0 2532.0 451.0 2532.0 small-vehicle 1
262.0 2461.0 271.0 2461.0 271.0 2481.0 262.0 2481.0 small-vehicle 1
238.0 2455.0 247.0 2455.0 247.0 2476.0 238.0 2476.0 small-vehicle 1
227.0 2451.0 239.0 2451.0 239.0 2473.0 227.0 2473.0 small-vehicle 1
487.0 2207.0 506.0 2207.0 506.0 2227.0 487.0 2227.0 small-vehicle 1
357.0 2310.0 374.0 2310.0 374.0 2332.0 357.0 2332.0 small-vehicle 1
113.0 2316.0 124.0 2316.0 124.0 2335.0 113.0 2335.0 small-vehicle 1
103.0 2370.0 115.0 2370.0 115.0 2389.0 103.0 2389.0 small-vehicle 1
168.0 2034.0 188.0 2034.0 188.0 2051.0 168.0 2051.0 small-vehicle 1
307.0 2043.0 327.0 2043.0 327.0 2064.0 307.0 2064.0 small-vehicle 1
676.0 1684.0 692.0 1684.0 692.0 1695.0 676.0 1695.0 small-vehicle 1
747.0 1337.0 759.0 1337.0 759.0 1355.0 747.0 1355.0 small-vehicle 1
2292.0 35.0 2312.0 35.0 2312.0 54.0 2292.0 54.0 small-vehicle 0
2500.0 1813.0 2514.0 1813.0 2514.0 1828.0 2500.0 1828.0 large-vehicle 1
2439.0 2054.0 2456.0 2054.0 2456.0 2069.0 2439.0 2069.0 small-vehicle 0
2420.0 2570.0 2440.0 2570.0 2440.0 2593.0 2420.0 2593.0 small-vehicle 0
1381.0 1070.0 1397.0 1070.0 1397.0 1082.0 1381.0 1082.0 large-vehicle 0
1833.0 404.0 1853.0 404.0 1853.0 423.0 1833.0 423.0 large-vehicle 0
1687.0 1429.0 1704.0 1429.0 1704.0 1447.0 1687.0 1447.0 large-vehicle 0
1101.0 966.0 1121.0 966.0 1121.0 984.0 1101.0 984.0 small-vehicle 0
1116.0 981.0 1137.0 981.0 1137.0 1000.0 1116.0 1000.0 small-vehicle 0
265.0 2346.0 280.0 2346.0 280.0 2370.0 265.0 2370.0 large-vehicle 0
127.0 2974.0 141.0 2974.0 141.0 2993.0 127.0 2993.0 small-vehicle 0
901.0 2940.0 916.0 2940.0 916.0 2953.0 901.0 2953.0 small-vehicle 1
724.0 2874.0 746.0 2874.0 746.0 2893.0 724.0 2893.0 small-vehicle 0
526.0 2791.0 546.0 2791.0 546.0 2807.0 526.0 2807.0 small-vehicle 0
81.0 2824.0 98.0 2824.0 98.0 2846.0 81.0 2846.0 small-vehicle 0
126.0 2531.0 143.0 2531.0 143.0 2556.0 126.0 2556.0 large-vehicle 0
139.0 2530.0 156.0 2530.0 156.0 2557.0 139.0 2557.0 large-vehicle 0
156.0 2538.0 169.0 2538.0 169.0 2558.0 156.0 2558.0 large-vehicle 0
328.0 2439.0 346.0 2439.0 346.0 2452.0 328.0 2452.0 small-vehicle 0
175.0 2544.0 185.0 2544.0 185.0 2561.0 175.0 2561.0 small-vehicle 0
490.0 2499.0 502.0 2499.0 502.0 2516.0 490.0 2516.0 small-vehicle 0
506.0 2492.0 518.0 2492.0 518.0 2511.0 506.0 2511.0 small-vehicle 0
434.0 2616.0 449.0 2616.0 449.0 2635.0 434.0 2635.0 small-vehicle 0
418.0 2607.0 432.0 2607.0 432.0 2626.0 418.0 2626.0 small-vehicle 0
371.0 2558.0 388.0 2558.0 388.0 2570.0 371.0 2570.0 small-vehicle 1
246.0 2505.0 255.0 2505.0 255.0 2524.0 246.0 2524.0 small-vehicle 0
254.0 2438.0 265.0 2438.0 265.0 2455.0 254.0 2455.0 small-vehicle 0
244.0 2437.0 255.0 2437.0 255.0 2453.0 244.0 2453.0 small-vehicle 1
308.0 2394.0 318.0 2394.0 318.0 2414.0 308.0 2414.0 small-vehicle 1
301.0 2414.0 311.0 2414.0 311.0 2429.0 301.0 2429.0 small-vehicle 1
287.0 2411.0 302.0 2411.0 302.0 2431.0 287.0 2431.0 small-vehicle 0
295.0 2392.0 310.0 2392.0 310.0 2412.0 295.0 2412.0 small-vehicle 0
286.0 2389.0 299.0 2389.0 299.0 2411.0 286.0 2411.0 small-vehicle 0
271.0 2399.0 285.0 2399.0 285.0 2423.0 271.0 2423.0 small-vehicle 0
250.0 2393.0 271.0 2393.0 271.0 2423.0 250.0 2423.0 large-vehicle 0
254.0 2353.0 264.0 2353.0 264.0 2370.0 254.0 2370.0 large-vehicle 0
702.0 2964.0 722.0 2964.0 722.0 2974.0 702.0 2974.0 small-vehicle 0
192.0 2941.0 206.0 2941.0 206.0 2962.0 192.0 2962.0 small-vehicle 0
1124.0 991.0 1142.0 991.0 1142.0 1007.0 1124.0 1007.0 small-vehicle 0
93.0 2990.0 106.0 2990.0 106.0 3008.0 93.0 3008.0 small-vehicle 0
1136.0 1005.0 1157.0 1005.0 1157.0 1023.0 1136.0 1023.0 small-vehicle 0
1136.0 1024.0 1154.0 1024.0 1154.0 1046.0 1136.0 1046.0 small-vehicle 1
1116.0 1031.0 1133.0 1031.0 1133.0 1053.0 1116.0 1053.0 small-vehicle 0
1108.0 1039.0 1122.0 1039.0 1122.0 1059.0 1108.0 1059.0 small-vehicle 0
1101.0 1041.0 1112.0 1041.0 1112.0 1061.0 1101.0 1061.0 small-vehicle 1
1089.0 1041.0 1103.0 1041.0 1103.0 1064.0 1089.0 1064.0 small-vehicle 1
1080.0 1046.0 1093.0 1046.0 1093.0 1066.0 1080.0 1066.0 small-vehicle 1
1065.0 1050.0 1081.0 1050.0 1081.0 1070.0 1065.0 1070.0 small-vehicle 0
1056.0 1052.0 1071.0 1052.0 1071.0 1072.0 1056.0 1072.0 small-vehicle 0
1045.0 1054.0 1060.0 1054.0 1060.0 1075.0 1045.0 1075.0 small-vehicle 1
1484.0 891.0 1499.0 891.0 1499.0 909.0 1484.0 909.0 large-vehicle 0
1452.0 2279.0 1478.0 2279.0 1478.0 2297.0 1452.0 2297.0 small-vehicle 1
1456.0 2288.0 1479.0 2288.0 1479.0 2305.0 1456.0 2305.0 small-vehicle 1
1444.0 2270.0 1464.0 2270.0 1464.0 2287.0 1444.0 2287.0 small-vehicle 0
1472.0 2314.0 1494.0 2314.0 1494.0 2334.0 1472.0 2334.0 small-vehicle 0
1327.0 2484.0 1351.0 2484.0 1351.0 2500.0 1327.0 2500.0 small-vehicle 1
1321.0 2498.0 1341.0 2498.0 1341.0 2513.0 1321.0 2513.0 small-vehicle 1
1335.0 2507.0 1357.0 2507.0 1357.0 2521.0 1335.0 2521.0 small-vehicle 0
1329.0 2521.0 1353.0 2521.0 1353.0 2535.0 1329.0 2535.0 small-vehicle 1
1333.0 2538.0 1354.0 2538.0 1354.0 2552.0 1333.0 2552.0 small-vehicle 1
1339.0 2553.0 1363.0 2553.0 1363.0 2570.0 1339.0 2570.0 small-vehicle 0
1615.0 2616.0 1632.0 2616.0 1632.0 2633.0 1615.0 2633.0 small-vehicle 0
1609.0 2628.0 1629.0 2628.0 1629.0 2647.0 1609.0 2647.0 small-vehicle 0
1593.0 2657.0 1614.0 2657.0 1614.0 2679.0 1593.0 2679.0 large-vehicle 0
1555.0 3041.0 1575.0 3041.0 1575.0 3058.0 1555.0 3058.0 small-vehicle 0
436.0 480.0 664.0 480.0 664.0 689.0 436.0 689.0 baseball-diamond 0
