imagesource:GoogleEarth
gsd:0.271348047641
712.0 2012.0 724.0 2012.0 724.0 2028.0 712.0 2028.0 small-vehicle 1
403.0 395.0 422.0 395.0 422.0 420.0 403.0 420.0 small-vehicle 1
590.0 540.0 610.0 540.0 610.0 564.0 590.0 564.0 small-vehicle 0
595.0 550.0 615.0 550.0 615.0 571.0 595.0 571.0 small-vehicle 0
603.0 558.0 620.0 558.0 620.0 576.0 603.0 576.0 small-vehicle 0
609.0 559.0 630.0 559.0 630.0 583.0 609.0 583.0 small-vehicle 0
624.0 569.0 646.0 569.0 646.0 593.0 624.0 593.0 small-vehicle 1
634.0 578.0 653.0 578.0 653.0 599.0 634.0 599.0 small-vehicle 1
648.0 586.0 667.0 586.0 667.0 608.0 648.0 608.0 small-vehicle 1
657.0 593.0 674.0 593.0 674.0 615.0 657.0 615.0 small-vehicle 1
663.0 602.0 680.0 602.0 680.0 622.0 663.0 622.0 small-vehicle 0
669.0 607.0 688.0 607.0 688.0 629.0 669.0 629.0 small-vehicle 0
677.0 612.0 696.0 612.0 696.0 633.0 677.0 633.0 small-vehicle 0
685.0 617.0 703.0 617.0 703.0 637.0 685.0 637.0 small-vehicle 0
692.0 625.0 708.0 625.0 708.0 644.0 692.0 644.0 small-vehicle 0
699.0 629.0 718.0 629.0 718.0 651.0 699.0 651.0 small-vehicle 0
705.0 632.0 726.0 632.0 726.0 657.0 705.0 657.0 small-vehicle 0
582.0 537.0 600.0 537.0 600.0 560.0 582.0 560.0 small-vehicle 0
573.0 530.0 594.0 530.0 594.0 553.0 573.0 553.0 small-vehicle 0
558.0 522.0 578.0 522.0 578.0 544.0 558.0 544.0 small-vehicle 0
467.0 450.0 485.0 450.0 485.0 471.0 467.0 471.0 small-vehicle 0
418.0 409.0 439.0 409.0 439.0 432.0 418.0 432.0 small-vehicle 0
432.0 422.0 451.0 422.0 451.0 442.0 432.0 442.0 small-vehicle 0
439.0 429.0 455.0 429.0 455.0 447.0 439.0 447.0 small-vehicle 0
443.0 429.0 465.0 429.0 465.0 454.0 443.0 454.0 small-vehicle 1
451.0 440.0 470.0 440.0 470.0 461.0 451.0 461.0 small-vehicle 0
458.0 445.0 480.0 445.0 480.0 467.0 458.0 467.0 small-vehicle 0
473.0 455.0 491.0 455.0 491.0 476.0 473.0 476.0 small-vehicle 0
544.0 509.0 564.0 509.0 564.0 533.0 544.0 533.0 small-vehicle 0
482.0 457.0 500.0 457.0 500.0 481.0 482.0 481.0 small-vehicle 0
488.0 462.0 507.0 462.0 507.0 485.0 488.0 485.0 small-vehicle 1
495.0 469.0 514.0 469.0 514.0 492.0 495.0 492.0 small-vehicle 1
503.0 476.0 522.0 476.0 522.0 499.0 503.0 499.0 small-vehicle 0
508.0 484.0 527.0 484.0 527.0 504.0 508.0 504.0 small-vehicle 0
535.0 504.0 556.0 504.0 556.0 527.0 535.0 527.0 small-vehicle 0
720.0 646.0 740.0 646.0 740.0 668.0 720.0 668.0 small-vehicle 0
736.0 655.0 755.0 655.0 755.0 678.0 736.0 678.0 small-vehicle 1
744.0 665.0 760.0 665.0 760.0 684.0 744.0 684.0 small-vehicle 0
605.0 493.0 622.0 493.0 622.0 513.0 605.0 513.0 small-vehicle 1
650.0 527.0 668.0 527.0 668.0 547.0 650.0 547.0 small-vehicle 1
642.0 522.0 660.0 522.0 660.0 543.0 642.0 543.0 small-vehicle 1
632.0 517.0 651.0 517.0 651.0 538.0 632.0 538.0 small-vehicle 0
627.0 512.0 645.0 512.0 645.0 532.0 627.0 532.0 small-vehicle 1
619.0 507.0 637.0 507.0 637.0 528.0 619.0 528.0 small-vehicle 0
611.0 502.0 629.0 502.0 629.0 522.0 611.0 522.0 small-vehicle 0
599.0 488.0 616.0 488.0 616.0 508.0 599.0 508.0 small-vehicle 1
663.0 540.0 681.0 540.0 681.0 559.0 663.0 559.0 small-vehicle 0
588.0 483.0 608.0 483.0 608.0 504.0 588.0 504.0 small-vehicle 0
684.0 477.0 703.0 477.0 703.0 496.0 684.0 496.0 small-vehicle 0
698.0 489.0 718.0 489.0 718.0 509.0 698.0 509.0 small-vehicle 0
714.0 503.0 735.0 503.0 735.0 522.0 714.0 522.0 small-vehicle 0
735.0 518.0 754.0 518.0 754.0 537.0 735.0 537.0 small-vehicle 0
751.0 531.0 773.0 531.0 773.0 553.0 751.0 553.0 small-vehicle 0
653.0 535.0 671.0 535.0 671.0 557.0 653.0 557.0 small-vehicle 0
672.0 544.0 691.0 544.0 691.0 564.0 672.0 564.0 small-vehicle 1
749.0 667.0 770.0 667.0 770.0 691.0 749.0 691.0 small-vehicle 0
800.0 648.0 821.0 648.0 821.0 670.0 800.0 670.0 small-vehicle 0
765.0 681.0 781.0 681.0 781.0 701.0 765.0 701.0 small-vehicle 0
779.0 691.0 799.0 691.0 799.0 713.0 779.0 713.0 small-vehicle 0
786.0 697.0 805.0 697.0 805.0 719.0 786.0 719.0 small-vehicle 0
808.0 715.0 825.0 715.0 825.0 736.0 808.0 736.0 small-vehicle 0
834.0 674.0 857.0 674.0 857.0 698.0 834.0 698.0 small-vehicle 0
815.0 658.0 835.0 658.0 835.0 681.0 815.0 681.0 small-vehicle 0
787.0 635.0 807.0 635.0 807.0 659.0 787.0 659.0 small-vehicle 1
677.0 551.0 696.0 551.0 696.0 574.0 677.0 574.0 small-vehicle 0
764.0 620.0 783.0 620.0 783.0 641.0 764.0 641.0 small-vehicle 0
743.0 602.0 763.0 602.0 763.0 624.0 743.0 624.0 small-vehicle 0
760.0 613.0 779.0 613.0 779.0 633.0 760.0 633.0 small-vehicle 1
700.0 567.0 719.0 567.0 719.0 590.0 700.0 590.0 small-vehicle 0
694.0 561.0 711.0 561.0 711.0 581.0 694.0 581.0 small-vehicle 1
688.0 555.0 705.0 555.0 705.0 575.0 688.0 575.0 small-vehicle 1
410.0 405.0 428.0 405.0 428.0 426.0 410.0 426.0 small-vehicle 0
458.0 391.0 477.0 391.0 477.0 414.0 458.0 414.0 small-vehicle 0
643.0 2034.0 660.0 2034.0 660.0 2055.0 643.0 2055.0 small-vehicle 1
466.0 399.0 484.0 399.0 484.0 418.0 466.0 418.0 small-vehicle 0
702.0 101.0 716.0 101.0 716.0 114.0 702.0 114.0 small-vehicle 1
1217.0 777.0 1230.0 777.0 1230.0 796.0 1217.0 796.0 small-vehicle 0
1190.0 810.0 1210.0 810.0 1210.0 827.0 1190.0 827.0 small-vehicle 0
636.0 2144.0 651.0 2144.0 651.0 2165.0 636.0 2165.0 small-vehicle 0
676.0 2206.0 695.0 2206.0 695.0 2230.0 676.0 2230.0 small-vehicle 0
454.0 303.0 477.0 303.0 477.0 321.0 454.0 321.0 small-vehicle 0
473.0 317.0 494.0 317.0 494.0 334.0 473.0 334.0 small-vehicle 0
493.0 330.0 513.0 330.0 513.0 348.0 493.0 348.0 small-vehicle 1
509.0 344.0 531.0 344.0 531.0 361.0 509.0 361.0 small-vehicle 1
526.0 359.0 547.0 359.0 547.0 377.0 526.0 377.0 small-vehicle 0
543.0 371.0 564.0 371.0 564.0 389.0 543.0 389.0 small-vehicle 0
562.0 383.0 582.0 383.0 582.0 400.0 562.0 400.0 small-vehicle 1
449.0 319.0 467.0 319.0 467.0 340.0 449.0 340.0 small-vehicle 0
458.0 325.0 478.0 325.0 478.0 348.0 458.0 348.0 small-vehicle 0
463.0 338.0 483.0 338.0 483.0 358.0 463.0 358.0 small-vehicle 0
544.0 303.0 565.0 303.0 565.0 321.0 544.0 321.0 small-vehicle 0
574.0 1434.0 1015.0 1434.0 1015.0 1887.0 574.0 1887.0 soccer-ball-field 0
784.0 1225.0 1236.0 1225.0 1236.0 1685.0 784.0 1685.0 soccer-ball-field 0
331.0 1318.0 371.0 1318.0 371.0 1407.0 331.0 1407.0 tennis-court 0
1313.0 1041.0 1542.0 1041.0 1542.0 1287.0 1313.0 1287.0 baseball-diamond 0
461.0 823.0 583.0 823.0 583.0 939.0 461.0 939.0 baseball-diamond 0
221.0 931.0 369.0 931.0 369.0 1087.0 221.0 1087.0 baseball-diamond 0
105.0 668.0 323.0 668.0 323.0 877.0 105.0 877.0 baseball-diamond 0
513.0 1114.0 639.0 1114.0 639.0 1207.0 513.0 1207.0 baseball-diamond 0
266.0 1318.0 308.0 1318.0 308.0 1408.0 266.0 1408.0 tennis-court 0
393.0 1321.0 434.0 1321.0 434.0 1408.0 393.0 1408.0 tennis-court 0
467.0 1464.0 507.0 1464.0 507.0 1555.0 467.0 1555.0 tennis-court 0
454.0 1319.0 495.0 1319.0 495.0 1410.0 454.0 1410.0 tennis-court 0
518.0 1320.0 559.0 1320.0 559.0 1407.0 518.0 1407.0 tennis-court 0
576.0 1319.0 621.0 1319.0 621.0 1408.0 576.0 1408.0 tennis-court 0
643.0 1322.0 681.0 1322.0 681.0 1408.0 643.0 1408.0 tennis-court 0
340.0 1462.0 384.0 1462.0 384.0 1555.0 340.0 1555.0 tennis-court 0
404.0 1467.0 445.0 1467.0 445.0 1554.0 404.0 1554.0 tennis-court 0
471.0 344.0 493.0 344.0 493.0 366.0 471.0 366.0 small-vehicle 0
431.0 338.0 451.0 338.0 451.0 359.0 431.0 359.0 small-vehicle 0
441.0 343.0 461.0 343.0 461.0 365.0 441.0 365.0 small-vehicle 0
547.0 436.0 566.0 436.0 566.0 455.0 547.0 455.0 small-vehicle 0
511.0 407.0 528.0 407.0 528.0 426.0 511.0 426.0 small-vehicle 0
520.0 416.0 535.0 416.0 535.0 433.0 520.0 433.0 small-vehicle 0
551.0 415.0 570.0 415.0 570.0 435.0 551.0 435.0 small-vehicle 0
561.0 419.0 579.0 419.0 579.0 440.0 561.0 440.0 small-vehicle 0
532.0 423.0 552.0 423.0 552.0 443.0 532.0 443.0 small-vehicle 0
539.0 429.0 559.0 429.0 559.0 450.0 539.0 450.0 small-vehicle 0
535.0 448.0 555.0 448.0 555.0 471.0 535.0 471.0 small-vehicle 0
494.0 397.0 512.0 397.0 512.0 417.0 494.0 417.0 small-vehicle 0
528.0 444.0 545.0 444.0 545.0 465.0 528.0 465.0 small-vehicle 1
520.0 438.0 536.0 438.0 536.0 458.0 520.0 458.0 small-vehicle 0
512.0 432.0 531.0 432.0 531.0 454.0 512.0 454.0 small-vehicle 0
506.0 425.0 523.0 425.0 523.0 446.0 506.0 446.0 small-vehicle 1
489.0 413.0 508.0 413.0 508.0 437.0 489.0 437.0 small-vehicle 1
479.0 409.0 500.0 409.0 500.0 432.0 479.0 432.0 small-vehicle 1
501.0 401.0 521.0 401.0 521.0 421.0 501.0 421.0 small-vehicle 0
487.0 388.0 506.0 388.0 506.0 408.0 487.0 408.0 small-vehicle 0
448.0 352.0 470.0 352.0 470.0 374.0 448.0 374.0 small-vehicle 0
473.0 373.0 492.0 373.0 492.0 395.0 473.0 395.0 small-vehicle 0
417.0 354.0 437.0 354.0 437.0 377.0 417.0 377.0 small-vehicle 1
425.0 363.0 446.0 363.0 446.0 385.0 425.0 385.0 small-vehicle 0
432.0 369.0 454.0 369.0 454.0 393.0 432.0 393.0 small-vehicle 0
441.0 378.0 463.0 378.0 463.0 400.0 441.0 400.0 small-vehicle 0
451.0 386.0 471.0 386.0 471.0 406.0 451.0 406.0 small-vehicle 0
464.0 369.0 483.0 369.0 483.0 389.0 464.0 389.0 small-vehicle 0
479.0 380.0 500.0 380.0 500.0 402.0 479.0 402.0 small-vehicle 0
536.0 402.0 558.0 402.0 558.0 427.0 536.0 427.0 small-vehicle 0
493.0 364.0 515.0 364.0 515.0 386.0 493.0 386.0 small-vehicle 0
486.0 356.0 506.0 356.0 506.0 376.0 486.0 376.0 small-vehicle 1
508.0 374.0 529.0 374.0 529.0 399.0 508.0 399.0 small-vehicle 1
514.0 385.0 536.0 385.0 536.0 407.0 514.0 407.0 small-vehicle 0
524.0 391.0 545.0 391.0 545.0 412.0 524.0 412.0 small-vehicle 0
530.0 396.0 551.0 396.0 551.0 418.0 530.0 418.0 small-vehicle 0
771.0 547.0 792.0 547.0 792.0 567.0 771.0 567.0 small-vehicle 0
791.0 562.0 810.0 562.0 810.0 581.0 791.0 581.0 small-vehicle 0
806.0 574.0 827.0 574.0 827.0 595.0 806.0 595.0 small-vehicle 0
841.0 602.0 861.0 602.0 861.0 622.0 841.0 622.0 small-vehicle 0
114.0 1310.0 136.0 1310.0 136.0 1321.0 114.0 1321.0 small-vehicle 0
125.0 1322.0 142.0 1322.0 142.0 1341.0 125.0 1341.0 small-vehicle 0
161.0 1370.0 182.0 1370.0 182.0 1389.0 161.0 1389.0 small-vehicle 0
157.0 1362.0 176.0 1362.0 176.0 1380.0 157.0 1380.0 small-vehicle 0
156.0 1299.0 174.0 1299.0 174.0 1308.0 156.0 1308.0 small-vehicle 1
217.0 1291.0 235.0 1291.0 235.0 1299.0 217.0 1299.0 small-vehicle 0
216.0 1311.0 234.0 1311.0 234.0 1318.0 216.0 1318.0 small-vehicle 0
219.0 1301.0 236.0 1301.0 236.0 1309.0 219.0 1309.0 small-vehicle 1
176.0 1319.0 195.0 1319.0 195.0 1328.0 176.0 1328.0 small-vehicle 0
178.0 1328.0 196.0 1328.0 196.0 1337.0 178.0 1337.0 small-vehicle 0
179.0 1292.0 197.0 1292.0 197.0 1299.0 179.0 1299.0 small-vehicle 0
177.0 1300.0 196.0 1300.0 196.0 1308.0 177.0 1308.0 small-vehicle 1
218.0 1327.0 238.0 1327.0 238.0 1338.0 218.0 1338.0 small-vehicle 0
216.0 1363.0 234.0 1363.0 234.0 1372.0 216.0 1372.0 small-vehicle 0
171.0 1411.0 189.0 1411.0 189.0 1430.0 171.0 1430.0 small-vehicle 0
110.0 1301.0 131.0 1301.0 131.0 1310.0 110.0 1310.0 small-vehicle 0
112.0 1292.0 133.0 1292.0 133.0 1302.0 112.0 1302.0 small-vehicle 0
112.0 1283.0 134.0 1283.0 134.0 1293.0 112.0 1293.0 small-vehicle 0
423.0 1254.0 444.0 1254.0 444.0 1263.0 423.0 1263.0 small-vehicle 1
453.0 1222.0 464.0 1222.0 464.0 1245.0 453.0 1245.0 small-vehicle 0
463.0 1223.0 472.0 1223.0 472.0 1244.0 463.0 1244.0 small-vehicle 0
473.0 1222.0 485.0 1222.0 485.0 1245.0 473.0 1245.0 small-vehicle 0
487.0 1223.0 497.0 1223.0 497.0 1242.0 487.0 1242.0 small-vehicle 0
497.0 1223.0 508.0 1223.0 508.0 1242.0 497.0 1242.0 small-vehicle 1
521.0 1218.0 531.0 1218.0 531.0 1238.0 521.0 1238.0 small-vehicle 0
139.0 1248.0 150.0 1248.0 150.0 1270.0 139.0 1270.0 small-vehicle 0
117.0 1276.0 132.0 1276.0 132.0 1283.0 117.0 1283.0 small-vehicle 0
168.0 1250.0 177.0 1250.0 177.0 1269.0 168.0 1269.0 small-vehicle 0
177.0 1249.0 185.0 1249.0 185.0 1272.0 177.0 1272.0 small-vehicle 0
185.0 1252.0 195.0 1252.0 195.0 1273.0 185.0 1273.0 small-vehicle 0
193.0 1251.0 204.0 1251.0 204.0 1272.0 193.0 1272.0 small-vehicle 0
204.0 1254.0 215.0 1254.0 215.0 1273.0 204.0 1273.0 small-vehicle 0
117.0 1264.0 136.0 1264.0 136.0 1274.0 117.0 1274.0 small-vehicle 0
132.0 1776.0 151.0 1776.0 151.0 1793.0 132.0 1793.0 small-vehicle 1
660.0 2022.0 678.0 2022.0 678.0 2044.0 660.0 2044.0 small-vehicle 0
652.0 2052.0 674.0 2052.0 674.0 2075.0 652.0 2075.0 small-vehicle 0
868.0 668.0 886.0 668.0 886.0 688.0 868.0 688.0 small-vehicle 1
215.0 1383.0 232.0 1383.0 232.0 1390.0 215.0 1390.0 small-vehicle 1
150.0 1248.0 160.0 1248.0 160.0 1269.0 150.0 1269.0 small-vehicle 1
228.0 1483.0 246.0 1483.0 246.0 1504.0 228.0 1504.0 small-vehicle 1
247.0 1510.0 266.0 1510.0 266.0 1531.0 247.0 1531.0 small-vehicle 1
791.0 701.0 812.0 701.0 812.0 726.0 791.0 726.0 small-vehicle 1
852.0 657.0 871.0 657.0 871.0 678.0 852.0 678.0 small-vehicle 1
809.0 622.0 828.0 622.0 828.0 645.0 809.0 645.0 small-vehicle 1
897.0 647.0 917.0 647.0 917.0 666.0 897.0 666.0 small-vehicle 1
716.0 549.0 734.0 549.0 734.0 570.0 716.0 570.0 small-vehicle 1
772.0 683.0 790.0 683.0 790.0 707.0 772.0 707.0 small-vehicle 1
758.0 672.0 775.0 672.0 775.0 693.0 758.0 693.0 small-vehicle 1
671.0 513.0 691.0 513.0 691.0 535.0 671.0 535.0 small-vehicle 1
715.0 637.0 733.0 637.0 733.0 659.0 715.0 659.0 small-vehicle 1
1251.0 838.0 1270.0 838.0 1270.0 849.0 1251.0 849.0 small-vehicle 1
126.0 1352.0 148.0 1352.0 148.0 1377.0 126.0 1377.0 small-vehicle 1
530.0 497.0 549.0 497.0 549.0 520.0 530.0 520.0 small-vehicle 1
667.0 2073.0 683.0 2073.0 683.0 2092.0 667.0 2092.0 small-vehicle 1
734.0 2024.0 750.0 2024.0 750.0 2043.0 734.0 2043.0 small-vehicle 0
674.0 2067.0 690.0 2067.0 690.0 2084.0 674.0 2084.0 small-vehicle 0
685.0 2060.0 699.0 2060.0 699.0 2079.0 685.0 2079.0 small-vehicle 1
694.0 2054.0 710.0 2054.0 710.0 2073.0 694.0 2073.0 small-vehicle 1
700.0 2045.0 719.0 2045.0 719.0 2068.0 700.0 2068.0 small-vehicle 0
715.0 2034.0 733.0 2034.0 733.0 2054.0 715.0 2054.0 small-vehicle 0
725.0 2030.0 742.0 2030.0 742.0 2051.0 725.0 2051.0 small-vehicle 0
723.0 2008.0 742.0 2008.0 742.0 2030.0 723.0 2030.0 small-vehicle 0
520.0 492.0 540.0 492.0 540.0 513.0 520.0 513.0 small-vehicle 1
740.0 2018.0 759.0 2018.0 759.0 2038.0 740.0 2038.0 small-vehicle 0
753.0 2003.0 772.0 2003.0 772.0 2026.0 753.0 2026.0 small-vehicle 0
766.0 1992.0 779.0 1992.0 779.0 2013.0 766.0 2013.0 small-vehicle 0
778.0 1989.0 789.0 1989.0 789.0 2010.0 778.0 2010.0 small-vehicle 1
789.0 1989.0 802.0 1989.0 802.0 2010.0 789.0 2010.0 small-vehicle 1
1011.0 504.0 1039.0 504.0 1039.0 537.0 1011.0 537.0 small-vehicle 1
441.0 1222.0 452.0 1222.0 452.0 1244.0 441.0 1244.0 small-vehicle 0
430.0 1222.0 442.0 1222.0 442.0 1245.0 430.0 1245.0 small-vehicle 0
420.0 1222.0 432.0 1222.0 432.0 1242.0 420.0 1242.0 small-vehicle 1
767.0 587.0 784.0 587.0 784.0 609.0 767.0 609.0 small-vehicle 1
692.0 532.0 711.0 532.0 711.0 552.0 692.0 552.0 small-vehicle 0
708.0 542.0 728.0 542.0 728.0 565.0 708.0 565.0 small-vehicle 0
664.0 508.0 682.0 508.0 682.0 529.0 664.0 529.0 small-vehicle 1
655.0 502.0 675.0 502.0 675.0 523.0 655.0 523.0 small-vehicle 1
752.0 576.0 771.0 576.0 771.0 598.0 752.0 598.0 small-vehicle 1
757.0 581.0 777.0 581.0 777.0 603.0 757.0 603.0 small-vehicle 1
795.0 613.0 813.0 613.0 813.0 634.0 795.0 634.0 small-vehicle 0
678.0 520.0 696.0 520.0 696.0 542.0 678.0 542.0 small-vehicle 0
802.0 619.0 821.0 619.0 821.0 639.0 802.0 639.0 small-vehicle 0
815.0 632.0 834.0 632.0 834.0 652.0 815.0 652.0 small-vehicle 0
825.0 638.0 841.0 638.0 841.0 655.0 825.0 655.0 small-vehicle 0
780.0 598.0 800.0 598.0 800.0 621.0 780.0 621.0 small-vehicle 1
788.0 605.0 807.0 605.0 807.0 630.0 788.0 630.0 small-vehicle 1
860.0 693.0 880.0 693.0 880.0 714.0 860.0 714.0 small-vehicle 0
684.0 526.0 703.0 526.0 703.0 547.0 684.0 547.0 large-vehicle 0
642.0 492.0 661.0 492.0 661.0 513.0 642.0 513.0 small-vehicle 0
874.0 677.0 891.0 677.0 891.0 694.0 874.0 694.0 small-vehicle 0
858.0 614.0 880.0 614.0 880.0 635.0 858.0 635.0 small-vehicle 1
844.0 549.0 864.0 549.0 864.0 569.0 844.0 569.0 small-vehicle 0
860.0 565.0 876.0 565.0 876.0 583.0 860.0 583.0 small-vehicle 0
871.0 580.0 889.0 580.0 889.0 599.0 871.0 599.0 small-vehicle 0
884.0 597.0 906.0 597.0 906.0 619.0 884.0 619.0 small-vehicle 0
908.0 618.0 930.0 618.0 930.0 638.0 908.0 638.0 small-vehicle 0
915.0 662.0 935.0 662.0 935.0 681.0 915.0 681.0 small-vehicle 0
825.0 587.0 846.0 587.0 846.0 607.0 825.0 607.0 small-vehicle 1
636.0 486.0 652.0 486.0 652.0 504.0 636.0 504.0 small-vehicle 1
666.0 461.0 685.0 461.0 685.0 479.0 666.0 479.0 small-vehicle 1
645.0 444.0 664.0 444.0 664.0 463.0 645.0 463.0 small-vehicle 1
630.0 432.0 648.0 432.0 648.0 451.0 630.0 451.0 small-vehicle 1
612.0 470.0 629.0 470.0 629.0 490.0 612.0 490.0 small-vehicle 0
619.0 472.0 639.0 472.0 639.0 494.0 619.0 494.0 small-vehicle 1
628.0 477.0 647.0 477.0 647.0 498.0 628.0 498.0 small-vehicle 1
859.0 664.0 877.0 664.0 877.0 686.0 859.0 686.0 small-vehicle 0
883.0 681.0 900.0 681.0 900.0 700.0 883.0 700.0 small-vehicle 0
411.0 1222.0 421.0 1222.0 421.0 1243.0 411.0 1243.0 small-vehicle 0
276.0 1195.0 289.0 1195.0 289.0 1219.0 276.0 1219.0 small-vehicle 0
212.0 1195.0 227.0 1195.0 227.0 1218.0 212.0 1218.0 small-vehicle 0
224.0 1196.0 235.0 1196.0 235.0 1219.0 224.0 1219.0 small-vehicle 0
233.0 1198.0 245.0 1198.0 245.0 1219.0 233.0 1219.0 small-vehicle 1
245.0 1197.0 256.0 1197.0 256.0 1218.0 245.0 1218.0 small-vehicle 0
255.0 1198.0 267.0 1198.0 267.0 1219.0 255.0 1219.0 small-vehicle 0
268.0 1200.0 278.0 1200.0 278.0 1223.0 268.0 1223.0 small-vehicle 0
299.0 1198.0 308.0 1198.0 308.0 1221.0 299.0 1221.0 small-vehicle 0
196.0 1196.0 206.0 1196.0 206.0 1214.0 196.0 1214.0 small-vehicle 0
308.0 1198.0 319.0 1198.0 319.0 1219.0 308.0 1219.0 small-vehicle 0
356.0 1223.0 368.0 1223.0 368.0 1243.0 356.0 1243.0 small-vehicle 0
368.0 1221.0 379.0 1221.0 379.0 1245.0 368.0 1245.0 small-vehicle 0
378.0 1219.0 392.0 1219.0 392.0 1242.0 378.0 1242.0 small-vehicle 0
389.0 1222.0 402.0 1222.0 402.0 1244.0 389.0 1244.0 small-vehicle 0
402.0 1218.0 412.0 1218.0 412.0 1240.0 402.0 1240.0 small-vehicle 1
206.0 1195.0 216.0 1195.0 216.0 1217.0 206.0 1217.0 small-vehicle 0
185.0 1190.0 198.0 1190.0 198.0 1213.0 185.0 1213.0 small-vehicle 0
120.0 403.0 136.0 403.0 136.0 415.0 120.0 415.0 large-vehicle 1
215.0 1139.0 226.0 1139.0 226.0 1158.0 215.0 1158.0 small-vehicle 0
898.0 710.0 922.0 710.0 922.0 731.0 898.0 731.0 small-vehicle 0
672.0 1004.0 691.0 1004.0 691.0 1014.0 672.0 1014.0 small-vehicle 1
671.0 993.0 690.0 993.0 690.0 1003.0 671.0 1003.0 small-vehicle 0
675.0 983.0 694.0 983.0 694.0 994.0 675.0 994.0 small-vehicle 0
679.0 972.0 699.0 972.0 699.0 984.0 679.0 984.0 small-vehicle 0
683.0 960.0 703.0 960.0 703.0 972.0 683.0 972.0 small-vehicle 1
226.0 1139.0 235.0 1139.0 235.0 1157.0 226.0 1157.0 small-vehicle 1
205.0 1157.0 215.0 1157.0 215.0 1175.0 205.0 1175.0 small-vehicle 0
237.0 1142.0 245.0 1142.0 245.0 1159.0 237.0 1159.0 small-vehicle 1
243.0 1136.0 254.0 1136.0 254.0 1154.0 243.0 1154.0 small-vehicle 1
254.0 1145.0 264.0 1145.0 264.0 1169.0 254.0 1169.0 small-vehicle 1
235.0 1161.0 245.0 1161.0 245.0 1179.0 235.0 1179.0 small-vehicle 0
224.0 1159.0 233.0 1159.0 233.0 1177.0 224.0 1177.0 small-vehicle 0
215.0 1159.0 223.0 1159.0 223.0 1177.0 215.0 1177.0 small-vehicle 1
817.0 878.0 1034.0 878.0 1034.0 1104.0 817.0 1104.0 baseball-diamond 0
