imagesource:GoogleEarth
gsd:0.276436560013
1764.0 3168.0 1787.0 3168.0 1787.0 3180.0 1764.0 3180.0 small-vehicle 1
359.0 1785.0 373.0 1785.0 373.0 1803.0 359.0 1803.0 small-vehicle 1
1533.0 2117.0 1587.0 2117.0 1587.0 2164.0 1533.0 2164.0 swimming-pool 0
1282.0 2167.0 1338.0 2167.0 1338.0 2202.0 1282.0 2202.0 swimming-pool 0
1227.0 2203.0 1283.0 2203.0 1283.0 2268.0 1227.0 2268.0 swimming-pool 0
1179.0 2211.0 1211.0 2211.0 1211.0 2253.0 1179.0 2253.0 swimming-pool 0
1164.0 2279.0 1187.0 2279.0 1187.0 2325.0 1164.0 2325.0 swimming-pool 0
1164.0 2386.0 1187.0 2386.0 1187.0 2446.0 1164.0 2446.0 swimming-pool 0
1227.0 2484.0 1281.0 2484.0 1281.0 2524.0 1227.0 2524.0 swimming-pool 0
1312.0 2511.0 1357.0 2511.0 1357.0 2573.0 1312.0 2573.0 swimming-pool 0
1345.0 2594.0 1370.0 2594.0 1370.0 2644.0 1345.0 2644.0 swimming-pool 0
1209.0 2574.0 1267.0 2574.0 1267.0 2618.0 1209.0 2618.0 swimming-pool 0
1138.0 2620.0 1187.0 2620.0 1187.0 2677.0 1138.0 2677.0 swimming-pool 0
1564.0 2597.0 1584.0 2597.0 1584.0 2652.0 1564.0 2652.0 swimming-pool 0
1599.0 2630.0 1632.0 2630.0 1632.0 2677.0 1599.0 2677.0 swimming-pool 0
1453.0 2585.0 1500.0 2585.0 1500.0 2616.0 1453.0 2616.0 swimming-pool 0
1787.0 2560.0 1846.0 2560.0 1846.0 2593.0 1787.0 2593.0 swimming-pool 0
1827.0 2607.0 1850.0 2607.0 1850.0 2652.0 1827.0 2652.0 swimming-pool 0
1897.0 2559.0 1943.0 2559.0 1943.0 2604.0 1897.0 2604.0 swimming-pool 0
1964.0 2531.0 2000.0 2531.0 2000.0 2573.0 1964.0 2573.0 swimming-pool 0
1143.0 2733.0 1183.0 2733.0 1183.0 2783.0 1143.0 2783.0 swimming-pool 0
2218.0 2374.0 2268.0 2374.0 2268.0 2418.0 2218.0 2418.0 swimming-pool 0
2220.0 2220.0 2281.0 2220.0 2281.0 2284.0 2220.0 2284.0 swimming-pool 0
2266.0 2188.0 2288.0 2188.0 2288.0 2213.0 2266.0 2213.0 swimming-pool 0
1974.0 1418.0 2027.0 1418.0 2027.0 1453.0 1974.0 1453.0 swimming-pool 0
1914.0 1371.0 1964.0 1371.0 1964.0 1418.0 1914.0 1418.0 swimming-pool 0
2291.0 1229.0 2332.0 1229.0 2332.0 1268.0 2291.0 1268.0 swimming-pool 0
1196.0 3026.0 1248.0 3026.0 1248.0 3064.0 1196.0 3064.0 swimming-pool 0
1407.0 3014.0 1463.0 3014.0 1463.0 3051.0 1407.0 3051.0 swimming-pool 0
1670.0 2206.0 1707.0 2206.0 1707.0 2250.0 1670.0 2250.0 swimming-pool 0
1526.0 2201.0 1575.0 2201.0 1575.0 2227.0 1526.0 2227.0 swimming-pool 0
1448.0 2170.0 1475.0 2170.0 1475.0 2215.0 1448.0 2215.0 swimming-pool 0
1199.0 1856.0 1231.0 1856.0 1231.0 1894.0 1199.0 1894.0 swimming-pool 0
1556.0 1261.0 1606.0 1261.0 1606.0 1288.0 1556.0 1288.0 swimming-pool 0
1300.0 1201.0 1331.0 1201.0 1331.0 1239.0 1300.0 1239.0 swimming-pool 0
1218.0 1287.0 1247.0 1287.0 1247.0 1331.0 1218.0 1331.0 swimming-pool 0
1205.0 992.0 1238.0 992.0 1238.0 1045.0 1205.0 1045.0 swimming-pool 0
1625.0 1299.0 1667.0 1299.0 1667.0 1345.0 1625.0 1345.0 swimming-pool 0
1620.0 1394.0 1649.0 1394.0 1649.0 1433.0 1620.0 1433.0 swimming-pool 0
1568.0 1451.0 1617.0 1451.0 1617.0 1498.0 1568.0 1498.0 swimming-pool 0
1263.0 1424.0 1316.0 1424.0 1316.0 1448.0 1263.0 1448.0 swimming-pool 0
1211.0 1414.0 1241.0 1414.0 1241.0 1454.0 1211.0 1454.0 swimming-pool 0
1160.0 1666.0 1192.0 1666.0 1192.0 1718.0 1160.0 1718.0 swimming-pool 0
1196.0 1689.0 1244.0 1689.0 1244.0 1726.0 1196.0 1726.0 swimming-pool 0
1246.0 1767.0 1285.0 1767.0 1285.0 1832.0 1246.0 1832.0 swimming-pool 0
1378.0 1768.0 1426.0 1768.0 1426.0 1801.0 1378.0 1801.0 swimming-pool 0
2030.0 2129.0 2056.0 2129.0 2056.0 2183.0 2030.0 2183.0 swimming-pool 0
1503.0 1699.0 1535.0 1699.0 1535.0 1729.0 1503.0 1729.0 swimming-pool 0
1563.0 1668.0 1609.0 1668.0 1609.0 1707.0 1563.0 1707.0 swimming-pool 0
1708.0 1699.0 1724.0 1699.0 1724.0 1733.0 1708.0 1733.0 swimming-pool 0
1881.0 1698.0 1905.0 1698.0 1905.0 1745.0 1881.0 1745.0 swimming-pool 0
1919.0 1726.0 1967.0 1726.0 1967.0 1752.0 1919.0 1752.0 swimming-pool 0
1924.0 1802.0 2001.0 1802.0 2001.0 1848.0 1924.0 1848.0 swimming-pool 0
2009.0 1811.0 2047.0 1811.0 2047.0 1841.0 2009.0 1841.0 swimming-pool 0
1640.0 2111.0 1689.0 2111.0 1689.0 2165.0 1640.0 2165.0 swimming-pool 0
1709.0 2205.0 1764.0 2205.0 1764.0 2249.0 1709.0 2249.0 swimming-pool 0
1820.0 2206.0 1867.0 2206.0 1867.0 2239.0 1820.0 2239.0 swimming-pool 0
1907.0 2199.0 1956.0 2199.0 1956.0 2242.0 1907.0 2242.0 swimming-pool 0
1947.0 2112.0 1970.0 2112.0 1970.0 2164.0 1947.0 2164.0 swimming-pool 0
1761.0 2945.0 1812.0 2945.0 1812.0 2985.0 1761.0 2985.0 swimming-pool 0
1771.0 3027.0 1812.0 3027.0 1812.0 3056.0 1771.0 3056.0 swimming-pool 0
1914.0 3033.0 1962.0 3033.0 1962.0 3104.0 1914.0 3104.0 swimming-pool 0
783.0 1185.0 793.0 1185.0 793.0 1201.0 783.0 1201.0 small-vehicle 1
440.0 1178.0 461.0 1178.0 461.0 1202.0 440.0 1202.0 small-vehicle 1
160.0 1209.0 175.0 1209.0 175.0 1229.0 160.0 1229.0 small-vehicle 1
186.0 1136.0 198.0 1136.0 198.0 1154.0 186.0 1154.0 small-vehicle 1
240.0 1197.0 253.0 1197.0 253.0 1218.0 240.0 1218.0 small-vehicle 1
139.0 1239.0 158.0 1239.0 158.0 1250.0 139.0 1250.0 small-vehicle 1
116.0 1241.0 135.0 1241.0 135.0 1250.0 116.0 1250.0 small-vehicle 1
117.0 1225.0 139.0 1225.0 139.0 1241.0 117.0 1241.0 small-vehicle 1
118.0 1252.0 138.0 1252.0 138.0 1263.0 118.0 1263.0 small-vehicle 1
445.0 1213.0 459.0 1213.0 459.0 1232.0 445.0 1232.0 small-vehicle 1
750.0 1184.0 759.0 1184.0 759.0 1201.0 750.0 1201.0 small-vehicle 1
770.0 1189.0 783.0 1189.0 783.0 1212.0 770.0 1212.0 small-vehicle 1
779.0 1202.0 791.0 1202.0 791.0 1220.0 779.0 1220.0 small-vehicle 1
792.0 1192.0 802.0 1192.0 802.0 1209.0 792.0 1209.0 small-vehicle 1
330.0 1010.0 353.0 1010.0 353.0 1030.0 330.0 1030.0 small-vehicle 1
801.0 1191.0 812.0 1191.0 812.0 1210.0 801.0 1210.0 small-vehicle 1
809.0 1205.0 823.0 1205.0 823.0 1227.0 809.0 1227.0 small-vehicle 1
806.0 1227.0 830.0 1227.0 830.0 1244.0 806.0 1244.0 small-vehicle 1
839.0 1467.0 851.0 1467.0 851.0 1488.0 839.0 1488.0 small-vehicle 1
565.0 1468.0 581.0 1468.0 581.0 1488.0 565.0 1488.0 small-vehicle 1
506.0 1450.0 521.0 1450.0 521.0 1474.0 506.0 1474.0 small-vehicle 1
467.0 1483.0 489.0 1483.0 489.0 1496.0 467.0 1496.0 small-vehicle 1
59.0 1297.0 120.0 1297.0 120.0 1354.0 59.0 1354.0 swimming-pool 1
775.0 1537.0 796.0 1537.0 796.0 1549.0 775.0 1549.0 small-vehicle 1
564.0 1542.0 576.0 1542.0 576.0 1565.0 564.0 1565.0 small-vehicle 1
887.0 1566.0 921.0 1566.0 921.0 1591.0 887.0 1591.0 small-vehicle 1
408.0 1754.0 421.0 1754.0 421.0 1775.0 408.0 1775.0 small-vehicle 1
293.0 1005.0 313.0 1005.0 313.0 1027.0 293.0 1027.0 small-vehicle 1
425.0 1009.0 441.0 1009.0 441.0 1034.0 425.0 1034.0 small-vehicle 1
1931.0 1286.0 1958.0 1286.0 1958.0 1328.0 1931.0 1328.0 swimming-pool 0
646.0 352.0 664.0 352.0 664.0 372.0 646.0 372.0 small-vehicle 1
1177.0 1911.0 1220.0 1911.0 1220.0 1967.0 1177.0 1967.0 swimming-pool 0
1228.0 2005.0 1260.0 2005.0 1260.0 2063.0 1228.0 2063.0 swimming-pool 0
1154.0 2025.0 1206.0 2025.0 1206.0 2075.0 1154.0 2075.0 swimming-pool 0
1185.0 2846.0 1211.0 2846.0 1211.0 2906.0 1185.0 2906.0 swimming-pool 0
778.0 2966.0 825.0 2966.0 825.0 2988.0 778.0 2988.0 swimming-pool 0
707.0 2966.0 757.0 2966.0 757.0 2997.0 707.0 2997.0 swimming-pool 0
554.0 2297.0 630.0 2297.0 630.0 2345.0 554.0 2345.0 swimming-pool 0
845.0 1641.0 896.0 1641.0 896.0 1687.0 845.0 1687.0 swimming-pool 0
675.0 64.0 695.0 64.0 695.0 81.0 675.0 81.0 small-vehicle 1
669.0 96.0 697.0 96.0 697.0 117.0 669.0 117.0 small-vehicle 1
552.0 183.0 575.0 183.0 575.0 197.0 552.0 197.0 small-vehicle 1
823.0 214.0 851.0 214.0 851.0 231.0 823.0 231.0 small-vehicle 1
564.0 528.0 583.0 528.0 583.0 547.0 564.0 547.0 small-vehicle 1
512.0 998.0 537.0 998.0 537.0 1020.0 512.0 1020.0 small-vehicle 1
568.0 536.0 592.0 536.0 592.0 560.0 568.0 560.0 small-vehicle 1
381.0 446.0 420.0 446.0 420.0 481.0 381.0 481.0 swimming-pool 0
132.0 543.0 155.0 543.0 155.0 556.0 132.0 556.0 small-vehicle 1
122.0 555.0 136.0 555.0 136.0 576.0 122.0 576.0 small-vehicle 1
138.0 558.0 160.0 558.0 160.0 580.0 138.0 580.0 small-vehicle 1
155.0 562.0 174.0 562.0 174.0 580.0 155.0 580.0 small-vehicle 1
497.0 759.0 513.0 759.0 513.0 770.0 497.0 770.0 small-vehicle 1
495.0 771.0 515.0 771.0 515.0 783.0 495.0 783.0 small-vehicle 1
158.0 773.0 180.0 773.0 180.0 786.0 158.0 786.0 small-vehicle 1
910.0 911.0 925.0 911.0 925.0 933.0 910.0 933.0 small-vehicle 1
872.0 1059.0 889.0 1059.0 889.0 1084.0 872.0 1084.0 small-vehicle 1
557.0 981.0 578.0 981.0 578.0 996.0 557.0 996.0 small-vehicle 1
1557.0 1128.0 1592.0 1128.0 1592.0 1174.0 1557.0 1174.0 swimming-pool 0
1937.0 1108.0 1971.0 1108.0 1971.0 1154.0 1937.0 1154.0 swimming-pool 0
2035.0 542.0 2068.0 542.0 2068.0 583.0 2035.0 583.0 swimming-pool 0
387.0 2012.0 436.0 2012.0 436.0 2039.0 387.0 2039.0 swimming-pool 0
669.0 1690.0 714.0 1690.0 714.0 1719.0 669.0 1719.0 swimming-pool 0
588.0 1685.0 626.0 1685.0 626.0 1708.0 588.0 1708.0 swimming-pool 0
494.0 1677.0 545.0 1677.0 545.0 1707.0 494.0 1707.0 swimming-pool 0
401.0 1959.0 451.0 1959.0 451.0 1990.0 401.0 1990.0 swimming-pool 0
472.0 1972.0 519.0 1972.0 519.0 2001.0 472.0 2001.0 swimming-pool 0
593.0 1955.0 630.0 1955.0 630.0 1994.0 593.0 1994.0 swimming-pool 0
675.0 1986.0 728.0 1986.0 728.0 2018.0 675.0 2018.0 swimming-pool 0
684.0 2020.0 731.0 2020.0 731.0 2049.0 684.0 2049.0 swimming-pool 0
740.0 2025.0 776.0 2025.0 776.0 2063.0 740.0 2063.0 swimming-pool 0
858.0 1969.0 898.0 1969.0 898.0 1999.0 858.0 1999.0 swimming-pool 0
919.0 1999.0 966.0 1999.0 966.0 2034.0 919.0 2034.0 swimming-pool 0
921.0 2051.0 946.0 2051.0 946.0 2098.0 921.0 2098.0 swimming-pool 0
474.0 2018.0 503.0 2018.0 503.0 2069.0 474.0 2069.0 swimming-pool 0
964.0 1662.0 1007.0 1662.0 1007.0 1694.0 964.0 1694.0 swimming-pool 0
331.0 1964.0 374.0 1964.0 374.0 1999.0 331.0 1999.0 swimming-pool 0
247.0 1971.0 287.0 1971.0 287.0 1991.0 247.0 1991.0 swimming-pool 0
69.0 1994.0 116.0 1994.0 116.0 2021.0 69.0 2021.0 swimming-pool 0
392.0 2295.0 444.0 2295.0 444.0 2331.0 392.0 2331.0 swimming-pool 0
458.0 2293.0 493.0 2293.0 493.0 2332.0 458.0 2332.0 swimming-pool 0
338.0 2272.0 365.0 2272.0 365.0 2317.0 338.0 2317.0 swimming-pool 0
281.0 2335.0 334.0 2335.0 334.0 2362.0 281.0 2362.0 swimming-pool 0
213.0 2332.0 268.0 2332.0 268.0 2361.0 213.0 2361.0 swimming-pool 0
371.0 2341.0 418.0 2341.0 418.0 2366.0 371.0 2366.0 swimming-pool 0
459.0 2347.0 505.0 2347.0 505.0 2376.0 459.0 2376.0 swimming-pool 0
650.0 2312.0 698.0 2312.0 698.0 2346.0 650.0 2346.0 swimming-pool 0
741.0 2357.0 786.0 2357.0 786.0 2391.0 741.0 2391.0 swimming-pool 0
792.0 1701.0 819.0 1701.0 819.0 1759.0 792.0 1759.0 swimming-pool 0
790.0 1646.0 831.0 1646.0 831.0 1672.0 790.0 1672.0 swimming-pool 0
619.0 2629.0 670.0 2629.0 670.0 2662.0 619.0 2662.0 swimming-pool 0
652.0 675.0 674.0 675.0 674.0 712.0 652.0 712.0 swimming-pool 0
119.0 781.0 160.0 781.0 160.0 823.0 119.0 823.0 swimming-pool 0
864.0 759.0 903.0 759.0 903.0 798.0 864.0 798.0 swimming-pool 0
608.0 1161.0 665.0 1161.0 665.0 1192.0 608.0 1192.0 swimming-pool 0
779.0 1135.0 823.0 1135.0 823.0 1160.0 779.0 1160.0 swimming-pool 0
345.0 1216.0 383.0 1216.0 383.0 1258.0 345.0 1258.0 swimming-pool 0
305.0 1319.0 335.0 1319.0 335.0 1367.0 305.0 1367.0 swimming-pool 0
364.0 1363.0 406.0 1363.0 406.0 1390.0 364.0 1390.0 swimming-pool 0
672.0 1366.0 717.0 1366.0 717.0 1390.0 672.0 1390.0 swimming-pool 0
939.0 1392.0 964.0 1392.0 964.0 1448.0 939.0 1448.0 swimming-pool 0
747.0 1343.0 811.0 1343.0 811.0 1401.0 747.0 1401.0 swimming-pool 0
852.0 1385.0 896.0 1385.0 896.0 1413.0 852.0 1413.0 swimming-pool 0
368.0 763.0 424.0 763.0 424.0 818.0 368.0 818.0 swimming-pool 0
926.0 677.0 968.0 677.0 968.0 717.0 926.0 717.0 swimming-pool 0
677.0 1660.0 726.0 1660.0 726.0 1681.0 677.0 1681.0 swimming-pool 0
944.0 524.0 968.0 524.0 968.0 566.0 944.0 566.0 swimming-pool 0
1234.0 498.0 1288.0 498.0 1288.0 531.0 1234.0 531.0 swimming-pool 0
1253.0 635.0 1288.0 635.0 1288.0 662.0 1253.0 662.0 swimming-pool 0
1260.0 705.0 1291.0 705.0 1291.0 754.0 1260.0 754.0 swimming-pool 0
1243.0 877.0 1262.0 877.0 1262.0 910.0 1243.0 910.0 swimming-pool 0
1223.0 1077.0 1265.0 1077.0 1265.0 1131.0 1223.0 1131.0 swimming-pool 0
219.0 1634.0 274.0 1634.0 274.0 1660.0 219.0 1660.0 swimming-pool 0
249.0 1673.0 291.0 1673.0 291.0 1694.0 249.0 1694.0 swimming-pool 0
343.0 1632.0 382.0 1632.0 382.0 1658.0 343.0 1658.0 swimming-pool 0
414.0 1646.0 472.0 1646.0 472.0 1674.0 414.0 1674.0 swimming-pool 0
516.0 1644.0 554.0 1644.0 554.0 1668.0 516.0 1668.0 swimming-pool 0
608.0 1654.0 644.0 1654.0 644.0 1677.0 608.0 1677.0 swimming-pool 0
826.0 2306.0 865.0 2306.0 865.0 2345.0 826.0 2345.0 swimming-pool 0
557.0 2631.0 599.0 2631.0 599.0 2659.0 557.0 2659.0 swimming-pool 0
2042.0 814.0 2078.0 814.0 2078.0 864.0 2042.0 864.0 swimming-pool 0
1250.0 2943.0 1296.0 2943.0 1296.0 2992.0 1250.0 2992.0 swimming-pool 0
1145.0 3248.0 1199.0 3248.0 1199.0 3280.0 1145.0 3280.0 swimming-pool 0
1237.0 3250.0 1288.0 3250.0 1288.0 3293.0 1237.0 3293.0 swimming-pool 0
1408.0 3269.0 1470.0 3269.0 1470.0 3297.0 1408.0 3297.0 swimming-pool 0
1700.0 3271.0 1766.0 3271.0 1766.0 3307.0 1700.0 3307.0 swimming-pool 0
1939.0 3323.0 1988.0 3323.0 1988.0 3377.0 1939.0 3377.0 swimming-pool 0
1832.0 3032.0 1881.0 3032.0 1881.0 3062.0 1832.0 3062.0 swimming-pool 0
1832.0 2957.0 1893.0 2957.0 1893.0 2989.0 1832.0 2989.0 swimming-pool 0
1916.0 2966.0 1958.0 2966.0 1958.0 3023.0 1916.0 3023.0 swimming-pool 0
1594.0 2938.0 1642.0 2938.0 1642.0 2971.0 1594.0 2971.0 swimming-pool 0
1512.0 3021.0 1557.0 3021.0 1557.0 3063.0 1512.0 3063.0 swimming-pool 0
1498.0 2938.0 1545.0 2938.0 1545.0 2967.0 1498.0 2967.0 swimming-pool 0
1319.0 3015.0 1345.0 3015.0 1345.0 3055.0 1319.0 3055.0 swimming-pool 0
1133.0 2933.0 1163.0 2933.0 1163.0 2962.0 1133.0 2962.0 swimming-pool 0
962.0 3235.0 1003.0 3235.0 1003.0 3282.0 962.0 3282.0 swimming-pool 0
1669.0 523.0 1689.0 523.0 1689.0 562.0 1669.0 562.0 swimming-pool 0
1429.0 516.0 1473.0 516.0 1473.0 539.0 1429.0 539.0 swimming-pool 0
1533.0 527.0 1576.0 527.0 1576.0 550.0 1533.0 550.0 swimming-pool 0
1734.0 524.0 1783.0 524.0 1783.0 557.0 1734.0 557.0 swimming-pool 0
1905.0 544.0 1951.0 544.0 1951.0 580.0 1905.0 580.0 swimming-pool 0
1296.0 712.0 1332.0 712.0 1332.0 766.0 1296.0 766.0 swimming-pool 0
1566.0 788.0 1611.0 788.0 1611.0 820.0 1566.0 820.0 swimming-pool 0
1642.0 854.0 1671.0 854.0 1671.0 914.0 1642.0 914.0 swimming-pool 0
1580.0 919.0 1608.0 919.0 1608.0 965.0 1580.0 965.0 swimming-pool 0
1961.0 879.0 1985.0 879.0 1985.0 925.0 1961.0 925.0 swimming-pool 0
1932.0 960.0 1958.0 960.0 1958.0 1006.0 1932.0 1006.0 swimming-pool 0
1933.0 1032.0 1956.0 1032.0 1956.0 1084.0 1933.0 1084.0 swimming-pool 0
1050.0 3256.0 1088.0 3256.0 1088.0 3293.0 1050.0 3293.0 swimming-pool 0
857.0 3232.0 916.0 3232.0 916.0 3266.0 857.0 3266.0 swimming-pool 0
521.0 2670.0 561.0 2670.0 561.0 2699.0 521.0 2699.0 swimming-pool 0
189.0 2948.0 234.0 2948.0 234.0 2966.0 189.0 2966.0 swimming-pool 0
717.0 2636.0 762.0 2636.0 762.0 2673.0 717.0 2673.0 swimming-pool 0
714.0 2678.0 770.0 2678.0 770.0 2711.0 714.0 2711.0 swimming-pool 0
883.0 2646.0 925.0 2646.0 925.0 2679.0 883.0 2679.0 swimming-pool 0
820.0 2682.0 872.0 2682.0 872.0 2714.0 820.0 2714.0 swimming-pool 0
368.0 2625.0 422.0 2625.0 422.0 2660.0 368.0 2660.0 swimming-pool 0
346.0 2662.0 406.0 2662.0 406.0 2690.0 346.0 2690.0 swimming-pool 0
288.0 2620.0 345.0 2620.0 345.0 2654.0 288.0 2654.0 swimming-pool 0
270.0 2657.0 317.0 2657.0 317.0 2686.0 270.0 2686.0 swimming-pool 0
205.0 2610.0 244.0 2610.0 244.0 2636.0 205.0 2636.0 swimming-pool 0
199.0 2653.0 252.0 2653.0 252.0 2689.0 199.0 2689.0 swimming-pool 0
41.0 2595.0 79.0 2595.0 79.0 2623.0 41.0 2623.0 swimming-pool 0
30.0 2637.0 84.0 2637.0 84.0 2674.0 30.0 2674.0 swimming-pool 0
182.0 2973.0 239.0 2973.0 239.0 3005.0 182.0 3005.0 swimming-pool 0
764.0 3230.0 811.0 3230.0 811.0 3265.0 764.0 3265.0 swimming-pool 0
264.0 2977.0 309.0 2977.0 309.0 3006.0 264.0 3006.0 swimming-pool 0
429.0 2979.0 474.0 2979.0 474.0 3011.0 429.0 3011.0 swimming-pool 0
518.0 2955.0 564.0 2955.0 564.0 2985.0 518.0 2985.0 swimming-pool 0
530.0 2987.0 574.0 2987.0 574.0 3018.0 530.0 3018.0 swimming-pool 0
592.0 2960.0 637.0 2960.0 637.0 2989.0 592.0 2989.0 swimming-pool 0
630.0 2994.0 672.0 2994.0 672.0 3023.0 630.0 3023.0 swimming-pool 0
721.0 2999.0 765.0 2999.0 765.0 3026.0 721.0 3026.0 swimming-pool 0
871.0 2968.0 919.0 2968.0 919.0 3004.0 871.0 3004.0 swimming-pool 0
481.0 3209.0 533.0 3209.0 533.0 3245.0 481.0 3245.0 swimming-pool 0
298.0 3195.0 338.0 3195.0 338.0 3226.0 298.0 3226.0 swimming-pool 0
186.0 3194.0 227.0 3194.0 227.0 3224.0 186.0 3224.0 swimming-pool 0
637.0 3229.0 683.0 3229.0 683.0 3261.0 637.0 3261.0 swimming-pool 0
395.0 1753.0 410.0 1753.0 410.0 1777.0 395.0 1777.0 small-vehicle 1
435.0 1815.0 464.0 1815.0 464.0 1827.0 435.0 1827.0 small-vehicle 1
1481.0 2715.0 1492.0 2715.0 1492.0 2737.0 1481.0 2737.0 small-vehicle 1
424.0 1848.0 453.0 1848.0 453.0 1863.0 424.0 1863.0 small-vehicle 1
1637.0 2835.0 1657.0 2835.0 1657.0 2856.0 1637.0 2856.0 small-vehicle 1
1608.0 2865.0 1630.0 2865.0 1630.0 2885.0 1608.0 2885.0 small-vehicle 1
1558.0 3119.0 1569.0 3119.0 1569.0 3138.0 1558.0 3138.0 small-vehicle 1
1742.0 3156.0 1764.0 3156.0 1764.0 3177.0 1742.0 3177.0 small-vehicle 1
2012.0 3174.0 2025.0 3174.0 2025.0 3194.0 2012.0 3194.0 small-vehicle 1
1966.0 3222.0 1986.0 3222.0 1986.0 3234.0 1966.0 3234.0 small-vehicle 1
1847.0 3377.0 1865.0 3377.0 1865.0 3397.0 1847.0 3397.0 small-vehicle 1
1863.0 3368.0 1885.0 3368.0 1885.0 3392.0 1863.0 3392.0 small-vehicle 1
2031.0 3299.0 2042.0 3299.0 2042.0 3319.0 2031.0 3319.0 small-vehicle 1
2044.0 3311.0 2055.0 3311.0 2055.0 3328.0 2044.0 3328.0 small-vehicle 1
2057.0 3300.0 2070.0 3300.0 2070.0 3325.0 2057.0 3325.0 small-vehicle 1
2042.0 3341.0 2055.0 3341.0 2055.0 3363.0 2042.0 3363.0 small-vehicle 1
2054.0 3346.0 2066.0 3346.0 2066.0 3366.0 2054.0 3366.0 small-vehicle 1
2050.0 3375.0 2065.0 3375.0 2065.0 3395.0 2050.0 3395.0 small-vehicle 1
2235.0 3051.0 2287.0 3051.0 2287.0 3093.0 2235.0 3093.0 swimming-pool 1
2048.0 2818.0 2063.0 2818.0 2063.0 2843.0 2048.0 2843.0 small-vehicle 0
2052.0 2640.0 2064.0 2640.0 2064.0 2660.0 2052.0 2660.0 small-vehicle 0
2067.0 2553.0 2080.0 2553.0 2080.0 2576.0 2067.0 2576.0 small-vehicle 0
2152.0 2612.0 2169.0 2612.0 2169.0 2635.0 2152.0 2635.0 small-vehicle 1
2161.0 2562.0 2178.0 2562.0 2178.0 2586.0 2161.0 2586.0 small-vehicle 1
2188.0 2544.0 2208.0 2544.0 2208.0 2561.0 2188.0 2561.0 small-vehicle 1
2157.0 2418.0 2179.0 2418.0 2179.0 2445.0 2157.0 2445.0 small-vehicle 1
2072.0 2319.0 2083.0 2319.0 2083.0 2339.0 2072.0 2339.0 small-vehicle 1
2084.0 2276.0 2096.0 2276.0 2096.0 2295.0 2084.0 2295.0 small-vehicle 1
2146.0 2269.0 2157.0 2269.0 2157.0 2289.0 2146.0 2289.0 small-vehicle 1
2142.0 2296.0 2156.0 2296.0 2156.0 2314.0 2142.0 2314.0 small-vehicle 1
2017.0 2376.0 2035.0 2376.0 2035.0 2387.0 2017.0 2387.0 small-vehicle 1
1974.0 2857.0 1997.0 2857.0 1997.0 2880.0 1974.0 2880.0 small-vehicle 1
1934.0 2851.0 1956.0 2851.0 1956.0 2875.0 1934.0 2875.0 small-vehicle 1
1965.0 2794.0 1989.0 2794.0 1989.0 2808.0 1965.0 2808.0 small-vehicle 1
1964.0 2375.0 1993.0 2375.0 1993.0 2386.0 1964.0 2386.0 small-vehicle 1
1837.0 1614.0 1865.0 1614.0 1865.0 1637.0 1837.0 1637.0 small-vehicle 1
1869.0 1621.0 1887.0 1621.0 1887.0 1635.0 1869.0 1635.0 small-vehicle 1
1820.0 1617.0 1837.0 1617.0 1837.0 1641.0 1820.0 1641.0 small-vehicle 1
1813.0 1640.0 1829.0 1640.0 1829.0 1665.0 1813.0 1665.0 small-vehicle 1
1842.0 1772.0 1877.0 1772.0 1877.0 1797.0 1842.0 1797.0 swimming-pool 0
1956.0 1927.0 1974.0 1927.0 1974.0 1951.0 1956.0 1951.0 small-vehicle 1
1857.0 1983.0 1880.0 1983.0 1880.0 1998.0 1857.0 1998.0 small-vehicle 1
1694.0 1974.0 1717.0 1974.0 1717.0 1988.0 1694.0 1988.0 small-vehicle 1
1560.0 1938.0 1584.0 1938.0 1584.0 1951.0 1560.0 1951.0 small-vehicle 1
1577.0 2022.0 1600.0 2022.0 1600.0 2039.0 1577.0 2039.0 small-vehicle 1
1780.0 2016.0 1796.0 2016.0 1796.0 2038.0 1780.0 2038.0 small-vehicle 1
1819.0 2303.0 1841.0 2303.0 1841.0 2326.0 1819.0 2326.0 small-vehicle 1
1994.0 2374.0 2012.0 2374.0 2012.0 2389.0 1994.0 2389.0 small-vehicle 1
1942.0 2792.0 1964.0 2792.0 1964.0 2806.0 1942.0 2806.0 small-vehicle 1
1985.0 2410.0 2009.0 2410.0 2009.0 2423.0 1985.0 2423.0 small-vehicle 1
1938.0 2420.0 1951.0 2420.0 1951.0 2440.0 1938.0 2440.0 small-vehicle 1
1918.0 2435.0 1939.0 2435.0 1939.0 2453.0 1918.0 2453.0 small-vehicle 1
1870.0 2433.0 1882.0 2433.0 1882.0 2459.0 1870.0 2459.0 small-vehicle 1
1785.0 2417.0 1799.0 2417.0 1799.0 2442.0 1785.0 2442.0 small-vehicle 1
1658.0 2421.0 1680.0 2421.0 1680.0 2441.0 1658.0 2441.0 small-vehicle 1
1550.0 2436.0 1567.0 2436.0 1567.0 2456.0 1550.0 2456.0 small-vehicle 1
1533.0 2429.0 1556.0 2429.0 1556.0 2449.0 1533.0 2449.0 small-vehicle 1
1493.0 2433.0 1512.0 2433.0 1512.0 2459.0 1493.0 2459.0 small-vehicle 1
1915.0 2739.0 1927.0 2739.0 1927.0 2759.0 1915.0 2759.0 small-vehicle 1
1913.0 2761.0 1924.0 2761.0 1924.0 2779.0 1913.0 2779.0 small-vehicle 1
1881.0 2789.0 1903.0 2789.0 1903.0 2802.0 1881.0 2802.0 small-vehicle 1
2027.0 2192.0 2047.0 2192.0 2047.0 2203.0 2027.0 2203.0 small-vehicle 1
2103.0 1982.0 2114.0 1982.0 2114.0 2002.0 2103.0 2002.0 small-vehicle 1
2069.0 1757.0 2093.0 1757.0 2093.0 1769.0 2069.0 1769.0 small-vehicle 1
2352.0 290.0 2374.0 290.0 2374.0 302.0 2352.0 302.0 small-vehicle 1
2308.0 299.0 2332.0 299.0 2332.0 310.0 2308.0 310.0 small-vehicle 1
2293.0 287.0 2311.0 287.0 2311.0 299.0 2293.0 299.0 small-vehicle 1
2287.0 275.0 2311.0 275.0 2311.0 286.0 2287.0 286.0 small-vehicle 1
2323.0 266.0 2342.0 266.0 2342.0 277.0 2323.0 277.0 small-vehicle 1
2236.0 233.0 2250.0 233.0 2250.0 255.0 2236.0 255.0 large-vehicle 0
2224.0 215.0 2239.0 215.0 2239.0 238.0 2224.0 238.0 small-vehicle 0
2215.0 191.0 2227.0 191.0 2227.0 216.0 2215.0 216.0 small-vehicle 1
2228.0 187.0 2239.0 187.0 2239.0 206.0 2228.0 206.0 small-vehicle 1
2229.0 106.0 2243.0 106.0 2243.0 131.0 2229.0 131.0 small-vehicle 1
2350.0 146.0 2364.0 146.0 2364.0 167.0 2350.0 167.0 small-vehicle 1
2360.0 148.0 2374.0 148.0 2374.0 167.0 2360.0 167.0 small-vehicle 1
2291.0 121.0 2308.0 121.0 2308.0 169.0 2291.0 169.0 large-vehicle 0
2320.0 144.0 2334.0 144.0 2334.0 168.0 2320.0 168.0 small-vehicle 1
2269.0 309.0 2294.0 309.0 2294.0 326.0 2269.0 326.0 small-vehicle 1
159.0 547.0 180.0 547.0 180.0 559.0 159.0 559.0 small-vehicle 1
71.0 1765.0 90.0 1765.0 90.0 1786.0 71.0 1786.0 small-vehicle 1
85.0 1752.0 103.0 1752.0 103.0 1769.0 85.0 1769.0 small-vehicle 1
255.0 3048.0 278.0 3048.0 278.0 3071.0 255.0 3071.0 small-vehicle 1
926.0 132.0 937.0 132.0 937.0 153.0 926.0 153.0 small-vehicle 1
1637.0 479.0 1657.0 479.0 1657.0 493.0 1637.0 493.0 small-vehicle 1
2215.0 752.0 2230.0 752.0 2230.0 777.0 2215.0 777.0 small-vehicle 1
1738.0 1019.0 1755.0 1019.0 1755.0 1031.0 1738.0 1031.0 small-vehicle 1
2018.0 1600.0 2040.0 1600.0 2040.0 1610.0 2018.0 1610.0 small-vehicle 1
2167.0 2455.0 2199.0 2455.0 2199.0 2478.0 2167.0 2478.0 small-vehicle 1
1724.0 2748.0 1734.0 2748.0 1734.0 2769.0 1724.0 2769.0 small-vehicle 1
1614.0 2761.0 1638.0 2761.0 1638.0 2772.0 1614.0 2772.0 small-vehicle 1
2305.0 310.0 2329.0 310.0 2329.0 321.0 2305.0 321.0 small-vehicle 1
2284.0 316.0 2309.0 316.0 2309.0 342.0 2284.0 342.0 small-vehicle 1
2138.0 1263.0 2151.0 1263.0 2151.0 1287.0 2138.0 1287.0 small-vehicle 1
2236.0 468.0 2251.0 468.0 2251.0 492.0 2236.0 492.0 small-vehicle 1
2150.0 1231.0 2165.0 1231.0 2165.0 1253.0 2150.0 1253.0 small-vehicle 1
2096.0 1247.0 2109.0 1247.0 2109.0 1269.0 2096.0 1269.0 small-vehicle 1
2303.0 1097.0 2315.0 1097.0 2315.0 1117.0 2303.0 1117.0 small-vehicle 1
2315.0 1099.0 2327.0 1099.0 2327.0 1119.0 2315.0 1119.0 small-vehicle 1
2159.0 1103.0 2173.0 1103.0 2173.0 1127.0 2159.0 1127.0 small-vehicle 1
2246.0 946.0 2266.0 946.0 2266.0 959.0 2246.0 959.0 small-vehicle 1
2020.0 690.0 2041.0 690.0 2041.0 701.0 2020.0 701.0 small-vehicle 1
2043.0 689.0 2068.0 689.0 2068.0 702.0 2043.0 702.0 small-vehicle 1
2304.0 656.0 2316.0 656.0 2316.0 675.0 2304.0 675.0 small-vehicle 1
1683.0 734.0 1703.0 734.0 1703.0 748.0 1683.0 748.0 small-vehicle 1
2351.0 546.0 2362.0 546.0 2362.0 564.0 2351.0 564.0 small-vehicle 1
2332.0 496.0 2346.0 496.0 2346.0 514.0 2332.0 514.0 small-vehicle 1
2241.0 434.0 2253.0 434.0 2253.0 453.0 2241.0 453.0 small-vehicle 1
2137.0 302.0 2160.0 302.0 2160.0 314.0 2137.0 314.0 small-vehicle 1
2244.0 406.0 2257.0 406.0 2257.0 430.0 2244.0 430.0 small-vehicle 1
2247.0 374.0 2262.0 374.0 2262.0 397.0 2247.0 397.0 small-vehicle 1
2257.0 395.0 2272.0 395.0 2272.0 419.0 2257.0 419.0 small-vehicle 1
2270.0 395.0 2285.0 395.0 2285.0 415.0 2270.0 415.0 small-vehicle 1
2262.0 375.0 2276.0 375.0 2276.0 394.0 2262.0 394.0 small-vehicle 1
2209.0 393.0 2225.0 393.0 2225.0 419.0 2209.0 419.0 small-vehicle 1
2171.0 408.0 2189.0 408.0 2189.0 432.0 2171.0 432.0 small-vehicle 1
2133.0 428.0 2147.0 428.0 2147.0 451.0 2133.0 451.0 small-vehicle 1
2035.0 333.0 2058.0 333.0 2058.0 345.0 2035.0 345.0 small-vehicle 1
2166.0 341.0 2185.0 341.0 2185.0 354.0 2166.0 354.0 small-vehicle 1
2139.0 329.0 2158.0 329.0 2158.0 341.0 2139.0 341.0 small-vehicle 1
2134.0 315.0 2158.0 315.0 2158.0 327.0 2134.0 327.0 small-vehicle 1
1740.0 1312.0 1753.0 1312.0 1753.0 1332.0 1740.0 1332.0 small-vehicle 1
1820.0 1420.0 1839.0 1420.0 1839.0 1432.0 1820.0 1432.0 small-vehicle 1
1616.0 1509.0 1637.0 1509.0 1637.0 1522.0 1616.0 1522.0 small-vehicle 1
1005.0 2932.0 1018.0 2932.0 1018.0 2955.0 1005.0 2955.0 small-vehicle 1
897.0 3080.0 914.0 3080.0 914.0 3093.0 897.0 3093.0 small-vehicle 1
447.0 3259.0 459.0 3259.0 459.0 3283.0 447.0 3283.0 small-vehicle 1
904.0 3317.0 916.0 3317.0 916.0 3337.0 904.0 3337.0 small-vehicle 1
415.0 3317.0 430.0 3317.0 430.0 3335.0 415.0 3335.0 small-vehicle 1
48.0 3288.0 73.0 3288.0 73.0 3312.0 48.0 3312.0 small-vehicle 1
702.0 3329.0 713.0 3329.0 713.0 3348.0 702.0 3348.0 small-vehicle 1
1341.0 3110.0 1353.0 3110.0 1353.0 3128.0 1341.0 3128.0 small-vehicle 1
1391.0 3136.0 1413.0 3136.0 1413.0 3148.0 1391.0 3148.0 small-vehicle 1
1419.0 3132.0 1441.0 3132.0 1441.0 3143.0 1419.0 3143.0 small-vehicle 1
1040.0 3095.0 1063.0 3095.0 1063.0 3115.0 1040.0 3115.0 small-vehicle 1
1454.0 3329.0 1469.0 3329.0 1469.0 3356.0 1454.0 3356.0 large-vehicle 0
1365.0 3298.0 1382.0 3298.0 1382.0 3332.0 1365.0 3332.0 ship 0
1057.0 2891.0 1075.0 2891.0 1075.0 2902.0 1057.0 2902.0 small-vehicle 1
776.0 3092.0 790.0 3092.0 790.0 3112.0 776.0 3112.0 small-vehicle 1
1045.0 2839.0 1065.0 2839.0 1065.0 2858.0 1045.0 2858.0 small-vehicle 1
1330.0 2883.0 1350.0 2883.0 1350.0 2903.0 1330.0 2903.0 small-vehicle 1
1443.0 2728.0 1467.0 2728.0 1467.0 2745.0 1443.0 2745.0 small-vehicle 1
1057.0 2629.0 1081.0 2629.0 1081.0 2642.0 1057.0 2642.0 small-vehicle 1
1139.0 2552.0 1159.0 2552.0 1159.0 2565.0 1139.0 2565.0 small-vehicle 1
1142.0 2541.0 1162.0 2541.0 1162.0 2553.0 1142.0 2553.0 small-vehicle 1
1134.0 2574.0 1178.0 2574.0 1178.0 2613.0 1134.0 2613.0 swimming-pool 0
1363.0 2426.0 1387.0 2426.0 1387.0 2443.0 1363.0 2443.0 large-vehicle 0
1376.0 2417.0 1397.0 2417.0 1397.0 2431.0 1376.0 2431.0 small-vehicle 1
1408.0 2410.0 1420.0 2410.0 1420.0 2434.0 1408.0 2434.0 small-vehicle 1
1328.0 2348.0 1347.0 2348.0 1347.0 2366.0 1328.0 2366.0 small-vehicle 1
1329.0 2331.0 1349.0 2331.0 1349.0 2350.0 1329.0 2350.0 small-vehicle 1
802.0 3081.0 825.0 3081.0 825.0 3102.0 802.0 3102.0 small-vehicle 1
742.0 3079.0 755.0 3079.0 755.0 3100.0 742.0 3100.0 small-vehicle 1
1463.0 2298.0 1482.0 2298.0 1482.0 2321.0 1463.0 2321.0 small-vehicle 1
48.0 2094.0 63.0 2094.0 63.0 2117.0 48.0 2117.0 small-vehicle 1
577.0 1857.0 600.0 1857.0 600.0 1871.0 577.0 1871.0 small-vehicle 1
246.0 1838.0 271.0 1838.0 271.0 1853.0 246.0 1853.0 small-vehicle 1
227.0 1851.0 252.0 1851.0 252.0 1880.0 227.0 1880.0 small-vehicle 1
854.0 1799.0 869.0 1799.0 869.0 1818.0 854.0 1818.0 small-vehicle 1
658.0 1880.0 680.0 1880.0 680.0 1902.0 658.0 1902.0 small-vehicle 1
680.0 1904.0 702.0 1904.0 702.0 1922.0 680.0 1922.0 small-vehicle 1
413.0 1871.0 438.0 1871.0 438.0 1895.0 413.0 1895.0 small-vehicle 1
386.0 1881.0 405.0 1881.0 405.0 1904.0 386.0 1904.0 small-vehicle 1
112.0 1912.0 127.0 1912.0 127.0 1934.0 112.0 1934.0 small-vehicle 1
242.0 2003.0 259.0 2003.0 259.0 2015.0 242.0 2015.0 small-vehicle 1
394.0 2095.0 416.0 2095.0 416.0 2108.0 394.0 2108.0 small-vehicle 1
323.0 2109.0 348.0 2109.0 348.0 2125.0 323.0 2125.0 small-vehicle 1
726.0 2161.0 751.0 2161.0 751.0 2173.0 726.0 2173.0 small-vehicle 1
146.0 3129.0 167.0 3129.0 167.0 3145.0 146.0 3145.0 small-vehicle 1
849.0 2203.0 869.0 2203.0 869.0 2218.0 849.0 2218.0 small-vehicle 1
914.0 2208.0 935.0 2208.0 935.0 2221.0 914.0 2221.0 small-vehicle 1
669.0 2193.0 690.0 2193.0 690.0 2207.0 669.0 2207.0 small-vehicle 1
615.0 2191.0 638.0 2191.0 638.0 2204.0 615.0 2204.0 small-vehicle 1
277.0 2174.0 300.0 2174.0 300.0 2185.0 277.0 2185.0 small-vehicle 1
228.0 2170.0 254.0 2170.0 254.0 2184.0 228.0 2184.0 small-vehicle 1
635.0 2845.0 655.0 2845.0 655.0 2858.0 635.0 2858.0 small-vehicle 1
434.0 2877.0 448.0 2877.0 448.0 2898.0 434.0 2898.0 small-vehicle 1
457.0 2882.0 479.0 2882.0 479.0 2902.0 457.0 2902.0 small-vehicle 1
653.0 2886.0 671.0 2886.0 671.0 2912.0 653.0 2912.0 small-vehicle 1
675.0 2886.0 687.0 2886.0 687.0 2909.0 675.0 2909.0 small-vehicle 1
703.0 2889.0 715.0 2889.0 715.0 2912.0 703.0 2912.0 small-vehicle 1
1303.0 2346.0 1323.0 2346.0 1323.0 2359.0 1303.0 2359.0 small-vehicle 1
982.0 2302.0 1001.0 2302.0 1001.0 2316.0 982.0 2316.0 small-vehicle 1
1843.0 1590.0 1870.0 1590.0 1870.0 1603.0 1843.0 1603.0 small-vehicle 1
1796.0 808.0 1808.0 808.0 1808.0 830.0 1796.0 830.0 small-vehicle 1
1109.0 989.0 1119.0 989.0 1119.0 1008.0 1109.0 1008.0 small-vehicle 1
1145.0 922.0 1163.0 922.0 1163.0 933.0 1145.0 933.0 small-vehicle 1
1228.0 959.0 1245.0 959.0 1245.0 969.0 1228.0 969.0 small-vehicle 1
1214.0 957.0 1228.0 957.0 1228.0 967.0 1214.0 967.0 small-vehicle 1
1360.0 579.0 1383.0 579.0 1383.0 600.0 1360.0 600.0 small-vehicle 1
1327.0 552.0 1366.0 552.0 1366.0 584.0 1327.0 584.0 large-vehicle 0
1160.0 548.0 1183.0 548.0 1183.0 563.0 1160.0 563.0 small-vehicle 1
1403.0 438.0 1416.0 438.0 1416.0 459.0 1403.0 459.0 small-vehicle 1
1992.0 270.0 2013.0 270.0 2013.0 284.0 1992.0 284.0 small-vehicle 1
1997.0 686.0 2020.0 686.0 2020.0 702.0 1997.0 702.0 small-vehicle 1
1986.0 652.0 2000.0 652.0 2000.0 676.0 1986.0 676.0 small-vehicle 1
1728.0 731.0 1749.0 731.0 1749.0 748.0 1728.0 748.0 small-vehicle 1
1792.0 861.0 1805.0 861.0 1805.0 883.0 1792.0 883.0 small-vehicle 1
1375.0 1000.0 1395.0 1000.0 1395.0 1015.0 1375.0 1015.0 small-vehicle 1
1755.0 913.0 1775.0 913.0 1775.0 925.0 1755.0 925.0 small-vehicle 1
1789.0 954.0 1801.0 954.0 1801.0 974.0 1789.0 974.0 small-vehicle 1
1864.0 890.0 1886.0 890.0 1886.0 903.0 1864.0 903.0 small-vehicle 1
1740.0 1240.0 1756.0 1240.0 1756.0 1253.0 1740.0 1253.0 small-vehicle 1
1720.0 1224.0 1738.0 1224.0 1738.0 1243.0 1720.0 1243.0 small-vehicle 1
1729.0 1216.0 1747.0 1216.0 1747.0 1238.0 1729.0 1238.0 small-vehicle 1
1809.0 1286.0 1819.0 1286.0 1819.0 1302.0 1809.0 1302.0 small-vehicle 1
1805.0 1308.0 1817.0 1308.0 1817.0 1328.0 1805.0 1328.0 small-vehicle 1
1833.0 1284.0 1849.0 1284.0 1849.0 1297.0 1833.0 1297.0 small-vehicle 1
1871.0 1176.0 1892.0 1176.0 1892.0 1187.0 1871.0 1187.0 small-vehicle 1
1910.0 1528.0 1922.0 1528.0 1922.0 1549.0 1910.0 1549.0 small-vehicle 1
1921.0 1530.0 1934.0 1530.0 1934.0 1551.0 1921.0 1551.0 small-vehicle 1
1106.0 1010.0 1118.0 1010.0 1118.0 1029.0 1106.0 1029.0 small-vehicle 1
1460.0 1026.0 1474.0 1026.0 1474.0 1046.0 1460.0 1046.0 small-vehicle 1
945.0 2207.0 971.0 2207.0 971.0 2220.0 945.0 2220.0 small-vehicle 1
965.0 1548.0 986.0 1548.0 986.0 1559.0 965.0 1559.0 small-vehicle 1
1060.0 2194.0 1085.0 2194.0 1085.0 2206.0 1060.0 2206.0 small-vehicle 1
1453.0 2052.0 1465.0 2052.0 1465.0 2073.0 1453.0 2073.0 small-vehicle 1
1370.0 2018.0 1384.0 2018.0 1384.0 2041.0 1370.0 2041.0 small-vehicle 1
1411.0 2020.0 1427.0 2020.0 1427.0 2042.0 1411.0 2042.0 small-vehicle 1
1426.0 1991.0 1444.0 1991.0 1444.0 2016.0 1426.0 2016.0 small-vehicle 1
995.0 2060.0 1013.0 2060.0 1013.0 2072.0 995.0 2072.0 small-vehicle 1
1020.0 1961.0 1032.0 1961.0 1032.0 1980.0 1020.0 1980.0 small-vehicle 1
999.0 1846.0 1024.0 1846.0 1024.0 1866.0 999.0 1866.0 small-vehicle 1
1378.0 1904.0 1400.0 1904.0 1400.0 1918.0 1378.0 1918.0 small-vehicle 1
1394.0 1826.0 1409.0 1826.0 1409.0 1847.0 1394.0 1847.0 small-vehicle 1
1285.0 1579.0 1300.0 1579.0 1300.0 1601.0 1285.0 1601.0 small-vehicle 1
1397.0 1684.0 1441.0 1684.0 1441.0 1726.0 1397.0 1726.0 swimming-pool 0
1508.0 1518.0 1528.0 1518.0 1528.0 1529.0 1508.0 1529.0 small-vehicle 1
1453.0 1122.0 1468.0 1122.0 1468.0 1143.0 1453.0 1143.0 small-vehicle 1
1520.0 1508.0 1541.0 1508.0 1541.0 1519.0 1520.0 1519.0 small-vehicle 1
1504.0 1612.0 1523.0 1612.0 1523.0 1623.0 1504.0 1623.0 small-vehicle 1
1523.0 1595.0 1546.0 1595.0 1546.0 1618.0 1523.0 1618.0 small-vehicle 1
1234.0 1493.0 1245.0 1493.0 1245.0 1512.0 1234.0 1512.0 small-vehicle 1
1022.0 1444.0 1036.0 1444.0 1036.0 1469.0 1022.0 1469.0 small-vehicle 1
1126.0 1430.0 1136.0 1430.0 1136.0 1454.0 1126.0 1454.0 small-vehicle 1
1459.0 1450.0 1476.0 1450.0 1476.0 1461.0 1459.0 1461.0 small-vehicle 1
1474.0 1282.0 1492.0 1282.0 1492.0 1293.0 1474.0 1293.0 small-vehicle 1
1485.0 1221.0 1509.0 1221.0 1509.0 1241.0 1485.0 1241.0 small-vehicle 1
1126.0 1250.0 1153.0 1250.0 1153.0 1278.0 1126.0 1278.0 small-vehicle 1
1488.0 1156.0 1508.0 1156.0 1508.0 1166.0 1488.0 1166.0 small-vehicle 1
1470.0 1146.0 1493.0 1146.0 1493.0 1155.0 1470.0 1155.0 small-vehicle 1
395.0 682.0 446.0 682.0 446.0 707.0 395.0 707.0 swimming-pool 0
