imagesource:GoogleEarth
gsd:0.263562437468
1651.0 772.0 1674.0 772.0 1674.0 788.0 1651.0 788.0 small-vehicle 1
1503.0 71.0 1560.0 71.0 1560.0 127.0 1503.0 127.0 swimming-pool 0
328.0 222.0 350.0 222.0 350.0 241.0 328.0 241.0 small-vehicle 0
348.0 212.0 370.0 212.0 370.0 229.0 348.0 229.0 small-vehicle 0
326.0 195.0 341.0 195.0 341.0 215.0 326.0 215.0 small-vehicle 0
335.0 190.0 351.0 190.0 351.0 210.0 335.0 210.0 small-vehicle 0
344.0 182.0 362.0 182.0 362.0 206.0 344.0 206.0 small-vehicle 0
366.0 186.0 379.0 186.0 379.0 205.0 366.0 205.0 small-vehicle 0
380.0 187.0 393.0 187.0 393.0 206.0 380.0 206.0 small-vehicle 0
396.0 210.0 417.0 210.0 417.0 226.0 396.0 226.0 small-vehicle 0
449.0 195.0 461.0 195.0 461.0 217.0 449.0 217.0 small-vehicle 0
489.0 271.0 513.0 271.0 513.0 286.0 489.0 286.0 small-vehicle 0
776.0 38.0 798.0 38.0 798.0 49.0 776.0 49.0 small-vehicle 0
313.0 367.0 326.0 367.0 326.0 393.0 313.0 393.0 small-vehicle 0
701.0 204.0 716.0 204.0 716.0 226.0 701.0 226.0 small-vehicle 0
835.0 211.0 851.0 211.0 851.0 237.0 835.0 237.0 small-vehicle 0
643.0 181.0 657.0 181.0 657.0 203.0 643.0 203.0 small-vehicle 0
537.0 271.0 570.0 271.0 570.0 286.0 537.0 286.0 small-vehicle 0
581.0 275.0 604.0 275.0 604.0 290.0 581.0 290.0 small-vehicle 0
645.0 269.0 673.0 269.0 673.0 283.0 645.0 283.0 small-vehicle 1
692.0 283.0 715.0 283.0 715.0 295.0 692.0 295.0 small-vehicle 1
743.0 281.0 770.0 281.0 770.0 298.0 743.0 298.0 small-vehicle 1
839.0 304.0 856.0 304.0 856.0 331.0 839.0 331.0 small-vehicle 0
141.0 436.0 158.0 436.0 158.0 461.0 141.0 461.0 small-vehicle 0
73.0 411.0 85.0 411.0 85.0 432.0 73.0 432.0 small-vehicle 0
286.0 347.0 306.0 347.0 306.0 359.0 286.0 359.0 small-vehicle 0
1710.0 907.0 1747.0 907.0 1747.0 968.0 1710.0 968.0 swimming-pool 0
1842.0 1012.0 1870.0 1012.0 1870.0 1077.0 1842.0 1077.0 swimming-pool 0
1694.0 1284.0 1735.0 1284.0 1735.0 1343.0 1694.0 1343.0 swimming-pool 0
1690.0 1503.0 1719.0 1503.0 1719.0 1550.0 1690.0 1550.0 swimming-pool 0
1694.0 1447.0 1717.0 1447.0 1717.0 1466.0 1694.0 1466.0 swimming-pool 0
1657.0 1764.0 1685.0 1764.0 1685.0 1808.0 1657.0 1808.0 swimming-pool 0
1812.0 1651.0 1861.0 1651.0 1861.0 1709.0 1812.0 1709.0 swimming-pool 0
1857.0 1634.0 1887.0 1634.0 1887.0 1665.0 1857.0 1665.0 swimming-pool 0
1825.0 1319.0 1854.0 1319.0 1854.0 1386.0 1825.0 1386.0 swimming-pool 0
1830.0 1240.0 1860.0 1240.0 1860.0 1291.0 1830.0 1291.0 swimming-pool 0
1834.0 1174.0 1862.0 1174.0 1862.0 1225.0 1834.0 1225.0 swimming-pool 0
1840.0 1100.0 1870.0 1100.0 1870.0 1150.0 1840.0 1150.0 swimming-pool 0
1845.0 952.0 1873.0 952.0 1873.0 1001.0 1845.0 1001.0 swimming-pool 0
305.0 263.0 321.0 263.0 321.0 285.0 305.0 285.0 small-vehicle 1
1851.0 817.0 1875.0 817.0 1875.0 860.0 1851.0 860.0 swimming-pool 0
79.0 8.0 102.0 8.0 102.0 29.0 79.0 29.0 small-vehicle 0
232.0 10.0 249.0 10.0 249.0 20.0 232.0 20.0 small-vehicle 0
262.0 7.0 285.0 7.0 285.0 21.0 262.0 21.0 small-vehicle 0
207.0 25.0 228.0 25.0 228.0 36.0 207.0 36.0 small-vehicle 0
209.0 12.0 228.0 12.0 228.0 23.0 209.0 23.0 small-vehicle 0
159.0 148.0 172.0 148.0 172.0 170.0 159.0 170.0 small-vehicle 1
141.0 207.0 156.0 207.0 156.0 231.0 141.0 231.0 small-vehicle 0
126.0 239.0 138.0 239.0 138.0 264.0 126.0 264.0 small-vehicle 0
285.0 234.0 307.0 234.0 307.0 246.0 285.0 246.0 small-vehicle 0
131.0 400.0 146.0 400.0 146.0 424.0 131.0 424.0 small-vehicle 0
112.0 506.0 126.0 506.0 126.0 532.0 112.0 532.0 small-vehicle 0
69.0 643.0 84.0 643.0 84.0 668.0 69.0 668.0 small-vehicle 0
257.0 965.0 280.0 965.0 280.0 979.0 257.0 979.0 small-vehicle 1
563.0 999.0 587.0 999.0 587.0 1016.0 563.0 1016.0 small-vehicle 0
341.0 1016.0 364.0 1016.0 364.0 1029.0 341.0 1029.0 small-vehicle 1
330.0 958.0 349.0 958.0 349.0 984.0 330.0 984.0 small-vehicle 0
281.0 1037.0 294.0 1037.0 294.0 1057.0 281.0 1057.0 small-vehicle 0
286.0 914.0 301.0 914.0 301.0 938.0 286.0 938.0 small-vehicle 0
237.0 920.0 259.0 920.0 259.0 937.0 237.0 937.0 small-vehicle 0
231.0 935.0 257.0 935.0 257.0 949.0 231.0 949.0 small-vehicle 0
258.0 937.0 278.0 937.0 278.0 951.0 258.0 951.0 small-vehicle 0
233.0 948.0 256.0 948.0 256.0 960.0 233.0 960.0 small-vehicle 0
255.0 950.0 277.0 950.0 277.0 961.0 255.0 961.0 small-vehicle 0
258.0 977.0 279.0 977.0 279.0 988.0 258.0 988.0 small-vehicle 1
558.0 838.0 583.0 838.0 583.0 850.0 558.0 850.0 small-vehicle 0
256.0 988.0 280.0 988.0 280.0 998.0 256.0 998.0 small-vehicle 0
253.0 1063.0 271.0 1063.0 271.0 1073.0 253.0 1073.0 small-vehicle 0
251.0 1074.0 276.0 1074.0 276.0 1087.0 251.0 1087.0 small-vehicle 0
377.0 875.0 395.0 875.0 395.0 898.0 377.0 898.0 small-vehicle 0
277.0 1085.0 291.0 1085.0 291.0 1112.0 277.0 1112.0 small-vehicle 0
597.0 1045.0 612.0 1045.0 612.0 1069.0 597.0 1069.0 small-vehicle 1
252.0 1135.0 275.0 1135.0 275.0 1149.0 252.0 1149.0 small-vehicle 0
252.0 1149.0 274.0 1149.0 274.0 1166.0 252.0 1166.0 small-vehicle 0
274.0 1181.0 289.0 1181.0 289.0 1206.0 274.0 1206.0 small-vehicle 0
244.0 1208.0 267.0 1208.0 267.0 1222.0 244.0 1222.0 small-vehicle 0
641.0 1029.0 668.0 1029.0 668.0 1050.0 641.0 1050.0 small-vehicle 0
669.0 886.0 689.0 886.0 689.0 898.0 669.0 898.0 small-vehicle 0
668.0 910.0 694.0 910.0 694.0 923.0 668.0 923.0 small-vehicle 0
590.0 977.0 608.0 977.0 608.0 1000.0 590.0 1000.0 small-vehicle 0
612.0 876.0 627.0 876.0 627.0 900.0 612.0 900.0 small-vehicle 1
568.0 907.0 590.0 907.0 590.0 922.0 568.0 922.0 small-vehicle 0
346.0 716.0 359.0 716.0 359.0 738.0 346.0 738.0 small-vehicle 1
270.0 716.0 293.0 716.0 293.0 731.0 270.0 731.0 small-vehicle 0
270.0 729.0 291.0 729.0 291.0 741.0 270.0 741.0 small-vehicle 0
263.0 739.0 291.0 739.0 291.0 753.0 263.0 753.0 large-vehicle 0
265.0 758.0 292.0 758.0 292.0 774.0 265.0 774.0 small-vehicle 0
265.0 774.0 294.0 774.0 294.0 788.0 265.0 788.0 small-vehicle 0
46.0 904.0 60.0 904.0 60.0 923.0 46.0 923.0 small-vehicle 0
914.0 681.0 942.0 681.0 942.0 698.0 914.0 698.0 small-vehicle 0
926.0 913.0 942.0 913.0 942.0 940.0 926.0 940.0 small-vehicle 1
915.0 961.0 936.0 961.0 936.0 985.0 915.0 985.0 small-vehicle 0
904.0 980.0 926.0 980.0 926.0 1004.0 904.0 1004.0 small-vehicle 0
899.0 1011.0 920.0 1011.0 920.0 1032.0 899.0 1032.0 small-vehicle 0
880.0 1019.0 901.0 1019.0 901.0 1036.0 880.0 1036.0 small-vehicle 0
878.0 1011.0 900.0 1011.0 900.0 1023.0 878.0 1023.0 small-vehicle 0
876.0 1000.0 901.0 1000.0 901.0 1013.0 876.0 1013.0 small-vehicle 0
684.0 958.0 714.0 958.0 714.0 983.0 684.0 983.0 small-vehicle 0
649.0 934.0 661.0 934.0 661.0 956.0 649.0 956.0 small-vehicle 0
580.0 930.0 605.0 930.0 605.0 942.0 580.0 942.0 small-vehicle 0
598.0 958.0 619.0 958.0 619.0 982.0 598.0 982.0 small-vehicle 0
1714.0 987.0 1743.0 987.0 1743.0 1031.0 1714.0 1031.0 swimming-pool 0
1725.0 757.0 1761.0 757.0 1761.0 824.0 1725.0 824.0 swimming-pool 0
243.0 1262.0 270.0 1262.0 270.0 1274.0 243.0 1274.0 small-vehicle 0
448.0 947.0 475.0 947.0 475.0 996.0 448.0 996.0 swimming-pool 0
441.0 1209.0 467.0 1209.0 467.0 1266.0 441.0 1266.0 swimming-pool 0
492.0 1170.0 539.0 1170.0 539.0 1204.0 492.0 1204.0 swimming-pool 0
653.0 1176.0 681.0 1176.0 681.0 1213.0 653.0 1213.0 swimming-pool 0
690.0 1181.0 739.0 1181.0 739.0 1209.0 690.0 1209.0 swimming-pool 0
693.0 1143.0 745.0 1143.0 745.0 1178.0 693.0 1178.0 swimming-pool 0
783.0 1176.0 822.0 1176.0 822.0 1207.0 783.0 1207.0 swimming-pool 0
793.0 1052.0 827.0 1052.0 827.0 1105.0 793.0 1105.0 swimming-pool 0
476.0 1037.0 511.0 1037.0 511.0 1103.0 476.0 1103.0 swimming-pool 0
442.0 1072.0 466.0 1072.0 466.0 1117.0 442.0 1117.0 swimming-pool 0
448.0 1006.0 474.0 1006.0 474.0 1048.0 448.0 1048.0 swimming-pool 0
442.0 900.0 470.0 900.0 470.0 926.0 442.0 926.0 swimming-pool 0
1125.0 1516.0 1173.0 1516.0 1173.0 1545.0 1125.0 1545.0 swimming-pool 0
484.0 933.0 506.0 933.0 506.0 979.0 484.0 979.0 swimming-pool 0
487.0 846.0 512.0 846.0 512.0 891.0 487.0 891.0 swimming-pool 0
805.0 850.0 832.0 850.0 832.0 900.0 805.0 900.0 swimming-pool 0
762.0 851.0 794.0 851.0 794.0 872.0 762.0 872.0 swimming-pool 0
804.0 780.0 830.0 780.0 830.0 830.0 804.0 830.0 swimming-pool 0
771.0 781.0 797.0 781.0 797.0 827.0 771.0 827.0 swimming-pool 0
771.0 716.0 805.0 716.0 805.0 774.0 771.0 774.0 swimming-pool 0
812.0 620.0 844.0 620.0 844.0 677.0 812.0 677.0 swimming-pool 0
468.0 581.0 494.0 581.0 494.0 633.0 468.0 633.0 swimming-pool 0
466.0 651.0 490.0 651.0 490.0 710.0 466.0 710.0 swimming-pool 0
1271.0 1506.0 1317.0 1506.0 1317.0 1556.0 1271.0 1556.0 swimming-pool 0
1063.0 1501.0 1100.0 1501.0 1100.0 1539.0 1063.0 1539.0 swimming-pool 0
1717.0 672.0 1752.0 672.0 1752.0 724.0 1717.0 724.0 swimming-pool 0
116.0 1533.0 146.0 1533.0 146.0 1588.0 116.0 1588.0 swimming-pool 0
336.0 88.0 383.0 88.0 383.0 143.0 336.0 143.0 swimming-pool 0
179.0 348.0 206.0 348.0 206.0 402.0 179.0 402.0 swimming-pool 0
180.0 409.0 199.0 409.0 199.0 456.0 180.0 456.0 swimming-pool 0
171.0 625.0 195.0 625.0 195.0 670.0 171.0 670.0 swimming-pool 0
164.0 679.0 192.0 679.0 192.0 743.0 164.0 743.0 swimming-pool 0
156.0 837.0 184.0 837.0 184.0 881.0 156.0 881.0 swimming-pool 0
146.0 1099.0 173.0 1099.0 173.0 1156.0 146.0 1156.0 swimming-pool 0
145.0 1183.0 166.0 1183.0 166.0 1227.0 145.0 1227.0 swimming-pool 0
129.0 1391.0 163.0 1391.0 163.0 1445.0 129.0 1445.0 swimming-pool 0
124.0 1456.0 168.0 1456.0 168.0 1507.0 124.0 1507.0 swimming-pool 0
352.0 1445.0 408.0 1445.0 408.0 1477.0 352.0 1477.0 swimming-pool 0
1046.0 1459.0 1101.0 1459.0 1101.0 1493.0 1046.0 1493.0 swimming-pool 0
423.0 1453.0 476.0 1453.0 476.0 1474.0 423.0 1474.0 swimming-pool 0
503.0 1455.0 548.0 1455.0 548.0 1481.0 503.0 1481.0 swimming-pool 0
555.0 1452.0 606.0 1452.0 606.0 1481.0 555.0 1481.0 swimming-pool 0
627.0 1458.0 672.0 1458.0 672.0 1491.0 627.0 1491.0 swimming-pool 0
550.0 1488.0 582.0 1488.0 582.0 1519.0 550.0 1519.0 swimming-pool 0
703.0 1491.0 747.0 1491.0 747.0 1521.0 703.0 1521.0 swimming-pool 0
850.0 1497.0 904.0 1497.0 904.0 1532.0 850.0 1532.0 swimming-pool 0
911.0 1507.0 949.0 1507.0 949.0 1533.0 911.0 1533.0 swimming-pool 0
862.0 1466.0 893.0 1466.0 893.0 1495.0 862.0 1495.0 swimming-pool 0
990.0 1505.0 1033.0 1505.0 1033.0 1547.0 990.0 1547.0 swimming-pool 0
510.0 660.0 526.0 660.0 526.0 700.0 510.0 700.0 swimming-pool 0
504.0 540.0 531.0 540.0 531.0 589.0 504.0 589.0 swimming-pool 0
532.0 385.0 578.0 385.0 578.0 418.0 532.0 418.0 swimming-pool 0
879.0 119.0 931.0 119.0 931.0 147.0 879.0 147.0 swimming-pool 0
1423.0 1070.0 1453.0 1070.0 1453.0 1122.0 1423.0 1122.0 swimming-pool 0
1423.0 1011.0 1449.0 1011.0 1449.0 1059.0 1423.0 1059.0 swimming-pool 0
1432.0 933.0 1458.0 933.0 1458.0 987.0 1432.0 987.0 swimming-pool 0
1392.0 910.0 1425.0 910.0 1425.0 952.0 1392.0 952.0 swimming-pool 0
1401.0 809.0 1430.0 809.0 1430.0 857.0 1401.0 857.0 swimming-pool 0
1435.0 790.0 1464.0 790.0 1464.0 831.0 1435.0 831.0 swimming-pool 0
1441.0 733.0 1463.0 733.0 1463.0 785.0 1441.0 785.0 swimming-pool 0
1401.0 687.0 1455.0 687.0 1455.0 739.0 1401.0 739.0 swimming-pool 0
1467.0 623.0 1517.0 623.0 1517.0 669.0 1467.0 669.0 swimming-pool 0
811.0 110.0 866.0 110.0 866.0 140.0 811.0 140.0 swimming-pool 0
964.0 120.0 1007.0 120.0 1007.0 147.0 964.0 147.0 swimming-pool 0
474.0 326.0 503.0 326.0 503.0 368.0 474.0 368.0 swimming-pool 0
1030.0 121.0 1080.0 121.0 1080.0 152.0 1030.0 152.0 swimming-pool 0
1168.0 126.0 1224.0 126.0 1224.0 159.0 1168.0 159.0 swimming-pool 0
1244.0 154.0 1310.0 154.0 1310.0 189.0 1244.0 189.0 swimming-pool 0
1455.0 260.0 1502.0 260.0 1502.0 310.0 1455.0 310.0 swimming-pool 0
1511.0 126.0 1563.0 126.0 1563.0 178.0 1511.0 178.0 swimming-pool 0
1438.0 96.0 1495.0 96.0 1495.0 146.0 1438.0 146.0 swimming-pool 0
1587.0 69.0 1629.0 69.0 1629.0 121.0 1587.0 121.0 swimming-pool 0
1539.0 354.0 1578.0 354.0 1578.0 402.0 1539.0 402.0 swimming-pool 0
1616.0 448.0 1676.0 448.0 1676.0 510.0 1616.0 510.0 swimming-pool 0
1663.0 522.0 1716.0 522.0 1716.0 593.0 1663.0 593.0 swimming-pool 0
1416.0 1150.0 1444.0 1150.0 1444.0 1198.0 1416.0 1198.0 swimming-pool 0
1458.0 1207.0 1511.0 1207.0 1511.0 1240.0 1458.0 1240.0 swimming-pool 0
1394.0 1203.0 1448.0 1203.0 1448.0 1233.0 1394.0 1233.0 swimming-pool 0
1396.0 1563.0 1421.0 1563.0 1421.0 1618.0 1396.0 1618.0 swimming-pool 0
585.0 380.0 627.0 380.0 627.0 424.0 585.0 424.0 swimming-pool 0
747.0 387.0 801.0 387.0 801.0 430.0 747.0 430.0 swimming-pool 0
738.0 437.0 797.0 437.0 797.0 461.0 738.0 461.0 swimming-pool 0
801.0 433.0 858.0 433.0 858.0 467.0 801.0 467.0 swimming-pool 0
881.0 405.0 919.0 405.0 919.0 433.0 881.0 433.0 swimming-pool 0
1031.0 416.0 1079.0 416.0 1079.0 441.0 1031.0 441.0 swimming-pool 0
1098.0 413.0 1147.0 413.0 1147.0 450.0 1098.0 450.0 swimming-pool 0
1143.0 582.0 1173.0 582.0 1173.0 629.0 1143.0 629.0 swimming-pool 0
1126.0 648.0 1164.0 648.0 1164.0 703.0 1126.0 703.0 swimming-pool 0
1095.0 733.0 1121.0 733.0 1121.0 781.0 1095.0 781.0 swimming-pool 0
1088.0 819.0 1117.0 819.0 1117.0 873.0 1088.0 873.0 swimming-pool 0
1121.0 818.0 1145.0 818.0 1145.0 868.0 1121.0 868.0 swimming-pool 0
1080.0 876.0 1112.0 876.0 1112.0 924.0 1080.0 924.0 swimming-pool 0
1076.0 944.0 1110.0 944.0 1110.0 1000.0 1076.0 1000.0 swimming-pool 0
1014.0 1144.0 1074.0 1144.0 1074.0 1188.0 1014.0 1188.0 swimming-pool 0
910.0 1187.0 954.0 1187.0 954.0 1213.0 910.0 1213.0 swimming-pool 0
1040.0 1190.0 1099.0 1190.0 1099.0 1226.0 1040.0 1226.0 swimming-pool 0
1146.0 1142.0 1184.0 1142.0 1184.0 1192.0 1146.0 1192.0 swimming-pool 0
1328.0 1488.0 1385.0 1488.0 1385.0 1514.0 1328.0 1514.0 swimming-pool 0
1320.0 1519.0 1371.0 1519.0 1371.0 1547.0 1320.0 1547.0 swimming-pool 0
1398.0 1493.0 1425.0 1493.0 1425.0 1551.0 1398.0 1551.0 swimming-pool 0
246.0 1250.0 272.0 1250.0 272.0 1262.0 246.0 1262.0 small-vehicle 0
142.0 1244.0 162.0 1244.0 162.0 1280.0 142.0 1280.0 swimming-pool 0
921.0 1355.0 943.0 1355.0 943.0 1367.0 921.0 1367.0 small-vehicle 1
1805.0 107.0 1835.0 107.0 1835.0 135.0 1805.0 135.0 small-vehicle 1
1290.0 374.0 1310.0 374.0 1310.0 395.0 1290.0 395.0 small-vehicle 1
1467.0 427.0 1494.0 427.0 1494.0 450.0 1467.0 450.0 small-vehicle 1
1005.0 78.0 1029.0 78.0 1029.0 91.0 1005.0 91.0 small-vehicle 0
1183.0 59.0 1211.0 59.0 1211.0 81.0 1183.0 81.0 small-vehicle 0
1270.0 110.0 1295.0 110.0 1295.0 132.0 1270.0 132.0 small-vehicle 0
1654.0 234.0 1681.0 234.0 1681.0 258.0 1654.0 258.0 small-vehicle 1
1674.0 220.0 1697.0 220.0 1697.0 243.0 1674.0 243.0 small-vehicle 1
1684.0 208.0 1711.0 208.0 1711.0 232.0 1684.0 232.0 small-vehicle 0
1748.0 158.0 1774.0 158.0 1774.0 181.0 1748.0 181.0 small-vehicle 0
1766.0 143.0 1790.0 143.0 1790.0 165.0 1766.0 165.0 small-vehicle 0
1846.0 72.0 1873.0 72.0 1873.0 96.0 1846.0 96.0 small-vehicle 1
1273.0 362.0 1293.0 362.0 1293.0 384.0 1273.0 384.0 small-vehicle 0
1726.0 88.0 1748.0 88.0 1748.0 113.0 1726.0 113.0 small-vehicle 0
1718.0 96.0 1747.0 96.0 1747.0 124.0 1718.0 124.0 small-vehicle 0
1684.0 149.0 1708.0 149.0 1708.0 173.0 1684.0 173.0 small-vehicle 1
1778.0 219.0 1802.0 219.0 1802.0 245.0 1778.0 245.0 small-vehicle 1
1796.0 313.0 1841.0 313.0 1841.0 410.0 1796.0 410.0 tennis-court 0
1860.0 316.0 1909.0 316.0 1909.0 412.0 1860.0 412.0 tennis-court 0
1591.0 654.0 1609.0 654.0 1609.0 680.0 1591.0 680.0 small-vehicle 0
1180.0 490.0 1219.0 490.0 1219.0 531.0 1180.0 531.0 swimming-pool 0
1796.0 1140.0 1811.0 1140.0 1811.0 1165.0 1796.0 1165.0 small-vehicle 1
1521.0 1052.0 1544.0 1052.0 1544.0 1064.0 1521.0 1064.0 small-vehicle 0
1283.0 369.0 1300.0 369.0 1300.0 389.0 1283.0 389.0 small-vehicle 1
1233.0 344.0 1249.0 344.0 1249.0 366.0 1233.0 366.0 small-vehicle 0
1360.0 566.0 1387.0 566.0 1387.0 592.0 1360.0 592.0 small-vehicle 0
1089.0 302.0 1113.0 302.0 1113.0 315.0 1089.0 315.0 small-vehicle 0
1364.0 614.0 1385.0 614.0 1385.0 629.0 1364.0 629.0 small-vehicle 0
1347.0 431.0 1370.0 431.0 1370.0 453.0 1347.0 453.0 small-vehicle 0
1008.0 490.0 1031.0 490.0 1031.0 504.0 1008.0 504.0 small-vehicle 1
1432.0 418.0 1460.0 418.0 1460.0 447.0 1432.0 447.0 small-vehicle 0
1373.0 354.0 1397.0 354.0 1397.0 377.0 1373.0 377.0 small-vehicle 0
1254.0 333.0 1278.0 333.0 1278.0 354.0 1254.0 354.0 small-vehicle 0
1205.0 314.0 1233.0 314.0 1233.0 334.0 1205.0 334.0 small-vehicle 0
1184.0 310.0 1204.0 310.0 1204.0 326.0 1184.0 326.0 small-vehicle 0
1153.0 306.0 1180.0 306.0 1180.0 321.0 1153.0 321.0 small-vehicle 0
1126.0 301.0 1150.0 301.0 1150.0 317.0 1126.0 317.0 small-vehicle 0
1034.0 299.0 1059.0 299.0 1059.0 313.0 1034.0 313.0 small-vehicle 0
1100.0 318.0 1112.0 318.0 1112.0 341.0 1100.0 341.0 small-vehicle 0
1242.0 248.0 1258.0 248.0 1258.0 272.0 1242.0 272.0 small-vehicle 0
965.0 248.0 990.0 248.0 990.0 258.0 965.0 258.0 small-vehicle 0
947.0 249.0 964.0 249.0 964.0 259.0 947.0 259.0 large-vehicle 0
985.0 222.0 999.0 222.0 999.0 246.0 985.0 246.0 small-vehicle 0
1003.0 224.0 1015.0 224.0 1015.0 247.0 1003.0 247.0 small-vehicle 0
1012.0 223.0 1025.0 223.0 1025.0 246.0 1012.0 246.0 small-vehicle 0
1023.0 225.0 1035.0 225.0 1035.0 246.0 1023.0 246.0 small-vehicle 0
1099.0 206.0 1118.0 206.0 1118.0 221.0 1099.0 221.0 small-vehicle 1
1078.0 320.0 1089.0 320.0 1089.0 339.0 1078.0 339.0 small-vehicle 0
1069.0 322.0 1079.0 322.0 1079.0 340.0 1069.0 340.0 small-vehicle 1
1525.0 1029.0 1544.0 1029.0 1544.0 1044.0 1525.0 1044.0 small-vehicle 1
1553.0 1005.0 1566.0 1005.0 1566.0 1029.0 1553.0 1029.0 small-vehicle 1
1519.0 1076.0 1537.0 1076.0 1537.0 1089.0 1519.0 1089.0 small-vehicle 1
705.0 528.0 720.0 528.0 720.0 553.0 705.0 553.0 small-vehicle 1
366.0 608.0 385.0 608.0 385.0 618.0 366.0 618.0 small-vehicle 1
273.0 654.0 297.0 654.0 297.0 666.0 273.0 666.0 small-vehicle 1
346.0 681.0 360.0 681.0 360.0 708.0 346.0 708.0 small-vehicle 1
617.0 588.0 631.0 588.0 631.0 611.0 617.0 611.0 small-vehicle 1
592.0 616.0 611.0 616.0 611.0 630.0 592.0 630.0 small-vehicle 1
665.0 639.0 676.0 639.0 676.0 658.0 665.0 658.0 small-vehicle 1
591.0 735.0 616.0 735.0 616.0 748.0 591.0 748.0 small-vehicle 1
659.0 731.0 671.0 731.0 671.0 755.0 659.0 755.0 small-vehicle 1
679.0 707.0 698.0 707.0 698.0 717.0 679.0 717.0 small-vehicle 1
679.0 662.0 700.0 662.0 700.0 674.0 679.0 674.0 small-vehicle 1
336.0 883.0 349.0 883.0 349.0 906.0 336.0 906.0 small-vehicle 1
1547.0 1100.0 1559.0 1100.0 1559.0 1123.0 1547.0 1123.0 large-vehicle 0
730.0 1276.0 743.0 1276.0 743.0 1297.0 730.0 1297.0 small-vehicle 1
691.0 1311.0 711.0 1311.0 711.0 1322.0 691.0 1322.0 small-vehicle 1
538.0 1305.0 560.0 1305.0 560.0 1318.0 538.0 1318.0 small-vehicle 1
264.0 1417.0 278.0 1417.0 278.0 1439.0 264.0 1439.0 small-vehicle 1
264.0 1458.0 275.0 1458.0 275.0 1479.0 264.0 1479.0 small-vehicle 1
460.0 1652.0 481.0 1652.0 481.0 1662.0 460.0 1662.0 small-vehicle 1
411.0 1651.0 432.0 1651.0 432.0 1662.0 411.0 1662.0 small-vehicle 1
902.0 1632.0 924.0 1632.0 924.0 1643.0 902.0 1643.0 small-vehicle 1
1000.0 1636.0 1020.0 1636.0 1020.0 1647.0 1000.0 1647.0 small-vehicle 1
913.0 1668.0 934.0 1668.0 934.0 1681.0 913.0 1681.0 small-vehicle 1
367.0 597.0 386.0 597.0 386.0 606.0 367.0 606.0 small-vehicle 1
280.0 554.0 302.0 554.0 302.0 566.0 280.0 566.0 small-vehicle 1
884.0 540.0 895.0 540.0 895.0 559.0 884.0 559.0 small-vehicle 1
773.0 519.0 787.0 519.0 787.0 538.0 773.0 538.0 small-vehicle 1
1544.0 1166.0 1556.0 1166.0 1556.0 1189.0 1544.0 1189.0 small-vehicle 1
1595.0 1138.0 1606.0 1138.0 1606.0 1161.0 1595.0 1161.0 small-vehicle 0
1591.0 1196.0 1603.0 1196.0 1603.0 1216.0 1591.0 1216.0 small-vehicle 0
1588.0 1216.0 1604.0 1216.0 1604.0 1237.0 1588.0 1237.0 small-vehicle 0
1505.0 1152.0 1534.0 1152.0 1534.0 1164.0 1505.0 1164.0 large-vehicle 0
1607.0 1267.0 1631.0 1267.0 1631.0 1283.0 1607.0 1283.0 small-vehicle 1
1606.0 1283.0 1627.0 1283.0 1627.0 1294.0 1606.0 1294.0 small-vehicle 0
1583.0 1340.0 1597.0 1340.0 1597.0 1363.0 1583.0 1363.0 small-vehicle 1
1597.0 1412.0 1617.0 1412.0 1617.0 1427.0 1597.0 1427.0 small-vehicle 1
1336.0 1393.0 1350.0 1393.0 1350.0 1412.0 1336.0 1412.0 large-vehicle 0
1353.0 1396.0 1362.0 1396.0 1362.0 1414.0 1353.0 1414.0 large-vehicle 0
1572.0 1544.0 1587.0 1544.0 1587.0 1568.0 1572.0 1568.0 small-vehicle 0
1763.0 1749.0 1778.0 1749.0 1778.0 1774.0 1763.0 1774.0 small-vehicle 0
1531.0 1718.0 1549.0 1718.0 1549.0 1741.0 1531.0 1741.0 small-vehicle 0
1550.0 1712.0 1568.0 1712.0 1568.0 1730.0 1550.0 1730.0 small-vehicle 0
1581.0 1699.0 1600.0 1699.0 1600.0 1719.0 1581.0 1719.0 small-vehicle 0
1586.0 1692.0 1608.0 1692.0 1608.0 1713.0 1586.0 1713.0 small-vehicle 0
1619.0 1578.0 1640.0 1578.0 1640.0 1599.0 1619.0 1599.0 small-vehicle 0
1609.0 1373.0 1629.0 1373.0 1629.0 1385.0 1609.0 1385.0 small-vehicle 1
338.0 161.0 358.0 161.0 358.0 185.0 338.0 185.0 small-vehicle 1
330.0 137.0 348.0 137.0 348.0 161.0 330.0 161.0 small-vehicle 1
1389.0 572.0 1409.0 572.0 1409.0 592.0 1389.0 592.0 small-vehicle 0
981.0 348.0 1009.0 348.0 1009.0 441.0 981.0 441.0 large-vehicle 0
338.0 1166.0 362.0 1166.0 362.0 1181.0 338.0 1181.0 small-vehicle 1
783.0 1663.0 810.0 1663.0 810.0 1675.0 783.0 1675.0 small-vehicle 0
408.0 1582.0 418.0 1582.0 418.0 1603.0 408.0 1603.0 small-vehicle 0
415.0 1583.0 428.0 1583.0 428.0 1603.0 415.0 1603.0 small-vehicle 0
780.0 1595.0 796.0 1595.0 796.0 1623.0 780.0 1623.0 small-vehicle 0
802.0 1600.0 815.0 1600.0 815.0 1622.0 802.0 1622.0 small-vehicle 0
827.0 1597.0 839.0 1597.0 839.0 1623.0 827.0 1623.0 small-vehicle 0
851.0 1605.0 867.0 1605.0 867.0 1627.0 851.0 1627.0 small-vehicle 0
383.0 1662.0 394.0 1662.0 394.0 1683.0 383.0 1683.0 small-vehicle 0
396.0 1661.0 412.0 1661.0 412.0 1685.0 396.0 1685.0 small-vehicle 0
621.0 1657.0 642.0 1657.0 642.0 1671.0 621.0 1671.0 small-vehicle 0
642.0 1656.0 666.0 1656.0 666.0 1671.0 642.0 1671.0 small-vehicle 0
867.0 1629.0 890.0 1629.0 890.0 1640.0 867.0 1640.0 small-vehicle 1
599.0 1619.0 624.0 1619.0 624.0 1635.0 599.0 1635.0 small-vehicle 0
887.0 1667.0 913.0 1667.0 913.0 1681.0 887.0 1681.0 small-vehicle 0
675.0 1679.0 692.0 1679.0 692.0 1697.0 675.0 1697.0 small-vehicle 0
822.0 1678.0 837.0 1678.0 837.0 1702.0 822.0 1702.0 small-vehicle 0
851.0 1681.0 865.0 1681.0 865.0 1705.0 851.0 1705.0 small-vehicle 0
867.0 1686.0 880.0 1686.0 880.0 1705.0 867.0 1705.0 small-vehicle 0
837.0 1688.0 851.0 1688.0 851.0 1707.0 837.0 1707.0 small-vehicle 0
228.0 1618.0 247.0 1618.0 247.0 1634.0 228.0 1634.0 small-vehicle 0
250.0 1665.0 274.0 1665.0 274.0 1685.0 250.0 1685.0 small-vehicle 0
629.0 297.0 641.0 297.0 641.0 317.0 629.0 317.0 small-vehicle 0
642.0 294.0 654.0 294.0 654.0 317.0 642.0 317.0 large-vehicle 0
563.0 1593.0 575.0 1593.0 575.0 1616.0 563.0 1616.0 small-vehicle 0
500.0 1615.0 517.0 1615.0 517.0 1627.0 500.0 1627.0 small-vehicle 0
985.0 523.0 999.0 523.0 999.0 549.0 985.0 549.0 small-vehicle 0
24.0 1536.0 39.0 1536.0 39.0 1559.0 24.0 1559.0 small-vehicle 0
344.0 1184.0 362.0 1184.0 362.0 1194.0 344.0 1194.0 small-vehicle 1
868.0 1284.0 883.0 1284.0 883.0 1305.0 868.0 1305.0 small-vehicle 0
826.0 1259.0 841.0 1259.0 841.0 1284.0 826.0 1284.0 small-vehicle 0
19.0 1377.0 34.0 1377.0 34.0 1402.0 19.0 1402.0 small-vehicle 0
225.0 1379.0 256.0 1379.0 256.0 1395.0 225.0 1395.0 small-vehicle 0
196.0 1382.0 221.0 1382.0 221.0 1394.0 196.0 1394.0 small-vehicle 0
217.0 1395.0 240.0 1395.0 240.0 1405.0 217.0 1405.0 small-vehicle 0
223.0 1404.0 245.0 1404.0 245.0 1416.0 223.0 1416.0 small-vehicle 0
261.0 1483.0 273.0 1483.0 273.0 1503.0 261.0 1503.0 small-vehicle 0
234.0 1513.0 253.0 1513.0 253.0 1528.0 234.0 1528.0 small-vehicle 0
378.0 1352.0 392.0 1352.0 392.0 1376.0 378.0 1376.0 small-vehicle 0
476.0 1615.0 497.0 1615.0 497.0 1628.0 476.0 1628.0 small-vehicle 0
565.0 1357.0 578.0 1357.0 578.0 1376.0 565.0 1376.0 small-vehicle 0
576.0 1357.0 588.0 1357.0 588.0 1377.0 576.0 1377.0 small-vehicle 0
744.0 1349.0 765.0 1349.0 765.0 1359.0 744.0 1359.0 small-vehicle 0
802.0 1368.0 815.0 1368.0 815.0 1387.0 802.0 1387.0 small-vehicle 0
814.0 1367.0 828.0 1367.0 828.0 1389.0 814.0 1389.0 small-vehicle 0
791.0 1473.0 825.0 1473.0 825.0 1492.0 791.0 1492.0 swimming-pool 0
427.0 1483.0 474.0 1483.0 474.0 1515.0 427.0 1515.0 swimming-pool 0
257.0 1632.0 279.0 1632.0 279.0 1657.0 257.0 1657.0 small-vehicle 0
395.0 1611.0 414.0 1611.0 414.0 1622.0 395.0 1622.0 small-vehicle 0
445.0 1613.0 466.0 1613.0 466.0 1625.0 445.0 1625.0 small-vehicle 0
535.0 447.0 572.0 447.0 572.0 497.0 535.0 497.0 swimming-pool 0
600.0 690.0 621.0 690.0 621.0 702.0 600.0 702.0 small-vehicle 0
935.0 743.0 949.0 743.0 949.0 763.0 935.0 763.0 small-vehicle 0
990.0 839.0 1009.0 839.0 1009.0 850.0 990.0 850.0 small-vehicle 1
1280.0 986.0 1302.0 986.0 1302.0 1013.0 1280.0 1013.0 small-vehicle 0
1279.0 939.0 1294.0 939.0 1294.0 961.0 1279.0 961.0 small-vehicle 0
1279.0 910.0 1293.0 910.0 1293.0 934.0 1279.0 934.0 small-vehicle 0
1192.0 926.0 1216.0 926.0 1216.0 940.0 1192.0 940.0 small-vehicle 0
992.0 1019.0 1015.0 1019.0 1015.0 1035.0 992.0 1035.0 small-vehicle 1
991.0 1028.0 1015.0 1028.0 1015.0 1048.0 991.0 1048.0 small-vehicle 0
967.0 1053.0 992.0 1053.0 992.0 1081.0 967.0 1081.0 small-vehicle 0
984.0 939.0 1003.0 939.0 1003.0 951.0 984.0 951.0 small-vehicle 1
985.0 953.0 1002.0 953.0 1002.0 963.0 985.0 963.0 small-vehicle 0
968.0 864.0 980.0 864.0 980.0 888.0 968.0 888.0 small-vehicle 1
1221.0 806.0 1242.0 806.0 1242.0 820.0 1221.0 820.0 small-vehicle 0
970.0 1688.0 982.0 1688.0 982.0 1710.0 970.0 1710.0 small-vehicle 0
975.0 692.0 991.0 692.0 991.0 716.0 975.0 716.0 small-vehicle 0
980.0 624.0 993.0 624.0 993.0 648.0 980.0 648.0 small-vehicle 1
1325.0 721.0 1348.0 721.0 1348.0 737.0 1325.0 737.0 small-vehicle 0
1361.0 726.0 1386.0 726.0 1386.0 736.0 1361.0 736.0 small-vehicle 0
1383.0 727.0 1408.0 727.0 1408.0 739.0 1383.0 739.0 small-vehicle 0
1279.0 625.0 1300.0 625.0 1300.0 650.0 1279.0 650.0 small-vehicle 0
1278.0 574.0 1309.0 574.0 1309.0 600.0 1278.0 600.0 small-vehicle 0
948.0 523.0 961.0 523.0 961.0 547.0 948.0 547.0 large-vehicle 0
951.0 466.0 962.0 466.0 962.0 487.0 951.0 487.0 small-vehicle 0
955.0 394.0 969.0 394.0 969.0 416.0 955.0 416.0 small-vehicle 0
1297.0 1040.0 1319.0 1040.0 1319.0 1057.0 1297.0 1057.0 small-vehicle 0
1281.0 1049.0 1303.0 1049.0 1303.0 1071.0 1281.0 1071.0 small-vehicle 0
1217.0 991.0 1241.0 991.0 1241.0 1015.0 1217.0 1015.0 small-vehicle 0
1240.0 1034.0 1260.0 1034.0 1260.0 1061.0 1240.0 1061.0 small-vehicle 0
982.0 1686.0 999.0 1686.0 999.0 1710.0 982.0 1710.0 small-vehicle 0
1068.0 1610.0 1082.0 1610.0 1082.0 1634.0 1068.0 1634.0 small-vehicle 0
1084.0 1609.0 1096.0 1609.0 1096.0 1628.0 1084.0 1628.0 small-vehicle 0
1094.0 1674.0 1117.0 1674.0 1117.0 1687.0 1094.0 1687.0 small-vehicle 1
1141.0 1640.0 1164.0 1640.0 1164.0 1651.0 1141.0 1651.0 small-vehicle 1
1332.0 1684.0 1358.0 1684.0 1358.0 1696.0 1332.0 1696.0 small-vehicle 1
1496.0 1706.0 1518.0 1706.0 1518.0 1723.0 1496.0 1723.0 small-vehicle 0
1363.0 1620.0 1375.0 1620.0 1375.0 1645.0 1363.0 1645.0 small-vehicle 0
941.0 1604.0 953.0 1604.0 953.0 1625.0 941.0 1625.0 small-vehicle 0
1496.0 1585.0 1521.0 1585.0 1521.0 1599.0 1496.0 1599.0 small-vehicle 0
1133.0 1696.0 1146.0 1696.0 1146.0 1721.0 1133.0 1721.0 small-vehicle 0
1320.0 1700.0 1331.0 1700.0 1331.0 1721.0 1320.0 1721.0 small-vehicle 1
1307.0 1702.0 1319.0 1702.0 1319.0 1724.0 1307.0 1724.0 small-vehicle 0
1054.0 1358.0 1084.0 1358.0 1084.0 1371.0 1054.0 1371.0 small-vehicle 0
1365.0 1370.0 1395.0 1370.0 1395.0 1385.0 1365.0 1385.0 large-vehicle 0
1416.0 1306.0 1433.0 1306.0 1433.0 1329.0 1416.0 1329.0 small-vehicle 0
1258.0 1278.0 1282.0 1278.0 1282.0 1300.0 1258.0 1300.0 small-vehicle 0
1188.0 1302.0 1202.0 1302.0 1202.0 1324.0 1188.0 1324.0 small-vehicle 0
1497.0 1464.0 1526.0 1464.0 1526.0 1484.0 1497.0 1484.0 large-vehicle 0
1272.0 1076.0 1289.0 1076.0 1289.0 1101.0 1272.0 1101.0 small-vehicle 0
1219.0 1042.0 1241.0 1042.0 1241.0 1067.0 1219.0 1067.0 small-vehicle 0
199.0 141.0 249.0 141.0 249.0 197.0 199.0 197.0 swimming-pool 0
