imagesource:GoogleEarth
gsd:0.266394486785
2344.0 2812.0 2366.0 2812.0 2366.0 2837.0 2344.0 2837.0 small-vehicle 1
1102.0 1147.0 1125.0 1147.0 1125.0 1160.0 1102.0 1160.0 small-vehicle 0
129.0 1614.0 144.0 1614.0 144.0 1625.0 129.0 1625.0 small-vehicle 1
937.0 1515.0 947.0 1515.0 947.0 1535.0 937.0 1535.0 small-vehicle 0
269.0 1658.0 281.0 1658.0 281.0 1680.0 269.0 1680.0 small-vehicle 1
105.0 1614.0 130.0 1614.0 130.0 1627.0 105.0 1627.0 large-vehicle 0
146.0 1612.0 169.0 1612.0 169.0 1625.0 146.0 1625.0 large-vehicle 0
287.0 1629.0 311.0 1629.0 311.0 1649.0 287.0 1649.0 small-vehicle 1
460.0 1521.0 482.0 1521.0 482.0 1536.0 460.0 1536.0 small-vehicle 1
515.0 1499.0 540.0 1499.0 540.0 1517.0 515.0 1517.0 small-vehicle 1
907.0 1497.0 930.0 1497.0 930.0 1509.0 907.0 1509.0 small-vehicle 0
707.0 1499.0 729.0 1499.0 729.0 1512.0 707.0 1512.0 small-vehicle 1
686.0 1501.0 706.0 1501.0 706.0 1513.0 686.0 1513.0 small-vehicle 0
727.0 1435.0 747.0 1435.0 747.0 1459.0 727.0 1459.0 small-vehicle 0
501.0 1438.0 522.0 1438.0 522.0 1456.0 501.0 1456.0 small-vehicle 0
566.0 1436.0 590.0 1436.0 590.0 1453.0 566.0 1453.0 small-vehicle 0
630.0 1462.0 649.0 1462.0 649.0 1475.0 630.0 1475.0 small-vehicle 1
537.0 1475.0 561.0 1475.0 561.0 1491.0 537.0 1491.0 small-vehicle 0
295.0 1527.0 313.0 1527.0 313.0 1548.0 295.0 1548.0 small-vehicle 0
307.0 1445.0 324.0 1445.0 324.0 1457.0 307.0 1457.0 small-vehicle 1
155.0 1553.0 177.0 1553.0 177.0 1564.0 155.0 1564.0 small-vehicle 0
154.0 1539.0 177.0 1539.0 177.0 1553.0 154.0 1553.0 small-vehicle 0
305.0 1369.0 321.0 1369.0 321.0 1393.0 305.0 1393.0 small-vehicle 0
312.0 1345.0 334.0 1345.0 334.0 1360.0 312.0 1360.0 small-vehicle 0
122.0 1418.0 159.0 1418.0 159.0 1443.0 122.0 1443.0 swimming-pool 0
96.0 1216.0 117.0 1216.0 117.0 1228.0 96.0 1228.0 small-vehicle 1
106.0 1236.0 128.0 1236.0 128.0 1247.0 106.0 1247.0 small-vehicle 0
109.0 1249.0 127.0 1249.0 127.0 1260.0 109.0 1260.0 small-vehicle 0
110.0 1260.0 124.0 1260.0 124.0 1280.0 110.0 1280.0 small-vehicle 0
113.0 1291.0 139.0 1291.0 139.0 1311.0 113.0 1311.0 small-vehicle 0
91.0 1259.0 112.0 1259.0 112.0 1284.0 91.0 1284.0 large-vehicle 0
83.0 1615.0 103.0 1615.0 103.0 1626.0 83.0 1626.0 small-vehicle 1
71.0 1681.0 89.0 1681.0 89.0 1694.0 71.0 1694.0 small-vehicle 0
65.0 1693.0 92.0 1693.0 92.0 1706.0 65.0 1706.0 small-vehicle 1
510.0 1934.0 533.0 1934.0 533.0 1948.0 510.0 1948.0 small-vehicle 1
821.0 2119.0 838.0 2119.0 838.0 2142.0 821.0 2142.0 small-vehicle 0
268.0 2168.0 293.0 2168.0 293.0 2194.0 268.0 2194.0 small-vehicle 1
248.0 2171.0 262.0 2171.0 262.0 2197.0 248.0 2197.0 small-vehicle 1
252.0 2105.0 264.0 2105.0 264.0 2128.0 252.0 2128.0 small-vehicle 0
277.0 2081.0 298.0 2081.0 298.0 2095.0 277.0 2095.0 small-vehicle 0
525.0 2091.0 539.0 2091.0 539.0 2114.0 525.0 2114.0 small-vehicle 0
568.0 2015.0 580.0 2015.0 580.0 2042.0 568.0 2042.0 small-vehicle 0
616.0 1909.0 638.0 1909.0 638.0 1922.0 616.0 1922.0 small-vehicle 0
533.0 1954.0 547.0 1954.0 547.0 1979.0 533.0 1979.0 large-vehicle 0
299.0 1958.0 323.0 1958.0 323.0 1972.0 299.0 1972.0 small-vehicle 1
285.0 1878.0 303.0 1878.0 303.0 1891.0 285.0 1891.0 small-vehicle 1
282.0 1890.0 303.0 1890.0 303.0 1903.0 282.0 1903.0 small-vehicle 0
285.0 1931.0 299.0 1931.0 299.0 1953.0 285.0 1953.0 small-vehicle 0
511.0 1920.0 534.0 1920.0 534.0 1934.0 511.0 1934.0 small-vehicle 1
291.0 1694.0 304.0 1694.0 304.0 1716.0 291.0 1716.0 small-vehicle 0
502.0 1902.0 527.0 1902.0 527.0 1916.0 502.0 1916.0 small-vehicle 1
513.0 1882.0 536.0 1882.0 536.0 1896.0 513.0 1896.0 small-vehicle 1
587.0 1892.0 609.0 1892.0 609.0 1904.0 587.0 1904.0 small-vehicle 1
589.0 1882.0 612.0 1882.0 612.0 1892.0 589.0 1892.0 small-vehicle 0
591.0 1870.0 613.0 1870.0 613.0 1882.0 591.0 1882.0 small-vehicle 0
779.0 1734.0 790.0 1734.0 790.0 1755.0 779.0 1755.0 small-vehicle 1
825.0 1736.0 839.0 1736.0 839.0 1763.0 825.0 1763.0 small-vehicle 1
522.0 1757.0 542.0 1757.0 542.0 1768.0 522.0 1768.0 small-vehicle 1
684.0 1798.0 706.0 1798.0 706.0 1811.0 684.0 1811.0 small-vehicle 0
856.0 1757.0 879.0 1757.0 879.0 1771.0 856.0 1771.0 small-vehicle 1
687.0 1761.0 711.0 1761.0 711.0 1772.0 687.0 1772.0 small-vehicle 1
668.0 1737.0 680.0 1737.0 680.0 1759.0 668.0 1759.0 small-vehicle 0
287.0 1848.0 300.0 1848.0 300.0 1869.0 287.0 1869.0 small-vehicle 0
287.0 1247.0 298.0 1247.0 298.0 1268.0 287.0 1268.0 small-vehicle 1
576.0 1221.0 586.0 1221.0 586.0 1240.0 576.0 1240.0 small-vehicle 1
564.0 1221.0 576.0 1221.0 576.0 1241.0 564.0 1241.0 small-vehicle 0
306.0 757.0 319.0 757.0 319.0 779.0 306.0 779.0 small-vehicle 0
185.0 830.0 211.0 830.0 211.0 845.0 185.0 845.0 small-vehicle 1
327.0 744.0 351.0 744.0 351.0 756.0 327.0 756.0 small-vehicle 1
328.0 734.0 350.0 734.0 350.0 744.0 328.0 744.0 small-vehicle 1
327.0 724.0 352.0 724.0 352.0 736.0 327.0 736.0 small-vehicle 0
116.0 558.0 137.0 558.0 137.0 576.0 116.0 576.0 small-vehicle 0
98.0 563.0 110.0 563.0 110.0 583.0 98.0 583.0 small-vehicle 0
113.0 634.0 135.0 634.0 135.0 650.0 113.0 650.0 small-vehicle 1
114.0 615.0 133.0 615.0 133.0 626.0 114.0 626.0 small-vehicle 0
149.0 813.0 171.0 813.0 171.0 826.0 149.0 826.0 small-vehicle 1
238.0 737.0 252.0 737.0 252.0 756.0 238.0 756.0 small-vehicle 1
239.0 720.0 252.0 720.0 252.0 738.0 239.0 738.0 small-vehicle 0
308.0 707.0 321.0 707.0 321.0 734.0 308.0 734.0 small-vehicle 0
306.0 780.0 318.0 780.0 318.0 801.0 306.0 801.0 small-vehicle 0
897.0 692.0 927.0 692.0 927.0 714.0 897.0 714.0 swimming-pool 0
324.0 911.0 346.0 911.0 346.0 923.0 324.0 923.0 small-vehicle 0
557.0 717.0 580.0 717.0 580.0 729.0 557.0 729.0 small-vehicle 0
586.0 686.0 597.0 686.0 597.0 707.0 586.0 707.0 small-vehicle 0
654.0 593.0 675.0 593.0 675.0 607.0 654.0 607.0 small-vehicle 0
718.0 591.0 743.0 591.0 743.0 605.0 718.0 605.0 small-vehicle 0
786.0 606.0 806.0 606.0 806.0 628.0 786.0 628.0 small-vehicle 1
748.0 591.0 767.0 591.0 767.0 605.0 748.0 605.0 small-vehicle 1
843.0 589.0 870.0 589.0 870.0 604.0 843.0 604.0 large-vehicle 0
113.0 540.0 137.0 540.0 137.0 552.0 113.0 552.0 small-vehicle 0
748.0 522.0 761.0 522.0 761.0 547.0 748.0 547.0 small-vehicle 0
846.0 530.0 858.0 530.0 858.0 551.0 846.0 551.0 small-vehicle 0
836.0 527.0 847.0 527.0 847.0 549.0 836.0 549.0 small-vehicle 0
810.0 532.0 822.0 532.0 822.0 553.0 810.0 553.0 small-vehicle 0
860.0 553.0 879.0 553.0 879.0 567.0 860.0 567.0 small-vehicle 0
324.0 856.0 346.0 856.0 346.0 870.0 324.0 870.0 small-vehicle 0
547.0 860.0 567.0 860.0 567.0 874.0 547.0 874.0 small-vehicle 0
383.0 1222.0 396.0 1222.0 396.0 1243.0 383.0 1243.0 small-vehicle 0
314.0 1079.0 338.0 1079.0 338.0 1089.0 314.0 1089.0 small-vehicle 0
362.0 1223.0 374.0 1223.0 374.0 1241.0 362.0 1241.0 small-vehicle 0
190.0 1171.0 210.0 1171.0 210.0 1205.0 190.0 1205.0 swimming-pool 0
499.0 1128.0 512.0 1128.0 512.0 1150.0 499.0 1150.0 small-vehicle 1
549.0 1131.0 564.0 1131.0 564.0 1153.0 549.0 1153.0 small-vehicle 1
676.0 1128.0 687.0 1128.0 687.0 1150.0 676.0 1150.0 small-vehicle 0
659.0 1129.0 671.0 1129.0 671.0 1151.0 659.0 1151.0 small-vehicle 0
859.0 1126.0 870.0 1126.0 870.0 1146.0 859.0 1146.0 small-vehicle 0
781.0 1152.0 805.0 1152.0 805.0 1164.0 781.0 1164.0 small-vehicle 1
608.0 1155.0 634.0 1155.0 634.0 1168.0 608.0 1168.0 small-vehicle 0
457.0 1202.0 482.0 1202.0 482.0 1216.0 457.0 1216.0 small-vehicle 1
367.0 1205.0 392.0 1205.0 392.0 1218.0 367.0 1218.0 small-vehicle 0
404.0 1159.0 427.0 1159.0 427.0 1170.0 404.0 1170.0 small-vehicle 0
377.0 1158.0 399.0 1158.0 399.0 1173.0 377.0 1173.0 small-vehicle 1
313.0 1055.0 340.0 1055.0 340.0 1068.0 313.0 1068.0 small-vehicle 0
548.0 868.0 569.0 868.0 569.0 886.0 548.0 886.0 small-vehicle 0
318.0 1031.0 341.0 1031.0 341.0 1042.0 318.0 1042.0 small-vehicle 0
100.0 1071.0 121.0 1071.0 121.0 1087.0 100.0 1087.0 small-vehicle 0
104.0 1008.0 125.0 1008.0 125.0 1020.0 104.0 1020.0 small-vehicle 0
101.0 999.0 122.0 999.0 122.0 1009.0 101.0 1009.0 small-vehicle 0
710.0 828.0 725.0 828.0 725.0 850.0 710.0 850.0 small-vehicle 0
785.0 827.0 798.0 827.0 798.0 847.0 785.0 847.0 small-vehicle 1
763.0 853.0 785.0 853.0 785.0 866.0 763.0 866.0 small-vehicle 1
734.0 853.0 758.0 853.0 758.0 866.0 734.0 866.0 small-vehicle 0
911.0 850.0 934.0 850.0 934.0 866.0 911.0 866.0 small-vehicle 0
739.0 899.0 758.0 899.0 758.0 923.0 739.0 923.0 small-vehicle 0
720.0 906.0 731.0 906.0 731.0 927.0 720.0 927.0 small-vehicle 0
671.0 906.0 685.0 906.0 685.0 929.0 671.0 929.0 small-vehicle 1
631.0 900.0 652.0 900.0 652.0 914.0 631.0 914.0 small-vehicle 0
857.0 2108.0 882.0 2108.0 882.0 2131.0 857.0 2131.0 small-vehicle 0
866.0 2118.0 889.0 2118.0 889.0 2140.0 866.0 2140.0 small-vehicle 1
861.0 2143.0 877.0 2143.0 877.0 2165.0 861.0 2165.0 small-vehicle 0
1206.0 2368.0 1224.0 2368.0 1224.0 2392.0 1206.0 2392.0 small-vehicle 0
1246.0 2240.0 1292.0 2240.0 1292.0 2280.0 1246.0 2280.0 swimming-pool 0
1140.0 2172.0 1156.0 2172.0 1156.0 2193.0 1140.0 2193.0 small-vehicle 0
1222.0 2134.0 1234.0 2134.0 1234.0 2157.0 1222.0 2157.0 small-vehicle 1
1234.0 2132.0 1247.0 2132.0 1247.0 2153.0 1234.0 2153.0 small-vehicle 0
1100.0 2080.0 1125.0 2080.0 1125.0 2095.0 1100.0 2095.0 small-vehicle 1
1101.0 2093.0 1125.0 2093.0 1125.0 2108.0 1101.0 2108.0 small-vehicle 0
1125.0 2094.0 1151.0 2094.0 1151.0 2112.0 1125.0 2112.0 small-vehicle 0
1124.0 2106.0 1154.0 2106.0 1154.0 2126.0 1124.0 2126.0 small-vehicle 0
1016.0 2133.0 1043.0 2133.0 1043.0 2150.0 1016.0 2150.0 small-vehicle 1
1008.0 2153.0 1045.0 2153.0 1045.0 2181.0 1008.0 2181.0 large-vehicle 0
1427.0 2257.0 1449.0 2257.0 1449.0 2280.0 1427.0 2280.0 small-vehicle 1
1539.0 2243.0 1563.0 2243.0 1563.0 2268.0 1539.0 2268.0 small-vehicle 1
1524.0 2264.0 1547.0 2264.0 1547.0 2286.0 1524.0 2286.0 small-vehicle 1
1094.0 2404.0 1115.0 2404.0 1115.0 2426.0 1094.0 2426.0 small-vehicle 0
1237.0 2053.0 1256.0 2053.0 1256.0 2065.0 1237.0 2065.0 small-vehicle 0
1515.0 2313.0 1529.0 2313.0 1529.0 2334.0 1515.0 2334.0 small-vehicle 0
1477.0 2319.0 1499.0 2319.0 1499.0 2342.0 1477.0 2342.0 small-vehicle 1
1471.0 2345.0 1493.0 2345.0 1493.0 2371.0 1471.0 2371.0 small-vehicle 0
1461.0 2376.0 1475.0 2376.0 1475.0 2398.0 1461.0 2398.0 small-vehicle 0
1139.0 2414.0 1162.0 2414.0 1162.0 2432.0 1139.0 2432.0 small-vehicle 0
1076.0 2486.0 1100.0 2486.0 1100.0 2506.0 1076.0 2506.0 small-vehicle 0
1400.0 2625.0 1423.0 2625.0 1423.0 2649.0 1400.0 2649.0 small-vehicle 1
1263.0 2686.0 1282.0 2686.0 1282.0 2712.0 1263.0 2712.0 small-vehicle 0
1522.0 2809.0 1552.0 2809.0 1552.0 2850.0 1522.0 2850.0 swimming-pool 0
1333.0 2777.0 1349.0 2777.0 1349.0 2799.0 1333.0 2799.0 small-vehicle 1
1360.0 2859.0 1372.0 2859.0 1372.0 2882.0 1360.0 2882.0 small-vehicle 1
1374.0 2862.0 1386.0 2862.0 1386.0 2884.0 1374.0 2884.0 small-vehicle 0
1431.0 2796.0 1454.0 2796.0 1454.0 2809.0 1431.0 2809.0 small-vehicle 1
1209.0 2053.0 1235.0 2053.0 1235.0 2066.0 1209.0 2066.0 small-vehicle 0
1277.0 2052.0 1301.0 2052.0 1301.0 2065.0 1277.0 2065.0 small-vehicle 0
1431.0 2778.0 1452.0 2778.0 1452.0 2789.0 1431.0 2789.0 small-vehicle 0
1009.0 1758.0 1033.0 1758.0 1033.0 1769.0 1009.0 1769.0 small-vehicle 0
1099.0 1196.0 1120.0 1196.0 1120.0 1207.0 1099.0 1207.0 small-vehicle 1
977.0 1197.0 999.0 1197.0 999.0 1208.0 977.0 1208.0 small-vehicle 0
1295.0 1508.0 1305.0 1508.0 1305.0 1528.0 1295.0 1528.0 small-vehicle 1
1255.0 1429.0 1271.0 1429.0 1271.0 1454.0 1255.0 1454.0 small-vehicle 0
1244.0 1431.0 1256.0 1431.0 1256.0 1453.0 1244.0 1453.0 small-vehicle 0
976.0 1428.0 990.0 1428.0 990.0 1455.0 976.0 1455.0 small-vehicle 1
1046.0 1459.0 1074.0 1459.0 1074.0 1472.0 1046.0 1472.0 small-vehicle 1
1132.0 1432.0 1146.0 1432.0 1146.0 1458.0 1132.0 1458.0 small-vehicle 0
994.0 1495.0 1018.0 1495.0 1018.0 1506.0 994.0 1506.0 small-vehicle 1
986.0 1501.0 1007.0 1501.0 1007.0 1524.0 986.0 1524.0 small-vehicle 0
1225.0 1492.0 1247.0 1492.0 1247.0 1504.0 1225.0 1504.0 small-vehicle 0
993.0 1733.0 1003.0 1733.0 1003.0 1755.0 993.0 1755.0 small-vehicle 0
980.0 1736.0 991.0 1736.0 991.0 1755.0 980.0 1755.0 small-vehicle 0
1180.0 1729.0 1192.0 1729.0 1192.0 1753.0 1180.0 1753.0 small-vehicle 0
1319.0 2023.0 1339.0 2023.0 1339.0 2046.0 1319.0 2046.0 small-vehicle 1
1193.0 1730.0 1214.0 1730.0 1214.0 1752.0 1193.0 1752.0 small-vehicle 0
1238.0 1729.0 1250.0 1729.0 1250.0 1752.0 1238.0 1752.0 small-vehicle 0
1250.0 1730.0 1268.0 1730.0 1268.0 1753.0 1250.0 1753.0 small-vehicle 0
1267.0 1728.0 1292.0 1728.0 1292.0 1752.0 1267.0 1752.0 small-vehicle 0
1258.0 1753.0 1283.0 1753.0 1283.0 1767.0 1258.0 1767.0 small-vehicle 0
1330.0 1791.0 1351.0 1791.0 1351.0 1803.0 1330.0 1803.0 small-vehicle 0
1307.0 1790.0 1329.0 1790.0 1329.0 1802.0 1307.0 1802.0 small-vehicle 1
1157.0 1794.0 1180.0 1794.0 1180.0 1805.0 1157.0 1805.0 small-vehicle 1
350.0 641.0 382.0 641.0 382.0 657.0 350.0 657.0 large-vehicle 0
1659.0 2380.0 1681.0 2380.0 1681.0 2401.0 1659.0 2401.0 small-vehicle 0
1317.0 2489.0 1334.0 2489.0 1334.0 2514.0 1317.0 2514.0 small-vehicle 0
1483.0 2142.0 1505.0 2142.0 1505.0 2164.0 1483.0 2164.0 small-vehicle 1
1197.0 2029.0 1208.0 2029.0 1208.0 2052.0 1197.0 2052.0 small-vehicle 1
1429.0 2810.0 1454.0 2810.0 1454.0 2825.0 1429.0 2825.0 small-vehicle 0
1418.0 2758.0 1440.0 2758.0 1440.0 2777.0 1418.0 2777.0 small-vehicle 0
845.0 2046.0 861.0 2046.0 861.0 2068.0 845.0 2068.0 small-vehicle 1
869.0 2404.0 887.0 2404.0 887.0 2414.0 869.0 2414.0 small-vehicle 1
67.0 2445.0 81.0 2445.0 81.0 2467.0 67.0 2467.0 small-vehicle 1
207.0 2662.0 220.0 2662.0 220.0 2689.0 207.0 2689.0 small-vehicle 0
595.0 2533.0 617.0 2533.0 617.0 2545.0 595.0 2545.0 small-vehicle 0
437.0 2532.0 464.0 2532.0 464.0 2547.0 437.0 2547.0 large-vehicle 0
380.0 2537.0 399.0 2537.0 399.0 2551.0 380.0 2551.0 small-vehicle 1
362.0 2491.0 384.0 2491.0 384.0 2503.0 362.0 2503.0 small-vehicle 1
334.0 2492.0 359.0 2492.0 359.0 2504.0 334.0 2504.0 small-vehicle 1
304.0 2493.0 331.0 2493.0 331.0 2505.0 304.0 2505.0 small-vehicle 0
281.0 2492.0 303.0 2492.0 303.0 2504.0 281.0 2504.0 small-vehicle 0
713.0 2479.0 745.0 2479.0 745.0 2493.0 713.0 2493.0 large-vehicle 0
881.0 2474.0 905.0 2474.0 905.0 2489.0 881.0 2489.0 small-vehicle 1
491.0 2411.0 512.0 2411.0 512.0 2422.0 491.0 2422.0 small-vehicle 0
866.0 2413.0 887.0 2413.0 887.0 2425.0 866.0 2425.0 small-vehicle 1
868.0 2393.0 890.0 2393.0 890.0 2406.0 868.0 2406.0 small-vehicle 0
468.0 2552.0 481.0 2552.0 481.0 2573.0 468.0 2573.0 small-vehicle 0
851.0 2421.0 863.0 2421.0 863.0 2442.0 851.0 2442.0 small-vehicle 1
811.0 2425.0 828.0 2425.0 828.0 2452.0 811.0 2452.0 small-vehicle 0
791.0 2405.0 806.0 2405.0 806.0 2416.0 791.0 2416.0 small-vehicle 0
575.0 2232.0 598.0 2232.0 598.0 2252.0 575.0 2252.0 small-vehicle 0
512.0 2436.0 527.0 2436.0 527.0 2460.0 512.0 2460.0 small-vehicle 0
518.0 2288.0 531.0 2288.0 531.0 2309.0 518.0 2309.0 small-vehicle 0
496.0 2258.0 517.0 2258.0 517.0 2272.0 496.0 2272.0 small-vehicle 0
319.0 2314.0 341.0 2314.0 341.0 2324.0 319.0 2324.0 small-vehicle 1
271.0 2313.0 290.0 2313.0 290.0 2324.0 271.0 2324.0 small-vehicle 1
41.0 2219.0 64.0 2219.0 64.0 2233.0 41.0 2233.0 small-vehicle 0
821.0 2029.0 837.0 2029.0 837.0 2050.0 821.0 2050.0 small-vehicle 1
809.0 2034.0 830.0 2034.0 830.0 2058.0 809.0 2058.0 small-vehicle 1
860.0 2048.0 874.0 2048.0 874.0 2071.0 860.0 2071.0 small-vehicle 1
484.0 2550.0 495.0 2550.0 495.0 2571.0 484.0 2571.0 small-vehicle 0
299.0 2556.0 310.0 2556.0 310.0 2576.0 299.0 2576.0 small-vehicle 0
1410.0 2690.0 1435.0 2690.0 1435.0 2710.0 1410.0 2710.0 small-vehicle 0
878.0 2760.0 891.0 2760.0 891.0 2783.0 878.0 2783.0 small-vehicle 1
1394.0 2657.0 1423.0 2657.0 1423.0 2676.0 1394.0 2676.0 large-vehicle 0
1350.0 2675.0 1372.0 2675.0 1372.0 2694.0 1350.0 2694.0 small-vehicle 0
1039.0 2755.0 1051.0 2755.0 1051.0 2775.0 1039.0 2775.0 small-vehicle 0
952.0 2782.0 978.0 2782.0 978.0 2795.0 952.0 2795.0 small-vehicle 0
950.0 2835.0 966.0 2835.0 966.0 2856.0 950.0 2856.0 small-vehicle 0
1027.0 2818.0 1049.0 2818.0 1049.0 2831.0 1027.0 2831.0 small-vehicle 1
502.0 2848.0 517.0 2848.0 517.0 2869.0 502.0 2869.0 small-vehicle 1
345.0 2853.0 358.0 2853.0 358.0 2873.0 345.0 2873.0 small-vehicle 0
536.0 2669.0 571.0 2669.0 571.0 2693.0 536.0 2693.0 swimming-pool 0
404.0 2748.0 414.0 2748.0 414.0 2769.0 404.0 2769.0 small-vehicle 0
549.0 2769.0 562.0 2769.0 562.0 2789.0 549.0 2789.0 small-vehicle 0
663.0 2844.0 677.0 2844.0 677.0 2866.0 663.0 2866.0 small-vehicle 0
833.0 2842.0 846.0 2842.0 846.0 2864.0 833.0 2864.0 small-vehicle 0
483.0 2833.0 505.0 2833.0 505.0 2846.0 483.0 2846.0 small-vehicle 1
255.0 2610.0 268.0 2610.0 268.0 2632.0 255.0 2632.0 small-vehicle 0
565.0 2832.0 585.0 2832.0 585.0 2844.0 565.0 2844.0 small-vehicle 0
680.0 2828.0 705.0 2828.0 705.0 2842.0 680.0 2842.0 small-vehicle 0
875.0 2821.0 902.0 2821.0 902.0 2835.0 875.0 2835.0 small-vehicle 0
889.0 2783.0 911.0 2783.0 911.0 2797.0 889.0 2797.0 small-vehicle 0
842.0 2785.0 866.0 2785.0 866.0 2799.0 842.0 2799.0 small-vehicle 1
621.0 2790.0 643.0 2790.0 643.0 2805.0 621.0 2805.0 small-vehicle 1
497.0 2794.0 518.0 2794.0 518.0 2806.0 497.0 2806.0 small-vehicle 0
402.0 2797.0 426.0 2797.0 426.0 2812.0 402.0 2812.0 small-vehicle 1
348.0 2800.0 369.0 2800.0 369.0 2811.0 348.0 2811.0 small-vehicle 1
318.0 2801.0 341.0 2801.0 341.0 2814.0 318.0 2814.0 small-vehicle 0
186.0 2786.0 197.0 2786.0 197.0 2807.0 186.0 2807.0 small-vehicle 0
696.0 2543.0 708.0 2543.0 708.0 2565.0 696.0 2565.0 small-vehicle 1
684.0 2545.0 695.0 2545.0 695.0 2566.0 684.0 2566.0 small-vehicle 0
835.0 554.0 858.0 554.0 858.0 566.0 835.0 566.0 small-vehicle 0
766.0 555.0 788.0 555.0 788.0 567.0 766.0 567.0 small-vehicle 0
101.0 497.0 112.0 497.0 112.0 517.0 101.0 517.0 small-vehicle 1
1051.0 1341.0 1089.0 1341.0 1089.0 1368.0 1051.0 1368.0 swimming-pool 0
428.0 1660.0 470.0 1660.0 470.0 1719.0 428.0 1719.0 swimming-pool 0
379.0 1625.0 420.0 1625.0 420.0 1667.0 379.0 1667.0 swimming-pool 0
435.0 1457.0 454.0 1457.0 454.0 1498.0 435.0 1498.0 swimming-pool 0
400.0 1468.0 424.0 1468.0 424.0 1510.0 400.0 1510.0 swimming-pool 0
398.0 1377.0 426.0 1377.0 426.0 1425.0 398.0 1425.0 swimming-pool 0
548.0 1339.0 581.0 1339.0 581.0 1396.0 548.0 1396.0 swimming-pool 0
502.0 1345.0 548.0 1345.0 548.0 1370.0 502.0 1370.0 swimming-pool 0
557.0 1608.0 607.0 1608.0 607.0 1640.0 557.0 1640.0 swimming-pool 0
570.0 1638.0 619.0 1638.0 619.0 1670.0 570.0 1670.0 swimming-pool 0
895.0 1636.0 939.0 1636.0 939.0 1666.0 895.0 1666.0 swimming-pool 0
972.0 1640.0 1010.0 1640.0 1010.0 1668.0 972.0 1668.0 swimming-pool 0
1008.0 1597.0 1051.0 1597.0 1051.0 1626.0 1008.0 1626.0 swimming-pool 0
925.0 1588.0 972.0 1588.0 972.0 1635.0 925.0 1635.0 swimming-pool 0
1203.0 1340.0 1252.0 1340.0 1252.0 1365.0 1203.0 1365.0 swimming-pool 0
384.0 1688.0 418.0 1688.0 418.0 1750.0 384.0 1750.0 swimming-pool 0
977.0 1340.0 1032.0 1340.0 1032.0 1368.0 977.0 1368.0 swimming-pool 0
878.0 1300.0 931.0 1300.0 931.0 1332.0 878.0 1332.0 swimming-pool 0
652.0 1341.0 686.0 1341.0 686.0 1375.0 652.0 1375.0 swimming-pool 0
646.0 1306.0 689.0 1306.0 689.0 1335.0 646.0 1335.0 swimming-pool 0
606.0 1304.0 642.0 1304.0 642.0 1339.0 606.0 1339.0 swimming-pool 0
1202.0 1023.0 1247.0 1023.0 1247.0 1061.0 1202.0 1061.0 swimming-pool 0
1364.0 1021.0 1409.0 1021.0 1409.0 1048.0 1364.0 1048.0 swimming-pool 0
1355.0 991.0 1395.0 991.0 1395.0 1018.0 1355.0 1018.0 swimming-pool 0
1556.0 1084.0 1588.0 1084.0 1588.0 1130.0 1556.0 1130.0 swimming-pool 0
1598.0 1109.0 1631.0 1109.0 1631.0 1155.0 1598.0 1155.0 swimming-pool 0
1597.0 982.0 1624.0 982.0 1624.0 1032.0 1597.0 1032.0 swimming-pool 0
1587.0 921.0 1609.0 921.0 1609.0 961.0 1587.0 961.0 swimming-pool 0
1248.0 982.0 1281.0 982.0 1281.0 1021.0 1248.0 1021.0 swimming-pool 0
376.0 1850.0 411.0 1850.0 411.0 1907.0 376.0 1907.0 swimming-pool 0
121.0 1449.0 164.0 1449.0 164.0 1474.0 121.0 1474.0 swimming-pool 0
1555.0 888.0 1583.0 888.0 1583.0 934.0 1555.0 934.0 swimming-pool 0
956.0 1958.0 988.0 1958.0 988.0 2007.0 956.0 2007.0 swimming-pool 0
1162.0 1896.0 1214.0 1896.0 1214.0 1930.0 1162.0 1930.0 swimming-pool 0
1229.0 2194.0 1272.0 2194.0 1272.0 2243.0 1229.0 2243.0 swimming-pool 0
1144.0 2286.0 1186.0 2286.0 1186.0 2320.0 1144.0 2320.0 swimming-pool 0
1104.0 2258.0 1157.0 2258.0 1157.0 2289.0 1104.0 2289.0 swimming-pool 0
950.0 2417.0 986.0 2417.0 986.0 2462.0 950.0 2462.0 swimming-pool 0
1001.0 2300.0 1050.0 2300.0 1050.0 2349.0 1001.0 2349.0 swimming-pool 0
663.0 2250.0 694.0 2250.0 694.0 2309.0 663.0 2309.0 swimming-pool 0
674.0 2171.0 697.0 2171.0 697.0 2226.0 674.0 2226.0 swimming-pool 0
662.0 2095.0 696.0 2095.0 696.0 2148.0 662.0 2148.0 swimming-pool 0
969.0 2248.0 992.0 2248.0 992.0 2296.0 969.0 2296.0 swimming-pool 0
965.0 2019.0 1016.0 2019.0 1016.0 2060.0 965.0 2060.0 swimming-pool 0
1034.0 1999.0 1071.0 1999.0 1071.0 2043.0 1034.0 2043.0 swimming-pool 0
1031.0 1928.0 1057.0 1928.0 1057.0 1978.0 1031.0 1978.0 swimming-pool 0
892.0 1902.0 943.0 1902.0 943.0 1934.0 892.0 1934.0 swimming-pool 0
195.0 1034.0 218.0 1034.0 218.0 1085.0 195.0 1085.0 swimming-pool 0
724.0 1902.0 768.0 1902.0 768.0 1934.0 724.0 1934.0 swimming-pool 0
724.0 1942.0 774.0 1942.0 774.0 1978.0 724.0 1978.0 swimming-pool 0
687.0 1858.0 706.0 1858.0 706.0 1903.0 687.0 1903.0 swimming-pool 0
348.0 2269.0 396.0 2269.0 396.0 2312.0 348.0 2312.0 swimming-pool 0
404.0 2151.0 432.0 2151.0 432.0 2198.0 404.0 2198.0 swimming-pool 0
366.0 2157.0 392.0 2157.0 392.0 2208.0 366.0 2208.0 swimming-pool 0
155.0 2176.0 171.0 2176.0 171.0 2221.0 155.0 2221.0 swimming-pool 0
149.0 1851.0 179.0 1851.0 179.0 1894.0 149.0 1894.0 swimming-pool 0
363.0 1990.0 403.0 1990.0 403.0 2031.0 363.0 2031.0 swimming-pool 0
375.0 1932.0 396.0 1932.0 396.0 1980.0 375.0 1980.0 swimming-pool 0
217.0 225.0 252.0 225.0 252.0 276.0 217.0 276.0 swimming-pool 0
196.0 585.0 230.0 585.0 230.0 619.0 196.0 619.0 swimming-pool 0
203.0 727.0 234.0 727.0 234.0 786.0 203.0 786.0 swimming-pool 0
1556.0 999.0 1582.0 999.0 1582.0 1048.0 1556.0 1048.0 swimming-pool 0
1621.0 681.0 1656.0 681.0 1656.0 716.0 1621.0 716.0 swimming-pool 0
1498.0 1952.0 1542.0 1952.0 1542.0 1982.0 1498.0 1982.0 swimming-pool 0
479.0 340.0 508.0 340.0 508.0 390.0 479.0 390.0 swimming-pool 0
697.0 996.0 743.0 996.0 743.0 1025.0 697.0 1025.0 swimming-pool 0
706.0 1028.0 765.0 1028.0 765.0 1069.0 706.0 1069.0 swimming-pool 0
635.0 1031.0 684.0 1031.0 684.0 1058.0 635.0 1058.0 swimming-pool 0
399.0 1090.0 441.0 1090.0 441.0 1147.0 399.0 1147.0 swimming-pool 0
451.0 1030.0 480.0 1030.0 480.0 1052.0 451.0 1052.0 swimming-pool 0
401.0 980.0 454.0 980.0 454.0 1041.0 401.0 1041.0 swimming-pool 0
460.0 951.0 510.0 951.0 510.0 1000.0 460.0 1000.0 swimming-pool 0
408.0 802.0 456.0 802.0 456.0 857.0 408.0 857.0 swimming-pool 0
461.0 682.0 489.0 682.0 489.0 729.0 461.0 729.0 swimming-pool 0
427.0 670.0 458.0 670.0 458.0 725.0 427.0 725.0 swimming-pool 0
422.0 464.0 467.0 464.0 467.0 538.0 422.0 538.0 swimming-pool 0
429.0 418.0 476.0 418.0 476.0 474.0 429.0 474.0 swimming-pool 0
474.0 419.0 496.0 419.0 496.0 458.0 474.0 458.0 swimming-pool 0
447.0 338.0 471.0 338.0 471.0 381.0 447.0 381.0 swimming-pool 0
772.0 1030.0 808.0 1030.0 808.0 1055.0 772.0 1055.0 swimming-pool 0
483.0 214.0 506.0 214.0 506.0 257.0 483.0 257.0 swimming-pool 0
438.0 168.0 481.0 168.0 481.0 222.0 438.0 222.0 swimming-pool 0
1860.0 109.0 1886.0 109.0 1886.0 168.0 1860.0 168.0 swimming-pool 0
1790.0 109.0 1840.0 109.0 1840.0 139.0 1790.0 139.0 swimming-pool 0
1706.0 115.0 1764.0 115.0 1764.0 144.0 1706.0 144.0 swimming-pool 0
1608.0 107.0 1654.0 107.0 1654.0 146.0 1608.0 146.0 swimming-pool 0
1537.0 111.0 1585.0 111.0 1585.0 138.0 1537.0 138.0 swimming-pool 0
1442.0 107.0 1494.0 107.0 1494.0 156.0 1442.0 156.0 swimming-pool 0
1369.0 120.0 1422.0 120.0 1422.0 146.0 1369.0 146.0 swimming-pool 0
1297.0 116.0 1347.0 116.0 1347.0 147.0 1297.0 147.0 swimming-pool 0
1208.0 112.0 1260.0 112.0 1260.0 149.0 1208.0 149.0 swimming-pool 0
817.0 135.0 860.0 135.0 860.0 162.0 817.0 162.0 swimming-pool 0
738.0 136.0 795.0 136.0 795.0 165.0 738.0 165.0 swimming-pool 0
786.0 998.0 826.0 998.0 826.0 1026.0 786.0 1026.0 swimming-pool 0
855.0 1027.0 901.0 1027.0 901.0 1059.0 855.0 1059.0 swimming-pool 0
1535.0 729.0 1564.0 729.0 1564.0 788.0 1535.0 788.0 swimming-pool 0
1415.0 667.0 1450.0 667.0 1450.0 717.0 1415.0 717.0 swimming-pool 0
1495.0 385.0 1539.0 385.0 1539.0 410.0 1495.0 410.0 swimming-pool 0
1418.0 395.0 1458.0 395.0 1458.0 414.0 1418.0 414.0 swimming-pool 0
1429.0 427.0 1463.0 427.0 1463.0 472.0 1429.0 472.0 swimming-pool 0
1332.0 425.0 1382.0 425.0 1382.0 462.0 1332.0 462.0 swimming-pool 0
1306.0 385.0 1348.0 385.0 1348.0 419.0 1306.0 419.0 swimming-pool 0
1229.0 423.0 1297.0 423.0 1297.0 455.0 1229.0 455.0 swimming-pool 0
1174.0 423.0 1223.0 423.0 1223.0 463.0 1174.0 463.0 swimming-pool 0
1068.0 394.0 1121.0 394.0 1121.0 421.0 1068.0 421.0 swimming-pool 0
928.0 392.0 979.0 392.0 979.0 426.0 928.0 426.0 swimming-pool 0
858.0 398.0 898.0 398.0 898.0 428.0 858.0 428.0 swimming-pool 0
772.0 398.0 820.0 398.0 820.0 427.0 772.0 427.0 swimming-pool 0
1462.0 716.0 1501.0 716.0 1501.0 763.0 1462.0 763.0 swimming-pool 0
1487.0 690.0 1534.0 690.0 1534.0 714.0 1487.0 714.0 swimming-pool 0
1131.0 679.0 1167.0 679.0 1167.0 720.0 1131.0 720.0 swimming-pool 0
878.0 994.0 926.0 994.0 926.0 1024.0 878.0 1024.0 swimming-pool 0
1239.0 724.0 1295.0 724.0 1295.0 750.0 1239.0 750.0 swimming-pool 0
646.0 695.0 683.0 695.0 683.0 725.0 646.0 725.0 swimming-pool 0
754.0 695.0 800.0 695.0 800.0 724.0 754.0 724.0 swimming-pool 0
823.0 698.0 871.0 698.0 871.0 726.0 823.0 726.0 swimming-pool 0
998.0 684.0 1048.0 684.0 1048.0 722.0 998.0 722.0 swimming-pool 0
971.0 728.0 1015.0 728.0 1015.0 760.0 971.0 760.0 swimming-pool 0
838.0 728.0 889.0 728.0 889.0 758.0 838.0 758.0 swimming-pool 0
743.0 727.0 803.0 727.0 803.0 755.0 743.0 755.0 swimming-pool 0
648.0 730.0 716.0 730.0 716.0 755.0 648.0 755.0 swimming-pool 0
1172.0 990.0 1218.0 990.0 1218.0 1019.0 1172.0 1019.0 swimming-pool 0
1096.0 1020.0 1154.0 1020.0 1154.0 1060.0 1096.0 1060.0 swimming-pool 0
1035.0 1023.0 1085.0 1023.0 1085.0 1054.0 1035.0 1054.0 swimming-pool 0
940.0 1029.0 977.0 1029.0 977.0 1057.0 940.0 1057.0 swimming-pool 0
1232.0 1894.0 1281.0 1894.0 1281.0 1929.0 1232.0 1929.0 swimming-pool 0
1243.0 1631.0 1294.0 1631.0 1294.0 1654.0 1243.0 1654.0 swimming-pool 0
103.0 445.0 115.0 445.0 115.0 467.0 103.0 467.0 small-vehicle 1
2622.0 360.0 2650.0 360.0 2650.0 422.0 2622.0 422.0 swimming-pool 0
697.0 63.0 719.0 63.0 719.0 79.0 697.0 79.0 small-vehicle 0
344.0 65.0 365.0 65.0 365.0 77.0 344.0 77.0 small-vehicle 0
2688.0 1162.0 2722.0 1162.0 2722.0 1209.0 2688.0 1209.0 swimming-pool 0
2632.0 1154.0 2679.0 1154.0 2679.0 1197.0 2632.0 1197.0 swimming-pool 0
2555.0 1203.0 2603.0 1203.0 2603.0 1237.0 2555.0 1237.0 swimming-pool 0
2442.0 1200.0 2483.0 1200.0 2483.0 1227.0 2442.0 1227.0 swimming-pool 0
2385.0 1172.0 2426.0 1172.0 2426.0 1217.0 2385.0 1217.0 swimming-pool 0
2437.0 1116.0 2491.0 1116.0 2491.0 1165.0 2437.0 1165.0 swimming-pool 0
2557.0 906.0 2584.0 906.0 2584.0 939.0 2557.0 939.0 swimming-pool 0
2662.0 864.0 2720.0 864.0 2720.0 914.0 2662.0 914.0 swimming-pool 0
2716.0 828.0 2787.0 828.0 2787.0 884.0 2716.0 884.0 swimming-pool 0
2689.0 465.0 2742.0 465.0 2742.0 526.0 2689.0 526.0 swimming-pool 0
2663.0 397.0 2691.0 397.0 2691.0 443.0 2663.0 443.0 swimming-pool 0
2624.0 462.0 2648.0 462.0 2648.0 517.0 2624.0 517.0 swimming-pool 0
350.0 196.0 373.0 196.0 373.0 207.0 350.0 207.0 small-vehicle 0
2624.0 529.0 2654.0 529.0 2654.0 577.0 2624.0 577.0 swimming-pool 0
2602.0 611.0 2639.0 611.0 2639.0 674.0 2602.0 674.0 swimming-pool 0
2554.0 792.0 2586.0 792.0 2586.0 849.0 2554.0 849.0 swimming-pool 0
2425.0 1009.0 2468.0 1009.0 2468.0 1058.0 2425.0 1058.0 swimming-pool 0
2362.0 1096.0 2401.0 1096.0 2401.0 1141.0 2362.0 1141.0 swimming-pool 0
2319.0 1155.0 2348.0 1155.0 2348.0 1189.0 2319.0 1189.0 swimming-pool 0
2231.0 1200.0 2288.0 1200.0 2288.0 1256.0 2231.0 1256.0 swimming-pool 0
2124.0 1407.0 2165.0 1407.0 2165.0 1469.0 2124.0 1469.0 swimming-pool 0
2721.0 1469.0 2780.0 1469.0 2780.0 1502.0 2721.0 1502.0 swimming-pool 0
2554.0 1467.0 2602.0 1467.0 2602.0 1510.0 2554.0 1510.0 swimming-pool 0
2449.0 1471.0 2509.0 1471.0 2509.0 1511.0 2449.0 1511.0 swimming-pool 0
2314.0 1461.0 2380.0 1461.0 2380.0 1516.0 2314.0 1516.0 swimming-pool 0
1867.0 1604.0 1891.0 1604.0 1891.0 1626.0 1867.0 1626.0 swimming-pool 0
284.0 150.0 296.0 150.0 296.0 175.0 284.0 175.0 small-vehicle 0
125.0 326.0 146.0 326.0 146.0 339.0 125.0 339.0 small-vehicle 0
2366.0 669.0 2415.0 669.0 2415.0 718.0 2366.0 718.0 swimming-pool 0
719.0 309.0 737.0 309.0 737.0 331.0 719.0 331.0 small-vehicle 0
119.0 406.0 142.0 406.0 142.0 422.0 119.0 422.0 small-vehicle 0
331.0 543.0 357.0 543.0 357.0 555.0 331.0 555.0 small-vehicle 0
337.0 530.0 360.0 530.0 360.0 543.0 337.0 543.0 small-vehicle 0
339.0 520.0 358.0 520.0 358.0 531.0 339.0 531.0 small-vehicle 0
634.0 382.0 648.0 382.0 648.0 402.0 634.0 402.0 small-vehicle 1
343.0 413.0 366.0 413.0 366.0 425.0 343.0 425.0 small-vehicle 1
345.0 401.0 364.0 401.0 364.0 414.0 345.0 414.0 small-vehicle 0
345.0 387.0 368.0 387.0 368.0 403.0 345.0 403.0 small-vehicle 0
347.0 353.0 369.0 353.0 369.0 364.0 347.0 364.0 small-vehicle 1
570.0 396.0 593.0 396.0 593.0 417.0 570.0 417.0 small-vehicle 1
820.0 356.0 830.0 356.0 830.0 379.0 820.0 379.0 small-vehicle 0
869.0 306.0 885.0 306.0 885.0 326.0 869.0 326.0 small-vehicle 1
762.0 308.0 775.0 308.0 775.0 329.0 762.0 329.0 small-vehicle 1
594.0 322.0 610.0 322.0 610.0 342.0 594.0 342.0 small-vehicle 1
124.0 338.0 146.0 338.0 146.0 350.0 124.0 350.0 small-vehicle 0
846.0 290.0 867.0 290.0 867.0 303.0 846.0 303.0 small-vehicle 1
823.0 291.0 845.0 291.0 845.0 304.0 823.0 304.0 small-vehicle 1
778.0 290.0 801.0 290.0 801.0 304.0 778.0 304.0 small-vehicle 1
917.0 253.0 944.0 253.0 944.0 266.0 917.0 266.0 small-vehicle 0
868.0 252.0 892.0 252.0 892.0 266.0 868.0 266.0 small-vehicle 0
816.0 252.0 840.0 252.0 840.0 266.0 816.0 266.0 small-vehicle 0
754.0 253.0 778.0 253.0 778.0 269.0 754.0 269.0 small-vehicle 0
842.0 230.0 855.0 230.0 855.0 249.0 842.0 249.0 small-vehicle 0
740.0 229.0 755.0 229.0 755.0 253.0 740.0 253.0 small-vehicle 0
689.0 226.0 702.0 226.0 702.0 252.0 689.0 252.0 small-vehicle 0
581.0 249.0 603.0 249.0 603.0 271.0 581.0 271.0 small-vehicle 0
599.0 235.0 620.0 235.0 620.0 257.0 599.0 257.0 small-vehicle 0
109.0 304.0 120.0 304.0 120.0 327.0 109.0 327.0 small-vehicle 0
2252.0 792.0 2288.0 792.0 2288.0 843.0 2252.0 843.0 swimming-pool 0
2299.0 679.0 2349.0 679.0 2349.0 717.0 2299.0 717.0 swimming-pool 0
1392.0 1600.0 1432.0 1600.0 1432.0 1625.0 1392.0 1625.0 swimming-pool 0
1371.0 2481.0 1421.0 2481.0 1421.0 2531.0 1371.0 2531.0 swimming-pool 0
1730.0 1391.0 1777.0 1391.0 1777.0 1440.0 1730.0 1440.0 swimming-pool 0
1619.0 1330.0 1672.0 1330.0 1672.0 1365.0 1619.0 1365.0 swimming-pool 0
1554.0 1340.0 1608.0 1340.0 1608.0 1387.0 1554.0 1387.0 swimming-pool 0
1439.0 1324.0 1485.0 1324.0 1485.0 1375.0 1439.0 1375.0 swimming-pool 0
1628.0 1726.0 1675.0 1726.0 1675.0 1771.0 1628.0 1771.0 swimming-pool 0
1619.0 1679.0 1681.0 1679.0 1681.0 1728.0 1619.0 1728.0 swimming-pool 0
1545.0 1628.0 1582.0 1628.0 1582.0 1667.0 1545.0 1667.0 swimming-pool 0
1507.0 1652.0 1561.0 1652.0 1561.0 1696.0 1507.0 1696.0 swimming-pool 0
1449.0 1630.0 1506.0 1630.0 1506.0 1675.0 1449.0 1675.0 swimming-pool 0
1474.0 1606.0 1518.0 1606.0 1518.0 1639.0 1474.0 1639.0 swimming-pool 0
1760.0 2793.0 1843.0 2793.0 1843.0 2862.0 1760.0 2862.0 swimming-pool 0
1517.0 2734.0 1546.0 2734.0 1546.0 2776.0 1517.0 2776.0 swimming-pool 0
1219.0 2848.0 1261.0 2848.0 1261.0 2899.0 1219.0 2899.0 swimming-pool 0
1291.0 2549.0 1352.0 2549.0 1352.0 2601.0 1291.0 2601.0 swimming-pool 0
1781.0 2016.0 1822.0 2016.0 1822.0 2069.0 1781.0 2069.0 swimming-pool 0
1252.0 2528.0 1304.0 2528.0 1304.0 2575.0 1252.0 2575.0 swimming-pool 0
1211.0 2582.0 1263.0 2582.0 1263.0 2619.0 1211.0 2619.0 swimming-pool 0
1205.0 2542.0 1251.0 2542.0 1251.0 2590.0 1205.0 2590.0 swimming-pool 0
1112.0 2583.0 1163.0 2583.0 1163.0 2622.0 1112.0 2622.0 swimming-pool 0
1142.0 2609.0 1200.0 2609.0 1200.0 2645.0 1142.0 2645.0 swimming-pool 0
1089.0 2634.0 1138.0 2634.0 1138.0 2676.0 1089.0 2676.0 swimming-pool 0
939.0 2665.0 981.0 2665.0 981.0 2699.0 939.0 2699.0 swimming-pool 0
872.0 2626.0 921.0 2626.0 921.0 2660.0 872.0 2660.0 swimming-pool 0
426.0 2672.0 479.0 2672.0 479.0 2702.0 426.0 2702.0 swimming-pool 0
620.0 2670.0 656.0 2670.0 656.0 2703.0 620.0 2703.0 swimming-pool 0
524.0 2638.0 569.0 2638.0 569.0 2667.0 524.0 2667.0 swimming-pool 0
430.0 2646.0 472.0 2646.0 472.0 2667.0 430.0 2667.0 swimming-pool 0
362.0 2646.0 412.0 2646.0 412.0 2676.0 362.0 2676.0 swimming-pool 0
2000.0 2237.0 2066.0 2237.0 2066.0 2327.0 2000.0 2327.0 swimming-pool 0
1829.0 1999.0 1852.0 1999.0 1852.0 2034.0 1829.0 2034.0 swimming-pool 0
2119.0 675.0 2181.0 675.0 2181.0 711.0 2119.0 711.0 swimming-pool 0
2176.0 106.0 2204.0 106.0 2204.0 157.0 2176.0 157.0 swimming-pool 0
2060.0 706.0 2103.0 706.0 2103.0 741.0 2060.0 741.0 swimming-pool 0
2026.0 681.0 2071.0 681.0 2071.0 705.0 2026.0 705.0 swimming-pool 0
1969.0 679.0 2017.0 679.0 2017.0 708.0 1969.0 708.0 swimming-pool 0
1878.0 715.0 1931.0 715.0 1931.0 747.0 1878.0 747.0 swimming-pool 0
1857.0 686.0 1908.0 686.0 1908.0 709.0 1857.0 709.0 swimming-pool 0
1776.0 716.0 1823.0 716.0 1823.0 743.0 1776.0 743.0 swimming-pool 0
1782.0 686.0 1839.0 686.0 1839.0 714.0 1782.0 714.0 swimming-pool 0
2412.0 406.0 2463.0 406.0 2463.0 440.0 2412.0 440.0 swimming-pool 0
2310.0 406.0 2349.0 406.0 2349.0 435.0 2310.0 435.0 swimming-pool 0
2306.0 363.0 2351.0 363.0 2351.0 390.0 2306.0 390.0 swimming-pool 0
2232.0 402.0 2282.0 402.0 2282.0 441.0 2232.0 441.0 swimming-pool 0
2182.0 363.0 2209.0 363.0 2209.0 416.0 2182.0 416.0 swimming-pool 0
2177.0 281.0 2207.0 281.0 2207.0 339.0 2177.0 339.0 swimming-pool 0
1963.0 107.0 2004.0 107.0 2004.0 150.0 1963.0 150.0 swimming-pool 0
1821.0 1841.0 1851.0 1841.0 1851.0 1892.0 1821.0 1892.0 swimming-pool 0
1876.0 378.0 1936.0 378.0 1936.0 416.0 1876.0 416.0 swimming-pool 0
1815.0 411.0 1860.0 411.0 1860.0 448.0 1815.0 448.0 swimming-pool 0
1550.0 385.0 1599.0 385.0 1599.0 415.0 1550.0 415.0 swimming-pool 0
1930.0 1074.0 1978.0 1074.0 1978.0 1125.0 1930.0 1125.0 swimming-pool 0
2102.0 941.0 2154.0 941.0 2154.0 997.0 2102.0 997.0 swimming-pool 0
2046.0 984.0 2100.0 984.0 2100.0 1039.0 2046.0 1039.0 swimming-pool 0
1996.0 983.0 2043.0 983.0 2043.0 1036.0 1996.0 1036.0 swimming-pool 0
1983.0 1057.0 2031.0 1057.0 2031.0 1109.0 1983.0 1109.0 swimming-pool 0
1863.0 895.0 1900.0 895.0 1900.0 946.0 1863.0 946.0 swimming-pool 0
1922.0 1180.0 1974.0 1180.0 1974.0 1250.0 1922.0 1250.0 swimming-pool 0
1968.0 1472.0 2010.0 1472.0 2010.0 1524.0 1968.0 1524.0 swimming-pool 0
1920.0 1540.0 1952.0 1540.0 1952.0 1590.0 1920.0 1590.0 swimming-pool 0
1827.0 1767.0 1862.0 1767.0 1862.0 1822.0 1827.0 1822.0 swimming-pool 0
1238.0 1194.0 1257.0 1194.0 1257.0 1207.0 1238.0 1207.0 small-vehicle 0
1077.0 1150.0 1099.0 1150.0 1099.0 1161.0 1077.0 1161.0 small-vehicle 0
2625.0 2410.0 2642.0 2410.0 2642.0 2437.0 2625.0 2437.0 small-vehicle 1
1054.0 1150.0 1076.0 1150.0 1076.0 1163.0 1054.0 1163.0 small-vehicle 0
2548.0 2119.0 2567.0 2119.0 2567.0 2130.0 2548.0 2130.0 small-vehicle 1
2545.0 2130.0 2565.0 2130.0 2565.0 2140.0 2545.0 2140.0 small-vehicle 1
2546.0 2139.0 2567.0 2139.0 2567.0 2150.0 2546.0 2150.0 small-vehicle 1
2545.0 2149.0 2564.0 2149.0 2564.0 2161.0 2545.0 2161.0 small-vehicle 1
2545.0 2160.0 2564.0 2160.0 2564.0 2170.0 2545.0 2170.0 small-vehicle 1
2546.0 2170.0 2565.0 2170.0 2565.0 2181.0 2546.0 2181.0 small-vehicle 1
2543.0 2180.0 2563.0 2180.0 2563.0 2193.0 2543.0 2193.0 small-vehicle 1
2541.0 2209.0 2563.0 2209.0 2563.0 2222.0 2541.0 2222.0 small-vehicle 1
2634.0 2306.0 2657.0 2306.0 2657.0 2319.0 2634.0 2319.0 small-vehicle 1
2635.0 2284.0 2657.0 2284.0 2657.0 2297.0 2635.0 2297.0 small-vehicle 1
2717.0 2298.0 2738.0 2298.0 2738.0 2309.0 2717.0 2309.0 small-vehicle 1
2718.0 2276.0 2741.0 2276.0 2741.0 2288.0 2718.0 2288.0 small-vehicle 1
2693.0 2298.0 2712.0 2298.0 2712.0 2309.0 2693.0 2309.0 small-vehicle 1
2693.0 2287.0 2713.0 2287.0 2713.0 2297.0 2693.0 2297.0 small-vehicle 1
2692.0 2277.0 2715.0 2277.0 2715.0 2286.0 2692.0 2286.0 small-vehicle 1
2693.0 2266.0 2713.0 2266.0 2713.0 2278.0 2693.0 2278.0 small-vehicle 1
2694.0 2255.0 2712.0 2255.0 2712.0 2266.0 2694.0 2266.0 small-vehicle 1
2717.0 2236.0 2737.0 2236.0 2737.0 2246.0 2717.0 2246.0 small-vehicle 1
2716.0 2225.0 2740.0 2225.0 2740.0 2236.0 2716.0 2236.0 small-vehicle 1
2713.0 2216.0 2735.0 2216.0 2735.0 2224.0 2713.0 2224.0 small-vehicle 1
2714.0 2205.0 2736.0 2205.0 2736.0 2217.0 2714.0 2217.0 small-vehicle 1
2715.0 2196.0 2739.0 2196.0 2739.0 2205.0 2715.0 2205.0 small-vehicle 1
2715.0 2185.0 2737.0 2185.0 2737.0 2195.0 2715.0 2195.0 small-vehicle 1
2565.0 2222.0 2583.0 2222.0 2583.0 2233.0 2565.0 2233.0 small-vehicle 1
2618.0 2223.0 2641.0 2223.0 2641.0 2237.0 2618.0 2237.0 small-vehicle 1
2620.0 2183.0 2640.0 2183.0 2640.0 2195.0 2620.0 2195.0 small-vehicle 1
2643.0 2179.0 2665.0 2179.0 2665.0 2192.0 2643.0 2192.0 small-vehicle 1
2645.0 2160.0 2668.0 2160.0 2668.0 2173.0 2645.0 2173.0 small-vehicle 1
2643.0 2141.0 2664.0 2141.0 2664.0 2155.0 2643.0 2155.0 small-vehicle 1
2544.0 2110.0 2566.0 2110.0 2566.0 2121.0 2544.0 2121.0 small-vehicle 1
2544.0 2097.0 2564.0 2097.0 2564.0 2108.0 2544.0 2108.0 small-vehicle 1
2569.0 2076.0 2591.0 2076.0 2591.0 2087.0 2569.0 2087.0 small-vehicle 1
2778.0 1998.0 2786.0 1998.0 2786.0 2018.0 2778.0 2018.0 small-vehicle 1
2771.0 2155.0 2789.0 2155.0 2789.0 2165.0 2771.0 2165.0 small-vehicle 1
2774.0 2145.0 2791.0 2145.0 2791.0 2155.0 2774.0 2155.0 small-vehicle 1
2792.0 2144.0 2814.0 2144.0 2814.0 2156.0 2792.0 2156.0 small-vehicle 1
2772.0 2134.0 2790.0 2134.0 2790.0 2145.0 2772.0 2145.0 small-vehicle 1
2771.0 2124.0 2790.0 2124.0 2790.0 2136.0 2771.0 2136.0 small-vehicle 1
2771.0 2115.0 2791.0 2115.0 2791.0 2123.0 2771.0 2123.0 small-vehicle 1
2772.0 2103.0 2792.0 2103.0 2792.0 2113.0 2772.0 2113.0 small-vehicle 1
2795.0 2105.0 2814.0 2105.0 2814.0 2116.0 2795.0 2116.0 small-vehicle 1
2794.0 2095.0 2817.0 2095.0 2817.0 2103.0 2794.0 2103.0 small-vehicle 1
2772.0 2094.0 2793.0 2094.0 2793.0 2102.0 2772.0 2102.0 small-vehicle 1
2798.0 2083.0 2817.0 2083.0 2817.0 2095.0 2798.0 2095.0 small-vehicle 1
2774.0 2083.0 2794.0 2083.0 2794.0 2094.0 2774.0 2094.0 small-vehicle 1
2788.0 1997.0 2799.0 1997.0 2799.0 2018.0 2788.0 2018.0 small-vehicle 1
2204.0 2227.0 2222.0 2227.0 2222.0 2239.0 2204.0 2239.0 small-vehicle 1
2571.0 2089.0 2589.0 2089.0 2589.0 2098.0 2571.0 2098.0 small-vehicle 1
2492.0 2075.0 2510.0 2075.0 2510.0 2088.0 2492.0 2088.0 small-vehicle 1
2489.0 2098.0 2510.0 2098.0 2510.0 2108.0 2489.0 2108.0 small-vehicle 1
2490.0 2112.0 2513.0 2112.0 2513.0 2123.0 2490.0 2123.0 small-vehicle 1
2541.0 2261.0 2567.0 2261.0 2567.0 2275.0 2541.0 2275.0 small-vehicle 1
2538.0 2241.0 2564.0 2241.0 2564.0 2253.0 2538.0 2253.0 small-vehicle 1
2567.0 2171.0 2588.0 2171.0 2588.0 2183.0 2567.0 2183.0 small-vehicle 1
2567.0 2161.0 2589.0 2161.0 2589.0 2170.0 2567.0 2170.0 small-vehicle 1
2565.0 2150.0 2587.0 2150.0 2587.0 2159.0 2565.0 2159.0 small-vehicle 1
2567.0 2140.0 2587.0 2140.0 2587.0 2152.0 2567.0 2152.0 small-vehicle 1
2566.0 2131.0 2587.0 2131.0 2587.0 2141.0 2566.0 2141.0 small-vehicle 1
2566.0 2120.0 2589.0 2120.0 2589.0 2131.0 2566.0 2131.0 small-vehicle 1
2567.0 2109.0 2588.0 2109.0 2588.0 2121.0 2567.0 2121.0 small-vehicle 1
2568.0 2100.0 2591.0 2100.0 2591.0 2110.0 2568.0 2110.0 small-vehicle 1
2619.0 2129.0 2641.0 2129.0 2641.0 2143.0 2619.0 2143.0 small-vehicle 1
2642.0 2123.0 2662.0 2123.0 2662.0 2133.0 2642.0 2133.0 small-vehicle 1
2621.0 2120.0 2641.0 2120.0 2641.0 2130.0 2621.0 2130.0 small-vehicle 1
2701.0 2050.0 2718.0 2050.0 2718.0 2062.0 2701.0 2062.0 small-vehicle 1
2693.0 2181.0 2714.0 2181.0 2714.0 2194.0 2693.0 2194.0 small-vehicle 1
2715.0 2176.0 2733.0 2176.0 2733.0 2186.0 2715.0 2186.0 small-vehicle 1
2717.0 2164.0 2737.0 2164.0 2737.0 2174.0 2717.0 2174.0 small-vehicle 1
2695.0 2162.0 2715.0 2162.0 2715.0 2173.0 2695.0 2173.0 small-vehicle 1
2716.0 2143.0 2738.0 2143.0 2738.0 2154.0 2716.0 2154.0 small-vehicle 1
2720.0 2122.0 2739.0 2122.0 2739.0 2134.0 2720.0 2134.0 small-vehicle 1
2697.0 2111.0 2716.0 2111.0 2716.0 2123.0 2697.0 2123.0 small-vehicle 1
2719.0 2101.0 2739.0 2101.0 2739.0 2115.0 2719.0 2115.0 small-vehicle 1
2718.0 2090.0 2740.0 2090.0 2740.0 2102.0 2718.0 2102.0 small-vehicle 1
2699.0 2081.0 2722.0 2081.0 2722.0 2089.0 2699.0 2089.0 small-vehicle 1
2721.0 2073.0 2742.0 2073.0 2742.0 2084.0 2721.0 2084.0 small-vehicle 1
2720.0 2062.0 2741.0 2062.0 2741.0 2075.0 2720.0 2075.0 small-vehicle 1
2698.0 2062.0 2717.0 2062.0 2717.0 2072.0 2698.0 2072.0 small-vehicle 1
2721.0 2053.0 2741.0 2053.0 2741.0 2063.0 2721.0 2063.0 small-vehicle 1
2131.0 1995.0 2152.0 1995.0 2152.0 2005.0 2131.0 2005.0 small-vehicle 1
2723.0 2039.0 2742.0 2039.0 2742.0 2052.0 2723.0 2052.0 small-vehicle 1
2700.0 2042.0 2721.0 2042.0 2721.0 2054.0 2700.0 2054.0 small-vehicle 1
2701.0 2030.0 2722.0 2030.0 2722.0 2041.0 2701.0 2041.0 small-vehicle 1
2700.0 2021.0 2720.0 2021.0 2720.0 2030.0 2700.0 2030.0 small-vehicle 1
2699.0 2007.0 2720.0 2007.0 2720.0 2021.0 2699.0 2021.0 small-vehicle 1
2720.0 1987.0 2738.0 1987.0 2738.0 2004.0 2720.0 2004.0 small-vehicle 1
2819.0 2000.0 2829.0 2000.0 2829.0 2019.0 2819.0 2019.0 small-vehicle 1
2806.0 1999.0 2819.0 1999.0 2819.0 2016.0 2806.0 2016.0 small-vehicle 1
2824.0 1944.0 2836.0 1944.0 2836.0 1963.0 2824.0 1963.0 small-vehicle 1
2801.0 1943.0 2816.0 1943.0 2816.0 1963.0 2801.0 1963.0 small-vehicle 1
2795.0 1944.0 2805.0 1944.0 2805.0 1962.0 2795.0 1962.0 small-vehicle 1
2783.0 1943.0 2796.0 1943.0 2796.0 1965.0 2783.0 1965.0 small-vehicle 1
2763.0 1943.0 2774.0 1943.0 2774.0 1963.0 2763.0 1963.0 small-vehicle 1
2669.0 2181.0 2686.0 2181.0 2686.0 2206.0 2669.0 2206.0 small-vehicle 1
2211.0 2026.0 2231.0 2026.0 2231.0 2037.0 2211.0 2037.0 small-vehicle 1
2619.0 2110.0 2640.0 2110.0 2640.0 2123.0 2619.0 2123.0 small-vehicle 1
2646.0 2017.0 2667.0 2017.0 2667.0 2029.0 2646.0 2029.0 small-vehicle 1
2643.0 2109.0 2661.0 2109.0 2661.0 2123.0 2643.0 2123.0 small-vehicle 1
2644.0 2092.0 2664.0 2092.0 2664.0 2102.0 2644.0 2102.0 small-vehicle 1
2623.0 2090.0 2640.0 2090.0 2640.0 2100.0 2623.0 2100.0 small-vehicle 1
2622.0 2079.0 2640.0 2079.0 2640.0 2090.0 2622.0 2090.0 small-vehicle 1
2643.0 2081.0 2662.0 2081.0 2662.0 2093.0 2643.0 2093.0 small-vehicle 1
2644.0 2060.0 2667.0 2060.0 2667.0 2070.0 2644.0 2070.0 small-vehicle 1
2625.0 2060.0 2643.0 2060.0 2643.0 2070.0 2625.0 2070.0 small-vehicle 1
2624.0 2047.0 2643.0 2047.0 2643.0 2059.0 2624.0 2059.0 small-vehicle 1
2645.0 2048.0 2663.0 2048.0 2663.0 2058.0 2645.0 2058.0 small-vehicle 1
2645.0 2037.0 2663.0 2037.0 2663.0 2047.0 2645.0 2047.0 small-vehicle 1
2625.0 2037.0 2642.0 2037.0 2642.0 2048.0 2625.0 2048.0 small-vehicle 1
2624.0 2021.0 2642.0 2021.0 2642.0 2032.0 2624.0 2032.0 small-vehicle 1
2646.0 2028.0 2665.0 2028.0 2665.0 2038.0 2646.0 2038.0 small-vehicle 1
2645.0 2001.0 2667.0 2001.0 2667.0 2013.0 2645.0 2013.0 small-vehicle 1
2204.0 2121.0 2226.0 2121.0 2226.0 2133.0 2204.0 2133.0 small-vehicle 1
2603.0 1998.0 2626.0 1998.0 2626.0 2020.0 2603.0 2020.0 small-vehicle 1
2263.0 2766.0 2285.0 2766.0 2285.0 2778.0 2263.0 2778.0 small-vehicle 1
2266.0 2744.0 2290.0 2744.0 2290.0 2756.0 2266.0 2756.0 small-vehicle 1
2318.0 2744.0 2340.0 2744.0 2340.0 2756.0 2318.0 2756.0 small-vehicle 1
2323.0 2725.0 2342.0 2725.0 2342.0 2735.0 2323.0 2735.0 small-vehicle 1
2322.0 2715.0 2340.0 2715.0 2340.0 2726.0 2322.0 2726.0 small-vehicle 1
2192.0 2455.0 2223.0 2455.0 2223.0 2471.0 2192.0 2471.0 small-vehicle 1
2337.0 2376.0 2355.0 2376.0 2355.0 2387.0 2337.0 2387.0 small-vehicle 1
2334.0 2366.0 2354.0 2366.0 2354.0 2377.0 2334.0 2377.0 small-vehicle 1
2224.0 2312.0 2247.0 2312.0 2247.0 2322.0 2224.0 2322.0 small-vehicle 1
2226.0 2298.0 2249.0 2298.0 2249.0 2312.0 2226.0 2312.0 small-vehicle 1
2145.0 2304.0 2165.0 2304.0 2165.0 2314.0 2145.0 2314.0 small-vehicle 1
2146.0 2289.0 2166.0 2289.0 2166.0 2302.0 2146.0 2302.0 small-vehicle 1
2798.0 2155.0 2815.0 2155.0 2815.0 2166.0 2798.0 2166.0 small-vehicle 1
2794.0 2166.0 2810.0 2166.0 2810.0 2176.0 2794.0 2176.0 small-vehicle 1
2772.0 2167.0 2790.0 2167.0 2790.0 2176.0 2772.0 2176.0 small-vehicle 1
2753.0 2669.0 2764.0 2669.0 2764.0 2689.0 2753.0 2689.0 small-vehicle 1
2671.0 2642.0 2682.0 2642.0 2682.0 2663.0 2671.0 2663.0 small-vehicle 1
2668.0 2669.0 2680.0 2669.0 2680.0 2687.0 2668.0 2687.0 small-vehicle 1
2681.0 2668.0 2692.0 2668.0 2692.0 2689.0 2681.0 2689.0 small-vehicle 0
2263.0 2796.0 2285.0 2796.0 2285.0 2808.0 2263.0 2808.0 small-vehicle 0
2327.0 2853.0 2345.0 2853.0 2345.0 2876.0 2327.0 2876.0 small-vehicle 0
2558.0 2836.0 2570.0 2836.0 2570.0 2860.0 2558.0 2860.0 small-vehicle 0
2720.0 2776.0 2745.0 2776.0 2745.0 2787.0 2720.0 2787.0 small-vehicle 0
2649.0 2787.0 2670.0 2787.0 2670.0 2797.0 2649.0 2797.0 small-vehicle 0
2643.0 2738.0 2666.0 2738.0 2666.0 2749.0 2643.0 2749.0 small-vehicle 0
2668.0 2737.0 2690.0 2737.0 2690.0 2750.0 2668.0 2750.0 small-vehicle 0
2667.0 2728.0 2692.0 2728.0 2692.0 2737.0 2667.0 2737.0 small-vehicle 0
2660.0 2645.0 2672.0 2645.0 2672.0 2666.0 2660.0 2666.0 small-vehicle 0
2700.0 2644.0 2712.0 2644.0 2712.0 2664.0 2700.0 2664.0 small-vehicle 1
2742.0 2668.0 2754.0 2668.0 2754.0 2691.0 2742.0 2691.0 small-vehicle 1
2745.0 2726.0 2772.0 2726.0 2772.0 2742.0 2745.0 2742.0 small-vehicle 1
2796.0 2571.0 2808.0 2571.0 2808.0 2592.0 2796.0 2592.0 small-vehicle 1
2785.0 2594.0 2796.0 2594.0 2796.0 2617.0 2785.0 2617.0 small-vehicle 1
2762.0 2592.0 2777.0 2592.0 2777.0 2617.0 2762.0 2617.0 small-vehicle 1
2691.0 2590.0 2705.0 2590.0 2705.0 2612.0 2691.0 2612.0 small-vehicle 1
2681.0 2590.0 2693.0 2590.0 2693.0 2612.0 2681.0 2612.0 small-vehicle 1
2663.0 2587.0 2675.0 2587.0 2675.0 2607.0 2663.0 2607.0 small-vehicle 1
2649.0 2589.0 2661.0 2589.0 2661.0 2611.0 2649.0 2611.0 small-vehicle 1
2702.0 2571.0 2715.0 2571.0 2715.0 2593.0 2702.0 2593.0 small-vehicle 1
2787.0 2516.0 2801.0 2516.0 2801.0 2539.0 2787.0 2539.0 small-vehicle 1
2778.0 2501.0 2789.0 2501.0 2789.0 2521.0 2778.0 2521.0 small-vehicle 1
2735.0 2503.0 2753.0 2503.0 2753.0 2535.0 2735.0 2535.0 large-vehicle 0
2716.0 2514.0 2726.0 2514.0 2726.0 2537.0 2716.0 2537.0 small-vehicle 1
2661.0 2516.0 2676.0 2516.0 2676.0 2541.0 2661.0 2541.0 small-vehicle 1
2681.0 2647.0 2693.0 2647.0 2693.0 2665.0 2681.0 2665.0 small-vehicle 1
2745.0 2745.0 2770.0 2745.0 2770.0 2760.0 2745.0 2760.0 small-vehicle 1
2654.0 2441.0 2667.0 2441.0 2667.0 2460.0 2654.0 2460.0 small-vehicle 1
714.0 1245.0 723.0 1245.0 723.0 1268.0 714.0 1268.0 small-vehicle 1
2206.0 2108.0 2225.0 2108.0 2225.0 2119.0 2206.0 2119.0 small-vehicle 1
2207.0 534.0 2226.0 534.0 2226.0 549.0 2207.0 549.0 small-vehicle 1
2183.0 535.0 2205.0 535.0 2205.0 549.0 2183.0 549.0 small-vehicle 1
2181.0 1036.0 2201.0 1036.0 2201.0 1057.0 2181.0 1057.0 small-vehicle 1
2227.0 1115.0 2248.0 1115.0 2248.0 1137.0 2227.0 1137.0 small-vehicle 1
2221.0 1122.0 2240.0 1122.0 2240.0 1146.0 2221.0 1146.0 small-vehicle 1
2355.0 1295.0 2370.0 1295.0 2370.0 1317.0 2355.0 1317.0 small-vehicle 1
2264.0 2830.0 2284.0 2830.0 2284.0 2842.0 2264.0 2842.0 small-vehicle 1
2264.0 2816.0 2285.0 2816.0 2285.0 2829.0 2264.0 2829.0 small-vehicle 1
1736.0 2402.0 1760.0 2402.0 1760.0 2425.0 1736.0 2425.0 small-vehicle 1
1205.0 1705.0 1217.0 1705.0 1217.0 1728.0 1205.0 1728.0 small-vehicle 1
1690.0 1593.0 1715.0 1593.0 1715.0 1617.0 1690.0 1617.0 small-vehicle 1
1864.0 1225.0 1881.0 1225.0 1881.0 1248.0 1864.0 1248.0 small-vehicle 1
1246.0 1510.0 1256.0 1510.0 1256.0 1530.0 1246.0 1530.0 small-vehicle 1
2747.0 2765.0 2770.0 2765.0 2770.0 2780.0 2747.0 2780.0 small-vehicle 1
1062.0 1548.0 1073.0 1548.0 1073.0 1569.0 1062.0 1569.0 small-vehicle 1
1100.0 1577.0 1108.0 1577.0 1108.0 1601.0 1100.0 1601.0 small-vehicle 1
1346.0 1989.0 1358.0 1989.0 1358.0 2011.0 1346.0 2011.0 small-vehicle 1
674.0 2547.0 684.0 2547.0 684.0 2568.0 674.0 2568.0 small-vehicle 1
377.0 811.0 399.0 811.0 399.0 820.0 377.0 820.0 small-vehicle 1
2455.0 2856.0 2465.0 2856.0 2465.0 2873.0 2455.0 2873.0 small-vehicle 1
2466.0 2834.0 2476.0 2834.0 2476.0 2852.0 2466.0 2852.0 small-vehicle 1
2456.0 2832.0 2467.0 2832.0 2467.0 2854.0 2456.0 2854.0 small-vehicle 1
2599.0 2938.0 2616.0 2938.0 2616.0 2962.0 2599.0 2962.0 small-vehicle 1
2793.0 2671.0 2806.0 2671.0 2806.0 2692.0 2793.0 2692.0 small-vehicle 1
2792.0 2650.0 2806.0 2650.0 2806.0 2668.0 2792.0 2668.0 small-vehicle 1
2723.0 2788.0 2745.0 2788.0 2745.0 2800.0 2723.0 2800.0 small-vehicle 1
2745.0 2787.0 2766.0 2787.0 2766.0 2799.0 2745.0 2799.0 small-vehicle 1
2697.0 2441.0 2709.0 2441.0 2709.0 2460.0 2697.0 2460.0 small-vehicle 1
2657.0 2415.0 2669.0 2415.0 2669.0 2436.0 2657.0 2436.0 small-vehicle 1
2772.0 2177.0 2788.0 2177.0 2788.0 2185.0 2772.0 2185.0 small-vehicle 1
2788.0 2279.0 2807.0 2279.0 2807.0 2288.0 2788.0 2288.0 small-vehicle 1
2535.0 2334.0 2558.0 2334.0 2558.0 2349.0 2535.0 2349.0 small-vehicle 1
2612.0 2355.0 2632.0 2355.0 2632.0 2368.0 2612.0 2368.0 small-vehicle 1
2640.0 2368.0 2657.0 2368.0 2657.0 2378.0 2640.0 2378.0 small-vehicle 1
2636.0 2357.0 2655.0 2357.0 2655.0 2369.0 2636.0 2369.0 small-vehicle 1
2636.0 2348.0 2656.0 2348.0 2656.0 2357.0 2636.0 2357.0 small-vehicle 1
2637.0 2337.0 2661.0 2337.0 2661.0 2347.0 2637.0 2347.0 small-vehicle 1
2635.0 2324.0 2658.0 2324.0 2658.0 2335.0 2635.0 2335.0 small-vehicle 1
2616.0 2314.0 2635.0 2314.0 2635.0 2327.0 2616.0 2327.0 small-vehicle 1
2765.0 2308.0 2783.0 2308.0 2783.0 2320.0 2765.0 2320.0 small-vehicle 1
2768.0 2287.0 2787.0 2287.0 2787.0 2300.0 2768.0 2300.0 small-vehicle 1
2790.0 2310.0 2812.0 2310.0 2812.0 2319.0 2790.0 2319.0 small-vehicle 1
2787.0 2300.0 2811.0 2300.0 2811.0 2310.0 2787.0 2310.0 small-vehicle 1
2789.0 2289.0 2813.0 2289.0 2813.0 2302.0 2789.0 2302.0 small-vehicle 1
2791.0 2268.0 2813.0 2268.0 2813.0 2281.0 2791.0 2281.0 small-vehicle 1
2692.0 2338.0 2710.0 2338.0 2710.0 2348.0 2692.0 2348.0 small-vehicle 1
2768.0 2267.0 2790.0 2267.0 2790.0 2279.0 2768.0 2279.0 small-vehicle 1
2769.0 2259.0 2790.0 2259.0 2790.0 2269.0 2769.0 2269.0 small-vehicle 1
2792.0 2260.0 2812.0 2260.0 2812.0 2269.0 2792.0 2269.0 small-vehicle 1
2792.0 2247.0 2812.0 2247.0 2812.0 2258.0 2792.0 2258.0 small-vehicle 1
2769.0 2247.0 2789.0 2247.0 2789.0 2258.0 2769.0 2258.0 small-vehicle 1
2769.0 2237.0 2786.0 2237.0 2786.0 2247.0 2769.0 2247.0 small-vehicle 1
2791.0 2236.0 2809.0 2236.0 2809.0 2247.0 2791.0 2247.0 small-vehicle 1
2770.0 2217.0 2788.0 2217.0 2788.0 2228.0 2770.0 2228.0 small-vehicle 1
2772.0 2208.0 2792.0 2208.0 2792.0 2218.0 2772.0 2218.0 small-vehicle 1
2771.0 2195.0 2793.0 2195.0 2793.0 2207.0 2771.0 2207.0 small-vehicle 1
2791.0 2207.0 2810.0 2207.0 2810.0 2219.0 2791.0 2219.0 small-vehicle 1
2797.0 2196.0 2815.0 2196.0 2815.0 2207.0 2797.0 2207.0 small-vehicle 1
2793.0 2186.0 2817.0 2186.0 2817.0 2196.0 2793.0 2196.0 small-vehicle 1
2693.0 2326.0 2711.0 2326.0 2711.0 2338.0 2693.0 2338.0 small-vehicle 1
2693.0 2348.0 2710.0 2348.0 2710.0 2358.0 2693.0 2358.0 small-vehicle 1
2676.0 2414.0 2688.0 2414.0 2688.0 2435.0 2676.0 2435.0 small-vehicle 1
2788.0 2361.0 2808.0 2361.0 2808.0 2373.0 2788.0 2373.0 small-vehicle 1
2688.0 2415.0 2699.0 2415.0 2699.0 2436.0 2688.0 2436.0 small-vehicle 1
2697.0 2416.0 2711.0 2416.0 2711.0 2438.0 2697.0 2438.0 small-vehicle 1
2718.0 2414.0 2729.0 2414.0 2729.0 2436.0 2718.0 2436.0 small-vehicle 1
2719.0 2441.0 2729.0 2441.0 2729.0 2462.0 2719.0 2462.0 small-vehicle 1
2729.0 2418.0 2740.0 2418.0 2740.0 2440.0 2729.0 2440.0 small-vehicle 1
2749.0 2421.0 2760.0 2421.0 2760.0 2442.0 2749.0 2442.0 small-vehicle 1
2760.0 2421.0 2770.0 2421.0 2770.0 2438.0 2760.0 2438.0 small-vehicle 1
2758.0 2444.0 2769.0 2444.0 2769.0 2462.0 2758.0 2462.0 small-vehicle 1
2780.0 2423.0 2790.0 2423.0 2790.0 2445.0 2780.0 2445.0 small-vehicle 1
2788.0 2444.0 2801.0 2444.0 2801.0 2462.0 2788.0 2462.0 small-vehicle 1
2792.0 2421.0 2801.0 2421.0 2801.0 2441.0 2792.0 2441.0 small-vehicle 1
2781.0 2399.0 2806.0 2399.0 2806.0 2415.0 2781.0 2415.0 small-vehicle 1
2787.0 2371.0 2809.0 2371.0 2809.0 2382.0 2787.0 2382.0 small-vehicle 1
2789.0 2352.0 2807.0 2352.0 2807.0 2361.0 2789.0 2361.0 small-vehicle 1
2692.0 2360.0 2709.0 2360.0 2709.0 2371.0 2692.0 2371.0 small-vehicle 1
2789.0 2340.0 2811.0 2340.0 2811.0 2351.0 2789.0 2351.0 small-vehicle 1
2786.0 2331.0 2806.0 2331.0 2806.0 2340.0 2786.0 2340.0 small-vehicle 1
2786.0 2320.0 2808.0 2320.0 2808.0 2332.0 2786.0 2332.0 small-vehicle 1
2767.0 2372.0 2785.0 2372.0 2785.0 2382.0 2767.0 2382.0 small-vehicle 1
2766.0 2363.0 2784.0 2363.0 2784.0 2373.0 2766.0 2373.0 small-vehicle 1
2768.0 2351.0 2786.0 2351.0 2786.0 2362.0 2768.0 2362.0 small-vehicle 1
2768.0 2341.0 2787.0 2341.0 2787.0 2351.0 2768.0 2351.0 small-vehicle 1
2765.0 2330.0 2786.0 2330.0 2786.0 2341.0 2765.0 2341.0 small-vehicle 1
2766.0 2319.0 2785.0 2319.0 2785.0 2330.0 2766.0 2330.0 small-vehicle 1
2713.0 2359.0 2730.0 2359.0 2730.0 2371.0 2713.0 2371.0 small-vehicle 1
2712.0 2350.0 2729.0 2350.0 2729.0 2361.0 2712.0 2361.0 small-vehicle 1
2712.0 2340.0 2729.0 2340.0 2729.0 2350.0 2712.0 2350.0 small-vehicle 1
2714.0 2328.0 2733.0 2328.0 2733.0 2340.0 2714.0 2340.0 small-vehicle 1
2751.0 1942.0 2763.0 1942.0 2763.0 1965.0 2751.0 1965.0 small-vehicle 1
2732.0 1940.0 2744.0 1940.0 2744.0 1959.0 2732.0 1959.0 small-vehicle 1
2830.0 1869.0 2840.0 1869.0 2840.0 1889.0 2830.0 1889.0 small-vehicle 1
1719.0 1001.0 1731.0 1001.0 1731.0 1023.0 1719.0 1023.0 small-vehicle 0
1828.0 1322.0 1858.0 1322.0 1858.0 1349.0 1828.0 1349.0 small-vehicle 1
2026.0 1291.0 2052.0 1291.0 2052.0 1317.0 2026.0 1317.0 small-vehicle 0
2061.0 1234.0 2085.0 1234.0 2085.0 1258.0 2061.0 1258.0 small-vehicle 0
2019.0 1184.0 2040.0 1184.0 2040.0 1208.0 2019.0 1208.0 small-vehicle 0
2044.0 1186.0 2069.0 1186.0 2069.0 1210.0 2044.0 1210.0 small-vehicle 0
2017.0 1212.0 2041.0 1212.0 2041.0 1237.0 2017.0 1237.0 small-vehicle 0
1785.0 1240.0 1808.0 1240.0 1808.0 1263.0 1785.0 1263.0 small-vehicle 0
1828.0 1242.0 1851.0 1242.0 1851.0 1266.0 1828.0 1266.0 small-vehicle 0
1756.0 1193.0 1770.0 1193.0 1770.0 1213.0 1756.0 1213.0 small-vehicle 0
1755.0 1135.0 1769.0 1135.0 1769.0 1157.0 1755.0 1157.0 small-vehicle 0
1598.0 810.0 1623.0 810.0 1623.0 850.0 1598.0 850.0 swimming-pool 0
1693.0 1035.0 1716.0 1035.0 1716.0 1047.0 1693.0 1047.0 small-vehicle 1
1468.0 955.0 1494.0 955.0 1494.0 976.0 1468.0 976.0 small-vehicle 0
2006.0 894.0 2017.0 894.0 2017.0 915.0 2006.0 915.0 small-vehicle 0
1350.0 1188.0 1380.0 1188.0 1380.0 1205.0 1350.0 1205.0 small-vehicle 1
1990.0 900.0 2005.0 900.0 2005.0 935.0 1990.0 935.0 large-vehicle 0
1972.0 889.0 1986.0 889.0 1986.0 914.0 1972.0 914.0 small-vehicle 0
1947.0 890.0 1961.0 890.0 1961.0 911.0 1947.0 911.0 small-vehicle 0
2043.0 872.0 2063.0 872.0 2063.0 885.0 2043.0 885.0 small-vehicle 0
1917.0 875.0 1938.0 875.0 1938.0 888.0 1917.0 888.0 small-vehicle 0
1914.0 814.0 1925.0 814.0 1925.0 836.0 1914.0 836.0 small-vehicle 0
1903.0 813.0 1914.0 813.0 1914.0 836.0 1903.0 836.0 small-vehicle 0
1470.0 518.0 1489.0 518.0 1489.0 539.0 1470.0 539.0 small-vehicle 0
1376.0 546.0 1399.0 546.0 1399.0 559.0 1376.0 559.0 small-vehicle 0
1401.0 545.0 1422.0 545.0 1422.0 559.0 1401.0 559.0 small-vehicle 0
1455.0 607.0 1475.0 607.0 1475.0 632.0 1455.0 632.0 small-vehicle 0
1536.0 580.0 1558.0 580.0 1558.0 595.0 1536.0 595.0 small-vehicle 0
1582.0 599.0 1596.0 599.0 1596.0 616.0 1582.0 616.0 small-vehicle 0
1627.0 1244.0 1648.0 1244.0 1648.0 1261.0 1627.0 1261.0 small-vehicle 0
1690.0 1299.0 1710.0 1299.0 1710.0 1321.0 1690.0 1321.0 small-vehicle 0
1620.0 598.0 1638.0 598.0 1638.0 623.0 1620.0 623.0 small-vehicle 0
1924.0 2706.0 1942.0 2706.0 1942.0 2721.0 1924.0 2721.0 small-vehicle 1
1877.0 2271.0 1898.0 2271.0 1898.0 2289.0 1877.0 2289.0 small-vehicle 0
1965.0 2369.0 2028.0 2369.0 2028.0 2469.0 1965.0 2469.0 tennis-court 0
1763.0 2474.0 1786.0 2474.0 1786.0 2491.0 1763.0 2491.0 small-vehicle 0
1839.0 2532.0 1864.0 2532.0 1864.0 2548.0 1839.0 2548.0 small-vehicle 0
1993.0 2916.0 2002.0 2916.0 2002.0 2932.0 1993.0 2932.0 small-vehicle 1
2053.0 2688.0 2073.0 2688.0 2073.0 2704.0 2053.0 2704.0 small-vehicle 0
2050.0 2700.0 2070.0 2700.0 2070.0 2717.0 2050.0 2717.0 small-vehicle 0
2043.0 2722.0 2063.0 2722.0 2063.0 2736.0 2043.0 2736.0 small-vehicle 0
2040.0 2730.0 2059.0 2730.0 2059.0 2744.0 2040.0 2744.0 small-vehicle 0
1954.0 2640.0 1971.0 2640.0 1971.0 2658.0 1954.0 2658.0 small-vehicle 0
1945.0 2669.0 1959.0 2669.0 1959.0 2686.0 1945.0 2686.0 small-vehicle 1
1898.0 2659.0 1922.0 2659.0 1922.0 2677.0 1898.0 2677.0 small-vehicle 0
1915.0 2697.0 1936.0 2697.0 1936.0 2716.0 1915.0 2716.0 small-vehicle 0
1933.0 2734.0 1955.0 2734.0 1955.0 2753.0 1933.0 2753.0 small-vehicle 0
1679.0 1318.0 1697.0 1318.0 1697.0 1341.0 1679.0 1341.0 small-vehicle 0
2028.0 2805.0 2047.0 2805.0 2047.0 2818.0 2028.0 2818.0 small-vehicle 0
1989.0 2862.0 2002.0 2862.0 2002.0 2879.0 1989.0 2879.0 small-vehicle 1
1989.0 2882.0 2003.0 2882.0 2003.0 2902.0 1989.0 2902.0 small-vehicle 1
1416.0 1430.0 1430.0 1430.0 1430.0 1449.0 1416.0 1449.0 small-vehicle 1
1522.0 1422.0 1536.0 1422.0 1536.0 1451.0 1522.0 1451.0 small-vehicle 0
1446.0 1427.0 1457.0 1427.0 1457.0 1448.0 1446.0 1448.0 small-vehicle 0
1547.0 1469.0 1572.0 1469.0 1572.0 1487.0 1547.0 1487.0 small-vehicle 0
1685.0 1542.0 1709.0 1542.0 1709.0 1567.0 1685.0 1567.0 small-vehicle 0
1610.0 1496.0 1635.0 1496.0 1635.0 1515.0 1610.0 1515.0 small-vehicle 0
1869.0 1475.0 1891.0 1475.0 1891.0 1494.0 1869.0 1494.0 small-vehicle 0
1872.0 1463.0 1896.0 1463.0 1896.0 1485.0 1872.0 1485.0 small-vehicle 0
1823.0 1471.0 1847.0 1471.0 1847.0 1497.0 1823.0 1497.0 small-vehicle 0
1779.0 1313.0 1801.0 1313.0 1801.0 1337.0 1779.0 1337.0 small-vehicle 1
1592.0 598.0 1616.0 598.0 1616.0 621.0 1592.0 621.0 small-vehicle 0
1870.0 592.0 1883.0 592.0 1883.0 614.0 1870.0 614.0 small-vehicle 1
1863.0 2177.0 1888.0 2177.0 1888.0 2196.0 1863.0 2196.0 small-vehicle 0
1152.0 824.0 1163.0 824.0 1163.0 844.0 1152.0 844.0 small-vehicle 1
1289.0 517.0 1306.0 517.0 1306.0 541.0 1289.0 541.0 small-vehicle 1
981.0 608.0 991.0 608.0 991.0 627.0 981.0 627.0 small-vehicle 1
970.0 606.0 981.0 606.0 981.0 627.0 970.0 627.0 small-vehicle 1
1002.0 587.0 1023.0 587.0 1023.0 599.0 1002.0 599.0 small-vehicle 1
1025.0 587.0 1045.0 587.0 1045.0 600.0 1025.0 600.0 small-vehicle 1
1131.0 602.0 1151.0 602.0 1151.0 624.0 1131.0 624.0 small-vehicle 0
1070.0 589.0 1093.0 589.0 1093.0 600.0 1070.0 600.0 small-vehicle 0
1235.0 550.0 1263.0 550.0 1263.0 562.0 1235.0 562.0 small-vehicle 0
1294.0 600.0 1308.0 600.0 1308.0 623.0 1294.0 623.0 small-vehicle 0
1292.0 637.0 1303.0 637.0 1303.0 656.0 1292.0 656.0 small-vehicle 0
983.0 889.0 1007.0 889.0 1007.0 900.0 983.0 900.0 small-vehicle 0
554.0 884.0 577.0 884.0 577.0 904.0 554.0 904.0 small-vehicle 1
530.0 1005.0 545.0 1005.0 545.0 1027.0 530.0 1027.0 small-vehicle 0
1139.0 822.0 1151.0 822.0 1151.0 845.0 1139.0 845.0 small-vehicle 0
932.0 289.0 960.0 289.0 960.0 301.0 932.0 301.0 small-vehicle 0
1292.0 820.0 1308.0 820.0 1308.0 842.0 1292.0 842.0 small-vehicle 0
949.0 827.0 960.0 827.0 960.0 846.0 949.0 846.0 small-vehicle 0
939.0 826.0 950.0 826.0 950.0 845.0 939.0 845.0 small-vehicle 0
1001.0 850.0 1028.0 850.0 1028.0 865.0 1001.0 865.0 small-vehicle 1
1163.0 848.0 1187.0 848.0 1187.0 862.0 1163.0 862.0 small-vehicle 1
1186.0 848.0 1208.0 848.0 1208.0 859.0 1186.0 859.0 small-vehicle 1
1231.0 845.0 1257.0 845.0 1257.0 859.0 1231.0 859.0 small-vehicle 1
1334.0 899.0 1347.0 899.0 1347.0 919.0 1334.0 919.0 small-vehicle 0
1304.0 899.0 1318.0 899.0 1318.0 921.0 1304.0 921.0 small-vehicle 0
1165.0 894.0 1183.0 894.0 1183.0 921.0 1165.0 921.0 small-vehicle 0
1300.0 1121.0 1311.0 1121.0 1311.0 1144.0 1300.0 1144.0 small-vehicle 0
989.0 1127.0 1002.0 1127.0 1002.0 1149.0 989.0 1149.0 small-vehicle 0
940.0 1151.0 971.0 1151.0 971.0 1162.0 940.0 1162.0 small-vehicle 0
1321.0 519.0 1337.0 519.0 1337.0 541.0 1321.0 541.0 small-vehicle 1
1149.0 286.0 1175.0 286.0 1175.0 301.0 1149.0 301.0 small-vehicle 0
1954.0 593.0 1968.0 593.0 1968.0 612.0 1954.0 612.0 small-vehicle 1
1483.0 301.0 1492.0 301.0 1492.0 321.0 1483.0 321.0 small-vehicle 0
2045.0 595.0 2057.0 595.0 2057.0 611.0 2045.0 611.0 small-vehicle 1
2034.0 590.0 2048.0 590.0 2048.0 612.0 2034.0 612.0 small-vehicle 0
1860.0 536.0 1884.0 536.0 1884.0 552.0 1860.0 552.0 small-vehicle 0
1964.0 510.0 1984.0 510.0 1984.0 534.0 1964.0 534.0 small-vehicle 0
1731.0 299.0 1741.0 299.0 1741.0 315.0 1731.0 315.0 small-vehicle 1
1717.0 296.0 1731.0 296.0 1731.0 318.0 1717.0 318.0 small-vehicle 0
1703.0 315.0 1717.0 315.0 1717.0 336.0 1703.0 336.0 small-vehicle 0
1887.0 294.0 1900.0 294.0 1900.0 316.0 1887.0 316.0 small-vehicle 0
2081.0 166.0 2111.0 166.0 2111.0 189.0 2081.0 189.0 small-vehicle 0
1973.0 276.0 1997.0 276.0 1997.0 290.0 1973.0 290.0 small-vehicle 0
1838.0 277.0 1863.0 277.0 1863.0 292.0 1838.0 292.0 small-vehicle 1
1816.0 277.0 1839.0 277.0 1839.0 289.0 1816.0 289.0 small-vehicle 0
1625.0 302.0 1638.0 302.0 1638.0 324.0 1625.0 324.0 small-vehicle 0
1463.0 300.0 1479.0 300.0 1479.0 325.0 1463.0 325.0 small-vehicle 0
1300.0 247.0 1326.0 247.0 1326.0 260.0 1300.0 260.0 small-vehicle 0
1380.0 302.0 1404.0 302.0 1404.0 327.0 1380.0 327.0 small-vehicle 0
1924.0 276.0 1948.0 276.0 1948.0 291.0 1924.0 291.0 small-vehicle 0
1746.0 278.0 1767.0 278.0 1767.0 290.0 1746.0 290.0 small-vehicle 0
1658.0 280.0 1681.0 280.0 1681.0 293.0 1658.0 293.0 small-vehicle 0
1587.0 243.0 1613.0 243.0 1613.0 256.0 1587.0 256.0 small-vehicle 0
1500.0 212.0 1521.0 212.0 1521.0 238.0 1500.0 238.0 small-vehicle 1
1687.0 211.0 1705.0 211.0 1705.0 237.0 1687.0 237.0 small-vehicle 0
908.0 307.0 922.0 307.0 922.0 327.0 908.0 327.0 small-vehicle 0
1223.0 305.0 1240.0 305.0 1240.0 330.0 1223.0 330.0 small-vehicle 1
1192.0 303.0 1206.0 303.0 1206.0 324.0 1192.0 324.0 small-vehicle 1
1042.0 226.0 1061.0 226.0 1061.0 250.0 1042.0 250.0 small-vehicle 0
1006.0 228.0 1017.0 228.0 1017.0 248.0 1006.0 248.0 small-vehicle 0
1134.0 250.0 1159.0 250.0 1159.0 261.0 1134.0 261.0 small-vehicle 0
1792.0 2308.0 1815.0 2308.0 1815.0 2328.0 1792.0 2328.0 small-vehicle 0
1640.0 2209.0 1662.0 2209.0 1662.0 2228.0 1640.0 2228.0 small-vehicle 0
2829.0 1847.0 2840.0 1847.0 2840.0 1868.0 2829.0 1868.0 small-vehicle 1
2620.0 1062.0 2632.0 1062.0 2632.0 1081.0 2620.0 1081.0 small-vehicle 1
2374.0 1400.0 2387.0 1400.0 2387.0 1421.0 2374.0 1421.0 small-vehicle 1
2352.0 1383.0 2374.0 1383.0 2374.0 1401.0 2352.0 1401.0 small-vehicle 1
2332.0 1393.0 2354.0 1393.0 2354.0 1415.0 2332.0 1415.0 small-vehicle 1
2281.0 1393.0 2305.0 1393.0 2305.0 1418.0 2281.0 1418.0 small-vehicle 1
2253.0 1398.0 2276.0 1398.0 2276.0 1420.0 2253.0 1420.0 small-vehicle 1
2460.0 1308.0 2476.0 1308.0 2476.0 1327.0 2460.0 1327.0 small-vehicle 1
2838.0 1241.0 2855.0 1241.0 2855.0 1262.0 2838.0 1262.0 small-vehicle 1
2629.0 1303.0 2640.0 1303.0 2640.0 1323.0 2629.0 1323.0 small-vehicle 1
2791.0 1194.0 2815.0 1194.0 2815.0 1213.0 2791.0 1213.0 small-vehicle 1
2135.0 1167.0 2155.0 1167.0 2155.0 1191.0 2135.0 1191.0 small-vehicle 1
2193.0 1113.0 2220.0 1113.0 2220.0 1140.0 2193.0 1140.0 small-vehicle 1
2174.0 1067.0 2201.0 1067.0 2201.0 1095.0 2174.0 1095.0 small-vehicle 1
2222.0 1021.0 2247.0 1021.0 2247.0 1047.0 2222.0 1047.0 small-vehicle 1
2748.0 1039.0 2769.0 1039.0 2769.0 1056.0 2748.0 1056.0 small-vehicle 1
2554.0 1379.0 2566.0 1379.0 2566.0 1401.0 2554.0 1401.0 small-vehicle 1
2774.0 1041.0 2794.0 1041.0 2794.0 1057.0 2774.0 1057.0 small-vehicle 1
2638.0 1036.0 2663.0 1036.0 2663.0 1051.0 2638.0 1051.0 small-vehicle 1
2595.0 1042.0 2616.0 1042.0 2616.0 1063.0 2595.0 1063.0 small-vehicle 1
2532.0 994.0 2552.0 994.0 2552.0 1021.0 2532.0 1021.0 small-vehicle 1
2715.0 679.0 2742.0 679.0 2742.0 700.0 2715.0 700.0 small-vehicle 0
2727.0 669.0 2749.0 669.0 2749.0 688.0 2727.0 688.0 small-vehicle 0
2736.0 660.0 2755.0 660.0 2755.0 680.0 2736.0 680.0 small-vehicle 0
2396.0 933.0 2417.0 933.0 2417.0 953.0 2396.0 953.0 small-vehicle 0
2779.0 738.0 2802.0 738.0 2802.0 765.0 2779.0 765.0 small-vehicle 0
2747.0 727.0 2766.0 727.0 2766.0 746.0 2747.0 746.0 small-vehicle 1
2464.0 812.0 2487.0 812.0 2487.0 828.0 2464.0 828.0 small-vehicle 0
2467.0 802.0 2488.0 802.0 2488.0 819.0 2467.0 819.0 small-vehicle 0
2410.0 757.0 2428.0 757.0 2428.0 779.0 2410.0 779.0 small-vehicle 0
2387.0 1399.0 2402.0 1399.0 2402.0 1418.0 2387.0 1418.0 small-vehicle 1
2325.0 1444.0 2352.0 1444.0 2352.0 1465.0 2325.0 1465.0 small-vehicle 1
2378.0 502.0 2397.0 502.0 2397.0 525.0 2378.0 525.0 small-vehicle 0
2733.0 1915.0 2745.0 1915.0 2745.0 1936.0 2733.0 1936.0 small-vehicle 1
2818.0 1868.0 2830.0 1868.0 2830.0 1887.0 2818.0 1887.0 small-vehicle 1
2817.0 1846.0 2829.0 1846.0 2829.0 1866.0 2817.0 1866.0 small-vehicle 1
2805.0 1847.0 2818.0 1847.0 2818.0 1864.0 2805.0 1864.0 small-vehicle 1
2806.0 1868.0 2817.0 1868.0 2817.0 1890.0 2806.0 1890.0 small-vehicle 1
2795.0 1866.0 2806.0 1866.0 2806.0 1887.0 2795.0 1887.0 small-vehicle 1
2826.0 1923.0 2837.0 1923.0 2837.0 1941.0 2826.0 1941.0 small-vehicle 1
2814.0 1921.0 2825.0 1921.0 2825.0 1941.0 2814.0 1941.0 small-vehicle 1
2804.0 1922.0 2816.0 1922.0 2816.0 1941.0 2804.0 1941.0 small-vehicle 1
2794.0 1922.0 2807.0 1922.0 2807.0 1944.0 2794.0 1944.0 small-vehicle 1
2783.0 1923.0 2794.0 1923.0 2794.0 1942.0 2783.0 1942.0 small-vehicle 1
2773.0 1923.0 2784.0 1923.0 2784.0 1943.0 2773.0 1943.0 small-vehicle 1
2763.0 1923.0 2774.0 1923.0 2774.0 1943.0 2763.0 1943.0 small-vehicle 1
2750.0 1920.0 2762.0 1920.0 2762.0 1942.0 2750.0 1942.0 small-vehicle 1
2823.0 1747.0 2845.0 1747.0 2845.0 1765.0 2823.0 1765.0 small-vehicle 1
2726.0 1591.0 2737.0 1591.0 2737.0 1611.0 2726.0 1611.0 small-vehicle 1
2816.0 1755.0 2836.0 1755.0 2836.0 1773.0 2816.0 1773.0 small-vehicle 1
2810.0 1762.0 2830.0 1762.0 2830.0 1782.0 2810.0 1782.0 small-vehicle 1
2802.0 1769.0 2821.0 1769.0 2821.0 1789.0 2802.0 1789.0 small-vehicle 1
2796.0 1777.0 2815.0 1777.0 2815.0 1797.0 2796.0 1797.0 small-vehicle 1
2793.0 1816.0 2817.0 1816.0 2817.0 1831.0 2793.0 1831.0 small-vehicle 1
2160.0 1762.0 2183.0 1762.0 2183.0 1774.0 2160.0 1774.0 small-vehicle 1
2159.0 1739.0 2180.0 1739.0 2180.0 1751.0 2159.0 1751.0 small-vehicle 1
2166.0 1693.0 2186.0 1693.0 2186.0 1705.0 2166.0 1705.0 small-vehicle 1
2760.0 1626.0 2781.0 1626.0 2781.0 1648.0 2760.0 1648.0 small-vehicle 1
2753.0 1634.0 2776.0 1634.0 2776.0 1652.0 2753.0 1652.0 small-vehicle 1
2748.0 1642.0 2767.0 1642.0 2767.0 1663.0 2748.0 1663.0 small-vehicle 1
2731.0 1654.0 2751.0 1654.0 2751.0 1677.0 2731.0 1677.0 small-vehicle 1
2716.0 1663.0 2738.0 1663.0 2738.0 1688.0 2716.0 1688.0 small-vehicle 1
2418.0 738.0 2435.0 738.0 2435.0 761.0 2418.0 761.0 small-vehicle 0
2847.0 559.0 2864.0 559.0 2864.0 593.0 2847.0 593.0 ship 0
1590.0 1894.0 1611.0 1894.0 1611.0 1920.0 1590.0 1920.0 small-vehicle 0
2512.0 231.0 2523.0 231.0 2523.0 249.0 2512.0 249.0 small-vehicle 1
2814.0 282.0 2827.0 282.0 2827.0 298.0 2814.0 298.0 small-vehicle 0
2814.0 261.0 2824.0 261.0 2824.0 280.0 2814.0 280.0 small-vehicle 0
2813.0 239.0 2824.0 239.0 2824.0 262.0 2813.0 262.0 small-vehicle 0
2814.0 220.0 2824.0 220.0 2824.0 239.0 2814.0 239.0 small-vehicle 0
2812.0 199.0 2823.0 199.0 2823.0 216.0 2812.0 216.0 small-vehicle 0
2810.0 175.0 2824.0 175.0 2824.0 198.0 2810.0 198.0 small-vehicle 0
2811.0 154.0 2822.0 154.0 2822.0 175.0 2811.0 175.0 small-vehicle 0
2775.0 179.0 2788.0 179.0 2788.0 205.0 2775.0 205.0 small-vehicle 0
2809.0 128.0 2821.0 128.0 2821.0 149.0 2809.0 149.0 small-vehicle 0
2774.0 117.0 2786.0 117.0 2786.0 136.0 2774.0 136.0 small-vehicle 1
2242.0 120.0 2284.0 120.0 2284.0 150.0 2242.0 150.0 swimming-pool 0
2530.0 220.0 2551.0 220.0 2551.0 230.0 2530.0 230.0 small-vehicle 0
2528.0 210.0 2548.0 210.0 2548.0 220.0 2528.0 220.0 small-vehicle 1
2417.0 226.0 2438.0 226.0 2438.0 240.0 2417.0 240.0 small-vehicle 0
2752.0 214.0 2771.0 214.0 2771.0 227.0 2752.0 227.0 small-vehicle 0
2392.0 211.0 2412.0 211.0 2412.0 228.0 2392.0 228.0 small-vehicle 0
1819.0 1541.0 1845.0 1541.0 1845.0 1565.0 1819.0 1565.0 small-vehicle 0
1641.0 1557.0 1661.0 1557.0 1661.0 1574.0 1641.0 1574.0 small-vehicle 0
1670.0 1598.0 1687.0 1598.0 1687.0 1618.0 1670.0 1618.0 small-vehicle 0
1657.0 1586.0 1682.0 1586.0 1682.0 1612.0 1657.0 1612.0 small-vehicle 0
1703.0 1636.0 1723.0 1636.0 1723.0 1661.0 1703.0 1661.0 small-vehicle 0
1507.0 1757.0 1526.0 1757.0 1526.0 1782.0 1507.0 1782.0 small-vehicle 0
1461.0 1761.0 1484.0 1761.0 1484.0 1779.0 1461.0 1779.0 small-vehicle 0
2028.0 1729.0 2052.0 1729.0 2052.0 1749.0 2028.0 1749.0 small-vehicle 0
1999.0 1849.0 2022.0 1849.0 2022.0 1865.0 1999.0 1865.0 small-vehicle 0
1951.0 1847.0 1974.0 1847.0 1974.0 1863.0 1951.0 1863.0 small-vehicle 0
1732.0 1877.0 1753.0 1877.0 1753.0 1891.0 1732.0 1891.0 small-vehicle 0
1712.0 1852.0 1731.0 1852.0 1731.0 1873.0 1712.0 1873.0 small-vehicle 0
2817.0 307.0 2834.0 307.0 2834.0 329.0 2817.0 329.0 small-vehicle 0
2751.0 164.0 2771.0 164.0 2771.0 175.0 2751.0 175.0 small-vehicle 0
2883.0 522.0 2898.0 522.0 2898.0 543.0 2883.0 543.0 small-vehicle 0
2832.0 298.0 2855.0 298.0 2855.0 313.0 2832.0 313.0 small-vehicle 1
2883.0 483.0 2898.0 483.0 2898.0 504.0 2883.0 504.0 small-vehicle 0
2869.0 425.0 2888.0 425.0 2888.0 448.0 2869.0 448.0 small-vehicle 0
2399.0 505.0 2411.0 505.0 2411.0 525.0 2399.0 525.0 small-vehicle 0
2367.0 533.0 2387.0 533.0 2387.0 544.0 2367.0 544.0 small-vehicle 0
2847.0 480.0 2859.0 480.0 2859.0 499.0 2847.0 499.0 small-vehicle 0
2860.0 247.0 2882.0 247.0 2882.0 258.0 2860.0 258.0 small-vehicle 0
2885.0 270.0 2903.0 270.0 2903.0 281.0 2885.0 281.0 small-vehicle 0
2883.0 281.0 2895.0 281.0 2895.0 304.0 2883.0 304.0 small-vehicle 0
2881.0 325.0 2892.0 325.0 2892.0 347.0 2881.0 347.0 small-vehicle 1
2871.0 328.0 2882.0 328.0 2882.0 346.0 2871.0 346.0 small-vehicle 0
2859.0 328.0 2869.0 328.0 2869.0 346.0 2859.0 346.0 small-vehicle 0
2838.0 320.0 2859.0 320.0 2859.0 337.0 2838.0 337.0 small-vehicle 1
2837.0 311.0 2857.0 311.0 2857.0 325.0 2837.0 325.0 small-vehicle 0
2831.0 284.0 2853.0 284.0 2853.0 297.0 2831.0 297.0 small-vehicle 0
2731.0 171.0 2754.0 171.0 2754.0 189.0 2731.0 189.0 small-vehicle 1
2829.0 273.0 2853.0 273.0 2853.0 285.0 2829.0 285.0 small-vehicle 0
2832.0 259.0 2859.0 259.0 2859.0 273.0 2832.0 273.0 small-vehicle 1
2820.0 409.0 2838.0 409.0 2838.0 431.0 2820.0 431.0 small-vehicle 1
2845.0 379.0 2865.0 379.0 2865.0 401.0 2845.0 401.0 small-vehicle 1
2834.0 359.0 2855.0 359.0 2855.0 384.0 2834.0 384.0 small-vehicle 1
2357.0 303.0 2372.0 303.0 2372.0 320.0 2357.0 320.0 small-vehicle 1
2347.0 292.0 2363.0 292.0 2363.0 315.0 2347.0 315.0 small-vehicle 1
2515.0 385.0 2526.0 385.0 2526.0 408.0 2515.0 408.0 small-vehicle 0
2791.0 349.0 2807.0 349.0 2807.0 372.0 2791.0 372.0 small-vehicle 0
2822.0 330.0 2838.0 330.0 2838.0 351.0 2822.0 351.0 small-vehicle 0
2777.0 289.0 2788.0 289.0 2788.0 311.0 2777.0 311.0 small-vehicle 0
2774.0 256.0 2789.0 256.0 2789.0 280.0 2774.0 280.0 small-vehicle 0
2777.0 234.0 2788.0 234.0 2788.0 254.0 2777.0 254.0 small-vehicle 1
642.0 122.0 694.0 122.0 694.0 166.0 642.0 166.0 swimming-pool 0
