imagesource:GoogleEarth
gsd:0.132580884824
231.0 372.0 378.0 372.0 378.0 520.0 231.0 520.0 roundabout 0
449.0 740.0 488.0 740.0 488.0 771.0 449.0 771.0 small-vehicle 1
410.0 722.0 445.0 722.0 445.0 751.0 410.0 751.0 small-vehicle 0
434.0 850.0 466.0 850.0 466.0 877.0 434.0 877.0 small-vehicle 0
284.0 557.0 315.0 557.0 315.0 589.0 284.0 589.0 small-vehicle 0
387.0 445.0 420.0 445.0 420.0 483.0 387.0 483.0 small-vehicle 0
234.0 402.0 266.0 402.0 266.0 435.0 234.0 435.0 small-vehicle 0
433.0 343.0 467.0 343.0 467.0 379.0 433.0 379.0 small-vehicle 0
516.0 286.0 551.0 286.0 551.0 321.0 516.0 321.0 small-vehicle 0
498.0 261.0 534.0 261.0 534.0 297.0 498.0 297.0 small-vehicle 0
447.0 222.0 475.0 222.0 475.0 251.0 447.0 251.0 small-vehicle 0
