imagesource:GoogleEarth
gsd:0.132607356281
389.0 471.0 856.0 471.0 856.0 940.0 389.0 940.0 roundabout 0
242.0 750.0 279.0 750.0 279.0 776.0 242.0 776.0 small-vehicle 0
897.0 79.0 925.0 79.0 925.0 98.0 897.0 98.0 small-vehicle 0
904.0 59.0 931.0 59.0 931.0 74.0 904.0 74.0 small-vehicle 0
559.0 1191.0 581.0 1191.0 581.0 1220.0 559.0 1220.0 small-vehicle 0
600.0 1001.0 637.0 1001.0 637.0 1033.0 600.0 1033.0 small-vehicle 0
716.0 909.0 749.0 909.0 749.0 941.0 716.0 941.0 small-vehicle 0
453.0 909.0 491.0 909.0 491.0 946.0 453.0 946.0 small-vehicle 0
382.0 809.0 415.0 809.0 415.0 845.0 382.0 845.0 small-vehicle 0
353.0 833.0 385.0 833.0 385.0 867.0 353.0 867.0 small-vehicle 0
48.0 782.0 70.0 782.0 70.0 817.0 48.0 817.0 small-vehicle 0
26.0 782.0 51.0 782.0 51.0 815.0 26.0 815.0 small-vehicle 0
373.0 620.0 390.0 620.0 390.0 656.0 373.0 656.0 small-vehicle 0
360.0 163.0 455.0 163.0 455.0 257.0 360.0 257.0 roundabout 0
770.0 462.0 805.0 462.0 805.0 495.0 770.0 495.0 small-vehicle 0
777.0 386.0 820.0 386.0 820.0 422.0 777.0 422.0 small-vehicle 0
577.0 452.0 629.0 452.0 629.0 483.0 577.0 483.0 small-vehicle 0
102.0 569.0 134.0 569.0 134.0 586.0 102.0 586.0 small-vehicle 0
260.0 434.0 284.0 434.0 284.0 465.0 260.0 465.0 small-vehicle 0
278.0 400.0 302.0 400.0 302.0 431.0 278.0 431.0 small-vehicle 0
294.0 367.0 319.0 367.0 319.0 399.0 294.0 399.0 small-vehicle 0
242.0 340.0 264.0 340.0 264.0 367.0 242.0 367.0 small-vehicle 0
308.0 330.0 335.0 330.0 335.0 362.0 308.0 362.0 small-vehicle 0
329.0 160.0 345.0 160.0 345.0 195.0 329.0 195.0 small-vehicle 0
885.0 99.0 918.0 99.0 918.0 116.0 885.0 116.0 small-vehicle 0
884.0 122.0 912.0 122.0 912.0 135.0 884.0 135.0 small-vehicle 0
1079.0 56.0 1104.0 56.0 1104.0 73.0 1079.0 73.0 small-vehicle 0
1063.0 75.0 1103.0 75.0 1103.0 90.0 1063.0 90.0 small-vehicle 0
855.0 1108.0 884.0 1108.0 884.0 1144.0 855.0 1144.0 small-vehicle 1
932.0 356.0 949.0 356.0 949.0 390.0 932.0 390.0 small-vehicle 1
1024.0 178.0 1062.0 178.0 1062.0 198.0 1024.0 198.0 small-vehicle 0
1080.0 32.0 1114.0 32.0 1114.0 53.0 1080.0 53.0 small-vehicle 1
906.0 38.0 940.0 38.0 940.0 57.0 906.0 57.0 small-vehicle 1
197.0 411.0 229.0 411.0 229.0 453.0 197.0 453.0 small-vehicle 1
215.0 382.0 247.0 382.0 247.0 417.0 215.0 417.0 small-vehicle 1
66.0 578.0 97.0 578.0 97.0 596.0 66.0 596.0 small-vehicle 1
236.0 469.0 268.0 469.0 268.0 506.0 236.0 506.0 small-vehicle 1
54.0 513.0 101.0 513.0 101.0 543.0 54.0 543.0 small-vehicle 1
1081.0 728.0 1108.0 728.0 1108.0 743.0 1081.0 743.0 small-vehicle 0
873.0 805.0 904.0 805.0 904.0 839.0 873.0 839.0 small-vehicle 0
887.0 702.0 901.0 702.0 901.0 731.0 887.0 731.0 small-vehicle 0
829.0 603.0 849.0 603.0 849.0 636.0 829.0 636.0 small-vehicle 0
944.0 662.0 976.0 662.0 976.0 684.0 944.0 684.0 small-vehicle 0
982.0 645.0 1016.0 645.0 1016.0 668.0 982.0 668.0 small-vehicle 0
917.0 615.0 949.0 615.0 949.0 641.0 917.0 641.0 small-vehicle 0
1035.0 154.0 1065.0 154.0 1065.0 172.0 1035.0 172.0 small-vehicle 0
1044.0 137.0 1071.0 137.0 1071.0 154.0 1044.0 154.0 small-vehicle 0
1049.0 117.0 1079.0 117.0 1079.0 129.0 1049.0 129.0 small-vehicle 0
1060.0 97.0 1090.0 97.0 1090.0 110.0 1060.0 110.0 small-vehicle 0
62.0 225.0 84.0 225.0 84.0 259.0 62.0 259.0 small-vehicle 0
