imagesource:GoogleEarth
gsd:0.899684033923
2132.0 3934.0 2149.0 3934.0 2149.0 3946.0 2132.0 3946.0 large-vehicle 1
791.0 3023.0 804.0 3023.0 804.0 3037.0 791.0 3037.0 large-vehicle 1
134.0 329.0 138.0 329.0 138.0 345.0 134.0 345.0 large-vehicle 1
131.0 366.0 136.0 366.0 136.0 375.0 131.0 375.0 large-vehicle 1
889.0 2596.0 899.0 2596.0 899.0 2614.0 889.0 2614.0 large-vehicle 1
762.0 2869.0 770.0 2869.0 770.0 2880.0 762.0 2880.0 large-vehicle 1
667.0 2955.0 677.0 2955.0 677.0 2967.0 667.0 2967.0 large-vehicle 1
588.0 3056.0 602.0 3056.0 602.0 3073.0 588.0 3073.0 large-vehicle 1
832.0 3119.0 850.0 3119.0 850.0 3131.0 832.0 3131.0 large-vehicle 1
908.0 3116.0 927.0 3116.0 927.0 3130.0 908.0 3130.0 large-vehicle 1
881.0 3067.0 899.0 3067.0 899.0 3080.0 881.0 3080.0 large-vehicle 1
842.0 2997.0 850.0 2997.0 850.0 3009.0 842.0 3009.0 large-vehicle 1
1380.0 1240.0 1390.0 1240.0 1390.0 1256.0 1380.0 1256.0 large-vehicle 1
562.0 3162.0 574.0 3162.0 574.0 3174.0 562.0 3174.0 large-vehicle 1
421.0 3361.0 437.0 3361.0 437.0 3379.0 421.0 3379.0 large-vehicle 1
414.0 3355.0 429.0 3355.0 429.0 3373.0 414.0 3373.0 large-vehicle 1
156.0 3593.0 171.0 3593.0 171.0 3611.0 156.0 3611.0 large-vehicle 1
492.0 3481.0 504.0 3481.0 504.0 3497.0 492.0 3497.0 large-vehicle 1
487.0 3486.0 498.0 3486.0 498.0 3501.0 487.0 3501.0 large-vehicle 1
430.0 3495.0 449.0 3495.0 449.0 3509.0 430.0 3509.0 large-vehicle 1
436.0 3501.0 453.0 3501.0 453.0 3516.0 436.0 3516.0 large-vehicle 1
403.0 3529.0 415.0 3529.0 415.0 3546.0 403.0 3546.0 large-vehicle 1
91.0 650.0 96.0 650.0 96.0 668.0 91.0 668.0 large-vehicle 1
2342.0 1250.0 2412.0 1250.0 2412.0 1323.0 2342.0 1323.0 plane 0
301.0 3601.0 315.0 3601.0 315.0 3616.0 301.0 3616.0 large-vehicle 1
3100.0 2921.0 3130.0 2921.0 3130.0 2952.0 3100.0 2952.0 storage-tank 0
2217.0 3353.0 2308.0 3353.0 2308.0 3450.0 2217.0 3450.0 plane 0
2902.0 2946.0 2940.0 2946.0 2940.0 2981.0 2902.0 2981.0 storage-tank 0
2943.0 2982.0 2976.0 2982.0 2976.0 3015.0 2943.0 3015.0 storage-tank 0
2979.0 3015.0 3015.0 3015.0 3015.0 3049.0 2979.0 3049.0 storage-tank 0
3055.0 3013.0 3091.0 3013.0 3091.0 3050.0 3055.0 3050.0 storage-tank 0
3094.0 3047.0 3129.0 3047.0 3129.0 3084.0 3094.0 3084.0 storage-tank 0
3057.0 2857.0 3087.0 2857.0 3087.0 2887.0 3057.0 2887.0 storage-tank 0
3097.0 2876.0 3129.0 2876.0 3129.0 2907.0 3097.0 2907.0 storage-tank 0
3060.0 2902.0 3090.0 2902.0 3090.0 2933.0 3060.0 2933.0 storage-tank 0
3150.0 2900.0 3182.0 2900.0 3182.0 2932.0 3150.0 2932.0 storage-tank 0
2349.0 1156.0 2433.0 1156.0 2433.0 1239.0 2349.0 1239.0 plane 0
3149.0 2945.0 3183.0 2945.0 3183.0 2976.0 3149.0 2976.0 storage-tank 0
3198.0 2922.0 3228.0 2922.0 3228.0 2953.0 3198.0 2953.0 storage-tank 0
3193.0 2966.0 3224.0 2966.0 3224.0 2997.0 3193.0 2997.0 storage-tank 0
3188.0 3010.0 3220.0 3010.0 3220.0 3040.0 3188.0 3040.0 storage-tank 0
3133.0 3083.0 3166.0 3083.0 3166.0 3118.0 3133.0 3118.0 storage-tank 0
2161.0 1280.0 2252.0 1280.0 2252.0 1360.0 2161.0 1360.0 plane 0
2141.0 1181.0 2238.0 1181.0 2238.0 1275.0 2141.0 1275.0 plane 0
2241.0 1065.0 2316.0 1065.0 2316.0 1146.0 2241.0 1146.0 plane 0
2316.0 1056.0 2415.0 1056.0 2415.0 1159.0 2316.0 1159.0 plane 0
416.0 3513.0 430.0 3513.0 430.0 3524.0 416.0 3524.0 large-vehicle 1
296.0 3606.0 307.0 3606.0 307.0 3620.0 296.0 3620.0 large-vehicle 1
1991.0 3481.0 2098.0 3481.0 2098.0 3597.0 1991.0 3597.0 plane 0
1509.0 1213.0 1517.0 1213.0 1517.0 1232.0 1509.0 1232.0 large-vehicle 1
1613.0 2327.0 1634.0 2327.0 1634.0 2336.0 1613.0 2336.0 large-vehicle 1
1604.0 2330.0 1624.0 2330.0 1624.0 2338.0 1604.0 2338.0 large-vehicle 1
1594.0 2336.0 1614.0 2336.0 1614.0 2345.0 1594.0 2345.0 large-vehicle 1
1590.0 2340.0 1608.0 2340.0 1608.0 2348.0 1590.0 2348.0 large-vehicle 1
1576.0 2346.0 1596.0 2346.0 1596.0 2354.0 1576.0 2354.0 large-vehicle 1
1481.0 2342.0 1499.0 2342.0 1499.0 2354.0 1481.0 2354.0 large-vehicle 1
1075.0 2053.0 1085.0 2053.0 1085.0 2070.0 1075.0 2070.0 large-vehicle 1
1358.0 1400.0 1368.0 1400.0 1368.0 1419.0 1358.0 1419.0 large-vehicle 1
1489.0 1318.0 1498.0 1318.0 1498.0 1339.0 1489.0 1339.0 large-vehicle 1
1905.0 367.0 1922.0 367.0 1922.0 385.0 1905.0 385.0 large-vehicle 1
1553.0 2398.0 1563.0 2398.0 1563.0 2412.0 1553.0 2412.0 large-vehicle 1
2375.0 1917.0 2389.0 1917.0 2389.0 1930.0 2375.0 1930.0 large-vehicle 1
2282.0 1767.0 2297.0 1767.0 2297.0 1785.0 2282.0 1785.0 large-vehicle 1
2284.0 1758.0 2294.0 1758.0 2294.0 1774.0 2284.0 1774.0 large-vehicle 1
2254.0 1680.0 2266.0 1680.0 2266.0 1696.0 2254.0 1696.0 large-vehicle 1
2232.0 1676.0 2243.0 1676.0 2243.0 1689.0 2232.0 1689.0 large-vehicle 1
2222.0 1697.0 2233.0 1697.0 2233.0 1711.0 2222.0 1711.0 large-vehicle 1
2238.0 1724.0 2249.0 1724.0 2249.0 1738.0 2238.0 1738.0 large-vehicle 1
2241.0 1734.0 2251.0 1734.0 2251.0 1747.0 2241.0 1747.0 large-vehicle 1
2213.0 1680.0 2221.0 1680.0 2221.0 1693.0 2213.0 1693.0 large-vehicle 1
1613.0 2359.0 1625.0 2359.0 1625.0 2375.0 1613.0 2375.0 large-vehicle 1
1549.0 2403.0 1558.0 2403.0 1558.0 2414.0 1549.0 2414.0 large-vehicle 1
461.0 3683.0 476.0 3683.0 476.0 3696.0 461.0 3696.0 large-vehicle 1
1013.0 3083.0 1023.0 3083.0 1023.0 3097.0 1013.0 3097.0 large-vehicle 1
447.0 3697.0 458.0 3697.0 458.0 3707.0 447.0 3707.0 large-vehicle 1
929.0 3039.0 946.0 3039.0 946.0 3052.0 929.0 3052.0 large-vehicle 1
997.0 3048.0 1008.0 3048.0 1008.0 3063.0 997.0 3063.0 large-vehicle 1
1003.0 3044.0 1015.0 3044.0 1015.0 3059.0 1003.0 3059.0 large-vehicle 1
1015.0 3040.0 1026.0 3040.0 1026.0 3054.0 1015.0 3054.0 large-vehicle 1
1024.0 3035.0 1033.0 3035.0 1033.0 3049.0 1024.0 3049.0 large-vehicle 1
1044.0 3059.0 1056.0 3059.0 1056.0 3076.0 1044.0 3076.0 large-vehicle 1
1041.0 3062.0 1053.0 3062.0 1053.0 3079.0 1041.0 3079.0 large-vehicle 1
1018.0 3079.0 1030.0 3079.0 1030.0 3093.0 1018.0 3093.0 large-vehicle 1
1009.0 3086.0 1019.0 3086.0 1019.0 3100.0 1009.0 3100.0 large-vehicle 1
1542.0 2403.0 1553.0 2403.0 1553.0 2417.0 1542.0 2417.0 large-vehicle 1
1000.0 3091.0 1011.0 3091.0 1011.0 3104.0 1000.0 3104.0 large-vehicle 1
1385.0 2464.0 1401.0 2464.0 1401.0 2472.0 1385.0 2472.0 large-vehicle 1
1398.0 2463.0 1410.0 2463.0 1410.0 2469.0 1398.0 2469.0 large-vehicle 1
1416.0 2466.0 1427.0 2466.0 1427.0 2477.0 1416.0 2477.0 large-vehicle 1
1460.0 2452.0 1470.0 2452.0 1470.0 2465.0 1460.0 2465.0 large-vehicle 1
1465.0 2448.0 1475.0 2448.0 1475.0 2461.0 1465.0 2461.0 large-vehicle 1
1447.0 2326.0 1459.0 2326.0 1459.0 2340.0 1447.0 2340.0 large-vehicle 1
1263.0 2492.0 1274.0 2492.0 1274.0 2502.0 1263.0 2502.0 large-vehicle 1
1356.0 2448.0 1374.0 2448.0 1374.0 2463.0 1356.0 2463.0 large-vehicle 1
2132.0 3392.0 2247.0 3392.0 2247.0 3505.0 2132.0 3505.0 plane 0
1976.0 3621.0 2027.0 3621.0 2027.0 3667.0 1976.0 3667.0 roundabout 0
2839.0 3351.0 2849.0 3351.0 2849.0 3365.0 2839.0 3365.0 large-vehicle 1
3039.0 1808.0 3093.0 1808.0 3093.0 1864.0 3039.0 1864.0 plane 0
3592.0 181.0 3648.0 181.0 3648.0 234.0 3592.0 234.0 plane 0
3412.0 838.0 3463.0 838.0 3463.0 881.0 3412.0 881.0 plane 0
3616.0 947.0 3655.0 947.0 3655.0 999.0 3616.0 999.0 plane 0
3251.0 1463.0 3293.0 1463.0 3293.0 1508.0 3251.0 1508.0 plane 0
3127.0 1531.0 3218.0 1531.0 3218.0 1621.0 3127.0 1621.0 plane 0
3046.0 1536.0 3110.0 1536.0 3110.0 1613.0 3046.0 1613.0 plane 0
2979.0 1526.0 3047.0 1526.0 3047.0 1603.0 2979.0 1603.0 plane 0
2795.0 1556.0 2890.0 1556.0 2890.0 1653.0 2795.0 1653.0 plane 0
2766.0 1626.0 2836.0 1626.0 2836.0 1691.0 2766.0 1691.0 plane 0
2821.0 1908.0 2887.0 1908.0 2887.0 1972.0 2821.0 1972.0 plane 0
3316.0 1898.0 3367.0 1898.0 3367.0 1963.0 3316.0 1963.0 plane 0
2782.0 1867.0 2855.0 1867.0 2855.0 1939.0 2782.0 1939.0 plane 0
3295.0 2028.0 3349.0 2028.0 3349.0 2084.0 3295.0 2084.0 plane 0
2595.0 2254.0 2664.0 2254.0 2664.0 2321.0 2595.0 2321.0 plane 0
2511.0 2153.0 2577.0 2153.0 2577.0 2213.0 2511.0 2213.0 plane 0
2478.0 2114.0 2547.0 2114.0 2547.0 2174.0 2478.0 2174.0 plane 0
2436.0 2041.0 2491.0 2041.0 2491.0 2096.0 2436.0 2096.0 plane 0
2269.0 2401.0 2326.0 2401.0 2326.0 2458.0 2269.0 2458.0 plane 1
2649.0 3078.0 2756.0 3078.0 2756.0 3192.0 2649.0 3192.0 plane 0
824.0 3324.0 940.0 3324.0 940.0 3438.0 824.0 3438.0 plane 0
3423.0 271.0 3545.0 271.0 3545.0 385.0 3423.0 385.0 plane 0
3337.0 1689.0 3384.0 1689.0 3384.0 1735.0 3337.0 1735.0 plane 0
679.0 3434.0 756.0 3434.0 756.0 3516.0 679.0 3516.0 plane 0
2582.0 1625.0 2656.0 1625.0 2656.0 1705.0 2582.0 1705.0 plane 0
2693.0 1333.0 2801.0 1333.0 2801.0 1434.0 2693.0 1434.0 plane 0
2492.0 1256.0 2625.0 1256.0 2625.0 1365.0 2492.0 1365.0 plane 0
2741.0 1246.0 2857.0 1246.0 2857.0 1356.0 2741.0 1356.0 plane 0
2800.0 1174.0 2906.0 1174.0 2906.0 1282.0 2800.0 1282.0 plane 0
2840.0 1107.0 2946.0 1107.0 2946.0 1203.0 2840.0 1203.0 plane 0
2583.0 1017.0 2686.0 1017.0 2686.0 1112.0 2583.0 1112.0 plane 0
2551.0 1183.0 2667.0 1183.0 2667.0 1290.0 2551.0 1290.0 plane 0
2601.0 1117.0 2710.0 1117.0 2710.0 1220.0 2601.0 1220.0 plane 0
2553.0 1493.0 2646.0 1493.0 2646.0 1591.0 2553.0 1591.0 plane 0
2575.0 1779.0 2633.0 1779.0 2633.0 1868.0 2575.0 1868.0 plane 0
2960.0 1682.0 2997.0 1682.0 2997.0 1725.0 2960.0 1725.0 plane 1
2644.0 1778.0 2695.0 1778.0 2695.0 1855.0 2644.0 1855.0 plane 0
2703.0 1783.0 2757.0 1783.0 2757.0 1861.0 2703.0 1861.0 plane 0
3034.0 1922.0 3079.0 1922.0 3079.0 1978.0 3034.0 1978.0 plane 0
2986.0 1920.0 3029.0 1920.0 3029.0 1967.0 2986.0 1967.0 plane 0
2939.0 1918.0 2980.0 1918.0 2980.0 1970.0 2939.0 1970.0 plane 0
2894.0 1916.0 2925.0 1916.0 2925.0 1963.0 2894.0 1963.0 plane 0
3076.0 1386.0 3118.0 1386.0 3118.0 1439.0 3076.0 1439.0 plane 0
3174.0 1391.0 3219.0 1391.0 3219.0 1443.0 3174.0 1443.0 plane 0
3021.0 1381.0 3071.0 1381.0 3071.0 1436.0 3021.0 1436.0 plane 0
946.0 3276.0 1017.0 3276.0 1017.0 3354.0 946.0 3354.0 plane 0
2753.0 2847.0 2868.0 2847.0 2868.0 2962.0 2753.0 2962.0 plane 0
1295.0 1204.0 1346.0 1204.0 1346.0 1250.0 1295.0 1250.0 storage-tank 0
2126.0 2435.0 2192.0 2435.0 2192.0 2502.0 2126.0 2502.0 plane 0
1599.0 1253.0 1682.0 1253.0 1682.0 1338.0 1599.0 1338.0 plane 0
1788.0 1248.0 1867.0 1248.0 1867.0 1322.0 1788.0 1322.0 plane 0
1780.0 1167.0 1867.0 1167.0 1867.0 1246.0 1780.0 1246.0 plane 0
1789.0 1092.0 1864.0 1092.0 1864.0 1154.0 1789.0 1154.0 plane 0
1971.0 1152.0 2042.0 1152.0 2042.0 1235.0 1971.0 1235.0 plane 0
1981.0 1312.0 2036.0 1312.0 2036.0 1362.0 1981.0 1362.0 plane 0
1764.0 2616.0 1831.0 2616.0 1831.0 2677.0 1764.0 2677.0 plane 0
1956.0 2544.0 2012.0 2544.0 2012.0 2609.0 1956.0 2609.0 plane 0
1984.0 2590.0 2035.0 2590.0 2035.0 2642.0 1984.0 2642.0 plane 0
2279.0 2102.0 2333.0 2102.0 2333.0 2153.0 2279.0 2153.0 plane 0
893.0 1521.0 975.0 1521.0 975.0 1603.0 893.0 1603.0 plane 0
46.0 2773.0 100.0 2773.0 100.0 2831.0 46.0 2831.0 plane 0
650.0 1807.0 698.0 1807.0 698.0 1867.0 650.0 1867.0 plane 0
124.0 1606.0 170.0 1606.0 170.0 1655.0 124.0 1655.0 plane 0
1326.0 384.0 1397.0 384.0 1397.0 459.0 1326.0 459.0 plane 0
1262.0 1119.0 1306.0 1119.0 1306.0 1165.0 1262.0 1165.0 storage-tank 0
1305.0 1122.0 1351.0 1122.0 1351.0 1167.0 1305.0 1167.0 storage-tank 0
1255.0 1162.0 1303.0 1162.0 1303.0 1203.0 1255.0 1203.0 storage-tank 0
1298.0 1164.0 1345.0 1164.0 1345.0 1206.0 1298.0 1206.0 storage-tank 0
1255.0 1201.0 1299.0 1201.0 1299.0 1244.0 1255.0 1244.0 storage-tank 0
1583.0 1091.0 1669.0 1091.0 1669.0 1179.0 1583.0 1179.0 plane 0
1098.0 1551.0 1193.0 1551.0 1193.0 1631.0 1098.0 1631.0 plane 0
2283.0 2666.0 2336.0 2666.0 2336.0 2718.0 2283.0 2718.0 plane 0
1312.0 3071.0 1376.0 3071.0 1376.0 3133.0 1312.0 3133.0 plane 0
2438.0 2347.0 2494.0 2347.0 2494.0 2402.0 2438.0 2402.0 plane 0
2404.0 2311.0 2461.0 2311.0 2461.0 2367.0 2404.0 2367.0 plane 0
2379.0 2269.0 2431.0 2269.0 2431.0 2321.0 2379.0 2321.0 plane 0
2351.0 2229.0 2405.0 2229.0 2405.0 2280.0 2351.0 2280.0 plane 1
2304.0 2142.0 2357.0 2142.0 2357.0 2196.0 2304.0 2196.0 plane 0
3061.0 1269.0 3148.0 1269.0 3148.0 1349.0 3061.0 1349.0 plane 1
1773.0 1435.0 1841.0 1435.0 1841.0 1500.0 1773.0 1500.0 plane 0
1794.0 1323.0 1871.0 1323.0 1871.0 1408.0 1794.0 1408.0 plane 0
2535.0 1770.0 2566.0 1770.0 2566.0 1822.0 2535.0 1822.0 plane 0
1374.0 3054.0 1436.0 3054.0 1436.0 3117.0 1374.0 3117.0 plane 0
1106.0 1477.0 1200.0 1477.0 1200.0 1548.0 1106.0 1548.0 plane 0
1197.0 2713.0 1277.0 2713.0 1277.0 2789.0 1197.0 2789.0 plane 0
1069.0 2595.0 1134.0 2595.0 1134.0 2655.0 1069.0 2655.0 plane 0
891.0 2066.0 980.0 2066.0 980.0 2148.0 891.0 2148.0 plane 0
892.0 1989.0 976.0 1989.0 976.0 2066.0 892.0 2066.0 plane 0
920.0 1144.0 999.0 1144.0 999.0 1232.0 920.0 1232.0 plane 0
1135.0 1138.0 1226.0 1138.0 1226.0 1221.0 1135.0 1221.0 plane 0
1123.0 1226.0 1218.0 1226.0 1218.0 1311.0 1123.0 1311.0 plane 0
905.0 1344.0 1001.0 1344.0 1001.0 1433.0 905.0 1433.0 plane 0
1111.0 1385.0 1207.0 1385.0 1207.0 1475.0 1111.0 1475.0 plane 0
2865.0 3339.0 2875.0 3339.0 2875.0 3351.0 2865.0 3351.0 large-vehicle 1
2822.0 3360.0 2833.0 3360.0 2833.0 3374.0 2822.0 3374.0 large-vehicle 1
2047.0 3985.0 2064.0 3985.0 2064.0 3997.0 2047.0 3997.0 large-vehicle 1
2734.0 3813.0 2751.0 3813.0 2751.0 3822.0 2734.0 3822.0 large-vehicle 1
2682.0 3849.0 2697.0 3849.0 2697.0 3856.0 2682.0 3856.0 large-vehicle 1
2686.0 3846.0 2703.0 3846.0 2703.0 3853.0 2686.0 3853.0 large-vehicle 1
2690.0 3842.0 2706.0 3842.0 2706.0 3849.0 2690.0 3849.0 large-vehicle 1
2696.0 3839.0 2710.0 3839.0 2710.0 3846.0 2696.0 3846.0 large-vehicle 1
2701.0 3836.0 2717.0 3836.0 2717.0 3844.0 2701.0 3844.0 large-vehicle 1
2716.0 3827.0 2732.0 3827.0 2732.0 3835.0 2716.0 3835.0 large-vehicle 1
2720.0 3823.0 2736.0 3823.0 2736.0 3832.0 2720.0 3832.0 large-vehicle 1
2726.0 3821.0 2743.0 3821.0 2743.0 3827.0 2726.0 3827.0 large-vehicle 1
2733.0 3817.0 2748.0 3817.0 2748.0 3825.0 2733.0 3825.0 large-vehicle 1
2743.0 3811.0 2757.0 3811.0 2757.0 3818.0 2743.0 3818.0 large-vehicle 1
2728.0 3852.0 2744.0 3852.0 2744.0 3860.0 2728.0 3860.0 large-vehicle 1
2556.0 3752.0 2569.0 3752.0 2569.0 3769.0 2556.0 3769.0 large-vehicle 1
2514.0 3763.0 2529.0 3763.0 2529.0 3775.0 2514.0 3775.0 large-vehicle 1
2594.0 3743.0 2610.0 3743.0 2610.0 3755.0 2594.0 3755.0 large-vehicle 1
2579.0 3720.0 2595.0 3720.0 2595.0 3731.0 2579.0 3731.0 large-vehicle 1
2574.0 3712.0 2589.0 3712.0 2589.0 3722.0 2574.0 3722.0 large-vehicle 1
2571.0 3707.0 2586.0 3707.0 2586.0 3718.0 2571.0 3718.0 large-vehicle 1
2710.0 3691.0 2727.0 3691.0 2727.0 3704.0 2710.0 3704.0 large-vehicle 1
2690.0 3659.0 2707.0 3659.0 2707.0 3671.0 2690.0 3671.0 large-vehicle 1
2180.0 3796.0 2200.0 3796.0 2200.0 3808.0 2180.0 3808.0 large-vehicle 1
2671.0 3855.0 2686.0 3855.0 2686.0 3862.0 2671.0 3862.0 large-vehicle 1
2724.0 3856.0 2740.0 3856.0 2740.0 3863.0 2724.0 3863.0 large-vehicle 1
2696.0 3640.0 2704.0 3640.0 2704.0 3654.0 2696.0 3654.0 large-vehicle 1
2738.0 3846.0 2754.0 3846.0 2754.0 3853.0 2738.0 3853.0 large-vehicle 1
2791.0 3831.0 2808.0 3831.0 2808.0 3839.0 2791.0 3839.0 large-vehicle 1
2822.0 3825.0 2834.0 3825.0 2834.0 3838.0 2822.0 3838.0 large-vehicle 1
2814.0 3802.0 2825.0 3802.0 2825.0 3817.0 2814.0 3817.0 large-vehicle 1
2803.0 3782.0 2816.0 3782.0 2816.0 3798.0 2803.0 3798.0 large-vehicle 1
2766.0 3795.0 2785.0 3795.0 2785.0 3804.0 2766.0 3804.0 large-vehicle 1
2784.0 3818.0 2800.0 3818.0 2800.0 3824.0 2784.0 3824.0 large-vehicle 1
2760.0 3833.0 2776.0 3833.0 2776.0 3841.0 2760.0 3841.0 large-vehicle 1
2754.0 3836.0 2770.0 3836.0 2770.0 3844.0 2754.0 3844.0 large-vehicle 1
2747.0 3840.0 2764.0 3840.0 2764.0 3847.0 2747.0 3847.0 large-vehicle 1
2734.0 3850.0 2750.0 3850.0 2750.0 3855.0 2734.0 3855.0 large-vehicle 1
2712.0 3863.0 2727.0 3863.0 2727.0 3869.0 2712.0 3869.0 large-vehicle 1
1782.0 2245.0 1789.0 2245.0 1789.0 2263.0 1782.0 2263.0 large-vehicle 1
1788.0 2240.0 1795.0 2240.0 1795.0 2258.0 1788.0 2258.0 large-vehicle 1
1815.0 2264.0 1824.0 2264.0 1824.0 2275.0 1815.0 2275.0 large-vehicle 1
1770.0 2247.0 1780.0 2247.0 1780.0 2262.0 1770.0 2262.0 large-vehicle 1
2626.0 3861.0 2638.0 3861.0 2638.0 3875.0 2626.0 3875.0 large-vehicle 1
2691.0 3875.0 2708.0 3875.0 2708.0 3881.0 2691.0 3881.0 large-vehicle 1
2695.0 3871.0 2713.0 3871.0 2713.0 3879.0 2695.0 3879.0 large-vehicle 1
2704.0 3869.0 2720.0 3869.0 2720.0 3876.0 2704.0 3876.0 large-vehicle 1
2708.0 3865.0 2724.0 3865.0 2724.0 3873.0 2708.0 3873.0 large-vehicle 1
2727.0 3664.0 2739.0 3664.0 2739.0 3679.0 2727.0 3679.0 large-vehicle 1
2978.0 3701.0 2992.0 3701.0 2992.0 3713.0 2978.0 3713.0 large-vehicle 1
2756.0 3853.0 2771.0 3853.0 2771.0 3860.0 2756.0 3860.0 large-vehicle 1
2749.0 3605.0 2764.0 3605.0 2764.0 3616.0 2749.0 3616.0 large-vehicle 1
2900.0 3620.0 2915.0 3620.0 2915.0 3631.0 2900.0 3631.0 large-vehicle 1
2872.0 3571.0 2889.0 3571.0 2889.0 3585.0 2872.0 3585.0 large-vehicle 1
2869.0 3567.0 2885.0 3567.0 2885.0 3580.0 2869.0 3580.0 large-vehicle 1
2787.0 3668.0 2802.0 3668.0 2802.0 3680.0 2787.0 3680.0 large-vehicle 1
2783.0 3666.0 2799.0 3666.0 2799.0 3677.0 2783.0 3677.0 large-vehicle 1
2782.0 3661.0 2796.0 3661.0 2796.0 3672.0 2782.0 3672.0 large-vehicle 1
2780.0 3654.0 2792.0 3654.0 2792.0 3663.0 2780.0 3663.0 large-vehicle 1
2752.0 3617.0 2769.0 3617.0 2769.0 3629.0 2752.0 3629.0 large-vehicle 1
2749.0 3643.0 2760.0 3643.0 2760.0 3660.0 2749.0 3660.0 large-vehicle 1
2741.0 3600.0 2755.0 3600.0 2755.0 3611.0 2741.0 3611.0 large-vehicle 1
2911.0 3670.0 2925.0 3670.0 2925.0 3680.0 2911.0 3680.0 large-vehicle 1
2152.0 4088.0 2168.0 4088.0 2168.0 4096.0 2152.0 4096.0 large-vehicle 1
2149.0 4093.0 2166.0 4093.0 2166.0 4099.0 2149.0 4099.0 large-vehicle 1
2145.0 4097.0 2159.0 4097.0 2159.0 4103.0 2145.0 4103.0 large-vehicle 1
2135.0 4098.0 2155.0 4098.0 2155.0 4106.0 2135.0 4106.0 large-vehicle 1
2131.0 4102.0 2150.0 4102.0 2150.0 4110.0 2131.0 4110.0 large-vehicle 1
1955.0 4093.0 1966.0 4093.0 1966.0 4107.0 1955.0 4107.0 large-vehicle 1
1959.0 4091.0 1970.0 4091.0 1970.0 4105.0 1959.0 4105.0 large-vehicle 1
1963.0 4089.0 1973.0 4089.0 1973.0 4102.0 1963.0 4102.0 large-vehicle 1
1967.0 4088.0 1976.0 4088.0 1976.0 4101.0 1967.0 4101.0 large-vehicle 1
2907.0 3666.0 2923.0 3666.0 2923.0 3677.0 2907.0 3677.0 large-vehicle 1
2913.0 3673.0 2928.0 3673.0 2928.0 3683.0 2913.0 3683.0 large-vehicle 1
2976.0 3698.0 2990.0 3698.0 2990.0 3709.0 2976.0 3709.0 large-vehicle 1
2948.0 3656.0 2964.0 3656.0 2964.0 3666.0 2948.0 3666.0 large-vehicle 1
2974.0 3695.0 2988.0 3695.0 2988.0 3706.0 2974.0 3706.0 large-vehicle 1
2975.0 3663.0 2987.0 3663.0 2987.0 3679.0 2975.0 3679.0 large-vehicle 1
2970.0 3688.0 2984.0 3688.0 2984.0 3700.0 2970.0 3700.0 large-vehicle 1
2967.0 3686.0 2981.0 3686.0 2981.0 3696.0 2967.0 3696.0 large-vehicle 1
2966.0 3682.0 2980.0 3682.0 2980.0 3691.0 2966.0 3691.0 large-vehicle 1
2961.0 3676.0 2975.0 3676.0 2975.0 3687.0 2961.0 3687.0 large-vehicle 1
2960.0 3672.0 2975.0 3672.0 2975.0 3683.0 2960.0 3683.0 large-vehicle 1
2957.0 3669.0 2972.0 3669.0 2972.0 3679.0 2957.0 3679.0 large-vehicle 1
2954.0 3661.0 2968.0 3661.0 2968.0 3672.0 2954.0 3672.0 large-vehicle 1
2948.0 3652.0 2962.0 3652.0 2962.0 3662.0 2948.0 3662.0 large-vehicle 1
2915.0 3677.0 2928.0 3677.0 2928.0 3687.0 2915.0 3687.0 large-vehicle 1
2943.0 3645.0 2958.0 3645.0 2958.0 3656.0 2943.0 3656.0 large-vehicle 1
2942.0 3642.0 2955.0 3642.0 2955.0 3652.0 2942.0 3652.0 large-vehicle 1
2945.0 3725.0 2960.0 3725.0 2960.0 3737.0 2945.0 3737.0 large-vehicle 1
2937.0 3713.0 2951.0 3713.0 2951.0 3723.0 2937.0 3723.0 large-vehicle 1
2935.0 3709.0 2949.0 3709.0 2949.0 3720.0 2935.0 3720.0 large-vehicle 1
2933.0 3706.0 2946.0 3706.0 2946.0 3716.0 2933.0 3716.0 large-vehicle 1
2927.0 3696.0 2942.0 3696.0 2942.0 3707.0 2927.0 3707.0 large-vehicle 1
2920.0 3686.0 2935.0 3686.0 2935.0 3697.0 2920.0 3697.0 large-vehicle 1
2919.0 3683.0 2932.0 3683.0 2932.0 3693.0 2919.0 3693.0 large-vehicle 1
2764.0 3852.0 2778.0 3852.0 2778.0 3858.0 2764.0 3858.0 large-vehicle 1
2750.0 3857.0 2767.0 3857.0 2767.0 3864.0 2750.0 3864.0 large-vehicle 1
2812.0 3369.0 2821.0 3369.0 2821.0 3381.0 2812.0 3381.0 large-vehicle 1
2599.0 3601.0 2612.0 3601.0 2612.0 3612.0 2599.0 3612.0 large-vehicle 1
2510.0 3550.0 2521.0 3550.0 2521.0 3562.0 2510.0 3562.0 large-vehicle 1
2504.0 3554.0 2513.0 3554.0 2513.0 3567.0 2504.0 3567.0 large-vehicle 1
2499.0 3557.0 2509.0 3557.0 2509.0 3571.0 2499.0 3571.0 large-vehicle 1
2511.0 3604.0 2526.0 3604.0 2526.0 3614.0 2511.0 3614.0 large-vehicle 1
2508.0 3607.0 2523.0 3607.0 2523.0 3618.0 2508.0 3618.0 large-vehicle 1
2502.0 3609.0 2518.0 3609.0 2518.0 3619.0 2502.0 3619.0 large-vehicle 1
2420.0 3675.0 2431.0 3675.0 2431.0 3693.0 2420.0 3693.0 large-vehicle 1
2270.0 3743.0 2287.0 3743.0 2287.0 3755.0 2270.0 3755.0 large-vehicle 1
2561.0 3623.0 2574.0 3623.0 2574.0 3634.0 2561.0 3634.0 large-vehicle 1
2579.0 3612.0 2594.0 3612.0 2594.0 3624.0 2579.0 3624.0 large-vehicle 1
2532.0 3546.0 2544.0 3546.0 2544.0 3564.0 2532.0 3564.0 large-vehicle 1
2578.0 3594.0 2599.0 3594.0 2599.0 3610.0 2578.0 3610.0 large-vehicle 1
2509.0 4067.0 2522.0 4067.0 2522.0 4083.0 2509.0 4083.0 large-vehicle 1
2441.0 3946.0 2453.0 3946.0 2453.0 3961.0 2441.0 3961.0 large-vehicle 1
2470.0 4080.0 2480.0 4080.0 2480.0 4095.0 2470.0 4095.0 large-vehicle 1
2456.0 4057.0 2469.0 4057.0 2469.0 4072.0 2456.0 4072.0 large-vehicle 1
2445.0 4039.0 2457.0 4039.0 2457.0 4054.0 2445.0 4054.0 large-vehicle 1
2443.0 4067.0 2454.0 4067.0 2454.0 4082.0 2443.0 4082.0 large-vehicle 1
2429.0 4044.0 2441.0 4044.0 2441.0 4061.0 2429.0 4061.0 large-vehicle 1
2406.0 4007.0 2419.0 4007.0 2419.0 4024.0 2406.0 4024.0 large-vehicle 1
2548.0 3564.0 2564.0 3564.0 2564.0 3576.0 2548.0 3576.0 large-vehicle 1
2543.0 3532.0 2553.0 3532.0 2553.0 3544.0 2543.0 3544.0 large-vehicle 1
2411.0 3982.0 2422.0 3982.0 2422.0 3996.0 2411.0 3996.0 large-vehicle 1
2738.0 3409.0 2749.0 3409.0 2749.0 3424.0 2738.0 3424.0 large-vehicle 1
2878.0 3361.0 2893.0 3361.0 2893.0 3373.0 2878.0 3373.0 large-vehicle 1
2860.0 3372.0 2876.0 3372.0 2876.0 3385.0 2860.0 3385.0 large-vehicle 1
2836.0 3385.0 2853.0 3385.0 2853.0 3398.0 2836.0 3398.0 large-vehicle 1
2935.0 3396.0 2951.0 3396.0 2951.0 3408.0 2935.0 3408.0 large-vehicle 1
2901.0 3398.0 2917.0 3398.0 2917.0 3409.0 2901.0 3409.0 large-vehicle 1
2906.0 3413.0 2923.0 3413.0 2923.0 3427.0 2906.0 3427.0 large-vehicle 1
2956.0 3476.0 2968.0 3476.0 2968.0 3491.0 2956.0 3491.0 large-vehicle 1
2948.0 3481.0 2959.0 3481.0 2959.0 3496.0 2948.0 3496.0 large-vehicle 1
2943.0 3484.0 2955.0 3484.0 2955.0 3497.0 2943.0 3497.0 large-vehicle 1
2725.0 3423.0 2737.0 3423.0 2737.0 3440.0 2725.0 3440.0 large-vehicle 1
2551.0 3526.0 2562.0 3526.0 2562.0 3538.0 2551.0 3538.0 large-vehicle 1
2827.0 3464.0 2841.0 3464.0 2841.0 3475.0 2827.0 3475.0 large-vehicle 1
2793.0 3481.0 2812.0 3481.0 2812.0 3495.0 2793.0 3495.0 large-vehicle 1
2772.0 3474.0 2788.0 3474.0 2788.0 3486.0 2772.0 3486.0 large-vehicle 1
2752.0 3506.0 2770.0 3506.0 2770.0 3518.0 2752.0 3518.0 large-vehicle 1
2733.0 3517.0 2751.0 3517.0 2751.0 3531.0 2733.0 3531.0 large-vehicle 1
2643.0 3487.0 2656.0 3487.0 2656.0 3501.0 2643.0 3501.0 large-vehicle 1
2615.0 3486.0 2626.0 3486.0 2626.0 3500.0 2615.0 3500.0 large-vehicle 1
2611.0 3489.0 2622.0 3489.0 2622.0 3501.0 2611.0 3501.0 large-vehicle 1
2632.0 3514.0 2649.0 3514.0 2649.0 3525.0 2632.0 3525.0 large-vehicle 1
2392.0 3986.0 2405.0 3986.0 2405.0 4002.0 2392.0 4002.0 large-vehicle 1
2401.0 3966.0 2411.0 3966.0 2411.0 3979.0 2401.0 3979.0 large-vehicle 1
2740.0 3863.0 2757.0 3863.0 2757.0 3870.0 2740.0 3870.0 large-vehicle 1
2721.0 3925.0 2738.0 3925.0 2738.0 3932.0 2721.0 3932.0 large-vehicle 1
2811.0 3853.0 2828.0 3853.0 2828.0 3858.0 2811.0 3858.0 large-vehicle 1
2814.0 3870.0 2829.0 3870.0 2829.0 3877.0 2814.0 3877.0 large-vehicle 1
2802.0 3858.0 2817.0 3858.0 2817.0 3865.0 2802.0 3865.0 large-vehicle 1
2791.0 3865.0 2807.0 3865.0 2807.0 3871.0 2791.0 3871.0 large-vehicle 1
2766.0 3881.0 2784.0 3881.0 2784.0 3889.0 2766.0 3889.0 large-vehicle 1
2756.0 3887.0 2772.0 3887.0 2772.0 3894.0 2756.0 3894.0 large-vehicle 1
2769.0 3898.0 2785.0 3898.0 2785.0 3905.0 2769.0 3905.0 large-vehicle 1
2764.0 3900.0 2781.0 3900.0 2781.0 3908.0 2764.0 3908.0 large-vehicle 1
2724.0 3906.0 2743.0 3906.0 2743.0 3913.0 2724.0 3913.0 large-vehicle 1
2698.0 3921.0 2716.0 3921.0 2716.0 3928.0 2698.0 3928.0 large-vehicle 1
2853.0 3867.0 2864.0 3867.0 2864.0 3883.0 2853.0 3883.0 large-vehicle 1
2702.0 3917.0 2721.0 3917.0 2721.0 3925.0 2702.0 3925.0 large-vehicle 1
2683.0 3901.0 2698.0 3901.0 2698.0 3909.0 2683.0 3909.0 large-vehicle 1
2691.0 3899.0 2702.0 3899.0 2702.0 3904.0 2691.0 3904.0 large-vehicle 1
2689.0 3894.0 2705.0 3894.0 2705.0 3901.0 2689.0 3901.0 large-vehicle 1
2694.0 3891.0 2712.0 3891.0 2712.0 3899.0 2694.0 3899.0 large-vehicle 1
2700.0 3887.0 2714.0 3887.0 2714.0 3895.0 2700.0 3895.0 large-vehicle 1
2705.0 3885.0 2721.0 3885.0 2721.0 3893.0 2705.0 3893.0 large-vehicle 1
2718.0 3875.0 2734.0 3875.0 2734.0 3883.0 2718.0 3883.0 large-vehicle 1
2723.0 3872.0 2741.0 3872.0 2741.0 3881.0 2723.0 3881.0 large-vehicle 1
2832.0 3830.0 2843.0 3830.0 2843.0 3846.0 2832.0 3846.0 large-vehicle 1
2830.0 3879.0 2847.0 3879.0 2847.0 3889.0 2830.0 3889.0 large-vehicle 1
2390.0 3945.0 2399.0 3945.0 2399.0 3959.0 2390.0 3959.0 large-vehicle 1
2400.0 3846.0 2409.0 3846.0 2409.0 3861.0 2400.0 3861.0 large-vehicle 1
2376.0 3923.0 2388.0 3923.0 2388.0 3940.0 2376.0 3940.0 large-vehicle 1
2364.0 3905.0 2377.0 3905.0 2377.0 3920.0 2364.0 3920.0 large-vehicle 1
2353.0 3887.0 2365.0 3887.0 2365.0 3902.0 2353.0 3902.0 large-vehicle 1
2338.0 3893.0 2350.0 3893.0 2350.0 3908.0 2338.0 3908.0 large-vehicle 1
2350.0 3913.0 2363.0 3913.0 2363.0 3929.0 2350.0 3929.0 large-vehicle 1
2363.0 3935.0 2373.0 3935.0 2373.0 3950.0 2363.0 3950.0 large-vehicle 1
2374.0 3953.0 2386.0 3953.0 2386.0 3969.0 2374.0 3969.0 large-vehicle 1
2375.0 3835.0 2386.0 3835.0 2386.0 3851.0 2375.0 3851.0 large-vehicle 1
2389.0 3822.0 2401.0 3822.0 2401.0 3838.0 2389.0 3838.0 large-vehicle 1
2415.0 3836.0 2431.0 3836.0 2431.0 3847.0 2415.0 3847.0 large-vehicle 1
2822.0 3896.0 2829.0 3896.0 2829.0 3912.0 2822.0 3912.0 large-vehicle 1
2479.0 3941.0 2495.0 3941.0 2495.0 3953.0 2479.0 3953.0 large-vehicle 1
2483.0 3946.0 2498.0 3946.0 2498.0 3957.0 2483.0 3957.0 large-vehicle 1
2510.0 3988.0 2523.0 3988.0 2523.0 3997.0 2510.0 3997.0 large-vehicle 1
2513.0 3992.0 2526.0 3992.0 2526.0 4002.0 2513.0 4002.0 large-vehicle 1
2523.0 4002.0 2535.0 4002.0 2535.0 4013.0 2523.0 4013.0 large-vehicle 1
2983.0 3776.0 2998.0 3776.0 2998.0 3793.0 2983.0 3793.0 large-vehicle 1
2909.0 3858.0 2924.0 3858.0 2924.0 3873.0 2909.0 3873.0 large-vehicle 1
2779.0 3950.0 2796.0 3950.0 2796.0 3963.0 2779.0 3963.0 large-vehicle 1
2757.0 3966.0 2770.0 3966.0 2770.0 3978.0 2757.0 3978.0 large-vehicle 1
2848.0 1429.0 2959.0 1429.0 2959.0 1523.0 2848.0 1523.0 plane 0
