imagesource:GoogleEarth
gsd:0.27448863335
1105.0 406.0 1123.0 406.0 1123.0 416.0 1105.0 416.0 small-vehicle 1
496.0 329.0 504.0 329.0 504.0 348.0 496.0 348.0 small-vehicle 1
361.0 505.0 381.0 505.0 381.0 516.0 361.0 516.0 small-vehicle 0
815.0 431.0 824.0 431.0 824.0 447.0 815.0 447.0 small-vehicle 1
622.0 414.0 630.0 414.0 630.0 433.0 622.0 433.0 small-vehicle 1
820.0 325.0 827.0 325.0 827.0 346.0 820.0 346.0 small-vehicle 1
809.0 329.0 816.0 329.0 816.0 348.0 809.0 348.0 small-vehicle 1
782.0 337.0 791.0 337.0 791.0 357.0 782.0 357.0 small-vehicle 1
600.0 363.0 618.0 363.0 618.0 372.0 600.0 372.0 small-vehicle 1
552.0 331.0 560.0 331.0 560.0 351.0 552.0 351.0 small-vehicle 1
369.0 369.0 388.0 369.0 388.0 379.0 369.0 379.0 small-vehicle 1
168.0 585.0 182.0 585.0 182.0 593.0 168.0 593.0 small-vehicle 1
399.0 346.0 405.0 346.0 405.0 364.0 399.0 364.0 small-vehicle 1
399.0 313.0 408.0 313.0 408.0 331.0 399.0 331.0 small-vehicle 1
371.0 292.0 386.0 292.0 386.0 300.0 371.0 300.0 small-vehicle 1
162.0 226.0 170.0 226.0 170.0 244.0 162.0 244.0 small-vehicle 1
100.0 150.0 119.0 150.0 119.0 159.0 100.0 159.0 small-vehicle 1
560.0 132.0 566.0 132.0 566.0 148.0 560.0 148.0 small-vehicle 1
747.0 115.0 764.0 115.0 764.0 124.0 747.0 124.0 small-vehicle 1
768.0 135.0 775.0 135.0 775.0 150.0 768.0 150.0 small-vehicle 1
114.0 573.0 122.0 573.0 122.0 591.0 114.0 591.0 small-vehicle 1
906.0 627.0 914.0 627.0 914.0 647.0 906.0 647.0 small-vehicle 1
876.0 141.0 883.0 141.0 883.0 156.0 876.0 156.0 small-vehicle 1
858.0 889.0 871.0 889.0 871.0 908.0 858.0 908.0 small-vehicle 1
799.0 1001.0 807.0 1001.0 807.0 1017.0 799.0 1017.0 small-vehicle 1
811.0 979.0 829.0 979.0 829.0 995.0 811.0 995.0 small-vehicle 1
904.0 987.0 917.0 987.0 917.0 997.0 904.0 997.0 small-vehicle 1
908.0 971.0 924.0 971.0 924.0 981.0 908.0 981.0 small-vehicle 1
532.0 598.0 539.0 598.0 539.0 612.0 532.0 612.0 small-vehicle 1
601.0 903.0 610.0 903.0 610.0 919.0 601.0 919.0 small-vehicle 1
784.0 900.0 794.0 900.0 794.0 920.0 784.0 920.0 small-vehicle 1
904.0 909.0 921.0 909.0 921.0 925.0 904.0 925.0 small-vehicle 1
79.0 943.0 94.0 943.0 94.0 951.0 79.0 951.0 small-vehicle 1
573.0 649.0 590.0 649.0 590.0 657.0 573.0 657.0 small-vehicle 1
162.0 765.0 177.0 765.0 177.0 772.0 162.0 772.0 small-vehicle 1
348.0 856.0 370.0 856.0 370.0 865.0 348.0 865.0 small-vehicle 1
348.0 865.0 370.0 865.0 370.0 873.0 348.0 873.0 small-vehicle 1
382.0 837.0 392.0 837.0 392.0 855.0 382.0 855.0 small-vehicle 0
412.0 793.0 423.0 793.0 423.0 814.0 412.0 814.0 small-vehicle 0
541.0 700.0 548.0 700.0 548.0 716.0 541.0 716.0 small-vehicle 1
528.0 700.0 535.0 700.0 535.0 714.0 528.0 714.0 small-vehicle 1
486.0 615.0 493.0 615.0 493.0 629.0 486.0 629.0 small-vehicle 1
782.0 134.0 790.0 134.0 790.0 150.0 782.0 150.0 small-vehicle 1
913.0 124.0 934.0 124.0 934.0 140.0 913.0 140.0 small-vehicle 1
579.0 966.0 597.0 966.0 597.0 974.0 579.0 974.0 small-vehicle 1
257.0 1115.0 285.0 1115.0 285.0 1160.0 257.0 1160.0 swimming-pool 0
1019.0 450.0 1042.0 450.0 1042.0 486.0 1019.0 486.0 swimming-pool 0
975.0 294.0 1006.0 294.0 1006.0 316.0 975.0 316.0 swimming-pool 0
960.0 256.0 993.0 256.0 993.0 284.0 960.0 284.0 swimming-pool 0
1025.0 256.0 1054.0 256.0 1054.0 289.0 1025.0 289.0 swimming-pool 0
1027.0 38.0 1059.0 38.0 1059.0 62.0 1027.0 62.0 swimming-pool 0
1029.0 108.0 1045.0 108.0 1045.0 140.0 1029.0 140.0 swimming-pool 0
579.0 1352.0 624.0 1352.0 624.0 1374.0 579.0 1374.0 swimming-pool 0
512.0 1066.0 554.0 1066.0 554.0 1090.0 512.0 1090.0 swimming-pool 0
266.0 912.0 286.0 912.0 286.0 950.0 266.0 950.0 swimming-pool 0
949.0 534.0 984.0 534.0 984.0 555.0 949.0 555.0 swimming-pool 0
460.0 813.0 503.0 813.0 503.0 836.0 460.0 836.0 swimming-pool 0
275.0 698.0 291.0 698.0 291.0 742.0 275.0 742.0 swimming-pool 0
275.0 630.0 299.0 630.0 299.0 679.0 275.0 679.0 swimming-pool 0
466.0 523.0 513.0 523.0 513.0 542.0 466.0 542.0 swimming-pool 0
529.0 497.0 577.0 497.0 577.0 518.0 529.0 518.0 swimming-pool 0
472.0 494.0 512.0 494.0 512.0 514.0 472.0 514.0 swimming-pool 0
275.0 551.0 300.0 551.0 300.0 599.0 275.0 599.0 swimming-pool 0
545.0 247.0 585.0 247.0 585.0 265.0 545.0 265.0 swimming-pool 0
972.0 467.0 1007.0 467.0 1007.0 508.0 972.0 508.0 swimming-pool 0
741.0 782.0 790.0 782.0 790.0 810.0 741.0 810.0 swimming-pool 0
637.0 79.0 653.0 79.0 653.0 86.0 637.0 86.0 small-vehicle 1
1084.0 862.0 1125.0 862.0 1125.0 951.0 1084.0 951.0 tennis-court 0
717.0 54.0 723.0 54.0 723.0 73.0 717.0 73.0 small-vehicle 1
662.0 51.0 669.0 51.0 669.0 70.0 662.0 70.0 small-vehicle 0
651.0 51.0 660.0 51.0 660.0 68.0 651.0 68.0 small-vehicle 1
601.0 49.0 609.0 49.0 609.0 67.0 601.0 67.0 small-vehicle 0
590.0 48.0 598.0 48.0 598.0 67.0 590.0 67.0 small-vehicle 0
436.0 41.0 445.0 41.0 445.0 60.0 436.0 60.0 small-vehicle 0
240.0 62.0 262.0 62.0 262.0 74.0 240.0 74.0 small-vehicle 0
64.0 19.0 72.0 19.0 72.0 35.0 64.0 35.0 small-vehicle 1
1151.0 865.0 1180.0 865.0 1180.0 953.0 1151.0 953.0 tennis-court 1
938.0 825.0 975.0 825.0 975.0 853.0 938.0 853.0 swimming-pool 0
1156.0 732.0 1185.0 732.0 1185.0 818.0 1156.0 818.0 tennis-court 1
1086.0 728.0 1130.0 728.0 1130.0 818.0 1086.0 818.0 tennis-court 0
1019.0 860.0 1058.0 860.0 1058.0 949.0 1019.0 949.0 tennis-court 0
1022.0 727.0 1062.0 727.0 1062.0 815.0 1022.0 815.0 tennis-court 0
809.0 1357.0 839.0 1357.0 839.0 1382.0 809.0 1382.0 swimming-pool 0
959.0 1039.0 988.0 1039.0 988.0 1082.0 959.0 1082.0 swimming-pool 0
798.0 1075.0 848.0 1075.0 848.0 1102.0 798.0 1102.0 swimming-pool 0
962.0 917.0 991.0 917.0 991.0 952.0 962.0 952.0 swimming-pool 0
789.0 1001.0 796.0 1001.0 796.0 1017.0 789.0 1017.0 small-vehicle 1
522.0 981.0 530.0 981.0 530.0 1002.0 522.0 1002.0 small-vehicle 1
145.0 1212.0 160.0 1212.0 160.0 1219.0 145.0 1219.0 small-vehicle 1
990.0 1158.0 1007.0 1158.0 1007.0 1165.0 990.0 1165.0 small-vehicle 1
984.0 1354.0 1003.0 1354.0 1003.0 1361.0 984.0 1361.0 small-vehicle 1
985.0 1269.0 995.0 1269.0 995.0 1290.0 985.0 1290.0 small-vehicle 1
987.0 1244.0 996.0 1244.0 996.0 1263.0 987.0 1263.0 small-vehicle 1
988.0 1214.0 997.0 1214.0 997.0 1231.0 988.0 1231.0 small-vehicle 1
988.0 1201.0 1005.0 1201.0 1005.0 1209.0 988.0 1209.0 small-vehicle 1
990.0 1188.0 1006.0 1188.0 1006.0 1196.0 990.0 1196.0 small-vehicle 1
990.0 1178.0 1006.0 1178.0 1006.0 1185.0 990.0 1185.0 small-vehicle 1
992.0 1166.0 1007.0 1166.0 1007.0 1174.0 992.0 1174.0 small-vehicle 1
991.0 1148.0 1008.0 1148.0 1008.0 1155.0 991.0 1155.0 small-vehicle 1
984.0 1376.0 1002.0 1376.0 1002.0 1382.0 984.0 1382.0 small-vehicle 1
991.0 1137.0 1008.0 1137.0 1008.0 1146.0 991.0 1146.0 small-vehicle 1
993.0 1118.0 1009.0 1118.0 1009.0 1126.0 993.0 1126.0 small-vehicle 1
993.0 1108.0 1010.0 1108.0 1010.0 1117.0 993.0 1117.0 small-vehicle 1
993.0 1088.0 1011.0 1088.0 1011.0 1096.0 993.0 1096.0 small-vehicle 1
995.0 1078.0 1013.0 1078.0 1013.0 1085.0 995.0 1085.0 small-vehicle 1
996.0 1070.0 1012.0 1070.0 1012.0 1076.0 996.0 1076.0 small-vehicle 1
996.0 1059.0 1012.0 1059.0 1012.0 1067.0 996.0 1067.0 small-vehicle 1
995.0 1049.0 1010.0 1049.0 1010.0 1056.0 995.0 1056.0 small-vehicle 1
983.0 1365.0 1000.0 1365.0 1000.0 1373.0 983.0 1373.0 small-vehicle 1
1017.0 1367.0 1026.0 1367.0 1026.0 1387.0 1017.0 1387.0 small-vehicle 1
996.0 1029.0 1009.0 1029.0 1009.0 1035.0 996.0 1035.0 small-vehicle 1
625.0 700.0 632.0 700.0 632.0 717.0 625.0 717.0 small-vehicle 1
888.0 1020.0 903.0 1020.0 903.0 1034.0 888.0 1034.0 small-vehicle 1
877.0 1031.0 891.0 1031.0 891.0 1047.0 877.0 1047.0 small-vehicle 1
781.0 702.0 789.0 702.0 789.0 722.0 781.0 722.0 small-vehicle 1
88.0 659.0 105.0 659.0 105.0 669.0 88.0 669.0 small-vehicle 1
173.0 452.0 186.0 452.0 186.0 460.0 173.0 460.0 small-vehicle 1
92.0 536.0 108.0 536.0 108.0 545.0 92.0 545.0 small-vehicle 1
164.0 625.0 182.0 625.0 182.0 633.0 164.0 633.0 small-vehicle 1
813.0 624.0 821.0 624.0 821.0 640.0 813.0 640.0 small-vehicle 1
362.0 565.0 379.0 565.0 379.0 573.0 362.0 573.0 small-vehicle 1
1018.0 1289.0 1026.0 1289.0 1026.0 1309.0 1018.0 1309.0 small-vehicle 1
430.0 526.0 438.0 526.0 438.0 544.0 430.0 544.0 small-vehicle 1
195.0 21.0 203.0 21.0 203.0 38.0 195.0 38.0 small-vehicle 1
1035.0 1053.0 1041.0 1053.0 1041.0 1072.0 1035.0 1072.0 small-vehicle 1
1032.0 1083.0 1040.0 1083.0 1040.0 1105.0 1032.0 1105.0 small-vehicle 1
1031.0 1109.0 1038.0 1109.0 1038.0 1126.0 1031.0 1126.0 small-vehicle 1
1034.0 1178.0 1050.0 1178.0 1050.0 1186.0 1034.0 1186.0 small-vehicle 1
1030.0 1195.0 1049.0 1195.0 1049.0 1203.0 1030.0 1203.0 small-vehicle 1
1019.0 1227.0 1027.0 1227.0 1027.0 1244.0 1019.0 1244.0 small-vehicle 1
995.0 1039.0 1013.0 1039.0 1013.0 1046.0 995.0 1046.0 small-vehicle 1
995.0 1018.0 1013.0 1018.0 1013.0 1025.0 995.0 1025.0 small-vehicle 1
511.0 982.0 521.0 982.0 521.0 1002.0 511.0 1002.0 small-vehicle 1
665.0 1189.0 672.0 1189.0 672.0 1208.0 665.0 1208.0 small-vehicle 1
858.0 1304.0 871.0 1304.0 871.0 1323.0 858.0 1323.0 small-vehicle 1
889.0 1265.0 905.0 1265.0 905.0 1279.0 889.0 1279.0 small-vehicle 1
897.0 1236.0 915.0 1236.0 915.0 1244.0 897.0 1244.0 small-vehicle 1
737.0 1221.0 758.0 1221.0 758.0 1231.0 737.0 1231.0 small-vehicle 1
831.0 1202.0 848.0 1202.0 848.0 1209.0 831.0 1209.0 small-vehicle 1
792.0 1184.0 803.0 1184.0 803.0 1203.0 792.0 1203.0 small-vehicle 0
726.0 1190.0 732.0 1190.0 732.0 1209.0 726.0 1209.0 small-vehicle 1
686.0 1191.0 693.0 1191.0 693.0 1210.0 686.0 1210.0 small-vehicle 1
446.0 1215.0 468.0 1215.0 468.0 1225.0 446.0 1225.0 small-vehicle 1
739.0 1274.0 745.0 1274.0 745.0 1290.0 739.0 1290.0 small-vehicle 1
95.0 1174.0 102.0 1174.0 102.0 1192.0 95.0 1192.0 small-vehicle 1
69.0 1159.0 91.0 1159.0 91.0 1166.0 69.0 1166.0 small-vehicle 1
101.0 1011.0 108.0 1011.0 108.0 1027.0 101.0 1027.0 small-vehicle 1
73.0 1048.0 91.0 1048.0 91.0 1056.0 73.0 1056.0 small-vehicle 1
151.0 1007.0 167.0 1007.0 167.0 1018.0 151.0 1018.0 small-vehicle 1
155.0 997.0 171.0 997.0 171.0 1006.0 155.0 1006.0 small-vehicle 1
341.0 994.0 359.0 994.0 359.0 1003.0 341.0 1003.0 small-vehicle 1
380.0 968.0 386.0 968.0 386.0 987.0 380.0 987.0 small-vehicle 1
747.0 1277.0 754.0 1277.0 754.0 1291.0 747.0 1291.0 small-vehicle 1
728.0 1273.0 735.0 1273.0 735.0 1289.0 728.0 1289.0 small-vehicle 1
996.0 990.0 1012.0 990.0 1012.0 996.0 996.0 996.0 small-vehicle 1
923.0 369.0 940.0 369.0 940.0 377.0 923.0 377.0 small-vehicle 1
997.0 975.0 1023.0 975.0 1023.0 984.0 997.0 984.0 small-vehicle 1
839.0 707.0 847.0 707.0 847.0 724.0 839.0 724.0 small-vehicle 1
851.0 706.0 857.0 706.0 857.0 723.0 851.0 723.0 small-vehicle 1
865.0 706.0 873.0 706.0 873.0 723.0 865.0 723.0 small-vehicle 1
981.0 704.0 989.0 704.0 989.0 724.0 981.0 724.0 small-vehicle 1
1104.0 553.0 1123.0 553.0 1123.0 561.0 1104.0 561.0 small-vehicle 1
1103.0 542.0 1120.0 542.0 1120.0 550.0 1103.0 550.0 small-vehicle 1
1167.0 493.0 1177.0 493.0 1177.0 515.0 1167.0 515.0 small-vehicle 1
873.0 53.0 882.0 53.0 882.0 76.0 873.0 76.0 small-vehicle 1
485.0 1265.0 491.0 1265.0 491.0 1284.0 485.0 1284.0 small-vehicle 1
1135.0 352.0 1141.0 352.0 1141.0 370.0 1135.0 370.0 small-vehicle 1
1136.0 327.0 1142.0 327.0 1142.0 347.0 1136.0 347.0 small-vehicle 1
1173.0 346.0 1179.0 346.0 1179.0 363.0 1173.0 363.0 small-vehicle 1
1113.0 284.0 1129.0 284.0 1129.0 291.0 1113.0 291.0 small-vehicle 1
1177.0 147.0 1186.0 147.0 1186.0 165.0 1177.0 165.0 small-vehicle 1
1178.0 120.0 1184.0 120.0 1184.0 140.0 1178.0 140.0 small-vehicle 1
1179.0 66.0 1187.0 66.0 1187.0 84.0 1179.0 84.0 small-vehicle 1
1144.0 59.0 1151.0 59.0 1151.0 78.0 1144.0 78.0 small-vehicle 1
287.0 271.0 307.0 271.0 307.0 316.0 287.0 316.0 swimming-pool 0
