imagesource:GoogleEarth
gsd:0.274738918834
952.0 265.0 971.0 265.0 971.0 273.0 952.0 273.0 small-vehicle 1
950.0 221.0 969.0 221.0 969.0 230.0 950.0 230.0 small-vehicle 0
947.0 210.0 963.0 210.0 963.0 218.0 947.0 218.0 small-vehicle 1
940.0 168.0 954.0 168.0 954.0 176.0 940.0 176.0 small-vehicle 1
937.0 159.0 956.0 159.0 956.0 168.0 937.0 168.0 small-vehicle 1
410.0 434.0 420.0 434.0 420.0 455.0 410.0 455.0 small-vehicle 1
429.0 434.0 442.0 434.0 442.0 455.0 429.0 455.0 small-vehicle 1
936.0 390.0 983.0 390.0 983.0 444.0 936.0 444.0 swimming-pool 1
395.0 141.0 532.0 141.0 532.0 237.0 395.0 237.0 swimming-pool 0
614.0 201.0 684.0 201.0 684.0 300.0 614.0 300.0 basketball-court 0
553.0 208.0 620.0 208.0 620.0 308.0 553.0 308.0 basketball-court 0
198.0 365.0 260.0 365.0 260.0 464.0 198.0 464.0 tennis-court 0
299.0 213.0 364.0 213.0 364.0 316.0 299.0 316.0 tennis-court 0
238.0 224.0 300.0 224.0 300.0 324.0 238.0 324.0 tennis-court 0
179.0 236.0 237.0 236.0 237.0 333.0 179.0 333.0 tennis-court 0
