imagesource:GoogleEarth
gsd:0.53796861362
664.0 656.0 670.0 656.0 670.0 668.0 664.0 668.0 small-vehicle 1
192.0 351.0 196.0 351.0 196.0 359.0 192.0 359.0 small-vehicle 1
481.0 19.0 491.0 19.0 491.0 25.0 481.0 25.0 small-vehicle 1
483.0 25.0 492.0 25.0 492.0 30.0 483.0 30.0 small-vehicle 1
486.0 28.0 494.0 28.0 494.0 34.0 486.0 34.0 small-vehicle 1
487.0 33.0 496.0 33.0 496.0 40.0 487.0 40.0 small-vehicle 1
488.0 39.0 499.0 39.0 499.0 46.0 488.0 46.0 small-vehicle 1
474.0 39.0 477.0 39.0 477.0 49.0 474.0 49.0 small-vehicle 1
477.0 50.0 482.0 50.0 482.0 61.0 477.0 61.0 small-vehicle 1
341.0 86.0 346.0 86.0 346.0 96.0 341.0 96.0 small-vehicle 1
352.0 86.0 355.0 86.0 355.0 95.0 352.0 95.0 small-vehicle 1
365.0 81.0 369.0 81.0 369.0 90.0 365.0 90.0 small-vehicle 1
375.0 82.0 379.0 82.0 379.0 90.0 375.0 90.0 small-vehicle 1
435.0 70.0 440.0 70.0 440.0 78.0 435.0 78.0 small-vehicle 1
461.0 55.0 470.0 55.0 470.0 61.0 461.0 61.0 small-vehicle 1
459.0 46.0 467.0 46.0 467.0 51.0 459.0 51.0 small-vehicle 1
457.0 40.0 465.0 40.0 465.0 47.0 457.0 47.0 small-vehicle 1
421.0 36.0 427.0 36.0 427.0 45.0 421.0 45.0 small-vehicle 1
373.0 50.0 381.0 50.0 381.0 60.0 373.0 60.0 small-vehicle 1
353.0 56.0 359.0 56.0 359.0 65.0 353.0 65.0 small-vehicle 1
343.0 59.0 349.0 59.0 349.0 69.0 343.0 69.0 small-vehicle 1
393.0 156.0 402.0 156.0 402.0 162.0 393.0 162.0 small-vehicle 1
379.0 159.0 388.0 159.0 388.0 166.0 379.0 166.0 small-vehicle 1
333.0 167.0 343.0 167.0 343.0 172.0 333.0 172.0 small-vehicle 1
145.0 137.0 154.0 137.0 154.0 143.0 145.0 143.0 small-vehicle 1
147.0 142.0 156.0 142.0 156.0 147.0 147.0 147.0 small-vehicle 1
148.0 149.0 158.0 149.0 158.0 156.0 148.0 156.0 small-vehicle 1
479.0 13.0 489.0 13.0 489.0 21.0 479.0 21.0 small-vehicle 1
498.0 68.0 507.0 68.0 507.0 74.0 498.0 74.0 small-vehicle 1
499.0 74.0 508.0 74.0 508.0 79.0 499.0 79.0 small-vehicle 1
272.0 326.0 278.0 326.0 278.0 337.0 272.0 337.0 small-vehicle 1
201.0 347.0 206.0 347.0 206.0 356.0 201.0 356.0 small-vehicle 1
206.0 345.0 212.0 345.0 212.0 354.0 206.0 354.0 small-vehicle 1
214.0 359.0 224.0 359.0 224.0 365.0 214.0 365.0 small-vehicle 1
218.0 341.0 224.0 341.0 224.0 351.0 218.0 351.0 small-vehicle 1
225.0 340.0 230.0 340.0 230.0 350.0 225.0 350.0 small-vehicle 1
229.0 339.0 234.0 339.0 234.0 348.0 229.0 348.0 small-vehicle 1
232.0 360.0 243.0 360.0 243.0 365.0 232.0 365.0 small-vehicle 1
234.0 338.0 239.0 338.0 239.0 348.0 234.0 348.0 small-vehicle 1
252.0 332.0 261.0 332.0 261.0 342.0 252.0 342.0 small-vehicle 1
259.0 352.0 269.0 352.0 269.0 358.0 259.0 358.0 small-vehicle 1
264.0 328.0 271.0 328.0 271.0 339.0 264.0 339.0 small-vehicle 1
278.0 326.0 289.0 326.0 289.0 332.0 278.0 332.0 small-vehicle 1
501.0 79.0 510.0 79.0 510.0 85.0 501.0 85.0 small-vehicle 1
27.0 338.0 39.0 338.0 39.0 345.0 27.0 345.0 small-vehicle 1
20.0 311.0 29.0 311.0 29.0 317.0 20.0 317.0 small-vehicle 1
16.0 297.0 27.0 297.0 27.0 304.0 16.0 304.0 small-vehicle 1
29.0 269.0 35.0 269.0 35.0 280.0 29.0 280.0 small-vehicle 1
515.0 140.0 527.0 140.0 527.0 147.0 515.0 147.0 small-vehicle 1
515.0 129.0 525.0 129.0 525.0 137.0 515.0 137.0 small-vehicle 1
515.0 123.0 523.0 123.0 523.0 131.0 515.0 131.0 small-vehicle 1
511.0 113.0 521.0 113.0 521.0 120.0 511.0 120.0 small-vehicle 1
507.0 94.0 515.0 94.0 515.0 101.0 507.0 101.0 small-vehicle 1
504.0 88.0 513.0 88.0 513.0 95.0 504.0 95.0 small-vehicle 1
501.0 83.0 512.0 83.0 512.0 91.0 501.0 91.0 small-vehicle 1
150.0 155.0 160.0 155.0 160.0 162.0 150.0 162.0 small-vehicle 1
152.0 161.0 161.0 161.0 161.0 167.0 152.0 167.0 small-vehicle 1
153.0 171.0 163.0 171.0 163.0 175.0 153.0 175.0 small-vehicle 1
67.0 102.0 76.0 102.0 76.0 109.0 67.0 109.0 small-vehicle 1
263.0 22.0 272.0 22.0 272.0 28.0 263.0 28.0 small-vehicle 1
253.0 25.0 262.0 25.0 262.0 32.0 253.0 32.0 small-vehicle 1
240.0 29.0 251.0 29.0 251.0 36.0 240.0 36.0 small-vehicle 1
209.0 40.0 218.0 40.0 218.0 46.0 209.0 46.0 small-vehicle 1
195.0 44.0 204.0 44.0 204.0 50.0 195.0 50.0 small-vehicle 1
184.0 47.0 192.0 47.0 192.0 52.0 184.0 52.0 small-vehicle 1
175.0 48.0 184.0 48.0 184.0 56.0 175.0 56.0 small-vehicle 1
165.0 52.0 174.0 52.0 174.0 59.0 165.0 59.0 small-vehicle 1
139.0 44.0 145.0 44.0 145.0 54.0 139.0 54.0 small-vehicle 1
130.0 13.0 135.0 13.0 135.0 23.0 130.0 23.0 small-vehicle 1
29.0 114.0 39.0 114.0 39.0 120.0 29.0 120.0 small-vehicle 1
84.0 96.0 94.0 96.0 94.0 104.0 84.0 104.0 small-vehicle 1
299.0 47.0 305.0 47.0 305.0 57.0 299.0 57.0 small-vehicle 1
98.0 73.0 105.0 73.0 105.0 79.0 98.0 79.0 small-vehicle 1
75.0 79.0 86.0 79.0 86.0 86.0 75.0 86.0 small-vehicle 1
27.0 95.0 35.0 95.0 35.0 99.0 27.0 99.0 small-vehicle 1
107.0 11.0 113.0 11.0 113.0 21.0 107.0 21.0 small-vehicle 1
453.0 782.0 467.0 782.0 467.0 791.0 453.0 791.0 large-vehicle 1
545.0 804.0 560.0 804.0 560.0 814.0 545.0 814.0 large-vehicle 1
311.0 288.0 531.0 288.0 531.0 648.0 311.0 648.0 ground-track-field 0
253.0 386.0 301.0 386.0 301.0 417.0 253.0 417.0 tennis-court 0
187.0 403.0 235.0 403.0 235.0 433.0 187.0 433.0 tennis-court 0
247.0 360.0 294.0 360.0 294.0 390.0 247.0 390.0 tennis-court 0
180.0 375.0 229.0 375.0 229.0 406.0 180.0 406.0 tennis-court 0
315.0 13.0 328.0 13.0 328.0 21.0 315.0 21.0 small-vehicle 1
303.0 62.0 309.0 62.0 309.0 71.0 303.0 71.0 small-vehicle 1
156.0 176.0 166.0 176.0 166.0 182.0 156.0 182.0 small-vehicle 1
152.0 87.0 159.0 87.0 159.0 97.0 152.0 97.0 small-vehicle 1
159.0 184.0 168.0 184.0 168.0 191.0 159.0 191.0 small-vehicle 1
161.0 190.0 169.0 190.0 169.0 196.0 161.0 196.0 small-vehicle 1
163.0 199.0 174.0 199.0 174.0 205.0 163.0 205.0 small-vehicle 1
153.0 209.0 163.0 209.0 163.0 215.0 153.0 215.0 small-vehicle 1
112.0 225.0 125.0 225.0 125.0 232.0 112.0 232.0 small-vehicle 1
115.0 231.0 126.0 231.0 126.0 237.0 115.0 237.0 small-vehicle 1
151.0 219.0 161.0 219.0 161.0 225.0 151.0 225.0 small-vehicle 1
222.0 200.0 230.0 200.0 230.0 205.0 222.0 205.0 small-vehicle 1
251.0 190.0 260.0 190.0 260.0 197.0 251.0 197.0 small-vehicle 1
280.0 181.0 288.0 181.0 288.0 186.0 280.0 186.0 small-vehicle 1
131.0 91.0 141.0 91.0 141.0 98.0 131.0 98.0 small-vehicle 1
155.0 100.0 160.0 100.0 160.0 110.0 155.0 110.0 small-vehicle 1
308.0 78.0 313.0 78.0 313.0 88.0 308.0 88.0 small-vehicle 1
158.0 109.0 165.0 109.0 165.0 120.0 158.0 120.0 small-vehicle 1
162.0 121.0 168.0 121.0 168.0 132.0 162.0 132.0 small-vehicle 1
165.0 133.0 170.0 133.0 170.0 142.0 165.0 142.0 small-vehicle 1
169.0 144.0 175.0 144.0 175.0 155.0 169.0 155.0 small-vehicle 1
174.0 164.0 182.0 164.0 182.0 175.0 174.0 175.0 small-vehicle 1
335.0 118.0 343.0 118.0 343.0 127.0 335.0 127.0 small-vehicle 1
340.0 130.0 346.0 130.0 346.0 138.0 340.0 138.0 small-vehicle 1
324.0 132.0 330.0 132.0 330.0 142.0 324.0 142.0 small-vehicle 1
320.0 119.0 326.0 119.0 326.0 130.0 320.0 130.0 small-vehicle 1
320.0 63.0 326.0 63.0 326.0 74.0 320.0 74.0 small-vehicle 1
324.0 79.0 331.0 79.0 331.0 90.0 324.0 90.0 small-vehicle 1
197.0 348.0 202.0 348.0 202.0 357.0 197.0 357.0 small-vehicle 1
181.0 353.0 185.0 353.0 185.0 362.0 181.0 362.0 small-vehicle 1
662.0 648.0 667.0 648.0 667.0 657.0 662.0 657.0 small-vehicle 1
199.0 366.0 208.0 366.0 208.0 371.0 199.0 371.0 small-vehicle 1
387.0 802.0 399.0 802.0 399.0 810.0 387.0 810.0 small-vehicle 1
356.0 812.0 366.0 812.0 366.0 819.0 356.0 819.0 small-vehicle 1
306.0 828.0 315.0 828.0 315.0 834.0 306.0 834.0 small-vehicle 1
294.0 831.0 302.0 831.0 302.0 837.0 294.0 837.0 small-vehicle 1
283.0 834.0 292.0 834.0 292.0 840.0 283.0 840.0 small-vehicle 1
266.0 839.0 275.0 839.0 275.0 846.0 266.0 846.0 small-vehicle 1
248.0 845.0 256.0 845.0 256.0 851.0 248.0 851.0 small-vehicle 1
165.0 776.0 173.0 776.0 173.0 785.0 165.0 785.0 small-vehicle 1
159.0 776.0 167.0 776.0 167.0 784.0 159.0 784.0 small-vehicle 1
118.0 776.0 126.0 776.0 126.0 787.0 118.0 787.0 small-vehicle 1
113.0 777.0 120.0 777.0 120.0 787.0 113.0 787.0 small-vehicle 1
107.0 778.0 115.0 778.0 115.0 789.0 107.0 789.0 small-vehicle 1
99.0 780.0 105.0 780.0 105.0 788.0 99.0 788.0 small-vehicle 1
1.0 838.0 13.0 838.0 13.0 846.0 1.0 846.0 small-vehicle 1
17.0 820.0 23.0 820.0 23.0 829.0 17.0 829.0 small-vehicle 1
12.0 806.0 19.0 806.0 19.0 817.0 12.0 817.0 small-vehicle 1
543.0 756.0 553.0 756.0 553.0 762.0 543.0 762.0 small-vehicle 1
554.0 754.0 561.0 754.0 561.0 760.0 554.0 760.0 small-vehicle 1
562.0 751.0 570.0 751.0 570.0 757.0 562.0 757.0 small-vehicle 1
592.0 742.0 602.0 742.0 602.0 748.0 592.0 748.0 small-vehicle 1
347.0 774.0 355.0 774.0 355.0 779.0 347.0 779.0 small-vehicle 1
358.0 771.0 368.0 771.0 368.0 777.0 358.0 777.0 small-vehicle 1
373.0 769.0 381.0 769.0 381.0 776.0 373.0 776.0 small-vehicle 1
257.0 685.0 261.0 685.0 261.0 694.0 257.0 694.0 small-vehicle 1
246.0 688.0 249.0 688.0 249.0 695.0 246.0 695.0 small-vehicle 1
553.0 827.0 559.0 827.0 559.0 837.0 553.0 837.0 small-vehicle 1
556.0 839.0 562.0 839.0 562.0 849.0 556.0 849.0 small-vehicle 1
540.0 831.0 545.0 831.0 545.0 840.0 540.0 840.0 small-vehicle 1
635.0 511.0 641.0 511.0 641.0 522.0 635.0 522.0 small-vehicle 1
658.0 633.0 664.0 633.0 664.0 642.0 658.0 642.0 small-vehicle 1
654.0 620.0 658.0 620.0 658.0 629.0 654.0 629.0 small-vehicle 1
641.0 580.0 646.0 580.0 646.0 590.0 641.0 590.0 small-vehicle 1
637.0 565.0 642.0 565.0 642.0 575.0 637.0 575.0 small-vehicle 1
632.0 545.0 638.0 545.0 638.0 555.0 632.0 555.0 small-vehicle 1
671.0 628.0 675.0 628.0 675.0 637.0 671.0 637.0 small-vehicle 1
664.0 612.0 671.0 612.0 671.0 620.0 664.0 620.0 small-vehicle 1
656.0 580.0 660.0 580.0 660.0 588.0 656.0 588.0 small-vehicle 1
655.0 573.0 663.0 573.0 663.0 578.0 655.0 578.0 small-vehicle 1
646.0 548.0 652.0 548.0 652.0 557.0 646.0 557.0 small-vehicle 1
642.0 537.0 648.0 537.0 648.0 545.0 642.0 545.0 small-vehicle 1
617.0 188.0 626.0 188.0 626.0 196.0 617.0 196.0 small-vehicle 1
544.0 843.0 549.0 843.0 549.0 853.0 544.0 853.0 small-vehicle 1
646.0 180.0 655.0 180.0 655.0 187.0 646.0 187.0 small-vehicle 1
674.0 172.0 683.0 172.0 683.0 177.0 674.0 177.0 small-vehicle 1
683.0 148.0 689.0 148.0 689.0 157.0 683.0 157.0 small-vehicle 1
659.0 71.0 665.0 71.0 665.0 81.0 659.0 81.0 small-vehicle 1
688.0 98.0 695.0 98.0 695.0 108.0 688.0 108.0 small-vehicle 1
679.0 67.0 684.0 67.0 684.0 78.0 679.0 78.0 small-vehicle 1
673.0 48.0 679.0 48.0 679.0 58.0 673.0 58.0 small-vehicle 1
668.0 29.0 674.0 29.0 674.0 38.0 668.0 38.0 small-vehicle 1
664.0 17.0 669.0 17.0 669.0 25.0 664.0 25.0 small-vehicle 1
452.0 834.0 461.0 834.0 461.0 841.0 452.0 841.0 small-vehicle 1
510.0 831.0 522.0 831.0 522.0 838.0 510.0 838.0 small-vehicle 1
241.0 689.0 245.0 689.0 245.0 697.0 241.0 697.0 small-vehicle 1
236.0 689.0 239.0 689.0 239.0 697.0 236.0 697.0 small-vehicle 1
231.0 691.0 234.0 691.0 234.0 698.0 231.0 698.0 small-vehicle 1
596.0 430.0 603.0 430.0 603.0 440.0 596.0 440.0 small-vehicle 1
175.0 431.0 186.0 431.0 186.0 437.0 175.0 437.0 small-vehicle 1
167.0 395.0 176.0 395.0 176.0 402.0 167.0 402.0 small-vehicle 1
558.0 480.0 564.0 480.0 564.0 491.0 558.0 491.0 small-vehicle 1
564.0 479.0 569.0 479.0 569.0 486.0 564.0 486.0 small-vehicle 1
570.0 477.0 575.0 477.0 575.0 484.0 570.0 484.0 small-vehicle 1
576.0 475.0 580.0 475.0 580.0 482.0 576.0 482.0 small-vehicle 1
584.0 473.0 590.0 473.0 590.0 481.0 584.0 481.0 small-vehicle 1
588.0 471.0 594.0 471.0 594.0 479.0 588.0 479.0 small-vehicle 1
594.0 470.0 599.0 470.0 599.0 477.0 594.0 477.0 small-vehicle 1
599.0 468.0 603.0 468.0 603.0 477.0 599.0 477.0 small-vehicle 1
605.0 437.0 610.0 437.0 610.0 447.0 605.0 447.0 small-vehicle 1
591.0 412.0 596.0 412.0 596.0 419.0 591.0 419.0 small-vehicle 1
153.0 539.0 165.0 539.0 165.0 548.0 153.0 548.0 small-vehicle 1
586.0 398.0 592.0 398.0 592.0 407.0 586.0 407.0 small-vehicle 1
583.0 383.0 589.0 383.0 589.0 393.0 583.0 393.0 small-vehicle 1
617.0 447.0 621.0 447.0 621.0 457.0 617.0 457.0 small-vehicle 1
614.0 438.0 620.0 438.0 620.0 446.0 614.0 446.0 small-vehicle 1
610.0 427.0 616.0 427.0 616.0 436.0 610.0 436.0 small-vehicle 1
606.0 415.0 611.0 415.0 611.0 425.0 606.0 425.0 small-vehicle 1
597.0 387.0 601.0 387.0 601.0 397.0 597.0 397.0 small-vehicle 1
589.0 362.0 594.0 362.0 594.0 372.0 589.0 372.0 small-vehicle 1
555.0 313.0 562.0 313.0 562.0 322.0 555.0 322.0 small-vehicle 1
304.0 386.0 309.0 386.0 309.0 397.0 304.0 397.0 small-vehicle 1
188.0 369.0 197.0 369.0 197.0 377.0 188.0 377.0 small-vehicle 1
180.0 446.0 190.0 446.0 190.0 454.0 180.0 454.0 small-vehicle 1
211.0 558.0 214.0 558.0 214.0 568.0 211.0 568.0 small-vehicle 1
219.0 692.0 229.0 692.0 229.0 697.0 219.0 697.0 small-vehicle 1
113.0 617.0 119.0 617.0 119.0 628.0 113.0 628.0 small-vehicle 1
206.0 695.0 213.0 695.0 213.0 699.0 206.0 699.0 small-vehicle 1
167.0 716.0 171.0 716.0 171.0 726.0 167.0 726.0 small-vehicle 1
213.0 714.0 216.0 714.0 216.0 722.0 213.0 722.0 small-vehicle 1
219.0 715.0 222.0 715.0 222.0 723.0 219.0 723.0 small-vehicle 1
270.0 710.0 274.0 710.0 274.0 719.0 270.0 719.0 small-vehicle 1
29.0 662.0 35.0 662.0 35.0 670.0 29.0 670.0 small-vehicle 1
37.0 657.0 43.0 657.0 43.0 666.0 37.0 666.0 small-vehicle 1
74.0 625.0 81.0 625.0 81.0 637.0 74.0 637.0 small-vehicle 1
83.0 626.0 89.0 626.0 89.0 635.0 83.0 635.0 small-vehicle 1
89.0 625.0 94.0 625.0 94.0 635.0 89.0 635.0 small-vehicle 1
92.0 621.0 99.0 621.0 99.0 632.0 92.0 632.0 small-vehicle 1
118.0 615.0 125.0 615.0 125.0 628.0 118.0 628.0 small-vehicle 1
202.0 558.0 206.0 558.0 206.0 569.0 202.0 569.0 small-vehicle 1
124.0 614.0 129.0 614.0 129.0 624.0 124.0 624.0 small-vehicle 1
131.0 616.0 136.0 616.0 136.0 625.0 131.0 625.0 small-vehicle 1
171.0 564.0 177.0 564.0 177.0 573.0 171.0 573.0 small-vehicle 1
166.0 566.0 172.0 566.0 172.0 576.0 166.0 576.0 small-vehicle 1
151.0 589.0 156.0 589.0 156.0 599.0 151.0 599.0 small-vehicle 1
165.0 592.0 171.0 592.0 171.0 601.0 165.0 601.0 small-vehicle 1
174.0 589.0 179.0 589.0 179.0 599.0 174.0 599.0 small-vehicle 1
180.0 588.0 185.0 588.0 185.0 599.0 180.0 599.0 small-vehicle 1
185.0 586.0 191.0 586.0 191.0 596.0 185.0 596.0 small-vehicle 1
200.0 582.0 206.0 582.0 206.0 592.0 200.0 592.0 small-vehicle 1
190.0 561.0 196.0 561.0 196.0 571.0 190.0 571.0 small-vehicle 1
343.0 344.0 501.0 344.0 501.0 582.0 343.0 582.0 soccer-ball-field 1
