imagesource:GoogleEarth
gsd:0.253069704926
1166.0 705.0 1324.0 705.0 1324.0 871.0 1166.0 871.0 baseball-diamond 0
528.0 677.0 540.0 677.0 540.0 692.0 528.0 692.0 small-vehicle 1
551.0 688.0 563.0 688.0 563.0 706.0 551.0 706.0 small-vehicle 1
560.0 693.0 572.0 693.0 572.0 709.0 560.0 709.0 small-vehicle 1
532.0 724.0 548.0 724.0 548.0 739.0 532.0 739.0 small-vehicle 1
607.0 745.0 623.0 745.0 623.0 755.0 607.0 755.0 small-vehicle 1
507.0 748.0 522.0 748.0 522.0 760.0 507.0 760.0 small-vehicle 1
511.0 711.0 528.0 711.0 528.0 728.0 511.0 728.0 small-vehicle 1
486.0 698.0 505.0 698.0 505.0 712.0 486.0 712.0 small-vehicle 1
463.0 685.0 480.0 685.0 480.0 699.0 463.0 699.0 small-vehicle 1
442.0 673.0 458.0 673.0 458.0 687.0 442.0 687.0 small-vehicle 1
418.0 661.0 438.0 661.0 438.0 678.0 418.0 678.0 small-vehicle 1
400.0 653.0 419.0 653.0 419.0 668.0 400.0 668.0 small-vehicle 1
382.0 643.0 397.0 643.0 397.0 654.0 382.0 654.0 small-vehicle 1
364.0 634.0 379.0 634.0 379.0 646.0 364.0 646.0 small-vehicle 1
334.0 618.0 350.0 618.0 350.0 631.0 334.0 631.0 small-vehicle 1
305.0 603.0 324.0 603.0 324.0 615.0 305.0 615.0 small-vehicle 1
283.0 589.0 296.0 589.0 296.0 600.0 283.0 600.0 small-vehicle 1
250.0 575.0 267.0 575.0 267.0 587.0 250.0 587.0 small-vehicle 1
118.0 538.0 135.0 538.0 135.0 550.0 118.0 550.0 small-vehicle 1
190.0 574.0 205.0 574.0 205.0 588.0 190.0 588.0 small-vehicle 1
539.0 683.0 552.0 683.0 552.0 703.0 539.0 703.0 small-vehicle 1
519.0 672.0 530.0 672.0 530.0 688.0 519.0 688.0 small-vehicle 1
490.0 611.0 501.0 611.0 501.0 628.0 490.0 628.0 small-vehicle 1
509.0 668.0 522.0 668.0 522.0 683.0 509.0 683.0 small-vehicle 1
510.0 623.0 523.0 623.0 523.0 641.0 510.0 641.0 small-vehicle 1
519.0 627.0 533.0 627.0 533.0 649.0 519.0 649.0 small-vehicle 1
530.0 632.0 543.0 632.0 543.0 653.0 530.0 653.0 small-vehicle 1
537.0 638.0 553.0 638.0 553.0 657.0 537.0 657.0 small-vehicle 1
550.0 643.0 564.0 643.0 564.0 662.0 550.0 662.0 small-vehicle 1
559.0 649.0 571.0 649.0 571.0 668.0 559.0 668.0 small-vehicle 1
380.0 598.0 394.0 598.0 394.0 619.0 380.0 619.0 small-vehicle 1
388.0 604.0 403.0 604.0 403.0 622.0 388.0 622.0 small-vehicle 1
401.0 610.0 414.0 610.0 414.0 629.0 401.0 629.0 small-vehicle 1
410.0 614.0 424.0 614.0 424.0 636.0 410.0 636.0 small-vehicle 1
420.0 619.0 435.0 619.0 435.0 641.0 420.0 641.0 small-vehicle 1
429.0 625.0 444.0 625.0 444.0 646.0 429.0 646.0 small-vehicle 1
437.0 631.0 453.0 631.0 453.0 648.0 437.0 648.0 small-vehicle 1
449.0 635.0 460.0 635.0 460.0 653.0 449.0 653.0 small-vehicle 1
459.0 641.0 470.0 641.0 470.0 659.0 459.0 659.0 small-vehicle 1
468.0 646.0 481.0 646.0 481.0 664.0 468.0 664.0 small-vehicle 1
478.0 651.0 492.0 651.0 492.0 670.0 478.0 670.0 small-vehicle 1
490.0 656.0 502.0 656.0 502.0 676.0 490.0 676.0 small-vehicle 1
498.0 662.0 511.0 662.0 511.0 680.0 498.0 680.0 small-vehicle 1
217.0 589.0 239.0 589.0 239.0 602.0 217.0 602.0 small-vehicle 1
251.0 606.0 268.0 606.0 268.0 617.0 251.0 617.0 small-vehicle 1
279.0 621.0 295.0 621.0 295.0 635.0 279.0 635.0 small-vehicle 1
345.0 655.0 364.0 655.0 364.0 668.0 345.0 668.0 small-vehicle 1
21.0 608.0 34.0 608.0 34.0 627.0 21.0 627.0 small-vehicle 1
38.0 724.0 54.0 724.0 54.0 738.0 38.0 738.0 small-vehicle 1
62.0 741.0 81.0 741.0 81.0 757.0 62.0 757.0 small-vehicle 1
95.0 765.0 112.0 765.0 112.0 783.0 95.0 783.0 small-vehicle 1
119.0 789.0 136.0 789.0 136.0 805.0 119.0 805.0 small-vehicle 1
141.0 809.0 156.0 809.0 156.0 827.0 141.0 827.0 small-vehicle 1
171.0 843.0 189.0 843.0 189.0 863.0 171.0 863.0 small-vehicle 1
131.0 841.0 145.0 841.0 145.0 858.0 131.0 858.0 small-vehicle 1
173.0 884.0 189.0 884.0 189.0 903.0 173.0 903.0 small-vehicle 1
193.0 907.0 209.0 907.0 209.0 925.0 193.0 925.0 small-vehicle 1
231.0 903.0 244.0 903.0 244.0 921.0 231.0 921.0 small-vehicle 1
692.0 912.0 705.0 912.0 705.0 929.0 692.0 929.0 small-vehicle 1
702.0 931.0 714.0 931.0 714.0 948.0 702.0 948.0 small-vehicle 1
711.0 953.0 723.0 953.0 723.0 970.0 711.0 970.0 small-vehicle 1
720.0 977.0 730.0 977.0 730.0 994.0 720.0 994.0 small-vehicle 1
727.0 1004.0 738.0 1004.0 738.0 1022.0 727.0 1022.0 small-vehicle 1
735.0 1043.0 745.0 1043.0 745.0 1062.0 735.0 1062.0 small-vehicle 0
742.0 1064.0 751.0 1064.0 751.0 1082.0 742.0 1082.0 small-vehicle 1
748.0 1084.0 757.0 1084.0 757.0 1100.0 748.0 1100.0 small-vehicle 1
32.0 587.0 45.0 587.0 45.0 605.0 32.0 605.0 small-vehicle 1
44.0 561.0 59.0 561.0 59.0 579.0 44.0 579.0 small-vehicle 1
54.0 542.0 69.0 542.0 69.0 560.0 54.0 560.0 small-vehicle 0
643.0 830.0 659.0 830.0 659.0 849.0 643.0 849.0 small-vehicle 1
377.0 670.0 396.0 670.0 396.0 686.0 377.0 686.0 small-vehicle 1
435.0 702.0 449.0 702.0 449.0 715.0 435.0 715.0 small-vehicle 1
464.0 716.0 485.0 716.0 485.0 734.0 464.0 734.0 small-vehicle 1
650.0 770.0 672.0 770.0 672.0 789.0 650.0 789.0 small-vehicle 1
581.0 764.0 598.0 764.0 598.0 779.0 581.0 779.0 small-vehicle 1
599.0 783.0 614.0 783.0 614.0 797.0 599.0 797.0 small-vehicle 1
615.0 796.0 631.0 796.0 631.0 814.0 615.0 814.0 small-vehicle 1
631.0 812.0 646.0 812.0 646.0 831.0 631.0 831.0 small-vehicle 1
656.0 850.0 670.0 850.0 670.0 867.0 656.0 867.0 small-vehicle 1
391.0 703.0 403.0 703.0 403.0 720.0 391.0 720.0 small-vehicle 1
669.0 871.0 684.0 871.0 684.0 888.0 669.0 888.0 small-vehicle 1
682.0 892.0 695.0 892.0 695.0 909.0 682.0 909.0 small-vehicle 1
644.0 905.0 656.0 905.0 656.0 920.0 644.0 920.0 small-vehicle 1
621.0 867.0 632.0 867.0 632.0 883.0 621.0 883.0 small-vehicle 1
599.0 838.0 612.0 838.0 612.0 853.0 599.0 853.0 small-vehicle 1
567.0 801.0 583.0 801.0 583.0 819.0 567.0 819.0 small-vehicle 1
535.0 771.0 552.0 771.0 552.0 789.0 535.0 789.0 small-vehicle 1
417.0 717.0 429.0 717.0 429.0 734.0 417.0 734.0 small-vehicle 1
499.0 616.0 513.0 616.0 513.0 639.0 499.0 639.0 small-vehicle 1
481.0 605.0 494.0 605.0 494.0 624.0 481.0 624.0 small-vehicle 1
706.0 1088.0 718.0 1088.0 718.0 1109.0 706.0 1109.0 small-vehicle 1
557.0 139.0 574.0 139.0 574.0 150.0 557.0 150.0 small-vehicle 1
578.0 147.0 599.0 147.0 599.0 163.0 578.0 163.0 small-vehicle 1
650.0 188.0 677.0 188.0 677.0 208.0 650.0 208.0 small-vehicle 1
802.0 262.0 820.0 262.0 820.0 278.0 802.0 278.0 small-vehicle 1
797.0 233.0 815.0 233.0 815.0 247.0 797.0 247.0 small-vehicle 1
829.0 249.0 847.0 249.0 847.0 263.0 829.0 263.0 small-vehicle 1
851.0 260.0 869.0 260.0 869.0 273.0 851.0 273.0 small-vehicle 1
689.0 142.0 704.0 142.0 704.0 164.0 689.0 164.0 small-vehicle 1
916.0 297.0 931.0 297.0 931.0 320.0 916.0 320.0 small-vehicle 0
927.0 191.0 942.0 191.0 942.0 213.0 927.0 213.0 small-vehicle 1
913.0 227.0 926.0 227.0 926.0 242.0 913.0 242.0 small-vehicle 1
904.0 242.0 917.0 242.0 917.0 261.0 904.0 261.0 small-vehicle 1
280.0 295.0 296.0 295.0 296.0 308.0 280.0 308.0 small-vehicle 1
273.0 302.0 291.0 302.0 291.0 318.0 273.0 318.0 small-vehicle 0
273.0 314.0 286.0 314.0 286.0 325.0 273.0 325.0 small-vehicle 1
270.0 324.0 283.0 324.0 283.0 335.0 270.0 335.0 small-vehicle 1
265.0 331.0 281.0 331.0 281.0 344.0 265.0 344.0 small-vehicle 1
256.0 337.0 274.0 337.0 274.0 350.0 256.0 350.0 small-vehicle 1
251.0 346.0 270.0 346.0 270.0 360.0 251.0 360.0 small-vehicle 1
248.0 356.0 267.0 356.0 267.0 368.0 248.0 368.0 small-vehicle 1
403.0 50.0 446.0 50.0 446.0 77.0 403.0 77.0 large-vehicle 0
472.0 93.0 493.0 93.0 493.0 107.0 472.0 107.0 small-vehicle 1
471.0 601.0 484.0 601.0 484.0 620.0 471.0 620.0 small-vehicle 1
449.0 47.0 467.0 47.0 467.0 62.0 449.0 62.0 small-vehicle 0
960.0 342.0 1042.0 342.0 1042.0 446.0 960.0 446.0 tennis-court 0
1008.0 369.0 1093.0 369.0 1093.0 473.0 1008.0 473.0 tennis-court 0
1060.0 394.0 1142.0 394.0 1142.0 499.0 1060.0 499.0 tennis-court 0
1109.0 423.0 1191.0 423.0 1191.0 526.0 1109.0 526.0 tennis-court 0
700.0 443.0 1177.0 443.0 1177.0 1089.0 700.0 1089.0 ground-track-field 0
749.0 502.0 1146.0 502.0 1146.0 1045.0 749.0 1045.0 soccer-ball-field 0
385.0 244.0 518.0 244.0 518.0 383.0 385.0 383.0 soccer-ball-field 0
318.0 349.0 472.0 349.0 472.0 509.0 318.0 509.0 soccer-ball-field 0
625.0 359.0 712.0 359.0 712.0 436.0 625.0 436.0 basketball-court 0
600.0 404.0 687.0 404.0 687.0 481.0 600.0 481.0 basketball-court 0
576.0 450.0 664.0 450.0 664.0 527.0 576.0 527.0 basketball-court 0
401.0 456.0 750.0 456.0 750.0 742.0 401.0 742.0 soccer-ball-field 0
403.0 458.0 748.0 458.0 748.0 739.0 403.0 739.0 ground-track-field 0
473.0 477.0 715.0 477.0 715.0 661.0 473.0 661.0 ground-track-field 0
196.0 109.0 219.0 109.0 219.0 122.0 196.0 122.0 large-vehicle 0
151.0 209.0 168.0 209.0 168.0 233.0 151.0 233.0 large-vehicle 0
138.0 230.0 156.0 230.0 156.0 253.0 138.0 253.0 large-vehicle 0
385.0 15.0 403.0 15.0 403.0 29.0 385.0 29.0 small-vehicle 0
407.0 28.0 425.0 28.0 425.0 40.0 407.0 40.0 small-vehicle 0
244.0 364.0 263.0 364.0 263.0 376.0 244.0 376.0 small-vehicle 1
241.0 373.0 258.0 373.0 258.0 386.0 241.0 386.0 small-vehicle 1
237.0 383.0 253.0 383.0 253.0 394.0 237.0 394.0 small-vehicle 1
299.0 305.0 316.0 305.0 316.0 319.0 299.0 319.0 small-vehicle 1
299.0 414.0 318.0 414.0 318.0 429.0 299.0 429.0 small-vehicle 1
295.0 422.0 311.0 422.0 311.0 434.0 295.0 434.0 small-vehicle 1
291.0 430.0 306.0 430.0 306.0 442.0 291.0 442.0 small-vehicle 1
200.0 465.0 214.0 465.0 214.0 481.0 200.0 481.0 small-vehicle 1
193.0 459.0 206.0 459.0 206.0 476.0 193.0 476.0 small-vehicle 1
169.0 442.0 181.0 442.0 181.0 460.0 169.0 460.0 small-vehicle 1
156.0 428.0 171.0 428.0 171.0 439.0 156.0 439.0 small-vehicle 1
161.0 418.0 174.0 418.0 174.0 429.0 161.0 429.0 small-vehicle 1
167.0 411.0 180.0 411.0 180.0 422.0 167.0 422.0 small-vehicle 1
176.0 389.0 191.0 389.0 191.0 403.0 176.0 403.0 small-vehicle 1
676.0 612.0 690.0 612.0 690.0 631.0 676.0 631.0 small-vehicle 1
665.0 635.0 682.0 635.0 682.0 656.0 665.0 656.0 small-vehicle 1
402.0 568.0 414.0 568.0 414.0 587.0 402.0 587.0 small-vehicle 1
412.0 575.0 423.0 575.0 423.0 590.0 412.0 590.0 small-vehicle 1
419.0 578.0 435.0 578.0 435.0 599.0 419.0 599.0 small-vehicle 1
433.0 582.0 445.0 582.0 445.0 601.0 433.0 601.0 small-vehicle 1
441.0 587.0 454.0 587.0 454.0 605.0 441.0 605.0 small-vehicle 1
451.0 592.0 464.0 592.0 464.0 611.0 451.0 611.0 small-vehicle 1
461.0 597.0 472.0 597.0 472.0 616.0 461.0 616.0 small-vehicle 1
303.0 405.0 320.0 405.0 320.0 418.0 303.0 418.0 small-vehicle 1
309.0 397.0 326.0 397.0 326.0 410.0 309.0 410.0 small-vehicle 1
312.0 387.0 328.0 387.0 328.0 399.0 312.0 399.0 small-vehicle 1
260.0 383.0 276.0 383.0 276.0 395.0 260.0 395.0 small-vehicle 1
295.0 314.0 311.0 314.0 311.0 326.0 295.0 326.0 small-vehicle 1
291.0 322.0 308.0 322.0 308.0 335.0 291.0 335.0 small-vehicle 1
286.0 332.0 301.0 332.0 301.0 343.0 286.0 343.0 small-vehicle 1
281.0 340.0 300.0 340.0 300.0 353.0 281.0 353.0 small-vehicle 1
277.0 349.0 293.0 349.0 293.0 362.0 277.0 362.0 small-vehicle 1
271.0 355.0 285.0 355.0 285.0 368.0 271.0 368.0 small-vehicle 1
267.0 364.0 285.0 364.0 285.0 381.0 267.0 381.0 small-vehicle 1
265.0 372.0 282.0 372.0 282.0 387.0 265.0 387.0 small-vehicle 1
253.0 390.0 270.0 390.0 270.0 405.0 253.0 405.0 small-vehicle 1
316.0 381.0 331.0 381.0 331.0 392.0 316.0 392.0 small-vehicle 1
355.0 314.0 369.0 314.0 369.0 327.0 355.0 327.0 small-vehicle 1
350.0 322.0 366.0 322.0 366.0 333.0 350.0 333.0 small-vehicle 1
343.0 330.0 360.0 330.0 360.0 342.0 343.0 342.0 small-vehicle 1
338.0 337.0 355.0 337.0 355.0 350.0 338.0 350.0 small-vehicle 1
334.0 348.0 350.0 348.0 350.0 360.0 334.0 360.0 small-vehicle 1
331.0 355.0 347.0 355.0 347.0 367.0 331.0 367.0 small-vehicle 1
324.0 362.0 341.0 362.0 341.0 377.0 324.0 377.0 small-vehicle 1
319.0 371.0 335.0 371.0 335.0 384.0 319.0 384.0 small-vehicle 1
751.0 1101.0 764.0 1101.0 764.0 1118.0 751.0 1118.0 small-vehicle 1
699.0 1062.0 709.0 1062.0 709.0 1082.0 699.0 1082.0 small-vehicle 1
22.0 760.0 35.0 760.0 35.0 776.0 22.0 776.0 small-vehicle 1
1314.0 850.0 1326.0 850.0 1326.0 869.0 1314.0 869.0 small-vehicle 1
1325.0 904.0 1343.0 904.0 1343.0 928.0 1325.0 928.0 small-vehicle 1
1311.0 926.0 1327.0 926.0 1327.0 945.0 1311.0 945.0 small-vehicle 1
1291.0 946.0 1312.0 946.0 1312.0 969.0 1291.0 969.0 small-vehicle 1
1268.0 981.0 1283.0 981.0 1283.0 996.0 1268.0 996.0 small-vehicle 1
1496.0 945.0 1511.0 945.0 1511.0 962.0 1496.0 962.0 small-vehicle 1
1515.0 966.0 1531.0 966.0 1531.0 983.0 1515.0 983.0 small-vehicle 1
1539.0 991.0 1556.0 991.0 1556.0 1010.0 1539.0 1010.0 small-vehicle 1
1555.0 1017.0 1573.0 1017.0 1573.0 1033.0 1555.0 1033.0 small-vehicle 1
1563.0 1026.0 1580.0 1026.0 1580.0 1043.0 1563.0 1043.0 small-vehicle 1
1540.0 1054.0 1556.0 1054.0 1556.0 1073.0 1540.0 1073.0 small-vehicle 1
1526.0 1069.0 1541.0 1069.0 1541.0 1086.0 1526.0 1086.0 small-vehicle 1
1507.0 1085.0 1524.0 1085.0 1524.0 1102.0 1507.0 1102.0 small-vehicle 1
1490.0 1099.0 1508.0 1099.0 1508.0 1117.0 1490.0 1117.0 small-vehicle 1
1512.0 1039.0 1527.0 1039.0 1527.0 1058.0 1512.0 1058.0 small-vehicle 1
1477.0 1078.0 1495.0 1078.0 1495.0 1095.0 1477.0 1095.0 small-vehicle 1
1457.0 1094.0 1474.0 1094.0 1474.0 1110.0 1457.0 1110.0 small-vehicle 1
1470.0 1118.0 1489.0 1118.0 1489.0 1137.0 1470.0 1137.0 small-vehicle 1
1455.0 1132.0 1473.0 1132.0 1473.0 1150.0 1455.0 1150.0 small-vehicle 1
1489.0 1220.0 1504.0 1220.0 1504.0 1237.0 1489.0 1237.0 small-vehicle 1
1346.0 873.0 1361.0 873.0 1361.0 894.0 1346.0 894.0 small-vehicle 1
1325.0 831.0 1338.0 831.0 1338.0 849.0 1325.0 849.0 small-vehicle 1
1642.0 674.0 1659.0 674.0 1659.0 689.0 1642.0 689.0 small-vehicle 1
1333.0 814.0 1346.0 814.0 1346.0 830.0 1333.0 830.0 small-vehicle 1
1645.0 360.0 1664.0 360.0 1664.0 375.0 1645.0 375.0 small-vehicle 1
1666.0 371.0 1685.0 371.0 1685.0 385.0 1666.0 385.0 small-vehicle 1
1639.0 386.0 1659.0 386.0 1659.0 399.0 1639.0 399.0 small-vehicle 1
1664.0 396.0 1680.0 396.0 1680.0 409.0 1664.0 409.0 small-vehicle 1
1597.0 688.0 1615.0 688.0 1615.0 704.0 1597.0 704.0 small-vehicle 1
1562.0 669.0 1579.0 669.0 1579.0 683.0 1562.0 683.0 small-vehicle 1
1543.0 659.0 1562.0 659.0 1562.0 674.0 1543.0 674.0 small-vehicle 1
1456.0 665.0 1470.0 665.0 1470.0 686.0 1456.0 686.0 small-vehicle 1
1428.0 630.0 1441.0 630.0 1441.0 651.0 1428.0 651.0 small-vehicle 1
1416.0 653.0 1431.0 653.0 1431.0 672.0 1416.0 672.0 small-vehicle 1
1406.0 675.0 1420.0 675.0 1420.0 693.0 1406.0 693.0 small-vehicle 1
1398.0 694.0 1410.0 694.0 1410.0 712.0 1398.0 712.0 small-vehicle 1
1429.0 713.0 1444.0 713.0 1444.0 732.0 1429.0 732.0 small-vehicle 1
1415.0 741.0 1429.0 741.0 1429.0 760.0 1415.0 760.0 small-vehicle 1
1387.0 712.0 1402.0 712.0 1402.0 731.0 1387.0 731.0 small-vehicle 1
1371.0 741.0 1383.0 741.0 1383.0 760.0 1371.0 760.0 small-vehicle 1
1359.0 759.0 1375.0 759.0 1375.0 778.0 1359.0 778.0 small-vehicle 1
1352.0 777.0 1365.0 777.0 1365.0 795.0 1352.0 795.0 small-vehicle 1
1342.0 796.0 1355.0 796.0 1355.0 815.0 1342.0 815.0 small-vehicle 1
1423.0 1162.0 1439.0 1162.0 1439.0 1178.0 1423.0 1178.0 small-vehicle 1
1409.0 1178.0 1423.0 1178.0 1423.0 1195.0 1409.0 1195.0 small-vehicle 1
1392.0 1195.0 1407.0 1195.0 1407.0 1211.0 1392.0 1211.0 small-vehicle 1
1375.0 1210.0 1392.0 1210.0 1392.0 1226.0 1375.0 1226.0 small-vehicle 1
1200.0 985.0 1216.0 985.0 1216.0 1000.0 1200.0 1000.0 small-vehicle 1
1184.0 998.0 1200.0 998.0 1200.0 1014.0 1184.0 1014.0 small-vehicle 1
1165.0 1012.0 1184.0 1012.0 1184.0 1027.0 1165.0 1027.0 small-vehicle 1
1145.0 1025.0 1164.0 1025.0 1164.0 1039.0 1145.0 1039.0 small-vehicle 1
1123.0 1034.0 1143.0 1034.0 1143.0 1050.0 1123.0 1050.0 small-vehicle 1
1099.0 1048.0 1118.0 1048.0 1118.0 1061.0 1099.0 1061.0 small-vehicle 1
1079.0 1055.0 1097.0 1055.0 1097.0 1067.0 1079.0 1067.0 small-vehicle 1
1057.0 1062.0 1077.0 1062.0 1077.0 1074.0 1057.0 1074.0 small-vehicle 1
1035.0 1070.0 1055.0 1070.0 1055.0 1081.0 1035.0 1081.0 small-vehicle 1
1014.0 1074.0 1035.0 1074.0 1035.0 1083.0 1014.0 1083.0 small-vehicle 1
992.0 1075.0 1011.0 1075.0 1011.0 1088.0 992.0 1088.0 small-vehicle 1
970.0 1083.0 991.0 1083.0 991.0 1094.0 970.0 1094.0 small-vehicle 1
946.0 1087.0 963.0 1087.0 963.0 1100.0 946.0 1100.0 small-vehicle 1
977.0 190.0 990.0 190.0 990.0 209.0 977.0 209.0 small-vehicle 1
966.0 209.0 980.0 209.0 980.0 228.0 966.0 228.0 small-vehicle 1
996.0 215.0 1009.0 215.0 1009.0 234.0 996.0 234.0 small-vehicle 1
998.0 204.0 1014.0 204.0 1014.0 225.0 998.0 225.0 small-vehicle 1
1004.0 196.0 1021.0 196.0 1021.0 216.0 1004.0 216.0 small-vehicle 1
1011.0 186.0 1025.0 186.0 1025.0 206.0 1011.0 206.0 small-vehicle 1
1213.0 973.0 1233.0 973.0 1233.0 992.0 1213.0 992.0 small-vehicle 1
1234.0 954.0 1252.0 954.0 1252.0 972.0 1234.0 972.0 small-vehicle 1
1251.0 933.0 1270.0 933.0 1270.0 956.0 1251.0 956.0 small-vehicle 1
1159.0 1107.0 1171.0 1107.0 1171.0 1123.0 1159.0 1123.0 small-vehicle 1
1400.0 1147.0 1417.0 1147.0 1417.0 1164.0 1400.0 1164.0 small-vehicle 1
1370.0 1175.0 1387.0 1175.0 1387.0 1192.0 1370.0 1192.0 small-vehicle 1
1355.0 1193.0 1370.0 1193.0 1370.0 1208.0 1355.0 1208.0 small-vehicle 1
1338.0 1206.0 1356.0 1206.0 1356.0 1224.0 1338.0 1224.0 small-vehicle 1
1284.0 1199.0 1299.0 1199.0 1299.0 1217.0 1284.0 1217.0 small-vehicle 1
1238.0 1191.0 1255.0 1191.0 1255.0 1210.0 1238.0 1210.0 small-vehicle 1
1188.0 1139.0 1200.0 1139.0 1200.0 1154.0 1188.0 1154.0 small-vehicle 1
1171.0 1122.0 1186.0 1122.0 1186.0 1137.0 1171.0 1137.0 small-vehicle 1
1085.0 1116.0 1091.0 1116.0 1091.0 1134.0 1085.0 1134.0 small-vehicle 1
1269.0 917.0 1286.0 917.0 1286.0 934.0 1269.0 934.0 small-vehicle 1
991.0 1120.0 1008.0 1120.0 1008.0 1131.0 991.0 1131.0 small-vehicle 1
1143.0 1091.0 1156.0 1091.0 1156.0 1104.0 1143.0 1104.0 small-vehicle 1
1182.0 1083.0 1194.0 1083.0 1194.0 1100.0 1182.0 1100.0 small-vehicle 1
1182.0 1057.0 1195.0 1057.0 1195.0 1077.0 1182.0 1077.0 small-vehicle 1
1203.0 1033.0 1220.0 1033.0 1220.0 1051.0 1203.0 1051.0 small-vehicle 1
1221.0 1019.0 1241.0 1019.0 1241.0 1036.0 1221.0 1036.0 small-vehicle 1
1298.0 875.0 1315.0 875.0 1315.0 894.0 1298.0 894.0 small-vehicle 1
1285.0 894.0 1301.0 894.0 1301.0 914.0 1285.0 914.0 small-vehicle 1
1674.0 664.0 1690.0 664.0 1690.0 682.0 1674.0 682.0 small-vehicle 1
1612.0 659.0 1631.0 659.0 1631.0 674.0 1612.0 674.0 small-vehicle 1
689.0 1027.0 700.0 1027.0 700.0 1044.0 689.0 1044.0 small-vehicle 1
862.0 1149.0 880.0 1149.0 880.0 1160.0 862.0 1160.0 small-vehicle 1
674.0 1193.0 693.0 1193.0 693.0 1208.0 674.0 1208.0 small-vehicle 1
657.0 1172.0 673.0 1172.0 673.0 1186.0 657.0 1186.0 small-vehicle 1
610.0 1174.0 627.0 1174.0 627.0 1189.0 610.0 1189.0 small-vehicle 1
492.0 1182.0 509.0 1182.0 509.0 1201.0 492.0 1201.0 small-vehicle 1
450.0 1138.0 467.0 1138.0 467.0 1157.0 450.0 1157.0 small-vehicle 1
441.0 1171.0 456.0 1171.0 456.0 1187.0 441.0 1187.0 small-vehicle 1
463.0 1193.0 477.0 1193.0 477.0 1210.0 463.0 1210.0 small-vehicle 1
15.0 1043.0 32.0 1043.0 32.0 1061.0 15.0 1061.0 small-vehicle 1
42.0 1097.0 58.0 1097.0 58.0 1115.0 42.0 1115.0 small-vehicle 1
32.0 1151.0 51.0 1151.0 51.0 1170.0 32.0 1170.0 small-vehicle 1
21.0 1155.0 35.0 1155.0 35.0 1173.0 21.0 1173.0 small-vehicle 1
102.0 1181.0 118.0 1181.0 118.0 1198.0 102.0 1198.0 small-vehicle 1
1011.0 39.0 1026.0 39.0 1026.0 58.0 1011.0 58.0 small-vehicle 1
999.0 57.0 1013.0 57.0 1013.0 77.0 999.0 77.0 small-vehicle 1
982.0 89.0 996.0 89.0 996.0 109.0 982.0 109.0 small-vehicle 1
961.0 127.0 977.0 127.0 977.0 149.0 961.0 149.0 small-vehicle 1
946.0 155.0 962.0 155.0 962.0 178.0 946.0 178.0 small-vehicle 1
945.0 245.0 959.0 245.0 959.0 265.0 945.0 265.0 small-vehicle 1
1000.0 141.0 1015.0 141.0 1015.0 164.0 1000.0 164.0 small-vehicle 1
808.0 1204.0 821.0 1204.0 821.0 1223.0 808.0 1223.0 small-vehicle 1
924.0 1134.0 944.0 1134.0 944.0 1147.0 924.0 1147.0 small-vehicle 1
1582.0 642.0 1598.0 642.0 1598.0 656.0 1582.0 656.0 small-vehicle 1
924.0 1094.0 940.0 1094.0 940.0 1106.0 924.0 1106.0 small-vehicle 1
700.0 1012.0 713.0 1012.0 713.0 1032.0 700.0 1032.0 small-vehicle 1
680.0 986.0 690.0 986.0 690.0 1004.0 680.0 1004.0 small-vehicle 1
661.0 943.0 675.0 943.0 675.0 962.0 661.0 962.0 small-vehicle 1
403.0 1090.0 421.0 1090.0 421.0 1111.0 403.0 1111.0 small-vehicle 1
378.0 1106.0 395.0 1106.0 395.0 1123.0 378.0 1123.0 small-vehicle 1
357.0 1083.0 374.0 1083.0 374.0 1100.0 357.0 1100.0 small-vehicle 1
319.0 1039.0 335.0 1039.0 335.0 1057.0 319.0 1057.0 small-vehicle 1
313.0 1061.0 331.0 1061.0 331.0 1080.0 313.0 1080.0 small-vehicle 1
317.0 996.0 334.0 996.0 334.0 1018.0 317.0 1018.0 small-vehicle 1
274.0 951.0 291.0 951.0 291.0 969.0 274.0 969.0 small-vehicle 1
261.0 938.0 278.0 938.0 278.0 956.0 261.0 956.0 small-vehicle 1
214.0 930.0 231.0 930.0 231.0 948.0 214.0 948.0 small-vehicle 1
247.0 963.0 261.0 963.0 261.0 980.0 247.0 980.0 small-vehicle 1
278.0 996.0 293.0 996.0 293.0 1013.0 278.0 1013.0 small-vehicle 1
801.0 1122.0 821.0 1122.0 821.0 1134.0 801.0 1134.0 small-vehicle 1
825.0 1115.0 844.0 1115.0 844.0 1128.0 825.0 1128.0 small-vehicle 1
849.0 1112.0 870.0 1112.0 870.0 1122.0 849.0 1122.0 small-vehicle 1
873.0 1107.0 887.0 1107.0 887.0 1116.0 873.0 1116.0 small-vehicle 1
895.0 1098.0 915.0 1098.0 915.0 1110.0 895.0 1110.0 small-vehicle 1
1006.0 260.0 1021.0 260.0 1021.0 280.0 1006.0 280.0 small-vehicle 1
973.0 279.0 986.0 279.0 986.0 291.0 973.0 291.0 small-vehicle 1
988.0 285.0 1008.0 285.0 1008.0 301.0 988.0 301.0 small-vehicle 1
1032.0 306.0 1052.0 306.0 1052.0 322.0 1032.0 322.0 small-vehicle 1
1661.0 278.0 1675.0 278.0 1675.0 295.0 1661.0 295.0 small-vehicle 1
1644.0 306.0 1659.0 306.0 1659.0 329.0 1644.0 329.0 small-vehicle 1
1592.0 403.0 1609.0 403.0 1609.0 423.0 1592.0 423.0 small-vehicle 1
1577.0 436.0 1590.0 436.0 1590.0 456.0 1577.0 456.0 small-vehicle 1
1555.0 392.0 1569.0 392.0 1569.0 413.0 1555.0 413.0 small-vehicle 1
1545.0 411.0 1559.0 411.0 1559.0 431.0 1545.0 431.0 small-vehicle 1
1534.0 432.0 1547.0 432.0 1547.0 449.0 1534.0 449.0 small-vehicle 1
1526.0 447.0 1539.0 447.0 1539.0 467.0 1526.0 467.0 small-vehicle 1
1517.0 467.0 1530.0 467.0 1530.0 483.0 1517.0 483.0 small-vehicle 1
1506.0 487.0 1518.0 487.0 1518.0 505.0 1506.0 505.0 small-vehicle 1
1495.0 504.0 1509.0 504.0 1509.0 523.0 1495.0 523.0 small-vehicle 1
1486.0 523.0 1499.0 523.0 1499.0 542.0 1486.0 542.0 small-vehicle 1
1472.0 544.0 1490.0 544.0 1490.0 569.0 1472.0 569.0 small-vehicle 1
1458.0 578.0 1470.0 578.0 1470.0 598.0 1458.0 598.0 small-vehicle 1
1446.0 598.0 1460.0 598.0 1460.0 618.0 1446.0 618.0 small-vehicle 1
1559.0 468.0 1572.0 468.0 1572.0 488.0 1559.0 488.0 small-vehicle 1
1531.0 521.0 1543.0 521.0 1543.0 539.0 1531.0 539.0 small-vehicle 1
1522.0 613.0 1538.0 613.0 1538.0 626.0 1522.0 626.0 small-vehicle 1
1561.0 632.0 1577.0 632.0 1577.0 645.0 1561.0 645.0 small-vehicle 1
1572.0 357.0 1588.0 357.0 1588.0 378.0 1572.0 378.0 small-vehicle 1
1585.0 333.0 1599.0 333.0 1599.0 354.0 1585.0 354.0 small-vehicle 1
1596.0 314.0 1611.0 314.0 1611.0 332.0 1596.0 332.0 small-vehicle 1
1167.0 369.0 1180.0 369.0 1180.0 386.0 1167.0 386.0 small-vehicle 1
1060.0 314.0 1074.0 314.0 1074.0 330.0 1060.0 330.0 small-vehicle 1
1071.0 316.0 1082.0 316.0 1082.0 335.0 1071.0 335.0 small-vehicle 1
1076.0 323.0 1089.0 323.0 1089.0 340.0 1076.0 340.0 small-vehicle 1
1091.0 329.0 1105.0 329.0 1105.0 349.0 1091.0 349.0 small-vehicle 1
1121.0 344.0 1136.0 344.0 1136.0 365.0 1121.0 365.0 small-vehicle 1
1133.0 352.0 1148.0 352.0 1148.0 374.0 1133.0 374.0 small-vehicle 1
1142.0 357.0 1155.0 357.0 1155.0 376.0 1142.0 376.0 small-vehicle 1
1158.0 362.0 1170.0 362.0 1170.0 380.0 1158.0 380.0 small-vehicle 1
1182.0 391.0 1200.0 391.0 1200.0 399.0 1182.0 399.0 small-vehicle 1
1608.0 294.0 1621.0 294.0 1621.0 313.0 1608.0 313.0 small-vehicle 1
1553.0 41.0 1571.0 41.0 1571.0 55.0 1553.0 55.0 small-vehicle 1
1596.0 63.0 1614.0 63.0 1614.0 79.0 1596.0 79.0 small-vehicle 1
1681.0 150.0 1697.0 150.0 1697.0 170.0 1681.0 170.0 small-vehicle 1
1669.0 174.0 1682.0 174.0 1682.0 195.0 1669.0 195.0 small-vehicle 1
1648.0 211.0 1663.0 211.0 1663.0 232.0 1648.0 232.0 small-vehicle 1
1634.0 235.0 1650.0 235.0 1650.0 258.0 1634.0 258.0 small-vehicle 1
1627.0 254.0 1638.0 254.0 1638.0 273.0 1627.0 273.0 small-vehicle 1
1618.0 272.0 1631.0 272.0 1631.0 293.0 1618.0 293.0 small-vehicle 1
909.0 316.0 991.0 316.0 991.0 418.0 909.0 418.0 tennis-court 0
