imagesource:GoogleEarth
gsd:0.272117481901
3724.0 1686.0 3746.0 1686.0 3746.0 1708.0 3724.0 1708.0 roundabout 0
456.0 1136.0 465.0 1136.0 465.0 1153.0 456.0 1153.0 small-vehicle 1
106.0 1631.0 114.0 1631.0 114.0 1649.0 106.0 1649.0 small-vehicle 1
205.0 1627.0 214.0 1627.0 214.0 1645.0 205.0 1645.0 small-vehicle 1
363.0 1658.0 383.0 1658.0 383.0 1665.0 363.0 1665.0 small-vehicle 1
302.0 1620.0 311.0 1620.0 311.0 1640.0 302.0 1640.0 small-vehicle 1
386.0 1614.0 395.0 1614.0 395.0 1634.0 386.0 1634.0 small-vehicle 1
434.0 1656.0 457.0 1656.0 457.0 1664.0 434.0 1664.0 small-vehicle 1
564.0 1615.0 575.0 1615.0 575.0 1635.0 564.0 1635.0 small-vehicle 1
465.0 1423.0 472.0 1423.0 472.0 1439.0 465.0 1439.0 small-vehicle 1
295.0 1420.0 302.0 1420.0 302.0 1437.0 295.0 1437.0 small-vehicle 1
210.0 1451.0 217.0 1451.0 217.0 1471.0 210.0 1471.0 small-vehicle 1
395.0 1418.0 404.0 1418.0 404.0 1437.0 395.0 1437.0 small-vehicle 1
493.0 1395.0 510.0 1395.0 510.0 1403.0 493.0 1403.0 small-vehicle 1
360.0 1399.0 378.0 1399.0 378.0 1407.0 360.0 1407.0 small-vehicle 1
602.0 1371.0 618.0 1371.0 618.0 1378.0 602.0 1378.0 small-vehicle 1
580.0 1357.0 599.0 1357.0 599.0 1364.0 580.0 1364.0 small-vehicle 1
539.0 1293.0 548.0 1293.0 548.0 1310.0 539.0 1310.0 small-vehicle 1
288.0 1319.0 296.0 1319.0 296.0 1339.0 288.0 1339.0 small-vehicle 1
206.0 1347.0 213.0 1347.0 213.0 1362.0 206.0 1362.0 small-vehicle 1
205.0 1328.0 213.0 1328.0 213.0 1343.0 205.0 1343.0 small-vehicle 1
36.0 1630.0 46.0 1630.0 46.0 1652.0 36.0 1652.0 small-vehicle 1
458.0 1624.0 467.0 1624.0 467.0 1642.0 458.0 1642.0 small-vehicle 1
1563.0 1692.0 1583.0 1692.0 1583.0 1701.0 1563.0 1701.0 small-vehicle 1
1973.0 157.0 1980.0 157.0 1980.0 174.0 1973.0 174.0 small-vehicle 1
1929.0 836.0 1953.0 836.0 1953.0 845.0 1929.0 845.0 small-vehicle 1
2164.0 308.0 2175.0 308.0 2175.0 325.0 2164.0 325.0 small-vehicle 1
2155.0 301.0 2163.0 301.0 2163.0 316.0 2155.0 316.0 small-vehicle 1
2147.0 301.0 2153.0 301.0 2153.0 318.0 2147.0 318.0 small-vehicle 1
2126.0 330.0 2135.0 330.0 2135.0 346.0 2126.0 346.0 small-vehicle 1
2129.0 308.0 2137.0 308.0 2137.0 327.0 2129.0 327.0 small-vehicle 1
1940.0 189.0 1959.0 189.0 1959.0 198.0 1940.0 198.0 small-vehicle 1
1937.0 107.0 1955.0 107.0 1955.0 115.0 1937.0 115.0 small-vehicle 1
1868.0 138.0 1876.0 138.0 1876.0 158.0 1868.0 158.0 small-vehicle 1
1588.0 1692.0 1605.0 1692.0 1605.0 1702.0 1588.0 1702.0 small-vehicle 1
1969.0 1452.0 1985.0 1452.0 1985.0 1461.0 1969.0 1461.0 small-vehicle 1
1982.0 1359.0 2001.0 1359.0 2001.0 1367.0 1982.0 1367.0 small-vehicle 1
1961.0 1358.0 1978.0 1358.0 1978.0 1367.0 1961.0 1367.0 small-vehicle 1
1662.0 1526.0 1673.0 1526.0 1673.0 1543.0 1662.0 1543.0 small-vehicle 1
2069.0 1364.0 2090.0 1364.0 2090.0 1371.0 2069.0 1371.0 small-vehicle 1
1801.0 1521.0 1820.0 1521.0 1820.0 1532.0 1801.0 1532.0 small-vehicle 1
1633.0 1692.0 1652.0 1692.0 1652.0 1700.0 1633.0 1700.0 small-vehicle 1
1609.0 1693.0 1628.0 1693.0 1628.0 1700.0 1609.0 1700.0 small-vehicle 1
33.0 1345.0 52.0 1345.0 52.0 1352.0 33.0 1352.0 small-vehicle 1
377.0 1162.0 385.0 1162.0 385.0 1179.0 377.0 1179.0 small-vehicle 1
1917.0 891.0 1925.0 891.0 1925.0 911.0 1917.0 911.0 small-vehicle 1
122.0 1156.0 130.0 1156.0 130.0 1172.0 122.0 1172.0 small-vehicle 1
1418.0 1624.0 1438.0 1624.0 1438.0 1645.0 1418.0 1645.0 small-vehicle 1
1655.0 1555.0 1672.0 1555.0 1672.0 1563.0 1655.0 1563.0 small-vehicle 1
980.0 1413.0 988.0 1413.0 988.0 1429.0 980.0 1429.0 small-vehicle 1
1333.0 1412.0 1341.0 1412.0 1341.0 1429.0 1333.0 1429.0 small-vehicle 1
1410.0 1389.0 1424.0 1389.0 1424.0 1409.0 1410.0 1409.0 small-vehicle 1
1493.0 1385.0 1506.0 1385.0 1506.0 1407.0 1493.0 1407.0 small-vehicle 1
1071.0 1271.0 1085.0 1271.0 1085.0 1291.0 1071.0 1291.0 small-vehicle 1
1082.0 1271.0 1096.0 1271.0 1096.0 1289.0 1082.0 1289.0 small-vehicle 1
1094.0 1269.0 1107.0 1269.0 1107.0 1288.0 1094.0 1288.0 small-vehicle 1
1104.0 1270.0 1118.0 1270.0 1118.0 1290.0 1104.0 1290.0 small-vehicle 1
1114.0 1271.0 1130.0 1271.0 1130.0 1289.0 1114.0 1289.0 small-vehicle 1
1123.0 1266.0 1138.0 1266.0 1138.0 1285.0 1123.0 1285.0 small-vehicle 1
1135.0 1270.0 1148.0 1270.0 1148.0 1287.0 1135.0 1287.0 small-vehicle 1
1147.0 1268.0 1161.0 1268.0 1161.0 1287.0 1147.0 1287.0 small-vehicle 1
1156.0 1267.0 1170.0 1267.0 1170.0 1287.0 1156.0 1287.0 small-vehicle 1
1166.0 1269.0 1181.0 1269.0 1181.0 1288.0 1166.0 1288.0 small-vehicle 1
1176.0 1268.0 1190.0 1268.0 1190.0 1288.0 1176.0 1288.0 small-vehicle 1
1189.0 1268.0 1201.0 1268.0 1201.0 1285.0 1189.0 1285.0 small-vehicle 1
1198.0 1269.0 1214.0 1269.0 1214.0 1287.0 1198.0 1287.0 small-vehicle 1
1407.0 1654.0 1426.0 1654.0 1426.0 1663.0 1407.0 1663.0 small-vehicle 1
1216.0 1633.0 1236.0 1633.0 1236.0 1643.0 1216.0 1643.0 small-vehicle 1
1163.0 1595.0 1171.0 1595.0 1171.0 1614.0 1163.0 1614.0 small-vehicle 1
810.0 1598.0 819.0 1598.0 819.0 1616.0 810.0 1616.0 small-vehicle 1
123.0 1136.0 132.0 1136.0 132.0 1154.0 123.0 1154.0 small-vehicle 1
178.0 1116.0 196.0 1116.0 196.0 1124.0 178.0 1124.0 small-vehicle 1
25.0 1121.0 41.0 1121.0 41.0 1130.0 25.0 1130.0 small-vehicle 1
27.0 561.0 37.0 561.0 37.0 580.0 27.0 580.0 small-vehicle 1
40.0 561.0 48.0 561.0 48.0 579.0 40.0 579.0 small-vehicle 1
655.0 1610.0 663.0 1610.0 663.0 1630.0 655.0 1630.0 small-vehicle 1
698.0 1646.0 717.0 1646.0 717.0 1653.0 698.0 1653.0 small-vehicle 1
805.0 1619.0 819.0 1619.0 819.0 1637.0 805.0 1637.0 small-vehicle 1
827.0 1644.0 848.0 1644.0 848.0 1654.0 827.0 1654.0 small-vehicle 1
1363.0 1569.0 1371.0 1569.0 1371.0 1586.0 1363.0 1586.0 small-vehicle 1
778.0 1682.0 796.0 1682.0 796.0 1689.0 778.0 1689.0 small-vehicle 1
815.0 1678.0 835.0 1678.0 835.0 1688.0 815.0 1688.0 small-vehicle 1
852.0 1641.0 872.0 1641.0 872.0 1652.0 852.0 1652.0 small-vehicle 1
899.0 1599.0 907.0 1599.0 907.0 1618.0 899.0 1618.0 small-vehicle 1
985.0 1674.0 1004.0 1674.0 1004.0 1683.0 985.0 1683.0 small-vehicle 1
1077.0 1594.0 1086.0 1594.0 1086.0 1618.0 1077.0 1618.0 small-vehicle 1
1085.0 1574.0 1093.0 1574.0 1093.0 1594.0 1085.0 1594.0 small-vehicle 1
1352.0 1569.0 1360.0 1569.0 1360.0 1588.0 1352.0 1588.0 small-vehicle 1
1928.0 894.0 1937.0 894.0 1937.0 912.0 1928.0 912.0 small-vehicle 1
1905.0 877.0 1910.0 877.0 1910.0 894.0 1905.0 894.0 small-vehicle 1
2421.0 591.0 2438.0 591.0 2438.0 597.0 2421.0 597.0 small-vehicle 1
2335.0 583.0 2354.0 583.0 2354.0 591.0 2335.0 591.0 small-vehicle 1
2392.0 469.0 2409.0 469.0 2409.0 477.0 2392.0 477.0 small-vehicle 1
2456.0 411.0 2462.0 411.0 2462.0 429.0 2456.0 429.0 small-vehicle 1
2446.0 410.0 2454.0 410.0 2454.0 428.0 2446.0 428.0 small-vehicle 1
2435.0 410.0 2444.0 410.0 2444.0 430.0 2435.0 430.0 small-vehicle 1
2416.0 415.0 2426.0 415.0 2426.0 431.0 2416.0 431.0 small-vehicle 1
2336.0 740.0 2355.0 740.0 2355.0 749.0 2336.0 749.0 small-vehicle 1
2339.0 729.0 2356.0 729.0 2356.0 735.0 2339.0 735.0 small-vehicle 1
2337.0 718.0 2357.0 718.0 2357.0 726.0 2337.0 726.0 small-vehicle 1
2337.0 704.0 2355.0 704.0 2355.0 712.0 2337.0 712.0 small-vehicle 1
2336.0 694.0 2357.0 694.0 2357.0 702.0 2336.0 702.0 small-vehicle 1
2337.0 684.0 2354.0 684.0 2354.0 691.0 2337.0 691.0 small-vehicle 1
2337.0 674.0 2354.0 674.0 2354.0 681.0 2337.0 681.0 small-vehicle 1
2337.0 665.0 2354.0 665.0 2354.0 673.0 2337.0 673.0 small-vehicle 1
2335.0 655.0 2353.0 655.0 2353.0 663.0 2335.0 663.0 small-vehicle 1
2336.0 646.0 2354.0 646.0 2354.0 654.0 2336.0 654.0 small-vehicle 1
2335.0 636.0 2353.0 636.0 2353.0 644.0 2335.0 644.0 small-vehicle 1
2332.0 625.0 2352.0 625.0 2352.0 633.0 2332.0 633.0 small-vehicle 1
2334.0 612.0 2353.0 612.0 2353.0 620.0 2334.0 620.0 small-vehicle 1
2336.0 602.0 2355.0 602.0 2355.0 610.0 2336.0 610.0 small-vehicle 1
2390.0 487.0 2409.0 487.0 2409.0 495.0 2390.0 495.0 small-vehicle 1
2391.0 497.0 2409.0 497.0 2409.0 506.0 2391.0 506.0 small-vehicle 1
2391.0 508.0 2409.0 508.0 2409.0 517.0 2391.0 517.0 small-vehicle 1
2416.0 469.0 2436.0 469.0 2436.0 478.0 2416.0 478.0 small-vehicle 1
2423.0 571.0 2440.0 571.0 2440.0 579.0 2423.0 579.0 small-vehicle 1
2421.0 563.0 2437.0 563.0 2437.0 569.0 2421.0 569.0 small-vehicle 1
2420.0 552.0 2440.0 552.0 2440.0 560.0 2420.0 560.0 small-vehicle 1
2418.0 543.0 2436.0 543.0 2436.0 550.0 2418.0 550.0 small-vehicle 1
2419.0 533.0 2438.0 533.0 2438.0 541.0 2419.0 541.0 small-vehicle 1
2420.0 523.0 2439.0 523.0 2439.0 531.0 2420.0 531.0 small-vehicle 1
2417.0 490.0 2435.0 490.0 2435.0 497.0 2417.0 497.0 small-vehicle 1
2417.0 480.0 2435.0 480.0 2435.0 488.0 2417.0 488.0 small-vehicle 1
2396.0 610.0 2412.0 610.0 2412.0 618.0 2396.0 618.0 small-vehicle 1
2393.0 524.0 2412.0 524.0 2412.0 533.0 2393.0 533.0 small-vehicle 1
2397.0 602.0 2412.0 602.0 2412.0 608.0 2397.0 608.0 small-vehicle 1
2392.0 591.0 2410.0 591.0 2410.0 598.0 2392.0 598.0 small-vehicle 1
2393.0 580.0 2410.0 580.0 2410.0 589.0 2393.0 589.0 small-vehicle 1
2393.0 572.0 2412.0 572.0 2412.0 579.0 2393.0 579.0 small-vehicle 1
2393.0 562.0 2412.0 562.0 2412.0 570.0 2393.0 570.0 small-vehicle 1
2394.0 553.0 2412.0 553.0 2412.0 561.0 2394.0 561.0 small-vehicle 1
2393.0 545.0 2413.0 545.0 2413.0 551.0 2393.0 551.0 small-vehicle 1
2392.0 535.0 2410.0 535.0 2410.0 542.0 2392.0 542.0 small-vehicle 1
2335.0 592.0 2352.0 592.0 2352.0 599.0 2335.0 599.0 small-vehicle 1
2333.0 573.0 2352.0 573.0 2352.0 580.0 2333.0 580.0 small-vehicle 1
1849.0 1149.0 1867.0 1149.0 1867.0 1158.0 1849.0 1158.0 small-vehicle 1
2334.0 564.0 2350.0 564.0 2350.0 570.0 2334.0 570.0 small-vehicle 1
2302.0 245.0 2310.0 245.0 2310.0 262.0 2302.0 262.0 small-vehicle 1
2300.0 219.0 2307.0 219.0 2307.0 238.0 2300.0 238.0 small-vehicle 1
2299.0 196.0 2308.0 196.0 2308.0 217.0 2299.0 217.0 small-vehicle 1
2298.0 162.0 2308.0 162.0 2308.0 181.0 2298.0 181.0 small-vehicle 1
2232.0 161.0 2251.0 161.0 2251.0 173.0 2232.0 173.0 small-vehicle 1
2012.0 1204.0 2052.0 1204.0 2052.0 1213.0 2012.0 1213.0 large-vehicle 0
2188.0 1186.0 2205.0 1186.0 2205.0 1196.0 2188.0 1196.0 small-vehicle 1
2142.0 1189.0 2162.0 1189.0 2162.0 1197.0 2142.0 1197.0 small-vehicle 1
2116.0 1188.0 2135.0 1188.0 2135.0 1197.0 2116.0 1197.0 small-vehicle 1
2072.0 1191.0 2093.0 1191.0 2093.0 1200.0 2072.0 1200.0 small-vehicle 1
2047.0 1192.0 2063.0 1192.0 2063.0 1199.0 2047.0 1199.0 small-vehicle 1
2024.0 1192.0 2043.0 1192.0 2043.0 1200.0 2024.0 1200.0 small-vehicle 1
1999.0 1191.0 2015.0 1191.0 2015.0 1200.0 1999.0 1200.0 small-vehicle 1
1970.0 1193.0 1986.0 1193.0 1986.0 1200.0 1970.0 1200.0 small-vehicle 1
1944.0 1194.0 1962.0 1194.0 1962.0 1203.0 1944.0 1203.0 small-vehicle 1
1938.0 1215.0 1958.0 1215.0 1958.0 1225.0 1938.0 1225.0 small-vehicle 1
1849.0 1194.0 1871.0 1194.0 1871.0 1204.0 1849.0 1204.0 small-vehicle 1
1846.0 1172.0 1864.0 1172.0 1864.0 1181.0 1846.0 1181.0 small-vehicle 1
1845.0 1159.0 1865.0 1159.0 1865.0 1169.0 1845.0 1169.0 small-vehicle 1
2093.0 316.0 2110.0 316.0 2110.0 341.0 2093.0 341.0 small-vehicle 1
2517.0 236.0 2524.0 236.0 2524.0 257.0 2517.0 257.0 small-vehicle 1
2531.0 236.0 2540.0 236.0 2540.0 257.0 2531.0 257.0 small-vehicle 1
2331.0 470.0 2350.0 470.0 2350.0 478.0 2331.0 478.0 small-vehicle 1
2334.0 552.0 2351.0 552.0 2351.0 559.0 2334.0 559.0 small-vehicle 1
2332.0 543.0 2350.0 543.0 2350.0 552.0 2332.0 552.0 small-vehicle 1
2332.0 533.0 2350.0 533.0 2350.0 542.0 2332.0 542.0 small-vehicle 1
2333.0 524.0 2350.0 524.0 2350.0 532.0 2333.0 532.0 small-vehicle 1
2332.0 511.0 2352.0 511.0 2352.0 517.0 2332.0 517.0 small-vehicle 1
2332.0 500.0 2349.0 500.0 2349.0 507.0 2332.0 507.0 small-vehicle 1
2333.0 490.0 2349.0 490.0 2349.0 498.0 2333.0 498.0 small-vehicle 1
2331.0 479.0 2350.0 479.0 2350.0 487.0 2331.0 487.0 small-vehicle 1
2332.0 460.0 2351.0 460.0 2351.0 467.0 2332.0 467.0 small-vehicle 1
2514.0 151.0 2521.0 151.0 2521.0 171.0 2514.0 171.0 small-vehicle 1
2332.0 441.0 2352.0 441.0 2352.0 448.0 2332.0 448.0 small-vehicle 1
2384.0 42.0 2396.0 42.0 2396.0 60.0 2384.0 60.0 small-vehicle 1
2404.0 43.0 2413.0 43.0 2413.0 60.0 2404.0 60.0 small-vehicle 1
2437.0 319.0 2444.0 319.0 2444.0 337.0 2437.0 337.0 small-vehicle 1
2651.0 101.0 2671.0 101.0 2671.0 109.0 2651.0 109.0 small-vehicle 1
2528.0 68.0 2546.0 68.0 2546.0 76.0 2528.0 76.0 small-vehicle 1
2536.0 105.0 2554.0 105.0 2554.0 112.0 2536.0 112.0 small-vehicle 1
2523.0 128.0 2531.0 128.0 2531.0 145.0 2523.0 145.0 small-vehicle 1
1209.0 1269.0 1222.0 1269.0 1222.0 1286.0 1209.0 1286.0 small-vehicle 1
1220.0 1266.0 1233.0 1266.0 1233.0 1285.0 1220.0 1285.0 small-vehicle 1
1242.0 1269.0 1257.0 1269.0 1257.0 1287.0 1242.0 1287.0 small-vehicle 1
412.0 216.0 431.0 216.0 431.0 224.0 412.0 224.0 small-vehicle 1
502.0 452.0 510.0 452.0 510.0 471.0 502.0 471.0 small-vehicle 1
421.0 400.0 439.0 400.0 439.0 408.0 421.0 408.0 small-vehicle 1
421.0 411.0 437.0 411.0 437.0 418.0 421.0 418.0 small-vehicle 1
419.0 421.0 437.0 421.0 437.0 430.0 419.0 430.0 small-vehicle 1
315.0 464.0 322.0 464.0 322.0 483.0 315.0 483.0 small-vehicle 1
503.0 254.0 513.0 254.0 513.0 274.0 503.0 274.0 small-vehicle 1
527.0 273.0 535.0 273.0 535.0 290.0 527.0 290.0 small-vehicle 1
608.0 257.0 618.0 257.0 618.0 273.0 608.0 273.0 small-vehicle 1
691.0 254.0 700.0 254.0 700.0 273.0 691.0 273.0 small-vehicle 1
739.0 246.0 753.0 246.0 753.0 264.0 739.0 264.0 small-vehicle 1
710.0 262.0 730.0 262.0 730.0 275.0 710.0 275.0 small-vehicle 1
723.0 233.0 743.0 233.0 743.0 242.0 723.0 242.0 small-vehicle 1
855.0 162.0 866.0 162.0 866.0 182.0 855.0 182.0 small-vehicle 1
765.0 147.0 773.0 147.0 773.0 165.0 765.0 165.0 small-vehicle 1
721.0 156.0 738.0 156.0 738.0 172.0 721.0 172.0 small-vehicle 1
702.0 166.0 722.0 166.0 722.0 176.0 702.0 176.0 small-vehicle 1
522.0 175.0 531.0 175.0 531.0 193.0 522.0 193.0 small-vehicle 1
418.0 323.0 437.0 323.0 437.0 332.0 418.0 332.0 small-vehicle 1
447.0 288.0 457.0 288.0 457.0 307.0 447.0 307.0 small-vehicle 1
511.0 471.0 519.0 471.0 519.0 488.0 511.0 488.0 small-vehicle 1
543.0 465.0 550.0 465.0 550.0 481.0 543.0 481.0 small-vehicle 1
555.0 467.0 564.0 467.0 564.0 487.0 555.0 487.0 small-vehicle 1
1411.0 102.0 1419.0 102.0 1419.0 118.0 1411.0 118.0 small-vehicle 0
1091.0 225.0 1100.0 225.0 1100.0 245.0 1091.0 245.0 small-vehicle 1
1129.0 219.0 1148.0 219.0 1148.0 228.0 1129.0 228.0 small-vehicle 1
1102.0 210.0 1119.0 210.0 1119.0 218.0 1102.0 218.0 small-vehicle 1
1064.0 154.0 1081.0 154.0 1081.0 170.0 1064.0 170.0 small-vehicle 1
1371.0 25.0 1381.0 25.0 1381.0 45.0 1371.0 45.0 small-vehicle 1
1407.0 173.0 1416.0 173.0 1416.0 192.0 1407.0 192.0 small-vehicle 1
1408.0 151.0 1416.0 151.0 1416.0 169.0 1408.0 169.0 small-vehicle 1
1410.0 37.0 1419.0 37.0 1419.0 58.0 1410.0 58.0 small-vehicle 0
1375.0 82.0 1382.0 82.0 1382.0 100.0 1375.0 100.0 small-vehicle 0
575.0 463.0 584.0 463.0 584.0 484.0 575.0 484.0 small-vehicle 1
1278.0 149.0 1291.0 149.0 1291.0 169.0 1278.0 169.0 small-vehicle 1
1042.0 157.0 1059.0 157.0 1059.0 171.0 1042.0 171.0 small-vehicle 1
1028.0 149.0 1037.0 149.0 1037.0 168.0 1028.0 168.0 small-vehicle 1
198.0 1082.0 219.0 1082.0 219.0 1091.0 198.0 1091.0 small-vehicle 1
97.0 974.0 108.0 974.0 108.0 994.0 97.0 994.0 small-vehicle 1
36.0 833.0 57.0 833.0 57.0 843.0 36.0 843.0 small-vehicle 1
44.0 763.0 55.0 763.0 55.0 785.0 44.0 785.0 small-vehicle 1
818.0 462.0 840.0 462.0 840.0 477.0 818.0 477.0 small-vehicle 1
444.0 260.0 456.0 260.0 456.0 278.0 444.0 278.0 small-vehicle 1
387.0 217.0 407.0 217.0 407.0 227.0 387.0 227.0 small-vehicle 1
1252.0 1266.0 1269.0 1266.0 1269.0 1284.0 1252.0 1284.0 small-vehicle 1
337.0 218.0 357.0 218.0 357.0 227.0 337.0 227.0 small-vehicle 0
2505.0 404.0 3227.0 404.0 3227.0 750.0 2505.0 750.0 ground-track-field 0
2722.0 1276.0 2764.0 1276.0 2764.0 1324.0 2722.0 1324.0 swimming-pool 1
2183.0 1293.0 2213.0 1293.0 2213.0 1336.0 2183.0 1336.0 swimming-pool 0
2136.0 1296.0 2172.0 1296.0 2172.0 1342.0 2136.0 1342.0 swimming-pool 0
2094.0 248.0 2136.0 248.0 2136.0 296.0 2094.0 296.0 swimming-pool 0
1817.0 501.0 2306.0 501.0 2306.0 799.0 1817.0 799.0 soccer-ball-field 1
1006.0 604.0 1593.0 604.0 1593.0 834.0 1006.0 834.0 ground-track-field 1
769.0 563.0 945.0 563.0 945.0 744.0 769.0 744.0 baseball-diamond 0
680.0 782.0 736.0 782.0 736.0 879.0 680.0 879.0 tennis-court 0
617.0 783.0 669.0 783.0 669.0 881.0 617.0 881.0 tennis-court 0
682.0 916.0 751.0 916.0 751.0 1016.0 682.0 1016.0 basketball-court 0
614.0 919.0 680.0 919.0 680.0 1016.0 614.0 1016.0 basketball-court 0
282.0 1247.0 324.0 1247.0 324.0 1268.0 282.0 1268.0 swimming-pool 0
1208.0 373.0 1236.0 373.0 1236.0 408.0 1208.0 408.0 swimming-pool 0
1122.0 314.0 1164.0 314.0 1164.0 340.0 1122.0 340.0 swimming-pool 0
1123.0 68.0 1167.0 68.0 1167.0 95.0 1123.0 95.0 swimming-pool 0
621.0 325.0 659.0 325.0 659.0 351.0 621.0 351.0 swimming-pool 1
526.0 92.0 571.0 92.0 571.0 120.0 526.0 120.0 swimming-pool 1
351.0 424.0 387.0 424.0 387.0 449.0 351.0 449.0 swimming-pool 0
2620.0 478.0 3060.0 478.0 3060.0 691.0 2620.0 691.0 soccer-ball-field 0
3559.0 1493.0 3755.0 1493.0 3755.0 1686.0 3559.0 1686.0 storage-tank 0
3770.0 1324.0 3896.0 1324.0 3896.0 1444.0 3770.0 1444.0 storage-tank 0
226.0 80.0 246.0 80.0 246.0 88.0 226.0 88.0 small-vehicle 1
339.0 199.0 351.0 199.0 351.0 215.0 339.0 215.0 small-vehicle 1
75.0 283.0 84.0 283.0 84.0 302.0 75.0 302.0 small-vehicle 1
64.0 281.0 72.0 281.0 72.0 297.0 64.0 297.0 small-vehicle 1
133.0 238.0 154.0 238.0 154.0 247.0 133.0 247.0 small-vehicle 1
102.0 216.0 123.0 216.0 123.0 224.0 102.0 224.0 small-vehicle 1
54.0 175.0 68.0 175.0 68.0 197.0 54.0 197.0 small-vehicle 1
70.0 180.0 84.0 180.0 84.0 200.0 70.0 200.0 small-vehicle 1
215.0 40.0 232.0 40.0 232.0 57.0 215.0 57.0 small-vehicle 1
389.0 48.0 410.0 48.0 410.0 57.0 389.0 57.0 small-vehicle 1
3906.0 88.0 3962.0 88.0 3962.0 143.0 3906.0 143.0 swimming-pool 0
402.0 33.0 418.0 33.0 418.0 41.0 402.0 41.0 small-vehicle 1
319.0 8.0 326.0 8.0 326.0 26.0 319.0 26.0 small-vehicle 1
563.0 396.0 591.0 396.0 591.0 418.0 563.0 418.0 swimming-pool 0
4222.0 629.0 4267.0 629.0 4267.0 672.0 4222.0 672.0 swimming-pool 0
4164.0 345.0 4189.0 345.0 4189.0 380.0 4164.0 380.0 swimming-pool 1
4207.0 246.0 4240.0 246.0 4240.0 295.0 4207.0 295.0 swimming-pool 0
3884.0 439.0 3913.0 439.0 3913.0 484.0 3884.0 484.0 swimming-pool 0
3880.0 190.0 3912.0 190.0 3912.0 236.0 3880.0 236.0 swimming-pool 0
1101.0 242.0 1108.0 242.0 1108.0 259.0 1101.0 259.0 small-vehicle 1
1141.0 258.0 1158.0 258.0 1158.0 274.0 1141.0 274.0 small-vehicle 1
1191.0 252.0 1198.0 252.0 1198.0 269.0 1191.0 269.0 small-vehicle 1
1289.0 237.0 1298.0 237.0 1298.0 256.0 1289.0 256.0 small-vehicle 1
1444.0 1308.0 1465.0 1308.0 1465.0 1325.0 1444.0 1325.0 small-vehicle 1
1461.0 1306.0 1479.0 1306.0 1479.0 1323.0 1461.0 1323.0 small-vehicle 1
1475.0 1306.0 1492.0 1306.0 1492.0 1323.0 1475.0 1323.0 small-vehicle 1
1490.0 1305.0 1509.0 1305.0 1509.0 1323.0 1490.0 1323.0 small-vehicle 1
1504.0 1302.0 1525.0 1302.0 1525.0 1322.0 1504.0 1322.0 small-vehicle 1
1518.0 1303.0 1537.0 1303.0 1537.0 1319.0 1518.0 1319.0 small-vehicle 1
1533.0 1304.0 1550.0 1304.0 1550.0 1321.0 1533.0 1321.0 small-vehicle 1
1543.0 1303.0 1564.0 1303.0 1564.0 1321.0 1543.0 1321.0 small-vehicle 1
1557.0 1302.0 1577.0 1302.0 1577.0 1319.0 1557.0 1319.0 small-vehicle 1
1573.0 1302.0 1588.0 1302.0 1588.0 1317.0 1573.0 1317.0 small-vehicle 1
1585.0 1303.0 1603.0 1303.0 1603.0 1319.0 1585.0 1319.0 small-vehicle 1
1595.0 1300.0 1614.0 1300.0 1614.0 1318.0 1595.0 1318.0 small-vehicle 1
1611.0 1301.0 1630.0 1301.0 1630.0 1318.0 1611.0 1318.0 small-vehicle 1
1626.0 1301.0 1644.0 1301.0 1644.0 1318.0 1626.0 1318.0 small-vehicle 1
1639.0 1296.0 1656.0 1296.0 1656.0 1313.0 1639.0 1313.0 small-vehicle 1
1428.0 1271.0 1438.0 1271.0 1438.0 1289.0 1428.0 1289.0 small-vehicle 1
1441.0 1270.0 1449.0 1270.0 1449.0 1287.0 1441.0 1287.0 small-vehicle 1
1450.0 1269.0 1458.0 1269.0 1458.0 1284.0 1450.0 1284.0 small-vehicle 1
1460.0 1268.0 1468.0 1268.0 1468.0 1285.0 1460.0 1285.0 small-vehicle 1
1551.0 1364.0 1573.0 1364.0 1573.0 1371.0 1551.0 1371.0 small-vehicle 1
1172.0 1374.0 1192.0 1374.0 1192.0 1381.0 1172.0 1381.0 small-vehicle 1
1168.0 1341.0 1186.0 1341.0 1186.0 1349.0 1168.0 1349.0 small-vehicle 1
1165.0 1306.0 1180.0 1306.0 1180.0 1326.0 1165.0 1326.0 small-vehicle 1
1041.0 1311.0 1057.0 1311.0 1057.0 1329.0 1041.0 1329.0 small-vehicle 1
1064.0 1310.0 1079.0 1310.0 1079.0 1330.0 1064.0 1330.0 small-vehicle 1
1075.0 1310.0 1091.0 1310.0 1091.0 1326.0 1075.0 1326.0 small-vehicle 1
1098.0 1309.0 1112.0 1309.0 1112.0 1326.0 1098.0 1326.0 small-vehicle 1
1109.0 1308.0 1122.0 1308.0 1122.0 1327.0 1109.0 1327.0 small-vehicle 1
1121.0 1308.0 1132.0 1308.0 1132.0 1326.0 1121.0 1326.0 small-vehicle 1
1140.0 1308.0 1156.0 1308.0 1156.0 1327.0 1140.0 1327.0 small-vehicle 1
1154.0 1308.0 1166.0 1308.0 1166.0 1326.0 1154.0 1326.0 small-vehicle 1
1175.0 1309.0 1191.0 1309.0 1191.0 1328.0 1175.0 1328.0 small-vehicle 1
1286.0 1310.0 1300.0 1310.0 1300.0 1328.0 1286.0 1328.0 small-vehicle 1
1196.0 1306.0 1211.0 1306.0 1211.0 1326.0 1196.0 1326.0 small-vehicle 1
1210.0 1307.0 1223.0 1307.0 1223.0 1325.0 1210.0 1325.0 small-vehicle 1
1221.0 1305.0 1234.0 1305.0 1234.0 1323.0 1221.0 1323.0 small-vehicle 1
1231.0 1304.0 1246.0 1304.0 1246.0 1327.0 1231.0 1327.0 small-vehicle 1
1244.0 1305.0 1257.0 1305.0 1257.0 1323.0 1244.0 1323.0 small-vehicle 1
1255.0 1305.0 1267.0 1305.0 1267.0 1322.0 1255.0 1322.0 small-vehicle 1
1264.0 1306.0 1279.0 1306.0 1279.0 1323.0 1264.0 1323.0 small-vehicle 1
1278.0 1305.0 1290.0 1305.0 1290.0 1323.0 1278.0 1323.0 small-vehicle 1
1474.0 1267.0 1487.0 1267.0 1487.0 1286.0 1474.0 1286.0 small-vehicle 1
1490.0 1262.0 1507.0 1262.0 1507.0 1282.0 1490.0 1282.0 small-vehicle 1
1501.0 1264.0 1522.0 1264.0 1522.0 1283.0 1501.0 1283.0 small-vehicle 1
1655.0 377.0 1673.0 377.0 1673.0 387.0 1655.0 387.0 small-vehicle 1
1793.0 813.0 1812.0 813.0 1812.0 823.0 1793.0 823.0 small-vehicle 1
1714.0 759.0 1733.0 759.0 1733.0 806.0 1714.0 806.0 large-vehicle 0
1215.0 509.0 1237.0 509.0 1237.0 520.0 1215.0 520.0 small-vehicle 1
1302.0 441.0 1312.0 441.0 1312.0 461.0 1302.0 461.0 small-vehicle 1
1290.0 442.0 1302.0 442.0 1302.0 461.0 1290.0 461.0 small-vehicle 1
945.0 460.0 955.0 460.0 955.0 479.0 945.0 479.0 small-vehicle 1
1106.0 423.0 1115.0 423.0 1115.0 443.0 1106.0 443.0 small-vehicle 1
1679.0 444.0 1688.0 444.0 1688.0 464.0 1679.0 464.0 small-vehicle 1
1626.0 379.0 1647.0 379.0 1647.0 389.0 1626.0 389.0 small-vehicle 1
1726.0 895.0 1737.0 895.0 1737.0 915.0 1726.0 915.0 small-vehicle 1
1597.0 365.0 1613.0 365.0 1613.0 373.0 1597.0 373.0 small-vehicle 1
1630.0 283.0 1649.0 283.0 1649.0 294.0 1630.0 294.0 small-vehicle 1
1672.0 191.0 1683.0 191.0 1683.0 207.0 1672.0 207.0 small-vehicle 1
1621.0 207.0 1638.0 207.0 1638.0 214.0 1621.0 214.0 small-vehicle 0
1612.0 198.0 1626.0 198.0 1626.0 206.0 1612.0 206.0 small-vehicle 1
1411.0 337.0 1422.0 337.0 1422.0 356.0 1411.0 356.0 small-vehicle 0
954.0 252.0 974.0 252.0 974.0 266.0 954.0 266.0 small-vehicle 1
978.0 248.0 996.0 248.0 996.0 264.0 978.0 264.0 small-vehicle 1
1725.0 868.0 1735.0 868.0 1735.0 889.0 1725.0 889.0 small-vehicle 1
1727.0 928.0 1738.0 928.0 1738.0 944.0 1727.0 944.0 small-vehicle 1
1517.0 1264.0 1536.0 1264.0 1536.0 1282.0 1517.0 1282.0 small-vehicle 1
1618.0 1212.0 1634.0 1212.0 1634.0 1230.0 1618.0 1230.0 small-vehicle 1
1531.0 1264.0 1547.0 1264.0 1547.0 1281.0 1531.0 1281.0 small-vehicle 1
1544.0 1265.0 1560.0 1265.0 1560.0 1280.0 1544.0 1280.0 small-vehicle 1
1557.0 1261.0 1575.0 1261.0 1575.0 1282.0 1557.0 1282.0 small-vehicle 1
1571.0 1262.0 1589.0 1262.0 1589.0 1282.0 1571.0 1282.0 small-vehicle 1
1647.0 1285.0 1666.0 1285.0 1666.0 1305.0 1647.0 1305.0 small-vehicle 1
1601.0 1262.0 1618.0 1262.0 1618.0 1279.0 1601.0 1279.0 small-vehicle 1
1613.0 1239.0 1630.0 1239.0 1630.0 1254.0 1613.0 1254.0 small-vehicle 1
1614.0 1226.0 1632.0 1226.0 1632.0 1242.0 1614.0 1242.0 small-vehicle 1
1653.0 1230.0 1671.0 1230.0 1671.0 1249.0 1653.0 1249.0 small-vehicle 1
1729.0 969.0 1737.0 969.0 1737.0 989.0 1729.0 989.0 small-vehicle 1
1613.0 1196.0 1629.0 1196.0 1629.0 1213.0 1613.0 1213.0 small-vehicle 1
1698.0 1303.0 1710.0 1303.0 1710.0 1320.0 1698.0 1320.0 small-vehicle 1
1653.0 1193.0 1671.0 1193.0 1671.0 1211.0 1653.0 1211.0 small-vehicle 1
1655.0 1180.0 1673.0 1180.0 1673.0 1195.0 1655.0 1195.0 small-vehicle 1
1651.0 1167.0 1668.0 1167.0 1668.0 1186.0 1651.0 1186.0 small-vehicle 1
1731.0 1087.0 1739.0 1087.0 1739.0 1104.0 1731.0 1104.0 small-vehicle 1
1729.0 1018.0 1737.0 1018.0 1737.0 1032.0 1729.0 1032.0 small-vehicle 1
1730.0 994.0 1739.0 994.0 1739.0 1013.0 1730.0 1013.0 small-vehicle 1
2422.0 581.0 2439.0 581.0 2439.0 588.0 2422.0 588.0 small-vehicle 1
2418.0 600.0 2437.0 600.0 2437.0 607.0 2418.0 607.0 small-vehicle 1
3723.0 1663.0 3744.0 1663.0 3744.0 1684.0 3723.0 1684.0 roundabout 0
4032.0 273.0 4044.0 273.0 4044.0 296.0 4032.0 296.0 small-vehicle 1
3642.0 518.0 3652.0 518.0 3652.0 535.0 3642.0 535.0 small-vehicle 1
3651.0 523.0 3660.0 523.0 3660.0 540.0 3651.0 540.0 small-vehicle 1
3667.0 519.0 3676.0 519.0 3676.0 535.0 3667.0 535.0 small-vehicle 1
3688.0 518.0 3697.0 518.0 3697.0 536.0 3688.0 536.0 small-vehicle 1
3701.0 517.0 3710.0 517.0 3710.0 535.0 3701.0 535.0 small-vehicle 1
3711.0 518.0 3718.0 518.0 3718.0 536.0 3711.0 536.0 small-vehicle 1
3718.0 518.0 3727.0 518.0 3727.0 535.0 3718.0 535.0 small-vehicle 1
3729.0 518.0 3739.0 518.0 3739.0 536.0 3729.0 536.0 small-vehicle 1
4079.0 472.0 4089.0 472.0 4089.0 491.0 4079.0 491.0 small-vehicle 1
4284.0 307.0 4304.0 307.0 4304.0 318.0 4284.0 318.0 small-vehicle 1
4294.0 226.0 4314.0 226.0 4314.0 233.0 4294.0 233.0 small-vehicle 1
4288.0 174.0 4308.0 174.0 4308.0 183.0 4288.0 183.0 small-vehicle 1
4286.0 80.0 4305.0 80.0 4305.0 93.0 4286.0 93.0 small-vehicle 1
4220.0 98.0 4231.0 98.0 4231.0 116.0 4220.0 116.0 small-vehicle 1
4071.0 375.0 4081.0 375.0 4081.0 397.0 4071.0 397.0 small-vehicle 1
4089.0 335.0 4111.0 335.0 4111.0 345.0 4089.0 345.0 small-vehicle 1
4069.0 276.0 4089.0 276.0 4089.0 288.0 4069.0 288.0 small-vehicle 1
3998.0 78.0 4016.0 78.0 4016.0 87.0 3998.0 87.0 small-vehicle 1
4102.0 172.0 4118.0 172.0 4118.0 180.0 4102.0 180.0 small-vehicle 1
3624.0 519.0 3632.0 519.0 3632.0 540.0 3624.0 540.0 small-vehicle 1
4184.0 544.0 4203.0 544.0 4203.0 554.0 4184.0 554.0 small-vehicle 1
4221.0 543.0 4237.0 543.0 4237.0 564.0 4221.0 564.0 small-vehicle 1
3643.0 567.0 3653.0 567.0 3653.0 584.0 3643.0 584.0 small-vehicle 1
3690.0 634.0 3704.0 634.0 3704.0 649.0 3690.0 649.0 small-vehicle 1
3689.0 621.0 3708.0 621.0 3708.0 638.0 3689.0 638.0 small-vehicle 0
3688.0 610.0 3704.0 610.0 3704.0 624.0 3688.0 624.0 small-vehicle 1
3688.0 597.0 3704.0 597.0 3704.0 613.0 3688.0 613.0 small-vehicle 1
3693.0 587.0 3709.0 587.0 3709.0 605.0 3693.0 605.0 small-vehicle 1
3690.0 573.0 3706.0 573.0 3706.0 589.0 3690.0 589.0 small-vehicle 1
3678.0 565.0 3689.0 565.0 3689.0 585.0 3678.0 585.0 small-vehicle 1
3657.0 566.0 3666.0 566.0 3666.0 583.0 3657.0 583.0 small-vehicle 1
3633.0 566.0 3642.0 566.0 3642.0 584.0 3633.0 584.0 small-vehicle 1
4238.0 557.0 4246.0 557.0 4246.0 574.0 4238.0 574.0 small-vehicle 1
3616.0 570.0 3624.0 570.0 3624.0 587.0 3616.0 587.0 small-vehicle 1
3604.0 579.0 3613.0 579.0 3613.0 598.0 3604.0 598.0 small-vehicle 1
3762.0 765.0 3769.0 765.0 3769.0 783.0 3762.0 783.0 small-vehicle 1
3762.0 733.0 3769.0 733.0 3769.0 752.0 3762.0 752.0 small-vehicle 1
4295.0 694.0 4312.0 694.0 4312.0 702.0 4295.0 702.0 small-vehicle 1
4216.0 600.0 4228.0 600.0 4228.0 616.0 4216.0 616.0 small-vehicle 1
4216.0 577.0 4227.0 577.0 4227.0 599.0 4216.0 599.0 small-vehicle 1
4238.0 580.0 4247.0 580.0 4247.0 598.0 4238.0 598.0 small-vehicle 1
4095.0 145.0 4114.0 145.0 4114.0 156.0 4095.0 156.0 small-vehicle 1
3782.0 295.0 3791.0 295.0 3791.0 314.0 3782.0 314.0 small-vehicle 1
3690.0 671.0 3708.0 671.0 3708.0 686.0 3690.0 686.0 small-vehicle 1
3817.0 262.0 3835.0 262.0 3835.0 270.0 3817.0 270.0 small-vehicle 1
3240.0 1413.0 3260.0 1413.0 3260.0 1421.0 3240.0 1421.0 small-vehicle 1
3252.0 1404.0 3266.0 1404.0 3266.0 1412.0 3252.0 1412.0 small-vehicle 1
3072.0 1430.0 3082.0 1430.0 3082.0 1449.0 3072.0 1449.0 small-vehicle 1
3247.0 1364.0 3265.0 1364.0 3265.0 1382.0 3247.0 1382.0 small-vehicle 1
3225.0 1347.0 3234.0 1347.0 3234.0 1366.0 3225.0 1366.0 small-vehicle 1
3177.0 1136.0 3198.0 1136.0 3198.0 1144.0 3177.0 1144.0 small-vehicle 1
3179.0 1126.0 3196.0 1126.0 3196.0 1133.0 3179.0 1133.0 small-vehicle 1
3180.0 1117.0 3199.0 1117.0 3199.0 1124.0 3180.0 1124.0 small-vehicle 1
3180.0 1108.0 3197.0 1108.0 3197.0 1115.0 3180.0 1115.0 small-vehicle 1
3179.0 1099.0 3198.0 1099.0 3198.0 1107.0 3179.0 1107.0 small-vehicle 1
3177.0 1088.0 3193.0 1088.0 3193.0 1096.0 3177.0 1096.0 small-vehicle 1
3176.0 1078.0 3192.0 1078.0 3192.0 1085.0 3176.0 1085.0 small-vehicle 1
3177.0 1069.0 3194.0 1069.0 3194.0 1076.0 3177.0 1076.0 small-vehicle 1
3101.0 1070.0 3120.0 1070.0 3120.0 1078.0 3101.0 1078.0 small-vehicle 1
3115.0 1082.0 3137.0 1082.0 3137.0 1089.0 3115.0 1089.0 small-vehicle 1
3121.0 1092.0 3141.0 1092.0 3141.0 1098.0 3121.0 1098.0 small-vehicle 1
3124.0 1104.0 3144.0 1104.0 3144.0 1113.0 3124.0 1113.0 small-vehicle 1
3125.0 1132.0 3146.0 1132.0 3146.0 1141.0 3125.0 1141.0 small-vehicle 1
3123.0 1124.0 3144.0 1124.0 3144.0 1133.0 3123.0 1133.0 small-vehicle 1
3228.0 1423.0 3241.0 1423.0 3241.0 1432.0 3228.0 1432.0 small-vehicle 1
3229.0 1439.0 3237.0 1439.0 3237.0 1458.0 3229.0 1458.0 small-vehicle 1
3436.0 1317.0 3454.0 1317.0 3454.0 1326.0 3436.0 1326.0 small-vehicle 1
3407.0 1414.0 3427.0 1414.0 3427.0 1424.0 3407.0 1424.0 small-vehicle 1
3782.0 231.0 3790.0 231.0 3790.0 252.0 3782.0 252.0 small-vehicle 1
3780.0 210.0 3788.0 210.0 3788.0 227.0 3780.0 227.0 small-vehicle 1
4020.0 160.0 4040.0 160.0 4040.0 168.0 4020.0 168.0 small-vehicle 1
3563.0 85.0 3576.0 85.0 3576.0 104.0 3563.0 104.0 small-vehicle 1
3547.0 120.0 3557.0 120.0 3557.0 146.0 3547.0 146.0 large-vehicle 0
3594.0 129.0 3601.0 129.0 3601.0 146.0 3594.0 146.0 small-vehicle 1
3646.0 127.0 3652.0 127.0 3652.0 143.0 3646.0 143.0 small-vehicle 1
3661.0 128.0 3668.0 128.0 3668.0 145.0 3661.0 145.0 small-vehicle 1
2965.0 1684.0 2984.0 1684.0 2984.0 1691.0 2965.0 1691.0 small-vehicle 1
3438.0 1330.0 3456.0 1330.0 3456.0 1337.0 3438.0 1337.0 small-vehicle 1
2941.0 1702.0 2953.0 1702.0 2953.0 1723.0 2941.0 1723.0 small-vehicle 1
2871.0 1677.0 2890.0 1677.0 2890.0 1686.0 2871.0 1686.0 small-vehicle 1
2885.0 1591.0 2906.0 1591.0 2906.0 1601.0 2885.0 1601.0 small-vehicle 1
2873.0 1509.0 2894.0 1509.0 2894.0 1516.0 2873.0 1516.0 small-vehicle 1
2959.0 1506.0 2979.0 1506.0 2979.0 1514.0 2959.0 1514.0 small-vehicle 1
2940.0 1517.0 2950.0 1517.0 2950.0 1541.0 2940.0 1541.0 small-vehicle 1
3228.0 1466.0 3240.0 1466.0 3240.0 1483.0 3228.0 1483.0 small-vehicle 1
3441.0 1346.0 3459.0 1346.0 3459.0 1356.0 3441.0 1356.0 small-vehicle 1
3689.0 657.0 3706.0 657.0 3706.0 672.0 3689.0 672.0 small-vehicle 1
3690.0 682.0 3707.0 682.0 3707.0 698.0 3690.0 698.0 small-vehicle 1
2418.0 610.0 2440.0 610.0 2440.0 619.0 2418.0 619.0 small-vehicle 1
3631.0 1458.0 3666.0 1458.0 3666.0 1469.0 3631.0 1469.0 large-vehicle 0
2077.0 1696.0 2093.0 1696.0 2093.0 1707.0 2077.0 1707.0 small-vehicle 1
2341.0 1399.0 2350.0 1399.0 2350.0 1418.0 2341.0 1418.0 small-vehicle 1
2526.0 1095.0 2534.0 1095.0 2534.0 1113.0 2526.0 1113.0 small-vehicle 1
2430.0 1147.0 2440.0 1147.0 2440.0 1164.0 2430.0 1164.0 small-vehicle 1
2109.0 1155.0 2118.0 1155.0 2118.0 1173.0 2109.0 1173.0 small-vehicle 1
2100.0 1154.0 2108.0 1154.0 2108.0 1172.0 2100.0 1172.0 small-vehicle 1
2423.0 664.0 2441.0 664.0 2441.0 671.0 2423.0 671.0 small-vehicle 1
2469.0 550.0 2486.0 550.0 2486.0 558.0 2469.0 558.0 small-vehicle 1
2465.0 438.0 2485.0 438.0 2485.0 448.0 2465.0 448.0 small-vehicle 1
2026.0 161.0 2043.0 161.0 2043.0 170.0 2026.0 170.0 small-vehicle 1
1454.0 1609.0 1477.0 1609.0 1477.0 1623.0 1454.0 1623.0 small-vehicle 1
547.0 1565.0 558.0 1565.0 558.0 1587.0 547.0 1587.0 ship 1
464.0 1441.0 471.0 1441.0 471.0 1459.0 464.0 1459.0 small-vehicle 1
293.0 1450.0 301.0 1450.0 301.0 1469.0 293.0 1469.0 small-vehicle 1
306.0 1434.0 313.0 1434.0 313.0 1451.0 306.0 1451.0 small-vehicle 1
45.0 1084.0 64.0 1084.0 64.0 1092.0 45.0 1092.0 small-vehicle 1
3511.0 1214.0 3519.0 1214.0 3519.0 1231.0 3511.0 1231.0 small-vehicle 1
3428.0 1204.0 3450.0 1204.0 3450.0 1224.0 3428.0 1224.0 small-vehicle 1
3562.0 1401.0 3583.0 1401.0 3583.0 1410.0 3562.0 1410.0 small-vehicle 1
1768.0 1666.0 1786.0 1666.0 1786.0 1674.0 1768.0 1674.0 small-vehicle 1
1769.0 1538.0 1790.0 1538.0 1790.0 1547.0 1769.0 1547.0 small-vehicle 1
2635.0 1268.0 2646.0 1268.0 2646.0 1289.0 2635.0 1289.0 small-vehicle 1
1496.0 843.0 1556.0 843.0 1556.0 945.0 1496.0 945.0 basketball-court 0
3767.0 1659.0 3818.0 1659.0 3818.0 1711.0 3767.0 1711.0 roundabout 0
3765.0 1601.0 3817.0 1601.0 3817.0 1655.0 3765.0 1655.0 roundabout 0
3767.0 1540.0 3820.0 1540.0 3820.0 1596.0 3767.0 1596.0 roundabout 0
1630.0 856.0 1665.0 856.0 1665.0 925.0 1630.0 925.0 tennis-court 0
1594.0 858.0 1628.0 858.0 1628.0 925.0 1594.0 925.0 tennis-court 0
1557.0 861.0 1590.0 861.0 1590.0 926.0 1557.0 926.0 tennis-court 0
1520.0 860.0 1553.0 860.0 1553.0 926.0 1520.0 926.0 tennis-court 0
1482.0 860.0 1516.0 860.0 1516.0 928.0 1482.0 928.0 tennis-court 0
2309.0 1565.0 2317.0 1565.0 2317.0 1583.0 2309.0 1583.0 small-vehicle 1
3393.0 684.0 3415.0 684.0 3415.0 697.0 3393.0 697.0 small-vehicle 1
424.0 1209.0 442.0 1209.0 442.0 1218.0 424.0 1218.0 small-vehicle 1
271.0 1072.0 288.0 1072.0 288.0 1085.0 271.0 1085.0 small-vehicle 1
249.0 1079.0 268.0 1079.0 268.0 1087.0 249.0 1087.0 small-vehicle 1
4021.0 1700.0 4041.0 1700.0 4041.0 1711.0 4021.0 1711.0 small-vehicle 1
4224.0 562.0 4238.0 562.0 4238.0 582.0 4224.0 582.0 small-vehicle 1
4000.0 428.0 4019.0 428.0 4019.0 437.0 4000.0 437.0 small-vehicle 1
4038.0 442.0 4049.0 442.0 4049.0 467.0 4038.0 467.0 small-vehicle 1
2957.0 90.0 2978.0 90.0 2978.0 98.0 2957.0 98.0 small-vehicle 1
3564.0 1412.0 3584.0 1412.0 3584.0 1421.0 3564.0 1421.0 small-vehicle 1
3983.0 1574.0 4025.0 1574.0 4025.0 1587.0 3983.0 1587.0 large-vehicle 0
3693.0 696.0 3709.0 696.0 3709.0 711.0 3693.0 711.0 small-vehicle 1
4046.0 1627.0 4055.0 1627.0 4055.0 1646.0 4046.0 1646.0 small-vehicle 1
3724.0 595.0 3743.0 595.0 3743.0 611.0 3724.0 611.0 small-vehicle 0
3646.0 822.0 3657.0 822.0 3657.0 842.0 3646.0 842.0 small-vehicle 1
3659.0 827.0 3666.0 827.0 3666.0 844.0 3659.0 844.0 small-vehicle 1
3668.0 828.0 3676.0 828.0 3676.0 846.0 3668.0 846.0 small-vehicle 1
3684.0 826.0 3691.0 826.0 3691.0 843.0 3684.0 843.0 small-vehicle 1
3696.0 829.0 3704.0 829.0 3704.0 846.0 3696.0 846.0 small-vehicle 1
3740.0 825.0 3748.0 825.0 3748.0 842.0 3740.0 842.0 small-vehicle 1
3853.0 840.0 3872.0 840.0 3872.0 849.0 3853.0 849.0 small-vehicle 1
3639.0 774.0 3647.0 774.0 3647.0 791.0 3639.0 791.0 small-vehicle 1
3651.0 777.0 3658.0 777.0 3658.0 793.0 3651.0 793.0 small-vehicle 1
3660.0 775.0 3671.0 775.0 3671.0 792.0 3660.0 792.0 small-vehicle 1
3673.0 773.0 3682.0 773.0 3682.0 793.0 3673.0 793.0 small-vehicle 1
3695.0 781.0 3712.0 781.0 3712.0 797.0 3695.0 797.0 small-vehicle 0
3694.0 769.0 3714.0 769.0 3714.0 786.0 3694.0 786.0 small-vehicle 1
3693.0 755.0 3710.0 755.0 3710.0 772.0 3693.0 772.0 small-vehicle 1
3692.0 743.0 3710.0 743.0 3710.0 760.0 3692.0 760.0 small-vehicle 1
3692.0 730.0 3709.0 730.0 3709.0 747.0 3692.0 747.0 small-vehicle 1
3694.0 722.0 3710.0 722.0 3710.0 738.0 3694.0 738.0 small-vehicle 1
3692.0 708.0 3707.0 708.0 3707.0 722.0 3692.0 722.0 small-vehicle 1
3730.0 606.0 3747.0 606.0 3747.0 621.0 3730.0 621.0 small-vehicle 1
3727.0 619.0 3746.0 619.0 3746.0 634.0 3727.0 634.0 small-vehicle 1
3727.0 629.0 3748.0 629.0 3748.0 645.0 3727.0 645.0 small-vehicle 1
3731.0 766.0 3748.0 766.0 3748.0 780.0 3731.0 780.0 small-vehicle 1
4028.0 1583.0 4037.0 1583.0 4037.0 1602.0 4028.0 1602.0 small-vehicle 1
3808.0 1450.0 3829.0 1450.0 3829.0 1462.0 3808.0 1462.0 small-vehicle 1
4058.0 1352.0 4069.0 1352.0 4069.0 1374.0 4058.0 1374.0 small-vehicle 1
4238.0 1198.0 4259.0 1198.0 4259.0 1209.0 4238.0 1209.0 small-vehicle 1
4269.0 1203.0 4281.0 1203.0 4281.0 1223.0 4269.0 1223.0 small-vehicle 1
4281.0 1193.0 4301.0 1193.0 4301.0 1203.0 4281.0 1203.0 small-vehicle 1
4257.0 1108.0 4277.0 1108.0 4277.0 1120.0 4257.0 1120.0 small-vehicle 1
3794.0 895.0 3806.0 895.0 3806.0 916.0 3794.0 916.0 small-vehicle 1
3732.0 754.0 3750.0 754.0 3750.0 767.0 3732.0 767.0 small-vehicle 1
3731.0 640.0 3747.0 640.0 3747.0 657.0 3731.0 657.0 small-vehicle 1
3732.0 741.0 3750.0 741.0 3750.0 756.0 3732.0 756.0 small-vehicle 1
3734.0 726.0 3750.0 726.0 3750.0 742.0 3734.0 742.0 small-vehicle 1
3733.0 715.0 3750.0 715.0 3750.0 731.0 3733.0 731.0 small-vehicle 1
3733.0 702.0 3749.0 702.0 3749.0 717.0 3733.0 717.0 small-vehicle 1
3729.0 694.0 3746.0 694.0 3746.0 709.0 3729.0 709.0 small-vehicle 1
3730.0 680.0 3746.0 680.0 3746.0 696.0 3730.0 696.0 small-vehicle 1
3732.0 667.0 3749.0 667.0 3749.0 683.0 3732.0 683.0 small-vehicle 0
3733.0 653.0 3749.0 653.0 3749.0 668.0 3733.0 668.0 small-vehicle 1
3146.0 1263.0 3159.0 1263.0 3159.0 1284.0 3146.0 1284.0 small-vehicle 1
3001.0 1223.0 3020.0 1223.0 3020.0 1236.0 3001.0 1236.0 small-vehicle 1
2980.0 1227.0 2999.0 1227.0 2999.0 1236.0 2980.0 1236.0 small-vehicle 1
2672.0 1173.0 2690.0 1173.0 2690.0 1180.0 2672.0 1180.0 small-vehicle 1
2435.0 1099.0 2442.0 1099.0 2442.0 1115.0 2435.0 1115.0 small-vehicle 1
2455.0 1097.0 2465.0 1097.0 2465.0 1117.0 2455.0 1117.0 small-vehicle 1
2474.0 1099.0 2480.0 1099.0 2480.0 1114.0 2474.0 1114.0 small-vehicle 1
2485.0 1097.0 2492.0 1097.0 2492.0 1113.0 2485.0 1113.0 small-vehicle 1
2495.0 1098.0 2501.0 1098.0 2501.0 1114.0 2495.0 1114.0 small-vehicle 1
2504.0 1097.0 2513.0 1097.0 2513.0 1114.0 2504.0 1114.0 small-vehicle 1
2516.0 1095.0 2524.0 1095.0 2524.0 1113.0 2516.0 1113.0 small-vehicle 1
2535.0 1096.0 2542.0 1096.0 2542.0 1115.0 2535.0 1115.0 small-vehicle 1
2544.0 1098.0 2552.0 1098.0 2552.0 1114.0 2544.0 1114.0 small-vehicle 1
2551.0 1132.0 2568.0 1132.0 2568.0 1140.0 2551.0 1140.0 small-vehicle 1
2550.0 1121.0 2567.0 1121.0 2567.0 1129.0 2550.0 1129.0 small-vehicle 1
2240.0 1186.0 2260.0 1186.0 2260.0 1194.0 2240.0 1194.0 small-vehicle 1
2267.0 1186.0 2283.0 1186.0 2283.0 1194.0 2267.0 1194.0 small-vehicle 1
2302.0 1184.0 2322.0 1184.0 2322.0 1193.0 2302.0 1193.0 small-vehicle 1
2333.0 1183.0 2351.0 1183.0 2351.0 1191.0 2333.0 1191.0 small-vehicle 1
2361.0 1183.0 2382.0 1183.0 2382.0 1192.0 2361.0 1192.0 small-vehicle 1
2473.0 1178.0 2489.0 1178.0 2489.0 1187.0 2473.0 1187.0 small-vehicle 1
2567.0 1175.0 2584.0 1175.0 2584.0 1183.0 2567.0 1183.0 small-vehicle 1
2592.0 1176.0 2610.0 1176.0 2610.0 1183.0 2592.0 1183.0 small-vehicle 1
2403.0 1114.0 2422.0 1114.0 2422.0 1126.0 2403.0 1126.0 small-vehicle 0
2384.0 1114.0 2401.0 1114.0 2401.0 1124.0 2384.0 1124.0 small-vehicle 0
2358.0 1113.0 2375.0 1113.0 2375.0 1121.0 2358.0 1121.0 small-vehicle 0
2065.0 1120.0 2080.0 1120.0 2080.0 1126.0 2065.0 1126.0 small-vehicle 1
2482.0 1145.0 2490.0 1145.0 2490.0 1164.0 2482.0 1164.0 small-vehicle 1
1895.0 1139.0 1912.0 1139.0 1912.0 1155.0 1895.0 1155.0 small-vehicle 1
1926.0 1125.0 1943.0 1125.0 1943.0 1136.0 1926.0 1136.0 small-vehicle 1
1946.0 1124.0 1963.0 1124.0 1963.0 1132.0 1946.0 1132.0 small-vehicle 1
1972.0 1122.0 1990.0 1122.0 1990.0 1130.0 1972.0 1130.0 small-vehicle 1
1995.0 1120.0 2013.0 1120.0 2013.0 1128.0 1995.0 1128.0 small-vehicle 1
2020.0 1120.0 2035.0 1120.0 2035.0 1127.0 2020.0 1127.0 small-vehicle 1
2043.0 1119.0 2060.0 1119.0 2060.0 1127.0 2043.0 1127.0 small-vehicle 1
2087.0 1121.0 2104.0 1121.0 2104.0 1127.0 2087.0 1127.0 small-vehicle 1
2333.0 1113.0 2352.0 1113.0 2352.0 1120.0 2333.0 1120.0 small-vehicle 1
2113.0 1119.0 2132.0 1119.0 2132.0 1127.0 2113.0 1127.0 small-vehicle 1
2156.0 1117.0 2176.0 1117.0 2176.0 1126.0 2156.0 1126.0 small-vehicle 1
2178.0 1117.0 2194.0 1117.0 2194.0 1124.0 2178.0 1124.0 small-vehicle 1
2199.0 1118.0 2215.0 1118.0 2215.0 1125.0 2199.0 1125.0 small-vehicle 1
2229.0 1116.0 2246.0 1116.0 2246.0 1122.0 2229.0 1122.0 small-vehicle 1
2253.0 1115.0 2272.0 1115.0 2272.0 1122.0 2253.0 1122.0 small-vehicle 1
2282.0 1114.0 2301.0 1114.0 2301.0 1120.0 2282.0 1120.0 small-vehicle 1
2305.0 1114.0 2325.0 1114.0 2325.0 1121.0 2305.0 1121.0 small-vehicle 1
2646.0 1173.0 2665.0 1173.0 2665.0 1181.0 2646.0 1181.0 small-vehicle 1
2664.0 1208.0 2685.0 1208.0 2685.0 1217.0 2664.0 1217.0 small-vehicle 1
2794.0 1229.0 2807.0 1229.0 2807.0 1245.0 2794.0 1245.0 small-vehicle 1
2474.0 765.0 2492.0 765.0 2492.0 772.0 2474.0 772.0 small-vehicle 1
2466.0 497.0 2484.0 497.0 2484.0 504.0 2466.0 504.0 small-vehicle 1
2467.0 487.0 2485.0 487.0 2485.0 494.0 2467.0 494.0 small-vehicle 1
2467.0 468.0 2483.0 468.0 2483.0 475.0 2467.0 475.0 small-vehicle 1
2465.0 459.0 2482.0 459.0 2482.0 465.0 2465.0 465.0 small-vehicle 1
2426.0 780.0 2445.0 780.0 2445.0 790.0 2426.0 790.0 small-vehicle 1
2426.0 802.0 2446.0 802.0 2446.0 811.0 2426.0 811.0 small-vehicle 1
2426.0 768.0 2446.0 768.0 2446.0 778.0 2426.0 778.0 small-vehicle 1
2425.0 751.0 2443.0 751.0 2443.0 757.0 2425.0 757.0 small-vehicle 1
2425.0 740.0 2443.0 740.0 2443.0 748.0 2425.0 748.0 small-vehicle 1
2425.0 730.0 2445.0 730.0 2445.0 737.0 2425.0 737.0 small-vehicle 1
2424.0 719.0 2442.0 719.0 2442.0 727.0 2424.0 727.0 small-vehicle 1
2425.0 702.0 2445.0 702.0 2445.0 711.0 2425.0 711.0 small-vehicle 1
2424.0 693.0 2441.0 693.0 2441.0 698.0 2424.0 698.0 small-vehicle 1
2422.0 683.0 2441.0 683.0 2441.0 690.0 2422.0 690.0 small-vehicle 1
2422.0 672.0 2440.0 672.0 2440.0 680.0 2422.0 680.0 small-vehicle 1
2423.0 656.0 2441.0 656.0 2441.0 663.0 2423.0 663.0 small-vehicle 1
2422.0 644.0 2441.0 644.0 2441.0 653.0 2422.0 653.0 small-vehicle 1
2420.0 634.0 2440.0 634.0 2440.0 642.0 2420.0 642.0 small-vehicle 1
2419.0 625.0 2439.0 625.0 2439.0 633.0 2419.0 633.0 small-vehicle 1
2467.0 507.0 2487.0 507.0 2487.0 516.0 2467.0 516.0 small-vehicle 1
2467.0 522.0 2485.0 522.0 2485.0 529.0 2467.0 529.0 small-vehicle 1
2468.0 542.0 2486.0 542.0 2486.0 549.0 2468.0 549.0 small-vehicle 1
2470.0 663.0 2489.0 663.0 2489.0 670.0 2470.0 670.0 small-vehicle 1
2475.0 756.0 2491.0 756.0 2491.0 763.0 2475.0 763.0 small-vehicle 1
2474.0 736.0 2492.0 736.0 2492.0 746.0 2474.0 746.0 small-vehicle 1
2475.0 727.0 2494.0 727.0 2494.0 735.0 2475.0 735.0 small-vehicle 1
2474.0 716.0 2494.0 716.0 2494.0 725.0 2474.0 725.0 small-vehicle 1
2472.0 702.0 2491.0 702.0 2491.0 710.0 2472.0 710.0 small-vehicle 1
2472.0 691.0 2490.0 691.0 2490.0 699.0 2472.0 699.0 small-vehicle 1
2471.0 682.0 2491.0 682.0 2491.0 689.0 2471.0 689.0 small-vehicle 1
2471.0 673.0 2489.0 673.0 2489.0 680.0 2471.0 680.0 small-vehicle 1
2472.0 655.0 2489.0 655.0 2489.0 661.0 2472.0 661.0 small-vehicle 1
2470.0 560.0 2487.0 560.0 2487.0 567.0 2470.0 567.0 small-vehicle 1
2473.0 645.0 2489.0 645.0 2489.0 651.0 2473.0 651.0 small-vehicle 1
2471.0 635.0 2490.0 635.0 2490.0 643.0 2471.0 643.0 small-vehicle 1
2471.0 625.0 2489.0 625.0 2489.0 632.0 2471.0 632.0 small-vehicle 1
2470.0 610.0 2489.0 610.0 2489.0 618.0 2470.0 618.0 small-vehicle 1
2470.0 600.0 2488.0 600.0 2488.0 606.0 2470.0 606.0 small-vehicle 1
2470.0 588.0 2487.0 588.0 2487.0 596.0 2470.0 596.0 small-vehicle 1
2469.0 580.0 2486.0 580.0 2486.0 586.0 2469.0 586.0 small-vehicle 1
2470.0 570.0 2486.0 570.0 2486.0 577.0 2470.0 577.0 small-vehicle 1
2472.0 1146.0 2480.0 1146.0 2480.0 1164.0 2472.0 1164.0 small-vehicle 1
2461.0 1146.0 2469.0 1146.0 2469.0 1165.0 2461.0 1165.0 small-vehicle 1
2452.0 1146.0 2459.0 1146.0 2459.0 1164.0 2452.0 1164.0 small-vehicle 1
2442.0 1147.0 2450.0 1147.0 2450.0 1164.0 2442.0 1164.0 small-vehicle 1
2646.0 1702.0 2655.0 1702.0 2655.0 1720.0 2646.0 1720.0 small-vehicle 1
2658.0 1682.0 2675.0 1682.0 2675.0 1691.0 2658.0 1691.0 small-vehicle 1
2668.0 1673.0 2687.0 1673.0 2687.0 1682.0 2668.0 1682.0 small-vehicle 1
2643.0 1650.0 2659.0 1650.0 2659.0 1668.0 2643.0 1668.0 small-vehicle 1
2645.0 1625.0 2653.0 1625.0 2653.0 1644.0 2645.0 1644.0 small-vehicle 1
2668.0 1597.0 2685.0 1597.0 2685.0 1605.0 2668.0 1605.0 small-vehicle 1
2568.0 1591.0 2586.0 1591.0 2586.0 1600.0 2568.0 1600.0 small-vehicle 1
2268.0 1516.0 2290.0 1516.0 2290.0 1524.0 2268.0 1524.0 small-vehicle 1
2266.0 1440.0 2285.0 1440.0 2285.0 1448.0 2266.0 1448.0 small-vehicle 1
2304.0 1367.0 2315.0 1367.0 2315.0 1393.0 2304.0 1393.0 small-vehicle 1
2343.0 1452.0 2353.0 1452.0 2353.0 1468.0 2343.0 1468.0 small-vehicle 1
2364.0 1354.0 2383.0 1354.0 2383.0 1362.0 2364.0 1362.0 small-vehicle 1
2568.0 1518.0 2586.0 1518.0 2586.0 1526.0 2568.0 1526.0 small-vehicle 1
2561.0 1350.0 2580.0 1350.0 2580.0 1358.0 2561.0 1358.0 small-vehicle 1
2663.0 1513.0 2681.0 1513.0 2681.0 1520.0 2663.0 1520.0 small-vehicle 1
2664.0 1433.0 2682.0 1433.0 2682.0 1440.0 2664.0 1440.0 small-vehicle 1
2666.0 1422.0 2685.0 1422.0 2685.0 1430.0 2666.0 1430.0 small-vehicle 1
2665.0 1341.0 2686.0 1341.0 2686.0 1351.0 2665.0 1351.0 small-vehicle 1
2379.0 1264.0 2391.0 1264.0 2391.0 1286.0 2379.0 1286.0 small-vehicle 1
3430.0 69.0 3451.0 69.0 3451.0 76.0 3430.0 76.0 small-vehicle 1
3294.0 104.0 3301.0 104.0 3301.0 123.0 3294.0 123.0 small-vehicle 1
3278.0 104.0 3291.0 104.0 3291.0 125.0 3278.0 125.0 small-vehicle 1
3393.0 665.0 3415.0 665.0 3415.0 674.0 3393.0 674.0 small-vehicle 1
2803.0 1224.0 2816.0 1224.0 2816.0 1240.0 2803.0 1240.0 small-vehicle 1
2743.0 1246.0 2754.0 1246.0 2754.0 1264.0 2743.0 1264.0 small-vehicle 1
2747.0 1225.0 2754.0 1225.0 2754.0 1241.0 2747.0 1241.0 small-vehicle 1
2752.0 1171.0 2771.0 1171.0 2771.0 1179.0 2752.0 1179.0 small-vehicle 1
2800.0 1169.0 2817.0 1169.0 2817.0 1176.0 2800.0 1176.0 small-vehicle 1
2827.0 1169.0 2847.0 1169.0 2847.0 1177.0 2827.0 1177.0 small-vehicle 1
2871.0 1167.0 2886.0 1167.0 2886.0 1174.0 2871.0 1174.0 small-vehicle 1
3047.0 1163.0 3070.0 1163.0 3070.0 1171.0 3047.0 1171.0 small-vehicle 1
3302.0 568.0 3310.0 568.0 3310.0 584.0 3302.0 584.0 small-vehicle 1
3113.0 294.0 3119.0 294.0 3119.0 315.0 3113.0 315.0 small-vehicle 1
3309.0 572.0 3321.0 572.0 3321.0 595.0 3309.0 595.0 small-vehicle 1
3323.0 576.0 3332.0 576.0 3332.0 595.0 3323.0 595.0 small-vehicle 1
3321.0 553.0 3328.0 553.0 3328.0 568.0 3321.0 568.0 small-vehicle 1
3322.0 532.0 3330.0 532.0 3330.0 549.0 3322.0 549.0 small-vehicle 1
2823.0 366.0 2844.0 366.0 2844.0 373.0 2823.0 373.0 small-vehicle 1
3019.0 310.0 3027.0 310.0 3027.0 328.0 3019.0 328.0 small-vehicle 1
3271.0 294.0 3280.0 294.0 3280.0 312.0 3271.0 312.0 small-vehicle 1
3281.0 293.0 3290.0 293.0 3290.0 311.0 3281.0 311.0 small-vehicle 1
2685.0 1243.0 2704.0 1243.0 2704.0 1257.0 2685.0 1257.0 small-vehicle 1
2543.0 1260.0 2559.0 1260.0 2559.0 1273.0 2543.0 1273.0 small-vehicle 1
2541.0 1250.0 2557.0 1250.0 2557.0 1263.0 2541.0 1263.0 small-vehicle 1
2304.0 1140.0 2320.0 1140.0 2320.0 1147.0 2304.0 1147.0 small-vehicle 1
2245.0 1154.0 2252.0 1154.0 2252.0 1169.0 2245.0 1169.0 small-vehicle 1
2257.0 1154.0 2264.0 1154.0 2264.0 1171.0 2257.0 1171.0 small-vehicle 1
2266.0 1153.0 2273.0 1153.0 2273.0 1169.0 2266.0 1169.0 small-vehicle 1
2283.0 1155.0 2290.0 1155.0 2290.0 1170.0 2283.0 1170.0 small-vehicle 1
2293.0 1153.0 2299.0 1153.0 2299.0 1169.0 2293.0 1169.0 small-vehicle 1
2302.0 1150.0 2309.0 1150.0 2309.0 1167.0 2302.0 1167.0 small-vehicle 1
2313.0 1153.0 2322.0 1153.0 2322.0 1169.0 2313.0 1169.0 small-vehicle 1
2323.0 1151.0 2331.0 1151.0 2331.0 1169.0 2323.0 1169.0 small-vehicle 1
2335.0 1153.0 2341.0 1153.0 2341.0 1169.0 2335.0 1169.0 small-vehicle 1
2216.0 1156.0 2223.0 1156.0 2223.0 1171.0 2216.0 1171.0 small-vehicle 1
2344.0 1148.0 2352.0 1148.0 2352.0 1166.0 2344.0 1166.0 small-vehicle 1
2354.0 1148.0 2360.0 1148.0 2360.0 1166.0 2354.0 1166.0 small-vehicle 1
2364.0 1149.0 2373.0 1149.0 2373.0 1166.0 2364.0 1166.0 small-vehicle 1
2376.0 1151.0 2383.0 1151.0 2383.0 1167.0 2376.0 1167.0 small-vehicle 1
2390.0 1148.0 2399.0 1148.0 2399.0 1167.0 2390.0 1167.0 small-vehicle 1
2401.0 1147.0 2410.0 1147.0 2410.0 1166.0 2401.0 1166.0 small-vehicle 1
2412.0 1149.0 2419.0 1149.0 2419.0 1166.0 2412.0 1166.0 small-vehicle 1
2422.0 1147.0 2429.0 1147.0 2429.0 1163.0 2422.0 1163.0 small-vehicle 1
2225.0 1153.0 2234.0 1153.0 2234.0 1172.0 2225.0 1172.0 small-vehicle 1
2206.0 1154.0 2213.0 1154.0 2213.0 1171.0 2206.0 1171.0 small-vehicle 1
2471.0 1214.0 2491.0 1214.0 2491.0 1223.0 2471.0 1223.0 small-vehicle 1
2007.0 1160.0 2014.0 1160.0 2014.0 1176.0 2007.0 1176.0 small-vehicle 1
2389.0 1214.0 2410.0 1214.0 2410.0 1222.0 2389.0 1222.0 small-vehicle 1
2090.0 1156.0 2097.0 1156.0 2097.0 1174.0 2090.0 1174.0 small-vehicle 1
2073.0 1158.0 2081.0 1158.0 2081.0 1175.0 2073.0 1175.0 small-vehicle 1
2062.0 1158.0 2069.0 1158.0 2069.0 1175.0 2062.0 1175.0 small-vehicle 1
2053.0 1161.0 2060.0 1161.0 2060.0 1177.0 2053.0 1177.0 small-vehicle 1
2045.0 1159.0 2051.0 1159.0 2051.0 1177.0 2045.0 1177.0 small-vehicle 1
2027.0 1160.0 2034.0 1160.0 2034.0 1176.0 2027.0 1176.0 small-vehicle 1
2018.0 1161.0 2024.0 1161.0 2024.0 1176.0 2018.0 1176.0 small-vehicle 1
1999.0 1160.0 2006.0 1160.0 2006.0 1176.0 1999.0 1176.0 small-vehicle 1
2193.0 1154.0 2203.0 1154.0 2203.0 1170.0 2193.0 1170.0 small-vehicle 1
1989.0 1160.0 1995.0 1160.0 1995.0 1176.0 1989.0 1176.0 small-vehicle 1
1980.0 1160.0 1989.0 1160.0 1989.0 1177.0 1980.0 1177.0 small-vehicle 1
1971.0 1158.0 1977.0 1158.0 1977.0 1177.0 1971.0 1177.0 small-vehicle 1
1960.0 1159.0 1969.0 1159.0 1969.0 1177.0 1960.0 1177.0 small-vehicle 1
1951.0 1160.0 1959.0 1160.0 1959.0 1177.0 1951.0 1177.0 small-vehicle 1
2158.0 1156.0 2165.0 1156.0 2165.0 1174.0 2158.0 1174.0 small-vehicle 1
2169.0 1155.0 2178.0 1155.0 2178.0 1172.0 2169.0 1172.0 small-vehicle 1
2184.0 1155.0 2192.0 1155.0 2192.0 1173.0 2184.0 1173.0 small-vehicle 1
329.0 67.0 356.0 67.0 356.0 112.0 329.0 112.0 swimming-pool 0
