imagesource:GoogleEarth
gsd:0.27792854592
475.0 425.0 483.0 425.0 483.0 440.0 475.0 440.0 small-vehicle 1
220.0 866.0 238.0 866.0 238.0 874.0 220.0 874.0 small-vehicle 1
152.0 1027.0 160.0 1027.0 160.0 1046.0 152.0 1046.0 small-vehicle 1
187.0 961.0 195.0 961.0 195.0 977.0 187.0 977.0 small-vehicle 1
196.0 959.0 203.0 959.0 203.0 975.0 196.0 975.0 small-vehicle 1
226.0 948.0 239.0 948.0 239.0 954.0 226.0 954.0 small-vehicle 1
223.0 938.0 243.0 938.0 243.0 946.0 223.0 946.0 small-vehicle 1
220.0 926.0 237.0 926.0 237.0 934.0 220.0 934.0 small-vehicle 1
217.0 897.0 235.0 897.0 235.0 904.0 217.0 904.0 small-vehicle 1
351.0 915.0 359.0 915.0 359.0 932.0 351.0 932.0 small-vehicle 1
79.0 907.0 98.0 907.0 98.0 915.0 79.0 915.0 small-vehicle 1
390.0 942.0 409.0 942.0 409.0 952.0 390.0 952.0 small-vehicle 1
392.0 915.0 401.0 915.0 401.0 933.0 392.0 933.0 small-vehicle 1
414.0 915.0 422.0 915.0 422.0 931.0 414.0 931.0 small-vehicle 1
457.0 915.0 465.0 915.0 465.0 932.0 457.0 932.0 small-vehicle 1
487.0 912.0 494.0 912.0 494.0 927.0 487.0 927.0 small-vehicle 1
599.0 842.0 622.0 842.0 622.0 852.0 599.0 852.0 small-vehicle 1
741.0 906.0 760.0 906.0 760.0 916.0 741.0 916.0 small-vehicle 1
78.0 894.0 94.0 894.0 94.0 903.0 78.0 903.0 small-vehicle 1
36.0 927.0 52.0 927.0 52.0 934.0 36.0 934.0 small-vehicle 1
743.0 851.0 759.0 851.0 759.0 857.0 743.0 857.0 small-vehicle 1
512.0 1047.0 519.0 1047.0 519.0 1062.0 512.0 1062.0 small-vehicle 1
620.0 1026.0 637.0 1026.0 637.0 1045.0 620.0 1045.0 small-vehicle 1
605.0 1028.0 621.0 1028.0 621.0 1045.0 605.0 1045.0 small-vehicle 1
591.0 1026.0 607.0 1026.0 607.0 1043.0 591.0 1043.0 small-vehicle 1
576.0 1024.0 594.0 1024.0 594.0 1041.0 576.0 1041.0 small-vehicle 1
547.0 1026.0 567.0 1026.0 567.0 1042.0 547.0 1042.0 small-vehicle 1
516.0 1073.0 530.0 1073.0 530.0 1095.0 516.0 1095.0 small-vehicle 1
542.0 1050.0 558.0 1050.0 558.0 1059.0 542.0 1059.0 small-vehicle 1
500.0 874.0 509.0 874.0 509.0 928.0 500.0 928.0 small-vehicle 1
84.0 968.0 103.0 968.0 103.0 976.0 84.0 976.0 small-vehicle 1
373.0 915.0 380.0 915.0 380.0 931.0 373.0 931.0 small-vehicle 1
363.0 915.0 370.0 915.0 370.0 934.0 363.0 934.0 small-vehicle 1
306.0 1023.0 322.0 1023.0 322.0 1029.0 306.0 1029.0 small-vehicle 1
305.0 988.0 322.0 988.0 322.0 997.0 305.0 997.0 small-vehicle 1
305.0 967.0 325.0 967.0 325.0 975.0 305.0 975.0 small-vehicle 1
81.0 1004.0 102.0 1004.0 102.0 1012.0 81.0 1012.0 small-vehicle 1
84.0 984.0 100.0 984.0 100.0 993.0 84.0 993.0 small-vehicle 1
740.0 888.0 763.0 888.0 763.0 897.0 740.0 897.0 small-vehicle 1
743.0 841.0 760.0 841.0 760.0 848.0 743.0 848.0 small-vehicle 1
648.0 1027.0 665.0 1027.0 665.0 1044.0 648.0 1044.0 small-vehicle 1
826.0 27.0 834.0 27.0 834.0 45.0 826.0 45.0 small-vehicle 1
752.0 177.0 759.0 177.0 759.0 195.0 752.0 195.0 small-vehicle 1
706.0 220.0 726.0 220.0 726.0 228.0 706.0 228.0 small-vehicle 1
453.0 69.0 470.0 69.0 470.0 77.0 453.0 77.0 small-vehicle 1
486.0 153.0 492.0 153.0 492.0 171.0 486.0 171.0 small-vehicle 1
466.0 136.0 482.0 136.0 482.0 144.0 466.0 144.0 small-vehicle 1
810.0 133.0 823.0 133.0 823.0 149.0 810.0 149.0 small-vehicle 1
879.0 83.0 898.0 83.0 898.0 91.0 879.0 91.0 small-vehicle 1
341.0 276.0 350.0 276.0 350.0 294.0 341.0 294.0 small-vehicle 1
915.0 278.0 925.0 278.0 925.0 296.0 915.0 296.0 small-vehicle 1
333.0 279.0 340.0 279.0 340.0 296.0 333.0 296.0 small-vehicle 1
131.0 301.0 139.0 301.0 139.0 319.0 131.0 319.0 small-vehicle 1
145.0 124.0 163.0 124.0 163.0 130.0 145.0 130.0 small-vehicle 1
144.0 112.0 163.0 112.0 163.0 121.0 144.0 121.0 small-vehicle 1
61.0 19.0 78.0 19.0 78.0 26.0 61.0 26.0 small-vehicle 1
575.0 467.0 642.0 467.0 642.0 546.0 575.0 546.0 basketball-court 0
574.0 382.0 638.0 382.0 638.0 463.0 574.0 463.0 basketball-court 0
770.0 181.0 779.0 181.0 779.0 199.0 770.0 199.0 small-vehicle 1
902.0 390.0 921.0 390.0 921.0 396.0 902.0 396.0 small-vehicle 1
817.0 877.0 835.0 877.0 835.0 886.0 817.0 886.0 small-vehicle 1
186.0 569.0 193.0 569.0 193.0 584.0 186.0 584.0 small-vehicle 1
879.0 651.0 898.0 651.0 898.0 660.0 879.0 660.0 small-vehicle 1
770.0 783.0 779.0 783.0 779.0 799.0 770.0 799.0 small-vehicle 1
698.0 784.0 706.0 784.0 706.0 801.0 698.0 801.0 small-vehicle 1
409.0 779.0 415.0 779.0 415.0 796.0 409.0 796.0 small-vehicle 1
822.0 736.0 839.0 736.0 839.0 744.0 822.0 744.0 small-vehicle 1
823.0 700.0 841.0 700.0 841.0 707.0 823.0 707.0 small-vehicle 1
199.0 573.0 206.0 573.0 206.0 588.0 199.0 588.0 small-vehicle 1
28.0 558.0 47.0 558.0 47.0 566.0 28.0 566.0 small-vehicle 1
872.0 389.0 887.0 389.0 887.0 394.0 872.0 394.0 small-vehicle 1
472.0 440.0 481.0 440.0 481.0 459.0 472.0 459.0 small-vehicle 1
857.0 442.0 867.0 442.0 867.0 461.0 857.0 461.0 small-vehicle 1
44.0 299.0 63.0 299.0 63.0 309.0 44.0 309.0 small-vehicle 1
211.0 448.0 218.0 448.0 218.0 467.0 211.0 467.0 small-vehicle 1
526.0 450.0 542.0 450.0 542.0 456.0 526.0 456.0 small-vehicle 1
525.0 432.0 545.0 432.0 545.0 440.0 525.0 440.0 small-vehicle 1
861.0 395.0 878.0 395.0 878.0 402.0 861.0 402.0 small-vehicle 1
634.0 1026.0 650.0 1026.0 650.0 1043.0 634.0 1043.0 small-vehicle 1
659.0 1023.0 677.0 1023.0 677.0 1042.0 659.0 1042.0 small-vehicle 1
219.0 886.0 236.0 886.0 236.0 893.0 219.0 893.0 small-vehicle 1
946.0 953.0 954.0 953.0 954.0 972.0 946.0 972.0 small-vehicle 1
1372.0 974.0 1385.0 974.0 1385.0 990.0 1372.0 990.0 small-vehicle 1
1281.0 959.0 1291.0 959.0 1291.0 982.0 1281.0 982.0 small-vehicle 1
1270.0 964.0 1279.0 964.0 1279.0 982.0 1270.0 982.0 small-vehicle 1
1194.0 966.0 1203.0 966.0 1203.0 981.0 1194.0 981.0 small-vehicle 1
1196.0 986.0 1203.0 986.0 1203.0 1004.0 1196.0 1004.0 small-vehicle 1
1196.0 1009.0 1204.0 1009.0 1204.0 1029.0 1196.0 1029.0 small-vehicle 1
958.0 955.0 966.0 955.0 966.0 972.0 958.0 972.0 small-vehicle 1
1197.0 922.0 1207.0 922.0 1207.0 942.0 1197.0 942.0 small-vehicle 1
1374.0 920.0 1394.0 920.0 1394.0 932.0 1374.0 932.0 small-vehicle 1
1124.0 896.0 1132.0 896.0 1132.0 913.0 1124.0 913.0 small-vehicle 1
1131.0 824.0 1144.0 824.0 1144.0 850.0 1131.0 850.0 small-vehicle 1
1298.0 825.0 1319.0 825.0 1319.0 834.0 1298.0 834.0 small-vehicle 1
1370.0 813.0 1389.0 813.0 1389.0 826.0 1370.0 826.0 small-vehicle 1
1187.0 636.0 1203.0 636.0 1203.0 651.0 1187.0 651.0 small-vehicle 1
1367.0 685.0 1386.0 685.0 1386.0 694.0 1367.0 694.0 small-vehicle 1
1367.0 673.0 1386.0 673.0 1386.0 681.0 1367.0 681.0 small-vehicle 1
1355.0 938.0 1375.0 938.0 1375.0 948.0 1355.0 948.0 small-vehicle 1
1369.0 904.0 1389.0 904.0 1389.0 919.0 1369.0 919.0 small-vehicle 1
1337.0 619.0 1355.0 619.0 1355.0 628.0 1337.0 628.0 small-vehicle 1
1303.0 836.0 1316.0 836.0 1316.0 843.0 1303.0 843.0 small-vehicle 1
744.0 879.0 761.0 879.0 761.0 887.0 744.0 887.0 small-vehicle 1
1141.0 1081.0 1167.0 1081.0 1167.0 1091.0 1141.0 1091.0 small-vehicle 1
1311.0 1108.0 1332.0 1108.0 1332.0 1117.0 1311.0 1117.0 small-vehicle 1
1201.0 1069.0 1223.0 1069.0 1223.0 1077.0 1201.0 1077.0 small-vehicle 1
1290.0 1051.0 1314.0 1051.0 1314.0 1063.0 1290.0 1063.0 large-vehicle 0
1406.0 1073.0 1424.0 1073.0 1424.0 1082.0 1406.0 1082.0 small-vehicle 1
1411.0 1059.0 1432.0 1059.0 1432.0 1068.0 1411.0 1068.0 small-vehicle 1
1302.0 864.0 1320.0 864.0 1320.0 870.0 1302.0 870.0 small-vehicle 1
1374.0 887.0 1390.0 887.0 1390.0 900.0 1374.0 900.0 small-vehicle 1
1302.0 872.0 1320.0 872.0 1320.0 880.0 1302.0 880.0 small-vehicle 1
1254.0 860.0 1271.0 860.0 1271.0 868.0 1254.0 868.0 small-vehicle 1
1422.0 999.0 1444.0 999.0 1444.0 1015.0 1422.0 1015.0 small-vehicle 1
1418.0 889.0 1438.0 889.0 1438.0 907.0 1418.0 907.0 small-vehicle 1
1373.0 850.0 1392.0 850.0 1392.0 865.0 1373.0 865.0 small-vehicle 1
1373.0 864.0 1392.0 864.0 1392.0 878.0 1373.0 878.0 small-vehicle 1
1372.0 875.0 1391.0 875.0 1391.0 889.0 1372.0 889.0 small-vehicle 1
1338.0 630.0 1355.0 630.0 1355.0 637.0 1338.0 637.0 small-vehicle 1
1319.0 606.0 1338.0 606.0 1338.0 614.0 1319.0 614.0 small-vehicle 1
834.0 1076.0 853.0 1076.0 853.0 1087.0 834.0 1087.0 small-vehicle 1
369.0 1047.0 377.0 1047.0 377.0 1066.0 369.0 1066.0 small-vehicle 1
1353.0 116.0 1371.0 116.0 1371.0 122.0 1353.0 122.0 small-vehicle 1
1422.0 140.0 1430.0 140.0 1430.0 157.0 1422.0 157.0 small-vehicle 1
1321.0 200.0 1343.0 200.0 1343.0 209.0 1321.0 209.0 large-vehicle 0
1242.0 138.0 1261.0 138.0 1261.0 144.0 1242.0 144.0 large-vehicle 0
1235.0 94.0 1247.0 94.0 1247.0 112.0 1235.0 112.0 small-vehicle 1
1155.0 124.0 1176.0 124.0 1176.0 135.0 1155.0 135.0 small-vehicle 1
369.0 1002.0 388.0 1002.0 388.0 1011.0 369.0 1011.0 small-vehicle 1
390.0 1045.0 397.0 1045.0 397.0 1062.0 390.0 1062.0 small-vehicle 1
1362.0 311.0 1369.0 311.0 1369.0 330.0 1362.0 330.0 small-vehicle 1
446.0 1044.0 452.0 1044.0 452.0 1061.0 446.0 1061.0 small-vehicle 1
476.0 1015.0 495.0 1015.0 495.0 1023.0 476.0 1023.0 small-vehicle 1
474.0 1005.0 492.0 1005.0 492.0 1012.0 474.0 1012.0 small-vehicle 1
473.0 995.0 491.0 995.0 491.0 1003.0 473.0 1003.0 small-vehicle 1
730.0 961.0 748.0 961.0 748.0 972.0 730.0 972.0 small-vehicle 1
914.0 954.0 924.0 954.0 924.0 975.0 914.0 975.0 small-vehicle 1
842.0 1016.0 849.0 1016.0 849.0 1034.0 842.0 1034.0 small-vehicle 1
1340.0 106.0 1358.0 106.0 1358.0 113.0 1340.0 113.0 small-vehicle 1
1242.0 360.0 1261.0 360.0 1261.0 367.0 1242.0 367.0 small-vehicle 1
1251.0 660.0 1261.0 660.0 1261.0 682.0 1251.0 682.0 large-vehicle 0
1101.0 535.0 1121.0 535.0 1121.0 547.0 1101.0 547.0 small-vehicle 1
1197.0 695.0 1206.0 695.0 1206.0 713.0 1197.0 713.0 small-vehicle 1
1063.0 603.0 1083.0 603.0 1083.0 612.0 1063.0 612.0 small-vehicle 1
1024.0 633.0 1034.0 633.0 1034.0 649.0 1024.0 649.0 small-vehicle 1
919.0 558.0 938.0 558.0 938.0 567.0 919.0 567.0 small-vehicle 1
1291.0 538.0 1311.0 538.0 1311.0 546.0 1291.0 546.0 small-vehicle 1
1335.0 540.0 1354.0 540.0 1354.0 547.0 1335.0 547.0 small-vehicle 1
1463.0 481.0 1479.0 481.0 1479.0 490.0 1463.0 490.0 small-vehicle 1
1097.0 502.0 1117.0 502.0 1117.0 511.0 1097.0 511.0 small-vehicle 1
1334.0 398.0 1349.0 398.0 1349.0 405.0 1334.0 405.0 small-vehicle 1
950.0 482.0 958.0 482.0 958.0 500.0 950.0 500.0 small-vehicle 1
959.0 480.0 968.0 480.0 968.0 497.0 959.0 497.0 small-vehicle 1
1165.0 426.0 1181.0 426.0 1181.0 432.0 1165.0 432.0 small-vehicle 1
1162.0 415.0 1182.0 415.0 1182.0 423.0 1162.0 423.0 small-vehicle 1
1164.0 400.0 1183.0 400.0 1183.0 408.0 1164.0 408.0 small-vehicle 1
1192.0 445.0 1199.0 445.0 1199.0 460.0 1192.0 460.0 small-vehicle 1
1315.0 471.0 1336.0 471.0 1336.0 480.0 1315.0 480.0 small-vehicle 1
556.0 533.0 802.0 533.0 802.0 774.0 556.0 774.0 baseball-diamond 0
