imagesource:GoogleEarth
gsd:0.268982799509
639.0 128.0 646.0 128.0 646.0 142.0 639.0 142.0 small-vehicle 1
314.0 411.0 322.0 411.0 322.0 426.0 314.0 426.0 small-vehicle 1
364.0 387.0 383.0 387.0 383.0 395.0 364.0 395.0 small-vehicle 1
363.0 377.0 385.0 377.0 385.0 386.0 363.0 386.0 small-vehicle 1
364.0 368.0 385.0 368.0 385.0 376.0 364.0 376.0 small-vehicle 1
643.0 407.0 649.0 407.0 649.0 421.0 643.0 421.0 small-vehicle 1
648.0 363.0 657.0 363.0 657.0 382.0 648.0 382.0 small-vehicle 1
649.0 342.0 655.0 342.0 655.0 358.0 649.0 358.0 small-vehicle 1
651.0 320.0 657.0 320.0 657.0 334.0 651.0 334.0 small-vehicle 1
650.0 298.0 658.0 298.0 658.0 316.0 650.0 316.0 small-vehicle 1
652.0 277.0 660.0 277.0 660.0 294.0 652.0 294.0 small-vehicle 1
654.0 247.0 662.0 247.0 662.0 265.0 654.0 265.0 small-vehicle 1
659.0 224.0 665.0 224.0 665.0 243.0 659.0 243.0 small-vehicle 1
656.0 203.0 665.0 203.0 665.0 223.0 656.0 223.0 small-vehicle 1
584.0 150.0 602.0 150.0 602.0 157.0 584.0 157.0 small-vehicle 1
670.0 54.0 677.0 54.0 677.0 75.0 670.0 75.0 small-vehicle 1
666.0 105.0 673.0 105.0 673.0 124.0 666.0 124.0 small-vehicle 1
577.0 170.0 596.0 170.0 596.0 179.0 577.0 179.0 small-vehicle 1
491.0 119.0 510.0 119.0 510.0 140.0 491.0 140.0 small-vehicle 1
346.0 97.0 359.0 97.0 359.0 117.0 346.0 117.0 small-vehicle 1
313.0 79.0 335.0 79.0 335.0 91.0 313.0 91.0 small-vehicle 1
453.0 486.0 540.0 486.0 540.0 527.0 453.0 527.0 tennis-court 0
448.0 434.0 539.0 434.0 539.0 476.0 448.0 476.0 tennis-court 0
365.0 399.0 384.0 399.0 384.0 407.0 365.0 407.0 small-vehicle 1
261.0 423.0 269.0 423.0 269.0 437.0 261.0 437.0 small-vehicle 1
575.0 707.0 595.0 707.0 595.0 717.0 575.0 717.0 small-vehicle 1
250.0 421.0 257.0 421.0 257.0 440.0 250.0 440.0 small-vehicle 1
308.0 747.0 326.0 747.0 326.0 758.0 308.0 758.0 small-vehicle 1
348.0 693.0 363.0 693.0 363.0 713.0 348.0 713.0 small-vehicle 1
360.0 696.0 368.0 696.0 368.0 713.0 360.0 713.0 small-vehicle 1
421.0 694.0 443.0 694.0 443.0 705.0 421.0 705.0 small-vehicle 1
627.0 638.0 637.0 638.0 637.0 658.0 627.0 658.0 small-vehicle 1
630.0 615.0 639.0 615.0 639.0 633.0 630.0 633.0 small-vehicle 1
632.0 591.0 640.0 591.0 640.0 611.0 632.0 611.0 small-vehicle 1
633.0 525.0 644.0 525.0 644.0 542.0 633.0 542.0 small-vehicle 1
636.0 505.0 645.0 505.0 645.0 524.0 636.0 524.0 small-vehicle 1
235.0 306.0 250.0 306.0 250.0 325.0 235.0 325.0 small-vehicle 1
189.0 273.0 213.0 273.0 213.0 284.0 189.0 284.0 small-vehicle 1
193.0 290.0 214.0 290.0 214.0 299.0 193.0 299.0 small-vehicle 1
193.0 300.0 214.0 300.0 214.0 308.0 193.0 308.0 small-vehicle 1
192.0 313.0 216.0 313.0 216.0 321.0 192.0 321.0 small-vehicle 1
191.0 325.0 212.0 325.0 212.0 335.0 191.0 335.0 small-vehicle 1
198.0 345.0 217.0 345.0 217.0 352.0 198.0 352.0 small-vehicle 1
197.0 355.0 217.0 355.0 217.0 363.0 197.0 363.0 small-vehicle 1
197.0 368.0 218.0 368.0 218.0 375.0 197.0 375.0 small-vehicle 1
196.0 390.0 216.0 390.0 216.0 399.0 196.0 399.0 small-vehicle 1
197.0 407.0 216.0 407.0 216.0 415.0 197.0 415.0 small-vehicle 1
202.0 416.0 219.0 416.0 219.0 424.0 202.0 424.0 small-vehicle 1
448.0 382.0 536.0 382.0 536.0 426.0 448.0 426.0 tennis-court 0
