imagesource:GoogleEarth
gsd:0.520640923729
421.0 59.0 428.0 59.0 428.0 70.0 421.0 70.0 small-vehicle 1
386.0 656.0 396.0 656.0 396.0 662.0 386.0 662.0 small-vehicle 1
373.0 634.0 382.0 634.0 382.0 640.0 373.0 640.0 small-vehicle 1
369.0 628.0 379.0 628.0 379.0 634.0 369.0 634.0 small-vehicle 1
349.0 689.0 358.0 689.0 358.0 699.0 349.0 699.0 small-vehicle 1
338.0 684.0 345.0 684.0 345.0 695.0 338.0 695.0 small-vehicle 1
312.0 640.0 319.0 640.0 319.0 651.0 312.0 651.0 small-vehicle 1
291.0 606.0 298.0 606.0 298.0 615.0 291.0 615.0 small-vehicle 1
277.0 570.0 286.0 570.0 286.0 580.0 277.0 580.0 small-vehicle 1
252.0 530.0 260.0 530.0 260.0 539.0 252.0 539.0 small-vehicle 1
333.0 523.0 339.0 523.0 339.0 533.0 333.0 533.0 small-vehicle 1
330.0 519.0 334.0 519.0 334.0 528.0 330.0 528.0 small-vehicle 1
327.0 515.0 331.0 515.0 331.0 522.0 327.0 522.0 small-vehicle 1
323.0 508.0 327.0 508.0 327.0 516.0 323.0 516.0 small-vehicle 1
310.0 534.0 320.0 534.0 320.0 538.0 310.0 538.0 small-vehicle 1
304.0 526.0 313.0 526.0 313.0 531.0 304.0 531.0 small-vehicle 1
299.0 520.0 309.0 520.0 309.0 525.0 299.0 525.0 small-vehicle 1
295.0 510.0 305.0 510.0 305.0 515.0 295.0 515.0 small-vehicle 1
251.0 444.0 261.0 444.0 261.0 449.0 251.0 449.0 small-vehicle 1
256.0 496.0 264.0 496.0 264.0 507.0 256.0 507.0 small-vehicle 1
236.0 498.0 244.0 498.0 244.0 509.0 236.0 509.0 small-vehicle 1
213.0 427.0 222.0 427.0 222.0 437.0 213.0 437.0 small-vehicle 1
181.0 436.0 192.0 436.0 192.0 448.0 181.0 448.0 small-vehicle 1
331.0 312.0 340.0 312.0 340.0 322.0 331.0 322.0 small-vehicle 1
328.0 316.0 336.0 316.0 336.0 324.0 328.0 324.0 small-vehicle 1
381.0 645.0 391.0 645.0 391.0 651.0 381.0 651.0 small-vehicle 1
322.0 642.0 329.0 642.0 329.0 652.0 322.0 652.0 small-vehicle 1
319.0 324.0 327.0 324.0 327.0 333.0 319.0 333.0 small-vehicle 1
355.0 715.0 364.0 715.0 364.0 725.0 355.0 725.0 small-vehicle 1
72.0 119.0 77.0 119.0 77.0 128.0 72.0 128.0 small-vehicle 1
160.0 44.0 169.0 44.0 169.0 48.0 160.0 48.0 small-vehicle 1
187.0 42.0 196.0 42.0 196.0 47.0 187.0 47.0 small-vehicle 1
201.0 40.0 212.0 40.0 212.0 45.0 201.0 45.0 small-vehicle 1
55.0 220.0 62.0 220.0 62.0 229.0 55.0 229.0 small-vehicle 1
59.0 162.0 68.0 162.0 68.0 173.0 59.0 173.0 small-vehicle 1
26.0 244.0 34.0 244.0 34.0 254.0 26.0 254.0 small-vehicle 1
354.0 604.0 364.0 604.0 364.0 610.0 354.0 610.0 small-vehicle 1
371.0 743.0 380.0 743.0 380.0 755.0 371.0 755.0 small-vehicle 1
580.0 872.0 588.0 872.0 588.0 877.0 580.0 877.0 small-vehicle 1
589.0 872.0 598.0 872.0 598.0 877.0 589.0 877.0 small-vehicle 1
599.0 872.0 608.0 872.0 608.0 877.0 599.0 877.0 small-vehicle 1
609.0 872.0 617.0 872.0 617.0 877.0 609.0 877.0 small-vehicle 1
617.0 873.0 626.0 873.0 626.0 877.0 617.0 877.0 small-vehicle 1
428.0 869.0 433.0 869.0 433.0 878.0 428.0 878.0 small-vehicle 1
454.0 850.0 460.0 850.0 460.0 860.0 454.0 860.0 small-vehicle 1
441.0 828.0 446.0 828.0 446.0 837.0 441.0 837.0 small-vehicle 1
439.0 868.0 445.0 868.0 445.0 878.0 439.0 878.0 small-vehicle 1
431.0 860.0 437.0 860.0 437.0 869.0 431.0 869.0 small-vehicle 1
419.0 852.0 423.0 852.0 423.0 862.0 419.0 862.0 small-vehicle 1
417.0 826.0 425.0 826.0 425.0 837.0 417.0 837.0 small-vehicle 1
389.0 762.0 397.0 762.0 397.0 771.0 389.0 771.0 small-vehicle 1
374.0 732.0 382.0 732.0 382.0 742.0 374.0 742.0 small-vehicle 1
324.0 319.0 331.0 319.0 331.0 327.0 324.0 327.0 small-vehicle 1
315.0 327.0 324.0 327.0 324.0 336.0 315.0 336.0 small-vehicle 1
830.0 205.0 837.0 205.0 837.0 209.0 830.0 209.0 small-vehicle 1
294.0 54.0 303.0 54.0 303.0 58.0 294.0 58.0 small-vehicle 1
416.0 26.0 425.0 26.0 425.0 31.0 416.0 31.0 small-vehicle 1
439.0 25.0 449.0 25.0 449.0 30.0 439.0 30.0 small-vehicle 1
451.0 23.0 462.0 23.0 462.0 28.0 451.0 28.0 small-vehicle 1
464.0 21.0 474.0 21.0 474.0 26.0 464.0 26.0 small-vehicle 1
476.0 22.0 485.0 22.0 485.0 26.0 476.0 26.0 small-vehicle 1
498.0 20.0 507.0 20.0 507.0 24.0 498.0 24.0 small-vehicle 1
488.0 21.0 496.0 21.0 496.0 25.0 488.0 25.0 small-vehicle 1
567.0 16.0 577.0 16.0 577.0 20.0 567.0 20.0 small-vehicle 1
342.0 438.0 388.0 438.0 388.0 486.0 342.0 486.0 tennis-court 0
476.0 422.0 518.0 422.0 518.0 470.0 476.0 470.0 tennis-court 0
453.0 439.0 497.0 439.0 497.0 488.0 453.0 488.0 tennis-court 0
431.0 456.0 475.0 456.0 475.0 506.0 431.0 506.0 tennis-court 0
410.0 475.0 454.0 475.0 454.0 523.0 410.0 523.0 tennis-court 0
387.0 492.0 431.0 492.0 431.0 542.0 387.0 542.0 tennis-court 0
431.0 368.0 474.0 368.0 474.0 414.0 431.0 414.0 tennis-court 0
409.0 384.0 452.0 384.0 452.0 431.0 409.0 431.0 tennis-court 0
387.0 403.0 431.0 403.0 431.0 450.0 387.0 450.0 tennis-court 0
365.0 420.0 409.0 420.0 409.0 467.0 365.0 467.0 tennis-court 0
275.0 392.0 329.0 392.0 329.0 448.0 275.0 448.0 basketball-court 0
377.0 309.0 433.0 309.0 433.0 369.0 377.0 369.0 basketball-court 0
351.0 330.0 408.0 330.0 408.0 390.0 351.0 390.0 basketball-court 0
326.0 350.0 382.0 350.0 382.0 408.0 326.0 408.0 basketball-court 0
300.0 372.0 354.0 372.0 354.0 428.0 300.0 428.0 basketball-court 0
404.0 28.0 413.0 28.0 413.0 32.0 404.0 32.0 small-vehicle 1
312.0 54.0 321.0 54.0 321.0 58.0 312.0 58.0 small-vehicle 1
312.0 330.0 320.0 330.0 320.0 338.0 312.0 338.0 small-vehicle 1
246.0 58.0 256.0 58.0 256.0 62.0 246.0 62.0 small-vehicle 1
308.0 333.0 315.0 333.0 315.0 343.0 308.0 343.0 small-vehicle 1
304.0 336.0 312.0 336.0 312.0 346.0 304.0 346.0 small-vehicle 1
296.0 342.0 305.0 342.0 305.0 352.0 296.0 352.0 small-vehicle 1
292.0 345.0 300.0 345.0 300.0 355.0 292.0 355.0 small-vehicle 1
283.0 352.0 291.0 352.0 291.0 361.0 283.0 361.0 small-vehicle 1
279.0 355.0 287.0 355.0 287.0 365.0 279.0 365.0 small-vehicle 1
266.0 366.0 274.0 366.0 274.0 375.0 266.0 375.0 small-vehicle 1
259.0 372.0 266.0 372.0 266.0 381.0 259.0 381.0 small-vehicle 1
55.0 342.0 66.0 342.0 66.0 349.0 55.0 349.0 small-vehicle 1
158.0 381.0 168.0 381.0 168.0 389.0 158.0 389.0 small-vehicle 1
118.0 361.0 128.0 361.0 128.0 369.0 118.0 369.0 small-vehicle 1
29.0 323.0 40.0 323.0 40.0 332.0 29.0 332.0 small-vehicle 1
35.0 268.0 42.0 268.0 42.0 278.0 35.0 278.0 small-vehicle 1
44.0 248.0 50.0 248.0 50.0 257.0 44.0 257.0 small-vehicle 1
35.0 221.0 43.0 221.0 43.0 232.0 35.0 232.0 small-vehicle 1
62.0 201.0 71.0 201.0 71.0 212.0 62.0 212.0 small-vehicle 1
393.0 206.0 404.0 206.0 404.0 217.0 393.0 217.0 small-vehicle 1
74.0 110.0 78.0 110.0 78.0 118.0 74.0 118.0 small-vehicle 1
75.0 100.0 79.0 100.0 79.0 109.0 75.0 109.0 small-vehicle 1
75.0 90.0 79.0 90.0 79.0 98.0 75.0 98.0 small-vehicle 1
54.0 72.0 63.0 72.0 63.0 76.0 54.0 76.0 small-vehicle 1
111.0 47.0 120.0 47.0 120.0 51.0 111.0 51.0 small-vehicle 1
147.0 45.0 156.0 45.0 156.0 50.0 147.0 50.0 small-vehicle 1
84.0 146.0 90.0 146.0 90.0 155.0 84.0 155.0 small-vehicle 1
40.0 212.0 47.0 212.0 47.0 221.0 40.0 221.0 small-vehicle 1
589.0 32.0 598.0 32.0 598.0 37.0 589.0 37.0 small-vehicle 1
773.0 791.0 783.0 791.0 783.0 795.0 773.0 795.0 small-vehicle 1
769.0 782.0 780.0 782.0 780.0 786.0 769.0 786.0 small-vehicle 1
770.0 777.0 779.0 777.0 779.0 781.0 770.0 781.0 small-vehicle 1
769.0 773.0 778.0 773.0 778.0 777.0 769.0 777.0 small-vehicle 1
769.0 766.0 778.0 766.0 778.0 772.0 769.0 772.0 small-vehicle 1
768.0 763.0 777.0 763.0 777.0 767.0 768.0 767.0 small-vehicle 1
768.0 757.0 778.0 757.0 778.0 763.0 768.0 763.0 small-vehicle 1
769.0 751.0 778.0 751.0 778.0 756.0 769.0 756.0 small-vehicle 1
757.0 746.0 766.0 746.0 766.0 752.0 757.0 752.0 small-vehicle 1
752.0 721.0 762.0 721.0 762.0 726.0 752.0 726.0 small-vehicle 1
750.0 713.0 760.0 713.0 760.0 719.0 750.0 719.0 small-vehicle 1
749.0 702.0 759.0 702.0 759.0 708.0 749.0 708.0 small-vehicle 1
766.0 741.0 776.0 741.0 776.0 747.0 766.0 747.0 small-vehicle 1
765.0 734.0 774.0 734.0 774.0 739.0 765.0 739.0 small-vehicle 1
765.0 728.0 774.0 728.0 774.0 733.0 765.0 733.0 small-vehicle 1
764.0 720.0 773.0 720.0 773.0 725.0 764.0 725.0 small-vehicle 1
762.0 715.0 772.0 715.0 772.0 720.0 762.0 720.0 small-vehicle 1
763.0 712.0 770.0 712.0 770.0 716.0 763.0 716.0 small-vehicle 1
761.0 706.0 771.0 706.0 771.0 712.0 761.0 712.0 small-vehicle 1
760.0 702.0 769.0 702.0 769.0 706.0 760.0 706.0 small-vehicle 1
757.0 697.0 768.0 697.0 768.0 702.0 757.0 702.0 small-vehicle 1
757.0 692.0 768.0 692.0 768.0 697.0 757.0 697.0 small-vehicle 1
798.0 805.0 807.0 805.0 807.0 808.0 798.0 808.0 small-vehicle 1
798.0 799.0 806.0 799.0 806.0 805.0 798.0 805.0 small-vehicle 1
770.0 786.0 781.0 786.0 781.0 791.0 770.0 791.0 small-vehicle 1
774.0 796.0 784.0 796.0 784.0 800.0 774.0 800.0 small-vehicle 1
637.0 30.0 646.0 30.0 646.0 35.0 637.0 35.0 small-vehicle 1
769.0 806.0 774.0 806.0 774.0 814.0 769.0 814.0 small-vehicle 1
924.0 858.0 929.0 858.0 929.0 866.0 924.0 866.0 small-vehicle 1
919.0 853.0 923.0 853.0 923.0 862.0 919.0 862.0 small-vehicle 1
912.0 849.0 916.0 849.0 916.0 859.0 912.0 859.0 small-vehicle 1
891.0 821.0 899.0 821.0 899.0 829.0 891.0 829.0 small-vehicle 1
899.0 814.0 906.0 814.0 906.0 822.0 899.0 822.0 small-vehicle 1
825.0 877.0 834.0 877.0 834.0 882.0 825.0 882.0 small-vehicle 1
834.0 869.0 844.0 869.0 844.0 878.0 834.0 878.0 small-vehicle 1
853.0 845.0 862.0 845.0 862.0 853.0 853.0 853.0 small-vehicle 1
871.0 810.0 883.0 810.0 883.0 821.0 871.0 821.0 small-vehicle 1
881.0 787.0 889.0 787.0 889.0 796.0 881.0 796.0 small-vehicle 1
890.0 775.0 898.0 775.0 898.0 786.0 890.0 786.0 small-vehicle 1
896.0 769.0 907.0 769.0 907.0 778.0 896.0 778.0 small-vehicle 1
914.0 751.0 923.0 751.0 923.0 760.0 914.0 760.0 small-vehicle 1
724.0 868.0 735.0 868.0 735.0 873.0 724.0 873.0 small-vehicle 1
713.0 869.0 722.0 869.0 722.0 873.0 713.0 873.0 small-vehicle 1
701.0 868.0 711.0 868.0 711.0 874.0 701.0 874.0 small-vehicle 1
691.0 870.0 700.0 870.0 700.0 874.0 691.0 874.0 small-vehicle 1
681.0 869.0 690.0 869.0 690.0 874.0 681.0 874.0 small-vehicle 1
672.0 870.0 682.0 870.0 682.0 875.0 672.0 875.0 small-vehicle 1
659.0 871.0 667.0 871.0 667.0 876.0 659.0 876.0 small-vehicle 1
650.0 871.0 657.0 871.0 657.0 876.0 650.0 876.0 small-vehicle 1
639.0 872.0 647.0 872.0 647.0 876.0 639.0 876.0 small-vehicle 1
663.0 881.0 673.0 881.0 673.0 885.0 663.0 885.0 small-vehicle 1
798.0 792.0 806.0 792.0 806.0 796.0 798.0 796.0 small-vehicle 1
797.0 785.0 806.0 785.0 806.0 791.0 797.0 791.0 small-vehicle 1
797.0 781.0 806.0 781.0 806.0 785.0 797.0 785.0 small-vehicle 1
797.0 777.0 807.0 777.0 807.0 781.0 797.0 781.0 small-vehicle 1
762.0 596.0 767.0 596.0 767.0 606.0 762.0 606.0 small-vehicle 1
775.0 592.0 782.0 592.0 782.0 601.0 775.0 601.0 small-vehicle 1
941.0 164.0 949.0 164.0 949.0 172.0 941.0 172.0 small-vehicle 1
936.0 159.0 944.0 159.0 944.0 169.0 936.0 169.0 small-vehicle 1
934.0 154.0 944.0 154.0 944.0 162.0 934.0 162.0 small-vehicle 1
939.0 137.0 949.0 137.0 949.0 145.0 939.0 145.0 small-vehicle 1
796.0 208.0 802.0 208.0 802.0 216.0 796.0 216.0 small-vehicle 1
791.0 206.0 798.0 206.0 798.0 215.0 791.0 215.0 small-vehicle 1
863.0 162.0 872.0 162.0 872.0 170.0 863.0 170.0 small-vehicle 1
879.0 135.0 886.0 135.0 886.0 145.0 879.0 145.0 small-vehicle 1
885.0 134.0 891.0 134.0 891.0 143.0 885.0 143.0 small-vehicle 1
922.0 32.0 932.0 32.0 932.0 37.0 922.0 37.0 small-vehicle 1
912.0 32.0 920.0 32.0 920.0 35.0 912.0 35.0 small-vehicle 1
893.0 30.0 900.0 30.0 900.0 34.0 893.0 34.0 small-vehicle 1
881.0 30.0 888.0 30.0 888.0 33.0 881.0 33.0 small-vehicle 1
867.0 29.0 877.0 29.0 877.0 34.0 867.0 34.0 small-vehicle 1
854.0 29.0 862.0 29.0 862.0 33.0 854.0 33.0 small-vehicle 1
835.0 28.0 844.0 28.0 844.0 32.0 835.0 32.0 small-vehicle 1
813.0 27.0 823.0 27.0 823.0 31.0 813.0 31.0 small-vehicle 1
786.0 27.0 795.0 27.0 795.0 32.0 786.0 32.0 small-vehicle 1
777.0 27.0 784.0 27.0 784.0 31.0 777.0 31.0 small-vehicle 1
753.0 25.0 760.0 25.0 760.0 28.0 753.0 28.0 small-vehicle 1
732.0 24.0 739.0 24.0 739.0 28.0 732.0 28.0 small-vehicle 1
749.0 603.0 755.0 603.0 755.0 611.0 749.0 611.0 small-vehicle 1
740.0 602.0 746.0 602.0 746.0 612.0 740.0 612.0 small-vehicle 1
755.0 628.0 759.0 628.0 759.0 637.0 755.0 637.0 small-vehicle 1
786.0 710.0 795.0 710.0 795.0 716.0 786.0 716.0 small-vehicle 1
796.0 772.0 805.0 772.0 805.0 777.0 796.0 777.0 small-vehicle 1
794.0 768.0 804.0 768.0 804.0 773.0 794.0 773.0 small-vehicle 1
795.0 760.0 805.0 760.0 805.0 765.0 795.0 765.0 small-vehicle 1
794.0 754.0 803.0 754.0 803.0 759.0 794.0 759.0 small-vehicle 1
792.0 748.0 801.0 748.0 801.0 754.0 792.0 754.0 small-vehicle 1
792.0 742.0 801.0 742.0 801.0 746.0 792.0 746.0 small-vehicle 1
791.0 736.0 800.0 736.0 800.0 740.0 791.0 740.0 small-vehicle 1
790.0 730.0 800.0 730.0 800.0 736.0 790.0 736.0 small-vehicle 1
788.0 723.0 798.0 723.0 798.0 729.0 788.0 729.0 small-vehicle 1
787.0 716.0 797.0 716.0 797.0 721.0 787.0 721.0 small-vehicle 1
786.0 704.0 794.0 704.0 794.0 710.0 786.0 710.0 small-vehicle 1
761.0 630.0 766.0 630.0 766.0 637.0 761.0 637.0 small-vehicle 1
784.0 699.0 794.0 699.0 794.0 704.0 784.0 704.0 small-vehicle 1
783.0 677.0 793.0 677.0 793.0 682.0 783.0 682.0 small-vehicle 1
780.0 671.0 789.0 671.0 789.0 677.0 780.0 677.0 small-vehicle 1
781.0 659.0 786.0 659.0 786.0 669.0 781.0 669.0 small-vehicle 1
774.0 661.0 781.0 661.0 781.0 672.0 774.0 672.0 small-vehicle 1
770.0 664.0 776.0 664.0 776.0 675.0 770.0 675.0 small-vehicle 1
764.0 665.0 769.0 665.0 769.0 676.0 764.0 676.0 small-vehicle 1
755.0 641.0 761.0 641.0 761.0 649.0 755.0 649.0 small-vehicle 1
763.0 639.0 768.0 639.0 768.0 648.0 763.0 648.0 small-vehicle 1
769.0 635.0 776.0 635.0 776.0 646.0 769.0 646.0 small-vehicle 1
470.0 543.0 700.0 543.0 700.0 792.0 470.0 792.0 soccer-ball-field 0
