imagesource:GoogleEarth
gsd:0.510078482744
1079.0 1014.0 1087.0 1014.0 1087.0 1019.0 1079.0 1019.0 small-vehicle 1
898.0 1101.0 906.0 1101.0 906.0 1111.0 898.0 1111.0 small-vehicle 1
1211.0 1138.0 1219.0 1138.0 1219.0 1147.0 1211.0 1147.0 small-vehicle 1
1215.0 1134.0 1222.0 1134.0 1222.0 1142.0 1215.0 1142.0 small-vehicle 1
1220.0 1131.0 1228.0 1131.0 1228.0 1140.0 1220.0 1140.0 small-vehicle 1
911.0 1123.0 919.0 1123.0 919.0 1132.0 911.0 1132.0 small-vehicle 1
919.0 1132.0 927.0 1132.0 927.0 1141.0 919.0 1141.0 small-vehicle 1
907.0 1129.0 915.0 1129.0 915.0 1138.0 907.0 1138.0 small-vehicle 1
903.0 1133.0 911.0 1133.0 911.0 1143.0 903.0 1143.0 small-vehicle 1
896.0 1121.0 904.0 1121.0 904.0 1131.0 896.0 1131.0 small-vehicle 1
900.0 1118.0 910.0 1118.0 910.0 1128.0 900.0 1128.0 small-vehicle 1
905.0 1112.0 914.0 1112.0 914.0 1121.0 905.0 1121.0 small-vehicle 1
894.0 1108.0 902.0 1108.0 902.0 1119.0 894.0 1119.0 small-vehicle 1
385.0 1014.0 395.0 1014.0 395.0 1022.0 385.0 1022.0 small-vehicle 1
1159.0 1121.0 1166.0 1121.0 1166.0 1129.0 1159.0 1129.0 small-vehicle 1
451.0 929.0 455.0 929.0 455.0 937.0 451.0 937.0 small-vehicle 1
473.0 947.0 484.0 947.0 484.0 951.0 473.0 951.0 small-vehicle 1
367.0 838.0 375.0 838.0 375.0 845.0 367.0 845.0 small-vehicle 1
368.0 843.0 377.0 843.0 377.0 851.0 368.0 851.0 small-vehicle 1
370.0 848.0 379.0 848.0 379.0 856.0 370.0 856.0 small-vehicle 1
374.0 857.0 383.0 857.0 383.0 865.0 374.0 865.0 small-vehicle 1
377.0 861.0 386.0 861.0 386.0 870.0 377.0 870.0 small-vehicle 1
449.0 451.0 453.0 451.0 453.0 460.0 449.0 460.0 small-vehicle 1
441.0 435.0 445.0 435.0 445.0 444.0 441.0 444.0 small-vehicle 1
443.0 425.0 447.0 425.0 447.0 434.0 443.0 434.0 small-vehicle 1
426.0 424.0 436.0 424.0 436.0 430.0 426.0 430.0 small-vehicle 1
1192.0 1150.0 1201.0 1150.0 1201.0 1159.0 1192.0 1159.0 small-vehicle 1
1141.0 1029.0 1150.0 1029.0 1150.0 1037.0 1141.0 1037.0 small-vehicle 1
430.0 401.0 439.0 401.0 439.0 407.0 430.0 407.0 small-vehicle 1
923.0 1026.0 933.0 1026.0 933.0 1035.0 923.0 1035.0 small-vehicle 1
1219.0 826.0 1228.0 826.0 1228.0 834.0 1219.0 834.0 small-vehicle 1
1298.0 797.0 1308.0 797.0 1308.0 805.0 1298.0 805.0 small-vehicle 1
1303.0 804.0 1312.0 804.0 1312.0 813.0 1303.0 813.0 small-vehicle 1
1309.0 813.0 1320.0 813.0 1320.0 823.0 1309.0 823.0 small-vehicle 1
1358.0 920.0 1367.0 920.0 1367.0 930.0 1358.0 930.0 small-vehicle 1
797.0 1109.0 804.0 1109.0 804.0 1120.0 797.0 1120.0 small-vehicle 1
807.0 1083.0 815.0 1083.0 815.0 1092.0 807.0 1092.0 small-vehicle 1
812.0 1082.0 819.0 1082.0 819.0 1090.0 812.0 1090.0 small-vehicle 1
824.0 1072.0 833.0 1072.0 833.0 1082.0 824.0 1082.0 small-vehicle 1
861.0 1046.0 870.0 1046.0 870.0 1054.0 861.0 1054.0 small-vehicle 1
856.0 1049.0 865.0 1049.0 865.0 1058.0 856.0 1058.0 small-vehicle 1
918.0 1029.0 929.0 1029.0 929.0 1038.0 918.0 1038.0 small-vehicle 1
1097.0 1009.0 1107.0 1009.0 1107.0 1017.0 1097.0 1017.0 small-vehicle 1
927.0 1023.0 936.0 1023.0 936.0 1031.0 927.0 1031.0 small-vehicle 1
936.0 1018.0 943.0 1018.0 943.0 1027.0 936.0 1027.0 small-vehicle 1
993.0 943.0 1003.0 943.0 1003.0 952.0 993.0 952.0 small-vehicle 1
998.0 939.0 1005.0 939.0 1005.0 946.0 998.0 946.0 small-vehicle 1
1079.0 1035.0 1088.0 1035.0 1088.0 1040.0 1079.0 1040.0 small-vehicle 1
1079.0 1020.0 1088.0 1020.0 1088.0 1025.0 1079.0 1025.0 small-vehicle 1
1067.0 1025.0 1077.0 1025.0 1077.0 1029.0 1067.0 1029.0 small-vehicle 1
1048.0 1057.0 1059.0 1057.0 1059.0 1064.0 1048.0 1064.0 small-vehicle 1
1068.0 1036.0 1077.0 1036.0 1077.0 1039.0 1068.0 1039.0 small-vehicle 1
1067.0 1041.0 1077.0 1041.0 1077.0 1046.0 1067.0 1046.0 small-vehicle 1
1105.0 1016.0 1116.0 1016.0 1116.0 1025.0 1105.0 1025.0 small-vehicle 1
427.0 413.0 437.0 413.0 437.0 419.0 427.0 419.0 small-vehicle 1
451.0 388.0 456.0 388.0 456.0 397.0 451.0 397.0 small-vehicle 1
1313.0 701.0 1319.0 701.0 1319.0 711.0 1313.0 711.0 small-vehicle 1
139.0 1084.0 145.0 1084.0 145.0 1093.0 139.0 1093.0 small-vehicle 1
60.0 1041.0 82.0 1041.0 82.0 1046.0 60.0 1046.0 large-vehicle 0
39.0 843.0 60.0 843.0 60.0 874.0 39.0 874.0 large-vehicle 0
50.0 890.0 55.0 890.0 55.0 901.0 50.0 901.0 small-vehicle 1
102.0 980.0 110.0 980.0 110.0 983.0 102.0 983.0 small-vehicle 1
103.0 984.0 111.0 984.0 111.0 987.0 103.0 987.0 small-vehicle 1
103.0 989.0 112.0 989.0 112.0 993.0 103.0 993.0 small-vehicle 1
104.0 961.0 114.0 961.0 114.0 965.0 104.0 965.0 small-vehicle 1
83.0 966.0 92.0 966.0 92.0 969.0 83.0 969.0 small-vehicle 1
81.0 990.0 90.0 990.0 90.0 994.0 81.0 994.0 small-vehicle 1
80.0 996.0 90.0 996.0 90.0 1001.0 80.0 1001.0 small-vehicle 1
134.0 1106.0 139.0 1106.0 139.0 1114.0 134.0 1114.0 small-vehicle 1
160.0 1035.0 165.0 1035.0 165.0 1044.0 160.0 1044.0 small-vehicle 1
82.0 341.0 88.0 341.0 88.0 352.0 82.0 352.0 small-vehicle 1
198.0 1010.0 202.0 1010.0 202.0 1019.0 198.0 1019.0 small-vehicle 1
197.0 952.0 204.0 952.0 204.0 964.0 197.0 964.0 small-vehicle 1
241.0 709.0 247.0 709.0 247.0 719.0 241.0 719.0 small-vehicle 1
283.0 536.0 287.0 536.0 287.0 544.0 283.0 544.0 small-vehicle 1
323.0 203.0 329.0 203.0 329.0 212.0 323.0 212.0 small-vehicle 1
606.0 362.0 891.0 362.0 891.0 641.0 606.0 641.0 soccer-ball-field 0
533.0 319.0 934.0 319.0 934.0 699.0 533.0 699.0 ground-track-field 0
1145.0 202.0 1176.0 202.0 1176.0 234.0 1145.0 234.0 roundabout 0
798.0 569.0 966.0 569.0 966.0 730.0 798.0 730.0 soccer-ball-field 0
557.0 713.0 783.0 713.0 783.0 877.0 557.0 877.0 soccer-ball-field 0
841.0 257.0 864.0 257.0 864.0 282.0 841.0 282.0 roundabout 0
98.0 1020.0 104.0 1020.0 104.0 1032.0 98.0 1032.0 large-vehicle 1
694.0 243.0 701.0 243.0 701.0 253.0 694.0 253.0 small-vehicle 1
438.0 368.0 446.0 368.0 446.0 374.0 438.0 374.0 small-vehicle 1
402.0 576.0 410.0 576.0 410.0 583.0 402.0 583.0 small-vehicle 1
439.0 363.0 448.0 363.0 448.0 367.0 439.0 367.0 small-vehicle 1
440.0 357.0 449.0 357.0 449.0 363.0 440.0 363.0 small-vehicle 1
440.0 349.0 448.0 349.0 448.0 357.0 440.0 357.0 small-vehicle 1
442.0 344.0 451.0 344.0 451.0 350.0 442.0 350.0 small-vehicle 1
444.0 340.0 452.0 340.0 452.0 345.0 444.0 345.0 small-vehicle 1
422.0 441.0 431.0 441.0 431.0 447.0 422.0 447.0 small-vehicle 1
415.0 501.0 423.0 501.0 423.0 508.0 415.0 508.0 small-vehicle 1
386.0 538.0 395.0 538.0 395.0 543.0 386.0 543.0 small-vehicle 1
388.0 548.0 397.0 548.0 397.0 555.0 388.0 555.0 small-vehicle 1
390.0 559.0 400.0 559.0 400.0 567.0 390.0 567.0 small-vehicle 1
396.0 567.0 406.0 567.0 406.0 575.0 396.0 575.0 small-vehicle 1
402.0 582.0 412.0 582.0 412.0 589.0 402.0 589.0 small-vehicle 1
542.0 346.0 548.0 346.0 548.0 356.0 542.0 356.0 small-vehicle 1
402.0 610.0 411.0 610.0 411.0 617.0 402.0 617.0 small-vehicle 1
403.0 622.0 411.0 622.0 411.0 630.0 403.0 630.0 small-vehicle 1
401.0 697.0 412.0 697.0 412.0 704.0 401.0 704.0 small-vehicle 1
399.0 741.0 410.0 741.0 410.0 748.0 399.0 748.0 small-vehicle 1
445.0 333.0 454.0 333.0 454.0 340.0 445.0 340.0 small-vehicle 1
460.0 262.0 470.0 262.0 470.0 268.0 460.0 268.0 small-vehicle 1
528.0 266.0 533.0 266.0 533.0 275.0 528.0 275.0 small-vehicle 1
509.0 273.0 517.0 273.0 517.0 283.0 509.0 283.0 small-vehicle 1
498.0 269.0 503.0 269.0 503.0 277.0 498.0 277.0 small-vehicle 1
446.0 204.0 456.0 204.0 456.0 210.0 446.0 210.0 small-vehicle 1
425.0 208.0 436.0 208.0 436.0 214.0 425.0 214.0 small-vehicle 1
1318.0 699.0 1323.0 699.0 1323.0 708.0 1318.0 708.0 small-vehicle 1
1110.0 498.0 1117.0 498.0 1117.0 507.0 1110.0 507.0 small-vehicle 1
1080.0 1008.0 1088.0 1008.0 1088.0 1013.0 1080.0 1013.0 small-vehicle 1
820.0 1074.0 828.0 1074.0 828.0 1082.0 820.0 1082.0 small-vehicle 1
1020.0 919.0 1028.0 919.0 1028.0 928.0 1020.0 928.0 large-vehicle 1
1025.0 918.0 1032.0 918.0 1032.0 925.0 1025.0 925.0 large-vehicle 1
1026.0 914.0 1034.0 914.0 1034.0 921.0 1026.0 921.0 large-vehicle 1
785.0 1123.0 793.0 1123.0 793.0 1132.0 785.0 1132.0 large-vehicle 1
791.0 1130.0 799.0 1130.0 799.0 1138.0 791.0 1138.0 large-vehicle 1
930.0 1145.0 938.0 1145.0 938.0 1155.0 930.0 1155.0 large-vehicle 1
914.0 1138.0 924.0 1138.0 924.0 1149.0 914.0 1149.0 large-vehicle 1
738.0 1121.0 748.0 1121.0 748.0 1128.0 738.0 1128.0 large-vehicle 1
1017.0 1205.0 1030.0 1205.0 1030.0 1223.0 1017.0 1223.0 large-vehicle 1
800.0 1090.0 810.0 1090.0 810.0 1100.0 800.0 1100.0 small-vehicle 1
815.0 1078.0 824.0 1078.0 824.0 1087.0 815.0 1087.0 small-vehicle 1
827.0 1068.0 837.0 1068.0 837.0 1078.0 827.0 1078.0 small-vehicle 1
990.0 948.0 998.0 948.0 998.0 955.0 990.0 955.0 large-vehicle 1
841.0 1062.0 849.0 1062.0 849.0 1069.0 841.0 1069.0 small-vehicle 1
846.0 1059.0 853.0 1059.0 853.0 1066.0 846.0 1066.0 small-vehicle 1
851.0 1056.0 857.0 1056.0 857.0 1063.0 851.0 1063.0 small-vehicle 1
852.0 1052.0 861.0 1052.0 861.0 1060.0 852.0 1060.0 small-vehicle 1
866.0 1043.0 874.0 1043.0 874.0 1050.0 866.0 1050.0 small-vehicle 1
869.0 1040.0 877.0 1040.0 877.0 1048.0 869.0 1048.0 small-vehicle 1
883.0 1031.0 892.0 1031.0 892.0 1039.0 883.0 1039.0 small-vehicle 1
887.0 1027.0 895.0 1027.0 895.0 1036.0 887.0 1036.0 small-vehicle 1
891.0 1025.0 898.0 1025.0 898.0 1031.0 891.0 1031.0 small-vehicle 1
896.0 1022.0 903.0 1022.0 903.0 1030.0 896.0 1030.0 small-vehicle 1
900.0 1018.0 907.0 1018.0 907.0 1026.0 900.0 1026.0 small-vehicle 1
1013.0 928.0 1020.0 928.0 1020.0 935.0 1013.0 935.0 large-vehicle 1
970.0 964.0 977.0 964.0 977.0 972.0 970.0 972.0 large-vehicle 1
922.0 1001.0 930.0 1001.0 930.0 1010.0 922.0 1010.0 small-vehicle 1
797.0 1139.0 804.0 1139.0 804.0 1147.0 797.0 1147.0 small-vehicle 1
1140.0 1205.0 1144.0 1205.0 1144.0 1214.0 1140.0 1214.0 small-vehicle 1
1145.0 1201.0 1150.0 1201.0 1150.0 1208.0 1145.0 1208.0 small-vehicle 1
1150.0 1198.0 1154.0 1198.0 1154.0 1207.0 1150.0 1207.0 small-vehicle 1
1006.0 932.0 1014.0 932.0 1014.0 939.0 1006.0 939.0 small-vehicle 1
988.0 958.0 995.0 958.0 995.0 967.0 988.0 967.0 small-vehicle 1
981.0 955.0 989.0 955.0 989.0 963.0 981.0 963.0 small-vehicle 1
977.0 958.0 985.0 958.0 985.0 965.0 977.0 965.0 small-vehicle 1
986.0 981.0 993.0 981.0 993.0 989.0 986.0 989.0 small-vehicle 1
978.0 986.0 984.0 986.0 984.0 993.0 978.0 993.0 small-vehicle 1
972.0 988.0 981.0 988.0 981.0 998.0 972.0 998.0 small-vehicle 1
969.0 993.0 975.0 993.0 975.0 1000.0 969.0 1000.0 small-vehicle 1
893.0 38.0 902.0 38.0 902.0 45.0 893.0 45.0 large-vehicle 1
973.0 961.0 982.0 961.0 982.0 970.0 973.0 970.0 large-vehicle 1
1070.0 203.0 1075.0 203.0 1075.0 212.0 1070.0 212.0 large-vehicle 1
1027.0 205.0 1035.0 205.0 1035.0 210.0 1027.0 210.0 large-vehicle 1
969.0 189.0 978.0 189.0 978.0 195.0 969.0 195.0 large-vehicle 1
967.0 194.0 977.0 194.0 977.0 201.0 967.0 201.0 large-vehicle 1
712.0 250.0 717.0 250.0 717.0 258.0 712.0 258.0 large-vehicle 1
717.0 251.0 722.0 251.0 722.0 259.0 717.0 259.0 large-vehicle 1
721.0 252.0 727.0 252.0 727.0 260.0 721.0 260.0 large-vehicle 1
726.0 254.0 731.0 254.0 731.0 262.0 726.0 262.0 large-vehicle 1
713.0 278.0 718.0 278.0 718.0 285.0 713.0 285.0 large-vehicle 1
707.0 275.0 712.0 275.0 712.0 284.0 707.0 284.0 large-vehicle 1
464.0 373.0 470.0 373.0 470.0 381.0 464.0 381.0 large-vehicle 1
904.0 1016.0 912.0 1016.0 912.0 1024.0 904.0 1024.0 small-vehicle 1
915.0 1032.0 923.0 1032.0 923.0 1041.0 915.0 1041.0 small-vehicle 1
962.0 429.0 970.0 429.0 970.0 437.0 962.0 437.0 small-vehicle 1
1178.0 119.0 1187.0 119.0 1187.0 129.0 1178.0 129.0 small-vehicle 1
437.0 236.0 445.0 236.0 445.0 240.0 437.0 240.0 small-vehicle 1
446.0 237.0 454.0 237.0 454.0 242.0 446.0 242.0 small-vehicle 1
444.0 242.0 453.0 242.0 453.0 247.0 444.0 247.0 small-vehicle 1
448.0 223.0 456.0 223.0 456.0 228.0 448.0 228.0 small-vehicle 1
449.0 218.0 458.0 218.0 458.0 223.0 449.0 223.0 small-vehicle 1
440.0 231.0 447.0 231.0 447.0 234.0 440.0 234.0 small-vehicle 1
433.0 250.0 440.0 250.0 440.0 253.0 433.0 253.0 small-vehicle 1
441.0 255.0 449.0 255.0 449.0 259.0 441.0 259.0 small-vehicle 1
433.0 254.0 440.0 254.0 440.0 257.0 433.0 257.0 small-vehicle 1
434.0 259.0 441.0 259.0 441.0 262.0 434.0 262.0 small-vehicle 1
133.0 64.0 136.0 64.0 136.0 71.0 133.0 71.0 small-vehicle 1
886.0 69.0 895.0 69.0 895.0 74.0 886.0 74.0 small-vehicle 1
536.0 279.0 540.0 279.0 540.0 286.0 536.0 286.0 small-vehicle 1
881.0 81.0 890.0 81.0 890.0 87.0 881.0 87.0 small-vehicle 1
874.0 121.0 879.0 121.0 879.0 129.0 874.0 129.0 small-vehicle 1
862.0 160.0 865.0 160.0 865.0 167.0 862.0 167.0 small-vehicle 1
859.0 168.0 864.0 168.0 864.0 176.0 859.0 176.0 small-vehicle 1
856.0 178.0 861.0 178.0 861.0 187.0 856.0 187.0 small-vehicle 1
853.0 187.0 859.0 187.0 859.0 195.0 853.0 195.0 small-vehicle 1
849.0 198.0 854.0 198.0 854.0 207.0 849.0 207.0 small-vehicle 1
1089.0 53.0 1096.0 53.0 1096.0 62.0 1089.0 62.0 small-vehicle 1
1065.0 183.0 1076.0 183.0 1076.0 190.0 1065.0 190.0 small-vehicle 1
1177.0 223.0 1182.0 223.0 1182.0 231.0 1177.0 231.0 small-vehicle 1
1163.0 274.0 1168.0 274.0 1168.0 283.0 1163.0 283.0 small-vehicle 1
538.0 268.0 543.0 268.0 543.0 275.0 538.0 275.0 small-vehicle 1
527.0 275.0 531.0 275.0 531.0 282.0 527.0 282.0 small-vehicle 1
912.0 1035.0 919.0 1035.0 919.0 1043.0 912.0 1043.0 small-vehicle 1
429.0 724.0 433.0 724.0 433.0 733.0 429.0 733.0 small-vehicle 1
908.0 1038.0 915.0 1038.0 915.0 1046.0 908.0 1046.0 small-vehicle 1
902.0 1041.0 909.0 1041.0 909.0 1048.0 902.0 1048.0 small-vehicle 1
899.0 1044.0 906.0 1044.0 906.0 1051.0 899.0 1051.0 small-vehicle 1
895.0 1047.0 902.0 1047.0 902.0 1055.0 895.0 1055.0 small-vehicle 1
891.0 1049.0 898.0 1049.0 898.0 1057.0 891.0 1057.0 small-vehicle 1
17.0 826.0 27.0 826.0 27.0 832.0 17.0 832.0 small-vehicle 1
18.0 811.0 28.0 811.0 28.0 816.0 18.0 816.0 small-vehicle 1
53.0 822.0 61.0 822.0 61.0 830.0 53.0 830.0 small-vehicle 1
49.0 826.0 57.0 826.0 57.0 833.0 49.0 833.0 small-vehicle 1
457.0 792.0 465.0 792.0 465.0 801.0 457.0 801.0 small-vehicle 1
454.0 788.0 462.0 788.0 462.0 797.0 454.0 797.0 small-vehicle 1
442.0 756.0 451.0 756.0 451.0 763.0 442.0 763.0 small-vehicle 1
524.0 265.0 528.0 265.0 528.0 271.0 524.0 271.0 small-vehicle 1
443.0 734.0 451.0 734.0 451.0 741.0 443.0 741.0 small-vehicle 1
442.0 720.0 450.0 720.0 450.0 725.0 442.0 725.0 small-vehicle 1
447.0 594.0 454.0 594.0 454.0 601.0 447.0 601.0 small-vehicle 1
450.0 579.0 457.0 579.0 457.0 583.0 450.0 583.0 small-vehicle 1
458.0 562.0 466.0 562.0 466.0 566.0 458.0 566.0 small-vehicle 1
483.0 358.0 491.0 358.0 491.0 364.0 483.0 364.0 small-vehicle 1
485.0 353.0 492.0 353.0 492.0 358.0 485.0 358.0 small-vehicle 1
484.0 347.0 492.0 347.0 492.0 353.0 484.0 353.0 small-vehicle 1
484.0 342.0 492.0 342.0 492.0 347.0 484.0 347.0 small-vehicle 1
496.0 259.0 500.0 259.0 500.0 267.0 496.0 267.0 small-vehicle 1
515.0 264.0 519.0 264.0 519.0 270.0 515.0 270.0 small-vehicle 1
394.0 1005.0 454.0 1005.0 454.0 1066.0 394.0 1066.0 roundabout 0
