imagesource:GoogleEarth
gsd:null
3188.0 2441.0 3196.0 2441.0 3196.0 2453.0 3188.0 2453.0 small-vehicle 1
1135.0 2023.0 1287.0 2023.0 1287.0 2171.0 1135.0 2171.0 plane 0
2675.0 839.0 2721.0 839.0 2721.0 879.0 2675.0 879.0 plane 0
2524.0 802.0 2596.0 802.0 2596.0 868.0 2524.0 868.0 plane 0
2449.0 789.0 2521.0 789.0 2521.0 854.0 2449.0 854.0 plane 0
2375.0 767.0 2449.0 767.0 2449.0 839.0 2375.0 839.0 plane 0
1679.0 599.0 1824.0 599.0 1824.0 742.0 1679.0 742.0 plane 0
9.0 1382.0 59.0 1382.0 59.0 1438.0 9.0 1438.0 storage-tank 0
63.0 1397.0 117.0 1397.0 117.0 1458.0 63.0 1458.0 storage-tank 0
39.0 1456.0 100.0 1456.0 100.0 1515.0 39.0 1515.0 storage-tank 0
3.0 1442.0 33.0 1442.0 33.0 1495.0 3.0 1495.0 storage-tank 0
379.0 460.0 551.0 460.0 551.0 605.0 379.0 605.0 plane 0
1338.0 946.0 1448.0 946.0 1448.0 1038.0 1338.0 1038.0 plane 0
1632.0 1285.0 1723.0 1285.0 1723.0 1368.0 1632.0 1368.0 plane 0
966.0 2101.0 1122.0 2101.0 1122.0 2257.0 966.0 2257.0 plane 0
785.0 2456.0 933.0 2456.0 933.0 2603.0 785.0 2603.0 plane 0
2547.0 1181.0 2650.0 1181.0 2650.0 1302.0 2547.0 1302.0 plane 0
1058.0 2319.0 1208.0 2319.0 1208.0 2465.0 1058.0 2465.0 plane 0
1206.0 2327.0 1293.0 2327.0 1293.0 2411.0 1206.0 2411.0 plane 0
1313.0 2218.0 1408.0 2218.0 1408.0 2314.0 1313.0 2314.0 plane 0
1934.0 2876.0 2043.0 2876.0 2043.0 2961.0 1934.0 2961.0 plane 0
1496.0 1192.0 1597.0 1192.0 1597.0 1284.0 1496.0 1284.0 plane 0
1261.0 809.0 1424.0 809.0 1424.0 954.0 1261.0 954.0 plane 0
1552.0 572.0 1690.0 572.0 1690.0 702.0 1552.0 702.0 plane 0
1812.0 636.0 1962.0 636.0 1962.0 777.0 1812.0 777.0 plane 0
2310.0 759.0 2367.0 759.0 2367.0 811.0 2310.0 811.0 plane 0
2208.0 3106.0 2268.0 3106.0 2268.0 3180.0 2208.0 3180.0 plane 0
1829.0 1117.0 1847.0 1117.0 1847.0 1131.0 1829.0 1131.0 large-vehicle 1
1833.0 1122.0 1851.0 1122.0 1851.0 1136.0 1833.0 1136.0 large-vehicle 1
1836.0 1129.0 1855.0 1129.0 1855.0 1141.0 1836.0 1141.0 large-vehicle 1
2739.0 852.0 2781.0 852.0 2781.0 892.0 2739.0 892.0 plane 0
2641.0 1264.0 2752.0 1264.0 2752.0 1355.0 2641.0 1355.0 plane 0
3263.0 2547.0 3272.0 2547.0 3272.0 2558.0 3263.0 2558.0 small-vehicle 1
2228.0 2742.0 2305.0 2742.0 2305.0 2821.0 2228.0 2821.0 plane 0
587.0 2341.0 731.0 2341.0 731.0 2480.0 587.0 2480.0 plane 0
920.0 2394.0 1072.0 2394.0 1072.0 2536.0 920.0 2536.0 plane 0
865.0 2208.0 964.0 2208.0 964.0 2307.0 865.0 2307.0 plane 0
1411.0 1805.0 1549.0 1805.0 1549.0 1946.0 1411.0 1946.0 plane 0
1396.0 1481.0 1589.0 1481.0 1589.0 1640.0 1396.0 1640.0 plane 0
1312.0 1368.0 1410.0 1368.0 1410.0 1456.0 1312.0 1456.0 plane 0
1122.0 2794.0 1221.0 2794.0 1221.0 2889.0 1122.0 2889.0 plane 0
1530.0 2589.0 1634.0 2589.0 1634.0 2682.0 1530.0 2682.0 plane 0
1366.0 2947.0 1466.0 2947.0 1466.0 3050.0 1366.0 3050.0 plane 0
1634.0 2849.0 1737.0 2849.0 1737.0 2952.0 1634.0 2952.0 plane 0
1820.0 2697.0 1928.0 2697.0 1928.0 2808.0 1820.0 2808.0 plane 0
1988.0 2742.0 2080.0 2742.0 2080.0 2836.0 1988.0 2836.0 plane 0
2130.0 2806.0 2220.0 2806.0 2220.0 2893.0 2130.0 2893.0 plane 0
2299.0 2797.0 2394.0 2797.0 2394.0 2893.0 2299.0 2893.0 plane 0
2656.0 1505.0 2715.0 1505.0 2715.0 1555.0 2656.0 1555.0 plane 0
2402.0 2921.0 2521.0 2921.0 2521.0 3024.0 2402.0 3024.0 plane 0
1904.0 3060.0 1984.0 3060.0 1984.0 3140.0 1904.0 3140.0 plane 0
1820.0 3065.0 1904.0 3065.0 1904.0 3151.0 1820.0 3151.0 plane 0
3332.0 3334.0 3384.0 3334.0 3384.0 3378.0 3332.0 3378.0 plane 0
3261.0 3256.0 3347.0 3256.0 3347.0 3328.0 3261.0 3328.0 plane 0
3249.0 3209.0 3293.0 3209.0 3293.0 3241.0 3249.0 3241.0 plane 0
2561.0 2761.0 2666.0 2761.0 2666.0 2847.0 2561.0 2847.0 plane 0
2701.0 1765.0 2767.0 1765.0 2767.0 1830.0 2701.0 1830.0 plane 0
2582.0 1795.0 2603.0 1795.0 2603.0 1822.0 2582.0 1822.0 plane 0
2603.0 1798.0 2623.0 1798.0 2623.0 1824.0 2603.0 1824.0 plane 0
2633.0 1805.0 2660.0 1805.0 2660.0 1832.0 2633.0 1832.0 plane 0
2662.0 1807.0 2691.0 1807.0 2691.0 1839.0 2662.0 1839.0 plane 0
2648.0 1633.0 2704.0 1633.0 2704.0 1689.0 2648.0 1689.0 plane 0
1875.0 1814.0 1894.0 1814.0 1894.0 1827.0 1875.0 1827.0 large-vehicle 1
1905.0 1843.0 1918.0 1843.0 1918.0 1863.0 1905.0 1863.0 large-vehicle 1
1954.0 1855.0 1980.0 1855.0 1980.0 1865.0 1954.0 1865.0 large-vehicle 1
3615.0 2423.0 3624.0 2423.0 3624.0 2430.0 3615.0 2430.0 small-vehicle 1
3153.0 2131.0 3166.0 2131.0 3166.0 2136.0 3153.0 2136.0 small-vehicle 1
3153.0 2134.0 3164.0 2134.0 3164.0 2141.0 3153.0 2141.0 small-vehicle 1
3647.0 2259.0 3658.0 2259.0 3658.0 2265.0 3647.0 2265.0 small-vehicle 1
3784.0 2288.0 3794.0 2288.0 3794.0 2294.0 3784.0 2294.0 small-vehicle 1
3776.0 2294.0 3786.0 2294.0 3786.0 2299.0 3776.0 2299.0 small-vehicle 1
3796.0 2294.0 3805.0 2294.0 3805.0 2300.0 3796.0 2300.0 small-vehicle 1
3800.0 2301.0 3809.0 2301.0 3809.0 2306.0 3800.0 2306.0 small-vehicle 1
3887.0 2295.0 3899.0 2295.0 3899.0 2302.0 3887.0 2302.0 small-vehicle 1
3919.0 2305.0 3931.0 2305.0 3931.0 2311.0 3919.0 2311.0 small-vehicle 1
3921.0 2312.0 3930.0 2312.0 3930.0 2316.0 3921.0 2316.0 small-vehicle 1
3916.0 2327.0 3924.0 2327.0 3924.0 2334.0 3916.0 2334.0 small-vehicle 1
3917.0 2321.0 3925.0 2321.0 3925.0 2326.0 3917.0 2326.0 small-vehicle 1
3932.0 2326.0 3940.0 2326.0 3940.0 2329.0 3932.0 2329.0 small-vehicle 1
3520.0 2468.0 3532.0 2468.0 3532.0 2475.0 3520.0 2475.0 small-vehicle 1
1918.0 2689.0 1931.0 2689.0 1931.0 2708.0 1918.0 2708.0 large-vehicle 1
3593.0 2419.0 3603.0 2419.0 3603.0 2425.0 3593.0 2425.0 small-vehicle 1
4041.0 2448.0 4050.0 2448.0 4050.0 2452.0 4041.0 2452.0 small-vehicle 1
4019.0 2424.0 4028.0 2424.0 4028.0 2428.0 4019.0 2428.0 small-vehicle 1
3987.0 2435.0 3997.0 2435.0 3997.0 2439.0 3987.0 2439.0 small-vehicle 1
3967.0 2430.0 3975.0 2430.0 3975.0 2435.0 3967.0 2435.0 small-vehicle 1
3953.0 2429.0 3963.0 2429.0 3963.0 2433.0 3953.0 2433.0 small-vehicle 1
3957.0 2416.0 3967.0 2416.0 3967.0 2422.0 3957.0 2422.0 small-vehicle 1
3971.0 2413.0 3981.0 2413.0 3981.0 2419.0 3971.0 2419.0 small-vehicle 1
3417.0 2553.0 3425.0 2553.0 3425.0 2560.0 3417.0 2560.0 small-vehicle 1
3285.0 2619.0 3294.0 2619.0 3294.0 2627.0 3285.0 2627.0 small-vehicle 1
3278.0 2613.0 3289.0 2613.0 3289.0 2619.0 3278.0 2619.0 small-vehicle 1
3137.0 2625.0 3147.0 2625.0 3147.0 2630.0 3137.0 2630.0 small-vehicle 1
3232.0 2633.0 3241.0 2633.0 3241.0 2638.0 3232.0 2638.0 small-vehicle 1
3139.0 2139.0 3149.0 2139.0 3149.0 2145.0 3139.0 2145.0 small-vehicle 1
3097.0 2117.0 3106.0 2117.0 3106.0 2122.0 3097.0 2122.0 small-vehicle 1
3231.0 2194.0 3235.0 2194.0 3235.0 2204.0 3231.0 2204.0 small-vehicle 1
3269.0 2172.0 3281.0 2172.0 3281.0 2178.0 3269.0 2178.0 small-vehicle 1
1931.0 2709.0 1945.0 2709.0 1945.0 2728.0 1931.0 2728.0 large-vehicle 1
1913.0 2691.0 1925.0 2691.0 1925.0 2711.0 1913.0 2711.0 large-vehicle 1
2946.0 2092.0 2968.0 2092.0 2968.0 2101.0 2946.0 2101.0 large-vehicle 1
2897.0 2083.0 2921.0 2083.0 2921.0 2093.0 2897.0 2093.0 large-vehicle 1
3093.0 1872.0 3100.0 1872.0 3100.0 1880.0 3093.0 1880.0 small-vehicle 1
3100.0 1872.0 3107.0 1872.0 3107.0 1879.0 3100.0 1879.0 small-vehicle 1
2764.0 2071.0 2775.0 2071.0 2775.0 2076.0 2764.0 2076.0 small-vehicle 1
2813.0 2078.0 2824.0 2078.0 2824.0 2084.0 2813.0 2084.0 small-vehicle 1
2841.0 2084.0 2853.0 2084.0 2853.0 2090.0 2841.0 2090.0 small-vehicle 1
2880.0 2074.0 2890.0 2074.0 2890.0 2079.0 2880.0 2079.0 small-vehicle 1
2887.0 2080.0 2895.0 2080.0 2895.0 2084.0 2887.0 2084.0 small-vehicle 1
2887.0 2092.0 2896.0 2092.0 2896.0 2097.0 2887.0 2097.0 small-vehicle 1
2864.0 2092.0 2873.0 2092.0 2873.0 2098.0 2864.0 2098.0 small-vehicle 1
2869.0 2085.0 2880.0 2085.0 2880.0 2089.0 2869.0 2089.0 small-vehicle 1
2951.0 2114.0 2963.0 2114.0 2963.0 2119.0 2951.0 2119.0 small-vehicle 1
2926.0 2152.0 2931.0 2152.0 2931.0 2162.0 2926.0 2162.0 small-vehicle 1
2969.0 2103.0 2980.0 2103.0 2980.0 2109.0 2969.0 2109.0 small-vehicle 1
2992.0 2102.0 3002.0 2102.0 3002.0 2106.0 2992.0 2106.0 small-vehicle 1
3017.0 2096.0 3029.0 2096.0 3029.0 2101.0 3017.0 2101.0 small-vehicle 1
3040.0 2120.0 3049.0 2120.0 3049.0 2125.0 3040.0 2125.0 small-vehicle 1
3055.0 2117.0 3065.0 2117.0 3065.0 2122.0 3055.0 2122.0 small-vehicle 1
3574.0 2232.0 3583.0 2232.0 3583.0 2237.0 3574.0 2237.0 small-vehicle 1
3512.0 2204.0 3522.0 2204.0 3522.0 2209.0 3512.0 2209.0 small-vehicle 1
3399.0 2184.0 3409.0 2184.0 3409.0 2189.0 3399.0 2189.0 small-vehicle 1
3377.0 2200.0 3386.0 2200.0 3386.0 2205.0 3377.0 2205.0 small-vehicle 1
3315.0 2174.0 3327.0 2174.0 3327.0 2180.0 3315.0 2180.0 small-vehicle 1
3306.0 2181.0 3316.0 2181.0 3316.0 2187.0 3306.0 2187.0 small-vehicle 1
573.0 376.0 708.0 376.0 708.0 504.0 573.0 504.0 plane 0
