imagesource:GoogleEarth
gsd:null
6420.0 1531.0 6440.0 1531.0 6440.0 1543.0 6420.0 1543.0 large-vehicle 1
4067.0 2382.0 4151.0 2382.0 4151.0 2457.0 4067.0 2457.0 plane 0
3651.0 3821.0 3696.0 3821.0 3696.0 3854.0 3651.0 3854.0 plane 0
3667.0 3845.0 3728.0 3845.0 3728.0 3878.0 3667.0 3878.0 plane 0
3644.0 3875.0 3715.0 3875.0 3715.0 3941.0 3644.0 3941.0 plane 0
3641.0 3935.0 3666.0 3935.0 3666.0 3957.0 3641.0 3957.0 helicopter 0
3636.0 3950.0 3660.0 3950.0 3660.0 3973.0 3636.0 3973.0 helicopter 0
3621.0 3991.0 3656.0 3991.0 3656.0 4022.0 3621.0 4022.0 helicopter 0
3624.0 4022.0 3658.0 4022.0 3658.0 4048.0 3624.0 4048.0 helicopter 0
3620.0 4046.0 3648.0 4046.0 3648.0 4064.0 3620.0 4064.0 helicopter 1
3609.0 4073.0 3640.0 4073.0 3640.0 4093.0 3609.0 4093.0 helicopter 0
3616.0 4060.0 3646.0 4060.0 3646.0 4081.0 3616.0 4081.0 helicopter 0
3485.0 4064.0 3529.0 4064.0 3529.0 4095.0 3485.0 4095.0 plane 0
3469.0 4003.0 3552.0 4003.0 3552.0 4071.0 3469.0 4071.0 plane 0
3500.0 3977.0 3560.0 3977.0 3560.0 4027.0 3500.0 4027.0 plane 0
3521.0 3966.0 3559.0 3966.0 3559.0 3999.0 3521.0 3999.0 helicopter 0
3536.0 3950.0 3566.0 3950.0 3566.0 3979.0 3536.0 3979.0 helicopter 0
3506.0 3910.0 3578.0 3910.0 3578.0 3965.0 3506.0 3965.0 plane 0
3528.0 3881.0 3574.0 3881.0 3574.0 3926.0 3528.0 3926.0 plane 0
3531.0 3822.0 3574.0 3822.0 3574.0 3860.0 3531.0 3860.0 plane 0
3545.0 3788.0 3592.0 3788.0 3592.0 3831.0 3545.0 3831.0 plane 0
3642.0 3776.0 3727.0 3776.0 3727.0 3849.0 3642.0 3849.0 plane 0
3646.0 3767.0 3685.0 3767.0 3685.0 3807.0 3646.0 3807.0 plane 0
3663.0 3743.0 3720.0 3743.0 3720.0 3804.0 3663.0 3804.0 plane 0
3983.0 1814.0 4016.0 1814.0 4016.0 1842.0 3983.0 1842.0 plane 0
3719.0 217.0 3783.0 217.0 3783.0 283.0 3719.0 283.0 plane 0
3775.0 245.0 3840.0 245.0 3840.0 311.0 3775.0 311.0 plane 0
3981.0 1524.0 4078.0 1524.0 4078.0 1598.0 3981.0 1598.0 plane 0
3984.0 1914.0 4027.0 1914.0 4027.0 1950.0 3984.0 1950.0 plane 0
3958.0 1900.0 4005.0 1900.0 4005.0 1943.0 3958.0 1943.0 plane 0
3922.0 1826.0 3960.0 1826.0 3960.0 1861.0 3922.0 1861.0 plane 0
3944.0 1824.0 3982.0 1824.0 3982.0 1850.0 3944.0 1850.0 plane 0
3970.0 1824.0 3994.0 1824.0 3994.0 1846.0 3970.0 1846.0 helicopter 0
3954.0 1794.0 3989.0 1794.0 3989.0 1822.0 3954.0 1822.0 plane 0
3691.0 3773.0 3755.0 3773.0 3755.0 3834.0 3691.0 3834.0 plane 0
3915.0 1791.0 3955.0 1791.0 3955.0 1825.0 3915.0 1825.0 plane 0
3955.0 1693.0 4000.0 1693.0 4000.0 1738.0 3955.0 1738.0 plane 0
3896.0 1714.0 3936.0 1714.0 3936.0 1754.0 3896.0 1754.0 plane 0
3875.0 1721.0 3914.0 1721.0 3914.0 1757.0 3875.0 1757.0 plane 0
3855.0 1730.0 3893.0 1730.0 3893.0 1765.0 3855.0 1765.0 plane 0
3870.0 2114.0 3973.0 2114.0 3973.0 2203.0 3870.0 2203.0 plane 0
3827.0 2052.0 3931.0 2052.0 3931.0 2146.0 3827.0 2146.0 plane 0
3769.0 2413.0 3812.0 2413.0 3812.0 2452.0 3769.0 2452.0 plane 0
3243.0 289.0 3330.0 289.0 3330.0 370.0 3243.0 370.0 plane 0
3448.0 2005.0 3544.0 2005.0 3544.0 2082.0 3448.0 2082.0 plane 0
3430.0 1959.0 3488.0 1959.0 3488.0 2005.0 3430.0 2005.0 plane 0
3161.0 3737.0 3231.0 3737.0 3231.0 3792.0 3161.0 3792.0 plane 0
3240.0 3825.0 3321.0 3825.0 3321.0 3913.0 3240.0 3913.0 plane 0
3185.0 3799.0 3257.0 3799.0 3257.0 3882.0 3185.0 3882.0 plane 0
3208.0 3720.0 3290.0 3720.0 3290.0 3804.0 3208.0 3804.0 plane 0
3253.0 3747.0 3339.0 3747.0 3339.0 3828.0 3253.0 3828.0 plane 0
3255.0 3693.0 3330.0 3693.0 3330.0 3757.0 3255.0 3757.0 plane 0
3251.0 3644.0 3323.0 3644.0 3323.0 3708.0 3251.0 3708.0 plane 0
3168.0 3621.0 3249.0 3621.0 3249.0 3700.0 3168.0 3700.0 plane 0
3142.0 3689.0 3227.0 3689.0 3227.0 3760.0 3142.0 3760.0 plane 0
3123.0 3771.0 3205.0 3771.0 3205.0 3842.0 3123.0 3842.0 plane 0
3002.0 2265.0 3043.0 2265.0 3043.0 2308.0 3002.0 2308.0 plane 0
3103.0 3825.0 3191.0 3825.0 3191.0 3906.0 3103.0 3906.0 plane 0
3103.0 3940.0 3196.0 3940.0 3196.0 4015.0 3103.0 4015.0 plane 0
2282.0 2899.0 2373.0 2899.0 2373.0 2989.0 2282.0 2989.0 plane 0
2550.0 458.0 2597.0 458.0 2597.0 511.0 2550.0 511.0 plane 0
2127.0 699.0 2215.0 699.0 2215.0 776.0 2127.0 776.0 plane 0
2176.0 487.0 2235.0 487.0 2235.0 543.0 2176.0 543.0 plane 0
2284.0 412.0 2352.0 412.0 2352.0 477.0 2284.0 477.0 plane 0
2101.0 27.0 2148.0 27.0 2148.0 65.0 2101.0 65.0 helicopter 0
2963.0 2256.0 3003.0 2256.0 3003.0 2298.0 2963.0 2298.0 plane 0
2930.0 2246.0 2962.0 2246.0 2962.0 2284.0 2930.0 2284.0 helicopter 0
3530.0 2478.0 3572.0 2478.0 3572.0 2512.0 3530.0 2512.0 plane 0
3135.0 2390.0 3170.0 2390.0 3170.0 2426.0 3135.0 2426.0 plane 0
3363.0 1844.0 3404.0 1844.0 3404.0 1880.0 3363.0 1880.0 plane 0
3482.0 2466.0 3522.0 2466.0 3522.0 2508.0 3482.0 2508.0 plane 0
3437.0 2458.0 3477.0 2458.0 3477.0 2487.0 3437.0 2487.0 plane 0
3382.0 2448.0 3428.0 2448.0 3428.0 2484.0 3382.0 2484.0 plane 0
3332.0 2437.0 3379.0 2437.0 3379.0 2477.0 3332.0 2477.0 plane 0
3281.0 2424.0 3328.0 2424.0 3328.0 2471.0 3281.0 2471.0 plane 0
3228.0 2414.0 3277.0 2414.0 3277.0 2460.0 3228.0 2460.0 plane 0
3181.0 2401.0 3228.0 2401.0 3228.0 2446.0 3181.0 2446.0 plane 0
3033.0 2366.0 3075.0 2366.0 3075.0 2400.0 3033.0 2400.0 plane 0
3042.0 2274.0 3079.0 2274.0 3079.0 2311.0 3042.0 2311.0 plane 0
2993.0 2355.0 3033.0 2355.0 3033.0 2395.0 2993.0 2395.0 plane 0
2959.0 2346.0 2997.0 2346.0 2997.0 2386.0 2959.0 2386.0 plane 0
2927.0 2337.0 2963.0 2337.0 2963.0 2375.0 2927.0 2375.0 plane 0
2892.0 2330.0 2928.0 2330.0 2928.0 2366.0 2892.0 2366.0 plane 0
3362.0 2352.0 3394.0 2352.0 3394.0 2389.0 3362.0 2389.0 plane 0
3262.0 2325.0 3295.0 2325.0 3295.0 2367.0 3262.0 2367.0 plane 0
3219.0 2317.0 3258.0 2317.0 3258.0 2357.0 3219.0 2357.0 plane 0
3180.0 2310.0 3218.0 2310.0 3218.0 2342.0 3180.0 2342.0 plane 0
4082.0 2242.0 4185.0 2242.0 4185.0 2338.0 4082.0 2338.0 plane 0
4694.0 2364.0 4783.0 2364.0 4783.0 2430.0 4694.0 2430.0 plane 0
6530.0 1614.0 6550.0 1614.0 6550.0 1628.0 6530.0 1628.0 large-vehicle 1
4506.0 2241.0 4544.0 2241.0 4544.0 2274.0 4506.0 2274.0 plane 0
5034.0 2212.0 5042.0 2212.0 5042.0 2229.0 5034.0 2229.0 large-vehicle 1
5031.0 2232.0 5039.0 2232.0 5039.0 2247.0 5031.0 2247.0 large-vehicle 1
5029.0 2214.0 5036.0 2214.0 5036.0 2231.0 5029.0 2231.0 large-vehicle 1
5023.0 2218.0 5029.0 2218.0 5029.0 2234.0 5023.0 2234.0 large-vehicle 1
5018.0 2217.0 5024.0 2217.0 5024.0 2241.0 5018.0 2241.0 large-vehicle 1
4990.0 2181.0 5007.0 2181.0 5007.0 2186.0 4990.0 2186.0 large-vehicle 1
4989.0 2187.0 5016.0 2187.0 5016.0 2194.0 4989.0 2194.0 large-vehicle 1
4985.0 2195.0 5011.0 2195.0 5011.0 2200.0 4985.0 2200.0 large-vehicle 1
5064.0 1516.0 5083.0 1516.0 5083.0 1530.0 5064.0 1530.0 large-vehicle 1
5089.0 1554.0 5094.0 1554.0 5094.0 1573.0 5089.0 1573.0 large-vehicle 1
5096.0 1553.0 5101.0 1553.0 5101.0 1574.0 5096.0 1574.0 large-vehicle 1
5113.0 1547.0 5120.0 1547.0 5120.0 1569.0 5113.0 1569.0 large-vehicle 1
4351.0 177.0 4362.0 177.0 4362.0 183.0 4351.0 183.0 small-vehicle 1
4361.0 186.0 4373.0 186.0 4373.0 193.0 4361.0 193.0 small-vehicle 1
439.0 3995.0 449.0 3995.0 449.0 4002.0 439.0 4002.0 small-vehicle 1
502.0 4023.0 514.0 4023.0 514.0 4030.0 502.0 4030.0 small-vehicle 1
614.0 4042.0 625.0 4042.0 625.0 4049.0 614.0 4049.0 small-vehicle 1
575.0 4051.0 587.0 4051.0 587.0 4058.0 575.0 4058.0 small-vehicle 1
722.0 4086.0 732.0 4086.0 732.0 4093.0 722.0 4093.0 small-vehicle 1
4646.0 2309.0 4667.0 2309.0 4667.0 2321.0 4646.0 2321.0 large-vehicle 1
5153.0 2530.0 5169.0 2530.0 5169.0 2548.0 5153.0 2548.0 large-vehicle 1
5172.0 2527.0 5190.0 2527.0 5190.0 2544.0 5172.0 2544.0 large-vehicle 1
5135.0 391.0 5157.0 391.0 5157.0 403.0 5135.0 403.0 large-vehicle 1
6976.0 1720.0 6999.0 1720.0 6999.0 1731.0 6976.0 1731.0 large-vehicle 1
6773.0 2218.0 6780.0 2218.0 6780.0 2229.0 6773.0 2229.0 small-vehicle 1
6686.0 2935.0 6695.0 2935.0 6695.0 2942.0 6686.0 2942.0 small-vehicle 1
6745.0 2986.0 6756.0 2986.0 6756.0 2996.0 6745.0 2996.0 small-vehicle 1
5967.0 1349.0 5990.0 1349.0 5990.0 1358.0 5967.0 1358.0 large-vehicle 1
6105.0 1379.0 6127.0 1379.0 6127.0 1392.0 6105.0 1392.0 large-vehicle 1
5701.0 967.0 5709.0 967.0 5709.0 985.0 5701.0 985.0 large-vehicle 1
5054.0 347.0 5075.0 347.0 5075.0 357.0 5054.0 357.0 large-vehicle 1
5651.0 2467.0 5661.0 2467.0 5661.0 2474.0 5651.0 2474.0 small-vehicle 1
4997.0 2591.0 5014.0 2591.0 5014.0 2614.0 4997.0 2614.0 large-vehicle 1
5629.0 2472.0 5640.0 2472.0 5640.0 2480.0 5629.0 2480.0 small-vehicle 1
5076.0 2680.0 5090.0 2680.0 5090.0 2702.0 5076.0 2702.0 large-vehicle 1
5082.0 2678.0 5095.0 2678.0 5095.0 2698.0 5082.0 2698.0 large-vehicle 1
5066.0 2662.0 5079.0 2662.0 5079.0 2682.0 5066.0 2682.0 large-vehicle 1
5046.0 2673.0 5060.0 2673.0 5060.0 2692.0 5046.0 2692.0 large-vehicle 1
5057.0 2692.0 5070.0 2692.0 5070.0 2713.0 5057.0 2713.0 large-vehicle 1
5042.0 2686.0 5053.0 2686.0 5053.0 2706.0 5042.0 2706.0 large-vehicle 1
5083.0 2597.0 5103.0 2597.0 5103.0 2616.0 5083.0 2616.0 large-vehicle 1
704.0 4085.0 713.0 4085.0 713.0 4091.0 704.0 4091.0 small-vehicle 1
233.0 3971.0 244.0 3971.0 244.0 3978.0 233.0 3978.0 small-vehicle 1
303.0 3992.0 313.0 3992.0 313.0 3998.0 303.0 3998.0 small-vehicle 1
4419.0 1655.0 4458.0 1655.0 4458.0 1689.0 4419.0 1689.0 plane 0
4608.0 382.0 4687.0 382.0 4687.0 439.0 4608.0 439.0 plane 0
4607.0 413.0 4639.0 413.0 4639.0 449.0 4607.0 449.0 plane 0
4576.0 410.0 4673.0 410.0 4673.0 493.0 4576.0 493.0 plane 0
4640.0 463.0 4682.0 463.0 4682.0 506.0 4640.0 506.0 plane 0
4716.0 628.0 4765.0 628.0 4765.0 670.0 4716.0 670.0 plane 0
4828.0 559.0 4909.0 559.0 4909.0 616.0 4828.0 616.0 plane 0
4349.0 826.0 4496.0 826.0 4496.0 922.0 4349.0 922.0 helicopter 0
4825.0 995.0 4881.0 995.0 4881.0 1038.0 4825.0 1038.0 plane 0
4429.0 1721.0 4463.0 1721.0 4463.0 1735.0 4429.0 1735.0 plane 0
4691.0 438.0 4722.0 438.0 4722.0 474.0 4691.0 474.0 plane 0
4431.0 1766.0 4465.0 1766.0 4465.0 1798.0 4431.0 1798.0 plane 0
4444.0 1812.0 4502.0 1812.0 4502.0 1856.0 4444.0 1856.0 plane 0
4457.0 1896.0 4503.0 1896.0 4503.0 1935.0 4457.0 1935.0 plane 0
4631.0 1936.0 4715.0 1936.0 4715.0 2004.0 4631.0 2004.0 plane 0
4461.0 1950.0 4508.0 1950.0 4508.0 1989.0 4461.0 1989.0 plane 0
4472.0 2015.0 4506.0 2015.0 4506.0 2054.0 4472.0 2054.0 plane 0
4644.0 2009.0 4722.0 2009.0 4722.0 2075.0 4644.0 2075.0 plane 0
4660.0 2144.0 4742.0 2144.0 4742.0 2210.0 4660.0 2210.0 plane 0
4703.0 446.0 4740.0 446.0 4740.0 482.0 4703.0 482.0 plane 0
4680.0 409.0 4712.0 409.0 4712.0 440.0 4680.0 440.0 plane 0
323.0 3976.0 335.0 3976.0 335.0 3982.0 323.0 3982.0 small-vehicle 1
3460.0 2376.0 3496.0 2376.0 3496.0 2412.0 3460.0 2412.0 plane 0
158.0 3985.0 164.0 3985.0 164.0 3996.0 158.0 3996.0 small-vehicle 1
67.0 3940.0 77.0 3940.0 77.0 3948.0 67.0 3948.0 small-vehicle 1
65.0 3929.0 77.0 3929.0 77.0 3935.0 65.0 3935.0 small-vehicle 1
23.0 3908.0 34.0 3908.0 34.0 3915.0 23.0 3915.0 small-vehicle 1
4802.0 1026.0 4873.0 1026.0 4873.0 1078.0 4802.0 1078.0 plane 0
5020.0 3946.0 5135.0 3946.0 5135.0 4061.0 5020.0 4061.0 plane 0
4559.0 562.0 4634.0 562.0 4634.0 626.0 4559.0 626.0 plane 0
3085.0 2377.0 3124.0 2377.0 3124.0 2415.0 3085.0 2415.0 plane 0
3316.0 2340.0 3357.0 2340.0 3357.0 2381.0 3316.0 2381.0 plane 0
4665.0 397.0 4689.0 397.0 4689.0 422.0 4665.0 422.0 plane 0
3119.0 2295.0 3159.0 2295.0 3159.0 2332.0 3119.0 2332.0 plane 0
3632.0 3956.0 3694.0 3956.0 3694.0 4012.0 3632.0 4012.0 plane 0
5047.0 3844.0 5164.0 3844.0 5164.0 3957.0 5047.0 3957.0 plane 0
5121.0 2338.0 5224.0 2338.0 5224.0 2425.0 5121.0 2425.0 plane 0
5167.0 2182.0 5262.0 2182.0 5262.0 2258.0 5167.0 2258.0 plane 0
5154.0 2048.0 5241.0 2048.0 5241.0 2120.0 5154.0 2120.0 plane 0
5148.0 1979.0 5234.0 1979.0 5234.0 2053.0 5148.0 2053.0 plane 0
4921.0 2023.0 5019.0 2023.0 5019.0 2116.0 4921.0 2116.0 plane 0
847.0 1586.0 935.0 1586.0 935.0 1652.0 847.0 1652.0 plane 0
