imagesource:GoogleEarth
gsd:0.283608964498
579.0 699.0 593.0 699.0 593.0 746.0 579.0 746.0 large-vehicle 0
614.0 664.0 624.0 664.0 624.0 681.0 614.0 681.0 small-vehicle 1
851.0 558.0 860.0 558.0 860.0 583.0 851.0 583.0 large-vehicle 0
802.0 573.0 823.0 573.0 823.0 599.0 802.0 599.0 large-vehicle 0
781.0 538.0 790.0 538.0 790.0 558.0 781.0 558.0 large-vehicle 0
580.0 571.0 590.0 571.0 590.0 593.0 580.0 593.0 large-vehicle 0
558.0 572.0 567.0 572.0 567.0 593.0 558.0 593.0 large-vehicle 0
606.0 575.0 628.0 575.0 628.0 582.0 606.0 582.0 small-vehicle 1
525.0 629.0 540.0 629.0 540.0 646.0 525.0 646.0 small-vehicle 1
533.0 636.0 550.0 636.0 550.0 655.0 533.0 655.0 small-vehicle 1
545.0 642.0 559.0 642.0 559.0 660.0 545.0 660.0 small-vehicle 1
556.0 644.0 568.0 644.0 568.0 665.0 556.0 665.0 small-vehicle 1
566.0 647.0 578.0 647.0 578.0 667.0 566.0 667.0 small-vehicle 1
574.0 651.0 588.0 651.0 588.0 671.0 574.0 671.0 small-vehicle 1
586.0 654.0 599.0 654.0 599.0 671.0 586.0 671.0 small-vehicle 1
595.0 656.0 608.0 656.0 608.0 674.0 595.0 674.0 small-vehicle 1
620.0 667.0 632.0 667.0 632.0 685.0 620.0 685.0 small-vehicle 1
552.0 702.0 568.0 702.0 568.0 748.0 552.0 748.0 large-vehicle 0
631.0 671.0 643.0 671.0 643.0 687.0 631.0 687.0 small-vehicle 1
315.0 629.0 334.0 629.0 334.0 647.0 315.0 647.0 small-vehicle 1
748.0 532.0 756.0 532.0 756.0 549.0 748.0 549.0 small-vehicle 1
759.0 533.0 767.0 533.0 767.0 552.0 759.0 552.0 small-vehicle 1
771.0 539.0 778.0 539.0 778.0 554.0 771.0 554.0 small-vehicle 1
785.0 839.0 801.0 839.0 801.0 858.0 785.0 858.0 small-vehicle 1
265.0 1039.0 287.0 1039.0 287.0 1048.0 265.0 1048.0 small-vehicle 1
319.0 1454.0 338.0 1454.0 338.0 1472.0 319.0 1472.0 small-vehicle 1
831.0 1765.0 849.0 1765.0 849.0 1785.0 831.0 1785.0 small-vehicle 1
1267.0 1920.0 1278.0 1920.0 1278.0 1937.0 1267.0 1937.0 small-vehicle 1
1348.0 1731.0 1362.0 1731.0 1362.0 1748.0 1348.0 1748.0 small-vehicle 1
1376.0 1713.0 1389.0 1713.0 1389.0 1733.0 1376.0 1733.0 small-vehicle 1
1386.0 1707.0 1398.0 1707.0 1398.0 1729.0 1386.0 1729.0 small-vehicle 1
1396.0 1704.0 1408.0 1704.0 1408.0 1721.0 1396.0 1721.0 small-vehicle 1
511.0 399.0 521.0 399.0 521.0 419.0 511.0 419.0 large-vehicle 0
308.0 383.0 332.0 383.0 332.0 393.0 308.0 393.0 large-vehicle 0
281.0 279.0 304.0 279.0 304.0 301.0 281.0 301.0 large-vehicle 0
764.0 245.0 781.0 245.0 781.0 254.0 764.0 254.0 small-vehicle 1
622.0 564.0 760.0 564.0 760.0 696.0 622.0 696.0 plane 0
1035.0 248.0 1223.0 248.0 1223.0 443.0 1035.0 443.0 plane 0
1574.0 335.0 1723.0 335.0 1723.0 502.0 1574.0 502.0 plane 0
1734.0 682.0 1905.0 682.0 1905.0 876.0 1734.0 876.0 plane 1
1686.0 55.0 1861.0 55.0 1861.0 243.0 1686.0 243.0 plane 0
1527.0 1140.0 1672.0 1140.0 1672.0 1327.0 1527.0 1327.0 plane 0
1686.0 1064.0 1823.0 1064.0 1823.0 1212.0 1686.0 1212.0 plane 0
1107.0 1863.0 1312.0 1863.0 1312.0 2083.0 1107.0 2083.0 plane 0
483.0 275.0 501.0 275.0 501.0 285.0 483.0 285.0 small-vehicle 1
531.0 271.0 550.0 271.0 550.0 292.0 531.0 292.0 small-vehicle 1
581.0 198.0 602.0 198.0 602.0 218.0 581.0 218.0 small-vehicle 1
700.0 167.0 717.0 167.0 717.0 176.0 700.0 176.0 small-vehicle 1
915.0 202.0 927.0 202.0 927.0 223.0 915.0 223.0 small-vehicle 1
905.0 293.0 913.0 293.0 913.0 314.0 905.0 314.0 small-vehicle 1
876.0 301.0 894.0 301.0 894.0 320.0 876.0 320.0 small-vehicle 1
839.0 317.0 862.0 317.0 862.0 326.0 839.0 326.0 small-vehicle 1
844.0 257.0 858.0 257.0 858.0 278.0 844.0 278.0 small-vehicle 1
868.0 267.0 885.0 267.0 885.0 287.0 868.0 287.0 small-vehicle 1
833.0 298.0 852.0 298.0 852.0 306.0 833.0 306.0 small-vehicle 1
811.0 236.0 833.0 236.0 833.0 251.0 811.0 251.0 small-vehicle 1
797.0 210.0 819.0 210.0 819.0 226.0 797.0 226.0 small-vehicle 1
610.0 266.0 629.0 266.0 629.0 282.0 610.0 282.0 small-vehicle 1
311.0 397.0 328.0 397.0 328.0 406.0 311.0 406.0 small-vehicle 1
508.0 360.0 519.0 360.0 519.0 378.0 508.0 378.0 small-vehicle 1
873.0 412.0 889.0 412.0 889.0 420.0 873.0 420.0 small-vehicle 1
871.0 400.0 887.0 400.0 887.0 408.0 871.0 408.0 small-vehicle 1
868.0 374.0 882.0 374.0 882.0 383.0 868.0 383.0 small-vehicle 1
860.0 364.0 877.0 364.0 877.0 374.0 860.0 374.0 small-vehicle 1
872.0 348.0 890.0 348.0 890.0 359.0 872.0 359.0 small-vehicle 1
967.0 560.0 984.0 560.0 984.0 567.0 967.0 567.0 small-vehicle 1
1228.0 386.0 1240.0 386.0 1240.0 402.0 1228.0 402.0 small-vehicle 1
1213.0 497.0 1221.0 497.0 1221.0 513.0 1213.0 513.0 small-vehicle 1
1872.0 330.0 1890.0 330.0 1890.0 336.0 1872.0 336.0 small-vehicle 1
1860.0 349.0 1876.0 349.0 1876.0 362.0 1860.0 362.0 small-vehicle 1
1863.0 359.0 1877.0 359.0 1877.0 370.0 1863.0 370.0 small-vehicle 1
1863.0 372.0 1879.0 372.0 1879.0 384.0 1863.0 384.0 small-vehicle 1
1862.0 383.0 1878.0 383.0 1878.0 396.0 1862.0 396.0 small-vehicle 1
1864.0 395.0 1879.0 395.0 1879.0 407.0 1864.0 407.0 small-vehicle 1
1856.0 407.0 1875.0 407.0 1875.0 422.0 1856.0 422.0 small-vehicle 1
1862.0 417.0 1881.0 417.0 1881.0 430.0 1862.0 430.0 small-vehicle 1
1856.0 430.0 1878.0 430.0 1878.0 442.0 1856.0 442.0 small-vehicle 1
1862.0 440.0 1881.0 440.0 1881.0 452.0 1862.0 452.0 small-vehicle 1
1864.0 452.0 1881.0 452.0 1881.0 464.0 1864.0 464.0 small-vehicle 1
1860.0 461.0 1880.0 461.0 1880.0 475.0 1860.0 475.0 small-vehicle 1
1820.0 382.0 1839.0 382.0 1839.0 399.0 1820.0 399.0 small-vehicle 1
1815.0 392.0 1833.0 392.0 1833.0 406.0 1815.0 406.0 small-vehicle 1
1830.0 361.0 1837.0 361.0 1837.0 379.0 1830.0 379.0 small-vehicle 1
1550.0 745.0 1558.0 745.0 1558.0 760.0 1550.0 760.0 small-vehicle 1
1526.0 1106.0 1545.0 1106.0 1545.0 1120.0 1526.0 1120.0 small-vehicle 1
1593.0 1488.0 1630.0 1488.0 1630.0 1502.0 1593.0 1502.0 large-vehicle 0
1547.0 1484.0 1579.0 1484.0 1579.0 1496.0 1547.0 1496.0 large-vehicle 0
1551.0 1496.0 1581.0 1496.0 1581.0 1508.0 1551.0 1508.0 large-vehicle 0
1548.0 1509.0 1580.0 1509.0 1580.0 1520.0 1548.0 1520.0 large-vehicle 0
1537.0 1520.0 1566.0 1520.0 1566.0 1533.0 1537.0 1533.0 large-vehicle 0
1541.0 1531.0 1572.0 1531.0 1572.0 1545.0 1541.0 1545.0 large-vehicle 0
1594.0 1515.0 1623.0 1515.0 1623.0 1527.0 1594.0 1527.0 large-vehicle 0
1625.0 1523.0 1660.0 1523.0 1660.0 1538.0 1625.0 1538.0 large-vehicle 0
1687.0 1767.0 1703.0 1767.0 1703.0 1797.0 1687.0 1797.0 large-vehicle 0
1114.0 665.0 1128.0 665.0 1128.0 682.0 1114.0 682.0 small-vehicle 1
506.0 700.0 520.0 700.0 520.0 750.0 506.0 750.0 large-vehicle 0
522.0 706.0 538.0 706.0 538.0 755.0 522.0 755.0 large-vehicle 0
536.0 705.0 552.0 705.0 552.0 754.0 536.0 754.0 large-vehicle 0
1858.0 339.0 1873.0 339.0 1873.0 353.0 1858.0 353.0 small-vehicle 1
1883.0 345.0 1899.0 345.0 1899.0 352.0 1883.0 352.0 small-vehicle 1
1416.0 272.0 1446.0 272.0 1446.0 301.0 1416.0 301.0 large-vehicle 0
1881.0 365.0 1898.0 365.0 1898.0 373.0 1881.0 373.0 small-vehicle 1
1421.0 240.0 1453.0 240.0 1453.0 269.0 1421.0 269.0 large-vehicle 0
1665.0 370.0 1701.0 370.0 1701.0 384.0 1665.0 384.0 large-vehicle 0
1192.0 501.0 1207.0 501.0 1207.0 524.0 1192.0 524.0 large-vehicle 0
1642.0 7.0 1660.0 7.0 1660.0 19.0 1642.0 19.0 small-vehicle 1
1716.0 20.0 1731.0 20.0 1731.0 42.0 1716.0 42.0 small-vehicle 1
1751.0 89.0 1764.0 89.0 1764.0 100.0 1751.0 100.0 small-vehicle 1
1720.0 310.0 1735.0 310.0 1735.0 328.0 1720.0 328.0 small-vehicle 1
1681.0 468.0 1692.0 468.0 1692.0 486.0 1681.0 486.0 small-vehicle 1
1803.0 461.0 1823.0 461.0 1823.0 477.0 1803.0 477.0 small-vehicle 1
1807.0 440.0 1820.0 440.0 1820.0 452.0 1807.0 452.0 small-vehicle 1
1822.0 440.0 1836.0 440.0 1836.0 452.0 1822.0 452.0 small-vehicle 1
1822.0 429.0 1837.0 429.0 1837.0 439.0 1822.0 439.0 small-vehicle 1
1801.0 418.0 1818.0 418.0 1818.0 429.0 1801.0 429.0 small-vehicle 1
1805.0 407.0 1820.0 407.0 1820.0 419.0 1805.0 419.0 small-vehicle 1
1814.0 403.0 1830.0 403.0 1830.0 413.0 1814.0 413.0 small-vehicle 1
1822.0 364.0 1830.0 364.0 1830.0 379.0 1822.0 379.0 small-vehicle 1
1866.0 472.0 1881.0 472.0 1881.0 484.0 1866.0 484.0 small-vehicle 1
1887.0 492.0 1902.0 492.0 1902.0 498.0 1887.0 498.0 small-vehicle 1
1887.0 501.0 1900.0 501.0 1900.0 509.0 1887.0 509.0 small-vehicle 1
1860.0 526.0 1875.0 526.0 1875.0 539.0 1860.0 539.0 small-vehicle 1
1889.0 453.0 1903.0 453.0 1903.0 462.0 1889.0 462.0 small-vehicle 1
1887.0 444.0 1902.0 444.0 1902.0 452.0 1887.0 452.0 small-vehicle 1
1883.0 434.0 1899.0 434.0 1899.0 441.0 1883.0 441.0 small-vehicle 1
1883.0 425.0 1899.0 425.0 1899.0 432.0 1883.0 432.0 small-vehicle 1
1885.0 414.0 1902.0 414.0 1902.0 421.0 1885.0 421.0 small-vehicle 1
1883.0 405.0 1899.0 405.0 1899.0 412.0 1883.0 412.0 small-vehicle 1
1882.0 395.0 1897.0 395.0 1897.0 402.0 1882.0 402.0 small-vehicle 1
1883.0 386.0 1896.0 386.0 1896.0 393.0 1883.0 393.0 small-vehicle 1
1880.0 375.0 1897.0 375.0 1897.0 382.0 1880.0 382.0 small-vehicle 1
633.0 726.0 760.0 726.0 760.0 852.0 633.0 852.0 plane 0
