imagesource:GoogleEarth
gsd:0.275034821122
2389.0 916.0 2408.0 916.0 2408.0 939.0 2389.0 939.0 small-vehicle 1
338.0 1009.0 376.0 1009.0 376.0 1020.0 338.0 1020.0 large-vehicle 0
2067.0 749.0 2250.0 749.0 2250.0 936.0 2067.0 936.0 plane 0
2188.0 830.0 2371.0 830.0 2371.0 1030.0 2188.0 1030.0 plane 0
1858.0 958.0 2048.0 958.0 2048.0 1133.0 1858.0 1133.0 plane 0
1905.0 711.0 2064.0 711.0 2064.0 897.0 1905.0 897.0 plane 0
1725.0 716.0 1882.0 716.0 1882.0 883.0 1725.0 883.0 plane 0
828.0 785.0 847.0 785.0 847.0 832.0 828.0 832.0 large-vehicle 0
883.0 787.0 902.0 787.0 902.0 833.0 883.0 833.0 large-vehicle 0
883.0 833.0 902.0 833.0 902.0 879.0 883.0 879.0 large-vehicle 0
871.0 797.0 888.0 797.0 888.0 846.0 871.0 846.0 large-vehicle 0
870.0 850.0 891.0 850.0 891.0 895.0 870.0 895.0 large-vehicle 0
867.0 974.0 898.0 974.0 898.0 1027.0 867.0 1027.0 large-vehicle 0
185.0 241.0 232.0 241.0 232.0 252.0 185.0 252.0 large-vehicle 0
198.0 287.0 221.0 287.0 221.0 296.0 198.0 296.0 large-vehicle 0
209.0 352.0 237.0 352.0 237.0 367.0 209.0 367.0 large-vehicle 0
213.0 389.0 238.0 389.0 238.0 398.0 213.0 398.0 large-vehicle 0
2246.0 330.0 2381.0 330.0 2381.0 459.0 2246.0 459.0 plane 0
2069.0 330.0 2206.0 330.0 2206.0 483.0 2069.0 483.0 plane 0
1890.0 338.0 2027.0 338.0 2027.0 482.0 1890.0 482.0 plane 0
1517.0 333.0 1652.0 333.0 1652.0 486.0 1517.0 486.0 plane 0
368.0 352.0 517.0 352.0 517.0 491.0 368.0 491.0 plane 0
394.0 446.0 551.0 446.0 551.0 611.0 394.0 611.0 plane 0
708.0 261.0 813.0 261.0 813.0 389.0 708.0 389.0 plane 0
860.0 149.0 957.0 149.0 957.0 262.0 860.0 262.0 plane 0
1168.0 368.0 1302.0 368.0 1302.0 520.0 1168.0 520.0 plane 0
1355.0 344.0 1497.0 344.0 1497.0 494.0 1355.0 494.0 plane 0
1328.0 2.0 1494.0 2.0 1494.0 186.0 1328.0 186.0 plane 0
413.0 700.0 564.0 700.0 564.0 847.0 413.0 847.0 plane 0
1218.0 760.0 1359.0 760.0 1359.0 901.0 1218.0 901.0 plane 0
1071.0 797.0 1184.0 797.0 1184.0 925.0 1071.0 925.0 plane 0
932.0 791.0 1084.0 791.0 1084.0 952.0 932.0 952.0 plane 0
676.0 861.0 817.0 861.0 817.0 995.0 676.0 995.0 plane 0
405.0 869.0 548.0 869.0 548.0 1004.0 405.0 1004.0 plane 0
251.0 858.0 407.0 858.0 407.0 1009.0 251.0 1009.0 plane 0
720.0 997.0 744.0 997.0 744.0 1005.0 720.0 1005.0 large-vehicle 0
928.0 775.0 939.0 775.0 939.0 793.0 928.0 793.0 small-vehicle 1
2366.0 951.0 2387.0 951.0 2387.0 979.0 2366.0 979.0 large-vehicle 0
932.0 835.0 940.0 835.0 940.0 853.0 932.0 853.0 small-vehicle 1
1088.0 728.0 1097.0 728.0 1097.0 750.0 1088.0 750.0 large-vehicle 0
1075.0 735.0 1086.0 735.0 1086.0 759.0 1075.0 759.0 large-vehicle 0
1537.0 760.0 1547.0 760.0 1547.0 783.0 1537.0 783.0 large-vehicle 0
1557.0 764.0 1566.0 764.0 1566.0 779.0 1557.0 779.0 small-vehicle 1
1785.0 295.0 1805.0 295.0 1805.0 305.0 1785.0 305.0 small-vehicle 1
1868.0 294.0 1886.0 294.0 1886.0 301.0 1868.0 301.0 small-vehicle 1
1932.0 289.0 1953.0 289.0 1953.0 298.0 1932.0 298.0 small-vehicle 1
1703.0 1287.0 1724.0 1287.0 1724.0 1295.0 1703.0 1295.0 small-vehicle 1
1584.0 1320.0 1602.0 1320.0 1602.0 1338.0 1584.0 1338.0 small-vehicle 1
2316.0 989.0 2332.0 989.0 2332.0 1006.0 2316.0 1006.0 small-vehicle 1
2339.0 1012.0 2376.0 1012.0 2376.0 1037.0 2339.0 1037.0 large-vehicle 0
2413.0 967.0 2432.0 967.0 2432.0 986.0 2413.0 986.0 large-vehicle 0
2404.0 960.0 2424.0 960.0 2424.0 978.0 2404.0 978.0 large-vehicle 0
2404.0 942.0 2422.0 942.0 2422.0 961.0 2404.0 961.0 large-vehicle 0
2323.0 919.0 2344.0 919.0 2344.0 941.0 2323.0 941.0 large-vehicle 0
1143.0 732.0 1163.0 732.0 1163.0 740.0 1143.0 740.0 large-vehicle 0
1142.0 745.0 1163.0 745.0 1163.0 753.0 1142.0 753.0 large-vehicle 0
1145.0 754.0 1165.0 754.0 1165.0 762.0 1145.0 762.0 large-vehicle 0
1115.0 201.0 1138.0 201.0 1138.0 210.0 1115.0 210.0 small-vehicle 1
920.0 833.0 931.0 833.0 931.0 850.0 920.0 850.0 small-vehicle 1
908.0 840.0 926.0 840.0 926.0 859.0 908.0 859.0 small-vehicle 1
905.0 853.0 921.0 853.0 921.0 870.0 905.0 870.0 small-vehicle 1
903.0 872.0 922.0 872.0 922.0 887.0 903.0 887.0 small-vehicle 1
887.0 906.0 905.0 906.0 905.0 914.0 887.0 914.0 small-vehicle 1
1243.0 270.0 1265.0 270.0 1265.0 282.0 1243.0 282.0 small-vehicle 1
965.0 272.0 978.0 272.0 978.0 294.0 965.0 294.0 small-vehicle 1
1140.0 766.0 1159.0 766.0 1159.0 774.0 1140.0 774.0 large-vehicle 0
1496.0 299.0 1540.0 299.0 1540.0 313.0 1496.0 313.0 small-vehicle 1
1163.0 488.0 1206.0 488.0 1206.0 506.0 1163.0 506.0 large-vehicle 0
1160.0 400.0 1169.0 400.0 1169.0 419.0 1160.0 419.0 large-vehicle 0
1193.0 452.0 1214.0 452.0 1214.0 474.0 1193.0 474.0 large-vehicle 0
1026.0 905.0 1069.0 905.0 1069.0 931.0 1026.0 931.0 large-vehicle 0
1315.0 894.0 1334.0 894.0 1334.0 904.0 1315.0 904.0 large-vehicle 0
349.0 214.0 511.0 214.0 511.0 381.0 349.0 381.0 plane 0
