imagesource:GoogleEarth
gsd:0.272101506256
2498.0 154.0 2505.0 154.0 2505.0 171.0 2498.0 171.0 small-vehicle 1
1942.0 217.0 1949.0 217.0 1949.0 232.0 1942.0 232.0 small-vehicle 1
1814.0 175.0 1823.0 175.0 1823.0 193.0 1814.0 193.0 small-vehicle 1
1825.0 176.0 1833.0 176.0 1833.0 191.0 1825.0 191.0 small-vehicle 1
1842.0 175.0 1850.0 175.0 1850.0 191.0 1842.0 191.0 small-vehicle 1
1955.0 148.0 1964.0 148.0 1964.0 165.0 1955.0 165.0 small-vehicle 1
1986.0 148.0 1994.0 148.0 1994.0 164.0 1986.0 164.0 small-vehicle 1
2006.0 147.0 2013.0 147.0 2013.0 163.0 2006.0 163.0 small-vehicle 1
2016.0 147.0 2024.0 147.0 2024.0 163.0 2016.0 163.0 small-vehicle 1
2029.0 146.0 2036.0 146.0 2036.0 163.0 2029.0 163.0 small-vehicle 1
2040.0 145.0 2047.0 145.0 2047.0 160.0 2040.0 160.0 small-vehicle 1
2049.0 145.0 2055.0 145.0 2055.0 159.0 2049.0 159.0 small-vehicle 1
2027.0 172.0 2036.0 172.0 2036.0 188.0 2027.0 188.0 small-vehicle 1
2048.0 170.0 2056.0 170.0 2056.0 187.0 2048.0 187.0 small-vehicle 1
2040.0 218.0 2046.0 218.0 2046.0 232.0 2040.0 232.0 small-vehicle 1
2047.0 216.0 2055.0 216.0 2055.0 233.0 2047.0 233.0 small-vehicle 1
1989.0 215.0 1997.0 215.0 1997.0 234.0 1989.0 234.0 small-vehicle 1
1778.0 176.0 1785.0 176.0 1785.0 192.0 1778.0 192.0 small-vehicle 1
1766.0 176.0 1773.0 176.0 1773.0 193.0 1766.0 193.0 small-vehicle 1
1743.0 177.0 1753.0 177.0 1753.0 194.0 1743.0 194.0 small-vehicle 1
2105.0 94.0 2112.0 94.0 2112.0 112.0 2105.0 112.0 small-vehicle 1
1730.0 7.0 1750.0 7.0 1750.0 14.0 1730.0 14.0 small-vehicle 1
1767.0 19.0 1787.0 19.0 1787.0 29.0 1767.0 29.0 small-vehicle 1
1814.0 5.0 1834.0 5.0 1834.0 12.0 1814.0 12.0 small-vehicle 1
1863.0 4.0 1879.0 4.0 1879.0 10.0 1863.0 10.0 small-vehicle 1
1919.0 9.0 1935.0 9.0 1935.0 17.0 1919.0 17.0 small-vehicle 1
2115.0 94.0 2122.0 94.0 2122.0 110.0 2115.0 110.0 small-vehicle 1
1963.0 5.0 1981.0 5.0 1981.0 12.0 1963.0 12.0 small-vehicle 1
1717.0 182.0 1723.0 182.0 1723.0 198.0 1717.0 198.0 small-vehicle 1
2006.0 99.0 2015.0 99.0 2015.0 117.0 2006.0 117.0 small-vehicle 1
2017.0 98.0 2025.0 98.0 2025.0 117.0 2017.0 117.0 small-vehicle 1
2046.0 98.0 2054.0 98.0 2054.0 115.0 2046.0 115.0 small-vehicle 1
2054.0 97.0 2063.0 97.0 2063.0 113.0 2054.0 113.0 small-vehicle 1
2127.0 209.0 2136.0 209.0 2136.0 224.0 2127.0 224.0 small-vehicle 1
1734.0 178.0 1740.0 178.0 1740.0 196.0 1734.0 196.0 small-vehicle 1
1978.0 216.0 1986.0 216.0 1986.0 231.0 1978.0 231.0 small-vehicle 1
1932.0 220.0 1938.0 220.0 1938.0 235.0 1932.0 235.0 small-vehicle 1
1655.0 22.0 1675.0 22.0 1675.0 31.0 1655.0 31.0 small-vehicle 1
1912.0 218.0 1918.0 218.0 1918.0 232.0 1912.0 232.0 small-vehicle 1
1669.0 389.0 1688.0 389.0 1688.0 397.0 1669.0 397.0 small-vehicle 1
1672.0 414.0 1689.0 414.0 1689.0 420.0 1672.0 420.0 small-vehicle 1
1722.0 401.0 1740.0 401.0 1740.0 407.0 1722.0 407.0 small-vehicle 1
1721.0 412.0 1737.0 412.0 1737.0 419.0 1721.0 419.0 small-vehicle 1
1719.0 434.0 1737.0 434.0 1737.0 441.0 1719.0 441.0 small-vehicle 1
1965.0 423.0 1973.0 423.0 1973.0 438.0 1965.0 438.0 small-vehicle 1
1891.0 514.0 1899.0 514.0 1899.0 535.0 1891.0 535.0 small-vehicle 1
1634.0 782.0 1651.0 782.0 1651.0 789.0 1634.0 789.0 small-vehicle 1
1634.0 773.0 1649.0 773.0 1649.0 778.0 1634.0 778.0 small-vehicle 1
1634.0 761.0 1650.0 761.0 1650.0 767.0 1634.0 767.0 small-vehicle 1
1632.0 748.0 1651.0 748.0 1651.0 755.0 1632.0 755.0 small-vehicle 1
1630.0 726.0 1647.0 726.0 1647.0 732.0 1630.0 732.0 small-vehicle 1
1632.0 715.0 1647.0 715.0 1647.0 722.0 1632.0 722.0 small-vehicle 1
1630.0 695.0 1648.0 695.0 1648.0 701.0 1630.0 701.0 small-vehicle 1
1667.0 771.0 1688.0 771.0 1688.0 778.0 1667.0 778.0 small-vehicle 1
1669.0 379.0 1687.0 379.0 1687.0 386.0 1669.0 386.0 small-vehicle 1
1670.0 368.0 1689.0 368.0 1689.0 377.0 1670.0 377.0 small-vehicle 1
1670.0 348.0 1689.0 348.0 1689.0 356.0 1670.0 356.0 small-vehicle 1
1750.0 255.0 1764.0 255.0 1764.0 262.0 1750.0 262.0 small-vehicle 1
1888.0 218.0 1897.0 218.0 1897.0 233.0 1888.0 233.0 small-vehicle 1
1871.0 218.0 1877.0 218.0 1877.0 234.0 1871.0 234.0 small-vehicle 1
1831.0 220.0 1838.0 220.0 1838.0 238.0 1831.0 238.0 small-vehicle 1
1793.0 221.0 1799.0 221.0 1799.0 236.0 1793.0 236.0 small-vehicle 1
1782.0 221.0 1787.0 221.0 1787.0 236.0 1782.0 236.0 small-vehicle 1
1699.0 255.0 1720.0 255.0 1720.0 262.0 1699.0 262.0 small-vehicle 1
1761.0 222.0 1768.0 222.0 1768.0 240.0 1761.0 240.0 small-vehicle 1
1718.0 348.0 1738.0 348.0 1738.0 355.0 1718.0 355.0 small-vehicle 1
1731.0 223.0 1737.0 223.0 1737.0 238.0 1731.0 238.0 small-vehicle 1
1673.0 296.0 1689.0 296.0 1689.0 304.0 1673.0 304.0 small-vehicle 1
1669.0 307.0 1688.0 307.0 1688.0 314.0 1669.0 314.0 small-vehicle 1
1672.0 319.0 1689.0 319.0 1689.0 325.0 1672.0 325.0 small-vehicle 1
1670.0 328.0 1686.0 328.0 1686.0 335.0 1670.0 335.0 small-vehicle 1
1721.0 357.0 1736.0 357.0 1736.0 364.0 1721.0 364.0 small-vehicle 1
1651.0 72.0 1660.0 72.0 1660.0 90.0 1651.0 90.0 small-vehicle 1
1584.0 7.0 1622.0 7.0 1622.0 18.0 1584.0 18.0 large-vehicle 0
2999.0 4.0 3006.0 4.0 3006.0 20.0 2999.0 20.0 small-vehicle 1
2802.0 498.0 2819.0 498.0 2819.0 506.0 2802.0 506.0 small-vehicle 1
2830.0 375.0 2844.0 375.0 2844.0 382.0 2830.0 382.0 small-vehicle 1
2868.0 404.0 2884.0 404.0 2884.0 411.0 2868.0 411.0 small-vehicle 1
2869.0 416.0 2887.0 416.0 2887.0 422.0 2869.0 422.0 small-vehicle 1
2865.0 426.0 2885.0 426.0 2885.0 435.0 2865.0 435.0 small-vehicle 1
2869.0 445.0 2887.0 445.0 2887.0 453.0 2869.0 453.0 small-vehicle 1
2868.0 457.0 2887.0 457.0 2887.0 464.0 2868.0 464.0 small-vehicle 1
2873.0 475.0 2888.0 475.0 2888.0 482.0 2873.0 482.0 small-vehicle 1
2875.0 486.0 2889.0 486.0 2889.0 493.0 2875.0 493.0 small-vehicle 1
2877.0 495.0 2892.0 495.0 2892.0 502.0 2877.0 502.0 small-vehicle 1
2185.0 328.0 2192.0 328.0 2192.0 346.0 2185.0 346.0 small-vehicle 1
2151.0 354.0 2160.0 354.0 2160.0 368.0 2151.0 368.0 small-vehicle 1
2174.0 358.0 2182.0 358.0 2182.0 373.0 2174.0 373.0 small-vehicle 1
2155.0 400.0 2161.0 400.0 2161.0 414.0 2155.0 414.0 small-vehicle 1
2166.0 398.0 2174.0 398.0 2174.0 413.0 2166.0 413.0 small-vehicle 1
2237.0 397.0 2243.0 397.0 2243.0 412.0 2237.0 412.0 small-vehicle 1
2808.0 376.0 2824.0 376.0 2824.0 383.0 2808.0 383.0 small-vehicle 1
2783.0 379.0 2799.0 379.0 2799.0 386.0 2783.0 386.0 small-vehicle 1
2926.0 376.0 2943.0 376.0 2943.0 381.0 2926.0 381.0 small-vehicle 1
2923.0 261.0 2939.0 261.0 2939.0 268.0 2923.0 268.0 small-vehicle 1
2139.0 283.0 2146.0 283.0 2146.0 298.0 2139.0 298.0 small-vehicle 1
2151.0 281.0 2159.0 281.0 2159.0 299.0 2151.0 299.0 small-vehicle 1
2225.0 281.0 2231.0 281.0 2231.0 295.0 2225.0 295.0 small-vehicle 1
2182.0 280.0 2188.0 280.0 2188.0 295.0 2182.0 295.0 small-vehicle 1
2921.0 240.0 2936.0 240.0 2936.0 246.0 2921.0 246.0 small-vehicle 1
2923.0 250.0 2939.0 250.0 2939.0 256.0 2923.0 256.0 small-vehicle 1
2923.0 282.0 2939.0 282.0 2939.0 289.0 2923.0 289.0 small-vehicle 1
2926.0 352.0 2943.0 352.0 2943.0 360.0 2926.0 360.0 small-vehicle 1
2924.0 292.0 2941.0 292.0 2941.0 298.0 2924.0 298.0 small-vehicle 1
2922.0 301.0 2939.0 301.0 2939.0 310.0 2922.0 310.0 small-vehicle 1
2923.0 313.0 2941.0 313.0 2941.0 319.0 2923.0 319.0 small-vehicle 1
2923.0 323.0 2939.0 323.0 2939.0 330.0 2923.0 330.0 small-vehicle 1
2924.0 332.0 2940.0 332.0 2940.0 339.0 2924.0 339.0 small-vehicle 1
2923.0 341.0 2942.0 341.0 2942.0 349.0 2923.0 349.0 small-vehicle 1
2800.0 487.0 2818.0 487.0 2818.0 494.0 2800.0 494.0 small-vehicle 1
2803.0 509.0 2820.0 509.0 2820.0 518.0 2803.0 518.0 small-vehicle 1
2495.0 942.0 2526.0 942.0 2526.0 951.0 2495.0 951.0 large-vehicle 0
2805.0 521.0 2820.0 521.0 2820.0 530.0 2805.0 530.0 small-vehicle 1
2682.0 586.0 2707.0 586.0 2707.0 596.0 2682.0 596.0 large-vehicle 0
2651.0 614.0 2661.0 614.0 2661.0 636.0 2651.0 636.0 large-vehicle 0
2640.0 614.0 2649.0 614.0 2649.0 640.0 2640.0 640.0 large-vehicle 0
2836.0 516.0 2849.0 516.0 2849.0 545.0 2836.0 545.0 large-vehicle 0
2771.0 786.0 2786.0 786.0 2786.0 805.0 2771.0 805.0 large-vehicle 0
2926.0 675.0 2943.0 675.0 2943.0 694.0 2926.0 694.0 large-vehicle 0
2948.0 641.0 2965.0 641.0 2965.0 657.0 2948.0 657.0 large-vehicle 0
2958.0 642.0 2977.0 642.0 2977.0 658.0 2958.0 658.0 large-vehicle 0
2987.0 641.0 3002.0 641.0 3002.0 660.0 2987.0 660.0 large-vehicle 0
2963.0 675.0 2981.0 675.0 2981.0 693.0 2963.0 693.0 large-vehicle 0
2991.0 676.0 3009.0 676.0 3009.0 693.0 2991.0 693.0 large-vehicle 0
2492.0 745.0 2514.0 745.0 2514.0 751.0 2492.0 751.0 large-vehicle 0
2473.0 809.0 2508.0 809.0 2508.0 819.0 2473.0 819.0 large-vehicle 0
2682.0 874.0 2716.0 874.0 2716.0 886.0 2682.0 886.0 large-vehicle 0
2485.0 911.0 2540.0 911.0 2540.0 923.0 2485.0 923.0 large-vehicle 0
2671.0 639.0 2706.0 639.0 2706.0 649.0 2671.0 649.0 large-vehicle 0
2794.0 462.0 2819.0 462.0 2819.0 472.0 2794.0 472.0 large-vehicle 0
2795.0 475.0 2817.0 475.0 2817.0 486.0 2795.0 486.0 large-vehicle 0
2576.0 689.0 2589.0 689.0 2589.0 695.0 2576.0 695.0 small-vehicle 1
2925.0 642.0 2938.0 642.0 2938.0 659.0 2925.0 659.0 small-vehicle 1
2377.0 619.0 2385.0 619.0 2385.0 637.0 2377.0 637.0 small-vehicle 1
2391.0 622.0 2399.0 622.0 2399.0 638.0 2391.0 638.0 small-vehicle 1
2469.0 615.0 2476.0 615.0 2476.0 630.0 2469.0 630.0 small-vehicle 1
2481.0 615.0 2488.0 615.0 2488.0 629.0 2481.0 629.0 small-vehicle 1
2626.0 623.0 2634.0 623.0 2634.0 639.0 2626.0 639.0 small-vehicle 1
2491.0 716.0 2510.0 716.0 2510.0 721.0 2491.0 721.0 small-vehicle 1
2694.0 396.0 2719.0 396.0 2719.0 418.0 2694.0 418.0 large-vehicle 0
2493.0 725.0 2508.0 725.0 2508.0 731.0 2493.0 731.0 small-vehicle 1
2492.0 858.0 2510.0 858.0 2510.0 865.0 2492.0 865.0 small-vehicle 1
2493.0 833.0 2509.0 833.0 2509.0 840.0 2493.0 840.0 small-vehicle 1
2492.0 844.0 2514.0 844.0 2514.0 853.0 2492.0 853.0 large-vehicle 0
2489.0 868.0 2517.0 868.0 2517.0 879.0 2489.0 879.0 large-vehicle 0
2488.0 887.0 2515.0 887.0 2515.0 899.0 2488.0 899.0 large-vehicle 0
1667.0 760.0 1685.0 760.0 1685.0 766.0 1667.0 766.0 small-vehicle 1
1667.0 745.0 1685.0 745.0 1685.0 752.0 1667.0 752.0 small-vehicle 1
1667.0 735.0 1685.0 735.0 1685.0 740.0 1667.0 740.0 small-vehicle 1
1368.0 1011.0 1386.0 1011.0 1386.0 1030.0 1368.0 1030.0 small-vehicle 0
1240.0 17.0 1262.0 17.0 1262.0 26.0 1240.0 26.0 small-vehicle 1
1177.0 17.0 1197.0 17.0 1197.0 25.0 1177.0 25.0 small-vehicle 1
1148.0 3.0 1165.0 3.0 1165.0 11.0 1148.0 11.0 small-vehicle 1
968.0 0.0 988.0 0.0 988.0 7.0 968.0 7.0 small-vehicle 1
1389.0 6.0 1415.0 6.0 1415.0 17.0 1389.0 17.0 large-vehicle 0
1412.0 503.0 1430.0 503.0 1430.0 525.0 1412.0 525.0 large-vehicle 0
1491.0 681.0 1522.0 681.0 1522.0 706.0 1491.0 706.0 large-vehicle 0
1419.0 769.0 1429.0 769.0 1429.0 786.0 1419.0 786.0 small-vehicle 0
1459.0 767.0 1469.0 767.0 1469.0 785.0 1459.0 785.0 small-vehicle 0
1470.0 768.0 1478.0 768.0 1478.0 785.0 1470.0 785.0 small-vehicle 0
1491.0 768.0 1498.0 768.0 1498.0 786.0 1491.0 786.0 small-vehicle 0
1501.0 769.0 1509.0 769.0 1509.0 787.0 1501.0 787.0 small-vehicle 0
1521.0 764.0 1529.0 764.0 1529.0 786.0 1521.0 786.0 small-vehicle 0
1461.0 812.0 1471.0 812.0 1471.0 832.0 1461.0 832.0 small-vehicle 0
1493.0 811.0 1502.0 811.0 1502.0 831.0 1493.0 831.0 small-vehicle 0
1332.0 19.0 1353.0 19.0 1353.0 27.0 1332.0 27.0 small-vehicle 1
1412.0 19.0 1431.0 19.0 1431.0 26.0 1412.0 26.0 small-vehicle 1
1153.0 29.0 1171.0 29.0 1171.0 38.0 1153.0 38.0 small-vehicle 1
1419.0 194.0 1425.0 194.0 1425.0 217.0 1419.0 217.0 small-vehicle 1
1500.0 272.0 1512.0 272.0 1512.0 290.0 1500.0 290.0 small-vehicle 1
1510.0 276.0 1523.0 276.0 1523.0 295.0 1510.0 295.0 small-vehicle 1
1566.0 255.0 1582.0 255.0 1582.0 273.0 1566.0 273.0 small-vehicle 1
1558.0 250.0 1572.0 250.0 1572.0 267.0 1558.0 267.0 small-vehicle 1
1481.0 208.0 1488.0 208.0 1488.0 227.0 1481.0 227.0 small-vehicle 1
1461.0 201.0 1468.0 201.0 1468.0 221.0 1461.0 221.0 small-vehicle 1
1409.0 193.0 1415.0 193.0 1415.0 214.0 1409.0 214.0 small-vehicle 1
1569.0 21.0 1587.0 21.0 1587.0 30.0 1569.0 30.0 small-vehicle 1
1387.0 189.0 1397.0 189.0 1397.0 214.0 1387.0 214.0 small-vehicle 1
1359.0 195.0 1370.0 195.0 1370.0 216.0 1359.0 216.0 small-vehicle 1
1337.0 197.0 1349.0 197.0 1349.0 218.0 1337.0 218.0 small-vehicle 1
1315.0 198.0 1330.0 198.0 1330.0 222.0 1315.0 222.0 small-vehicle 1
1306.0 201.0 1319.0 201.0 1319.0 223.0 1306.0 223.0 small-vehicle 1
1297.0 204.0 1310.0 204.0 1310.0 226.0 1297.0 226.0 small-vehicle 1
1562.0 1016.0 1582.0 1016.0 1582.0 1026.0 1562.0 1026.0 small-vehicle 0
293.0 1051.0 319.0 1051.0 319.0 1060.0 293.0 1060.0 large-vehicle 0
1670.0 715.0 1685.0 715.0 1685.0 722.0 1670.0 722.0 small-vehicle 1
163.0 447.0 200.0 447.0 200.0 457.0 163.0 457.0 large-vehicle 0
383.0 198.0 476.0 198.0 476.0 306.0 383.0 306.0 plane 0
451.0 225.0 532.0 225.0 532.0 342.0 451.0 342.0 plane 0
498.0 196.0 577.0 196.0 577.0 288.0 498.0 288.0 plane 0
578.0 203.0 655.0 203.0 655.0 287.0 578.0 287.0 plane 0
1326.0 523.0 1390.0 523.0 1390.0 590.0 1326.0 590.0 plane 0
1431.0 558.0 1471.0 558.0 1471.0 603.0 1431.0 603.0 plane 0
1449.0 504.0 1533.0 504.0 1533.0 588.0 1449.0 588.0 plane 0
1538.0 503.0 1600.0 503.0 1600.0 562.0 1538.0 562.0 plane 0
1458.0 687.0 1515.0 687.0 1515.0 746.0 1458.0 746.0 plane 0
1401.0 693.0 1452.0 693.0 1452.0 749.0 1401.0 749.0 plane 0
1337.0 691.0 1399.0 691.0 1399.0 750.0 1337.0 750.0 plane 0
1261.0 685.0 1334.0 685.0 1334.0 765.0 1261.0 765.0 plane 0
1192.0 698.0 1258.0 698.0 1258.0 759.0 1192.0 759.0 plane 0
837.0 260.0 960.0 260.0 960.0 388.0 837.0 388.0 plane 0
938.0 220.0 1016.0 220.0 1016.0 305.0 938.0 305.0 plane 0
520.0 506.0 634.0 506.0 634.0 624.0 520.0 624.0 plane 0
447.0 526.0 513.0 526.0 513.0 603.0 447.0 603.0 plane 0
382.0 506.0 461.0 506.0 461.0 593.0 382.0 593.0 plane 0
204.0 245.0 212.0 245.0 212.0 280.0 204.0 280.0 large-vehicle 0
165.0 423.0 202.0 423.0 202.0 434.0 165.0 434.0 large-vehicle 0
166.0 398.0 201.0 398.0 201.0 408.0 166.0 408.0 large-vehicle 0
156.0 372.0 203.0 372.0 203.0 384.0 156.0 384.0 large-vehicle 0
146.0 342.0 183.0 342.0 183.0 351.0 146.0 351.0 large-vehicle 0
150.0 327.0 177.0 327.0 177.0 336.0 150.0 336.0 large-vehicle 0
829.0 9.0 858.0 9.0 858.0 19.0 829.0 19.0 large-vehicle 0
1952.0 672.0 2051.0 672.0 2051.0 780.0 1952.0 780.0 plane 0
209.0 477.0 329.0 477.0 329.0 607.0 209.0 607.0 plane 0
2053.0 737.0 2106.0 737.0 2106.0 783.0 2053.0 783.0 plane 0
2381.0 689.0 2463.0 689.0 2463.0 764.0 2381.0 764.0 plane 0
2124.0 655.0 2201.0 655.0 2201.0 772.0 2124.0 772.0 plane 0
2748.0 659.0 2900.0 659.0 2900.0 822.0 2748.0 822.0 plane 0
215.0 208.0 272.0 208.0 272.0 254.0 215.0 254.0 plane 0
28.0 575.0 140.0 575.0 140.0 703.0 28.0 703.0 plane 0
1480.0 261.0 1492.0 261.0 1492.0 280.0 1480.0 280.0 small-vehicle 1
1451.0 253.0 1460.0 253.0 1460.0 270.0 1451.0 270.0 small-vehicle 1
1431.0 245.0 1441.0 245.0 1441.0 264.0 1431.0 264.0 small-vehicle 1
1411.0 243.0 1420.0 243.0 1420.0 261.0 1411.0 261.0 small-vehicle 1
1674.0 858.0 1693.0 858.0 1693.0 866.0 1674.0 866.0 small-vehicle 1
1670.0 868.0 1687.0 868.0 1687.0 876.0 1670.0 876.0 small-vehicle 1
1671.0 878.0 1688.0 878.0 1688.0 886.0 1671.0 886.0 small-vehicle 1
1718.0 815.0 1736.0 815.0 1736.0 822.0 1718.0 822.0 small-vehicle 1
1719.0 825.0 1735.0 825.0 1735.0 831.0 1719.0 831.0 small-vehicle 1
1773.0 760.0 1788.0 760.0 1788.0 773.0 1773.0 773.0 small-vehicle 1
1776.0 787.0 1791.0 787.0 1791.0 801.0 1776.0 801.0 small-vehicle 1
1775.0 803.0 1790.0 803.0 1790.0 819.0 1775.0 819.0 small-vehicle 1
1720.0 835.0 1736.0 835.0 1736.0 843.0 1720.0 843.0 small-vehicle 1
1721.0 846.0 1736.0 846.0 1736.0 853.0 1721.0 853.0 small-vehicle 1
1721.0 855.0 1737.0 855.0 1737.0 862.0 1721.0 862.0 small-vehicle 1
1720.0 866.0 1735.0 866.0 1735.0 873.0 1720.0 873.0 small-vehicle 1
1721.0 877.0 1738.0 877.0 1738.0 884.0 1721.0 884.0 small-vehicle 1
1773.0 832.0 1788.0 832.0 1788.0 847.0 1773.0 847.0 small-vehicle 1
1947.0 713.0 1958.0 713.0 1958.0 743.0 1947.0 743.0 large-vehicle 0
1672.0 849.0 1689.0 849.0 1689.0 855.0 1672.0 855.0 small-vehicle 1
1670.0 837.0 1687.0 837.0 1687.0 846.0 1670.0 846.0 small-vehicle 1
1669.0 826.0 1686.0 826.0 1686.0 833.0 1669.0 833.0 small-vehicle 1
1718.0 770.0 1733.0 770.0 1733.0 777.0 1718.0 777.0 small-vehicle 1
1668.0 694.0 1685.0 694.0 1685.0 701.0 1668.0 701.0 small-vehicle 1
1669.0 684.0 1688.0 684.0 1688.0 692.0 1669.0 692.0 small-vehicle 1
1714.0 682.0 1734.0 682.0 1734.0 689.0 1714.0 689.0 small-vehicle 1
1712.0 722.0 1730.0 722.0 1730.0 730.0 1712.0 730.0 small-vehicle 1
1714.0 744.0 1732.0 744.0 1732.0 752.0 1714.0 752.0 small-vehicle 1
1715.0 760.0 1733.0 760.0 1733.0 767.0 1715.0 767.0 small-vehicle 1
1718.0 790.0 1735.0 790.0 1735.0 798.0 1718.0 798.0 small-vehicle 1
1674.0 816.0 1688.0 816.0 1688.0 824.0 1674.0 824.0 small-vehicle 1
1715.0 780.0 1733.0 780.0 1733.0 788.0 1715.0 788.0 small-vehicle 1
1578.0 860.0 1597.0 860.0 1597.0 868.0 1578.0 868.0 small-vehicle 1
1636.0 869.0 1654.0 869.0 1654.0 876.0 1636.0 876.0 small-vehicle 1
1636.0 852.0 1653.0 852.0 1653.0 859.0 1636.0 859.0 small-vehicle 1
1636.0 841.0 1654.0 841.0 1654.0 848.0 1636.0 848.0 small-vehicle 1
1636.0 831.0 1654.0 831.0 1654.0 837.0 1636.0 837.0 small-vehicle 1
1851.0 923.0 1865.0 923.0 1865.0 969.0 1851.0 969.0 large-vehicle 0
1768.0 921.0 1789.0 921.0 1789.0 929.0 1768.0 929.0 small-vehicle 1
1590.0 973.0 1600.0 973.0 1600.0 992.0 1590.0 992.0 small-vehicle 1
1453.0 306.0 1461.0 306.0 1461.0 322.0 1453.0 322.0 small-vehicle 1
1351.0 281.0 1364.0 281.0 1364.0 297.0 1351.0 297.0 small-vehicle 1
1359.0 286.0 1372.0 286.0 1372.0 303.0 1359.0 303.0 small-vehicle 1
1371.0 290.0 1382.0 290.0 1382.0 308.0 1371.0 308.0 small-vehicle 1
1380.0 294.0 1391.0 294.0 1391.0 311.0 1380.0 311.0 small-vehicle 1
1402.0 298.0 1409.0 298.0 1409.0 314.0 1402.0 314.0 small-vehicle 1
1420.0 303.0 1428.0 303.0 1428.0 321.0 1420.0 321.0 small-vehicle 1
1463.0 308.0 1469.0 308.0 1469.0 323.0 1463.0 323.0 small-vehicle 1
1247.0 273.0 1265.0 273.0 1265.0 287.0 1247.0 287.0 small-vehicle 1
1473.0 309.0 1479.0 309.0 1479.0 324.0 1473.0 324.0 small-vehicle 1
1485.0 307.0 1492.0 307.0 1492.0 324.0 1485.0 324.0 small-vehicle 1
1494.0 305.0 1503.0 305.0 1503.0 321.0 1494.0 321.0 small-vehicle 1
1503.0 302.0 1513.0 302.0 1513.0 319.0 1503.0 319.0 small-vehicle 1
1358.0 243.0 1367.0 243.0 1367.0 260.0 1358.0 260.0 small-vehicle 1
1369.0 246.0 1377.0 246.0 1377.0 263.0 1369.0 263.0 small-vehicle 1
1339.0 273.0 1352.0 273.0 1352.0 291.0 1339.0 291.0 small-vehicle 1
1241.0 293.0 1258.0 293.0 1258.0 306.0 1241.0 306.0 small-vehicle 1
1611.0 966.0 1620.0 966.0 1620.0 983.0 1611.0 983.0 small-vehicle 1
1313.0 313.0 1326.0 313.0 1326.0 330.0 1313.0 330.0 small-vehicle 1
1623.0 971.0 1633.0 971.0 1633.0 990.0 1623.0 990.0 small-vehicle 1
1654.0 973.0 1663.0 973.0 1663.0 990.0 1654.0 990.0 small-vehicle 1
1664.0 969.0 1671.0 969.0 1671.0 988.0 1664.0 988.0 small-vehicle 1
1712.0 984.0 1722.0 984.0 1722.0 1003.0 1712.0 1003.0 small-vehicle 1
1723.0 1014.0 1743.0 1014.0 1743.0 1022.0 1723.0 1022.0 small-vehicle 1
1832.0 1026.0 1853.0 1026.0 1853.0 1033.0 1832.0 1033.0 small-vehicle 1
1323.0 319.0 1335.0 319.0 1335.0 335.0 1323.0 335.0 small-vehicle 1
1466.0 366.0 1478.0 366.0 1478.0 384.0 1466.0 384.0 small-vehicle 1
1331.0 325.0 1342.0 325.0 1342.0 341.0 1331.0 341.0 small-vehicle 1
1370.0 340.0 1382.0 340.0 1382.0 356.0 1370.0 356.0 small-vehicle 1
1380.0 344.0 1390.0 344.0 1390.0 360.0 1380.0 360.0 small-vehicle 1
1401.0 348.0 1409.0 348.0 1409.0 367.0 1401.0 367.0 small-vehicle 1
1413.0 349.0 1421.0 349.0 1421.0 367.0 1413.0 367.0 small-vehicle 1
1455.0 354.0 1463.0 354.0 1463.0 374.0 1455.0 374.0 small-vehicle 1
3010.0 3.0 3016.0 3.0 3016.0 21.0 3010.0 21.0 small-vehicle 1
2991.0 5.0 2998.0 5.0 2998.0 22.0 2991.0 22.0 small-vehicle 1
2809.0 81.0 2817.0 81.0 2817.0 97.0 2809.0 97.0 small-vehicle 1
2576.0 130.0 2584.0 130.0 2584.0 146.0 2576.0 146.0 small-vehicle 1
2573.0 81.0 2580.0 81.0 2580.0 100.0 2573.0 100.0 small-vehicle 1
2583.0 82.0 2591.0 82.0 2591.0 99.0 2583.0 99.0 small-vehicle 1
2594.0 82.0 2601.0 82.0 2601.0 101.0 2594.0 101.0 small-vehicle 1
2605.0 83.0 2611.0 83.0 2611.0 99.0 2605.0 99.0 small-vehicle 1
2615.0 78.0 2622.0 78.0 2622.0 94.0 2615.0 94.0 small-vehicle 1
2624.0 79.0 2630.0 79.0 2630.0 95.0 2624.0 95.0 small-vehicle 1
2458.0 135.0 2466.0 135.0 2466.0 150.0 2458.0 150.0 small-vehicle 1
2467.0 134.0 2475.0 134.0 2475.0 150.0 2467.0 150.0 small-vehicle 1
2474.0 132.0 2483.0 132.0 2483.0 148.0 2474.0 148.0 small-vehicle 1
2485.0 133.0 2492.0 133.0 2492.0 148.0 2485.0 148.0 small-vehicle 1
2498.0 132.0 2504.0 132.0 2504.0 147.0 2498.0 147.0 small-vehicle 1
2509.0 132.0 2516.0 132.0 2516.0 147.0 2509.0 147.0 small-vehicle 1
2518.0 130.0 2524.0 130.0 2524.0 146.0 2518.0 146.0 small-vehicle 1
2528.0 132.0 2535.0 132.0 2535.0 148.0 2528.0 148.0 small-vehicle 1
2539.0 132.0 2547.0 132.0 2547.0 149.0 2539.0 149.0 small-vehicle 1
2556.0 83.0 2563.0 83.0 2563.0 99.0 2556.0 99.0 small-vehicle 1
2546.0 85.0 2553.0 85.0 2553.0 100.0 2546.0 100.0 small-vehicle 1
2536.0 83.0 2543.0 83.0 2543.0 101.0 2536.0 101.0 small-vehicle 1
2585.0 61.0 2594.0 61.0 2594.0 77.0 2585.0 77.0 small-vehicle 1
2506.0 65.0 2513.0 65.0 2513.0 79.0 2506.0 79.0 small-vehicle 1
2514.0 63.0 2523.0 63.0 2523.0 76.0 2514.0 76.0 small-vehicle 1
2525.0 62.0 2533.0 62.0 2533.0 76.0 2525.0 76.0 small-vehicle 1
2534.0 62.0 2542.0 62.0 2542.0 78.0 2534.0 78.0 small-vehicle 1
2557.0 61.0 2563.0 61.0 2563.0 78.0 2557.0 78.0 small-vehicle 1
2573.0 60.0 2581.0 60.0 2581.0 76.0 2573.0 76.0 small-vehicle 1
2603.0 60.0 2612.0 60.0 2612.0 76.0 2603.0 76.0 small-vehicle 1
2526.0 84.0 2533.0 84.0 2533.0 101.0 2526.0 101.0 small-vehicle 1
2614.0 60.0 2622.0 60.0 2622.0 76.0 2614.0 76.0 small-vehicle 1
2624.0 62.0 2631.0 62.0 2631.0 75.0 2624.0 75.0 small-vehicle 1
2482.0 87.0 2490.0 87.0 2490.0 100.0 2482.0 100.0 small-vehicle 1
2493.0 87.0 2501.0 87.0 2501.0 102.0 2493.0 102.0 small-vehicle 1
2505.0 85.0 2513.0 85.0 2513.0 102.0 2505.0 102.0 small-vehicle 1
2515.0 84.0 2524.0 84.0 2524.0 99.0 2515.0 99.0 small-vehicle 1
2548.0 133.0 2556.0 133.0 2556.0 148.0 2548.0 148.0 small-vehicle 1
2585.0 131.0 2593.0 131.0 2593.0 146.0 2585.0 146.0 small-vehicle 1
2484.0 64.0 2492.0 64.0 2492.0 79.0 2484.0 79.0 small-vehicle 1
2597.0 132.0 2604.0 132.0 2604.0 145.0 2597.0 145.0 small-vehicle 1
2140.0 212.0 2147.0 212.0 2147.0 226.0 2140.0 226.0 small-vehicle 1
2150.0 212.0 2157.0 212.0 2157.0 226.0 2150.0 226.0 small-vehicle 1
2160.0 212.0 2166.0 212.0 2166.0 226.0 2160.0 226.0 small-vehicle 1
2172.0 211.0 2178.0 211.0 2178.0 225.0 2172.0 225.0 small-vehicle 1
2182.0 210.0 2186.0 210.0 2186.0 224.0 2182.0 224.0 small-vehicle 1
2237.0 209.0 2244.0 209.0 2244.0 222.0 2237.0 222.0 small-vehicle 1
2247.0 209.0 2253.0 209.0 2253.0 223.0 2247.0 223.0 small-vehicle 1
2259.0 210.0 2265.0 210.0 2265.0 222.0 2259.0 222.0 small-vehicle 1
2269.0 209.0 2275.0 209.0 2275.0 224.0 2269.0 224.0 small-vehicle 1
2290.0 208.0 2295.0 208.0 2295.0 221.0 2290.0 221.0 small-vehicle 1
2459.0 201.0 2465.0 201.0 2465.0 215.0 2459.0 215.0 small-vehicle 1
2469.0 201.0 2475.0 201.0 2475.0 216.0 2469.0 216.0 small-vehicle 1
2481.0 202.0 2487.0 202.0 2487.0 216.0 2481.0 216.0 small-vehicle 1
2489.0 199.0 2496.0 199.0 2496.0 216.0 2489.0 216.0 small-vehicle 1
2509.0 202.0 2517.0 202.0 2517.0 216.0 2509.0 216.0 small-vehicle 1
2627.0 150.0 2634.0 150.0 2634.0 166.0 2627.0 166.0 small-vehicle 1
2615.0 150.0 2622.0 150.0 2622.0 167.0 2615.0 167.0 small-vehicle 1
2596.0 152.0 2604.0 152.0 2604.0 169.0 2596.0 169.0 small-vehicle 1
2488.0 156.0 2495.0 156.0 2495.0 171.0 2488.0 171.0 small-vehicle 1
2605.0 130.0 2613.0 130.0 2613.0 145.0 2605.0 145.0 small-vehicle 1
2616.0 131.0 2624.0 131.0 2624.0 146.0 2616.0 146.0 small-vehicle 1
2626.0 129.0 2632.0 129.0 2632.0 146.0 2626.0 146.0 small-vehicle 1
2458.0 154.0 2465.0 154.0 2465.0 172.0 2458.0 172.0 small-vehicle 1
2467.0 154.0 2474.0 154.0 2474.0 168.0 2467.0 168.0 small-vehicle 1
2479.0 154.0 2486.0 154.0 2486.0 170.0 2479.0 170.0 small-vehicle 1
2509.0 152.0 2515.0 152.0 2515.0 168.0 2509.0 168.0 small-vehicle 1
2587.0 152.0 2594.0 152.0 2594.0 168.0 2587.0 168.0 small-vehicle 1
2520.0 154.0 2524.0 154.0 2524.0 170.0 2520.0 170.0 small-vehicle 1
2528.0 154.0 2534.0 154.0 2534.0 171.0 2528.0 171.0 small-vehicle 1
2538.0 155.0 2545.0 155.0 2545.0 169.0 2538.0 169.0 small-vehicle 1
2548.0 154.0 2554.0 154.0 2554.0 169.0 2548.0 169.0 small-vehicle 1
2558.0 151.0 2565.0 151.0 2565.0 166.0 2558.0 166.0 small-vehicle 1
2577.0 152.0 2584.0 152.0 2584.0 167.0 2577.0 167.0 small-vehicle 1
2493.0 64.0 2502.0 64.0 2502.0 80.0 2493.0 80.0 small-vehicle 1
2621.0 13.0 2628.0 13.0 2628.0 29.0 2621.0 29.0 small-vehicle 1
2969.0 6.0 2976.0 6.0 2976.0 23.0 2969.0 23.0 small-vehicle 1
2177.0 97.0 2183.0 97.0 2183.0 112.0 2177.0 112.0 small-vehicle 1
2167.0 143.0 2176.0 143.0 2176.0 158.0 2167.0 158.0 small-vehicle 1
2177.0 142.0 2185.0 142.0 2185.0 158.0 2177.0 158.0 small-vehicle 1
2188.0 142.0 2197.0 142.0 2197.0 157.0 2188.0 157.0 small-vehicle 1
2199.0 140.0 2207.0 140.0 2207.0 155.0 2199.0 155.0 small-vehicle 1
2213.0 141.0 2221.0 141.0 2221.0 154.0 2213.0 154.0 small-vehicle 1
2226.0 141.0 2232.0 141.0 2232.0 154.0 2226.0 154.0 small-vehicle 1
2238.0 140.0 2244.0 140.0 2244.0 154.0 2238.0 154.0 small-vehicle 1
2245.0 141.0 2255.0 141.0 2255.0 155.0 2245.0 155.0 small-vehicle 1
2256.0 139.0 2264.0 139.0 2264.0 154.0 2256.0 154.0 small-vehicle 1
2267.0 138.0 2274.0 138.0 2274.0 154.0 2267.0 154.0 small-vehicle 1
2277.0 141.0 2283.0 141.0 2283.0 156.0 2277.0 156.0 small-vehicle 1
2287.0 141.0 2294.0 141.0 2294.0 157.0 2287.0 157.0 small-vehicle 1
2136.0 95.0 2144.0 95.0 2144.0 113.0 2136.0 113.0 small-vehicle 1
2146.0 94.0 2155.0 94.0 2155.0 111.0 2146.0 111.0 small-vehicle 1
2156.0 93.0 2165.0 93.0 2165.0 109.0 2156.0 109.0 small-vehicle 1
2158.0 142.0 2164.0 142.0 2164.0 160.0 2158.0 160.0 small-vehicle 1
2147.0 144.0 2155.0 144.0 2155.0 157.0 2147.0 157.0 small-vehicle 1
2287.0 160.0 2294.0 160.0 2294.0 177.0 2287.0 177.0 small-vehicle 1
2180.0 166.0 2187.0 166.0 2187.0 183.0 2180.0 183.0 small-vehicle 1
2683.0 616.0 2701.0 616.0 2701.0 624.0 2683.0 624.0 small-vehicle 1
2683.0 607.0 2701.0 607.0 2701.0 614.0 2683.0 614.0 small-vehicle 1
2569.0 342.0 2576.0 342.0 2576.0 355.0 2569.0 355.0 small-vehicle 1
2566.0 315.0 2576.0 315.0 2576.0 331.0 2566.0 331.0 small-vehicle 1
2155.0 165.0 2166.0 165.0 2166.0 181.0 2155.0 181.0 small-vehicle 1
2167.0 165.0 2176.0 165.0 2176.0 181.0 2167.0 181.0 small-vehicle 1
2189.0 163.0 2197.0 163.0 2197.0 180.0 2189.0 180.0 small-vehicle 1
2276.0 162.0 2283.0 162.0 2283.0 175.0 2276.0 175.0 small-vehicle 1
2199.0 161.0 2208.0 161.0 2208.0 180.0 2199.0 180.0 small-vehicle 1
2226.0 162.0 2233.0 162.0 2233.0 178.0 2226.0 178.0 small-vehicle 1
2237.0 161.0 2245.0 161.0 2245.0 178.0 2237.0 178.0 small-vehicle 1
2247.0 163.0 2253.0 163.0 2253.0 179.0 2247.0 179.0 small-vehicle 1
2256.0 160.0 2265.0 160.0 2265.0 175.0 2256.0 175.0 small-vehicle 1
2267.0 160.0 2274.0 160.0 2274.0 175.0 2267.0 175.0 small-vehicle 1
2167.0 94.0 2175.0 94.0 2175.0 109.0 2167.0 109.0 small-vehicle 1
2186.0 97.0 2193.0 97.0 2193.0 111.0 2186.0 111.0 small-vehicle 1
2491.0 17.0 2500.0 17.0 2500.0 34.0 2491.0 34.0 small-vehicle 1
2198.0 96.0 2205.0 96.0 2205.0 109.0 2198.0 109.0 small-vehicle 1
2283.0 67.0 2291.0 67.0 2291.0 85.0 2283.0 85.0 small-vehicle 1
2170.0 25.0 2181.0 25.0 2181.0 41.0 2170.0 41.0 small-vehicle 1
2183.0 25.0 2191.0 25.0 2191.0 42.0 2183.0 42.0 small-vehicle 1
2195.0 28.0 2205.0 28.0 2205.0 46.0 2195.0 46.0 small-vehicle 1
2224.0 26.0 2231.0 26.0 2231.0 43.0 2224.0 43.0 small-vehicle 1
2233.0 25.0 2242.0 25.0 2242.0 42.0 2233.0 42.0 small-vehicle 1
2242.0 25.0 2251.0 25.0 2251.0 41.0 2242.0 41.0 small-vehicle 1
2252.0 24.0 2260.0 24.0 2260.0 41.0 2252.0 41.0 small-vehicle 1
2262.0 23.0 2272.0 23.0 2272.0 40.0 2262.0 40.0 small-vehicle 1
2277.0 25.0 2286.0 25.0 2286.0 41.0 2277.0 41.0 small-vehicle 1
2291.0 23.0 2300.0 23.0 2300.0 43.0 2291.0 43.0 small-vehicle 1
2422.0 21.0 2432.0 21.0 2432.0 37.0 2422.0 37.0 small-vehicle 1
2454.0 17.0 2462.0 17.0 2462.0 32.0 2454.0 32.0 small-vehicle 1
2462.0 18.0 2470.0 18.0 2470.0 33.0 2462.0 33.0 small-vehicle 1
2473.0 18.0 2482.0 18.0 2482.0 36.0 2473.0 36.0 small-vehicle 1
2273.0 67.0 2280.0 67.0 2280.0 82.0 2273.0 82.0 small-vehicle 1
2265.0 68.0 2271.0 68.0 2271.0 84.0 2265.0 84.0 small-vehicle 1
2253.0 69.0 2261.0 69.0 2261.0 85.0 2253.0 85.0 small-vehicle 1
2276.0 91.0 2282.0 91.0 2282.0 108.0 2276.0 108.0 small-vehicle 1
2214.0 93.0 2221.0 93.0 2221.0 107.0 2214.0 107.0 small-vehicle 1
2224.0 94.0 2231.0 94.0 2231.0 108.0 2224.0 108.0 small-vehicle 1
2233.0 94.0 2241.0 94.0 2241.0 109.0 2233.0 109.0 small-vehicle 1
2244.0 92.0 2252.0 92.0 2252.0 109.0 2244.0 109.0 small-vehicle 1
2253.0 93.0 2259.0 93.0 2259.0 108.0 2253.0 108.0 small-vehicle 1
2266.0 92.0 2272.0 92.0 2272.0 109.0 2266.0 109.0 small-vehicle 1
2194.0 72.0 2201.0 72.0 2201.0 87.0 2194.0 87.0 small-vehicle 1
2243.0 68.0 2251.0 68.0 2251.0 84.0 2243.0 84.0 small-vehicle 1
2186.0 71.0 2192.0 71.0 2192.0 87.0 2186.0 87.0 small-vehicle 1
2167.0 72.0 2176.0 72.0 2176.0 88.0 2167.0 88.0 small-vehicle 1
2176.0 71.0 2184.0 71.0 2184.0 89.0 2176.0 89.0 small-vehicle 1
2213.0 72.0 2220.0 72.0 2220.0 89.0 2213.0 89.0 small-vehicle 1
2222.0 71.0 2232.0 71.0 2232.0 89.0 2222.0 89.0 small-vehicle 1
2231.0 70.0 2240.0 70.0 2240.0 87.0 2231.0 87.0 small-vehicle 1
2520.0 201.0 2527.0 201.0 2527.0 217.0 2520.0 217.0 small-vehicle 1
2531.0 200.0 2537.0 200.0 2537.0 216.0 2531.0 216.0 small-vehicle 1
2540.0 202.0 2546.0 202.0 2546.0 216.0 2540.0 216.0 small-vehicle 1
2917.0 159.0 2934.0 159.0 2934.0 167.0 2917.0 167.0 small-vehicle 1
2982.0 203.0 2992.0 203.0 2992.0 218.0 2982.0 218.0 small-vehicle 1
2992.0 198.0 3000.0 198.0 3000.0 215.0 2992.0 215.0 small-vehicle 1
3003.0 199.0 3009.0 199.0 3009.0 215.0 3003.0 215.0 small-vehicle 1
3011.0 196.0 3019.0 196.0 3019.0 217.0 3011.0 217.0 small-vehicle 1
3010.0 178.0 3018.0 178.0 3018.0 193.0 3010.0 193.0 small-vehicle 1
3000.0 178.0 3007.0 178.0 3007.0 195.0 3000.0 195.0 small-vehicle 1
2991.0 177.0 2998.0 177.0 2998.0 193.0 2991.0 193.0 small-vehicle 1
2981.0 177.0 2987.0 177.0 2987.0 194.0 2981.0 194.0 small-vehicle 1
2971.0 180.0 2977.0 180.0 2977.0 194.0 2971.0 194.0 small-vehicle 1
2962.0 179.0 2969.0 179.0 2969.0 195.0 2962.0 195.0 small-vehicle 1
2954.0 179.0 2960.0 179.0 2960.0 194.0 2954.0 194.0 small-vehicle 1
2851.0 63.0 2857.0 63.0 2857.0 83.0 2851.0 83.0 small-vehicle 1
2917.0 182.0 2934.0 182.0 2934.0 188.0 2917.0 188.0 small-vehicle 1
2918.0 193.0 2935.0 193.0 2935.0 199.0 2918.0 199.0 small-vehicle 1
2920.0 202.0 2936.0 202.0 2936.0 209.0 2920.0 209.0 small-vehicle 1
2972.0 201.0 2981.0 201.0 2981.0 219.0 2972.0 219.0 small-vehicle 1
2963.0 202.0 2969.0 202.0 2969.0 222.0 2963.0 222.0 small-vehicle 1
2952.0 198.0 2959.0 198.0 2959.0 216.0 2952.0 216.0 small-vehicle 1
2975.0 270.0 2981.0 270.0 2981.0 285.0 2975.0 285.0 small-vehicle 1
2993.0 322.0 3000.0 322.0 3000.0 337.0 2993.0 337.0 small-vehicle 1
2985.0 322.0 2991.0 322.0 2991.0 339.0 2985.0 339.0 small-vehicle 1
2975.0 324.0 2982.0 324.0 2982.0 338.0 2975.0 338.0 small-vehicle 1
2966.0 325.0 2973.0 325.0 2973.0 339.0 2966.0 339.0 small-vehicle 1
2953.0 262.0 2962.0 262.0 2962.0 279.0 2953.0 279.0 small-vehicle 1
2964.0 267.0 2973.0 267.0 2973.0 282.0 2964.0 282.0 small-vehicle 1
2983.0 271.0 2990.0 271.0 2990.0 286.0 2983.0 286.0 small-vehicle 1
3004.0 245.0 3009.0 245.0 3009.0 263.0 3004.0 263.0 small-vehicle 1
2993.0 269.0 2999.0 269.0 2999.0 285.0 2993.0 285.0 small-vehicle 1
3002.0 267.0 3009.0 267.0 3009.0 283.0 3002.0 283.0 small-vehicle 1
2962.0 245.0 2970.0 245.0 2970.0 263.0 2962.0 263.0 small-vehicle 1
2974.0 247.0 2980.0 247.0 2980.0 264.0 2974.0 264.0 small-vehicle 1
2982.0 245.0 2991.0 245.0 2991.0 265.0 2982.0 265.0 small-vehicle 1
2992.0 246.0 3000.0 246.0 3000.0 263.0 2992.0 263.0 small-vehicle 1
2918.0 170.0 2935.0 170.0 2935.0 178.0 2918.0 178.0 small-vehicle 1
2916.0 152.0 2932.0 152.0 2932.0 158.0 2916.0 158.0 small-vehicle 1
2549.0 202.0 2557.0 202.0 2557.0 215.0 2549.0 215.0 small-vehicle 1
2917.0 140.0 2934.0 140.0 2934.0 149.0 2917.0 149.0 small-vehicle 1
2970.0 107.0 2976.0 107.0 2976.0 126.0 2970.0 126.0 small-vehicle 1
2980.0 109.0 2987.0 109.0 2987.0 123.0 2980.0 123.0 small-vehicle 1
3000.0 106.0 3006.0 106.0 3006.0 121.0 3000.0 121.0 small-vehicle 1
3010.0 106.0 3015.0 106.0 3015.0 122.0 3010.0 122.0 small-vehicle 1
2957.0 57.0 2966.0 57.0 2966.0 73.0 2957.0 73.0 small-vehicle 1
2969.0 54.0 2975.0 54.0 2975.0 72.0 2969.0 72.0 small-vehicle 1
2979.0 56.0 2987.0 56.0 2987.0 73.0 2979.0 73.0 small-vehicle 1
2989.0 55.0 2996.0 55.0 2996.0 71.0 2989.0 71.0 small-vehicle 1
2998.0 55.0 3005.0 55.0 3005.0 72.0 2998.0 72.0 small-vehicle 1
3007.0 55.0 3014.0 55.0 3014.0 72.0 3007.0 72.0 small-vehicle 1
2956.0 74.0 2973.0 74.0 2973.0 83.0 2956.0 83.0 small-vehicle 1
2999.0 75.0 3016.0 75.0 3016.0 81.0 2999.0 81.0 small-vehicle 1
2935.0 3.0 2943.0 3.0 2943.0 19.0 2935.0 19.0 small-vehicle 1
2947.0 6.0 2955.0 6.0 2955.0 25.0 2947.0 25.0 small-vehicle 1
2956.0 4.0 2965.0 4.0 2965.0 22.0 2956.0 22.0 small-vehicle 1
2960.0 108.0 2966.0 108.0 2966.0 124.0 2960.0 124.0 small-vehicle 1
2952.0 108.0 2959.0 108.0 2959.0 123.0 2952.0 123.0 small-vehicle 1
3008.0 127.0 3015.0 127.0 3015.0 143.0 3008.0 143.0 small-vehicle 1
2918.0 60.0 2934.0 60.0 2934.0 66.0 2918.0 66.0 small-vehicle 1
2917.0 131.0 2932.0 131.0 2932.0 138.0 2917.0 138.0 small-vehicle 1
2916.0 119.0 2934.0 119.0 2934.0 127.0 2916.0 127.0 small-vehicle 1
2914.0 109.0 2934.0 109.0 2934.0 117.0 2914.0 117.0 small-vehicle 1
2917.0 98.0 2935.0 98.0 2935.0 105.0 2917.0 105.0 small-vehicle 1
2917.0 80.0 2935.0 80.0 2935.0 88.0 2917.0 88.0 small-vehicle 1
2917.0 72.0 2934.0 72.0 2934.0 78.0 2917.0 78.0 small-vehicle 1
2917.0 50.0 2933.0 50.0 2933.0 58.0 2917.0 58.0 small-vehicle 1
2999.0 130.0 3006.0 130.0 3006.0 144.0 2999.0 144.0 small-vehicle 1
2921.0 38.0 2937.0 38.0 2937.0 46.0 2921.0 46.0 small-vehicle 1
2914.0 29.0 2931.0 29.0 2931.0 38.0 2914.0 38.0 small-vehicle 1
2959.0 128.0 2968.0 128.0 2968.0 143.0 2959.0 143.0 small-vehicle 1
2971.0 129.0 2978.0 129.0 2978.0 143.0 2971.0 143.0 small-vehicle 1
2979.0 130.0 2986.0 130.0 2986.0 142.0 2979.0 142.0 small-vehicle 1
2989.0 128.0 2997.0 128.0 2997.0 142.0 2989.0 142.0 small-vehicle 1
3006.0 321.0 3013.0 321.0 3013.0 337.0 3006.0 337.0 small-vehicle 1
3006.0 342.0 3014.0 342.0 3014.0 357.0 3006.0 357.0 small-vehicle 1
2996.0 342.0 3003.0 342.0 3003.0 357.0 2996.0 357.0 small-vehicle 1
2989.0 344.0 2994.0 344.0 2994.0 359.0 2989.0 359.0 small-vehicle 1
2785.0 335.0 2794.0 335.0 2794.0 349.0 2785.0 349.0 small-vehicle 1
2817.0 333.0 2823.0 333.0 2823.0 348.0 2817.0 348.0 small-vehicle 1
2827.0 330.0 2834.0 330.0 2834.0 345.0 2827.0 345.0 small-vehicle 1
2837.0 330.0 2844.0 330.0 2844.0 346.0 2837.0 346.0 small-vehicle 1
2846.0 331.0 2855.0 331.0 2855.0 346.0 2846.0 346.0 small-vehicle 1
2856.0 331.0 2863.0 331.0 2863.0 346.0 2856.0 346.0 small-vehicle 1
2867.0 332.0 2874.0 332.0 2874.0 347.0 2867.0 347.0 small-vehicle 1
2765.0 314.0 2772.0 314.0 2772.0 330.0 2765.0 330.0 small-vehicle 1
2774.0 314.0 2781.0 314.0 2781.0 329.0 2774.0 329.0 small-vehicle 1
2784.0 313.0 2792.0 313.0 2792.0 329.0 2784.0 329.0 small-vehicle 1
2796.0 313.0 2801.0 313.0 2801.0 328.0 2796.0 328.0 small-vehicle 1
2807.0 313.0 2811.0 313.0 2811.0 328.0 2807.0 328.0 small-vehicle 1
2815.0 311.0 2821.0 311.0 2821.0 327.0 2815.0 327.0 small-vehicle 1
2825.0 310.0 2831.0 310.0 2831.0 324.0 2825.0 324.0 small-vehicle 1
2835.0 311.0 2841.0 311.0 2841.0 326.0 2835.0 326.0 small-vehicle 1
2866.0 379.0 2876.0 379.0 2876.0 395.0 2866.0 395.0 small-vehicle 1
2663.0 311.0 2679.0 311.0 2679.0 324.0 2663.0 324.0 small-vehicle 1
2804.0 331.0 2811.0 331.0 2811.0 345.0 2804.0 345.0 small-vehicle 1
2589.0 317.0 2599.0 317.0 2599.0 331.0 2589.0 331.0 small-vehicle 1
2559.0 202.0 2565.0 202.0 2565.0 215.0 2559.0 215.0 small-vehicle 1
2577.0 198.0 2584.0 198.0 2584.0 214.0 2577.0 214.0 small-vehicle 1
2588.0 196.0 2595.0 196.0 2595.0 215.0 2588.0 215.0 small-vehicle 1
2607.0 197.0 2614.0 197.0 2614.0 214.0 2607.0 214.0 small-vehicle 1
2589.0 270.0 2596.0 270.0 2596.0 284.0 2589.0 284.0 small-vehicle 1
2551.0 270.0 2559.0 270.0 2559.0 286.0 2551.0 286.0 small-vehicle 1
2610.0 315.0 2617.0 315.0 2617.0 328.0 2610.0 328.0 small-vehicle 1
2701.0 100.0 2710.0 100.0 2710.0 118.0 2701.0 118.0 small-vehicle 1
2632.0 314.0 2639.0 314.0 2639.0 329.0 2632.0 329.0 small-vehicle 1
2581.0 340.0 2589.0 340.0 2589.0 354.0 2581.0 354.0 small-vehicle 1
2592.0 340.0 2597.0 340.0 2597.0 356.0 2592.0 356.0 small-vehicle 1
2601.0 338.0 2608.0 338.0 2608.0 353.0 2601.0 353.0 small-vehicle 1
2612.0 339.0 2619.0 339.0 2619.0 352.0 2612.0 352.0 small-vehicle 1
2634.0 338.0 2640.0 338.0 2640.0 354.0 2634.0 354.0 small-vehicle 1
2845.0 311.0 2852.0 311.0 2852.0 326.0 2845.0 326.0 small-vehicle 1
2856.0 311.0 2863.0 311.0 2863.0 327.0 2856.0 327.0 small-vehicle 1
2867.0 311.0 2873.0 311.0 2873.0 326.0 2867.0 326.0 small-vehicle 1
2850.0 121.0 2857.0 121.0 2857.0 139.0 2850.0 139.0 small-vehicle 1
2783.0 123.0 2790.0 123.0 2790.0 141.0 2783.0 141.0 small-vehicle 1
2791.0 143.0 2799.0 143.0 2799.0 162.0 2791.0 162.0 small-vehicle 1
2811.0 145.0 2820.0 145.0 2820.0 162.0 2811.0 162.0 small-vehicle 1
2822.0 144.0 2829.0 144.0 2829.0 160.0 2822.0 160.0 small-vehicle 1
2832.0 145.0 2839.0 145.0 2839.0 161.0 2832.0 161.0 small-vehicle 1
2861.0 143.0 2870.0 143.0 2870.0 160.0 2861.0 160.0 small-vehicle 1
2769.0 81.0 2778.0 81.0 2778.0 97.0 2769.0 97.0 small-vehicle 1
2760.0 142.0 2770.0 142.0 2770.0 159.0 2760.0 159.0 small-vehicle 1
2785.0 60.0 2793.0 60.0 2793.0 77.0 2785.0 77.0 small-vehicle 1
2761.0 10.0 2769.0 10.0 2769.0 27.0 2761.0 27.0 small-vehicle 1
2799.0 10.0 2808.0 10.0 2808.0 29.0 2799.0 29.0 small-vehicle 1
2999.0 372.0 3016.0 372.0 3016.0 379.0 2999.0 379.0 small-vehicle 1
2967.0 344.0 2974.0 344.0 2974.0 359.0 2967.0 359.0 small-vehicle 1
2977.0 345.0 2985.0 345.0 2985.0 360.0 2977.0 360.0 small-vehicle 1
2772.0 142.0 2779.0 142.0 2779.0 160.0 2772.0 160.0 small-vehicle 1
2863.0 195.0 2870.0 195.0 2870.0 209.0 2863.0 209.0 small-vehicle 1
2768.0 264.0 2777.0 264.0 2777.0 281.0 2768.0 281.0 small-vehicle 1
2845.0 260.0 2854.0 260.0 2854.0 277.0 2845.0 277.0 small-vehicle 1
2779.0 264.0 2787.0 264.0 2787.0 280.0 2779.0 280.0 small-vehicle 1
2787.0 263.0 2795.0 263.0 2795.0 279.0 2787.0 279.0 small-vehicle 1
2796.0 261.0 2806.0 261.0 2806.0 277.0 2796.0 277.0 small-vehicle 1
2806.0 260.0 2814.0 260.0 2814.0 277.0 2806.0 277.0 small-vehicle 1
2825.0 262.0 2832.0 262.0 2832.0 277.0 2825.0 277.0 small-vehicle 1
2835.0 262.0 2843.0 262.0 2843.0 281.0 2835.0 281.0 small-vehicle 1
2854.0 262.0 2861.0 262.0 2861.0 278.0 2854.0 278.0 small-vehicle 1
2854.0 195.0 2860.0 195.0 2860.0 209.0 2854.0 209.0 small-vehicle 1
2865.0 261.0 2873.0 261.0 2873.0 278.0 2865.0 278.0 small-vehicle 1
2791.0 194.0 2797.0 194.0 2797.0 212.0 2791.0 212.0 small-vehicle 1
2809.0 192.0 2818.0 192.0 2818.0 210.0 2809.0 210.0 small-vehicle 1
2820.0 195.0 2828.0 195.0 2828.0 211.0 2820.0 211.0 small-vehicle 1
2832.0 193.0 2838.0 193.0 2838.0 210.0 2832.0 210.0 small-vehicle 1
2845.0 195.0 2851.0 195.0 2851.0 209.0 2845.0 209.0 small-vehicle 1
815.0 235.0 877.0 235.0 877.0 299.0 815.0 299.0 plane 0
