imagesource:GoogleEarth
gsd:0.284041913532
570.0 1291.0 579.0 1291.0 579.0 1308.0 570.0 1308.0 small-vehicle 1
219.0 488.0 340.0 488.0 340.0 611.0 219.0 611.0 plane 0
263.0 1032.0 294.0 1032.0 294.0 1072.0 263.0 1072.0 plane 0
273.0 928.0 305.0 928.0 305.0 970.0 273.0 970.0 plane 0
198.0 837.0 239.0 837.0 239.0 885.0 198.0 885.0 plane 0
310.0 858.0 339.0 858.0 339.0 898.0 310.0 898.0 plane 0
288.0 826.0 323.0 826.0 323.0 872.0 288.0 872.0 plane 0
206.0 789.0 238.0 789.0 238.0 832.0 206.0 832.0 plane 0
318.0 750.0 348.0 750.0 348.0 794.0 318.0 794.0 plane 0
322.0 699.0 359.0 699.0 359.0 746.0 322.0 746.0 plane 0
333.0 650.0 367.0 650.0 367.0 697.0 333.0 697.0 plane 0
220.0 686.0 253.0 686.0 253.0 727.0 220.0 727.0 plane 0
232.0 635.0 259.0 635.0 259.0 676.0 232.0 676.0 plane 0
774.0 229.0 832.0 229.0 832.0 289.0 774.0 289.0 plane 0
411.0 1182.0 427.0 1182.0 427.0 1192.0 411.0 1192.0 small-vehicle 1
742.0 269.0 790.0 269.0 790.0 314.0 742.0 314.0 plane 0
702.0 304.0 746.0 304.0 746.0 348.0 702.0 348.0 plane 0
657.0 334.0 705.0 334.0 705.0 382.0 657.0 382.0 plane 0
499.0 493.0 531.0 493.0 531.0 537.0 499.0 537.0 plane 0
508.0 442.0 540.0 442.0 540.0 487.0 508.0 487.0 plane 0
572.0 399.0 617.0 399.0 617.0 440.0 572.0 440.0 plane 0
615.0 365.0 655.0 365.0 655.0 407.0 615.0 407.0 plane 0
552.0 283.0 601.0 283.0 601.0 329.0 552.0 329.0 plane 0
598.0 253.0 645.0 253.0 645.0 300.0 598.0 300.0 plane 0
638.0 220.0 688.0 220.0 688.0 269.0 638.0 269.0 plane 0
680.0 185.0 728.0 185.0 728.0 232.0 680.0 232.0 plane 0
271.0 1058.0 311.0 1058.0 311.0 1106.0 271.0 1106.0 plane 0
825.0 708.0 837.0 708.0 837.0 730.0 825.0 730.0 small-vehicle 0
818.0 764.0 827.0 764.0 827.0 781.0 818.0 781.0 small-vehicle 0
521.0 1119.0 531.0 1119.0 531.0 1140.0 521.0 1140.0 small-vehicle 0
410.0 1191.0 426.0 1191.0 426.0 1200.0 410.0 1200.0 small-vehicle 1
409.0 1202.0 425.0 1202.0 425.0 1211.0 409.0 1211.0 small-vehicle 1
701.0 1062.0 711.0 1062.0 711.0 1079.0 701.0 1079.0 small-vehicle 1
720.0 1068.0 728.0 1068.0 728.0 1086.0 720.0 1086.0 small-vehicle 1
46.0 935.0 62.0 935.0 62.0 956.0 46.0 956.0 small-vehicle 1
89.0 891.0 107.0 891.0 107.0 913.0 89.0 913.0 small-vehicle 1
181.0 1004.0 201.0 1004.0 201.0 1028.0 181.0 1028.0 small-vehicle 1
495.0 1279.0 506.0 1279.0 506.0 1298.0 495.0 1298.0 small-vehicle 1
471.0 994.0 488.0 994.0 488.0 1006.0 471.0 1006.0 small-vehicle 1
639.0 1298.0 648.0 1298.0 648.0 1314.0 639.0 1314.0 small-vehicle 1
527.0 1286.0 539.0 1286.0 539.0 1305.0 527.0 1305.0 small-vehicle 1
598.0 1296.0 610.0 1296.0 610.0 1314.0 598.0 1314.0 small-vehicle 1
618.0 1299.0 627.0 1299.0 627.0 1315.0 618.0 1315.0 small-vehicle 1
590.0 1294.0 599.0 1294.0 599.0 1311.0 590.0 1311.0 small-vehicle 1
579.0 1292.0 588.0 1292.0 588.0 1311.0 579.0 1311.0 small-vehicle 1
518.0 1284.0 527.0 1284.0 527.0 1300.0 518.0 1300.0 small-vehicle 0
588.0 1201.0 600.0 1201.0 600.0 1218.0 588.0 1218.0 small-vehicle 0
585.0 1160.0 620.0 1160.0 620.0 1200.0 585.0 1200.0 plane 0
414.0 1154.0 432.0 1154.0 432.0 1163.0 414.0 1163.0 small-vehicle 0
417.0 1144.0 434.0 1144.0 434.0 1152.0 417.0 1152.0 small-vehicle 0
418.0 1122.0 440.0 1122.0 440.0 1134.0 418.0 1134.0 small-vehicle 0
421.0 1086.0 442.0 1086.0 442.0 1097.0 421.0 1097.0 small-vehicle 0
510.0 1116.0 520.0 1116.0 520.0 1138.0 510.0 1138.0 small-vehicle 0
733.0 163.0 767.0 163.0 767.0 197.0 733.0 197.0 plane 0
