imagesource:GoogleEarth
gsd:0.137869418235
269.0 39.0 296.0 39.0 296.0 54.0 269.0 54.0 small-vehicle 1
128.0 131.0 168.0 131.0 168.0 148.0 128.0 148.0 small-vehicle 1
22.0 512.0 58.0 512.0 58.0 530.0 22.0 530.0 small-vehicle 0
116.0 647.0 156.0 647.0 156.0 666.0 116.0 666.0 small-vehicle 0
24.0 631.0 62.0 631.0 62.0 650.0 24.0 650.0 small-vehicle 0
22.0 611.0 55.0 611.0 55.0 630.0 22.0 630.0 small-vehicle 0
121.0 744.0 159.0 744.0 159.0 764.0 121.0 764.0 small-vehicle 0
106.0 2.0 128.0 2.0 128.0 39.0 106.0 39.0 small-vehicle 1
26.0 126.0 65.0 126.0 65.0 145.0 26.0 145.0 small-vehicle 1
33.0 165.0 68.0 165.0 68.0 184.0 33.0 184.0 small-vehicle 0
115.0 725.0 156.0 725.0 156.0 746.0 115.0 746.0 small-vehicle 1
26.0 299.0 66.0 299.0 66.0 316.0 26.0 316.0 small-vehicle 1
25.0 321.0 64.0 321.0 64.0 335.0 25.0 335.0 small-vehicle 1
24.0 413.0 63.0 413.0 63.0 429.0 24.0 429.0 small-vehicle 1
21.0 492.0 60.0 492.0 60.0 509.0 21.0 509.0 small-vehicle 0
19.0 569.0 56.0 569.0 56.0 586.0 19.0 586.0 small-vehicle 1
19.0 592.0 55.0 592.0 55.0 609.0 19.0 609.0 small-vehicle 0
16.0 653.0 52.0 653.0 52.0 668.0 16.0 668.0 small-vehicle 0
121.0 459.0 157.0 459.0 157.0 476.0 121.0 476.0 small-vehicle 0
124.0 392.0 158.0 392.0 158.0 409.0 124.0 409.0 small-vehicle 0
23.0 454.0 59.0 454.0 59.0 472.0 23.0 472.0 small-vehicle 0
25.0 432.0 61.0 432.0 61.0 452.0 25.0 452.0 small-vehicle 0
496.0 452.0 584.0 452.0 584.0 627.0 496.0 627.0 tennis-court 0
627.0 455.0 711.0 455.0 711.0 629.0 627.0 629.0 tennis-court 0
347.0 152.0 431.0 152.0 431.0 329.0 347.0 329.0 tennis-court 0
219.0 149.0 305.0 149.0 305.0 326.0 219.0 326.0 tennis-court 0
495.0 154.0 579.0 154.0 579.0 329.0 495.0 329.0 tennis-court 0
624.0 156.0 709.0 156.0 709.0 332.0 624.0 332.0 tennis-court 0
751.0 160.0 837.0 160.0 837.0 334.0 751.0 334.0 tennis-court 0
881.0 163.0 968.0 163.0 968.0 338.0 881.0 338.0 tennis-court 0
754.0 457.0 839.0 457.0 839.0 631.0 754.0 631.0 tennis-court 0
124.0 192.0 164.0 192.0 164.0 212.0 124.0 212.0 small-vehicle 0
32.0 148.0 69.0 148.0 69.0 164.0 32.0 164.0 small-vehicle 0
127.0 171.0 166.0 171.0 166.0 188.0 127.0 188.0 small-vehicle 0
126.0 154.0 165.0 154.0 165.0 168.0 126.0 168.0 small-vehicle 1
30.0 259.0 64.0 259.0 64.0 276.0 30.0 276.0 small-vehicle 0
25.0 340.0 62.0 340.0 62.0 358.0 25.0 358.0 small-vehicle 0
16.0 694.0 55.0 694.0 55.0 709.0 16.0 709.0 small-vehicle 1
118.0 665.0 158.0 665.0 158.0 682.0 118.0 682.0 small-vehicle 1
123.0 283.0 161.0 283.0 161.0 299.0 123.0 299.0 small-vehicle 1
14.0 713.0 53.0 713.0 53.0 728.0 14.0 728.0 small-vehicle 1
27.0 206.0 62.0 206.0 62.0 223.0 27.0 223.0 small-vehicle 0
33.0 189.0 69.0 189.0 69.0 204.0 33.0 204.0 small-vehicle 0
29.0 241.0 65.0 241.0 65.0 256.0 29.0 256.0 small-vehicle 0
26.0 280.0 62.0 280.0 62.0 295.0 26.0 295.0 small-vehicle 0
22.0 475.0 59.0 475.0 59.0 488.0 22.0 488.0 small-vehicle 1
23.0 532.0 58.0 532.0 58.0 547.0 23.0 547.0 small-vehicle 0
18.0 671.0 56.0 671.0 56.0 690.0 18.0 690.0 small-vehicle 0
26.0 110.0 63.0 110.0 63.0 124.0 26.0 124.0 small-vehicle 1
274.0 752.0 313.0 752.0 313.0 776.0 274.0 776.0 small-vehicle 1
372.0 740.0 416.0 740.0 416.0 765.0 372.0 765.0 small-vehicle 1
284.0 734.0 322.0 734.0 322.0 755.0 284.0 755.0 small-vehicle 0
271.0 775.0 310.0 775.0 310.0 797.0 271.0 797.0 small-vehicle 1
121.0 239.0 164.0 239.0 164.0 261.0 121.0 261.0 small-vehicle 1
120.0 341.0 160.0 341.0 160.0 359.0 120.0 359.0 small-vehicle 1
26.0 393.0 63.0 393.0 63.0 409.0 26.0 409.0 small-vehicle 1
124.0 214.0 164.0 214.0 164.0 228.0 124.0 228.0 small-vehicle 1
117.0 764.0 157.0 764.0 157.0 782.0 117.0 782.0 small-vehicle 1
119.0 708.0 156.0 708.0 156.0 722.0 119.0 722.0 small-vehicle 0
117.0 686.0 156.0 686.0 156.0 702.0 117.0 702.0 small-vehicle 1
117.0 627.0 155.0 627.0 155.0 643.0 117.0 643.0 small-vehicle 0
367.0 781.0 406.0 781.0 406.0 805.0 367.0 805.0 small-vehicle 1
375.0 761.0 416.0 761.0 416.0 786.0 375.0 786.0 small-vehicle 1
128.0 301.0 163.0 301.0 163.0 324.0 128.0 324.0 small-vehicle 1
128.0 91.0 166.0 91.0 166.0 109.0 128.0 109.0 small-vehicle 1
124.0 109.0 166.0 109.0 166.0 129.0 124.0 129.0 small-vehicle 1
125.0 262.0 163.0 262.0 163.0 279.0 125.0 279.0 small-vehicle 1
117.0 412.0 156.0 412.0 156.0 430.0 117.0 430.0 small-vehicle 1
120.0 435.0 157.0 435.0 157.0 453.0 120.0 453.0 small-vehicle 1
120.0 478.0 160.0 478.0 160.0 495.0 120.0 495.0 small-vehicle 1
121.0 496.0 159.0 496.0 159.0 513.0 121.0 513.0 small-vehicle 0
118.0 513.0 158.0 513.0 158.0 530.0 118.0 530.0 small-vehicle 0
115.0 535.0 155.0 535.0 155.0 551.0 115.0 551.0 small-vehicle 1
118.0 554.0 155.0 554.0 155.0 569.0 118.0 569.0 small-vehicle 1
120.0 606.0 155.0 606.0 155.0 622.0 120.0 622.0 small-vehicle 0
122.0 575.0 156.0 575.0 156.0 592.0 122.0 592.0 small-vehicle 0
322.0 449.0 408.0 449.0 408.0 625.0 322.0 625.0 tennis-court 0
