imagesource:GoogleEarth
gsd:0.253236827727
2867.0 2430.0 2897.0 2430.0 2897.0 2458.0 2867.0 2458.0 large-vehicle 0
786.0 2326.0 803.0 2326.0 803.0 2347.0 786.0 2347.0 small-vehicle 1
618.0 2169.0 637.0 2169.0 637.0 2191.0 618.0 2191.0 small-vehicle 1
599.0 2154.0 620.0 2154.0 620.0 2177.0 599.0 2177.0 small-vehicle 0
581.0 2139.0 599.0 2139.0 599.0 2160.0 581.0 2160.0 small-vehicle 0
567.0 2132.0 590.0 2132.0 590.0 2156.0 567.0 2156.0 small-vehicle 0
555.0 2151.0 574.0 2151.0 574.0 2173.0 555.0 2173.0 small-vehicle 0
565.0 2158.0 583.0 2158.0 583.0 2179.0 565.0 2179.0 small-vehicle 0
575.0 2162.0 594.0 2162.0 594.0 2185.0 575.0 2185.0 small-vehicle 0
592.0 2179.0 613.0 2179.0 613.0 2203.0 592.0 2203.0 small-vehicle 0
622.0 2203.0 640.0 2203.0 640.0 2224.0 622.0 2224.0 small-vehicle 0
729.0 2281.0 747.0 2281.0 747.0 2302.0 729.0 2302.0 small-vehicle 1
795.0 2332.0 814.0 2332.0 814.0 2356.0 795.0 2356.0 small-vehicle 1
753.0 2270.0 771.0 2270.0 771.0 2290.0 753.0 2290.0 small-vehicle 0
803.0 2339.0 823.0 2339.0 823.0 2362.0 803.0 2362.0 small-vehicle 1
816.0 2348.0 832.0 2348.0 832.0 2366.0 816.0 2366.0 small-vehicle 1
824.0 2354.0 842.0 2354.0 842.0 2374.0 824.0 2374.0 small-vehicle 0
532.0 2201.0 550.0 2201.0 550.0 2222.0 532.0 2222.0 small-vehicle 0
542.0 2206.0 562.0 2206.0 562.0 2230.0 542.0 2230.0 small-vehicle 0
560.0 2226.0 580.0 2226.0 580.0 2245.0 560.0 2245.0 small-vehicle 0
572.0 2229.0 591.0 2229.0 591.0 2250.0 572.0 2250.0 small-vehicle 0
694.0 2323.0 713.0 2323.0 713.0 2346.0 694.0 2346.0 small-vehicle 0
704.0 2331.0 723.0 2331.0 723.0 2354.0 704.0 2354.0 small-vehicle 0
725.0 2344.0 742.0 2344.0 742.0 2366.0 725.0 2366.0 small-vehicle 1
675.0 2215.0 692.0 2215.0 692.0 2234.0 675.0 2234.0 small-vehicle 0
771.0 2286.0 790.0 2286.0 790.0 2307.0 771.0 2307.0 small-vehicle 0
752.0 2370.0 770.0 2370.0 770.0 2392.0 752.0 2392.0 small-vehicle 0
694.0 2129.0 712.0 2129.0 712.0 2152.0 694.0 2152.0 small-vehicle 0
615.0 2096.0 632.0 2096.0 632.0 2117.0 615.0 2117.0 small-vehicle 1
603.0 2090.0 622.0 2090.0 622.0 2109.0 603.0 2109.0 small-vehicle 0
619.0 2069.0 638.0 2069.0 638.0 2091.0 619.0 2091.0 small-vehicle 0
628.0 2077.0 647.0 2077.0 647.0 2100.0 628.0 2100.0 small-vehicle 0
639.0 2085.0 657.0 2085.0 657.0 2104.0 639.0 2104.0 small-vehicle 1
649.0 2092.0 667.0 2092.0 667.0 2110.0 649.0 2110.0 small-vehicle 1
657.0 2100.0 674.0 2100.0 674.0 2120.0 657.0 2120.0 small-vehicle 0
666.0 2107.0 684.0 2107.0 684.0 2129.0 666.0 2129.0 small-vehicle 0
674.0 2117.0 693.0 2117.0 693.0 2139.0 674.0 2139.0 small-vehicle 0
683.0 2125.0 702.0 2125.0 702.0 2145.0 683.0 2145.0 small-vehicle 0
875.0 2264.0 897.0 2264.0 897.0 2289.0 875.0 2289.0 small-vehicle 0
781.0 2294.0 800.0 2294.0 800.0 2315.0 781.0 2315.0 small-vehicle 0
815.0 2251.0 831.0 2251.0 831.0 2272.0 815.0 2272.0 small-vehicle 0
824.0 2254.0 844.0 2254.0 844.0 2277.0 824.0 2277.0 small-vehicle 0
843.0 2269.0 860.0 2269.0 860.0 2291.0 843.0 2291.0 small-vehicle 0
852.0 2279.0 870.0 2279.0 870.0 2301.0 852.0 2301.0 small-vehicle 0
860.0 2286.0 880.0 2286.0 880.0 2309.0 860.0 2309.0 small-vehicle 0
870.0 2295.0 889.0 2295.0 889.0 2316.0 870.0 2316.0 small-vehicle 0
830.0 2333.0 844.0 2333.0 844.0 2351.0 830.0 2351.0 small-vehicle 1
818.0 2322.0 839.0 2322.0 839.0 2344.0 818.0 2344.0 small-vehicle 0
799.0 2305.0 819.0 2305.0 819.0 2328.0 799.0 2328.0 small-vehicle 0
789.0 2300.0 809.0 2300.0 809.0 2322.0 789.0 2322.0 small-vehicle 0
741.0 2359.0 759.0 2359.0 759.0 2381.0 741.0 2381.0 small-vehicle 1
762.0 2374.0 781.0 2374.0 781.0 2394.0 762.0 2394.0 small-vehicle 1
642.0 2120.0 660.0 2120.0 660.0 2138.0 642.0 2138.0 small-vehicle 1
307.0 436.0 336.0 436.0 336.0 460.0 307.0 460.0 large-vehicle 0
604.0 2530.0 625.0 2530.0 625.0 2553.0 604.0 2553.0 small-vehicle 0
38.0 2512.0 60.0 2512.0 60.0 2534.0 38.0 2534.0 small-vehicle 0
47.0 2462.0 69.0 2462.0 69.0 2486.0 47.0 2486.0 small-vehicle 0
405.0 2239.0 432.0 2239.0 432.0 2266.0 405.0 2266.0 small-vehicle 0
166.0 2085.0 191.0 2085.0 191.0 2109.0 166.0 2109.0 small-vehicle 0
100.0 2173.0 120.0 2173.0 120.0 2190.0 100.0 2190.0 small-vehicle 0
707.0 1386.0 739.0 1386.0 739.0 1413.0 707.0 1413.0 large-vehicle 0
860.0 1500.0 887.0 1500.0 887.0 1526.0 860.0 1526.0 large-vehicle 0
509.0 1243.0 523.0 1243.0 523.0 1268.0 509.0 1268.0 small-vehicle 0
449.0 781.0 477.0 781.0 477.0 803.0 449.0 803.0 large-vehicle 0
2710.0 2058.0 3117.0 2058.0 3117.0 2452.0 2710.0 2452.0 plane 0
766.0 2410.0 786.0 2410.0 786.0 2431.0 766.0 2431.0 small-vehicle 0
2496.0 1870.0 2890.0 1870.0 2890.0 2275.0 2496.0 2275.0 plane 0
2259.0 1691.0 2656.0 1691.0 2656.0 2103.0 2259.0 2103.0 plane 0
2027.0 1510.0 2424.0 1510.0 2424.0 1912.0 2027.0 1912.0 plane 0
1796.0 1328.0 2186.0 1328.0 2186.0 1734.0 1796.0 1734.0 plane 0
1560.0 1152.0 1958.0 1152.0 1958.0 1558.0 1560.0 1558.0 plane 0
1328.0 974.0 1736.0 974.0 1736.0 1384.0 1328.0 1384.0 plane 0
1102.0 803.0 1499.0 803.0 1499.0 1196.0 1102.0 1196.0 plane 0
879.0 614.0 1258.0 614.0 1258.0 1027.0 879.0 1027.0 plane 0
637.0 431.0 1040.0 431.0 1040.0 836.0 637.0 836.0 plane 0
410.0 268.0 791.0 268.0 791.0 650.0 410.0 650.0 plane 0
619.0 2523.0 643.0 2523.0 643.0 2552.0 619.0 2552.0 large-vehicle 0
756.0 2404.0 774.0 2404.0 774.0 2424.0 756.0 2424.0 small-vehicle 1
771.0 2378.0 791.0 2378.0 791.0 2405.0 771.0 2405.0 small-vehicle 0
616.0 2267.0 635.0 2267.0 635.0 2288.0 616.0 2288.0 small-vehicle 0
782.0 2385.0 803.0 2385.0 803.0 2412.0 782.0 2412.0 small-vehicle 0
792.0 2399.0 809.0 2399.0 809.0 2418.0 792.0 2418.0 small-vehicle 1
516.0 2218.0 536.0 2218.0 536.0 2240.0 516.0 2240.0 small-vehicle 0
527.0 2226.0 548.0 2226.0 548.0 2248.0 527.0 2248.0 small-vehicle 1
537.0 2233.0 555.0 2233.0 555.0 2253.0 537.0 2253.0 small-vehicle 1
546.0 2241.0 564.0 2241.0 564.0 2263.0 546.0 2263.0 small-vehicle 0
557.0 2247.0 577.0 2247.0 577.0 2268.0 557.0 2268.0 small-vehicle 1
565.0 2254.0 586.0 2254.0 586.0 2276.0 565.0 2276.0 small-vehicle 1
576.0 2263.0 596.0 2263.0 596.0 2284.0 576.0 2284.0 small-vehicle 1
584.0 2267.0 605.0 2267.0 605.0 2290.0 584.0 2290.0 small-vehicle 1
591.0 2277.0 612.0 2277.0 612.0 2301.0 591.0 2301.0 small-vehicle 0
746.0 2396.0 763.0 2396.0 763.0 2415.0 746.0 2415.0 small-vehicle 1
602.0 2284.0 623.0 2284.0 623.0 2307.0 602.0 2307.0 small-vehicle 1
610.0 2291.0 633.0 2291.0 633.0 2316.0 610.0 2316.0 small-vehicle 0
624.0 2298.0 642.0 2298.0 642.0 2319.0 624.0 2319.0 small-vehicle 0
642.0 2315.0 658.0 2315.0 658.0 2335.0 642.0 2335.0 small-vehicle 1
651.0 2323.0 668.0 2323.0 668.0 2343.0 651.0 2343.0 small-vehicle 1
659.0 2332.0 679.0 2332.0 679.0 2352.0 659.0 2352.0 large-vehicle 0
668.0 2333.0 691.0 2333.0 691.0 2359.0 668.0 2359.0 small-vehicle 0
680.0 2341.0 699.0 2341.0 699.0 2364.0 680.0 2364.0 small-vehicle 1
689.0 2349.0 708.0 2349.0 708.0 2371.0 689.0 2371.0 small-vehicle 1
699.0 2357.0 717.0 2357.0 717.0 2378.0 699.0 2378.0 small-vehicle 1
633.0 2110.0 651.0 2110.0 651.0 2133.0 633.0 2133.0 small-vehicle 0
848.0 2147.0 867.0 2147.0 867.0 2169.0 848.0 2169.0 small-vehicle 1
2895.0 2451.0 2916.0 2451.0 2916.0 2470.0 2895.0 2470.0 small-vehicle 0
1293.0 2492.0 1306.0 2492.0 1306.0 2512.0 1293.0 2512.0 small-vehicle 0
1250.0 2506.0 1262.0 2506.0 1262.0 2524.0 1250.0 2524.0 small-vehicle 1
1256.0 2494.0 1272.0 2494.0 1272.0 2515.0 1256.0 2515.0 small-vehicle 1
1266.0 2486.0 1280.0 2486.0 1280.0 2508.0 1266.0 2508.0 small-vehicle 0
1274.0 2476.0 1288.0 2476.0 1288.0 2498.0 1274.0 2498.0 small-vehicle 0
1282.0 2468.0 1297.0 2468.0 1297.0 2489.0 1282.0 2489.0 small-vehicle 1
1252.0 2544.0 1267.0 2544.0 1267.0 2566.0 1252.0 2566.0 small-vehicle 1
1258.0 2529.0 1276.0 2529.0 1276.0 2554.0 1258.0 2554.0 small-vehicle 1
1266.0 2518.0 1280.0 2518.0 1280.0 2537.0 1266.0 2537.0 small-vehicle 0
1275.0 2509.0 1291.0 2509.0 1291.0 2531.0 1275.0 2531.0 small-vehicle 0
1285.0 2499.0 1298.0 2499.0 1298.0 2519.0 1285.0 2519.0 small-vehicle 0
1300.0 2479.0 1314.0 2479.0 1314.0 2501.0 1300.0 2501.0 small-vehicle 0
1233.0 2530.0 1249.0 2530.0 1249.0 2551.0 1233.0 2551.0 small-vehicle 0
1309.0 2468.0 1322.0 2468.0 1322.0 2490.0 1309.0 2490.0 small-vehicle 0
1292.0 2461.0 1305.0 2461.0 1305.0 2478.0 1292.0 2478.0 small-vehicle 1
1151.0 2568.0 1170.0 2568.0 1170.0 2577.0 1151.0 2577.0 small-vehicle 0
1167.0 2547.0 1184.0 2547.0 1184.0 2555.0 1167.0 2555.0 small-vehicle 1
1177.0 2537.0 1196.0 2537.0 1196.0 2547.0 1177.0 2547.0 small-vehicle 1
1184.0 2526.0 1203.0 2526.0 1203.0 2537.0 1184.0 2537.0 small-vehicle 0
1192.0 2515.0 1211.0 2515.0 1211.0 2525.0 1192.0 2525.0 small-vehicle 1
1199.0 2504.0 1217.0 2504.0 1217.0 2514.0 1199.0 2514.0 small-vehicle 0
1206.0 2495.0 1225.0 2495.0 1225.0 2504.0 1206.0 2504.0 small-vehicle 1
1215.0 2483.0 1235.0 2483.0 1235.0 2495.0 1215.0 2495.0 small-vehicle 0
1242.0 2519.0 1257.0 2519.0 1257.0 2540.0 1242.0 2540.0 small-vehicle 0
1226.0 2540.0 1240.0 2540.0 1240.0 2560.0 1226.0 2560.0 small-vehicle 1
1232.0 2462.0 1253.0 2462.0 1253.0 2472.0 1232.0 2472.0 small-vehicle 0
708.0 1457.0 724.0 1457.0 724.0 1475.0 708.0 1475.0 small-vehicle 1
2074.0 1809.0 2092.0 1809.0 2092.0 1826.0 2074.0 1826.0 large-vehicle 1
1781.0 1875.0 1792.0 1875.0 1792.0 1901.0 1781.0 1901.0 small-vehicle 1
1163.0 2556.0 1183.0 2556.0 1183.0 2566.0 1163.0 2566.0 small-vehicle 1
1243.0 2453.0 1261.0 2453.0 1261.0 2462.0 1243.0 2462.0 small-vehicle 1
1347.0 2517.0 1373.0 2517.0 1373.0 2542.0 1347.0 2542.0 small-vehicle 1
991.0 976.0 1014.0 976.0 1014.0 996.0 991.0 996.0 small-vehicle 1
269.0 2399.0 289.0 2399.0 289.0 2417.0 269.0 2417.0 small-vehicle 1
639.0 2373.0 663.0 2373.0 663.0 2391.0 639.0 2391.0 small-vehicle 1
691.0 2058.0 706.0 2058.0 706.0 2078.0 691.0 2078.0 small-vehicle 1
751.0 2078.0 768.0 2078.0 768.0 2098.0 751.0 2098.0 small-vehicle 1
724.0 1467.0 745.0 1467.0 745.0 1491.0 724.0 1491.0 small-vehicle 1
1218.0 2550.0 1231.0 2550.0 1231.0 2568.0 1218.0 2568.0 small-vehicle 1
214.0 371.0 241.0 371.0 241.0 393.0 214.0 393.0 small-vehicle 1
2418.0 2080.0 2446.0 2080.0 2446.0 2105.0 2418.0 2105.0 large-vehicle 0
2940.0 2488.0 2967.0 2488.0 2967.0 2512.0 2940.0 2512.0 large-vehicle 0
2475.0 2126.0 2503.0 2126.0 2503.0 2151.0 2475.0 2151.0 large-vehicle 0
1926.0 2555.0 1946.0 2555.0 1946.0 2579.0 1926.0 2579.0 large-vehicle 0
1517.0 1315.0 1547.0 1315.0 1547.0 1331.0 1517.0 1331.0 large-vehicle 0
1694.0 1515.0 1724.0 1515.0 1724.0 1543.0 1694.0 1543.0 large-vehicle 0
1664.0 2314.0 1688.0 2314.0 1688.0 2337.0 1664.0 2337.0 small-vehicle 1
928.0 2551.0 951.0 2551.0 951.0 2572.0 928.0 2572.0 small-vehicle 1
1207.0 2556.0 1223.0 2556.0 1223.0 2577.0 1207.0 2577.0 small-vehicle 1
1226.0 2474.0 1247.0 2474.0 1247.0 2483.0 1226.0 2483.0 small-vehicle 0
920.0 2560.0 942.0 2560.0 942.0 2580.0 920.0 2580.0 small-vehicle 0
839.0 2143.0 854.0 2143.0 854.0 2163.0 839.0 2163.0 small-vehicle 0
740.0 2070.0 758.0 2070.0 758.0 2090.0 740.0 2090.0 small-vehicle 0
882.0 2107.0 900.0 2107.0 900.0 2128.0 882.0 2128.0 small-vehicle 0
652.0 2027.0 669.0 2027.0 669.0 2047.0 652.0 2047.0 small-vehicle 1
664.0 2005.0 688.0 2005.0 688.0 2030.0 664.0 2030.0 small-vehicle 1
676.0 2019.0 694.0 2019.0 694.0 2038.0 676.0 2038.0 small-vehicle 0
687.0 2026.0 702.0 2026.0 702.0 2044.0 687.0 2044.0 small-vehicle 1
694.0 2032.0 711.0 2032.0 711.0 2054.0 694.0 2054.0 small-vehicle 0
703.0 2038.0 721.0 2038.0 721.0 2061.0 703.0 2061.0 small-vehicle 0
713.0 2048.0 731.0 2048.0 731.0 2068.0 713.0 2068.0 small-vehicle 0
723.0 2057.0 738.0 2057.0 738.0 2076.0 723.0 2076.0 small-vehicle 0
731.0 2062.0 750.0 2062.0 750.0 2083.0 731.0 2083.0 small-vehicle 0
662.0 2036.0 679.0 2036.0 679.0 2054.0 662.0 2054.0 small-vehicle 1
861.0 2091.0 882.0 2091.0 882.0 2116.0 861.0 2116.0 small-vehicle 0
672.0 2040.0 690.0 2040.0 690.0 2060.0 672.0 2060.0 small-vehicle 0
679.0 2048.0 698.0 2048.0 698.0 2070.0 679.0 2070.0 small-vehicle 0
697.0 2066.0 716.0 2066.0 716.0 2086.0 697.0 2086.0 small-vehicle 0
708.0 2073.0 727.0 2073.0 727.0 2094.0 708.0 2094.0 small-vehicle 0
720.0 2081.0 734.0 2081.0 734.0 2099.0 720.0 2099.0 small-vehicle 1
730.0 2087.0 746.0 2087.0 746.0 2104.0 730.0 2104.0 small-vehicle 0
763.0 2083.0 780.0 2083.0 780.0 2103.0 763.0 2103.0 small-vehicle 0
769.0 2091.0 786.0 2091.0 786.0 2114.0 769.0 2114.0 small-vehicle 0
779.0 2094.0 800.0 2094.0 800.0 2121.0 779.0 2121.0 small-vehicle 0
834.0 2170.0 853.0 2170.0 853.0 2190.0 834.0 2190.0 small-vehicle 0
872.0 2099.0 891.0 2099.0 891.0 2119.0 872.0 2119.0 small-vehicle 1
853.0 2082.0 870.0 2082.0 870.0 2104.0 853.0 2104.0 small-vehicle 1
1157.0 2377.0 1181.0 2377.0 1181.0 2396.0 1157.0 2396.0 small-vehicle 0
719.0 1980.0 739.0 1980.0 739.0 2003.0 719.0 2003.0 small-vehicle 1
1168.0 2367.0 1190.0 2367.0 1190.0 2387.0 1168.0 2387.0 small-vehicle 0
1180.0 2360.0 1199.0 2360.0 1199.0 2376.0 1180.0 2376.0 small-vehicle 1
1186.0 2350.0 1206.0 2350.0 1206.0 2367.0 1186.0 2367.0 small-vehicle 1
1194.0 2337.0 1216.0 2337.0 1216.0 2356.0 1194.0 2356.0 small-vehicle 1
1039.0 2415.0 1060.0 2415.0 1060.0 2436.0 1039.0 2436.0 small-vehicle 0
1023.0 2403.0 1044.0 2403.0 1044.0 2423.0 1023.0 2423.0 small-vehicle 0
710.0 1934.0 734.0 1934.0 734.0 1959.0 710.0 1959.0 small-vehicle 1
752.0 1970.0 774.0 1970.0 774.0 1997.0 752.0 1997.0 large-vehicle 0
701.0 1966.0 718.0 1966.0 718.0 1986.0 701.0 1986.0 small-vehicle 1
710.0 1974.0 728.0 1974.0 728.0 1994.0 710.0 1994.0 small-vehicle 1
728.0 1991.0 746.0 1991.0 746.0 2013.0 728.0 2013.0 small-vehicle 0
840.0 2074.0 863.0 2074.0 863.0 2100.0 840.0 2100.0 small-vehicle 1
739.0 1993.0 758.0 1993.0 758.0 2016.0 739.0 2016.0 small-vehicle 0
748.0 2002.0 767.0 2002.0 767.0 2025.0 748.0 2025.0 small-vehicle 1
755.0 2008.0 778.0 2008.0 778.0 2036.0 755.0 2036.0 small-vehicle 0
769.0 2016.0 786.0 2016.0 786.0 2035.0 769.0 2035.0 small-vehicle 0
776.0 2026.0 794.0 2026.0 794.0 2046.0 776.0 2046.0 small-vehicle 0
783.0 2031.0 803.0 2031.0 803.0 2057.0 783.0 2057.0 small-vehicle 0
798.0 2039.0 814.0 2039.0 814.0 2057.0 798.0 2057.0 small-vehicle 1
804.0 2048.0 821.0 2048.0 821.0 2068.0 804.0 2068.0 small-vehicle 0
814.0 2055.0 832.0 2055.0 832.0 2076.0 814.0 2076.0 small-vehicle 0
834.0 2068.0 851.0 2068.0 851.0 2089.0 834.0 2089.0 small-vehicle 0
220.0 122.0 519.0 122.0 519.0 427.0 220.0 427.0 plane 0
