imagesource:GoogleEarth
gsd:0.252959459034
1018.0 587.0 1035.0 587.0 1035.0 601.0 1018.0 601.0 small-vehicle 1
932.0 516.0 950.0 516.0 950.0 531.0 932.0 531.0 small-vehicle 1
358.0 964.0 457.0 964.0 457.0 1064.0 358.0 1064.0 tennis-court 0
312.0 1010.0 411.0 1010.0 411.0 1110.0 312.0 1110.0 tennis-court 0
252.0 1071.0 352.0 1071.0 352.0 1170.0 252.0 1170.0 tennis-court 0
204.0 1117.0 304.0 1117.0 304.0 1217.0 204.0 1217.0 tennis-court 0
159.0 1165.0 257.0 1165.0 257.0 1264.0 159.0 1264.0 tennis-court 0
112.0 1211.0 211.0 1211.0 211.0 1311.0 112.0 1311.0 tennis-court 0
1199.0 1104.0 1250.0 1104.0 1250.0 1201.0 1199.0 1201.0 tennis-court 0
1082.0 695.0 1174.0 695.0 1174.0 743.0 1082.0 743.0 basketball-court 0
1230.0 505.0 1280.0 505.0 1280.0 601.0 1230.0 601.0 tennis-court 0
1170.0 508.0 1219.0 508.0 1219.0 603.0 1170.0 603.0 tennis-court 0
1110.0 510.0 1159.0 510.0 1159.0 607.0 1110.0 607.0 tennis-court 0
1224.0 360.0 1273.0 360.0 1273.0 457.0 1224.0 457.0 tennis-court 0
1165.0 363.0 1213.0 363.0 1213.0 459.0 1165.0 459.0 tennis-court 0
1104.0 365.0 1153.0 365.0 1153.0 462.0 1104.0 462.0 tennis-court 0
1219.0 215.0 1267.0 215.0 1267.0 311.0 1219.0 311.0 tennis-court 0
1159.0 219.0 1206.0 219.0 1206.0 316.0 1159.0 316.0 tennis-court 0
1100.0 221.0 1146.0 221.0 1146.0 318.0 1100.0 318.0 tennis-court 0
403.0 919.0 502.0 919.0 502.0 1018.0 403.0 1018.0 tennis-court 0
521.0 788.0 567.0 788.0 567.0 883.0 521.0 883.0 tennis-court 0
585.0 788.0 630.0 788.0 630.0 883.0 585.0 883.0 tennis-court 0
844.0 444.0 865.0 444.0 865.0 465.0 844.0 465.0 small-vehicle 0
929.0 547.0 951.0 547.0 951.0 567.0 929.0 567.0 small-vehicle 1
1017.0 561.0 1038.0 561.0 1038.0 577.0 1017.0 577.0 small-vehicle 1
965.0 560.0 988.0 560.0 988.0 577.0 965.0 577.0 small-vehicle 1
966.0 546.0 987.0 546.0 987.0 566.0 966.0 566.0 small-vehicle 0
964.0 522.0 983.0 522.0 983.0 536.0 964.0 536.0 small-vehicle 1
931.0 490.0 953.0 490.0 953.0 508.0 931.0 508.0 small-vehicle 0
877.0 489.0 899.0 489.0 899.0 507.0 877.0 507.0 small-vehicle 1
745.0 452.0 764.0 452.0 764.0 465.0 745.0 465.0 small-vehicle 1
647.0 788.0 693.0 788.0 693.0 883.0 647.0 883.0 tennis-court 0
754.0 444.0 772.0 444.0 772.0 454.0 754.0 454.0 small-vehicle 1
768.0 421.0 795.0 421.0 795.0 437.0 768.0 437.0 small-vehicle 1
559.0 1253.0 609.0 1253.0 609.0 1352.0 559.0 1352.0 tennis-court 0
674.0 644.0 719.0 644.0 719.0 739.0 674.0 739.0 tennis-court 0
736.0 644.0 781.0 644.0 781.0 739.0 736.0 739.0 tennis-court 0
797.0 643.0 843.0 643.0 843.0 738.0 797.0 738.0 tennis-court 0
712.0 772.0 798.0 772.0 798.0 861.0 712.0 861.0 swimming-pool 0
1130.0 1104.0 1185.0 1104.0 1185.0 1164.0 1130.0 1164.0 swimming-pool 0
