imagesource:GoogleEarth
gsd:0.269526089706
1.0 1553.0 16.0 1553.0 16.0 1562.0 1.0 1562.0 small-vehicle 1
853.0 1871.0 889.0 1871.0 889.0 1920.0 853.0 1920.0 plane 0
466.0 1941.0 504.0 1941.0 504.0 1991.0 466.0 1991.0 plane 0
452.0 1897.0 492.0 1897.0 492.0 1947.0 452.0 1947.0 plane 0
520.0 1853.0 559.0 1853.0 559.0 1902.0 520.0 1902.0 plane 0
509.0 1808.0 548.0 1808.0 548.0 1857.0 509.0 1857.0 plane 0
492.0 1762.0 536.0 1762.0 536.0 1815.0 492.0 1815.0 plane 0
477.0 1612.0 509.0 1612.0 509.0 1642.0 477.0 1642.0 plane 0
493.0 1560.0 529.0 1560.0 529.0 1595.0 493.0 1595.0 plane 0
531.0 1587.0 577.0 1587.0 577.0 1627.0 531.0 1627.0 plane 0
550.0 1542.0 594.0 1542.0 594.0 1580.0 550.0 1580.0 plane 0
597.0 1573.0 630.0 1573.0 630.0 1605.0 597.0 1605.0 plane 0
672.0 1512.0 720.0 1512.0 720.0 1556.0 672.0 1556.0 plane 0
655.0 1549.0 693.0 1549.0 693.0 1585.0 655.0 1585.0 plane 0
697.0 1655.0 737.0 1655.0 737.0 1708.0 697.0 1708.0 plane 0
729.0 1747.0 765.0 1747.0 765.0 1794.0 729.0 1794.0 plane 0
743.0 1792.0 778.0 1792.0 778.0 1834.0 743.0 1834.0 plane 0
754.0 1833.0 792.0 1833.0 792.0 1879.0 754.0 1879.0 plane 0
765.0 1875.0 802.0 1875.0 802.0 1924.0 765.0 1924.0 plane 0
776.0 1918.0 822.0 1918.0 822.0 1966.0 776.0 1966.0 plane 0
1068.0 1898.0 1110.0 1898.0 1110.0 1950.0 1068.0 1950.0 plane 0
440.0 1856.0 479.0 1856.0 479.0 1904.0 440.0 1904.0 plane 0
408.0 1842.0 441.0 1842.0 441.0 1886.0 408.0 1886.0 plane 0
560.0 1981.0 599.0 1981.0 599.0 2029.0 560.0 2029.0 plane 0
652.0 291.0 713.0 291.0 713.0 361.0 652.0 361.0 plane 0
1116.0 966.0 1154.0 966.0 1154.0 1008.0 1116.0 1008.0 plane 0
1078.0 924.0 1126.0 924.0 1126.0 975.0 1078.0 975.0 plane 0
1011.0 858.0 1046.0 858.0 1046.0 894.0 1011.0 894.0 plane 0
963.0 808.0 1025.0 808.0 1025.0 878.0 963.0 878.0 plane 0
940.0 776.0 986.0 776.0 986.0 825.0 940.0 825.0 plane 0
898.0 734.0 956.0 734.0 956.0 794.0 898.0 794.0 plane 0
781.0 659.0 816.0 659.0 816.0 694.0 781.0 694.0 plane 0
602.0 238.0 663.0 238.0 663.0 305.0 602.0 305.0 plane 0
704.0 343.0 754.0 343.0 754.0 397.0 704.0 397.0 plane 0
491.0 2029.0 530.0 2029.0 530.0 2078.0 491.0 2078.0 plane 0
847.0 500.0 905.0 500.0 905.0 565.0 847.0 565.0 plane 0
717.0 1389.0 765.0 1389.0 765.0 1430.0 717.0 1430.0 plane 0
670.0 1400.0 721.0 1400.0 721.0 1443.0 670.0 1443.0 plane 0
673.0 669.0 715.0 669.0 715.0 714.0 673.0 714.0 plane 0
627.0 685.0 668.0 685.0 668.0 731.0 627.0 731.0 plane 0
1100.0 1949.0 1136.0 1949.0 1136.0 1994.0 1100.0 1994.0 plane 0
1058.0 1963.0 1086.0 1963.0 1086.0 2004.0 1058.0 2004.0 plane 0
397.0 1752.0 441.0 1752.0 441.0 1802.0 397.0 1802.0 plane 0
1021.0 1907.0 1069.0 1907.0 1069.0 1951.0 1021.0 1951.0 plane 0
841.0 1827.0 877.0 1827.0 877.0 1873.0 841.0 1873.0 plane 0
1030.0 1041.0 1074.0 1041.0 1074.0 1088.0 1030.0 1088.0 plane 0
824.0 1781.0 868.0 1781.0 868.0 1833.0 824.0 1833.0 plane 0
848.0 1049.0 894.0 1049.0 894.0 1096.0 848.0 1096.0 plane 0
920.0 966.0 966.0 966.0 966.0 1012.0 920.0 1012.0 plane 0
925.0 924.0 972.0 924.0 972.0 974.0 925.0 974.0 plane 0
890.0 889.0 937.0 889.0 937.0 938.0 890.0 938.0 plane 0
859.0 852.0 904.0 852.0 904.0 899.0 859.0 899.0 plane 0
823.0 816.0 870.0 816.0 870.0 863.0 823.0 863.0 plane 0
747.0 936.0 792.0 936.0 792.0 982.0 747.0 982.0 plane 0
813.0 1012.0 861.0 1012.0 861.0 1061.0 813.0 1061.0 plane 0
300.0 1042.0 345.0 1042.0 345.0 1082.0 300.0 1082.0 plane 0
346.0 1024.0 394.0 1024.0 394.0 1070.0 346.0 1070.0 plane 0
387.0 1015.0 435.0 1015.0 435.0 1058.0 387.0 1058.0 plane 0
431.0 999.0 478.0 999.0 478.0 1040.0 431.0 1040.0 plane 0
479.0 991.0 525.0 991.0 525.0 1027.0 479.0 1027.0 plane 0
526.0 991.0 572.0 991.0 572.0 1029.0 526.0 1029.0 plane 0
603.0 846.0 648.0 846.0 648.0 892.0 603.0 892.0 plane 0
431.0 716.0 468.0 716.0 468.0 764.0 431.0 764.0 plane 0
546.0 530.0 598.0 530.0 598.0 584.0 546.0 584.0 plane 0
488.0 464.0 537.0 464.0 537.0 514.0 488.0 514.0 plane 0
431.0 400.0 476.0 400.0 476.0 446.0 431.0 446.0 plane 0
94.0 786.0 144.0 786.0 144.0 834.0 94.0 834.0 plane 0
45.0 800.0 91.0 800.0 91.0 841.0 45.0 841.0 plane 0
14.0 779.0 62.0 779.0 62.0 819.0 14.0 819.0 plane 0
860.0 1465.0 899.0 1465.0 899.0 1499.0 860.0 1499.0 plane 0
811.0 1737.0 852.0 1737.0 852.0 1788.0 811.0 1788.0 plane 0
929.0 1759.0 968.0 1759.0 968.0 1807.0 929.0 1807.0 plane 0
1075.0 1720.0 1113.0 1720.0 1113.0 1764.0 1075.0 1764.0 plane 0
1063.0 1681.0 1095.0 1681.0 1095.0 1723.0 1063.0 1723.0 plane 0
1050.0 1645.0 1081.0 1645.0 1081.0 1679.0 1050.0 1679.0 plane 0
1036.0 1598.0 1074.0 1598.0 1074.0 1646.0 1036.0 1646.0 plane 0
804.0 1601.0 851.0 1601.0 851.0 1642.0 804.0 1642.0 plane 0
859.0 1584.0 907.0 1584.0 907.0 1625.0 859.0 1625.0 plane 0
894.0 1466.0 939.0 1466.0 939.0 1504.0 894.0 1504.0 plane 0
24.0 814.0 60.0 814.0 60.0 848.0 24.0 848.0 plane 0
1018.0 1236.0 1070.0 1236.0 1070.0 1288.0 1018.0 1288.0 plane 0
950.0 1163.0 998.0 1163.0 998.0 1210.0 950.0 1210.0 plane 0
914.0 1122.0 964.0 1122.0 964.0 1172.0 914.0 1172.0 plane 0
885.0 1091.0 926.0 1091.0 926.0 1132.0 885.0 1132.0 plane 0
992.0 1040.0 1035.0 1040.0 1035.0 1087.0 992.0 1087.0 plane 0
995.0 1002.0 1043.0 1002.0 1043.0 1052.0 995.0 1052.0 plane 0
955.0 1001.0 1000.0 1001.0 1000.0 1049.0 955.0 1049.0 plane 0
26.0 847.0 57.0 847.0 57.0 883.0 26.0 883.0 plane 0
1147.0 1002.0 1192.0 1002.0 1192.0 1050.0 1147.0 1050.0 plane 0
1067.0 1076.0 1112.0 1076.0 1112.0 1124.0 1067.0 1124.0 plane 0
1352.0 2170.0 1373.0 2170.0 1373.0 2182.0 1352.0 2182.0 small-vehicle 1
147.0 1725.0 164.0 1725.0 164.0 1747.0 147.0 1747.0 small-vehicle 0
1156.0 1406.0 1172.0 1406.0 1172.0 1428.0 1156.0 1428.0 small-vehicle 0
1215.0 1602.0 1241.0 1602.0 1241.0 1615.0 1215.0 1615.0 small-vehicle 1
1177.0 1635.0 1196.0 1635.0 1196.0 1648.0 1177.0 1648.0 small-vehicle 1
1175.0 1646.0 1199.0 1646.0 1199.0 1658.0 1175.0 1658.0 small-vehicle 1
1162.0 1686.0 1185.0 1686.0 1185.0 1699.0 1162.0 1699.0 small-vehicle 0
1163.0 1750.0 1186.0 1750.0 1186.0 1764.0 1163.0 1764.0 small-vehicle 0
1195.0 1789.0 1219.0 1789.0 1219.0 1806.0 1195.0 1806.0 small-vehicle 0
1349.0 1866.0 1372.0 1866.0 1372.0 1882.0 1349.0 1882.0 small-vehicle 1
1352.0 1877.0 1376.0 1877.0 1376.0 1892.0 1352.0 1892.0 small-vehicle 1
1363.0 1903.0 1389.0 1903.0 1389.0 1920.0 1363.0 1920.0 small-vehicle 1
1021.0 1754.0 1034.0 1754.0 1034.0 1775.0 1021.0 1775.0 small-vehicle 0
517.0 1453.0 529.0 1453.0 529.0 1471.0 517.0 1471.0 small-vehicle 1
657.0 784.0 699.0 784.0 699.0 825.0 657.0 825.0 large-vehicle 0
698.0 2021.0 724.0 2021.0 724.0 2037.0 698.0 2037.0 small-vehicle 0
64.0 2028.0 88.0 2028.0 88.0 2044.0 64.0 2044.0 small-vehicle 1
284.0 2160.0 311.0 2160.0 311.0 2177.0 284.0 2177.0 large-vehicle 1
280.0 2138.0 313.0 2138.0 313.0 2158.0 280.0 2158.0 large-vehicle 1
243.0 2125.0 258.0 2125.0 258.0 2150.0 243.0 2150.0 small-vehicle 0
81.0 1917.0 103.0 1917.0 103.0 1928.0 81.0 1928.0 small-vehicle 0
1152.0 796.0 1177.0 796.0 1177.0 824.0 1152.0 824.0 small-vehicle 0
1088.0 1542.0 1113.0 1542.0 1113.0 1559.0 1088.0 1559.0 small-vehicle 1
59.0 780.0 73.0 780.0 73.0 800.0 59.0 800.0 small-vehicle 1
773.0 1384.0 794.0 1384.0 794.0 1412.0 773.0 1412.0 large-vehicle 1
1249.0 1768.0 1267.0 1768.0 1267.0 1781.0 1249.0 1781.0 small-vehicle 1
597.0 1704.0 630.0 1704.0 630.0 1719.0 597.0 1719.0 large-vehicle 1
131.0 1678.0 146.0 1678.0 146.0 1704.0 131.0 1704.0 small-vehicle 1
786.0 1179.0 841.0 1179.0 841.0 1206.0 786.0 1206.0 large-vehicle 1
762.0 1197.0 784.0 1197.0 784.0 1214.0 762.0 1214.0 large-vehicle 1
792.0 1195.0 849.0 1195.0 849.0 1220.0 792.0 1220.0 large-vehicle 1
425.0 627.0 435.0 627.0 435.0 645.0 425.0 645.0 large-vehicle 1
149.0 1018.0 183.0 1018.0 183.0 1036.0 149.0 1036.0 large-vehicle 1
652.0 1242.0 688.0 1242.0 688.0 1260.0 652.0 1260.0 large-vehicle 1
229.0 1123.0 249.0 1123.0 249.0 1133.0 229.0 1133.0 small-vehicle 1
1219.0 1586.0 1235.0 1586.0 1235.0 1597.0 1219.0 1597.0 small-vehicle 1
1137.0 1558.0 1160.0 1558.0 1160.0 1571.0 1137.0 1571.0 small-vehicle 1
940.0 1464.0 956.0 1464.0 956.0 1488.0 940.0 1488.0 small-vehicle 1
531.0 2084.0 551.0 2084.0 551.0 2094.0 531.0 2094.0 small-vehicle 1
112.0 1910.0 128.0 1910.0 128.0 1920.0 112.0 1920.0 small-vehicle 1
88.0 2029.0 105.0 2029.0 105.0 2044.0 88.0 2044.0 small-vehicle 1
11.0 632.0 25.0 632.0 25.0 653.0 11.0 653.0 small-vehicle 1
706.0 1340.0 730.0 1340.0 730.0 1356.0 706.0 1356.0 small-vehicle 1
129.0 1763.0 144.0 1763.0 144.0 1784.0 129.0 1784.0 large-vehicle 0
53.0 1749.0 72.0 1749.0 72.0 1763.0 53.0 1763.0 small-vehicle 0
1094.0 1150.0 1141.0 1150.0 1141.0 1201.0 1094.0 1201.0 plane 0
35.0 1624.0 58.0 1624.0 58.0 1639.0 35.0 1639.0 small-vehicle 0
298.0 724.0 313.0 724.0 313.0 747.0 298.0 747.0 small-vehicle 0
307.0 712.0 325.0 712.0 325.0 738.0 307.0 738.0 small-vehicle 0
269.0 665.0 292.0 665.0 292.0 690.0 269.0 690.0 small-vehicle 1
213.0 626.0 249.0 626.0 249.0 639.0 213.0 639.0 large-vehicle 1
304.0 656.0 324.0 656.0 324.0 670.0 304.0 670.0 small-vehicle 1
295.0 633.0 316.0 633.0 316.0 647.0 295.0 647.0 small-vehicle 1
460.0 386.0 484.0 386.0 484.0 409.0 460.0 409.0 small-vehicle 0
245.0 225.0 266.0 225.0 266.0 237.0 245.0 237.0 small-vehicle 1
305.0 30.0 323.0 30.0 323.0 48.0 305.0 48.0 small-vehicle 0
374.0 84.0 401.0 84.0 401.0 117.0 374.0 117.0 large-vehicle 0
1019.0 687.0 1066.0 687.0 1066.0 739.0 1019.0 739.0 plane 0
1058.0 725.0 1106.0 725.0 1106.0 775.0 1058.0 775.0 plane 0
1092.0 764.0 1142.0 764.0 1142.0 815.0 1092.0 815.0 plane 0
1124.0 808.0 1176.0 808.0 1176.0 863.0 1124.0 863.0 plane 0
1167.0 850.0 1210.0 850.0 1210.0 896.0 1167.0 896.0 plane 0
1201.0 887.0 1252.0 887.0 1252.0 937.0 1201.0 937.0 plane 0
1238.0 926.0 1287.0 926.0 1287.0 978.0 1238.0 978.0 plane 0
1277.0 965.0 1326.0 965.0 1326.0 1017.0 1277.0 1017.0 plane 0
1132.0 1152.0 1179.0 1152.0 1179.0 1203.0 1132.0 1203.0 plane 0
152.0 781.0 177.0 781.0 177.0 815.0 152.0 815.0 small-vehicle 1
139.0 778.0 154.0 778.0 154.0 801.0 139.0 801.0 small-vehicle 1
147.0 799.0 165.0 799.0 165.0 824.0 147.0 824.0 small-vehicle 1
280.0 838.0 294.0 838.0 294.0 860.0 280.0 860.0 small-vehicle 1
283.0 1476.0 336.0 1476.0 336.0 1520.0 283.0 1520.0 plane 0
756.0 1212.0 785.0 1212.0 785.0 1229.0 756.0 1229.0 large-vehicle 0
148.0 1032.0 173.0 1032.0 173.0 1047.0 148.0 1047.0 small-vehicle 0
94.0 1067.0 109.0 1067.0 109.0 1089.0 94.0 1089.0 small-vehicle 0
328.0 832.0 341.0 832.0 341.0 854.0 328.0 854.0 small-vehicle 1
312.0 833.0 325.0 833.0 325.0 854.0 312.0 854.0 small-vehicle 0
301.0 835.0 317.0 835.0 317.0 855.0 301.0 855.0 small-vehicle 0
290.0 834.0 305.0 834.0 305.0 856.0 290.0 856.0 small-vehicle 0
268.0 836.0 283.0 836.0 283.0 858.0 268.0 858.0 small-vehicle 0
138.0 867.0 155.0 867.0 155.0 896.0 138.0 896.0 small-vehicle 1
242.0 838.0 258.0 838.0 258.0 862.0 242.0 862.0 small-vehicle 0
233.0 843.0 246.0 843.0 246.0 863.0 233.0 863.0 small-vehicle 1
222.0 849.0 237.0 849.0 237.0 869.0 222.0 869.0 small-vehicle 0
213.0 850.0 227.0 850.0 227.0 873.0 213.0 873.0 small-vehicle 0
193.0 854.0 207.0 854.0 207.0 877.0 193.0 877.0 small-vehicle 1
179.0 858.0 197.0 858.0 197.0 885.0 179.0 885.0 small-vehicle 1
163.0 867.0 178.0 867.0 178.0 887.0 163.0 887.0 small-vehicle 1
152.0 869.0 168.0 869.0 168.0 889.0 152.0 889.0 small-vehicle 1
432.0 125.0 484.0 125.0 484.0 180.0 432.0 180.0 plane 0
