imagesource:GoogleEarth
gsd:0.248394667
494.0 294.0 532.0 294.0 532.0 322.0 494.0 322.0 large-vehicle 1
655.0 289.0 671.0 289.0 671.0 310.0 655.0 310.0 small-vehicle 1
478.0 385.0 560.0 385.0 560.0 465.0 478.0 465.0 plane 0
599.0 423.0 649.0 423.0 649.0 477.0 599.0 477.0 plane 0
575.0 460.0 624.0 460.0 624.0 515.0 575.0 515.0 plane 0
595.0 502.0 646.0 502.0 646.0 559.0 595.0 559.0 plane 0
750.0 360.0 800.0 360.0 800.0 419.0 750.0 419.0 plane 0
961.0 418.0 1014.0 418.0 1014.0 470.0 961.0 470.0 plane 0
464.0 242.0 505.0 242.0 505.0 271.0 464.0 271.0 large-vehicle 1
454.0 227.0 491.0 227.0 491.0 254.0 454.0 254.0 large-vehicle 1
641.0 233.0 657.0 233.0 657.0 255.0 641.0 255.0 small-vehicle 1
615.0 245.0 633.0 245.0 633.0 271.0 615.0 271.0 small-vehicle 1
702.0 256.0 719.0 256.0 719.0 279.0 702.0 279.0 small-vehicle 1
666.0 282.0 682.0 282.0 682.0 305.0 666.0 305.0 small-vehicle 1
644.0 294.0 660.0 294.0 660.0 314.0 644.0 314.0 small-vehicle 1
1523.0 1301.0 1556.0 1301.0 1556.0 1344.0 1523.0 1344.0 plane 0
637.0 301.0 652.0 301.0 652.0 319.0 637.0 319.0 small-vehicle 1
611.0 307.0 628.0 307.0 628.0 329.0 611.0 329.0 small-vehicle 1
602.0 312.0 617.0 312.0 617.0 331.0 602.0 331.0 small-vehicle 1
877.0 804.0 901.0 804.0 901.0 822.0 877.0 822.0 small-vehicle 0
1016.0 909.0 1035.0 909.0 1035.0 930.0 1016.0 930.0 small-vehicle 1
1057.0 1037.0 1078.0 1037.0 1078.0 1063.0 1057.0 1063.0 small-vehicle 0
1084.0 1031.0 1102.0 1031.0 1102.0 1052.0 1084.0 1052.0 small-vehicle 0
1064.0 920.0 1085.0 920.0 1085.0 945.0 1064.0 945.0 small-vehicle 1
1147.0 992.0 1165.0 992.0 1165.0 1015.0 1147.0 1015.0 small-vehicle 1
1167.0 984.0 1184.0 984.0 1184.0 1002.0 1167.0 1002.0 small-vehicle 1
1176.0 975.0 1196.0 975.0 1196.0 997.0 1176.0 997.0 small-vehicle 0
1188.0 969.0 1205.0 969.0 1205.0 989.0 1188.0 989.0 small-vehicle 0
78.0 5.0 153.0 5.0 153.0 83.0 78.0 83.0 helicopter 0
1526.0 1242.0 1556.0 1242.0 1556.0 1281.0 1526.0 1281.0 plane 0
634.0 637.0 666.0 637.0 666.0 676.0 634.0 676.0 large-vehicle 0
605.0 823.0 693.0 823.0 693.0 913.0 605.0 913.0 plane 0
163.0 472.0 225.0 472.0 225.0 541.0 163.0 541.0 helicopter 0
364.0 551.0 445.0 551.0 445.0 634.0 364.0 634.0 plane 0
283.0 665.0 337.0 665.0 337.0 717.0 283.0 717.0 plane 0
349.0 783.0 404.0 783.0 404.0 833.0 349.0 833.0 plane 0
404.0 750.0 457.0 750.0 457.0 801.0 404.0 801.0 plane 0
456.0 724.0 512.0 724.0 512.0 777.0 456.0 777.0 plane 0
509.0 691.0 564.0 691.0 564.0 746.0 509.0 746.0 plane 0
554.0 711.0 610.0 711.0 610.0 763.0 554.0 763.0 plane 0
506.0 743.0 551.0 743.0 551.0 785.0 506.0 785.0 plane 0
445.0 766.0 499.0 766.0 499.0 822.0 445.0 822.0 plane 0
391.0 797.0 446.0 797.0 446.0 851.0 391.0 851.0 plane 0
448.0 921.0 525.0 921.0 525.0 993.0 448.0 993.0 plane 0
664.0 773.0 738.0 773.0 738.0 841.0 664.0 841.0 plane 0
1527.0 1175.0 1560.0 1175.0 1560.0 1222.0 1527.0 1222.0 plane 0
564.0 1010.0 656.0 1010.0 656.0 1107.0 564.0 1107.0 plane 0
692.0 1082.0 809.0 1082.0 809.0 1201.0 692.0 1201.0 plane 0
854.0 1256.0 947.0 1256.0 947.0 1344.0 854.0 1344.0 plane 0
1237.0 1140.0 1269.0 1140.0 1269.0 1192.0 1237.0 1192.0 plane 0
1236.0 1201.0 1267.0 1201.0 1267.0 1248.0 1236.0 1248.0 plane 0
1355.0 1265.0 1389.0 1265.0 1389.0 1317.0 1355.0 1317.0 plane 0
1360.0 1141.0 1395.0 1141.0 1395.0 1190.0 1360.0 1190.0 plane 0
1395.0 1175.0 1431.0 1175.0 1431.0 1219.0 1395.0 1219.0 plane 0
1401.0 1112.0 1433.0 1112.0 1433.0 1161.0 1401.0 1161.0 plane 0
1435.0 987.0 1488.0 987.0 1488.0 1041.0 1435.0 1041.0 plane 0
1478.0 933.0 1531.0 933.0 1531.0 985.0 1478.0 985.0 plane 0
1526.0 942.0 1575.0 942.0 1575.0 995.0 1526.0 995.0 plane 0
1202.0 962.0 1220.0 962.0 1220.0 981.0 1202.0 981.0 small-vehicle 1
1212.0 957.0 1229.0 957.0 1229.0 975.0 1212.0 975.0 small-vehicle 1
1223.0 950.0 1241.0 950.0 1241.0 971.0 1223.0 971.0 small-vehicle 1
1400.0 693.0 1417.0 693.0 1417.0 713.0 1400.0 713.0 small-vehicle 1
1296.0 752.0 1309.0 752.0 1309.0 767.0 1296.0 767.0 small-vehicle 1
1304.0 747.0 1319.0 747.0 1319.0 767.0 1304.0 767.0 small-vehicle 1
1322.0 737.0 1340.0 737.0 1340.0 757.0 1322.0 757.0 small-vehicle 1
1352.0 787.0 1367.0 787.0 1367.0 807.0 1352.0 807.0 small-vehicle 1
1384.0 858.0 1404.0 858.0 1404.0 878.0 1384.0 878.0 small-vehicle 1
1406.0 845.0 1426.0 845.0 1426.0 867.0 1406.0 867.0 small-vehicle 1
1454.0 814.0 1473.0 814.0 1473.0 836.0 1454.0 836.0 small-vehicle 1
1368.0 776.0 1386.0 776.0 1386.0 797.0 1368.0 797.0 small-vehicle 0
1376.0 764.0 1396.0 764.0 1396.0 791.0 1376.0 791.0 large-vehicle 0
1415.0 746.0 1435.0 746.0 1435.0 768.0 1415.0 768.0 small-vehicle 0
1465.0 720.0 1483.0 720.0 1483.0 742.0 1465.0 742.0 small-vehicle 1
1476.0 715.0 1491.0 715.0 1491.0 732.0 1476.0 732.0 small-vehicle 0
1419.0 679.0 1436.0 679.0 1436.0 700.0 1419.0 700.0 small-vehicle 1
1267.0 924.0 1288.0 924.0 1288.0 944.0 1267.0 944.0 small-vehicle 1
1332.0 688.0 1351.0 688.0 1351.0 709.0 1332.0 709.0 small-vehicle 0
1384.0 660.0 1400.0 660.0 1400.0 682.0 1384.0 682.0 small-vehicle 1
1396.0 660.0 1412.0 660.0 1412.0 679.0 1396.0 679.0 small-vehicle 1
1477.0 659.0 1496.0 659.0 1496.0 677.0 1477.0 677.0 small-vehicle 1
1495.0 675.0 1513.0 675.0 1513.0 693.0 1495.0 693.0 small-vehicle 1
1476.0 975.0 1498.0 975.0 1498.0 994.0 1476.0 994.0 small-vehicle 0
1510.0 933.0 1532.0 933.0 1532.0 944.0 1510.0 944.0 small-vehicle 0
1391.0 569.0 1411.0 569.0 1411.0 587.0 1391.0 587.0 small-vehicle 0
1496.0 598.0 1517.0 598.0 1517.0 618.0 1496.0 618.0 small-vehicle 0
1155.0 654.0 1174.0 654.0 1174.0 675.0 1155.0 675.0 small-vehicle 0
610.0 657.0 640.0 657.0 640.0 694.0 610.0 694.0 large-vehicle 0
624.0 647.0 652.0 647.0 652.0 686.0 624.0 686.0 large-vehicle 0
1287.0 757.0 1301.0 757.0 1301.0 776.0 1287.0 776.0 small-vehicle 1
1286.0 718.0 1305.0 718.0 1305.0 739.0 1286.0 739.0 small-vehicle 0
1266.0 728.0 1286.0 728.0 1286.0 750.0 1266.0 750.0 small-vehicle 1
1257.0 734.0 1277.0 734.0 1277.0 756.0 1257.0 756.0 small-vehicle 0
1280.0 914.0 1299.0 914.0 1299.0 937.0 1280.0 937.0 small-vehicle 1
1292.0 908.0 1311.0 908.0 1311.0 932.0 1292.0 932.0 small-vehicle 1
1331.0 889.0 1348.0 889.0 1348.0 909.0 1331.0 909.0 small-vehicle 1
1096.0 932.0 1114.0 932.0 1114.0 945.0 1096.0 945.0 small-vehicle 1
1089.0 925.0 1106.0 925.0 1106.0 938.0 1089.0 938.0 small-vehicle 0
1085.0 913.0 1106.0 913.0 1106.0 926.0 1085.0 926.0 large-vehicle 0
1079.0 901.0 1098.0 901.0 1098.0 918.0 1079.0 918.0 small-vehicle 1
1144.0 916.0 1167.0 916.0 1167.0 931.0 1144.0 931.0 small-vehicle 0
1142.0 908.0 1161.0 908.0 1161.0 921.0 1142.0 921.0 small-vehicle 1
1135.0 899.0 1156.0 899.0 1156.0 913.0 1135.0 913.0 small-vehicle 1
1128.0 887.0 1150.0 887.0 1150.0 904.0 1128.0 904.0 small-vehicle 1
1185.0 823.0 1206.0 823.0 1206.0 839.0 1185.0 839.0 small-vehicle 1
1188.0 833.0 1210.0 833.0 1210.0 847.0 1188.0 847.0 small-vehicle 1
1227.0 858.0 1242.0 858.0 1242.0 878.0 1227.0 878.0 small-vehicle 1
1246.0 844.0 1265.0 844.0 1265.0 866.0 1246.0 866.0 small-vehicle 1
1257.0 842.0 1273.0 842.0 1273.0 861.0 1257.0 861.0 small-vehicle 1
1266.0 836.0 1282.0 836.0 1282.0 856.0 1266.0 856.0 small-vehicle 1
1276.0 828.0 1292.0 828.0 1292.0 849.0 1276.0 849.0 small-vehicle 1
1285.0 822.0 1302.0 822.0 1302.0 843.0 1285.0 843.0 small-vehicle 0
1238.0 786.0 1254.0 786.0 1254.0 806.0 1238.0 806.0 small-vehicle 1
1257.0 773.0 1274.0 773.0 1274.0 793.0 1257.0 793.0 small-vehicle 1
1269.0 768.0 1285.0 768.0 1285.0 790.0 1269.0 790.0 small-vehicle 1
1220.0 756.0 1235.0 756.0 1235.0 775.0 1220.0 775.0 small-vehicle 0
1230.0 750.0 1247.0 750.0 1247.0 771.0 1230.0 771.0 small-vehicle 0
1247.0 739.0 1266.0 739.0 1266.0 761.0 1247.0 761.0 small-vehicle 0
221.0 379.0 389.0 379.0 389.0 551.0 221.0 551.0 plane 0
