imagesource:GoogleEarth
gsd:0.242915555194
1668.0 761.0 1716.0 761.0 1716.0 804.0 1668.0 804.0 large-vehicle 1
176.0 933.0 189.0 933.0 189.0 956.0 176.0 956.0 small-vehicle 1
1453.0 684.0 1506.0 684.0 1506.0 728.0 1453.0 728.0 plane 0
1438.0 731.0 1485.0 731.0 1485.0 769.0 1438.0 769.0 plane 0
1382.0 737.0 1428.0 737.0 1428.0 783.0 1382.0 783.0 plane 0
1339.0 709.0 1391.0 709.0 1391.0 755.0 1339.0 755.0 plane 0
1320.0 754.0 1371.0 754.0 1371.0 797.0 1320.0 797.0 plane 0
1226.0 733.0 1278.0 733.0 1278.0 778.0 1226.0 778.0 plane 0
1201.0 775.0 1256.0 775.0 1256.0 821.0 1201.0 821.0 plane 0
1485.0 199.0 1538.0 199.0 1538.0 244.0 1485.0 244.0 plane 0
1547.0 190.0 1591.0 190.0 1591.0 232.0 1547.0 232.0 plane 0
1498.0 330.0 1548.0 330.0 1548.0 370.0 1498.0 370.0 plane 0
1531.0 360.0 1585.0 360.0 1585.0 407.0 1531.0 407.0 plane 0
1420.0 388.0 1471.0 388.0 1471.0 430.0 1420.0 430.0 plane 0
1261.0 898.0 1312.0 898.0 1312.0 944.0 1261.0 944.0 plane 0
1060.0 961.0 1109.0 961.0 1109.0 1000.0 1060.0 1000.0 plane 0
772.0 1021.0 820.0 1021.0 820.0 1064.0 772.0 1064.0 plane 0
652.0 1042.0 706.0 1042.0 706.0 1094.0 652.0 1094.0 plane 0
868.0 739.0 926.0 739.0 926.0 798.0 868.0 798.0 helicopter 0
860.0 635.0 918.0 635.0 918.0 691.0 860.0 691.0 helicopter 0
230.0 920.0 247.0 920.0 247.0 945.0 230.0 945.0 small-vehicle 1
213.0 921.0 234.0 921.0 234.0 950.0 213.0 950.0 small-vehicle 0
202.0 927.0 216.0 927.0 216.0 951.0 202.0 951.0 small-vehicle 0
1514.0 668.0 1567.0 668.0 1567.0 715.0 1514.0 715.0 plane 0
1531.0 494.0 1585.0 494.0 1585.0 540.0 1531.0 540.0 plane 0
1475.0 507.0 1533.0 507.0 1533.0 553.0 1475.0 553.0 plane 0
1304.0 416.0 1355.0 416.0 1355.0 458.0 1304.0 458.0 plane 0
539.0 513.0 618.0 513.0 618.0 581.0 539.0 581.0 plane 0
321.0 586.0 369.0 586.0 369.0 629.0 321.0 629.0 plane 0
767.0 243.0 829.0 243.0 829.0 297.0 767.0 297.0 helicopter 0
1028.0 306.0 1080.0 306.0 1080.0 349.0 1028.0 349.0 plane 0
1146.0 287.0 1191.0 287.0 1191.0 326.0 1146.0 326.0 plane 0
1202.0 271.0 1248.0 271.0 1248.0 309.0 1202.0 309.0 plane 0
1259.0 255.0 1307.0 255.0 1307.0 297.0 1259.0 297.0 plane 0
1324.0 369.0 1374.0 369.0 1374.0 413.0 1324.0 413.0 plane 0
1212.0 399.0 1258.0 399.0 1258.0 438.0 1212.0 438.0 plane 0
1131.0 454.0 1181.0 454.0 1181.0 497.0 1131.0 497.0 plane 0
1454.0 550.0 1507.0 550.0 1507.0 595.0 1454.0 595.0 plane 0
1092.0 424.0 1146.0 424.0 1146.0 470.0 1092.0 470.0 plane 0
1133.0 585.0 1186.0 585.0 1186.0 629.0 1133.0 629.0 plane 0
1190.0 573.0 1240.0 573.0 1240.0 619.0 1190.0 619.0 plane 0
1245.0 562.0 1296.0 562.0 1296.0 603.0 1245.0 603.0 plane 0
1302.0 547.0 1353.0 547.0 1353.0 592.0 1302.0 592.0 plane 0
1283.0 592.0 1334.0 592.0 1334.0 635.0 1283.0 635.0 plane 0
1224.0 601.0 1276.0 601.0 1276.0 647.0 1224.0 647.0 plane 0
1171.0 615.0 1220.0 615.0 1220.0 660.0 1171.0 660.0 plane 0
1399.0 562.0 1447.0 562.0 1447.0 606.0 1399.0 606.0 plane 0
191.0 930.0 204.0 930.0 204.0 954.0 191.0 954.0 small-vehicle 1
162.0 934.0 176.0 934.0 176.0 959.0 162.0 959.0 small-vehicle 1
682.0 959.0 728.0 959.0 728.0 980.0 682.0 980.0 large-vehicle 1
207.0 982.0 226.0 982.0 226.0 1009.0 207.0 1009.0 small-vehicle 0
691.0 1013.0 707.0 1013.0 707.0 1036.0 691.0 1036.0 small-vehicle 0
678.0 1016.0 696.0 1016.0 696.0 1043.0 678.0 1043.0 small-vehicle 0
665.0 1023.0 679.0 1023.0 679.0 1045.0 665.0 1045.0 small-vehicle 1
651.0 1025.0 666.0 1025.0 666.0 1048.0 651.0 1048.0 small-vehicle 0
641.0 1029.0 656.0 1029.0 656.0 1050.0 641.0 1050.0 small-vehicle 1
628.0 1032.0 642.0 1032.0 642.0 1052.0 628.0 1052.0 small-vehicle 1
612.0 1032.0 628.0 1032.0 628.0 1054.0 612.0 1054.0 small-vehicle 0
600.0 1035.0 614.0 1035.0 614.0 1057.0 600.0 1057.0 small-vehicle 1
584.0 1038.0 601.0 1038.0 601.0 1065.0 584.0 1065.0 small-vehicle 1
571.0 1043.0 586.0 1043.0 586.0 1066.0 571.0 1066.0 small-vehicle 1
558.0 1048.0 574.0 1048.0 574.0 1070.0 558.0 1070.0 small-vehicle 1
544.0 1049.0 560.0 1049.0 560.0 1073.0 544.0 1073.0 small-vehicle 1
531.0 1049.0 548.0 1049.0 548.0 1075.0 531.0 1075.0 small-vehicle 1
889.0 974.0 901.0 974.0 901.0 994.0 889.0 994.0 small-vehicle 1
957.0 953.0 975.0 953.0 975.0 976.0 957.0 976.0 small-vehicle 0
1010.0 943.0 1024.0 943.0 1024.0 967.0 1010.0 967.0 small-vehicle 1
1023.0 941.0 1038.0 941.0 1038.0 963.0 1023.0 963.0 small-vehicle 0
1042.0 936.0 1059.0 936.0 1059.0 960.0 1042.0 960.0 small-vehicle 1
1060.0 928.0 1077.0 928.0 1077.0 956.0 1060.0 956.0 small-vehicle 0
914.0 964.0 929.0 964.0 929.0 989.0 914.0 989.0 small-vehicle 1
679.0 946.0 725.0 946.0 725.0 967.0 679.0 967.0 large-vehicle 1
729.0 1010.0 741.0 1010.0 741.0 1032.0 729.0 1032.0 small-vehicle 1
764.0 993.0 784.0 993.0 784.0 1020.0 764.0 1020.0 small-vehicle 1
776.0 988.0 799.0 988.0 799.0 1016.0 776.0 1016.0 small-vehicle 0
230.0 1067.0 240.0 1067.0 240.0 1090.0 230.0 1090.0 small-vehicle 1
200.0 1008.0 217.0 1008.0 217.0 1033.0 200.0 1033.0 small-vehicle 0
198.0 990.0 210.0 990.0 210.0 1011.0 198.0 1011.0 small-vehicle 1
187.0 1008.0 204.0 1008.0 204.0 1034.0 187.0 1034.0 small-vehicle 1
133.0 1086.0 148.0 1086.0 148.0 1110.0 133.0 1110.0 small-vehicle 0
147.0 1085.0 161.0 1085.0 161.0 1106.0 147.0 1106.0 small-vehicle 0
171.0 1081.0 185.0 1081.0 185.0 1105.0 171.0 1105.0 small-vehicle 0
184.0 1080.0 194.0 1080.0 194.0 1097.0 184.0 1097.0 small-vehicle 1
198.0 1071.0 211.0 1071.0 211.0 1096.0 198.0 1096.0 small-vehicle 1
208.0 1065.0 221.0 1065.0 221.0 1093.0 208.0 1093.0 small-vehicle 0
240.0 1066.0 252.0 1066.0 252.0 1088.0 240.0 1088.0 small-vehicle 0
825.0 965.0 847.0 965.0 847.0 980.0 825.0 980.0 small-vehicle 1
253.0 1062.0 267.0 1062.0 267.0 1084.0 253.0 1084.0 small-vehicle 1
266.0 1057.0 282.0 1057.0 282.0 1084.0 266.0 1084.0 small-vehicle 0
281.0 1059.0 294.0 1059.0 294.0 1081.0 281.0 1081.0 small-vehicle 1
291.0 1051.0 306.0 1051.0 306.0 1076.0 291.0 1076.0 small-vehicle 0
303.0 1050.0 317.0 1050.0 317.0 1076.0 303.0 1076.0 small-vehicle 0
316.0 1045.0 333.0 1045.0 333.0 1072.0 316.0 1072.0 small-vehicle 1
330.0 1041.0 346.0 1041.0 346.0 1068.0 330.0 1068.0 small-vehicle 1
345.0 1036.0 362.0 1036.0 362.0 1064.0 345.0 1064.0 small-vehicle 1
825.0 955.0 849.0 955.0 849.0 971.0 825.0 971.0 small-vehicle 0
397.0 561.0 450.0 561.0 450.0 606.0 397.0 606.0 plane 0
