imagesource:GoogleEarth
gsd:0.257752361515
999.0 189.0 1134.0 189.0 1134.0 311.0 999.0 311.0 baseball-diamond 0
752.0 827.0 771.0 827.0 771.0 839.0 752.0 839.0 small-vehicle 1
1003.0 742.0 1088.0 742.0 1088.0 844.0 1003.0 844.0 tennis-court 0
1121.0 649.0 1205.0 649.0 1205.0 752.0 1121.0 752.0 tennis-court 0
1076.0 622.0 1160.0 622.0 1160.0 726.0 1076.0 726.0 tennis-court 0
1031.0 598.0 1116.0 598.0 1116.0 700.0 1031.0 700.0 tennis-court 0
1000.0 395.0 1051.0 395.0 1051.0 490.0 1000.0 490.0 tennis-court 0
942.0 401.0 994.0 401.0 994.0 498.0 942.0 498.0 tennis-court 0
886.0 406.0 937.0 406.0 937.0 505.0 886.0 505.0 tennis-court 0
763.0 416.0 816.0 416.0 816.0 513.0 763.0 513.0 tennis-court 0
710.0 423.0 762.0 423.0 762.0 520.0 710.0 520.0 tennis-court 0
574.0 449.0 626.0 449.0 626.0 545.0 574.0 545.0 tennis-court 0
339.0 661.0 385.0 661.0 385.0 754.0 339.0 754.0 tennis-court 0
396.0 661.0 441.0 661.0 441.0 753.0 396.0 753.0 tennis-court 0
508.0 657.0 560.0 657.0 560.0 753.0 508.0 753.0 tennis-court 0
563.0 662.0 616.0 662.0 616.0 758.0 563.0 758.0 tennis-court 0
702.0 641.0 749.0 641.0 749.0 734.0 702.0 734.0 tennis-court 0
760.0 642.0 804.0 642.0 804.0 734.0 760.0 734.0 tennis-court 0
847.0 622.0 911.0 622.0 911.0 738.0 847.0 738.0 basketball-court 0
851.0 1106.0 914.0 1106.0 914.0 1206.0 851.0 1206.0 tennis-court 0
799.0 1094.0 863.0 1094.0 863.0 1194.0 799.0 1194.0 tennis-court 0
637.0 972.0 736.0 972.0 736.0 1118.0 637.0 1118.0 swimming-pool 0
434.0 905.0 558.0 905.0 558.0 1089.0 434.0 1089.0 swimming-pool 0
1051.0 767.0 1135.0 767.0 1135.0 870.0 1051.0 870.0 tennis-court 0
751.0 841.0 772.0 841.0 772.0 852.0 751.0 852.0 small-vehicle 1
243.0 23.0 275.0 23.0 275.0 59.0 243.0 59.0 swimming-pool 0
481.0 1284.0 492.0 1284.0 492.0 1303.0 481.0 1303.0 small-vehicle 1
46.0 229.0 63.0 229.0 63.0 245.0 46.0 245.0 small-vehicle 1
80.0 156.0 96.0 156.0 96.0 176.0 80.0 176.0 small-vehicle 1
9.0 92.0 25.0 92.0 25.0 113.0 9.0 113.0 small-vehicle 1
1265.0 928.0 1278.0 928.0 1278.0 947.0 1265.0 947.0 small-vehicle 1
1208.0 1006.0 1221.0 1006.0 1221.0 1025.0 1208.0 1025.0 small-vehicle 1
1020.0 1359.0 1034.0 1359.0 1034.0 1377.0 1020.0 1377.0 small-vehicle 1
1120.0 1195.0 1135.0 1195.0 1135.0 1215.0 1120.0 1215.0 small-vehicle 0
1158.0 1092.0 1172.0 1092.0 1172.0 1113.0 1158.0 1113.0 small-vehicle 1
1154.0 1126.0 1169.0 1126.0 1169.0 1149.0 1154.0 1149.0 small-vehicle 0
1185.0 1284.0 1206.0 1284.0 1206.0 1308.0 1185.0 1308.0 small-vehicle 0
82.0 1420.0 90.0 1420.0 90.0 1440.0 82.0 1440.0 small-vehicle 1
591.0 1411.0 600.0 1411.0 600.0 1430.0 591.0 1430.0 small-vehicle 1
460.0 1406.0 470.0 1406.0 470.0 1427.0 460.0 1427.0 small-vehicle 1
480.0 1408.0 488.0 1408.0 488.0 1426.0 480.0 1426.0 small-vehicle 1
341.0 1352.0 350.0 1352.0 350.0 1371.0 341.0 1371.0 small-vehicle 1
317.0 1329.0 329.0 1329.0 329.0 1350.0 317.0 1350.0 small-vehicle 1
340.0 1331.0 347.0 1331.0 347.0 1348.0 340.0 1348.0 small-vehicle 1
368.0 1334.0 378.0 1334.0 378.0 1352.0 368.0 1352.0 small-vehicle 1
594.0 1361.0 601.0 1361.0 601.0 1380.0 594.0 1380.0 small-vehicle 1
581.0 1338.0 589.0 1338.0 589.0 1359.0 581.0 1359.0 small-vehicle 0
551.0 1337.0 560.0 1337.0 560.0 1358.0 551.0 1358.0 small-vehicle 0
411.0 1099.0 520.0 1099.0 520.0 1174.0 411.0 1174.0 swimming-pool 0
