imagesource:GoogleEarth
gsd:0.272604708179
265.0 25.0 281.0 25.0 281.0 59.0 265.0 59.0 large-vehicle 0
91.0 872.0 132.0 872.0 132.0 902.0 91.0 902.0 plane 0
172.0 224.0 194.0 224.0 194.0 236.0 172.0 236.0 small-vehicle 0
194.0 169.0 214.0 169.0 214.0 179.0 194.0 179.0 small-vehicle 0
194.0 154.0 215.0 154.0 215.0 166.0 194.0 166.0 small-vehicle 0
104.0 365.0 121.0 365.0 121.0 375.0 104.0 375.0 small-vehicle 0
85.0 433.0 106.0 433.0 106.0 444.0 85.0 444.0 small-vehicle 0
147.0 393.0 166.0 393.0 166.0 401.0 147.0 401.0 small-vehicle 1
230.0 400.0 265.0 400.0 265.0 415.0 230.0 415.0 large-vehicle 0
580.0 228.0 595.0 228.0 595.0 259.0 580.0 259.0 small-vehicle 0
376.0 299.0 388.0 299.0 388.0 326.0 376.0 326.0 small-vehicle 0
175.0 884.0 224.0 884.0 224.0 920.0 175.0 920.0 plane 0
128.0 256.0 146.0 256.0 146.0 267.0 128.0 267.0 small-vehicle 1
220.0 888.0 268.0 888.0 268.0 928.0 220.0 928.0 plane 0
308.0 904.0 356.0 904.0 356.0 945.0 308.0 945.0 plane 0
353.0 916.0 400.0 916.0 400.0 954.0 353.0 954.0 plane 0
313.0 6.0 362.0 6.0 362.0 43.0 313.0 43.0 plane 0
552.0 185.0 584.0 185.0 584.0 230.0 552.0 230.0 plane 0
541.0 230.0 575.0 230.0 575.0 274.0 541.0 274.0 plane 0
534.0 274.0 567.0 274.0 567.0 321.0 534.0 321.0 plane 0
526.0 318.0 561.0 318.0 561.0 366.0 526.0 366.0 plane 0
471.0 291.0 519.0 291.0 519.0 344.0 471.0 344.0 plane 0
171.0 245.0 191.0 245.0 191.0 256.0 171.0 256.0 small-vehicle 1
163.0 269.0 187.0 269.0 187.0 284.0 163.0 284.0 small-vehicle 1
282.0 27.0 294.0 27.0 294.0 52.0 282.0 52.0 large-vehicle 0
55.0 315.0 74.0 315.0 74.0 325.0 55.0 325.0 small-vehicle 0
296.0 28.0 309.0 28.0 309.0 60.0 296.0 60.0 large-vehicle 0
175.0 37.0 186.0 37.0 186.0 58.0 175.0 58.0 small-vehicle 1
197.0 32.0 207.0 32.0 207.0 54.0 197.0 54.0 small-vehicle 0
80.0 450.0 102.0 450.0 102.0 464.0 80.0 464.0 small-vehicle 1
96.0 387.0 113.0 387.0 113.0 396.0 96.0 396.0 small-vehicle 1
46.0 366.0 68.0 366.0 68.0 377.0 46.0 377.0 small-vehicle 1
48.0 349.0 71.0 349.0 71.0 358.0 48.0 358.0 small-vehicle 1
50.0 334.0 71.0 334.0 71.0 345.0 50.0 345.0 small-vehicle 1
53.0 326.0 71.0 326.0 71.0 337.0 53.0 337.0 small-vehicle 0
138.0 176.0 163.0 176.0 163.0 192.0 138.0 192.0 small-vehicle 1
160.0 294.0 181.0 294.0 181.0 306.0 160.0 306.0 small-vehicle 1
97.0 107.0 118.0 107.0 118.0 120.0 97.0 120.0 small-vehicle 1
92.0 136.0 110.0 136.0 110.0 148.0 92.0 148.0 small-vehicle 1
63.0 282.0 85.0 282.0 85.0 295.0 63.0 295.0 small-vehicle 1
68.0 267.0 88.0 267.0 88.0 280.0 68.0 280.0 small-vehicle 1
68.0 256.0 92.0 256.0 92.0 269.0 68.0 269.0 small-vehicle 1
73.0 238.0 92.0 238.0 92.0 247.0 73.0 247.0 small-vehicle 1
121.0 305.0 140.0 305.0 140.0 316.0 121.0 316.0 small-vehicle 1
124.0 276.0 143.0 276.0 143.0 287.0 124.0 287.0 small-vehicle 1
120.0 296.0 139.0 296.0 139.0 305.0 120.0 305.0 small-vehicle 0
454.0 262.0 481.0 262.0 481.0 299.0 454.0 299.0 plane 0
