imagesource:GoogleEarth
gsd:0.27464029767
28.0 666.0 47.0 666.0 47.0 683.0 28.0 683.0 small-vehicle 1
560.0 146.0 609.0 146.0 609.0 192.0 560.0 192.0 plane 0
533.0 282.0 584.0 282.0 584.0 328.0 533.0 328.0 plane 0
506.0 254.0 549.0 254.0 549.0 296.0 506.0 296.0 plane 0
523.0 157.0 566.0 157.0 566.0 198.0 523.0 198.0 plane 0
620.0 250.0 659.0 250.0 659.0 286.0 620.0 286.0 plane 0
627.0 208.0 672.0 208.0 672.0 251.0 627.0 251.0 plane 0
592.0 176.0 641.0 176.0 641.0 223.0 592.0 223.0 plane 0
529.0 120.0 579.0 120.0 579.0 165.0 529.0 165.0 plane 0
598.0 337.0 650.0 337.0 650.0 389.0 598.0 389.0 plane 0
616.0 84.0 664.0 84.0 664.0 128.0 616.0 128.0 plane 0
677.0 140.0 724.0 140.0 724.0 186.0 677.0 186.0 plane 0
626.0 60.0 643.0 60.0 643.0 81.0 626.0 81.0 small-vehicle 1
618.0 54.0 636.0 54.0 636.0 74.0 618.0 74.0 small-vehicle 1
609.0 48.0 626.0 48.0 626.0 69.0 609.0 69.0 small-vehicle 1
582.0 30.0 596.0 30.0 596.0 50.0 582.0 50.0 small-vehicle 1
567.0 310.0 616.0 310.0 616.0 356.0 567.0 356.0 plane 0
511.0 451.0 549.0 451.0 549.0 487.0 511.0 487.0 plane 0
21.0 691.0 39.0 691.0 39.0 709.0 21.0 709.0 small-vehicle 1
321.0 564.0 367.0 564.0 367.0 609.0 321.0 609.0 plane 0
310.0 886.0 358.0 886.0 358.0 937.0 310.0 937.0 plane 0
294.0 928.0 341.0 928.0 341.0 981.0 294.0 981.0 plane 0
200.0 942.0 246.0 942.0 246.0 993.0 200.0 993.0 plane 0
412.0 686.0 461.0 686.0 461.0 734.0 412.0 734.0 plane 0
471.0 578.0 525.0 578.0 525.0 632.0 471.0 632.0 plane 0
355.0 590.0 401.0 590.0 401.0 637.0 355.0 637.0 plane 0
240.0 515.0 290.0 515.0 290.0 565.0 240.0 565.0 plane 0
542.0 444.0 586.0 444.0 586.0 486.0 542.0 486.0 plane 0
348.0 429.0 394.0 429.0 394.0 474.0 348.0 474.0 plane 0
405.0 363.0 452.0 363.0 452.0 407.0 405.0 407.0 plane 0
436.0 392.0 486.0 392.0 486.0 439.0 436.0 439.0 plane 0
497.0 291.0 545.0 291.0 545.0 339.0 497.0 339.0 plane 0
564.0 351.0 612.0 351.0 612.0 395.0 564.0 395.0 plane 0
507.0 411.0 560.0 411.0 560.0 460.0 507.0 460.0 plane 0
597.0 81.0 616.0 81.0 616.0 99.0 597.0 99.0 small-vehicle 1
587.0 71.0 603.0 71.0 603.0 91.0 587.0 91.0 small-vehicle 1
614.0 233.0 630.0 233.0 630.0 256.0 614.0 256.0 small-vehicle 1
69.0 679.0 110.0 679.0 110.0 717.0 69.0 717.0 large-vehicle 1
207.0 697.0 231.0 697.0 231.0 716.0 207.0 716.0 small-vehicle 1
116.0 699.0 136.0 699.0 136.0 712.0 116.0 712.0 small-vehicle 1
85.0 736.0 108.0 736.0 108.0 746.0 85.0 746.0 small-vehicle 1
78.0 746.0 100.0 746.0 100.0 757.0 78.0 757.0 small-vehicle 1
71.0 754.0 91.0 754.0 91.0 764.0 71.0 764.0 small-vehicle 1
139.0 735.0 162.0 735.0 162.0 759.0 139.0 759.0 large-vehicle 1
59.0 688.0 97.0 688.0 97.0 724.0 59.0 724.0 large-vehicle 1
701.0 277.0 718.0 277.0 718.0 297.0 701.0 297.0 small-vehicle 1
49.0 695.0 86.0 695.0 86.0 730.0 49.0 730.0 large-vehicle 1
49.0 711.0 82.0 711.0 82.0 742.0 49.0 742.0 large-vehicle 1
41.0 720.0 74.0 720.0 74.0 751.0 41.0 751.0 large-vehicle 1
26.0 725.0 69.0 725.0 69.0 764.0 26.0 764.0 large-vehicle 1
21.0 734.0 60.0 734.0 60.0 771.0 21.0 771.0 large-vehicle 1
13.0 683.0 32.0 683.0 32.0 703.0 13.0 703.0 small-vehicle 1
216.0 690.0 236.0 690.0 236.0 709.0 216.0 709.0 small-vehicle 0
225.0 680.0 246.0 680.0 246.0 699.0 225.0 699.0 small-vehicle 0
55.0 772.0 78.0 772.0 78.0 782.0 55.0 782.0 small-vehicle 0
41.0 789.0 64.0 789.0 64.0 799.0 41.0 799.0 small-vehicle 1
32.0 798.0 52.0 798.0 52.0 808.0 32.0 808.0 small-vehicle 1
506.0 665.0 521.0 665.0 521.0 685.0 506.0 685.0 small-vehicle 1
7.0 823.0 30.0 823.0 30.0 836.0 7.0 836.0 small-vehicle 0
146.0 731.0 164.0 731.0 164.0 748.0 146.0 748.0 small-vehicle 1
151.0 722.0 171.0 722.0 171.0 741.0 151.0 741.0 small-vehicle 1
166.0 708.0 188.0 708.0 188.0 728.0 166.0 728.0 small-vehicle 1
243.0 659.0 262.0 659.0 262.0 678.0 243.0 678.0 small-vehicle 1
236.0 669.0 255.0 669.0 255.0 686.0 236.0 686.0 small-vehicle 1
311.0 591.0 329.0 591.0 329.0 609.0 311.0 609.0 small-vehicle 1
518.0 576.0 537.0 576.0 537.0 601.0 518.0 601.0 small-vehicle 1
579.0 495.0 595.0 495.0 595.0 516.0 579.0 516.0 small-vehicle 1
409.0 325.0 461.0 325.0 461.0 370.0 409.0 370.0 plane 0
470.0 225.0 520.0 225.0 520.0 275.0 470.0 275.0 plane 0
258.0 844.0 302.0 844.0 302.0 892.0 258.0 892.0 plane 0
