imagesource:GoogleEarth
gsd:0.278341210795
784.0 235.0 801.0 235.0 801.0 249.0 784.0 249.0 small-vehicle 1
260.0 227.0 275.0 227.0 275.0 247.0 260.0 247.0 small-vehicle 1
277.0 233.0 292.0 233.0 292.0 255.0 277.0 255.0 small-vehicle 1
288.0 237.0 301.0 237.0 301.0 259.0 288.0 259.0 small-vehicle 1
305.0 248.0 319.0 248.0 319.0 269.0 305.0 269.0 small-vehicle 1
314.0 252.0 327.0 252.0 327.0 272.0 314.0 272.0 small-vehicle 1
758.0 248.0 809.0 248.0 809.0 281.0 758.0 281.0 large-vehicle 0
751.0 265.0 797.0 265.0 797.0 290.0 751.0 290.0 large-vehicle 0
177.0 220.0 192.0 220.0 192.0 240.0 177.0 240.0 small-vehicle 1
186.0 224.0 201.0 224.0 201.0 245.0 186.0 245.0 small-vehicle 1
201.0 233.0 214.0 233.0 214.0 251.0 201.0 251.0 small-vehicle 1
212.0 236.0 225.0 236.0 225.0 255.0 212.0 255.0 small-vehicle 1
226.0 243.0 239.0 243.0 239.0 260.0 226.0 260.0 small-vehicle 1
241.0 247.0 256.0 247.0 256.0 268.0 241.0 268.0 small-vehicle 1
253.0 253.0 265.0 253.0 265.0 271.0 253.0 271.0 small-vehicle 1
275.0 263.0 289.0 263.0 289.0 285.0 275.0 285.0 small-vehicle 1
293.0 273.0 308.0 273.0 308.0 292.0 293.0 292.0 small-vehicle 1
314.0 283.0 332.0 283.0 332.0 306.0 314.0 306.0 small-vehicle 1
384.0 308.0 406.0 308.0 406.0 338.0 384.0 338.0 large-vehicle 0
419.0 326.0 435.0 326.0 435.0 348.0 419.0 348.0 small-vehicle 1
397.0 2.0 414.0 2.0 414.0 20.0 397.0 20.0 small-vehicle 1
407.0 4.0 421.0 4.0 421.0 22.0 407.0 22.0 small-vehicle 1
425.0 10.0 440.0 10.0 440.0 31.0 425.0 31.0 small-vehicle 1
270.0 232.0 282.0 232.0 282.0 251.0 270.0 251.0 small-vehicle 1
362.0 271.0 377.0 271.0 377.0 291.0 362.0 291.0 small-vehicle 1
505.0 43.0 520.0 43.0 520.0 66.0 505.0 66.0 small-vehicle 1
414.0 297.0 431.0 297.0 431.0 314.0 414.0 314.0 small-vehicle 1
204.0 78.0 222.0 78.0 222.0 97.0 204.0 97.0 small-vehicle 0
195.0 102.0 211.0 102.0 211.0 121.0 195.0 121.0 small-vehicle 0
186.0 123.0 202.0 123.0 202.0 143.0 186.0 143.0 small-vehicle 0
280.0 14.0 300.0 14.0 300.0 28.0 280.0 28.0 small-vehicle 1
275.0 25.0 292.0 25.0 292.0 38.0 275.0 38.0 small-vehicle 1
270.0 43.0 287.0 43.0 287.0 57.0 270.0 57.0 small-vehicle 0
264.0 48.0 283.0 48.0 283.0 63.0 264.0 63.0 small-vehicle 1
254.0 67.0 275.0 67.0 275.0 82.0 254.0 82.0 small-vehicle 1
250.0 76.0 271.0 76.0 271.0 92.0 250.0 92.0 small-vehicle 1
248.0 85.0 271.0 85.0 271.0 101.0 248.0 101.0 small-vehicle 1
247.0 94.0 267.0 94.0 267.0 110.0 247.0 110.0 small-vehicle 1
240.0 104.0 261.0 104.0 261.0 122.0 240.0 122.0 small-vehicle 1
231.0 123.0 252.0 123.0 252.0 138.0 231.0 138.0 small-vehicle 1
223.0 147.0 242.0 147.0 242.0 164.0 223.0 164.0 small-vehicle 1
293.0 196.0 306.0 196.0 306.0 215.0 293.0 215.0 small-vehicle 1
301.0 199.0 315.0 199.0 315.0 219.0 301.0 219.0 small-vehicle 1
311.0 204.0 327.0 204.0 327.0 226.0 311.0 226.0 small-vehicle 1
322.0 209.0 335.0 209.0 335.0 230.0 322.0 230.0 small-vehicle 1
222.0 214.0 236.0 214.0 236.0 232.0 222.0 232.0 small-vehicle 1
231.0 217.0 245.0 217.0 245.0 237.0 231.0 237.0 small-vehicle 0
381.0 275.0 393.0 275.0 393.0 296.0 381.0 296.0 small-vehicle 1
481.0 34.0 494.0 34.0 494.0 56.0 481.0 56.0 small-vehicle 1
522.0 5.0 539.0 5.0 539.0 26.0 522.0 26.0 small-vehicle 1
223.0 34.0 238.0 34.0 238.0 53.0 223.0 53.0 small-vehicle 1
262.0 309.0 278.0 309.0 278.0 333.0 262.0 333.0 small-vehicle 1
334.0 343.0 347.0 343.0 347.0 363.0 334.0 363.0 small-vehicle 1
343.0 347.0 357.0 347.0 357.0 368.0 343.0 368.0 small-vehicle 1
355.0 329.0 374.0 329.0 374.0 348.0 355.0 348.0 small-vehicle 1
479.0 352.0 493.0 352.0 493.0 374.0 479.0 374.0 small-vehicle 1
515.0 335.0 531.0 335.0 531.0 360.0 515.0 360.0 small-vehicle 1
534.0 346.0 550.0 346.0 550.0 367.0 534.0 367.0 small-vehicle 1
526.0 341.0 539.0 341.0 539.0 366.0 526.0 366.0 small-vehicle 1
543.0 351.0 558.0 351.0 558.0 372.0 543.0 372.0 small-vehicle 1
553.0 354.0 568.0 354.0 568.0 374.0 553.0 374.0 small-vehicle 1
562.0 358.0 576.0 358.0 576.0 379.0 562.0 379.0 small-vehicle 1
578.0 366.0 595.0 366.0 595.0 386.0 578.0 386.0 small-vehicle 1
598.0 370.0 612.0 370.0 612.0 395.0 598.0 395.0 small-vehicle 1
607.0 377.0 619.0 377.0 619.0 398.0 607.0 398.0 small-vehicle 1
617.0 381.0 628.0 381.0 628.0 399.0 617.0 399.0 small-vehicle 1
624.0 384.0 638.0 384.0 638.0 405.0 624.0 405.0 small-vehicle 1
636.0 388.0 650.0 388.0 650.0 408.0 636.0 408.0 small-vehicle 1
643.0 394.0 657.0 394.0 657.0 414.0 643.0 414.0 small-vehicle 1
678.0 403.0 694.0 403.0 694.0 427.0 678.0 427.0 small-vehicle 0
714.0 453.0 727.0 453.0 727.0 474.0 714.0 474.0 small-vehicle 0
669.0 432.0 685.0 432.0 685.0 453.0 669.0 453.0 small-vehicle 0
602.0 406.0 619.0 406.0 619.0 426.0 602.0 426.0 small-vehicle 1
317.0 331.0 333.0 331.0 333.0 357.0 317.0 357.0 small-vehicle 1
253.0 303.0 271.0 303.0 271.0 327.0 253.0 327.0 small-vehicle 1
540.0 13.0 559.0 13.0 559.0 35.0 540.0 35.0 small-vehicle 1
102.0 411.0 123.0 411.0 123.0 420.0 102.0 420.0 small-vehicle 1
551.0 18.0 567.0 18.0 567.0 40.0 551.0 40.0 small-vehicle 1
560.0 21.0 574.0 21.0 574.0 44.0 560.0 44.0 small-vehicle 1
585.0 29.0 598.0 29.0 598.0 53.0 585.0 53.0 small-vehicle 1
595.0 37.0 609.0 37.0 609.0 60.0 595.0 60.0 small-vehicle 1
604.0 41.0 619.0 41.0 619.0 65.0 604.0 65.0 small-vehicle 1
613.0 45.0 629.0 45.0 629.0 69.0 613.0 69.0 small-vehicle 1
666.0 67.0 684.0 67.0 684.0 89.0 666.0 89.0 small-vehicle 1
516.0 49.0 528.0 49.0 528.0 69.0 516.0 69.0 small-vehicle 1
556.0 68.0 571.0 68.0 571.0 92.0 556.0 92.0 small-vehicle 1
604.0 87.0 620.0 87.0 620.0 112.0 604.0 112.0 small-vehicle 1
776.0 21.0 793.0 21.0 793.0 46.0 776.0 46.0 small-vehicle 1
797.0 36.0 815.0 36.0 815.0 59.0 797.0 59.0 small-vehicle 1
821.0 11.0 839.0 11.0 839.0 34.0 821.0 34.0 small-vehicle 1
785.0 91.0 804.0 91.0 804.0 116.0 785.0 116.0 small-vehicle 1
799.0 96.0 815.0 96.0 815.0 117.0 799.0 117.0 small-vehicle 1
121.0 270.0 139.0 270.0 139.0 294.0 121.0 294.0 small-vehicle 1
114.0 294.0 128.0 294.0 128.0 314.0 114.0 314.0 small-vehicle 1
102.0 316.0 120.0 316.0 120.0 337.0 102.0 337.0 small-vehicle 0
97.0 337.0 112.0 337.0 112.0 358.0 97.0 358.0 small-vehicle 1
157.0 278.0 176.0 278.0 176.0 307.0 157.0 307.0 small-vehicle 1
111.0 392.0 129.0 392.0 129.0 400.0 111.0 400.0 small-vehicle 0
213.0 54.0 230.0 54.0 230.0 75.0 213.0 75.0 small-vehicle 0
234.0 13.0 247.0 13.0 247.0 28.0 234.0 28.0 small-vehicle 1
284.0 189.0 298.0 189.0 298.0 208.0 284.0 208.0 small-vehicle 1
377.0 1078.0 426.0 1078.0 426.0 1122.0 377.0 1122.0 plane 0
458.0 1128.0 501.0 1128.0 501.0 1166.0 458.0 1166.0 plane 0
324.0 1057.0 372.0 1057.0 372.0 1097.0 324.0 1097.0 plane 0
292.0 1055.0 338.0 1055.0 338.0 1095.0 292.0 1095.0 plane 0
267.0 1031.0 317.0 1031.0 317.0 1071.0 267.0 1071.0 plane 0
236.0 1036.0 280.0 1036.0 280.0 1074.0 236.0 1074.0 plane 0
217.0 1003.0 272.0 1003.0 272.0 1052.0 217.0 1052.0 plane 0
181.0 1008.0 227.0 1008.0 227.0 1047.0 181.0 1047.0 plane 0
176.0 966.0 238.0 966.0 238.0 1031.0 176.0 1031.0 plane 0
141.0 1085.0 189.0 1085.0 189.0 1125.0 141.0 1125.0 plane 0
101.0 1068.0 146.0 1068.0 146.0 1110.0 101.0 1110.0 plane 0
58.0 1049.0 109.0 1049.0 109.0 1092.0 58.0 1092.0 plane 0
20.0 1034.0 67.0 1034.0 67.0 1076.0 20.0 1076.0 plane 0
27.0 808.0 79.0 808.0 79.0 853.0 27.0 853.0 plane 0
66.0 829.0 113.0 829.0 113.0 875.0 66.0 875.0 plane 0
88.0 829.0 133.0 829.0 133.0 866.0 88.0 866.0 plane 0
101.0 844.0 149.0 844.0 149.0 887.0 101.0 887.0 plane 0
129.0 852.0 174.0 852.0 174.0 888.0 129.0 888.0 plane 0
146.0 866.0 200.0 866.0 200.0 913.0 146.0 913.0 plane 0
182.0 883.0 230.0 883.0 230.0 926.0 182.0 926.0 plane 0
210.0 880.0 254.0 880.0 254.0 927.0 210.0 927.0 plane 0
227.0 894.0 273.0 894.0 273.0 935.0 227.0 935.0 plane 0
434.0 1103.0 481.0 1103.0 481.0 1143.0 434.0 1143.0 plane 0
346.0 1076.0 393.0 1076.0 393.0 1118.0 346.0 1118.0 plane 0
154.0 908.0 210.0 908.0 210.0 972.0 154.0 972.0 plane 0
260.0 1136.0 311.0 1136.0 311.0 1175.0 260.0 1175.0 plane 0
452.0 432.0 517.0 432.0 517.0 500.0 452.0 500.0 helicopter 0
106.0 1654.0 154.0 1654.0 154.0 1698.0 106.0 1698.0 plane 0
144.0 1678.0 193.0 1678.0 193.0 1723.0 144.0 1723.0 plane 0
255.0 1745.0 302.0 1745.0 302.0 1788.0 255.0 1788.0 plane 0
275.0 1629.0 326.0 1629.0 326.0 1674.0 275.0 1674.0 plane 0
201.0 1622.0 248.0 1622.0 248.0 1663.0 201.0 1663.0 plane 0
164.0 1599.0 211.0 1599.0 211.0 1640.0 164.0 1640.0 plane 0
198.0 1582.0 249.0 1582.0 249.0 1627.0 198.0 1627.0 plane 0
159.0 1564.0 206.0 1564.0 206.0 1606.0 159.0 1606.0 plane 0
218.0 1498.0 268.0 1498.0 268.0 1543.0 218.0 1543.0 plane 0
329.0 1528.0 381.0 1528.0 381.0 1571.0 329.0 1571.0 plane 0
256.0 1488.0 302.0 1488.0 302.0 1531.0 256.0 1531.0 plane 0
218.0 1465.0 263.0 1465.0 263.0 1507.0 218.0 1507.0 plane 0
279.0 1404.0 322.0 1404.0 322.0 1444.0 279.0 1444.0 plane 0
329.0 1268.0 377.0 1268.0 377.0 1316.0 329.0 1316.0 plane 0
368.0 1328.0 418.0 1328.0 418.0 1370.0 368.0 1370.0 plane 0
407.0 1312.0 457.0 1312.0 457.0 1359.0 407.0 1359.0 plane 0
446.0 1335.0 492.0 1335.0 492.0 1378.0 446.0 1378.0 plane 0
422.0 1203.0 469.0 1203.0 469.0 1246.0 422.0 1246.0 plane 0
466.0 1225.0 510.0 1225.0 510.0 1268.0 466.0 1268.0 plane 0
342.0 1169.0 391.0 1169.0 391.0 1211.0 342.0 1211.0 plane 0
254.0 908.0 292.0 908.0 292.0 942.0 254.0 942.0 plane 0
323.0 944.0 370.0 944.0 370.0 985.0 323.0 985.0 plane 0
86.0 199.0 97.0 199.0 97.0 219.0 86.0 219.0 small-vehicle 1
765.0 608.0 812.0 608.0 812.0 648.0 765.0 648.0 plane 0
864.0 566.0 906.0 566.0 906.0 606.0 864.0 606.0 plane 0
898.0 553.0 946.0 553.0 946.0 596.0 898.0 596.0 plane 0
857.0 531.0 905.0 531.0 905.0 575.0 857.0 575.0 plane 0
916.0 466.0 968.0 466.0 968.0 514.0 916.0 514.0 plane 0
881.0 416.0 918.0 416.0 918.0 451.0 881.0 451.0 plane 0
860.0 306.0 904.0 306.0 904.0 345.0 860.0 345.0 plane 0
896.0 288.0 945.0 288.0 945.0 333.0 896.0 333.0 plane 0
1069.0 260.0 1114.0 260.0 1114.0 300.0 1069.0 300.0 plane 0
1123.0 162.0 1172.0 162.0 1172.0 204.0 1123.0 204.0 plane 0
1007.0 94.0 1058.0 94.0 1058.0 140.0 1007.0 140.0 plane 0
1052.0 26.0 1096.0 26.0 1096.0 63.0 1052.0 63.0 plane 0
1091.0 49.0 1133.0 49.0 1133.0 88.0 1091.0 88.0 plane 0
1164.0 90.0 1212.0 90.0 1212.0 132.0 1164.0 132.0 plane 0
168.0 11.0 179.0 11.0 179.0 30.0 168.0 30.0 small-vehicle 1
159.0 35.0 171.0 35.0 171.0 55.0 159.0 55.0 small-vehicle 1
139.0 75.0 152.0 75.0 152.0 94.0 139.0 94.0 small-vehicle 1
128.0 100.0 142.0 100.0 142.0 121.0 128.0 121.0 small-vehicle 1
121.0 119.0 135.0 119.0 135.0 136.0 121.0 136.0 small-vehicle 1
115.0 138.0 126.0 138.0 126.0 156.0 115.0 156.0 small-vehicle 1
106.0 159.0 120.0 159.0 120.0 176.0 106.0 176.0 small-vehicle 1
96.0 176.0 113.0 176.0 113.0 198.0 96.0 198.0 large-vehicle 0
837.0 649.0 890.0 649.0 890.0 696.0 837.0 696.0 plane 0
490.0 1128.0 537.0 1128.0 537.0 1166.0 490.0 1166.0 plane 0
364.0 964.0 408.0 964.0 408.0 1005.0 364.0 1005.0 plane 0
513.0 1151.0 559.0 1151.0 559.0 1189.0 513.0 1189.0 plane 0
402.0 982.0 450.0 982.0 450.0 1023.0 402.0 1023.0 plane 0
445.0 998.0 487.0 998.0 487.0 1038.0 445.0 1038.0 plane 0
483.0 1014.0 527.0 1014.0 527.0 1057.0 483.0 1057.0 plane 0
483.0 966.0 530.0 966.0 530.0 1006.0 483.0 1006.0 plane 0
520.0 986.0 568.0 986.0 568.0 1030.0 520.0 1030.0 plane 0
563.0 1013.0 606.0 1013.0 606.0 1056.0 563.0 1056.0 plane 0
555.0 915.0 605.0 915.0 605.0 961.0 555.0 961.0 plane 0
600.0 937.0 642.0 937.0 642.0 978.0 600.0 978.0 plane 0
635.0 958.0 682.0 958.0 682.0 1002.0 635.0 1002.0 plane 0
556.0 875.0 602.0 875.0 602.0 920.0 556.0 920.0 plane 0
643.0 881.0 678.0 881.0 678.0 920.0 643.0 920.0 plane 0
633.0 921.0 680.0 921.0 680.0 966.0 633.0 966.0 plane 0
673.0 944.0 720.0 944.0 720.0 988.0 673.0 988.0 plane 0
653.0 840.0 700.0 840.0 700.0 884.0 653.0 884.0 plane 0
614.0 812.0 664.0 812.0 664.0 861.0 614.0 861.0 plane 0
651.0 804.0 697.0 804.0 697.0 847.0 651.0 847.0 plane 0
711.0 742.0 757.0 742.0 757.0 782.0 711.0 782.0 plane 0
786.0 749.0 830.0 749.0 830.0 788.0 786.0 788.0 plane 0
691.0 825.0 737.0 825.0 737.0 866.0 691.0 866.0 plane 0
696.0 860.0 737.0 860.0 737.0 898.0 696.0 898.0 plane 0
546.0 1153.0 599.0 1153.0 599.0 1204.0 546.0 1204.0 plane 0
574.0 390.0 587.0 390.0 587.0 411.0 574.0 411.0 small-vehicle 1
515.0 366.0 529.0 366.0 529.0 389.0 515.0 389.0 small-vehicle 1
507.0 362.0 521.0 362.0 521.0 383.0 507.0 383.0 small-vehicle 1
201.0 1843.0 221.0 1843.0 221.0 1861.0 201.0 1861.0 small-vehicle 1
823.0 107.0 838.0 107.0 838.0 130.0 823.0 130.0 small-vehicle 1
840.0 114.0 856.0 114.0 856.0 138.0 840.0 138.0 small-vehicle 0
858.0 123.0 872.0 123.0 872.0 146.0 858.0 146.0 small-vehicle 1
867.0 125.0 880.0 125.0 880.0 147.0 867.0 147.0 small-vehicle 1
877.0 128.0 889.0 128.0 889.0 149.0 877.0 149.0 small-vehicle 1
884.0 134.0 897.0 134.0 897.0 154.0 884.0 154.0 small-vehicle 1
893.0 138.0 909.0 138.0 909.0 159.0 893.0 159.0 small-vehicle 1
903.0 143.0 919.0 143.0 919.0 161.0 903.0 161.0 small-vehicle 0
933.0 134.0 955.0 134.0 955.0 151.0 933.0 151.0 small-vehicle 1
938.0 127.0 957.0 127.0 957.0 143.0 938.0 143.0 small-vehicle 1
944.0 118.0 964.0 118.0 964.0 136.0 944.0 136.0 small-vehicle 0
946.0 110.0 965.0 110.0 965.0 126.0 946.0 126.0 small-vehicle 1
951.0 101.0 972.0 101.0 972.0 119.0 951.0 119.0 small-vehicle 1
957.0 93.0 978.0 93.0 978.0 111.0 957.0 111.0 small-vehicle 1
960.0 87.0 982.0 87.0 982.0 103.0 960.0 103.0 small-vehicle 1
965.0 78.0 987.0 78.0 987.0 95.0 965.0 95.0 small-vehicle 1
970.0 70.0 992.0 70.0 992.0 87.0 970.0 87.0 small-vehicle 1
975.0 63.0 996.0 63.0 996.0 78.0 975.0 78.0 small-vehicle 1
986.0 46.0 1005.0 46.0 1005.0 62.0 986.0 62.0 small-vehicle 1
981.0 56.0 1003.0 56.0 1003.0 71.0 981.0 71.0 small-vehicle 1
990.0 38.0 1009.0 38.0 1009.0 54.0 990.0 54.0 small-vehicle 1
299.0 1784.0 315.0 1784.0 315.0 1803.0 299.0 1803.0 small-vehicle 1
210.0 1831.0 231.0 1831.0 231.0 1847.0 210.0 1847.0 small-vehicle 0
997.0 17.0 1018.0 17.0 1018.0 38.0 997.0 38.0 small-vehicle 1
64.0 1820.0 82.0 1820.0 82.0 1840.0 64.0 1840.0 large-vehicle 0
163.0 1401.0 178.0 1401.0 178.0 1425.0 163.0 1425.0 small-vehicle 1
44.0 1359.0 61.0 1359.0 61.0 1380.0 44.0 1380.0 small-vehicle 1
30.0 1351.0 45.0 1351.0 45.0 1373.0 30.0 1373.0 small-vehicle 1
13.0 1346.0 26.0 1346.0 26.0 1369.0 13.0 1369.0 small-vehicle 1
173.0 1437.0 202.0 1437.0 202.0 1460.0 173.0 1460.0 large-vehicle 0
168.0 1450.0 194.0 1450.0 194.0 1470.0 168.0 1470.0 large-vehicle 0
164.0 1460.0 187.0 1460.0 187.0 1479.0 164.0 1479.0 large-vehicle 0
134.0 1515.0 156.0 1515.0 156.0 1533.0 134.0 1533.0 large-vehicle 0
111.0 1552.0 134.0 1552.0 134.0 1572.0 111.0 1572.0 small-vehicle 1
103.0 1571.0 125.0 1571.0 125.0 1586.0 103.0 1586.0 small-vehicle 1
97.0 1578.0 119.0 1578.0 119.0 1596.0 97.0 1596.0 small-vehicle 1
426.0 1465.0 447.0 1465.0 447.0 1492.0 426.0 1492.0 large-vehicle 0
88.0 1594.0 108.0 1594.0 108.0 1612.0 88.0 1612.0 small-vehicle 1
81.0 1600.0 102.0 1600.0 102.0 1619.0 81.0 1619.0 small-vehicle 1
68.0 1628.0 89.0 1628.0 89.0 1645.0 68.0 1645.0 small-vehicle 1
414.0 1108.0 433.0 1108.0 433.0 1133.0 414.0 1133.0 large-vehicle 0
70.0 1687.0 87.0 1687.0 87.0 1709.0 70.0 1709.0 small-vehicle 0
37.0 1721.0 53.0 1721.0 53.0 1745.0 37.0 1745.0 small-vehicle 1
82.0 1747.0 101.0 1747.0 101.0 1773.0 82.0 1773.0 small-vehicle 1
50.0 1733.0 65.0 1733.0 65.0 1754.0 50.0 1754.0 small-vehicle 1
20.0 1740.0 40.0 1740.0 40.0 1758.0 20.0 1758.0 small-vehicle 1
994.0 28.0 1015.0 28.0 1015.0 44.0 994.0 44.0 small-vehicle 1
1001.0 9.0 1025.0 9.0 1025.0 28.0 1001.0 28.0 small-vehicle 1
497.0 357.0 512.0 357.0 512.0 379.0 497.0 379.0 small-vehicle 1
860.0 63.0 879.0 63.0 879.0 81.0 860.0 81.0 small-vehicle 1
843.0 57.0 863.0 57.0 863.0 72.0 843.0 72.0 small-vehicle 1
848.0 50.0 869.0 50.0 869.0 65.0 848.0 65.0 small-vehicle 1
856.0 35.0 874.0 35.0 874.0 50.0 856.0 50.0 small-vehicle 1
861.0 27.0 880.0 27.0 880.0 41.0 861.0 41.0 small-vehicle 1
865.0 20.0 885.0 20.0 885.0 36.0 865.0 36.0 small-vehicle 1
870.0 13.0 890.0 13.0 890.0 28.0 870.0 28.0 small-vehicle 1
886.0 20.0 906.0 20.0 906.0 37.0 886.0 37.0 small-vehicle 1
873.0 44.0 894.0 44.0 894.0 60.0 873.0 60.0 small-vehicle 1
880.0 37.0 898.0 37.0 898.0 52.0 880.0 52.0 small-vehicle 1
895.0 5.0 916.0 5.0 916.0 23.0 895.0 23.0 small-vehicle 1
874.0 5.0 894.0 5.0 894.0 20.0 874.0 20.0 small-vehicle 1
989.0 488.0 1007.0 488.0 1007.0 509.0 989.0 509.0 small-vehicle 1
192.0 811.0 210.0 811.0 210.0 823.0 192.0 823.0 small-vehicle 1
213.0 820.0 233.0 820.0 233.0 836.0 213.0 836.0 small-vehicle 1
239.0 830.0 260.0 830.0 260.0 846.0 239.0 846.0 small-vehicle 1
10.0 1758.0 27.0 1758.0 27.0 1773.0 10.0 1773.0 small-vehicle 1
441.0 336.0 454.0 336.0 454.0 352.0 441.0 352.0 small-vehicle 1
669.0 404.0 684.0 404.0 684.0 422.0 669.0 422.0 small-vehicle 1
241.0 219.0 253.0 219.0 253.0 236.0 241.0 236.0 small-vehicle 1
250.0 223.0 264.0 223.0 264.0 241.0 250.0 241.0 small-vehicle 1
294.0 244.0 309.0 244.0 309.0 264.0 294.0 264.0 small-vehicle 1
869.0 53.0 888.0 53.0 888.0 67.0 869.0 67.0 small-vehicle 1
854.0 75.0 876.0 75.0 876.0 92.0 854.0 92.0 small-vehicle 1
905.0 103.0 926.0 103.0 926.0 120.0 905.0 120.0 small-vehicle 1
839.0 65.0 858.0 65.0 858.0 81.0 839.0 81.0 small-vehicle 1
889.0 96.0 904.0 96.0 904.0 109.0 889.0 109.0 small-vehicle 1
912.0 91.0 930.0 91.0 930.0 107.0 912.0 107.0 small-vehicle 0
900.0 66.0 919.0 66.0 919.0 85.0 900.0 85.0 small-vehicle 1
893.0 84.0 909.0 84.0 909.0 98.0 893.0 98.0 small-vehicle 1
926.0 74.0 951.0 74.0 951.0 89.0 926.0 89.0 small-vehicle 1
921.0 80.0 942.0 80.0 942.0 94.0 921.0 94.0 small-vehicle 1
926.0 62.0 948.0 62.0 948.0 77.0 926.0 77.0 small-vehicle 1
937.0 49.0 957.0 49.0 957.0 67.0 937.0 67.0 small-vehicle 1
943.0 37.0 965.0 37.0 965.0 53.0 943.0 53.0 small-vehicle 1
948.0 26.0 968.0 26.0 968.0 43.0 948.0 43.0 small-vehicle 1
956.0 14.0 976.0 14.0 976.0 29.0 956.0 29.0 small-vehicle 1
962.0 7.0 982.0 7.0 982.0 22.0 962.0 22.0 small-vehicle 1
907.0 59.0 927.0 59.0 927.0 77.0 907.0 77.0 small-vehicle 1
916.0 44.0 934.0 44.0 934.0 61.0 916.0 61.0 small-vehicle 1
921.0 38.0 939.0 38.0 939.0 53.0 921.0 53.0 small-vehicle 1
926.0 30.0 946.0 30.0 946.0 46.0 926.0 46.0 small-vehicle 1
931.0 21.0 951.0 21.0 951.0 38.0 931.0 38.0 small-vehicle 1
937.0 14.0 957.0 14.0 957.0 30.0 937.0 30.0 small-vehicle 1
941.0 5.0 961.0 5.0 961.0 21.0 941.0 21.0 small-vehicle 1
834.0 77.0 855.0 77.0 855.0 93.0 834.0 93.0 small-vehicle 0
850.0 84.0 870.0 84.0 870.0 98.0 850.0 98.0 small-vehicle 1
142.0 1392.0 158.0 1392.0 158.0 1418.0 142.0 1418.0 small-vehicle 1
124.0 1387.0 141.0 1387.0 141.0 1411.0 124.0 1411.0 small-vehicle 1
288.0 1307.0 313.0 1307.0 313.0 1330.0 288.0 1330.0 small-vehicle 0
300.0 574.0 311.0 574.0 311.0 596.0 300.0 596.0 small-vehicle 1
316.0 580.0 330.0 580.0 330.0 601.0 316.0 601.0 small-vehicle 1
263.0 588.0 281.0 588.0 281.0 610.0 263.0 610.0 small-vehicle 1
279.0 596.0 296.0 596.0 296.0 620.0 279.0 620.0 small-vehicle 1
366.0 590.0 388.0 590.0 388.0 630.0 366.0 630.0 large-vehicle 0
375.0 593.0 400.0 593.0 400.0 634.0 375.0 634.0 large-vehicle 0
441.0 631.0 458.0 631.0 458.0 659.0 441.0 659.0 small-vehicle 1
458.0 639.0 474.0 639.0 474.0 668.0 458.0 668.0 large-vehicle 0
468.0 642.0 486.0 642.0 486.0 671.0 468.0 671.0 large-vehicle 0
698.0 546.0 719.0 546.0 719.0 562.0 698.0 562.0 small-vehicle 1
694.0 556.0 714.0 556.0 714.0 573.0 694.0 573.0 small-vehicle 1
688.0 563.0 710.0 563.0 710.0 583.0 688.0 583.0 large-vehicle 0
659.0 616.0 680.0 616.0 680.0 632.0 659.0 632.0 small-vehicle 1
652.0 623.0 674.0 623.0 674.0 641.0 652.0 641.0 small-vehicle 1
641.0 639.0 663.0 639.0 663.0 656.0 641.0 656.0 small-vehicle 1
508.0 612.0 553.0 612.0 553.0 637.0 508.0 637.0 large-vehicle 0
539.0 673.0 553.0 673.0 553.0 696.0 539.0 696.0 small-vehicle 1
548.0 678.0 561.0 678.0 561.0 697.0 548.0 697.0 small-vehicle 1
573.0 689.0 587.0 689.0 587.0 711.0 573.0 711.0 small-vehicle 1
557.0 682.0 571.0 682.0 571.0 702.0 557.0 702.0 small-vehicle 1
525.0 700.0 543.0 700.0 543.0 726.0 525.0 726.0 large-vehicle 0
566.0 720.0 593.0 720.0 593.0 765.0 566.0 765.0 large-vehicle 0
307.0 578.0 319.0 578.0 319.0 600.0 307.0 600.0 small-vehicle 1
290.0 569.0 304.0 569.0 304.0 592.0 290.0 592.0 small-vehicle 1
340.0 1217.0 364.0 1217.0 364.0 1237.0 340.0 1237.0 small-vehicle 1
282.0 566.0 295.0 566.0 295.0 587.0 282.0 587.0 small-vehicle 1
169.0 464.0 184.0 464.0 184.0 483.0 169.0 483.0 small-vehicle 1
176.0 468.0 193.0 468.0 193.0 490.0 176.0 490.0 small-vehicle 1
204.0 478.0 221.0 478.0 221.0 498.0 204.0 498.0 small-vehicle 0
263.0 501.0 278.0 501.0 278.0 523.0 263.0 523.0 small-vehicle 1
271.0 508.0 287.0 508.0 287.0 529.0 271.0 529.0 small-vehicle 0
278.0 513.0 295.0 513.0 295.0 533.0 278.0 533.0 small-vehicle 0
92.0 487.0 108.0 487.0 108.0 509.0 92.0 509.0 small-vehicle 0
112.0 493.0 125.0 493.0 125.0 514.0 112.0 514.0 small-vehicle 0
131.0 498.0 143.0 498.0 143.0 521.0 131.0 521.0 small-vehicle 1
146.0 506.0 161.0 506.0 161.0 529.0 146.0 529.0 small-vehicle 1
156.0 511.0 174.0 511.0 174.0 530.0 156.0 530.0 small-vehicle 1
169.0 515.0 187.0 515.0 187.0 537.0 169.0 537.0 small-vehicle 1
181.0 522.0 194.0 522.0 194.0 541.0 181.0 541.0 small-vehicle 1
190.0 523.0 205.0 523.0 205.0 548.0 190.0 548.0 small-vehicle 1
212.0 531.0 226.0 531.0 226.0 553.0 212.0 553.0 small-vehicle 1
221.0 537.0 236.0 537.0 236.0 559.0 221.0 559.0 small-vehicle 1
230.0 539.0 246.0 539.0 246.0 561.0 230.0 561.0 small-vehicle 1
239.0 545.0 255.0 545.0 255.0 569.0 239.0 569.0 small-vehicle 1
256.0 553.0 270.0 553.0 270.0 574.0 256.0 574.0 small-vehicle 1
265.0 557.0 278.0 557.0 278.0 578.0 265.0 578.0 small-vehicle 1
274.0 560.0 288.0 560.0 288.0 581.0 274.0 581.0 small-vehicle 1
545.0 708.0 570.0 708.0 570.0 744.0 545.0 744.0 large-vehicle 1
573.0 746.0 601.0 746.0 601.0 783.0 573.0 783.0 large-vehicle 0
446.0 717.0 518.0 717.0 518.0 757.0 446.0 757.0 large-vehicle 0
373.0 636.0 385.0 636.0 385.0 656.0 373.0 656.0 small-vehicle 1
256.0 872.0 274.0 872.0 274.0 893.0 256.0 893.0 small-vehicle 0
248.0 869.0 262.0 869.0 262.0 892.0 248.0 892.0 small-vehicle 0
240.0 867.0 254.0 867.0 254.0 887.0 240.0 887.0 small-vehicle 1
193.0 846.0 211.0 846.0 211.0 869.0 193.0 869.0 small-vehicle 1
186.0 842.0 200.0 842.0 200.0 865.0 186.0 865.0 small-vehicle 0
177.0 839.0 191.0 839.0 191.0 862.0 177.0 862.0 small-vehicle 1
169.0 835.0 184.0 835.0 184.0 856.0 169.0 856.0 small-vehicle 1
160.0 834.0 175.0 834.0 175.0 855.0 160.0 855.0 small-vehicle 1
152.0 829.0 167.0 829.0 167.0 852.0 152.0 852.0 small-vehicle 1
144.0 825.0 159.0 825.0 159.0 848.0 144.0 848.0 small-vehicle 1
136.0 822.0 152.0 822.0 152.0 846.0 136.0 846.0 small-vehicle 0
127.0 815.0 144.0 815.0 144.0 836.0 127.0 836.0 small-vehicle 0
115.0 808.0 137.0 808.0 137.0 831.0 115.0 831.0 small-vehicle 0
124.0 761.0 142.0 761.0 142.0 785.0 124.0 785.0 small-vehicle 0
139.0 766.0 153.0 766.0 153.0 785.0 139.0 785.0 small-vehicle 1
183.0 789.0 199.0 789.0 199.0 810.0 183.0 810.0 small-vehicle 1
287.0 849.0 308.0 849.0 308.0 866.0 287.0 866.0 small-vehicle 1
310.0 861.0 329.0 861.0 329.0 875.0 310.0 875.0 small-vehicle 1
64.0 789.0 81.0 789.0 81.0 808.0 64.0 808.0 small-vehicle 1
495.0 656.0 508.0 656.0 508.0 677.0 495.0 677.0 small-vehicle 1
486.0 654.0 500.0 654.0 500.0 674.0 486.0 674.0 small-vehicle 1
264.0 876.0 282.0 876.0 282.0 899.0 264.0 899.0 small-vehicle 1
284.0 885.0 298.0 885.0 298.0 906.0 284.0 906.0 small-vehicle 1
275.0 880.0 289.0 880.0 289.0 901.0 275.0 901.0 small-vehicle 1
436.0 950.0 449.0 950.0 449.0 973.0 436.0 973.0 small-vehicle 1
505.0 765.0 548.0 765.0 548.0 791.0 505.0 791.0 large-vehicle 1
492.0 786.0 535.0 786.0 535.0 808.0 492.0 808.0 large-vehicle 1
484.0 836.0 512.0 836.0 512.0 854.0 484.0 854.0 large-vehicle 1
453.0 891.0 478.0 891.0 478.0 905.0 453.0 905.0 large-vehicle 0
748.0 890.0 766.0 890.0 766.0 913.0 748.0 913.0 small-vehicle 1
765.0 875.0 784.0 875.0 784.0 899.0 765.0 899.0 small-vehicle 1
707.0 982.0 726.0 982.0 726.0 1007.0 707.0 1007.0 small-vehicle 1
464.0 937.0 494.0 937.0 494.0 970.0 464.0 970.0 large-vehicle 1
444.0 955.0 458.0 955.0 458.0 978.0 444.0 978.0 small-vehicle 1
427.0 946.0 442.0 946.0 442.0 968.0 427.0 968.0 small-vehicle 1
293.0 888.0 307.0 888.0 307.0 909.0 293.0 909.0 small-vehicle 1
418.0 947.0 431.0 947.0 431.0 966.0 418.0 966.0 small-vehicle 1
408.0 941.0 422.0 941.0 422.0 963.0 408.0 963.0 small-vehicle 0
392.0 929.0 407.0 929.0 407.0 949.0 392.0 949.0 small-vehicle 1
384.0 926.0 399.0 926.0 399.0 949.0 384.0 949.0 small-vehicle 1
375.0 924.0 388.0 924.0 388.0 945.0 375.0 945.0 small-vehicle 1
368.0 921.0 381.0 921.0 381.0 943.0 368.0 943.0 small-vehicle 1
359.0 918.0 373.0 918.0 373.0 939.0 359.0 939.0 small-vehicle 1
307.0 896.0 324.0 896.0 324.0 917.0 307.0 917.0 small-vehicle 1
300.0 890.0 314.0 890.0 314.0 910.0 300.0 910.0 small-vehicle 1
538.0 508.0 594.0 508.0 594.0 572.0 538.0 572.0 helicopter 0
