imagesource:GoogleEarth
gsd:0.25532900649
829.0 1436.0 852.0 1436.0 852.0 1445.0 829.0 1445.0 small-vehicle 1
1122.0 506.0 1169.0 506.0 1169.0 528.0 1122.0 528.0 ship 0
1511.0 389.0 1560.0 389.0 1560.0 416.0 1511.0 416.0 ship 0
1534.0 530.0 1579.0 530.0 1579.0 551.0 1534.0 551.0 ship 0
1535.0 548.0 1582.0 548.0 1582.0 570.0 1535.0 570.0 ship 0
1532.0 597.0 1585.0 597.0 1585.0 621.0 1532.0 621.0 ship 0
1524.0 622.0 1587.0 622.0 1587.0 651.0 1524.0 651.0 ship 0
1540.0 675.0 1605.0 675.0 1605.0 703.0 1540.0 703.0 ship 0
1542.0 699.0 1601.0 699.0 1601.0 727.0 1542.0 727.0 ship 0
1541.0 724.0 1607.0 724.0 1607.0 754.0 1541.0 754.0 ship 0
1343.0 986.0 1389.0 986.0 1389.0 1017.0 1343.0 1017.0 ship 0
1324.0 890.0 1357.0 890.0 1357.0 909.0 1324.0 909.0 ship 0
1077.0 748.0 1144.0 748.0 1144.0 783.0 1077.0 783.0 ship 0
1154.0 852.0 1199.0 852.0 1199.0 879.0 1154.0 879.0 ship 0
1116.0 923.0 1160.0 923.0 1160.0 950.0 1116.0 950.0 ship 0
1155.0 1021.0 1198.0 1021.0 1198.0 1052.0 1155.0 1052.0 ship 0
1212.0 1027.0 1261.0 1027.0 1261.0 1053.0 1212.0 1053.0 ship 0
1298.0 270.0 1355.0 270.0 1355.0 292.0 1298.0 292.0 ship 0
1316.0 341.0 1347.0 341.0 1347.0 354.0 1316.0 354.0 ship 0
1372.0 318.0 1416.0 318.0 1416.0 336.0 1372.0 336.0 ship 0
1168.0 327.0 1220.0 327.0 1220.0 347.0 1168.0 347.0 ship 0
1178.0 450.0 1224.0 450.0 1224.0 468.0 1178.0 468.0 ship 0
1178.0 430.0 1219.0 430.0 1219.0 448.0 1178.0 448.0 ship 0
1119.0 463.0 1164.0 463.0 1164.0 481.0 1119.0 481.0 ship 0
1179.0 401.0 1221.0 401.0 1221.0 417.0 1179.0 417.0 ship 0
1171.0 380.0 1222.0 380.0 1222.0 399.0 1171.0 399.0 ship 0
1179.0 353.0 1211.0 353.0 1211.0 366.0 1179.0 366.0 ship 0
1106.0 312.0 1142.0 312.0 1142.0 326.0 1106.0 326.0 ship 0
1379.0 388.0 1424.0 388.0 1424.0 408.0 1379.0 408.0 ship 0
1114.0 351.0 1155.0 351.0 1155.0 372.0 1114.0 372.0 ship 0
1333.0 545.0 1371.0 545.0 1371.0 563.0 1333.0 563.0 ship 0
1388.0 524.0 1421.0 524.0 1421.0 537.0 1388.0 537.0 ship 0
1384.0 498.0 1433.0 498.0 1433.0 513.0 1384.0 513.0 ship 0
1320.0 474.0 1374.0 474.0 1374.0 500.0 1320.0 500.0 ship 0
1315.0 410.0 1367.0 410.0 1367.0 431.0 1315.0 431.0 ship 0
1147.0 1046.0 1205.0 1046.0 1205.0 1078.0 1147.0 1078.0 ship 0
960.0 858.0 1007.0 858.0 1007.0 886.0 960.0 886.0 ship 0
949.0 821.0 996.0 821.0 996.0 848.0 949.0 848.0 ship 0
99.0 191.0 115.0 191.0 115.0 212.0 99.0 212.0 small-vehicle 0
551.0 118.0 570.0 118.0 570.0 130.0 551.0 130.0 small-vehicle 1
922.0 52.0 946.0 52.0 946.0 76.0 922.0 76.0 small-vehicle 1
852.0 149.0 878.0 149.0 878.0 159.0 852.0 159.0 small-vehicle 0
673.0 131.0 699.0 131.0 699.0 145.0 673.0 145.0 small-vehicle 1
705.0 127.0 725.0 127.0 725.0 145.0 705.0 145.0 small-vehicle 1
271.0 131.0 286.0 131.0 286.0 149.0 271.0 149.0 small-vehicle 1
300.0 169.0 325.0 169.0 325.0 185.0 300.0 185.0 small-vehicle 0
599.0 112.0 623.0 112.0 623.0 123.0 599.0 123.0 small-vehicle 0
6.0 185.0 27.0 185.0 27.0 195.0 6.0 195.0 small-vehicle 1
411.0 230.0 429.0 230.0 429.0 254.0 411.0 254.0 small-vehicle 1
460.0 229.0 480.0 229.0 480.0 251.0 460.0 251.0 small-vehicle 1
489.0 219.0 512.0 219.0 512.0 244.0 489.0 244.0 small-vehicle 1
506.0 216.0 524.0 216.0 524.0 233.0 506.0 233.0 small-vehicle 1
594.0 213.0 618.0 213.0 618.0 239.0 594.0 239.0 small-vehicle 1
520.0 132.0 539.0 132.0 539.0 153.0 520.0 153.0 small-vehicle 0
876.0 1.0 892.0 1.0 892.0 18.0 876.0 18.0 small-vehicle 1
888.0 768.0 973.0 768.0 973.0 816.0 888.0 816.0 ship 0
168.0 100.0 186.0 100.0 186.0 117.0 168.0 117.0 small-vehicle 0
726.0 803.0 808.0 803.0 808.0 843.0 726.0 843.0 ship 0
801.0 871.0 842.0 871.0 842.0 897.0 801.0 897.0 ship 0
124.0 78.0 147.0 78.0 147.0 89.0 124.0 89.0 small-vehicle 0
230.0 91.0 249.0 91.0 249.0 103.0 230.0 103.0 small-vehicle 1
100.0 107.0 124.0 107.0 124.0 130.0 100.0 130.0 large-vehicle 0
86.0 112.0 109.0 112.0 109.0 133.0 86.0 133.0 large-vehicle 0
386.0 35.0 401.0 35.0 401.0 57.0 386.0 57.0 small-vehicle 1
824.0 0.0 841.0 0.0 841.0 21.0 824.0 21.0 small-vehicle 1
395.0 39.0 408.0 39.0 408.0 59.0 395.0 59.0 small-vehicle 0
525.0 24.0 542.0 24.0 542.0 47.0 525.0 47.0 small-vehicle 0
588.0 19.0 607.0 19.0 607.0 42.0 588.0 42.0 small-vehicle 1
629.0 17.0 648.0 17.0 648.0 36.0 629.0 36.0 small-vehicle 1
748.0 5.0 768.0 5.0 768.0 24.0 748.0 24.0 small-vehicle 1
791.0 8.0 811.0 8.0 811.0 29.0 791.0 29.0 small-vehicle 0
1178.0 476.0 1230.0 476.0 1230.0 497.0 1178.0 497.0 ship 0
1187.0 500.0 1224.0 500.0 1224.0 515.0 1187.0 515.0 ship 0
847.0 113.0 864.0 113.0 864.0 131.0 847.0 131.0 small-vehicle 1
1188.0 521.0 1228.0 521.0 1228.0 536.0 1188.0 536.0 ship 0
260.0 579.0 306.0 579.0 306.0 593.0 260.0 593.0 ship 0
263.0 658.0 308.0 658.0 308.0 673.0 263.0 673.0 ship 0
264.0 700.0 334.0 700.0 334.0 721.0 264.0 721.0 ship 0
259.0 780.0 334.0 780.0 334.0 804.0 259.0 804.0 ship 0
264.0 837.0 333.0 837.0 333.0 858.0 264.0 858.0 ship 0
592.0 862.0 632.0 862.0 632.0 890.0 592.0 890.0 ship 0
540.0 671.0 614.0 671.0 614.0 702.0 540.0 702.0 ship 0
583.0 652.0 618.0 652.0 618.0 666.0 583.0 666.0 ship 0
580.0 638.0 611.0 638.0 611.0 650.0 580.0 650.0 ship 0
577.0 612.0 610.0 612.0 610.0 628.0 577.0 628.0 ship 0
578.0 594.0 611.0 594.0 611.0 608.0 578.0 608.0 ship 0
529.0 599.0 565.0 599.0 565.0 616.0 529.0 616.0 ship 0
573.0 521.0 603.0 521.0 603.0 536.0 573.0 536.0 ship 0
571.0 460.0 603.0 460.0 603.0 474.0 571.0 474.0 ship 0
563.0 444.0 601.0 444.0 601.0 460.0 563.0 460.0 ship 0
262.0 533.0 304.0 533.0 304.0 549.0 262.0 549.0 ship 0
266.0 465.0 305.0 465.0 305.0 482.0 266.0 482.0 ship 0
1778.0 763.0 1801.0 763.0 1801.0 803.0 1778.0 803.0 swimming-pool 0
1065.0 756.0 1261.0 756.0 1261.0 1074.0 1065.0 1074.0 harbor 0
248.0 457.0 307.0 457.0 307.0 698.0 248.0 698.0 harbor 0
247.0 698.0 334.0 698.0 334.0 1136.0 247.0 1136.0 harbor 0
458.0 929.0 644.0 929.0 644.0 1270.0 458.0 1270.0 harbor 0
593.0 840.0 771.0 840.0 771.0 1220.0 593.0 1220.0 harbor 0
734.0 818.0 924.0 818.0 924.0 1180.0 734.0 1180.0 harbor 0
892.0 790.0 1073.0 790.0 1073.0 1129.0 892.0 1129.0 harbor 0
1267.0 721.0 1455.0 721.0 1455.0 1016.0 1267.0 1016.0 harbor 0
511.0 332.0 617.0 332.0 617.0 677.0 511.0 677.0 harbor 0
1103.0 278.0 1242.0 278.0 1242.0 619.0 1103.0 619.0 harbor 0
1303.0 285.0 1441.0 285.0 1441.0 594.0 1303.0 594.0 harbor 0
1485.0 269.0 1624.0 269.0 1624.0 761.0 1485.0 761.0 harbor 0
926.0 299.0 1052.0 299.0 1052.0 644.0 926.0 644.0 harbor 0
780.0 314.0 888.0 314.0 888.0 665.0 780.0 665.0 harbor 0
647.0 323.0 752.0 323.0 752.0 678.0 647.0 678.0 harbor 0
563.0 427.0 596.0 427.0 596.0 440.0 563.0 440.0 ship 0
387.0 578.0 428.0 578.0 428.0 595.0 387.0 595.0 ship 0
439.0 521.0 470.0 521.0 470.0 535.0 439.0 535.0 ship 0
1000.0 545.0 1040.0 545.0 1040.0 562.0 1000.0 562.0 ship 0
976.0 302.0 1004.0 302.0 1004.0 316.0 976.0 316.0 ship 0
977.0 317.0 1024.0 317.0 1024.0 337.0 977.0 337.0 ship 0
988.0 363.0 1023.0 363.0 1023.0 381.0 988.0 381.0 ship 0
986.0 456.0 1031.0 456.0 1031.0 476.0 986.0 476.0 ship 0
995.0 525.0 1032.0 525.0 1032.0 540.0 995.0 540.0 ship 0
941.0 522.0 979.0 522.0 979.0 540.0 941.0 540.0 ship 0
994.0 567.0 1046.0 567.0 1046.0 589.0 994.0 589.0 ship 0
830.0 393.0 868.0 393.0 868.0 411.0 830.0 411.0 ship 0
945.0 561.0 980.0 561.0 980.0 579.0 945.0 579.0 ship 0
949.0 601.0 985.0 601.0 985.0 617.0 949.0 617.0 ship 0
1004.0 612.0 1047.0 612.0 1047.0 632.0 1004.0 632.0 ship 0
963.0 636.0 1031.0 636.0 1031.0 659.0 963.0 659.0 ship 0
1183.0 610.0 1232.0 610.0 1232.0 643.0 1183.0 643.0 ship 0
1188.0 586.0 1234.0 586.0 1234.0 605.0 1188.0 605.0 ship 0
825.0 330.0 847.0 330.0 847.0 341.0 825.0 341.0 ship 0
831.0 416.0 870.0 416.0 870.0 432.0 831.0 432.0 ship 0
435.0 502.0 470.0 502.0 470.0 517.0 435.0 517.0 ship 0
666.0 593.0 698.0 593.0 698.0 607.0 666.0 607.0 ship 0
429.0 483.0 466.0 483.0 466.0 500.0 429.0 500.0 ship 0
420.0 348.0 447.0 348.0 447.0 362.0 420.0 362.0 ship 0
425.0 383.0 461.0 383.0 461.0 397.0 425.0 397.0 ship 0
646.0 364.0 682.0 364.0 682.0 381.0 646.0 381.0 ship 0
701.0 435.0 732.0 435.0 732.0 450.0 701.0 450.0 ship 0
705.0 477.0 736.0 477.0 736.0 490.0 705.0 490.0 ship 0
674.0 669.0 740.0 669.0 740.0 693.0 674.0 693.0 ship 0
835.0 478.0 874.0 478.0 874.0 494.0 835.0 494.0 ship 0
808.0 656.0 877.0 656.0 877.0 680.0 808.0 680.0 ship 0
848.0 616.0 885.0 616.0 885.0 632.0 848.0 632.0 ship 0
849.0 580.0 883.0 580.0 883.0 594.0 849.0 594.0 ship 0
841.0 557.0 881.0 557.0 881.0 572.0 841.0 572.0 ship 0
843.0 540.0 879.0 540.0 879.0 554.0 843.0 554.0 ship 0
833.0 495.0 882.0 495.0 882.0 515.0 833.0 515.0 ship 0
583.0 217.0 604.0 217.0 604.0 239.0 583.0 239.0 small-vehicle 1
630.0 210.0 652.0 210.0 652.0 235.0 630.0 235.0 small-vehicle 0
668.0 207.0 690.0 207.0 690.0 234.0 668.0 234.0 small-vehicle 0
705.0 205.0 726.0 205.0 726.0 230.0 705.0 230.0 small-vehicle 0
1814.0 215.0 1826.0 215.0 1826.0 236.0 1814.0 236.0 small-vehicle 1
1799.0 221.0 1814.0 221.0 1814.0 244.0 1799.0 244.0 small-vehicle 1
1788.0 219.0 1803.0 219.0 1803.0 241.0 1788.0 241.0 small-vehicle 1
1796.0 201.0 1810.0 201.0 1810.0 220.0 1796.0 220.0 small-vehicle 1
1783.0 202.0 1799.0 202.0 1799.0 224.0 1783.0 224.0 small-vehicle 1
1789.0 261.0 1810.0 261.0 1810.0 285.0 1789.0 285.0 small-vehicle 1
1813.0 253.0 1834.0 253.0 1834.0 277.0 1813.0 277.0 small-vehicle 1
1805.0 258.0 1823.0 258.0 1823.0 280.0 1805.0 280.0 small-vehicle 1
1840.0 257.0 1860.0 257.0 1860.0 278.0 1840.0 278.0 small-vehicle 1
1843.0 276.0 1861.0 276.0 1861.0 297.0 1843.0 297.0 small-vehicle 1
1830.0 276.0 1851.0 276.0 1851.0 300.0 1830.0 300.0 small-vehicle 1
1805.0 280.0 1825.0 280.0 1825.0 302.0 1805.0 302.0 small-vehicle 1
1794.0 285.0 1812.0 285.0 1812.0 305.0 1794.0 305.0 small-vehicle 1
1838.0 325.0 1854.0 325.0 1854.0 347.0 1838.0 347.0 small-vehicle 0
1829.0 320.0 1842.0 320.0 1842.0 342.0 1829.0 342.0 small-vehicle 1
1825.0 215.0 1836.0 215.0 1836.0 234.0 1825.0 234.0 small-vehicle 1
1641.0 196.0 1659.0 196.0 1659.0 219.0 1641.0 219.0 small-vehicle 1
1655.0 197.0 1671.0 197.0 1671.0 219.0 1655.0 219.0 small-vehicle 1
1669.0 123.0 1690.0 123.0 1690.0 144.0 1669.0 144.0 small-vehicle 1
1803.0 153.0 1822.0 153.0 1822.0 179.0 1803.0 179.0 small-vehicle 1
1786.0 153.0 1806.0 153.0 1806.0 175.0 1786.0 175.0 small-vehicle 0
1776.0 157.0 1793.0 157.0 1793.0 178.0 1776.0 178.0 small-vehicle 1
1708.0 119.0 1726.0 119.0 1726.0 137.0 1708.0 137.0 small-vehicle 1
1694.0 121.0 1715.0 121.0 1715.0 141.0 1694.0 141.0 small-vehicle 0
1683.0 120.0 1704.0 120.0 1704.0 144.0 1683.0 144.0 small-vehicle 1
1698.0 139.0 1718.0 139.0 1718.0 160.0 1698.0 160.0 small-vehicle 1
1670.0 191.0 1683.0 191.0 1683.0 212.0 1670.0 212.0 small-vehicle 1
1685.0 140.0 1706.0 140.0 1706.0 162.0 1685.0 162.0 small-vehicle 1
1664.0 146.0 1682.0 146.0 1682.0 169.0 1664.0 169.0 small-vehicle 1
1650.0 148.0 1669.0 148.0 1669.0 168.0 1650.0 168.0 small-vehicle 1
1622.0 153.0 1645.0 153.0 1645.0 175.0 1622.0 175.0 small-vehicle 1
1693.0 191.0 1709.0 191.0 1709.0 214.0 1693.0 214.0 small-vehicle 1
1681.0 189.0 1696.0 189.0 1696.0 212.0 1681.0 212.0 small-vehicle 1
1805.0 329.0 1819.0 329.0 1819.0 354.0 1805.0 354.0 small-vehicle 1
1845.0 342.0 1857.0 342.0 1857.0 365.0 1845.0 365.0 small-vehicle 1
1831.0 348.0 1843.0 348.0 1843.0 366.0 1831.0 366.0 small-vehicle 1
1784.0 1387.0 1813.0 1387.0 1813.0 1408.0 1784.0 1408.0 ship 0
1589.0 1189.0 1611.0 1189.0 1611.0 1210.0 1589.0 1210.0 ship 0
1785.0 1215.0 1825.0 1215.0 1825.0 1265.0 1785.0 1265.0 ship 0
1807.0 1342.0 1842.0 1342.0 1842.0 1357.0 1807.0 1357.0 ship 0
1797.0 1354.0 1829.0 1354.0 1829.0 1368.0 1797.0 1368.0 ship 0
1800.0 1365.0 1825.0 1365.0 1825.0 1379.0 1800.0 1379.0 ship 0
1791.0 1375.0 1820.0 1375.0 1820.0 1390.0 1791.0 1390.0 ship 0
418.0 39.0 432.0 39.0 432.0 59.0 418.0 59.0 small-vehicle 1
1561.0 1216.0 1576.0 1216.0 1576.0 1237.0 1561.0 1237.0 ship 0
410.0 92.0 423.0 92.0 423.0 113.0 410.0 113.0 small-vehicle 1
420.0 92.0 430.0 92.0 430.0 111.0 420.0 111.0 small-vehicle 1
765.0 120.0 784.0 120.0 784.0 138.0 765.0 138.0 small-vehicle 1
819.0 114.0 840.0 114.0 840.0 133.0 819.0 133.0 small-vehicle 1
829.0 110.0 849.0 110.0 849.0 132.0 829.0 132.0 small-vehicle 1
867.0 107.0 885.0 107.0 885.0 127.0 867.0 127.0 small-vehicle 1
1551.0 1222.0 1571.0 1222.0 1571.0 1245.0 1551.0 1245.0 ship 0
1642.0 1198.0 1678.0 1198.0 1678.0 1212.0 1642.0 1212.0 ship 0
1818.0 443.0 1834.0 443.0 1834.0 468.0 1818.0 468.0 small-vehicle 1
1758.0 428.0 1770.0 428.0 1770.0 449.0 1758.0 449.0 small-vehicle 1
1851.0 490.0 1862.0 490.0 1862.0 513.0 1851.0 513.0 small-vehicle 1
1762.0 448.0 1776.0 448.0 1776.0 469.0 1762.0 469.0 small-vehicle 1
1750.0 451.0 1765.0 451.0 1765.0 471.0 1750.0 471.0 small-vehicle 1
1734.0 453.0 1750.0 453.0 1750.0 480.0 1734.0 480.0 small-vehicle 0
1720.0 457.0 1735.0 457.0 1735.0 479.0 1720.0 479.0 small-vehicle 1
1710.0 453.0 1726.0 453.0 1726.0 480.0 1710.0 480.0 small-vehicle 1
1744.0 432.0 1758.0 432.0 1758.0 455.0 1744.0 455.0 small-vehicle 1
1713.0 1159.0 1737.0 1159.0 1737.0 1190.0 1713.0 1190.0 ship 0
1729.0 433.0 1747.0 433.0 1747.0 456.0 1729.0 456.0 small-vehicle 1
1719.0 436.0 1733.0 436.0 1733.0 456.0 1719.0 456.0 small-vehicle 1
1705.0 434.0 1722.0 434.0 1722.0 461.0 1705.0 461.0 small-vehicle 1
1693.0 438.0 1710.0 438.0 1710.0 461.0 1693.0 461.0 small-vehicle 1
1696.0 506.0 1716.0 506.0 1716.0 530.0 1696.0 530.0 small-vehicle 1
1660.0 1033.0 1683.0 1033.0 1683.0 1050.0 1660.0 1050.0 small-vehicle 0
1772.0 134.0 1792.0 134.0 1792.0 156.0 1772.0 156.0 small-vehicle 1
1798.0 132.0 1818.0 132.0 1818.0 156.0 1798.0 156.0 small-vehicle 1
1808.0 83.0 1824.0 83.0 1824.0 104.0 1808.0 104.0 small-vehicle 1
37.0 1048.0 58.0 1048.0 58.0 1068.0 37.0 1068.0 small-vehicle 0
130.0 891.0 153.0 891.0 153.0 910.0 130.0 910.0 small-vehicle 1
133.0 916.0 152.0 916.0 152.0 934.0 133.0 934.0 small-vehicle 1
132.0 977.0 151.0 977.0 151.0 996.0 132.0 996.0 small-vehicle 1
127.0 1041.0 150.0 1041.0 150.0 1060.0 127.0 1060.0 small-vehicle 1
123.0 1076.0 152.0 1076.0 152.0 1098.0 123.0 1098.0 small-vehicle 1
123.0 1092.0 148.0 1092.0 148.0 1109.0 123.0 1109.0 large-vehicle 0
4.0 1003.0 23.0 1003.0 23.0 1026.0 4.0 1026.0 small-vehicle 1
127.0 861.0 153.0 861.0 153.0 881.0 127.0 881.0 small-vehicle 1
37.0 1208.0 56.0 1208.0 56.0 1222.0 37.0 1222.0 small-vehicle 1
39.0 1218.0 60.0 1218.0 60.0 1234.0 39.0 1234.0 small-vehicle 1
37.0 1278.0 61.0 1278.0 61.0 1298.0 37.0 1298.0 small-vehicle 1
36.0 1304.0 57.0 1304.0 57.0 1323.0 36.0 1323.0 small-vehicle 1
35.0 1343.0 60.0 1343.0 60.0 1362.0 35.0 1362.0 small-vehicle 1
17.0 1353.0 26.0 1353.0 26.0 1375.0 17.0 1375.0 small-vehicle 1
131.0 881.0 152.0 881.0 152.0 895.0 131.0 895.0 small-vehicle 1
33.0 667.0 49.0 667.0 49.0 691.0 33.0 691.0 small-vehicle 1
917.0 110.0 937.0 110.0 937.0 126.0 917.0 126.0 small-vehicle 0
59.0 552.0 81.0 552.0 81.0 568.0 59.0 568.0 small-vehicle 1
733.0 204.0 753.0 204.0 753.0 227.0 733.0 227.0 small-vehicle 1
742.0 200.0 765.0 200.0 765.0 226.0 742.0 226.0 small-vehicle 1
829.0 196.0 852.0 196.0 852.0 217.0 829.0 217.0 small-vehicle 0
54.0 437.0 74.0 437.0 74.0 454.0 54.0 454.0 small-vehicle 1
66.0 499.0 81.0 499.0 81.0 520.0 66.0 520.0 small-vehicle 1
131.0 527.0 153.0 527.0 153.0 546.0 131.0 546.0 small-vehicle 1
60.0 629.0 82.0 629.0 82.0 647.0 60.0 647.0 large-vehicle 0
7.0 619.0 29.0 619.0 29.0 643.0 7.0 643.0 small-vehicle 1
95.0 657.0 113.0 657.0 113.0 678.0 95.0 678.0 small-vehicle 0
133.0 618.0 154.0 618.0 154.0 633.0 133.0 633.0 small-vehicle 1
128.0 667.0 152.0 667.0 152.0 687.0 128.0 687.0 large-vehicle 0
128.0 680.0 151.0 680.0 151.0 700.0 128.0 700.0 large-vehicle 0
129.0 695.0 151.0 695.0 151.0 712.0 129.0 712.0 small-vehicle 1
129.0 709.0 152.0 709.0 152.0 724.0 129.0 724.0 small-vehicle 1
943.0 105.0 965.0 105.0 965.0 126.0 943.0 126.0 small-vehicle 0
899.0 105.0 919.0 105.0 919.0 124.0 899.0 124.0 small-vehicle 1
1781.0 87.0 1796.0 87.0 1796.0 107.0 1781.0 107.0 small-vehicle 1
1209.0 166.0 1228.0 166.0 1228.0 189.0 1209.0 189.0 small-vehicle 1
1015.0 132.0 1036.0 132.0 1036.0 142.0 1015.0 142.0 small-vehicle 1
1310.0 157.0 1327.0 157.0 1327.0 181.0 1310.0 181.0 small-vehicle 1
1259.0 169.0 1282.0 169.0 1282.0 178.0 1259.0 178.0 small-vehicle 0
1235.0 167.0 1253.0 167.0 1253.0 188.0 1235.0 188.0 small-vehicle 1
1246.0 162.0 1262.0 162.0 1262.0 183.0 1246.0 183.0 small-vehicle 1
1222.0 163.0 1240.0 163.0 1240.0 186.0 1222.0 186.0 small-vehicle 1
1167.0 85.0 1180.0 85.0 1180.0 106.0 1167.0 106.0 small-vehicle 1
1443.0 1101.0 1465.0 1101.0 1465.0 1121.0 1443.0 1121.0 small-vehicle 1
1146.0 81.0 1157.0 81.0 1157.0 104.0 1146.0 104.0 small-vehicle 1
1134.0 91.0 1145.0 91.0 1145.0 114.0 1134.0 114.0 small-vehicle 1
1081.0 92.0 1094.0 92.0 1094.0 114.0 1081.0 114.0 small-vehicle 1
1233.0 73.0 1273.0 73.0 1273.0 93.0 1233.0 93.0 large-vehicle 0
1462.0 76.0 1484.0 76.0 1484.0 99.0 1462.0 99.0 small-vehicle 1
1528.0 93.0 1548.0 93.0 1548.0 114.0 1528.0 114.0 small-vehicle 1
1095.0 172.0 1117.0 172.0 1117.0 197.0 1095.0 197.0 small-vehicle 1
1332.0 1137.0 1354.0 1137.0 1354.0 1158.0 1332.0 1158.0 small-vehicle 1
1002.0 180.0 1021.0 180.0 1021.0 204.0 1002.0 204.0 small-vehicle 0
1100.0 1215.0 1124.0 1215.0 1124.0 1235.0 1100.0 1235.0 small-vehicle 0
1029.0 183.0 1050.0 183.0 1050.0 202.0 1029.0 202.0 small-vehicle 0
1066.0 178.0 1087.0 178.0 1087.0 200.0 1066.0 200.0 small-vehicle 1
782.0 1312.0 806.0 1312.0 806.0 1329.0 782.0 1329.0 small-vehicle 1
809.0 1302.0 829.0 1302.0 829.0 1322.0 809.0 1322.0 small-vehicle 1
839.0 1293.0 861.0 1293.0 861.0 1310.0 839.0 1310.0 small-vehicle 1
952.0 1256.0 976.0 1256.0 976.0 1277.0 952.0 1277.0 small-vehicle 1
977.0 1332.0 998.0 1332.0 998.0 1348.0 977.0 1348.0 small-vehicle 1
884.0 1393.0 902.0 1393.0 902.0 1416.0 884.0 1416.0 small-vehicle 1
997.0 1331.0 1016.0 1331.0 1016.0 1344.0 997.0 1344.0 small-vehicle 1
1022.0 1319.0 1042.0 1319.0 1042.0 1336.0 1022.0 1336.0 small-vehicle 1
1051.0 1308.0 1073.0 1308.0 1073.0 1326.0 1051.0 1326.0 small-vehicle 1
1099.0 1297.0 1119.0 1297.0 1119.0 1315.0 1099.0 1315.0 small-vehicle 1
910.0 1354.0 929.0 1354.0 929.0 1375.0 910.0 1375.0 small-vehicle 1
895.0 1376.0 914.0 1376.0 914.0 1397.0 895.0 1397.0 small-vehicle 0
368.0 343.0 484.0 343.0 484.0 684.0 368.0 684.0 harbor 0
