imagesource:GoogleEarth
gsd:0.527797824636
1089.0 542.0 1097.0 542.0 1097.0 548.0 1089.0 548.0 small-vehicle 1
1096.0 656.0 1107.0 656.0 1107.0 662.0 1096.0 662.0 small-vehicle 1
390.0 349.0 681.0 349.0 681.0 390.0 390.0 390.0 ship 0
722.0 254.0 1014.0 254.0 1014.0 297.0 722.0 297.0 ship 0
300.0 620.0 591.0 620.0 591.0 664.0 300.0 664.0 ship 0
728.0 617.0 1019.0 617.0 1019.0 659.0 728.0 659.0 ship 0
237.0 295.0 1042.0 295.0 1042.0 349.0 237.0 349.0 harbor 0
238.0 570.0 1045.0 570.0 1045.0 624.0 238.0 624.0 harbor 0
330.0 995.0 1058.0 995.0 1058.0 1053.0 330.0 1053.0 harbor 0
1089.0 376.0 1099.0 376.0 1099.0 380.0 1089.0 380.0 small-vehicle 1
1088.0 392.0 1101.0 392.0 1101.0 397.0 1088.0 397.0 small-vehicle 1
1089.0 400.0 1101.0 400.0 1101.0 404.0 1089.0 404.0 small-vehicle 1
1088.0 406.0 1099.0 406.0 1099.0 411.0 1088.0 411.0 small-vehicle 1
1086.0 429.0 1096.0 429.0 1096.0 434.0 1086.0 434.0 small-vehicle 1
1088.0 456.0 1096.0 456.0 1096.0 460.0 1088.0 460.0 small-vehicle 1
1095.0 650.0 1105.0 650.0 1105.0 655.0 1095.0 655.0 small-vehicle 1
1097.0 663.0 1107.0 663.0 1107.0 667.0 1097.0 667.0 small-vehicle 1
1090.0 528.0 1096.0 528.0 1096.0 533.0 1090.0 533.0 small-vehicle 1
609.0 553.0 661.0 553.0 661.0 567.0 609.0 567.0 ship 0
799.0 530.0 868.0 530.0 868.0 566.0 799.0 566.0 ship 0
591.0 980.0 761.0 980.0 761.0 1001.0 591.0 1001.0 ship 1
1086.0 337.0 1098.0 337.0 1098.0 343.0 1086.0 343.0 small-vehicle 1
1086.0 345.0 1096.0 345.0 1096.0 353.0 1086.0 353.0 small-vehicle 1
1074.0 368.0 1085.0 368.0 1085.0 375.0 1074.0 375.0 small-vehicle 1
1075.0 379.0 1082.0 379.0 1082.0 384.0 1075.0 384.0 small-vehicle 1
1075.0 383.0 1084.0 383.0 1084.0 389.0 1075.0 389.0 small-vehicle 1
1076.0 389.0 1083.0 389.0 1083.0 394.0 1076.0 394.0 small-vehicle 1
1074.0 400.0 1082.0 400.0 1082.0 405.0 1074.0 405.0 small-vehicle 1
1074.0 410.0 1084.0 410.0 1084.0 416.0 1074.0 416.0 small-vehicle 1
1089.0 501.0 1097.0 501.0 1097.0 508.0 1089.0 508.0 small-vehicle 1
1088.0 517.0 1099.0 517.0 1099.0 523.0 1088.0 523.0 small-vehicle 1
1075.0 514.0 1085.0 514.0 1085.0 519.0 1075.0 519.0 small-vehicle 1
274.0 260.0 572.0 260.0 572.0 302.0 274.0 302.0 ship 0
