imagesource:GoogleEarth
gsd:0.512492179016
266.0 1.0 575.0 1.0 575.0 95.0 266.0 95.0 ship 0
1076.0 325.0 1086.0 325.0 1086.0 332.0 1076.0 332.0 small-vehicle 1
1116.0 310.0 1120.0 310.0 1120.0 319.0 1116.0 319.0 small-vehicle 1
1106.0 312.0 1114.0 312.0 1114.0 316.0 1106.0 316.0 small-vehicle 1
1080.0 316.0 1089.0 316.0 1089.0 322.0 1080.0 322.0 small-vehicle 1
1015.0 278.0 1027.0 278.0 1027.0 285.0 1015.0 285.0 small-vehicle 1
1007.0 316.0 1017.0 316.0 1017.0 323.0 1007.0 323.0 small-vehicle 1
1031.0 323.0 1042.0 323.0 1042.0 331.0 1031.0 331.0 small-vehicle 1
1105.0 317.0 1114.0 317.0 1114.0 321.0 1105.0 321.0 small-vehicle 1
1117.0 256.0 1126.0 256.0 1126.0 260.0 1117.0 260.0 small-vehicle 1
1114.0 321.0 1118.0 321.0 1118.0 333.0 1114.0 333.0 small-vehicle 1
1111.0 337.0 1116.0 337.0 1116.0 346.0 1111.0 346.0 small-vehicle 1
1103.0 322.0 1112.0 322.0 1112.0 327.0 1103.0 327.0 small-vehicle 1
1101.0 327.0 1112.0 327.0 1112.0 332.0 1101.0 332.0 small-vehicle 1
1098.0 337.0 1108.0 337.0 1108.0 342.0 1098.0 342.0 small-vehicle 1
1098.0 342.0 1108.0 342.0 1108.0 347.0 1098.0 347.0 small-vehicle 1
1106.0 307.0 1115.0 307.0 1115.0 312.0 1106.0 312.0 small-vehicle 1
1107.0 300.0 1116.0 300.0 1116.0 305.0 1107.0 305.0 small-vehicle 1
1082.0 302.0 1093.0 302.0 1093.0 307.0 1082.0 307.0 small-vehicle 1
1084.0 292.0 1095.0 292.0 1095.0 296.0 1084.0 296.0 small-vehicle 1
1084.0 296.0 1093.0 296.0 1093.0 301.0 1084.0 301.0 small-vehicle 1
1084.0 289.0 1096.0 289.0 1096.0 293.0 1084.0 293.0 small-vehicle 1
1124.0 273.0 1128.0 273.0 1128.0 286.0 1124.0 286.0 small-vehicle 1
1114.0 273.0 1123.0 273.0 1123.0 280.0 1114.0 280.0 small-vehicle 1
1071.0 281.0 1076.0 281.0 1076.0 291.0 1071.0 291.0 small-vehicle 1
1075.0 266.0 1079.0 266.0 1079.0 278.0 1075.0 278.0 small-vehicle 1
1086.0 279.0 1097.0 279.0 1097.0 284.0 1086.0 284.0 small-vehicle 1
1089.0 275.0 1098.0 275.0 1098.0 278.0 1089.0 278.0 small-vehicle 1
1089.0 269.0 1098.0 269.0 1098.0 274.0 1089.0 274.0 small-vehicle 1
1090.0 264.0 1100.0 264.0 1100.0 268.0 1090.0 268.0 small-vehicle 1
1093.0 259.0 1101.0 259.0 1101.0 264.0 1093.0 264.0 small-vehicle 1
1095.0 254.0 1103.0 254.0 1103.0 258.0 1095.0 258.0 small-vehicle 1
1117.0 260.0 1125.0 260.0 1125.0 263.0 1117.0 263.0 small-vehicle 1
1108.0 347.0 1113.0 347.0 1113.0 360.0 1108.0 360.0 small-vehicle 1
1075.0 332.0 1087.0 332.0 1087.0 337.0 1075.0 337.0 small-vehicle 1
1074.0 337.0 1085.0 337.0 1085.0 342.0 1074.0 342.0 small-vehicle 1
986.0 415.0 996.0 415.0 996.0 419.0 986.0 419.0 small-vehicle 1
1095.0 358.0 1103.0 358.0 1103.0 363.0 1095.0 363.0 small-vehicle 1
1095.0 354.0 1104.0 354.0 1104.0 358.0 1095.0 358.0 small-vehicle 1
1003.0 447.0 1012.0 447.0 1012.0 452.0 1003.0 452.0 small-vehicle 1
1004.0 442.0 1015.0 442.0 1015.0 448.0 1004.0 448.0 small-vehicle 1
1008.0 432.0 1018.0 432.0 1018.0 436.0 1008.0 436.0 small-vehicle 1
1006.0 435.0 1016.0 435.0 1016.0 442.0 1006.0 442.0 small-vehicle 1
1010.0 426.0 1019.0 426.0 1019.0 431.0 1010.0 431.0 small-vehicle 1
1011.0 421.0 1020.0 421.0 1020.0 425.0 1011.0 425.0 small-vehicle 1
1011.0 414.0 1020.0 414.0 1020.0 420.0 1011.0 420.0 small-vehicle 1
1013.0 408.0 1022.0 408.0 1022.0 416.0 1013.0 416.0 small-vehicle 1
1015.0 400.0 1025.0 400.0 1025.0 405.0 1015.0 405.0 small-vehicle 1
1014.0 404.0 1024.0 404.0 1024.0 411.0 1014.0 411.0 small-vehicle 1
984.0 432.0 992.0 432.0 992.0 436.0 984.0 436.0 small-vehicle 1
984.0 420.0 996.0 420.0 996.0 425.0 984.0 425.0 small-vehicle 1
987.0 408.0 998.0 408.0 998.0 415.0 987.0 415.0 small-vehicle 1
1094.0 364.0 1104.0 364.0 1104.0 369.0 1094.0 369.0 small-vehicle 1
1016.0 389.0 1025.0 389.0 1025.0 395.0 1016.0 395.0 small-vehicle 1
1015.0 395.0 1026.0 395.0 1026.0 401.0 1015.0 401.0 small-vehicle 1
990.0 401.0 1000.0 401.0 1000.0 406.0 990.0 406.0 small-vehicle 1
992.0 388.0 1004.0 388.0 1004.0 395.0 992.0 395.0 small-vehicle 1
1018.0 384.0 1027.0 384.0 1027.0 391.0 1018.0 391.0 small-vehicle 1
994.0 379.0 1004.0 379.0 1004.0 385.0 994.0 385.0 small-vehicle 1
1021.0 374.0 1029.0 374.0 1029.0 378.0 1021.0 378.0 small-vehicle 1
1022.0 364.0 1031.0 364.0 1031.0 371.0 1022.0 371.0 small-vehicle 1
996.0 368.0 1006.0 368.0 1006.0 374.0 996.0 374.0 small-vehicle 1
999.0 357.0 1010.0 357.0 1010.0 363.0 999.0 363.0 small-vehicle 1
1024.0 353.0 1035.0 353.0 1035.0 360.0 1024.0 360.0 small-vehicle 1
1026.0 349.0 1035.0 349.0 1035.0 354.0 1026.0 354.0 small-vehicle 1
1028.0 344.0 1036.0 344.0 1036.0 349.0 1028.0 349.0 small-vehicle 1
1002.0 337.0 1013.0 337.0 1013.0 343.0 1002.0 343.0 small-vehicle 1
1116.0 263.0 1125.0 263.0 1125.0 269.0 1116.0 269.0 small-vehicle 1
1118.0 250.0 1127.0 250.0 1127.0 255.0 1118.0 255.0 small-vehicle 1
1056.0 422.0 1064.0 422.0 1064.0 431.0 1056.0 431.0 small-vehicle 1
1121.0 45.0 1127.0 45.0 1127.0 54.0 1121.0 54.0 small-vehicle 1
1047.0 131.0 1056.0 131.0 1056.0 135.0 1047.0 135.0 small-vehicle 1
1072.0 139.0 1081.0 139.0 1081.0 143.0 1072.0 143.0 small-vehicle 1
1046.0 143.0 1055.0 143.0 1055.0 146.0 1046.0 146.0 small-vehicle 1
1069.0 150.0 1078.0 150.0 1078.0 155.0 1069.0 155.0 small-vehicle 1
1068.0 162.0 1077.0 162.0 1077.0 166.0 1068.0 166.0 small-vehicle 1
1124.0 31.0 1130.0 31.0 1130.0 42.0 1124.0 42.0 small-vehicle 1
1137.0 45.0 1146.0 45.0 1146.0 50.0 1137.0 50.0 small-vehicle 1
1119.0 246.0 1128.0 246.0 1128.0 251.0 1119.0 251.0 small-vehicle 1
1137.0 50.0 1146.0 50.0 1146.0 54.0 1137.0 54.0 small-vehicle 1
1137.0 55.0 1146.0 55.0 1146.0 58.0 1137.0 58.0 small-vehicle 1
1135.0 59.0 1145.0 59.0 1145.0 63.0 1135.0 63.0 small-vehicle 1
1119.0 58.0 1123.0 58.0 1123.0 67.0 1119.0 67.0 small-vehicle 1
1132.0 68.0 1142.0 68.0 1142.0 73.0 1132.0 73.0 small-vehicle 1
1116.0 72.0 1121.0 72.0 1121.0 82.0 1116.0 82.0 small-vehicle 1
1057.0 94.0 1066.0 94.0 1066.0 100.0 1057.0 100.0 small-vehicle 1
1082.0 94.0 1091.0 94.0 1091.0 98.0 1082.0 98.0 small-vehicle 1
1082.0 87.0 1094.0 87.0 1094.0 93.0 1082.0 93.0 small-vehicle 1
1086.0 72.0 1096.0 72.0 1096.0 76.0 1086.0 76.0 small-vehicle 1
1087.0 66.0 1097.0 66.0 1097.0 72.0 1087.0 72.0 small-vehicle 1
1088.0 61.0 1098.0 61.0 1098.0 66.0 1088.0 66.0 small-vehicle 1
1094.0 40.0 1104.0 40.0 1104.0 46.0 1094.0 46.0 small-vehicle 1
1099.0 15.0 1109.0 15.0 1109.0 22.0 1099.0 22.0 small-vehicle 1
955.0 185.0 965.0 185.0 965.0 201.0 955.0 201.0 ship 1
963.0 186.0 972.0 186.0 972.0 205.0 963.0 205.0 ship 1
970.0 188.0 978.0 188.0 978.0 205.0 970.0 205.0 ship 1
977.0 188.0 986.0 188.0 986.0 206.0 977.0 206.0 ship 1
494.0 303.0 946.0 303.0 946.0 461.0 494.0 461.0 ship 0
865.0 240.0 978.0 240.0 978.0 305.0 865.0 305.0 ship 0
157.0 307.0 972.0 307.0 972.0 626.0 157.0 626.0 harbor 0
229.0 27.0 1033.0 27.0 1033.0 265.0 229.0 265.0 harbor 0
490.0 538.0 898.0 538.0 898.0 683.0 490.0 683.0 ship 0
1108.0 106.0 1114.0 106.0 1114.0 115.0 1108.0 115.0 small-vehicle 1
1119.0 131.0 1129.0 131.0 1129.0 136.0 1119.0 136.0 small-vehicle 1
1104.0 130.0 1108.0 130.0 1108.0 141.0 1104.0 141.0 small-vehicle 1
1102.0 211.0 1111.0 211.0 1111.0 217.0 1102.0 217.0 small-vehicle 1
1127.0 258.0 1133.0 258.0 1133.0 268.0 1127.0 268.0 small-vehicle 1
1130.0 247.0 1135.0 247.0 1135.0 257.0 1130.0 257.0 small-vehicle 1
1132.0 232.0 1137.0 232.0 1137.0 243.0 1132.0 243.0 small-vehicle 1
1076.0 254.0 1082.0 254.0 1082.0 264.0 1076.0 264.0 small-vehicle 1
1079.0 239.0 1085.0 239.0 1085.0 247.0 1079.0 247.0 small-vehicle 1
1082.0 225.0 1088.0 225.0 1088.0 235.0 1082.0 235.0 small-vehicle 1
1096.0 243.0 1107.0 243.0 1107.0 248.0 1096.0 248.0 small-vehicle 1
1098.0 237.0 1106.0 237.0 1106.0 242.0 1098.0 242.0 small-vehicle 1
1096.0 232.0 1108.0 232.0 1108.0 237.0 1096.0 237.0 small-vehicle 1
1100.0 227.0 1108.0 227.0 1108.0 231.0 1100.0 231.0 small-vehicle 1
1121.0 233.0 1131.0 233.0 1131.0 238.0 1121.0 238.0 small-vehicle 1
1122.0 227.0 1131.0 227.0 1131.0 232.0 1122.0 232.0 small-vehicle 1
1123.0 223.0 1132.0 223.0 1132.0 228.0 1123.0 228.0 small-vehicle 1
1100.0 222.0 1109.0 222.0 1109.0 226.0 1100.0 226.0 small-vehicle 1
1102.0 206.0 1112.0 206.0 1112.0 210.0 1102.0 210.0 small-vehicle 1
1117.0 142.0 1126.0 142.0 1126.0 148.0 1117.0 148.0 small-vehicle 1
1106.0 194.0 1116.0 194.0 1116.0 199.0 1106.0 199.0 small-vehicle 1
1124.0 216.0 1135.0 216.0 1135.0 223.0 1124.0 223.0 small-vehicle 1
1137.0 209.0 1142.0 209.0 1142.0 218.0 1137.0 218.0 small-vehicle 1
1129.0 199.0 1139.0 199.0 1139.0 204.0 1129.0 204.0 small-vehicle 1
1129.0 193.0 1139.0 193.0 1139.0 198.0 1129.0 198.0 small-vehicle 1
1140.0 196.0 1145.0 196.0 1145.0 209.0 1140.0 209.0 small-vehicle 1
1146.0 167.0 1152.0 167.0 1152.0 179.0 1146.0 179.0 small-vehicle 1
1135.0 163.0 1145.0 163.0 1145.0 168.0 1135.0 168.0 small-vehicle 1
1137.0 157.0 1146.0 157.0 1146.0 161.0 1137.0 161.0 small-vehicle 1
1138.0 152.0 1147.0 152.0 1147.0 158.0 1138.0 158.0 small-vehicle 1
1139.0 145.0 1150.0 145.0 1150.0 152.0 1139.0 152.0 small-vehicle 1
1140.0 135.0 1151.0 135.0 1151.0 140.0 1140.0 140.0 small-vehicle 1
1113.0 158.0 1122.0 158.0 1122.0 162.0 1113.0 162.0 small-vehicle 1
1114.0 151.0 1125.0 151.0 1125.0 157.0 1114.0 157.0 small-vehicle 1
1074.0 414.0 1082.0 414.0 1082.0 422.0 1074.0 422.0 small-vehicle 1
1053.0 429.0 1061.0 429.0 1061.0 439.0 1053.0 439.0 small-vehicle 1
1078.0 818.0 1090.0 818.0 1090.0 822.0 1078.0 822.0 small-vehicle 1
946.0 709.0 956.0 709.0 956.0 713.0 946.0 713.0 small-vehicle 1
917.0 742.0 926.0 742.0 926.0 746.0 917.0 746.0 small-vehicle 1
916.0 747.0 926.0 747.0 926.0 751.0 916.0 751.0 small-vehicle 1
954.0 682.0 963.0 682.0 963.0 687.0 954.0 687.0 small-vehicle 1
952.0 689.0 962.0 689.0 962.0 692.0 952.0 692.0 small-vehicle 1
952.0 693.0 963.0 693.0 963.0 697.0 952.0 697.0 small-vehicle 1
951.0 704.0 960.0 704.0 960.0 711.0 951.0 711.0 small-vehicle 1
945.0 720.0 957.0 720.0 957.0 724.0 945.0 724.0 small-vehicle 1
1135.0 654.0 1142.0 654.0 1142.0 664.0 1135.0 664.0 small-vehicle 1
946.0 725.0 956.0 725.0 956.0 729.0 946.0 729.0 small-vehicle 1
944.0 728.0 954.0 728.0 954.0 733.0 944.0 733.0 small-vehicle 1
1000.0 684.0 1012.0 684.0 1012.0 689.0 1000.0 689.0 small-vehicle 1
1001.0 679.0 1012.0 679.0 1012.0 683.0 1001.0 683.0 small-vehicle 1
981.0 697.0 987.0 697.0 987.0 711.0 981.0 711.0 small-vehicle 1
977.0 714.0 982.0 714.0 982.0 724.0 977.0 724.0 small-vehicle 1
918.0 736.0 927.0 736.0 927.0 740.0 918.0 740.0 small-vehicle 1
920.0 730.0 929.0 730.0 929.0 736.0 920.0 736.0 small-vehicle 1
920.0 724.0 932.0 724.0 932.0 729.0 920.0 729.0 small-vehicle 1
920.0 715.0 932.0 715.0 932.0 723.0 920.0 723.0 small-vehicle 1
922.0 709.0 934.0 709.0 934.0 715.0 922.0 715.0 small-vehicle 1
924.0 702.0 934.0 702.0 934.0 708.0 924.0 708.0 small-vehicle 1
927.0 698.0 938.0 698.0 938.0 702.0 927.0 702.0 small-vehicle 1
927.0 691.0 938.0 691.0 938.0 697.0 927.0 697.0 small-vehicle 1
929.0 686.0 940.0 686.0 940.0 692.0 929.0 692.0 small-vehicle 1
954.0 677.0 964.0 677.0 964.0 684.0 954.0 684.0 small-vehicle 1
956.0 670.0 968.0 670.0 968.0 677.0 956.0 677.0 small-vehicle 1
958.0 666.0 970.0 666.0 970.0 672.0 958.0 672.0 small-vehicle 1
932.0 666.0 946.0 666.0 946.0 675.0 932.0 675.0 small-vehicle 1
934.0 660.0 947.0 660.0 947.0 667.0 934.0 667.0 small-vehicle 1
935.0 654.0 947.0 654.0 947.0 660.0 935.0 660.0 small-vehicle 1
937.0 645.0 949.0 645.0 949.0 650.0 937.0 650.0 small-vehicle 1
941.0 623.0 955.0 623.0 955.0 632.0 941.0 632.0 small-vehicle 1
974.0 728.0 979.0 728.0 979.0 737.0 974.0 737.0 small-vehicle 1
971.0 741.0 977.0 741.0 977.0 751.0 971.0 751.0 small-vehicle 1
968.0 757.0 973.0 757.0 973.0 767.0 968.0 767.0 small-vehicle 1
1027.0 687.0 1037.0 687.0 1037.0 692.0 1027.0 692.0 small-vehicle 1
1080.0 815.0 1090.0 815.0 1090.0 817.0 1080.0 817.0 small-vehicle 1
1080.0 811.0 1090.0 811.0 1090.0 815.0 1080.0 815.0 small-vehicle 1
1078.0 806.0 1090.0 806.0 1090.0 811.0 1078.0 811.0 small-vehicle 1
1077.0 801.0 1088.0 801.0 1088.0 806.0 1077.0 806.0 small-vehicle 1
1077.0 796.0 1090.0 796.0 1090.0 802.0 1077.0 802.0 small-vehicle 1
1077.0 790.0 1089.0 790.0 1089.0 796.0 1077.0 796.0 small-vehicle 1
1077.0 784.0 1090.0 784.0 1090.0 791.0 1077.0 791.0 small-vehicle 1
1077.0 779.0 1089.0 779.0 1089.0 784.0 1077.0 784.0 small-vehicle 1
1077.0 772.0 1090.0 772.0 1090.0 780.0 1077.0 780.0 small-vehicle 1
1074.0 752.0 1087.0 752.0 1087.0 757.0 1074.0 757.0 small-vehicle 1
1074.0 758.0 1088.0 758.0 1088.0 765.0 1074.0 765.0 small-vehicle 1
1076.0 747.0 1084.0 747.0 1084.0 751.0 1076.0 751.0 small-vehicle 1
1075.0 737.0 1086.0 737.0 1086.0 742.0 1075.0 742.0 small-vehicle 1
1077.0 725.0 1086.0 725.0 1086.0 730.0 1077.0 730.0 small-vehicle 1
994.0 720.0 1005.0 720.0 1005.0 725.0 994.0 725.0 small-vehicle 1
966.0 771.0 971.0 771.0 971.0 781.0 966.0 781.0 small-vehicle 1
995.0 716.0 1004.0 716.0 1004.0 720.0 995.0 720.0 small-vehicle 1
996.0 711.0 1006.0 711.0 1006.0 715.0 996.0 715.0 small-vehicle 1
996.0 706.0 1008.0 706.0 1008.0 711.0 996.0 711.0 small-vehicle 1
998.0 695.0 1010.0 695.0 1010.0 700.0 998.0 700.0 small-vehicle 1
959.0 815.0 964.0 815.0 964.0 825.0 959.0 825.0 small-vehicle 1
960.0 798.0 966.0 798.0 966.0 811.0 960.0 811.0 small-vehicle 1
912.0 801.0 925.0 801.0 925.0 808.0 912.0 808.0 small-vehicle 1
912.0 788.0 923.0 788.0 923.0 795.0 912.0 795.0 small-vehicle 1
911.0 780.0 923.0 780.0 923.0 785.0 911.0 785.0 small-vehicle 1
911.0 770.0 923.0 770.0 923.0 775.0 911.0 775.0 small-vehicle 1
912.0 765.0 923.0 765.0 923.0 769.0 912.0 769.0 small-vehicle 1
912.0 759.0 924.0 759.0 924.0 764.0 912.0 764.0 small-vehicle 1
939.0 753.0 951.0 753.0 951.0 763.0 939.0 763.0 small-vehicle 1
941.0 743.0 951.0 743.0 951.0 750.0 941.0 750.0 small-vehicle 1
940.0 631.0 953.0 631.0 953.0 638.0 940.0 638.0 small-vehicle 1
1129.0 654.0 1137.0 654.0 1137.0 663.0 1129.0 663.0 small-vehicle 1
1053.0 437.0 1062.0 437.0 1062.0 447.0 1053.0 447.0 small-vehicle 1
1057.0 494.0 1067.0 494.0 1067.0 502.0 1057.0 502.0 small-vehicle 1
1038.0 500.0 1046.0 500.0 1046.0 511.0 1038.0 511.0 small-vehicle 1
1035.0 507.0 1044.0 507.0 1044.0 519.0 1035.0 519.0 small-vehicle 1
1034.0 513.0 1042.0 513.0 1042.0 524.0 1034.0 524.0 small-vehicle 1
1061.0 472.0 1072.0 472.0 1072.0 483.0 1061.0 483.0 small-vehicle 1
1070.0 474.0 1077.0 474.0 1077.0 483.0 1070.0 483.0 small-vehicle 1
1058.0 486.0 1066.0 486.0 1066.0 495.0 1058.0 495.0 small-vehicle 1
1058.0 500.0 1069.0 500.0 1069.0 508.0 1058.0 508.0 small-vehicle 1
1066.0 642.0 1075.0 642.0 1075.0 653.0 1066.0 653.0 small-vehicle 1
1058.0 505.0 1071.0 505.0 1071.0 514.0 1058.0 514.0 small-vehicle 1
1059.0 511.0 1070.0 511.0 1070.0 521.0 1059.0 521.0 small-vehicle 1
1056.0 522.0 1066.0 522.0 1066.0 531.0 1056.0 531.0 small-vehicle 1
1031.0 533.0 1039.0 533.0 1039.0 544.0 1031.0 544.0 small-vehicle 1
1033.0 523.0 1040.0 523.0 1040.0 533.0 1033.0 533.0 small-vehicle 1
1052.0 530.0 1062.0 530.0 1062.0 537.0 1052.0 537.0 small-vehicle 1
1040.0 495.0 1048.0 495.0 1048.0 506.0 1040.0 506.0 small-vehicle 1
1043.0 480.0 1051.0 480.0 1051.0 490.0 1043.0 490.0 small-vehicle 1
1046.0 468.0 1055.0 468.0 1055.0 477.0 1046.0 477.0 small-vehicle 1
1020.0 515.0 1026.0 515.0 1026.0 524.0 1020.0 524.0 small-vehicle 1
1023.0 501.0 1027.0 501.0 1027.0 510.0 1023.0 510.0 small-vehicle 1
1027.0 489.0 1031.0 489.0 1031.0 498.0 1027.0 498.0 small-vehicle 1
1028.0 473.0 1034.0 473.0 1034.0 484.0 1028.0 484.0 small-vehicle 1
1032.0 460.0 1037.0 460.0 1037.0 472.0 1032.0 472.0 small-vehicle 1
1035.0 447.0 1040.0 447.0 1040.0 459.0 1035.0 459.0 small-vehicle 1
973.0 470.0 983.0 470.0 983.0 476.0 973.0 476.0 small-vehicle 1
976.0 461.0 985.0 461.0 985.0 466.0 976.0 466.0 small-vehicle 1
978.0 457.0 987.0 457.0 987.0 463.0 978.0 463.0 small-vehicle 1
979.0 452.0 989.0 452.0 989.0 458.0 979.0 458.0 small-vehicle 1
1003.0 456.0 1012.0 456.0 1012.0 461.0 1003.0 461.0 small-vehicle 1
1050.0 454.0 1058.0 454.0 1058.0 465.0 1050.0 465.0 small-vehicle 1
1070.0 443.0 1078.0 443.0 1078.0 452.0 1070.0 452.0 small-vehicle 1
1069.0 435.0 1079.0 435.0 1079.0 444.0 1069.0 444.0 small-vehicle 1
1051.0 548.0 1063.0 548.0 1063.0 556.0 1051.0 556.0 small-vehicle 1
1047.0 583.0 1056.0 583.0 1056.0 592.0 1047.0 592.0 small-vehicle 1
1023.0 581.0 1032.0 581.0 1032.0 590.0 1023.0 590.0 small-vehicle 1
1045.0 599.0 1052.0 599.0 1052.0 605.0 1045.0 605.0 small-vehicle 1
1055.0 640.0 1064.0 640.0 1064.0 649.0 1055.0 649.0 small-vehicle 1
1056.0 633.0 1065.0 633.0 1065.0 643.0 1056.0 643.0 small-vehicle 1
1057.0 624.0 1066.0 624.0 1066.0 634.0 1057.0 634.0 small-vehicle 1
1060.0 619.0 1068.0 619.0 1068.0 628.0 1060.0 628.0 small-vehicle 1
1060.0 611.0 1068.0 611.0 1068.0 620.0 1060.0 620.0 small-vehicle 1
1035.0 638.0 1044.0 638.0 1044.0 647.0 1035.0 647.0 small-vehicle 1
1031.0 626.0 1039.0 626.0 1039.0 634.0 1031.0 634.0 small-vehicle 1
1038.0 629.0 1047.0 629.0 1047.0 636.0 1038.0 636.0 small-vehicle 1
1029.0 632.0 1037.0 632.0 1037.0 641.0 1029.0 641.0 small-vehicle 1
1028.0 620.0 1039.0 620.0 1039.0 630.0 1028.0 630.0 small-vehicle 1
1038.0 622.0 1049.0 622.0 1049.0 631.0 1038.0 631.0 small-vehicle 1
1039.0 614.0 1049.0 614.0 1049.0 622.0 1039.0 622.0 small-vehicle 1
1036.0 604.0 1045.0 604.0 1045.0 612.0 1036.0 612.0 small-vehicle 1
1041.0 606.0 1049.0 606.0 1049.0 613.0 1041.0 613.0 small-vehicle 1
1062.0 605.0 1071.0 605.0 1071.0 615.0 1062.0 615.0 small-vehicle 1
1021.0 588.0 1031.0 588.0 1031.0 598.0 1021.0 598.0 small-vehicle 1
1061.0 596.0 1071.0 596.0 1071.0 606.0 1061.0 606.0 small-vehicle 1
1064.0 589.0 1072.0 589.0 1072.0 599.0 1064.0 599.0 small-vehicle 1
1070.0 613.0 1080.0 613.0 1080.0 623.0 1070.0 623.0 small-vehicle 1
1073.0 598.0 1082.0 598.0 1082.0 610.0 1073.0 610.0 small-vehicle 1
1075.0 592.0 1082.0 592.0 1082.0 604.0 1075.0 604.0 small-vehicle 1
1077.0 585.0 1085.0 585.0 1085.0 595.0 1077.0 595.0 small-vehicle 1
1066.0 583.0 1074.0 583.0 1074.0 593.0 1066.0 593.0 small-vehicle 1
1034.0 599.0 1044.0 599.0 1044.0 608.0 1034.0 608.0 small-vehicle 1
1043.0 594.0 1051.0 594.0 1051.0 601.0 1043.0 601.0 small-vehicle 1
1012.0 627.0 1019.0 627.0 1019.0 637.0 1012.0 637.0 small-vehicle 1
1014.0 621.0 1022.0 621.0 1022.0 631.0 1014.0 631.0 small-vehicle 1
1015.0 614.0 1023.0 614.0 1023.0 625.0 1015.0 625.0 small-vehicle 1
1017.0 608.0 1025.0 608.0 1025.0 618.0 1017.0 618.0 small-vehicle 1
1018.0 602.0 1028.0 602.0 1028.0 612.0 1018.0 612.0 small-vehicle 1
330.0 120.0 744.0 120.0 744.0 273.0 330.0 273.0 ship 0
