imagesource:GoogleEarth
gsd:0.131092791667
578.0 280.0 681.0 280.0 681.0 423.0 578.0 423.0 harbor 0
20.0 307.0 43.0 307.0 43.0 399.0 20.0 399.0 ship 0
476.0 753.0 515.0 753.0 515.0 775.0 476.0 775.0 small-vehicle 1
29.0 640.0 64.0 640.0 64.0 684.0 29.0 684.0 small-vehicle 0
51.0 635.0 86.0 635.0 86.0 675.0 51.0 675.0 small-vehicle 1
78.0 640.0 114.0 640.0 114.0 682.0 78.0 682.0 small-vehicle 0
1.0 555.0 27.0 555.0 27.0 597.0 1.0 597.0 small-vehicle 0
68.0 553.0 98.0 553.0 98.0 598.0 68.0 598.0 small-vehicle 0
97.0 552.0 125.0 552.0 125.0 596.0 97.0 596.0 small-vehicle 0
116.0 556.0 145.0 556.0 145.0 601.0 116.0 601.0 small-vehicle 0
290.0 561.0 317.0 561.0 317.0 602.0 290.0 602.0 small-vehicle 0
109.0 494.0 145.0 494.0 145.0 550.0 109.0 550.0 small-vehicle 1
43.0 311.0 65.0 311.0 65.0 400.0 43.0 400.0 ship 0
154.0 320.0 181.0 320.0 181.0 429.0 154.0 429.0 harbor 0
241.0 324.0 264.0 324.0 264.0 427.0 241.0 427.0 harbor 0
334.0 324.0 356.0 324.0 356.0 428.0 334.0 428.0 harbor 0
511.0 325.0 534.0 325.0 534.0 428.0 511.0 428.0 harbor 0
476.0 778.0 514.0 778.0 514.0 797.0 476.0 797.0 small-vehicle 1
66.0 320.0 90.0 320.0 90.0 429.0 66.0 429.0 harbor 0
423.0 630.0 458.0 630.0 458.0 675.0 423.0 675.0 small-vehicle 1
89.0 330.0 114.0 330.0 114.0 410.0 89.0 410.0 ship 0
326.0 632.0 369.0 632.0 369.0 686.0 326.0 686.0 small-vehicle 0
366.0 559.0 391.0 559.0 391.0 601.0 366.0 601.0 small-vehicle 0
268.0 561.0 291.0 561.0 291.0 599.0 268.0 599.0 small-vehicle 0
145.0 550.0 174.0 550.0 174.0 601.0 145.0 601.0 small-vehicle 1
44.0 555.0 72.0 555.0 72.0 598.0 44.0 598.0 small-vehicle 1
21.0 558.0 48.0 558.0 48.0 599.0 21.0 599.0 small-vehicle 0
501.0 508.0 530.0 508.0 530.0 559.0 501.0 559.0 small-vehicle 1
308.0 510.0 338.0 510.0 338.0 554.0 308.0 554.0 small-vehicle 0
682.0 559.0 737.0 559.0 737.0 776.0 682.0 776.0 ship 0
473.0 309.0 512.0 309.0 512.0 412.0 473.0 412.0 ship 0
441.0 335.0 466.0 335.0 466.0 394.0 441.0 394.0 ship 0
356.0 308.0 393.0 308.0 393.0 411.0 356.0 411.0 ship 0
259.0 308.0 304.0 308.0 304.0 412.0 259.0 412.0 ship 0
221.0 320.0 244.0 320.0 244.0 399.0 221.0 399.0 ship 0
175.0 312.0 199.0 312.0 199.0 391.0 175.0 391.0 ship 0
420.0 322.0 444.0 322.0 444.0 428.0 420.0 428.0 harbor 0
