imagesource:GoogleEarth
gsd:0.524086470349
715.0 609.0 750.0 609.0 750.0 638.0 715.0 638.0 plane 0
867.0 806.0 872.0 806.0 872.0 817.0 867.0 817.0 small-vehicle 1
872.0 779.0 878.0 779.0 878.0 790.0 872.0 790.0 small-vehicle 1
875.0 767.0 881.0 767.0 881.0 778.0 875.0 778.0 small-vehicle 1
880.0 749.0 884.0 749.0 884.0 759.0 880.0 759.0 small-vehicle 1
884.0 725.0 889.0 725.0 889.0 734.0 884.0 734.0 small-vehicle 1
834.0 816.0 845.0 816.0 845.0 820.0 834.0 820.0 small-vehicle 1
835.0 811.0 847.0 811.0 847.0 815.0 835.0 815.0 small-vehicle 1
855.0 718.0 865.0 718.0 865.0 724.0 855.0 724.0 small-vehicle 1
880.0 677.0 885.0 677.0 885.0 691.0 880.0 691.0 small-vehicle 1
879.0 511.0 887.0 511.0 887.0 515.0 879.0 515.0 small-vehicle 1
868.0 660.0 878.0 660.0 878.0 666.0 868.0 666.0 small-vehicle 1
136.0 470.0 798.0 470.0 798.0 756.0 136.0 756.0 ship 0
107.0 369.0 874.0 369.0 874.0 625.0 107.0 625.0 harbor 0
159.0 225.0 849.0 225.0 849.0 515.0 159.0 515.0 ship 0
