imagesource:GoogleEarth
gsd:0.131888359859
549.0 551.0 578.0 551.0 578.0 579.0 549.0 579.0 ship 0
353.0 341.0 392.0 341.0 392.0 372.0 353.0 372.0 ship 0
614.0 181.0 638.0 181.0 638.0 195.0 614.0 195.0 ship 0
605.0 187.0 631.0 187.0 631.0 209.0 605.0 209.0 ship 0
599.0 194.0 632.0 194.0 632.0 225.0 599.0 225.0 ship 0
240.0 217.0 267.0 217.0 267.0 250.0 240.0 250.0 ship 0
775.0 227.0 823.0 227.0 823.0 271.0 775.0 271.0 small-vehicle 1
972.0 153.0 1006.0 153.0 1006.0 190.0 972.0 190.0 small-vehicle 1
885.0 702.0 1099.0 702.0 1099.0 933.0 885.0 933.0 harbor 0
900.0 634.0 1012.0 634.0 1012.0 750.0 900.0 750.0 harbor 0
658.0 507.0 918.0 507.0 918.0 773.0 658.0 773.0 harbor 0
439.0 309.0 728.0 309.0 728.0 615.0 439.0 615.0 harbor 0
303.0 190.0 539.0 190.0 539.0 437.0 303.0 437.0 harbor 0
146.0 42.0 412.0 42.0 412.0 332.0 146.0 332.0 harbor 0
