imagesource:GoogleEarth
gsd:0.132481500919
1164.0 809.0 1206.0 809.0 1206.0 848.0 1164.0 848.0 small-vehicle 1
1150.0 1311.0 1166.0 1311.0 1166.0 1341.0 1150.0 1341.0 ship 1
948.0 218.0 978.0 218.0 978.0 248.0 948.0 248.0 small-vehicle 1
911.0 49.0 943.0 49.0 943.0 80.0 911.0 80.0 small-vehicle 1
1180.0 834.0 1212.0 834.0 1212.0 870.0 1180.0 870.0 small-vehicle 1
743.0 228.0 847.0 228.0 847.0 333.0 743.0 333.0 swimming-pool 0
743.0 1091.0 1039.0 1091.0 1039.0 1325.0 743.0 1325.0 harbor 0
629.0 893.0 916.0 893.0 916.0 1116.0 629.0 1116.0 harbor 0
436.0 608.0 759.0 608.0 759.0 861.0 436.0 861.0 harbor 0
418.0 498.0 699.0 498.0 699.0 708.0 418.0 708.0 harbor 0
435.0 351.0 644.0 351.0 644.0 513.0 435.0 513.0 harbor 0
184.0 89.0 488.0 89.0 488.0 314.0 184.0 314.0 harbor 0
