imagesource:GoogleEarth
gsd:0.134898875128
1277.0 428.0 1317.0 428.0 1317.0 453.0 1277.0 453.0 small-vehicle 1
1226.0 323.0 1269.0 323.0 1269.0 351.0 1226.0 351.0 small-vehicle 1
1024.0 1438.0 1078.0 1438.0 1078.0 1486.0 1024.0 1486.0 ship 0
1277.0 1701.0 1478.0 1701.0 1478.0 1857.0 1277.0 1857.0 harbor 0
1010.0 1345.0 1310.0 1345.0 1310.0 1581.0 1010.0 1581.0 harbor 0
487.0 1016.0 939.0 1016.0 939.0 1351.0 487.0 1351.0 harbor 0
530.0 707.0 847.0 707.0 847.0 877.0 530.0 877.0 harbor 0
223.0 108.0 600.0 108.0 600.0 316.0 223.0 316.0 harbor 0
