imagesource:GoogleEarth
gsd:0.266491522006
61.0 1225.0 84.0 1225.0 84.0 1241.0 61.0 1241.0 small-vehicle 1
473.0 1185.0 499.0 1185.0 499.0 1209.0 473.0 1209.0 small-vehicle 0
682.0 85.0 702.0 85.0 702.0 97.0 682.0 97.0 small-vehicle 0
579.0 93.0 601.0 93.0 601.0 105.0 579.0 105.0 small-vehicle 0
532.0 1121.0 556.0 1121.0 556.0 1142.0 532.0 1142.0 small-vehicle 0
526.0 1134.0 551.0 1134.0 551.0 1154.0 526.0 1154.0 small-vehicle 0
520.0 1144.0 544.0 1144.0 544.0 1164.0 520.0 1164.0 small-vehicle 0
514.0 1154.0 539.0 1154.0 539.0 1174.0 514.0 1174.0 small-vehicle 0
491.0 1198.0 514.0 1198.0 514.0 1218.0 491.0 1218.0 small-vehicle 0
425.0 1174.0 448.0 1174.0 448.0 1194.0 425.0 1194.0 small-vehicle 0
382.0 1116.0 404.0 1116.0 404.0 1134.0 382.0 1134.0 small-vehicle 0
463.0 1208.0 487.0 1208.0 487.0 1228.0 463.0 1228.0 small-vehicle 0
431.0 1169.0 459.0 1169.0 459.0 1188.0 431.0 1188.0 small-vehicle 0
203.0 1455.0 231.0 1455.0 231.0 1480.0 203.0 1480.0 small-vehicle 0
329.0 1315.0 347.0 1315.0 347.0 1343.0 329.0 1343.0 small-vehicle 0
360.0 1326.0 375.0 1326.0 375.0 1349.0 360.0 1349.0 small-vehicle 0
29.0 949.0 50.0 949.0 50.0 973.0 29.0 973.0 small-vehicle 0
326.0 1179.0 348.0 1179.0 348.0 1196.0 326.0 1196.0 small-vehicle 0
680.0 72.0 703.0 72.0 703.0 84.0 680.0 84.0 small-vehicle 0
794.0 76.0 816.0 76.0 816.0 89.0 794.0 89.0 small-vehicle 0
795.0 67.0 816.0 67.0 816.0 78.0 795.0 78.0 small-vehicle 0
796.0 58.0 819.0 58.0 819.0 68.0 796.0 68.0 small-vehicle 0
793.0 86.0 816.0 86.0 816.0 99.0 793.0 99.0 small-vehicle 0
855.0 123.0 878.0 123.0 878.0 139.0 855.0 139.0 small-vehicle 0
813.0 110.0 831.0 110.0 831.0 123.0 813.0 123.0 small-vehicle 0
792.0 109.0 814.0 109.0 814.0 121.0 792.0 121.0 small-vehicle 0
860.0 62.0 886.0 62.0 886.0 77.0 860.0 77.0 small-vehicle 0
862.0 82.0 885.0 82.0 885.0 95.0 862.0 95.0 small-vehicle 0
860.0 94.0 880.0 94.0 880.0 107.0 860.0 107.0 small-vehicle 0
819.0 71.0 837.0 71.0 837.0 82.0 819.0 82.0 small-vehicle 0
820.0 62.0 838.0 62.0 838.0 72.0 820.0 72.0 small-vehicle 0
822.0 49.0 843.0 49.0 843.0 62.0 822.0 62.0 small-vehicle 0
822.0 29.0 841.0 29.0 841.0 40.0 822.0 40.0 small-vehicle 0
822.0 19.0 844.0 19.0 844.0 30.0 822.0 30.0 small-vehicle 0
820.0 6.0 845.0 6.0 845.0 20.0 820.0 20.0 small-vehicle 0
800.0 27.0 821.0 27.0 821.0 38.0 800.0 38.0 small-vehicle 0
798.0 48.0 820.0 48.0 820.0 59.0 798.0 59.0 small-vehicle 0
347.0 1179.0 373.0 1179.0 373.0 1199.0 347.0 1199.0 small-vehicle 0
376.0 1125.0 399.0 1125.0 399.0 1144.0 376.0 1144.0 small-vehicle 0
812.0 131.0 831.0 131.0 831.0 142.0 812.0 142.0 small-vehicle 0
82.0 395.0 118.0 395.0 118.0 410.0 82.0 410.0 ship 0
510.0 481.0 527.0 481.0 527.0 528.0 510.0 528.0 ship 0
527.0 484.0 540.0 484.0 540.0 530.0 527.0 530.0 ship 0
545.0 486.0 559.0 486.0 559.0 533.0 545.0 533.0 ship 0
559.0 487.0 574.0 487.0 574.0 535.0 559.0 535.0 ship 0
585.0 492.0 607.0 492.0 607.0 537.0 585.0 537.0 ship 0
620.0 492.0 635.0 492.0 635.0 538.0 620.0 538.0 ship 0
79.0 409.0 115.0 409.0 115.0 422.0 79.0 422.0 ship 0
628.0 111.0 650.0 111.0 650.0 124.0 628.0 124.0 small-vehicle 0
431.0 1118.0 453.0 1118.0 453.0 1135.0 431.0 1135.0 small-vehicle 0
1006.0 8.0 1610.0 8.0 1610.0 146.0 1006.0 146.0 ship 0
316.0 1468.0 436.0 1468.0 436.0 1556.0 316.0 1556.0 ship 0
874.0 1178.0 1357.0 1178.0 1357.0 1258.0 874.0 1258.0 harbor 0
934.0 1228.0 1328.0 1228.0 1328.0 1367.0 934.0 1367.0 ship 0
901.0 1061.0 1294.0 1061.0 1294.0 1211.0 901.0 1211.0 ship 0
902.0 858.0 1610.0 858.0 1610.0 957.0 902.0 957.0 harbor 0
928.0 541.0 1640.0 541.0 1640.0 642.0 928.0 642.0 harbor 0
492.0 478.0 513.0 478.0 513.0 522.0 492.0 522.0 ship 0
474.0 473.0 499.0 473.0 499.0 520.0 474.0 520.0 ship 0
457.0 468.0 481.0 468.0 481.0 513.0 457.0 513.0 ship 0
231.0 662.0 245.0 662.0 245.0 688.0 231.0 688.0 small-vehicle 0
445.0 1136.0 471.0 1136.0 471.0 1160.0 445.0 1160.0 small-vehicle 0
457.0 1121.0 481.0 1121.0 481.0 1142.0 457.0 1142.0 small-vehicle 0
473.0 1097.0 498.0 1097.0 498.0 1116.0 473.0 1116.0 small-vehicle 0
385.0 1108.0 409.0 1108.0 409.0 1126.0 385.0 1126.0 small-vehicle 0
216.0 1133.0 245.0 1133.0 245.0 1154.0 216.0 1154.0 small-vehicle 0
192.0 1131.0 219.0 1131.0 219.0 1152.0 192.0 1152.0 small-vehicle 0
75.0 1187.0 112.0 1187.0 112.0 1209.0 75.0 1209.0 small-vehicle 0
21.0 1042.0 47.0 1042.0 47.0 1063.0 21.0 1063.0 small-vehicle 0
7.0 1066.0 31.0 1066.0 31.0 1090.0 7.0 1090.0 small-vehicle 0
1.0 1077.0 27.0 1077.0 27.0 1099.0 1.0 1099.0 small-vehicle 0
82.0 1120.0 108.0 1120.0 108.0 1140.0 82.0 1140.0 small-vehicle 0
219.0 979.0 242.0 979.0 242.0 998.0 219.0 998.0 small-vehicle 0
181.0 1005.0 204.0 1005.0 204.0 1025.0 181.0 1025.0 small-vehicle 0
173.0 1012.0 196.0 1012.0 196.0 1034.0 173.0 1034.0 small-vehicle 0
624.0 809.0 647.0 809.0 647.0 837.0 624.0 837.0 small-vehicle 0
812.0 122.0 830.0 122.0 830.0 132.0 812.0 132.0 small-vehicle 0
788.0 129.0 808.0 129.0 808.0 138.0 788.0 138.0 small-vehicle 0
825.0 0.0 843.0 0.0 843.0 6.0 825.0 6.0 small-vehicle 1
55.0 1236.0 76.0 1236.0 76.0 1253.0 55.0 1253.0 large-vehicle 0
780.0 1207.0 796.0 1207.0 796.0 1248.0 780.0 1248.0 ship 0
286.0 565.0 297.0 565.0 297.0 601.0 286.0 601.0 large-vehicle 0
646.0 494.0 659.0 494.0 659.0 534.0 646.0 534.0 ship 0
857.0 410.0 876.0 410.0 876.0 428.0 857.0 428.0 ship 0
284.0 1312.0 303.0 1312.0 303.0 1323.0 284.0 1323.0 small-vehicle 1
39.0 1265.0 61.0 1265.0 61.0 1283.0 39.0 1283.0 small-vehicle 0
44.0 1257.0 67.0 1257.0 67.0 1274.0 44.0 1274.0 small-vehicle 0
70.0 1201.0 114.0 1201.0 114.0 1226.0 70.0 1226.0 large-vehicle 0
719.0 175.0 730.0 175.0 730.0 199.0 719.0 199.0 small-vehicle 0
236.0 706.0 261.0 706.0 261.0 744.0 236.0 744.0 large-vehicle 0
792.0 260.0 805.0 260.0 805.0 285.0 792.0 285.0 small-vehicle 0
736.0 254.0 748.0 254.0 748.0 278.0 736.0 278.0 small-vehicle 0
726.0 250.0 735.0 250.0 735.0 280.0 726.0 280.0 small-vehicle 0
714.0 251.0 725.0 251.0 725.0 274.0 714.0 274.0 small-vehicle 0
692.0 250.0 704.0 250.0 704.0 273.0 692.0 273.0 small-vehicle 0
741.0 179.0 753.0 179.0 753.0 201.0 741.0 201.0 small-vehicle 0
791.0 1212.0 806.0 1212.0 806.0 1250.0 791.0 1250.0 ship 0
749.0 1247.0 782.0 1247.0 782.0 1271.0 749.0 1271.0 ship 0
732.0 1245.0 761.0 1245.0 761.0 1273.0 732.0 1273.0 ship 0
740.0 1275.0 771.0 1275.0 771.0 1297.0 740.0 1297.0 ship 0
864.0 74.0 882.0 74.0 882.0 83.0 864.0 83.0 small-vehicle 1
815.0 101.0 832.0 101.0 832.0 110.0 815.0 110.0 small-vehicle 1
699.0 1141.0 718.0 1141.0 718.0 1151.0 699.0 1151.0 small-vehicle 1
749.0 604.0 767.0 604.0 767.0 615.0 749.0 615.0 small-vehicle 1
795.0 310.0 815.0 310.0 815.0 321.0 795.0 321.0 small-vehicle 1
826.0 267.0 838.0 267.0 838.0 291.0 826.0 291.0 small-vehicle 1
680.0 105.0 698.0 105.0 698.0 114.0 680.0 114.0 small-vehicle 1
160.0 1454.0 173.0 1454.0 173.0 1474.0 160.0 1474.0 small-vehicle 1
261.0 391.0 270.0 391.0 270.0 418.0 261.0 418.0 large-vehicle 0
568.0 592.0 577.0 592.0 577.0 612.0 568.0 612.0 small-vehicle 1
616.0 622.0 629.0 622.0 629.0 641.0 616.0 641.0 small-vehicle 1
391.0 1549.0 633.0 1549.0 633.0 1730.0 391.0 1730.0 ship 0
565.0 1268.0 653.0 1268.0 653.0 1325.0 565.0 1325.0 harbor 0
275.0 1486.0 397.0 1486.0 397.0 1573.0 275.0 1573.0 harbor 0
735.0 1289.0 765.0 1289.0 765.0 1310.0 735.0 1310.0 ship 0
731.0 174.0 744.0 174.0 744.0 202.0 731.0 202.0 small-vehicle 0
707.0 172.0 717.0 172.0 717.0 198.0 707.0 198.0 small-vehicle 0
795.0 121.0 813.0 121.0 813.0 131.0 795.0 131.0 small-vehicle 0
731.0 1003.0 756.0 1003.0 756.0 1016.0 731.0 1016.0 small-vehicle 0
707.0 1025.0 728.0 1025.0 728.0 1039.0 707.0 1039.0 small-vehicle 0
730.0 1016.0 752.0 1016.0 752.0 1029.0 730.0 1029.0 small-vehicle 0
730.0 1029.0 748.0 1029.0 748.0 1041.0 730.0 1041.0 small-vehicle 0
710.0 1003.0 729.0 1003.0 729.0 1017.0 710.0 1017.0 small-vehicle 0
712.0 983.0 733.0 983.0 733.0 994.0 712.0 994.0 small-vehicle 0
714.0 969.0 734.0 969.0 734.0 983.0 714.0 983.0 small-vehicle 0
779.0 1001.0 798.0 1001.0 798.0 1013.0 779.0 1013.0 small-vehicle 0
736.0 984.0 755.0 984.0 755.0 996.0 736.0 996.0 small-vehicle 0
693.0 173.0 705.0 173.0 705.0 197.0 693.0 197.0 small-vehicle 0
738.0 959.0 759.0 959.0 759.0 974.0 738.0 974.0 small-vehicle 0
739.0 915.0 761.0 915.0 761.0 926.0 739.0 926.0 small-vehicle 0
778.0 431.0 805.0 431.0 805.0 449.0 778.0 449.0 small-vehicle 0
783.0 410.0 807.0 410.0 807.0 425.0 783.0 425.0 small-vehicle 0
788.0 388.0 809.0 388.0 809.0 401.0 788.0 401.0 small-vehicle 0
767.0 364.0 787.0 364.0 787.0 377.0 767.0 377.0 small-vehicle 0
763.0 375.0 787.0 375.0 787.0 390.0 763.0 390.0 small-vehicle 0
726.0 1041.0 751.0 1041.0 751.0 1053.0 726.0 1053.0 small-vehicle 0
775.0 1055.0 797.0 1055.0 797.0 1065.0 775.0 1065.0 small-vehicle 0
805.0 1056.0 817.0 1056.0 817.0 1076.0 805.0 1076.0 small-vehicle 0
773.0 1067.0 795.0 1067.0 795.0 1082.0 773.0 1082.0 small-vehicle 0
682.0 170.0 692.0 170.0 692.0 191.0 682.0 191.0 small-vehicle 0
702.0 1107.0 722.0 1107.0 722.0 1119.0 702.0 1119.0 small-vehicle 0
770.0 1102.0 789.0 1102.0 789.0 1114.0 770.0 1114.0 small-vehicle 0
769.0 1112.0 790.0 1112.0 790.0 1126.0 769.0 1126.0 small-vehicle 0
723.0 1097.0 744.0 1097.0 744.0 1108.0 723.0 1108.0 small-vehicle 0
722.0 1110.0 744.0 1110.0 744.0 1121.0 722.0 1121.0 small-vehicle 0
702.0 1119.0 724.0 1119.0 724.0 1131.0 702.0 1131.0 small-vehicle 0
770.0 1091.0 791.0 1091.0 791.0 1102.0 770.0 1102.0 small-vehicle 0
772.0 1080.0 792.0 1080.0 792.0 1093.0 772.0 1093.0 small-vehicle 0
704.0 1073.0 723.0 1073.0 723.0 1083.0 704.0 1083.0 small-vehicle 0
725.0 1073.0 745.0 1073.0 745.0 1086.0 725.0 1086.0 small-vehicle 0
723.0 1062.0 745.0 1062.0 745.0 1076.0 723.0 1076.0 small-vehicle 0
727.0 1052.0 746.0 1052.0 746.0 1065.0 727.0 1065.0 small-vehicle 0
703.0 1059.0 726.0 1059.0 726.0 1072.0 703.0 1072.0 small-vehicle 0
706.0 1048.0 725.0 1048.0 725.0 1061.0 706.0 1061.0 small-vehicle 0
959.0 224.0 1668.0 224.0 1668.0 325.0 959.0 325.0 harbor 0
