imagesource:GoogleEarth
gsd:0.252288826485
2189.0 1625.0 2222.0 1625.0 2222.0 1675.0 2189.0 1675.0 swimming-pool 0
2515.0 1454.0 2537.0 1454.0 2537.0 1479.0 2515.0 1479.0 ship 0
636.0 906.0 693.0 906.0 693.0 942.0 636.0 942.0 swimming-pool 0
480.0 882.0 532.0 882.0 532.0 922.0 480.0 922.0 swimming-pool 0
268.0 906.0 320.0 906.0 320.0 953.0 268.0 953.0 swimming-pool 0
149.0 1042.0 206.0 1042.0 206.0 1105.0 149.0 1105.0 swimming-pool 0
197.0 1158.0 276.0 1158.0 276.0 1232.0 197.0 1232.0 harbor 0
36.0 533.0 64.0 533.0 64.0 563.0 36.0 563.0 ship 0
521.0 384.0 530.0 384.0 530.0 416.0 521.0 416.0 ship 0
854.0 326.0 866.0 326.0 866.0 351.0 854.0 351.0 ship 0
824.0 328.0 838.0 328.0 838.0 361.0 824.0 361.0 ship 0
948.0 459.0 963.0 459.0 963.0 490.0 948.0 490.0 ship 0
1857.0 494.0 1892.0 494.0 1892.0 521.0 1857.0 521.0 ship 0
2074.0 691.0 2104.0 691.0 2104.0 729.0 2074.0 729.0 ship 0
2248.0 795.0 2276.0 795.0 2276.0 830.0 2248.0 830.0 ship 0
2546.0 1315.0 2723.0 1315.0 2723.0 1633.0 2546.0 1633.0 harbor 0
2575.0 950.0 2587.0 950.0 2587.0 972.0 2575.0 972.0 ship 1
2436.0 1250.0 2609.0 1250.0 2609.0 1576.0 2436.0 1576.0 harbor 0
2039.0 824.0 2369.0 824.0 2369.0 1339.0 2039.0 1339.0 harbor 0
1949.0 772.0 2293.0 772.0 2293.0 1286.0 1949.0 1286.0 harbor 0
1835.0 683.0 2137.0 683.0 2137.0 1161.0 1835.0 1161.0 harbor 0
1607.0 489.0 1902.0 489.0 1902.0 957.0 1607.0 957.0 harbor 0
1265.0 373.0 1516.0 373.0 1516.0 870.0 1265.0 870.0 harbor 0
1064.0 434.0 1166.0 434.0 1166.0 852.0 1064.0 852.0 harbor 0
936.0 453.0 991.0 453.0 991.0 863.0 936.0 863.0 harbor 0
821.0 321.0 877.0 321.0 877.0 840.0 821.0 840.0 harbor 0
674.0 285.0 730.0 285.0 730.0 844.0 674.0 844.0 harbor 0
495.0 382.0 558.0 382.0 558.0 848.0 495.0 848.0 harbor 0
30.0 515.0 285.0 515.0 285.0 888.0 30.0 888.0 harbor 0
349.0 1762.0 399.0 1762.0 399.0 1807.0 349.0 1807.0 small-vehicle 0
776.0 895.0 833.0 895.0 833.0 928.0 776.0 928.0 swimming-pool 0
881.0 949.0 912.0 949.0 912.0 995.0 881.0 995.0 swimming-pool 0
1247.0 1003.0 1304.0 1003.0 1304.0 1045.0 1247.0 1045.0 swimming-pool 0
1370.0 1087.0 1446.0 1087.0 1446.0 1151.0 1370.0 1151.0 swimming-pool 0
1593.0 1541.0 1609.0 1541.0 1609.0 1562.0 1593.0 1562.0 small-vehicle 1
816.0 1574.0 838.0 1574.0 838.0 1596.0 816.0 1596.0 small-vehicle 1
1422.0 1183.0 1443.0 1183.0 1443.0 1205.0 1422.0 1205.0 small-vehicle 1
1349.0 1244.0 1371.0 1244.0 1371.0 1263.0 1349.0 1263.0 small-vehicle 1
1224.0 1261.0 1246.0 1261.0 1246.0 1278.0 1224.0 1278.0 small-vehicle 1
1090.0 1297.0 1102.0 1297.0 1102.0 1314.0 1090.0 1314.0 small-vehicle 1
1076.0 1304.0 1090.0 1304.0 1090.0 1324.0 1076.0 1324.0 small-vehicle 1
1074.0 1286.0 1092.0 1286.0 1092.0 1297.0 1074.0 1297.0 small-vehicle 1
1101.0 1248.0 1115.0 1248.0 1115.0 1268.0 1101.0 1268.0 small-vehicle 1
962.0 1036.0 972.0 1036.0 972.0 1059.0 962.0 1059.0 small-vehicle 1
952.0 1028.0 961.0 1028.0 961.0 1051.0 952.0 1051.0 small-vehicle 1
937.0 1038.0 947.0 1038.0 947.0 1061.0 937.0 1061.0 small-vehicle 1
816.0 1082.0 841.0 1082.0 841.0 1100.0 816.0 1100.0 small-vehicle 1
372.0 1538.0 455.0 1538.0 455.0 1583.0 372.0 1583.0 harbor 0
355.0 1657.0 398.0 1657.0 398.0 1673.0 355.0 1673.0 ship 0
361.0 1529.0 378.0 1529.0 378.0 1556.0 361.0 1556.0 ship 0
389.0 1109.0 406.0 1109.0 406.0 1118.0 389.0 1118.0 small-vehicle 1
357.0 1107.0 379.0 1107.0 379.0 1123.0 357.0 1123.0 small-vehicle 1
498.0 1037.0 518.0 1037.0 518.0 1056.0 498.0 1056.0 small-vehicle 1
415.0 1012.0 436.0 1012.0 436.0 1035.0 415.0 1035.0 small-vehicle 1
402.0 989.0 419.0 989.0 419.0 1010.0 402.0 1010.0 small-vehicle 1
363.0 935.0 380.0 935.0 380.0 958.0 363.0 958.0 small-vehicle 1
1900.0 1533.0 1918.0 1533.0 1918.0 1555.0 1900.0 1555.0 small-vehicle 1
2345.0 1582.0 2412.0 1582.0 2412.0 1638.0 2345.0 1638.0 swimming-pool 0
1987.0 1421.0 2049.0 1421.0 2049.0 1476.0 1987.0 1476.0 swimming-pool 0
1858.0 1257.0 1894.0 1257.0 1894.0 1313.0 1858.0 1313.0 swimming-pool 0
1080.0 1394.0 1140.0 1394.0 1140.0 1452.0 1080.0 1452.0 swimming-pool 0
235.0 1765.0 259.0 1765.0 259.0 1810.0 235.0 1810.0 small-vehicle 0
