imagesource:GoogleEarth
gsd:0.129456057418
2000.0 697.0 2040.0 697.0 2040.0 729.0 2000.0 729.0 small-vehicle 1
1529.0 546.0 1623.0 546.0 1623.0 632.0 1529.0 632.0 swimming-pool 0
312.0 257.0 408.0 257.0 408.0 499.0 312.0 499.0 harbor 0
722.0 580.0 1062.0 580.0 1062.0 1012.0 722.0 1012.0 harbor 0
1100.0 717.0 1535.0 717.0 1535.0 1223.0 1100.0 1223.0 harbor 0
1068.0 616.0 1301.0 616.0 1301.0 902.0 1068.0 902.0 harbor 0
1258.0 870.0 1659.0 870.0 1659.0 1322.0 1258.0 1322.0 harbor 0
1506.0 1085.0 1865.0 1085.0 1865.0 1492.0 1506.0 1492.0 harbor 0
468.0 1.0 570.0 1.0 570.0 64.0 468.0 64.0 swimming-pool 0
727.0 440.0 806.0 440.0 806.0 483.0 727.0 483.0 ship 0
1074.0 812.0 1117.0 812.0 1117.0 863.0 1074.0 863.0 ship 0
1270.0 1231.0 1327.0 1231.0 1327.0 1292.0 1270.0 1292.0 ship 0
303.0 175.0 323.0 175.0 323.0 213.0 303.0 213.0 ship 0
1985.0 778.0 2036.0 778.0 2036.0 818.0 1985.0 818.0 small-vehicle 1
2005.0 848.0 2048.0 848.0 2048.0 873.0 2005.0 873.0 small-vehicle 1
2018.0 932.0 2039.0 932.0 2039.0 964.0 2018.0 964.0 small-vehicle 1
751.0 422.0 797.0 422.0 797.0 455.0 751.0 455.0 ship 1
763.0 351.0 810.0 351.0 810.0 429.0 763.0 429.0 harbor 0
1519.0 1420.0 1562.0 1420.0 1562.0 1467.0 1519.0 1467.0 ship 1
114.0 187.0 211.0 187.0 211.0 450.0 114.0 450.0 harbor 0
