imagesource:GoogleEarth
gsd:0.130107682292
1275.0 1872.0 1341.0 1872.0 1341.0 1949.0 1275.0 1949.0 swimming-pool 0
23.0 1311.0 122.0 1311.0 122.0 1405.0 23.0 1405.0 swimming-pool 0
548.0 1606.0 592.0 1606.0 592.0 1638.0 548.0 1638.0 small-vehicle 0
605.0 1256.0 645.0 1256.0 645.0 1296.0 605.0 1296.0 small-vehicle 0
225.0 1233.0 270.0 1233.0 270.0 1279.0 225.0 1279.0 small-vehicle 0
207.0 1228.0 245.0 1228.0 245.0 1267.0 207.0 1267.0 small-vehicle 0
301.0 1602.0 394.0 1602.0 394.0 1705.0 301.0 1705.0 swimming-pool 0
208.0 1503.0 318.0 1503.0 318.0 1587.0 208.0 1587.0 swimming-pool 0
828.0 1167.0 919.0 1167.0 919.0 1259.0 828.0 1259.0 swimming-pool 0
485.0 815.0 600.0 815.0 600.0 927.0 485.0 927.0 swimming-pool 0
712.0 1034.0 821.0 1034.0 821.0 1140.0 712.0 1140.0 swimming-pool 0
302.0 674.0 432.0 674.0 432.0 794.0 302.0 794.0 swimming-pool 0
1426.0 1731.0 2113.0 1731.0 2113.0 1867.0 1426.0 1867.0 harbor 0
1165.0 952.0 1744.0 952.0 1744.0 1436.0 1165.0 1436.0 harbor 0
1014.0 735.0 1566.0 735.0 1566.0 1178.0 1014.0 1178.0 harbor 0
820.0 489.0 1372.0 489.0 1372.0 1016.0 820.0 1016.0 harbor 0
617.0 1486.0 663.0 1486.0 663.0 1535.0 617.0 1535.0 small-vehicle 0
616.0 1449.0 655.0 1449.0 655.0 1490.0 616.0 1490.0 small-vehicle 0
796.0 105.0 851.0 105.0 851.0 175.0 796.0 175.0 ship 0
1060.0 317.0 1118.0 317.0 1118.0 372.0 1060.0 372.0 ship 0
1102.0 377.0 1152.0 377.0 1152.0 429.0 1102.0 429.0 ship 0
1042.0 386.0 1073.0 386.0 1073.0 416.0 1042.0 416.0 ship 0
1314.0 527.0 1367.0 527.0 1367.0 581.0 1314.0 581.0 ship 0
897.0 1640.0 938.0 1640.0 938.0 1675.0 897.0 1675.0 small-vehicle 1
719.0 1479.0 737.0 1479.0 737.0 1517.0 719.0 1517.0 small-vehicle 1
656.0 1383.0 695.0 1383.0 695.0 1408.0 656.0 1408.0 small-vehicle 1
646.0 1340.0 688.0 1340.0 688.0 1380.0 646.0 1380.0 small-vehicle 1
719.0 1257.0 756.0 1257.0 756.0 1293.0 719.0 1293.0 small-vehicle 0
164.0 1424.0 200.0 1424.0 200.0 1462.0 164.0 1462.0 small-vehicle 1
1170.0 1682.0 1221.0 1682.0 1221.0 1705.0 1170.0 1705.0 small-vehicle 1
504.0 1673.0 530.0 1673.0 530.0 1701.0 504.0 1701.0 small-vehicle 1
215.0 1122.0 261.0 1122.0 261.0 1164.0 215.0 1164.0 small-vehicle 0
566.0 1210.0 595.0 1210.0 595.0 1257.0 566.0 1257.0 small-vehicle 0
488.0 92.0 864.0 92.0 864.0 573.0 488.0 573.0 harbor 0
