imagesource:GoogleEarth
gsd:0.132952341737
1648.0 1934.0 1661.0 1934.0 1661.0 1967.0 1648.0 1967.0 ship 1
240.0 2683.0 261.0 2683.0 261.0 2730.0 240.0 2730.0 small-vehicle 0
308.0 2618.0 349.0 2618.0 349.0 2644.0 308.0 2644.0 small-vehicle 0
313.0 2597.0 358.0 2597.0 358.0 2628.0 313.0 2628.0 small-vehicle 0
295.0 2496.0 323.0 2496.0 323.0 2541.0 295.0 2541.0 small-vehicle 0
426.0 2347.0 471.0 2347.0 471.0 2367.0 426.0 2367.0 small-vehicle 0
541.0 2253.0 578.0 2253.0 578.0 2272.0 541.0 2272.0 small-vehicle 0
536.0 2224.0 582.0 2224.0 582.0 2253.0 536.0 2253.0 small-vehicle 0
412.0 2018.0 460.0 2018.0 460.0 2056.0 412.0 2056.0 small-vehicle 0
2712.0 2861.0 2912.0 2861.0 2912.0 3209.0 2712.0 3209.0 harbor 0
2777.0 1824.0 3175.0 1824.0 3175.0 2121.0 2777.0 2121.0 harbor 0
2681.0 1714.0 3026.0 1714.0 3026.0 1974.0 2681.0 1974.0 harbor 0
2560.0 1540.0 2935.0 1540.0 2935.0 1844.0 2560.0 1844.0 harbor 0
2459.0 1281.0 2882.0 1281.0 2882.0 1598.0 2459.0 1598.0 harbor 0
1014.0 2210.0 1747.0 2210.0 1747.0 2404.0 1014.0 2404.0 harbor 0
21.0 2947.0 132.0 2947.0 132.0 3040.0 21.0 3040.0 swimming-pool 0
2424.0 1086.0 2833.0 1086.0 2833.0 1403.0 2424.0 1403.0 harbor 0
2132.0 902.0 2655.0 902.0 2655.0 1303.0 2132.0 1303.0 harbor 0
1835.0 1925.0 2007.0 1925.0 2007.0 2139.0 1835.0 2139.0 harbor 0
984.0 702.0 1134.0 702.0 1134.0 874.0 984.0 874.0 harbor 0
484.0 346.0 960.0 346.0 960.0 1022.0 484.0 1022.0 harbor 0
261.0 2686.0 291.0 2686.0 291.0 2725.0 261.0 2725.0 small-vehicle 0
224.0 2696.0 242.0 2696.0 242.0 2735.0 224.0 2735.0 small-vehicle 0
461.0 1.0 537.0 1.0 537.0 62.0 461.0 62.0 ship 1
48.0 2670.0 89.0 2670.0 89.0 2702.0 48.0 2702.0 small-vehicle 0
2523.0 1570.0 2550.0 1570.0 2550.0 1597.0 2523.0 1597.0 ship 1
2527.0 1582.0 2556.0 1582.0 2556.0 1606.0 2527.0 1606.0 ship 1
155.0 1817.0 196.0 1817.0 196.0 1857.0 155.0 1857.0 small-vehicle 1
2815.0 2866.0 2840.0 2866.0 2840.0 2909.0 2815.0 2909.0 ship 0
3051.0 1665.0 3087.0 1665.0 3087.0 1699.0 3051.0 1699.0 ship 0
2936.0 560.0 2991.0 560.0 2991.0 611.0 2936.0 611.0 ship 0
3224.0 949.0 3267.0 949.0 3267.0 989.0 3224.0 989.0 ship 0
3197.0 968.0 3246.0 968.0 3246.0 1009.0 3197.0 1009.0 ship 0
822.0 2298.0 865.0 2298.0 865.0 2320.0 822.0 2320.0 ship 0
37.0 2092.0 60.0 2092.0 60.0 2130.0 37.0 2130.0 small-vehicle 0
3162.0 489.0 3205.0 489.0 3205.0 536.0 3162.0 536.0 small-vehicle 0
3109.0 449.0 3157.0 449.0 3157.0 490.0 3109.0 490.0 small-vehicle 0
2439.0 1314.0 2490.0 1314.0 2490.0 1358.0 2439.0 1358.0 ship 0
2529.0 1587.0 2572.0 1587.0 2572.0 1622.0 2529.0 1622.0 ship 0
2147.0 1195.0 2204.0 1195.0 2204.0 1246.0 2147.0 1246.0 ship 0
1705.0 2243.0 1741.0 2243.0 1741.0 2292.0 1705.0 2292.0 ship 0
1095.0 689.0 1149.0 689.0 1149.0 743.0 1095.0 743.0 ship 0
1107.0 751.0 1156.0 751.0 1156.0 806.0 1107.0 806.0 ship 0
55.0 2692.0 93.0 2692.0 93.0 2721.0 55.0 2721.0 small-vehicle 0
241.0 39.0 523.0 39.0 523.0 326.0 241.0 326.0 harbor 0
