imagesource:GoogleEarth
gsd:0.283136452098
596.0 628.0 619.0 628.0 619.0 645.0 596.0 645.0 small-vehicle 1
596.0 643.0 618.0 643.0 618.0 659.0 596.0 659.0 small-vehicle 1
294.0 903.0 501.0 903.0 501.0 993.0 294.0 993.0 harbor 0
286.0 337.0 299.0 337.0 299.0 355.0 286.0 355.0 ship 0
236.0 537.0 258.0 537.0 258.0 546.0 236.0 546.0 ship 0
241.0 501.0 272.0 501.0 272.0 514.0 241.0 514.0 ship 0
348.0 134.0 384.0 134.0 384.0 156.0 348.0 156.0 ship 0
366.0 1226.0 544.0 1226.0 544.0 1290.0 366.0 1290.0 harbor 0
240.0 721.0 413.0 721.0 413.0 787.0 240.0 787.0 harbor 0
237.0 515.0 344.0 515.0 344.0 543.0 237.0 543.0 harbor 0
241.0 312.0 344.0 312.0 344.0 394.0 241.0 394.0 harbor 0
350.0 115.0 456.0 115.0 456.0 161.0 350.0 161.0 harbor 0
