imagesource:GoogleEarth
gsd:0.540157005604
136.0 1014.0 147.0 1014.0 147.0 1032.0 136.0 1032.0 ship 0
536.0 269.0 589.0 269.0 589.0 350.0 536.0 350.0 harbor 0
547.0 56.0 620.0 56.0 620.0 88.0 547.0 88.0 harbor 0
256.0 172.0 317.0 172.0 317.0 214.0 256.0 214.0 harbor 0
192.0 276.0 292.0 276.0 292.0 326.0 192.0 326.0 harbor 0
214.0 372.0 281.0 372.0 281.0 406.0 214.0 406.0 harbor 0
72.0 391.0 85.0 391.0 85.0 418.0 72.0 418.0 swimming-pool 0
319.0 690.0 391.0 690.0 391.0 726.0 319.0 726.0 harbor 0
374.0 757.0 467.0 757.0 467.0 832.0 374.0 832.0 harbor 0
536.0 855.0 563.0 855.0 563.0 925.0 536.0 925.0 harbor 0
596.0 363.0 685.0 363.0 685.0 410.0 596.0 410.0 harbor 0
117.0 1008.0 126.0 1008.0 126.0 1023.0 117.0 1023.0 ship 1
696.0 448.0 747.0 448.0 747.0 498.0 696.0 498.0 harbor 0
266.0 304.0 293.0 304.0 293.0 321.0 266.0 321.0 ship 0
261.0 384.0 288.0 384.0 288.0 400.0 261.0 400.0 ship 0
559.0 858.0 573.0 858.0 573.0 885.0 559.0 885.0 ship 0
226.0 154.0 239.0 154.0 239.0 161.0 226.0 161.0 small-vehicle 1
90.0 546.0 98.0 546.0 98.0 561.0 90.0 561.0 small-vehicle 1
97.0 542.0 107.0 542.0 107.0 557.0 97.0 557.0 small-vehicle 1
261.0 462.0 278.0 462.0 278.0 474.0 261.0 474.0 ship 0
303.0 123.0 378.0 123.0 378.0 167.0 303.0 167.0 harbor 0
