imagesource:GoogleEarth
gsd:0.556506151857
96.0 1033.0 114.0 1033.0 114.0 1044.0 96.0 1044.0 ship 1
159.0 819.0 178.0 819.0 178.0 832.0 159.0 832.0 ship 0
70.0 663.0 87.0 663.0 87.0 688.0 70.0 688.0 ship 0
151.0 633.0 169.0 633.0 169.0 657.0 151.0 657.0 ship 0
130.0 765.0 139.0 765.0 139.0 779.0 130.0 779.0 ship 1
139.0 760.0 148.0 760.0 148.0 775.0 139.0 775.0 ship 1
145.0 756.0 156.0 756.0 156.0 774.0 145.0 774.0 ship 0
153.0 781.0 173.0 781.0 173.0 791.0 153.0 791.0 ship 0
155.0 790.0 172.0 790.0 172.0 799.0 155.0 799.0 ship 0
155.0 802.0 176.0 802.0 176.0 815.0 155.0 815.0 ship 0
162.0 836.0 178.0 836.0 178.0 846.0 162.0 846.0 ship 1
90.0 1007.0 105.0 1007.0 105.0 1017.0 90.0 1017.0 ship 1
164.0 850.0 180.0 850.0 180.0 860.0 164.0 860.0 ship 0
164.0 858.0 183.0 858.0 183.0 867.0 164.0 867.0 ship 0
167.0 865.0 179.0 865.0 179.0 872.0 167.0 872.0 ship 1
20.0 826.0 42.0 826.0 42.0 839.0 20.0 839.0 ship 0
17.0 816.0 41.0 816.0 41.0 831.0 17.0 831.0 ship 0
95.0 811.0 113.0 811.0 113.0 825.0 95.0 825.0 ship 0
144.0 815.0 155.0 815.0 155.0 830.0 144.0 830.0 small-vehicle 1
151.0 875.0 160.0 875.0 160.0 890.0 151.0 890.0 small-vehicle 1
182.0 620.0 200.0 620.0 200.0 643.0 182.0 643.0 ship 0
143.0 636.0 160.0 636.0 160.0 660.0 143.0 660.0 ship 0
136.0 668.0 151.0 668.0 151.0 687.0 136.0 687.0 ship 0
59.0 667.0 79.0 667.0 79.0 692.0 59.0 692.0 ship 0
172.0 245.0 205.0 245.0 205.0 310.0 172.0 310.0 harbor 0
244.0 232.0 287.0 232.0 287.0 324.0 244.0 324.0 harbor 0
308.0 250.0 351.0 250.0 351.0 343.0 308.0 343.0 harbor 0
398.0 339.0 441.0 339.0 441.0 419.0 398.0 419.0 harbor 0
563.0 291.0 589.0 291.0 589.0 411.0 563.0 411.0 harbor 0
325.0 741.0 374.0 741.0 374.0 887.0 325.0 887.0 harbor 0
248.0 815.0 290.0 815.0 290.0 945.0 248.0 945.0 harbor 0
210.0 831.0 252.0 831.0 252.0 920.0 210.0 920.0 harbor 0
25.0 612.0 228.0 612.0 228.0 734.0 25.0 734.0 harbor 0
188.0 270.0 205.0 270.0 205.0 294.0 188.0 294.0 ship 0
211.0 617.0 241.0 617.0 241.0 658.0 211.0 658.0 ship 0
84.0 652.0 106.0 652.0 106.0 685.0 84.0 685.0 ship 0
29.0 680.0 62.0 680.0 62.0 703.0 29.0 703.0 ship 0
38.0 690.0 69.0 690.0 69.0 712.0 38.0 712.0 ship 0
43.0 703.0 72.0 703.0 72.0 723.0 43.0 723.0 ship 0
83.0 710.0 105.0 710.0 105.0 726.0 83.0 726.0 ship 0
75.0 766.0 101.0 766.0 101.0 786.0 75.0 786.0 ship 0
138.0 883.0 151.0 883.0 151.0 900.0 138.0 900.0 small-vehicle 1
133.0 896.0 146.0 896.0 146.0 913.0 133.0 913.0 small-vehicle 1
121.0 809.0 130.0 809.0 130.0 825.0 121.0 825.0 small-vehicle 1
119.0 966.0 135.0 966.0 135.0 980.0 119.0 980.0 ship 0
249.0 837.0 258.0 837.0 258.0 849.0 249.0 849.0 ship 1
123.0 972.0 138.0 972.0 138.0 987.0 123.0 987.0 ship 0
139.0 1039.0 156.0 1039.0 156.0 1049.0 139.0 1049.0 ship 0
140.0 1047.0 158.0 1047.0 158.0 1059.0 140.0 1059.0 ship 0
93.0 1028.0 112.0 1028.0 112.0 1038.0 93.0 1038.0 ship 0
91.0 1017.0 109.0 1017.0 109.0 1026.0 91.0 1026.0 ship 0
92.0 1020.0 109.0 1020.0 109.0 1031.0 92.0 1031.0 ship 0
211.0 1035.0 230.0 1035.0 230.0 1049.0 211.0 1049.0 swimming-pool 0
163.0 633.0 175.0 633.0 175.0 649.0 163.0 649.0 ship 1
193.0 618.0 206.0 618.0 206.0 636.0 193.0 636.0 ship 0
121.0 675.0 134.0 675.0 134.0 692.0 121.0 692.0 ship 0
154.0 662.0 166.0 662.0 166.0 677.0 154.0 677.0 ship 1
146.0 666.0 161.0 666.0 161.0 684.0 146.0 684.0 ship 0
99.0 657.0 116.0 657.0 116.0 677.0 99.0 677.0 ship 0
71.0 694.0 87.0 694.0 87.0 716.0 71.0 716.0 ship 0
84.0 690.0 98.0 690.0 98.0 710.0 84.0 710.0 ship 0
531.0 982.0 542.0 982.0 542.0 997.0 531.0 997.0 small-vehicle 1
87.0 1001.0 103.0 1001.0 103.0 1011.0 87.0 1011.0 ship 0
116.0 954.0 131.0 954.0 131.0 969.0 116.0 969.0 ship 0
124.0 821.0 134.0 821.0 134.0 835.0 124.0 835.0 small-vehicle 1
114.0 947.0 131.0 947.0 131.0 960.0 114.0 960.0 ship 1
134.0 817.0 144.0 817.0 144.0 831.0 134.0 831.0 small-vehicle 1
132.0 805.0 138.0 805.0 138.0 818.0 132.0 818.0 small-vehicle 1
138.0 803.0 145.0 803.0 145.0 817.0 138.0 817.0 small-vehicle 1
105.0 852.0 118.0 852.0 118.0 868.0 105.0 868.0 small-vehicle 1
108.0 867.0 123.0 867.0 123.0 883.0 108.0 883.0 small-vehicle 1
112.0 879.0 127.0 879.0 127.0 896.0 112.0 896.0 small-vehicle 1
112.0 892.0 128.0 892.0 128.0 907.0 112.0 907.0 small-vehicle 1
118.0 909.0 133.0 909.0 133.0 924.0 118.0 924.0 small-vehicle 1
123.0 924.0 138.0 924.0 138.0 942.0 123.0 942.0 small-vehicle 0
324.0 735.0 344.0 735.0 344.0 747.0 324.0 747.0 ship 0
74.0 955.0 94.0 955.0 94.0 965.0 74.0 965.0 ship 0
76.0 963.0 92.0 963.0 92.0 973.0 76.0 973.0 ship 0
79.0 974.0 95.0 974.0 95.0 984.0 79.0 984.0 ship 1
82.0 980.0 99.0 980.0 99.0 989.0 82.0 989.0 ship 0
84.0 986.0 99.0 986.0 99.0 994.0 84.0 994.0 ship 1
84.0 989.0 103.0 989.0 103.0 1000.0 84.0 1000.0 ship 0
86.0 997.0 101.0 997.0 101.0 1005.0 86.0 1005.0 ship 1
120.0 216.0 133.0 216.0 133.0 271.0 120.0 271.0 harbor 0
