imagesource:GoogleEarth
gsd:0.55654072451
83.0 835.0 94.0 835.0 94.0 841.0 83.0 841.0 small-vehicle 1
212.0 476.0 226.0 476.0 226.0 488.0 212.0 488.0 small-vehicle 1
269.0 525.0 296.0 525.0 296.0 552.0 269.0 552.0 swimming-pool 0
182.0 655.0 204.0 655.0 204.0 682.0 182.0 682.0 swimming-pool 0
540.0 292.0 569.0 292.0 569.0 318.0 540.0 318.0 harbor 0
424.0 438.0 540.0 438.0 540.0 490.0 424.0 490.0 harbor 0
376.0 579.0 541.0 579.0 541.0 643.0 376.0 643.0 harbor 0
258.0 797.0 467.0 797.0 467.0 853.0 258.0 853.0 harbor 0
221.0 888.0 437.0 888.0 437.0 931.0 221.0 931.0 harbor 0
501.0 593.0 521.0 593.0 521.0 605.0 501.0 605.0 ship 0
292.0 397.0 302.0 397.0 302.0 414.0 292.0 414.0 ship 0
250.0 387.0 261.0 387.0 261.0 403.0 250.0 403.0 ship 0
436.0 813.0 462.0 813.0 462.0 824.0 436.0 824.0 ship 0
414.0 880.0 438.0 880.0 438.0 893.0 414.0 893.0 ship 0
299.0 381.0 310.0 381.0 310.0 396.0 299.0 396.0 small-vehicle 1
260.0 389.0 269.0 389.0 269.0 401.0 260.0 401.0 ship 1
480.0 130.0 520.0 130.0 520.0 144.0 480.0 144.0 harbor 0
369.0 76.0 393.0 76.0 393.0 88.0 369.0 88.0 swimming-pool 0
