imagesource:GoogleEarth
gsd:0.123958136391
2694.0 1841.0 2731.0 1841.0 2731.0 1880.0 2694.0 1880.0 small-vehicle 1
2673.0 1822.0 2707.0 1822.0 2707.0 1858.0 2673.0 1858.0 small-vehicle 1
396.0 911.0 442.0 911.0 442.0 955.0 396.0 955.0 small-vehicle 0
178.0 1028.0 223.0 1028.0 223.0 1077.0 178.0 1077.0 small-vehicle 0
0.0 845.0 44.0 845.0 44.0 889.0 0.0 889.0 small-vehicle 0
204.0 583.0 250.0 583.0 250.0 607.0 204.0 607.0 small-vehicle 0
479.0 414.0 522.0 414.0 522.0 451.0 479.0 451.0 small-vehicle 0
499.0 397.0 540.0 397.0 540.0 438.0 499.0 438.0 small-vehicle 0
1059.0 171.0 1104.0 171.0 1104.0 203.0 1059.0 203.0 small-vehicle 0
849.0 46.0 872.0 46.0 872.0 85.0 849.0 85.0 small-vehicle 0
2361.0 1735.0 2425.0 1735.0 2425.0 1838.0 2361.0 1838.0 swimming-pool 0
643.0 1265.0 714.0 1265.0 714.0 1336.0 643.0 1336.0 swimming-pool 0
1596.0 1575.0 1707.0 1575.0 1707.0 1691.0 1596.0 1691.0 swimming-pool 0
1809.0 1403.0 1923.0 1403.0 1923.0 1502.0 1809.0 1502.0 swimming-pool 0
2170.0 888.0 2284.0 888.0 2284.0 996.0 2170.0 996.0 swimming-pool 0
2344.0 695.0 2420.0 695.0 2420.0 795.0 2344.0 795.0 swimming-pool 0
1959.0 129.0 2048.0 129.0 2048.0 184.0 1959.0 184.0 swimming-pool 0
906.0 576.0 998.0 576.0 998.0 668.0 906.0 668.0 swimming-pool 0
1284.0 736.0 1403.0 736.0 1403.0 808.0 1284.0 808.0 swimming-pool 0
1291.0 1718.0 1386.0 1718.0 1386.0 1812.0 1291.0 1812.0 swimming-pool 0
377.0 1149.0 465.0 1149.0 465.0 1241.0 377.0 1241.0 swimming-pool 0
238.0 1105.0 274.0 1105.0 274.0 1147.0 238.0 1147.0 small-vehicle 0
219.0 1092.0 253.0 1092.0 253.0 1136.0 219.0 1136.0 small-vehicle 0
1.0 1570.0 63.0 1570.0 63.0 1634.0 1.0 1634.0 swimming-pool 0
1087.0 1401.0 1132.0 1401.0 1132.0 1441.0 1087.0 1441.0 small-vehicle 1
550.0 726.0 593.0 726.0 593.0 774.0 550.0 774.0 small-vehicle 1
566.0 706.0 603.0 706.0 603.0 749.0 566.0 749.0 small-vehicle 1
524.0 588.0 564.0 588.0 564.0 628.0 524.0 628.0 small-vehicle 1
1884.0 633.0 1941.0 633.0 1941.0 691.0 1884.0 691.0 small-vehicle 0
1991.0 432.0 2031.0 432.0 2031.0 480.0 1991.0 480.0 small-vehicle 0
1048.0 1796.0 1099.0 1796.0 1099.0 1849.0 1048.0 1849.0 small-vehicle 1
1579.0 1280.0 1623.0 1280.0 1623.0 1322.0 1579.0 1322.0 small-vehicle 0
1541.0 1232.0 1583.0 1232.0 1583.0 1289.0 1541.0 1289.0 small-vehicle 0
1468.0 1360.0 1513.0 1360.0 1513.0 1405.0 1468.0 1405.0 small-vehicle 0
953.0 1569.0 1004.0 1569.0 1004.0 1616.0 953.0 1616.0 small-vehicle 0
1739.0 720.0 1784.0 720.0 1784.0 763.0 1739.0 763.0 small-vehicle 0
1557.0 1108.0 1595.0 1108.0 1595.0 1148.0 1557.0 1148.0 small-vehicle 0
1648.0 912.0 1692.0 912.0 1692.0 957.0 1648.0 957.0 small-vehicle 0
1481.0 920.0 1528.0 920.0 1528.0 962.0 1481.0 962.0 small-vehicle 0
1334.0 1109.0 1383.0 1109.0 1383.0 1154.0 1334.0 1154.0 small-vehicle 0
1217.0 1295.0 1266.0 1295.0 1266.0 1339.0 1217.0 1339.0 small-vehicle 0
1175.0 1271.0 1220.0 1271.0 1220.0 1312.0 1175.0 1312.0 small-vehicle 0
1124.0 1433.0 1169.0 1433.0 1169.0 1476.0 1124.0 1476.0 small-vehicle 0
142.0 324.0 222.0 324.0 222.0 437.0 142.0 437.0 swimming-pool 0
