imagesource:GoogleEarth
gsd:0.236251543749
12.0 496.0 31.0 496.0 31.0 519.0 12.0 519.0 small-vehicle 1
1038.0 357.0 1061.0 357.0 1061.0 382.0 1038.0 382.0 small-vehicle 0
927.0 77.0 950.0 77.0 950.0 101.0 927.0 101.0 small-vehicle 0
862.0 152.0 887.0 152.0 887.0 175.0 862.0 175.0 small-vehicle 0
454.0 14.0 477.0 14.0 477.0 31.0 454.0 31.0 small-vehicle 0
405.0 177.0 429.0 177.0 429.0 204.0 405.0 204.0 small-vehicle 0
194.0 350.0 216.0 350.0 216.0 371.0 194.0 371.0 small-vehicle 0
177.0 332.0 200.0 332.0 200.0 345.0 177.0 345.0 small-vehicle 0
179.0 322.0 200.0 322.0 200.0 333.0 179.0 333.0 small-vehicle 0
326.0 216.0 345.0 216.0 345.0 243.0 326.0 243.0 small-vehicle 0
315.0 208.0 336.0 208.0 336.0 235.0 315.0 235.0 small-vehicle 0
307.0 199.0 327.0 199.0 327.0 225.0 307.0 225.0 small-vehicle 0
298.0 192.0 316.0 192.0 316.0 215.0 298.0 215.0 small-vehicle 0
220.0 183.0 240.0 183.0 240.0 205.0 220.0 205.0 small-vehicle 0
231.0 175.0 252.0 175.0 252.0 198.0 231.0 198.0 small-vehicle 0
247.0 149.0 269.0 149.0 269.0 172.0 247.0 172.0 small-vehicle 0
294.0 90.0 315.0 90.0 315.0 112.0 294.0 112.0 small-vehicle 0
312.0 78.0 336.0 78.0 336.0 100.0 312.0 100.0 small-vehicle 0
330.0 8.0 351.0 8.0 351.0 29.0 330.0 29.0 small-vehicle 0
115.0 1.0 139.0 1.0 139.0 25.0 115.0 25.0 small-vehicle 0
132.0 18.0 154.0 18.0 154.0 42.0 132.0 42.0 small-vehicle 0
103.0 42.0 123.0 42.0 123.0 65.0 103.0 65.0 small-vehicle 0
79.0 56.0 99.0 56.0 99.0 80.0 79.0 80.0 small-vehicle 0
836.0 477.0 1007.0 477.0 1007.0 649.0 836.0 649.0 baseball-diamond 0
231.0 528.0 391.0 528.0 391.0 684.0 231.0 684.0 baseball-diamond 0
412.0 696.0 600.0 696.0 600.0 881.0 412.0 881.0 baseball-diamond 0
654.0 251.0 717.0 251.0 717.0 359.0 654.0 359.0 tennis-court 0
592.0 258.0 655.0 258.0 655.0 368.0 592.0 368.0 tennis-court 0
530.0 269.0 594.0 269.0 594.0 379.0 530.0 379.0 tennis-court 0
901.0 4.0 923.0 4.0 923.0 26.0 901.0 26.0 small-vehicle 0
1087.0 418.0 1110.0 418.0 1110.0 443.0 1087.0 443.0 small-vehicle 0
52.0 562.0 76.0 562.0 76.0 590.0 52.0 590.0 small-vehicle 1
1068.0 438.0 1091.0 438.0 1091.0 459.0 1068.0 459.0 small-vehicle 0
967.0 138.0 989.0 138.0 989.0 160.0 967.0 160.0 small-vehicle 1
1001.0 905.0 1023.0 905.0 1023.0 929.0 1001.0 929.0 small-vehicle 1
903.0 211.0 931.0 211.0 931.0 239.0 903.0 239.0 ship 0
940.0 247.0 962.0 247.0 962.0 273.0 940.0 273.0 small-vehicle 1
878.0 17.0 904.0 17.0 904.0 42.0 878.0 42.0 small-vehicle 1
810.0 779.0 834.0 779.0 834.0 804.0 810.0 804.0 small-vehicle 0
947.0 722.0 970.0 722.0 970.0 737.0 947.0 737.0 small-vehicle 0
1066.0 770.0 1093.0 770.0 1093.0 796.0 1066.0 796.0 small-vehicle 0
1076.0 728.0 1102.0 728.0 1102.0 754.0 1076.0 754.0 small-vehicle 0
668.0 909.0 692.0 909.0 692.0 934.0 668.0 934.0 small-vehicle 0
679.0 901.0 702.0 901.0 702.0 924.0 679.0 924.0 small-vehicle 0
707.0 877.0 729.0 877.0 729.0 900.0 707.0 900.0 small-vehicle 0
715.0 868.0 737.0 868.0 737.0 893.0 715.0 893.0 small-vehicle 0
723.0 862.0 744.0 862.0 744.0 883.0 723.0 883.0 small-vehicle 0
731.0 852.0 753.0 852.0 753.0 874.0 731.0 874.0 small-vehicle 0
826.0 764.0 847.0 764.0 847.0 787.0 826.0 787.0 small-vehicle 0
835.0 756.0 856.0 756.0 856.0 781.0 835.0 781.0 small-vehicle 0
869.0 725.0 892.0 725.0 892.0 751.0 869.0 751.0 small-vehicle 0
883.0 711.0 907.0 711.0 907.0 736.0 883.0 736.0 small-vehicle 0
894.0 702.0 919.0 702.0 919.0 730.0 894.0 730.0 small-vehicle 0
920.0 685.0 941.0 685.0 941.0 710.0 920.0 710.0 small-vehicle 0
941.0 663.0 966.0 663.0 966.0 687.0 941.0 687.0 small-vehicle 0
961.0 647.0 983.0 647.0 983.0 668.0 961.0 668.0 small-vehicle 0
973.0 640.0 992.0 640.0 992.0 660.0 973.0 660.0 small-vehicle 0
983.0 631.0 1003.0 631.0 1003.0 654.0 983.0 654.0 small-vehicle 0
990.0 624.0 1010.0 624.0 1010.0 643.0 990.0 643.0 small-vehicle 0
999.0 613.0 1021.0 613.0 1021.0 637.0 999.0 637.0 small-vehicle 0
469.0 278.0 531.0 278.0 531.0 387.0 469.0 387.0 tennis-court 0
