imagesource:GoogleEarth
gsd:0.120055090095
99.0 65.0 146.0 65.0 146.0 101.0 99.0 101.0 small-vehicle 1
2.0 302.0 44.0 302.0 44.0 339.0 2.0 339.0 small-vehicle 0
836.0 969.0 880.0 969.0 880.0 1004.0 836.0 1004.0 small-vehicle 0
729.0 1084.0 768.0 1084.0 768.0 1115.0 729.0 1115.0 small-vehicle 0
70.0 626.0 117.0 626.0 117.0 661.0 70.0 661.0 small-vehicle 0
29.0 606.0 72.0 606.0 72.0 640.0 29.0 640.0 small-vehicle 0
45.0 564.0 95.0 564.0 95.0 601.0 45.0 601.0 small-vehicle 0
169.0 469.0 209.0 469.0 209.0 501.0 169.0 501.0 small-vehicle 0
29.0 507.0 61.0 507.0 61.0 549.0 29.0 549.0 small-vehicle 0
210.0 338.0 257.0 338.0 257.0 379.0 210.0 379.0 small-vehicle 0
1165.0 826.0 1202.0 826.0 1202.0 866.0 1165.0 866.0 small-vehicle 0
258.0 339.0 304.0 339.0 304.0 374.0 258.0 374.0 small-vehicle 0
345.0 24.0 388.0 24.0 388.0 58.0 345.0 58.0 small-vehicle 0
356.0 61.0 399.0 61.0 399.0 92.0 356.0 92.0 small-vehicle 0
46.0 194.0 89.0 194.0 89.0 226.0 46.0 226.0 small-vehicle 0
206.0 41.0 249.0 41.0 249.0 95.0 206.0 95.0 small-vehicle 0
1021.0 221.0 1080.0 221.0 1080.0 279.0 1021.0 279.0 swimming-pool 0
1066.0 49.0 1184.0 49.0 1184.0 153.0 1066.0 153.0 swimming-pool 0
1087.0 1035.0 1146.0 1035.0 1146.0 1079.0 1087.0 1079.0 small-vehicle 0
945.0 644.0 986.0 644.0 986.0 678.0 945.0 678.0 small-vehicle 0
629.0 981.0 682.0 981.0 682.0 1038.0 629.0 1038.0 swimming-pool 0
453.0 222.0 510.0 222.0 510.0 279.0 453.0 279.0 storage-tank 0
277.0 657.0 319.0 657.0 319.0 700.0 277.0 700.0 storage-tank 0
210.0 726.0 264.0 726.0 264.0 779.0 210.0 779.0 storage-tank 0
259.0 577.0 313.0 577.0 313.0 626.0 259.0 626.0 storage-tank 0
339.0 523.0 393.0 523.0 393.0 579.0 339.0 579.0 storage-tank 0
333.0 429.0 396.0 429.0 396.0 483.0 333.0 483.0 storage-tank 0
373.0 357.0 439.0 357.0 439.0 419.0 373.0 419.0 storage-tank 0
394.0 278.0 459.0 278.0 459.0 339.0 394.0 339.0 storage-tank 0
455.0 147.0 493.0 147.0 493.0 191.0 455.0 191.0 storage-tank 0
1129.0 377.0 1169.0 377.0 1169.0 411.0 1129.0 411.0 small-vehicle 0
496.0 156.0 548.0 156.0 548.0 210.0 496.0 210.0 storage-tank 0
527.0 79.0 584.0 79.0 584.0 133.0 527.0 133.0 storage-tank 0
1078.0 356.0 1126.0 356.0 1126.0 393.0 1078.0 393.0 ship 0
310.0 214.0 354.0 214.0 354.0 248.0 310.0 248.0 small-vehicle 0
1214.0 223.0 1255.0 223.0 1255.0 259.0 1214.0 259.0 small-vehicle 0
1158.0 222.0 1210.0 222.0 1210.0 261.0 1158.0 261.0 small-vehicle 0
1169.0 398.0 1213.0 398.0 1213.0 433.0 1169.0 433.0 small-vehicle 0
870.0 479.0 982.0 479.0 982.0 571.0 870.0 571.0 swimming-pool 0
