imagesource:GoogleEarth
gsd:0.2511791379
637.0 132.0 658.0 132.0 658.0 146.0 637.0 146.0 small-vehicle 0
661.0 136.0 685.0 136.0 685.0 149.0 661.0 149.0 small-vehicle 0
660.0 124.0 682.0 124.0 682.0 134.0 660.0 134.0 small-vehicle 0
659.0 109.0 681.0 109.0 681.0 122.0 659.0 122.0 small-vehicle 0
1007.0 302.0 1051.0 302.0 1051.0 390.0 1007.0 390.0 harbor 0
1292.0 257.0 1347.0 257.0 1347.0 368.0 1292.0 368.0 harbor 0
753.0 388.0 812.0 388.0 812.0 532.0 753.0 532.0 harbor 0
559.0 500.0 593.0 500.0 593.0 625.0 559.0 625.0 harbor 0
302.0 650.0 368.0 650.0 368.0 761.0 302.0 761.0 harbor 0
