imagesource:GoogleEarth
gsd:0.257817477585
779.0 145.0 804.0 145.0 804.0 159.0 779.0 159.0 small-vehicle 1
990.0 187.0 1021.0 187.0 1021.0 214.0 990.0 214.0 ship 0
559.0 259.0 667.0 259.0 667.0 380.0 559.0 380.0 harbor 0
255.0 555.0 299.0 555.0 299.0 635.0 255.0 635.0 harbor 0
150.0 806.0 191.0 806.0 191.0 878.0 150.0 878.0 harbor 0
197.0 839.0 243.0 839.0 243.0 903.0 197.0 903.0 harbor 0
313.0 888.0 335.0 888.0 335.0 946.0 313.0 946.0 harbor 0
451.0 882.0 467.0 882.0 467.0 930.0 451.0 930.0 harbor 0
772.0 718.0 802.0 718.0 802.0 830.0 772.0 830.0 harbor 0
839.0 712.0 878.0 712.0 878.0 836.0 839.0 836.0 harbor 0
950.0 706.0 977.0 706.0 977.0 832.0 950.0 832.0 harbor 0
1028.0 781.0 1039.0 781.0 1039.0 866.0 1028.0 866.0 harbor 0
1113.0 536.0 1180.0 536.0 1180.0 672.0 1113.0 672.0 harbor 0
512.0 302.0 548.0 302.0 548.0 319.0 512.0 319.0 ship 0
139.0 211.0 161.0 211.0 161.0 230.0 139.0 230.0 small-vehicle 0
767.0 114.0 789.0 114.0 789.0 131.0 767.0 131.0 small-vehicle 0
1001.0 180.0 1025.0 180.0 1025.0 203.0 1001.0 203.0 ship 0
969.0 198.0 1031.0 198.0 1031.0 250.0 969.0 250.0 harbor 0
