imagesource:GoogleEarth
gsd:0.126952632538
1555.0 32.0 1602.0 32.0 1602.0 63.0 1555.0 63.0 small-vehicle 0
1323.0 59.0 1356.0 59.0 1356.0 102.0 1323.0 102.0 small-vehicle 0
194.0 905.0 239.0 905.0 239.0 947.0 194.0 947.0 ship 0
36.0 187.0 70.0 187.0 70.0 229.0 36.0 229.0 small-vehicle 0
1395.0 761.0 1461.0 761.0 1461.0 809.0 1395.0 809.0 ship 0
610.0 592.0 666.0 592.0 666.0 639.0 610.0 639.0 ship 0
732.0 357.0 781.0 357.0 781.0 400.0 732.0 400.0 ship 0
1067.0 371.0 1200.0 371.0 1200.0 502.0 1067.0 502.0 harbor 0
1425.0 655.0 1514.0 655.0 1514.0 787.0 1425.0 787.0 harbor 0
94.0 859.0 217.0 859.0 217.0 969.0 94.0 969.0 harbor 0
420.0 433.0 681.0 433.0 681.0 639.0 420.0 639.0 harbor 0
552.0 268.0 775.0 268.0 775.0 420.0 552.0 420.0 harbor 0
