imagesource:GoogleEarth
gsd:0.130541229404
519.0 151.0 547.0 151.0 547.0 182.0 519.0 182.0 ship 0
667.0 606.0 694.0 606.0 694.0 649.0 667.0 649.0 ship 0
529.0 344.0 570.0 344.0 570.0 381.0 529.0 381.0 ship 0
524.0 370.0 595.0 370.0 595.0 426.0 524.0 426.0 ship 0
68.0 182.0 106.0 182.0 106.0 249.0 68.0 249.0 ship 0
628.0 515.0 788.0 515.0 788.0 656.0 628.0 656.0 harbor 0
501.0 312.0 701.0 312.0 701.0 476.0 501.0 476.0 harbor 0
377.0 182.0 541.0 182.0 541.0 363.0 377.0 363.0 harbor 0
95.0 87.0 189.0 87.0 189.0 258.0 95.0 258.0 harbor 0
