imagesource:GoogleEarth
gsd:0.134821623985
588.0 361.0 620.0 361.0 620.0 386.0 588.0 386.0 ship 0
144.0 86.0 186.0 86.0 186.0 107.0 144.0 107.0 ship 0
4.0 54.0 39.0 54.0 39.0 83.0 4.0 83.0 ship 0
155.0 699.0 192.0 699.0 192.0 724.0 155.0 724.0 ship 0
189.0 712.0 242.0 712.0 242.0 745.0 189.0 745.0 ship 0
493.0 486.0 549.0 486.0 549.0 522.0 493.0 522.0 ship 0
153.0 645.0 264.0 645.0 264.0 726.0 153.0 726.0 harbor 0
502.0 499.0 584.0 499.0 584.0 561.0 502.0 561.0 harbor 0
499.0 344.0 580.0 344.0 580.0 380.0 499.0 380.0 harbor 0
369.0 166.0 467.0 166.0 467.0 267.0 369.0 267.0 harbor 0
85.0 16.0 199.0 16.0 199.0 86.0 85.0 86.0 harbor 0
