imagesource:GoogleEarth
gsd:0.280969820486
749.0 1447.0 761.0 1447.0 761.0 1471.0 749.0 1471.0 ship 0
161.0 1426.0 271.0 1426.0 271.0 1514.0 161.0 1514.0 harbor 0
529.0 526.0 670.0 526.0 670.0 555.0 529.0 555.0 harbor 0
547.0 666.0 698.0 666.0 698.0 699.0 547.0 699.0 harbor 0
508.0 866.0 725.0 866.0 725.0 943.0 508.0 943.0 harbor 0
437.0 1109.0 561.0 1109.0 561.0 1218.0 437.0 1218.0 harbor 0
346.0 1267.0 432.0 1267.0 432.0 1355.0 346.0 1355.0 harbor 0
252.0 1352.0 366.0 1352.0 366.0 1434.0 252.0 1434.0 harbor 0
64.0 1530.0 118.0 1530.0 118.0 1585.0 64.0 1585.0 harbor 1
723.0 1501.0 734.0 1501.0 734.0 1524.0 723.0 1524.0 ship 0
535.0 545.0 564.0 545.0 564.0 558.0 535.0 558.0 ship 0
573.0 905.0 599.0 905.0 599.0 923.0 573.0 923.0 ship 0
716.0 1121.0 742.0 1121.0 742.0 1147.0 716.0 1147.0 ship 0
51.0 1539.0 77.0 1539.0 77.0 1572.0 51.0 1572.0 ship 0
661.0 1190.0 676.0 1190.0 676.0 1218.0 661.0 1218.0 small-vehicle 0
664.0 1165.0 687.0 1165.0 687.0 1192.0 664.0 1192.0 small-vehicle 0
482.0 179.0 616.0 179.0 616.0 256.0 482.0 256.0 harbor 0
