imagesource:GoogleEarth
gsd:0.250854142373
983.0 436.0 1005.0 436.0 1005.0 461.0 983.0 461.0 ship 0
606.0 759.0 626.0 759.0 626.0 781.0 606.0 781.0 small-vehicle 0
1.0 748.0 27.0 748.0 27.0 771.0 1.0 771.0 small-vehicle 0
310.0 559.0 331.0 559.0 331.0 587.0 310.0 587.0 ship 1
228.0 472.0 252.0 472.0 252.0 500.0 228.0 500.0 small-vehicle 0
471.0 536.0 495.0 536.0 495.0 562.0 471.0 562.0 ship 0
478.0 540.0 507.0 540.0 507.0 572.0 478.0 572.0 ship 0
356.0 478.0 379.0 478.0 379.0 508.0 356.0 508.0 ship 0
908.0 532.0 1136.0 532.0 1136.0 773.0 908.0 773.0 harbor 0
843.0 381.0 1017.0 381.0 1017.0 612.0 843.0 612.0 harbor 0
624.0 200.0 788.0 200.0 788.0 420.0 624.0 420.0 harbor 0
369.0 136.0 452.0 136.0 452.0 262.0 369.0 262.0 harbor 0
249.0 36.0 392.0 36.0 392.0 232.0 249.0 232.0 harbor 0
150.0 2.0 294.0 2.0 294.0 175.0 150.0 175.0 harbor 0
