imagesource:GoogleEarth
gsd:0.257723180262
542.0 74.0 632.0 74.0 632.0 144.0 542.0 144.0 swimming-pool 0
765.0 585.0 786.0 585.0 786.0 609.0 765.0 609.0 ship 1
702.0 127.0 714.0 127.0 714.0 149.0 702.0 149.0 small-vehicle 0
563.0 476.0 586.0 476.0 586.0 514.0 563.0 514.0 ship 0
1023.0 833.0 1227.0 833.0 1227.0 1101.0 1023.0 1101.0 harbor 0
686.0 477.0 853.0 477.0 853.0 689.0 686.0 689.0 harbor 0
550.0 368.0 629.0 368.0 629.0 492.0 550.0 492.0 harbor 0
180.0 242.0 273.0 242.0 273.0 407.0 180.0 407.0 harbor 0
265.0 132.0 314.0 132.0 314.0 171.0 265.0 171.0 swimming-pool 0
