imagesource:GoogleEarth
gsd:0.128643404773
301.0 287.0 326.0 287.0 326.0 314.0 301.0 314.0 ship 0
138.0 121.0 192.0 121.0 192.0 181.0 138.0 181.0 ship 0
534.0 272.0 577.0 272.0 577.0 321.0 534.0 321.0 ship 0
392.0 1085.0 436.0 1085.0 436.0 1141.0 392.0 1141.0 ship 0
1085.0 832.0 1290.0 832.0 1290.0 1077.0 1085.0 1077.0 harbor 0
884.0 617.0 1119.0 617.0 1119.0 914.0 884.0 914.0 harbor 0
728.0 510.0 967.0 510.0 967.0 828.0 728.0 828.0 harbor 0
590.0 339.0 817.0 339.0 817.0 645.0 590.0 645.0 harbor 0
380.0 278.0 612.0 278.0 612.0 603.0 380.0 603.0 harbor 0
299.0 229.0 498.0 229.0 498.0 510.0 299.0 510.0 harbor 0
146.0 242.0 331.0 242.0 331.0 459.0 146.0 459.0 harbor 0
12.0 77.0 190.0 77.0 190.0 291.0 12.0 291.0 harbor 0
