imagesource:GoogleEarth
gsd:0.12887837903
1773.0 1345.0 1818.0 1345.0 1818.0 1364.0 1773.0 1364.0 small-vehicle 1
983.0 474.0 1037.0 474.0 1037.0 511.0 983.0 511.0 ship 0
124.0 1128.0 316.0 1128.0 316.0 1450.0 124.0 1450.0 harbor 0
337.0 1163.0 460.0 1163.0 460.0 1416.0 337.0 1416.0 harbor 0
497.0 789.0 700.0 789.0 700.0 1279.0 497.0 1279.0 harbor 0
708.0 815.0 875.0 815.0 875.0 1204.0 708.0 1204.0 harbor 0
878.0 752.0 1039.0 752.0 1039.0 1128.0 878.0 1128.0 harbor 0
824.0 279.0 1193.0 279.0 1193.0 1052.0 824.0 1052.0 harbor 0
1330.0 785.0 1445.0 785.0 1445.0 1052.0 1330.0 1052.0 harbor 0
1609.0 719.0 1673.0 719.0 1673.0 1050.0 1609.0 1050.0 harbor 0
1843.0 787.0 1901.0 787.0 1901.0 1046.0 1843.0 1046.0 harbor 0
1914.0 906.0 1958.0 906.0 1958.0 1033.0 1914.0 1033.0 harbor 0
891.0 313.0 938.0 313.0 938.0 391.0 891.0 391.0 ship 0
1582.0 723.0 1612.0 723.0 1612.0 786.0 1582.0 786.0 ship 0
374.0 1155.0 412.0 1155.0 412.0 1206.0 374.0 1206.0 ship 0
1641.0 1464.0 1672.0 1464.0 1672.0 1518.0 1641.0 1518.0 ship 0
1454.0 1599.0 1482.0 1599.0 1482.0 1644.0 1454.0 1644.0 ship 0
556.0 792.0 593.0 792.0 593.0 848.0 556.0 848.0 ship 0
1674.0 1466.0 1690.0 1466.0 1690.0 1494.0 1674.0 1494.0 ship 0
1664.0 1473.0 1680.0 1473.0 1680.0 1502.0 1664.0 1502.0 ship 0
227.0 1197.0 247.0 1197.0 247.0 1227.0 227.0 1227.0 ship 0
1034.0 811.0 1062.0 811.0 1062.0 852.0 1034.0 852.0 ship 0
1060.0 785.0 1112.0 785.0 1112.0 822.0 1060.0 822.0 ship 0
0.0 1239.0 93.0 1239.0 93.0 1527.0 0.0 1527.0 harbor 1
