imagesource:GoogleEarth
gsd:0.250071414168
686.0 61.0 699.0 61.0 699.0 90.0 686.0 90.0 ship 1
279.0 66.0 286.0 66.0 286.0 87.0 279.0 87.0 small-vehicle 1
1142.0 424.0 1158.0 424.0 1158.0 448.0 1142.0 448.0 small-vehicle 1
672.0 64.0 686.0 64.0 686.0 86.0 672.0 86.0 small-vehicle 0
1298.0 752.0 1417.0 752.0 1417.0 873.0 1298.0 873.0 harbor 0
1196.0 678.0 1269.0 678.0 1269.0 769.0 1196.0 769.0 harbor 0
1024.0 583.0 1101.0 583.0 1101.0 667.0 1024.0 667.0 harbor 0
871.0 450.0 961.0 450.0 961.0 540.0 871.0 540.0 harbor 0
742.0 348.0 817.0 348.0 817.0 447.0 742.0 447.0 harbor 0
603.0 279.0 698.0 279.0 698.0 394.0 603.0 394.0 harbor 0
456.0 230.0 549.0 230.0 549.0 365.0 456.0 365.0 harbor 0
300.0 231.0 358.0 231.0 358.0 340.0 300.0 340.0 harbor 0
58.0 273.0 116.0 273.0 116.0 386.0 58.0 386.0 harbor 0
