imagesource:GoogleEarth
gsd:0.262488557724
963.0 553.0 975.0 553.0 975.0 575.0 963.0 575.0 ship 1
852.0 151.0 864.0 151.0 864.0 179.0 852.0 179.0 ship 1
914.0 409.0 936.0 409.0 936.0 420.0 914.0 420.0 small-vehicle 1
930.0 395.0 955.0 395.0 955.0 413.0 930.0 413.0 small-vehicle 1
973.0 172.0 990.0 172.0 990.0 206.0 973.0 206.0 ship 0
661.0 309.0 708.0 309.0 708.0 361.0 661.0 361.0 swimming-pool 0
780.0 995.0 894.0 995.0 894.0 1042.0 780.0 1042.0 harbor 0
616.0 807.0 827.0 807.0 827.0 905.0 616.0 905.0 harbor 0
506.0 560.0 709.0 560.0 709.0 702.0 506.0 702.0 harbor 0
487.0 429.0 647.0 429.0 647.0 554.0 487.0 554.0 harbor 0
498.0 352.0 583.0 352.0 583.0 432.0 498.0 432.0 harbor 0
337.0 268.0 503.0 268.0 503.0 351.0 337.0 351.0 harbor 0
181.0 96.0 386.0 96.0 386.0 216.0 181.0 216.0 harbor 0
