imagesource:GoogleEarth
gsd:0.280623431481
768.0 148.0 790.0 148.0 790.0 166.0 768.0 166.0 small-vehicle 1
574.0 51.0 593.0 51.0 593.0 74.0 574.0 74.0 small-vehicle 0
152.0 212.0 239.0 212.0 239.0 273.0 152.0 273.0 harbor 0
229.0 438.0 369.0 438.0 369.0 544.0 229.0 544.0 harbor 0
216.0 552.0 377.0 552.0 377.0 647.0 216.0 647.0 harbor 0
252.0 627.0 415.0 627.0 415.0 743.0 252.0 743.0 harbor 0
315.0 726.0 494.0 726.0 494.0 853.0 315.0 853.0 harbor 0
418.0 982.0 594.0 982.0 594.0 1098.0 418.0 1098.0 harbor 0
640.0 1205.0 804.0 1205.0 804.0 1357.0 640.0 1357.0 harbor 0
330.0 62.0 351.0 62.0 351.0 91.0 330.0 91.0 ship 0
551.0 212.0 578.0 212.0 578.0 231.0 551.0 231.0 small-vehicle 0
775.0 600.0 796.0 600.0 796.0 624.0 775.0 624.0 small-vehicle 0
814.0 746.0 832.0 746.0 832.0 764.0 814.0 764.0 small-vehicle 1
449.0 268.0 470.0 268.0 470.0 292.0 449.0 292.0 small-vehicle 0
144.0 231.0 182.0 231.0 182.0 260.0 144.0 260.0 ship 0
240.0 515.0 264.0 515.0 264.0 545.0 240.0 545.0 ship 0
224.0 596.0 261.0 596.0 261.0 624.0 224.0 624.0 ship 0
505.0 222.0 525.0 222.0 525.0 240.0 505.0 240.0 small-vehicle 1
496.0 213.0 513.0 213.0 513.0 229.0 496.0 229.0 small-vehicle 1
730.0 457.0 750.0 457.0 750.0 465.0 730.0 465.0 small-vehicle 1
806.0 398.0 822.0 398.0 822.0 418.0 806.0 418.0 small-vehicle 1
787.0 598.0 803.0 598.0 803.0 617.0 787.0 617.0 small-vehicle 1
45.0 73.0 175.0 73.0 175.0 156.0 45.0 156.0 harbor 0
