imagesource:GoogleEarth
gsd:0.247537612679
1255.0 299.0 1276.0 299.0 1276.0 333.0 1255.0 333.0 ship 1
2073.0 207.0 2086.0 207.0 2086.0 224.0 2073.0 224.0 ship 1
2239.0 923.0 2267.0 923.0 2267.0 935.0 2239.0 935.0 ship 1
87.0 105.0 127.0 105.0 127.0 130.0 87.0 130.0 swimming-pool 0
88.0 456.0 114.0 456.0 114.0 508.0 88.0 508.0 ship 0
61.0 104.0 81.0 104.0 81.0 126.0 61.0 126.0 ship 0
2205.0 532.0 2319.0 532.0 2319.0 993.0 2205.0 993.0 harbor 0
1569.0 347.0 1663.0 347.0 1663.0 775.0 1569.0 775.0 harbor 0
1260.0 214.0 1311.0 214.0 1311.0 340.0 1260.0 340.0 harbor 0
592.0 140.0 630.0 140.0 630.0 490.0 592.0 490.0 harbor 0
485.0 128.0 546.0 128.0 546.0 478.0 485.0 478.0 harbor 0
381.0 129.0 429.0 129.0 429.0 463.0 381.0 463.0 harbor 0
35.0 165.0 97.0 165.0 97.0 524.0 35.0 524.0 harbor 0
