imagesource:GoogleEarth
gsd:0.245014082979
1584.0 474.0 1600.0 474.0 1600.0 502.0 1584.0 502.0 ship 0
2024.0 569.0 2038.0 569.0 2038.0 595.0 2024.0 595.0 ship 0
2182.0 270.0 2192.0 270.0 2192.0 292.0 2182.0 292.0 small-vehicle 1
2075.0 158.0 2100.0 158.0 2100.0 170.0 2075.0 170.0 small-vehicle 1
1562.0 176.0 1575.0 176.0 1575.0 200.0 1562.0 200.0 small-vehicle 0
1573.0 171.0 1588.0 171.0 1588.0 202.0 1573.0 202.0 small-vehicle 0
2856.0 466.0 2882.0 466.0 2882.0 775.0 2856.0 775.0 harbor 0
2499.0 494.0 2636.0 494.0 2636.0 1038.0 2499.0 1038.0 harbor 0
2011.0 346.0 2090.0 346.0 2090.0 626.0 2011.0 626.0 harbor 0
1593.0 347.0 1648.0 347.0 1648.0 518.0 1593.0 518.0 harbor 0
1447.0 374.0 1517.0 374.0 1517.0 661.0 1447.0 661.0 harbor 0
903.0 371.0 1027.0 371.0 1027.0 963.0 903.0 963.0 harbor 0
703.0 400.0 815.0 400.0 815.0 955.0 703.0 955.0 harbor 0
216.0 359.0 324.0 359.0 324.0 893.0 216.0 893.0 harbor 0
