imagesource:GoogleEarth
gsd:0.129043379056
477.0 764.0 506.0 764.0 506.0 806.0 477.0 806.0 small-vehicle 1
442.0 766.0 475.0 766.0 475.0 810.0 442.0 810.0 small-vehicle 1
78.0 411.0 190.0 411.0 190.0 593.0 78.0 593.0 basketball-court 0
186.0 411.0 298.0 411.0 298.0 596.0 186.0 596.0 basketball-court 0
620.0 389.0 825.0 389.0 825.0 584.0 620.0 584.0 baseball-diamond 0
101.0 667.0 131.0 667.0 131.0 703.0 101.0 703.0 small-vehicle 0
223.0 669.0 254.0 669.0 254.0 707.0 223.0 707.0 small-vehicle 0
297.0 770.0 325.0 770.0 325.0 808.0 297.0 808.0 small-vehicle 0
377.0 767.0 402.0 767.0 402.0 807.0 377.0 807.0 small-vehicle 0
346.0 672.0 378.0 672.0 378.0 713.0 346.0 713.0 small-vehicle 0
501.0 770.0 528.0 770.0 528.0 812.0 501.0 812.0 small-vehicle 0
614.0 688.0 655.0 688.0 655.0 708.0 614.0 708.0 small-vehicle 0
549.0 778.0 577.0 778.0 577.0 816.0 549.0 816.0 small-vehicle 0
596.0 778.0 622.0 778.0 622.0 820.0 596.0 820.0 small-vehicle 0
272.0 765.0 305.0 765.0 305.0 804.0 272.0 804.0 small-vehicle 0
695.0 685.0 731.0 685.0 731.0 724.0 695.0 724.0 small-vehicle 0
756.0 678.0 785.0 678.0 785.0 719.0 756.0 719.0 small-vehicle 0
780.0 679.0 809.0 679.0 809.0 720.0 780.0 720.0 small-vehicle 0
1.0 763.0 28.0 763.0 28.0 802.0 1.0 802.0 small-vehicle 1
27.0 755.0 55.0 755.0 55.0 801.0 27.0 801.0 small-vehicle 1
74.0 757.0 110.0 757.0 110.0 806.0 74.0 806.0 small-vehicle 1
122.0 755.0 152.0 755.0 152.0 799.0 122.0 799.0 small-vehicle 1
350.0 767.0 378.0 767.0 378.0 807.0 350.0 807.0 small-vehicle 1
695.0 778.0 727.0 778.0 727.0 825.0 695.0 825.0 small-vehicle 1
147.0 665.0 181.0 665.0 181.0 710.0 147.0 710.0 small-vehicle 1
414.0 677.0 450.0 677.0 450.0 719.0 414.0 719.0 small-vehicle 1
467.0 668.0 506.0 668.0 506.0 716.0 467.0 716.0 small-vehicle 1
195.0 114.0 287.0 114.0 287.0 301.0 195.0 301.0 tennis-court 0
