imagesource:GoogleEarth
gsd:0.265893248479
15.0 950.0 34.0 950.0 34.0 971.0 15.0 971.0 small-vehicle 1
1006.0 385.0 1055.0 385.0 1055.0 410.0 1006.0 410.0 ship 0
984.0 249.0 1037.0 249.0 1037.0 275.0 984.0 275.0 ship 0
988.0 273.0 1039.0 273.0 1039.0 294.0 988.0 294.0 ship 0
991.0 295.0 1047.0 295.0 1047.0 319.0 991.0 319.0 ship 0
994.0 317.0 1043.0 317.0 1043.0 342.0 994.0 342.0 ship 0
1001.0 341.0 1047.0 341.0 1047.0 365.0 1001.0 365.0 ship 0
1004.0 364.0 1050.0 364.0 1050.0 388.0 1004.0 388.0 ship 0
1011.0 408.0 1058.0 408.0 1058.0 432.0 1011.0 432.0 ship 0
921.0 209.0 958.0 209.0 958.0 225.0 921.0 225.0 ship 0
1026.0 432.0 1066.0 432.0 1066.0 451.0 1026.0 451.0 ship 0
1108.0 319.0 1132.0 319.0 1132.0 361.0 1108.0 361.0 ship 0
1144.0 308.0 1160.0 308.0 1160.0 342.0 1144.0 342.0 ship 0
1173.0 300.0 1197.0 300.0 1197.0 338.0 1173.0 338.0 ship 0
1192.0 299.0 1212.0 299.0 1212.0 334.0 1192.0 334.0 ship 0
1157.0 354.0 1178.0 354.0 1178.0 395.0 1157.0 395.0 ship 0
978.0 227.0 1028.0 227.0 1028.0 253.0 978.0 253.0 ship 0
920.0 225.0 963.0 225.0 963.0 243.0 920.0 243.0 ship 0
523.0 228.0 554.0 228.0 554.0 244.0 523.0 244.0 ship 0
947.0 386.0 990.0 386.0 990.0 406.0 947.0 406.0 ship 0
846.0 407.0 886.0 407.0 886.0 425.0 846.0 425.0 ship 0
849.0 425.0 889.0 425.0 889.0 446.0 849.0 446.0 ship 0
856.0 443.0 895.0 443.0 895.0 464.0 856.0 464.0 ship 0
860.0 464.0 899.0 464.0 899.0 482.0 860.0 482.0 ship 0
955.0 421.0 1002.0 421.0 1002.0 444.0 955.0 444.0 ship 0
954.0 403.0 1001.0 403.0 1001.0 425.0 954.0 425.0 ship 0
946.0 368.0 990.0 368.0 990.0 388.0 946.0 388.0 ship 0
930.0 242.0 968.0 242.0 968.0 261.0 930.0 261.0 ship 0
948.0 349.0 986.0 349.0 986.0 368.0 948.0 368.0 ship 0
941.0 333.0 983.0 333.0 983.0 352.0 941.0 352.0 ship 0
943.0 313.0 982.0 313.0 982.0 335.0 943.0 335.0 ship 0
939.0 296.0 977.0 296.0 977.0 316.0 939.0 316.0 ship 0
930.0 277.0 970.0 277.0 970.0 298.0 930.0 298.0 ship 0
925.0 259.0 970.0 259.0 970.0 280.0 925.0 280.0 ship 0
1180.0 349.0 1199.0 349.0 1199.0 389.0 1180.0 389.0 ship 0
1197.0 343.0 1221.0 343.0 1221.0 389.0 1197.0 389.0 ship 0
1209.0 428.0 1240.0 428.0 1240.0 490.0 1209.0 490.0 ship 0
873.0 749.0 900.0 749.0 900.0 774.0 873.0 774.0 ship 0
1025.0 676.0 1048.0 676.0 1048.0 695.0 1025.0 695.0 ship 0
1022.0 669.0 1044.0 669.0 1044.0 686.0 1022.0 686.0 ship 0
832.0 694.0 867.0 694.0 867.0 724.0 832.0 724.0 ship 0
841.0 710.0 871.0 710.0 871.0 738.0 841.0 738.0 ship 0
854.0 724.0 881.0 724.0 881.0 748.0 854.0 748.0 ship 0
861.0 732.0 895.0 732.0 895.0 763.0 861.0 763.0 ship 0
883.0 759.0 913.0 759.0 913.0 786.0 883.0 786.0 ship 0
1107.0 479.0 1127.0 479.0 1127.0 514.0 1107.0 514.0 ship 0
893.0 771.0 925.0 771.0 925.0 800.0 893.0 800.0 ship 0
903.0 784.0 931.0 784.0 931.0 813.0 903.0 813.0 ship 0
913.0 797.0 940.0 797.0 940.0 823.0 913.0 823.0 ship 0
923.0 809.0 952.0 809.0 952.0 836.0 923.0 836.0 ship 0
934.0 824.0 961.0 824.0 961.0 849.0 934.0 849.0 ship 0
944.0 834.0 973.0 834.0 973.0 860.0 944.0 860.0 ship 0
1032.0 703.0 1059.0 703.0 1059.0 724.0 1032.0 724.0 ship 0
1051.0 711.0 1074.0 711.0 1074.0 730.0 1051.0 730.0 ship 0
1056.0 718.0 1079.0 718.0 1079.0 736.0 1056.0 736.0 ship 0
1062.0 730.0 1083.0 730.0 1083.0 748.0 1062.0 748.0 ship 0
1034.0 735.0 1052.0 735.0 1052.0 745.0 1034.0 745.0 ship 0
1065.0 753.0 1089.0 753.0 1089.0 773.0 1065.0 773.0 ship 0
1086.0 740.0 1107.0 740.0 1107.0 759.0 1086.0 759.0 ship 0
1094.0 705.0 1118.0 705.0 1118.0 725.0 1094.0 725.0 ship 0
1101.0 711.0 1122.0 711.0 1122.0 730.0 1101.0 730.0 ship 0
1106.0 718.0 1127.0 718.0 1127.0 736.0 1106.0 736.0 ship 0
1110.0 725.0 1131.0 725.0 1131.0 743.0 1110.0 743.0 ship 0
1142.0 684.0 1187.0 684.0 1187.0 717.0 1142.0 717.0 ship 0
1159.0 635.0 1226.0 635.0 1226.0 667.0 1159.0 667.0 ship 0
1228.0 625.0 1269.0 625.0 1269.0 646.0 1228.0 646.0 ship 0
1249.0 583.0 1265.0 583.0 1265.0 616.0 1249.0 616.0 ship 0
1100.0 510.0 1209.0 510.0 1209.0 557.0 1100.0 557.0 ship 0
1184.0 457.0 1204.0 457.0 1204.0 496.0 1184.0 496.0 ship 0
844.0 387.0 883.0 387.0 883.0 409.0 844.0 409.0 ship 0
844.0 370.0 877.0 370.0 877.0 387.0 844.0 387.0 ship 0
838.0 352.0 877.0 352.0 877.0 373.0 838.0 373.0 ship 0
623.0 326.0 656.0 326.0 656.0 342.0 623.0 342.0 ship 0
602.0 215.0 635.0 215.0 635.0 233.0 602.0 233.0 ship 0
604.0 231.0 638.0 231.0 638.0 247.0 604.0 247.0 ship 0
608.0 247.0 641.0 247.0 641.0 263.0 608.0 263.0 ship 0
616.0 278.0 649.0 278.0 649.0 293.0 616.0 293.0 ship 0
617.0 295.0 652.0 295.0 652.0 310.0 617.0 310.0 ship 0
619.0 311.0 653.0 311.0 653.0 326.0 619.0 326.0 ship 0
632.0 341.0 657.0 341.0 657.0 355.0 632.0 355.0 ship 0
664.0 312.0 702.0 312.0 702.0 325.0 664.0 325.0 ship 0
633.0 372.0 666.0 372.0 666.0 389.0 633.0 389.0 ship 0
636.0 389.0 670.0 389.0 670.0 405.0 636.0 405.0 ship 0
638.0 405.0 670.0 405.0 670.0 421.0 638.0 421.0 ship 0
649.0 231.0 693.0 231.0 693.0 251.0 649.0 251.0 ship 0
654.0 249.0 701.0 249.0 701.0 270.0 654.0 270.0 ship 0
659.0 273.0 698.0 273.0 698.0 287.0 659.0 287.0 ship 0
537.0 523.0 574.0 523.0 574.0 543.0 537.0 543.0 ship 0
581.0 517.0 611.0 517.0 611.0 530.0 581.0 530.0 ship 0
573.0 499.0 604.0 499.0 604.0 514.0 573.0 514.0 ship 0
570.0 482.0 599.0 482.0 599.0 497.0 570.0 497.0 ship 0
568.0 466.0 597.0 466.0 597.0 481.0 568.0 481.0 ship 0
560.0 435.0 595.0 435.0 595.0 450.0 560.0 450.0 ship 0
560.0 420.0 593.0 420.0 593.0 435.0 560.0 435.0 ship 0
555.0 402.0 589.0 402.0 589.0 419.0 555.0 419.0 ship 0
554.0 388.0 582.0 388.0 582.0 402.0 554.0 402.0 ship 0
551.0 373.0 581.0 373.0 581.0 385.0 551.0 385.0 ship 0
548.0 357.0 578.0 357.0 578.0 372.0 548.0 372.0 ship 0
543.0 339.0 574.0 339.0 574.0 355.0 543.0 355.0 ship 0
540.0 326.0 571.0 326.0 571.0 339.0 540.0 339.0 ship 0
539.0 310.0 568.0 310.0 568.0 323.0 539.0 323.0 ship 0
535.0 294.0 565.0 294.0 565.0 309.0 535.0 309.0 ship 0
536.0 278.0 562.0 278.0 562.0 291.0 536.0 291.0 ship 0
530.0 261.0 558.0 261.0 558.0 277.0 530.0 277.0 ship 0
660.0 290.0 703.0 290.0 703.0 309.0 660.0 309.0 ship 0
670.0 330.0 707.0 330.0 707.0 348.0 670.0 348.0 ship 0
834.0 335.0 874.0 335.0 874.0 354.0 834.0 354.0 ship 0
756.0 202.0 792.0 202.0 792.0 221.0 756.0 221.0 ship 0
775.0 308.0 815.0 308.0 815.0 328.0 775.0 328.0 ship 0
774.0 289.0 812.0 289.0 812.0 312.0 774.0 312.0 ship 0
769.0 272.0 808.0 272.0 808.0 290.0 769.0 290.0 ship 0
765.0 253.0 806.0 253.0 806.0 273.0 765.0 273.0 ship 0
764.0 236.0 802.0 236.0 802.0 254.0 764.0 254.0 ship 0
759.0 217.0 799.0 217.0 799.0 238.0 759.0 238.0 ship 0
813.0 211.0 848.0 211.0 848.0 229.0 813.0 229.0 ship 0
671.0 347.0 707.0 347.0 707.0 365.0 671.0 365.0 ship 0
813.0 225.0 852.0 225.0 852.0 246.0 813.0 246.0 ship 0
820.0 243.0 859.0 243.0 859.0 264.0 820.0 264.0 ship 0
822.0 262.0 862.0 262.0 862.0 281.0 822.0 281.0 ship 0
824.0 279.0 867.0 279.0 867.0 300.0 824.0 300.0 ship 0
828.0 298.0 866.0 298.0 866.0 316.0 828.0 316.0 ship 0
831.0 316.0 867.0 316.0 867.0 334.0 831.0 334.0 ship 0
778.0 327.0 821.0 327.0 821.0 345.0 778.0 345.0 ship 0
778.0 344.0 825.0 344.0 825.0 365.0 778.0 365.0 ship 0
784.0 360.0 829.0 360.0 829.0 383.0 784.0 383.0 ship 0
786.0 381.0 831.0 381.0 831.0 400.0 786.0 400.0 ship 0
792.0 415.0 836.0 415.0 836.0 437.0 792.0 437.0 ship 0
795.0 433.0 840.0 433.0 840.0 455.0 795.0 455.0 ship 0
800.0 454.0 843.0 454.0 843.0 475.0 800.0 475.0 ship 0
700.0 473.0 735.0 473.0 735.0 492.0 700.0 492.0 ship 0
653.0 484.0 686.0 484.0 686.0 499.0 653.0 499.0 ship 0
690.0 454.0 730.0 454.0 730.0 475.0 690.0 475.0 ship 0
688.0 435.0 730.0 435.0 730.0 456.0 688.0 456.0 ship 0
650.0 467.0 683.0 467.0 683.0 485.0 650.0 485.0 ship 0
647.0 451.0 682.0 451.0 682.0 469.0 647.0 469.0 ship 0
687.0 418.0 724.0 418.0 724.0 437.0 687.0 437.0 ship 0
642.0 436.0 679.0 436.0 679.0 453.0 642.0 453.0 ship 0
679.0 381.0 723.0 381.0 723.0 400.0 679.0 400.0 ship 0
673.0 363.0 717.0 363.0 717.0 382.0 673.0 382.0 ship 0
953.0 846.0 981.0 846.0 981.0 871.0 953.0 871.0 ship 0
807.0 671.0 837.0 671.0 837.0 698.0 807.0 698.0 ship 0
775.0 695.0 807.0 695.0 807.0 724.0 775.0 724.0 ship 0
203.0 697.0 253.0 697.0 253.0 743.0 203.0 743.0 ship 0
294.0 807.0 340.0 807.0 340.0 851.0 294.0 851.0 ship 0
281.0 786.0 328.0 786.0 328.0 830.0 281.0 830.0 ship 0
264.0 762.0 323.0 762.0 323.0 816.0 264.0 816.0 ship 0
247.0 748.0 303.0 748.0 303.0 797.0 247.0 797.0 ship 0
233.0 730.0 285.0 730.0 285.0 777.0 233.0 777.0 ship 0
218.0 719.0 263.0 719.0 263.0 760.0 218.0 760.0 ship 0
189.0 681.0 236.0 681.0 236.0 725.0 189.0 725.0 ship 0
215.0 296.0 244.0 296.0 244.0 311.0 215.0 311.0 ship 0
174.0 664.0 219.0 664.0 219.0 707.0 174.0 707.0 ship 0
159.0 649.0 206.0 649.0 206.0 693.0 159.0 693.0 ship 0
144.0 631.0 188.0 631.0 188.0 672.0 144.0 672.0 ship 0
133.0 608.0 181.0 608.0 181.0 653.0 133.0 653.0 ship 0
109.0 590.0 167.0 590.0 167.0 643.0 109.0 643.0 ship 0
259.0 304.0 290.0 304.0 290.0 320.0 259.0 320.0 ship 0
309.0 826.0 353.0 826.0 353.0 867.0 309.0 867.0 ship 0
499.0 1058.0 542.0 1058.0 542.0 1097.0 499.0 1097.0 ship 0
482.0 1035.0 533.0 1035.0 533.0 1079.0 482.0 1079.0 ship 0
471.0 1022.0 513.0 1022.0 513.0 1063.0 471.0 1063.0 ship 0
455.0 997.0 507.0 997.0 507.0 1045.0 455.0 1045.0 ship 0
441.0 987.0 486.0 987.0 486.0 1027.0 441.0 1027.0 ship 0
430.0 966.0 473.0 966.0 473.0 1006.0 430.0 1006.0 ship 0
412.0 949.0 456.0 949.0 456.0 989.0 412.0 989.0 ship 0
395.0 929.0 444.0 929.0 444.0 976.0 395.0 976.0 ship 0
382.0 914.0 427.0 914.0 427.0 955.0 382.0 955.0 ship 0
366.0 896.0 412.0 896.0 412.0 938.0 366.0 938.0 ship 0
357.0 881.0 397.0 881.0 397.0 918.0 357.0 918.0 ship 0
337.0 861.0 383.0 861.0 383.0 901.0 337.0 901.0 ship 0
320.0 841.0 370.0 841.0 370.0 886.0 320.0 886.0 ship 0
710.0 993.0 744.0 993.0 744.0 1026.0 710.0 1026.0 ship 0
700.0 976.0 741.0 976.0 741.0 1011.0 700.0 1011.0 ship 0
687.0 963.0 726.0 963.0 726.0 999.0 687.0 999.0 ship 0
254.0 287.0 285.0 287.0 285.0 304.0 254.0 304.0 ship 0
252.0 271.0 286.0 271.0 286.0 287.0 252.0 287.0 ship 0
663.0 934.0 704.0 934.0 704.0 971.0 663.0 971.0 ship 0
1122.0 301.0 1218.0 301.0 1218.0 400.0 1122.0 400.0 harbor 0
780.0 678.0 981.0 678.0 981.0 895.0 780.0 895.0 harbor 0
624.0 687.0 870.0 687.0 870.0 967.0 624.0 967.0 harbor 0
451.0 738.0 751.0 738.0 751.0 1070.0 451.0 1070.0 harbor 0
1192.0 550.0 1253.0 550.0 1253.0 572.0 1192.0 572.0 harbor 0
1157.0 615.0 1264.0 615.0 1264.0 651.0 1157.0 651.0 harbor 0
1105.0 450.0 1241.0 450.0 1241.0 531.0 1105.0 531.0 harbor 0
1106.0 215.0 1195.0 215.0 1195.0 274.0 1106.0 274.0 harbor 0
250.0 257.0 280.0 257.0 280.0 272.0 250.0 272.0 ship 0
921.0 202.0 1062.0 202.0 1062.0 452.0 921.0 452.0 harbor 0
759.0 208.0 898.0 208.0 898.0 488.0 759.0 488.0 harbor 0
601.0 188.0 738.0 188.0 738.0 509.0 601.0 509.0 harbor 0
478.0 206.0 609.0 206.0 609.0 545.0 478.0 545.0 harbor 0
347.0 222.0 487.0 222.0 487.0 560.0 347.0 560.0 harbor 0
218.0 249.0 298.0 249.0 298.0 388.0 218.0 388.0 harbor 0
991.0 598.0 1206.0 598.0 1206.0 817.0 991.0 817.0 harbor 0
171.0 889.0 235.0 889.0 235.0 940.0 171.0 940.0 swimming-pool 0
8.0 18.0 36.0 18.0 36.0 45.0 8.0 45.0 ship 0
15.0 30.0 48.0 30.0 48.0 59.0 15.0 59.0 ship 0
24.0 42.0 59.0 42.0 59.0 73.0 24.0 73.0 ship 0
40.0 52.0 69.0 52.0 69.0 84.0 40.0 84.0 ship 0
49.0 68.0 79.0 68.0 79.0 96.0 49.0 96.0 ship 0
56.0 80.0 89.0 80.0 89.0 110.0 56.0 110.0 ship 0
61.0 92.0 103.0 92.0 103.0 131.0 61.0 131.0 ship 0
73.0 106.0 113.0 106.0 113.0 145.0 73.0 145.0 ship 0
80.0 120.0 126.0 120.0 126.0 163.0 80.0 163.0 ship 0
106.0 148.0 150.0 148.0 150.0 187.0 106.0 187.0 ship 0
120.0 164.0 159.0 164.0 159.0 201.0 120.0 201.0 ship 0
132.0 177.0 172.0 177.0 172.0 215.0 132.0 215.0 ship 0
144.0 190.0 185.0 190.0 185.0 229.0 144.0 229.0 ship 0
160.0 206.0 196.0 206.0 196.0 241.0 160.0 241.0 ship 0
209.0 265.0 239.0 265.0 239.0 280.0 209.0 280.0 ship 0
680.0 949.0 714.0 949.0 714.0 984.0 680.0 984.0 ship 0
652.0 919.0 693.0 919.0 693.0 957.0 652.0 957.0 ship 0
786.0 710.0 819.0 710.0 819.0 741.0 786.0 741.0 ship 0
769.0 896.0 805.0 896.0 805.0 920.0 769.0 920.0 ship 0
717.0 832.0 757.0 832.0 757.0 868.0 717.0 868.0 ship 0
774.0 824.0 802.0 824.0 802.0 848.0 774.0 848.0 ship 0
782.0 835.0 813.0 835.0 813.0 862.0 782.0 862.0 ship 0
734.0 849.0 769.0 849.0 769.0 879.0 734.0 879.0 ship 0
743.0 859.0 784.0 859.0 784.0 897.0 743.0 897.0 ship 0
755.0 877.0 795.0 877.0 795.0 912.0 755.0 912.0 ship 0
784.0 910.0 817.0 910.0 817.0 941.0 784.0 941.0 ship 0
712.0 748.0 736.0 748.0 736.0 770.0 712.0 770.0 ship 0
793.0 925.0 828.0 925.0 828.0 958.0 793.0 958.0 ship 0
815.0 949.0 837.0 949.0 837.0 970.0 815.0 970.0 ship 0
678.0 712.0 705.0 712.0 705.0 731.0 678.0 731.0 ship 0
620.0 724.0 655.0 724.0 655.0 753.0 620.0 753.0 ship 0
646.0 713.0 661.0 713.0 661.0 731.0 646.0 731.0 ship 0
655.0 687.0 697.0 687.0 697.0 727.0 655.0 727.0 ship 0
704.0 819.0 746.0 819.0 746.0 854.0 704.0 854.0 ship 0
692.0 803.0 734.0 803.0 734.0 843.0 692.0 843.0 ship 0
682.0 789.0 722.0 789.0 722.0 829.0 682.0 829.0 ship 0
673.0 776.0 710.0 776.0 710.0 808.0 673.0 808.0 ship 0
663.0 766.0 695.0 766.0 695.0 795.0 663.0 795.0 ship 0
651.0 752.0 683.0 752.0 683.0 780.0 651.0 780.0 ship 0
635.0 733.0 676.0 733.0 676.0 769.0 635.0 769.0 ship 0
916.0 867.0 943.0 867.0 943.0 888.0 916.0 888.0 ship 0
906.0 853.0 933.0 853.0 933.0 877.0 906.0 877.0 ship 0
893.0 840.0 922.0 840.0 922.0 868.0 893.0 868.0 ship 0
882.0 827.0 912.0 827.0 912.0 854.0 882.0 854.0 ship 0
874.0 813.0 904.0 813.0 904.0 841.0 874.0 841.0 ship 0
849.0 790.0 877.0 790.0 877.0 817.0 849.0 817.0 ship 0
824.0 763.0 859.0 763.0 859.0 793.0 824.0 793.0 ship 0
820.0 748.0 851.0 748.0 851.0 778.0 820.0 778.0 ship 0
809.0 735.0 840.0 735.0 840.0 766.0 809.0 766.0 ship 0
797.0 724.0 828.0 724.0 828.0 753.0 797.0 753.0 ship 0
698.0 734.0 728.0 734.0 728.0 761.0 698.0 761.0 ship 0
720.0 761.0 751.0 761.0 751.0 788.0 720.0 788.0 ship 0
629.0 894.0 665.0 894.0 665.0 927.0 629.0 927.0 ship 0
529.0 774.0 568.0 774.0 568.0 810.0 529.0 810.0 ship 0
601.0 957.0 652.0 957.0 652.0 1002.0 601.0 1002.0 ship 0
621.0 975.0 663.0 975.0 663.0 1013.0 621.0 1013.0 ship 0
637.0 993.0 679.0 993.0 679.0 1032.0 637.0 1032.0 ship 0
664.0 1025.0 712.0 1025.0 712.0 1071.0 664.0 1071.0 ship 0
446.0 721.0 532.0 721.0 532.0 798.0 446.0 798.0 ship 0
516.0 758.0 557.0 758.0 557.0 795.0 516.0 795.0 ship 0
544.0 787.0 583.0 787.0 583.0 825.0 544.0 825.0 ship 0
730.0 771.0 764.0 771.0 764.0 802.0 730.0 802.0 ship 0
555.0 801.0 602.0 801.0 602.0 840.0 555.0 840.0 ship 0
570.0 819.0 608.0 819.0 608.0 852.0 570.0 852.0 ship 0
578.0 835.0 618.0 835.0 618.0 872.0 578.0 872.0 ship 0
592.0 851.0 631.0 851.0 631.0 886.0 592.0 886.0 ship 0
607.0 866.0 640.0 866.0 640.0 896.0 607.0 896.0 ship 0
617.0 875.0 662.0 875.0 662.0 913.0 617.0 913.0 ship 0
593.0 939.0 638.0 939.0 638.0 983.0 593.0 983.0 ship 0
578.0 921.0 625.0 921.0 625.0 964.0 578.0 964.0 ship 0
560.0 903.0 611.0 903.0 611.0 951.0 560.0 951.0 ship 0
548.0 884.0 594.0 884.0 594.0 926.0 548.0 926.0 ship 0
533.0 864.0 581.0 864.0 581.0 913.0 533.0 913.0 ship 0
522.0 849.0 565.0 849.0 565.0 892.0 522.0 892.0 ship 0
500.0 830.0 550.0 830.0 550.0 876.0 500.0 876.0 ship 0
491.0 813.0 536.0 813.0 536.0 856.0 491.0 856.0 ship 0
459.0 782.0 508.0 782.0 508.0 814.0 459.0 814.0 ship 0
845.0 911.0 871.0 911.0 871.0 932.0 845.0 932.0 ship 0
835.0 894.0 869.0 894.0 869.0 925.0 835.0 925.0 ship 0
825.0 884.0 855.0 884.0 855.0 912.0 825.0 912.0 ship 0
816.0 873.0 844.0 873.0 844.0 900.0 816.0 900.0 ship 0
803.0 861.0 835.0 861.0 835.0 884.0 803.0 884.0 ship 0
763.0 811.0 793.0 811.0 793.0 838.0 763.0 838.0 ship 0
753.0 799.0 781.0 799.0 781.0 827.0 753.0 827.0 ship 0
742.0 787.0 771.0 787.0 771.0 815.0 742.0 815.0 ship 0
529.0 245.0 556.0 245.0 556.0 260.0 529.0 260.0 ship 0
532.0 505.0 562.0 505.0 562.0 520.0 532.0 520.0 ship 0
168.0 162.0 193.0 162.0 193.0 188.0 168.0 188.0 ship 1
1065.0 999.0 1086.0 999.0 1086.0 1016.0 1065.0 1016.0 small-vehicle 0
750.0 1083.0 772.0 1083.0 772.0 1100.0 750.0 1100.0 small-vehicle 0
876.0 999.0 897.0 999.0 897.0 1015.0 876.0 1015.0 small-vehicle 0
887.0 992.0 909.0 992.0 909.0 1011.0 887.0 1011.0 small-vehicle 0
1035.0 1021.0 1057.0 1021.0 1057.0 1039.0 1035.0 1039.0 small-vehicle 0
1045.0 1013.0 1065.0 1013.0 1065.0 1031.0 1045.0 1031.0 small-vehicle 0
1053.0 1007.0 1076.0 1007.0 1076.0 1025.0 1053.0 1025.0 small-vehicle 0
1017.0 901.0 1035.0 901.0 1035.0 923.0 1017.0 923.0 small-vehicle 0
992.0 919.0 1016.0 919.0 1016.0 937.0 992.0 937.0 small-vehicle 0
1105.0 962.0 1132.0 962.0 1132.0 985.0 1105.0 985.0 small-vehicle 0
1154.0 958.0 1166.0 958.0 1166.0 978.0 1154.0 978.0 small-vehicle 0
1167.0 948.0 1179.0 948.0 1179.0 970.0 1167.0 970.0 small-vehicle 0
1185.0 936.0 1197.0 936.0 1197.0 958.0 1185.0 958.0 small-vehicle 0
1199.0 926.0 1210.0 926.0 1210.0 947.0 1199.0 947.0 small-vehicle 0
1223.0 908.0 1234.0 908.0 1234.0 930.0 1223.0 930.0 small-vehicle 0
946.0 952.0 968.0 952.0 968.0 970.0 946.0 970.0 small-vehicle 0
1005.0 967.0 1016.0 967.0 1016.0 990.0 1005.0 990.0 small-vehicle 0
529.0 490.0 560.0 490.0 560.0 504.0 529.0 504.0 ship 0
943.0 1041.0 954.0 1041.0 954.0 1063.0 943.0 1063.0 small-vehicle 0
963.0 939.0 989.0 939.0 989.0 958.0 963.0 958.0 small-vehicle 0
1140.0 962.0 1155.0 962.0 1155.0 987.0 1140.0 987.0 small-vehicle 0
1129.0 969.0 1143.0 969.0 1143.0 992.0 1129.0 992.0 small-vehicle 0
901.0 1068.0 911.0 1068.0 911.0 1090.0 901.0 1090.0 small-vehicle 0
911.0 1064.0 923.0 1064.0 923.0 1084.0 911.0 1084.0 small-vehicle 0
927.0 1048.0 942.0 1048.0 942.0 1073.0 927.0 1073.0 small-vehicle 0
955.0 1034.0 965.0 1034.0 965.0 1057.0 955.0 1057.0 small-vehicle 0
985.0 980.0 996.0 980.0 996.0 1004.0 985.0 1004.0 small-vehicle 0
964.0 1028.0 975.0 1028.0 975.0 1050.0 964.0 1050.0 small-vehicle 0
974.0 1021.0 983.0 1021.0 983.0 1044.0 974.0 1044.0 small-vehicle 0
905.0 1035.0 915.0 1035.0 915.0 1058.0 905.0 1058.0 small-vehicle 0
866.0 1065.0 876.0 1065.0 876.0 1085.0 866.0 1085.0 small-vehicle 0
914.0 1028.0 925.0 1028.0 925.0 1054.0 914.0 1054.0 small-vehicle 0
939.0 1012.0 949.0 1012.0 949.0 1036.0 939.0 1036.0 small-vehicle 0
1213.0 920.0 1223.0 920.0 1223.0 939.0 1213.0 939.0 small-vehicle 0
1235.0 903.0 1245.0 903.0 1245.0 925.0 1235.0 925.0 small-vehicle 0
1253.0 889.0 1267.0 889.0 1267.0 908.0 1253.0 908.0 small-vehicle 0
1266.0 307.0 1284.0 307.0 1284.0 328.0 1266.0 328.0 small-vehicle 0
1313.0 563.0 1335.0 563.0 1335.0 584.0 1313.0 584.0 small-vehicle 0
1311.0 551.0 1333.0 551.0 1333.0 570.0 1311.0 570.0 small-vehicle 0
1306.0 541.0 1328.0 541.0 1328.0 559.0 1306.0 559.0 small-vehicle 0
1306.0 527.0 1328.0 527.0 1328.0 547.0 1306.0 547.0 small-vehicle 0
1255.0 256.0 1281.0 256.0 1281.0 282.0 1255.0 282.0 small-vehicle 0
1256.0 269.0 1279.0 269.0 1279.0 293.0 1256.0 293.0 small-vehicle 0
1306.0 305.0 1329.0 305.0 1329.0 320.0 1306.0 320.0 small-vehicle 0
1266.0 879.0 1278.0 879.0 1278.0 900.0 1266.0 900.0 small-vehicle 0
1302.0 280.0 1324.0 280.0 1324.0 295.0 1302.0 295.0 small-vehicle 0
1300.0 268.0 1321.0 268.0 1321.0 283.0 1300.0 283.0 small-vehicle 0
1284.0 189.0 1307.0 189.0 1307.0 207.0 1284.0 207.0 small-vehicle 0
1285.0 179.0 1305.0 179.0 1305.0 195.0 1285.0 195.0 small-vehicle 0
1319.0 193.0 1333.0 193.0 1333.0 216.0 1319.0 216.0 small-vehicle 0
1243.0 179.0 1264.0 179.0 1264.0 203.0 1243.0 203.0 small-vehicle 0
1315.0 570.0 1337.0 570.0 1337.0 596.0 1315.0 596.0 small-vehicle 0
1317.0 584.0 1339.0 584.0 1339.0 607.0 1317.0 607.0 small-vehicle 0
1320.0 598.0 1343.0 598.0 1343.0 622.0 1320.0 622.0 small-vehicle 0
1321.0 607.0 1343.0 607.0 1343.0 631.0 1321.0 631.0 small-vehicle 0
1323.0 618.0 1346.0 618.0 1346.0 644.0 1323.0 644.0 small-vehicle 0
1326.0 630.0 1352.0 630.0 1352.0 656.0 1326.0 656.0 small-vehicle 0
1349.0 528.0 1374.0 528.0 1374.0 544.0 1349.0 544.0 small-vehicle 0
1354.0 541.0 1375.0 541.0 1375.0 556.0 1354.0 556.0 small-vehicle 0
1358.0 555.0 1379.0 555.0 1379.0 569.0 1358.0 569.0 small-vehicle 0
1358.0 565.0 1379.0 565.0 1379.0 581.0 1358.0 581.0 small-vehicle 0
1361.0 578.0 1381.0 578.0 1381.0 594.0 1361.0 594.0 small-vehicle 0
1364.0 590.0 1388.0 590.0 1388.0 608.0 1364.0 608.0 small-vehicle 0
1334.0 832.0 1348.0 832.0 1348.0 852.0 1334.0 852.0 small-vehicle 0
1325.0 840.0 1335.0 840.0 1335.0 860.0 1325.0 860.0 small-vehicle 0
1312.0 847.0 1324.0 847.0 1324.0 870.0 1312.0 870.0 small-vehicle 0
1302.0 855.0 1312.0 855.0 1312.0 876.0 1302.0 876.0 small-vehicle 0
1291.0 865.0 1301.0 865.0 1301.0 884.0 1291.0 884.0 small-vehicle 0
912.0 46.0 929.0 46.0 929.0 68.0 912.0 68.0 small-vehicle 1
764.0 48.0 784.0 48.0 784.0 72.0 764.0 72.0 small-vehicle 1
823.0 72.0 844.0 72.0 844.0 95.0 823.0 95.0 small-vehicle 1
522.0 208.0 549.0 208.0 549.0 222.0 522.0 222.0 ship 1
984.0 1013.0 993.0 1013.0 993.0 1034.0 984.0 1034.0 small-vehicle 1
1010.0 1038.0 1034.0 1038.0 1034.0 1057.0 1010.0 1057.0 small-vehicle 1
988.0 1050.0 1010.0 1050.0 1010.0 1069.0 988.0 1069.0 small-vehicle 1
914.0 1080.0 935.0 1080.0 935.0 1099.0 914.0 1099.0 small-vehicle 1
890.0 1078.0 901.0 1078.0 901.0 1098.0 890.0 1098.0 small-vehicle 1
599.0 201.0 631.0 201.0 631.0 221.0 599.0 221.0 ship 1
477.0 7.0 496.0 7.0 496.0 25.0 477.0 25.0 small-vehicle 1
111.0 648.0 138.0 648.0 138.0 674.0 111.0 674.0 ship 1
426.0 49.0 445.0 49.0 445.0 74.0 426.0 74.0 small-vehicle 1
160.0 702.0 174.0 702.0 174.0 717.0 160.0 717.0 ship 1
149.0 691.0 165.0 691.0 165.0 707.0 149.0 707.0 ship 1
138.0 678.0 152.0 678.0 152.0 695.0 138.0 695.0 ship 1
682.0 821.0 695.0 821.0 695.0 839.0 682.0 839.0 ship 1
671.0 804.0 683.0 804.0 683.0 819.0 671.0 819.0 ship 1
992.0 1007.0 1004.0 1007.0 1004.0 1029.0 992.0 1029.0 small-vehicle 1
1149.0 915.0 1174.0 915.0 1174.0 939.0 1149.0 939.0 small-vehicle 1
1246.0 890.0 1259.0 890.0 1259.0 912.0 1246.0 912.0 small-vehicle 1
1278.0 867.0 1293.0 867.0 1293.0 890.0 1278.0 890.0 small-vehicle 1
1013.0 705.0 1032.0 705.0 1032.0 716.0 1013.0 716.0 ship 1
1032.0 688.0 1057.0 688.0 1057.0 709.0 1032.0 709.0 ship 1
1048.0 754.0 1068.0 754.0 1068.0 775.0 1048.0 775.0 ship 1
818.0 679.0 856.0 679.0 856.0 717.0 818.0 717.0 ship 1
1150.0 468.0 1169.0 468.0 1169.0 507.0 1150.0 507.0 ship 1
1204.0 475.0 1214.0 475.0 1214.0 493.0 1204.0 493.0 ship 1
818.0 397.0 834.0 397.0 834.0 410.0 818.0 410.0 ship 1
785.0 425.0 795.0 425.0 795.0 440.0 785.0 440.0 ship 1
939.0 377.0 948.0 377.0 948.0 392.0 939.0 392.0 ship 1
1305.0 293.0 1328.0 293.0 1328.0 308.0 1305.0 308.0 small-vehicle 1
1161.0 42.0 1181.0 42.0 1181.0 66.0 1161.0 66.0 small-vehicle 1
1003.0 0.0 1021.0 0.0 1021.0 21.0 1003.0 21.0 small-vehicle 1
623.0 3.0 656.0 3.0 656.0 26.0 623.0 26.0 large-vehicle 0
557.0 940.0 576.0 940.0 576.0 957.0 557.0 957.0 ship 1
101.0 960.0 123.0 960.0 123.0 980.0 101.0 980.0 small-vehicle 1
942.0 44.0 963.0 44.0 963.0 68.0 942.0 68.0 small-vehicle 1
1084.0 68.0 1106.0 68.0 1106.0 94.0 1084.0 94.0 small-vehicle 1
1244.0 191.0 1266.0 191.0 1266.0 213.0 1244.0 213.0 small-vehicle 1
840.0 120.0 863.0 120.0 863.0 142.0 840.0 142.0 small-vehicle 1
797.0 120.0 819.0 120.0 819.0 143.0 797.0 143.0 small-vehicle 1
777.0 122.0 795.0 122.0 795.0 143.0 777.0 143.0 small-vehicle 1
769.0 120.0 787.0 120.0 787.0 140.0 769.0 140.0 small-vehicle 1
1280.0 154.0 1301.0 154.0 1301.0 173.0 1280.0 173.0 small-vehicle 1
1138.0 43.0 1156.0 43.0 1156.0 64.0 1138.0 64.0 small-vehicle 1
8.0 847.0 26.0 847.0 26.0 867.0 8.0 867.0 small-vehicle 1
1126.0 42.0 1146.0 42.0 1146.0 66.0 1126.0 66.0 small-vehicle 1
1116.0 45.0 1133.0 45.0 1133.0 66.0 1116.0 66.0 small-vehicle 1
1103.0 44.0 1122.0 44.0 1122.0 64.0 1103.0 64.0 small-vehicle 1
1094.0 45.0 1110.0 45.0 1110.0 66.0 1094.0 66.0 small-vehicle 1
1060.0 46.0 1080.0 46.0 1080.0 67.0 1060.0 67.0 small-vehicle 1
1049.0 46.0 1068.0 46.0 1068.0 66.0 1049.0 66.0 small-vehicle 1
1247.0 204.0 1268.0 204.0 1268.0 224.0 1247.0 224.0 small-vehicle 1
1246.0 215.0 1270.0 215.0 1270.0 238.0 1246.0 238.0 small-vehicle 1
1251.0 237.0 1273.0 237.0 1273.0 260.0 1251.0 260.0 small-vehicle 1
1257.0 249.0 1274.0 249.0 1274.0 266.0 1257.0 266.0 small-vehicle 1
1291.0 214.0 1311.0 214.0 1311.0 227.0 1291.0 227.0 small-vehicle 1
1299.0 248.0 1320.0 248.0 1320.0 262.0 1299.0 262.0 small-vehicle 1
1262.0 291.0 1284.0 291.0 1284.0 312.0 1262.0 312.0 small-vehicle 1
981.0 927.0 1001.0 927.0 1001.0 942.0 981.0 942.0 small-vehicle 1
972.0 932.0 995.0 932.0 995.0 948.0 972.0 948.0 small-vehicle 1
935.0 960.0 960.0 960.0 960.0 975.0 935.0 975.0 small-vehicle 1
928.0 966.0 947.0 966.0 947.0 981.0 928.0 981.0 small-vehicle 1
918.0 974.0 940.0 974.0 940.0 989.0 918.0 989.0 small-vehicle 1
975.0 985.0 986.0 985.0 986.0 1010.0 975.0 1010.0 small-vehicle 1
992.0 972.0 1006.0 972.0 1006.0 998.0 992.0 998.0 small-vehicle 1
952.0 1078.0 972.0 1078.0 972.0 1096.0 952.0 1096.0 small-vehicle 1
829.0 44.0 848.0 44.0 848.0 67.0 829.0 67.0 small-vehicle 1
811.0 47.0 829.0 47.0 829.0 71.0 811.0 71.0 small-vehicle 1
1214.0 118.0 1231.0 118.0 1231.0 138.0 1214.0 138.0 small-vehicle 0
1175.0 43.0 1193.0 43.0 1193.0 67.0 1175.0 67.0 small-vehicle 0
1149.0 41.0 1169.0 41.0 1169.0 66.0 1149.0 66.0 small-vehicle 0
375.0 386.0 410.0 386.0 410.0 405.0 375.0 405.0 ship 0
352.0 271.0 394.0 271.0 394.0 289.0 352.0 289.0 ship 0
355.0 290.0 399.0 290.0 399.0 310.0 355.0 310.0 ship 0
362.0 309.0 401.0 309.0 401.0 328.0 362.0 328.0 ship 0
363.0 326.0 406.0 326.0 406.0 348.0 363.0 348.0 ship 0
371.0 350.0 409.0 350.0 409.0 368.0 371.0 368.0 ship 0
371.0 370.0 412.0 370.0 412.0 388.0 371.0 388.0 ship 0
376.0 407.0 418.0 407.0 418.0 428.0 376.0 428.0 ship 0
404.0 268.0 439.0 268.0 439.0 285.0 404.0 285.0 ship 0
380.0 428.0 423.0 428.0 423.0 448.0 380.0 448.0 ship 0
383.0 446.0 427.0 446.0 427.0 466.0 383.0 466.0 ship 0
389.0 465.0 430.0 465.0 430.0 486.0 389.0 486.0 ship 0
389.0 486.0 435.0 486.0 435.0 508.0 389.0 508.0 ship 0
396.0 506.0 437.0 506.0 437.0 524.0 396.0 524.0 ship 0
398.0 239.0 428.0 239.0 428.0 253.0 398.0 253.0 ship 0
348.0 252.0 384.0 252.0 384.0 271.0 348.0 271.0 ship 0
343.0 233.0 387.0 233.0 387.0 254.0 343.0 254.0 ship 0
260.0 317.0 296.0 317.0 296.0 337.0 260.0 337.0 ship 0
216.0 327.0 252.0 327.0 252.0 344.0 216.0 344.0 ship 0
536.0 153.0 565.0 153.0 565.0 178.0 536.0 178.0 ship 0
555.0 152.0 587.0 152.0 587.0 178.0 555.0 178.0 ship 0
585.0 153.0 616.0 153.0 616.0 178.0 585.0 178.0 ship 0
226.0 339.0 307.0 339.0 307.0 389.0 226.0 389.0 ship 0
393.0 207.0 435.0 207.0 435.0 237.0 393.0 237.0 ship 0
642.0 198.0 688.0 198.0 688.0 230.0 642.0 230.0 ship 0
803.0 472.0 863.0 472.0 863.0 510.0 803.0 510.0 ship 0
978.0 199.0 1022.0 199.0 1022.0 229.0 978.0 229.0 ship 0
976.0 695.0 1031.0 695.0 1031.0 761.0 976.0 761.0 ship 0
1023.0 759.0 1071.0 759.0 1071.0 815.0 1023.0 815.0 ship 0
1117.0 204.0 1172.0 204.0 1172.0 229.0 1117.0 229.0 ship 0
1180.0 227.0 1199.0 227.0 1199.0 264.0 1180.0 264.0 ship 0
962.0 439.0 1030.0 439.0 1030.0 477.0 962.0 477.0 ship 0
404.0 254.0 433.0 254.0 433.0 265.0 404.0 265.0 ship 0
408.0 283.0 440.0 283.0 440.0 301.0 408.0 301.0 ship 0
263.0 9.0 280.0 9.0 280.0 30.0 263.0 30.0 small-vehicle 0
504.0 365.0 536.0 365.0 536.0 380.0 504.0 380.0 ship 0
484.0 252.0 516.0 252.0 516.0 268.0 484.0 268.0 ship 0
486.0 270.0 521.0 270.0 521.0 283.0 486.0 283.0 ship 0
490.0 285.0 522.0 285.0 522.0 298.0 490.0 298.0 ship 0
493.0 300.0 526.0 300.0 526.0 317.0 493.0 317.0 ship 0
499.0 316.0 529.0 316.0 529.0 332.0 499.0 332.0 ship 0
504.0 348.0 534.0 348.0 534.0 365.0 504.0 365.0 ship 0
510.0 382.0 541.0 382.0 541.0 394.0 510.0 394.0 ship 0
411.0 300.0 444.0 300.0 444.0 315.0 411.0 315.0 ship 0
512.0 393.0 543.0 393.0 543.0 411.0 512.0 411.0 ship 0
517.0 411.0 543.0 411.0 543.0 425.0 517.0 425.0 ship 0
522.0 425.0 550.0 425.0 550.0 442.0 522.0 442.0 ship 0
513.0 441.0 551.0 441.0 551.0 459.0 513.0 459.0 ship 0
523.0 459.0 554.0 459.0 554.0 473.0 523.0 473.0 ship 0
525.0 472.0 558.0 472.0 558.0 491.0 525.0 491.0 ship 0
481.0 239.0 512.0 239.0 512.0 253.0 481.0 253.0 ship 0
477.0 220.0 514.0 220.0 514.0 238.0 477.0 238.0 ship 0
407.0 542.0 486.0 542.0 486.0 578.0 407.0 578.0 ship 0
452.0 522.0 484.0 522.0 484.0 539.0 452.0 539.0 ship 0
396.0 524.0 444.0 524.0 444.0 547.0 396.0 547.0 ship 0
447.0 504.0 482.0 504.0 482.0 522.0 447.0 522.0 ship 0
446.0 489.0 478.0 489.0 478.0 507.0 446.0 507.0 ship 0
442.0 472.0 475.0 472.0 475.0 490.0 442.0 490.0 ship 0
439.0 458.0 469.0 458.0 469.0 472.0 439.0 472.0 ship 0
438.0 444.0 467.0 444.0 467.0 458.0 438.0 458.0 ship 0
433.0 424.0 466.0 424.0 466.0 444.0 433.0 444.0 ship 0
433.0 411.0 464.0 411.0 464.0 427.0 433.0 427.0 ship 0
429.0 395.0 459.0 395.0 459.0 412.0 429.0 412.0 ship 0
426.0 379.0 453.0 379.0 453.0 394.0 426.0 394.0 ship 0
424.0 364.0 453.0 364.0 453.0 378.0 424.0 378.0 ship 0
417.0 347.0 450.0 347.0 450.0 365.0 417.0 365.0 ship 0
413.0 317.0 446.0 317.0 446.0 333.0 413.0 333.0 ship 0
166.0 10.0 193.0 10.0 193.0 28.0 166.0 28.0 small-vehicle 0
276.0 11.0 292.0 11.0 292.0 30.0 276.0 30.0 small-vehicle 0
889.0 117.0 910.0 117.0 910.0 141.0 889.0 141.0 small-vehicle 0
853.0 4.0 875.0 4.0 875.0 27.0 853.0 27.0 small-vehicle 0
1088.0 2.0 1113.0 2.0 1113.0 24.0 1088.0 24.0 small-vehicle 0
1070.0 2.0 1087.0 2.0 1087.0 27.0 1070.0 27.0 small-vehicle 0
1058.0 1.0 1078.0 1.0 1078.0 26.0 1058.0 26.0 small-vehicle 0
1045.0 1.0 1064.0 1.0 1064.0 25.0 1045.0 25.0 small-vehicle 0
1026.0 1.0 1045.0 1.0 1045.0 26.0 1026.0 26.0 small-vehicle 0
979.0 1.0 1000.0 1.0 1000.0 24.0 979.0 24.0 small-vehicle 0
763.0 5.0 784.0 5.0 784.0 29.0 763.0 29.0 small-vehicle 0
440.0 120.0 460.0 120.0 460.0 144.0 440.0 144.0 small-vehicle 0
732.0 49.0 749.0 49.0 749.0 73.0 732.0 73.0 small-vehicle 0
789.0 74.0 807.0 74.0 807.0 96.0 789.0 96.0 small-vehicle 0
768.0 75.0 784.0 75.0 784.0 98.0 768.0 98.0 small-vehicle 0
756.0 74.0 772.0 74.0 772.0 95.0 756.0 95.0 small-vehicle 0
742.0 75.0 761.0 75.0 761.0 96.0 742.0 96.0 small-vehicle 0
393.0 128.0 413.0 128.0 413.0 149.0 393.0 149.0 small-vehicle 0
857.0 73.0 876.0 73.0 876.0 97.0 857.0 97.0 small-vehicle 0
870.0 71.0 891.0 71.0 891.0 97.0 870.0 97.0 small-vehicle 0
977.0 47.0 997.0 47.0 997.0 68.0 977.0 68.0 small-vehicle 0
990.0 44.0 1009.0 44.0 1009.0 66.0 990.0 66.0 small-vehicle 0
1010.0 45.0 1030.0 45.0 1030.0 67.0 1010.0 67.0 small-vehicle 0
1026.0 46.0 1043.0 46.0 1043.0 67.0 1026.0 67.0 small-vehicle 0
1038.0 49.0 1054.0 49.0 1054.0 67.0 1038.0 67.0 small-vehicle 0
1072.0 45.0 1088.0 45.0 1088.0 66.0 1072.0 66.0 small-vehicle 0
1039.0 72.0 1061.0 72.0 1061.0 96.0 1039.0 96.0 small-vehicle 0
1131.0 68.0 1150.0 68.0 1150.0 93.0 1131.0 93.0 small-vehicle 0
1154.0 69.0 1172.0 69.0 1172.0 93.0 1154.0 93.0 small-vehicle 0
1172.0 112.0 1194.0 112.0 1194.0 136.0 1172.0 136.0 small-vehicle 0
1124.0 112.0 1145.0 112.0 1145.0 139.0 1124.0 139.0 small-vehicle 0
1000.0 111.0 1022.0 111.0 1022.0 137.0 1000.0 137.0 small-vehicle 0
967.0 115.0 988.0 115.0 988.0 139.0 967.0 139.0 small-vehicle 0
944.0 115.0 968.0 115.0 968.0 141.0 944.0 141.0 small-vehicle 0
921.0 116.0 941.0 116.0 941.0 140.0 921.0 140.0 small-vehicle 0
431.0 126.0 449.0 126.0 449.0 146.0 431.0 146.0 small-vehicle 0
477.0 124.0 494.0 124.0 494.0 147.0 477.0 147.0 small-vehicle 0
310.0 11.0 326.0 11.0 326.0 30.0 310.0 30.0 small-vehicle 0
464.0 7.0 482.0 7.0 482.0 29.0 464.0 29.0 small-vehicle 0
427.0 78.0 445.0 78.0 445.0 101.0 427.0 101.0 small-vehicle 0
448.0 51.0 467.0 51.0 467.0 74.0 448.0 74.0 small-vehicle 0
437.0 50.0 455.0 50.0 455.0 75.0 437.0 75.0 small-vehicle 0
406.0 46.0 425.0 46.0 425.0 72.0 406.0 72.0 small-vehicle 0
423.0 33.0 445.0 33.0 445.0 54.0 423.0 54.0 small-vehicle 0
522.0 7.0 542.0 7.0 542.0 28.0 522.0 28.0 small-vehicle 0
432.0 4.0 452.0 4.0 452.0 27.0 432.0 27.0 small-vehicle 0
497.0 126.0 517.0 126.0 517.0 147.0 497.0 147.0 small-vehicle 0
420.0 5.0 439.0 5.0 439.0 27.0 420.0 27.0 small-vehicle 0
386.0 11.0 404.0 11.0 404.0 31.0 386.0 31.0 small-vehicle 0
362.0 8.0 379.0 8.0 379.0 29.0 362.0 29.0 small-vehicle 0
352.0 9.0 369.0 9.0 369.0 30.0 352.0 30.0 small-vehicle 0
339.0 6.0 357.0 6.0 357.0 27.0 339.0 27.0 small-vehicle 0
327.0 7.0 347.0 7.0 347.0 30.0 327.0 30.0 small-vehicle 0
440.0 77.0 456.0 77.0 456.0 101.0 440.0 101.0 small-vehicle 0
449.0 79.0 468.0 79.0 468.0 100.0 449.0 100.0 small-vehicle 0
472.0 80.0 488.0 80.0 488.0 100.0 472.0 100.0 small-vehicle 0
482.0 79.0 500.0 79.0 500.0 99.0 482.0 99.0 small-vehicle 0
513.0 49.0 534.0 49.0 534.0 72.0 513.0 72.0 small-vehicle 0
527.0 80.0 545.0 80.0 545.0 104.0 527.0 104.0 small-vehicle 0
550.0 78.0 571.0 78.0 571.0 102.0 550.0 102.0 small-vehicle 0
593.0 78.0 612.0 78.0 612.0 98.0 593.0 98.0 small-vehicle 0
582.0 47.0 603.0 47.0 603.0 72.0 582.0 72.0 small-vehicle 0
615.0 49.0 636.0 49.0 636.0 73.0 615.0 73.0 small-vehicle 0
637.0 46.0 659.0 46.0 659.0 72.0 637.0 72.0 small-vehicle 0
618.0 76.0 637.0 76.0 637.0 100.0 618.0 100.0 small-vehicle 0
607.0 73.0 624.0 73.0 624.0 98.0 607.0 98.0 small-vehicle 0
639.0 79.0 660.0 79.0 660.0 101.0 639.0 101.0 small-vehicle 0
589.0 125.0 606.0 125.0 606.0 144.0 589.0 144.0 small-vehicle 0
564.0 122.0 582.0 122.0 582.0 145.0 564.0 145.0 small-vehicle 0
520.0 122.0 540.0 122.0 540.0 145.0 520.0 145.0 small-vehicle 0
1.0 2.0 206.0 2.0 206.0 243.0 1.0 243.0 harbor 0
