imagesource:GoogleEarth
gsd:0.266741543568
1316.0 1270.0 1333.0 1270.0 1333.0 1289.0 1316.0 1289.0 small-vehicle 1
705.0 1010.0 724.0 1010.0 724.0 1059.0 705.0 1059.0 ship 0
506.0 990.0 528.0 990.0 528.0 1055.0 506.0 1055.0 ship 0
527.0 1048.0 561.0 1048.0 561.0 1062.0 527.0 1062.0 ship 0
530.0 999.0 543.0 999.0 543.0 1027.0 530.0 1027.0 ship 0
551.0 987.0 573.0 987.0 573.0 1044.0 551.0 1044.0 ship 0
572.0 1004.0 589.0 1004.0 589.0 1046.0 572.0 1046.0 ship 0
599.0 1008.0 614.0 1008.0 614.0 1043.0 599.0 1043.0 ship 0
616.0 998.0 636.0 998.0 636.0 1048.0 616.0 1048.0 ship 0
642.0 1001.0 659.0 1001.0 659.0 1048.0 642.0 1048.0 ship 0
687.0 1009.0 702.0 1009.0 702.0 1048.0 687.0 1048.0 ship 0
766.0 938.0 805.0 938.0 805.0 983.0 766.0 983.0 ship 0
416.0 980.0 434.0 980.0 434.0 1022.0 416.0 1022.0 ship 0
788.0 954.0 827.0 954.0 827.0 998.0 788.0 998.0 ship 0
810.0 976.0 844.0 976.0 844.0 1016.0 810.0 1016.0 ship 0
827.0 984.0 860.0 984.0 860.0 1023.0 827.0 1023.0 ship 0
794.0 913.0 848.0 913.0 848.0 961.0 794.0 961.0 ship 0
879.0 915.0 906.0 915.0 906.0 928.0 879.0 928.0 ship 0
860.0 903.0 888.0 903.0 888.0 916.0 860.0 916.0 ship 0
845.0 892.0 869.0 892.0 869.0 903.0 845.0 903.0 ship 0
824.0 874.0 852.0 874.0 852.0 888.0 824.0 888.0 ship 0
900.0 890.0 919.0 890.0 919.0 918.0 900.0 918.0 ship 0
430.0 990.0 457.0 990.0 457.0 1041.0 430.0 1041.0 ship 0
395.0 1033.0 423.0 1033.0 423.0 1046.0 395.0 1046.0 ship 0
847.0 852.0 859.0 852.0 859.0 873.0 847.0 873.0 ship 0
681.0 1056.0 705.0 1056.0 705.0 1072.0 681.0 1072.0 ship 0
394.0 1122.0 412.0 1122.0 412.0 1144.0 394.0 1144.0 small-vehicle 1
381.0 1116.0 396.0 1116.0 396.0 1138.0 381.0 1138.0 small-vehicle 1
986.0 1335.0 1001.0 1335.0 1001.0 1360.0 986.0 1360.0 ship 0
614.0 1323.0 630.0 1323.0 630.0 1355.0 614.0 1355.0 ship 0
1458.0 461.0 1485.0 461.0 1485.0 490.0 1458.0 490.0 ship 0
1244.0 546.0 1269.0 546.0 1269.0 567.0 1244.0 567.0 ship 0
947.0 673.0 964.0 673.0 964.0 716.0 947.0 716.0 ship 0
114.0 1179.0 141.0 1179.0 141.0 1200.0 114.0 1200.0 ship 0
313.0 1022.0 341.0 1022.0 341.0 1039.0 313.0 1039.0 ship 0
639.0 1054.0 658.0 1054.0 658.0 1066.0 639.0 1066.0 ship 0
383.0 975.0 401.0 975.0 401.0 1019.0 383.0 1019.0 ship 0
521.0 998.0 708.0 998.0 708.0 1117.0 521.0 1117.0 harbor 0
228.0 970.0 440.0 970.0 440.0 1101.0 228.0 1101.0 harbor 0
217.0 968.0 237.0 968.0 237.0 1018.0 217.0 1018.0 ship 0
239.0 956.0 261.0 956.0 261.0 1009.0 239.0 1009.0 ship 0
269.0 950.0 293.0 950.0 293.0 1010.0 269.0 1010.0 ship 0
256.0 1019.0 296.0 1019.0 296.0 1037.0 256.0 1037.0 ship 0
302.0 978.0 320.0 978.0 320.0 1017.0 302.0 1017.0 ship 0
322.0 985.0 335.0 985.0 335.0 1009.0 322.0 1009.0 ship 0
337.0 985.0 349.0 985.0 349.0 1011.0 337.0 1011.0 ship 0
883.0 872.0 896.0 872.0 896.0 898.0 883.0 898.0 ship 0
865.0 863.0 880.0 863.0 880.0 888.0 865.0 888.0 ship 0
1351.0 526.0 1379.0 526.0 1379.0 547.0 1351.0 547.0 ship 0
1561.0 404.0 1585.0 404.0 1585.0 462.0 1561.0 462.0 ship 0
1336.0 451.0 1376.0 451.0 1376.0 484.0 1336.0 484.0 ship 0
1375.0 437.0 1409.0 437.0 1409.0 481.0 1375.0 481.0 ship 0
1340.0 476.0 1381.0 476.0 1381.0 509.0 1340.0 509.0 ship 0
1382.0 467.0 1412.0 467.0 1412.0 503.0 1382.0 503.0 ship 0
1342.0 498.0 1386.0 498.0 1386.0 534.0 1342.0 534.0 ship 0
1425.0 525.0 1448.0 525.0 1448.0 537.0 1425.0 537.0 ship 0
1461.0 417.0 1478.0 417.0 1478.0 461.0 1461.0 461.0 ship 0
1447.0 476.0 1489.0 476.0 1489.0 514.0 1447.0 514.0 ship 0
1536.0 415.0 1558.0 415.0 1558.0 470.0 1536.0 470.0 ship 0
1551.0 415.0 1574.0 415.0 1574.0 520.0 1551.0 520.0 harbor 0
1266.0 504.0 1294.0 504.0 1294.0 546.0 1266.0 546.0 ship 0
1450.0 422.0 1509.0 422.0 1509.0 524.0 1450.0 524.0 harbor 0
1336.0 435.0 1417.0 435.0 1417.0 548.0 1336.0 548.0 harbor 0
1219.0 474.0 1316.0 474.0 1316.0 590.0 1219.0 590.0 harbor 0
1104.0 519.0 1215.0 519.0 1215.0 649.0 1104.0 649.0 harbor 0
1010.0 601.0 1120.0 601.0 1120.0 721.0 1010.0 721.0 harbor 0
928.0 689.0 1042.0 689.0 1042.0 801.0 928.0 801.0 harbor 0
866.0 776.0 978.0 776.0 978.0 880.0 866.0 880.0 harbor 0
819.0 845.0 931.0 845.0 931.0 943.0 819.0 943.0 harbor 0
756.0 924.0 877.0 924.0 877.0 1033.0 756.0 1033.0 harbor 0
1338.0 434.0 1369.0 434.0 1369.0 462.0 1338.0 462.0 ship 0
1257.0 482.0 1283.0 482.0 1283.0 523.0 1257.0 523.0 ship 0
811.0 837.0 844.0 837.0 844.0 877.0 811.0 877.0 ship 0
1027.0 660.0 1072.0 660.0 1072.0 677.0 1027.0 677.0 ship 0
871.0 813.0 899.0 813.0 899.0 830.0 871.0 830.0 ship 0
977.0 697.0 993.0 697.0 993.0 738.0 977.0 738.0 ship 0
939.0 740.0 978.0 740.0 978.0 755.0 939.0 755.0 ship 0
951.0 757.0 1000.0 757.0 1000.0 775.0 951.0 775.0 ship 0
980.0 782.0 1022.0 782.0 1022.0 799.0 980.0 799.0 ship 0
1007.0 732.0 1024.0 732.0 1024.0 768.0 1007.0 768.0 ship 0
1012.0 639.0 1051.0 639.0 1051.0 656.0 1012.0 656.0 ship 0
1054.0 607.0 1069.0 607.0 1069.0 641.0 1054.0 641.0 ship 0
1070.0 624.0 1087.0 624.0 1087.0 660.0 1070.0 660.0 ship 0
1090.0 659.0 1103.0 659.0 1103.0 686.0 1090.0 686.0 ship 0
1247.0 463.0 1270.0 463.0 1270.0 503.0 1247.0 503.0 ship 0
1109.0 532.0 1145.0 532.0 1145.0 577.0 1109.0 577.0 ship 0
1142.0 518.0 1160.0 518.0 1160.0 561.0 1142.0 561.0 ship 0
1156.0 534.0 1185.0 534.0 1185.0 586.0 1156.0 586.0 ship 0
1123.0 577.0 1168.0 577.0 1168.0 606.0 1123.0 606.0 ship 0
1130.0 600.0 1181.0 600.0 1181.0 630.0 1130.0 630.0 ship 0
1329.0 548.0 1353.0 548.0 1353.0 564.0 1329.0 564.0 ship 0
1229.0 525.0 1267.0 525.0 1267.0 551.0 1229.0 551.0 ship 0
1223.0 504.0 1257.0 504.0 1257.0 526.0 1223.0 526.0 ship 0
1216.0 483.0 1252.0 483.0 1252.0 505.0 1216.0 505.0 ship 0
472.0 1128.0 489.0 1128.0 489.0 1153.0 472.0 1153.0 small-vehicle 1
425.0 1178.0 445.0 1178.0 445.0 1202.0 425.0 1202.0 small-vehicle 1
403.0 1170.0 426.0 1170.0 426.0 1196.0 403.0 1196.0 small-vehicle 1
1335.0 1189.0 1357.0 1189.0 1357.0 1214.0 1335.0 1214.0 small-vehicle 1
1302.0 1210.0 1331.0 1210.0 1331.0 1241.0 1302.0 1241.0 large-vehicle 0
1543.0 1073.0 1564.0 1073.0 1564.0 1084.0 1543.0 1084.0 small-vehicle 1
1503.0 1081.0 1524.0 1081.0 1524.0 1098.0 1503.0 1098.0 small-vehicle 1
1475.0 1090.0 1501.0 1090.0 1501.0 1110.0 1475.0 1110.0 small-vehicle 1
1451.0 1106.0 1473.0 1106.0 1473.0 1122.0 1451.0 1122.0 small-vehicle 1
1410.0 1128.0 1429.0 1128.0 1429.0 1146.0 1410.0 1146.0 small-vehicle 1
1379.0 1148.0 1402.0 1148.0 1402.0 1166.0 1379.0 1166.0 small-vehicle 1
1363.0 1161.0 1383.0 1161.0 1383.0 1179.0 1363.0 1179.0 small-vehicle 1
1350.0 1174.0 1367.0 1174.0 1367.0 1191.0 1350.0 1191.0 small-vehicle 1
1287.0 1236.0 1305.0 1236.0 1305.0 1257.0 1287.0 1257.0 small-vehicle 1
258.0 992.0 267.0 992.0 267.0 1006.0 258.0 1006.0 ship 1
1275.0 1256.0 1291.0 1256.0 1291.0 1275.0 1275.0 1275.0 small-vehicle 1
1262.0 1273.0 1278.0 1273.0 1278.0 1296.0 1262.0 1296.0 small-vehicle 1
1480.0 1136.0 1499.0 1136.0 1499.0 1150.0 1480.0 1150.0 small-vehicle 1
1460.0 1144.0 1482.0 1144.0 1482.0 1162.0 1460.0 1162.0 small-vehicle 1
1439.0 1154.0 1462.0 1154.0 1462.0 1174.0 1439.0 1174.0 small-vehicle 1
1411.0 1177.0 1430.0 1177.0 1430.0 1192.0 1411.0 1192.0 small-vehicle 1
1389.0 1189.0 1412.0 1189.0 1412.0 1212.0 1389.0 1212.0 small-vehicle 1
1372.0 1207.0 1392.0 1207.0 1392.0 1225.0 1372.0 1225.0 small-vehicle 1
1356.0 1223.0 1373.0 1223.0 1373.0 1241.0 1356.0 1241.0 small-vehicle 1
355.0 993.0 368.0 993.0 368.0 1015.0 355.0 1015.0 ship 1
288.0 988.0 301.0 988.0 301.0 1007.0 288.0 1007.0 ship 1
591.0 1140.0 610.0 1140.0 610.0 1160.0 591.0 1160.0 small-vehicle 1
1394.0 506.0 1411.0 506.0 1411.0 526.0 1394.0 526.0 ship 1
890.0 925.0 914.0 925.0 914.0 940.0 890.0 940.0 ship 0
90.0 1201.0 120.0 1201.0 120.0 1245.0 90.0 1245.0 ship 0
441.0 1341.0 456.0 1341.0 456.0 1360.0 441.0 1360.0 small-vehicle 1
139.0 1335.0 161.0 1335.0 161.0 1349.0 139.0 1349.0 small-vehicle 1
174.0 1264.0 202.0 1264.0 202.0 1283.0 174.0 1283.0 small-vehicle 1
1196.0 600.0 1209.0 600.0 1209.0 625.0 1196.0 625.0 ship 1
1487.0 488.0 1511.0 488.0 1511.0 516.0 1487.0 516.0 ship 1
1487.0 462.0 1510.0 462.0 1510.0 489.0 1487.0 489.0 ship 1
1399.0 513.0 1421.0 513.0 1421.0 538.0 1399.0 538.0 ship 1
1369.0 422.0 1398.0 422.0 1398.0 454.0 1369.0 454.0 ship 1
371.0 1000.0 380.0 1000.0 380.0 1014.0 371.0 1014.0 ship 1
1278.0 523.0 1305.0 523.0 1305.0 566.0 1278.0 566.0 ship 1
1138.0 623.0 1161.0 623.0 1161.0 640.0 1138.0 640.0 ship 1
1105.0 668.0 1120.0 668.0 1120.0 689.0 1105.0 689.0 ship 1
1014.0 625.0 1039.0 625.0 1039.0 638.0 1014.0 638.0 ship 1
1032.0 607.0 1051.0 607.0 1051.0 632.0 1032.0 632.0 ship 1
1048.0 726.0 1069.0 726.0 1069.0 745.0 1048.0 745.0 ship 1
884.0 946.0 902.0 946.0 902.0 965.0 884.0 965.0 ship 1
856.0 953.0 867.0 953.0 867.0 975.0 856.0 975.0 ship 1
403.0 994.0 415.0 994.0 415.0 1017.0 403.0 1017.0 ship 1
1339.0 1237.0 1360.0 1237.0 1360.0 1259.0 1339.0 1259.0 small-vehicle 1
1328.0 1254.0 1345.0 1254.0 1345.0 1273.0 1328.0 1273.0 small-vehicle 1
1473.0 1316.0 1489.0 1316.0 1489.0 1337.0 1473.0 1337.0 small-vehicle 1
730.0 1131.0 747.0 1131.0 747.0 1152.0 730.0 1152.0 small-vehicle 1
1105.0 1297.0 1117.0 1297.0 1117.0 1320.0 1105.0 1320.0 small-vehicle 1
1084.0 1290.0 1095.0 1290.0 1095.0 1315.0 1084.0 1315.0 small-vehicle 1
1055.0 1286.0 1067.0 1286.0 1067.0 1306.0 1055.0 1306.0 small-vehicle 1
1044.0 1282.0 1059.0 1282.0 1059.0 1303.0 1044.0 1303.0 small-vehicle 1
1033.0 1282.0 1046.0 1282.0 1046.0 1300.0 1033.0 1300.0 small-vehicle 1
864.0 1245.0 880.0 1245.0 880.0 1268.0 864.0 1268.0 small-vehicle 1
786.0 1191.0 801.0 1191.0 801.0 1214.0 786.0 1214.0 small-vehicle 1
751.0 1133.0 769.0 1133.0 769.0 1154.0 751.0 1154.0 small-vehicle 1
742.0 1134.0 757.0 1134.0 757.0 1156.0 742.0 1156.0 small-vehicle 1
712.0 1133.0 729.0 1133.0 729.0 1155.0 712.0 1155.0 small-vehicle 1
1485.0 1321.0 1498.0 1321.0 1498.0 1348.0 1485.0 1348.0 small-vehicle 1
696.0 1133.0 715.0 1133.0 715.0 1154.0 696.0 1154.0 small-vehicle 1
687.0 1135.0 706.0 1135.0 706.0 1156.0 687.0 1156.0 small-vehicle 1
661.0 1134.0 681.0 1134.0 681.0 1159.0 661.0 1159.0 small-vehicle 1
650.0 1138.0 668.0 1138.0 668.0 1159.0 650.0 1159.0 small-vehicle 1
635.0 1138.0 654.0 1138.0 654.0 1156.0 635.0 1156.0 small-vehicle 1
655.0 1183.0 671.0 1183.0 671.0 1206.0 655.0 1206.0 small-vehicle 1
632.0 1181.0 651.0 1181.0 651.0 1204.0 632.0 1204.0 small-vehicle 1
621.0 1180.0 638.0 1180.0 638.0 1202.0 621.0 1202.0 small-vehicle 1
605.0 1140.0 623.0 1140.0 623.0 1160.0 605.0 1160.0 small-vehicle 1
869.0 1309.0 891.0 1309.0 891.0 1320.0 869.0 1320.0 small-vehicle 1
738.0 1300.0 750.0 1300.0 750.0 1323.0 738.0 1323.0 small-vehicle 1
71.0 1326.0 89.0 1326.0 89.0 1337.0 71.0 1337.0 small-vehicle 1
1082.0 1197.0 1103.0 1197.0 1103.0 1223.0 1082.0 1223.0 small-vehicle 1
1556.0 1238.0 1582.0 1238.0 1582.0 1252.0 1556.0 1252.0 small-vehicle 1
1499.0 1056.0 1523.0 1056.0 1523.0 1070.0 1499.0 1070.0 small-vehicle 1
1589.0 680.0 1609.0 680.0 1609.0 700.0 1589.0 700.0 small-vehicle 1
1577.0 684.0 1597.0 684.0 1597.0 704.0 1577.0 704.0 small-vehicle 1
1564.0 682.0 1585.0 682.0 1585.0 705.0 1564.0 705.0 small-vehicle 1
1446.0 640.0 1461.0 640.0 1461.0 661.0 1446.0 661.0 small-vehicle 1
1283.0 828.0 1300.0 828.0 1300.0 849.0 1283.0 849.0 small-vehicle 1
1496.0 734.0 1517.0 734.0 1517.0 747.0 1496.0 747.0 small-vehicle 1
1373.0 658.0 1387.0 658.0 1387.0 682.0 1373.0 682.0 small-vehicle 1
1386.0 729.0 1399.0 729.0 1399.0 750.0 1386.0 750.0 small-vehicle 1
1373.0 733.0 1390.0 733.0 1390.0 753.0 1373.0 753.0 small-vehicle 1
1312.0 705.0 1329.0 705.0 1329.0 729.0 1312.0 729.0 small-vehicle 1
1189.0 828.0 1213.0 828.0 1213.0 842.0 1189.0 842.0 small-vehicle 1
1179.0 836.0 1201.0 836.0 1201.0 849.0 1179.0 849.0 small-vehicle 1
1171.0 844.0 1193.0 844.0 1193.0 858.0 1171.0 858.0 small-vehicle 1
1162.0 853.0 1183.0 853.0 1183.0 868.0 1162.0 868.0 small-vehicle 1
1152.0 866.0 1175.0 866.0 1175.0 877.0 1152.0 877.0 small-vehicle 1
1047.0 920.0 1067.0 920.0 1067.0 943.0 1047.0 943.0 small-vehicle 1
1040.0 930.0 1058.0 930.0 1058.0 947.0 1040.0 947.0 small-vehicle 1
89.0 1189.0 196.0 1189.0 196.0 1282.0 89.0 1282.0 harbor 0
