imagesource:GoogleEarth
gsd:0.252008372347
3181.0 107.0 3191.0 107.0 3191.0 129.0 3181.0 129.0 small-vehicle 1
1780.0 491.0 1837.0 491.0 1837.0 510.0 1780.0 510.0 ship 0
1795.0 473.0 1839.0 473.0 1839.0 489.0 1795.0 489.0 ship 0
1848.0 451.0 1897.0 451.0 1897.0 468.0 1848.0 468.0 ship 0
1785.0 448.0 1836.0 448.0 1836.0 469.0 1785.0 469.0 ship 0
1854.0 430.0 1903.0 430.0 1903.0 447.0 1854.0 447.0 ship 0
1797.0 428.0 1839.0 428.0 1839.0 447.0 1797.0 447.0 ship 0
1856.0 409.0 1903.0 409.0 1903.0 425.0 1856.0 425.0 ship 0
1799.0 411.0 1842.0 411.0 1842.0 427.0 1799.0 427.0 ship 0
1852.0 386.0 1904.0 386.0 1904.0 405.0 1852.0 405.0 ship 0
1793.0 390.0 1844.0 390.0 1844.0 408.0 1793.0 408.0 ship 0
1856.0 366.0 1900.0 366.0 1900.0 383.0 1856.0 383.0 ship 0
1797.0 370.0 1843.0 370.0 1843.0 387.0 1797.0 387.0 ship 0
1854.0 345.0 1902.0 345.0 1902.0 364.0 1854.0 364.0 ship 0
1802.0 353.0 1841.0 353.0 1841.0 369.0 1802.0 369.0 ship 0
1855.0 324.0 1902.0 324.0 1902.0 341.0 1855.0 341.0 ship 0
1793.0 336.0 1837.0 336.0 1837.0 350.0 1793.0 350.0 ship 0
1816.0 316.0 1845.0 316.0 1845.0 331.0 1816.0 331.0 ship 0
1852.0 302.0 1894.0 302.0 1894.0 320.0 1852.0 320.0 ship 0
1807.0 299.0 1834.0 299.0 1834.0 311.0 1807.0 311.0 ship 0
1872.0 286.0 1901.0 286.0 1901.0 299.0 1872.0 299.0 ship 0
1868.0 265.0 1899.0 265.0 1899.0 280.0 1868.0 280.0 ship 0
1807.0 280.0 1836.0 280.0 1836.0 295.0 1807.0 295.0 ship 0
1975.0 288.0 2035.0 288.0 2035.0 309.0 1975.0 309.0 ship 0
1987.0 313.0 2029.0 313.0 2029.0 329.0 1987.0 329.0 ship 0
1978.0 332.0 2031.0 332.0 2031.0 352.0 1978.0 352.0 ship 0
1974.0 357.0 2030.0 357.0 2030.0 378.0 1974.0 378.0 ship 0
1976.0 379.0 2028.0 379.0 2028.0 400.0 1976.0 400.0 ship 0
1974.0 404.0 2028.0 404.0 2028.0 423.0 1974.0 423.0 ship 0
1981.0 428.0 2031.0 428.0 2031.0 446.0 1981.0 446.0 ship 0
1970.0 450.0 2026.0 450.0 2026.0 472.0 1970.0 472.0 ship 0
1846.0 471.0 1897.0 471.0 1897.0 491.0 1846.0 491.0 ship 0
1848.0 493.0 1892.0 493.0 1892.0 511.0 1848.0 511.0 ship 0
3136.0 182.0 3147.0 182.0 3147.0 203.0 3136.0 203.0 small-vehicle 1
1785.0 513.0 1835.0 513.0 1835.0 531.0 1785.0 531.0 ship 0
1620.0 431.0 1674.0 431.0 1674.0 452.0 1620.0 452.0 ship 0
1682.0 435.0 1726.0 435.0 1726.0 451.0 1682.0 451.0 ship 0
1686.0 416.0 1738.0 416.0 1738.0 434.0 1686.0 434.0 ship 0
1618.0 409.0 1673.0 409.0 1673.0 428.0 1618.0 428.0 ship 0
1688.0 397.0 1735.0 397.0 1735.0 412.0 1688.0 412.0 ship 0
1620.0 387.0 1674.0 387.0 1674.0 409.0 1620.0 409.0 ship 0
1616.0 366.0 1673.0 366.0 1673.0 386.0 1616.0 386.0 ship 0
1686.0 356.0 1735.0 356.0 1735.0 374.0 1686.0 374.0 ship 0
1629.0 345.0 1680.0 345.0 1680.0 363.0 1629.0 363.0 ship 0
1686.0 336.0 1736.0 336.0 1736.0 357.0 1686.0 357.0 ship 0
1688.0 317.0 1739.0 317.0 1739.0 337.0 1688.0 337.0 ship 0
1622.0 323.0 1676.0 323.0 1676.0 343.0 1622.0 343.0 ship 0
1625.0 301.0 1677.0 301.0 1677.0 323.0 1625.0 323.0 ship 0
1701.0 300.0 1728.0 300.0 1728.0 311.0 1701.0 311.0 ship 0
1699.0 282.0 1731.0 282.0 1731.0 295.0 1699.0 295.0 ship 0
1627.0 281.0 1676.0 281.0 1676.0 298.0 1627.0 298.0 ship 0
1625.0 257.0 1676.0 257.0 1676.0 278.0 1625.0 278.0 ship 0
1886.0 642.0 1908.0 642.0 1908.0 707.0 1886.0 707.0 ship 0
1861.0 634.0 1882.0 634.0 1882.0 692.0 1861.0 692.0 ship 0
1822.0 639.0 1856.0 639.0 1856.0 712.0 1822.0 712.0 ship 0
1791.0 633.0 1816.0 633.0 1816.0 714.0 1791.0 714.0 ship 0
1840.0 600.0 1896.0 600.0 1896.0 618.0 1840.0 618.0 ship 0
1785.0 597.0 1834.0 597.0 1834.0 617.0 1785.0 617.0 ship 0
1844.0 579.0 1895.0 579.0 1895.0 599.0 1844.0 599.0 ship 0
1843.0 557.0 1894.0 557.0 1894.0 577.0 1843.0 577.0 ship 0
1784.0 555.0 1836.0 555.0 1836.0 574.0 1784.0 574.0 ship 0
1848.0 535.0 1903.0 535.0 1903.0 556.0 1848.0 556.0 ship 0
1786.0 534.0 1834.0 534.0 1834.0 553.0 1786.0 553.0 ship 0
1847.0 511.0 1899.0 511.0 1899.0 533.0 1847.0 533.0 ship 0
1969.0 473.0 2026.0 473.0 2026.0 496.0 1969.0 496.0 ship 0
1966.0 495.0 2024.0 495.0 2024.0 519.0 1966.0 519.0 ship 0
1976.0 521.0 2027.0 521.0 2027.0 539.0 1976.0 539.0 ship 0
1966.0 545.0 2023.0 545.0 2023.0 566.0 1966.0 566.0 ship 0
2888.0 755.0 2962.0 755.0 2962.0 778.0 2888.0 778.0 ship 0
2932.0 739.0 2976.0 739.0 2976.0 753.0 2932.0 753.0 ship 0
2933.0 722.0 2973.0 722.0 2973.0 734.0 2933.0 734.0 ship 0
2940.0 706.0 2970.0 706.0 2970.0 717.0 2940.0 717.0 ship 0
2892.0 706.0 2917.0 706.0 2917.0 716.0 2892.0 716.0 ship 0
2892.0 720.0 2916.0 720.0 2916.0 730.0 2892.0 730.0 ship 0
2885.0 740.0 2920.0 740.0 2920.0 751.0 2885.0 751.0 ship 0
2807.0 698.0 2829.0 698.0 2829.0 758.0 2807.0 758.0 ship 0
2768.0 675.0 2793.0 675.0 2793.0 754.0 2768.0 754.0 ship 0
2743.0 676.0 2766.0 676.0 2766.0 753.0 2743.0 753.0 ship 0
2648.0 744.0 2692.0 744.0 2692.0 765.0 2648.0 765.0 ship 0
2653.0 725.0 2696.0 725.0 2696.0 742.0 2653.0 742.0 ship 0
2652.0 708.0 2696.0 708.0 2696.0 724.0 2652.0 724.0 ship 0
2660.0 668.0 2700.0 668.0 2700.0 687.0 2660.0 687.0 ship 0
2608.0 705.0 2633.0 705.0 2633.0 718.0 2608.0 718.0 ship 0
2599.0 724.0 2645.0 724.0 2645.0 739.0 2599.0 739.0 ship 0
2592.0 746.0 2642.0 746.0 2642.0 764.0 2592.0 764.0 ship 0
2483.0 740.0 2549.0 740.0 2549.0 763.0 2483.0 763.0 ship 0
2504.0 718.0 2554.0 718.0 2554.0 736.0 2504.0 736.0 ship 0
2458.0 716.0 2499.0 716.0 2499.0 734.0 2458.0 734.0 ship 0
2466.0 701.0 2495.0 701.0 2495.0 714.0 2466.0 714.0 ship 0
2522.0 687.0 2546.0 687.0 2546.0 701.0 2522.0 701.0 ship 0
2513.0 662.0 2559.0 662.0 2559.0 682.0 2513.0 682.0 ship 0
2455.0 662.0 2503.0 662.0 2503.0 678.0 2455.0 678.0 ship 0
2461.0 681.0 2499.0 681.0 2499.0 699.0 2461.0 699.0 ship 0
2359.0 715.0 2401.0 715.0 2401.0 730.0 2359.0 730.0 ship 0
2359.0 698.0 2404.0 698.0 2404.0 713.0 2359.0 713.0 ship 0
2364.0 680.0 2391.0 680.0 2391.0 692.0 2364.0 692.0 ship 0
2360.0 660.0 2402.0 660.0 2402.0 674.0 2360.0 674.0 ship 0
3037.0 725.0 3067.0 725.0 3067.0 737.0 3037.0 737.0 ship 0
3041.0 711.0 3067.0 711.0 3067.0 722.0 3041.0 722.0 ship 0
3087.0 712.0 3114.0 712.0 3114.0 722.0 3087.0 722.0 ship 0
2047.0 464.0 2084.0 464.0 2084.0 480.0 2047.0 480.0 ship 0
1970.0 570.0 2023.0 570.0 2023.0 588.0 1970.0 588.0 ship 0
1968.0 591.0 2025.0 591.0 2025.0 612.0 1968.0 612.0 ship 0
1965.0 617.0 2023.0 617.0 2023.0 635.0 1965.0 635.0 ship 0
1961.0 637.0 2021.0 637.0 2021.0 661.0 1961.0 661.0 ship 0
2041.0 567.0 2100.0 567.0 2100.0 589.0 2041.0 589.0 ship 0
1998.0 663.0 2020.0 663.0 2020.0 727.0 1998.0 727.0 ship 0
2022.0 666.0 2042.0 666.0 2042.0 723.0 2022.0 723.0 ship 0
2057.0 669.0 2079.0 669.0 2079.0 735.0 2057.0 735.0 ship 0
2082.0 652.0 2095.0 652.0 2095.0 683.0 2082.0 683.0 ship 0
2080.0 703.0 2097.0 703.0 2097.0 745.0 2080.0 745.0 ship 0
2042.0 540.0 2100.0 540.0 2100.0 564.0 2042.0 564.0 ship 0
2044.0 515.0 2105.0 515.0 2105.0 536.0 2044.0 536.0 ship 0
2042.0 486.0 2107.0 486.0 2107.0 506.0 2042.0 506.0 ship 0
2139.0 331.0 2156.0 331.0 2156.0 380.0 2139.0 380.0 ship 0
3086.0 727.0 3113.0 727.0 3113.0 737.0 3086.0 737.0 ship 0
2170.0 319.0 2190.0 319.0 2190.0 385.0 2170.0 385.0 ship 0
2163.0 389.0 2186.0 389.0 2186.0 467.0 2163.0 467.0 ship 0
2135.0 379.0 2153.0 379.0 2153.0 434.0 2135.0 434.0 ship 0
2160.0 506.0 2198.0 506.0 2198.0 523.0 2160.0 523.0 ship 0
2154.0 528.0 2195.0 528.0 2195.0 547.0 2154.0 547.0 ship 0
2151.0 557.0 2197.0 557.0 2197.0 574.0 2151.0 574.0 ship 0
2150.0 583.0 2186.0 583.0 2186.0 596.0 2150.0 596.0 ship 0
2155.0 653.0 2216.0 653.0 2216.0 672.0 2155.0 672.0 ship 0
2154.0 689.0 2213.0 689.0 2213.0 710.0 2154.0 710.0 ship 0
2140.0 728.0 2203.0 728.0 2203.0 748.0 2140.0 748.0 ship 0
2337.0 735.0 2394.0 735.0 2394.0 755.0 2337.0 755.0 ship 0
3032.0 761.0 3103.0 761.0 3103.0 782.0 3032.0 782.0 ship 0
3084.0 744.0 3111.0 744.0 3111.0 755.0 3084.0 755.0 ship 0
1624.0 453.0 1675.0 453.0 1675.0 474.0 1624.0 474.0 ship 0
1695.0 456.0 1720.0 456.0 1720.0 467.0 1695.0 467.0 ship 0
1685.0 472.0 1738.0 472.0 1738.0 492.0 1685.0 492.0 ship 0
1370.0 468.0 1404.0 468.0 1404.0 481.0 1370.0 481.0 ship 0
639.0 647.0 649.0 647.0 649.0 668.0 639.0 668.0 ship 0
659.0 646.0 670.0 646.0 670.0 669.0 659.0 669.0 ship 0
672.0 643.0 681.0 643.0 681.0 670.0 672.0 670.0 ship 0
685.0 648.0 697.0 648.0 697.0 670.0 685.0 670.0 ship 0
711.0 648.0 721.0 648.0 721.0 671.0 711.0 671.0 ship 0
735.0 651.0 749.0 651.0 749.0 677.0 735.0 677.0 ship 0
876.0 657.0 887.0 657.0 887.0 681.0 876.0 681.0 ship 0
892.0 653.0 902.0 653.0 902.0 676.0 892.0 676.0 ship 0
902.0 653.0 913.0 653.0 913.0 677.0 902.0 677.0 ship 0
916.0 654.0 926.0 654.0 926.0 677.0 916.0 677.0 ship 0
941.0 653.0 954.0 653.0 954.0 678.0 941.0 678.0 ship 0
974.0 651.0 988.0 651.0 988.0 678.0 974.0 678.0 ship 0
1026.0 652.0 1038.0 652.0 1038.0 681.0 1026.0 681.0 ship 0
1038.0 657.0 1048.0 657.0 1048.0 680.0 1038.0 680.0 ship 0
1051.0 659.0 1062.0 659.0 1062.0 686.0 1051.0 686.0 ship 0
1223.0 681.0 1251.0 681.0 1251.0 697.0 1223.0 697.0 ship 0
1211.0 663.0 1239.0 663.0 1239.0 675.0 1211.0 675.0 ship 0
1260.0 669.0 1273.0 669.0 1273.0 691.0 1260.0 691.0 ship 0
1275.0 631.0 1295.0 631.0 1295.0 700.0 1275.0 700.0 ship 0
1299.0 631.0 1319.0 631.0 1319.0 696.0 1299.0 696.0 ship 0
1268.0 624.0 1381.0 624.0 1381.0 698.0 1268.0 698.0 harbor 0
1323.0 637.0 1345.0 637.0 1345.0 705.0 1323.0 705.0 ship 0
1349.0 639.0 1372.0 639.0 1372.0 705.0 1349.0 705.0 ship 0
1360.0 614.0 1399.0 614.0 1399.0 628.0 1360.0 628.0 ship 0
1363.0 595.0 1400.0 595.0 1400.0 610.0 1363.0 610.0 ship 0
1363.0 575.0 1400.0 575.0 1400.0 590.0 1363.0 590.0 ship 0
1371.0 558.0 1399.0 558.0 1399.0 570.0 1371.0 570.0 ship 0
1370.0 542.0 1400.0 542.0 1400.0 552.0 1370.0 552.0 ship 0
1374.0 506.0 1397.0 506.0 1397.0 515.0 1374.0 515.0 ship 0
620.0 672.0 646.0 672.0 646.0 683.0 620.0 683.0 ship 0
627.0 645.0 638.0 645.0 638.0 667.0 627.0 667.0 ship 0
602.0 642.0 614.0 642.0 614.0 667.0 602.0 667.0 ship 0
114.0 168.0 164.0 168.0 164.0 266.0 114.0 266.0 tennis-court 0
568.0 602.0 746.0 602.0 746.0 679.0 568.0 679.0 harbor 0
885.0 605.0 1062.0 605.0 1062.0 687.0 885.0 687.0 harbor 0
1353.0 263.0 1414.0 263.0 1414.0 623.0 1353.0 623.0 harbor 0
1450.0 234.0 1565.0 234.0 1565.0 704.0 1450.0 704.0 harbor 0
1618.0 252.0 1734.0 252.0 1734.0 710.0 1618.0 710.0 harbor 0
1783.0 271.0 1903.0 271.0 1903.0 719.0 1783.0 719.0 harbor 0
1969.0 291.0 2038.0 291.0 2038.0 665.0 1969.0 665.0 harbor 0
1965.0 659.0 2112.0 659.0 2112.0 731.0 1965.0 731.0 harbor 0
2308.0 635.0 2400.0 635.0 2400.0 743.0 2308.0 743.0 harbor 0
2455.0 653.0 2547.0 653.0 2547.0 752.0 2455.0 752.0 harbor 0
2594.0 392.0 2654.0 392.0 2654.0 427.0 2594.0 427.0 swimming-pool 0
2603.0 658.0 2697.0 658.0 2697.0 766.0 2603.0 766.0 harbor 0
2886.0 694.0 2971.0 694.0 2971.0 771.0 2886.0 771.0 harbor 0
3033.0 706.0 3117.0 706.0 3117.0 765.0 3033.0 765.0 harbor 0
589.0 640.0 599.0 640.0 599.0 666.0 589.0 666.0 ship 0
261.0 628.0 274.0 628.0 274.0 655.0 261.0 655.0 ship 0
298.0 629.0 311.0 629.0 311.0 657.0 298.0 657.0 ship 0
313.0 633.0 325.0 633.0 325.0 657.0 313.0 657.0 ship 0
326.0 635.0 335.0 635.0 335.0 657.0 326.0 657.0 ship 0
347.0 630.0 357.0 630.0 357.0 657.0 347.0 657.0 ship 0
356.0 636.0 367.0 636.0 367.0 658.0 356.0 658.0 ship 0
372.0 634.0 382.0 634.0 382.0 659.0 372.0 659.0 ship 0
383.0 637.0 393.0 637.0 393.0 659.0 383.0 659.0 ship 0
397.0 631.0 407.0 631.0 407.0 660.0 397.0 660.0 ship 0
409.0 635.0 420.0 635.0 420.0 660.0 409.0 660.0 ship 0
423.0 643.0 434.0 643.0 434.0 671.0 423.0 671.0 ship 0
559.0 645.0 574.0 645.0 574.0 672.0 559.0 672.0 ship 0
577.0 643.0 588.0 643.0 588.0 666.0 577.0 666.0 ship 0
1368.0 484.0 1410.0 484.0 1410.0 503.0 1368.0 503.0 ship 0
1369.0 450.0 1408.0 450.0 1408.0 465.0 1369.0 465.0 ship 0
1625.0 476.0 1674.0 476.0 1674.0 494.0 1625.0 494.0 ship 0
1374.0 431.0 1399.0 431.0 1399.0 441.0 1374.0 441.0 ship 0
1466.0 528.0 1503.0 528.0 1503.0 542.0 1466.0 542.0 ship 0
1518.0 552.0 1569.0 552.0 1569.0 569.0 1518.0 569.0 ship 0
1463.0 549.0 1505.0 549.0 1505.0 564.0 1463.0 564.0 ship 0
1510.0 571.0 1554.0 571.0 1554.0 588.0 1510.0 588.0 ship 0
1461.0 569.0 1502.0 569.0 1502.0 587.0 1461.0 587.0 ship 0
1458.0 587.0 1503.0 587.0 1503.0 606.0 1458.0 606.0 ship 0
1508.0 609.0 1562.0 609.0 1562.0 629.0 1508.0 629.0 ship 0
1455.0 610.0 1500.0 610.0 1500.0 626.0 1455.0 626.0 ship 0
1512.0 632.0 1561.0 632.0 1561.0 648.0 1512.0 648.0 ship 0
1456.0 629.0 1496.0 629.0 1496.0 644.0 1456.0 644.0 ship 0
1465.0 654.0 1482.0 654.0 1482.0 708.0 1465.0 708.0 ship 0
1486.0 656.0 1505.0 656.0 1505.0 708.0 1486.0 708.0 ship 0
1508.0 655.0 1527.0 655.0 1527.0 712.0 1508.0 712.0 ship 0
1532.0 665.0 1546.0 665.0 1546.0 707.0 1532.0 707.0 ship 0
1630.0 639.0 1650.0 639.0 1650.0 708.0 1630.0 708.0 ship 0
1654.0 633.0 1677.0 633.0 1677.0 715.0 1654.0 715.0 ship 0
1682.0 637.0 1706.0 637.0 1706.0 708.0 1682.0 708.0 ship 0
1678.0 612.0 1728.0 612.0 1728.0 633.0 1678.0 633.0 ship 0
1677.0 591.0 1725.0 591.0 1725.0 611.0 1677.0 611.0 ship 0
1681.0 570.0 1727.0 570.0 1727.0 589.0 1681.0 589.0 ship 0
1682.0 552.0 1729.0 552.0 1729.0 568.0 1682.0 568.0 ship 0
1618.0 610.0 1666.0 610.0 1666.0 628.0 1618.0 628.0 ship 0
1620.0 586.0 1667.0 586.0 1667.0 605.0 1620.0 605.0 ship 0
1617.0 564.0 1667.0 564.0 1667.0 581.0 1617.0 581.0 ship 0
1618.0 541.0 1672.0 541.0 1672.0 561.0 1618.0 561.0 ship 0
1619.0 518.0 1664.0 518.0 1664.0 538.0 1619.0 538.0 ship 0
1679.0 513.0 1722.0 513.0 1722.0 529.0 1679.0 529.0 ship 0
1622.0 498.0 1673.0 498.0 1673.0 517.0 1622.0 517.0 ship 0
1680.0 492.0 1726.0 492.0 1726.0 511.0 1680.0 511.0 ship 0
1467.0 507.0 1505.0 507.0 1505.0 523.0 1467.0 523.0 ship 0
1514.0 513.0 1554.0 513.0 1554.0 528.0 1514.0 528.0 ship 0
1462.0 485.0 1502.0 485.0 1502.0 503.0 1462.0 503.0 ship 0
1521.0 279.0 1561.0 279.0 1561.0 296.0 1521.0 296.0 ship 0
1375.0 414.0 1404.0 414.0 1404.0 427.0 1375.0 427.0 ship 0
1373.0 394.0 1409.0 394.0 1409.0 409.0 1373.0 409.0 ship 0
1375.0 375.0 1402.0 375.0 1402.0 387.0 1375.0 387.0 ship 0
1378.0 357.0 1400.0 357.0 1400.0 369.0 1378.0 369.0 ship 0
1372.0 340.0 1408.0 340.0 1408.0 353.0 1372.0 353.0 ship 0
1371.0 321.0 1416.0 321.0 1416.0 338.0 1371.0 338.0 ship 0
1377.0 303.0 1406.0 303.0 1406.0 316.0 1377.0 316.0 ship 0
1380.0 269.0 1408.0 269.0 1408.0 282.0 1380.0 282.0 ship 0
1392.0 255.0 1415.0 255.0 1415.0 266.0 1392.0 266.0 ship 0
1525.0 219.0 1576.0 219.0 1576.0 240.0 1525.0 240.0 ship 0
1468.0 220.0 1516.0 220.0 1516.0 238.0 1468.0 238.0 ship 0
1524.0 262.0 1567.0 262.0 1567.0 276.0 1524.0 276.0 ship 0
1460.0 257.0 1509.0 257.0 1509.0 278.0 1460.0 278.0 ship 0
1469.0 278.0 1514.0 278.0 1514.0 298.0 1469.0 298.0 ship 0
1514.0 493.0 1562.0 493.0 1562.0 510.0 1514.0 510.0 ship 0
1521.0 298.0 1562.0 298.0 1562.0 317.0 1521.0 317.0 ship 0
1473.0 302.0 1512.0 302.0 1512.0 319.0 1473.0 319.0 ship 0
1460.0 322.0 1508.0 322.0 1508.0 336.0 1460.0 336.0 ship 0
1520.0 339.0 1566.0 339.0 1566.0 354.0 1520.0 354.0 ship 0
1519.0 358.0 1566.0 358.0 1566.0 376.0 1519.0 376.0 ship 0
1519.0 377.0 1565.0 377.0 1565.0 394.0 1519.0 394.0 ship 0
1469.0 382.0 1510.0 382.0 1510.0 399.0 1469.0 399.0 ship 0
1462.0 402.0 1508.0 402.0 1508.0 421.0 1462.0 421.0 ship 0
1517.0 438.0 1562.0 438.0 1562.0 452.0 1517.0 452.0 ship 0
1466.0 424.0 1508.0 424.0 1508.0 441.0 1466.0 441.0 ship 0
1472.0 448.0 1505.0 448.0 1505.0 460.0 1472.0 460.0 ship 0
1514.0 454.0 1558.0 454.0 1558.0 470.0 1514.0 470.0 ship 0
1463.0 464.0 1505.0 464.0 1505.0 482.0 1463.0 482.0 ship 0
2315.0 636.0 2346.0 636.0 2346.0 650.0 2315.0 650.0 ship 0
2319.0 652.0 2350.0 652.0 2350.0 664.0 2319.0 664.0 ship 0
2306.0 670.0 2351.0 670.0 2351.0 689.0 2306.0 689.0 ship 0
3116.0 98.0 3127.0 98.0 3127.0 119.0 3116.0 119.0 small-vehicle 1
2756.0 105.0 2772.0 105.0 2772.0 127.0 2756.0 127.0 small-vehicle 1
2815.0 129.0 2830.0 129.0 2830.0 151.0 2815.0 151.0 small-vehicle 1
2814.0 104.0 2837.0 104.0 2837.0 121.0 2814.0 121.0 small-vehicle 1
2786.0 117.0 2801.0 117.0 2801.0 138.0 2786.0 138.0 small-vehicle 1
2845.0 134.0 2860.0 134.0 2860.0 161.0 2845.0 161.0 small-vehicle 1
2857.0 138.0 2871.0 138.0 2871.0 160.0 2857.0 160.0 small-vehicle 1
2908.0 148.0 2922.0 148.0 2922.0 176.0 2908.0 176.0 small-vehicle 1
2917.0 154.0 2933.0 154.0 2933.0 178.0 2917.0 178.0 small-vehicle 1
2900.0 96.0 2911.0 96.0 2911.0 119.0 2900.0 119.0 small-vehicle 1
2920.0 103.0 2932.0 103.0 2932.0 124.0 2920.0 124.0 small-vehicle 1
2943.0 105.0 2957.0 105.0 2957.0 128.0 2943.0 128.0 small-vehicle 1
2961.0 110.0 2968.0 110.0 2968.0 130.0 2961.0 130.0 small-vehicle 1
2979.0 113.0 2992.0 113.0 2992.0 135.0 2979.0 135.0 small-vehicle 1
2898.0 148.0 2908.0 148.0 2908.0 170.0 2898.0 170.0 small-vehicle 1
2887.0 146.0 2900.0 146.0 2900.0 169.0 2887.0 169.0 small-vehicle 1
2963.0 162.0 2974.0 162.0 2974.0 182.0 2963.0 182.0 small-vehicle 1
2973.0 164.0 2984.0 164.0 2984.0 187.0 2973.0 187.0 small-vehicle 1
2983.0 165.0 2996.0 165.0 2996.0 188.0 2983.0 188.0 small-vehicle 1
2996.0 168.0 3008.0 168.0 3008.0 189.0 2996.0 189.0 small-vehicle 1
2757.0 24.0 2776.0 24.0 2776.0 37.0 2757.0 37.0 small-vehicle 1
2757.0 13.0 2776.0 13.0 2776.0 25.0 2757.0 25.0 small-vehicle 1
2761.0 5.0 2779.0 5.0 2779.0 18.0 2761.0 18.0 small-vehicle 1
3060.0 43.0 3070.0 43.0 3070.0 63.0 3060.0 63.0 small-vehicle 1
3063.0 119.0 3073.0 119.0 3073.0 139.0 3063.0 139.0 small-vehicle 1
3074.0 121.0 3083.0 121.0 3083.0 140.0 3074.0 140.0 small-vehicle 1
3082.0 123.0 3091.0 123.0 3091.0 142.0 3082.0 142.0 small-vehicle 1
3092.0 125.0 3103.0 125.0 3103.0 145.0 3092.0 145.0 small-vehicle 1
3086.0 98.0 3096.0 98.0 3096.0 119.0 3086.0 119.0 small-vehicle 1
3097.0 97.0 3107.0 97.0 3107.0 118.0 3097.0 118.0 small-vehicle 1
2746.0 97.0 2761.0 97.0 2761.0 122.0 2746.0 122.0 small-vehicle 1
2720.0 86.0 2736.0 86.0 2736.0 111.0 2720.0 111.0 small-vehicle 1
3147.0 265.0 3170.0 265.0 3170.0 281.0 3147.0 281.0 small-vehicle 1
2588.0 288.0 2599.0 288.0 2599.0 309.0 2588.0 309.0 small-vehicle 1
2104.0 376.0 2128.0 376.0 2128.0 387.0 2104.0 387.0 small-vehicle 1
2103.0 386.0 2126.0 386.0 2126.0 397.0 2103.0 397.0 small-vehicle 1
2103.0 398.0 2114.0 398.0 2114.0 420.0 2103.0 420.0 small-vehicle 1
2107.0 364.0 2128.0 364.0 2128.0 375.0 2107.0 375.0 small-vehicle 1
2561.0 107.0 2612.0 107.0 2612.0 144.0 2561.0 144.0 large-vehicle 0
2419.0 174.0 2428.0 174.0 2428.0 194.0 2419.0 194.0 small-vehicle 1
2496.0 183.0 2507.0 183.0 2507.0 202.0 2496.0 202.0 small-vehicle 1
2505.0 187.0 2515.0 187.0 2515.0 205.0 2505.0 205.0 small-vehicle 1
2445.0 150.0 2466.0 150.0 2466.0 162.0 2445.0 162.0 small-vehicle 1
2646.0 194.0 2664.0 194.0 2664.0 218.0 2646.0 218.0 small-vehicle 1
2579.0 255.0 2589.0 255.0 2589.0 274.0 2579.0 274.0 small-vehicle 1
2588.0 255.0 2601.0 255.0 2601.0 276.0 2588.0 276.0 small-vehicle 1
2599.0 288.0 2609.0 288.0 2609.0 309.0 2599.0 309.0 small-vehicle 1
2576.0 286.0 2587.0 286.0 2587.0 309.0 2576.0 309.0 small-vehicle 1
2879.0 433.0 2899.0 433.0 2899.0 456.0 2879.0 456.0 small-vehicle 1
2719.0 258.0 2740.0 258.0 2740.0 270.0 2719.0 270.0 small-vehicle 1
2714.0 271.0 2735.0 271.0 2735.0 281.0 2714.0 281.0 small-vehicle 1
2683.0 276.0 2704.0 276.0 2704.0 291.0 2683.0 291.0 small-vehicle 1
2682.0 313.0 2706.0 313.0 2706.0 328.0 2682.0 328.0 small-vehicle 1
2741.0 258.0 2755.0 258.0 2755.0 282.0 2741.0 282.0 small-vehicle 1
2752.0 258.0 2763.0 258.0 2763.0 282.0 2752.0 282.0 small-vehicle 1
2771.0 265.0 2790.0 265.0 2790.0 277.0 2771.0 277.0 small-vehicle 1
2868.0 239.0 2895.0 239.0 2895.0 257.0 2868.0 257.0 small-vehicle 1
2661.0 351.0 2673.0 351.0 2673.0 372.0 2661.0 372.0 small-vehicle 1
2606.0 349.0 2615.0 349.0 2615.0 368.0 2606.0 368.0 small-vehicle 1
2594.0 343.0 2606.0 343.0 2606.0 365.0 2594.0 365.0 small-vehicle 1
2585.0 342.0 2596.0 342.0 2596.0 366.0 2585.0 366.0 small-vehicle 1
2572.0 341.0 2583.0 341.0 2583.0 365.0 2572.0 365.0 small-vehicle 1
3106.0 97.0 3116.0 97.0 3116.0 118.0 3106.0 118.0 small-vehicle 1
3137.0 104.0 3149.0 104.0 3149.0 125.0 3137.0 125.0 small-vehicle 1
2109.0 341.0 2128.0 341.0 2128.0 351.0 2109.0 351.0 small-vehicle 1
3103.0 125.0 3115.0 125.0 3115.0 145.0 3103.0 145.0 small-vehicle 1
3226.0 62.0 3237.0 62.0 3237.0 83.0 3226.0 83.0 small-vehicle 1
492.0 762.0 520.0 762.0 520.0 776.0 492.0 776.0 ship 0
999.0 651.0 1012.0 651.0 1012.0 677.0 999.0 677.0 ship 0
1010.0 656.0 1021.0 656.0 1021.0 678.0 1010.0 678.0 ship 0
2156.0 672.0 2186.0 672.0 2186.0 686.0 2156.0 686.0 ship 0
2190.0 676.0 2209.0 676.0 2209.0 689.0 2190.0 689.0 ship 0
2610.0 689.0 2632.0 689.0 2632.0 702.0 2610.0 702.0 ship 0
1375.0 286.0 1410.0 286.0 1410.0 299.0 1375.0 299.0 ship 1
1637.0 242.0 1660.0 242.0 1660.0 256.0 1637.0 256.0 ship 1
496.0 164.0 506.0 164.0 506.0 186.0 496.0 186.0 small-vehicle 1
813.0 119.0 823.0 119.0 823.0 140.0 813.0 140.0 small-vehicle 1
839.0 117.0 850.0 117.0 850.0 136.0 839.0 136.0 small-vehicle 1
839.0 136.0 849.0 136.0 849.0 156.0 839.0 156.0 small-vehicle 1
199.0 350.0 208.0 350.0 208.0 374.0 199.0 374.0 small-vehicle 1
1082.0 409.0 1103.0 409.0 1103.0 418.0 1082.0 418.0 small-vehicle 1
1351.0 229.0 1374.0 229.0 1374.0 251.0 1351.0 251.0 small-vehicle 1
1367.0 217.0 1385.0 217.0 1385.0 237.0 1367.0 237.0 small-vehicle 1
1324.0 286.0 1348.0 286.0 1348.0 296.0 1324.0 296.0 small-vehicle 1
1335.0 239.0 1353.0 239.0 1353.0 261.0 1335.0 261.0 small-vehicle 1
1320.0 434.0 1343.0 434.0 1343.0 445.0 1320.0 445.0 small-vehicle 1
1987.0 117.0 2011.0 117.0 2011.0 129.0 1987.0 129.0 small-vehicle 1
2104.0 347.0 2130.0 347.0 2130.0 362.0 2104.0 362.0 small-vehicle 1
2044.0 690.0 2054.0 690.0 2054.0 721.0 2044.0 721.0 ship 0
2457.0 738.0 2483.0 738.0 2483.0 751.0 2457.0 751.0 ship 0
2666.0 693.0 2690.0 693.0 2690.0 705.0 2666.0 705.0 ship 0
2877.0 756.0 2891.0 756.0 2891.0 777.0 2877.0 777.0 ship 0
2766.0 105.0 2783.0 105.0 2783.0 129.0 2766.0 129.0 small-vehicle 1
3116.0 178.0 3126.0 178.0 3126.0 199.0 3116.0 199.0 small-vehicle 1
3126.0 178.0 3137.0 178.0 3137.0 200.0 3126.0 200.0 small-vehicle 1
3214.0 59.0 3224.0 59.0 3224.0 81.0 3214.0 81.0 small-vehicle 1
3201.0 59.0 3212.0 59.0 3212.0 79.0 3201.0 79.0 small-vehicle 1
3181.0 58.0 3191.0 58.0 3191.0 78.0 3181.0 78.0 small-vehicle 1
3157.0 185.0 3168.0 185.0 3168.0 207.0 3157.0 207.0 small-vehicle 1
3116.0 124.0 3126.0 124.0 3126.0 146.0 3116.0 146.0 small-vehicle 1
3126.0 124.0 3136.0 124.0 3136.0 145.0 3126.0 145.0 small-vehicle 1
3134.0 126.0 3144.0 126.0 3144.0 145.0 3134.0 145.0 small-vehicle 1
3146.0 128.0 3158.0 128.0 3158.0 149.0 3146.0 149.0 small-vehicle 1
3160.0 106.0 3171.0 106.0 3171.0 128.0 3160.0 128.0 small-vehicle 1
3127.0 51.0 3136.0 51.0 3136.0 74.0 3127.0 74.0 small-vehicle 1
3136.0 50.0 3147.0 50.0 3147.0 72.0 3136.0 72.0 small-vehicle 1
3148.0 52.0 3158.0 52.0 3158.0 74.0 3148.0 74.0 small-vehicle 1
3156.0 52.0 3171.0 52.0 3171.0 74.0 3156.0 74.0 small-vehicle 1
3085.0 177.0 3094.0 177.0 3094.0 198.0 3085.0 198.0 small-vehicle 1
3095.0 179.0 3106.0 179.0 3106.0 202.0 3095.0 202.0 small-vehicle 1
3107.0 178.0 3116.0 178.0 3116.0 200.0 3107.0 200.0 small-vehicle 1
3146.0 184.0 3156.0 184.0 3156.0 206.0 3146.0 206.0 small-vehicle 1
3168.0 185.0 3178.0 185.0 3178.0 207.0 3168.0 207.0 small-vehicle 1
3167.0 55.0 3179.0 55.0 3179.0 78.0 3167.0 78.0 small-vehicle 1
3177.0 186.0 3190.0 186.0 3190.0 207.0 3177.0 207.0 small-vehicle 1
3211.0 190.0 3223.0 190.0 3223.0 210.0 3211.0 210.0 small-vehicle 1
3200.0 190.0 3210.0 190.0 3210.0 210.0 3200.0 210.0 small-vehicle 1
3229.0 192.0 3242.0 192.0 3242.0 218.0 3229.0 218.0 small-vehicle 1
3166.0 130.0 3177.0 130.0 3177.0 150.0 3166.0 150.0 small-vehicle 1
3170.0 108.0 3179.0 108.0 3179.0 128.0 3170.0 128.0 small-vehicle 1
3192.0 108.0 3200.0 108.0 3200.0 131.0 3192.0 131.0 small-vehicle 1
3188.0 137.0 3197.0 137.0 3197.0 155.0 3188.0 155.0 small-vehicle 1
3198.0 136.0 3209.0 136.0 3209.0 155.0 3198.0 155.0 small-vehicle 1
3210.0 136.0 3218.0 136.0 3218.0 157.0 3210.0 157.0 small-vehicle 1
3230.0 138.0 3242.0 138.0 3242.0 158.0 3230.0 158.0 small-vehicle 1
3221.0 113.0 3234.0 113.0 3234.0 135.0 3221.0 135.0 small-vehicle 1
3210.0 114.0 3222.0 114.0 3222.0 133.0 3210.0 133.0 small-vehicle 1
2052.0 371.0 2082.0 371.0 2082.0 383.0 2052.0 383.0 small-vehicle 1
2062.0 330.0 2081.0 330.0 2081.0 340.0 2062.0 340.0 small-vehicle 1
2303.0 690.0 2350.0 690.0 2350.0 708.0 2303.0 708.0 ship 0
1282.0 304.0 1300.0 304.0 1300.0 315.0 1282.0 315.0 small-vehicle 1
1121.0 196.0 1133.0 196.0 1133.0 219.0 1121.0 219.0 small-vehicle 1
1117.0 265.0 1130.0 265.0 1130.0 287.0 1117.0 287.0 small-vehicle 1
859.0 399.0 880.0 399.0 880.0 411.0 859.0 411.0 small-vehicle 1
890.0 400.0 913.0 400.0 913.0 413.0 890.0 413.0 small-vehicle 1
916.0 402.0 940.0 402.0 940.0 414.0 916.0 414.0 small-vehicle 1
939.0 402.0 964.0 402.0 964.0 414.0 939.0 414.0 small-vehicle 1
1032.0 409.0 1050.0 409.0 1050.0 418.0 1032.0 418.0 small-vehicle 1
1054.0 409.0 1075.0 409.0 1075.0 420.0 1054.0 420.0 small-vehicle 1
496.0 412.0 522.0 412.0 522.0 424.0 496.0 424.0 small-vehicle 1
788.0 423.0 810.0 423.0 810.0 434.0 788.0 434.0 small-vehicle 1
872.0 424.0 898.0 424.0 898.0 434.0 872.0 434.0 small-vehicle 1
1540.0 65.0 1560.0 65.0 1560.0 77.0 1540.0 77.0 small-vehicle 1
1613.0 73.0 1637.0 73.0 1637.0 86.0 1613.0 86.0 small-vehicle 1
1660.0 81.0 1681.0 81.0 1681.0 92.0 1660.0 92.0 small-vehicle 1
1631.0 102.0 1656.0 102.0 1656.0 114.0 1631.0 114.0 small-vehicle 1
1587.0 110.0 1613.0 110.0 1613.0 122.0 1587.0 122.0 small-vehicle 1
1705.0 125.0 1729.0 125.0 1729.0 137.0 1705.0 137.0 small-vehicle 1
1713.0 84.0 1738.0 84.0 1738.0 99.0 1713.0 99.0 small-vehicle 1
1688.0 54.0 1699.0 54.0 1699.0 75.0 1688.0 75.0 small-vehicle 1
1699.0 53.0 1709.0 53.0 1709.0 77.0 1699.0 77.0 small-vehicle 1
1286.0 184.0 1306.0 184.0 1306.0 194.0 1286.0 194.0 small-vehicle 1
1286.0 195.0 1306.0 195.0 1306.0 205.0 1286.0 205.0 small-vehicle 1
1288.0 205.0 1306.0 205.0 1306.0 216.0 1288.0 216.0 small-vehicle 1
1287.0 216.0 1307.0 216.0 1307.0 226.0 1287.0 226.0 small-vehicle 1
1285.0 227.0 1305.0 227.0 1305.0 236.0 1285.0 236.0 small-vehicle 1
1284.0 239.0 1304.0 239.0 1304.0 250.0 1284.0 250.0 small-vehicle 1
1283.0 249.0 1302.0 249.0 1302.0 262.0 1283.0 262.0 small-vehicle 1
1282.0 260.0 1302.0 260.0 1302.0 271.0 1282.0 271.0 small-vehicle 1
1282.0 270.0 1302.0 270.0 1302.0 280.0 1282.0 280.0 small-vehicle 1
1090.0 57.0 1116.0 57.0 1116.0 68.0 1090.0 68.0 small-vehicle 1
1110.0 16.0 1141.0 16.0 1141.0 33.0 1110.0 33.0 small-vehicle 1
1049.0 7.0 1076.0 7.0 1076.0 23.0 1049.0 23.0 small-vehicle 1
818.0 190.0 830.0 190.0 830.0 216.0 818.0 216.0 small-vehicle 0
2311.0 710.0 2351.0 710.0 2351.0 727.0 2311.0 727.0 ship 0
98.0 16.0 141.0 16.0 141.0 53.0 98.0 53.0 swimming-pool 0
63.0 238.0 79.0 238.0 79.0 259.0 63.0 259.0 small-vehicle 0
70.0 244.0 87.0 244.0 87.0 268.0 70.0 268.0 small-vehicle 0
78.0 255.0 94.0 255.0 94.0 274.0 78.0 274.0 small-vehicle 0
179.0 198.0 190.0 198.0 190.0 219.0 179.0 219.0 small-vehicle 0
179.0 224.0 189.0 224.0 189.0 244.0 179.0 244.0 small-vehicle 0
178.0 250.0 187.0 250.0 187.0 270.0 178.0 270.0 small-vehicle 0
175.0 302.0 187.0 302.0 187.0 323.0 175.0 323.0 small-vehicle 0
176.0 276.0 187.0 276.0 187.0 299.0 176.0 299.0 small-vehicle 0
173.0 327.0 184.0 327.0 184.0 349.0 173.0 349.0 small-vehicle 0
190.0 48.0 201.0 48.0 201.0 69.0 190.0 69.0 small-vehicle 0
838.0 52.0 850.0 52.0 850.0 77.0 838.0 77.0 small-vehicle 0
289.0 377.0 309.0 377.0 309.0 389.0 289.0 389.0 small-vehicle 0
802.0 337.0 815.0 337.0 815.0 361.0 802.0 361.0 small-vehicle 1
395.0 383.0 413.0 383.0 413.0 391.0 395.0 391.0 small-vehicle 0
241.0 376.0 264.0 376.0 264.0 386.0 241.0 386.0 small-vehicle 0
264.0 377.0 286.0 377.0 286.0 388.0 264.0 388.0 small-vehicle 0
419.0 382.0 443.0 382.0 443.0 395.0 419.0 395.0 small-vehicle 0
552.0 388.0 577.0 388.0 577.0 399.0 552.0 399.0 small-vehicle 0
189.0 87.0 200.0 87.0 200.0 106.0 189.0 106.0 small-vehicle 1
187.0 113.0 198.0 113.0 198.0 134.0 187.0 134.0 small-vehicle 1
183.0 149.0 192.0 149.0 192.0 169.0 183.0 169.0 small-vehicle 1
190.0 2.0 201.0 2.0 201.0 27.0 190.0 27.0 small-vehicle 1
527.0 385.0 549.0 385.0 549.0 398.0 527.0 398.0 small-vehicle 1
591.0 390.0 610.0 390.0 610.0 400.0 591.0 400.0 small-vehicle 1
612.0 392.0 628.0 392.0 628.0 402.0 612.0 402.0 small-vehicle 1
707.0 395.0 730.0 395.0 730.0 405.0 707.0 405.0 small-vehicle 1
1281.0 281.0 1300.0 281.0 1300.0 293.0 1281.0 293.0 small-vehicle 1
1317.0 227.0 1336.0 227.0 1336.0 250.0 1317.0 250.0 small-vehicle 1
2061.0 292.0 2083.0 292.0 2083.0 304.0 2061.0 304.0 small-vehicle 1
1346.0 178.0 1368.0 178.0 1368.0 200.0 1346.0 200.0 small-vehicle 1
1654.0 193.0 1665.0 193.0 1665.0 217.0 1654.0 217.0 small-vehicle 1
1710.0 198.0 1721.0 198.0 1721.0 222.0 1710.0 222.0 small-vehicle 1
1723.0 203.0 1733.0 203.0 1733.0 224.0 1723.0 224.0 small-vehicle 1
1735.0 205.0 1744.0 205.0 1744.0 226.0 1735.0 226.0 small-vehicle 1
1744.0 203.0 1755.0 203.0 1755.0 227.0 1744.0 227.0 small-vehicle 1
1753.0 205.0 1765.0 205.0 1765.0 228.0 1753.0 228.0 small-vehicle 1
1763.0 203.0 1778.0 203.0 1778.0 228.0 1763.0 228.0 small-vehicle 1
1774.0 209.0 1787.0 209.0 1787.0 232.0 1774.0 232.0 small-vehicle 1
1786.0 211.0 1799.0 211.0 1799.0 235.0 1786.0 235.0 small-vehicle 1
1798.0 214.0 1808.0 214.0 1808.0 233.0 1798.0 233.0 small-vehicle 1
1809.0 213.0 1820.0 213.0 1820.0 236.0 1809.0 236.0 small-vehicle 1
1818.0 217.0 1831.0 217.0 1831.0 239.0 1818.0 239.0 small-vehicle 1
1920.0 209.0 1941.0 209.0 1941.0 222.0 1920.0 222.0 small-vehicle 1
1955.0 211.0 1981.0 211.0 1981.0 226.0 1955.0 226.0 small-vehicle 1
1901.0 220.0 1910.0 220.0 1910.0 241.0 1901.0 241.0 small-vehicle 1
1909.0 222.0 1923.0 222.0 1923.0 244.0 1909.0 244.0 small-vehicle 1
1922.0 224.0 1933.0 224.0 1933.0 249.0 1922.0 249.0 small-vehicle 1
1965.0 230.0 1977.0 230.0 1977.0 255.0 1965.0 255.0 small-vehicle 1
1930.0 147.0 1956.0 147.0 1956.0 165.0 1930.0 165.0 small-vehicle 1
1959.0 151.0 1981.0 151.0 1981.0 165.0 1959.0 165.0 small-vehicle 1
1991.0 154.0 2018.0 154.0 2018.0 173.0 1991.0 173.0 small-vehicle 1
2017.0 158.0 2041.0 158.0 2041.0 175.0 2017.0 175.0 small-vehicle 1
2061.0 161.0 2085.0 161.0 2085.0 176.0 2061.0 176.0 small-vehicle 1
2054.0 185.0 2067.0 185.0 2067.0 207.0 2054.0 207.0 small-vehicle 1
2065.0 188.0 2077.0 188.0 2077.0 211.0 2065.0 211.0 small-vehicle 1
2074.0 188.0 2087.0 188.0 2087.0 210.0 2074.0 210.0 small-vehicle 1
2086.0 189.0 2097.0 189.0 2097.0 211.0 2086.0 211.0 small-vehicle 1
2112.0 280.0 2126.0 280.0 2126.0 307.0 2112.0 307.0 small-vehicle 1
2060.0 276.0 2082.0 276.0 2082.0 287.0 2060.0 287.0 small-vehicle 1
1643.0 192.0 1656.0 192.0 1656.0 216.0 1643.0 216.0 small-vehicle 1
1622.0 186.0 1634.0 186.0 1634.0 212.0 1622.0 212.0 small-vehicle 1
1610.0 185.0 1622.0 185.0 1622.0 210.0 1610.0 210.0 small-vehicle 1
1275.0 488.0 1297.0 488.0 1297.0 499.0 1275.0 499.0 small-vehicle 1
1324.0 317.0 1349.0 317.0 1349.0 328.0 1324.0 328.0 small-vehicle 1
1325.0 330.0 1350.0 330.0 1350.0 342.0 1325.0 342.0 small-vehicle 1
1323.0 363.0 1351.0 363.0 1351.0 373.0 1323.0 373.0 small-vehicle 1
1330.0 372.0 1352.0 372.0 1352.0 385.0 1330.0 385.0 small-vehicle 1
1278.0 347.0 1298.0 347.0 1298.0 358.0 1278.0 358.0 small-vehicle 1
1278.0 367.0 1301.0 367.0 1301.0 382.0 1278.0 382.0 small-vehicle 1
1277.0 382.0 1306.0 382.0 1306.0 396.0 1277.0 396.0 small-vehicle 1
1276.0 400.0 1301.0 400.0 1301.0 413.0 1276.0 413.0 small-vehicle 1
1277.0 414.0 1302.0 414.0 1302.0 425.0 1277.0 425.0 small-vehicle 1
1325.0 392.0 1348.0 392.0 1348.0 402.0 1325.0 402.0 small-vehicle 1
1323.0 413.0 1351.0 413.0 1351.0 424.0 1323.0 424.0 small-vehicle 1
1277.0 466.0 1297.0 466.0 1297.0 476.0 1277.0 476.0 small-vehicle 1
1275.0 477.0 1298.0 477.0 1298.0 488.0 1275.0 488.0 small-vehicle 1
1271.0 531.0 1292.0 531.0 1292.0 544.0 1271.0 544.0 small-vehicle 1
1600.0 187.0 1612.0 187.0 1612.0 210.0 1600.0 210.0 small-vehicle 1
1320.0 522.0 1345.0 522.0 1345.0 534.0 1320.0 534.0 small-vehicle 1
1277.0 445.0 1296.0 445.0 1296.0 455.0 1277.0 455.0 small-vehicle 1
1777.0 92.0 1797.0 92.0 1797.0 105.0 1777.0 105.0 small-vehicle 1
1869.0 104.0 1890.0 104.0 1890.0 117.0 1869.0 117.0 small-vehicle 1
1452.0 170.0 1465.0 170.0 1465.0 192.0 1452.0 192.0 small-vehicle 1
1462.0 175.0 1475.0 175.0 1475.0 195.0 1462.0 195.0 small-vehicle 1
1472.0 176.0 1483.0 176.0 1483.0 197.0 1472.0 197.0 small-vehicle 1
1488.0 178.0 1501.0 178.0 1501.0 198.0 1488.0 198.0 small-vehicle 1
1545.0 180.0 1556.0 180.0 1556.0 203.0 1545.0 203.0 small-vehicle 1
1557.0 183.0 1567.0 183.0 1567.0 204.0 1557.0 204.0 small-vehicle 1
1568.0 185.0 1577.0 185.0 1577.0 206.0 1568.0 206.0 small-vehicle 1
1577.0 184.0 1589.0 184.0 1589.0 206.0 1577.0 206.0 small-vehicle 1
1590.0 185.0 1601.0 185.0 1601.0 209.0 1590.0 209.0 small-vehicle 1
253.0 582.0 434.0 582.0 434.0 667.0 253.0 667.0 harbor 0
