imagesource:GoogleEarth
gsd:0.262135385293
1254.0 1023.0 1274.0 1023.0 1274.0 1034.0 1254.0 1034.0 small-vehicle 1
115.0 262.0 172.0 262.0 172.0 296.0 115.0 296.0 ship 0
164.0 622.0 212.0 622.0 212.0 685.0 164.0 685.0 ship 0
135.0 602.0 199.0 602.0 199.0 666.0 135.0 666.0 ship 0
127.0 606.0 154.0 606.0 154.0 632.0 127.0 632.0 ship 0
97.0 568.0 160.0 568.0 160.0 629.0 97.0 629.0 ship 0
74.0 539.0 97.0 539.0 97.0 554.0 74.0 554.0 ship 0
77.0 546.0 152.0 546.0 152.0 594.0 77.0 594.0 ship 0
64.0 498.0 101.0 498.0 101.0 512.0 64.0 512.0 ship 0
54.0 447.0 126.0 447.0 126.0 470.0 54.0 470.0 ship 0
89.0 383.0 113.0 383.0 113.0 399.0 89.0 399.0 ship 0
141.0 196.0 169.0 196.0 169.0 210.0 141.0 210.0 ship 0
314.0 693.0 329.0 693.0 329.0 728.0 314.0 728.0 ship 0
159.0 157.0 186.0 157.0 186.0 174.0 159.0 174.0 ship 0
164.0 86.0 220.0 86.0 220.0 118.0 164.0 118.0 ship 0
176.0 39.0 218.0 39.0 218.0 69.0 176.0 69.0 ship 0
194.0 3.0 227.0 3.0 227.0 33.0 194.0 33.0 ship 0
254.0 174.0 303.0 174.0 303.0 242.0 254.0 242.0 harbor 0
330.0 246.0 401.0 246.0 401.0 317.0 330.0 317.0 harbor 0
370.0 275.0 450.0 275.0 450.0 365.0 370.0 365.0 harbor 0
430.0 315.0 518.0 315.0 518.0 401.0 430.0 401.0 harbor 0
492.0 363.0 562.0 363.0 562.0 434.0 492.0 434.0 harbor 0
265.0 663.0 300.0 663.0 300.0 724.0 265.0 724.0 ship 0
355.0 690.0 369.0 690.0 369.0 718.0 355.0 718.0 ship 0
602.0 436.0 668.0 436.0 668.0 506.0 602.0 506.0 harbor 0
1180.0 784.0 1203.0 784.0 1203.0 842.0 1180.0 842.0 ship 0
1031.0 685.0 1089.0 685.0 1089.0 707.0 1031.0 707.0 ship 0
1578.0 812.0 1606.0 812.0 1606.0 881.0 1578.0 881.0 ship 0
1543.0 852.0 1554.0 852.0 1554.0 873.0 1543.0 873.0 ship 0
1518.0 819.0 1541.0 819.0 1541.0 873.0 1518.0 873.0 ship 0
1508.0 827.0 1518.0 827.0 1518.0 851.0 1508.0 851.0 ship 0
1475.0 817.0 1494.0 817.0 1494.0 870.0 1475.0 870.0 ship 0
1404.0 809.0 1425.0 809.0 1425.0 858.0 1404.0 858.0 ship 0
1297.0 799.0 1320.0 799.0 1320.0 847.0 1297.0 847.0 ship 0
1245.0 811.0 1260.0 811.0 1260.0 838.0 1245.0 838.0 ship 0
1106.0 795.0 1121.0 795.0 1121.0 826.0 1106.0 826.0 ship 0
340.0 712.0 352.0 712.0 352.0 734.0 340.0 734.0 ship 0
951.0 752.0 975.0 752.0 975.0 807.0 951.0 807.0 ship 0
756.0 741.0 767.0 741.0 767.0 766.0 756.0 766.0 ship 0
664.0 771.0 689.0 771.0 689.0 784.0 664.0 784.0 ship 0
666.0 727.0 682.0 727.0 682.0 764.0 666.0 764.0 ship 0
590.0 723.0 601.0 723.0 601.0 748.0 590.0 748.0 ship 0
568.0 716.0 582.0 716.0 582.0 743.0 568.0 743.0 ship 0
444.0 712.0 459.0 712.0 459.0 750.0 444.0 750.0 ship 0
430.0 707.0 442.0 707.0 442.0 732.0 430.0 732.0 ship 0
374.0 692.0 390.0 692.0 390.0 737.0 374.0 737.0 ship 0
545.0 395.0 608.0 395.0 608.0 463.0 545.0 463.0 harbor 0
645.0 461.0 712.0 461.0 712.0 530.0 645.0 530.0 harbor 0
530.0 1049.0 541.0 1049.0 541.0 1067.0 530.0 1067.0 small-vehicle 1
123.0 609.0 184.0 609.0 184.0 679.0 123.0 679.0 harbor 0
592.0 722.0 614.0 722.0 614.0 778.0 592.0 778.0 harbor 0
533.0 714.0 579.0 714.0 579.0 774.0 533.0 774.0 harbor 0
482.0 709.0 503.0 709.0 503.0 762.0 482.0 762.0 harbor 0
409.0 703.0 460.0 703.0 460.0 762.0 409.0 762.0 harbor 0
360.0 695.0 406.0 695.0 406.0 755.0 360.0 755.0 harbor 0
300.0 689.0 346.0 689.0 346.0 739.0 300.0 739.0 harbor 0
249.0 674.0 305.0 674.0 305.0 735.0 249.0 735.0 harbor 0
204.0 657.0 252.0 657.0 252.0 716.0 204.0 716.0 harbor 0
160.0 641.0 216.0 641.0 216.0 705.0 160.0 705.0 harbor 0
59.0 521.0 115.0 521.0 115.0 568.0 59.0 568.0 harbor 0
721.0 747.0 739.0 747.0 739.0 794.0 721.0 794.0 harbor 0
53.0 487.0 103.0 487.0 103.0 523.0 53.0 523.0 harbor 0
47.0 400.0 108.0 400.0 108.0 446.0 47.0 446.0 harbor 0
57.0 354.0 125.0 354.0 125.0 410.0 57.0 410.0 harbor 0
84.0 323.0 136.0 323.0 136.0 349.0 84.0 349.0 harbor 0
93.0 293.0 148.0 293.0 148.0 322.0 93.0 322.0 harbor 0
99.0 240.0 169.0 240.0 169.0 303.0 99.0 303.0 harbor 0
126.0 180.0 188.0 180.0 188.0 233.0 126.0 233.0 harbor 0
140.0 138.0 203.0 138.0 203.0 188.0 140.0 188.0 harbor 0
160.0 78.0 218.0 78.0 218.0 127.0 160.0 127.0 harbor 0
647.0 728.0 683.0 728.0 683.0 788.0 647.0 788.0 harbor 0
754.0 738.0 799.0 738.0 799.0 794.0 754.0 794.0 harbor 0
709.0 508.0 772.0 508.0 772.0 574.0 709.0 574.0 harbor 0
1461.0 819.0 1504.0 819.0 1504.0 875.0 1461.0 875.0 harbor 0
750.0 536.0 818.0 536.0 818.0 604.0 750.0 604.0 harbor 0
825.0 590.0 886.0 590.0 886.0 656.0 825.0 656.0 harbor 0
868.0 615.0 930.0 615.0 930.0 680.0 868.0 680.0 harbor 0
929.0 640.0 1008.0 640.0 1008.0 703.0 929.0 703.0 harbor 0
1022.0 663.0 1088.0 663.0 1088.0 689.0 1022.0 689.0 harbor 0
1100.0 665.0 1153.0 665.0 1153.0 692.0 1100.0 692.0 harbor 0
1634.0 839.0 1648.0 839.0 1648.0 890.0 1634.0 890.0 harbor 0
1563.0 832.0 1610.0 832.0 1610.0 890.0 1563.0 890.0 harbor 0
1508.0 825.0 1549.0 825.0 1549.0 877.0 1508.0 877.0 harbor 0
1387.0 812.0 1434.0 812.0 1434.0 868.0 1387.0 868.0 harbor 0
810.0 747.0 855.0 747.0 855.0 805.0 810.0 805.0 harbor 0
1333.0 808.0 1378.0 808.0 1378.0 862.0 1333.0 862.0 harbor 0
1275.0 798.0 1330.0 798.0 1330.0 855.0 1275.0 855.0 harbor 0
1224.0 792.0 1273.0 792.0 1273.0 849.0 1224.0 849.0 harbor 0
1173.0 788.0 1215.0 788.0 1215.0 843.0 1173.0 843.0 harbor 0
1114.0 782.0 1153.0 782.0 1153.0 837.0 1114.0 837.0 harbor 0
1042.0 773.0 1087.0 773.0 1087.0 828.0 1042.0 828.0 harbor 0
1000.0 768.0 1035.0 768.0 1035.0 824.0 1000.0 824.0 harbor 0
939.0 759.0 981.0 759.0 981.0 820.0 939.0 820.0 harbor 0
881.0 753.0 923.0 753.0 923.0 810.0 881.0 810.0 harbor 0
944.0 673.0 1001.0 673.0 1001.0 695.0 944.0 695.0 ship 0
932.0 638.0 954.0 638.0 954.0 675.0 932.0 675.0 ship 0
880.0 626.0 914.0 626.0 914.0 672.0 880.0 672.0 ship 0
622.0 914.0 640.0 914.0 640.0 924.0 622.0 924.0 small-vehicle 1
525.0 732.0 541.0 732.0 541.0 755.0 525.0 755.0 ship 1
288.0 452.0 324.0 452.0 324.0 478.0 288.0 478.0 ship 0
71.0 761.0 87.0 761.0 87.0 780.0 71.0 780.0 small-vehicle 1
32.0 761.0 53.0 761.0 53.0 782.0 32.0 782.0 small-vehicle 1
391.0 887.0 411.0 887.0 411.0 901.0 391.0 901.0 small-vehicle 1
530.0 966.0 541.0 966.0 541.0 992.0 530.0 992.0 small-vehicle 1
477.0 898.0 499.0 898.0 499.0 909.0 477.0 909.0 small-vehicle 1
524.0 902.0 543.0 902.0 543.0 914.0 524.0 914.0 small-vehicle 1
578.0 881.0 589.0 881.0 589.0 903.0 578.0 903.0 small-vehicle 1
597.0 912.0 617.0 912.0 617.0 924.0 597.0 924.0 small-vehicle 1
834.0 761.0 847.0 761.0 847.0 784.0 834.0 784.0 ship 1
775.0 972.0 800.0 972.0 800.0 983.0 775.0 983.0 small-vehicle 1
734.0 925.0 757.0 925.0 757.0 940.0 734.0 940.0 small-vehicle 1
1610.0 1062.0 1630.0 1062.0 1630.0 1076.0 1610.0 1076.0 small-vehicle 1
1581.0 1060.0 1603.0 1060.0 1603.0 1074.0 1581.0 1074.0 small-vehicle 1
1366.0 1037.0 1387.0 1037.0 1387.0 1049.0 1366.0 1049.0 small-vehicle 1
1295.0 1017.0 1317.0 1017.0 1317.0 1028.0 1295.0 1028.0 small-vehicle 1
1206.0 980.0 1224.0 980.0 1224.0 992.0 1206.0 992.0 small-vehicle 1
1276.0 987.0 1300.0 987.0 1300.0 1001.0 1276.0 1001.0 small-vehicle 1
1322.0 994.0 1343.0 994.0 1343.0 1006.0 1322.0 1006.0 small-vehicle 1
717.0 750.0 726.0 750.0 726.0 774.0 717.0 774.0 ship 1
902.0 760.0 914.0 760.0 914.0 786.0 902.0 786.0 ship 1
805.0 589.0 850.0 589.0 850.0 648.0 805.0 648.0 ship 0
176.0 113.0 207.0 113.0 207.0 128.0 176.0 128.0 ship 0
532.0 1029.0 542.0 1029.0 542.0 1048.0 532.0 1048.0 small-vehicle 1
507.0 1032.0 516.0 1032.0 516.0 1052.0 507.0 1052.0 small-vehicle 1
178.0 845.0 214.0 845.0 214.0 865.0 178.0 865.0 small-vehicle 1
1204.0 793.0 1217.0 793.0 1217.0 815.0 1204.0 815.0 ship 0
354.0 720.0 364.0 720.0 364.0 740.0 354.0 740.0 ship 0
62.0 484.0 82.0 484.0 82.0 496.0 62.0 496.0 ship 0
74.0 471.0 102.0 471.0 102.0 486.0 74.0 486.0 ship 0
115.0 312.0 140.0 312.0 140.0 329.0 115.0 329.0 ship 0
60.0 420.0 87.0 420.0 87.0 434.0 60.0 434.0 ship 0
262.0 216.0 274.0 216.0 274.0 235.0 262.0 235.0 ship 0
972.0 769.0 987.0 769.0 987.0 793.0 972.0 793.0 ship 1
324.0 231.0 345.0 231.0 345.0 255.0 324.0 255.0 ship 0
299.0 254.0 330.0 254.0 330.0 288.0 299.0 288.0 ship 0
165.0 59.0 189.0 59.0 189.0 76.0 165.0 76.0 ship 0
956.0 646.0 978.0 646.0 978.0 663.0 956.0 663.0 ship 1
1110.0 685.0 1141.0 685.0 1141.0 700.0 1110.0 700.0 ship 1
1389.0 812.0 1403.0 812.0 1403.0 836.0 1389.0 836.0 ship 1
1347.0 813.0 1363.0 813.0 1363.0 842.0 1347.0 842.0 ship 1
1321.0 808.0 1332.0 808.0 1332.0 825.0 1321.0 825.0 ship 1
1218.0 811.0 1231.0 811.0 1231.0 835.0 1218.0 835.0 ship 1
1372.0 997.0 1394.0 997.0 1394.0 1011.0 1372.0 1011.0 small-vehicle 1
1432.0 1005.0 1451.0 1005.0 1451.0 1017.0 1432.0 1017.0 small-vehicle 1
1521.0 1017.0 1543.0 1017.0 1543.0 1030.0 1521.0 1030.0 small-vehicle 1
1152.0 317.0 1231.0 317.0 1231.0 420.0 1152.0 420.0 tennis-court 0
421.0 79.0 442.0 79.0 442.0 102.0 421.0 102.0 small-vehicle 1
446.0 36.0 467.0 36.0 467.0 59.0 446.0 59.0 small-vehicle 1
371.0 12.0 388.0 12.0 388.0 31.0 371.0 31.0 small-vehicle 1
725.0 288.0 754.0 288.0 754.0 314.0 725.0 314.0 large-vehicle 0
794.0 934.0 820.0 934.0 820.0 950.0 794.0 950.0 large-vehicle 0
671.0 224.0 702.0 224.0 702.0 250.0 671.0 250.0 large-vehicle 0
16.0 24.0 35.0 24.0 35.0 58.0 16.0 58.0 large-vehicle 0
1184.0 7.0 1254.0 7.0 1254.0 98.0 1184.0 98.0 swimming-pool 0
1204.0 341.0 1282.0 341.0 1282.0 442.0 1204.0 442.0 tennis-court 0
1102.0 294.0 1180.0 294.0 1180.0 397.0 1102.0 397.0 tennis-court 0
1357.0 970.0 1369.0 970.0 1369.0 991.0 1357.0 991.0 small-vehicle 1
270.0 216.0 335.0 216.0 335.0 285.0 270.0 285.0 ship 0
365.0 293.0 391.0 293.0 391.0 319.0 365.0 319.0 ship 0
329.0 260.0 379.0 260.0 379.0 312.0 329.0 312.0 ship 0
391.0 297.0 433.0 297.0 433.0 346.0 391.0 346.0 ship 0
442.0 338.0 486.0 338.0 486.0 390.0 442.0 390.0 ship 0
630.0 483.0 650.0 483.0 650.0 506.0 630.0 506.0 ship 0
530.0 408.0 552.0 408.0 552.0 434.0 530.0 434.0 ship 0
723.0 541.0 745.0 541.0 745.0 565.0 723.0 565.0 ship 0
755.0 554.0 802.0 554.0 802.0 611.0 755.0 611.0 ship 0
449.0 86.0 468.0 86.0 468.0 108.0 449.0 108.0 small-vehicle 1
472.0 122.0 495.0 122.0 495.0 145.0 472.0 145.0 small-vehicle 1
836.0 100.0 854.0 100.0 854.0 112.0 836.0 112.0 small-vehicle 1
800.0 84.0 824.0 84.0 824.0 102.0 800.0 102.0 small-vehicle 1
1348.0 968.0 1357.0 968.0 1357.0 989.0 1348.0 989.0 small-vehicle 1
1035.0 464.0 1058.0 464.0 1058.0 483.0 1035.0 483.0 small-vehicle 1
1068.0 540.0 1094.0 540.0 1094.0 559.0 1068.0 559.0 small-vehicle 1
433.0 179.0 454.0 179.0 454.0 200.0 433.0 200.0 small-vehicle 1
546.0 253.0 567.0 253.0 567.0 266.0 546.0 266.0 small-vehicle 1
843.0 404.0 872.0 404.0 872.0 428.0 843.0 428.0 small-vehicle 1
765.0 349.0 786.0 349.0 786.0 369.0 765.0 369.0 small-vehicle 1
743.0 337.0 763.0 337.0 763.0 354.0 743.0 354.0 small-vehicle 1
718.0 320.0 742.0 320.0 742.0 342.0 718.0 342.0 small-vehicle 1
642.0 269.0 662.0 269.0 662.0 285.0 642.0 285.0 small-vehicle 1
613.0 247.0 635.0 247.0 635.0 265.0 613.0 265.0 small-vehicle 1
1418.0 390.0 1437.0 390.0 1437.0 402.0 1418.0 402.0 small-vehicle 1
1338.0 239.0 1352.0 239.0 1352.0 261.0 1338.0 261.0 small-vehicle 1
1176.0 221.0 1185.0 221.0 1185.0 239.0 1176.0 239.0 small-vehicle 1
1207.0 221.0 1219.0 221.0 1219.0 245.0 1207.0 245.0 small-vehicle 1
1140.0 128.0 1161.0 128.0 1161.0 144.0 1140.0 144.0 small-vehicle 1
1127.0 146.0 1152.0 146.0 1152.0 163.0 1127.0 163.0 small-vehicle 1
951.0 181.0 971.0 181.0 971.0 198.0 951.0 198.0 small-vehicle 1
919.0 164.0 939.0 164.0 939.0 180.0 919.0 180.0 small-vehicle 1
159.0 24.0 232.0 24.0 232.0 82.0 159.0 82.0 harbor 0
