imagesource:GoogleEarth
gsd:0.130808291846
2004.0 79.0 2056.0 79.0 2056.0 141.0 2004.0 141.0 ship 1
995.0 747.0 1045.0 747.0 1045.0 805.0 995.0 805.0 ship 0
683.0 549.0 793.0 549.0 793.0 680.0 683.0 680.0 ship 0
695.0 489.0 734.0 489.0 734.0 532.0 695.0 532.0 ship 0
588.0 459.0 709.0 459.0 709.0 612.0 588.0 612.0 ship 0
549.0 480.0 601.0 480.0 601.0 544.0 549.0 544.0 ship 0
468.0 361.0 610.0 361.0 610.0 542.0 468.0 542.0 ship 0
346.0 332.0 402.0 332.0 402.0 380.0 346.0 380.0 ship 0
201.0 320.0 423.0 320.0 423.0 495.0 201.0 495.0 ship 0
1927.0 55.0 2066.0 55.0 2066.0 212.0 1927.0 212.0 harbor 0
1852.0 2.0 1991.0 2.0 1991.0 157.0 1852.0 157.0 harbor 0
1815.0 1161.0 1879.0 1161.0 1879.0 1332.0 1815.0 1332.0 harbor 0
1607.0 1092.0 1759.0 1092.0 1759.0 1309.0 1607.0 1309.0 harbor 0
1365.0 951.0 1583.0 951.0 1583.0 1215.0 1365.0 1215.0 harbor 0
1280.0 888.0 1489.0 888.0 1489.0 1142.0 1280.0 1142.0 harbor 0
1179.0 812.0 1371.0 812.0 1371.0 1058.0 1179.0 1058.0 harbor 0
1070.0 748.0 1256.0 748.0 1256.0 985.0 1070.0 985.0 harbor 0
991.0 700.0 1185.0 700.0 1185.0 925.0 991.0 925.0 harbor 0
868.0 614.0 1089.0 614.0 1089.0 841.0 868.0 841.0 harbor 0
651.0 459.0 934.0 459.0 934.0 760.0 651.0 760.0 harbor 0
572.0 407.0 747.0 407.0 747.0 620.0 572.0 620.0 harbor 0
472.0 309.0 671.0 309.0 671.0 545.0 472.0 545.0 harbor 0
271.0 207.0 525.0 207.0 525.0 458.0 271.0 458.0 harbor 0
906.0 665.0 1026.0 665.0 1026.0 824.0 906.0 824.0 ship 0
1013.0 822.0 1058.0 822.0 1058.0 877.0 1013.0 877.0 ship 0
1953.0 46.0 1992.0 46.0 1992.0 91.0 1953.0 91.0 ship 1
1045.0 833.0 1086.0 833.0 1086.0 883.0 1045.0 883.0 ship 0
231.0 151.0 272.0 151.0 272.0 205.0 231.0 205.0 ship 1
1206.0 958.0 1245.0 958.0 1245.0 1010.0 1206.0 1010.0 ship 1
894.0 707.0 936.0 707.0 936.0 754.0 894.0 754.0 ship 1
593.0 431.0 629.0 431.0 629.0 477.0 593.0 477.0 ship 1
391.0 325.0 431.0 325.0 431.0 359.0 391.0 359.0 ship 1
1980.0 375.0 2138.0 375.0 2138.0 535.0 1980.0 535.0 swimming-pool 0
1935.0 294.0 2008.0 294.0 2008.0 371.0 1935.0 371.0 swimming-pool 0
1803.0 149.0 1899.0 149.0 1899.0 253.0 1803.0 253.0 swimming-pool 0
1898.0 681.0 1940.0 681.0 1940.0 701.0 1898.0 701.0 small-vehicle 0
1999.0 686.0 2042.0 686.0 2042.0 706.0 1999.0 706.0 small-vehicle 0
2046.0 690.0 2096.0 690.0 2096.0 710.0 2046.0 710.0 small-vehicle 0
1721.0 545.0 1760.0 545.0 1760.0 582.0 1721.0 582.0 small-vehicle 0
1184.0 188.0 1233.0 188.0 1233.0 227.0 1184.0 227.0 small-vehicle 0
868.0 23.0 916.0 23.0 916.0 64.0 868.0 64.0 small-vehicle 0
1137.0 159.0 1185.0 159.0 1185.0 201.0 1137.0 201.0 large-vehicle 0
1995.0 113.0 2135.0 113.0 2135.0 285.0 1995.0 285.0 harbor 0
1945.0 1168.0 1978.0 1168.0 1978.0 1308.0 1945.0 1308.0 harbor 0
1775.0 1187.0 1820.0 1187.0 1820.0 1332.0 1775.0 1332.0 ship 0
1661.0 1234.0 1692.0 1234.0 1692.0 1288.0 1661.0 1288.0 ship 0
1153.0 888.0 1197.0 888.0 1197.0 941.0 1153.0 941.0 ship 0
1097.0 880.0 1142.0 880.0 1142.0 934.0 1097.0 934.0 ship 0
135.0 13.0 332.0 13.0 332.0 280.0 135.0 280.0 harbor 0
