imagesource:GoogleEarth
gsd:0.126673620301
1587.0 323.0 1625.0 323.0 1625.0 339.0 1587.0 339.0 ship 1
1526.0 317.0 1560.0 317.0 1560.0 335.0 1526.0 335.0 ship 1
636.0 192.0 714.0 192.0 714.0 305.0 636.0 305.0 ship 0
601.0 239.0 635.0 239.0 635.0 288.0 601.0 288.0 ship 0
534.0 206.0 566.0 206.0 566.0 256.0 534.0 256.0 ship 0
478.0 144.0 554.0 144.0 554.0 269.0 478.0 269.0 ship 0
450.0 180.0 489.0 180.0 489.0 240.0 450.0 240.0 ship 0
333.0 138.0 388.0 138.0 388.0 219.0 333.0 219.0 ship 0
311.0 136.0 343.0 136.0 343.0 188.0 311.0 188.0 ship 0
243.0 119.0 307.0 119.0 307.0 236.0 243.0 236.0 ship 0
222.0 144.0 254.0 144.0 254.0 195.0 222.0 195.0 ship 0
146.0 124.0 191.0 124.0 191.0 185.0 146.0 185.0 ship 0
9.0 21.0 45.0 21.0 45.0 74.0 9.0 74.0 ship 0
21.0 16.0 105.0 16.0 105.0 150.0 21.0 150.0 ship 0
1656.0 242.0 1721.0 242.0 1721.0 452.0 1656.0 452.0 harbor 0
1531.0 244.0 1629.0 244.0 1629.0 443.0 1531.0 443.0 harbor 0
1465.0 235.0 1499.0 235.0 1499.0 442.0 1465.0 442.0 harbor 0
1297.0 231.0 1365.0 231.0 1365.0 438.0 1297.0 438.0 harbor 0
1244.0 233.0 1292.0 233.0 1292.0 458.0 1244.0 458.0 harbor 0
1176.0 223.0 1224.0 223.0 1224.0 455.0 1176.0 455.0 harbor 0
1026.0 263.0 1075.0 263.0 1075.0 422.0 1026.0 422.0 harbor 0
894.0 285.0 1013.0 285.0 1013.0 517.0 894.0 517.0 harbor 0
820.0 258.0 965.0 258.0 965.0 520.0 820.0 520.0 harbor 0
768.0 271.0 887.0 271.0 887.0 498.0 768.0 498.0 harbor 0
676.0 252.0 821.0 252.0 821.0 504.0 676.0 504.0 harbor 0
553.0 208.0 748.0 208.0 748.0 482.0 553.0 482.0 harbor 0
411.0 177.0 555.0 177.0 555.0 413.0 411.0 413.0 harbor 0
357.0 157.0 474.0 157.0 474.0 375.0 357.0 375.0 harbor 0
263.0 133.0 387.0 133.0 387.0 341.0 263.0 341.0 harbor 0
200.0 105.0 320.0 105.0 320.0 311.0 200.0 311.0 harbor 0
62.0 110.0 170.0 110.0 170.0 290.0 62.0 290.0 harbor 0
754.0 233.0 814.0 233.0 814.0 326.0 754.0 326.0 ship 0
728.0 262.0 761.0 262.0 761.0 313.0 728.0 313.0 ship 0
885.0 331.0 919.0 331.0 919.0 385.0 885.0 385.0 ship 0
62.0 403.0 99.0 403.0 99.0 455.0 62.0 455.0 small-vehicle 0
1554.0 251.0 1573.0 251.0 1573.0 290.0 1554.0 290.0 ship 1
1355.0 281.0 1377.0 281.0 1377.0 324.0 1355.0 324.0 ship 1
1200.0 221.0 1225.0 221.0 1225.0 270.0 1200.0 270.0 ship 1
823.0 293.0 854.0 293.0 854.0 334.0 823.0 334.0 ship 1
1099.0 474.0 1113.0 474.0 1113.0 501.0 1099.0 501.0 ship 1
948.0 297.0 976.0 297.0 976.0 335.0 948.0 335.0 ship 1
912.0 281.0 940.0 281.0 940.0 320.0 912.0 320.0 ship 1
269.0 303.0 296.0 303.0 296.0 340.0 269.0 340.0 ship 1
65.0 118.0 95.0 118.0 95.0 171.0 65.0 171.0 ship 1
93.0 45.0 129.0 45.0 129.0 100.0 93.0 100.0 ship 1
508.0 462.0 537.0 462.0 537.0 503.0 508.0 503.0 ship 0
137.0 298.0 170.0 298.0 170.0 340.0 137.0 340.0 ship 0
39.0 458.0 78.0 458.0 78.0 508.0 39.0 508.0 small-vehicle 0
1691.0 240.0 1719.0 240.0 1719.0 312.0 1691.0 312.0 ship 0
971.0 282.0 1018.0 282.0 1018.0 361.0 971.0 361.0 ship 0
1660.0 247.0 1681.0 247.0 1681.0 294.0 1660.0 294.0 ship 0
1626.0 249.0 1650.0 249.0 1650.0 308.0 1626.0 308.0 ship 0
1597.0 252.0 1617.0 252.0 1617.0 302.0 1597.0 302.0 ship 0
1492.0 246.0 1514.0 246.0 1514.0 288.0 1492.0 288.0 ship 0
1445.0 249.0 1471.0 249.0 1471.0 322.0 1445.0 322.0 ship 0
1313.0 240.0 1336.0 240.0 1336.0 292.0 1313.0 292.0 ship 0
1272.0 248.0 1299.0 248.0 1299.0 323.0 1272.0 323.0 ship 0
1234.0 281.0 1254.0 281.0 1254.0 327.0 1234.0 327.0 ship 0
1114.0 402.0 1137.0 402.0 1137.0 442.0 1114.0 442.0 ship 0
1150.0 215.0 1191.0 215.0 1191.0 349.0 1150.0 349.0 ship 0
1034.0 319.0 1054.0 319.0 1054.0 369.0 1034.0 369.0 ship 0
1075.0 263.0 1109.0 263.0 1109.0 376.0 1075.0 376.0 ship 0
1038.0 249.0 1059.0 249.0 1059.0 298.0 1038.0 298.0 ship 0
2.0 32.0 112.0 32.0 112.0 216.0 2.0 216.0 harbor 0
