imagesource:GoogleEarth
gsd:0.127916064603
1925.0 640.0 1958.0 640.0 1958.0 690.0 1925.0 690.0 ship 1
1343.0 496.0 1462.0 496.0 1462.0 708.0 1343.0 708.0 harbor 0
805.0 330.0 860.0 330.0 860.0 422.0 805.0 422.0 ship 0
740.0 327.0 776.0 327.0 776.0 384.0 740.0 384.0 ship 0
559.0 288.0 598.0 288.0 598.0 362.0 559.0 362.0 ship 0
344.0 268.0 378.0 268.0 378.0 323.0 344.0 323.0 ship 0
357.0 213.0 390.0 213.0 390.0 267.0 357.0 267.0 ship 0
312.0 209.0 355.0 209.0 355.0 298.0 312.0 298.0 ship 0
228.0 252.0 254.0 252.0 254.0 298.0 228.0 298.0 ship 0
10.0 188.0 44.0 188.0 44.0 244.0 10.0 244.0 ship 0
1863.0 618.0 1960.0 618.0 1960.0 811.0 1863.0 811.0 harbor 0
1666.0 604.0 1785.0 604.0 1785.0 805.0 1666.0 805.0 harbor 0
1579.0 576.0 1699.0 576.0 1699.0 790.0 1579.0 790.0 harbor 0
1431.0 529.0 1614.0 529.0 1614.0 755.0 1431.0 755.0 harbor 0
1187.0 459.0 1317.0 459.0 1317.0 651.0 1187.0 651.0 harbor 0
1674.0 633.0 1703.0 633.0 1703.0 677.0 1674.0 677.0 ship 1
1097.0 435.0 1217.0 435.0 1217.0 626.0 1097.0 626.0 harbor 0
1029.0 410.0 1099.0 410.0 1099.0 579.0 1029.0 579.0 harbor 0
947.0 391.0 1053.0 391.0 1053.0 575.0 947.0 575.0 harbor 0
866.0 367.0 971.0 367.0 971.0 561.0 866.0 561.0 harbor 0
789.0 343.0 894.0 343.0 894.0 545.0 789.0 545.0 harbor 0
696.0 315.0 796.0 315.0 796.0 501.0 696.0 501.0 harbor 0
521.0 274.0 622.0 274.0 622.0 464.0 521.0 464.0 harbor 0
437.0 255.0 546.0 255.0 546.0 456.0 437.0 456.0 harbor 0
371.0 240.0 463.0 240.0 463.0 429.0 371.0 429.0 harbor 0
267.0 214.0 368.0 214.0 368.0 402.0 267.0 402.0 harbor 0
201.0 201.0 278.0 201.0 278.0 391.0 201.0 391.0 harbor 0
121.0 182.0 184.0 182.0 184.0 371.0 121.0 371.0 harbor 0
997.0 405.0 1034.0 405.0 1034.0 467.0 997.0 467.0 ship 0
1059.0 396.0 1145.0 396.0 1145.0 571.0 1059.0 571.0 ship 0
1138.0 436.0 1201.0 436.0 1201.0 546.0 1138.0 546.0 ship 0
1233.0 444.0 1315.0 444.0 1315.0 584.0 1233.0 584.0 ship 0
1715.0 626.0 1748.0 626.0 1748.0 675.0 1715.0 675.0 ship 1
1195.0 459.0 1227.0 459.0 1227.0 513.0 1195.0 513.0 ship 1
1028.0 471.0 1055.0 471.0 1055.0 509.0 1028.0 509.0 ship 1
557.0 373.0 590.0 373.0 590.0 394.0 557.0 394.0 ship 1
631.0 369.0 652.0 369.0 652.0 393.0 631.0 393.0 ship 1
380.0 273.0 411.0 273.0 411.0 325.0 380.0 325.0 ship 1
658.0 356.0 687.0 356.0 687.0 401.0 658.0 401.0 ship 0
524.0 300.0 554.0 300.0 554.0 353.0 524.0 353.0 ship 0
1577.0 620.0 1611.0 620.0 1611.0 671.0 1577.0 671.0 ship 0
1444.0 593.0 1468.0 593.0 1468.0 629.0 1444.0 629.0 ship 0
1801.0 679.0 1841.0 679.0 1841.0 737.0 1801.0 737.0 ship 0
867.0 408.0 902.0 408.0 902.0 463.0 867.0 463.0 ship 0
587.0 707.0 612.0 707.0 612.0 745.0 587.0 745.0 small-vehicle 1
529.0 678.0 562.0 678.0 562.0 734.0 529.0 734.0 small-vehicle 1
334.0 775.0 389.0 775.0 389.0 804.0 334.0 804.0 small-vehicle 1
271.0 764.0 311.0 764.0 311.0 788.0 271.0 788.0 small-vehicle 1
224.0 750.0 266.0 750.0 266.0 775.0 224.0 775.0 small-vehicle 1
622.0 776.0 661.0 776.0 661.0 801.0 622.0 801.0 small-vehicle 0
101.0 651.0 141.0 651.0 141.0 677.0 101.0 677.0 small-vehicle 0
161.0 737.0 201.0 737.0 201.0 764.0 161.0 764.0 small-vehicle 0
1893.0 612.0 1928.0 612.0 1928.0 663.0 1893.0 663.0 ship 0
1732.0 631.0 1769.0 631.0 1769.0 684.0 1732.0 684.0 ship 0
1637.0 578.0 1688.0 578.0 1688.0 668.0 1637.0 668.0 ship 0
1598.0 570.0 1628.0 570.0 1628.0 621.0 1598.0 621.0 ship 0
1456.0 522.0 1490.0 522.0 1490.0 575.0 1456.0 575.0 ship 0
40.0 171.0 117.0 171.0 117.0 357.0 40.0 357.0 harbor 0
