imagesource:GoogleEarth
gsd:0.262131224942
1244.0 238.0 1267.0 238.0 1267.0 249.0 1244.0 249.0 small-vehicle 1
559.0 377.0 577.0 377.0 577.0 391.0 559.0 391.0 ship 0
764.0 466.0 792.0 466.0 792.0 489.0 764.0 489.0 ship 0
781.0 440.0 807.0 440.0 807.0 461.0 781.0 461.0 ship 0
791.0 430.0 814.0 430.0 814.0 448.0 791.0 448.0 ship 0
763.0 399.0 791.0 399.0 791.0 422.0 763.0 422.0 ship 0
754.0 418.0 779.0 418.0 779.0 437.0 754.0 437.0 ship 0
3.0 72.0 37.0 72.0 37.0 120.0 3.0 120.0 ship 0
22.0 76.0 57.0 76.0 57.0 124.0 22.0 124.0 ship 0
65.0 132.0 97.0 132.0 97.0 175.0 65.0 175.0 ship 0
93.0 149.0 113.0 149.0 113.0 174.0 93.0 174.0 ship 0
106.0 156.0 126.0 156.0 126.0 182.0 106.0 182.0 ship 0
116.0 160.0 143.0 160.0 143.0 195.0 116.0 195.0 ship 0
142.0 175.0 167.0 175.0 167.0 212.0 142.0 212.0 ship 0
152.0 183.0 181.0 183.0 181.0 220.0 152.0 220.0 ship 0
96.0 113.0 109.0 113.0 109.0 130.0 96.0 130.0 ship 0
103.0 117.0 115.0 117.0 115.0 134.0 103.0 134.0 ship 0
856.0 468.0 881.0 468.0 881.0 489.0 856.0 489.0 ship 0
846.0 482.0 873.0 482.0 873.0 504.0 846.0 504.0 ship 0
818.0 524.0 847.0 524.0 847.0 548.0 818.0 548.0 ship 0
837.0 496.0 864.0 496.0 864.0 519.0 837.0 519.0 ship 0
848.0 556.0 879.0 556.0 879.0 580.0 848.0 580.0 ship 0
858.0 542.0 884.0 542.0 884.0 563.0 858.0 563.0 ship 0
867.0 529.0 891.0 529.0 891.0 546.0 867.0 546.0 ship 0
872.0 508.0 904.0 508.0 904.0 533.0 872.0 533.0 ship 0
896.0 480.0 919.0 480.0 919.0 500.0 896.0 500.0 ship 0
862.0 454.0 892.0 454.0 892.0 478.0 862.0 478.0 ship 0
814.0 540.0 842.0 540.0 842.0 563.0 814.0 563.0 ship 0
761.0 482.0 784.0 482.0 784.0 502.0 761.0 502.0 ship 0
806.0 553.0 834.0 553.0 834.0 576.0 806.0 576.0 ship 0
798.0 566.0 826.0 566.0 826.0 588.0 798.0 588.0 ship 0
790.0 579.0 816.0 579.0 816.0 601.0 790.0 601.0 ship 0
680.0 535.0 748.0 535.0 748.0 583.0 680.0 583.0 ship 0
723.0 538.0 750.0 538.0 750.0 559.0 723.0 559.0 ship 0
734.0 524.0 763.0 524.0 763.0 547.0 734.0 547.0 ship 0
109.0 121.0 122.0 121.0 122.0 137.0 109.0 137.0 ship 1
114.0 125.0 128.0 125.0 128.0 142.0 114.0 142.0 ship 1
121.0 127.0 134.0 127.0 134.0 145.0 121.0 145.0 ship 0
512.0 378.0 548.0 378.0 548.0 429.0 512.0 429.0 ship 0
473.0 317.0 507.0 317.0 507.0 341.0 473.0 341.0 ship 0
467.0 329.0 501.0 329.0 501.0 352.0 467.0 352.0 ship 0
462.0 337.0 496.0 337.0 496.0 361.0 462.0 361.0 ship 0
456.0 349.0 490.0 349.0 490.0 373.0 456.0 373.0 ship 0
451.0 356.0 485.0 356.0 485.0 381.0 451.0 381.0 ship 0
428.0 375.0 471.0 375.0 471.0 410.0 428.0 410.0 ship 0
533.0 357.0 558.0 357.0 558.0 377.0 533.0 377.0 ship 0
472.0 284.0 514.0 284.0 514.0 316.0 472.0 316.0 ship 0
540.0 348.0 565.0 348.0 565.0 366.0 540.0 366.0 ship 0
545.0 302.0 592.0 302.0 592.0 337.0 545.0 337.0 ship 0
551.0 326.0 576.0 326.0 576.0 348.0 551.0 348.0 ship 0
543.0 339.0 570.0 339.0 570.0 359.0 543.0 359.0 ship 0
572.0 354.0 590.0 354.0 590.0 370.0 572.0 370.0 ship 0
567.0 363.0 585.0 363.0 585.0 377.0 567.0 377.0 ship 0
479.0 309.0 514.0 309.0 514.0 333.0 479.0 333.0 ship 0
475.0 259.0 516.0 259.0 516.0 291.0 475.0 291.0 ship 0
127.0 131.0 140.0 131.0 140.0 148.0 127.0 148.0 ship 0
168.0 158.0 181.0 158.0 181.0 174.0 168.0 174.0 ship 1
133.0 134.0 147.0 134.0 147.0 151.0 133.0 151.0 ship 0
138.0 139.0 152.0 139.0 152.0 155.0 138.0 155.0 ship 0
144.0 143.0 158.0 143.0 158.0 160.0 144.0 160.0 ship 0
152.0 148.0 164.0 148.0 164.0 165.0 152.0 165.0 ship 1
158.0 152.0 169.0 152.0 169.0 167.0 158.0 167.0 ship 1
163.0 154.0 175.0 154.0 175.0 170.0 163.0 170.0 ship 1
174.0 162.0 187.0 162.0 187.0 178.0 174.0 178.0 ship 1
400.0 285.0 479.0 285.0 479.0 398.0 400.0 398.0 ship 0
180.0 166.0 192.0 166.0 192.0 181.0 180.0 181.0 ship 1
186.0 168.0 197.0 168.0 197.0 184.0 186.0 184.0 ship 1
215.0 209.0 246.0 209.0 246.0 250.0 215.0 250.0 ship 0
247.0 244.0 264.0 244.0 264.0 258.0 247.0 258.0 ship 0
242.0 238.0 255.0 238.0 255.0 256.0 242.0 256.0 ship 0
217.0 254.0 287.0 254.0 287.0 310.0 217.0 310.0 ship 0
840.0 570.0 869.0 570.0 869.0 592.0 840.0 592.0 ship 0
824.0 597.0 850.0 597.0 850.0 618.0 824.0 618.0 ship 0
774.0 592.0 849.0 592.0 849.0 646.0 774.0 646.0 ship 0
1498.0 929.0 1524.0 929.0 1524.0 949.0 1498.0 949.0 ship 0
1426.0 936.0 1470.0 936.0 1470.0 992.0 1426.0 992.0 ship 0
1356.0 942.0 1416.0 942.0 1416.0 988.0 1356.0 988.0 ship 0
1371.0 920.0 1436.0 920.0 1436.0 968.0 1371.0 968.0 ship 0
1385.0 898.0 1444.0 898.0 1444.0 942.0 1385.0 942.0 ship 0
1406.0 879.0 1459.0 879.0 1459.0 921.0 1406.0 921.0 ship 0
1522.0 944.0 1551.0 944.0 1551.0 966.0 1522.0 966.0 ship 0
1541.0 904.0 1569.0 904.0 1569.0 926.0 1541.0 926.0 ship 0
1472.0 958.0 1522.0 958.0 1522.0 1026.0 1472.0 1026.0 ship 0
1415.0 851.0 1475.0 851.0 1475.0 898.0 1415.0 898.0 ship 0
1426.0 828.0 1486.0 828.0 1486.0 879.0 1426.0 879.0 ship 0
1228.0 866.0 1293.0 866.0 1293.0 914.0 1228.0 914.0 ship 0
1248.0 851.0 1296.0 851.0 1296.0 887.0 1248.0 887.0 ship 0
1259.0 830.0 1306.0 830.0 1306.0 868.0 1259.0 868.0 ship 0
1269.0 810.0 1321.0 810.0 1321.0 849.0 1269.0 849.0 ship 0
1456.0 944.0 1499.0 944.0 1499.0 1002.0 1456.0 1002.0 ship 0
1497.0 971.0 1545.0 971.0 1545.0 1035.0 1497.0 1035.0 ship 0
1297.0 773.0 1350.0 773.0 1350.0 813.0 1297.0 813.0 ship 0
690.0 400.0 820.0 400.0 820.0 567.0 690.0 567.0 harbor 0
1354.0 679.0 1410.0 679.0 1410.0 729.0 1354.0 729.0 swimming-pool 0
1536.0 814.0 1633.0 814.0 1633.0 897.0 1536.0 897.0 swimming-pool 0
225.0 170.0 345.0 170.0 345.0 296.0 225.0 296.0 harbor 0
307.0 220.0 369.0 220.0 369.0 310.0 307.0 310.0 harbor 0
344.0 242.0 444.0 242.0 444.0 355.0 344.0 355.0 harbor 0
494.0 316.0 697.0 316.0 697.0 497.0 494.0 497.0 harbor 0
787.0 459.0 920.0 459.0 920.0 629.0 787.0 629.0 harbor 0
1518.0 986.0 1568.0 986.0 1568.0 1052.0 1518.0 1052.0 ship 0
896.0 520.0 1049.0 520.0 1049.0 703.0 896.0 703.0 harbor 0
1032.0 602.0 1204.0 602.0 1204.0 797.0 1032.0 797.0 harbor 0
1189.0 705.0 1366.0 705.0 1366.0 896.0 1189.0 896.0 harbor 0
1369.0 830.0 1500.0 830.0 1500.0 982.0 1369.0 982.0 harbor 0
1433.0 914.0 1582.0 914.0 1582.0 1050.0 1433.0 1050.0 harbor 0
1546.0 985.0 1600.0 985.0 1600.0 1057.0 1546.0 1057.0 ship 0
1284.0 796.0 1322.0 796.0 1322.0 827.0 1284.0 827.0 ship 0
1252.0 724.0 1299.0 724.0 1299.0 760.0 1252.0 760.0 ship 0
896.0 639.0 934.0 639.0 934.0 669.0 896.0 669.0 ship 0
993.0 580.0 1031.0 580.0 1031.0 608.0 993.0 608.0 ship 0
1036.0 721.0 1088.0 721.0 1088.0 762.0 1036.0 762.0 ship 0
881.0 656.0 966.0 656.0 966.0 721.0 881.0 721.0 ship 0
946.0 644.0 991.0 644.0 991.0 679.0 946.0 679.0 ship 0
956.0 626.0 1004.0 626.0 1004.0 662.0 956.0 662.0 ship 0
966.0 609.0 1017.0 609.0 1017.0 646.0 966.0 646.0 ship 0
981.0 598.0 1015.0 598.0 1015.0 623.0 981.0 623.0 ship 0
999.0 558.0 1045.0 558.0 1045.0 593.0 999.0 593.0 ship 0
1070.0 660.0 1123.0 660.0 1123.0 700.0 1070.0 700.0 ship 0
1017.0 545.0 1050.0 545.0 1050.0 572.0 1017.0 572.0 ship 0
950.0 548.0 989.0 548.0 989.0 578.0 950.0 578.0 ship 0
945.0 567.0 977.0 567.0 977.0 591.0 945.0 591.0 ship 0
933.0 578.0 965.0 578.0 965.0 604.0 933.0 604.0 ship 0
912.0 607.0 955.0 607.0 955.0 641.0 912.0 641.0 ship 0
903.0 625.0 942.0 625.0 942.0 654.0 903.0 654.0 ship 0
1046.0 699.0 1100.0 699.0 1100.0 739.0 1046.0 739.0 ship 0
1090.0 644.0 1136.0 644.0 1136.0 678.0 1090.0 678.0 ship 0
1242.0 742.0 1291.0 742.0 1291.0 780.0 1242.0 780.0 ship 0
1022.0 738.0 1072.0 738.0 1072.0 779.0 1022.0 779.0 ship 0
1230.0 763.0 1277.0 763.0 1277.0 798.0 1230.0 798.0 ship 0
1212.0 777.0 1262.0 777.0 1262.0 817.0 1212.0 817.0 ship 0
1204.0 798.0 1256.0 798.0 1256.0 837.0 1204.0 837.0 ship 0
1197.0 821.0 1243.0 821.0 1243.0 855.0 1197.0 855.0 ship 0
1184.0 837.0 1236.0 837.0 1236.0 875.0 1184.0 875.0 ship 0
1075.0 772.0 1124.0 772.0 1124.0 808.0 1075.0 808.0 ship 0
1088.0 752.0 1141.0 752.0 1141.0 793.0 1088.0 793.0 ship 0
1110.0 603.0 1155.0 603.0 1155.0 637.0 1110.0 637.0 ship 0
1102.0 734.0 1144.0 734.0 1144.0 765.0 1102.0 765.0 ship 0
1112.0 722.0 1139.0 722.0 1139.0 741.0 1112.0 741.0 ship 0
1121.0 694.0 1174.0 694.0 1174.0 734.0 1121.0 734.0 ship 0
1135.0 673.0 1179.0 673.0 1179.0 709.0 1135.0 709.0 ship 0
1148.0 656.0 1198.0 656.0 1198.0 695.0 1148.0 695.0 ship 0
1096.0 620.0 1151.0 620.0 1151.0 661.0 1096.0 661.0 ship 0
563.0 369.0 581.0 369.0 581.0 384.0 563.0 384.0 ship 0
554.0 384.0 572.0 384.0 572.0 400.0 554.0 400.0 ship 0
966.0 515.0 1003.0 515.0 1003.0 545.0 966.0 545.0 ship 0
550.0 392.0 568.0 392.0 568.0 407.0 550.0 407.0 ship 0
1645.0 373.0 1657.0 373.0 1657.0 393.0 1645.0 393.0 small-vehicle 0
1295.0 329.0 1318.0 329.0 1318.0 347.0 1295.0 347.0 small-vehicle 1
1516.0 489.0 1541.0 489.0 1541.0 507.0 1516.0 507.0 small-vehicle 1
1539.0 496.0 1562.0 496.0 1562.0 514.0 1539.0 514.0 small-vehicle 1
1306.0 256.0 1343.0 256.0 1343.0 273.0 1306.0 273.0 large-vehicle 0
1434.0 463.0 1464.0 463.0 1464.0 482.0 1434.0 482.0 large-vehicle 0
1569.0 571.0 1596.0 571.0 1596.0 590.0 1569.0 590.0 small-vehicle 0
1442.0 495.0 1456.0 495.0 1456.0 516.0 1442.0 516.0 small-vehicle 0
1602.0 517.0 1628.0 517.0 1628.0 534.0 1602.0 534.0 small-vehicle 0
1629.0 523.0 1652.0 523.0 1652.0 541.0 1629.0 541.0 small-vehicle 0
1475.0 2.0 1500.0 2.0 1500.0 16.0 1475.0 16.0 small-vehicle 1
1571.0 29.0 1593.0 29.0 1593.0 44.0 1571.0 44.0 small-vehicle 1
1592.0 36.0 1614.0 36.0 1614.0 50.0 1592.0 50.0 small-vehicle 1
1614.0 41.0 1639.0 41.0 1639.0 59.0 1614.0 59.0 small-vehicle 1
1081.0 560.0 1103.0 560.0 1103.0 580.0 1081.0 580.0 small-vehicle 1
1642.0 410.0 1654.0 410.0 1654.0 429.0 1642.0 429.0 small-vehicle 0
1632.0 407.0 1644.0 407.0 1644.0 428.0 1632.0 428.0 small-vehicle 0
1623.0 404.0 1636.0 404.0 1636.0 424.0 1623.0 424.0 small-vehicle 0
1471.0 473.0 1491.0 473.0 1491.0 489.0 1471.0 489.0 small-vehicle 0
1353.0 436.0 1376.0 436.0 1376.0 455.0 1353.0 455.0 small-vehicle 0
1385.0 448.0 1406.0 448.0 1406.0 465.0 1385.0 465.0 small-vehicle 0
1392.0 423.0 1415.0 423.0 1415.0 439.0 1392.0 439.0 small-vehicle 0
1411.0 453.0 1431.0 453.0 1431.0 469.0 1411.0 469.0 small-vehicle 0
1384.0 473.0 1399.0 473.0 1399.0 495.0 1384.0 495.0 small-vehicle 0
1457.0 381.0 1484.0 381.0 1484.0 399.0 1457.0 399.0 small-vehicle 0
1495.0 482.0 1517.0 482.0 1517.0 499.0 1495.0 499.0 small-vehicle 0
1611.0 401.0 1626.0 401.0 1626.0 421.0 1611.0 421.0 small-vehicle 0
1563.0 505.0 1590.0 505.0 1590.0 521.0 1563.0 521.0 small-vehicle 0
1553.0 411.0 1573.0 411.0 1573.0 428.0 1553.0 428.0 small-vehicle 0
1532.0 406.0 1553.0 406.0 1553.0 422.0 1532.0 422.0 small-vehicle 0
1509.0 399.0 1530.0 399.0 1530.0 415.0 1509.0 415.0 small-vehicle 0
1486.0 390.0 1506.0 390.0 1506.0 407.0 1486.0 407.0 small-vehicle 0
1599.0 398.0 1615.0 398.0 1615.0 417.0 1599.0 417.0 small-vehicle 0
1124.0 587.0 1147.0 587.0 1147.0 607.0 1124.0 607.0 small-vehicle 1
1182.0 620.0 1208.0 620.0 1208.0 643.0 1182.0 643.0 small-vehicle 1
1223.0 645.0 1245.0 645.0 1245.0 667.0 1223.0 667.0 small-vehicle 1
273.0 186.0 293.0 186.0 293.0 208.0 273.0 208.0 ship 1
101.0 80.0 121.0 80.0 121.0 95.0 101.0 95.0 ship 1
88.0 94.0 107.0 94.0 107.0 107.0 88.0 107.0 ship 1
77.0 78.0 93.0 78.0 93.0 93.0 77.0 93.0 ship 1
82.0 73.0 98.0 73.0 98.0 88.0 82.0 88.0 ship 1
87.0 68.0 105.0 68.0 105.0 84.0 87.0 84.0 ship 1
259.0 216.0 287.0 216.0 287.0 240.0 259.0 240.0 ship 1
304.0 200.0 325.0 200.0 325.0 228.0 304.0 228.0 ship 1
1326.0 772.0 1346.0 772.0 1346.0 790.0 1326.0 790.0 ship 1
351.0 231.0 374.0 231.0 374.0 260.0 351.0 260.0 ship 1
367.0 242.0 391.0 242.0 391.0 269.0 367.0 269.0 ship 1
361.0 309.0 384.0 309.0 384.0 337.0 361.0 337.0 ship 1
390.0 270.0 418.0 270.0 418.0 295.0 390.0 295.0 ship 1
335.0 222.0 354.0 222.0 354.0 243.0 335.0 243.0 ship 1
1268.0 652.0 1297.0 652.0 1297.0 675.0 1268.0 675.0 small-vehicle 1
90.0 83.0 110.0 83.0 110.0 99.0 90.0 99.0 ship 1
964.0 533.0 996.0 533.0 996.0 562.0 964.0 562.0 ship 1
1244.0 658.0 1265.0 658.0 1265.0 679.0 1244.0 679.0 small-vehicle 1
280.0 191.0 296.0 191.0 296.0 209.0 280.0 209.0 ship 0
1293.0 134.0 1333.0 134.0 1333.0 162.0 1293.0 162.0 swimming-pool 0
1569.0 161.0 1582.0 161.0 1582.0 178.0 1569.0 178.0 swimming-pool 0
1495.0 874.0 1524.0 874.0 1524.0 898.0 1495.0 898.0 ship 0
1472.0 911.0 1499.0 911.0 1499.0 935.0 1472.0 935.0 ship 0
1550.0 959.0 1576.0 959.0 1576.0 981.0 1550.0 981.0 ship 0
594.0 433.0 611.0 433.0 611.0 455.0 594.0 455.0 ship 0
181.0 198.0 195.0 198.0 195.0 216.0 181.0 216.0 ship 0
883.0 497.0 913.0 497.0 913.0 518.0 883.0 518.0 ship 1
192.0 179.0 209.0 179.0 209.0 200.0 192.0 200.0 ship 0
245.0 190.0 258.0 190.0 258.0 207.0 245.0 207.0 ship 0
332.0 110.0 347.0 110.0 347.0 130.0 332.0 130.0 small-vehicle 0
520.0 356.0 534.0 356.0 534.0 376.0 520.0 376.0 ship 0
543.0 415.0 561.0 415.0 561.0 431.0 543.0 431.0 ship 0
376.0 211.0 394.0 211.0 394.0 232.0 376.0 232.0 ship 0
1309.0 451.0 1320.0 451.0 1320.0 471.0 1309.0 471.0 small-vehicle 0
1277.0 442.0 1295.0 442.0 1295.0 466.0 1277.0 466.0 small-vehicle 0
1271.0 411.0 1294.0 411.0 1294.0 428.0 1271.0 428.0 small-vehicle 0
723.0 467.0 749.0 467.0 749.0 489.0 723.0 489.0 ship 0
750.0 495.0 779.0 495.0 779.0 518.0 750.0 518.0 ship 0
742.0 507.0 768.0 507.0 768.0 527.0 742.0 527.0 ship 0
693.0 522.0 718.0 522.0 718.0 542.0 693.0 542.0 ship 0
701.0 508.0 725.0 508.0 725.0 529.0 701.0 529.0 ship 0
708.0 496.0 733.0 496.0 733.0 516.0 708.0 516.0 ship 0
715.0 482.0 742.0 482.0 742.0 503.0 715.0 503.0 ship 0
12.0 951.0 87.0 951.0 87.0 1048.0 12.0 1048.0 harbor 0
739.0 442.0 765.0 442.0 765.0 463.0 739.0 463.0 ship 0
67.0 869.0 79.0 869.0 79.0 889.0 67.0 889.0 ship 0
80.0 941.0 98.0 941.0 98.0 956.0 80.0 956.0 ship 0
129.0 931.0 148.0 931.0 148.0 954.0 129.0 954.0 ship 0
176.0 5.0 196.0 5.0 196.0 29.0 176.0 29.0 small-vehicle 0
195.0 17.0 213.0 17.0 213.0 41.0 195.0 41.0 small-vehicle 0
228.0 42.0 242.0 42.0 242.0 66.0 228.0 66.0 small-vehicle 0
731.0 456.0 757.0 456.0 757.0 477.0 731.0 477.0 ship 0
774.0 454.0 802.0 454.0 802.0 477.0 774.0 477.0 ship 0
503.0 222.0 523.0 222.0 523.0 249.0 503.0 249.0 small-vehicle 0
643.0 407.0 663.0 407.0 663.0 422.0 643.0 422.0 ship 0
546.0 399.0 563.0 399.0 563.0 414.0 546.0 414.0 ship 0
542.0 405.0 560.0 405.0 560.0 420.0 542.0 420.0 ship 0
518.0 435.0 568.0 435.0 568.0 473.0 518.0 473.0 ship 0
627.0 434.0 646.0 434.0 646.0 450.0 627.0 450.0 ship 0
632.0 426.0 652.0 426.0 652.0 440.0 632.0 440.0 ship 0
635.0 418.0 656.0 418.0 656.0 432.0 635.0 432.0 ship 0
650.0 395.0 672.0 395.0 672.0 409.0 650.0 409.0 ship 0
748.0 431.0 772.0 431.0 772.0 450.0 748.0 450.0 ship 0
655.0 384.0 675.0 384.0 675.0 397.0 655.0 397.0 ship 0
635.0 368.0 651.0 368.0 651.0 387.0 635.0 387.0 ship 0
627.0 361.0 641.0 361.0 641.0 379.0 627.0 379.0 ship 0
612.0 353.0 628.0 353.0 628.0 372.0 612.0 372.0 ship 0
666.0 418.0 709.0 418.0 709.0 477.0 666.0 477.0 ship 0
704.0 381.0 726.0 381.0 726.0 411.0 704.0 411.0 ship 0
268.0 67.0 292.0 67.0 292.0 94.0 268.0 94.0 small-vehicle 0
539.0 252.0 552.0 252.0 552.0 271.0 539.0 271.0 small-vehicle 0
1226.0 396.0 1249.0 396.0 1249.0 413.0 1226.0 413.0 small-vehicle 0
1152.0 285.0 1174.0 285.0 1174.0 300.0 1152.0 300.0 small-vehicle 0
1003.0 111.0 1015.0 111.0 1015.0 131.0 1003.0 131.0 small-vehicle 0
1052.0 225.0 1072.0 225.0 1072.0 241.0 1052.0 241.0 small-vehicle 0
1079.0 224.0 1100.0 224.0 1100.0 239.0 1079.0 239.0 small-vehicle 0
1084.0 215.0 1104.0 215.0 1104.0 230.0 1084.0 230.0 small-vehicle 0
1096.0 173.0 1118.0 173.0 1118.0 191.0 1096.0 191.0 small-vehicle 0
1032.0 159.0 1052.0 159.0 1052.0 181.0 1032.0 181.0 small-vehicle 0
1257.0 282.0 1272.0 282.0 1272.0 304.0 1257.0 304.0 small-vehicle 0
970.0 96.0 986.0 96.0 986.0 119.0 970.0 119.0 small-vehicle 0
1347.0 309.0 1362.0 309.0 1362.0 330.0 1347.0 330.0 small-vehicle 0
1359.0 314.0 1373.0 314.0 1373.0 334.0 1359.0 334.0 small-vehicle 0
1385.0 274.0 1400.0 274.0 1400.0 295.0 1385.0 295.0 small-vehicle 0
1402.0 280.0 1417.0 280.0 1417.0 302.0 1402.0 302.0 small-vehicle 0
1416.0 279.0 1427.0 279.0 1427.0 300.0 1416.0 300.0 small-vehicle 0
1221.0 423.0 1236.0 423.0 1236.0 446.0 1221.0 446.0 small-vehicle 0
984.0 103.0 998.0 103.0 998.0 123.0 984.0 123.0 small-vehicle 0
952.0 90.0 969.0 90.0 969.0 113.0 952.0 113.0 small-vehicle 0
594.0 225.0 611.0 225.0 611.0 248.0 594.0 248.0 small-vehicle 0
590.0 281.0 609.0 281.0 609.0 305.0 590.0 305.0 small-vehicle 0
612.0 232.0 632.0 232.0 632.0 257.0 612.0 257.0 small-vehicle 0
613.0 212.0 628.0 212.0 628.0 233.0 613.0 233.0 small-vehicle 0
521.0 130.0 544.0 130.0 544.0 148.0 521.0 148.0 small-vehicle 0
555.0 263.0 570.0 263.0 570.0 282.0 555.0 282.0 small-vehicle 0
563.0 267.0 579.0 267.0 579.0 288.0 563.0 288.0 small-vehicle 0
580.0 273.0 598.0 273.0 598.0 297.0 580.0 297.0 small-vehicle 0
600.0 286.0 617.0 286.0 617.0 312.0 600.0 312.0 small-vehicle 0
925.0 83.0 943.0 83.0 943.0 104.0 925.0 104.0 small-vehicle 0
881.0 195.0 902.0 195.0 902.0 212.0 881.0 212.0 small-vehicle 0
901.0 201.0 921.0 201.0 921.0 220.0 901.0 220.0 small-vehicle 0
994.0 191.0 1015.0 191.0 1015.0 206.0 994.0 206.0 small-vehicle 0
1010.0 131.0 1037.0 131.0 1037.0 149.0 1010.0 149.0 small-vehicle 0
895.0 74.0 915.0 74.0 915.0 99.0 895.0 99.0 small-vehicle 0
911.0 79.0 929.0 79.0 929.0 103.0 911.0 103.0 small-vehicle 0
1220.0 79.0 1278.0 79.0 1278.0 123.0 1220.0 123.0 swimming-pool 0
