imagesource:GoogleEarth
gsd:0.27126131558
1320.0 467.0 1332.0 467.0 1332.0 487.0 1320.0 487.0 ship 1
852.0 199.0 885.0 199.0 885.0 217.0 852.0 217.0 ship 0
813.0 208.0 844.0 208.0 844.0 227.0 813.0 227.0 ship 0
817.0 239.0 849.0 239.0 849.0 259.0 817.0 259.0 ship 0
836.0 300.0 869.0 300.0 869.0 319.0 836.0 319.0 ship 0
841.0 315.0 873.0 315.0 873.0 335.0 841.0 335.0 ship 0
847.0 330.0 877.0 330.0 877.0 348.0 847.0 348.0 ship 0
848.0 346.0 880.0 346.0 880.0 364.0 848.0 364.0 ship 0
852.0 360.0 884.0 360.0 884.0 379.0 852.0 379.0 ship 0
860.0 393.0 889.0 393.0 889.0 410.0 860.0 410.0 ship 0
865.0 408.0 897.0 408.0 897.0 426.0 865.0 426.0 ship 0
866.0 423.0 900.0 423.0 900.0 442.0 866.0 442.0 ship 0
968.0 345.0 1001.0 345.0 1001.0 401.0 968.0 401.0 ship 0
982.0 281.0 1013.0 281.0 1013.0 335.0 982.0 335.0 ship 0
954.0 318.0 988.0 318.0 988.0 339.0 954.0 339.0 ship 0
951.0 304.0 983.0 304.0 983.0 323.0 951.0 323.0 ship 0
947.0 288.0 981.0 288.0 981.0 308.0 947.0 308.0 ship 0
818.0 223.0 850.0 223.0 850.0 242.0 818.0 242.0 ship 0
809.0 192.0 844.0 192.0 844.0 213.0 809.0 213.0 ship 0
807.0 177.0 838.0 177.0 838.0 196.0 807.0 196.0 ship 0
813.0 46.0 841.0 46.0 841.0 64.0 813.0 64.0 ship 0
845.0 169.0 878.0 169.0 878.0 186.0 845.0 186.0 ship 0
840.0 153.0 873.0 153.0 873.0 172.0 840.0 172.0 ship 0
838.0 138.0 868.0 138.0 868.0 156.0 838.0 156.0 ship 0
833.0 124.0 862.0 124.0 862.0 141.0 833.0 141.0 ship 0
824.0 93.0 856.0 93.0 856.0 111.0 824.0 111.0 ship 0
816.0 61.0 849.0 61.0 849.0 80.0 816.0 80.0 ship 0
776.0 56.0 805.0 56.0 805.0 74.0 776.0 74.0 ship 0
800.0 162.0 834.0 162.0 834.0 183.0 800.0 183.0 ship 0
767.0 42.0 800.0 42.0 800.0 61.0 767.0 61.0 ship 0
781.0 71.0 810.0 71.0 810.0 91.0 781.0 91.0 ship 0
780.0 87.0 813.0 87.0 813.0 106.0 780.0 106.0 ship 0
787.0 100.0 819.0 100.0 819.0 120.0 787.0 120.0 ship 0
791.0 116.0 824.0 116.0 824.0 136.0 791.0 136.0 ship 0
796.0 133.0 824.0 133.0 824.0 151.0 796.0 151.0 ship 0
942.0 274.0 977.0 274.0 977.0 294.0 942.0 294.0 ship 0
975.0 248.0 1001.0 248.0 1001.0 264.0 975.0 264.0 ship 0
934.0 244.0 967.0 244.0 967.0 263.0 934.0 263.0 ship 0
1010.0 111.0 1040.0 111.0 1040.0 129.0 1010.0 129.0 ship 0
940.0 104.0 970.0 104.0 970.0 123.0 940.0 123.0 ship 0
943.0 119.0 973.0 119.0 973.0 137.0 943.0 137.0 ship 0
952.0 148.0 980.0 148.0 980.0 164.0 952.0 164.0 ship 0
990.0 34.0 1020.0 34.0 1020.0 53.0 990.0 53.0 ship 0
994.0 48.0 1026.0 48.0 1026.0 66.0 994.0 66.0 ship 0
1005.0 94.0 1037.0 94.0 1037.0 114.0 1005.0 114.0 ship 0
1039.0 92.0 1050.0 92.0 1050.0 110.0 1039.0 110.0 ship 0
925.0 50.0 951.0 50.0 951.0 65.0 925.0 65.0 ship 0
1044.0 109.0 1055.0 109.0 1055.0 127.0 1044.0 127.0 ship 0
1049.0 126.0 1060.0 126.0 1060.0 144.0 1049.0 144.0 ship 0
1014.0 125.0 1046.0 125.0 1046.0 144.0 1014.0 144.0 ship 0
1083.0 172.0 1101.0 172.0 1101.0 206.0 1083.0 206.0 ship 0
1099.0 171.0 1117.0 171.0 1117.0 204.0 1099.0 204.0 ship 0
1129.0 163.0 1147.0 163.0 1147.0 196.0 1129.0 196.0 ship 0
932.0 77.0 961.0 77.0 961.0 93.0 932.0 93.0 ship 0
920.0 36.0 945.0 36.0 945.0 52.0 920.0 52.0 ship 0
972.0 232.0 1002.0 232.0 1002.0 249.0 972.0 249.0 ship 0
916.0 167.0 949.0 167.0 949.0 186.0 916.0 186.0 ship 0
968.0 219.0 993.0 219.0 993.0 236.0 968.0 236.0 ship 0
965.0 205.0 988.0 205.0 988.0 221.0 965.0 221.0 ship 0
929.0 212.0 962.0 212.0 962.0 230.0 929.0 230.0 ship 0
961.0 192.0 985.0 192.0 985.0 207.0 961.0 207.0 ship 0
956.0 176.0 988.0 176.0 988.0 193.0 956.0 193.0 ship 0
922.0 182.0 953.0 182.0 953.0 200.0 922.0 200.0 ship 0
956.0 163.0 983.0 163.0 983.0 179.0 956.0 179.0 ship 0
912.0 153.0 942.0 153.0 942.0 171.0 912.0 171.0 ship 0
885.0 30.0 914.0 30.0 914.0 48.0 885.0 48.0 ship 0
895.0 78.0 923.0 78.0 923.0 94.0 895.0 94.0 ship 0
887.0 60.0 921.0 60.0 921.0 78.0 887.0 78.0 ship 0
895.0 90.0 930.0 90.0 930.0 110.0 895.0 110.0 ship 0
904.0 121.0 936.0 121.0 936.0 140.0 904.0 140.0 ship 0
909.0 138.0 940.0 138.0 940.0 155.0 909.0 155.0 ship 0
848.0 184.0 881.0 184.0 881.0 202.0 848.0 202.0 ship 0
856.0 215.0 889.0 215.0 889.0 232.0 856.0 232.0 ship 0
333.0 502.0 346.0 502.0 346.0 520.0 333.0 520.0 ship 1
860.0 228.0 894.0 228.0 894.0 248.0 860.0 248.0 ship 0
744.0 226.0 774.0 226.0 774.0 245.0 744.0 245.0 ship 0
750.0 240.0 782.0 240.0 782.0 259.0 750.0 259.0 ship 0
752.0 257.0 783.0 257.0 783.0 275.0 752.0 275.0 ship 0
756.0 272.0 789.0 272.0 789.0 291.0 756.0 291.0 ship 0
759.0 287.0 792.0 287.0 792.0 306.0 759.0 306.0 ship 0
763.0 304.0 794.0 304.0 794.0 321.0 763.0 321.0 ship 0
769.0 318.0 801.0 318.0 801.0 336.0 769.0 336.0 ship 0
771.0 333.0 805.0 333.0 805.0 351.0 771.0 351.0 ship 0
777.0 349.0 807.0 349.0 807.0 367.0 777.0 367.0 ship 0
780.0 363.0 811.0 363.0 811.0 382.0 780.0 382.0 ship 0
737.0 371.0 776.0 371.0 776.0 393.0 737.0 393.0 ship 0
736.0 357.0 770.0 357.0 770.0 376.0 736.0 376.0 ship 0
733.0 342.0 765.0 342.0 765.0 361.0 733.0 361.0 ship 0
727.0 327.0 761.0 327.0 761.0 347.0 727.0 347.0 ship 0
724.0 311.0 757.0 311.0 757.0 330.0 724.0 330.0 ship 0
741.0 212.0 770.0 212.0 770.0 229.0 741.0 229.0 ship 0
698.0 204.0 731.0 204.0 731.0 222.0 698.0 222.0 ship 0
697.0 190.0 727.0 190.0 727.0 207.0 697.0 207.0 ship 0
678.0 128.0 712.0 128.0 712.0 147.0 678.0 147.0 ship 0
671.0 84.0 699.0 84.0 699.0 101.0 671.0 101.0 ship 0
707.0 74.0 737.0 74.0 737.0 90.0 707.0 90.0 ship 0
710.0 87.0 742.0 87.0 742.0 107.0 710.0 107.0 ship 0
675.0 98.0 702.0 98.0 702.0 114.0 675.0 114.0 ship 0
676.0 114.0 709.0 114.0 709.0 131.0 676.0 131.0 ship 0
714.0 105.0 745.0 105.0 745.0 122.0 714.0 122.0 ship 0
718.0 120.0 748.0 120.0 748.0 137.0 718.0 137.0 ship 0
733.0 181.0 765.0 181.0 765.0 198.0 733.0 198.0 ship 0
722.0 134.0 753.0 134.0 753.0 152.0 722.0 152.0 ship 0
686.0 143.0 717.0 143.0 717.0 161.0 686.0 161.0 ship 0
725.0 149.0 758.0 149.0 758.0 167.0 725.0 167.0 ship 0
693.0 160.0 716.0 160.0 716.0 175.0 693.0 175.0 ship 0
729.0 165.0 761.0 165.0 761.0 183.0 729.0 183.0 ship 0
689.0 172.0 725.0 172.0 725.0 193.0 689.0 193.0 ship 0
721.0 296.0 753.0 296.0 753.0 314.0 721.0 314.0 ship 0
715.0 282.0 751.0 282.0 751.0 302.0 715.0 302.0 ship 0
712.0 266.0 745.0 266.0 745.0 285.0 712.0 285.0 ship 0
889.0 350.0 925.0 350.0 925.0 371.0 889.0 371.0 ship 0
897.0 436.0 924.0 436.0 924.0 482.0 897.0 482.0 ship 0
882.0 445.0 905.0 445.0 905.0 491.0 882.0 491.0 ship 0
906.0 414.0 935.0 414.0 935.0 431.0 906.0 431.0 ship 0
901.0 398.0 933.0 398.0 933.0 416.0 901.0 416.0 ship 0
898.0 382.0 929.0 382.0 929.0 401.0 898.0 401.0 ship 0
893.0 366.0 929.0 366.0 929.0 387.0 893.0 387.0 ship 0
885.0 337.0 917.0 337.0 917.0 356.0 885.0 356.0 ship 0
937.0 428.0 963.0 428.0 963.0 472.0 937.0 472.0 ship 0
885.0 321.0 917.0 321.0 917.0 338.0 885.0 338.0 ship 0
882.0 306.0 912.0 306.0 912.0 324.0 882.0 324.0 ship 0
875.0 292.0 908.0 292.0 908.0 309.0 875.0 309.0 ship 0
872.0 275.0 904.0 275.0 904.0 293.0 872.0 293.0 ship 0
868.0 259.0 902.0 259.0 902.0 278.0 868.0 278.0 ship 0
865.0 244.0 893.0 244.0 893.0 262.0 865.0 262.0 ship 0
918.0 433.0 944.0 433.0 944.0 476.0 918.0 476.0 ship 0
773.0 470.0 799.0 470.0 799.0 516.0 773.0 516.0 ship 0
710.0 251.0 743.0 251.0 743.0 269.0 710.0 269.0 ship 0
752.0 418.0 785.0 418.0 785.0 437.0 752.0 437.0 ship 0
708.0 236.0 738.0 236.0 738.0 253.0 708.0 253.0 ship 0
700.0 219.0 735.0 219.0 735.0 240.0 700.0 240.0 ship 0
743.0 387.0 779.0 387.0 779.0 407.0 743.0 407.0 ship 0
785.0 379.0 814.0 379.0 814.0 396.0 785.0 396.0 ship 0
788.0 395.0 816.0 395.0 816.0 412.0 788.0 412.0 ship 0
752.0 403.0 778.0 403.0 778.0 420.0 752.0 420.0 ship 0
792.0 410.0 825.0 410.0 825.0 428.0 792.0 428.0 ship 0
792.0 465.0 816.0 465.0 816.0 507.0 792.0 507.0 ship 0
798.0 427.0 825.0 427.0 825.0 442.0 798.0 442.0 ship 0
754.0 433.0 791.0 433.0 791.0 454.0 754.0 454.0 ship 0
759.0 447.0 795.0 447.0 795.0 467.0 759.0 467.0 ship 0
799.0 439.0 831.0 439.0 831.0 457.0 799.0 457.0 ship 0
828.0 451.0 859.0 451.0 859.0 500.0 828.0 500.0 ship 0
810.0 461.0 834.0 461.0 834.0 502.0 810.0 502.0 ship 0
1160.0 156.0 1178.0 156.0 1178.0 189.0 1160.0 189.0 ship 0
1175.0 152.0 1192.0 152.0 1192.0 183.0 1175.0 183.0 ship 0
1205.0 143.0 1224.0 143.0 1224.0 176.0 1205.0 176.0 ship 0
1222.0 144.0 1237.0 144.0 1237.0 170.0 1222.0 170.0 ship 0
1326.0 571.0 1347.0 571.0 1347.0 605.0 1326.0 605.0 ship 0
1359.0 567.0 1378.0 567.0 1378.0 598.0 1359.0 598.0 ship 0
1346.0 517.0 1366.0 517.0 1366.0 551.0 1346.0 551.0 ship 0
1333.0 532.0 1352.0 532.0 1352.0 562.0 1333.0 562.0 ship 0
1316.0 532.0 1337.0 532.0 1337.0 567.0 1316.0 567.0 ship 0
1301.0 540.0 1320.0 540.0 1320.0 572.0 1301.0 572.0 ship 0
1285.0 539.0 1304.0 539.0 1304.0 575.0 1285.0 575.0 ship 0
1269.0 544.0 1289.0 544.0 1289.0 579.0 1269.0 579.0 ship 0
1254.0 552.0 1272.0 552.0 1272.0 583.0 1254.0 583.0 ship 0
1239.0 557.0 1256.0 557.0 1256.0 588.0 1239.0 588.0 ship 0
1224.0 558.0 1241.0 558.0 1241.0 591.0 1224.0 591.0 ship 0
1270.0 700.0 1290.0 700.0 1290.0 736.0 1270.0 736.0 ship 0
1287.0 693.0 1308.0 693.0 1308.0 732.0 1287.0 732.0 ship 0
1302.0 688.0 1325.0 688.0 1325.0 727.0 1302.0 727.0 ship 0
1320.0 684.0 1343.0 684.0 1343.0 726.0 1320.0 726.0 ship 0
1295.0 581.0 1313.0 581.0 1313.0 610.0 1295.0 610.0 ship 0
1280.0 583.0 1297.0 583.0 1297.0 614.0 1280.0 614.0 ship 0
1263.0 586.0 1281.0 586.0 1281.0 618.0 1263.0 618.0 ship 0
1202.0 605.0 1219.0 605.0 1219.0 638.0 1202.0 638.0 ship 0
1091.0 598.0 1121.0 598.0 1121.0 656.0 1091.0 656.0 ship 0
1122.0 625.0 1139.0 625.0 1139.0 654.0 1122.0 654.0 ship 0
1136.0 620.0 1154.0 620.0 1154.0 651.0 1136.0 651.0 ship 0
1151.0 616.0 1170.0 616.0 1170.0 650.0 1151.0 650.0 ship 0
1168.0 612.0 1186.0 612.0 1186.0 645.0 1168.0 645.0 ship 0
1184.0 610.0 1200.0 610.0 1200.0 637.0 1184.0 637.0 ship 0
1110.0 585.0 1129.0 585.0 1129.0 620.0 1110.0 620.0 ship 0
1248.0 591.0 1265.0 591.0 1265.0 625.0 1248.0 625.0 ship 0
1125.0 580.0 1146.0 580.0 1146.0 616.0 1125.0 616.0 ship 0
1144.0 577.0 1162.0 577.0 1162.0 611.0 1144.0 611.0 ship 0
1159.0 574.0 1177.0 574.0 1177.0 607.0 1159.0 607.0 ship 0
1174.0 569.0 1194.0 569.0 1194.0 603.0 1174.0 603.0 ship 0
1192.0 568.0 1211.0 568.0 1211.0 600.0 1192.0 600.0 ship 0
1233.0 595.0 1251.0 595.0 1251.0 626.0 1233.0 626.0 ship 0
1338.0 681.0 1357.0 681.0 1357.0 716.0 1338.0 716.0 ship 0
1354.0 678.0 1374.0 678.0 1374.0 714.0 1354.0 714.0 ship 0
1251.0 700.0 1275.0 700.0 1275.0 741.0 1251.0 741.0 ship 0
1392.0 763.0 1416.0 763.0 1416.0 801.0 1392.0 801.0 ship 0
1343.0 638.0 1363.0 638.0 1363.0 671.0 1343.0 671.0 ship 0
1362.0 640.0 1378.0 640.0 1378.0 668.0 1362.0 668.0 ship 0
1372.0 672.0 1392.0 672.0 1392.0 712.0 1372.0 712.0 ship 0
1389.0 670.0 1408.0 670.0 1408.0 707.0 1389.0 707.0 ship 0
1409.0 754.0 1434.0 754.0 1434.0 796.0 1409.0 796.0 ship 0
1419.0 802.0 1445.0 802.0 1445.0 844.0 1419.0 844.0 ship 0
1401.0 806.0 1424.0 806.0 1424.0 844.0 1401.0 844.0 ship 0
1313.0 647.0 1332.0 647.0 1332.0 680.0 1313.0 680.0 ship 0
1384.0 809.0 1407.0 809.0 1407.0 848.0 1384.0 848.0 ship 0
1373.0 765.0 1395.0 765.0 1395.0 803.0 1373.0 803.0 ship 0
1357.0 774.0 1378.0 774.0 1378.0 809.0 1357.0 809.0 ship 0
1340.0 775.0 1361.0 775.0 1361.0 813.0 1340.0 813.0 ship 0
1322.0 778.0 1345.0 778.0 1345.0 817.0 1322.0 817.0 ship 0
1307.0 784.0 1327.0 784.0 1327.0 820.0 1307.0 820.0 ship 0
1329.0 646.0 1348.0 646.0 1348.0 677.0 1329.0 677.0 ship 0
1297.0 652.0 1317.0 652.0 1317.0 686.0 1297.0 686.0 ship 0
1236.0 708.0 1257.0 708.0 1257.0 745.0 1236.0 745.0 ship 0
1137.0 693.0 1156.0 693.0 1156.0 726.0 1137.0 726.0 ship 0
1219.0 712.0 1241.0 712.0 1241.0 748.0 1219.0 748.0 ship 0
1200.0 713.0 1225.0 713.0 1225.0 758.0 1200.0 758.0 ship 0
1183.0 719.0 1206.0 719.0 1206.0 758.0 1183.0 758.0 ship 0
1166.0 723.0 1187.0 723.0 1187.0 761.0 1166.0 761.0 ship 0
1145.0 730.0 1168.0 730.0 1168.0 769.0 1145.0 769.0 ship 0
1117.0 702.0 1146.0 702.0 1146.0 760.0 1117.0 760.0 ship 0
1152.0 688.0 1170.0 688.0 1170.0 722.0 1152.0 722.0 ship 0
1281.0 658.0 1300.0 658.0 1300.0 689.0 1281.0 689.0 ship 0
1169.0 687.0 1187.0 687.0 1187.0 712.0 1169.0 712.0 ship 0
1185.0 683.0 1202.0 683.0 1202.0 711.0 1185.0 711.0 ship 0
1201.0 677.0 1220.0 677.0 1220.0 710.0 1201.0 710.0 ship 0
1218.0 673.0 1237.0 673.0 1237.0 705.0 1218.0 705.0 ship 0
1250.0 666.0 1268.0 666.0 1268.0 695.0 1250.0 695.0 ship 0
1265.0 659.0 1284.0 659.0 1284.0 693.0 1265.0 693.0 ship 0
1163.0 457.0 1182.0 457.0 1182.0 492.0 1163.0 492.0 ship 0
1150.0 465.0 1166.0 465.0 1166.0 492.0 1150.0 492.0 ship 0
1131.0 465.0 1152.0 465.0 1152.0 500.0 1131.0 500.0 ship 0
1041.0 392.0 1066.0 392.0 1066.0 440.0 1041.0 440.0 ship 0
1085.0 247.0 1104.0 247.0 1104.0 280.0 1085.0 280.0 ship 0
1071.0 252.0 1090.0 252.0 1090.0 284.0 1071.0 284.0 ship 0
1053.0 259.0 1080.0 259.0 1080.0 313.0 1053.0 313.0 ship 0
1112.0 282.0 1129.0 282.0 1129.0 313.0 1112.0 313.0 ship 0
1127.0 278.0 1145.0 278.0 1145.0 310.0 1127.0 310.0 ship 0
1142.0 274.0 1159.0 274.0 1159.0 302.0 1142.0 302.0 ship 0
1054.0 371.0 1073.0 371.0 1073.0 402.0 1054.0 402.0 ship 0
1131.0 235.0 1150.0 235.0 1150.0 269.0 1131.0 269.0 ship 0
1072.0 366.0 1090.0 366.0 1090.0 397.0 1072.0 397.0 ship 0
1088.0 358.0 1107.0 358.0 1107.0 392.0 1088.0 392.0 ship 0
1103.0 353.0 1123.0 353.0 1123.0 389.0 1103.0 389.0 ship 0
1119.0 350.0 1139.0 350.0 1139.0 385.0 1119.0 385.0 ship 0
1151.0 345.0 1171.0 345.0 1171.0 375.0 1151.0 375.0 ship 0
1167.0 340.0 1187.0 340.0 1187.0 373.0 1167.0 373.0 ship 0
1100.0 243.0 1119.0 243.0 1119.0 276.0 1100.0 276.0 ship 0
1145.0 231.0 1164.0 231.0 1164.0 266.0 1145.0 266.0 ship 0
1081.0 400.0 1100.0 400.0 1100.0 433.0 1081.0 433.0 ship 0
1223.0 211.0 1241.0 211.0 1241.0 246.0 1223.0 246.0 ship 0
1268.0 201.0 1285.0 201.0 1285.0 230.0 1268.0 230.0 ship 0
1279.0 241.0 1296.0 241.0 1296.0 272.0 1279.0 272.0 ship 0
1262.0 242.0 1281.0 242.0 1281.0 274.0 1262.0 274.0 ship 0
1248.0 247.0 1265.0 247.0 1265.0 277.0 1248.0 277.0 ship 0
1218.0 254.0 1235.0 254.0 1235.0 284.0 1218.0 284.0 ship 0
1236.0 207.0 1255.0 207.0 1255.0 240.0 1236.0 240.0 ship 0
1209.0 218.0 1226.0 218.0 1226.0 249.0 1209.0 249.0 ship 0
1162.0 228.0 1180.0 228.0 1180.0 261.0 1162.0 261.0 ship 0
1192.0 223.0 1210.0 223.0 1210.0 254.0 1192.0 254.0 ship 0
1178.0 224.0 1195.0 224.0 1195.0 257.0 1178.0 257.0 ship 0
1201.0 258.0 1217.0 258.0 1217.0 289.0 1201.0 289.0 ship 0
1188.0 260.0 1205.0 260.0 1205.0 292.0 1188.0 292.0 ship 0
1172.0 265.0 1190.0 265.0 1190.0 296.0 1172.0 296.0 ship 0
1156.0 268.0 1174.0 268.0 1174.0 302.0 1156.0 302.0 ship 0
1183.0 337.0 1202.0 337.0 1202.0 369.0 1183.0 369.0 ship 0
1113.0 392.0 1132.0 392.0 1132.0 427.0 1113.0 427.0 ship 0
1116.0 472.0 1135.0 472.0 1135.0 503.0 1116.0 503.0 ship 0
1190.0 492.0 1208.0 492.0 1208.0 525.0 1190.0 525.0 ship 0
1293.0 428.0 1310.0 428.0 1310.0 456.0 1293.0 456.0 ship 0
1243.0 438.0 1262.0 438.0 1262.0 472.0 1243.0 472.0 ship 0
1266.0 471.0 1288.0 471.0 1288.0 506.0 1266.0 506.0 ship 0
1227.0 444.0 1245.0 444.0 1245.0 475.0 1227.0 475.0 ship 0
1210.0 444.0 1230.0 444.0 1230.0 480.0 1210.0 480.0 ship 0
1206.0 489.0 1223.0 489.0 1223.0 520.0 1206.0 520.0 ship 0
1173.0 494.0 1193.0 494.0 1193.0 531.0 1173.0 531.0 ship 0
1330.0 454.0 1351.0 454.0 1351.0 490.0 1330.0 490.0 ship 0
1157.0 497.0 1177.0 497.0 1177.0 534.0 1157.0 534.0 ship 0
1143.0 506.0 1162.0 506.0 1162.0 539.0 1143.0 539.0 ship 0
1126.0 507.0 1145.0 507.0 1145.0 542.0 1126.0 542.0 ship 0
1110.0 512.0 1129.0 512.0 1129.0 545.0 1110.0 545.0 ship 0
1055.0 482.0 1102.0 482.0 1102.0 559.0 1055.0 559.0 ship 0
1099.0 477.0 1117.0 477.0 1117.0 507.0 1099.0 507.0 ship 0
1310.0 424.0 1327.0 424.0 1327.0 452.0 1310.0 452.0 ship 0
1327.0 419.0 1344.0 419.0 1344.0 446.0 1327.0 446.0 ship 0
1131.0 389.0 1148.0 389.0 1148.0 421.0 1131.0 421.0 ship 0
1211.0 371.0 1228.0 371.0 1228.0 400.0 1211.0 400.0 ship 0
1147.0 384.0 1162.0 384.0 1162.0 414.0 1147.0 414.0 ship 0
1162.0 382.0 1177.0 382.0 1177.0 410.0 1162.0 410.0 ship 0
1178.0 381.0 1196.0 381.0 1196.0 409.0 1178.0 409.0 ship 0
1193.0 374.0 1212.0 374.0 1212.0 407.0 1193.0 407.0 ship 0
1198.0 332.0 1218.0 332.0 1218.0 366.0 1198.0 366.0 ship 0
1217.0 332.0 1233.0 332.0 1233.0 359.0 1217.0 359.0 ship 0
1240.0 359.0 1260.0 359.0 1260.0 394.0 1240.0 394.0 ship 0
1258.0 361.0 1275.0 361.0 1275.0 392.0 1258.0 392.0 ship 0
1246.0 319.0 1266.0 319.0 1266.0 353.0 1246.0 353.0 ship 0
1279.0 313.0 1298.0 313.0 1298.0 344.0 1279.0 344.0 ship 0
1294.0 307.0 1313.0 307.0 1313.0 341.0 1294.0 341.0 ship 0
1290.0 348.0 1308.0 348.0 1308.0 380.0 1290.0 380.0 ship 0
1309.0 343.0 1325.0 343.0 1325.0 374.0 1309.0 374.0 ship 0
1272.0 351.0 1292.0 351.0 1292.0 387.0 1272.0 387.0 ship 0
385.0 137.0 419.0 137.0 419.0 158.0 385.0 158.0 ship 0
386.0 151.0 431.0 151.0 431.0 177.0 386.0 177.0 ship 0
393.0 169.0 437.0 169.0 437.0 195.0 393.0 195.0 ship 0
944.0 913.0 965.0 913.0 965.0 951.0 944.0 951.0 ship 0
989.0 1253.0 1014.0 1253.0 1014.0 1298.0 989.0 1298.0 ship 0
967.0 1258.0 993.0 1258.0 993.0 1303.0 967.0 1303.0 ship 0
944.0 1265.0 970.0 1265.0 970.0 1314.0 944.0 1314.0 ship 0
919.0 1265.0 948.0 1265.0 948.0 1319.0 919.0 1319.0 ship 0
901.0 1280.0 924.0 1280.0 924.0 1327.0 901.0 1327.0 ship 0
943.0 1214.0 967.0 1214.0 967.0 1256.0 943.0 1256.0 ship 0
922.0 1212.0 947.0 1212.0 947.0 1258.0 922.0 1258.0 ship 0
904.0 1220.0 929.0 1220.0 929.0 1266.0 904.0 1266.0 ship 0
883.0 1224.0 909.0 1224.0 909.0 1268.0 883.0 1268.0 ship 0
964.0 1209.0 988.0 1209.0 988.0 1251.0 964.0 1251.0 ship 0
982.0 1204.0 1007.0 1204.0 1007.0 1246.0 982.0 1246.0 ship 0
999.0 1195.0 1023.0 1195.0 1023.0 1238.0 999.0 1238.0 ship 0
857.0 1123.0 882.0 1123.0 882.0 1166.0 857.0 1166.0 ship 0
880.0 1114.0 903.0 1114.0 903.0 1158.0 880.0 1158.0 ship 0
897.0 1108.0 921.0 1108.0 921.0 1153.0 897.0 1153.0 ship 0
1010.0 1241.0 1040.0 1241.0 1040.0 1297.0 1010.0 1297.0 ship 0
1035.0 1242.0 1062.0 1242.0 1062.0 1291.0 1035.0 1291.0 ship 0
1060.0 1235.0 1086.0 1235.0 1086.0 1283.0 1060.0 1283.0 ship 0
1135.0 1158.0 1152.0 1158.0 1152.0 1186.0 1135.0 1186.0 ship 0
1178.0 1326.0 1209.0 1326.0 1209.0 1384.0 1178.0 1384.0 ship 0
1131.0 1341.0 1159.0 1341.0 1159.0 1392.0 1131.0 1392.0 ship 0
1110.0 1349.0 1136.0 1349.0 1136.0 1396.0 1110.0 1396.0 ship 0
1088.0 1358.0 1112.0 1358.0 1112.0 1402.0 1088.0 1402.0 ship 0
1064.0 1355.0 1092.0 1355.0 1092.0 1407.0 1064.0 1407.0 ship 0
1142.0 1182.0 1180.0 1182.0 1180.0 1264.0 1142.0 1264.0 ship 0
1125.0 1219.0 1153.0 1219.0 1153.0 1267.0 1125.0 1267.0 ship 0
1019.0 1193.0 1044.0 1193.0 1044.0 1237.0 1019.0 1237.0 ship 0
1105.0 1224.0 1128.0 1224.0 1128.0 1270.0 1105.0 1270.0 ship 0
1114.0 1173.0 1136.0 1173.0 1136.0 1212.0 1114.0 1212.0 ship 0
1094.0 1172.0 1121.0 1172.0 1121.0 1220.0 1094.0 1220.0 ship 0
1074.0 1173.0 1103.0 1173.0 1103.0 1224.0 1074.0 1224.0 ship 0
1057.0 1182.0 1082.0 1182.0 1082.0 1228.0 1057.0 1228.0 ship 0
1038.0 1192.0 1060.0 1192.0 1060.0 1233.0 1038.0 1233.0 ship 0
916.0 1107.0 939.0 1107.0 939.0 1148.0 916.0 1148.0 ship 0
933.0 1098.0 959.0 1098.0 959.0 1145.0 933.0 1145.0 ship 0
953.0 1096.0 978.0 1096.0 978.0 1140.0 953.0 1140.0 ship 0
1010.0 894.0 1032.0 894.0 1032.0 934.0 1010.0 934.0 ship 0
1090.0 1064.0 1112.0 1064.0 1112.0 1107.0 1090.0 1107.0 ship 0
1030.0 1076.0 1054.0 1076.0 1054.0 1120.0 1030.0 1120.0 ship 0
1068.0 896.0 1108.0 896.0 1108.0 966.0 1068.0 966.0 ship 0
1040.0 934.0 1061.0 934.0 1061.0 979.0 1040.0 979.0 ship 0
1044.0 888.0 1064.0 888.0 1064.0 923.0 1044.0 923.0 ship 0
1029.0 894.0 1048.0 894.0 1048.0 928.0 1029.0 928.0 ship 0
1022.0 936.0 1044.0 936.0 1044.0 977.0 1022.0 977.0 ship 0
1113.0 1071.0 1132.0 1071.0 1132.0 1105.0 1113.0 1105.0 ship 0
1006.0 944.0 1028.0 944.0 1028.0 982.0 1006.0 982.0 ship 0
989.0 947.0 1008.0 947.0 1008.0 981.0 989.0 981.0 ship 0
972.0 950.0 993.0 950.0 993.0 987.0 972.0 987.0 ship 0
955.0 955.0 977.0 955.0 977.0 992.0 955.0 992.0 ship 0
994.0 900.0 1014.0 900.0 1014.0 936.0 994.0 936.0 ship 0
977.0 904.0 998.0 904.0 998.0 939.0 977.0 939.0 ship 0
1068.0 1069.0 1092.0 1069.0 1092.0 1112.0 1068.0 1112.0 ship 0
1098.0 1007.0 1128.0 1007.0 1128.0 1062.0 1098.0 1062.0 ship 0
973.0 1094.0 994.0 1094.0 994.0 1133.0 973.0 1133.0 ship 0
911.0 1061.0 933.0 1061.0 933.0 1098.0 911.0 1098.0 ship 0
992.0 1092.0 1019.0 1092.0 1019.0 1139.0 992.0 1139.0 ship 0
1011.0 1082.0 1035.0 1082.0 1035.0 1127.0 1011.0 1127.0 ship 0
831.0 1083.0 848.0 1083.0 848.0 1108.0 831.0 1108.0 ship 0
859.0 1068.0 881.0 1068.0 881.0 1107.0 859.0 1107.0 ship 0
878.0 1073.0 898.0 1073.0 898.0 1108.0 878.0 1108.0 ship 0
897.0 1069.0 916.0 1069.0 916.0 1103.0 897.0 1103.0 ship 0
928.0 1058.0 951.0 1058.0 951.0 1094.0 928.0 1094.0 ship 0
1062.0 1023.0 1083.0 1023.0 1083.0 1061.0 1062.0 1061.0 ship 0
948.0 1054.0 967.0 1054.0 967.0 1087.0 948.0 1087.0 ship 0
961.0 1048.0 982.0 1048.0 982.0 1081.0 961.0 1081.0 ship 0
977.0 1043.0 998.0 1043.0 998.0 1079.0 977.0 1079.0 ship 0
1011.0 1034.0 1034.0 1034.0 1034.0 1073.0 1011.0 1073.0 ship 0
1028.0 1030.0 1050.0 1030.0 1050.0 1069.0 1028.0 1069.0 ship 0
1045.0 1026.0 1066.0 1026.0 1066.0 1066.0 1045.0 1066.0 ship 0
1193.0 1385.0 1224.0 1385.0 1224.0 1444.0 1193.0 1444.0 ship 0
1166.0 1387.0 1200.0 1387.0 1200.0 1444.0 1166.0 1444.0 ship 0
1147.0 1398.0 1175.0 1398.0 1175.0 1453.0 1147.0 1453.0 ship 0
727.0 626.0 845.0 626.0 845.0 854.0 727.0 854.0 harbor 0
957.0 1518.0 1295.0 1518.0 1295.0 1670.0 957.0 1670.0 harbor 0
909.0 1331.0 1206.0 1331.0 1206.0 1510.0 909.0 1510.0 harbor 0
865.0 1163.0 1160.0 1163.0 1160.0 1336.0 865.0 1336.0 harbor 0
824.0 1013.0 1122.0 1013.0 1122.0 1172.0 824.0 1172.0 harbor 0
811.0 884.0 1083.0 884.0 1083.0 1028.0 811.0 1028.0 harbor 0
881.0 574.0 1043.0 574.0 1043.0 813.0 881.0 813.0 harbor 0
598.0 734.0 631.0 734.0 631.0 808.0 598.0 808.0 harbor 0
1297.0 1290.0 1576.0 1290.0 1576.0 1447.0 1297.0 1447.0 harbor 0
651.0 720.0 686.0 720.0 686.0 797.0 651.0 797.0 harbor 0
517.0 776.0 599.0 776.0 599.0 851.0 517.0 851.0 harbor 0
273.0 166.0 312.0 166.0 312.0 188.0 273.0 188.0 ship 0
273.0 181.0 320.0 181.0 320.0 209.0 273.0 209.0 ship 0
279.0 203.0 323.0 203.0 323.0 229.0 279.0 229.0 ship 0
281.0 223.0 325.0 223.0 325.0 250.0 281.0 250.0 ship 0
1299.0 1457.0 1610.0 1457.0 1610.0 1585.0 1299.0 1585.0 harbor 0
1261.0 1146.0 1537.0 1146.0 1537.0 1292.0 1261.0 1292.0 harbor 0
291.0 263.0 344.0 263.0 344.0 293.0 291.0 293.0 ship 0
1075.0 121.0 1269.0 121.0 1269.0 209.0 1075.0 209.0 harbor 0
386.0 127.0 580.0 127.0 580.0 588.0 386.0 588.0 harbor 0
536.0 93.0 724.0 93.0 724.0 551.0 536.0 551.0 harbor 0
665.0 64.0 843.0 64.0 843.0 514.0 665.0 514.0 harbor 0
772.0 40.0 949.0 40.0 949.0 488.0 772.0 488.0 harbor 0
881.0 16.0 1038.0 16.0 1038.0 402.0 881.0 402.0 harbor 0
984.0 1.0 1079.0 1.0 1079.0 218.0 984.0 218.0 harbor 0
1064.0 203.0 1291.0 203.0 1291.0 323.0 1064.0 323.0 harbor 0
1227.0 1018.0 1506.0 1018.0 1506.0 1159.0 1227.0 1159.0 harbor 0
1048.0 309.0 1310.0 309.0 1310.0 436.0 1048.0 436.0 harbor 0
1073.0 418.0 1350.0 418.0 1350.0 547.0 1073.0 547.0 harbor 0
1104.0 527.0 1375.0 527.0 1375.0 656.0 1104.0 656.0 harbor 0
1131.0 634.0 1402.0 634.0 1402.0 770.0 1131.0 770.0 harbor 0
1163.0 759.0 1440.0 759.0 1440.0 899.0 1163.0 899.0 harbor 0
1196.0 888.0 1470.0 888.0 1470.0 1026.0 1196.0 1026.0 harbor 0
285.0 240.0 341.0 240.0 341.0 271.0 285.0 271.0 ship 0
297.0 285.0 345.0 285.0 345.0 313.0 297.0 313.0 ship 0
1123.0 1399.0 1155.0 1399.0 1155.0 1462.0 1123.0 1462.0 ship 0
971.0 1381.0 999.0 1381.0 999.0 1431.0 971.0 1431.0 ship 0
946.0 1457.0 976.0 1457.0 976.0 1512.0 946.0 1512.0 ship 0
965.0 1438.0 996.0 1438.0 996.0 1504.0 965.0 1504.0 ship 0
987.0 1435.0 1017.0 1435.0 1017.0 1492.0 987.0 1492.0 ship 0
1009.0 1427.0 1041.0 1427.0 1041.0 1493.0 1009.0 1493.0 ship 0
927.0 1394.0 953.0 1394.0 953.0 1440.0 927.0 1440.0 ship 0
951.0 1382.0 975.0 1382.0 975.0 1435.0 951.0 1435.0 ship 0
996.0 1375.0 1025.0 1375.0 1025.0 1424.0 996.0 1424.0 ship 0
328.0 691.0 371.0 691.0 371.0 725.0 328.0 725.0 ship 0
1020.0 1369.0 1047.0 1369.0 1047.0 1417.0 1020.0 1417.0 ship 0
1039.0 1361.0 1065.0 1361.0 1065.0 1405.0 1039.0 1405.0 ship 0
1033.0 1429.0 1066.0 1429.0 1066.0 1489.0 1033.0 1489.0 ship 0
1057.0 1421.0 1086.0 1421.0 1086.0 1480.0 1057.0 1480.0 ship 0
1078.0 1414.0 1108.0 1414.0 1108.0 1471.0 1078.0 1471.0 ship 0
1101.0 1410.0 1131.0 1410.0 1131.0 1470.0 1101.0 1470.0 ship 0
316.0 711.0 355.0 711.0 355.0 743.0 316.0 743.0 ship 0
338.0 673.0 373.0 673.0 373.0 702.0 338.0 702.0 ship 0
303.0 307.0 350.0 307.0 350.0 333.0 303.0 333.0 ship 0
339.0 452.0 388.0 452.0 388.0 479.0 339.0 479.0 ship 0
309.0 326.0 357.0 326.0 357.0 354.0 309.0 354.0 ship 0
314.0 349.0 363.0 349.0 363.0 375.0 314.0 375.0 ship 0
316.0 367.0 372.0 367.0 372.0 397.0 316.0 397.0 ship 0
323.0 388.0 372.0 388.0 372.0 417.0 323.0 417.0 ship 0
329.0 410.0 375.0 410.0 375.0 436.0 329.0 436.0 ship 0
334.0 430.0 382.0 430.0 382.0 457.0 334.0 457.0 ship 0
345.0 471.0 396.0 471.0 396.0 500.0 345.0 500.0 ship 0
347.0 658.0 378.0 658.0 378.0 684.0 347.0 684.0 ship 0
352.0 493.0 396.0 493.0 396.0 519.0 352.0 519.0 ship 0
358.0 524.0 415.0 524.0 415.0 551.0 358.0 551.0 ship 0
365.0 549.0 422.0 549.0 422.0 573.0 365.0 573.0 ship 0
371.0 572.0 424.0 572.0 424.0 598.0 371.0 598.0 ship 0
358.0 598.0 398.0 598.0 398.0 624.0 358.0 624.0 ship 0
356.0 643.0 388.0 643.0 388.0 670.0 356.0 670.0 ship 0
963.0 909.0 983.0 909.0 983.0 946.0 963.0 946.0 ship 0
927.0 914.0 947.0 914.0 947.0 949.0 927.0 949.0 ship 0
403.0 206.0 446.0 206.0 446.0 231.0 403.0 231.0 ship 0
938.0 962.0 958.0 962.0 958.0 997.0 938.0 997.0 ship 0
555.0 188.0 592.0 188.0 592.0 208.0 555.0 208.0 ship 0
601.0 178.0 638.0 178.0 638.0 199.0 601.0 199.0 ship 0
595.0 157.0 637.0 157.0 637.0 180.0 595.0 180.0 ship 0
590.0 141.0 626.0 141.0 626.0 162.0 590.0 162.0 ship 0
552.0 166.0 591.0 166.0 591.0 191.0 552.0 191.0 ship 0
544.0 152.0 584.0 152.0 584.0 175.0 544.0 175.0 ship 0
544.0 133.0 581.0 133.0 581.0 156.0 544.0 156.0 ship 0
587.0 123.0 623.0 123.0 623.0 143.0 587.0 143.0 ship 0
583.0 103.0 618.0 103.0 618.0 124.0 583.0 124.0 ship 0
535.0 116.0 574.0 116.0 574.0 137.0 535.0 137.0 ship 0
531.0 99.0 569.0 99.0 569.0 119.0 531.0 119.0 ship 0
439.0 139.0 480.0 139.0 480.0 163.0 439.0 163.0 ship 0
443.0 157.0 486.0 157.0 486.0 182.0 443.0 182.0 ship 0
446.0 174.0 495.0 174.0 495.0 202.0 446.0 202.0 ship 0
454.0 193.0 499.0 193.0 499.0 219.0 454.0 219.0 ship 0
557.0 206.0 599.0 206.0 599.0 229.0 557.0 229.0 ship 0
563.0 223.0 605.0 223.0 605.0 248.0 563.0 248.0 ship 0
573.0 261.0 614.0 261.0 614.0 283.0 573.0 283.0 ship 0
581.0 280.0 616.0 280.0 616.0 300.0 581.0 300.0 ship 0
629.0 285.0 670.0 285.0 670.0 309.0 629.0 309.0 ship 0
625.0 265.0 665.0 265.0 665.0 290.0 625.0 290.0 ship 0
619.0 250.0 654.0 250.0 654.0 272.0 619.0 272.0 ship 0
613.0 229.0 654.0 229.0 654.0 255.0 613.0 255.0 ship 0
608.0 212.0 650.0 212.0 650.0 236.0 608.0 236.0 ship 0
606.0 196.0 641.0 196.0 641.0 217.0 606.0 217.0 ship 0
584.0 298.0 621.0 298.0 621.0 318.0 584.0 318.0 ship 0
620.0 442.0 661.0 442.0 661.0 465.0 620.0 465.0 ship 0
589.0 315.0 628.0 315.0 628.0 336.0 589.0 336.0 ship 0
593.0 332.0 634.0 332.0 634.0 356.0 593.0 356.0 ship 0
598.0 352.0 639.0 352.0 639.0 373.0 598.0 373.0 ship 0
608.0 387.0 649.0 387.0 649.0 409.0 608.0 409.0 ship 0
612.0 406.0 652.0 406.0 652.0 427.0 612.0 427.0 ship 0
620.0 424.0 654.0 424.0 654.0 442.0 620.0 442.0 ship 0
457.0 214.0 497.0 214.0 497.0 237.0 457.0 237.0 ship 0
463.0 231.0 504.0 231.0 504.0 255.0 463.0 255.0 ship 0
468.0 249.0 511.0 249.0 511.0 274.0 468.0 274.0 ship 0
441.0 355.0 484.0 355.0 484.0 379.0 441.0 379.0 ship 0
465.0 465.0 512.0 465.0 512.0 492.0 465.0 492.0 ship 0
464.0 447.0 508.0 447.0 508.0 472.0 464.0 472.0 ship 0
456.0 430.0 503.0 430.0 503.0 453.0 456.0 453.0 ship 0
453.0 412.0 498.0 412.0 498.0 435.0 453.0 435.0 ship 0
451.0 393.0 493.0 393.0 493.0 416.0 451.0 416.0 ship 0
444.0 374.0 491.0 374.0 491.0 398.0 444.0 398.0 ship 0
439.0 338.0 478.0 338.0 478.0 361.0 439.0 361.0 ship 0
462.0 517.0 496.0 517.0 496.0 582.0 462.0 582.0 ship 0
434.0 322.0 467.0 322.0 467.0 341.0 434.0 341.0 ship 0
425.0 300.0 470.0 300.0 470.0 324.0 425.0 324.0 ship 0
421.0 281.0 466.0 281.0 466.0 305.0 421.0 305.0 ship 0
414.0 262.0 460.0 262.0 460.0 288.0 414.0 288.0 ship 0
409.0 243.0 456.0 243.0 456.0 269.0 409.0 269.0 ship 0
408.0 224.0 451.0 224.0 451.0 250.0 408.0 250.0 ship 0
474.0 485.0 518.0 485.0 518.0 510.0 474.0 510.0 ship 0
490.0 513.0 523.0 513.0 523.0 579.0 490.0 579.0 ship 0
470.0 271.0 516.0 271.0 516.0 293.0 470.0 293.0 ship 0
508.0 420.0 550.0 420.0 550.0 442.0 508.0 442.0 ship 0
475.0 288.0 519.0 288.0 519.0 312.0 475.0 312.0 ship 0
481.0 306.0 525.0 306.0 525.0 330.0 481.0 330.0 ship 0
488.0 326.0 527.0 326.0 527.0 348.0 488.0 348.0 ship 0
494.0 364.0 532.0 364.0 532.0 386.0 494.0 386.0 ship 0
499.0 380.0 542.0 380.0 542.0 404.0 499.0 404.0 ship 0
503.0 400.0 548.0 400.0 548.0 424.0 503.0 424.0 ship 0
513.0 437.0 556.0 437.0 556.0 460.0 513.0 460.0 ship 0
517.0 508.0 549.0 508.0 549.0 569.0 517.0 569.0 ship 0
519.0 455.0 562.0 455.0 562.0 479.0 519.0 479.0 ship 0
524.0 474.0 565.0 474.0 565.0 496.0 524.0 496.0 ship 0
539.0 492.0 570.0 492.0 570.0 510.0 539.0 510.0 ship 0
541.0 507.0 572.0 507.0 572.0 524.0 541.0 524.0 ship 0
565.0 519.0 595.0 519.0 595.0 573.0 565.0 573.0 ship 0
545.0 528.0 574.0 528.0 574.0 580.0 545.0 580.0 ship 0
636.0 304.0 672.0 304.0 672.0 325.0 636.0 325.0 ship 0
641.0 322.0 676.0 322.0 676.0 343.0 641.0 343.0 ship 0
643.0 339.0 683.0 339.0 683.0 362.0 643.0 362.0 ship 0
1024.0 797.0 1044.0 797.0 1044.0 834.0 1024.0 834.0 ship 0
915.0 827.0 937.0 827.0 937.0 864.0 915.0 864.0 ship 0
930.0 822.0 953.0 822.0 953.0 861.0 930.0 861.0 ship 0
960.0 812.0 984.0 812.0 984.0 853.0 960.0 853.0 ship 0
979.0 815.0 997.0 815.0 997.0 848.0 979.0 848.0 ship 0
995.0 808.0 1014.0 808.0 1014.0 842.0 995.0 842.0 ship 0
1009.0 799.0 1033.0 799.0 1033.0 845.0 1009.0 845.0 ship 0
1041.0 785.0 1066.0 785.0 1066.0 831.0 1041.0 831.0 ship 0
885.0 837.0 904.0 837.0 904.0 873.0 885.0 873.0 ship 0
996.0 768.0 1043.0 768.0 1043.0 797.0 996.0 797.0 ship 0
991.0 749.0 1038.0 749.0 1038.0 775.0 991.0 775.0 ship 0
989.0 731.0 1029.0 731.0 1029.0 753.0 989.0 753.0 ship 0
979.0 706.0 1026.0 706.0 1026.0 733.0 979.0 733.0 ship 0
983.0 688.0 1023.0 688.0 1023.0 710.0 983.0 710.0 ship 0
972.0 668.0 1025.0 668.0 1025.0 696.0 972.0 696.0 ship 0
901.0 830.0 921.0 830.0 921.0 868.0 901.0 868.0 ship 0
868.0 837.0 891.0 837.0 891.0 878.0 868.0 878.0 ship 0
964.0 628.0 1009.0 628.0 1009.0 653.0 964.0 653.0 ship 0
828.0 940.0 851.0 940.0 851.0 981.0 828.0 981.0 ship 0
904.0 968.0 925.0 968.0 925.0 1007.0 904.0 1007.0 ship 0
889.0 972.0 909.0 972.0 909.0 1009.0 889.0 1009.0 ship 0
873.0 979.0 893.0 979.0 893.0 1014.0 873.0 1014.0 ship 0
856.0 981.0 877.0 981.0 877.0 1019.0 856.0 1019.0 ship 0
840.0 985.0 860.0 985.0 860.0 1022.0 840.0 1022.0 ship 0
814.0 949.0 832.0 949.0 832.0 981.0 814.0 981.0 ship 0
844.0 935.0 865.0 935.0 865.0 974.0 844.0 974.0 ship 0
852.0 837.0 879.0 837.0 879.0 886.0 852.0 886.0 ship 0
862.0 935.0 882.0 935.0 882.0 972.0 862.0 972.0 ship 0
879.0 930.0 900.0 930.0 900.0 968.0 879.0 968.0 ship 0
896.0 926.0 916.0 926.0 916.0 961.0 896.0 961.0 ship 0
911.0 918.0 934.0 918.0 934.0 958.0 911.0 958.0 ship 0
794.0 856.0 817.0 856.0 817.0 895.0 794.0 895.0 ship 0
822.0 853.0 841.0 853.0 841.0 888.0 822.0 888.0 ship 0
965.0 646.0 1017.0 646.0 1017.0 674.0 965.0 674.0 ship 0
955.0 604.0 1004.0 604.0 1004.0 633.0 955.0 633.0 ship 0
646.0 358.0 684.0 358.0 684.0 381.0 646.0 381.0 ship 0
663.0 482.0 694.0 482.0 694.0 545.0 663.0 545.0 ship 0
741.0 631.0 804.0 631.0 804.0 667.0 741.0 667.0 ship 0
726.0 606.0 793.0 606.0 793.0 644.0 726.0 644.0 ship 0
709.0 653.0 744.0 653.0 744.0 717.0 709.0 717.0 ship 0
675.0 661.0 726.0 661.0 726.0 761.0 675.0 761.0 ship 0
668.0 722.0 694.0 722.0 694.0 770.0 668.0 770.0 ship 0
688.0 478.0 718.0 478.0 718.0 537.0 688.0 537.0 ship 0
641.0 485.0 673.0 485.0 673.0 547.0 641.0 547.0 ship 0
750.0 680.0 813.0 680.0 813.0 714.0 750.0 714.0 ship 0
617.0 482.0 648.0 482.0 648.0 549.0 617.0 549.0 ship 0
672.0 448.0 712.0 448.0 712.0 472.0 672.0 472.0 ship 0
668.0 430.0 703.0 430.0 703.0 453.0 668.0 453.0 ship 0
660.0 412.0 703.0 412.0 703.0 437.0 660.0 437.0 ship 0
658.0 395.0 695.0 395.0 695.0 416.0 658.0 416.0 ship 0
652.0 376.0 687.0 376.0 687.0 398.0 652.0 398.0 ship 0
747.0 658.0 804.0 658.0 804.0 689.0 747.0 689.0 ship 0
758.0 704.0 819.0 704.0 819.0 737.0 758.0 737.0 ship 0
949.0 583.0 996.0 583.0 996.0 611.0 949.0 611.0 ship 0
916.0 714.0 974.0 714.0 974.0 746.0 916.0 746.0 ship 0
940.0 560.0 988.0 560.0 988.0 589.0 940.0 589.0 ship 0
893.0 598.0 944.0 598.0 944.0 624.0 893.0 624.0 ship 0
887.0 620.0 950.0 620.0 950.0 651.0 887.0 651.0 ship 0
894.0 645.0 958.0 645.0 958.0 677.0 894.0 677.0 ship 0
902.0 670.0 957.0 670.0 957.0 697.0 902.0 697.0 ship 0
919.0 691.0 969.0 691.0 969.0 719.0 919.0 719.0 ship 0
915.0 740.0 976.0 740.0 976.0 769.0 915.0 769.0 ship 0
767.0 729.0 825.0 729.0 825.0 759.0 767.0 759.0 ship 0
927.0 763.0 980.0 763.0 980.0 790.0 927.0 790.0 ship 0
931.0 783.0 988.0 783.0 988.0 813.0 931.0 813.0 ship 0
787.0 817.0 846.0 817.0 846.0 851.0 787.0 851.0 ship 0
785.0 799.0 835.0 799.0 835.0 827.0 785.0 827.0 ship 0
777.0 774.0 835.0 774.0 835.0 807.0 777.0 807.0 ship 0
770.0 752.0 827.0 752.0 827.0 783.0 770.0 783.0 ship 0
1290.0 785.0 1311.0 785.0 1311.0 825.0 1290.0 825.0 ship 0
1271.0 788.0 1296.0 788.0 1296.0 832.0 1271.0 832.0 ship 0
1367.0 813.0 1388.0 813.0 1388.0 850.0 1367.0 850.0 ship 0
959.0 1827.0 978.0 1827.0 978.0 1840.0 959.0 1840.0 small-vehicle 1
1729.0 1058.0 1749.0 1058.0 1749.0 1080.0 1729.0 1080.0 small-vehicle 1
1749.0 1048.0 1766.0 1048.0 1766.0 1069.0 1749.0 1069.0 small-vehicle 1
1738.0 1052.0 1757.0 1052.0 1757.0 1076.0 1738.0 1076.0 small-vehicle 1
1749.0 1097.0 1764.0 1097.0 1764.0 1119.0 1749.0 1119.0 small-vehicle 1
1714.0 1089.0 1735.0 1089.0 1735.0 1106.0 1714.0 1106.0 small-vehicle 1
1757.0 1093.0 1773.0 1093.0 1773.0 1113.0 1757.0 1113.0 small-vehicle 1
1765.0 1087.0 1783.0 1087.0 1783.0 1106.0 1765.0 1106.0 small-vehicle 1
1772.0 1081.0 1788.0 1081.0 1788.0 1104.0 1772.0 1104.0 small-vehicle 1
1745.0 1147.0 1767.0 1147.0 1767.0 1172.0 1745.0 1172.0 small-vehicle 1
1752.0 1276.0 1779.0 1276.0 1779.0 1300.0 1752.0 1300.0 small-vehicle 1
1750.0 1299.0 1777.0 1299.0 1777.0 1316.0 1750.0 1316.0 small-vehicle 1
1568.0 1185.0 1591.0 1185.0 1591.0 1201.0 1568.0 1201.0 small-vehicle 1
1570.0 1195.0 1593.0 1195.0 1593.0 1210.0 1570.0 1210.0 small-vehicle 1
1577.0 1215.0 1596.0 1215.0 1596.0 1228.0 1577.0 1228.0 small-vehicle 1
1586.0 1251.0 1609.0 1251.0 1609.0 1268.0 1586.0 1268.0 small-vehicle 1
1721.0 1064.0 1739.0 1064.0 1739.0 1083.0 1721.0 1083.0 small-vehicle 1
1714.0 1066.0 1730.0 1066.0 1730.0 1088.0 1714.0 1088.0 small-vehicle 1
1704.0 1071.0 1724.0 1071.0 1724.0 1094.0 1704.0 1094.0 small-vehicle 1
1637.0 1111.0 1653.0 1111.0 1653.0 1133.0 1637.0 1133.0 small-vehicle 1
1718.0 1012.0 1733.0 1012.0 1733.0 1034.0 1718.0 1034.0 small-vehicle 1
1708.0 1016.0 1724.0 1016.0 1724.0 1037.0 1708.0 1037.0 small-vehicle 1
1700.0 1020.0 1715.0 1020.0 1715.0 1042.0 1700.0 1042.0 small-vehicle 1
1689.0 1025.0 1706.0 1025.0 1706.0 1046.0 1689.0 1046.0 small-vehicle 1
1628.0 1087.0 1643.0 1087.0 1643.0 1109.0 1628.0 1109.0 small-vehicle 1
1629.0 1104.0 1646.0 1104.0 1646.0 1123.0 1629.0 1123.0 small-vehicle 1
1655.0 1145.0 1672.0 1145.0 1672.0 1165.0 1655.0 1165.0 small-vehicle 1
1566.0 1177.0 1588.0 1177.0 1588.0 1189.0 1566.0 1189.0 small-vehicle 1
1659.0 1152.0 1678.0 1152.0 1678.0 1178.0 1659.0 1178.0 small-vehicle 1
1688.0 1152.0 1711.0 1152.0 1711.0 1173.0 1688.0 1173.0 small-vehicle 1
1556.0 1137.0 1576.0 1137.0 1576.0 1151.0 1556.0 1151.0 small-vehicle 1
1561.0 1148.0 1579.0 1148.0 1579.0 1160.0 1561.0 1160.0 small-vehicle 1
1563.0 1158.0 1582.0 1158.0 1582.0 1171.0 1563.0 1171.0 small-vehicle 1
1564.0 1168.0 1585.0 1168.0 1585.0 1180.0 1564.0 1180.0 small-vehicle 1
1615.0 1366.0 1640.0 1366.0 1640.0 1380.0 1615.0 1380.0 small-vehicle 1
1619.0 1378.0 1639.0 1378.0 1639.0 1389.0 1619.0 1389.0 small-vehicle 1
1610.0 1165.0 1627.0 1165.0 1627.0 1175.0 1610.0 1175.0 small-vehicle 1
1035.0 1737.0 1052.0 1737.0 1052.0 1749.0 1035.0 1749.0 small-vehicle 1
1388.0 1787.0 1409.0 1787.0 1409.0 1799.0 1388.0 1799.0 small-vehicle 1
1330.0 1735.0 1346.0 1735.0 1346.0 1754.0 1330.0 1754.0 small-vehicle 1
1307.0 1754.0 1326.0 1754.0 1326.0 1771.0 1307.0 1771.0 small-vehicle 1
1187.0 1834.0 1209.0 1834.0 1209.0 1849.0 1187.0 1849.0 small-vehicle 1
1083.0 1841.0 1097.0 1841.0 1097.0 1862.0 1083.0 1862.0 small-vehicle 1
1082.0 1735.0 1103.0 1735.0 1103.0 1749.0 1082.0 1749.0 small-vehicle 1
1036.0 1748.0 1056.0 1748.0 1056.0 1759.0 1036.0 1759.0 small-vehicle 1
1381.0 1758.0 1400.0 1758.0 1400.0 1768.0 1381.0 1768.0 small-vehicle 1
1042.0 1775.0 1067.0 1775.0 1067.0 1788.0 1042.0 1788.0 small-vehicle 1
1022.0 1780.0 1043.0 1780.0 1043.0 1796.0 1022.0 1796.0 small-vehicle 1
1016.0 1751.0 1038.0 1751.0 1038.0 1763.0 1016.0 1763.0 small-vehicle 1
1015.0 1761.0 1035.0 1761.0 1035.0 1773.0 1015.0 1773.0 small-vehicle 1
970.0 1763.0 990.0 1763.0 990.0 1777.0 970.0 1777.0 small-vehicle 1
979.0 1795.0 997.0 1795.0 997.0 1806.0 979.0 1806.0 small-vehicle 1
1385.0 1775.0 1407.0 1775.0 1407.0 1788.0 1385.0 1788.0 small-vehicle 1
1376.0 1736.0 1395.0 1736.0 1395.0 1749.0 1376.0 1749.0 small-vehicle 1
1610.0 1175.0 1629.0 1175.0 1629.0 1189.0 1610.0 1189.0 small-vehicle 1
1632.0 1257.0 1650.0 1257.0 1650.0 1270.0 1632.0 1270.0 small-vehicle 1
1629.0 1177.0 1652.0 1177.0 1652.0 1196.0 1629.0 1196.0 small-vehicle 1
1612.0 1186.0 1634.0 1186.0 1634.0 1201.0 1612.0 1201.0 small-vehicle 1
1620.0 1208.0 1642.0 1208.0 1642.0 1226.0 1620.0 1226.0 small-vehicle 1
1642.0 1228.0 1661.0 1228.0 1661.0 1244.0 1642.0 1244.0 small-vehicle 1
1631.0 1242.0 1651.0 1242.0 1651.0 1253.0 1631.0 1253.0 small-vehicle 1
1647.0 1252.0 1671.0 1252.0 1671.0 1268.0 1647.0 1268.0 small-vehicle 1
1633.0 1268.0 1653.0 1268.0 1653.0 1284.0 1633.0 1284.0 small-vehicle 1
1642.0 1468.0 1663.0 1468.0 1663.0 1490.0 1642.0 1490.0 small-vehicle 1
1652.0 1277.0 1671.0 1277.0 1671.0 1292.0 1652.0 1292.0 small-vehicle 1
1640.0 1293.0 1658.0 1293.0 1658.0 1305.0 1640.0 1305.0 small-vehicle 1
1644.0 1306.0 1662.0 1306.0 1662.0 1322.0 1644.0 1322.0 small-vehicle 1
1662.0 1298.0 1684.0 1298.0 1684.0 1315.0 1662.0 1315.0 small-vehicle 1
1649.0 1327.0 1666.0 1327.0 1666.0 1340.0 1649.0 1340.0 small-vehicle 1
1626.0 1404.0 1651.0 1404.0 1651.0 1419.0 1626.0 1419.0 small-vehicle 1
1726.0 1008.0 1743.0 1008.0 1743.0 1028.0 1726.0 1028.0 small-vehicle 1
1734.0 1004.0 1751.0 1004.0 1751.0 1025.0 1734.0 1025.0 small-vehicle 1
1744.0 999.0 1759.0 999.0 1759.0 1019.0 1744.0 1019.0 small-vehicle 1
1761.0 890.0 1783.0 890.0 1783.0 910.0 1761.0 910.0 small-vehicle 1
1664.0 859.0 1686.0 859.0 1686.0 877.0 1664.0 877.0 small-vehicle 1
1647.0 878.0 1663.0 878.0 1663.0 898.0 1647.0 898.0 small-vehicle 1
1685.0 863.0 1705.0 863.0 1705.0 878.0 1685.0 878.0 small-vehicle 1
1681.0 841.0 1703.0 841.0 1703.0 858.0 1681.0 858.0 small-vehicle 1
1675.0 833.0 1695.0 833.0 1695.0 851.0 1675.0 851.0 small-vehicle 1
1685.0 852.0 1705.0 852.0 1705.0 868.0 1685.0 868.0 small-vehicle 1
1745.0 862.0 1769.0 862.0 1769.0 880.0 1745.0 880.0 small-vehicle 1
1670.0 823.0 1694.0 823.0 1694.0 841.0 1670.0 841.0 small-vehicle 1
1742.0 853.0 1764.0 853.0 1764.0 872.0 1742.0 872.0 small-vehicle 1
1731.0 833.0 1754.0 833.0 1754.0 853.0 1731.0 853.0 small-vehicle 1
1727.0 826.0 1750.0 826.0 1750.0 844.0 1727.0 844.0 small-vehicle 1
1724.0 818.0 1742.0 818.0 1742.0 834.0 1724.0 834.0 small-vehicle 1
1720.0 810.0 1740.0 810.0 1740.0 826.0 1720.0 826.0 small-vehicle 1
1715.0 798.0 1736.0 798.0 1736.0 817.0 1715.0 817.0 small-vehicle 1
1646.0 823.0 1667.0 823.0 1667.0 841.0 1646.0 841.0 small-vehicle 1
1660.0 806.0 1681.0 806.0 1681.0 823.0 1660.0 823.0 small-vehicle 1
1704.0 782.0 1729.0 782.0 1729.0 800.0 1704.0 800.0 small-vehicle 1
1674.0 608.0 1692.0 608.0 1692.0 630.0 1674.0 630.0 small-vehicle 1
1605.0 645.0 1622.0 645.0 1622.0 668.0 1605.0 668.0 small-vehicle 1
1621.0 637.0 1637.0 637.0 1637.0 657.0 1621.0 657.0 small-vehicle 1
1633.0 636.0 1647.0 636.0 1647.0 652.0 1633.0 652.0 small-vehicle 1
1641.0 625.0 1659.0 625.0 1659.0 648.0 1641.0 648.0 small-vehicle 1
1654.0 616.0 1672.0 616.0 1672.0 638.0 1654.0 638.0 small-vehicle 1
1664.0 612.0 1682.0 612.0 1682.0 633.0 1664.0 633.0 small-vehicle 1
1684.0 606.0 1699.0 606.0 1699.0 625.0 1684.0 625.0 small-vehicle 1
1654.0 792.0 1673.0 792.0 1673.0 808.0 1654.0 808.0 small-vehicle 1
1692.0 599.0 1708.0 599.0 1708.0 620.0 1692.0 620.0 small-vehicle 1
1631.0 684.0 1650.0 684.0 1650.0 709.0 1631.0 709.0 small-vehicle 1
1642.0 679.0 1657.0 679.0 1657.0 701.0 1642.0 701.0 small-vehicle 1
1660.0 672.0 1680.0 672.0 1680.0 695.0 1660.0 695.0 small-vehicle 1
1627.0 792.0 1651.0 792.0 1651.0 809.0 1627.0 809.0 small-vehicle 1
1648.0 782.0 1668.0 782.0 1668.0 799.0 1648.0 799.0 small-vehicle 1
1710.0 789.0 1729.0 789.0 1729.0 808.0 1710.0 808.0 small-vehicle 1
1697.0 768.0 1718.0 768.0 1718.0 785.0 1697.0 785.0 small-vehicle 1
1750.0 990.0 1772.0 990.0 1772.0 1007.0 1750.0 1007.0 small-vehicle 1
1668.0 1107.0 1691.0 1107.0 1691.0 1123.0 1668.0 1123.0 small-vehicle 1
1703.0 938.0 1720.0 938.0 1720.0 958.0 1703.0 958.0 small-vehicle 1
1712.0 934.0 1725.0 934.0 1725.0 952.0 1712.0 952.0 small-vehicle 1
1646.0 1063.0 1668.0 1063.0 1668.0 1080.0 1646.0 1080.0 small-vehicle 1
1657.0 1079.0 1676.0 1079.0 1676.0 1096.0 1657.0 1096.0 small-vehicle 1
1661.0 1090.0 1682.0 1090.0 1682.0 1106.0 1661.0 1106.0 small-vehicle 1
1665.0 1100.0 1685.0 1100.0 1685.0 1115.0 1665.0 1115.0 small-vehicle 1
1690.0 998.0 1707.0 998.0 1707.0 1021.0 1690.0 1021.0 small-vehicle 1
1689.0 946.0 1704.0 946.0 1704.0 964.0 1689.0 964.0 small-vehicle 1
1697.0 992.0 1714.0 992.0 1714.0 1016.0 1697.0 1016.0 small-vehicle 1
1707.0 989.0 1723.0 989.0 1723.0 1014.0 1707.0 1014.0 small-vehicle 1
1713.0 985.0 1732.0 985.0 1732.0 1011.0 1713.0 1011.0 small-vehicle 1
1728.0 977.0 1747.0 977.0 1747.0 1003.0 1728.0 1003.0 small-vehicle 1
1741.0 969.0 1762.0 969.0 1762.0 987.0 1741.0 987.0 small-vehicle 1
1744.0 978.0 1767.0 978.0 1767.0 996.0 1744.0 996.0 small-vehicle 1
1695.0 940.0 1709.0 940.0 1709.0 960.0 1695.0 960.0 small-vehicle 1
1679.0 948.0 1694.0 948.0 1694.0 968.0 1679.0 968.0 small-vehicle 1
1693.0 761.0 1711.0 761.0 1711.0 776.0 1693.0 776.0 small-vehicle 1
1673.0 926.0 1691.0 926.0 1691.0 948.0 1673.0 948.0 small-vehicle 1
1688.0 751.0 1706.0 751.0 1706.0 768.0 1688.0 768.0 small-vehicle 1
1685.0 739.0 1705.0 739.0 1705.0 757.0 1685.0 757.0 small-vehicle 1
1630.0 947.0 1646.0 947.0 1646.0 966.0 1630.0 966.0 small-vehicle 1
1621.0 952.0 1638.0 952.0 1638.0 972.0 1621.0 972.0 small-vehicle 1
1646.0 937.0 1663.0 937.0 1663.0 959.0 1646.0 959.0 small-vehicle 1
1667.0 931.0 1682.0 931.0 1682.0 952.0 1667.0 952.0 small-vehicle 1
1682.0 918.0 1700.0 918.0 1700.0 941.0 1682.0 941.0 small-vehicle 1
1663.0 958.0 1682.0 958.0 1682.0 978.0 1663.0 978.0 small-vehicle 1
1693.0 917.0 1711.0 917.0 1711.0 937.0 1693.0 937.0 small-vehicle 1
1710.0 907.0 1728.0 907.0 1728.0 931.0 1710.0 931.0 small-vehicle 1
1722.0 904.0 1739.0 904.0 1739.0 926.0 1722.0 926.0 small-vehicle 1
1617.0 981.0 1637.0 981.0 1637.0 1004.0 1617.0 1004.0 small-vehicle 1
1636.0 972.0 1655.0 972.0 1655.0 993.0 1636.0 993.0 small-vehicle 1
1647.0 966.0 1663.0 966.0 1663.0 987.0 1647.0 987.0 small-vehicle 1
953.0 1808.0 976.0 1808.0 976.0 1822.0 953.0 1822.0 small-vehicle 1
980.0 1813.0 1001.0 1813.0 1001.0 1828.0 980.0 1828.0 small-vehicle 1
1591.0 679.0 1611.0 679.0 1611.0 695.0 1591.0 695.0 small-vehicle 1
946.0 1777.0 967.0 1777.0 967.0 1792.0 946.0 1792.0 small-vehicle 1
937.0 91.0 960.0 91.0 960.0 105.0 937.0 105.0 ship 1
907.0 106.0 924.0 106.0 924.0 119.0 907.0 119.0 ship 1
829.0 270.0 861.0 270.0 861.0 288.0 829.0 288.0 ship 1
925.0 200.0 948.0 200.0 948.0 216.0 925.0 216.0 ship 1
799.0 148.0 823.0 148.0 823.0 164.0 799.0 164.0 ship 1
834.0 106.0 853.0 106.0 853.0 121.0 834.0 121.0 ship 1
1342.0 431.0 1355.0 431.0 1355.0 450.0 1342.0 450.0 ship 1
1346.0 448.0 1361.0 448.0 1361.0 465.0 1346.0 465.0 ship 1
1351.0 463.0 1362.0 463.0 1362.0 476.0 1351.0 476.0 ship 1
1360.0 501.0 1371.0 501.0 1371.0 515.0 1360.0 515.0 ship 1
1381.0 578.0 1389.0 578.0 1389.0 591.0 1381.0 591.0 ship 1
1436.0 789.0 1446.0 789.0 1446.0 803.0 1436.0 803.0 ship 1
1429.0 776.0 1441.0 776.0 1441.0 790.0 1429.0 790.0 ship 1
1222.0 613.0 1235.0 613.0 1235.0 627.0 1222.0 627.0 ship 1
1230.0 624.0 1242.0 624.0 1242.0 633.0 1230.0 633.0 ship 1
1005.0 71.0 1022.0 71.0 1022.0 83.0 1005.0 83.0 ship 1
1043.0 173.0 1071.0 173.0 1071.0 216.0 1043.0 216.0 ship 0
878.0 570.0 938.0 570.0 938.0 601.0 878.0 601.0 ship 1
732.0 921.0 753.0 921.0 753.0 936.0 732.0 936.0 small-vehicle 1
738.0 941.0 757.0 941.0 757.0 955.0 738.0 955.0 small-vehicle 1
736.0 933.0 756.0 933.0 756.0 945.0 736.0 945.0 small-vehicle 1
660.0 930.0 681.0 930.0 681.0 942.0 660.0 942.0 small-vehicle 1
716.0 871.0 739.0 871.0 739.0 884.0 716.0 884.0 small-vehicle 1
725.0 899.0 749.0 899.0 749.0 915.0 725.0 915.0 small-vehicle 1
730.0 910.0 752.0 910.0 752.0 925.0 730.0 925.0 small-vehicle 1
477.0 1036.0 523.0 1036.0 523.0 1079.0 477.0 1079.0 swimming-pool 0
682.0 635.0 705.0 635.0 705.0 679.0 682.0 679.0 ship 1
77.0 22.0 109.0 22.0 109.0 38.0 77.0 38.0 ship 0
13.0 2.0 51.0 2.0 51.0 22.0 13.0 22.0 ship 0
982.0 1854.0 1007.0 1854.0 1007.0 1870.0 982.0 1870.0 small-vehicle 0
220.0 618.0 445.0 618.0 445.0 853.0 220.0 853.0 harbor 0
235.0 724.0 263.0 724.0 263.0 786.0 235.0 786.0 ship 0
769.0 1338.0 794.0 1338.0 794.0 1359.0 769.0 1359.0 roundabout 0
1209.0 570.0 1225.0 570.0 1225.0 592.0 1209.0 592.0 ship 1
1460.0 893.0 1473.0 893.0 1473.0 909.0 1460.0 909.0 ship 1
1472.0 939.0 1482.0 939.0 1482.0 954.0 1472.0 954.0 ship 1
257.0 207.0 270.0 207.0 270.0 224.0 257.0 224.0 ship 1
1400.0 1556.0 1418.0 1556.0 1418.0 1571.0 1400.0 1571.0 ship 1
1085.0 1028.0 1102.0 1028.0 1102.0 1051.0 1085.0 1051.0 ship 1
849.0 1086.0 865.0 1086.0 865.0 1107.0 849.0 1107.0 ship 1
809.0 998.0 826.0 998.0 826.0 1024.0 809.0 1024.0 ship 1
823.0 999.0 842.0 999.0 842.0 1026.0 823.0 1026.0 ship 1
793.0 957.0 803.0 957.0 803.0 972.0 793.0 972.0 ship 1
267.0 241.0 278.0 241.0 278.0 257.0 267.0 257.0 ship 1
1483.0 1537.0 1501.0 1537.0 1501.0 1549.0 1483.0 1549.0 ship 1
272.0 256.0 282.0 256.0 282.0 272.0 272.0 272.0 ship 1
276.0 275.0 286.0 275.0 286.0 288.0 276.0 288.0 ship 1
297.0 354.0 307.0 354.0 307.0 368.0 297.0 368.0 ship 1
314.0 423.0 325.0 423.0 325.0 436.0 314.0 436.0 ship 1
350.0 568.0 364.0 568.0 364.0 586.0 350.0 586.0 ship 1
346.0 552.0 359.0 552.0 359.0 569.0 346.0 569.0 ship 1
969.0 1632.0 985.0 1632.0 985.0 1652.0 969.0 1652.0 ship 1
933.0 1483.0 948.0 1483.0 948.0 1504.0 933.0 1504.0 ship 1
1476.0 957.0 1487.0 957.0 1487.0 971.0 1476.0 971.0 ship 1
1542.0 1219.0 1554.0 1219.0 1554.0 1236.0 1542.0 1236.0 ship 1
1480.0 973.0 1491.0 973.0 1491.0 989.0 1480.0 989.0 ship 1
1484.0 987.0 1495.0 987.0 1495.0 1000.0 1484.0 1000.0 ship 1
1488.0 1001.0 1497.0 1001.0 1497.0 1013.0 1488.0 1013.0 ship 1
1490.0 1014.0 1502.0 1014.0 1502.0 1028.0 1490.0 1028.0 ship 1
1523.0 1142.0 1535.0 1142.0 1535.0 1159.0 1523.0 1159.0 ship 1
1536.0 1192.0 1547.0 1192.0 1547.0 1208.0 1536.0 1208.0 ship 1
1540.0 1205.0 1550.0 1205.0 1550.0 1221.0 1540.0 1221.0 ship 1
952.0 1310.0 971.0 1310.0 971.0 1324.0 952.0 1324.0 ship 1
1581.0 1233.0 1599.0 1233.0 1599.0 1247.0 1581.0 1247.0 small-vehicle 1
1163.0 1447.0 1177.0 1447.0 1177.0 1459.0 1163.0 1459.0 ship 1
1563.0 1300.0 1577.0 1300.0 1577.0 1308.0 1563.0 1308.0 ship 1
1565.0 1307.0 1578.0 1307.0 1578.0 1315.0 1565.0 1315.0 ship 1
869.0 1233.0 889.0 1233.0 889.0 1261.0 869.0 1261.0 ship 1
884.0 1280.0 895.0 1280.0 895.0 1297.0 884.0 1297.0 ship 1
666.0 949.0 687.0 949.0 687.0 962.0 666.0 962.0 small-vehicle 1
671.0 971.0 694.0 971.0 694.0 986.0 671.0 986.0 small-vehicle 1
739.0 952.0 763.0 952.0 763.0 966.0 739.0 966.0 small-vehicle 1
882.0 1506.0 902.0 1506.0 902.0 1520.0 882.0 1520.0 small-vehicle 1
899.0 1564.0 918.0 1564.0 918.0 1574.0 899.0 1574.0 small-vehicle 1
894.0 1554.0 913.0 1554.0 913.0 1567.0 894.0 1567.0 small-vehicle 1
891.0 1545.0 910.0 1545.0 910.0 1558.0 891.0 1558.0 small-vehicle 1
888.0 1533.0 909.0 1533.0 909.0 1547.0 888.0 1547.0 small-vehicle 1
887.0 1526.0 907.0 1526.0 907.0 1537.0 887.0 1537.0 small-vehicle 1
883.0 1515.0 907.0 1515.0 907.0 1530.0 883.0 1530.0 small-vehicle 1
875.0 1494.0 901.0 1494.0 901.0 1511.0 875.0 1511.0 small-vehicle 1
903.0 1592.0 923.0 1592.0 923.0 1604.0 903.0 1604.0 small-vehicle 1
816.0 1262.0 836.0 1262.0 836.0 1274.0 816.0 1274.0 small-vehicle 1
721.0 1229.0 740.0 1229.0 740.0 1248.0 721.0 1248.0 small-vehicle 1
763.0 1220.0 783.0 1220.0 783.0 1233.0 763.0 1233.0 small-vehicle 1
715.0 1221.0 735.0 1221.0 735.0 1239.0 715.0 1239.0 small-vehicle 1
708.0 1209.0 729.0 1209.0 729.0 1228.0 708.0 1228.0 small-vehicle 1
755.0 1185.0 781.0 1185.0 781.0 1204.0 755.0 1204.0 small-vehicle 1
900.0 1573.0 920.0 1573.0 920.0 1584.0 900.0 1584.0 small-vehicle 1
905.0 1602.0 925.0 1602.0 925.0 1615.0 905.0 1615.0 small-vehicle 1
655.0 1194.0 682.0 1194.0 682.0 1211.0 655.0 1211.0 small-vehicle 1
868.0 1752.0 886.0 1752.0 886.0 1777.0 868.0 1777.0 small-vehicle 1
968.0 1751.0 989.0 1751.0 989.0 1764.0 968.0 1764.0 small-vehicle 1
944.0 1758.0 963.0 1758.0 963.0 1770.0 944.0 1770.0 small-vehicle 1
945.0 1768.0 967.0 1768.0 967.0 1780.0 945.0 1780.0 small-vehicle 1
861.0 1702.0 880.0 1702.0 880.0 1725.0 861.0 1725.0 small-vehicle 1
850.0 1708.0 870.0 1708.0 870.0 1731.0 850.0 1731.0 small-vehicle 1
859.0 1757.0 878.0 1757.0 878.0 1782.0 859.0 1782.0 small-vehicle 1
878.0 1748.0 895.0 1748.0 895.0 1771.0 878.0 1771.0 small-vehicle 1
906.0 1613.0 927.0 1613.0 927.0 1625.0 906.0 1625.0 small-vehicle 1
886.0 1745.0 904.0 1745.0 904.0 1764.0 886.0 1764.0 small-vehicle 1
835.0 1717.0 854.0 1717.0 854.0 1739.0 835.0 1739.0 small-vehicle 1
920.0 1663.0 941.0 1663.0 941.0 1675.0 920.0 1675.0 small-vehicle 1
918.0 1651.0 937.0 1651.0 937.0 1665.0 918.0 1665.0 small-vehicle 1
915.0 1642.0 937.0 1642.0 937.0 1655.0 915.0 1655.0 small-vehicle 1
906.0 1621.0 931.0 1621.0 931.0 1635.0 906.0 1635.0 small-vehicle 1
792.0 1157.0 812.0 1157.0 812.0 1171.0 792.0 1171.0 small-vehicle 1
746.0 1146.0 769.0 1146.0 769.0 1162.0 746.0 1162.0 small-vehicle 1
745.0 970.0 766.0 970.0 766.0 985.0 745.0 985.0 small-vehicle 1
626.0 1066.0 647.0 1066.0 647.0 1080.0 626.0 1080.0 small-vehicle 1
677.0 1066.0 699.0 1066.0 699.0 1080.0 677.0 1080.0 small-vehicle 1
688.0 1034.0 710.0 1034.0 710.0 1046.0 688.0 1046.0 small-vehicle 1
685.0 1023.0 708.0 1023.0 708.0 1036.0 685.0 1036.0 small-vehicle 1
665.0 1028.0 684.0 1028.0 684.0 1042.0 665.0 1042.0 small-vehicle 1
631.0 1088.0 652.0 1088.0 652.0 1102.0 631.0 1102.0 small-vehicle 1
630.0 1076.0 650.0 1076.0 650.0 1090.0 630.0 1090.0 small-vehicle 1
606.0 1083.0 629.0 1083.0 629.0 1096.0 606.0 1096.0 small-vehicle 1
725.0 1063.0 747.0 1063.0 747.0 1079.0 725.0 1079.0 small-vehicle 1
607.0 1094.0 628.0 1094.0 628.0 1107.0 607.0 1107.0 small-vehicle 1
612.0 1112.0 632.0 1112.0 632.0 1127.0 612.0 1127.0 small-vehicle 1
758.0 1026.0 779.0 1026.0 779.0 1040.0 758.0 1040.0 small-vehicle 1
755.0 1016.0 776.0 1016.0 776.0 1029.0 755.0 1029.0 small-vehicle 1
751.0 991.0 773.0 991.0 773.0 1004.0 751.0 1004.0 small-vehicle 1
747.0 979.0 767.0 979.0 767.0 994.0 747.0 994.0 small-vehicle 1
679.0 1078.0 700.0 1078.0 700.0 1089.0 679.0 1089.0 small-vehicle 1
695.0 1053.0 714.0 1053.0 714.0 1066.0 695.0 1066.0 small-vehicle 1
781.0 1119.0 801.0 1119.0 801.0 1131.0 781.0 1131.0 small-vehicle 1
707.0 1100.0 727.0 1100.0 727.0 1115.0 707.0 1115.0 small-vehicle 1
740.0 1126.0 761.0 1126.0 761.0 1142.0 740.0 1142.0 small-vehicle 1
719.0 1151.0 739.0 1151.0 739.0 1163.0 719.0 1163.0 small-vehicle 1
715.0 1130.0 734.0 1130.0 734.0 1144.0 715.0 1144.0 small-vehicle 1
711.0 1120.0 732.0 1120.0 732.0 1134.0 711.0 1134.0 small-vehicle 1
689.0 1136.0 709.0 1136.0 709.0 1149.0 689.0 1149.0 small-vehicle 1
710.0 1112.0 728.0 1112.0 728.0 1125.0 710.0 1125.0 small-vehicle 1
735.0 1102.0 758.0 1102.0 758.0 1119.0 735.0 1119.0 small-vehicle 1
699.0 1065.0 716.0 1065.0 716.0 1074.0 699.0 1074.0 small-vehicle 1
730.0 1086.0 753.0 1086.0 753.0 1101.0 730.0 1101.0 small-vehicle 1
769.0 1068.0 788.0 1068.0 788.0 1079.0 769.0 1079.0 small-vehicle 1
687.0 1106.0 706.0 1106.0 706.0 1118.0 687.0 1118.0 small-vehicle 1
695.0 1084.0 718.0 1084.0 718.0 1098.0 695.0 1098.0 small-vehicle 1
683.0 1095.0 702.0 1095.0 702.0 1108.0 683.0 1108.0 small-vehicle 1
698.0 1073.0 717.0 1073.0 717.0 1086.0 698.0 1086.0 small-vehicle 1
1594.0 653.0 1609.0 653.0 1609.0 673.0 1594.0 673.0 small-vehicle 1
1572.0 663.0 1589.0 663.0 1589.0 684.0 1572.0 684.0 small-vehicle 1
1350.0 818.0 1370.0 818.0 1370.0 854.0 1350.0 854.0 ship 0
1316.0 1102.0 1337.0 1102.0 1337.0 1143.0 1316.0 1143.0 ship 0
1299.0 1242.0 1324.0 1242.0 1324.0 1289.0 1299.0 1289.0 ship 0
1320.0 1237.0 1345.0 1237.0 1345.0 1280.0 1320.0 1280.0 ship 0
1339.0 1234.0 1363.0 1234.0 1363.0 1278.0 1339.0 1278.0 ship 0
1360.0 1228.0 1382.0 1228.0 1382.0 1273.0 1360.0 1273.0 ship 0
1379.0 1224.0 1400.0 1224.0 1400.0 1264.0 1379.0 1264.0 ship 0
1398.0 1220.0 1418.0 1220.0 1418.0 1260.0 1398.0 1260.0 ship 0
1418.0 1213.0 1441.0 1213.0 1441.0 1254.0 1418.0 1254.0 ship 0
1268.0 1207.0 1286.0 1207.0 1286.0 1239.0 1268.0 1239.0 ship 0
1284.0 1201.0 1306.0 1201.0 1306.0 1238.0 1284.0 1238.0 ship 0
1304.0 1196.0 1326.0 1196.0 1326.0 1235.0 1304.0 1235.0 ship 0
1321.0 1192.0 1343.0 1192.0 1343.0 1229.0 1321.0 1229.0 ship 0
1339.0 1185.0 1363.0 1185.0 1363.0 1226.0 1339.0 1226.0 ship 0
1358.0 1185.0 1377.0 1185.0 1377.0 1216.0 1358.0 1216.0 ship 0
1374.0 1179.0 1394.0 1179.0 1394.0 1212.0 1374.0 1212.0 ship 0
1392.0 1172.0 1413.0 1172.0 1413.0 1210.0 1392.0 1210.0 ship 0
1281.0 1247.0 1305.0 1247.0 1305.0 1290.0 1281.0 1290.0 ship 0
1247.0 1216.0 1283.0 1216.0 1283.0 1290.0 1247.0 1290.0 ship 0
1388.0 1332.0 1407.0 1332.0 1407.0 1372.0 1388.0 1372.0 ship 0
1406.0 1327.0 1428.0 1327.0 1428.0 1369.0 1406.0 1369.0 ship 0
1522.0 1295.0 1546.0 1295.0 1546.0 1338.0 1522.0 1338.0 ship 0
1504.0 1300.0 1528.0 1300.0 1528.0 1343.0 1504.0 1343.0 ship 0
1484.0 1306.0 1507.0 1306.0 1507.0 1349.0 1484.0 1349.0 ship 0
1463.0 1318.0 1475.0 1318.0 1475.0 1336.0 1463.0 1336.0 ship 0
1442.0 1313.0 1468.0 1313.0 1468.0 1357.0 1442.0 1357.0 ship 0
1426.0 1322.0 1449.0 1322.0 1449.0 1364.0 1426.0 1364.0 ship 0
1383.0 1386.0 1411.0 1386.0 1411.0 1435.0 1383.0 1435.0 ship 0
1364.0 1332.0 1389.0 1332.0 1389.0 1377.0 1364.0 1377.0 ship 0
1361.0 1389.0 1387.0 1389.0 1387.0 1438.0 1361.0 1438.0 ship 0
1339.0 1396.0 1365.0 1396.0 1365.0 1440.0 1339.0 1440.0 ship 0
1283.0 1361.0 1318.0 1361.0 1318.0 1429.0 1283.0 1429.0 ship 0
1305.0 1352.0 1330.0 1352.0 1330.0 1393.0 1305.0 1393.0 ship 0
1325.0 1341.0 1350.0 1341.0 1350.0 1387.0 1325.0 1387.0 ship 0
1343.0 1335.0 1368.0 1335.0 1368.0 1380.0 1343.0 1380.0 ship 0
1409.0 1170.0 1429.0 1170.0 1429.0 1206.0 1409.0 1206.0 ship 0
1423.0 1165.0 1447.0 1165.0 1447.0 1204.0 1423.0 1204.0 ship 0
1442.0 1164.0 1462.0 1164.0 1462.0 1198.0 1442.0 1198.0 ship 0
1270.0 1070.0 1292.0 1070.0 1292.0 1106.0 1270.0 1106.0 ship 0
1406.0 1038.0 1425.0 1038.0 1425.0 1070.0 1406.0 1070.0 ship 0
1355.0 1048.0 1376.0 1048.0 1376.0 1084.0 1355.0 1084.0 ship 0
1339.0 1052.0 1358.0 1052.0 1358.0 1088.0 1339.0 1088.0 ship 0
1322.0 1057.0 1342.0 1057.0 1342.0 1092.0 1322.0 1092.0 ship 0
1305.0 1061.0 1325.0 1061.0 1325.0 1097.0 1305.0 1097.0 ship 0
1288.0 1065.0 1309.0 1065.0 1309.0 1102.0 1288.0 1102.0 ship 0
1254.0 1074.0 1274.0 1074.0 1274.0 1110.0 1254.0 1110.0 ship 0
1371.0 1040.0 1393.0 1040.0 1393.0 1080.0 1371.0 1080.0 ship 0
1236.0 1078.0 1256.0 1078.0 1256.0 1114.0 1236.0 1114.0 ship 0
1219.0 1080.0 1239.0 1080.0 1239.0 1118.0 1219.0 1118.0 ship 0
1228.0 1121.0 1249.0 1121.0 1249.0 1163.0 1228.0 1163.0 ship 0
1246.0 1120.0 1266.0 1120.0 1266.0 1156.0 1246.0 1156.0 ship 0
1265.0 1115.0 1285.0 1115.0 1285.0 1154.0 1265.0 1154.0 ship 0
1281.0 1110.0 1302.0 1110.0 1302.0 1147.0 1281.0 1147.0 ship 0
1391.0 1040.0 1411.0 1040.0 1411.0 1074.0 1391.0 1074.0 ship 0
1367.0 1089.0 1387.0 1089.0 1387.0 1128.0 1367.0 1128.0 ship 0
1460.0 1165.0 1478.0 1165.0 1478.0 1194.0 1460.0 1194.0 ship 0
1457.0 1205.0 1481.0 1205.0 1481.0 1248.0 1457.0 1248.0 ship 0
1476.0 1155.0 1496.0 1155.0 1496.0 1190.0 1476.0 1190.0 ship 0
1493.0 1151.0 1514.0 1151.0 1514.0 1186.0 1493.0 1186.0 ship 0
1508.0 1141.0 1531.0 1141.0 1531.0 1182.0 1508.0 1182.0 ship 0
1517.0 1191.0 1540.0 1191.0 1540.0 1232.0 1517.0 1232.0 ship 0
1497.0 1194.0 1520.0 1194.0 1520.0 1237.0 1497.0 1237.0 ship 0
1477.0 1201.0 1500.0 1201.0 1500.0 1241.0 1477.0 1241.0 ship 0
1438.0 1208.0 1462.0 1208.0 1462.0 1253.0 1438.0 1253.0 ship 0
1384.0 1085.0 1403.0 1085.0 1403.0 1120.0 1384.0 1120.0 ship 0
1486.0 1057.0 1509.0 1057.0 1509.0 1100.0 1486.0 1100.0 ship 0
1468.0 1063.0 1490.0 1063.0 1490.0 1103.0 1468.0 1103.0 ship 0
1451.0 1067.0 1471.0 1067.0 1471.0 1102.0 1451.0 1102.0 ship 0
1434.0 1071.0 1455.0 1071.0 1455.0 1110.0 1434.0 1110.0 ship 0
1417.0 1077.0 1438.0 1077.0 1438.0 1114.0 1417.0 1114.0 ship 0
1401.0 1080.0 1421.0 1080.0 1421.0 1119.0 1401.0 1119.0 ship 0
1404.0 1378.0 1432.0 1378.0 1432.0 1428.0 1404.0 1428.0 ship 0
1426.0 1373.0 1451.0 1373.0 1451.0 1422.0 1426.0 1422.0 ship 0
1447.0 1366.0 1473.0 1366.0 1473.0 1416.0 1447.0 1416.0 ship 0
1248.0 982.0 1270.0 982.0 1270.0 1021.0 1248.0 1021.0 ship 0
1234.0 937.0 1260.0 937.0 1260.0 978.0 1234.0 978.0 ship 0
1253.0 933.0 1277.0 933.0 1277.0 972.0 1253.0 972.0 ship 0
1272.0 933.0 1294.0 933.0 1294.0 969.0 1272.0 969.0 ship 0
1183.0 972.0 1220.0 972.0 1220.0 1032.0 1183.0 1032.0 ship 0
1213.0 990.0 1236.0 990.0 1236.0 1030.0 1213.0 1030.0 ship 0
1230.0 985.0 1253.0 985.0 1253.0 1024.0 1230.0 1024.0 ship 0
1264.0 978.0 1286.0 978.0 1286.0 1016.0 1264.0 1016.0 ship 0
1201.0 949.0 1224.0 949.0 1224.0 987.0 1201.0 987.0 ship 0
1283.0 974.0 1303.0 974.0 1303.0 1011.0 1283.0 1011.0 ship 0
1298.0 968.0 1321.0 968.0 1321.0 1009.0 1298.0 1009.0 ship 0
1316.0 965.0 1337.0 965.0 1337.0 1003.0 1316.0 1003.0 ship 0
1333.0 962.0 1356.0 962.0 1356.0 1001.0 1333.0 1001.0 ship 0
1351.0 958.0 1372.0 958.0 1372.0 998.0 1351.0 998.0 ship 0
1325.0 920.0 1344.0 920.0 1344.0 954.0 1325.0 954.0 ship 0
1218.0 942.0 1241.0 942.0 1241.0 982.0 1218.0 982.0 ship 0
1203.0 809.0 1227.0 809.0 1227.0 850.0 1203.0 850.0 ship 0
1340.0 915.0 1359.0 915.0 1359.0 952.0 1340.0 952.0 ship 0
1256.0 796.0 1276.0 796.0 1276.0 833.0 1256.0 833.0 ship 0
1334.0 823.0 1353.0 823.0 1353.0 859.0 1334.0 859.0 ship 0
1316.0 825.0 1338.0 825.0 1338.0 866.0 1316.0 866.0 ship 0
1299.0 830.0 1320.0 830.0 1320.0 867.0 1299.0 867.0 ship 0
1283.0 836.0 1304.0 836.0 1304.0 872.0 1283.0 872.0 ship 0
1267.0 841.0 1287.0 841.0 1287.0 875.0 1267.0 875.0 ship 0
1248.0 844.0 1270.0 844.0 1270.0 880.0 1248.0 880.0 ship 0
1220.0 804.0 1244.0 804.0 1244.0 844.0 1220.0 844.0 ship 0
1186.0 818.0 1205.0 818.0 1205.0 852.0 1186.0 852.0 ship 0
1232.0 848.0 1254.0 848.0 1254.0 889.0 1232.0 889.0 ship 0
1216.0 853.0 1237.0 853.0 1237.0 891.0 1216.0 891.0 ship 0
1197.0 855.0 1220.0 855.0 1220.0 896.0 1197.0 896.0 ship 0
1181.0 860.0 1202.0 860.0 1202.0 898.0 1181.0 898.0 ship 0
1151.0 840.0 1181.0 840.0 1181.0 894.0 1151.0 894.0 ship 0
1167.0 817.0 1190.0 817.0 1190.0 856.0 1167.0 856.0 ship 0
1304.0 920.0 1328.0 920.0 1328.0 961.0 1304.0 961.0 ship 0
1357.0 915.0 1377.0 915.0 1377.0 949.0 1357.0 949.0 ship 0
1467.0 1360.0 1496.0 1360.0 1496.0 1414.0 1467.0 1414.0 ship 0
1504.0 1478.0 1530.0 1478.0 1530.0 1526.0 1504.0 1526.0 ship 0
1379.0 1509.0 1405.0 1509.0 1405.0 1556.0 1379.0 1556.0 ship 0
1399.0 1503.0 1425.0 1503.0 1425.0 1551.0 1399.0 1551.0 ship 0
1420.0 1499.0 1446.0 1499.0 1446.0 1546.0 1420.0 1546.0 ship 0
1440.0 1490.0 1465.0 1490.0 1465.0 1539.0 1440.0 1539.0 ship 0
1460.0 1487.0 1487.0 1487.0 1487.0 1536.0 1460.0 1536.0 ship 0
1480.0 1480.0 1509.0 1480.0 1509.0 1532.0 1480.0 1532.0 ship 0
1524.0 1472.0 1550.0 1472.0 1550.0 1521.0 1524.0 1521.0 ship 0
1378.0 1564.0 1396.0 1564.0 1396.0 1574.0 1378.0 1574.0 ship 0
1564.0 1465.0 1589.0 1465.0 1589.0 1510.0 1564.0 1510.0 ship 0
1583.0 1458.0 1609.0 1458.0 1609.0 1505.0 1583.0 1505.0 ship 0
1554.0 1343.0 1579.0 1343.0 1579.0 1390.0 1554.0 1390.0 ship 0
1531.0 1343.0 1559.0 1343.0 1559.0 1396.0 1531.0 1396.0 ship 0
1510.0 1350.0 1538.0 1350.0 1538.0 1400.0 1510.0 1400.0 ship 0
1489.0 1356.0 1516.0 1356.0 1516.0 1406.0 1489.0 1406.0 ship 0
1358.0 1514.0 1384.0 1514.0 1384.0 1563.0 1358.0 1563.0 ship 0
1348.0 1572.0 1361.0 1572.0 1361.0 1582.0 1348.0 1582.0 ship 1
977.0 1590.0 1011.0 1590.0 1011.0 1648.0 977.0 1648.0 ship 0
1128.0 1548.0 1163.0 1548.0 1163.0 1619.0 1128.0 1619.0 ship 0
1003.0 1585.0 1039.0 1585.0 1039.0 1652.0 1003.0 1652.0 ship 0
961.0 1592.0 977.0 1592.0 977.0 1620.0 961.0 1620.0 ship 0
1027.0 1574.0 1065.0 1574.0 1065.0 1645.0 1027.0 1645.0 ship 0
1056.0 1579.0 1088.0 1579.0 1088.0 1637.0 1056.0 1637.0 ship 0
1078.0 1567.0 1112.0 1567.0 1112.0 1632.0 1078.0 1632.0 ship 0
1103.0 1554.0 1136.0 1554.0 1136.0 1620.0 1103.0 1620.0 ship 0
1152.0 1538.0 1187.0 1538.0 1187.0 1605.0 1152.0 1605.0 ship 0
1361.0 1567.0 1379.0 1567.0 1379.0 1580.0 1361.0 1580.0 ship 0
1177.0 1530.0 1210.0 1530.0 1210.0 1599.0 1177.0 1599.0 ship 0
1205.0 1538.0 1237.0 1538.0 1237.0 1598.0 1205.0 1598.0 ship 0
1228.0 1523.0 1262.0 1523.0 1262.0 1588.0 1228.0 1588.0 ship 0
1254.0 1516.0 1290.0 1516.0 1290.0 1587.0 1254.0 1587.0 ship 0
1297.0 1531.0 1322.0 1531.0 1322.0 1577.0 1297.0 1577.0 ship 0
1313.0 1517.0 1343.0 1517.0 1343.0 1573.0 1313.0 1573.0 ship 0
1300.0 1106.0 1320.0 1106.0 1320.0 1145.0 1300.0 1145.0 ship 0
1334.0 1098.0 1354.0 1098.0 1354.0 1137.0 1334.0 1137.0 ship 0
1561.0 674.0 1573.0 674.0 1573.0 693.0 1561.0 693.0 small-vehicle 1
1349.0 1093.0 1371.0 1093.0 1371.0 1131.0 1349.0 1131.0 ship 0
1275.0 28.0 1288.0 28.0 1288.0 47.0 1275.0 47.0 small-vehicle 1
1291.0 19.0 1307.0 19.0 1307.0 42.0 1291.0 42.0 small-vehicle 1
1302.0 17.0 1317.0 17.0 1317.0 38.0 1302.0 38.0 small-vehicle 1
1319.0 14.0 1333.0 14.0 1333.0 35.0 1319.0 35.0 small-vehicle 1
1328.0 10.0 1342.0 10.0 1342.0 32.0 1328.0 32.0 small-vehicle 1
1249.0 8.0 1264.0 8.0 1264.0 29.0 1249.0 29.0 small-vehicle 1
1258.0 6.0 1272.0 6.0 1272.0 28.0 1258.0 28.0 small-vehicle 1
1268.0 4.0 1281.0 4.0 1281.0 24.0 1268.0 24.0 small-vehicle 1
1278.0 2.0 1291.0 2.0 1291.0 23.0 1278.0 23.0 small-vehicle 1
1287.0 0.0 1300.0 0.0 1300.0 20.0 1287.0 20.0 small-vehicle 1
1400.0 16.0 1420.0 16.0 1420.0 31.0 1400.0 31.0 small-vehicle 1
1395.0 6.0 1417.0 6.0 1417.0 22.0 1395.0 22.0 small-vehicle 1
1389.0 89.0 1409.0 89.0 1409.0 110.0 1389.0 110.0 small-vehicle 1
1351.0 105.0 1371.0 105.0 1371.0 120.0 1351.0 120.0 small-vehicle 1
1342.0 135.0 1364.0 135.0 1364.0 151.0 1342.0 151.0 small-vehicle 1
1246.0 36.0 1258.0 36.0 1258.0 55.0 1246.0 55.0 small-vehicle 1
1255.0 30.0 1271.0 30.0 1271.0 52.0 1255.0 52.0 small-vehicle 1
1399.0 43.0 1414.0 43.0 1414.0 65.0 1399.0 65.0 small-vehicle 1
1303.0 68.0 1313.0 68.0 1313.0 88.0 1303.0 88.0 small-vehicle 1
216.0 543.0 234.0 543.0 234.0 559.0 216.0 559.0 small-vehicle 1
243.0 565.0 261.0 565.0 261.0 586.0 243.0 586.0 small-vehicle 1
1241.0 78.0 1254.0 78.0 1254.0 98.0 1241.0 98.0 small-vehicle 1
1252.0 76.0 1264.0 76.0 1264.0 96.0 1252.0 96.0 small-vehicle 1
1261.0 71.0 1274.0 71.0 1274.0 92.0 1261.0 92.0 small-vehicle 1
1270.0 69.0 1283.0 69.0 1283.0 91.0 1270.0 91.0 small-vehicle 1
1285.0 73.0 1297.0 73.0 1297.0 92.0 1285.0 92.0 small-vehicle 1
1388.0 46.0 1405.0 46.0 1405.0 68.0 1388.0 68.0 small-vehicle 1
1313.0 68.0 1324.0 68.0 1324.0 84.0 1313.0 84.0 small-vehicle 1
1326.0 62.0 1340.0 62.0 1340.0 82.0 1326.0 82.0 small-vehicle 1
1337.0 60.0 1348.0 60.0 1348.0 79.0 1337.0 79.0 small-vehicle 1
1354.0 56.0 1368.0 56.0 1368.0 76.0 1354.0 76.0 small-vehicle 1
1362.0 54.0 1376.0 54.0 1376.0 73.0 1362.0 73.0 small-vehicle 1
1379.0 50.0 1394.0 50.0 1394.0 70.0 1379.0 70.0 small-vehicle 1
1366.0 165.0 1386.0 165.0 1386.0 179.0 1366.0 179.0 small-vehicle 1
1315.0 181.0 1333.0 181.0 1333.0 202.0 1315.0 202.0 small-vehicle 1
1379.0 211.0 1399.0 211.0 1399.0 227.0 1379.0 227.0 small-vehicle 1
1569.0 523.0 1588.0 523.0 1588.0 539.0 1569.0 539.0 small-vehicle 1
1584.0 404.0 1605.0 404.0 1605.0 421.0 1584.0 421.0 small-vehicle 1
1591.0 418.0 1615.0 418.0 1615.0 434.0 1591.0 434.0 small-vehicle 1
1605.0 440.0 1625.0 440.0 1625.0 458.0 1605.0 458.0 small-vehicle 1
1617.0 458.0 1638.0 458.0 1638.0 475.0 1617.0 475.0 small-vehicle 1
1563.0 466.0 1588.0 466.0 1588.0 485.0 1563.0 485.0 small-vehicle 1
1538.0 476.0 1561.0 476.0 1561.0 494.0 1538.0 494.0 small-vehicle 1
1574.0 534.0 1592.0 534.0 1592.0 547.0 1574.0 547.0 small-vehicle 1
1448.0 544.0 1475.0 544.0 1475.0 576.0 1448.0 576.0 swimming-pool 0
1650.0 525.0 1668.0 525.0 1668.0 539.0 1650.0 539.0 small-vehicle 1
1650.0 534.0 1672.0 534.0 1672.0 552.0 1650.0 552.0 small-vehicle 1
1661.0 583.0 1679.0 583.0 1679.0 607.0 1661.0 607.0 small-vehicle 1
1586.0 483.0 1614.0 483.0 1614.0 524.0 1586.0 524.0 large-vehicle 0
1735.0 500.0 1754.0 500.0 1754.0 525.0 1735.0 525.0 small-vehicle 1
1729.0 563.0 1744.0 563.0 1744.0 585.0 1729.0 585.0 small-vehicle 1
1474.0 441.0 1493.0 441.0 1493.0 458.0 1474.0 458.0 small-vehicle 1
1583.0 76.0 1606.0 76.0 1606.0 93.0 1583.0 93.0 small-vehicle 1
1366.0 226.0 1383.0 226.0 1383.0 239.0 1366.0 239.0 small-vehicle 1
1346.0 299.0 1365.0 299.0 1365.0 319.0 1346.0 319.0 small-vehicle 1
1384.0 246.0 1407.0 246.0 1407.0 260.0 1384.0 260.0 small-vehicle 1
1390.0 257.0 1410.0 257.0 1410.0 272.0 1390.0 272.0 small-vehicle 1
1332.0 251.0 1351.0 251.0 1351.0 270.0 1332.0 270.0 small-vehicle 1
1336.0 263.0 1354.0 263.0 1354.0 284.0 1336.0 284.0 small-vehicle 1
1342.0 285.0 1363.0 285.0 1363.0 307.0 1342.0 307.0 small-vehicle 1
1380.0 288.0 1399.0 288.0 1399.0 301.0 1380.0 301.0 small-vehicle 1
1350.0 309.0 1368.0 309.0 1368.0 329.0 1350.0 329.0 small-vehicle 1
1577.0 66.0 1597.0 66.0 1597.0 81.0 1577.0 81.0 small-vehicle 1
1399.0 291.0 1421.0 291.0 1421.0 309.0 1399.0 309.0 small-vehicle 1
1382.0 309.0 1402.0 309.0 1402.0 324.0 1382.0 324.0 small-vehicle 1
1475.0 309.0 1499.0 309.0 1499.0 333.0 1475.0 333.0 small-vehicle 1
1564.0 32.0 1587.0 32.0 1587.0 48.0 1564.0 48.0 small-vehicle 1
1569.0 43.0 1592.0 43.0 1592.0 61.0 1569.0 61.0 small-vehicle 1
1574.0 56.0 1596.0 56.0 1596.0 71.0 1574.0 71.0 small-vehicle 1
221.0 535.0 240.0 535.0 240.0 551.0 221.0 551.0 small-vehicle 1
244.0 491.0 264.0 491.0 264.0 506.0 244.0 506.0 small-vehicle 1
538.0 4.0 554.0 4.0 554.0 27.0 538.0 27.0 small-vehicle 1
1021.0 140.0 1046.0 140.0 1046.0 155.0 1021.0 155.0 ship 0
531.0 762.0 570.0 762.0 570.0 793.0 531.0 793.0 ship 0
936.0 67.0 953.0 67.0 953.0 78.0 936.0 78.0 ship 0
991.0 4.0 1010.0 4.0 1010.0 16.0 991.0 16.0 ship 0
1009.0 83.0 1031.0 83.0 1031.0 96.0 1009.0 96.0 ship 0
1036.0 77.0 1045.0 77.0 1045.0 92.0 1036.0 92.0 ship 0
1027.0 154.0 1045.0 154.0 1045.0 170.0 1027.0 170.0 ship 1
1113.0 166.0 1134.0 166.0 1134.0 199.0 1113.0 199.0 ship 0
398.0 236.0 412.0 236.0 412.0 256.0 398.0 256.0 ship 0
977.0 334.0 996.0 334.0 996.0 347.0 977.0 347.0 ship 0
1299.0 262.0 1313.0 262.0 1313.0 279.0 1299.0 279.0 ship 0
1304.0 278.0 1315.0 278.0 1315.0 295.0 1304.0 295.0 ship 0
1315.0 322.0 1329.0 322.0 1329.0 343.0 1315.0 343.0 ship 0
1322.0 343.0 1333.0 343.0 1333.0 356.0 1322.0 356.0 ship 1
1325.0 354.0 1336.0 354.0 1336.0 371.0 1325.0 371.0 ship 0
406.0 271.0 418.0 271.0 418.0 292.0 406.0 292.0 ship 0
162.0 1681.0 212.0 1681.0 212.0 1707.0 162.0 1707.0 ship 0
1387.0 599.0 1401.0 599.0 1401.0 625.0 1387.0 625.0 ship 0
1401.0 944.0 1420.0 944.0 1420.0 982.0 1401.0 982.0 ship 0
1366.0 950.0 1390.0 950.0 1390.0 991.0 1366.0 991.0 ship 0
1373.0 903.0 1393.0 903.0 1393.0 942.0 1373.0 942.0 ship 0
1391.0 902.0 1412.0 902.0 1412.0 938.0 1391.0 938.0 ship 0
1408.0 897.0 1430.0 897.0 1430.0 934.0 1408.0 934.0 ship 0
1424.0 891.0 1447.0 891.0 1447.0 927.0 1424.0 927.0 ship 0
1384.0 943.0 1405.0 943.0 1405.0 982.0 1384.0 982.0 ship 0
1418.0 938.0 1438.0 938.0 1438.0 974.0 1418.0 974.0 ship 0
1473.0 1019.0 1494.0 1019.0 1494.0 1054.0 1473.0 1054.0 ship 0
1436.0 934.0 1457.0 934.0 1457.0 975.0 1436.0 975.0 ship 0
1453.0 933.0 1472.0 933.0 1472.0 969.0 1453.0 969.0 ship 0
1440.0 886.0 1461.0 886.0 1461.0 922.0 1440.0 922.0 ship 0
1422.0 1028.0 1444.0 1028.0 1444.0 1066.0 1422.0 1066.0 ship 0
1439.0 1027.0 1461.0 1027.0 1461.0 1063.0 1439.0 1063.0 ship 0
1455.0 1019.0 1477.0 1019.0 1477.0 1057.0 1455.0 1057.0 ship 0
1040.0 373.0 1054.0 373.0 1054.0 393.0 1040.0 393.0 ship 0
850.0 1148.0 863.0 1148.0 863.0 1166.0 850.0 1166.0 ship 0
551.0 3.0 562.0 3.0 562.0 25.0 551.0 25.0 small-vehicle 1
440.0 83.0 455.0 83.0 455.0 104.0 440.0 104.0 small-vehicle 1
230.0 93.0 246.0 93.0 246.0 112.0 230.0 112.0 small-vehicle 1
211.0 76.0 232.0 76.0 232.0 98.0 211.0 98.0 small-vehicle 1
251.0 67.0 268.0 67.0 268.0 90.0 251.0 90.0 small-vehicle 1
266.0 61.0 283.0 61.0 283.0 85.0 266.0 85.0 small-vehicle 1
279.0 60.0 295.0 60.0 295.0 83.0 279.0 83.0 small-vehicle 1
293.0 55.0 309.0 55.0 309.0 80.0 293.0 80.0 small-vehicle 1
547.0 52.0 561.0 52.0 561.0 72.0 547.0 72.0 small-vehicle 1
297.0 117.0 319.0 117.0 319.0 135.0 297.0 135.0 small-vehicle 1
556.0 49.0 570.0 49.0 570.0 69.0 556.0 69.0 small-vehicle 1
568.0 47.0 582.0 47.0 582.0 70.0 568.0 70.0 small-vehicle 1
596.0 39.0 610.0 39.0 610.0 63.0 596.0 63.0 small-vehicle 1
625.0 33.0 639.0 33.0 639.0 56.0 625.0 56.0 small-vehicle 1
529.0 7.0 544.0 7.0 544.0 29.0 529.0 29.0 small-vehicle 1
692.0 17.0 707.0 17.0 707.0 41.0 692.0 41.0 small-vehicle 1
244.0 90.0 259.0 90.0 259.0 109.0 244.0 109.0 small-vehicle 1
271.0 125.0 292.0 125.0 292.0 142.0 271.0 142.0 small-vehicle 1
937.0 1204.0 957.0 1204.0 957.0 1217.0 937.0 1217.0 ship 0
133.0 54.0 156.0 54.0 156.0 75.0 133.0 75.0 small-vehicle 1
1017.0 1363.0 1035.0 1363.0 1035.0 1373.0 1017.0 1373.0 ship 0
912.0 1402.0 929.0 1402.0 929.0 1426.0 912.0 1426.0 ship 0
577.0 95.0 600.0 95.0 600.0 108.0 577.0 108.0 ship 0
57.0 2.0 107.0 2.0 107.0 28.0 57.0 28.0 ship 0
36.0 78.0 63.0 78.0 63.0 99.0 36.0 99.0 small-vehicle 1
121.0 59.0 143.0 59.0 143.0 78.0 121.0 78.0 small-vehicle 1
147.0 52.0 168.0 52.0 168.0 71.0 147.0 71.0 small-vehicle 1
177.0 159.0 193.0 159.0 193.0 185.0 177.0 185.0 small-vehicle 1
168.0 43.0 195.0 43.0 195.0 65.0 168.0 65.0 small-vehicle 1
310.0 8.0 334.0 8.0 334.0 26.0 310.0 26.0 small-vehicle 1
129.0 125.0 144.0 125.0 144.0 148.0 129.0 148.0 small-vehicle 1
20.0 199.0 35.0 199.0 35.0 227.0 20.0 227.0 small-vehicle 1
48.0 195.0 65.0 195.0 65.0 219.0 48.0 219.0 small-vehicle 1
102.0 185.0 130.0 185.0 130.0 202.0 102.0 202.0 small-vehicle 1
254.0 175.0 427.0 175.0 427.0 624.0 254.0 624.0 harbor 0
