imagesource:GoogleEarth
gsd:0.280692934793
1481.0 2311.0 1495.0 2311.0 1495.0 2336.0 1481.0 2336.0 small-vehicle 0
1124.0 1643.0 1143.0 1643.0 1143.0 1655.0 1124.0 1655.0 small-vehicle 0
1059.0 1656.0 1082.0 1656.0 1082.0 1671.0 1059.0 1671.0 small-vehicle 0
1033.0 1665.0 1057.0 1665.0 1057.0 1678.0 1033.0 1678.0 small-vehicle 0
1086.0 1824.0 1094.0 1824.0 1094.0 1844.0 1086.0 1844.0 small-vehicle 0
1111.0 1821.0 1124.0 1821.0 1124.0 1840.0 1111.0 1840.0 small-vehicle 0
1071.0 1811.0 1086.0 1811.0 1086.0 1833.0 1071.0 1833.0 small-vehicle 0
1185.0 1808.0 1204.0 1808.0 1204.0 1821.0 1185.0 1821.0 small-vehicle 0
1197.0 1794.0 1218.0 1794.0 1218.0 1806.0 1197.0 1806.0 small-vehicle 0
1130.0 2149.0 1153.0 2149.0 1153.0 2162.0 1130.0 2162.0 small-vehicle 0
1106.0 2172.0 1128.0 2172.0 1128.0 2180.0 1106.0 2180.0 small-vehicle 0
1056.0 2175.0 1074.0 2175.0 1074.0 2183.0 1056.0 2183.0 small-vehicle 0
1005.0 2197.0 1015.0 2197.0 1015.0 2218.0 1005.0 2218.0 small-vehicle 0
1152.0 2211.0 1173.0 2211.0 1173.0 2232.0 1152.0 2232.0 small-vehicle 0
1289.0 2316.0 1306.0 2316.0 1306.0 2337.0 1289.0 2337.0 small-vehicle 0
970.0 2351.0 979.0 2351.0 979.0 2371.0 970.0 2371.0 small-vehicle 0
1162.0 2481.0 1180.0 2481.0 1180.0 2501.0 1162.0 2501.0 small-vehicle 0
1283.0 2482.0 1296.0 2482.0 1296.0 2504.0 1283.0 2504.0 small-vehicle 0
990.0 2624.0 1000.0 2624.0 1000.0 2647.0 990.0 2647.0 small-vehicle 0
1161.0 2716.0 1171.0 2716.0 1171.0 2740.0 1161.0 2740.0 small-vehicle 0
1109.0 2774.0 1120.0 2774.0 1120.0 2797.0 1109.0 2797.0 small-vehicle 0
1163.0 2778.0 1175.0 2778.0 1175.0 2802.0 1163.0 2802.0 small-vehicle 0
1209.0 2813.0 1232.0 2813.0 1232.0 2833.0 1209.0 2833.0 small-vehicle 0
1058.0 3095.0 1071.0 3095.0 1071.0 3118.0 1058.0 3118.0 small-vehicle 0
1088.0 3097.0 1100.0 3097.0 1100.0 3120.0 1088.0 3120.0 small-vehicle 0
1038.0 3219.0 1049.0 3219.0 1049.0 3242.0 1038.0 3242.0 small-vehicle 0
1241.0 3114.0 1260.0 3114.0 1260.0 3134.0 1241.0 3134.0 small-vehicle 0
1341.0 3192.0 1353.0 3192.0 1353.0 3217.0 1341.0 3217.0 small-vehicle 0
1497.0 3343.0 1510.0 3343.0 1510.0 3364.0 1497.0 3364.0 small-vehicle 0
1521.0 3378.0 1540.0 3378.0 1540.0 3389.0 1521.0 3389.0 small-vehicle 0
1694.0 3363.0 1713.0 3363.0 1713.0 3374.0 1694.0 3374.0 small-vehicle 0
1099.0 1648.0 1120.0 1648.0 1120.0 1660.0 1099.0 1660.0 small-vehicle 0
1147.0 1632.0 1169.0 1632.0 1169.0 1648.0 1147.0 1648.0 small-vehicle 0
2097.0 1849.0 2109.0 1849.0 2109.0 1869.0 2097.0 1869.0 small-vehicle 0
1184.0 1597.0 1203.0 1597.0 1203.0 1609.0 1184.0 1609.0 small-vehicle 0
889.0 810.0 1187.0 810.0 1187.0 1072.0 889.0 1072.0 plane 0
1410.0 212.0 1744.0 212.0 1744.0 540.0 1410.0 540.0 plane 0
1386.0 754.0 1684.0 754.0 1684.0 1008.0 1386.0 1008.0 plane 0
1399.0 1005.0 1712.0 1005.0 1712.0 1271.0 1399.0 1271.0 plane 0
203.0 586.0 445.0 586.0 445.0 822.0 203.0 822.0 plane 0
624.0 1765.0 869.0 1765.0 869.0 2003.0 624.0 2003.0 plane 0
976.0 2167.0 1269.0 2167.0 1269.0 2488.0 976.0 2488.0 plane 0
311.0 2454.0 637.0 2454.0 637.0 2763.0 311.0 2763.0 plane 0
1081.0 2823.0 1343.0 2823.0 1343.0 3062.0 1081.0 3062.0 plane 0
1054.0 3105.0 1346.0 3105.0 1346.0 3415.0 1054.0 3415.0 plane 0
1555.0 3069.0 1829.0 3069.0 1829.0 3341.0 1555.0 3341.0 plane 0
1574.0 2835.0 1814.0 2835.0 1814.0 3067.0 1574.0 3067.0 plane 0
1526.0 2558.0 1835.0 2558.0 1835.0 2829.0 1526.0 2829.0 plane 0
1519.0 2319.0 1787.0 2319.0 1787.0 2557.0 1519.0 2557.0 plane 0
251.0 748.0 272.0 748.0 272.0 762.0 251.0 762.0 small-vehicle 0
267.0 767.0 289.0 767.0 289.0 777.0 267.0 777.0 small-vehicle 0
407.0 791.0 416.0 791.0 416.0 808.0 407.0 808.0 small-vehicle 0
235.0 1976.0 253.0 1976.0 253.0 2000.0 235.0 2000.0 small-vehicle 0
169.0 2890.0 183.0 2890.0 183.0 2919.0 169.0 2919.0 small-vehicle 0
176.0 3043.0 188.0 3043.0 188.0 3070.0 176.0 3070.0 small-vehicle 0
224.0 3043.0 239.0 3043.0 239.0 3069.0 224.0 3069.0 small-vehicle 0
84.0 3398.0 104.0 3398.0 104.0 3425.0 84.0 3425.0 small-vehicle 0
956.0 784.0 984.0 784.0 984.0 798.0 956.0 798.0 small-vehicle 0
886.0 1154.0 898.0 1154.0 898.0 1177.0 886.0 1177.0 small-vehicle 0
1001.0 1286.0 1012.0 1286.0 1012.0 1305.0 1001.0 1305.0 small-vehicle 0
1043.0 1284.0 1053.0 1284.0 1053.0 1307.0 1043.0 1307.0 small-vehicle 0
1087.0 1272.0 1107.0 1272.0 1107.0 1293.0 1087.0 1293.0 small-vehicle 0
1084.0 1301.0 1104.0 1301.0 1104.0 1327.0 1084.0 1327.0 small-vehicle 0
909.0 1615.0 921.0 1615.0 921.0 1638.0 909.0 1638.0 small-vehicle 0
1590.0 3299.0 1601.0 3299.0 1601.0 3317.0 1590.0 3317.0 small-vehicle 0
1407.0 3263.0 1427.0 3263.0 1427.0 3274.0 1407.0 3274.0 small-vehicle 0
1609.0 3290.0 1623.0 3290.0 1623.0 3312.0 1609.0 3312.0 small-vehicle 0
1642.0 3049.0 1662.0 3049.0 1662.0 3067.0 1642.0 3067.0 small-vehicle 0
1534.0 678.0 1555.0 678.0 1555.0 689.0 1534.0 689.0 small-vehicle 0
1684.0 641.0 1708.0 641.0 1708.0 653.0 1684.0 653.0 small-vehicle 0
1473.0 329.0 1497.0 329.0 1497.0 340.0 1473.0 340.0 small-vehicle 0
1708.0 374.0 1725.0 374.0 1725.0 398.0 1708.0 398.0 small-vehicle 0
1987.0 260.0 2000.0 260.0 2000.0 287.0 1987.0 287.0 small-vehicle 0
1922.0 1235.0 1944.0 1235.0 1944.0 1255.0 1922.0 1255.0 small-vehicle 0
1912.0 1244.0 1935.0 1244.0 1935.0 1263.0 1912.0 1263.0 small-vehicle 0
1901.0 1251.0 1927.0 1251.0 1927.0 1274.0 1901.0 1274.0 small-vehicle 0
1602.0 1301.0 1614.0 1301.0 1614.0 1325.0 1602.0 1325.0 small-vehicle 0
2093.0 1239.0 2112.0 1239.0 2112.0 1262.0 2093.0 1262.0 small-vehicle 0
2071.0 1254.0 2089.0 1254.0 2089.0 1276.0 2071.0 1276.0 small-vehicle 0
2067.0 1279.0 2078.0 1279.0 2078.0 1301.0 2067.0 1301.0 small-vehicle 0
2076.0 1297.0 2085.0 1297.0 2085.0 1318.0 2076.0 1318.0 small-vehicle 0
2060.0 1312.0 2071.0 1312.0 2071.0 1334.0 2060.0 1334.0 small-vehicle 0
2076.0 1326.0 2087.0 1326.0 2087.0 1346.0 2076.0 1346.0 small-vehicle 0
2081.0 1357.0 2095.0 1357.0 2095.0 1379.0 2081.0 1379.0 small-vehicle 0
2065.0 1354.0 2073.0 1354.0 2073.0 1374.0 2065.0 1374.0 small-vehicle 0
2083.0 1427.0 2094.0 1427.0 2094.0 1448.0 2083.0 1448.0 small-vehicle 0
2093.0 1374.0 2103.0 1374.0 2103.0 1395.0 2093.0 1395.0 small-vehicle 0
2082.0 1392.0 2093.0 1392.0 2093.0 1412.0 2082.0 1412.0 small-vehicle 0
2080.0 1472.0 2099.0 1472.0 2099.0 1492.0 2080.0 1492.0 small-vehicle 0
2090.0 1505.0 2100.0 1505.0 2100.0 1533.0 2090.0 1533.0 small-vehicle 0
2074.0 1496.0 2084.0 1496.0 2084.0 1519.0 2074.0 1519.0 small-vehicle 0
2077.0 1578.0 2087.0 1578.0 2087.0 1604.0 2077.0 1604.0 small-vehicle 0
2087.0 1585.0 2095.0 1585.0 2095.0 1604.0 2087.0 1604.0 small-vehicle 0
2096.0 1587.0 2108.0 1587.0 2108.0 1617.0 2096.0 1617.0 large-vehicle 0
2090.0 1739.0 2111.0 1739.0 2111.0 1769.0 2090.0 1769.0 large-vehicle 0
2099.0 1701.0 2109.0 1701.0 2109.0 1722.0 2099.0 1722.0 small-vehicle 0
2094.0 1791.0 2104.0 1791.0 2104.0 1811.0 2094.0 1811.0 small-vehicle 0
1530.0 709.0 1552.0 709.0 1552.0 719.0 1530.0 719.0 small-vehicle 0
1392.0 799.0 1401.0 799.0 1401.0 818.0 1392.0 818.0 small-vehicle 0
1484.0 953.0 1504.0 953.0 1504.0 973.0 1484.0 973.0 small-vehicle 0
1735.0 2090.0 1753.0 2090.0 1753.0 2101.0 1735.0 2101.0 small-vehicle 0
1697.0 2819.0 1709.0 2819.0 1709.0 2840.0 1697.0 2840.0 small-vehicle 0
1648.0 2818.0 1659.0 2818.0 1659.0 2835.0 1648.0 2835.0 small-vehicle 0
1250.0 2713.0 1273.0 2713.0 1273.0 2731.0 1250.0 2731.0 small-vehicle 0
1618.0 2511.0 1637.0 2511.0 1637.0 2530.0 1618.0 2530.0 small-vehicle 0
1637.0 2513.0 1661.0 2513.0 1661.0 2529.0 1637.0 2529.0 small-vehicle 0
1601.0 2527.0 1626.0 2527.0 1626.0 2550.0 1601.0 2550.0 small-vehicle 0
1295.0 2485.0 1303.0 2485.0 1303.0 2503.0 1295.0 2503.0 small-vehicle 0
1312.0 2489.0 1321.0 2489.0 1321.0 2508.0 1312.0 2508.0 small-vehicle 0
1497.0 2230.0 1522.0 2230.0 1522.0 2241.0 1497.0 2241.0 small-vehicle 0
1515.0 2220.0 1537.0 2220.0 1537.0 2230.0 1515.0 2230.0 small-vehicle 0
1518.0 2208.0 1540.0 2208.0 1540.0 2219.0 1518.0 2219.0 small-vehicle 0
1509.0 2174.0 1530.0 2174.0 1530.0 2183.0 1509.0 2183.0 small-vehicle 0
1707.0 2091.0 1728.0 2091.0 1728.0 2104.0 1707.0 2104.0 small-vehicle 0
1470.0 1271.0 1486.0 1271.0 1486.0 1294.0 1470.0 1294.0 small-vehicle 0
1470.0 971.0 1490.0 971.0 1490.0 989.0 1470.0 989.0 small-vehicle 0
1483.0 1281.0 1501.0 1281.0 1501.0 1304.0 1483.0 1304.0 small-vehicle 0
1495.0 1276.0 1511.0 1276.0 1511.0 1299.0 1495.0 1299.0 small-vehicle 0
1503.0 1270.0 1519.0 1270.0 1519.0 1295.0 1503.0 1295.0 small-vehicle 0
1520.0 1262.0 1542.0 1262.0 1542.0 1287.0 1520.0 1287.0 small-vehicle 0
1548.0 1247.0 1566.0 1247.0 1566.0 1269.0 1548.0 1269.0 small-vehicle 0
1575.0 1258.0 1598.0 1258.0 1598.0 1269.0 1575.0 1269.0 small-vehicle 0
1598.0 1254.0 1617.0 1254.0 1617.0 1265.0 1598.0 1265.0 small-vehicle 0
1621.0 1252.0 1644.0 1252.0 1644.0 1263.0 1621.0 1263.0 small-vehicle 0
1669.0 1249.0 1694.0 1249.0 1694.0 1261.0 1669.0 1261.0 small-vehicle 0
1372.0 1110.0 1395.0 1110.0 1395.0 1124.0 1372.0 1124.0 small-vehicle 0
1633.0 1019.0 1649.0 1019.0 1649.0 1041.0 1633.0 1041.0 small-vehicle 0
1688.0 971.0 1707.0 971.0 1707.0 991.0 1688.0 991.0 small-vehicle 0
1681.0 994.0 1690.0 994.0 1690.0 1011.0 1681.0 1011.0 small-vehicle 0
549.0 898.0 811.0 898.0 811.0 1185.0 549.0 1185.0 plane 0
