imagesource:GoogleEarth
gsd:0.129590831611
1920.0 140.0 1953.0 140.0 1953.0 197.0 1920.0 197.0 large-vehicle 0
266.0 633.0 420.0 633.0 420.0 811.0 266.0 811.0 plane 0
1958.0 594.0 2263.0 594.0 2263.0 890.0 1958.0 890.0 plane 0
2106.0 598.0 2261.0 598.0 2261.0 725.0 2106.0 725.0 plane 0
717.0 44.0 965.0 44.0 965.0 292.0 717.0 292.0 plane 0
940.0 2.0 1208.0 2.0 1208.0 264.0 940.0 264.0 plane 0
492.0 82.0 729.0 82.0 729.0 322.0 492.0 322.0 plane 0
440.0 200.0 592.0 200.0 592.0 333.0 440.0 333.0 plane 0
363.0 104.0 529.0 104.0 529.0 267.0 363.0 267.0 plane 0
242.0 302.0 524.0 302.0 524.0 606.0 242.0 606.0 plane 0
184.0 446.0 423.0 446.0 423.0 706.0 184.0 706.0 plane 0
156.0 691.0 295.0 691.0 295.0 834.0 156.0 834.0 plane 0
1989.0 782.0 2205.0 782.0 2205.0 1004.0 1989.0 1004.0 plane 0
160.0 393.0 255.0 393.0 255.0 494.0 160.0 494.0 plane 0
1126.0 85.0 1312.0 85.0 1312.0 276.0 1126.0 276.0 plane 0
896.0 148.0 1021.0 148.0 1021.0 275.0 896.0 275.0 plane 0
673.0 962.0 890.0 962.0 890.0 1171.0 673.0 1171.0 plane 0
750.0 814.0 864.0 814.0 864.0 964.0 750.0 964.0 plane 0
1144.0 621.0 1300.0 621.0 1300.0 751.0 1144.0 751.0 plane 0
1129.0 762.0 1379.0 762.0 1379.0 970.0 1129.0 970.0 plane 0
1603.0 766.0 1783.0 766.0 1783.0 926.0 1603.0 926.0 plane 0
1746.0 1014.0 1903.0 1014.0 1903.0 1162.0 1746.0 1162.0 plane 0
2119.0 744.0 2330.0 744.0 2330.0 963.0 2119.0 963.0 plane 0
1835.0 825.0 2167.0 825.0 2167.0 1158.0 1835.0 1158.0 plane 0
792.0 1079.0 881.0 1079.0 881.0 1156.0 792.0 1156.0 large-vehicle 0
1479.0 1217.0 1556.0 1217.0 1556.0 1255.0 1479.0 1255.0 large-vehicle 0
1832.0 968.0 1886.0 968.0 1886.0 991.0 1832.0 991.0 small-vehicle 1
1359.0 1314.0 1398.0 1314.0 1398.0 1341.0 1359.0 1341.0 small-vehicle 1
1415.0 1330.0 1456.0 1330.0 1456.0 1355.0 1415.0 1355.0 small-vehicle 1
1961.0 1325.0 2001.0 1325.0 2001.0 1359.0 1961.0 1359.0 small-vehicle 1
2330.0 1244.0 2369.0 1244.0 2369.0 1274.0 2330.0 1274.0 small-vehicle 1
2239.0 1286.0 2270.0 1286.0 2270.0 1315.0 2239.0 1315.0 small-vehicle 1
2300.0 1077.0 2349.0 1077.0 2349.0 1113.0 2300.0 1113.0 small-vehicle 1
1546.0 1268.0 1578.0 1268.0 1578.0 1315.0 1546.0 1315.0 small-vehicle 1
1575.0 1278.0 1602.0 1278.0 1602.0 1326.0 1575.0 1326.0 small-vehicle 1
2244.0 361.0 2321.0 361.0 2321.0 387.0 2244.0 387.0 large-vehicle 0
1419.0 865.0 1596.0 865.0 1596.0 1042.0 1419.0 1042.0 plane 0
1866.0 62.0 1919.0 62.0 1919.0 82.0 1866.0 82.0 small-vehicle 1
1866.0 86.0 1917.0 86.0 1917.0 104.0 1866.0 104.0 small-vehicle 1
1931.0 54.0 1950.0 54.0 1950.0 99.0 1931.0 99.0 small-vehicle 1
1928.0 112.0 1973.0 112.0 1973.0 129.0 1928.0 129.0 small-vehicle 1
1867.0 126.0 1911.0 126.0 1911.0 147.0 1867.0 147.0 small-vehicle 1
1862.0 180.0 1902.0 180.0 1902.0 198.0 1862.0 198.0 small-vehicle 1
1584.0 110.0 1614.0 110.0 1614.0 160.0 1584.0 160.0 small-vehicle 1
106.0 327.0 146.0 327.0 146.0 344.0 106.0 344.0 small-vehicle 1
96.0 217.0 143.0 217.0 143.0 239.0 96.0 239.0 small-vehicle 1
1484.0 1027.0 1669.0 1027.0 1669.0 1190.0 1484.0 1190.0 plane 0
