imagesource:GoogleEarth
gsd:0.262458550514
2215.0 488.0 2233.0 488.0 2233.0 511.0 2215.0 511.0 small-vehicle 1
2099.0 829.0 2126.0 829.0 2126.0 850.0 2099.0 850.0 ship 0
1841.0 805.0 1877.0 805.0 1877.0 833.0 1841.0 833.0 ship 0
1851.0 822.0 1884.0 822.0 1884.0 847.0 1851.0 847.0 ship 0
1863.0 840.0 1888.0 840.0 1888.0 859.0 1863.0 859.0 ship 0
1868.0 854.0 1895.0 854.0 1895.0 877.0 1868.0 877.0 ship 0
1875.0 868.0 1907.0 868.0 1907.0 890.0 1875.0 890.0 ship 0
1881.0 884.0 1911.0 884.0 1911.0 906.0 1881.0 906.0 ship 0
1890.0 899.0 1917.0 899.0 1917.0 920.0 1890.0 920.0 ship 0
1898.0 914.0 1925.0 914.0 1925.0 935.0 1898.0 935.0 ship 0
1856.0 930.0 1891.0 930.0 1891.0 957.0 1856.0 957.0 ship 0
1866.0 947.0 1898.0 947.0 1898.0 971.0 1866.0 971.0 ship 0
1868.0 961.0 1903.0 961.0 1903.0 988.0 1868.0 988.0 ship 0
1913.0 937.0 1949.0 937.0 1949.0 963.0 1913.0 963.0 ship 0
2106.0 841.0 2133.0 841.0 2133.0 865.0 2106.0 865.0 ship 0
2089.0 815.0 2117.0 815.0 2117.0 836.0 2089.0 836.0 ship 0
2024.0 779.0 2051.0 779.0 2051.0 798.0 2024.0 798.0 ship 0
2079.0 801.0 2107.0 801.0 2107.0 824.0 2079.0 824.0 ship 0
2070.0 788.0 2098.0 788.0 2098.0 810.0 2070.0 810.0 ship 0
2062.0 776.0 2088.0 776.0 2088.0 796.0 2062.0 796.0 ship 0
2057.0 762.0 2081.0 762.0 2081.0 781.0 2057.0 781.0 ship 0
2049.0 749.0 2074.0 749.0 2074.0 768.0 2049.0 768.0 ship 0
2041.0 733.0 2067.0 733.0 2067.0 753.0 2041.0 753.0 ship 0
2033.0 719.0 2062.0 719.0 2062.0 741.0 2033.0 741.0 ship 0
2026.0 704.0 2053.0 704.0 2053.0 726.0 2026.0 726.0 ship 0
2019.0 691.0 2045.0 691.0 2045.0 713.0 2019.0 713.0 ship 0
2061.0 849.0 2089.0 849.0 2089.0 871.0 2061.0 871.0 ship 0
2055.0 835.0 2082.0 835.0 2082.0 854.0 2055.0 854.0 ship 0
2047.0 821.0 2074.0 821.0 2074.0 840.0 2047.0 840.0 ship 0
2040.0 807.0 2066.0 807.0 2066.0 827.0 2040.0 827.0 ship 0
1833.0 793.0 1865.0 793.0 1865.0 818.0 1833.0 818.0 ship 0
1827.0 776.0 1862.0 776.0 1862.0 803.0 1827.0 803.0 ship 0
1820.0 764.0 1851.0 764.0 1851.0 788.0 1820.0 788.0 ship 0
1775.0 740.0 1840.0 740.0 1840.0 789.0 1775.0 789.0 ship 0
1674.0 838.0 1710.0 838.0 1710.0 865.0 1674.0 865.0 ship 0
1675.0 801.0 1731.0 801.0 1731.0 841.0 1675.0 841.0 ship 0
1715.0 816.0 1752.0 816.0 1752.0 843.0 1715.0 843.0 ship 0
1724.0 835.0 1755.0 835.0 1755.0 860.0 1724.0 860.0 ship 0
1732.0 848.0 1766.0 848.0 1766.0 875.0 1732.0 875.0 ship 0
1741.0 867.0 1774.0 867.0 1774.0 892.0 1741.0 892.0 ship 0
1748.0 881.0 1784.0 881.0 1784.0 909.0 1748.0 909.0 ship 0
1758.0 898.0 1792.0 898.0 1792.0 924.0 1758.0 924.0 ship 0
1766.0 915.0 1799.0 915.0 1799.0 940.0 1766.0 940.0 ship 0
1773.0 928.0 1809.0 928.0 1809.0 957.0 1773.0 957.0 ship 0
1781.0 945.0 1816.0 945.0 1816.0 972.0 1781.0 972.0 ship 0
1748.0 982.0 1785.0 982.0 1785.0 1010.0 1748.0 1010.0 ship 0
1757.0 1000.0 1792.0 1000.0 1792.0 1026.0 1757.0 1026.0 ship 0
1762.0 1015.0 1800.0 1015.0 1800.0 1044.0 1762.0 1044.0 ship 0
1790.0 961.0 1824.0 961.0 1824.0 988.0 1790.0 988.0 ship 0
1800.0 977.0 1831.0 977.0 1831.0 1001.0 1800.0 1001.0 ship 0
1807.0 993.0 1839.0 993.0 1839.0 1018.0 1807.0 1018.0 ship 0
1850.0 917.0 1884.0 917.0 1884.0 941.0 1850.0 941.0 ship 0
1842.0 901.0 1876.0 901.0 1876.0 927.0 1842.0 927.0 ship 0
1838.0 887.0 1869.0 887.0 1869.0 911.0 1838.0 911.0 ship 0
1826.0 870.0 1862.0 870.0 1862.0 896.0 1826.0 896.0 ship 0
1821.0 857.0 1853.0 857.0 1853.0 881.0 1821.0 881.0 ship 0
1814.0 842.0 1847.0 842.0 1847.0 866.0 1814.0 866.0 ship 0
1807.0 828.0 1838.0 828.0 1838.0 851.0 1807.0 851.0 ship 0
1796.0 814.0 1830.0 814.0 1830.0 839.0 1796.0 839.0 ship 0
1787.0 796.0 1823.0 796.0 1823.0 824.0 1787.0 824.0 ship 0
1783.0 784.0 1811.0 784.0 1811.0 806.0 1783.0 806.0 ship 0
2029.0 792.0 2060.0 792.0 2060.0 815.0 2029.0 815.0 ship 0
2016.0 765.0 2043.0 765.0 2043.0 785.0 2016.0 785.0 ship 0
1808.0 25.0 1822.0 25.0 1822.0 46.0 1808.0 46.0 small-vehicle 1
937.0 1284.0 975.0 1284.0 975.0 1312.0 937.0 1312.0 ship 0
1109.0 1206.0 1140.0 1206.0 1140.0 1229.0 1109.0 1229.0 ship 0
1050.0 1203.0 1091.0 1203.0 1091.0 1233.0 1050.0 1233.0 ship 0
1026.0 1133.0 1092.0 1133.0 1092.0 1182.0 1026.0 1182.0 ship 0
1015.0 1325.0 1051.0 1325.0 1051.0 1353.0 1015.0 1353.0 ship 0
1024.0 1341.0 1061.0 1341.0 1061.0 1368.0 1024.0 1368.0 ship 0
1032.0 1355.0 1072.0 1355.0 1072.0 1385.0 1032.0 1385.0 ship 0
1050.0 1387.0 1086.0 1387.0 1086.0 1415.0 1050.0 1415.0 ship 0
994.0 1395.0 1033.0 1395.0 1033.0 1425.0 994.0 1425.0 ship 0
978.0 1364.0 1016.0 1364.0 1016.0 1391.0 978.0 1391.0 ship 0
968.0 1349.0 1005.0 1349.0 1005.0 1376.0 968.0 1376.0 ship 0
962.0 1332.0 999.0 1332.0 999.0 1358.0 962.0 1358.0 ship 0
949.0 1314.0 994.0 1314.0 994.0 1345.0 949.0 1345.0 ship 0
946.0 1298.0 985.0 1298.0 985.0 1327.0 946.0 1327.0 ship 0
925.0 1267.0 967.0 1267.0 967.0 1298.0 925.0 1298.0 ship 0
2009.0 750.0 2037.0 750.0 2037.0 772.0 2009.0 772.0 ship 0
1007.0 1308.0 1044.0 1308.0 1044.0 1336.0 1007.0 1336.0 ship 0
996.0 1293.0 1034.0 1293.0 1034.0 1321.0 996.0 1321.0 ship 0
990.0 1276.0 1031.0 1276.0 1031.0 1304.0 990.0 1304.0 ship 0
980.0 1262.0 1018.0 1262.0 1018.0 1290.0 980.0 1290.0 ship 0
972.0 1245.0 1009.0 1245.0 1009.0 1273.0 972.0 1273.0 ship 0
965.0 1228.0 1005.0 1228.0 1005.0 1257.0 965.0 1257.0 ship 0
955.0 1212.0 994.0 1212.0 994.0 1240.0 955.0 1240.0 ship 0
925.0 1253.0 958.0 1253.0 958.0 1278.0 925.0 1278.0 ship 0
911.0 1232.0 953.0 1232.0 953.0 1265.0 911.0 1265.0 ship 0
908.0 1195.0 974.0 1195.0 974.0 1242.0 908.0 1242.0 ship 0
762.0 1599.0 821.0 1599.0 821.0 1618.0 762.0 1618.0 ship 0
765.0 1577.0 820.0 1577.0 820.0 1597.0 765.0 1597.0 ship 0
765.0 1556.0 815.0 1556.0 815.0 1575.0 765.0 1575.0 ship 0
1989.0 710.0 2015.0 710.0 2015.0 730.0 1989.0 730.0 ship 0
1872.0 696.0 1929.0 696.0 1929.0 738.0 1872.0 738.0 ship 0
1883.0 728.0 1916.0 728.0 1916.0 753.0 1883.0 753.0 ship 0
1923.0 713.0 1945.0 713.0 1945.0 730.0 1923.0 730.0 ship 0
2002.0 737.0 2029.0 737.0 2029.0 757.0 2002.0 757.0 ship 0
1995.0 724.0 2021.0 724.0 2021.0 745.0 1995.0 745.0 ship 0
1893.0 741.0 1925.0 741.0 1925.0 764.0 1893.0 764.0 ship 0
1899.0 755.0 1932.0 755.0 1932.0 780.0 1899.0 780.0 ship 0
1904.0 768.0 1940.0 768.0 1940.0 793.0 1904.0 793.0 ship 0
1914.0 783.0 1945.0 783.0 1945.0 807.0 1914.0 807.0 ship 0
1924.0 796.0 1955.0 796.0 1955.0 819.0 1924.0 819.0 ship 0
1932.0 809.0 1962.0 809.0 1962.0 832.0 1932.0 832.0 ship 0
1936.0 824.0 1969.0 824.0 1969.0 848.0 1936.0 848.0 ship 0
1943.0 836.0 1977.0 836.0 1977.0 864.0 1943.0 864.0 ship 0
1950.0 852.0 1982.0 852.0 1982.0 875.0 1950.0 875.0 ship 0
1956.0 865.0 1990.0 865.0 1990.0 890.0 1956.0 890.0 ship 0
1964.0 878.0 1999.0 878.0 1999.0 904.0 1964.0 904.0 ship 0
1972.0 894.0 2004.0 894.0 2004.0 918.0 1972.0 918.0 ship 0
1979.0 907.0 2013.0 907.0 2013.0 931.0 1979.0 931.0 ship 0
2021.0 889.0 2047.0 889.0 2047.0 908.0 2021.0 908.0 ship 0
2015.0 875.0 2041.0 875.0 2041.0 895.0 2015.0 895.0 ship 0
2005.0 860.0 2035.0 860.0 2035.0 883.0 2005.0 883.0 ship 0
1997.0 848.0 2022.0 848.0 2022.0 869.0 1997.0 869.0 ship 0
1981.0 820.0 2007.0 820.0 2007.0 841.0 1981.0 841.0 ship 0
1974.0 807.0 2002.0 807.0 2002.0 828.0 1974.0 828.0 ship 0
1967.0 792.0 1995.0 792.0 1995.0 813.0 1967.0 813.0 ship 0
1958.0 779.0 1985.0 779.0 1985.0 800.0 1958.0 800.0 ship 0
1951.0 765.0 1979.0 765.0 1979.0 787.0 1951.0 787.0 ship 0
1944.0 752.0 1971.0 752.0 1971.0 773.0 1944.0 773.0 ship 0
1938.0 736.0 1967.0 736.0 1967.0 758.0 1938.0 758.0 ship 0
1930.0 725.0 1956.0 725.0 1956.0 745.0 1930.0 745.0 ship 0
1679.0 853.0 1719.0 853.0 1719.0 883.0 1679.0 883.0 ship 0
1687.0 872.0 1725.0 872.0 1725.0 900.0 1687.0 900.0 ship 0
1698.0 886.0 1735.0 886.0 1735.0 914.0 1698.0 914.0 ship 0
1239.0 760.0 1283.0 760.0 1283.0 822.0 1239.0 822.0 ship 0
1586.0 629.0 1636.0 629.0 1636.0 664.0 1586.0 664.0 ship 0
1493.0 624.0 1536.0 624.0 1536.0 682.0 1493.0 682.0 ship 0
1477.0 640.0 1511.0 640.0 1511.0 688.0 1477.0 688.0 ship 0
1436.0 658.0 1475.0 658.0 1475.0 713.0 1436.0 713.0 ship 0
1420.0 672.0 1454.0 672.0 1454.0 722.0 1420.0 722.0 ship 0
1398.0 678.0 1431.0 678.0 1431.0 725.0 1398.0 725.0 ship 0
1379.0 689.0 1417.0 689.0 1417.0 741.0 1379.0 741.0 ship 0
1357.0 696.0 1398.0 696.0 1398.0 751.0 1357.0 751.0 ship 0
1334.0 707.0 1377.0 707.0 1377.0 762.0 1334.0 762.0 ship 0
1315.0 720.0 1356.0 720.0 1356.0 773.0 1315.0 773.0 ship 0
1304.0 735.0 1335.0 735.0 1335.0 774.0 1304.0 774.0 ship 0
1283.0 737.0 1321.0 737.0 1321.0 796.0 1283.0 796.0 ship 0
1262.0 747.0 1305.0 747.0 1305.0 806.0 1262.0 806.0 ship 0
1221.0 774.0 1260.0 774.0 1260.0 829.0 1221.0 829.0 ship 0
1706.0 901.0 1745.0 901.0 1745.0 929.0 1706.0 929.0 ship 0
1198.0 779.0 1241.0 779.0 1241.0 839.0 1198.0 839.0 ship 0
1177.0 793.0 1217.0 793.0 1217.0 850.0 1177.0 850.0 ship 0
1154.0 803.0 1198.0 803.0 1198.0 863.0 1154.0 863.0 ship 0
1128.0 813.0 1178.0 813.0 1178.0 881.0 1128.0 881.0 ship 0
1110.0 827.0 1152.0 827.0 1152.0 886.0 1110.0 886.0 ship 0
1093.0 838.0 1130.0 838.0 1130.0 892.0 1093.0 892.0 ship 0
1073.0 848.0 1112.0 848.0 1112.0 904.0 1073.0 904.0 ship 0
1048.0 857.0 1094.0 857.0 1094.0 920.0 1048.0 920.0 ship 0
1030.0 868.0 1070.0 868.0 1070.0 923.0 1030.0 923.0 ship 0
1014.0 887.0 1051.0 887.0 1051.0 938.0 1014.0 938.0 ship 0
987.0 890.0 1035.0 890.0 1035.0 955.0 987.0 955.0 ship 0
963.0 900.0 1010.0 900.0 1010.0 964.0 963.0 964.0 ship 0
940.0 911.0 988.0 911.0 988.0 970.0 940.0 970.0 ship 0
1435.0 584.0 1458.0 584.0 1458.0 616.0 1435.0 616.0 ship 0
1445.0 579.0 1466.0 579.0 1466.0 610.0 1445.0 610.0 ship 0
1455.0 573.0 1477.0 573.0 1477.0 603.0 1455.0 603.0 ship 0
1365.0 549.0 1394.0 549.0 1394.0 573.0 1365.0 573.0 ship 0
1521.0 1091.0 1567.0 1091.0 1567.0 1124.0 1521.0 1124.0 ship 0
1532.0 1110.0 1577.0 1110.0 1577.0 1140.0 1532.0 1140.0 ship 0
1542.0 1132.0 1578.0 1132.0 1578.0 1158.0 1542.0 1158.0 ship 0
1479.0 1136.0 1525.0 1136.0 1525.0 1169.0 1479.0 1169.0 ship 0
1362.0 1176.0 1395.0 1176.0 1395.0 1201.0 1362.0 1201.0 ship 0
1163.0 1143.0 1192.0 1143.0 1192.0 1166.0 1163.0 1166.0 ship 0
1236.0 1282.0 1262.0 1282.0 1262.0 1302.0 1236.0 1302.0 ship 0
1337.0 1228.0 1365.0 1228.0 1365.0 1249.0 1337.0 1249.0 ship 0
1486.0 557.0 1507.0 557.0 1507.0 588.0 1486.0 588.0 ship 0
1475.0 563.0 1497.0 563.0 1497.0 594.0 1475.0 594.0 ship 0
1463.0 565.0 1486.0 565.0 1486.0 596.0 1463.0 596.0 ship 0
1518.0 513.0 1536.0 513.0 1536.0 539.0 1518.0 539.0 ship 0
1510.0 510.0 1525.0 510.0 1525.0 538.0 1510.0 538.0 ship 0
1502.0 508.0 1517.0 508.0 1517.0 536.0 1502.0 536.0 ship 0
1493.0 505.0 1508.0 505.0 1508.0 533.0 1493.0 533.0 ship 0
1486.0 502.0 1500.0 502.0 1500.0 531.0 1486.0 531.0 ship 0
1477.0 500.0 1491.0 500.0 1491.0 530.0 1477.0 530.0 ship 0
1469.0 498.0 1483.0 498.0 1483.0 528.0 1469.0 528.0 ship 0
1409.0 483.0 1425.0 483.0 1425.0 513.0 1409.0 513.0 ship 0
1399.0 481.0 1415.0 481.0 1415.0 510.0 1399.0 510.0 ship 0
1389.0 479.0 1405.0 479.0 1405.0 508.0 1389.0 508.0 ship 0
1377.0 477.0 1395.0 477.0 1395.0 508.0 1377.0 508.0 ship 0
1393.0 608.0 1423.0 608.0 1423.0 632.0 1393.0 632.0 ship 0
1390.0 601.0 1413.0 601.0 1413.0 620.0 1390.0 620.0 ship 0
1382.0 581.0 1411.0 581.0 1411.0 600.0 1382.0 600.0 ship 0
1380.0 571.0 1406.0 571.0 1406.0 591.0 1380.0 591.0 ship 0
1371.0 561.0 1400.0 561.0 1400.0 582.0 1371.0 582.0 ship 0
666.0 1099.0 723.0 1099.0 723.0 1146.0 666.0 1146.0 ship 0
658.0 1084.0 707.0 1084.0 707.0 1123.0 658.0 1123.0 ship 0
664.0 1063.0 710.0 1063.0 710.0 1082.0 664.0 1082.0 ship 0
827.0 905.0 869.0 905.0 869.0 922.0 827.0 922.0 ship 0
833.0 867.0 872.0 867.0 872.0 881.0 833.0 881.0 ship 0
831.0 847.0 869.0 847.0 869.0 861.0 831.0 861.0 ship 0
839.0 829.0 868.0 829.0 868.0 842.0 839.0 842.0 ship 0
1594.0 998.0 1636.0 998.0 1636.0 1029.0 1594.0 1029.0 ship 0
1582.0 982.0 1629.0 982.0 1629.0 1015.0 1582.0 1015.0 ship 0
1575.0 966.0 1620.0 966.0 1620.0 999.0 1575.0 999.0 ship 0
1561.0 933.0 1604.0 933.0 1604.0 966.0 1561.0 966.0 ship 0
1551.0 917.0 1596.0 917.0 1596.0 949.0 1551.0 949.0 ship 0
1542.0 902.0 1587.0 902.0 1587.0 934.0 1542.0 934.0 ship 0
1528.0 878.0 1582.0 878.0 1582.0 918.0 1528.0 918.0 ship 0
1576.0 858.0 1621.0 858.0 1621.0 893.0 1576.0 893.0 ship 0
1590.0 879.0 1630.0 879.0 1630.0 910.0 1590.0 910.0 ship 0
1597.0 894.0 1639.0 894.0 1639.0 925.0 1597.0 925.0 ship 0
1606.0 908.0 1650.0 908.0 1650.0 942.0 1606.0 942.0 ship 0
1616.0 926.0 1657.0 926.0 1657.0 958.0 1616.0 958.0 ship 0
1624.0 942.0 1664.0 942.0 1664.0 973.0 1624.0 973.0 ship 0
1632.0 958.0 1674.0 958.0 1674.0 989.0 1632.0 989.0 ship 0
1641.0 976.0 1679.0 976.0 1679.0 1005.0 1641.0 1005.0 ship 0
1650.0 994.0 1686.0 994.0 1686.0 1021.0 1650.0 1021.0 ship 0
1658.0 1007.0 1698.0 1007.0 1698.0 1037.0 1658.0 1037.0 ship 0
1665.0 1022.0 1707.0 1022.0 1707.0 1053.0 1665.0 1053.0 ship 0
1679.0 1041.0 1709.0 1041.0 1709.0 1066.0 1679.0 1066.0 ship 0
1688.0 1056.0 1721.0 1056.0 1721.0 1080.0 1688.0 1080.0 ship 0
1735.0 965.0 1778.0 965.0 1778.0 996.0 1735.0 996.0 ship 0
1726.0 950.0 1769.0 950.0 1769.0 981.0 1726.0 981.0 ship 0
1721.0 934.0 1761.0 934.0 1761.0 962.0 1721.0 962.0 ship 0
1714.0 917.0 1752.0 917.0 1752.0 946.0 1714.0 946.0 ship 0
827.0 885.0 871.0 885.0 871.0 903.0 827.0 903.0 ship 0
823.0 927.0 868.0 927.0 868.0 959.0 823.0 959.0 ship 0
666.0 1043.0 710.0 1043.0 710.0 1060.0 666.0 1060.0 ship 0
828.0 941.0 882.0 941.0 882.0 982.0 828.0 982.0 ship 0
658.0 1018.0 712.0 1018.0 712.0 1040.0 658.0 1040.0 ship 0
663.0 997.0 713.0 997.0 713.0 1018.0 663.0 1018.0 ship 0
664.0 977.0 713.0 977.0 713.0 996.0 664.0 996.0 ship 0
662.0 951.0 714.0 951.0 714.0 972.0 662.0 972.0 ship 0
666.0 930.0 714.0 930.0 714.0 948.0 666.0 948.0 ship 0
669.0 907.0 713.0 907.0 713.0 925.0 669.0 925.0 ship 0
665.0 883.0 719.0 883.0 719.0 902.0 665.0 902.0 ship 0
667.0 858.0 718.0 858.0 718.0 880.0 667.0 880.0 ship 0
665.0 834.0 717.0 834.0 717.0 855.0 665.0 855.0 ship 0
732.0 855.0 769.0 855.0 769.0 871.0 732.0 871.0 ship 0
733.0 874.0 771.0 874.0 771.0 888.0 733.0 888.0 ship 0
732.0 894.0 770.0 894.0 770.0 909.0 732.0 909.0 ship 0
728.0 912.0 772.0 912.0 772.0 928.0 728.0 928.0 ship 0
726.0 930.0 773.0 930.0 773.0 947.0 726.0 947.0 ship 0
728.0 949.0 769.0 949.0 769.0 965.0 728.0 965.0 ship 0
726.0 968.0 771.0 968.0 771.0 984.0 726.0 984.0 ship 0
722.0 986.0 769.0 986.0 769.0 1002.0 722.0 1002.0 ship 0
724.0 1005.0 769.0 1005.0 769.0 1020.0 724.0 1020.0 ship 0
724.0 1023.0 771.0 1023.0 771.0 1040.0 724.0 1040.0 ship 0
723.0 1042.0 753.0 1042.0 753.0 1054.0 723.0 1054.0 ship 0
720.0 1065.0 759.0 1065.0 759.0 1089.0 720.0 1089.0 ship 0
720.0 1078.0 772.0 1078.0 772.0 1114.0 720.0 1114.0 ship 0
922.0 922.0 967.0 922.0 967.0 984.0 922.0 984.0 ship 0
900.0 933.0 951.0 933.0 951.0 1003.0 900.0 1003.0 ship 0
893.0 951.0 930.0 951.0 930.0 1001.0 893.0 1001.0 ship 0
849.0 1008.0 918.0 1008.0 918.0 1060.0 849.0 1060.0 ship 0
830.0 984.0 903.0 984.0 903.0 1037.0 830.0 1037.0 ship 0
771.0 1534.0 824.0 1534.0 824.0 1552.0 771.0 1552.0 ship 0
789.0 1475.0 814.0 1475.0 814.0 1509.0 789.0 1509.0 ship 0
828.0 1455.0 852.0 1455.0 852.0 1486.0 828.0 1486.0 ship 0
599.0 369.0 631.0 369.0 631.0 381.0 599.0 381.0 ship 0
550.0 389.0 585.0 389.0 585.0 402.0 550.0 402.0 ship 0
549.0 407.0 586.0 407.0 586.0 421.0 549.0 421.0 ship 0
546.0 424.0 585.0 424.0 585.0 440.0 546.0 440.0 ship 0
546.0 444.0 579.0 444.0 579.0 456.0 546.0 456.0 ship 0
544.0 462.0 586.0 462.0 586.0 483.0 544.0 483.0 ship 0
536.0 488.0 580.0 488.0 580.0 505.0 536.0 505.0 ship 0
587.0 494.0 629.0 494.0 629.0 518.0 587.0 518.0 ship 0
598.0 474.0 623.0 474.0 623.0 487.0 598.0 487.0 ship 0
597.0 459.0 624.0 459.0 624.0 471.0 597.0 471.0 ship 0
596.0 439.0 628.0 439.0 628.0 452.0 596.0 452.0 ship 0
603.0 424.0 623.0 424.0 623.0 433.0 603.0 433.0 ship 0
598.0 403.0 630.0 403.0 630.0 416.0 598.0 416.0 ship 0
596.0 386.0 631.0 386.0 631.0 399.0 596.0 399.0 ship 0
599.0 350.0 633.0 350.0 633.0 364.0 599.0 364.0 ship 0
840.0 555.0 888.0 555.0 888.0 573.0 840.0 573.0 ship 0
598.0 332.0 635.0 332.0 635.0 346.0 598.0 346.0 ship 0
546.0 319.0 587.0 319.0 587.0 333.0 546.0 333.0 ship 0
550.0 284.0 585.0 284.0 585.0 297.0 550.0 297.0 ship 0
556.0 269.0 580.0 269.0 580.0 280.0 556.0 280.0 ship 0
380.0 243.0 437.0 243.0 437.0 258.0 380.0 258.0 ship 0
378.0 268.0 437.0 268.0 437.0 290.0 378.0 290.0 ship 0
384.0 294.0 435.0 294.0 435.0 315.0 384.0 315.0 ship 0
380.0 319.0 433.0 319.0 433.0 339.0 380.0 339.0 ship 0
377.0 344.0 433.0 344.0 433.0 362.0 377.0 362.0 ship 0
379.0 370.0 434.0 370.0 434.0 390.0 379.0 390.0 ship 0
373.0 394.0 432.0 394.0 432.0 414.0 373.0 414.0 ship 0
373.0 419.0 433.0 419.0 433.0 442.0 373.0 442.0 ship 0
390.0 451.0 468.0 451.0 468.0 483.0 390.0 483.0 ship 0
552.0 373.0 585.0 373.0 585.0 385.0 552.0 385.0 ship 0
550.0 353.0 586.0 353.0 586.0 369.0 550.0 369.0 ship 0
551.0 335.0 588.0 335.0 588.0 351.0 551.0 351.0 ship 0
672.0 315.0 708.0 315.0 708.0 328.0 672.0 328.0 ship 0
842.0 513.0 892.0 513.0 892.0 532.0 842.0 532.0 ship 0
842.0 492.0 892.0 492.0 892.0 511.0 842.0 511.0 ship 0
844.0 474.0 892.0 474.0 892.0 489.0 844.0 489.0 ship 0
848.0 450.0 892.0 450.0 892.0 468.0 848.0 468.0 ship 0
844.0 428.0 892.0 428.0 892.0 446.0 844.0 446.0 ship 0
842.0 405.0 892.0 405.0 892.0 425.0 842.0 425.0 ship 0
845.0 384.0 892.0 384.0 892.0 402.0 845.0 402.0 ship 0
844.0 362.0 884.0 362.0 884.0 379.0 844.0 379.0 ship 0
846.0 343.0 883.0 343.0 883.0 359.0 846.0 359.0 ship 0
673.0 407.0 706.0 407.0 706.0 421.0 673.0 421.0 ship 0
674.0 424.0 702.0 424.0 702.0 437.0 674.0 437.0 ship 0
672.0 438.0 704.0 438.0 704.0 453.0 672.0 453.0 ship 0
672.0 455.0 705.0 455.0 705.0 470.0 672.0 470.0 ship 0
675.0 471.0 703.0 471.0 703.0 482.0 675.0 482.0 ship 0
673.0 488.0 702.0 488.0 702.0 499.0 673.0 499.0 ship 0
710.0 506.0 770.0 506.0 770.0 528.0 710.0 528.0 ship 0
716.0 489.0 768.0 489.0 768.0 503.0 716.0 503.0 ship 0
721.0 467.0 768.0 467.0 768.0 487.0 721.0 487.0 ship 0
717.0 448.0 764.0 448.0 764.0 464.0 717.0 464.0 ship 0
716.0 427.0 765.0 427.0 765.0 444.0 716.0 444.0 ship 0
717.0 406.0 761.0 406.0 761.0 423.0 717.0 423.0 ship 0
724.0 388.0 762.0 388.0 762.0 404.0 724.0 404.0 ship 0
721.0 368.0 763.0 368.0 763.0 382.0 721.0 382.0 ship 0
678.0 363.0 702.0 363.0 702.0 375.0 678.0 375.0 ship 0
677.0 348.0 706.0 348.0 706.0 360.0 677.0 360.0 ship 0
726.0 346.0 765.0 346.0 765.0 361.0 726.0 361.0 ship 0
723.0 327.0 765.0 327.0 765.0 343.0 723.0 343.0 ship 0
444.0 434.0 485.0 434.0 485.0 450.0 444.0 450.0 ship 0
443.0 417.0 486.0 417.0 486.0 434.0 443.0 434.0 ship 0
445.0 398.0 489.0 398.0 489.0 414.0 445.0 414.0 ship 0
1034.0 1144.0 1212.0 1144.0 1212.0 1386.0 1034.0 1386.0 harbor 0
1250.0 1037.0 1419.0 1037.0 1419.0 1270.0 1250.0 1270.0 harbor 0
1396.0 948.0 1589.0 948.0 1589.0 1197.0 1396.0 1197.0 harbor 0
1540.0 875.0 1725.0 875.0 1725.0 1120.0 1540.0 1120.0 harbor 0
1671.0 815.0 1843.0 815.0 1843.0 1055.0 1671.0 1055.0 harbor 0
1781.0 759.0 1949.0 759.0 1949.0 997.0 1781.0 997.0 harbor 0
1884.0 704.0 2050.0 704.0 2050.0 942.0 1884.0 942.0 harbor 0
1986.0 689.0 2132.0 689.0 2132.0 885.0 1986.0 885.0 harbor 0
1272.0 591.0 1321.0 591.0 1321.0 654.0 1272.0 654.0 tennis-court 1
1322.0 591.0 1371.0 591.0 1371.0 653.0 1322.0 653.0 tennis-court 1
1233.0 639.0 1281.0 639.0 1281.0 701.0 1233.0 701.0 tennis-court 1
1199.0 656.0 1247.0 656.0 1247.0 719.0 1199.0 719.0 tennis-court 1
1151.0 678.0 1204.0 678.0 1204.0 742.0 1151.0 742.0 swimming-pool 0
892.0 590.0 1590.0 590.0 1590.0 999.0 892.0 999.0 harbor 0
801.0 924.0 919.0 924.0 919.0 1046.0 801.0 1046.0 harbor 0
832.0 809.0 882.0 809.0 882.0 927.0 832.0 927.0 harbor 0
296.0 785.0 584.0 785.0 584.0 969.0 296.0 969.0 harbor 0
404.0 985.0 593.0 985.0 593.0 1150.0 404.0 1150.0 harbor 0
487.0 1129.0 588.0 1129.0 588.0 1216.0 487.0 1216.0 harbor 0
660.0 825.0 774.0 825.0 774.0 1142.0 660.0 1142.0 harbor 0
235.0 512.0 395.0 512.0 395.0 783.0 235.0 783.0 harbor 0
466.0 557.0 588.0 557.0 588.0 782.0 466.0 782.0 harbor 0
652.0 591.0 776.0 591.0 776.0 805.0 652.0 805.0 harbor 0
835.0 593.0 893.0 593.0 893.0 808.0 835.0 808.0 harbor 0
840.0 355.0 903.0 355.0 903.0 580.0 840.0 580.0 harbor 0
670.0 294.0 765.0 294.0 765.0 511.0 670.0 511.0 harbor 0
547.0 275.0 631.0 275.0 631.0 503.0 547.0 503.0 harbor 0
379.0 230.0 486.0 230.0 486.0 470.0 379.0 470.0 harbor 0
1144.0 1092.0 1314.0 1092.0 1314.0 1328.0 1144.0 1328.0 harbor 0
911.0 1207.0 1089.0 1207.0 1089.0 1450.0 911.0 1450.0 harbor 0
448.0 379.0 483.0 379.0 483.0 393.0 448.0 393.0 ship 0
713.0 1270.0 966.0 1270.0 966.0 1547.0 713.0 1547.0 harbor 0
447.0 357.0 483.0 357.0 483.0 374.0 447.0 374.0 ship 0
446.0 340.0 484.0 340.0 484.0 356.0 446.0 356.0 ship 0
448.0 324.0 487.0 324.0 487.0 337.0 448.0 337.0 ship 0
448.0 306.0 488.0 306.0 488.0 318.0 448.0 318.0 ship 0
450.0 287.0 488.0 287.0 488.0 301.0 450.0 301.0 ship 0
459.0 238.0 486.0 238.0 486.0 248.0 459.0 248.0 ship 0
452.0 252.0 486.0 252.0 486.0 266.0 452.0 266.0 ship 0
451.0 271.0 491.0 271.0 491.0 284.0 451.0 284.0 ship 0
245.0 207.0 308.0 207.0 308.0 231.0 245.0 231.0 ship 0
250.0 232.0 297.0 232.0 297.0 253.0 250.0 253.0 ship 0
223.0 226.0 238.0 226.0 238.0 258.0 223.0 258.0 ship 0
247.0 258.0 300.0 258.0 300.0 277.0 247.0 277.0 ship 0
244.0 283.0 298.0 283.0 298.0 302.0 244.0 302.0 ship 0
244.0 307.0 297.0 307.0 297.0 326.0 244.0 326.0 ship 0
243.0 330.0 297.0 330.0 297.0 352.0 243.0 352.0 ship 0
242.0 357.0 295.0 357.0 295.0 378.0 242.0 378.0 ship 0
243.0 383.0 293.0 383.0 293.0 402.0 243.0 402.0 ship 0
244.0 406.0 296.0 406.0 296.0 427.0 244.0 427.0 ship 0
228.0 432.0 289.0 432.0 289.0 456.0 228.0 456.0 ship 0
208.0 349.0 233.0 349.0 233.0 424.0 208.0 424.0 ship 0
210.0 269.0 238.0 269.0 238.0 331.0 210.0 331.0 ship 0
60.0 218.0 152.0 218.0 152.0 371.0 60.0 371.0 ship 0
3.0 113.0 64.0 113.0 64.0 146.0 3.0 146.0 ship 0
0.0 137.0 57.0 137.0 57.0 172.0 0.0 172.0 ship 0
123.0 156.0 141.0 156.0 141.0 201.0 123.0 201.0 ship 0
193.0 168.0 211.0 168.0 211.0 219.0 193.0 219.0 ship 0
163.0 170.0 184.0 170.0 184.0 222.0 163.0 222.0 ship 0
841.0 534.0 888.0 534.0 888.0 553.0 841.0 553.0 ship 0
846.0 598.0 886.0 598.0 886.0 616.0 846.0 616.0 ship 0
854.0 1442.0 878.0 1442.0 878.0 1473.0 854.0 1473.0 ship 0
443.0 995.0 527.0 995.0 527.0 1018.0 443.0 1018.0 ship 0
276.0 664.0 323.0 664.0 323.0 683.0 276.0 683.0 ship 0
280.0 687.0 328.0 687.0 328.0 705.0 280.0 705.0 ship 0
340.0 663.0 390.0 663.0 390.0 682.0 340.0 682.0 ship 0
343.0 686.0 391.0 686.0 391.0 702.0 343.0 702.0 ship 0
303.0 741.0 376.0 741.0 376.0 764.0 303.0 764.0 ship 0
290.0 711.0 373.0 711.0 373.0 738.0 290.0 738.0 ship 0
382.0 708.0 406.0 708.0 406.0 767.0 382.0 767.0 ship 0
313.0 765.0 375.0 765.0 375.0 788.0 313.0 788.0 ship 0
354.0 797.0 462.0 797.0 462.0 828.0 354.0 828.0 ship 0
408.0 834.0 494.0 834.0 494.0 861.0 408.0 861.0 ship 0
419.0 869.0 496.0 869.0 496.0 898.0 419.0 898.0 ship 0
389.0 901.0 490.0 901.0 490.0 927.0 389.0 927.0 ship 0
408.0 933.0 496.0 933.0 496.0 960.0 408.0 960.0 ship 0
442.0 1021.0 517.0 1021.0 517.0 1046.0 442.0 1046.0 ship 0
836.0 616.0 884.0 616.0 884.0 635.0 836.0 635.0 ship 0
445.0 1049.0 525.0 1049.0 525.0 1074.0 445.0 1074.0 ship 0
464.0 1077.0 525.0 1077.0 525.0 1097.0 464.0 1097.0 ship 0
470.0 1101.0 522.0 1101.0 522.0 1119.0 470.0 1119.0 ship 0
470.0 1124.0 523.0 1124.0 523.0 1141.0 470.0 1141.0 ship 0
495.0 1153.0 521.0 1153.0 521.0 1173.0 495.0 1173.0 ship 0
498.0 1161.0 533.0 1161.0 533.0 1187.0 498.0 1187.0 ship 0
516.0 1182.0 571.0 1182.0 571.0 1224.0 516.0 1224.0 ship 0
497.0 1176.0 540.0 1176.0 540.0 1208.0 497.0 1208.0 ship 0
536.0 1111.0 586.0 1111.0 586.0 1132.0 536.0 1132.0 ship 0
537.0 1088.0 586.0 1088.0 586.0 1106.0 537.0 1106.0 ship 0
537.0 1064.0 589.0 1064.0 589.0 1083.0 537.0 1083.0 ship 0
540.0 1041.0 588.0 1041.0 588.0 1059.0 540.0 1059.0 ship 0
543.0 1019.0 588.0 1019.0 588.0 1038.0 543.0 1038.0 ship 0
267.0 640.0 326.0 640.0 326.0 662.0 267.0 662.0 ship 0
339.0 640.0 391.0 640.0 391.0 659.0 339.0 659.0 ship 0
255.0 613.0 325.0 613.0 325.0 636.0 255.0 636.0 ship 0
256.0 584.0 325.0 584.0 325.0 608.0 256.0 608.0 ship 0
911.0 1422.0 944.0 1422.0 944.0 1450.0 911.0 1450.0 ship 0
897.0 1405.0 935.0 1405.0 935.0 1434.0 897.0 1434.0 ship 0
890.0 1390.0 928.0 1390.0 928.0 1419.0 890.0 1419.0 ship 0
881.0 1374.0 918.0 1374.0 918.0 1403.0 881.0 1403.0 ship 0
875.0 1359.0 911.0 1359.0 911.0 1386.0 875.0 1386.0 ship 0
866.0 1341.0 902.0 1341.0 902.0 1370.0 866.0 1370.0 ship 0
854.0 1327.0 890.0 1327.0 890.0 1355.0 854.0 1355.0 ship 0
849.0 1310.0 887.0 1310.0 887.0 1339.0 849.0 1339.0 ship 0
841.0 1294.0 878.0 1294.0 878.0 1322.0 841.0 1322.0 ship 0
832.0 1279.0 869.0 1279.0 869.0 1306.0 832.0 1306.0 ship 0
777.0 1252.0 861.0 1252.0 861.0 1310.0 777.0 1310.0 ship 0
772.0 1399.0 880.0 1399.0 880.0 1469.0 772.0 1469.0 ship 0
707.0 1371.0 728.0 1371.0 728.0 1407.0 707.0 1407.0 ship 0
782.0 1322.0 837.0 1322.0 837.0 1362.0 782.0 1362.0 ship 0
778.0 1343.0 842.0 1343.0 842.0 1393.0 778.0 1393.0 ship 0
772.0 1367.0 861.0 1367.0 861.0 1433.0 772.0 1433.0 ship 0
2.0 718.0 61.0 718.0 61.0 741.0 2.0 741.0 ship 0
5.0 642.0 27.0 642.0 27.0 709.0 5.0 709.0 ship 0
27.0 644.0 55.0 644.0 55.0 709.0 27.0 709.0 ship 0
313.0 497.0 377.0 497.0 377.0 520.0 313.0 520.0 ship 0
236.0 496.0 292.0 496.0 292.0 518.0 236.0 518.0 ship 0
233.0 527.0 324.0 527.0 324.0 552.0 233.0 552.0 ship 0
241.0 555.0 320.0 555.0 320.0 582.0 241.0 582.0 ship 0
343.0 529.0 392.0 529.0 392.0 548.0 343.0 548.0 ship 0
343.0 551.0 392.0 551.0 392.0 569.0 343.0 569.0 ship 0
342.0 572.0 396.0 572.0 396.0 591.0 342.0 591.0 ship 0
340.0 593.0 388.0 593.0 388.0 613.0 340.0 613.0 ship 0
540.0 996.0 593.0 996.0 593.0 1016.0 540.0 1016.0 ship 0
509.0 970.0 579.0 970.0 579.0 991.0 509.0 991.0 ship 0
510.0 944.0 571.0 944.0 571.0 967.0 510.0 967.0 ship 0
665.0 787.0 705.0 787.0 705.0 804.0 665.0 804.0 ship 0
657.0 742.0 712.0 742.0 712.0 763.0 657.0 763.0 ship 0
658.0 718.0 712.0 718.0 712.0 738.0 658.0 738.0 ship 0
663.0 696.0 715.0 696.0 715.0 715.0 663.0 715.0 ship 0
660.0 672.0 716.0 672.0 716.0 692.0 660.0 692.0 ship 0
664.0 650.0 716.0 650.0 716.0 668.0 664.0 668.0 ship 0
665.0 626.0 718.0 626.0 718.0 645.0 665.0 645.0 ship 0
661.0 601.0 714.0 601.0 714.0 622.0 661.0 622.0 ship 0
661.0 575.0 722.0 575.0 722.0 597.0 661.0 597.0 ship 0
733.0 594.0 780.0 594.0 780.0 610.0 733.0 610.0 ship 0
732.0 611.0 778.0 611.0 778.0 626.0 732.0 626.0 ship 0
731.0 629.0 777.0 629.0 777.0 646.0 731.0 646.0 ship 0
730.0 647.0 773.0 647.0 773.0 664.0 730.0 664.0 ship 0
731.0 666.0 777.0 666.0 777.0 683.0 731.0 683.0 ship 0
729.0 684.0 771.0 684.0 771.0 700.0 729.0 700.0 ship 0
728.0 702.0 773.0 702.0 773.0 717.0 728.0 717.0 ship 0
728.0 718.0 769.0 718.0 769.0 735.0 728.0 735.0 ship 0
726.0 736.0 766.0 736.0 766.0 751.0 726.0 751.0 ship 0
726.0 752.0 774.0 752.0 774.0 770.0 726.0 770.0 ship 0
728.0 772.0 764.0 772.0 764.0 788.0 728.0 788.0 ship 0
836.0 788.0 873.0 788.0 873.0 802.0 836.0 802.0 ship 0
833.0 769.0 878.0 769.0 878.0 784.0 833.0 784.0 ship 0
833.0 750.0 876.0 750.0 876.0 767.0 833.0 767.0 ship 0
831.0 730.0 878.0 730.0 878.0 749.0 831.0 749.0 ship 0
838.0 713.0 877.0 713.0 877.0 730.0 838.0 730.0 ship 0
841.0 695.0 880.0 695.0 880.0 711.0 841.0 711.0 ship 0
835.0 656.0 880.0 656.0 880.0 676.0 835.0 676.0 ship 0
845.0 638.0 884.0 638.0 884.0 653.0 845.0 653.0 ship 0
655.0 764.0 712.0 764.0 712.0 784.0 655.0 784.0 ship 0
661.0 810.0 720.0 810.0 720.0 831.0 661.0 831.0 ship 0
513.0 920.0 572.0 920.0 572.0 941.0 513.0 941.0 ship 0
732.0 813.0 779.0 813.0 779.0 831.0 732.0 831.0 ship 0
510.0 894.0 578.0 894.0 578.0 919.0 510.0 919.0 ship 0
512.0 873.0 580.0 873.0 580.0 895.0 512.0 895.0 ship 0
514.0 848.0 582.0 848.0 582.0 873.0 514.0 873.0 ship 0
515.0 827.0 579.0 827.0 579.0 849.0 515.0 849.0 ship 0
517.0 804.0 570.0 804.0 570.0 825.0 517.0 825.0 ship 0
456.0 749.0 520.0 749.0 520.0 771.0 456.0 771.0 ship 0
466.0 729.0 519.0 729.0 519.0 747.0 466.0 747.0 ship 0
460.0 703.0 518.0 703.0 518.0 724.0 460.0 724.0 ship 0
472.0 680.0 523.0 680.0 523.0 700.0 472.0 700.0 ship 0
465.0 657.0 519.0 657.0 519.0 678.0 465.0 678.0 ship 0
468.0 635.0 523.0 635.0 523.0 653.0 468.0 653.0 ship 0
469.0 612.0 518.0 612.0 518.0 631.0 469.0 631.0 ship 0
473.0 588.0 521.0 588.0 521.0 607.0 473.0 607.0 ship 0
472.0 564.0 522.0 564.0 522.0 584.0 472.0 584.0 ship 0
473.0 537.0 541.0 537.0 541.0 559.0 473.0 559.0 ship 0
539.0 560.0 584.0 560.0 584.0 575.0 539.0 575.0 ship 0
537.0 576.0 587.0 576.0 587.0 597.0 537.0 597.0 ship 0
538.0 600.0 587.0 600.0 587.0 618.0 538.0 618.0 ship 0
534.0 621.0 583.0 621.0 583.0 642.0 534.0 642.0 ship 0
532.0 643.0 589.0 643.0 589.0 665.0 532.0 665.0 ship 0
533.0 666.0 578.0 666.0 578.0 686.0 533.0 686.0 ship 0
532.0 688.0 581.0 688.0 581.0 708.0 532.0 708.0 ship 0
531.0 710.0 580.0 710.0 580.0 729.0 531.0 729.0 ship 0
528.0 732.0 582.0 732.0 582.0 751.0 528.0 751.0 ship 0
532.0 759.0 581.0 759.0 581.0 774.0 532.0 774.0 ship 0
536.0 782.0 578.0 782.0 578.0 796.0 536.0 796.0 ship 0
731.0 833.0 777.0 833.0 777.0 852.0 731.0 852.0 ship 0
1511.0 1074.0 1557.0 1074.0 1557.0 1106.0 1511.0 1106.0 ship 0
1466.0 1117.0 1516.0 1117.0 1516.0 1152.0 1466.0 1152.0 ship 0
1459.0 1101.0 1506.0 1101.0 1506.0 1134.0 1459.0 1134.0 ship 0
2282.0 871.0 2297.0 871.0 2297.0 890.0 2282.0 890.0 small-vehicle 1
1749.0 1408.0 1771.0 1408.0 1771.0 1426.0 1749.0 1426.0 small-vehicle 1
1707.0 1412.0 1729.0 1412.0 1729.0 1430.0 1707.0 1430.0 small-vehicle 1
1706.0 1366.0 1718.0 1366.0 1718.0 1388.0 1706.0 1388.0 small-vehicle 1
1727.0 1353.0 1740.0 1353.0 1740.0 1376.0 1727.0 1376.0 small-vehicle 1
1893.0 1072.0 1908.0 1072.0 1908.0 1094.0 1893.0 1094.0 small-vehicle 1
1902.0 1066.0 1918.0 1066.0 1918.0 1090.0 1902.0 1090.0 small-vehicle 1
1751.0 1088.0 1774.0 1088.0 1774.0 1108.0 1751.0 1108.0 small-vehicle 1
2055.0 1028.0 2067.0 1028.0 2067.0 1050.0 2055.0 1050.0 small-vehicle 1
2065.0 923.0 2088.0 923.0 2088.0 949.0 2065.0 949.0 small-vehicle 1
2131.0 888.0 2153.0 888.0 2153.0 911.0 2131.0 911.0 small-vehicle 1
2291.0 894.0 2308.0 894.0 2308.0 913.0 2291.0 913.0 small-vehicle 1
2273.0 897.0 2289.0 897.0 2289.0 917.0 2273.0 917.0 small-vehicle 1
2290.0 864.0 2310.0 864.0 2310.0 888.0 2290.0 888.0 small-vehicle 1
2264.0 877.0 2280.0 877.0 2280.0 899.0 2264.0 899.0 small-vehicle 1
1388.0 1323.0 1404.0 1323.0 1404.0 1346.0 1388.0 1346.0 small-vehicle 1
2255.0 885.0 2271.0 885.0 2271.0 905.0 2255.0 905.0 small-vehicle 1
2250.0 893.0 2264.0 893.0 2264.0 909.0 2250.0 909.0 small-vehicle 1
2322.0 786.0 2341.0 786.0 2341.0 805.0 2322.0 805.0 small-vehicle 1
2315.0 790.0 2332.0 790.0 2332.0 811.0 2315.0 811.0 small-vehicle 1
2305.0 794.0 2322.0 794.0 2322.0 815.0 2305.0 815.0 small-vehicle 1
2301.0 798.0 2316.0 798.0 2316.0 817.0 2301.0 817.0 small-vehicle 1
2290.0 803.0 2307.0 803.0 2307.0 824.0 2290.0 824.0 small-vehicle 1
2273.0 811.0 2289.0 811.0 2289.0 832.0 2273.0 832.0 small-vehicle 1
2256.0 820.0 2271.0 820.0 2271.0 842.0 2256.0 842.0 small-vehicle 1
2248.0 826.0 2261.0 826.0 2261.0 847.0 2248.0 847.0 small-vehicle 1
2239.0 827.0 2255.0 827.0 2255.0 851.0 2239.0 851.0 small-vehicle 1
2230.0 832.0 2246.0 832.0 2246.0 852.0 2230.0 852.0 small-vehicle 1
2313.0 766.0 2333.0 766.0 2333.0 790.0 2313.0 790.0 small-vehicle 1
1746.0 1386.0 1772.0 1386.0 1772.0 1408.0 1746.0 1408.0 small-vehicle 1
1690.0 1434.0 1711.0 1434.0 1711.0 1457.0 1690.0 1457.0 small-vehicle 1
1751.0 1478.0 1764.0 1478.0 1764.0 1499.0 1751.0 1499.0 small-vehicle 1
1769.0 1443.0 1782.0 1443.0 1782.0 1468.0 1769.0 1468.0 small-vehicle 1
1371.0 1331.0 1386.0 1331.0 1386.0 1352.0 1371.0 1352.0 small-vehicle 1
1361.0 1335.0 1379.0 1335.0 1379.0 1358.0 1361.0 1358.0 small-vehicle 1
1354.0 1340.0 1369.0 1340.0 1369.0 1361.0 1354.0 1361.0 small-vehicle 1
1337.0 1347.0 1354.0 1347.0 1354.0 1372.0 1337.0 1372.0 small-vehicle 1
1316.0 1356.0 1336.0 1356.0 1336.0 1384.0 1316.0 1384.0 small-vehicle 1
1500.0 1245.0 1525.0 1245.0 1525.0 1263.0 1500.0 1263.0 small-vehicle 1
1592.0 1262.0 1617.0 1262.0 1617.0 1284.0 1592.0 1284.0 small-vehicle 1
1607.0 1256.0 1629.0 1256.0 1629.0 1275.0 1607.0 1275.0 small-vehicle 1
1684.0 1214.0 1709.0 1214.0 1709.0 1235.0 1684.0 1235.0 small-vehicle 1
1645.0 1241.0 1666.0 1241.0 1666.0 1257.0 1645.0 1257.0 small-vehicle 1
1499.0 1602.0 1515.0 1602.0 1515.0 1622.0 1499.0 1622.0 small-vehicle 1
1509.0 1576.0 1535.0 1576.0 1535.0 1595.0 1509.0 1595.0 small-vehicle 1
1502.0 1559.0 1524.0 1559.0 1524.0 1576.0 1502.0 1576.0 small-vehicle 1
1547.0 1537.0 1573.0 1537.0 1573.0 1559.0 1547.0 1559.0 small-vehicle 1
1555.0 1556.0 1582.0 1556.0 1582.0 1578.0 1555.0 1578.0 small-vehicle 1
1565.0 1577.0 1591.0 1577.0 1591.0 1598.0 1565.0 1598.0 small-vehicle 1
1584.0 1556.0 1608.0 1556.0 1608.0 1574.0 1584.0 1574.0 small-vehicle 1
1578.0 1548.0 1600.0 1548.0 1600.0 1566.0 1578.0 1566.0 small-vehicle 1
1573.0 1539.0 1598.0 1539.0 1598.0 1557.0 1573.0 1557.0 small-vehicle 1
1570.0 1531.0 1590.0 1531.0 1590.0 1548.0 1570.0 1548.0 small-vehicle 1
1564.0 1521.0 1588.0 1521.0 1588.0 1539.0 1564.0 1539.0 small-vehicle 1
1560.0 1513.0 1580.0 1513.0 1580.0 1530.0 1560.0 1530.0 small-vehicle 1
1554.0 1503.0 1573.0 1503.0 1573.0 1521.0 1554.0 1521.0 small-vehicle 1
1549.0 1495.0 1569.0 1495.0 1569.0 1511.0 1549.0 1511.0 small-vehicle 1
1662.0 1532.0 1674.0 1532.0 1674.0 1552.0 1662.0 1552.0 small-vehicle 1
1816.0 1416.0 1828.0 1416.0 1828.0 1440.0 1816.0 1440.0 small-vehicle 1
1799.0 1430.0 1809.0 1430.0 1809.0 1451.0 1799.0 1451.0 small-vehicle 1
2305.0 771.0 2325.0 771.0 2325.0 791.0 2305.0 791.0 small-vehicle 1
2297.0 774.0 2315.0 774.0 2315.0 798.0 2297.0 798.0 small-vehicle 1
2279.0 784.0 2299.0 784.0 2299.0 807.0 2279.0 807.0 small-vehicle 1
2281.0 298.0 2295.0 298.0 2295.0 317.0 2281.0 317.0 small-vehicle 1
2259.0 290.0 2273.0 290.0 2273.0 312.0 2259.0 312.0 small-vehicle 1
2248.0 286.0 2263.0 286.0 2263.0 308.0 2248.0 308.0 small-vehicle 1
2237.0 285.0 2252.0 285.0 2252.0 305.0 2237.0 305.0 small-vehicle 1
2241.0 311.0 2256.0 311.0 2256.0 334.0 2241.0 334.0 small-vehicle 1
2229.0 307.0 2245.0 307.0 2245.0 330.0 2229.0 330.0 small-vehicle 1
2219.0 306.0 2232.0 306.0 2232.0 326.0 2219.0 326.0 small-vehicle 1
2207.0 305.0 2221.0 305.0 2221.0 325.0 2207.0 325.0 small-vehicle 1
2197.0 298.0 2212.0 298.0 2212.0 322.0 2197.0 322.0 small-vehicle 1
2214.0 279.0 2229.0 279.0 2229.0 304.0 2214.0 304.0 small-vehicle 1
2201.0 276.0 2215.0 276.0 2215.0 298.0 2201.0 298.0 small-vehicle 1
2182.0 268.0 2194.0 268.0 2194.0 291.0 2182.0 291.0 small-vehicle 1
2171.0 267.0 2184.0 267.0 2184.0 290.0 2171.0 290.0 small-vehicle 1
2153.0 287.0 2167.0 287.0 2167.0 306.0 2153.0 306.0 small-vehicle 1
2143.0 287.0 2153.0 287.0 2153.0 306.0 2143.0 306.0 small-vehicle 1
2153.0 374.0 2174.0 374.0 2174.0 389.0 2153.0 389.0 small-vehicle 1
2113.0 360.0 2135.0 360.0 2135.0 377.0 2113.0 377.0 small-vehicle 1
2085.0 352.0 2106.0 352.0 2106.0 368.0 2085.0 368.0 small-vehicle 1
2063.0 333.0 2083.0 333.0 2083.0 345.0 2063.0 345.0 small-vehicle 1
2061.0 346.0 2080.0 346.0 2080.0 359.0 2061.0 359.0 small-vehicle 1
2329.0 39.0 2343.0 39.0 2343.0 63.0 2329.0 63.0 small-vehicle 1
2325.0 23.0 2338.0 23.0 2338.0 47.0 2325.0 47.0 small-vehicle 1
2312.0 9.0 2326.0 9.0 2326.0 31.0 2312.0 31.0 small-vehicle 1
2309.0 94.0 2331.0 94.0 2331.0 105.0 2309.0 105.0 small-vehicle 1
2280.0 76.0 2297.0 76.0 2297.0 101.0 2280.0 101.0 small-vehicle 1
2268.0 82.0 2287.0 82.0 2287.0 106.0 2268.0 106.0 small-vehicle 1
2245.0 99.0 2262.0 99.0 2262.0 119.0 2245.0 119.0 small-vehicle 1
2243.0 126.0 2264.0 126.0 2264.0 150.0 2243.0 150.0 small-vehicle 1
2270.0 294.0 2285.0 294.0 2285.0 314.0 2270.0 314.0 small-vehicle 1
2253.0 315.0 2266.0 315.0 2266.0 334.0 2253.0 334.0 small-vehicle 1
2264.0 791.0 2279.0 791.0 2279.0 813.0 2264.0 813.0 small-vehicle 1
2263.0 318.0 2277.0 318.0 2277.0 340.0 2263.0 340.0 small-vehicle 1
2244.0 799.0 2262.0 799.0 2262.0 825.0 2244.0 825.0 small-vehicle 1
2220.0 815.0 2236.0 815.0 2236.0 835.0 2220.0 835.0 small-vehicle 1
2310.0 711.0 2326.0 711.0 2326.0 730.0 2310.0 730.0 small-vehicle 1
2296.0 691.0 2315.0 691.0 2315.0 715.0 2296.0 715.0 small-vehicle 1
2262.0 708.0 2281.0 708.0 2281.0 730.0 2262.0 730.0 small-vehicle 1
2272.0 728.0 2289.0 728.0 2289.0 750.0 2272.0 750.0 small-vehicle 1
2245.0 738.0 2265.0 738.0 2265.0 764.0 2245.0 764.0 small-vehicle 1
2192.0 766.0 2209.0 766.0 2209.0 786.0 2192.0 786.0 small-vehicle 1
2223.0 757.0 2236.0 757.0 2236.0 776.0 2223.0 776.0 small-vehicle 1
2199.0 742.0 2219.0 742.0 2219.0 764.0 2199.0 764.0 small-vehicle 1
2274.0 382.0 2290.0 382.0 2290.0 403.0 2274.0 403.0 small-vehicle 1
2263.0 376.0 2280.0 376.0 2280.0 398.0 2263.0 398.0 small-vehicle 1
2253.0 370.0 2269.0 370.0 2269.0 392.0 2253.0 392.0 small-vehicle 1
2221.0 351.0 2241.0 351.0 2241.0 375.0 2221.0 375.0 small-vehicle 1
2280.0 245.0 2296.0 245.0 2296.0 269.0 2280.0 269.0 small-vehicle 1
2268.0 244.0 2282.0 244.0 2282.0 265.0 2268.0 265.0 small-vehicle 1
2257.0 243.0 2269.0 243.0 2269.0 260.0 2257.0 260.0 small-vehicle 1
2235.0 231.0 2251.0 231.0 2251.0 257.0 2235.0 257.0 small-vehicle 1
2320.0 332.0 2332.0 332.0 2332.0 354.0 2320.0 354.0 small-vehicle 1
2308.0 329.0 2323.0 329.0 2323.0 352.0 2308.0 352.0 small-vehicle 1
2326.0 308.0 2340.0 308.0 2340.0 329.0 2326.0 329.0 small-vehicle 1
2315.0 307.0 2329.0 307.0 2329.0 327.0 2315.0 327.0 small-vehicle 1
2302.0 301.0 2317.0 301.0 2317.0 323.0 2302.0 323.0 small-vehicle 1
2292.0 300.0 2308.0 300.0 2308.0 322.0 2292.0 322.0 small-vehicle 1
2297.0 326.0 2311.0 326.0 2311.0 348.0 2297.0 348.0 small-vehicle 1
2284.0 323.0 2299.0 323.0 2299.0 346.0 2284.0 346.0 small-vehicle 1
2273.0 319.0 2287.0 319.0 2287.0 344.0 2273.0 344.0 small-vehicle 1
1378.0 1327.0 1395.0 1327.0 1395.0 1348.0 1378.0 1348.0 small-vehicle 1
1402.0 1314.0 1419.0 1314.0 1419.0 1337.0 1402.0 1337.0 small-vehicle 1
2210.0 118.0 2229.0 118.0 2229.0 143.0 2210.0 143.0 small-vehicle 1
419.0 781.0 437.0 781.0 437.0 791.0 419.0 791.0 ship 1
1377.0 1381.0 1393.0 1381.0 1393.0 1406.0 1377.0 1406.0 small-vehicle 1
862.0 98.0 874.0 98.0 874.0 119.0 862.0 119.0 small-vehicle 1
855.0 95.0 868.0 95.0 868.0 116.0 855.0 116.0 small-vehicle 1
847.0 93.0 859.0 93.0 859.0 114.0 847.0 114.0 small-vehicle 1
821.0 86.0 834.0 86.0 834.0 107.0 821.0 107.0 small-vehicle 1
813.0 82.0 826.0 82.0 826.0 106.0 813.0 106.0 small-vehicle 1
803.0 82.0 816.0 82.0 816.0 103.0 803.0 103.0 small-vehicle 1
767.0 70.0 781.0 70.0 781.0 92.0 767.0 92.0 small-vehicle 1
759.0 67.0 772.0 67.0 772.0 90.0 759.0 90.0 small-vehicle 1
750.0 65.0 762.0 65.0 762.0 87.0 750.0 87.0 small-vehicle 1
241.0 55.0 262.0 55.0 262.0 65.0 241.0 65.0 small-vehicle 1
1641.0 1200.0 1658.0 1200.0 1658.0 1221.0 1641.0 1221.0 small-vehicle 0
387.0 842.0 403.0 842.0 403.0 852.0 387.0 852.0 ship 1
654.0 1199.0 671.0 1199.0 671.0 1213.0 654.0 1213.0 ship 1
1419.0 1304.0 1438.0 1304.0 1438.0 1327.0 1419.0 1327.0 small-vehicle 1
72.0 1307.0 83.0 1307.0 83.0 1324.0 72.0 1324.0 ship 1
331.0 796.0 351.0 796.0 351.0 806.0 331.0 806.0 ship 1
675.0 392.0 701.0 392.0 701.0 403.0 675.0 403.0 ship 1
67.0 177.0 82.0 177.0 82.0 198.0 67.0 198.0 ship 1
1832.0 1410.0 1846.0 1410.0 1846.0 1437.0 1832.0 1437.0 small-vehicle 1
719.0 569.0 775.0 569.0 775.0 591.0 719.0 591.0 ship 0
773.0 1379.0 787.0 1379.0 787.0 1397.0 773.0 1397.0 ship 0
815.0 1461.0 841.0 1461.0 841.0 1493.0 815.0 1493.0 ship 0
930.0 1454.0 960.0 1454.0 960.0 1480.0 930.0 1480.0 ship 0
923.0 1432.0 962.0 1432.0 962.0 1463.0 923.0 1463.0 ship 0
1610.0 1604.0 1652.0 1604.0 1652.0 1635.0 1610.0 1635.0 ship 0
1665.0 1593.0 1717.0 1593.0 1717.0 1630.0 1665.0 1630.0 ship 0
1658.0 1574.0 1709.0 1574.0 1709.0 1611.0 1658.0 1611.0 ship 0
1230.0 1375.0 1248.0 1375.0 1248.0 1399.0 1230.0 1399.0 small-vehicle 1
1251.0 1447.0 1270.0 1447.0 1270.0 1471.0 1251.0 1471.0 small-vehicle 1
1091.0 1532.0 1108.0 1532.0 1108.0 1555.0 1091.0 1555.0 small-vehicle 1
1388.0 1435.0 1404.0 1435.0 1404.0 1457.0 1388.0 1457.0 small-vehicle 1
2325.0 258.0 2337.0 258.0 2337.0 275.0 2325.0 275.0 small-vehicle 1
2316.0 256.0 2328.0 256.0 2328.0 276.0 2316.0 276.0 small-vehicle 1
2302.0 251.0 2317.0 251.0 2317.0 272.0 2302.0 272.0 small-vehicle 1
2290.0 248.0 2306.0 248.0 2306.0 270.0 2290.0 270.0 small-vehicle 1
2243.0 363.0 2261.0 363.0 2261.0 388.0 2243.0 388.0 small-vehicle 1
2233.0 357.0 2251.0 357.0 2251.0 381.0 2233.0 381.0 small-vehicle 1
2185.0 295.0 2201.0 295.0 2201.0 316.0 2185.0 316.0 small-vehicle 1
2163.0 291.0 2177.0 291.0 2177.0 310.0 2163.0 310.0 small-vehicle 1
2266.0 429.0 2289.0 429.0 2289.0 448.0 2266.0 448.0 small-vehicle 1
1925.0 481.0 1951.0 481.0 1951.0 497.0 1925.0 497.0 small-vehicle 1
1931.0 577.0 1953.0 577.0 1953.0 591.0 1931.0 591.0 small-vehicle 1
1926.0 589.0 1950.0 589.0 1950.0 601.0 1926.0 601.0 small-vehicle 1
1855.0 570.0 1875.0 570.0 1875.0 583.0 1855.0 583.0 small-vehicle 1
2326.0 846.0 2344.0 846.0 2344.0 872.0 2326.0 872.0 small-vehicle 1
2316.0 851.0 2336.0 851.0 2336.0 875.0 2316.0 875.0 small-vehicle 1
2310.0 855.0 2326.0 855.0 2326.0 879.0 2310.0 879.0 small-vehicle 1
2319.0 877.0 2337.0 877.0 2337.0 898.0 2319.0 898.0 small-vehicle 1
2310.0 881.0 2327.0 881.0 2327.0 902.0 2310.0 902.0 small-vehicle 1
2301.0 886.0 2317.0 886.0 2317.0 906.0 2301.0 906.0 small-vehicle 1
2123.0 950.0 2145.0 950.0 2145.0 977.0 2123.0 977.0 small-vehicle 1
2097.0 963.0 2119.0 963.0 2119.0 988.0 2097.0 988.0 small-vehicle 1
1884.0 1076.0 1899.0 1076.0 1899.0 1101.0 1884.0 1101.0 small-vehicle 1
1872.0 1081.0 1888.0 1081.0 1888.0 1107.0 1872.0 1107.0 small-vehicle 1
1852.0 1093.0 1870.0 1093.0 1870.0 1119.0 1852.0 1119.0 small-vehicle 1
1457.0 1339.0 1474.0 1339.0 1474.0 1362.0 1457.0 1362.0 small-vehicle 1
1646.0 1406.0 1665.0 1406.0 1665.0 1428.0 1646.0 1428.0 small-vehicle 1
1379.0 1441.0 1395.0 1441.0 1395.0 1461.0 1379.0 1461.0 small-vehicle 1
1797.0 1582.0 1848.0 1582.0 1848.0 1623.0 1797.0 1623.0 ship 0
1785.0 1564.0 1835.0 1564.0 1835.0 1598.0 1785.0 1598.0 ship 0
1771.0 1547.0 1818.0 1547.0 1818.0 1580.0 1771.0 1580.0 ship 0
1145.0 1599.0 1155.0 1599.0 1155.0 1623.0 1145.0 1623.0 small-vehicle 1
1069.0 1540.0 1090.0 1540.0 1090.0 1567.0 1069.0 1567.0 small-vehicle 1
1037.0 1502.0 1056.0 1502.0 1056.0 1525.0 1037.0 1525.0 small-vehicle 1
1028.0 1485.0 1044.0 1485.0 1044.0 1507.0 1028.0 1507.0 small-vehicle 1
1048.0 1477.0 1065.0 1477.0 1065.0 1496.0 1048.0 1496.0 small-vehicle 1
1064.0 1465.0 1083.0 1465.0 1083.0 1488.0 1064.0 1488.0 small-vehicle 1
1056.0 1472.0 1074.0 1472.0 1074.0 1491.0 1056.0 1491.0 small-vehicle 1
1049.0 1547.0 1072.0 1547.0 1072.0 1576.0 1049.0 1576.0 small-vehicle 1
1109.0 1527.0 1125.0 1527.0 1125.0 1547.0 1109.0 1547.0 small-vehicle 1
1119.0 1459.0 1139.0 1459.0 1139.0 1485.0 1119.0 1485.0 small-vehicle 1
1101.0 1447.0 1117.0 1447.0 1117.0 1469.0 1101.0 1469.0 small-vehicle 1
1117.0 1437.0 1133.0 1437.0 1133.0 1459.0 1117.0 1459.0 small-vehicle 1
1128.0 1433.0 1144.0 1433.0 1144.0 1454.0 1128.0 1454.0 small-vehicle 1
1142.0 1423.0 1162.0 1423.0 1162.0 1447.0 1142.0 1447.0 small-vehicle 1
1177.0 1408.0 1197.0 1408.0 1197.0 1429.0 1177.0 1429.0 small-vehicle 1
1184.0 1400.0 1205.0 1400.0 1205.0 1423.0 1184.0 1423.0 small-vehicle 1
1264.0 1443.0 1282.0 1443.0 1282.0 1467.0 1264.0 1467.0 small-vehicle 1
1141.0 1505.0 1160.0 1505.0 1160.0 1529.0 1141.0 1529.0 small-vehicle 1
1411.0 1419.0 1432.0 1419.0 1432.0 1445.0 1411.0 1445.0 small-vehicle 1
1429.0 1413.0 1444.0 1413.0 1444.0 1437.0 1429.0 1437.0 small-vehicle 1
1483.0 1326.0 1499.0 1326.0 1499.0 1349.0 1483.0 1349.0 small-vehicle 1
1475.0 1330.0 1492.0 1330.0 1492.0 1353.0 1475.0 1353.0 small-vehicle 1
1430.0 1350.0 1450.0 1350.0 1450.0 1374.0 1430.0 1374.0 small-vehicle 1
1417.0 1360.0 1435.0 1360.0 1435.0 1384.0 1417.0 1384.0 small-vehicle 1
1390.0 1373.0 1411.0 1373.0 1411.0 1399.0 1390.0 1399.0 small-vehicle 1
1359.0 1393.0 1377.0 1393.0 1377.0 1415.0 1359.0 1415.0 small-vehicle 1
1443.0 1294.0 1462.0 1294.0 1462.0 1313.0 1443.0 1313.0 small-vehicle 1
1433.0 1297.0 1451.0 1297.0 1451.0 1319.0 1433.0 1319.0 small-vehicle 1
1117.0 1598.0 1128.0 1598.0 1128.0 1622.0 1117.0 1622.0 small-vehicle 1
1155.0 1599.0 1168.0 1599.0 1168.0 1622.0 1155.0 1622.0 small-vehicle 1
1758.0 1524.0 1813.0 1524.0 1813.0 1565.0 1758.0 1565.0 ship 0
1168.0 1600.0 1181.0 1600.0 1181.0 1621.0 1168.0 1621.0 small-vehicle 1
1867.0 1583.0 1937.0 1583.0 1937.0 1629.0 1867.0 1629.0 ship 0
1853.0 1557.0 1920.0 1557.0 1920.0 1606.0 1853.0 1606.0 ship 0
1842.0 1533.0 1908.0 1533.0 1908.0 1580.0 1842.0 1580.0 ship 0
1831.0 1514.0 1898.0 1514.0 1898.0 1556.0 1831.0 1556.0 ship 0
1818.0 1487.0 1881.0 1487.0 1881.0 1528.0 1818.0 1528.0 ship 0
2266.0 1336.0 2287.0 1336.0 2287.0 1353.0 2266.0 1353.0 ship 0
2243.0 1069.0 2284.0 1069.0 2284.0 1107.0 2243.0 1107.0 ship 0
2258.0 1163.0 2286.0 1163.0 2286.0 1195.0 2258.0 1195.0 ship 0
1320.0 1560.0 1339.0 1560.0 1339.0 1582.0 1320.0 1582.0 small-vehicle 1
1312.0 1566.0 1330.0 1566.0 1330.0 1588.0 1312.0 1588.0 small-vehicle 1
1303.0 1573.0 1324.0 1573.0 1324.0 1595.0 1303.0 1595.0 small-vehicle 1
1295.0 1579.0 1317.0 1579.0 1317.0 1600.0 1295.0 1600.0 small-vehicle 1
1288.0 1586.0 1306.0 1586.0 1306.0 1607.0 1288.0 1607.0 small-vehicle 1
980.0 1539.0 1000.0 1539.0 1000.0 1554.0 980.0 1554.0 small-vehicle 1
975.0 1529.0 999.0 1529.0 999.0 1544.0 975.0 1544.0 small-vehicle 1
973.0 1518.0 994.0 1518.0 994.0 1535.0 973.0 1535.0 small-vehicle 1
1282.0 1525.0 1301.0 1525.0 1301.0 1544.0 1282.0 1544.0 small-vehicle 1
1273.0 1531.0 1293.0 1531.0 1293.0 1553.0 1273.0 1553.0 small-vehicle 1
1251.0 1550.0 1272.0 1550.0 1272.0 1570.0 1251.0 1570.0 small-vehicle 1
1243.0 1557.0 1262.0 1557.0 1262.0 1578.0 1243.0 1578.0 small-vehicle 1
1234.0 1564.0 1256.0 1564.0 1256.0 1589.0 1234.0 1589.0 small-vehicle 1
1227.0 1570.0 1246.0 1570.0 1246.0 1594.0 1227.0 1594.0 small-vehicle 1
1205.0 1581.0 1224.0 1581.0 1224.0 1605.0 1205.0 1605.0 small-vehicle 1
1214.0 1576.0 1235.0 1576.0 1235.0 1600.0 1214.0 1600.0 small-vehicle 1
1196.0 1586.0 1215.0 1586.0 1215.0 1612.0 1196.0 1612.0 small-vehicle 1
1185.0 1590.0 1204.0 1590.0 1204.0 1614.0 1185.0 1614.0 small-vehicle 1
1174.0 1595.0 1193.0 1595.0 1193.0 1616.0 1174.0 1616.0 small-vehicle 1
2232.0 106.0 2250.0 106.0 2250.0 131.0 2232.0 131.0 small-vehicle 1
2144.0 133.0 2188.0 133.0 2188.0 156.0 2144.0 156.0 large-vehicle 0
1446.0 1082.0 1497.0 1082.0 1497.0 1120.0 1446.0 1120.0 ship 0
315.0 142.0 333.0 142.0 333.0 165.0 315.0 165.0 small-vehicle 0
423.0 34.0 438.0 34.0 438.0 55.0 423.0 55.0 small-vehicle 1
412.0 29.0 428.0 29.0 428.0 53.0 412.0 53.0 small-vehicle 1
566.0 206.0 581.0 206.0 581.0 227.0 566.0 227.0 small-vehicle 1
570.0 136.0 584.0 136.0 584.0 158.0 570.0 158.0 small-vehicle 1
529.0 131.0 542.0 131.0 542.0 151.0 529.0 151.0 small-vehicle 1
511.0 191.0 527.0 191.0 527.0 213.0 511.0 213.0 small-vehicle 1
492.0 34.0 513.0 34.0 513.0 47.0 492.0 47.0 small-vehicle 1
455.0 40.0 468.0 40.0 468.0 64.0 455.0 64.0 small-vehicle 1
503.0 58.0 515.0 58.0 515.0 79.0 503.0 79.0 small-vehicle 1
382.0 21.0 394.0 21.0 394.0 42.0 382.0 42.0 small-vehicle 0
343.0 7.0 358.0 7.0 358.0 28.0 343.0 28.0 small-vehicle 0
322.0 3.0 337.0 3.0 337.0 26.0 322.0 26.0 small-vehicle 0
337.0 145.0 354.0 145.0 354.0 169.0 337.0 169.0 small-vehicle 0
332.0 93.0 347.0 93.0 347.0 114.0 332.0 114.0 small-vehicle 0
920.0 253.0 935.0 253.0 935.0 275.0 920.0 275.0 small-vehicle 1
310.0 88.0 326.0 88.0 326.0 109.0 310.0 109.0 small-vehicle 0
312.0 32.0 328.0 32.0 328.0 53.0 312.0 53.0 small-vehicle 0
304.0 28.0 318.0 28.0 318.0 49.0 304.0 49.0 small-vehicle 0
242.0 19.0 265.0 19.0 265.0 27.0 242.0 27.0 small-vehicle 0
243.0 37.0 263.0 37.0 263.0 47.0 243.0 47.0 small-vehicle 0
239.0 66.0 262.0 66.0 262.0 77.0 239.0 77.0 small-vehicle 0
236.0 115.0 258.0 115.0 258.0 128.0 236.0 128.0 small-vehicle 0
235.0 126.0 256.0 126.0 256.0 136.0 235.0 136.0 small-vehicle 0
215.0 37.0 236.0 37.0 236.0 57.0 215.0 57.0 small-vehicle 0
213.0 51.0 233.0 51.0 233.0 69.0 213.0 69.0 small-vehicle 0
213.0 61.0 233.0 61.0 233.0 84.0 213.0 84.0 small-vehicle 0
210.0 89.0 229.0 89.0 229.0 110.0 210.0 110.0 small-vehicle 0
205.0 115.0 227.0 115.0 227.0 135.0 205.0 135.0 small-vehicle 0
552.0 71.0 566.0 71.0 566.0 97.0 552.0 97.0 small-vehicle 1
584.0 79.0 599.0 79.0 599.0 100.0 584.0 100.0 small-vehicle 1
644.0 70.0 667.0 70.0 667.0 85.0 644.0 85.0 small-vehicle 1
580.0 21.0 593.0 21.0 593.0 44.0 580.0 44.0 small-vehicle 1
870.0 240.0 885.0 240.0 885.0 263.0 870.0 263.0 small-vehicle 1
852.0 236.0 866.0 236.0 866.0 258.0 852.0 258.0 small-vehicle 1
842.0 235.0 854.0 235.0 854.0 256.0 842.0 256.0 small-vehicle 1
834.0 231.0 845.0 231.0 845.0 250.0 834.0 250.0 small-vehicle 1
842.0 208.0 867.0 208.0 867.0 225.0 842.0 225.0 small-vehicle 1
849.0 191.0 870.0 191.0 870.0 206.0 849.0 206.0 small-vehicle 1
813.0 226.0 827.0 226.0 827.0 246.0 813.0 246.0 small-vehicle 1
797.0 156.0 812.0 156.0 812.0 178.0 797.0 178.0 small-vehicle 1
722.0 250.0 737.0 250.0 737.0 274.0 722.0 274.0 small-vehicle 1
684.0 239.0 702.0 239.0 702.0 261.0 684.0 261.0 small-vehicle 1
748.0 112.0 761.0 112.0 761.0 133.0 748.0 133.0 small-vehicle 1
752.0 101.0 775.0 101.0 775.0 116.0 752.0 116.0 small-vehicle 1
863.0 148.0 882.0 148.0 882.0 163.0 863.0 163.0 small-vehicle 1
834.0 139.0 857.0 139.0 857.0 154.0 834.0 154.0 small-vehicle 1
830.0 90.0 842.0 90.0 842.0 110.0 830.0 110.0 small-vehicle 1
871.0 100.0 882.0 100.0 882.0 121.0 871.0 121.0 small-vehicle 1
881.0 105.0 892.0 105.0 892.0 124.0 881.0 124.0 small-vehicle 1
793.0 80.0 806.0 80.0 806.0 99.0 793.0 99.0 small-vehicle 1
784.0 78.0 795.0 78.0 795.0 95.0 784.0 95.0 small-vehicle 1
775.0 76.0 789.0 76.0 789.0 95.0 775.0 95.0 small-vehicle 1
740.0 64.0 752.0 64.0 752.0 83.0 740.0 83.0 small-vehicle 1
734.0 62.0 743.0 62.0 743.0 81.0 734.0 81.0 small-vehicle 1
445.0 39.0 459.0 39.0 459.0 61.0 445.0 61.0 small-vehicle 1
512.0 4.0 527.0 4.0 527.0 27.0 512.0 27.0 small-vehicle 1
531.0 9.0 545.0 9.0 545.0 33.0 531.0 33.0 small-vehicle 1
541.0 12.0 557.0 12.0 557.0 34.0 541.0 34.0 small-vehicle 1
561.0 17.0 577.0 17.0 577.0 40.0 561.0 40.0 small-vehicle 1
132.0 90.0 157.0 90.0 157.0 109.0 132.0 109.0 small-vehicle 0
99.0 71.0 119.0 71.0 119.0 81.0 99.0 81.0 small-vehicle 0
81.0 16.0 91.0 16.0 91.0 36.0 81.0 36.0 small-vehicle 0
1303.0 380.0 1324.0 380.0 1324.0 394.0 1303.0 394.0 ship 0
1629.0 1063.0 1667.0 1063.0 1667.0 1093.0 1629.0 1093.0 ship 0
1617.0 1047.0 1660.0 1047.0 1660.0 1079.0 1617.0 1079.0 ship 0
1611.0 1032.0 1651.0 1032.0 1651.0 1061.0 1611.0 1061.0 ship 0
1600.0 1015.0 1644.0 1015.0 1644.0 1047.0 1600.0 1047.0 ship 0
1169.0 1312.0 1200.0 1312.0 1200.0 1339.0 1169.0 1339.0 ship 0
1285.0 1039.0 1323.0 1039.0 1323.0 1068.0 1285.0 1068.0 ship 0
1240.0 1024.0 1307.0 1024.0 1307.0 1070.0 1240.0 1070.0 ship 0
536.0 1134.0 591.0 1134.0 591.0 1162.0 536.0 1162.0 ship 0
730.0 311.0 750.0 311.0 750.0 323.0 730.0 323.0 ship 0
678.0 303.0 704.0 303.0 704.0 315.0 678.0 315.0 ship 0
608.0 291.0 629.0 291.0 629.0 305.0 608.0 305.0 ship 0
379.0 209.0 424.0 209.0 424.0 239.0 379.0 239.0 ship 0
1502.0 1056.0 1548.0 1056.0 1548.0 1090.0 1502.0 1090.0 ship 0
1493.0 1039.0 1538.0 1039.0 1538.0 1074.0 1493.0 1074.0 ship 0
1483.0 1020.0 1528.0 1020.0 1528.0 1055.0 1483.0 1055.0 ship 0
1473.0 1004.0 1519.0 1004.0 1519.0 1039.0 1473.0 1039.0 ship 0
1462.0 987.0 1507.0 987.0 1507.0 1022.0 1462.0 1022.0 ship 0
1456.0 970.0 1499.0 970.0 1499.0 1002.0 1456.0 1002.0 ship 0
1446.0 953.0 1489.0 953.0 1489.0 985.0 1446.0 985.0 ship 0
1437.0 935.0 1482.0 935.0 1482.0 964.0 1437.0 964.0 ship 0
1385.0 952.0 1438.0 952.0 1438.0 992.0 1385.0 992.0 ship 0
1392.0 977.0 1441.0 977.0 1441.0 1012.0 1392.0 1012.0 ship 0
1401.0 995.0 1450.0 995.0 1450.0 1031.0 1401.0 1031.0 ship 0
1409.0 1012.0 1461.0 1012.0 1461.0 1047.0 1409.0 1047.0 ship 0
1419.0 1029.0 1468.0 1029.0 1468.0 1067.0 1419.0 1067.0 ship 0
1428.0 1046.0 1480.0 1046.0 1480.0 1083.0 1428.0 1083.0 ship 0
1439.0 1065.0 1486.0 1065.0 1486.0 1100.0 1439.0 1100.0 ship 0
1742.0 1154.0 1760.0 1154.0 1760.0 1177.0 1742.0 1177.0 ship 0
1337.0 386.0 1350.0 386.0 1350.0 404.0 1337.0 404.0 ship 0
41.0 52.0 62.0 52.0 62.0 64.0 41.0 64.0 small-vehicle 0
1245.0 539.0 1264.0 539.0 1264.0 562.0 1245.0 562.0 ship 0
1274.0 394.0 1287.0 394.0 1287.0 420.0 1274.0 420.0 ship 0
1288.0 417.0 1299.0 417.0 1299.0 437.0 1288.0 437.0 ship 0
1260.0 410.0 1273.0 410.0 1273.0 429.0 1260.0 429.0 ship 0
1446.0 495.0 1461.0 495.0 1461.0 520.0 1446.0 520.0 ship 0
1305.0 490.0 1319.0 490.0 1319.0 510.0 1305.0 510.0 ship 0
1284.0 475.0 1303.0 475.0 1303.0 498.0 1284.0 498.0 ship 0
1257.0 458.0 1278.0 458.0 1278.0 484.0 1257.0 484.0 ship 0
1240.0 446.0 1261.0 446.0 1261.0 469.0 1240.0 469.0 ship 0
1230.0 447.0 1247.0 447.0 1247.0 462.0 1230.0 462.0 ship 1
1193.0 432.0 1208.0 432.0 1208.0 451.0 1193.0 451.0 ship 0
1186.0 429.0 1203.0 429.0 1203.0 446.0 1186.0 446.0 ship 0
1183.0 424.0 1197.0 424.0 1197.0 444.0 1183.0 444.0 ship 0
1175.0 420.0 1191.0 420.0 1191.0 440.0 1175.0 440.0 ship 0
1151.0 406.0 1165.0 406.0 1165.0 424.0 1151.0 424.0 ship 0
1145.0 401.0 1162.0 401.0 1162.0 420.0 1145.0 420.0 ship 0
1138.0 395.0 1155.0 395.0 1155.0 415.0 1138.0 415.0 ship 0
1565.0 525.0 1576.0 525.0 1576.0 545.0 1565.0 545.0 ship 0
1554.0 523.0 1563.0 523.0 1563.0 541.0 1554.0 541.0 ship 0
1547.0 523.0 1556.0 523.0 1556.0 540.0 1547.0 540.0 ship 0
1541.0 520.0 1549.0 520.0 1549.0 539.0 1541.0 539.0 ship 0
1531.0 520.0 1543.0 520.0 1543.0 541.0 1531.0 541.0 ship 0
1588.0 578.0 1606.0 578.0 1606.0 588.0 1588.0 588.0 ship 0
1648.0 573.0 1663.0 573.0 1663.0 591.0 1648.0 591.0 ship 0
1523.0 627.0 1539.0 627.0 1539.0 643.0 1523.0 643.0 ship 1
1370.0 473.0 1386.0 473.0 1386.0 501.0 1370.0 501.0 ship 0
1357.0 470.0 1375.0 470.0 1375.0 499.0 1357.0 499.0 ship 0
1338.0 464.0 1357.0 464.0 1357.0 492.0 1338.0 492.0 ship 0
909.0 250.0 922.0 250.0 922.0 272.0 909.0 272.0 small-vehicle 1
953.0 264.0 969.0 264.0 969.0 287.0 953.0 287.0 small-vehicle 1
1884.0 110.0 1932.0 110.0 1932.0 135.0 1884.0 135.0 large-vehicle 0
1077.0 551.0 1099.0 551.0 1099.0 573.0 1077.0 573.0 small-vehicle 1
1116.0 634.0 1133.0 634.0 1133.0 657.0 1116.0 657.0 small-vehicle 1
1101.0 628.0 1118.0 628.0 1118.0 651.0 1101.0 651.0 small-vehicle 1
1055.0 602.0 1077.0 602.0 1077.0 627.0 1055.0 627.0 small-vehicle 1
1125.0 583.0 1145.0 583.0 1145.0 607.0 1125.0 607.0 small-vehicle 1
1152.0 575.0 1169.0 575.0 1169.0 593.0 1152.0 593.0 small-vehicle 1
1139.0 569.0 1158.0 569.0 1158.0 588.0 1139.0 588.0 small-vehicle 1
1130.0 560.0 1149.0 560.0 1149.0 582.0 1130.0 582.0 small-vehicle 1
916.0 595.0 943.0 595.0 943.0 605.0 916.0 605.0 small-vehicle 1
917.0 557.0 945.0 557.0 945.0 565.0 917.0 565.0 small-vehicle 1
916.0 545.0 943.0 545.0 943.0 555.0 916.0 555.0 small-vehicle 1
919.0 531.0 945.0 531.0 945.0 542.0 919.0 542.0 small-vehicle 1
922.0 519.0 945.0 519.0 945.0 529.0 922.0 529.0 small-vehicle 1
920.0 489.0 945.0 489.0 945.0 499.0 920.0 499.0 small-vehicle 1
1052.0 534.0 1072.0 534.0 1072.0 556.0 1052.0 556.0 small-vehicle 1
781.0 267.0 798.0 267.0 798.0 288.0 781.0 288.0 small-vehicle 1
1070.0 527.0 1090.0 527.0 1090.0 549.0 1070.0 549.0 small-vehicle 1
1056.0 515.0 1076.0 515.0 1076.0 535.0 1056.0 535.0 small-vehicle 1
1215.0 556.0 1234.0 556.0 1234.0 578.0 1215.0 578.0 small-vehicle 1
1196.0 539.0 1213.0 539.0 1213.0 559.0 1196.0 559.0 small-vehicle 1
1234.0 476.0 1254.0 476.0 1254.0 497.0 1234.0 497.0 small-vehicle 1
1214.0 464.0 1234.0 464.0 1234.0 484.0 1214.0 484.0 small-vehicle 1
1202.0 459.0 1223.0 459.0 1223.0 484.0 1202.0 484.0 small-vehicle 1
1192.0 456.0 1211.0 456.0 1211.0 478.0 1192.0 478.0 small-vehicle 1
1160.0 437.0 1179.0 437.0 1179.0 457.0 1160.0 457.0 small-vehicle 1
1141.0 427.0 1164.0 427.0 1164.0 447.0 1141.0 447.0 small-vehicle 1
1129.0 415.0 1148.0 415.0 1148.0 436.0 1129.0 436.0 small-vehicle 1
1122.0 409.0 1140.0 409.0 1140.0 429.0 1122.0 429.0 small-vehicle 1
1142.0 507.0 1160.0 507.0 1160.0 529.0 1142.0 529.0 small-vehicle 1
1075.0 644.0 1085.0 644.0 1085.0 666.0 1075.0 666.0 small-vehicle 1
1064.0 640.0 1074.0 640.0 1074.0 663.0 1064.0 663.0 small-vehicle 1
1575.0 182.0 1602.0 182.0 1602.0 200.0 1575.0 200.0 small-vehicle 1
1528.0 231.0 1554.0 231.0 1554.0 246.0 1528.0 246.0 small-vehicle 1
1799.0 58.0 1825.0 58.0 1825.0 103.0 1799.0 103.0 large-vehicle 0
1833.0 59.0 1850.0 59.0 1850.0 85.0 1833.0 85.0 small-vehicle 1
2262.0 526.0 2280.0 526.0 2280.0 547.0 2262.0 547.0 small-vehicle 1
2245.0 513.0 2264.0 513.0 2264.0 536.0 2245.0 536.0 small-vehicle 1
2231.0 502.0 2248.0 502.0 2248.0 525.0 2231.0 525.0 small-vehicle 1
1940.0 363.0 1962.0 363.0 1962.0 379.0 1940.0 379.0 small-vehicle 1
1975.0 415.0 1996.0 415.0 1996.0 430.0 1975.0 430.0 small-vehicle 1
1969.0 437.0 1991.0 437.0 1991.0 452.0 1969.0 452.0 small-vehicle 1
1936.0 445.0 1960.0 445.0 1960.0 462.0 1936.0 462.0 small-vehicle 1
2003.0 522.0 2025.0 522.0 2025.0 537.0 2003.0 537.0 small-vehicle 1
1993.0 544.0 2016.0 544.0 2016.0 557.0 1993.0 557.0 small-vehicle 1
1989.0 562.0 2010.0 562.0 2010.0 575.0 1989.0 575.0 small-vehicle 1
1907.0 543.0 1928.0 543.0 1928.0 557.0 1907.0 557.0 small-vehicle 1
1903.0 561.0 1927.0 561.0 1927.0 577.0 1903.0 577.0 small-vehicle 1
1855.0 557.0 1878.0 557.0 1878.0 574.0 1855.0 574.0 small-vehicle 1
1841.0 551.0 1856.0 551.0 1856.0 575.0 1841.0 575.0 small-vehicle 1
1824.0 554.0 1838.0 554.0 1838.0 576.0 1824.0 576.0 small-vehicle 1
1806.0 544.0 1820.0 544.0 1820.0 566.0 1806.0 566.0 small-vehicle 1
1724.0 523.0 1739.0 523.0 1739.0 545.0 1724.0 545.0 small-vehicle 1
1872.0 495.0 1893.0 495.0 1893.0 510.0 1872.0 510.0 small-vehicle 1
1875.0 485.0 1895.0 485.0 1895.0 499.0 1875.0 499.0 small-vehicle 1
1888.0 433.0 1909.0 433.0 1909.0 449.0 1888.0 449.0 small-vehicle 1
1898.0 417.0 1917.0 417.0 1917.0 429.0 1898.0 429.0 small-vehicle 1
1900.0 398.0 1924.0 398.0 1924.0 412.0 1900.0 412.0 small-vehicle 1
1934.0 342.0 1954.0 342.0 1954.0 357.0 1934.0 357.0 small-vehicle 1
1872.0 323.0 1894.0 323.0 1894.0 340.0 1872.0 340.0 small-vehicle 1
1626.0 296.0 1641.0 296.0 1641.0 317.0 1626.0 317.0 small-vehicle 1
1069.0 457.0 1087.0 457.0 1087.0 478.0 1069.0 478.0 small-vehicle 1
1089.0 441.0 1108.0 441.0 1108.0 465.0 1089.0 465.0 small-vehicle 1
1048.0 411.0 1067.0 411.0 1067.0 435.0 1048.0 435.0 small-vehicle 1
1270.0 211.0 1281.0 211.0 1281.0 230.0 1270.0 230.0 small-vehicle 1
1224.0 197.0 1241.0 197.0 1241.0 221.0 1224.0 221.0 small-vehicle 1
1204.0 192.0 1219.0 192.0 1219.0 216.0 1204.0 216.0 small-vehicle 1
1184.0 187.0 1199.0 187.0 1199.0 214.0 1184.0 214.0 small-vehicle 1
1166.0 182.0 1181.0 182.0 1181.0 205.0 1166.0 205.0 small-vehicle 1
1157.0 180.0 1171.0 180.0 1171.0 201.0 1157.0 201.0 small-vehicle 1
1136.0 174.0 1149.0 174.0 1149.0 197.0 1136.0 197.0 small-vehicle 1
1273.0 160.0 1296.0 160.0 1296.0 175.0 1273.0 175.0 small-vehicle 1
1116.0 169.0 1132.0 169.0 1132.0 189.0 1116.0 189.0 small-vehicle 1
1094.0 162.0 1110.0 162.0 1110.0 185.0 1094.0 185.0 small-vehicle 1
1088.0 161.0 1098.0 161.0 1098.0 182.0 1088.0 182.0 small-vehicle 1
1075.0 157.0 1089.0 157.0 1089.0 180.0 1075.0 180.0 small-vehicle 1
1064.0 151.0 1077.0 151.0 1077.0 171.0 1064.0 171.0 small-vehicle 1
962.0 243.0 981.0 243.0 981.0 256.0 962.0 256.0 small-vehicle 1
968.0 227.0 988.0 227.0 988.0 241.0 968.0 241.0 small-vehicle 1
976.0 200.0 998.0 200.0 998.0 214.0 976.0 214.0 small-vehicle 1
928.0 188.0 952.0 188.0 952.0 202.0 928.0 202.0 small-vehicle 1
933.0 169.0 954.0 169.0 954.0 184.0 933.0 184.0 small-vehicle 1
920.0 409.0 946.0 409.0 946.0 420.0 920.0 420.0 small-vehicle 1
923.0 389.0 949.0 389.0 949.0 399.0 923.0 399.0 small-vehicle 1
925.0 379.0 949.0 379.0 949.0 391.0 925.0 391.0 small-vehicle 1
910.0 302.0 923.0 302.0 923.0 323.0 910.0 323.0 small-vehicle 1
876.0 294.0 892.0 294.0 892.0 316.0 876.0 316.0 small-vehicle 1
854.0 287.0 867.0 287.0 867.0 310.0 854.0 310.0 small-vehicle 1
840.0 285.0 855.0 285.0 855.0 303.0 840.0 303.0 small-vehicle 1
831.0 282.0 846.0 282.0 846.0 302.0 831.0 302.0 small-vehicle 1
815.0 275.0 830.0 275.0 830.0 295.0 815.0 295.0 small-vehicle 1
807.0 272.0 817.0 272.0 817.0 292.0 807.0 292.0 small-vehicle 1
1255.0 207.0 1271.0 207.0 1271.0 227.0 1255.0 227.0 small-vehicle 1
1092.0 208.0 1105.0 208.0 1105.0 228.0 1092.0 228.0 small-vehicle 1
1063.0 423.0 1083.0 423.0 1083.0 448.0 1063.0 448.0 small-vehicle 1
1055.0 223.0 1066.0 223.0 1066.0 243.0 1055.0 243.0 small-vehicle 1
1089.0 401.0 1111.0 401.0 1111.0 422.0 1089.0 422.0 small-vehicle 1
1105.0 400.0 1123.0 400.0 1123.0 421.0 1105.0 421.0 small-vehicle 1
1034.0 357.0 1056.0 357.0 1056.0 371.0 1034.0 371.0 small-vehicle 1
1033.0 342.0 1056.0 342.0 1056.0 358.0 1033.0 358.0 small-vehicle 1
1154.0 299.0 1170.0 299.0 1170.0 324.0 1154.0 324.0 small-vehicle 1
1166.0 301.0 1182.0 301.0 1182.0 324.0 1166.0 324.0 small-vehicle 1
1232.0 320.0 1245.0 320.0 1245.0 343.0 1232.0 343.0 small-vehicle 1
1215.0 313.0 1227.0 313.0 1227.0 338.0 1215.0 338.0 small-vehicle 1
1195.0 309.0 1209.0 309.0 1209.0 332.0 1195.0 332.0 small-vehicle 1
1175.0 306.0 1189.0 306.0 1189.0 329.0 1175.0 329.0 small-vehicle 1
1147.0 297.0 1160.0 297.0 1160.0 319.0 1147.0 319.0 small-vehicle 1
1128.0 291.0 1141.0 291.0 1141.0 315.0 1128.0 315.0 small-vehicle 1
1109.0 288.0 1122.0 288.0 1122.0 308.0 1109.0 308.0 small-vehicle 1
1099.0 284.0 1110.0 284.0 1110.0 307.0 1099.0 307.0 small-vehicle 1
1092.0 281.0 1103.0 281.0 1103.0 303.0 1092.0 303.0 small-vehicle 1
1081.0 280.0 1095.0 280.0 1095.0 302.0 1081.0 302.0 small-vehicle 1
1068.0 273.0 1083.0 273.0 1083.0 300.0 1068.0 300.0 small-vehicle 1
1237.0 273.0 1254.0 273.0 1254.0 295.0 1237.0 295.0 small-vehicle 1
1285.0 311.0 1309.0 311.0 1309.0 327.0 1285.0 327.0 small-vehicle 1
1135.0 248.0 1150.0 248.0 1150.0 268.0 1135.0 268.0 small-vehicle 1
1193.0 262.0 1209.0 262.0 1209.0 287.0 1193.0 287.0 small-vehicle 1
1208.0 240.0 1222.0 240.0 1222.0 260.0 1208.0 260.0 small-vehicle 1
1154.0 251.0 1169.0 251.0 1169.0 271.0 1154.0 271.0 small-vehicle 1
1119.0 242.0 1134.0 242.0 1134.0 262.0 1119.0 262.0 small-vehicle 1
1103.0 237.0 1116.0 237.0 1116.0 257.0 1103.0 257.0 small-vehicle 1
1087.0 231.0 1100.0 231.0 1100.0 252.0 1087.0 252.0 small-vehicle 1
1069.0 227.0 1083.0 227.0 1083.0 247.0 1069.0 247.0 small-vehicle 1
227.0 182.0 302.0 182.0 302.0 439.0 227.0 439.0 harbor 0
