imagesource:GoogleEarth
gsd:0.263532348839
1384.0 742.0 1398.0 742.0 1398.0 763.0 1384.0 763.0 small-vehicle 1
1336.0 694.0 1358.0 694.0 1358.0 713.0 1336.0 713.0 small-vehicle 1
1357.0 62.0 1377.0 62.0 1377.0 77.0 1357.0 77.0 small-vehicle 1
912.0 62.0 938.0 62.0 938.0 73.0 912.0 73.0 small-vehicle 1
947.0 378.0 1166.0 378.0 1166.0 767.0 947.0 767.0 soccer-ball-field 0
717.0 373.0 938.0 373.0 938.0 759.0 717.0 759.0 soccer-ball-field 0
695.0 67.0 839.0 67.0 839.0 161.0 695.0 161.0 swimming-pool 0
619.0 176.0 812.0 176.0 812.0 267.0 619.0 267.0 swimming-pool 0
6.0 131.0 156.0 131.0 156.0 276.0 6.0 276.0 baseball-diamond 0
559.0 894.0 621.0 894.0 621.0 1009.0 559.0 1009.0 basketball-court 1
616.0 269.0 704.0 269.0 704.0 317.0 616.0 317.0 swimming-pool 0
488.0 755.0 547.0 755.0 547.0 860.0 488.0 860.0 basketball-court 1
554.0 757.0 616.0 757.0 616.0 861.0 554.0 861.0 basketball-court 1
489.0 904.0 536.0 904.0 536.0 996.0 489.0 996.0 tennis-court 0
420.0 901.0 467.0 901.0 467.0 992.0 420.0 992.0 tennis-court 0
424.0 764.0 471.0 764.0 471.0 856.0 424.0 856.0 tennis-court 0
353.0 762.0 401.0 762.0 401.0 854.0 353.0 854.0 tennis-court 0
286.0 760.0 332.0 760.0 332.0 852.0 286.0 852.0 tennis-court 0
358.0 625.0 405.0 625.0 405.0 717.0 358.0 717.0 tennis-court 0
290.0 622.0 336.0 622.0 336.0 715.0 290.0 715.0 tennis-court 0
220.0 620.0 265.0 620.0 265.0 712.0 220.0 712.0 tennis-court 0
1318.0 108.0 1332.0 108.0 1332.0 127.0 1318.0 127.0 small-vehicle 1
1335.0 196.0 1354.0 196.0 1354.0 206.0 1335.0 206.0 small-vehicle 1
1335.0 176.0 1354.0 176.0 1354.0 184.0 1335.0 184.0 small-vehicle 1
1352.0 736.0 1369.0 736.0 1369.0 757.0 1352.0 757.0 small-vehicle 1
671.0 1095.0 693.0 1095.0 693.0 1106.0 671.0 1106.0 small-vehicle 1
1212.0 955.0 1225.0 955.0 1225.0 975.0 1212.0 975.0 small-vehicle 1
712.0 894.0 740.0 894.0 740.0 908.0 712.0 908.0 small-vehicle 1
770.0 912.0 780.0 912.0 780.0 936.0 770.0 936.0 small-vehicle 1
757.0 911.0 768.0 911.0 768.0 936.0 757.0 936.0 small-vehicle 1
660.0 908.0 670.0 908.0 670.0 928.0 660.0 928.0 small-vehicle 1
1374.0 740.0 1388.0 740.0 1388.0 761.0 1374.0 761.0 small-vehicle 1
1363.0 738.0 1377.0 738.0 1377.0 758.0 1363.0 758.0 small-vehicle 1
1336.0 717.0 1355.0 717.0 1355.0 726.0 1336.0 726.0 small-vehicle 1
1390.0 202.0 1398.0 202.0 1398.0 219.0 1390.0 219.0 small-vehicle 1
1335.0 686.0 1356.0 686.0 1356.0 700.0 1335.0 700.0 small-vehicle 1
1378.0 671.0 1400.0 671.0 1400.0 686.0 1378.0 686.0 small-vehicle 1
1335.0 675.0 1361.0 675.0 1361.0 691.0 1335.0 691.0 small-vehicle 1
1340.0 656.0 1360.0 656.0 1360.0 672.0 1340.0 672.0 small-vehicle 1
1338.0 636.0 1359.0 636.0 1359.0 650.0 1338.0 650.0 small-vehicle 1
1337.0 606.0 1354.0 606.0 1354.0 619.0 1337.0 619.0 small-vehicle 1
1389.0 354.0 1399.0 354.0 1399.0 376.0 1389.0 376.0 small-vehicle 1
1363.0 252.0 1375.0 252.0 1375.0 272.0 1363.0 272.0 small-vehicle 1
311.0 117.0 569.0 117.0 569.0 542.0 311.0 542.0 soccer-ball-field 0
