imagesource:GoogleEarth
gsd:0.279294091535
1036.0 49.0 1045.0 49.0 1045.0 69.0 1036.0 69.0 small-vehicle 1
692.0 1561.0 704.0 1561.0 704.0 1586.0 692.0 1586.0 ship 0
664.0 1561.0 677.0 1561.0 677.0 1589.0 664.0 1589.0 ship 0
628.0 1608.0 642.0 1608.0 642.0 1642.0 628.0 1642.0 ship 0
645.0 1601.0 662.0 1601.0 662.0 1647.0 645.0 1647.0 ship 0
662.0 1601.0 680.0 1601.0 680.0 1644.0 662.0 1644.0 ship 0
678.0 1562.0 689.0 1562.0 689.0 1587.0 678.0 1587.0 ship 0
706.0 1558.0 719.0 1558.0 719.0 1587.0 706.0 1587.0 ship 0
719.0 1558.0 731.0 1558.0 731.0 1584.0 719.0 1584.0 ship 0
635.0 1562.0 648.0 1562.0 648.0 1592.0 635.0 1592.0 ship 0
733.0 1556.0 744.0 1556.0 744.0 1583.0 733.0 1583.0 ship 0
746.0 1555.0 758.0 1555.0 758.0 1584.0 746.0 1584.0 ship 0
760.0 1555.0 772.0 1555.0 772.0 1582.0 760.0 1582.0 ship 0
773.0 1553.0 785.0 1553.0 785.0 1581.0 773.0 1581.0 ship 0
792.0 1588.0 807.0 1588.0 807.0 1620.0 792.0 1620.0 ship 0
749.0 1589.0 760.0 1589.0 760.0 1620.0 749.0 1620.0 ship 0
651.0 1561.0 662.0 1561.0 662.0 1591.0 651.0 1591.0 ship 0
620.0 1561.0 633.0 1561.0 633.0 1593.0 620.0 1593.0 ship 0
721.0 1594.0 732.0 1594.0 732.0 1621.0 721.0 1621.0 ship 0
602.0 1498.0 612.0 1498.0 612.0 1524.0 602.0 1524.0 ship 0
558.0 1463.0 568.0 1463.0 568.0 1490.0 558.0 1490.0 ship 0
697.0 1490.0 708.0 1490.0 708.0 1516.0 697.0 1516.0 ship 0
684.0 1492.0 695.0 1492.0 695.0 1517.0 684.0 1517.0 ship 0
670.0 1489.0 682.0 1489.0 682.0 1520.0 670.0 1520.0 ship 0
630.0 1492.0 641.0 1492.0 641.0 1522.0 630.0 1522.0 ship 0
616.0 1495.0 626.0 1495.0 626.0 1520.0 616.0 1520.0 ship 0
588.0 1498.0 599.0 1498.0 599.0 1525.0 588.0 1525.0 ship 0
608.0 1564.0 618.0 1564.0 618.0 1594.0 608.0 1594.0 ship 0
561.0 1499.0 574.0 1499.0 574.0 1530.0 561.0 1530.0 ship 0
566.0 1567.0 577.0 1567.0 577.0 1598.0 566.0 1598.0 ship 0
571.0 1609.0 586.0 1609.0 586.0 1649.0 571.0 1649.0 ship 0
588.0 1604.0 606.0 1604.0 606.0 1649.0 588.0 1649.0 ship 0
578.0 1566.0 591.0 1566.0 591.0 1596.0 578.0 1596.0 ship 0
594.0 1564.0 606.0 1564.0 606.0 1595.0 594.0 1595.0 ship 0
737.0 1592.0 745.0 1592.0 745.0 1617.0 737.0 1617.0 ship 0
696.0 1594.0 709.0 1594.0 709.0 1623.0 696.0 1623.0 ship 0
1021.0 66.0 1034.0 66.0 1034.0 88.0 1021.0 88.0 small-vehicle 1
325.0 1481.0 337.0 1481.0 337.0 1512.0 325.0 1512.0 ship 0
229.0 1489.0 243.0 1489.0 243.0 1521.0 229.0 1521.0 ship 0
243.0 1485.0 260.0 1485.0 260.0 1526.0 243.0 1526.0 ship 0
260.0 1484.0 275.0 1484.0 275.0 1520.0 260.0 1520.0 ship 0
276.0 1485.0 293.0 1485.0 293.0 1522.0 276.0 1522.0 ship 0
293.0 1484.0 307.0 1484.0 307.0 1518.0 293.0 1518.0 ship 0
308.0 1482.0 322.0 1482.0 322.0 1516.0 308.0 1516.0 ship 0
338.0 1478.0 355.0 1478.0 355.0 1518.0 338.0 1518.0 ship 0
352.0 1435.0 367.0 1435.0 367.0 1470.0 352.0 1470.0 ship 0
354.0 1475.0 368.0 1475.0 368.0 1517.0 354.0 1517.0 ship 0
373.0 1477.0 387.0 1477.0 387.0 1516.0 373.0 1516.0 ship 0
370.0 1430.0 385.0 1430.0 385.0 1473.0 370.0 1473.0 ship 0
354.0 1259.0 371.0 1259.0 371.0 1300.0 354.0 1300.0 ship 0
336.0 1266.0 352.0 1266.0 352.0 1309.0 336.0 1309.0 ship 0
317.0 1271.0 332.0 1271.0 332.0 1309.0 317.0 1309.0 ship 0
214.0 1492.0 226.0 1492.0 226.0 1521.0 214.0 1521.0 ship 0
335.0 1435.0 349.0 1435.0 349.0 1471.0 335.0 1471.0 ship 0
681.0 1598.0 699.0 1598.0 699.0 1638.0 681.0 1638.0 ship 0
194.0 1448.0 208.0 1448.0 208.0 1482.0 194.0 1482.0 ship 0
401.0 1693.0 444.0 1693.0 444.0 1825.0 401.0 1825.0 ship 0
363.0 1577.0 378.0 1577.0 378.0 1621.0 363.0 1621.0 ship 0
323.0 1583.0 341.0 1583.0 341.0 1621.0 323.0 1621.0 ship 0
304.0 1581.0 319.0 1581.0 319.0 1624.0 304.0 1624.0 ship 0
288.0 1588.0 302.0 1588.0 302.0 1619.0 288.0 1619.0 ship 0
182.0 1453.0 194.0 1453.0 194.0 1483.0 182.0 1483.0 ship 0
209.0 1447.0 223.0 1447.0 223.0 1482.0 209.0 1482.0 ship 0
322.0 1437.0 334.0 1437.0 334.0 1467.0 322.0 1467.0 ship 0
226.0 1445.0 241.0 1445.0 241.0 1479.0 226.0 1479.0 ship 0
242.0 1441.0 256.0 1441.0 256.0 1478.0 242.0 1478.0 ship 0
257.0 1445.0 271.0 1445.0 271.0 1476.0 257.0 1476.0 ship 0
272.0 1440.0 286.0 1440.0 286.0 1475.0 272.0 1475.0 ship 0
287.0 1437.0 303.0 1437.0 303.0 1476.0 287.0 1476.0 ship 0
304.0 1436.0 318.0 1436.0 318.0 1474.0 304.0 1474.0 ship 0
572.0 1464.0 583.0 1464.0 583.0 1489.0 572.0 1489.0 ship 0
586.0 1463.0 596.0 1463.0 596.0 1489.0 586.0 1489.0 ship 0
597.0 1459.0 610.0 1459.0 610.0 1488.0 597.0 1488.0 ship 0
702.0 1256.0 716.0 1256.0 716.0 1287.0 702.0 1287.0 ship 0
608.0 1261.0 619.0 1261.0 619.0 1294.0 608.0 1294.0 ship 0
621.0 1259.0 637.0 1259.0 637.0 1294.0 621.0 1294.0 ship 0
638.0 1256.0 650.0 1256.0 650.0 1293.0 638.0 1293.0 ship 0
653.0 1256.0 668.0 1256.0 668.0 1291.0 653.0 1291.0 ship 0
671.0 1252.0 684.0 1252.0 684.0 1286.0 671.0 1286.0 ship 0
686.0 1252.0 700.0 1252.0 700.0 1289.0 686.0 1289.0 ship 0
724.0 1338.0 738.0 1338.0 738.0 1373.0 724.0 1373.0 ship 0
577.0 1262.0 589.0 1262.0 589.0 1294.0 577.0 1294.0 ship 0
708.0 1340.0 720.0 1340.0 720.0 1373.0 708.0 1373.0 ship 0
692.0 1345.0 706.0 1345.0 706.0 1379.0 692.0 1379.0 ship 0
675.0 1344.0 689.0 1344.0 689.0 1378.0 675.0 1378.0 ship 0
660.0 1346.0 674.0 1346.0 674.0 1379.0 660.0 1379.0 ship 0
645.0 1345.0 658.0 1345.0 658.0 1380.0 645.0 1380.0 ship 0
631.0 1348.0 643.0 1348.0 643.0 1380.0 631.0 1380.0 ship 0
591.0 1260.0 604.0 1260.0 604.0 1290.0 591.0 1290.0 ship 0
558.0 1263.0 574.0 1263.0 574.0 1300.0 558.0 1300.0 ship 0
613.0 1456.0 623.0 1456.0 623.0 1486.0 613.0 1486.0 ship 0
634.0 1216.0 648.0 1216.0 648.0 1249.0 634.0 1249.0 ship 0
628.0 1124.0 640.0 1124.0 640.0 1155.0 628.0 1155.0 ship 0
643.0 1124.0 657.0 1124.0 657.0 1160.0 643.0 1160.0 ship 0
661.0 1123.0 672.0 1123.0 672.0 1156.0 661.0 1156.0 ship 0
681.0 1211.0 696.0 1211.0 696.0 1245.0 681.0 1245.0 ship 0
666.0 1211.0 680.0 1211.0 680.0 1245.0 666.0 1245.0 ship 0
650.0 1214.0 666.0 1214.0 666.0 1248.0 650.0 1248.0 ship 0
621.0 1215.0 633.0 1215.0 633.0 1250.0 621.0 1250.0 ship 0
542.0 1266.0 556.0 1266.0 556.0 1298.0 542.0 1298.0 ship 0
604.0 1216.0 617.0 1216.0 617.0 1249.0 604.0 1249.0 ship 0
585.0 1216.0 602.0 1216.0 602.0 1253.0 585.0 1253.0 ship 0
571.0 1218.0 586.0 1218.0 586.0 1251.0 571.0 1251.0 ship 0
554.0 1215.0 570.0 1215.0 570.0 1254.0 554.0 1254.0 ship 0
541.0 1222.0 554.0 1222.0 554.0 1255.0 541.0 1255.0 ship 0
515.0 1226.0 540.0 1226.0 540.0 1305.0 515.0 1305.0 ship 0
613.0 1348.0 626.0 1348.0 626.0 1382.0 613.0 1382.0 ship 0
600.0 1351.0 611.0 1351.0 611.0 1381.0 600.0 1381.0 ship 0
582.0 1352.0 593.0 1352.0 593.0 1384.0 582.0 1384.0 ship 0
710.0 1489.0 721.0 1489.0 721.0 1517.0 710.0 1517.0 ship 0
722.0 1456.0 734.0 1456.0 734.0 1479.0 722.0 1479.0 ship 0
709.0 1453.0 720.0 1453.0 720.0 1481.0 709.0 1481.0 ship 0
769.0 1486.0 779.0 1486.0 779.0 1515.0 769.0 1515.0 ship 0
755.0 1486.0 766.0 1486.0 766.0 1513.0 755.0 1513.0 ship 0
739.0 1487.0 749.0 1487.0 749.0 1512.0 739.0 1512.0 ship 0
725.0 1485.0 737.0 1485.0 737.0 1515.0 725.0 1515.0 ship 0
574.0 1499.0 587.0 1499.0 587.0 1527.0 574.0 1527.0 ship 0
565.0 1349.0 578.0 1349.0 578.0 1386.0 565.0 1386.0 ship 0
694.0 1453.0 706.0 1453.0 706.0 1482.0 694.0 1482.0 ship 0
680.0 1454.0 693.0 1454.0 693.0 1482.0 680.0 1482.0 ship 0
668.0 1453.0 679.0 1453.0 679.0 1484.0 668.0 1484.0 ship 0
653.0 1457.0 665.0 1457.0 665.0 1483.0 653.0 1483.0 ship 0
641.0 1458.0 652.0 1458.0 652.0 1485.0 641.0 1485.0 ship 0
627.0 1458.0 638.0 1458.0 638.0 1486.0 627.0 1486.0 ship 0
735.0 1449.0 747.0 1449.0 747.0 1479.0 735.0 1479.0 ship 0
751.0 1449.0 764.0 1449.0 764.0 1478.0 751.0 1478.0 ship 0
729.0 1382.0 741.0 1382.0 741.0 1411.0 729.0 1411.0 ship 0
716.0 1383.0 727.0 1383.0 727.0 1409.0 716.0 1409.0 ship 0
702.0 1384.0 714.0 1384.0 714.0 1416.0 702.0 1416.0 ship 0
688.0 1383.0 699.0 1383.0 699.0 1412.0 688.0 1412.0 ship 0
675.0 1385.0 687.0 1385.0 687.0 1415.0 675.0 1415.0 ship 0
662.0 1384.0 672.0 1384.0 672.0 1414.0 662.0 1414.0 ship 0
648.0 1386.0 658.0 1386.0 658.0 1414.0 648.0 1414.0 ship 0
634.0 1385.0 645.0 1385.0 645.0 1416.0 634.0 1416.0 ship 0
620.0 1389.0 632.0 1389.0 632.0 1420.0 620.0 1420.0 ship 0
606.0 1390.0 618.0 1390.0 618.0 1420.0 606.0 1420.0 ship 0
592.0 1390.0 604.0 1390.0 604.0 1422.0 592.0 1422.0 ship 0
580.0 1393.0 590.0 1393.0 590.0 1423.0 580.0 1423.0 ship 0
567.0 1393.0 578.0 1393.0 578.0 1423.0 567.0 1423.0 ship 0
553.0 1397.0 563.0 1397.0 563.0 1423.0 553.0 1423.0 ship 0
550.0 1352.0 562.0 1352.0 562.0 1386.0 550.0 1386.0 ship 0
340.0 1322.0 356.0 1322.0 356.0 1361.0 340.0 1361.0 ship 0
322.0 1321.0 339.0 1321.0 339.0 1367.0 322.0 1367.0 ship 0
303.0 1325.0 319.0 1325.0 319.0 1362.0 303.0 1362.0 ship 0
225.0 316.0 238.0 316.0 238.0 348.0 225.0 348.0 ship 0
247.0 458.0 270.0 458.0 270.0 520.0 247.0 520.0 ship 0
224.0 458.0 246.0 458.0 246.0 514.0 224.0 514.0 ship 0
202.0 459.0 222.0 459.0 222.0 518.0 202.0 518.0 ship 0
156.0 463.0 182.0 463.0 182.0 530.0 156.0 530.0 ship 0
125.0 469.0 150.0 469.0 150.0 532.0 125.0 532.0 ship 0
178.0 308.0 208.0 308.0 208.0 322.0 178.0 322.0 ship 0
229.0 286.0 245.0 286.0 245.0 327.0 229.0 327.0 ship 0
278.0 533.0 298.0 533.0 298.0 580.0 278.0 580.0 ship 0
174.0 323.0 217.0 323.0 217.0 341.0 174.0 341.0 ship 0
177.0 345.0 215.0 345.0 215.0 362.0 177.0 362.0 ship 0
283.0 296.0 302.0 296.0 302.0 342.0 283.0 342.0 ship 0
248.0 250.0 275.0 250.0 275.0 330.0 248.0 330.0 ship 0
277.0 242.0 295.0 242.0 295.0 283.0 277.0 283.0 ship 0
274.0 197.0 289.0 197.0 289.0 236.0 274.0 236.0 ship 0
269.0 452.0 294.0 452.0 294.0 513.0 269.0 513.0 ship 0
299.0 495.0 335.0 495.0 335.0 578.0 299.0 578.0 ship 0
106.0 779.0 117.0 779.0 117.0 807.0 106.0 807.0 ship 0
150.0 698.0 170.0 698.0 170.0 751.0 150.0 751.0 ship 0
120.0 809.0 133.0 809.0 133.0 840.0 120.0 840.0 ship 0
265.0 688.0 285.0 688.0 285.0 745.0 265.0 745.0 ship 0
241.0 684.0 263.0 684.0 263.0 745.0 241.0 745.0 ship 0
218.0 693.0 236.0 693.0 236.0 740.0 218.0 740.0 ship 0
195.0 693.0 215.0 693.0 215.0 747.0 195.0 747.0 ship 0
174.0 703.0 194.0 703.0 194.0 752.0 174.0 752.0 ship 0
127.0 700.0 146.0 700.0 146.0 756.0 127.0 756.0 ship 0
254.0 532.0 274.0 532.0 274.0 591.0 254.0 591.0 ship 0
88.0 556.0 113.0 556.0 113.0 599.0 88.0 599.0 ship 0
116.0 544.0 136.0 544.0 136.0 602.0 116.0 602.0 ship 0
166.0 543.0 184.0 543.0 184.0 598.0 166.0 598.0 ship 0
185.0 536.0 205.0 536.0 205.0 589.0 185.0 589.0 ship 0
210.0 541.0 225.0 541.0 225.0 589.0 210.0 589.0 ship 0
232.0 538.0 251.0 538.0 251.0 587.0 232.0 587.0 ship 0
271.0 159.0 284.0 159.0 284.0 194.0 271.0 194.0 ship 0
252.0 158.0 263.0 158.0 263.0 185.0 252.0 185.0 ship 0
239.0 157.0 252.0 157.0 252.0 192.0 239.0 192.0 ship 0
510.0 944.0 729.0 944.0 729.0 1037.0 510.0 1037.0 harbor 0
162.0 1432.0 376.0 1432.0 376.0 1529.0 162.0 1529.0 harbor 0
542.0 1331.0 796.0 1331.0 796.0 1426.0 542.0 1426.0 harbor 0
143.0 1260.0 365.0 1260.0 365.0 1381.0 143.0 1381.0 harbor 0
532.0 1204.0 774.0 1204.0 774.0 1301.0 532.0 1301.0 harbor 0
522.0 1074.0 744.0 1074.0 744.0 1167.0 522.0 1167.0 harbor 0
131.0 1081.0 352.0 1081.0 352.0 1201.0 131.0 1201.0 harbor 0
122.0 903.0 337.0 903.0 337.0 1018.0 122.0 1018.0 harbor 0
222.0 157.0 235.0 157.0 235.0 194.0 222.0 194.0 ship 0
467.0 811.0 702.0 811.0 702.0 908.0 467.0 908.0 harbor 0
104.0 687.0 321.0 687.0 321.0 830.0 104.0 830.0 harbor 0
451.0 649.0 704.0 649.0 704.0 764.0 451.0 764.0 harbor 0
430.0 381.0 512.0 381.0 512.0 584.0 430.0 584.0 harbor 0
104.0 450.0 308.0 450.0 308.0 597.0 104.0 597.0 harbor 0
167.0 236.0 289.0 236.0 289.0 351.0 167.0 351.0 harbor 0
549.0 1441.0 818.0 1441.0 818.0 1531.0 549.0 1531.0 harbor 0
560.0 1547.0 844.0 1547.0 844.0 1654.0 560.0 1654.0 harbor 0
711.0 1667.0 856.0 1667.0 856.0 1698.0 711.0 1698.0 harbor 0
287.0 1575.0 387.0 1575.0 387.0 1634.0 287.0 1634.0 harbor 0
86.0 226.0 99.0 226.0 99.0 253.0 86.0 253.0 ship 0
124.0 219.0 136.0 219.0 136.0 246.0 124.0 246.0 ship 0
138.0 212.0 151.0 212.0 151.0 245.0 138.0 245.0 ship 0
149.0 209.0 175.0 209.0 175.0 222.0 149.0 222.0 ship 0
90.0 257.0 107.0 257.0 107.0 295.0 90.0 295.0 ship 0
164.0 270.0 195.0 270.0 195.0 282.0 164.0 282.0 ship 0
172.0 284.0 213.0 284.0 213.0 302.0 172.0 302.0 ship 0
193.0 243.0 207.0 243.0 207.0 277.0 193.0 277.0 ship 0
209.0 241.0 223.0 241.0 223.0 275.0 209.0 275.0 ship 0
224.0 242.0 241.0 242.0 241.0 276.0 224.0 276.0 ship 0
170.0 165.0 189.0 165.0 189.0 203.0 170.0 203.0 ship 0
187.0 158.0 205.0 158.0 205.0 196.0 187.0 196.0 ship 0
205.0 158.0 220.0 158.0 220.0 195.0 205.0 195.0 ship 0
119.0 782.0 129.0 782.0 129.0 808.0 119.0 808.0 ship 0
110.0 825.0 118.0 825.0 118.0 849.0 110.0 849.0 ship 0
298.0 1268.0 315.0 1268.0 315.0 1313.0 298.0 1313.0 ship 0
248.0 1094.0 265.0 1094.0 265.0 1133.0 248.0 1133.0 ship 0
161.0 1153.0 176.0 1153.0 176.0 1199.0 161.0 1199.0 ship 0
178.0 1149.0 194.0 1149.0 194.0 1194.0 178.0 1194.0 ship 0
197.0 1148.0 214.0 1148.0 214.0 1191.0 197.0 1191.0 ship 0
192.0 1096.0 209.0 1096.0 209.0 1141.0 192.0 1141.0 ship 0
210.0 1095.0 228.0 1095.0 228.0 1141.0 210.0 1141.0 ship 0
229.0 1094.0 246.0 1094.0 246.0 1137.0 229.0 1137.0 ship 0
266.0 1086.0 284.0 1086.0 284.0 1135.0 266.0 1135.0 ship 0
156.0 1101.0 173.0 1101.0 173.0 1144.0 156.0 1144.0 ship 0
285.0 1089.0 301.0 1089.0 301.0 1128.0 285.0 1128.0 ship 0
304.0 1087.0 320.0 1087.0 320.0 1128.0 304.0 1128.0 ship 0
324.0 1088.0 338.0 1088.0 338.0 1131.0 324.0 1131.0 ship 0
214.0 1146.0 231.0 1146.0 231.0 1194.0 214.0 1194.0 ship 0
236.0 1146.0 252.0 1146.0 252.0 1192.0 236.0 1192.0 ship 0
253.0 1149.0 269.0 1149.0 269.0 1189.0 253.0 1189.0 ship 0
175.0 1097.0 191.0 1097.0 191.0 1139.0 175.0 1139.0 ship 0
135.0 1100.0 154.0 1100.0 154.0 1145.0 135.0 1145.0 ship 0
133.0 771.0 154.0 771.0 154.0 824.0 133.0 824.0 ship 0
191.0 1335.0 208.0 1335.0 208.0 1375.0 191.0 1375.0 ship 0
281.0 1269.0 298.0 1269.0 298.0 1315.0 281.0 1315.0 ship 0
284.0 1325.0 301.0 1325.0 301.0 1368.0 284.0 1368.0 ship 0
265.0 1325.0 283.0 1325.0 283.0 1370.0 265.0 1370.0 ship 0
247.0 1326.0 265.0 1326.0 265.0 1369.0 247.0 1369.0 ship 0
230.0 1332.0 244.0 1332.0 244.0 1370.0 230.0 1370.0 ship 0
210.0 1334.0 227.0 1334.0 227.0 1372.0 210.0 1372.0 ship 0
173.0 1336.0 191.0 1336.0 191.0 1377.0 173.0 1377.0 ship 0
169.0 1276.0 186.0 1276.0 186.0 1317.0 169.0 1317.0 ship 0
152.0 1340.0 171.0 1340.0 171.0 1377.0 152.0 1377.0 ship 0
261.0 1270.0 277.0 1270.0 277.0 1311.0 261.0 1311.0 ship 0
242.0 1273.0 259.0 1273.0 259.0 1312.0 242.0 1312.0 ship 0
225.0 1277.0 241.0 1277.0 241.0 1320.0 225.0 1320.0 ship 0
206.0 1279.0 221.0 1279.0 221.0 1319.0 206.0 1319.0 ship 0
188.0 1279.0 204.0 1279.0 204.0 1317.0 188.0 1317.0 ship 0
272.0 1143.0 286.0 1143.0 286.0 1187.0 272.0 1187.0 ship 0
288.0 1139.0 305.0 1139.0 305.0 1187.0 288.0 1187.0 ship 0
308.0 1140.0 325.0 1140.0 325.0 1179.0 308.0 1179.0 ship 0
314.0 758.0 332.0 758.0 332.0 809.0 314.0 809.0 ship 0
266.0 904.0 283.0 904.0 283.0 952.0 266.0 952.0 ship 0
287.0 906.0 302.0 906.0 302.0 950.0 287.0 950.0 ship 0
306.0 899.0 324.0 899.0 324.0 946.0 306.0 946.0 ship 0
324.0 903.0 352.0 903.0 352.0 960.0 324.0 960.0 ship 0
309.0 690.0 323.0 690.0 323.0 723.0 309.0 723.0 ship 0
288.0 684.0 306.0 684.0 306.0 742.0 288.0 742.0 ship 0
292.0 759.0 312.0 759.0 312.0 811.0 292.0 811.0 ship 0
326.0 1141.0 343.0 1141.0 343.0 1179.0 326.0 1179.0 ship 0
269.0 758.0 290.0 758.0 290.0 819.0 269.0 819.0 ship 0
248.0 758.0 268.0 758.0 268.0 816.0 248.0 816.0 ship 0
224.0 765.0 243.0 765.0 243.0 816.0 224.0 816.0 ship 0
201.0 763.0 219.0 763.0 219.0 818.0 201.0 818.0 ship 0
178.0 768.0 199.0 768.0 199.0 819.0 178.0 819.0 ship 0
157.0 767.0 176.0 767.0 176.0 818.0 157.0 818.0 ship 0
290.0 960.0 308.0 960.0 308.0 1005.0 290.0 1005.0 ship 0
311.0 963.0 327.0 963.0 327.0 1003.0 311.0 1003.0 ship 0
250.0 963.0 265.0 963.0 265.0 1006.0 250.0 1006.0 ship 0
228.0 967.0 245.0 967.0 245.0 1007.0 228.0 1007.0 ship 0
207.0 969.0 224.0 969.0 224.0 1017.0 207.0 1017.0 ship 0
188.0 972.0 203.0 972.0 203.0 1008.0 188.0 1008.0 ship 0
169.0 969.0 183.0 969.0 183.0 1011.0 169.0 1011.0 ship 0
145.0 973.0 162.0 973.0 162.0 1020.0 145.0 1020.0 ship 0
125.0 976.0 143.0 976.0 143.0 1026.0 125.0 1026.0 ship 0
125.0 949.0 148.0 949.0 148.0 961.0 125.0 961.0 ship 0
116.0 910.0 128.0 910.0 128.0 940.0 116.0 940.0 ship 0
163.0 925.0 180.0 925.0 180.0 961.0 163.0 961.0 ship 0
182.0 913.0 201.0 913.0 201.0 959.0 182.0 959.0 ship 0
202.0 911.0 221.0 911.0 221.0 958.0 202.0 958.0 ship 0
224.0 909.0 240.0 909.0 240.0 955.0 224.0 955.0 ship 0
245.0 911.0 262.0 911.0 262.0 953.0 245.0 953.0 ship 0
344.0 1086.0 364.0 1086.0 364.0 1164.0 344.0 1164.0 ship 0
612.0 1126.0 627.0 1126.0 627.0 1160.0 612.0 1160.0 ship 0
597.0 1126.0 609.0 1126.0 609.0 1162.0 597.0 1162.0 ship 0
581.0 1127.0 594.0 1127.0 594.0 1158.0 581.0 1158.0 ship 0
977.0 459.0 989.0 459.0 989.0 477.0 977.0 477.0 small-vehicle 1
781.0 519.0 799.0 519.0 799.0 528.0 781.0 528.0 small-vehicle 1
782.0 576.0 802.0 576.0 802.0 587.0 782.0 587.0 small-vehicle 1
756.0 558.0 766.0 558.0 766.0 581.0 756.0 581.0 small-vehicle 1
732.0 542.0 751.0 542.0 751.0 553.0 732.0 553.0 small-vehicle 1
785.0 474.0 803.0 474.0 803.0 496.0 785.0 496.0 small-vehicle 1
975.0 516.0 986.0 516.0 986.0 539.0 975.0 539.0 small-vehicle 1
953.0 454.0 963.0 454.0 963.0 474.0 953.0 474.0 small-vehicle 1
731.0 561.0 752.0 561.0 752.0 572.0 731.0 572.0 small-vehicle 1
914.0 529.0 930.0 529.0 930.0 552.0 914.0 552.0 small-vehicle 1
902.0 506.0 918.0 506.0 918.0 529.0 902.0 529.0 small-vehicle 1
925.0 549.0 941.0 549.0 941.0 572.0 925.0 572.0 small-vehicle 1
886.0 504.0 903.0 504.0 903.0 526.0 886.0 526.0 small-vehicle 1
871.0 436.0 894.0 436.0 894.0 449.0 871.0 449.0 small-vehicle 1
700.0 583.0 720.0 583.0 720.0 606.0 700.0 606.0 small-vehicle 1
781.0 510.0 800.0 510.0 800.0 519.0 781.0 519.0 small-vehicle 1
786.0 604.0 807.0 604.0 807.0 616.0 786.0 616.0 small-vehicle 1
919.0 965.0 929.0 965.0 929.0 987.0 919.0 987.0 small-vehicle 1
943.0 700.0 952.0 700.0 952.0 719.0 943.0 719.0 small-vehicle 1
916.0 902.0 928.0 902.0 928.0 921.0 916.0 921.0 small-vehicle 1
918.0 874.0 928.0 874.0 928.0 896.0 918.0 896.0 small-vehicle 1
1012.0 670.0 1020.0 670.0 1020.0 690.0 1012.0 690.0 small-vehicle 1
967.0 662.0 985.0 662.0 985.0 673.0 967.0 673.0 small-vehicle 1
946.0 652.0 955.0 652.0 955.0 670.0 946.0 670.0 small-vehicle 1
940.0 780.0 951.0 780.0 951.0 801.0 940.0 801.0 small-vehicle 1
928.0 734.0 937.0 734.0 937.0 755.0 928.0 755.0 small-vehicle 1
788.0 633.0 808.0 633.0 808.0 642.0 788.0 642.0 small-vehicle 1
913.0 708.0 924.0 708.0 924.0 728.0 913.0 728.0 small-vehicle 1
915.0 816.0 925.0 816.0 925.0 835.0 915.0 835.0 small-vehicle 1
914.0 791.0 924.0 791.0 924.0 811.0 914.0 811.0 small-vehicle 1
801.0 776.0 821.0 776.0 821.0 788.0 801.0 788.0 small-vehicle 1
769.0 674.0 779.0 674.0 779.0 693.0 769.0 693.0 small-vehicle 1
743.0 692.0 763.0 692.0 763.0 703.0 743.0 703.0 small-vehicle 1
698.0 558.0 710.0 558.0 710.0 578.0 698.0 578.0 small-vehicle 1
694.0 530.0 707.0 530.0 707.0 553.0 694.0 553.0 small-vehicle 1
654.0 514.0 679.0 514.0 679.0 527.0 654.0 527.0 small-vehicle 1
3.0 709.0 22.0 709.0 22.0 718.0 3.0 718.0 small-vehicle 1
53.0 1173.0 73.0 1173.0 73.0 1190.0 53.0 1190.0 small-vehicle 1
13.0 924.0 34.0 924.0 34.0 945.0 13.0 945.0 small-vehicle 1
24.0 910.0 44.0 910.0 44.0 932.0 24.0 932.0 small-vehicle 1
35.0 908.0 53.0 908.0 53.0 928.0 35.0 928.0 small-vehicle 1
62.0 813.0 79.0 813.0 79.0 821.0 62.0 821.0 small-vehicle 1
62.0 803.0 81.0 803.0 81.0 813.0 62.0 813.0 small-vehicle 1
5.0 745.0 24.0 745.0 24.0 756.0 5.0 756.0 small-vehicle 1
634.0 518.0 655.0 518.0 655.0 528.0 634.0 528.0 small-vehicle 1
8.0 755.0 27.0 755.0 27.0 765.0 8.0 765.0 small-vehicle 1
56.0 721.0 77.0 721.0 77.0 732.0 56.0 732.0 small-vehicle 1
50.0 622.0 69.0 622.0 69.0 632.0 50.0 632.0 small-vehicle 1
47.0 572.0 65.0 572.0 65.0 580.0 47.0 580.0 small-vehicle 1
48.0 564.0 65.0 564.0 65.0 572.0 48.0 572.0 small-vehicle 1
45.0 545.0 63.0 545.0 63.0 554.0 45.0 554.0 small-vehicle 1
69.0 1199.0 89.0 1199.0 89.0 1216.0 69.0 1216.0 small-vehicle 1
7.0 1201.0 29.0 1201.0 29.0 1219.0 7.0 1219.0 small-vehicle 1
20.0 1226.0 40.0 1226.0 40.0 1244.0 20.0 1244.0 small-vehicle 1
203.0 1609.0 226.0 1609.0 226.0 1629.0 203.0 1629.0 small-vehicle 1
278.0 1646.0 300.0 1646.0 300.0 1656.0 278.0 1656.0 small-vehicle 1
805.0 119.0 822.0 119.0 822.0 128.0 805.0 128.0 small-vehicle 1
829.0 154.0 850.0 154.0 850.0 166.0 829.0 166.0 small-vehicle 1
775.0 155.0 798.0 155.0 798.0 166.0 775.0 166.0 small-vehicle 1
656.0 322.0 675.0 322.0 675.0 332.0 656.0 332.0 small-vehicle 1
976.0 294.0 987.0 294.0 987.0 313.0 976.0 313.0 small-vehicle 1
965.0 344.0 976.0 344.0 976.0 362.0 965.0 362.0 small-vehicle 1
811.0 286.0 822.0 286.0 822.0 304.0 811.0 304.0 small-vehicle 1
661.0 361.0 683.0 361.0 683.0 372.0 661.0 372.0 small-vehicle 1
815.0 269.0 825.0 269.0 825.0 288.0 815.0 288.0 small-vehicle 1
694.0 456.0 719.0 456.0 719.0 474.0 694.0 474.0 small-vehicle 1
692.0 444.0 717.0 444.0 717.0 465.0 692.0 465.0 small-vehicle 1
613.0 520.0 632.0 520.0 632.0 531.0 613.0 531.0 small-vehicle 1
917.0 924.0 926.0 924.0 926.0 945.0 917.0 945.0 small-vehicle 1
923.0 988.0 934.0 988.0 934.0 1008.0 923.0 1008.0 small-vehicle 1
41.0 505.0 60.0 505.0 60.0 515.0 41.0 515.0 small-vehicle 1
953.0 1774.0 971.0 1774.0 971.0 1795.0 953.0 1795.0 small-vehicle 1
790.0 1854.0 807.0 1854.0 807.0 1870.0 790.0 1870.0 small-vehicle 1
827.0 1833.0 844.0 1833.0 844.0 1850.0 827.0 1850.0 small-vehicle 1
1035.0 1819.0 1052.0 1819.0 1052.0 1840.0 1035.0 1840.0 small-vehicle 1
995.0 1794.0 1011.0 1794.0 1011.0 1818.0 995.0 1818.0 small-vehicle 1
980.0 1788.0 994.0 1788.0 994.0 1806.0 980.0 1806.0 small-vehicle 1
963.0 1778.0 980.0 1778.0 980.0 1800.0 963.0 1800.0 small-vehicle 1
1009.0 1621.0 1031.0 1621.0 1031.0 1645.0 1009.0 1645.0 small-vehicle 1
906.0 1855.0 919.0 1855.0 919.0 1881.0 906.0 1881.0 small-vehicle 1
1029.0 1600.0 1049.0 1600.0 1049.0 1623.0 1029.0 1623.0 small-vehicle 1
1021.0 1683.0 1042.0 1683.0 1042.0 1695.0 1021.0 1695.0 small-vehicle 1
1023.0 1673.0 1041.0 1673.0 1041.0 1684.0 1023.0 1684.0 small-vehicle 1
999.0 1755.0 1011.0 1755.0 1011.0 1773.0 999.0 1773.0 small-vehicle 1
978.0 1752.0 990.0 1752.0 990.0 1772.0 978.0 1772.0 small-vehicle 1
962.0 1745.0 976.0 1745.0 976.0 1770.0 962.0 1770.0 small-vehicle 1
841.0 1821.0 861.0 1821.0 861.0 1839.0 841.0 1839.0 small-vehicle 1
957.0 1855.0 971.0 1855.0 971.0 1876.0 957.0 1876.0 small-vehicle 1
926.0 1009.0 939.0 1009.0 939.0 1027.0 926.0 1027.0 small-vehicle 1
811.0 868.0 832.0 868.0 832.0 878.0 811.0 878.0 small-vehicle 1
1026.0 101.0 1037.0 101.0 1037.0 121.0 1026.0 121.0 small-vehicle 1
963.0 86.0 985.0 86.0 985.0 96.0 963.0 96.0 small-vehicle 1
703.0 309.0 724.0 309.0 724.0 324.0 703.0 324.0 small-vehicle 1
665.0 251.0 685.0 251.0 685.0 272.0 665.0 272.0 small-vehicle 1
787.0 595.0 807.0 595.0 807.0 605.0 787.0 605.0 small-vehicle 1
736.0 589.0 755.0 589.0 755.0 598.0 736.0 598.0 small-vehicle 1
947.0 1582.0 966.0 1582.0 966.0 1601.0 947.0 1601.0 small-vehicle 1
982.0 1864.0 999.0 1864.0 999.0 1887.0 982.0 1887.0 small-vehicle 1
134.0 1590.0 166.0 1590.0 166.0 1611.0 134.0 1611.0 small-vehicle 1
763.0 1594.0 773.0 1594.0 773.0 1616.0 763.0 1616.0 ship 1
774.0 1591.0 788.0 1591.0 788.0 1625.0 774.0 1625.0 ship 1
499.0 729.0 514.0 729.0 514.0 763.0 499.0 763.0 ship 1
1021.0 1588.0 1043.0 1588.0 1043.0 1612.0 1021.0 1612.0 ship 0
873.0 1745.0 896.0 1745.0 896.0 1760.0 873.0 1760.0 small-vehicle 1
882.0 1679.0 901.0 1679.0 901.0 1694.0 882.0 1694.0 small-vehicle 1
970.0 1695.0 989.0 1695.0 989.0 1713.0 970.0 1713.0 small-vehicle 1
948.0 1643.0 969.0 1643.0 969.0 1664.0 948.0 1664.0 small-vehicle 1
779.0 1065.0 795.0 1065.0 795.0 1074.0 779.0 1074.0 small-vehicle 1
858.0 1377.0 877.0 1377.0 877.0 1388.0 858.0 1388.0 small-vehicle 1
848.0 1458.0 869.0 1458.0 869.0 1471.0 848.0 1471.0 small-vehicle 1
810.0 1169.0 824.0 1169.0 824.0 1192.0 810.0 1192.0 small-vehicle 1
800.0 1161.0 819.0 1161.0 819.0 1185.0 800.0 1185.0 small-vehicle 1
847.0 1112.0 866.0 1112.0 866.0 1121.0 847.0 1121.0 small-vehicle 1
781.0 1114.0 799.0 1114.0 799.0 1123.0 781.0 1123.0 small-vehicle 1
825.0 1047.0 844.0 1047.0 844.0 1058.0 825.0 1058.0 small-vehicle 1
891.0 1649.0 917.0 1649.0 917.0 1661.0 891.0 1661.0 small-vehicle 1
823.0 1001.0 841.0 1001.0 841.0 1010.0 823.0 1010.0 small-vehicle 1
770.0 951.0 790.0 951.0 790.0 963.0 770.0 963.0 small-vehicle 1
756.0 815.0 775.0 815.0 775.0 824.0 756.0 824.0 small-vehicle 1
950.0 1073.0 968.0 1073.0 968.0 1093.0 950.0 1093.0 small-vehicle 1
941.0 1049.0 956.0 1049.0 956.0 1069.0 941.0 1069.0 small-vehicle 1
933.0 1030.0 947.0 1030.0 947.0 1052.0 933.0 1052.0 small-vehicle 1
861.0 1341.0 877.0 1341.0 877.0 1351.0 861.0 1351.0 small-vehicle 1
867.0 1313.0 885.0 1313.0 885.0 1324.0 867.0 1324.0 small-vehicle 1
865.0 1532.0 886.0 1532.0 886.0 1545.0 865.0 1545.0 small-vehicle 1
868.0 1548.0 890.0 1548.0 890.0 1560.0 868.0 1560.0 small-vehicle 1
870.0 1556.0 893.0 1556.0 893.0 1572.0 870.0 1572.0 small-vehicle 1
907.0 1520.0 929.0 1520.0 929.0 1535.0 907.0 1535.0 small-vehicle 1
900.0 1473.0 919.0 1473.0 919.0 1486.0 900.0 1486.0 small-vehicle 1
1009.0 1219.0 1023.0 1219.0 1023.0 1239.0 1009.0 1239.0 small-vehicle 1
1013.0 1239.0 1028.0 1239.0 1028.0 1258.0 1013.0 1258.0 small-vehicle 1
1019.0 1261.0 1033.0 1261.0 1033.0 1281.0 1019.0 1281.0 small-vehicle 1
1031.0 1301.0 1047.0 1301.0 1047.0 1320.0 1031.0 1320.0 small-vehicle 1
1040.0 1322.0 1054.0 1322.0 1054.0 1343.0 1040.0 1343.0 small-vehicle 1
1035.0 1214.0 1049.0 1214.0 1049.0 1233.0 1035.0 1233.0 small-vehicle 1
1034.0 1151.0 1053.0 1151.0 1053.0 1166.0 1034.0 1166.0 small-vehicle 1
882.0 1601.0 905.0 1601.0 905.0 1615.0 882.0 1615.0 small-vehicle 1
947.0 1598.0 971.0 1598.0 971.0 1622.0 947.0 1622.0 small-vehicle 1
886.0 1621.0 907.0 1621.0 907.0 1635.0 886.0 1635.0 small-vehicle 1
45.0 522.0 62.0 522.0 62.0 533.0 45.0 533.0 small-vehicle 1
37.0 486.0 62.0 486.0 62.0 498.0 37.0 498.0 small-vehicle 1
566.0 1130.0 579.0 1130.0 579.0 1168.0 566.0 1168.0 ship 0
475.0 829.0 492.0 829.0 492.0 864.0 475.0 864.0 ship 0
573.0 826.0 585.0 826.0 585.0 857.0 573.0 857.0 ship 0
559.0 826.0 570.0 826.0 570.0 854.0 559.0 854.0 ship 0
541.0 822.0 555.0 822.0 555.0 856.0 541.0 856.0 ship 0
524.0 822.0 539.0 822.0 539.0 858.0 524.0 858.0 ship 0
510.0 824.0 523.0 824.0 523.0 860.0 510.0 860.0 ship 0
495.0 825.0 507.0 825.0 507.0 857.0 495.0 857.0 ship 0
479.0 871.0 493.0 871.0 493.0 910.0 479.0 910.0 ship 0
605.0 822.0 617.0 822.0 617.0 847.0 605.0 847.0 ship 0
513.0 871.0 524.0 871.0 524.0 900.0 513.0 900.0 ship 0
530.0 868.0 542.0 868.0 542.0 899.0 530.0 899.0 ship 0
546.0 865.0 560.0 865.0 560.0 903.0 546.0 903.0 ship 0
576.0 873.0 587.0 873.0 587.0 896.0 576.0 896.0 ship 0
592.0 859.0 607.0 859.0 607.0 901.0 592.0 901.0 ship 0
656.0 859.0 668.0 859.0 668.0 894.0 656.0 894.0 ship 0
589.0 820.0 603.0 820.0 603.0 855.0 589.0 855.0 ship 0
620.0 818.0 635.0 818.0 635.0 853.0 620.0 853.0 ship 0
499.0 669.0 517.0 669.0 517.0 717.0 499.0 717.0 ship 0
534.0 722.0 547.0 722.0 547.0 757.0 534.0 757.0 ship 0
539.0 671.0 553.0 671.0 553.0 715.0 539.0 715.0 ship 0
555.0 672.0 572.0 672.0 572.0 712.0 555.0 712.0 ship 0
574.0 667.0 591.0 667.0 591.0 711.0 574.0 711.0 ship 0
593.0 667.0 609.0 667.0 609.0 709.0 593.0 709.0 ship 0
630.0 665.0 644.0 665.0 644.0 704.0 630.0 704.0 ship 0
609.0 661.0 630.0 661.0 630.0 713.0 609.0 713.0 ship 0
565.0 724.0 578.0 724.0 578.0 755.0 565.0 755.0 ship 0
636.0 813.0 650.0 813.0 650.0 851.0 636.0 851.0 ship 0
582.0 725.0 596.0 725.0 596.0 758.0 582.0 758.0 ship 0
597.0 719.0 611.0 719.0 611.0 751.0 597.0 751.0 ship 0
613.0 718.0 628.0 718.0 628.0 753.0 613.0 753.0 ship 0
660.0 715.0 670.0 715.0 670.0 737.0 660.0 737.0 ship 0
643.0 717.0 660.0 717.0 660.0 758.0 643.0 758.0 ship 0
651.0 817.0 666.0 817.0 666.0 850.0 651.0 850.0 ship 0
640.0 861.0 652.0 861.0 652.0 893.0 640.0 893.0 ship 0
624.0 858.0 638.0 858.0 638.0 899.0 624.0 899.0 ship 0
617.0 991.0 630.0 991.0 630.0 1029.0 617.0 1029.0 ship 0
562.0 1088.0 574.0 1088.0 574.0 1121.0 562.0 1121.0 ship 0
602.0 994.0 616.0 994.0 616.0 1028.0 602.0 1028.0 ship 0
569.0 995.0 584.0 995.0 584.0 1033.0 569.0 1033.0 ship 0
534.0 1130.0 546.0 1130.0 546.0 1170.0 534.0 1170.0 ship 0
549.0 1131.0 563.0 1131.0 563.0 1165.0 549.0 1165.0 ship 0
530.0 1088.0 545.0 1088.0 545.0 1125.0 530.0 1125.0 ship 0
545.0 1090.0 559.0 1090.0 559.0 1123.0 545.0 1123.0 ship 0
577.0 1087.0 591.0 1087.0 591.0 1121.0 577.0 1121.0 ship 0
633.0 992.0 648.0 992.0 648.0 1025.0 633.0 1025.0 ship 0
594.0 1087.0 607.0 1087.0 607.0 1119.0 594.0 1119.0 ship 0
610.0 1085.0 624.0 1085.0 624.0 1118.0 610.0 1118.0 ship 0
623.0 1078.0 639.0 1078.0 639.0 1117.0 623.0 1117.0 ship 0
640.0 1077.0 656.0 1077.0 656.0 1115.0 640.0 1115.0 ship 0
670.0 1079.0 686.0 1079.0 686.0 1114.0 670.0 1114.0 ship 0
657.0 1078.0 670.0 1078.0 670.0 1114.0 657.0 1114.0 ship 0
585.0 994.0 601.0 994.0 601.0 1029.0 585.0 1029.0 ship 0
554.0 996.0 566.0 996.0 566.0 1030.0 554.0 1030.0 ship 0
540.0 998.0 553.0 998.0 553.0 1031.0 540.0 1031.0 ship 0
523.0 998.0 536.0 998.0 536.0 1036.0 523.0 1036.0 ship 0
519.0 955.0 533.0 955.0 533.0 991.0 519.0 991.0 ship 0
535.0 950.0 548.0 950.0 548.0 990.0 535.0 990.0 ship 0
550.0 957.0 564.0 957.0 564.0 989.0 550.0 989.0 ship 0
568.0 955.0 581.0 955.0 581.0 988.0 568.0 988.0 ship 0
584.0 953.0 596.0 953.0 596.0 987.0 584.0 987.0 ship 0
601.0 948.0 613.0 948.0 613.0 986.0 601.0 986.0 ship 0
614.0 951.0 628.0 951.0 628.0 984.0 614.0 984.0 ship 0
631.0 955.0 644.0 955.0 644.0 985.0 631.0 985.0 ship 0
647.0 949.0 659.0 949.0 659.0 983.0 647.0 983.0 ship 0
662.0 949.0 675.0 949.0 675.0 983.0 662.0 983.0 ship 0
667.0 993.0 679.0 993.0 679.0 1023.0 667.0 1023.0 ship 0
681.0 993.0 694.0 993.0 694.0 1025.0 681.0 1025.0 ship 0
650.0 992.0 664.0 992.0 664.0 1026.0 650.0 1026.0 ship 0
517.0 673.0 534.0 673.0 534.0 710.0 517.0 710.0 ship 0
517.0 729.0 534.0 729.0 534.0 767.0 517.0 767.0 ship 0
37.0 469.0 57.0 469.0 57.0 480.0 37.0 480.0 small-vehicle 1
141.0 916.0 162.0 916.0 162.0 958.0 141.0 958.0 ship 0
688.0 1120.0 717.0 1120.0 717.0 1162.0 688.0 1162.0 ship 0
862.0 966.0 891.0 966.0 891.0 982.0 862.0 982.0 ship 0
847.0 1020.0 859.0 1020.0 859.0 1041.0 847.0 1041.0 ship 0
845.0 918.0 858.0 918.0 858.0 945.0 845.0 945.0 ship 0
861.0 921.0 878.0 921.0 878.0 955.0 861.0 955.0 ship 0
682.0 1069.0 716.0 1069.0 716.0 1114.0 682.0 1114.0 ship 0
672.0 941.0 703.0 941.0 703.0 974.0 672.0 974.0 ship 0
717.0 1255.0 747.0 1255.0 747.0 1291.0 717.0 1291.0 ship 0
668.0 859.0 696.0 859.0 696.0 894.0 668.0 894.0 ship 0
630.0 804.0 647.0 804.0 647.0 818.0 630.0 818.0 ship 1
663.0 807.0 696.0 807.0 696.0 848.0 663.0 848.0 ship 0
461.0 660.0 478.0 660.0 478.0 720.0 461.0 720.0 ship 0
443.0 663.0 456.0 663.0 456.0 684.0 443.0 684.0 ship 0
503.0 460.0 522.0 460.0 522.0 483.0 503.0 483.0 ship 0
696.0 1209.0 722.0 1209.0 722.0 1245.0 696.0 1245.0 ship 0
435.0 1296.0 449.0 1296.0 449.0 1318.0 435.0 1318.0 ship 0
484.0 726.0 501.0 726.0 501.0 765.0 484.0 765.0 ship 0
834.0 1752.0 865.0 1752.0 865.0 1768.0 834.0 1768.0 ship 0
9.0 346.0 18.0 346.0 18.0 366.0 9.0 366.0 small-vehicle 1
39.0 297.0 57.0 297.0 57.0 306.0 39.0 306.0 small-vehicle 1
33.0 222.0 51.0 222.0 51.0 233.0 33.0 233.0 small-vehicle 1
13.0 111.0 33.0 111.0 33.0 120.0 13.0 120.0 small-vehicle 1
314.0 119.0 332.0 119.0 332.0 128.0 314.0 128.0 small-vehicle 1
960.0 1296.0 992.0 1296.0 992.0 1331.0 960.0 1331.0 ship 0
859.0 1683.0 879.0 1683.0 879.0 1691.0 859.0 1691.0 ship 0
137.0 1279.0 169.0 1279.0 169.0 1322.0 137.0 1322.0 ship 0
529.0 1576.0 569.0 1576.0 569.0 1655.0 529.0 1655.0 ship 0
763.0 1445.0 785.0 1445.0 785.0 1473.0 763.0 1473.0 ship 0
743.0 1388.0 751.0 1388.0 751.0 1405.0 743.0 1405.0 ship 0
734.0 1334.0 766.0 1334.0 766.0 1370.0 734.0 1370.0 ship 0
358.0 1312.0 390.0 1312.0 390.0 1363.0 358.0 1363.0 ship 0
132.0 1162.0 157.0 1162.0 157.0 1199.0 132.0 1199.0 ship 0
441.0 219.0 465.0 219.0 465.0 233.0 441.0 233.0 ship 0
740.0 369.0 767.0 369.0 767.0 392.0 740.0 392.0 ship 0
674.0 270.0 708.0 270.0 708.0 297.0 674.0 297.0 ship 0
433.0 388.0 510.0 388.0 510.0 410.0 433.0 410.0 ship 0
591.0 535.0 645.0 535.0 645.0 556.0 591.0 556.0 ship 0
571.0 505.0 582.0 505.0 582.0 531.0 571.0 531.0 ship 0
506.0 522.0 526.0 522.0 526.0 580.0 506.0 580.0 ship 0
540.0 467.0 560.0 467.0 560.0 518.0 540.0 518.0 ship 0
527.0 495.0 540.0 495.0 540.0 526.0 527.0 526.0 ship 0
525.0 463.0 536.0 463.0 536.0 490.0 525.0 490.0 ship 0
431.0 416.0 507.0 416.0 507.0 436.0 431.0 436.0 ship 0
101.0 337.0 113.0 337.0 113.0 358.0 101.0 358.0 ship 0
468.0 438.0 507.0 438.0 507.0 452.0 468.0 452.0 ship 0
439.0 456.0 504.0 456.0 504.0 482.0 439.0 482.0 ship 0
440.0 486.0 498.0 486.0 498.0 508.0 440.0 508.0 ship 0
437.0 531.0 491.0 531.0 491.0 551.0 437.0 551.0 ship 0
446.0 554.0 498.0 554.0 498.0 572.0 446.0 572.0 ship 0
465.0 730.0 477.0 730.0 477.0 761.0 465.0 761.0 ship 0
444.0 258.0 477.0 258.0 477.0 272.0 444.0 272.0 ship 0
444.0 232.0 477.0 232.0 477.0 245.0 444.0 245.0 ship 0
468.0 1365.0 487.0 1365.0 487.0 1404.0 468.0 1404.0 ship 0
443.0 310.0 480.0 310.0 480.0 322.0 443.0 322.0 ship 0
645.0 664.0 672.0 664.0 672.0 704.0 645.0 704.0 ship 0
92.0 700.0 126.0 700.0 126.0 748.0 92.0 748.0 ship 0
140.0 91.0 470.0 91.0 470.0 149.0 140.0 149.0 bridge 0
165.0 47.0 455.0 47.0 455.0 79.0 165.0 79.0 bridge 0
69.0 285.0 86.0 285.0 86.0 293.0 69.0 293.0 ship 0
68.0 292.0 85.0 292.0 85.0 301.0 68.0 301.0 ship 0
69.0 309.0 89.0 309.0 89.0 317.0 69.0 317.0 ship 0
79.0 317.0 98.0 317.0 98.0 326.0 79.0 326.0 ship 0
80.0 325.0 97.0 325.0 97.0 333.0 80.0 333.0 ship 0
81.0 332.0 97.0 332.0 97.0 341.0 81.0 341.0 ship 0
83.0 339.0 99.0 339.0 99.0 348.0 83.0 348.0 ship 0
81.0 348.0 100.0 348.0 100.0 356.0 81.0 356.0 ship 0
82.0 354.0 100.0 354.0 100.0 363.0 82.0 363.0 ship 0
418.0 214.0 503.0 214.0 503.0 328.0 418.0 328.0 harbor 0
