imagesource:GoogleEarth
gsd:0.273548524564
1158.0 582.0 1259.0 582.0 1259.0 729.0 1158.0 729.0 harbor 0
1181.0 1805.0 1194.0 1805.0 1194.0 1837.0 1181.0 1837.0 ship 0
1110.0 1846.0 1125.0 1846.0 1125.0 1884.0 1110.0 1884.0 ship 0
1124.0 1845.0 1137.0 1845.0 1137.0 1880.0 1124.0 1880.0 ship 0
1140.0 1846.0 1153.0 1846.0 1153.0 1883.0 1140.0 1883.0 ship 0
1152.0 1845.0 1167.0 1845.0 1167.0 1877.0 1152.0 1877.0 ship 0
1168.0 1844.0 1182.0 1844.0 1182.0 1878.0 1168.0 1878.0 ship 0
1184.0 1846.0 1195.0 1846.0 1195.0 1876.0 1184.0 1876.0 ship 0
1198.0 1843.0 1208.0 1843.0 1208.0 1874.0 1198.0 1874.0 ship 0
1211.0 1843.0 1223.0 1843.0 1223.0 1878.0 1211.0 1878.0 ship 0
1227.0 1841.0 1240.0 1841.0 1240.0 1878.0 1227.0 1878.0 ship 0
1239.0 1841.0 1251.0 1841.0 1251.0 1871.0 1239.0 1871.0 ship 0
1256.0 1840.0 1267.0 1840.0 1267.0 1871.0 1256.0 1871.0 ship 0
1269.0 1840.0 1282.0 1840.0 1282.0 1873.0 1269.0 1873.0 ship 0
1285.0 1836.0 1299.0 1836.0 1299.0 1874.0 1285.0 1874.0 ship 0
1281.0 1797.0 1296.0 1797.0 1296.0 1827.0 1281.0 1827.0 ship 0
1264.0 1794.0 1280.0 1794.0 1280.0 1833.0 1264.0 1833.0 ship 0
1253.0 1800.0 1267.0 1800.0 1267.0 1833.0 1253.0 1833.0 ship 0
1236.0 1795.0 1251.0 1795.0 1251.0 1833.0 1236.0 1833.0 ship 0
1224.0 1797.0 1237.0 1797.0 1237.0 1834.0 1224.0 1834.0 ship 0
1210.0 1801.0 1222.0 1801.0 1222.0 1836.0 1210.0 1836.0 ship 0
1205.0 1625.0 1223.0 1625.0 1223.0 1666.0 1205.0 1666.0 ship 0
1224.0 1631.0 1240.0 1631.0 1240.0 1675.0 1224.0 1675.0 ship 0
1226.0 1675.0 1243.0 1675.0 1243.0 1716.0 1226.0 1716.0 ship 0
1212.0 1684.0 1224.0 1684.0 1224.0 1714.0 1212.0 1714.0 ship 0
1192.0 1629.0 1207.0 1629.0 1207.0 1667.0 1192.0 1667.0 ship 0
1174.0 1627.0 1192.0 1627.0 1192.0 1672.0 1174.0 1672.0 ship 0
1195.0 1679.0 1209.0 1679.0 1209.0 1719.0 1195.0 1719.0 ship 0
1177.0 1683.0 1194.0 1683.0 1194.0 1722.0 1177.0 1722.0 ship 0
1196.0 1806.0 1208.0 1806.0 1208.0 1837.0 1196.0 1837.0 ship 0
1167.0 1805.0 1179.0 1805.0 1179.0 1836.0 1167.0 1836.0 ship 0
1134.0 1942.0 1146.0 1942.0 1146.0 1972.0 1134.0 1972.0 ship 0
1153.0 1806.0 1164.0 1806.0 1164.0 1837.0 1153.0 1837.0 ship 0
1102.0 1981.0 1118.0 1981.0 1118.0 2018.0 1102.0 2018.0 ship 0
1121.0 1983.0 1132.0 1983.0 1132.0 2013.0 1121.0 2013.0 ship 0
1134.0 1980.0 1147.0 1980.0 1147.0 2014.0 1134.0 2014.0 ship 0
1150.0 1979.0 1163.0 1979.0 1163.0 2016.0 1150.0 2016.0 ship 0
1163.0 1978.0 1176.0 1978.0 1176.0 2017.0 1163.0 2017.0 ship 0
1162.0 1934.0 1176.0 1934.0 1176.0 1971.0 1162.0 1971.0 ship 0
1192.0 1939.0 1204.0 1939.0 1204.0 1968.0 1192.0 1968.0 ship 0
1206.0 1933.0 1221.0 1933.0 1221.0 1971.0 1206.0 1971.0 ship 0
1219.0 1935.0 1233.0 1935.0 1233.0 1969.0 1219.0 1969.0 ship 0
1233.0 1937.0 1248.0 1937.0 1248.0 1968.0 1233.0 1968.0 ship 0
1249.0 1934.0 1261.0 1934.0 1261.0 1967.0 1249.0 1967.0 ship 0
1264.0 1936.0 1275.0 1936.0 1275.0 1968.0 1264.0 1968.0 ship 0
1278.0 1933.0 1290.0 1933.0 1290.0 1965.0 1278.0 1965.0 ship 0
1293.0 1928.0 1309.0 1928.0 1309.0 1968.0 1293.0 1968.0 ship 0
1295.0 1975.0 1308.0 1975.0 1308.0 2010.0 1295.0 2010.0 ship 0
1278.0 1975.0 1291.0 1975.0 1291.0 2012.0 1278.0 2012.0 ship 0
1265.0 1974.0 1278.0 1974.0 1278.0 2013.0 1265.0 2013.0 ship 0
1252.0 1980.0 1264.0 1980.0 1264.0 2008.0 1252.0 2008.0 ship 0
1238.0 1976.0 1250.0 1976.0 1250.0 2014.0 1238.0 2014.0 ship 0
1223.0 1977.0 1235.0 1977.0 1235.0 2011.0 1223.0 2011.0 ship 0
1207.0 1977.0 1223.0 1977.0 1223.0 2012.0 1207.0 2012.0 ship 0
1192.0 1977.0 1205.0 1977.0 1205.0 2010.0 1192.0 2010.0 ship 0
1179.0 1978.0 1193.0 1978.0 1193.0 2013.0 1179.0 2013.0 ship 0
1092.0 1808.0 1106.0 1808.0 1106.0 1839.0 1092.0 1839.0 ship 0
1109.0 1807.0 1121.0 1807.0 1121.0 1836.0 1109.0 1836.0 ship 0
1123.0 1808.0 1136.0 1808.0 1136.0 1838.0 1123.0 1838.0 ship 0
1138.0 1801.0 1153.0 1801.0 1153.0 1839.0 1138.0 1839.0 ship 0
1166.0 1679.0 1178.0 1679.0 1178.0 1729.0 1166.0 1729.0 ship 0
1148.0 1680.0 1161.0 1680.0 1161.0 1722.0 1148.0 1722.0 ship 0
1131.0 1679.0 1150.0 1679.0 1150.0 1732.0 1131.0 1732.0 ship 0
1115.0 1683.0 1130.0 1683.0 1130.0 1722.0 1115.0 1722.0 ship 0
1128.0 1328.0 1164.0 1328.0 1164.0 1351.0 1128.0 1351.0 ship 0
1133.0 1310.0 1172.0 1310.0 1172.0 1337.0 1133.0 1337.0 ship 0
1143.0 1297.0 1176.0 1297.0 1176.0 1320.0 1143.0 1320.0 ship 0
1146.0 1279.0 1185.0 1279.0 1185.0 1306.0 1146.0 1306.0 ship 0
1099.0 1259.0 1145.0 1259.0 1145.0 1292.0 1099.0 1292.0 ship 0
1110.0 1244.0 1152.0 1244.0 1152.0 1274.0 1110.0 1274.0 ship 0
1086.0 842.0 1116.0 842.0 1116.0 857.0 1086.0 857.0 ship 0
997.0 837.0 1073.0 837.0 1073.0 864.0 997.0 864.0 ship 0
993.0 812.0 1071.0 812.0 1071.0 839.0 993.0 839.0 ship 0
1004.0 792.0 1062.0 792.0 1062.0 810.0 1004.0 810.0 ship 0
1003.0 770.0 1065.0 770.0 1065.0 791.0 1003.0 791.0 ship 0
998.0 742.0 1060.0 742.0 1060.0 764.0 998.0 764.0 ship 0
1078.0 828.0 1108.0 828.0 1108.0 842.0 1078.0 842.0 ship 0
1076.0 810.0 1115.0 810.0 1115.0 828.0 1076.0 828.0 ship 0
1075.0 793.0 1112.0 793.0 1112.0 810.0 1075.0 810.0 ship 0
1073.0 780.0 1108.0 780.0 1108.0 795.0 1073.0 795.0 ship 0
1073.0 761.0 1113.0 761.0 1113.0 779.0 1073.0 779.0 ship 0
1072.0 747.0 1110.0 747.0 1110.0 764.0 1072.0 764.0 ship 0
1067.0 733.0 1102.0 733.0 1102.0 749.0 1067.0 749.0 ship 0
1068.0 718.0 1102.0 718.0 1102.0 732.0 1068.0 732.0 ship 0
1065.0 686.0 1097.0 686.0 1097.0 701.0 1065.0 701.0 ship 0
986.0 713.0 1060.0 713.0 1060.0 746.0 986.0 746.0 ship 0
978.0 693.0 1052.0 693.0 1052.0 723.0 978.0 723.0 ship 0
968.0 668.0 1051.0 668.0 1051.0 695.0 968.0 695.0 ship 0
1055.0 666.0 1097.0 666.0 1097.0 686.0 1055.0 686.0 ship 0
966.0 638.0 1026.0 638.0 1026.0 658.0 966.0 658.0 ship 0
955.0 614.0 1029.0 614.0 1029.0 638.0 955.0 638.0 ship 0
1122.0 1342.0 1163.0 1342.0 1163.0 1369.0 1122.0 1369.0 ship 0
1116.0 1356.0 1161.0 1356.0 1161.0 1388.0 1116.0 1388.0 ship 0
1107.0 1380.0 1149.0 1380.0 1149.0 1409.0 1107.0 1409.0 ship 0
1052.0 1377.0 1093.0 1377.0 1093.0 1405.0 1052.0 1405.0 ship 0
1101.0 1690.0 1115.0 1690.0 1115.0 1725.0 1101.0 1725.0 ship 0
1085.0 1685.0 1099.0 1685.0 1099.0 1718.0 1085.0 1718.0 ship 0
1160.0 1629.0 1176.0 1629.0 1176.0 1668.0 1160.0 1668.0 ship 0
1142.0 1625.0 1158.0 1625.0 1158.0 1674.0 1142.0 1674.0 ship 0
1131.0 1643.0 1142.0 1643.0 1142.0 1672.0 1131.0 1672.0 ship 0
1113.0 1635.0 1130.0 1635.0 1130.0 1673.0 1113.0 1673.0 ship 0
1080.0 1635.0 1099.0 1635.0 1099.0 1669.0 1080.0 1669.0 ship 0
1096.0 1282.0 1134.0 1282.0 1134.0 1311.0 1096.0 1311.0 ship 0
1079.0 1297.0 1124.0 1297.0 1124.0 1328.0 1079.0 1328.0 ship 0
1077.0 1320.0 1120.0 1320.0 1120.0 1351.0 1077.0 1351.0 ship 0
1061.0 1334.0 1113.0 1334.0 1113.0 1370.0 1061.0 1370.0 ship 0
1057.0 1356.0 1104.0 1356.0 1104.0 1389.0 1057.0 1389.0 ship 0
1037.0 1396.0 1085.0 1396.0 1085.0 1429.0 1037.0 1429.0 ship 0
1098.0 1398.0 1141.0 1398.0 1141.0 1429.0 1098.0 1429.0 ship 0
1030.0 1414.0 1077.0 1414.0 1077.0 1446.0 1030.0 1446.0 ship 0
1025.0 1437.0 1069.0 1437.0 1069.0 1467.0 1025.0 1467.0 ship 0
1011.0 1452.0 1061.0 1452.0 1061.0 1487.0 1011.0 1487.0 ship 0
1008.0 1475.0 1053.0 1475.0 1053.0 1506.0 1008.0 1506.0 ship 0
1000.0 1494.0 1040.0 1494.0 1040.0 1521.0 1000.0 1521.0 ship 0
1005.0 1512.0 1039.0 1512.0 1039.0 1537.0 1005.0 1537.0 ship 0
1051.0 1516.0 1095.0 1516.0 1095.0 1543.0 1051.0 1543.0 ship 0
1055.0 1494.0 1104.0 1494.0 1104.0 1526.0 1055.0 1526.0 ship 0
1064.0 1474.0 1106.0 1474.0 1106.0 1503.0 1064.0 1503.0 ship 0
1071.0 1455.0 1117.0 1455.0 1117.0 1488.0 1071.0 1488.0 ship 0
1079.0 1435.0 1126.0 1435.0 1126.0 1465.0 1079.0 1465.0 ship 0
1090.0 1419.0 1137.0 1419.0 1137.0 1449.0 1090.0 1449.0 ship 0
1118.0 1939.0 1132.0 1939.0 1132.0 1973.0 1118.0 1973.0 ship 0
1105.0 1941.0 1116.0 1941.0 1116.0 1970.0 1105.0 1970.0 ship 0
1045.0 622.0 1082.0 622.0 1082.0 638.0 1045.0 638.0 ship 0
418.0 144.0 428.0 144.0 428.0 162.0 418.0 162.0 small-vehicle 1
425.0 26.0 435.0 26.0 435.0 45.0 425.0 45.0 small-vehicle 1
416.0 45.0 426.0 45.0 426.0 63.0 416.0 63.0 small-vehicle 1
419.0 13.0 440.0 13.0 440.0 23.0 419.0 23.0 small-vehicle 1
354.0 166.0 374.0 166.0 374.0 175.0 354.0 175.0 small-vehicle 1
368.0 94.0 383.0 94.0 383.0 124.0 368.0 124.0 ship 0
378.0 118.0 388.0 118.0 388.0 136.0 378.0 136.0 small-vehicle 1
378.0 97.0 391.0 97.0 391.0 116.0 378.0 116.0 small-vehicle 1
379.0 71.0 390.0 71.0 390.0 90.0 379.0 90.0 small-vehicle 1
374.0 41.0 384.0 41.0 384.0 63.0 374.0 63.0 small-vehicle 1
367.0 17.0 382.0 17.0 382.0 38.0 367.0 38.0 small-vehicle 1
1586.0 515.0 1605.0 515.0 1605.0 531.0 1586.0 531.0 storage-tank 0
1563.0 513.0 1583.0 513.0 1583.0 530.0 1563.0 530.0 storage-tank 0
465.0 2144.0 494.0 2144.0 494.0 2187.0 465.0 2187.0 ship 0
482.0 2106.0 516.0 2106.0 516.0 2149.0 482.0 2149.0 ship 0
505.0 2079.0 529.0 2079.0 529.0 2111.0 505.0 2111.0 ship 0
451.0 2101.0 489.0 2101.0 489.0 2131.0 451.0 2131.0 ship 0
456.0 2088.0 497.0 2088.0 497.0 2118.0 456.0 2118.0 ship 0
464.0 2074.0 502.0 2074.0 502.0 2104.0 464.0 2104.0 ship 0
470.0 2059.0 510.0 2059.0 510.0 2093.0 470.0 2093.0 ship 0
479.0 2047.0 519.0 2047.0 519.0 2077.0 479.0 2077.0 ship 0
482.0 2027.0 526.0 2027.0 526.0 2061.0 482.0 2061.0 ship 0
495.0 2017.0 533.0 2017.0 533.0 2044.0 495.0 2044.0 ship 0
502.0 2002.0 539.0 2002.0 539.0 2032.0 502.0 2032.0 ship 0
512.0 1989.0 548.0 1989.0 548.0 2018.0 512.0 2018.0 ship 0
517.0 1974.0 554.0 1974.0 554.0 2002.0 517.0 2002.0 ship 0
523.0 1959.0 560.0 1959.0 560.0 1988.0 523.0 1988.0 ship 0
530.0 1945.0 567.0 1945.0 567.0 1974.0 530.0 1974.0 ship 0
417.0 66.0 426.0 66.0 426.0 85.0 417.0 85.0 small-vehicle 1
367.0 200.0 387.0 200.0 387.0 217.0 367.0 217.0 small-vehicle 1
1111.0 2075.0 1125.0 2075.0 1125.0 2107.0 1111.0 2107.0 ship 0
445.0 199.0 468.0 199.0 468.0 210.0 445.0 210.0 small-vehicle 1
502.0 18.0 523.0 18.0 523.0 33.0 502.0 33.0 small-vehicle 1
505.0 30.0 527.0 30.0 527.0 47.0 505.0 47.0 small-vehicle 1
505.0 42.0 525.0 42.0 525.0 54.0 505.0 54.0 small-vehicle 1
481.0 58.0 502.0 58.0 502.0 73.0 481.0 73.0 small-vehicle 1
480.0 45.0 502.0 45.0 502.0 61.0 480.0 61.0 small-vehicle 1
482.0 33.0 502.0 33.0 502.0 44.0 482.0 44.0 small-vehicle 1
483.0 16.0 494.0 16.0 494.0 32.0 483.0 32.0 small-vehicle 1
464.0 2.0 484.0 2.0 484.0 8.0 464.0 8.0 small-vehicle 1
445.0 14.0 465.0 14.0 465.0 31.0 445.0 31.0 small-vehicle 1
444.0 26.0 468.0 26.0 468.0 47.0 444.0 47.0 small-vehicle 1
444.0 40.0 465.0 40.0 465.0 58.0 444.0 58.0 small-vehicle 1
416.0 240.0 426.0 240.0 426.0 261.0 416.0 261.0 small-vehicle 1
489.0 89.0 508.0 89.0 508.0 103.0 489.0 103.0 small-vehicle 1
487.0 81.0 506.0 81.0 506.0 94.0 487.0 94.0 small-vehicle 1
484.0 69.0 504.0 69.0 504.0 82.0 484.0 82.0 small-vehicle 1
510.0 80.0 521.0 80.0 521.0 102.0 510.0 102.0 small-vehicle 1
374.0 350.0 384.0 350.0 384.0 369.0 374.0 369.0 small-vehicle 1
363.0 336.0 386.0 336.0 386.0 344.0 363.0 344.0 small-vehicle 1
360.0 325.0 379.0 325.0 379.0 335.0 360.0 335.0 small-vehicle 1
358.0 305.0 376.0 305.0 376.0 313.0 358.0 313.0 small-vehicle 1
356.0 286.0 376.0 286.0 376.0 296.0 356.0 296.0 small-vehicle 1
355.0 276.0 376.0 276.0 376.0 284.0 355.0 284.0 small-vehicle 1
366.0 254.0 385.0 254.0 385.0 269.0 366.0 269.0 small-vehicle 1
366.0 238.0 387.0 238.0 387.0 255.0 366.0 255.0 small-vehicle 1
366.0 225.0 388.0 225.0 388.0 241.0 366.0 241.0 small-vehicle 1
368.0 211.0 387.0 211.0 387.0 226.0 368.0 226.0 small-vehicle 1
483.0 161.0 498.0 161.0 498.0 186.0 483.0 186.0 small-vehicle 1
537.0 1929.0 576.0 1929.0 576.0 1962.0 537.0 1962.0 ship 0
546.0 1918.0 583.0 1918.0 583.0 1946.0 546.0 1946.0 ship 0
339.0 1889.0 396.0 1889.0 396.0 1938.0 339.0 1938.0 ship 0
601.0 1883.0 638.0 1883.0 638.0 1929.0 601.0 1929.0 ship 0
132.0 739.0 151.0 739.0 151.0 767.0 132.0 767.0 ship 0
148.0 728.0 168.0 728.0 168.0 761.0 148.0 761.0 ship 0
275.0 1328.0 436.0 1328.0 436.0 1428.0 275.0 1428.0 ship 0
1113.0 2118.0 1125.0 2118.0 1125.0 2146.0 1113.0 2146.0 ship 0
1128.0 2114.0 1143.0 2114.0 1143.0 2154.0 1128.0 2154.0 ship 0
1170.0 2117.0 1184.0 2117.0 1184.0 2154.0 1170.0 2154.0 ship 0
1186.0 2116.0 1198.0 2116.0 1198.0 2145.0 1186.0 2145.0 ship 0
1215.0 2111.0 1227.0 2111.0 1227.0 2147.0 1215.0 2147.0 ship 0
1227.0 2110.0 1242.0 2110.0 1242.0 2146.0 1227.0 2146.0 ship 0
1245.0 2114.0 1255.0 2114.0 1255.0 2142.0 1245.0 2142.0 ship 0
1256.0 2110.0 1269.0 2110.0 1269.0 2151.0 1256.0 2151.0 ship 0
1273.0 2110.0 1285.0 2110.0 1285.0 2144.0 1273.0 2144.0 ship 0
1285.0 2109.0 1299.0 2109.0 1299.0 2142.0 1285.0 2142.0 ship 0
1302.0 2104.0 1317.0 2104.0 1317.0 2145.0 1302.0 2145.0 ship 0
1301.0 2066.0 1315.0 2066.0 1315.0 2100.0 1301.0 2100.0 ship 0
1287.0 2070.0 1297.0 2070.0 1297.0 2099.0 1287.0 2099.0 ship 0
1272.0 2070.0 1284.0 2070.0 1284.0 2102.0 1272.0 2102.0 ship 0
1257.0 2068.0 1268.0 2068.0 1268.0 2100.0 1257.0 2100.0 ship 0
1242.0 2063.0 1259.0 2063.0 1259.0 2103.0 1242.0 2103.0 ship 0
1227.0 2069.0 1239.0 2069.0 1239.0 2100.0 1227.0 2100.0 ship 0
1213.0 2071.0 1226.0 2071.0 1226.0 2103.0 1213.0 2103.0 ship 0
1199.0 2072.0 1211.0 2072.0 1211.0 2101.0 1199.0 2101.0 ship 0
1185.0 2066.0 1198.0 2066.0 1198.0 2106.0 1185.0 2106.0 ship 0
1168.0 2070.0 1182.0 2070.0 1182.0 2105.0 1168.0 2105.0 ship 0
1156.0 2074.0 1167.0 2074.0 1167.0 2101.0 1156.0 2101.0 ship 0
1141.0 2079.0 1153.0 2079.0 1153.0 2107.0 1141.0 2107.0 ship 0
1127.0 2078.0 1139.0 2078.0 1139.0 2108.0 1127.0 2108.0 ship 0
706.0 1691.0 737.0 1691.0 737.0 1735.0 706.0 1735.0 ship 0
684.0 1732.0 713.0 1732.0 713.0 1773.0 684.0 1773.0 ship 0
653.0 1784.0 688.0 1784.0 688.0 1836.0 653.0 1836.0 ship 0
660.0 1719.0 693.0 1719.0 693.0 1743.0 660.0 1743.0 ship 0
562.0 1886.0 600.0 1886.0 600.0 1915.0 562.0 1915.0 ship 0
576.0 1875.0 605.0 1875.0 605.0 1900.0 576.0 1900.0 ship 0
579.0 1860.0 614.0 1860.0 614.0 1884.0 579.0 1884.0 ship 0
627.0 1847.0 650.0 1847.0 650.0 1877.0 627.0 1877.0 ship 0
581.0 1839.0 624.0 1839.0 624.0 1875.0 581.0 1875.0 ship 0
598.0 1833.0 632.0 1833.0 632.0 1859.0 598.0 1859.0 ship 0
600.0 1816.0 641.0 1816.0 641.0 1844.0 600.0 1844.0 ship 0
617.0 1789.0 654.0 1789.0 654.0 1818.0 617.0 1818.0 ship 0
628.0 1776.0 655.0 1776.0 655.0 1794.0 628.0 1794.0 ship 0
638.0 1762.0 670.0 1762.0 670.0 1786.0 638.0 1786.0 ship 0
645.0 1749.0 676.0 1749.0 676.0 1773.0 645.0 1773.0 ship 0
652.0 1738.0 682.0 1738.0 682.0 1759.0 652.0 1759.0 ship 0
666.0 1703.0 701.0 1703.0 701.0 1732.0 666.0 1732.0 ship 0
760.0 141.0 791.0 141.0 791.0 181.0 760.0 181.0 ship 0
675.0 1688.0 711.0 1688.0 711.0 1720.0 675.0 1720.0 ship 0
679.0 1674.0 717.0 1674.0 717.0 1700.0 679.0 1700.0 ship 0
560.0 1607.0 621.0 1607.0 621.0 1655.0 560.0 1655.0 ship 0
527.0 1711.0 560.0 1711.0 560.0 1736.0 527.0 1736.0 ship 0
727.0 1443.0 766.0 1443.0 766.0 1472.0 727.0 1472.0 ship 0
1036.0 1142.0 1085.0 1142.0 1085.0 1184.0 1036.0 1184.0 ship 0
898.0 1024.0 925.0 1024.0 925.0 1050.0 898.0 1050.0 ship 0
709.0 559.0 735.0 559.0 735.0 596.0 709.0 596.0 ship 0
660.0 560.0 675.0 560.0 675.0 580.0 660.0 580.0 ship 0
684.0 564.0 699.0 564.0 699.0 586.0 684.0 586.0 ship 0
302.0 2219.0 355.0 2219.0 355.0 2262.0 302.0 2262.0 ship 0
359.0 1164.0 474.0 1164.0 474.0 1307.0 359.0 1307.0 ship 0
1038.0 638.0 1081.0 638.0 1081.0 654.0 1038.0 654.0 ship 0
1044.0 589.0 1083.0 589.0 1083.0 607.0 1044.0 607.0 ship 0
561.0 8.0 581.0 8.0 581.0 20.0 561.0 20.0 small-vehicle 1
531.0 1681.0 570.0 1681.0 570.0 1711.0 531.0 1711.0 ship 0
457.0 1676.0 514.0 1676.0 514.0 1718.0 457.0 1718.0 ship 0
442.0 1722.0 490.0 1722.0 490.0 1760.0 442.0 1760.0 ship 0
495.0 1742.0 543.0 1742.0 543.0 1778.0 495.0 1778.0 ship 0
487.0 1759.0 528.0 1759.0 528.0 1790.0 487.0 1790.0 ship 0
478.0 1773.0 527.0 1773.0 527.0 1810.0 478.0 1810.0 ship 0
472.0 1792.0 516.0 1792.0 516.0 1827.0 472.0 1827.0 ship 0
428.0 1767.0 465.0 1767.0 465.0 1796.0 428.0 1796.0 ship 0
413.0 1780.0 462.0 1780.0 462.0 1817.0 413.0 1817.0 ship 0
463.0 1811.0 500.0 1811.0 500.0 1840.0 463.0 1840.0 ship 0
454.0 1827.0 490.0 1827.0 490.0 1855.0 454.0 1855.0 ship 0
400.0 1799.0 451.0 1799.0 451.0 1839.0 400.0 1839.0 ship 0
383.0 1815.0 439.0 1815.0 439.0 1858.0 383.0 1858.0 ship 0
440.0 1845.0 482.0 1845.0 482.0 1876.0 440.0 1876.0 ship 0
432.0 1862.0 474.0 1862.0 474.0 1895.0 432.0 1895.0 ship 0
425.0 1884.0 469.0 1884.0 469.0 1916.0 425.0 1916.0 ship 0
375.0 1839.0 422.0 1839.0 422.0 1874.0 375.0 1874.0 ship 0
369.0 1856.0 417.0 1856.0 417.0 1895.0 369.0 1895.0 ship 0
359.0 1882.0 404.0 1882.0 404.0 1916.0 359.0 1916.0 ship 0
415.0 1900.0 459.0 1900.0 459.0 1934.0 415.0 1934.0 ship 0
404.0 1916.0 440.0 1916.0 440.0 1943.0 404.0 1943.0 ship 0
389.0 1948.0 430.0 1948.0 430.0 1981.0 389.0 1981.0 ship 0
393.0 1929.0 443.0 1929.0 443.0 1968.0 393.0 1968.0 ship 0
327.0 1909.0 387.0 1909.0 387.0 1955.0 327.0 1955.0 ship 0
337.0 1944.0 375.0 1944.0 375.0 1973.0 337.0 1973.0 ship 0
377.0 1965.0 422.0 1965.0 422.0 1998.0 377.0 1998.0 ship 0
366.0 1983.0 410.0 1983.0 410.0 2016.0 366.0 2016.0 ship 0
319.0 1962.0 363.0 1962.0 363.0 1997.0 319.0 1997.0 ship 0
467.0 1654.0 524.0 1654.0 524.0 1697.0 467.0 1697.0 ship 0
487.0 1642.0 535.0 1642.0 535.0 1679.0 487.0 1679.0 ship 0
619.0 1381.0 672.0 1381.0 672.0 1422.0 619.0 1422.0 ship 0
501.0 1623.0 539.0 1623.0 539.0 1651.0 501.0 1651.0 ship 0
606.0 1425.0 653.0 1425.0 653.0 1461.0 606.0 1461.0 ship 0
592.0 1442.0 642.0 1442.0 642.0 1479.0 592.0 1479.0 ship 0
580.0 1461.0 631.0 1461.0 631.0 1496.0 580.0 1496.0 ship 0
567.0 1476.0 623.0 1476.0 623.0 1517.0 567.0 1517.0 ship 0
627.0 1510.0 668.0 1510.0 668.0 1540.0 627.0 1540.0 ship 0
635.0 1486.0 680.0 1486.0 680.0 1521.0 635.0 1521.0 ship 0
645.0 1473.0 684.0 1473.0 684.0 1501.0 645.0 1501.0 ship 0
654.0 1450.0 698.0 1450.0 698.0 1485.0 654.0 1485.0 ship 0
662.0 1429.0 711.0 1429.0 711.0 1467.0 662.0 1467.0 ship 0
674.0 1416.0 727.0 1416.0 727.0 1454.0 674.0 1454.0 ship 0
810.0 1505.0 835.0 1505.0 835.0 1537.0 810.0 1537.0 ship 0
785.0 1475.0 822.0 1475.0 822.0 1502.0 785.0 1502.0 ship 0
780.0 1488.0 815.0 1488.0 815.0 1515.0 780.0 1515.0 ship 0
775.0 1503.0 807.0 1503.0 807.0 1529.0 775.0 1529.0 ship 0
769.0 1518.0 800.0 1518.0 800.0 1542.0 769.0 1542.0 ship 0
756.0 1527.0 794.0 1527.0 794.0 1556.0 756.0 1556.0 ship 0
787.0 1546.0 812.0 1546.0 812.0 1579.0 787.0 1579.0 ship 0
756.0 1547.0 786.0 1547.0 786.0 1571.0 756.0 1571.0 ship 0
744.0 1559.0 779.0 1559.0 779.0 1587.0 744.0 1587.0 ship 0
742.0 1574.0 772.0 1574.0 772.0 1598.0 742.0 1598.0 ship 0
727.0 1584.0 767.0 1584.0 767.0 1614.0 727.0 1614.0 ship 0
697.0 1633.0 776.0 1633.0 776.0 1697.0 697.0 1697.0 ship 0
583.0 1594.0 615.0 1594.0 615.0 1617.0 583.0 1617.0 ship 0
537.0 1570.0 575.0 1570.0 575.0 1598.0 537.0 1598.0 ship 0
504.0 1574.0 565.0 1574.0 565.0 1620.0 504.0 1620.0 ship 0
546.0 1643.0 594.0 1643.0 594.0 1679.0 546.0 1679.0 ship 0
507.0 1605.0 551.0 1605.0 551.0 1637.0 507.0 1637.0 ship 0
314.0 1982.0 355.0 1982.0 355.0 2014.0 314.0 2014.0 ship 0
287.0 1992.0 343.0 1992.0 343.0 2035.0 287.0 2035.0 ship 0
346.0 2017.0 397.0 2017.0 397.0 2054.0 346.0 2054.0 ship 0
285.0 2020.0 334.0 2020.0 334.0 2056.0 285.0 2056.0 ship 0
721.0 559.0 759.0 559.0 759.0 620.0 721.0 620.0 ship 0
730.0 463.0 764.0 463.0 764.0 479.0 730.0 479.0 ship 0
696.0 439.0 713.0 439.0 713.0 474.0 696.0 474.0 ship 0
718.0 427.0 733.0 427.0 733.0 465.0 718.0 465.0 ship 0
701.0 410.0 721.0 410.0 721.0 442.0 701.0 442.0 ship 0
654.0 422.0 691.0 422.0 691.0 436.0 654.0 436.0 ship 0
663.0 358.0 698.0 358.0 698.0 384.0 663.0 384.0 ship 0
769.0 322.0 797.0 322.0 797.0 375.0 769.0 375.0 ship 0
808.0 78.0 823.0 78.0 823.0 105.0 808.0 105.0 ship 0
774.0 187.0 806.0 187.0 806.0 201.0 774.0 201.0 ship 0
456.0 135.0 472.0 135.0 472.0 190.0 456.0 190.0 ship 0
1095.0 2069.0 1305.0 2069.0 1305.0 2152.0 1095.0 2152.0 harbor 0
1095.0 1932.0 1297.0 1932.0 1297.0 2016.0 1095.0 2016.0 harbor 0
1090.0 1796.0 1288.0 1796.0 1288.0 1881.0 1090.0 1881.0 harbor 0
1079.0 1622.0 1231.0 1622.0 1231.0 1728.0 1079.0 1728.0 harbor 0
984.0 1253.0 1195.0 1253.0 1195.0 1579.0 984.0 1579.0 harbor 0
803.0 1131.0 1084.0 1131.0 1084.0 1520.0 803.0 1520.0 harbor 0
570.0 921.0 977.0 921.0 977.0 1545.0 570.0 1545.0 harbor 0
990.0 680.0 1155.0 680.0 1155.0 1134.0 990.0 1134.0 harbor 0
967.0 284.0 1110.0 284.0 1110.0 649.0 967.0 649.0 harbor 0
651.0 540.0 740.0 540.0 740.0 613.0 651.0 613.0 harbor 0
733.0 30.0 819.0 30.0 819.0 201.0 733.0 201.0 harbor 0
256.0 2143.0 408.0 2143.0 408.0 2253.0 256.0 2253.0 harbor 0
409.0 1674.0 725.0 1674.0 725.0 2216.0 409.0 2216.0 harbor 0
239.0 1575.0 617.0 1575.0 617.0 2162.0 239.0 2162.0 harbor 0
260.0 1426.0 403.0 1426.0 403.0 1593.0 260.0 1593.0 harbor 0
148.0 1578.0 250.0 1578.0 250.0 1796.0 148.0 1796.0 harbor 0
656.0 589.0 720.0 589.0 720.0 630.0 656.0 630.0 ship 0
697.0 568.0 715.0 568.0 715.0 596.0 697.0 596.0 ship 0
476.0 1209.0 531.0 1209.0 531.0 1290.0 476.0 1290.0 ship 0
61.0 1982.0 95.0 1982.0 95.0 2006.0 61.0 2006.0 ship 0
258.0 2055.0 311.0 2055.0 311.0 2097.0 258.0 2097.0 ship 0
324.0 2070.0 369.0 2070.0 369.0 2103.0 324.0 2103.0 ship 0
427.0 2149.0 464.0 2149.0 464.0 2179.0 427.0 2179.0 ship 0
418.0 2159.0 456.0 2159.0 456.0 2188.0 418.0 2188.0 ship 0
418.0 2179.0 448.0 2179.0 448.0 2203.0 418.0 2203.0 ship 0
304.0 2104.0 347.0 2104.0 347.0 2137.0 304.0 2137.0 ship 0
291.0 2123.0 349.0 2123.0 349.0 2163.0 291.0 2163.0 ship 0
280.0 2151.0 319.0 2151.0 319.0 2179.0 280.0 2179.0 ship 0
255.0 2167.0 295.0 2167.0 295.0 2198.0 255.0 2198.0 ship 0
291.0 2186.0 340.0 2186.0 340.0 2220.0 291.0 2220.0 ship 0
344.0 2179.0 392.0 2179.0 392.0 2213.0 344.0 2213.0 ship 0
338.0 2209.0 384.0 2209.0 384.0 2241.0 338.0 2241.0 ship 0
65.0 2004.0 133.0 2004.0 133.0 2054.0 65.0 2054.0 ship 0
309.0 1438.0 357.0 1438.0 357.0 1471.0 309.0 1471.0 ship 0
104.0 1914.0 130.0 1914.0 130.0 1952.0 104.0 1952.0 ship 0
113.0 1960.0 161.0 1960.0 161.0 1993.0 113.0 1993.0 ship 0
123.0 1944.0 170.0 1944.0 170.0 1975.0 123.0 1975.0 ship 0
135.0 1928.0 177.0 1928.0 177.0 1958.0 135.0 1958.0 ship 0
134.0 1906.0 197.0 1906.0 197.0 1949.0 134.0 1949.0 ship 0
152.0 1879.0 197.0 1879.0 197.0 1910.0 152.0 1910.0 ship 0
106.0 1853.0 151.0 1853.0 151.0 1888.0 106.0 1888.0 ship 0
136.0 1787.0 179.0 1787.0 179.0 1810.0 136.0 1810.0 ship 0
283.0 1499.0 348.0 1499.0 348.0 1546.0 283.0 1546.0 ship 0
254.0 1520.0 274.0 1520.0 274.0 1549.0 254.0 1549.0 ship 0
295.0 1462.0 380.0 1462.0 380.0 1521.0 295.0 1521.0 ship 0
356.0 1457.0 393.0 1457.0 393.0 1482.0 356.0 1482.0 ship 0
618.0 1407.0 664.0 1407.0 664.0 1445.0 618.0 1445.0 ship 0
633.0 1363.0 684.0 1363.0 684.0 1403.0 633.0 1403.0 ship 0
970.0 579.0 1034.0 579.0 1034.0 601.0 970.0 601.0 ship 0
1027.0 982.0 1088.0 982.0 1088.0 1003.0 1027.0 1003.0 ship 0
1095.0 980.0 1131.0 980.0 1131.0 995.0 1095.0 995.0 ship 0
1095.0 997.0 1136.0 997.0 1136.0 1015.0 1095.0 1015.0 ship 0
1123.0 1166.0 1155.0 1166.0 1155.0 1180.0 1123.0 1180.0 ship 0
1111.0 1139.0 1159.0 1139.0 1159.0 1172.0 1111.0 1172.0 ship 0
1110.0 1123.0 1166.0 1123.0 1166.0 1142.0 1110.0 1142.0 ship 0
1112.0 1106.0 1148.0 1106.0 1148.0 1121.0 1112.0 1121.0 ship 0
1102.0 1082.0 1152.0 1082.0 1152.0 1101.0 1102.0 1101.0 ship 0
1100.0 1064.0 1141.0 1064.0 1141.0 1080.0 1100.0 1080.0 ship 0
1101.0 1020.0 1143.0 1020.0 1143.0 1038.0 1101.0 1038.0 ship 0
1032.0 1030.0 1091.0 1030.0 1091.0 1048.0 1032.0 1048.0 ship 0
1041.0 1055.0 1089.0 1055.0 1089.0 1075.0 1041.0 1075.0 ship 0
1036.0 1077.0 1096.0 1077.0 1096.0 1098.0 1036.0 1098.0 ship 0
1048.0 1103.0 1096.0 1103.0 1096.0 1121.0 1048.0 1121.0 ship 0
1056.0 1128.0 1093.0 1128.0 1093.0 1143.0 1056.0 1143.0 ship 0
1093.0 1145.0 1106.0 1145.0 1106.0 1181.0 1093.0 1181.0 ship 0
991.0 1128.0 1033.0 1128.0 1033.0 1159.0 991.0 1159.0 ship 0
1002.0 1114.0 1042.0 1114.0 1042.0 1145.0 1002.0 1145.0 ship 0
1030.0 1168.0 1068.0 1168.0 1068.0 1197.0 1030.0 1197.0 ship 0
974.0 1139.0 1025.0 1139.0 1025.0 1177.0 974.0 1177.0 ship 0
970.0 1162.0 1012.0 1162.0 1012.0 1193.0 970.0 1193.0 ship 0
1020.0 1188.0 1062.0 1188.0 1062.0 1219.0 1020.0 1219.0 ship 0
1010.0 1205.0 1053.0 1205.0 1053.0 1237.0 1010.0 1237.0 ship 0
964.0 1181.0 1005.0 1181.0 1005.0 1211.0 964.0 1211.0 ship 0
948.0 1198.0 992.0 1198.0 992.0 1232.0 948.0 1232.0 ship 0
987.0 1242.0 1029.0 1242.0 1029.0 1275.0 987.0 1275.0 ship 0
936.0 1214.0 982.0 1214.0 982.0 1251.0 936.0 1251.0 ship 0
929.0 1236.0 974.0 1236.0 974.0 1271.0 929.0 1271.0 ship 0
1093.0 967.0 1124.0 967.0 1124.0 980.0 1093.0 980.0 ship 0
1030.0 964.0 1083.0 964.0 1083.0 982.0 1030.0 982.0 ship 0
641.0 1348.0 686.0 1348.0 686.0 1383.0 641.0 1383.0 ship 0
1091.0 950.0 1128.0 950.0 1128.0 965.0 1091.0 965.0 ship 0
973.0 556.0 1034.0 556.0 1034.0 578.0 973.0 578.0 ship 0
1046.0 570.0 1091.0 570.0 1091.0 587.0 1046.0 587.0 ship 0
1050.0 541.0 1091.0 541.0 1091.0 557.0 1050.0 557.0 ship 0
1055.0 526.0 1086.0 526.0 1086.0 538.0 1055.0 538.0 ship 0
1057.0 492.0 1090.0 492.0 1090.0 506.0 1057.0 506.0 ship 0
1059.0 474.0 1091.0 474.0 1091.0 491.0 1059.0 491.0 ship 0
1055.0 462.0 1096.0 462.0 1096.0 481.0 1055.0 481.0 ship 0
962.0 464.0 1039.0 464.0 1039.0 489.0 962.0 489.0 ship 0
971.0 439.0 1039.0 439.0 1039.0 462.0 971.0 462.0 ship 0
1055.0 424.0 1097.0 424.0 1097.0 442.0 1055.0 442.0 ship 0
1065.0 410.0 1093.0 410.0 1093.0 422.0 1065.0 422.0 ship 0
1055.0 394.0 1106.0 394.0 1106.0 413.0 1055.0 413.0 ship 0
1055.0 374.0 1100.0 374.0 1100.0 389.0 1055.0 389.0 ship 0
1062.0 346.0 1104.0 346.0 1104.0 364.0 1062.0 364.0 ship 0
1064.0 329.0 1095.0 329.0 1095.0 342.0 1064.0 342.0 ship 0
1067.0 315.0 1102.0 315.0 1102.0 335.0 1067.0 335.0 ship 0
1071.0 296.0 1108.0 296.0 1108.0 313.0 1071.0 313.0 ship 0
975.0 287.0 1051.0 287.0 1051.0 315.0 975.0 315.0 ship 0
1006.0 260.0 1091.0 260.0 1091.0 288.0 1006.0 288.0 ship 0
1022.0 863.0 1077.0 863.0 1077.0 888.0 1022.0 888.0 ship 0
1008.0 886.0 1075.0 886.0 1075.0 912.0 1008.0 912.0 ship 0
1083.0 874.0 1120.0 874.0 1120.0 889.0 1083.0 889.0 ship 0
1085.0 888.0 1120.0 888.0 1120.0 904.0 1085.0 904.0 ship 0
1089.0 919.0 1125.0 919.0 1125.0 933.0 1089.0 933.0 ship 0
1022.0 912.0 1080.0 912.0 1080.0 934.0 1022.0 934.0 ship 0
1025.0 936.0 1081.0 936.0 1081.0 956.0 1025.0 956.0 ship 0
1091.0 935.0 1128.0 935.0 1128.0 951.0 1091.0 951.0 ship 0
974.0 1260.0 1018.0 1260.0 1018.0 1295.0 974.0 1295.0 ship 0
924.0 1257.0 964.0 1257.0 964.0 1288.0 924.0 1288.0 ship 0
975.0 1283.0 1017.0 1283.0 1017.0 1312.0 975.0 1312.0 ship 0
947.0 1318.0 981.0 1318.0 981.0 1343.0 947.0 1343.0 ship 0
815.0 1150.0 858.0 1150.0 858.0 1182.0 815.0 1182.0 ship 0
826.0 1130.0 877.0 1130.0 877.0 1170.0 826.0 1170.0 ship 0
838.0 1113.0 878.0 1113.0 878.0 1144.0 838.0 1144.0 ship 0
847.0 1094.0 888.0 1094.0 888.0 1127.0 847.0 1127.0 ship 0
858.0 1076.0 907.0 1076.0 907.0 1114.0 858.0 1114.0 ship 0
890.0 1039.0 922.0 1039.0 922.0 1065.0 890.0 1065.0 ship 0
888.0 910.0 939.0 910.0 939.0 950.0 888.0 950.0 ship 0
883.0 932.0 916.0 932.0 916.0 958.0 883.0 958.0 ship 0
904.0 966.0 933.0 966.0 933.0 1003.0 904.0 1003.0 ship 0
858.0 949.0 908.0 949.0 908.0 988.0 858.0 988.0 ship 0
846.0 968.0 901.0 968.0 901.0 1007.0 846.0 1007.0 ship 0
838.0 991.0 883.0 991.0 883.0 1024.0 838.0 1024.0 ship 0
826.0 1005.0 877.0 1005.0 877.0 1044.0 826.0 1044.0 ship 0
819.0 1032.0 861.0 1032.0 861.0 1065.0 819.0 1065.0 ship 0
807.0 1047.0 856.0 1047.0 856.0 1086.0 807.0 1086.0 ship 0
793.0 1062.0 843.0 1062.0 843.0 1103.0 793.0 1103.0 ship 0
784.0 1081.0 833.0 1081.0 833.0 1122.0 784.0 1122.0 ship 0
769.0 1100.0 821.0 1100.0 821.0 1141.0 769.0 1141.0 ship 0
748.0 1113.0 812.0 1113.0 812.0 1160.0 748.0 1160.0 ship 0
744.0 1137.0 802.0 1137.0 802.0 1180.0 744.0 1180.0 ship 0
738.0 1162.0 787.0 1162.0 787.0 1198.0 738.0 1198.0 ship 0
718.0 1222.0 760.0 1222.0 760.0 1255.0 718.0 1255.0 ship 0
702.0 1237.0 747.0 1237.0 747.0 1272.0 702.0 1272.0 ship 0
694.0 1256.0 737.0 1256.0 737.0 1288.0 694.0 1288.0 ship 0
674.0 1293.0 721.0 1293.0 721.0 1329.0 674.0 1329.0 ship 0
663.0 1312.0 714.0 1312.0 714.0 1348.0 663.0 1348.0 ship 0
656.0 1336.0 693.0 1336.0 693.0 1363.0 656.0 1363.0 ship 0
802.0 1169.0 852.0 1169.0 852.0 1205.0 802.0 1205.0 ship 0
799.0 1191.0 844.0 1191.0 844.0 1223.0 799.0 1223.0 ship 0
785.0 1210.0 825.0 1210.0 825.0 1241.0 785.0 1241.0 ship 0
837.0 1404.0 884.0 1404.0 884.0 1438.0 837.0 1438.0 ship 0
957.0 1301.0 1001.0 1301.0 1001.0 1335.0 957.0 1335.0 ship 0
909.0 1276.0 952.0 1276.0 952.0 1307.0 909.0 1307.0 ship 0
900.0 1294.0 942.0 1294.0 942.0 1324.0 900.0 1324.0 ship 0
886.0 1314.0 931.0 1314.0 931.0 1349.0 886.0 1349.0 ship 0
881.0 1334.0 920.0 1334.0 920.0 1362.0 881.0 1362.0 ship 0
934.0 1339.0 977.0 1339.0 977.0 1372.0 934.0 1372.0 ship 0
914.0 1375.0 959.0 1375.0 959.0 1409.0 914.0 1409.0 ship 0
906.0 1393.0 952.0 1393.0 952.0 1429.0 906.0 1429.0 ship 0
870.0 1354.0 907.0 1354.0 907.0 1382.0 870.0 1382.0 ship 0
859.0 1369.0 898.0 1369.0 898.0 1398.0 859.0 1398.0 ship 0
892.0 1410.0 939.0 1410.0 939.0 1446.0 892.0 1446.0 ship 0
847.0 1388.0 892.0 1388.0 892.0 1419.0 847.0 1419.0 ship 0
896.0 1434.0 922.0 1434.0 922.0 1454.0 896.0 1454.0 ship 0
774.0 1227.0 819.0 1227.0 819.0 1262.0 774.0 1262.0 ship 0
876.0 1449.0 904.0 1449.0 904.0 1470.0 876.0 1470.0 ship 0
822.0 1419.0 874.0 1419.0 874.0 1458.0 822.0 1458.0 ship 0
817.0 1443.0 863.0 1443.0 863.0 1477.0 817.0 1477.0 ship 0
805.0 1460.0 852.0 1460.0 852.0 1497.0 805.0 1497.0 ship 0
689.0 1395.0 742.0 1395.0 742.0 1435.0 689.0 1435.0 ship 0
708.0 1361.0 750.0 1361.0 750.0 1392.0 708.0 1392.0 ship 0
716.0 1339.0 766.0 1339.0 766.0 1377.0 716.0 1377.0 ship 0
730.0 1325.0 769.0 1325.0 769.0 1354.0 730.0 1354.0 ship 0
738.0 1302.0 780.0 1302.0 780.0 1335.0 738.0 1335.0 ship 0
743.0 1283.0 782.0 1283.0 782.0 1315.0 743.0 1315.0 ship 0
754.0 1262.0 800.0 1262.0 800.0 1299.0 754.0 1299.0 ship 0
763.0 1245.0 814.0 1245.0 814.0 1281.0 763.0 1281.0 ship 0
507.0 10.0 525.0 10.0 525.0 23.0 507.0 23.0 small-vehicle 1
561.0 19.0 580.0 19.0 580.0 30.0 561.0 30.0 small-vehicle 1
758.0 293.0 780.0 293.0 780.0 336.0 758.0 336.0 ship 1
959.0 1677.0 977.0 1677.0 977.0 1696.0 959.0 1696.0 small-vehicle 0
952.0 1652.0 977.0 1652.0 977.0 1674.0 952.0 1674.0 small-vehicle 0
929.0 1670.0 948.0 1670.0 948.0 1680.0 929.0 1680.0 small-vehicle 0
924.0 1679.0 943.0 1679.0 943.0 1689.0 924.0 1689.0 small-vehicle 0
917.0 1690.0 937.0 1690.0 937.0 1700.0 917.0 1700.0 small-vehicle 0
907.0 1701.0 933.0 1701.0 933.0 1711.0 907.0 1711.0 small-vehicle 0
901.0 1710.0 928.0 1710.0 928.0 1722.0 901.0 1722.0 small-vehicle 0
855.0 1787.0 871.0 1787.0 871.0 1809.0 855.0 1809.0 small-vehicle 0
843.0 1775.0 865.0 1775.0 865.0 1801.0 843.0 1801.0 small-vehicle 0
804.0 1795.0 822.0 1795.0 822.0 1820.0 804.0 1820.0 small-vehicle 0
812.0 1783.0 829.0 1783.0 829.0 1806.0 812.0 1806.0 small-vehicle 0
817.0 1772.0 836.0 1772.0 836.0 1795.0 817.0 1795.0 small-vehicle 0
826.0 1765.0 841.0 1765.0 841.0 1786.0 826.0 1786.0 small-vehicle 0
828.0 1753.0 845.0 1753.0 845.0 1774.0 828.0 1774.0 small-vehicle 0
836.0 1740.0 854.0 1740.0 854.0 1768.0 836.0 1768.0 small-vehicle 0
842.0 1732.0 859.0 1732.0 859.0 1756.0 842.0 1756.0 small-vehicle 0
847.0 1720.0 864.0 1720.0 864.0 1743.0 847.0 1743.0 small-vehicle 0
861.0 1700.0 876.0 1700.0 876.0 1723.0 861.0 1723.0 small-vehicle 0
865.0 1691.0 886.0 1691.0 886.0 1719.0 865.0 1719.0 small-vehicle 0
873.0 1685.0 890.0 1685.0 890.0 1706.0 873.0 1706.0 small-vehicle 0
876.0 1671.0 897.0 1671.0 897.0 1698.0 876.0 1698.0 small-vehicle 0
883.0 1661.0 900.0 1661.0 900.0 1682.0 883.0 1682.0 small-vehicle 0
890.0 1652.0 906.0 1652.0 906.0 1674.0 890.0 1674.0 small-vehicle 0
898.0 1646.0 915.0 1646.0 915.0 1667.0 898.0 1667.0 small-vehicle 0
899.0 1630.0 919.0 1630.0 919.0 1654.0 899.0 1654.0 small-vehicle 0
788.0 1783.0 805.0 1783.0 805.0 1802.0 788.0 1802.0 small-vehicle 0
795.0 1773.0 811.0 1773.0 811.0 1794.0 795.0 1794.0 small-vehicle 0
801.0 1761.0 816.0 1761.0 816.0 1782.0 801.0 1782.0 small-vehicle 0
956.0 1664.0 978.0 1664.0 978.0 1685.0 956.0 1685.0 small-vehicle 0
963.0 1689.0 983.0 1689.0 983.0 1709.0 963.0 1709.0 small-vehicle 0
999.0 1996.0 1022.0 1996.0 1022.0 2016.0 999.0 2016.0 small-vehicle 0
969.0 1570.0 989.0 1570.0 989.0 1591.0 969.0 1591.0 small-vehicle 0
1034.0 1881.0 1054.0 1881.0 1054.0 1897.0 1034.0 1897.0 small-vehicle 0
1036.0 1898.0 1055.0 1898.0 1055.0 1914.0 1036.0 1914.0 small-vehicle 0
1036.0 1907.0 1057.0 1907.0 1057.0 1927.0 1036.0 1927.0 small-vehicle 0
991.0 1920.0 1010.0 1920.0 1010.0 1937.0 991.0 1937.0 small-vehicle 0
992.0 1933.0 1013.0 1933.0 1013.0 1950.0 992.0 1950.0 small-vehicle 0
857.0 1837.0 877.0 1837.0 877.0 1855.0 857.0 1855.0 small-vehicle 0
875.0 1835.0 894.0 1835.0 894.0 1852.0 875.0 1852.0 small-vehicle 0
880.0 1826.0 900.0 1826.0 900.0 1843.0 880.0 1843.0 small-vehicle 0
982.0 1852.0 999.0 1852.0 999.0 1868.0 982.0 1868.0 small-vehicle 0
983.0 1839.0 998.0 1839.0 998.0 1855.0 983.0 1855.0 small-vehicle 0
981.0 1827.0 1001.0 1827.0 1001.0 1847.0 981.0 1847.0 small-vehicle 0
979.0 1812.0 1001.0 1812.0 1001.0 1834.0 979.0 1834.0 small-vehicle 0
1029.0 1820.0 1047.0 1820.0 1047.0 1836.0 1029.0 1836.0 small-vehicle 0
1021.0 1772.0 1042.0 1772.0 1042.0 1789.0 1021.0 1789.0 small-vehicle 0
979.0 1802.0 998.0 1802.0 998.0 1821.0 979.0 1821.0 small-vehicle 0
974.0 1781.0 995.0 1781.0 995.0 1800.0 974.0 1800.0 small-vehicle 0
974.0 1770.0 991.0 1770.0 991.0 1788.0 974.0 1788.0 small-vehicle 0
972.0 1746.0 989.0 1746.0 989.0 1764.0 972.0 1764.0 small-vehicle 0
970.0 1737.0 986.0 1737.0 986.0 1754.0 970.0 1754.0 small-vehicle 0
965.0 1723.0 984.0 1723.0 984.0 1743.0 965.0 1743.0 small-vehicle 0
1012.0 1671.0 1030.0 1671.0 1030.0 1691.0 1012.0 1691.0 small-vehicle 0
1012.0 1660.0 1025.0 1660.0 1025.0 1677.0 1012.0 1677.0 small-vehicle 1
1003.0 1647.0 1024.0 1647.0 1024.0 1669.0 1003.0 1669.0 small-vehicle 0
997.0 1637.0 1018.0 1637.0 1018.0 1657.0 997.0 1657.0 small-vehicle 0
984.0 1604.0 1002.0 1604.0 1002.0 1622.0 984.0 1622.0 small-vehicle 0
978.0 1591.0 998.0 1591.0 998.0 1612.0 978.0 1612.0 small-vehicle 0
974.0 1582.0 992.0 1582.0 992.0 1601.0 974.0 1601.0 small-vehicle 0
808.0 1754.0 823.0 1754.0 823.0 1774.0 808.0 1774.0 small-vehicle 0
813.0 1743.0 829.0 1743.0 829.0 1763.0 813.0 1763.0 small-vehicle 0
819.0 1733.0 835.0 1733.0 835.0 1754.0 819.0 1754.0 small-vehicle 0
823.0 1722.0 840.0 1722.0 840.0 1743.0 823.0 1743.0 small-vehicle 0
746.0 1861.0 762.0 1861.0 762.0 1884.0 746.0 1884.0 small-vehicle 0
717.0 1869.0 738.0 1869.0 738.0 1897.0 717.0 1897.0 small-vehicle 0
664.0 1918.0 683.0 1918.0 683.0 1928.0 664.0 1928.0 small-vehicle 0
711.0 1837.0 730.0 1837.0 730.0 1847.0 711.0 1847.0 small-vehicle 0
723.0 1816.0 746.0 1816.0 746.0 1827.0 723.0 1827.0 small-vehicle 0
730.0 1806.0 749.0 1806.0 749.0 1816.0 730.0 1816.0 small-vehicle 0
739.0 1786.0 768.0 1786.0 768.0 1798.0 739.0 1798.0 small-vehicle 0
750.0 1777.0 768.0 1777.0 768.0 1785.0 750.0 1785.0 small-vehicle 0
756.0 1766.0 775.0 1766.0 775.0 1776.0 756.0 1776.0 small-vehicle 0
760.0 1757.0 781.0 1757.0 781.0 1765.0 760.0 1765.0 small-vehicle 0
765.0 1746.0 783.0 1746.0 783.0 1756.0 765.0 1756.0 small-vehicle 0
770.0 1736.0 793.0 1736.0 793.0 1748.0 770.0 1748.0 small-vehicle 0
777.0 1724.0 795.0 1724.0 795.0 1736.0 777.0 1736.0 small-vehicle 0
784.0 1716.0 804.0 1716.0 804.0 1727.0 784.0 1727.0 small-vehicle 0
814.0 1670.0 832.0 1670.0 832.0 1679.0 814.0 1679.0 small-vehicle 0
818.0 1658.0 840.0 1658.0 840.0 1669.0 818.0 1669.0 small-vehicle 0
826.0 1647.0 843.0 1647.0 843.0 1656.0 826.0 1656.0 small-vehicle 0
829.0 1636.0 853.0 1636.0 853.0 1645.0 829.0 1645.0 small-vehicle 0
835.0 1628.0 854.0 1628.0 854.0 1636.0 835.0 1636.0 small-vehicle 0
842.0 1617.0 864.0 1617.0 864.0 1627.0 842.0 1627.0 small-vehicle 0
848.0 1607.0 866.0 1607.0 866.0 1615.0 848.0 1615.0 small-vehicle 0
857.0 1595.0 876.0 1595.0 876.0 1605.0 857.0 1605.0 small-vehicle 0
864.0 1584.0 886.0 1584.0 886.0 1596.0 864.0 1596.0 small-vehicle 0
1581.0 2381.0 1592.0 2381.0 1592.0 2403.0 1581.0 2403.0 small-vehicle 1
1544.0 2322.0 1564.0 2322.0 1564.0 2334.0 1544.0 2334.0 small-vehicle 1
1523.0 2320.0 1539.0 2320.0 1539.0 2328.0 1523.0 2328.0 small-vehicle 1
1501.0 2322.0 1518.0 2322.0 1518.0 2330.0 1501.0 2330.0 small-vehicle 1
758.0 1862.0 778.0 1862.0 778.0 1888.0 758.0 1888.0 small-vehicle 0
769.0 1861.0 783.0 1861.0 783.0 1881.0 769.0 1881.0 small-vehicle 0
757.0 1882.0 773.0 1882.0 773.0 1906.0 757.0 1906.0 small-vehicle 0
604.0 2016.0 628.0 2016.0 628.0 2026.0 604.0 2026.0 small-vehicle 0
828.0 1710.0 849.0 1710.0 849.0 1734.0 828.0 1734.0 small-vehicle 0
837.0 1703.0 854.0 1703.0 854.0 1724.0 837.0 1724.0 small-vehicle 0
842.0 1692.0 859.0 1692.0 859.0 1714.0 842.0 1714.0 small-vehicle 0
850.0 1683.0 866.0 1683.0 866.0 1705.0 850.0 1705.0 small-vehicle 0
856.0 1673.0 872.0 1673.0 872.0 1695.0 856.0 1695.0 small-vehicle 0
860.0 1662.0 876.0 1662.0 876.0 1682.0 860.0 1682.0 small-vehicle 0
866.0 1651.0 883.0 1651.0 883.0 1675.0 866.0 1675.0 small-vehicle 0
875.0 1642.0 890.0 1642.0 890.0 1664.0 875.0 1664.0 small-vehicle 0
883.0 1626.0 902.0 1626.0 902.0 1649.0 883.0 1649.0 small-vehicle 0
674.0 2033.0 692.0 2033.0 692.0 2053.0 674.0 2053.0 small-vehicle 0
646.0 2047.0 667.0 2047.0 667.0 2072.0 646.0 2072.0 small-vehicle 0
591.0 2038.0 611.0 2038.0 611.0 2049.0 591.0 2049.0 small-vehicle 0
688.0 1991.0 709.0 1991.0 709.0 2018.0 688.0 2018.0 small-vehicle 0
739.0 1872.0 755.0 1872.0 755.0 1895.0 739.0 1895.0 small-vehicle 0
697.0 1984.0 715.0 1984.0 715.0 2005.0 697.0 2005.0 small-vehicle 0
706.0 1959.0 726.0 1959.0 726.0 1982.0 706.0 1982.0 small-vehicle 0
714.0 1950.0 732.0 1950.0 732.0 1976.0 714.0 1976.0 small-vehicle 0
721.0 1942.0 738.0 1942.0 738.0 1964.0 721.0 1964.0 small-vehicle 0
726.0 1932.0 742.0 1932.0 742.0 1954.0 726.0 1954.0 small-vehicle 0
708.0 1923.0 724.0 1923.0 724.0 1944.0 708.0 1944.0 small-vehicle 0
716.0 1912.0 731.0 1912.0 731.0 1934.0 716.0 1934.0 small-vehicle 0
733.0 1921.0 750.0 1921.0 750.0 1943.0 733.0 1943.0 small-vehicle 0
727.0 1893.0 743.0 1893.0 743.0 1913.0 727.0 1913.0 small-vehicle 0
736.0 1911.0 753.0 1911.0 753.0 1931.0 736.0 1931.0 small-vehicle 0
745.0 1902.0 759.0 1902.0 759.0 1919.0 745.0 1919.0 small-vehicle 0
749.0 1893.0 766.0 1893.0 766.0 1914.0 749.0 1914.0 small-vehicle 0
1042.0 1949.0 1062.0 1949.0 1062.0 1967.0 1042.0 1967.0 small-vehicle 0
1001.0 2007.0 1026.0 2007.0 1026.0 2032.0 1001.0 2032.0 small-vehicle 0
1439.0 2324.0 1459.0 2324.0 1459.0 2337.0 1439.0 2337.0 small-vehicle 1
607.0 2237.0 626.0 2237.0 626.0 2247.0 607.0 2247.0 small-vehicle 0
611.0 2104.0 630.0 2104.0 630.0 2125.0 611.0 2125.0 small-vehicle 0
603.0 2114.0 622.0 2114.0 622.0 2136.0 603.0 2136.0 small-vehicle 0
620.0 2122.0 639.0 2122.0 639.0 2147.0 620.0 2147.0 small-vehicle 0
626.0 2110.0 648.0 2110.0 648.0 2137.0 626.0 2137.0 small-vehicle 0
632.0 2102.0 651.0 2102.0 651.0 2124.0 632.0 2124.0 small-vehicle 0
638.0 2091.0 654.0 2091.0 654.0 2110.0 638.0 2110.0 small-vehicle 0
644.0 2082.0 661.0 2082.0 661.0 2103.0 644.0 2103.0 small-vehicle 0
650.0 2071.0 667.0 2071.0 667.0 2094.0 650.0 2094.0 small-vehicle 0
493.0 2348.0 512.0 2348.0 512.0 2372.0 493.0 2372.0 small-vehicle 0
500.0 2339.0 516.0 2339.0 516.0 2362.0 500.0 2362.0 small-vehicle 0
505.0 2328.0 520.0 2328.0 520.0 2350.0 505.0 2350.0 small-vehicle 0
511.0 2320.0 527.0 2320.0 527.0 2340.0 511.0 2340.0 small-vehicle 0
516.0 2310.0 533.0 2310.0 533.0 2331.0 516.0 2331.0 small-vehicle 0
522.0 2299.0 538.0 2299.0 538.0 2321.0 522.0 2321.0 small-vehicle 0
528.0 2290.0 545.0 2290.0 545.0 2310.0 528.0 2310.0 small-vehicle 0
536.0 2281.0 550.0 2281.0 550.0 2301.0 536.0 2301.0 small-vehicle 0
540.0 2268.0 557.0 2268.0 557.0 2291.0 540.0 2291.0 small-vehicle 0
547.0 2258.0 563.0 2258.0 563.0 2282.0 547.0 2282.0 small-vehicle 0
552.0 2249.0 568.0 2249.0 568.0 2270.0 552.0 2270.0 small-vehicle 0
557.0 2238.0 573.0 2238.0 573.0 2259.0 557.0 2259.0 small-vehicle 0
553.0 2210.0 569.0 2210.0 569.0 2231.0 553.0 2231.0 small-vehicle 0
563.0 2227.0 579.0 2227.0 579.0 2249.0 563.0 2249.0 small-vehicle 0
570.0 2218.0 586.0 2218.0 586.0 2241.0 570.0 2241.0 small-vehicle 0
558.0 2198.0 574.0 2198.0 574.0 2218.0 558.0 2218.0 small-vehicle 0
564.0 2190.0 580.0 2190.0 580.0 2209.0 564.0 2209.0 small-vehicle 0
576.0 2209.0 592.0 2209.0 592.0 2231.0 576.0 2231.0 small-vehicle 0
579.0 2196.0 600.0 2196.0 600.0 2223.0 579.0 2223.0 small-vehicle 0
625.0 2084.0 639.0 2084.0 639.0 2105.0 625.0 2105.0 small-vehicle 0
603.0 2248.0 623.0 2248.0 623.0 2256.0 603.0 2256.0 small-vehicle 0
1049.0 2039.0 1076.0 2039.0 1076.0 2061.0 1049.0 2061.0 small-vehicle 0
596.0 2258.0 618.0 2258.0 618.0 2266.0 596.0 2266.0 small-vehicle 0
599.0 324.0 623.0 324.0 623.0 335.0 599.0 335.0 small-vehicle 1
175.0 733.0 191.0 733.0 191.0 759.0 175.0 759.0 ship 0
211.0 744.0 229.0 744.0 229.0 773.0 211.0 773.0 ship 0
740.0 1996.0 759.0 1996.0 759.0 2005.0 740.0 2005.0 small-vehicle 1
751.0 1983.0 770.0 1983.0 770.0 1993.0 751.0 1993.0 small-vehicle 1
784.0 1920.0 804.0 1920.0 804.0 1931.0 784.0 1931.0 small-vehicle 1
792.0 1908.0 813.0 1908.0 813.0 1920.0 792.0 1920.0 small-vehicle 1
876.0 1773.0 893.0 1773.0 893.0 1782.0 876.0 1782.0 small-vehicle 1
881.0 1751.0 904.0 1751.0 904.0 1762.0 881.0 1762.0 small-vehicle 1
799.0 1898.0 818.0 1898.0 818.0 1909.0 799.0 1909.0 small-vehicle 1
476.0 2339.0 492.0 2339.0 492.0 2360.0 476.0 2360.0 small-vehicle 0
482.0 2328.0 500.0 2328.0 500.0 2350.0 482.0 2350.0 small-vehicle 0
490.0 2321.0 507.0 2321.0 507.0 2344.0 490.0 2344.0 small-vehicle 0
496.0 2313.0 510.0 2313.0 510.0 2332.0 496.0 2332.0 small-vehicle 0
501.0 2301.0 517.0 2301.0 517.0 2321.0 501.0 2321.0 small-vehicle 0
505.0 2289.0 523.0 2289.0 523.0 2313.0 505.0 2313.0 small-vehicle 0
508.0 2273.0 528.0 2273.0 528.0 2301.0 508.0 2301.0 small-vehicle 0
517.0 2270.0 533.0 2270.0 533.0 2291.0 517.0 2291.0 small-vehicle 0
518.0 2253.0 542.0 2253.0 542.0 2282.0 518.0 2282.0 small-vehicle 0
525.0 2245.0 547.0 2245.0 547.0 2270.0 525.0 2270.0 small-vehicle 0
536.0 2239.0 553.0 2239.0 553.0 2262.0 536.0 2262.0 small-vehicle 0
540.0 2227.0 557.0 2227.0 557.0 2249.0 540.0 2249.0 small-vehicle 0
546.0 2218.0 562.0 2218.0 562.0 2239.0 546.0 2239.0 small-vehicle 0
573.0 2298.0 593.0 2298.0 593.0 2308.0 573.0 2308.0 small-vehicle 0
578.0 2287.0 600.0 2287.0 600.0 2297.0 578.0 2297.0 small-vehicle 0
586.0 2278.0 606.0 2278.0 606.0 2287.0 586.0 2287.0 small-vehicle 0
593.0 2267.0 614.0 2267.0 614.0 2276.0 593.0 2276.0 small-vehicle 0
461.0 2275.0 483.0 2275.0 483.0 2286.0 461.0 2286.0 small-vehicle 0
473.0 2264.0 494.0 2264.0 494.0 2273.0 473.0 2273.0 small-vehicle 0
479.0 2253.0 499.0 2253.0 499.0 2264.0 479.0 2264.0 small-vehicle 0
499.0 2212.0 524.0 2212.0 524.0 2224.0 499.0 2224.0 small-vehicle 0
797.0 2260.0 817.0 2260.0 817.0 2287.0 797.0 2287.0 small-vehicle 0
696.0 2263.0 709.0 2263.0 709.0 2280.0 696.0 2280.0 small-vehicle 0
738.0 2196.0 757.0 2196.0 757.0 2207.0 738.0 2207.0 small-vehicle 0
727.0 2215.0 747.0 2215.0 747.0 2236.0 727.0 2236.0 small-vehicle 0
781.0 2123.0 805.0 2123.0 805.0 2138.0 781.0 2138.0 small-vehicle 0
871.0 2197.0 887.0 2197.0 887.0 2217.0 871.0 2217.0 small-vehicle 0
1044.0 2152.0 1066.0 2152.0 1066.0 2167.0 1044.0 2167.0 small-vehicle 0
1042.0 2137.0 1069.0 2137.0 1069.0 2155.0 1042.0 2155.0 small-vehicle 0
1052.0 2124.0 1073.0 2124.0 1073.0 2141.0 1052.0 2141.0 small-vehicle 0
1422.0 2455.0 1445.0 2455.0 1445.0 2465.0 1422.0 2465.0 small-vehicle 0
1420.0 2437.0 1439.0 2437.0 1439.0 2447.0 1420.0 2447.0 small-vehicle 0
1413.0 2426.0 1438.0 2426.0 1438.0 2437.0 1413.0 2437.0 small-vehicle 0
1423.0 2445.0 1443.0 2445.0 1443.0 2456.0 1423.0 2456.0 small-vehicle 1
1370.0 2444.0 1392.0 2444.0 1392.0 2454.0 1370.0 2454.0 small-vehicle 1
1366.0 2434.0 1391.0 2434.0 1391.0 2442.0 1366.0 2442.0 small-vehicle 1
1538.0 2452.0 1560.0 2452.0 1560.0 2465.0 1538.0 2465.0 small-vehicle 1
1537.0 2432.0 1560.0 2432.0 1560.0 2446.0 1537.0 2446.0 small-vehicle 1
1544.0 2420.0 1564.0 2420.0 1564.0 2432.0 1544.0 2432.0 small-vehicle 1
1541.0 2408.0 1563.0 2408.0 1563.0 2423.0 1541.0 2423.0 small-vehicle 1
1418.0 2388.0 1438.0 2388.0 1438.0 2400.0 1418.0 2400.0 small-vehicle 1
929.0 2351.0 947.0 2351.0 947.0 2368.0 929.0 2368.0 small-vehicle 1
874.0 2409.0 891.0 2409.0 891.0 2428.0 874.0 2428.0 small-vehicle 1
972.0 2109.0 996.0 2109.0 996.0 2134.0 972.0 2134.0 small-vehicle 1
982.0 1861.0 1002.0 1861.0 1002.0 1879.0 982.0 1879.0 small-vehicle 1
985.0 1869.0 1007.0 1869.0 1007.0 1891.0 985.0 1891.0 small-vehicle 1
987.0 1883.0 1007.0 1883.0 1007.0 1902.0 987.0 1902.0 small-vehicle 1
986.0 1895.0 1011.0 1895.0 1011.0 1917.0 986.0 1917.0 small-vehicle 1
788.0 2288.0 806.0 2288.0 806.0 2313.0 788.0 2313.0 small-vehicle 0
720.0 2414.0 735.0 2414.0 735.0 2433.0 720.0 2433.0 small-vehicle 0
707.0 2431.0 726.0 2431.0 726.0 2449.0 707.0 2449.0 small-vehicle 0
541.0 2133.0 565.0 2133.0 565.0 2144.0 541.0 2144.0 small-vehicle 1
492.0 2225.0 509.0 2225.0 509.0 2234.0 492.0 2234.0 small-vehicle 1
502.0 2203.0 523.0 2203.0 523.0 2212.0 502.0 2212.0 small-vehicle 1
518.0 2399.0 537.0 2399.0 537.0 2408.0 518.0 2408.0 small-vehicle 1
525.0 2389.0 545.0 2389.0 545.0 2398.0 525.0 2398.0 small-vehicle 1
530.0 2377.0 551.0 2377.0 551.0 2388.0 530.0 2388.0 small-vehicle 1
535.0 2368.0 555.0 2368.0 555.0 2377.0 535.0 2377.0 small-vehicle 1
542.0 2357.0 563.0 2357.0 563.0 2368.0 542.0 2368.0 small-vehicle 1
548.0 2349.0 569.0 2349.0 569.0 2358.0 548.0 2358.0 small-vehicle 1
550.0 2337.0 570.0 2337.0 570.0 2346.0 550.0 2346.0 small-vehicle 1
456.0 2290.0 478.0 2290.0 478.0 2299.0 456.0 2299.0 small-vehicle 1
628.0 2192.0 649.0 2192.0 649.0 2209.0 628.0 2209.0 small-vehicle 1
511.0 2190.0 532.0 2190.0 532.0 2198.0 511.0 2198.0 small-vehicle 1
568.0 2078.0 588.0 2078.0 588.0 2089.0 568.0 2089.0 small-vehicle 1
650.0 2342.0 671.0 2342.0 671.0 2359.0 650.0 2359.0 small-vehicle 0
657.0 2148.0 681.0 2148.0 681.0 2158.0 657.0 2158.0 small-vehicle 1
665.0 2136.0 685.0 2136.0 685.0 2147.0 665.0 2147.0 small-vehicle 1
670.0 2128.0 689.0 2128.0 689.0 2138.0 670.0 2138.0 small-vehicle 1
678.0 2109.0 698.0 2109.0 698.0 2119.0 678.0 2119.0 small-vehicle 1
684.0 2098.0 705.0 2098.0 705.0 2107.0 684.0 2107.0 small-vehicle 1
692.0 2086.0 713.0 2086.0 713.0 2096.0 692.0 2096.0 small-vehicle 1
702.0 2066.0 724.0 2066.0 724.0 2076.0 702.0 2076.0 small-vehicle 1
707.0 2055.0 724.0 2055.0 724.0 2064.0 707.0 2064.0 small-vehicle 0
757.0 2082.0 779.0 2082.0 779.0 2106.0 757.0 2106.0 small-vehicle 0
746.0 2103.0 764.0 2103.0 764.0 2126.0 746.0 2126.0 small-vehicle 0
714.0 2166.0 731.0 2166.0 731.0 2175.0 714.0 2175.0 small-vehicle 1
604.0 2348.0 628.0 2348.0 628.0 2358.0 604.0 2358.0 small-vehicle 0
1478.0 2323.0 1497.0 2323.0 1497.0 2333.0 1478.0 2333.0 small-vehicle 1
1419.0 2326.0 1437.0 2326.0 1437.0 2333.0 1419.0 2333.0 small-vehicle 1
560.0 30.0 576.0 30.0 576.0 38.0 560.0 38.0 small-vehicle 1
412.0 727.0 424.0 727.0 424.0 748.0 412.0 748.0 small-vehicle 1
508.0 603.0 531.0 603.0 531.0 613.0 508.0 613.0 small-vehicle 1
555.0 509.0 564.0 509.0 564.0 526.0 555.0 526.0 small-vehicle 1
534.0 509.0 543.0 509.0 543.0 528.0 534.0 528.0 small-vehicle 1
513.0 503.0 524.0 503.0 524.0 528.0 513.0 528.0 small-vehicle 1
494.0 504.0 504.0 504.0 504.0 528.0 494.0 528.0 small-vehicle 1
483.0 510.0 492.0 510.0 492.0 528.0 483.0 528.0 small-vehicle 1
472.0 510.0 482.0 510.0 482.0 528.0 472.0 528.0 small-vehicle 1
464.0 508.0 472.0 508.0 472.0 527.0 464.0 527.0 small-vehicle 1
452.0 506.0 463.0 506.0 463.0 527.0 452.0 527.0 small-vehicle 1
441.0 508.0 452.0 508.0 452.0 527.0 441.0 527.0 small-vehicle 1
531.0 460.0 541.0 460.0 541.0 481.0 531.0 481.0 small-vehicle 1
521.0 460.0 532.0 460.0 532.0 482.0 521.0 482.0 small-vehicle 1
503.0 461.0 513.0 461.0 513.0 483.0 503.0 483.0 small-vehicle 1
486.0 462.0 495.0 462.0 495.0 483.0 486.0 483.0 small-vehicle 1
476.0 460.0 488.0 460.0 488.0 482.0 476.0 482.0 small-vehicle 1
467.0 460.0 478.0 460.0 478.0 482.0 467.0 482.0 small-vehicle 1
457.0 465.0 466.0 465.0 466.0 484.0 457.0 484.0 small-vehicle 1
464.0 447.0 491.0 447.0 491.0 458.0 464.0 458.0 small-vehicle 1
124.0 723.0 141.0 723.0 141.0 749.0 124.0 749.0 small-vehicle 1
143.0 713.0 160.0 713.0 160.0 739.0 143.0 739.0 small-vehicle 1
205.0 713.0 213.0 713.0 213.0 736.0 205.0 736.0 small-vehicle 1
236.0 689.0 262.0 689.0 262.0 698.0 236.0 698.0 small-vehicle 1
236.0 678.0 260.0 678.0 260.0 689.0 236.0 689.0 small-vehicle 1
369.0 830.0 379.0 830.0 379.0 852.0 369.0 852.0 small-vehicle 1
356.0 784.0 372.0 784.0 372.0 794.0 356.0 794.0 small-vehicle 1
372.0 761.0 380.0 761.0 380.0 779.0 372.0 779.0 small-vehicle 1
373.0 725.0 381.0 725.0 381.0 742.0 373.0 742.0 small-vehicle 1
416.0 699.0 425.0 699.0 425.0 716.0 416.0 716.0 small-vehicle 1
413.0 809.0 421.0 809.0 421.0 827.0 413.0 827.0 small-vehicle 1
297.0 988.0 318.0 988.0 318.0 1006.0 297.0 1006.0 small-vehicle 1
400.0 821.0 409.0 821.0 409.0 840.0 400.0 840.0 small-vehicle 1
278.0 978.0 298.0 978.0 298.0 995.0 278.0 995.0 small-vehicle 1
266.0 971.0 288.0 971.0 288.0 991.0 266.0 991.0 small-vehicle 1
249.0 966.0 269.0 966.0 269.0 981.0 249.0 981.0 small-vehicle 1
377.0 1009.0 392.0 1009.0 392.0 1029.0 377.0 1029.0 small-vehicle 1
366.0 997.0 383.0 997.0 383.0 1018.0 366.0 1018.0 small-vehicle 1
380.0 953.0 392.0 953.0 392.0 973.0 380.0 973.0 small-vehicle 1
318.0 954.0 330.0 954.0 330.0 972.0 318.0 972.0 small-vehicle 1
327.0 953.0 340.0 953.0 340.0 973.0 327.0 973.0 small-vehicle 1
339.0 945.0 348.0 945.0 348.0 962.0 339.0 962.0 small-vehicle 1
324.0 936.0 335.0 936.0 335.0 951.0 324.0 951.0 small-vehicle 1
313.0 933.0 324.0 933.0 324.0 951.0 313.0 951.0 small-vehicle 1
303.0 929.0 316.0 929.0 316.0 949.0 303.0 949.0 small-vehicle 1
308.0 952.0 318.0 952.0 318.0 971.0 308.0 971.0 small-vehicle 1
295.0 944.0 307.0 944.0 307.0 961.0 295.0 961.0 small-vehicle 1
285.0 940.0 297.0 940.0 297.0 960.0 285.0 960.0 small-vehicle 1
291.0 923.0 304.0 923.0 304.0 943.0 291.0 943.0 small-vehicle 1
281.0 881.0 297.0 881.0 297.0 904.0 281.0 904.0 small-vehicle 1
296.0 887.0 314.0 887.0 314.0 906.0 296.0 906.0 small-vehicle 1
307.0 892.0 328.0 892.0 328.0 909.0 307.0 909.0 small-vehicle 1
331.0 900.0 349.0 900.0 349.0 919.0 331.0 919.0 small-vehicle 1
353.0 908.0 370.0 908.0 370.0 928.0 353.0 928.0 small-vehicle 1
362.0 910.0 378.0 910.0 378.0 933.0 362.0 933.0 small-vehicle 1
392.0 891.0 401.0 891.0 401.0 911.0 392.0 911.0 small-vehicle 1
363.0 860.0 377.0 860.0 377.0 883.0 363.0 883.0 small-vehicle 1
410.0 881.0 420.0 881.0 420.0 901.0 410.0 901.0 small-vehicle 1
412.0 856.0 421.0 856.0 421.0 875.0 412.0 875.0 small-vehicle 1
412.0 833.0 420.0 833.0 420.0 852.0 412.0 852.0 small-vehicle 1
372.0 707.0 382.0 707.0 382.0 723.0 372.0 723.0 small-vehicle 1
372.0 686.0 382.0 686.0 382.0 703.0 372.0 703.0 small-vehicle 1
373.0 661.0 381.0 661.0 381.0 679.0 373.0 679.0 small-vehicle 1
367.0 635.0 377.0 635.0 377.0 655.0 367.0 655.0 small-vehicle 1
244.0 438.0 271.0 438.0 271.0 452.0 244.0 452.0 small-vehicle 1
199.0 404.0 222.0 404.0 222.0 429.0 199.0 429.0 small-vehicle 1
211.0 395.0 231.0 395.0 231.0 422.0 211.0 422.0 small-vehicle 1
227.0 396.0 247.0 396.0 247.0 421.0 227.0 421.0 small-vehicle 1
245.0 399.0 265.0 399.0 265.0 426.0 245.0 426.0 small-vehicle 1
261.0 399.0 278.0 399.0 278.0 425.0 261.0 425.0 small-vehicle 1
274.0 401.0 289.0 401.0 289.0 423.0 274.0 423.0 small-vehicle 1
288.0 402.0 302.0 402.0 302.0 420.0 288.0 420.0 small-vehicle 1
300.0 404.0 313.0 404.0 313.0 422.0 300.0 422.0 small-vehicle 1
316.0 407.0 338.0 407.0 338.0 422.0 316.0 422.0 small-vehicle 1
340.0 401.0 361.0 401.0 361.0 417.0 340.0 417.0 small-vehicle 1
361.0 377.0 369.0 377.0 369.0 393.0 361.0 393.0 small-vehicle 1
373.0 372.0 380.0 372.0 380.0 393.0 373.0 393.0 small-vehicle 1
396.0 377.0 406.0 377.0 406.0 402.0 396.0 402.0 small-vehicle 1
412.0 400.0 423.0 400.0 423.0 420.0 412.0 420.0 small-vehicle 1
413.0 375.0 423.0 375.0 423.0 396.0 413.0 396.0 small-vehicle 1
413.0 353.0 422.0 353.0 422.0 373.0 413.0 373.0 small-vehicle 1
412.0 333.0 422.0 333.0 422.0 350.0 412.0 350.0 small-vehicle 1
414.0 312.0 421.0 312.0 421.0 329.0 414.0 329.0 small-vehicle 1
665.0 121.0 685.0 121.0 685.0 130.0 665.0 130.0 small-vehicle 1
691.0 99.0 704.0 99.0 704.0 118.0 691.0 118.0 small-vehicle 1
696.0 81.0 705.0 81.0 705.0 99.0 696.0 99.0 small-vehicle 1
695.0 59.0 708.0 59.0 708.0 77.0 695.0 77.0 small-vehicle 1
698.0 36.0 708.0 36.0 708.0 55.0 698.0 55.0 small-vehicle 1
560.0 55.0 580.0 55.0 580.0 73.0 560.0 73.0 small-vehicle 1
559.0 43.0 581.0 43.0 581.0 62.0 559.0 62.0 small-vehicle 1
554.0 39.0 573.0 39.0 573.0 53.0 554.0 53.0 small-vehicle 1
275.0 441.0 303.0 441.0 303.0 456.0 275.0 456.0 small-vehicle 1
304.0 445.0 329.0 445.0 329.0 457.0 304.0 457.0 small-vehicle 1
336.0 433.0 346.0 433.0 346.0 457.0 336.0 457.0 small-vehicle 1
371.0 563.0 380.0 563.0 380.0 580.0 371.0 580.0 small-vehicle 1
346.0 609.0 362.0 609.0 362.0 629.0 346.0 629.0 small-vehicle 1
338.0 608.0 353.0 608.0 353.0 627.0 338.0 627.0 small-vehicle 1
324.0 610.0 339.0 610.0 339.0 625.0 324.0 625.0 small-vehicle 1
363.0 614.0 377.0 614.0 377.0 635.0 363.0 635.0 small-vehicle 1
414.0 639.0 422.0 639.0 422.0 657.0 414.0 657.0 small-vehicle 1
415.0 616.0 424.0 616.0 424.0 637.0 415.0 637.0 small-vehicle 1
412.0 567.0 421.0 567.0 421.0 587.0 412.0 587.0 small-vehicle 1
313.0 608.0 331.0 608.0 331.0 628.0 313.0 628.0 small-vehicle 1
301.0 609.0 316.0 609.0 316.0 628.0 301.0 628.0 small-vehicle 1
289.0 609.0 304.0 609.0 304.0 628.0 289.0 628.0 small-vehicle 1
195.0 656.0 206.0 656.0 206.0 674.0 195.0 674.0 small-vehicle 1
187.0 654.0 196.0 654.0 196.0 674.0 187.0 674.0 small-vehicle 1
341.0 544.0 361.0 544.0 361.0 563.0 341.0 563.0 small-vehicle 1
325.0 463.0 333.0 463.0 333.0 481.0 325.0 481.0 small-vehicle 1
371.0 537.0 381.0 537.0 381.0 557.0 371.0 557.0 small-vehicle 1
370.0 517.0 380.0 517.0 380.0 537.0 370.0 537.0 small-vehicle 1
364.0 508.0 370.0 508.0 370.0 524.0 364.0 524.0 small-vehicle 1
354.0 506.0 363.0 506.0 363.0 528.0 354.0 528.0 small-vehicle 1
344.0 508.0 353.0 508.0 353.0 526.0 344.0 526.0 small-vehicle 1
332.0 506.0 341.0 506.0 341.0 525.0 332.0 525.0 small-vehicle 1
556.0 451.0 581.0 451.0 581.0 459.0 556.0 459.0 small-vehicle 1
412.0 456.0 421.0 456.0 421.0 476.0 412.0 476.0 small-vehicle 1
366.0 463.0 378.0 463.0 378.0 480.0 366.0 480.0 small-vehicle 1
353.0 464.0 362.0 464.0 362.0 483.0 353.0 483.0 small-vehicle 1
343.0 463.0 351.0 463.0 351.0 480.0 343.0 480.0 small-vehicle 1
333.0 461.0 342.0 461.0 342.0 480.0 333.0 480.0 small-vehicle 1
288.0 983.0 308.0 983.0 308.0 1001.0 288.0 1001.0 small-vehicle 1
288.0 1054.0 302.0 1054.0 302.0 1074.0 288.0 1074.0 small-vehicle 1
1419.0 2345.0 1434.0 2345.0 1434.0 2364.0 1419.0 2364.0 small-vehicle 1
1350.0 949.0 1373.0 949.0 1373.0 964.0 1350.0 964.0 small-vehicle 1
1526.0 855.0 1546.0 855.0 1546.0 865.0 1526.0 865.0 small-vehicle 1
1433.0 847.0 1441.0 847.0 1441.0 870.0 1433.0 870.0 small-vehicle 1
1404.0 829.0 1413.0 829.0 1413.0 851.0 1404.0 851.0 small-vehicle 1
1424.0 703.0 1433.0 703.0 1433.0 723.0 1424.0 723.0 small-vehicle 1
1468.0 586.0 1486.0 586.0 1486.0 597.0 1468.0 597.0 small-vehicle 1
1488.0 549.0 1509.0 549.0 1509.0 572.0 1488.0 572.0 small-vehicle 1
1475.0 526.0 1492.0 526.0 1492.0 546.0 1475.0 546.0 small-vehicle 1
1450.0 537.0 1460.0 537.0 1460.0 558.0 1450.0 558.0 small-vehicle 1
1470.0 336.0 1479.0 336.0 1479.0 356.0 1470.0 356.0 small-vehicle 1
1439.0 326.0 1449.0 326.0 1449.0 350.0 1439.0 350.0 small-vehicle 1
1454.0 115.0 1464.0 115.0 1464.0 138.0 1454.0 138.0 small-vehicle 1
1482.0 126.0 1492.0 126.0 1492.0 149.0 1482.0 149.0 small-vehicle 1
1485.0 46.0 1496.0 46.0 1496.0 70.0 1485.0 70.0 small-vehicle 1
241.0 2316.0 261.0 2316.0 261.0 2332.0 241.0 2332.0 small-vehicle 1
50.0 2177.0 71.0 2177.0 71.0 2196.0 50.0 2196.0 small-vehicle 1
5.0 1876.0 18.0 1876.0 18.0 1894.0 5.0 1894.0 small-vehicle 1
13.0 1858.0 25.0 1858.0 25.0 1875.0 13.0 1875.0 small-vehicle 1
0.0 1790.0 17.0 1790.0 17.0 1812.0 0.0 1812.0 small-vehicle 1
57.0 1804.0 78.0 1804.0 78.0 1821.0 57.0 1821.0 small-vehicle 1
61.0 1795.0 81.0 1795.0 81.0 1808.0 61.0 1808.0 small-vehicle 1
46.0 1788.0 57.0 1788.0 57.0 1805.0 46.0 1805.0 small-vehicle 1
61.0 1784.0 81.0 1784.0 81.0 1798.0 61.0 1798.0 small-vehicle 1
61.0 1773.0 83.0 1773.0 83.0 1789.0 61.0 1789.0 small-vehicle 1
69.0 1768.0 89.0 1768.0 89.0 1780.0 69.0 1780.0 small-vehicle 1
71.0 1754.0 91.0 1754.0 91.0 1764.0 71.0 1764.0 small-vehicle 1
74.0 1742.0 96.0 1742.0 96.0 1752.0 74.0 1752.0 small-vehicle 1
73.0 1730.0 93.0 1730.0 93.0 1741.0 73.0 1741.0 small-vehicle 1
1526.0 900.0 1553.0 900.0 1553.0 913.0 1526.0 913.0 small-vehicle 1
1407.0 963.0 1416.0 963.0 1416.0 981.0 1407.0 981.0 small-vehicle 1
312.0 1056.0 326.0 1056.0 326.0 1077.0 312.0 1077.0 small-vehicle 1
1439.0 1017.0 1449.0 1017.0 1449.0 1037.0 1439.0 1037.0 small-vehicle 1
1394.0 2328.0 1417.0 2328.0 1417.0 2346.0 1394.0 2346.0 small-vehicle 1
1356.0 2320.0 1373.0 2320.0 1373.0 2331.0 1356.0 2331.0 small-vehicle 1
1316.0 2316.0 1337.0 2316.0 1337.0 2326.0 1316.0 2326.0 small-vehicle 1
1279.0 2313.0 1296.0 2313.0 1296.0 2325.0 1279.0 2325.0 small-vehicle 1
1248.0 2309.0 1269.0 2309.0 1269.0 2320.0 1248.0 2320.0 small-vehicle 1
1208.0 2305.0 1225.0 2305.0 1225.0 2313.0 1208.0 2313.0 small-vehicle 1
1165.0 2300.0 1185.0 2300.0 1185.0 2311.0 1165.0 2311.0 small-vehicle 1
1144.0 2283.0 1166.0 2283.0 1166.0 2293.0 1144.0 2293.0 small-vehicle 1
1187.0 2287.0 1207.0 2287.0 1207.0 2297.0 1187.0 2297.0 small-vehicle 1
1273.0 2296.0 1297.0 2296.0 1297.0 2308.0 1273.0 2308.0 small-vehicle 1
1392.0 2294.0 1415.0 2294.0 1415.0 2309.0 1392.0 2309.0 small-vehicle 1
1293.0 2289.0 1312.0 2289.0 1312.0 2299.0 1293.0 2299.0 small-vehicle 1
1342.0 2286.0 1367.0 2286.0 1367.0 2297.0 1342.0 2297.0 small-vehicle 1
1370.0 2279.0 1396.0 2279.0 1396.0 2293.0 1370.0 2293.0 small-vehicle 1
1389.0 2263.0 1407.0 2263.0 1407.0 2272.0 1389.0 2272.0 small-vehicle 1
1402.0 2255.0 1425.0 2255.0 1425.0 2274.0 1402.0 2274.0 small-vehicle 1
1413.0 2235.0 1430.0 2235.0 1430.0 2256.0 1413.0 2256.0 small-vehicle 1
1457.0 2202.0 1477.0 2202.0 1477.0 2218.0 1457.0 2218.0 small-vehicle 1
1550.0 2084.0 1562.0 2084.0 1562.0 2107.0 1550.0 2107.0 small-vehicle 1
1541.0 1998.0 1553.0 1998.0 1553.0 2016.0 1541.0 2016.0 small-vehicle 1
1515.0 1803.0 1528.0 1803.0 1528.0 1824.0 1515.0 1824.0 small-vehicle 1
1495.0 1662.0 1507.0 1662.0 1507.0 1682.0 1495.0 1682.0 small-vehicle 1
1478.0 1530.0 1488.0 1530.0 1488.0 1549.0 1478.0 1549.0 small-vehicle 1
1493.0 1487.0 1505.0 1487.0 1505.0 1509.0 1493.0 1509.0 small-vehicle 1
1444.0 1292.0 1455.0 1292.0 1455.0 1311.0 1444.0 1311.0 small-vehicle 1
1424.0 1147.0 1436.0 1147.0 1436.0 1169.0 1424.0 1169.0 small-vehicle 1
1383.0 1029.0 1401.0 1029.0 1401.0 1052.0 1383.0 1052.0 small-vehicle 1
76.0 1699.0 93.0 1699.0 93.0 1720.0 76.0 1720.0 small-vehicle 1
47.0 1710.0 64.0 1710.0 64.0 1732.0 47.0 1732.0 small-vehicle 1
41.0 1690.0 58.0 1690.0 58.0 1709.0 41.0 1709.0 small-vehicle 1
35.0 1651.0 54.0 1651.0 54.0 1665.0 35.0 1665.0 small-vehicle 1
249.0 1206.0 262.0 1206.0 262.0 1225.0 249.0 1225.0 small-vehicle 1
259.0 1181.0 275.0 1181.0 275.0 1201.0 259.0 1201.0 small-vehicle 1
269.0 1156.0 284.0 1156.0 284.0 1176.0 269.0 1176.0 small-vehicle 1
280.0 1133.0 294.0 1133.0 294.0 1153.0 280.0 1153.0 small-vehicle 1
181.0 1189.0 198.0 1189.0 198.0 1203.0 181.0 1203.0 small-vehicle 1
184.0 1175.0 205.0 1175.0 205.0 1190.0 184.0 1190.0 small-vehicle 1
188.0 1165.0 208.0 1165.0 208.0 1181.0 188.0 1181.0 small-vehicle 1
190.0 1156.0 212.0 1156.0 212.0 1171.0 190.0 1171.0 small-vehicle 1
194.0 1146.0 216.0 1146.0 216.0 1161.0 194.0 1161.0 small-vehicle 1
199.0 1135.0 219.0 1135.0 219.0 1152.0 199.0 1152.0 small-vehicle 1
201.0 1127.0 223.0 1127.0 223.0 1141.0 201.0 1141.0 small-vehicle 1
155.0 1099.0 171.0 1099.0 171.0 1120.0 155.0 1120.0 small-vehicle 1
128.0 1089.0 140.0 1089.0 140.0 1108.0 128.0 1108.0 small-vehicle 1
117.0 1085.0 132.0 1085.0 132.0 1103.0 117.0 1103.0 small-vehicle 1
98.0 1077.0 114.0 1077.0 114.0 1097.0 98.0 1097.0 small-vehicle 1
50.0 1009.0 70.0 1009.0 70.0 1023.0 50.0 1023.0 small-vehicle 1
56.0 999.0 75.0 999.0 75.0 1013.0 56.0 1013.0 small-vehicle 1
61.0 990.0 80.0 990.0 80.0 1003.0 61.0 1003.0 small-vehicle 1
66.0 981.0 85.0 981.0 85.0 994.0 66.0 994.0 small-vehicle 1
72.0 973.0 94.0 973.0 94.0 987.0 72.0 987.0 small-vehicle 1
76.0 962.0 95.0 962.0 95.0 977.0 76.0 977.0 small-vehicle 1
335.0 1058.0 352.0 1058.0 352.0 1071.0 335.0 1071.0 small-vehicle 1
319.0 1035.0 337.0 1035.0 337.0 1056.0 319.0 1056.0 small-vehicle 1
337.0 1089.0 352.0 1089.0 352.0 1110.0 337.0 1110.0 small-vehicle 1
304.0 1077.0 319.0 1077.0 319.0 1095.0 304.0 1095.0 small-vehicle 1
265.0 1060.0 277.0 1060.0 277.0 1079.0 265.0 1079.0 small-vehicle 1
274.0 1062.0 287.0 1062.0 287.0 1083.0 274.0 1083.0 small-vehicle 1
236.0 1174.0 259.0 1174.0 259.0 1189.0 236.0 1189.0 small-vehicle 1
233.0 1183.0 253.0 1183.0 253.0 1200.0 233.0 1200.0 small-vehicle 1
231.0 1192.0 250.0 1192.0 250.0 1208.0 231.0 1208.0 small-vehicle 1
83.0 1410.0 102.0 1410.0 102.0 1424.0 83.0 1424.0 small-vehicle 1
72.0 1620.0 87.0 1620.0 87.0 1644.0 72.0 1644.0 small-vehicle 1
147.0 1533.0 163.0 1533.0 163.0 1555.0 147.0 1555.0 small-vehicle 1
158.0 1509.0 174.0 1509.0 174.0 1531.0 158.0 1531.0 small-vehicle 1
171.0 1484.0 185.0 1484.0 185.0 1504.0 171.0 1504.0 small-vehicle 1
179.0 1460.0 195.0 1460.0 195.0 1483.0 179.0 1483.0 small-vehicle 1
130.0 1479.0 146.0 1479.0 146.0 1502.0 130.0 1502.0 small-vehicle 1
140.0 1462.0 154.0 1462.0 154.0 1479.0 140.0 1479.0 small-vehicle 1
150.0 1433.0 164.0 1433.0 164.0 1458.0 150.0 1458.0 small-vehicle 1
160.0 1415.0 173.0 1415.0 173.0 1434.0 160.0 1434.0 small-vehicle 1
192.0 1431.0 207.0 1431.0 207.0 1453.0 192.0 1453.0 small-vehicle 1
200.0 1412.0 214.0 1412.0 214.0 1433.0 200.0 1433.0 small-vehicle 1
167.0 1393.0 184.0 1393.0 184.0 1415.0 167.0 1415.0 small-vehicle 1
179.0 1367.0 192.0 1367.0 192.0 1385.0 179.0 1385.0 small-vehicle 1
225.0 1200.0 247.0 1200.0 247.0 1216.0 225.0 1216.0 small-vehicle 1
220.0 1363.0 235.0 1363.0 235.0 1385.0 220.0 1385.0 small-vehicle 1
229.0 1343.0 243.0 1343.0 243.0 1365.0 229.0 1365.0 small-vehicle 1
237.0 1324.0 252.0 1324.0 252.0 1345.0 237.0 1345.0 small-vehicle 1
205.0 1308.0 219.0 1308.0 219.0 1325.0 205.0 1325.0 small-vehicle 1
234.0 1241.0 249.0 1241.0 249.0 1259.0 234.0 1259.0 small-vehicle 1
271.0 1245.0 287.0 1245.0 287.0 1267.0 271.0 1267.0 small-vehicle 1
285.0 1207.0 301.0 1207.0 301.0 1231.0 285.0 1231.0 small-vehicle 1
307.0 1157.0 323.0 1157.0 323.0 1179.0 307.0 1179.0 small-vehicle 1
296.0 1184.0 313.0 1184.0 313.0 1206.0 296.0 1206.0 small-vehicle 1
240.0 1224.0 256.0 1224.0 256.0 1243.0 240.0 1243.0 small-vehicle 1
216.0 1223.0 238.0 1223.0 238.0 1237.0 216.0 1237.0 small-vehicle 1
223.0 1212.0 243.0 1212.0 243.0 1227.0 223.0 1227.0 small-vehicle 1
68.0 1857.0 202.0 1857.0 202.0 2034.0 68.0 2034.0 harbor 0
