imagesource:GoogleEarth
gsd:0.273819449765
480.0 1865.0 508.0 1865.0 508.0 1893.0 480.0 1893.0 ship 0
954.0 1101.0 988.0 1101.0 988.0 1127.0 954.0 1127.0 ship 0
875.0 1240.0 920.0 1240.0 920.0 1273.0 875.0 1273.0 ship 0
887.0 1227.0 924.0 1227.0 924.0 1255.0 887.0 1255.0 ship 0
891.0 1213.0 920.0 1213.0 920.0 1237.0 891.0 1237.0 ship 0
904.0 1197.0 941.0 1197.0 941.0 1228.0 904.0 1228.0 ship 0
911.0 1180.0 950.0 1180.0 950.0 1210.0 911.0 1210.0 ship 0
924.0 1166.0 959.0 1166.0 959.0 1192.0 924.0 1192.0 ship 0
924.0 1145.0 965.0 1145.0 965.0 1178.0 924.0 1178.0 ship 0
941.0 1115.0 982.0 1115.0 982.0 1147.0 941.0 1147.0 ship 0
957.0 1081.0 999.0 1081.0 999.0 1115.0 957.0 1115.0 ship 0
1040.0 904.0 1084.0 904.0 1084.0 938.0 1040.0 938.0 ship 0
966.0 1068.0 1005.0 1068.0 1005.0 1098.0 966.0 1098.0 ship 0
971.0 1052.0 1011.0 1052.0 1011.0 1082.0 971.0 1082.0 ship 0
987.0 1018.0 1029.0 1018.0 1029.0 1051.0 987.0 1051.0 ship 0
995.0 1002.0 1036.0 1002.0 1036.0 1035.0 995.0 1035.0 ship 0
1004.0 989.0 1042.0 989.0 1042.0 1021.0 1004.0 1021.0 ship 0
1010.0 970.0 1053.0 970.0 1053.0 1004.0 1010.0 1004.0 ship 0
1018.0 956.0 1058.0 956.0 1058.0 987.0 1018.0 987.0 ship 0
1026.0 938.0 1069.0 938.0 1069.0 972.0 1026.0 972.0 ship 0
871.0 1260.0 909.0 1260.0 909.0 1288.0 871.0 1288.0 ship 0
863.0 1276.0 901.0 1276.0 901.0 1304.0 863.0 1304.0 ship 0
850.0 1289.0 890.0 1289.0 890.0 1319.0 850.0 1319.0 ship 0
838.0 1302.0 882.0 1302.0 882.0 1337.0 838.0 1337.0 ship 0
779.0 1530.0 806.0 1530.0 806.0 1560.0 779.0 1560.0 ship 0
816.0 1559.0 829.0 1559.0 829.0 1582.0 816.0 1582.0 ship 0
790.0 1542.0 815.0 1542.0 815.0 1570.0 790.0 1570.0 ship 0
803.0 1521.0 825.0 1521.0 825.0 1543.0 803.0 1543.0 ship 0
791.0 1494.0 820.0 1494.0 820.0 1522.0 791.0 1522.0 ship 0
783.0 1484.0 807.0 1484.0 807.0 1510.0 783.0 1510.0 ship 0
770.0 1470.0 798.0 1470.0 798.0 1500.0 770.0 1500.0 ship 0
760.0 1459.0 788.0 1459.0 788.0 1489.0 760.0 1489.0 ship 0
747.0 1447.0 776.0 1447.0 776.0 1478.0 747.0 1478.0 ship 0
737.0 1440.0 763.0 1440.0 763.0 1466.0 737.0 1466.0 ship 0
728.0 1430.0 754.0 1430.0 754.0 1457.0 728.0 1457.0 ship 0
800.0 1389.0 842.0 1389.0 842.0 1422.0 800.0 1422.0 ship 0
803.0 1368.0 851.0 1368.0 851.0 1404.0 803.0 1404.0 ship 0
852.0 1384.0 873.0 1384.0 873.0 1411.0 852.0 1411.0 ship 0
812.0 1355.0 859.0 1355.0 859.0 1387.0 812.0 1387.0 ship 0
826.0 1338.0 869.0 1338.0 869.0 1372.0 826.0 1372.0 ship 0
835.0 1322.0 876.0 1322.0 876.0 1353.0 835.0 1353.0 ship 0
1034.0 920.0 1077.0 920.0 1077.0 955.0 1034.0 955.0 ship 0
1054.0 891.0 1092.0 891.0 1092.0 920.0 1054.0 920.0 ship 0
754.0 1507.0 785.0 1507.0 785.0 1537.0 754.0 1537.0 ship 0
816.0 1017.0 869.0 1017.0 869.0 1057.0 816.0 1057.0 ship 0
750.0 1158.0 800.0 1158.0 800.0 1194.0 750.0 1194.0 ship 0
759.0 1139.0 801.0 1139.0 801.0 1171.0 759.0 1171.0 ship 0
767.0 1124.0 810.0 1124.0 810.0 1156.0 767.0 1156.0 ship 0
774.0 1106.0 826.0 1106.0 826.0 1145.0 774.0 1145.0 ship 0
783.0 1088.0 827.0 1088.0 827.0 1123.0 783.0 1123.0 ship 0
791.0 1071.0 838.0 1071.0 838.0 1108.0 791.0 1108.0 ship 0
797.0 1055.0 840.0 1055.0 840.0 1086.0 797.0 1086.0 ship 0
810.0 1037.0 855.0 1037.0 855.0 1071.0 810.0 1071.0 ship 0
830.0 994.0 890.0 994.0 890.0 1038.0 830.0 1038.0 ship 0
1064.0 878.0 1101.0 878.0 1101.0 906.0 1064.0 906.0 ship 0
842.0 977.0 889.0 977.0 889.0 1012.0 842.0 1012.0 ship 0
846.0 955.0 897.0 955.0 897.0 991.0 846.0 991.0 ship 0
858.0 932.0 912.0 932.0 912.0 975.0 858.0 975.0 ship 0
876.0 919.0 918.0 919.0 918.0 949.0 876.0 949.0 ship 0
882.0 903.0 921.0 903.0 921.0 932.0 882.0 932.0 ship 0
886.0 878.0 941.0 878.0 941.0 919.0 886.0 919.0 ship 0
899.0 862.0 943.0 862.0 943.0 896.0 899.0 896.0 ship 0
910.0 842.0 958.0 842.0 958.0 876.0 910.0 876.0 ship 0
742.0 1175.0 794.0 1175.0 794.0 1214.0 742.0 1214.0 ship 0
733.0 1190.0 778.0 1190.0 778.0 1227.0 733.0 1227.0 ship 0
727.0 1208.0 772.0 1208.0 772.0 1243.0 727.0 1243.0 ship 0
716.0 1226.0 757.0 1226.0 757.0 1255.0 716.0 1255.0 ship 0
1067.0 859.0 1109.0 859.0 1109.0 892.0 1067.0 892.0 ship 0
1080.0 848.0 1115.0 848.0 1115.0 875.0 1080.0 875.0 ship 0
1085.0 830.0 1126.0 830.0 1126.0 860.0 1085.0 860.0 ship 0
1093.0 813.0 1134.0 813.0 1134.0 844.0 1093.0 844.0 ship 0
1102.0 799.0 1137.0 799.0 1137.0 827.0 1102.0 827.0 ship 0
1108.0 765.0 1151.0 765.0 1151.0 805.0 1108.0 805.0 ship 0
1120.0 748.0 1167.0 748.0 1167.0 795.0 1120.0 795.0 ship 0
1134.0 735.0 1177.0 735.0 1177.0 777.0 1134.0 777.0 ship 0
1169.0 685.0 1219.0 685.0 1219.0 730.0 1169.0 730.0 ship 0
1181.0 668.0 1226.0 668.0 1226.0 712.0 1181.0 712.0 ship 0
1202.0 658.0 1243.0 658.0 1243.0 698.0 1202.0 698.0 ship 0
1203.0 631.0 1257.0 631.0 1257.0 682.0 1203.0 682.0 ship 0
663.0 1301.0 690.0 1301.0 690.0 1328.0 663.0 1328.0 ship 0
674.0 1291.0 701.0 1291.0 701.0 1319.0 674.0 1319.0 ship 0
683.0 1279.0 712.0 1279.0 712.0 1310.0 683.0 1310.0 ship 0
698.0 1259.0 731.0 1259.0 731.0 1282.0 698.0 1282.0 ship 0
708.0 1242.0 751.0 1242.0 751.0 1275.0 708.0 1275.0 ship 0
763.0 1522.0 790.0 1522.0 790.0 1551.0 763.0 1551.0 ship 0
744.0 1497.0 771.0 1497.0 771.0 1525.0 744.0 1525.0 ship 0
906.0 718.0 929.0 718.0 929.0 749.0 906.0 749.0 ship 0
646.0 1841.0 672.0 1841.0 672.0 1867.0 646.0 1867.0 ship 0
565.0 1824.0 595.0 1824.0 595.0 1855.0 565.0 1855.0 ship 0
597.0 1793.0 626.0 1793.0 626.0 1824.0 597.0 1824.0 ship 0
576.0 1834.0 609.0 1834.0 609.0 1868.0 576.0 1868.0 ship 0
588.0 1848.0 617.0 1848.0 617.0 1880.0 588.0 1880.0 ship 0
610.0 1806.0 637.0 1806.0 637.0 1835.0 610.0 1835.0 ship 0
620.0 1816.0 649.0 1816.0 649.0 1847.0 620.0 1847.0 ship 0
634.0 1830.0 662.0 1830.0 662.0 1858.0 634.0 1858.0 ship 0
600.0 1856.0 631.0 1856.0 631.0 1887.0 600.0 1887.0 ship 0
530.0 1585.0 570.0 1585.0 570.0 1626.0 530.0 1626.0 ship 0
624.0 1643.0 648.0 1643.0 648.0 1669.0 624.0 1669.0 ship 0
542.0 1612.0 571.0 1612.0 571.0 1640.0 542.0 1640.0 ship 0
552.0 1626.0 580.0 1626.0 580.0 1653.0 552.0 1653.0 ship 0
562.0 1636.0 591.0 1636.0 591.0 1664.0 562.0 1664.0 ship 0
567.0 1587.0 594.0 1587.0 594.0 1615.0 567.0 1615.0 ship 0
590.0 1609.0 616.0 1609.0 616.0 1636.0 590.0 1636.0 ship 0
576.0 1648.0 600.0 1648.0 600.0 1673.0 576.0 1673.0 ship 0
601.0 1622.0 627.0 1622.0 627.0 1648.0 601.0 1648.0 ship 0
585.0 1656.0 613.0 1656.0 613.0 1685.0 585.0 1685.0 ship 0
553.0 1811.0 585.0 1811.0 585.0 1845.0 553.0 1845.0 ship 0
544.0 1802.0 573.0 1802.0 573.0 1833.0 544.0 1833.0 ship 0
571.0 1766.0 606.0 1766.0 606.0 1801.0 571.0 1801.0 ship 0
547.0 1748.0 581.0 1748.0 581.0 1781.0 547.0 1781.0 ship 0
384.0 1771.0 412.0 1771.0 412.0 1799.0 384.0 1799.0 ship 0
372.0 1762.0 400.0 1762.0 400.0 1790.0 372.0 1790.0 ship 0
430.0 1656.0 495.0 1656.0 495.0 1722.0 430.0 1722.0 ship 0
444.0 1705.0 479.0 1705.0 479.0 1741.0 444.0 1741.0 ship 0
456.0 1717.0 491.0 1717.0 491.0 1752.0 456.0 1752.0 ship 0
478.0 1678.0 505.0 1678.0 505.0 1706.0 478.0 1706.0 ship 0
493.0 1689.0 519.0 1689.0 519.0 1717.0 493.0 1717.0 ship 0
502.0 1698.0 533.0 1698.0 533.0 1730.0 502.0 1730.0 ship 0
471.0 1729.0 504.0 1729.0 504.0 1762.0 471.0 1762.0 ship 0
484.0 1739.0 515.0 1739.0 515.0 1770.0 484.0 1770.0 ship 0
513.0 1708.0 546.0 1708.0 546.0 1743.0 513.0 1743.0 ship 0
526.0 1724.0 556.0 1724.0 556.0 1753.0 526.0 1753.0 ship 0
495.0 1753.0 527.0 1753.0 527.0 1785.0 495.0 1785.0 ship 0
509.0 1768.0 536.0 1768.0 536.0 1796.0 509.0 1796.0 ship 0
540.0 1736.0 567.0 1736.0 567.0 1764.0 540.0 1764.0 ship 0
518.0 1776.0 551.0 1776.0 551.0 1810.0 518.0 1810.0 ship 0
532.0 1791.0 561.0 1791.0 561.0 1819.0 532.0 1819.0 ship 0
595.0 1667.0 624.0 1667.0 624.0 1697.0 595.0 1697.0 ship 0
606.0 1681.0 632.0 1681.0 632.0 1709.0 606.0 1709.0 ship 0
733.0 1485.0 760.0 1485.0 760.0 1513.0 733.0 1513.0 ship 0
634.0 1546.0 659.0 1546.0 659.0 1571.0 634.0 1571.0 ship 0
696.0 1610.0 726.0 1610.0 726.0 1641.0 696.0 1641.0 ship 0
688.0 1600.0 714.0 1600.0 714.0 1627.0 688.0 1627.0 ship 0
692.0 1549.0 720.0 1549.0 720.0 1578.0 692.0 1578.0 ship 0
714.0 1576.0 739.0 1576.0 739.0 1601.0 714.0 1601.0 ship 0
676.0 1590.0 704.0 1590.0 704.0 1618.0 676.0 1618.0 ship 0
668.0 1578.0 694.0 1578.0 694.0 1603.0 668.0 1603.0 ship 0
656.0 1567.0 683.0 1567.0 683.0 1595.0 656.0 1595.0 ship 0
622.0 1535.0 647.0 1535.0 647.0 1559.0 622.0 1559.0 ship 0
642.0 1555.0 671.0 1555.0 671.0 1585.0 642.0 1585.0 ship 0
633.0 1650.0 661.0 1650.0 661.0 1681.0 633.0 1681.0 ship 0
682.0 1542.0 707.0 1542.0 707.0 1569.0 682.0 1569.0 ship 0
670.0 1526.0 703.0 1526.0 703.0 1559.0 670.0 1559.0 ship 0
662.0 1516.0 687.0 1516.0 687.0 1545.0 662.0 1545.0 ship 0
650.0 1507.0 674.0 1507.0 674.0 1535.0 650.0 1535.0 ship 0
611.0 1523.0 638.0 1523.0 638.0 1551.0 611.0 1551.0 ship 0
700.0 1453.0 729.0 1453.0 729.0 1482.0 700.0 1482.0 ship 0
714.0 1466.0 738.0 1466.0 738.0 1491.0 714.0 1491.0 ship 0
721.0 1474.0 750.0 1474.0 750.0 1504.0 721.0 1504.0 ship 0
726.0 1586.0 750.0 1586.0 750.0 1612.0 726.0 1612.0 ship 0
720.0 1633.0 747.0 1633.0 747.0 1660.0 720.0 1660.0 ship 0
732.0 1644.0 758.0 1644.0 758.0 1671.0 732.0 1671.0 ship 0
740.0 1654.0 769.0 1654.0 769.0 1686.0 740.0 1686.0 ship 0
645.0 1664.0 670.0 1664.0 670.0 1691.0 645.0 1691.0 ship 0
631.0 1705.0 657.0 1705.0 657.0 1729.0 631.0 1729.0 ship 0
622.0 1692.0 646.0 1692.0 646.0 1717.0 622.0 1717.0 ship 0
658.0 1671.0 686.0 1671.0 686.0 1700.0 658.0 1700.0 ship 0
638.0 1713.0 667.0 1713.0 667.0 1744.0 638.0 1744.0 ship 0
670.0 1686.0 695.0 1686.0 695.0 1712.0 670.0 1712.0 ship 0
679.0 1695.0 707.0 1695.0 707.0 1724.0 679.0 1724.0 ship 0
652.0 1726.0 676.0 1726.0 676.0 1750.0 652.0 1750.0 ship 0
662.0 1734.0 690.0 1734.0 690.0 1762.0 662.0 1762.0 ship 0
690.0 1711.0 714.0 1711.0 714.0 1737.0 690.0 1737.0 ship 0
702.0 1729.0 722.0 1729.0 722.0 1748.0 702.0 1748.0 ship 0
673.0 1746.0 701.0 1746.0 701.0 1774.0 673.0 1774.0 ship 0
682.0 1759.0 712.0 1759.0 712.0 1790.0 682.0 1790.0 ship 0
731.0 1721.0 755.0 1721.0 755.0 1744.0 731.0 1744.0 ship 0
750.0 1688.0 765.0 1688.0 765.0 1711.0 750.0 1711.0 ship 0
752.0 1608.0 772.0 1608.0 772.0 1630.0 752.0 1630.0 ship 0
759.0 1620.0 784.0 1620.0 784.0 1645.0 759.0 1645.0 ship 0
916.0 821.0 967.0 821.0 967.0 858.0 916.0 858.0 ship 0
921.0 725.0 942.0 725.0 942.0 754.0 921.0 754.0 ship 0
406.0 1794.0 433.0 1794.0 433.0 1824.0 406.0 1824.0 ship 0
1452.0 222.0 1479.0 222.0 1479.0 243.0 1452.0 243.0 ship 0
1381.0 369.0 1419.0 369.0 1419.0 398.0 1381.0 398.0 ship 0
1395.0 358.0 1429.0 358.0 1429.0 384.0 1395.0 384.0 ship 0
1401.0 343.0 1432.0 343.0 1432.0 368.0 1401.0 368.0 ship 0
1410.0 328.0 1443.0 328.0 1443.0 355.0 1410.0 355.0 ship 0
1417.0 313.0 1449.0 313.0 1449.0 339.0 1417.0 339.0 ship 0
1427.0 299.0 1459.0 299.0 1459.0 324.0 1427.0 324.0 ship 0
1430.0 284.0 1462.0 284.0 1462.0 309.0 1430.0 309.0 ship 0
1450.0 236.0 1482.0 236.0 1482.0 260.0 1450.0 260.0 ship 0
1382.0 183.0 1414.0 183.0 1414.0 207.0 1382.0 207.0 ship 0
1305.0 242.0 1335.0 242.0 1335.0 264.0 1305.0 264.0 ship 0
1334.0 162.0 1375.0 162.0 1375.0 190.0 1334.0 190.0 ship 0
1370.0 199.0 1401.0 199.0 1401.0 220.0 1370.0 220.0 ship 0
1331.0 180.0 1365.0 180.0 1365.0 204.0 1331.0 204.0 ship 0
1322.0 194.0 1354.0 194.0 1354.0 216.0 1322.0 216.0 ship 0
1365.0 214.0 1397.0 214.0 1397.0 236.0 1365.0 236.0 ship 0
1357.0 231.0 1388.0 231.0 1388.0 253.0 1357.0 253.0 ship 0
1310.0 225.0 1343.0 225.0 1343.0 249.0 1310.0 249.0 ship 0
1346.0 240.0 1387.0 240.0 1387.0 271.0 1346.0 271.0 ship 0
1377.0 388.0 1415.0 388.0 1415.0 416.0 1377.0 416.0 ship 0
1356.0 433.0 1392.0 433.0 1392.0 461.0 1356.0 461.0 ship 0
1349.0 447.0 1385.0 447.0 1385.0 477.0 1349.0 477.0 ship 0
1342.0 466.0 1373.0 466.0 1373.0 489.0 1342.0 489.0 ship 0
1245.0 452.0 1282.0 452.0 1282.0 480.0 1245.0 480.0 ship 0
1205.0 431.0 1241.0 431.0 1241.0 459.0 1205.0 459.0 ship 0
1199.0 449.0 1232.0 449.0 1232.0 473.0 1199.0 473.0 ship 0
1190.0 461.0 1226.0 461.0 1226.0 489.0 1190.0 489.0 ship 0
1184.0 477.0 1220.0 477.0 1220.0 504.0 1184.0 504.0 ship 0
1229.0 479.0 1265.0 479.0 1265.0 507.0 1229.0 507.0 ship 0
1222.0 494.0 1258.0 494.0 1258.0 521.0 1222.0 521.0 ship 0
1234.0 604.0 1282.0 604.0 1282.0 648.0 1234.0 648.0 ship 0
1247.0 589.0 1297.0 589.0 1297.0 635.0 1247.0 635.0 ship 0
1263.0 570.0 1309.0 570.0 1309.0 616.0 1263.0 616.0 ship 0
1285.0 566.0 1323.0 566.0 1323.0 598.0 1285.0 598.0 ship 0
1298.0 556.0 1329.0 556.0 1329.0 581.0 1298.0 581.0 ship 0
1304.0 538.0 1338.0 538.0 1338.0 564.0 1304.0 564.0 ship 0
1310.0 523.0 1347.0 523.0 1347.0 552.0 1310.0 552.0 ship 0
1320.0 509.0 1352.0 509.0 1352.0 533.0 1320.0 533.0 ship 0
1329.0 496.0 1359.0 496.0 1359.0 520.0 1329.0 520.0 ship 0
1333.0 478.0 1369.0 478.0 1369.0 505.0 1333.0 505.0 ship 0
1342.0 258.0 1371.0 258.0 1371.0 280.0 1342.0 280.0 ship 0
1293.0 252.0 1328.0 252.0 1328.0 279.0 1293.0 279.0 ship 0
1211.0 415.0 1250.0 415.0 1250.0 444.0 1211.0 444.0 ship 0
194.0 1268.0 716.0 1268.0 716.0 1795.0 194.0 1795.0 harbor 0
698.0 1426.0 839.0 1426.0 839.0 1570.0 698.0 1570.0 harbor 0
618.0 1503.0 786.0 1503.0 786.0 1675.0 618.0 1675.0 harbor 0
538.0 1582.0 727.0 1582.0 727.0 1777.0 538.0 1777.0 harbor 0
442.0 1671.0 663.0 1671.0 663.0 1889.0 442.0 1889.0 harbor 0
347.0 1764.0 565.0 1764.0 565.0 1984.0 347.0 1984.0 harbor 0
254.0 1862.0 460.0 1862.0 460.0 2069.0 254.0 2069.0 harbor 0
159.0 1956.0 322.0 1956.0 322.0 2123.0 159.0 2123.0 harbor 0
167.0 1767.0 206.0 1767.0 206.0 1832.0 167.0 1832.0 harbor 0
782.0 787.0 1151.0 787.0 1151.0 1437.0 782.0 1437.0 harbor 0
1337.0 273.0 1368.0 273.0 1368.0 297.0 1337.0 297.0 ship 0
685.0 736.0 1009.0 736.0 1009.0 1295.0 685.0 1295.0 harbor 0
882.0 608.0 1046.0 608.0 1046.0 731.0 882.0 731.0 harbor 0
1109.0 560.0 1322.0 560.0 1322.0 808.0 1109.0 808.0 harbor 0
906.0 514.0 1086.0 514.0 1086.0 643.0 906.0 643.0 harbor 0
949.0 429.0 1129.0 429.0 1129.0 560.0 949.0 560.0 harbor 0
1034.0 391.0 1111.0 391.0 1111.0 454.0 1034.0 454.0 harbor 0
1099.0 120.0 1302.0 120.0 1302.0 470.0 1099.0 470.0 harbor 0
1295.0 230.0 1497.0 230.0 1497.0 582.0 1295.0 582.0 harbor 0
1250.0 155.0 1287.0 155.0 1287.0 181.0 1250.0 181.0 ship 0
1245.0 173.0 1281.0 173.0 1281.0 198.0 1245.0 198.0 ship 0
1240.0 188.0 1272.0 188.0 1272.0 211.0 1240.0 211.0 ship 0
1228.0 202.0 1260.0 202.0 1260.0 225.0 1228.0 225.0 ship 0
1316.0 300.0 1354.0 300.0 1354.0 330.0 1316.0 330.0 ship 0
1327.0 285.0 1366.0 285.0 1366.0 316.0 1327.0 316.0 ship 0
1316.0 322.0 1340.0 322.0 1340.0 340.0 1316.0 340.0 ship 0
1304.0 331.0 1339.0 331.0 1339.0 358.0 1304.0 358.0 ship 0
1298.0 348.0 1338.0 348.0 1338.0 377.0 1298.0 377.0 ship 0
1287.0 362.0 1320.0 362.0 1320.0 386.0 1287.0 386.0 ship 0
1252.0 343.0 1286.0 343.0 1286.0 368.0 1252.0 368.0 ship 0
1280.0 283.0 1317.0 283.0 1317.0 310.0 1280.0 310.0 ship 0
1273.0 299.0 1303.0 299.0 1303.0 322.0 1273.0 322.0 ship 0
1266.0 313.0 1301.0 313.0 1301.0 338.0 1266.0 338.0 ship 0
1255.0 324.0 1295.0 324.0 1295.0 355.0 1255.0 355.0 ship 0
1181.0 307.0 1211.0 307.0 1211.0 328.0 1181.0 328.0 ship 0
1196.0 277.0 1224.0 277.0 1224.0 298.0 1196.0 298.0 ship 0
1202.0 263.0 1232.0 263.0 1232.0 286.0 1202.0 286.0 ship 0
1205.0 245.0 1240.0 245.0 1240.0 270.0 1205.0 270.0 ship 0
1218.0 234.0 1249.0 234.0 1249.0 258.0 1218.0 258.0 ship 0
1220.0 215.0 1258.0 215.0 1258.0 243.0 1220.0 243.0 ship 0
1251.0 436.0 1287.0 436.0 1287.0 462.0 1251.0 462.0 ship 0
1225.0 404.0 1255.0 404.0 1255.0 426.0 1225.0 426.0 ship 0
906.0 753.0 928.0 753.0 928.0 770.0 906.0 770.0 ship 0
970.0 579.0 987.0 579.0 987.0 603.0 970.0 603.0 ship 0
1049.0 582.0 1066.0 582.0 1066.0 604.0 1049.0 604.0 ship 0
1062.0 589.0 1080.0 589.0 1080.0 611.0 1062.0 611.0 ship 0
1044.0 614.0 1067.0 614.0 1067.0 645.0 1044.0 645.0 ship 0
1034.0 608.0 1052.0 608.0 1052.0 636.0 1034.0 636.0 ship 0
1021.0 600.0 1042.0 600.0 1042.0 627.0 1021.0 627.0 ship 0
1008.0 595.0 1027.0 595.0 1027.0 620.0 1008.0 620.0 ship 0
994.0 588.0 1014.0 588.0 1014.0 616.0 994.0 616.0 ship 0
983.0 583.0 1001.0 583.0 1001.0 607.0 983.0 607.0 ship 0
956.0 570.0 976.0 570.0 976.0 596.0 956.0 596.0 ship 0
987.0 440.0 1009.0 440.0 1009.0 469.0 987.0 469.0 ship 0
943.0 562.0 964.0 562.0 964.0 590.0 943.0 590.0 ship 0
903.0 543.0 922.0 543.0 922.0 568.0 903.0 568.0 ship 0
918.0 548.0 938.0 548.0 938.0 574.0 918.0 574.0 ship 0
945.0 528.0 965.0 528.0 965.0 555.0 945.0 555.0 ship 0
933.0 521.0 951.0 521.0 951.0 547.0 933.0 547.0 ship 0
921.0 516.0 940.0 516.0 940.0 541.0 921.0 541.0 ship 0
948.0 462.0 966.0 462.0 966.0 486.0 948.0 486.0 ship 0
960.0 469.0 978.0 469.0 978.0 493.0 960.0 493.0 ship 0
1035.0 573.0 1055.0 573.0 1055.0 600.0 1035.0 600.0 ship 0
1022.0 568.0 1043.0 568.0 1043.0 594.0 1022.0 594.0 ship 0
1008.0 559.0 1030.0 559.0 1030.0 586.0 1008.0 586.0 ship 0
996.0 555.0 1014.0 555.0 1014.0 579.0 996.0 579.0 ship 0
934.0 730.0 956.0 730.0 956.0 761.0 934.0 761.0 ship 0
914.0 777.0 933.0 777.0 933.0 803.0 914.0 803.0 ship 0
924.0 802.0 978.0 802.0 978.0 839.0 924.0 839.0 ship 0
946.0 762.0 997.0 762.0 997.0 798.0 946.0 798.0 ship 0
953.0 741.0 1015.0 741.0 1015.0 785.0 953.0 785.0 ship 0
932.0 623.0 950.0 623.0 950.0 645.0 932.0 645.0 ship 0
944.0 629.0 964.0 629.0 964.0 655.0 944.0 655.0 ship 0
956.0 638.0 975.0 638.0 975.0 661.0 956.0 661.0 ship 0
938.0 670.0 959.0 670.0 959.0 698.0 938.0 698.0 ship 0
952.0 677.0 971.0 677.0 971.0 701.0 952.0 701.0 ship 0
981.0 651.0 1000.0 651.0 1000.0 675.0 981.0 675.0 ship 0
982.0 687.0 999.0 687.0 999.0 711.0 982.0 711.0 ship 0
1008.0 663.0 1027.0 663.0 1027.0 690.0 1008.0 690.0 ship 0
993.0 693.0 1011.0 693.0 1011.0 718.0 993.0 718.0 ship 0
1023.0 688.0 1048.0 688.0 1048.0 724.0 1023.0 724.0 ship 0
1021.0 671.0 1039.0 671.0 1039.0 696.0 1021.0 696.0 ship 0
984.0 546.0 1004.0 546.0 1004.0 573.0 984.0 573.0 ship 0
974.0 437.0 994.0 437.0 994.0 465.0 974.0 465.0 ship 0
971.0 474.0 992.0 474.0 992.0 501.0 971.0 501.0 ship 0
1259.0 421.0 1298.0 421.0 1298.0 450.0 1259.0 450.0 ship 0
1124.0 358.0 1145.0 358.0 1145.0 384.0 1124.0 384.0 ship 0
1133.0 394.0 1168.0 394.0 1168.0 419.0 1133.0 419.0 ship 0
1142.0 380.0 1177.0 380.0 1177.0 406.0 1142.0 406.0 ship 0
1108.0 388.0 1130.0 388.0 1130.0 419.0 1108.0 419.0 ship 0
1249.0 112.0 1266.0 112.0 1266.0 135.0 1249.0 135.0 ship 0
1226.0 159.0 1244.0 159.0 1244.0 182.0 1226.0 182.0 ship 0
1216.0 179.0 1234.0 179.0 1234.0 202.0 1216.0 202.0 ship 0
1184.0 242.0 1202.0 242.0 1202.0 267.0 1184.0 267.0 ship 0
1154.0 302.0 1173.0 302.0 1173.0 327.0 1154.0 327.0 ship 0
1149.0 366.0 1182.0 366.0 1182.0 391.0 1149.0 391.0 ship 0
987.0 478.0 1007.0 478.0 1007.0 507.0 987.0 507.0 ship 0
1153.0 350.0 1187.0 350.0 1187.0 376.0 1153.0 376.0 ship 0
1167.0 336.0 1198.0 336.0 1198.0 360.0 1167.0 360.0 ship 0
1172.0 323.0 1202.0 323.0 1202.0 345.0 1172.0 345.0 ship 0
1281.0 378.0 1315.0 378.0 1315.0 401.0 1281.0 401.0 ship 0
1245.0 359.0 1278.0 359.0 1278.0 384.0 1245.0 384.0 ship 0
1233.0 372.0 1273.0 372.0 1273.0 400.0 1233.0 400.0 ship 0
1229.0 388.0 1263.0 388.0 1263.0 414.0 1229.0 414.0 ship 0
1266.0 408.0 1300.0 408.0 1300.0 435.0 1266.0 435.0 ship 0
1123.0 410.0 1157.0 410.0 1157.0 433.0 1123.0 433.0 ship 0
1110.0 439.0 1142.0 439.0 1142.0 464.0 1110.0 464.0 ship 0
1106.0 455.0 1130.0 455.0 1130.0 475.0 1106.0 475.0 ship 0
1092.0 426.0 1110.0 426.0 1110.0 451.0 1092.0 451.0 ship 0
1013.0 457.0 1033.0 457.0 1033.0 485.0 1013.0 485.0 ship 0
1028.0 466.0 1045.0 466.0 1045.0 490.0 1028.0 490.0 ship 0
1012.0 494.0 1031.0 494.0 1031.0 521.0 1012.0 521.0 ship 0
1023.0 499.0 1044.0 499.0 1044.0 527.0 1023.0 527.0 ship 0
1039.0 472.0 1057.0 472.0 1057.0 499.0 1039.0 499.0 ship 0
1053.0 480.0 1070.0 480.0 1070.0 502.0 1053.0 502.0 ship 0
1065.0 486.0 1082.0 486.0 1082.0 509.0 1065.0 509.0 ship 0
1050.0 512.0 1070.0 512.0 1070.0 537.0 1050.0 537.0 ship 0
1064.0 519.0 1082.0 519.0 1082.0 544.0 1064.0 544.0 ship 0
1077.0 489.0 1098.0 489.0 1098.0 518.0 1077.0 518.0 ship 0
1089.0 497.0 1108.0 497.0 1108.0 523.0 1089.0 523.0 ship 0
1074.0 525.0 1095.0 525.0 1095.0 553.0 1074.0 553.0 ship 0
1102.0 502.0 1124.0 502.0 1124.0 529.0 1102.0 529.0 ship 0
1039.0 402.0 1059.0 402.0 1059.0 427.0 1039.0 427.0 ship 0
1051.0 410.0 1071.0 410.0 1071.0 436.0 1051.0 436.0 ship 0
1065.0 392.0 1087.0 392.0 1087.0 411.0 1065.0 411.0 ship 0
1065.0 414.0 1084.0 414.0 1084.0 441.0 1065.0 441.0 ship 0
394.0 1781.0 424.0 1781.0 424.0 1814.0 394.0 1814.0 ship 0
417.0 1802.0 449.0 1802.0 449.0 1836.0 417.0 1836.0 ship 0
869.0 1360.0 884.0 1360.0 884.0 1381.0 869.0 1381.0 ship 0
1327.0 2015.0 1342.0 2015.0 1342.0 2035.0 1327.0 2035.0 small-vehicle 0
1216.0 1949.0 1236.0 1949.0 1236.0 1964.0 1216.0 1964.0 small-vehicle 0
1192.0 1944.0 1214.0 1944.0 1214.0 1958.0 1192.0 1958.0 small-vehicle 0
1189.0 1931.0 1212.0 1931.0 1212.0 1947.0 1189.0 1947.0 small-vehicle 0
1277.0 1985.0 1297.0 1985.0 1297.0 1997.0 1277.0 1997.0 small-vehicle 0
1227.0 1988.0 1249.0 1988.0 1249.0 2003.0 1227.0 2003.0 small-vehicle 0
1231.0 1999.0 1253.0 1999.0 1253.0 2013.0 1231.0 2013.0 small-vehicle 0
1207.0 1993.0 1229.0 1993.0 1229.0 2008.0 1207.0 2008.0 small-vehicle 0
1349.0 2006.0 1366.0 2006.0 1366.0 2029.0 1349.0 2029.0 small-vehicle 0
1297.0 2025.0 1313.0 2025.0 1313.0 2047.0 1297.0 2047.0 small-vehicle 0
1068.0 2032.0 1091.0 2032.0 1091.0 2044.0 1068.0 2044.0 small-vehicle 0
1288.0 2028.0 1303.0 2028.0 1303.0 2048.0 1288.0 2048.0 small-vehicle 0
1263.0 2033.0 1278.0 2033.0 1278.0 2056.0 1263.0 2056.0 small-vehicle 0
1247.0 2039.0 1262.0 2039.0 1262.0 2061.0 1247.0 2061.0 small-vehicle 0
1226.0 2044.0 1241.0 2044.0 1241.0 2068.0 1226.0 2068.0 small-vehicle 0
1176.0 2054.0 1191.0 2054.0 1191.0 2078.0 1176.0 2078.0 small-vehicle 0
1163.0 2058.0 1178.0 2058.0 1178.0 2081.0 1163.0 2081.0 small-vehicle 0
1153.0 2062.0 1167.0 2062.0 1167.0 2086.0 1153.0 2086.0 small-vehicle 0
1162.0 2016.0 1184.0 2016.0 1184.0 2029.0 1162.0 2029.0 small-vehicle 0
1221.0 1965.0 1244.0 1965.0 1244.0 1981.0 1221.0 1981.0 small-vehicle 0
1270.0 1968.0 1294.0 1968.0 1294.0 1983.0 1270.0 1983.0 small-vehicle 0
1262.0 1945.0 1284.0 1945.0 1284.0 1960.0 1262.0 1960.0 small-vehicle 0
1258.0 1930.0 1282.0 1930.0 1282.0 1946.0 1258.0 1946.0 small-vehicle 0
1004.0 1865.0 1026.0 1865.0 1026.0 1879.0 1004.0 1879.0 small-vehicle 0
1001.0 1876.0 1021.0 1876.0 1021.0 1891.0 1001.0 1891.0 small-vehicle 0
993.0 1892.0 1020.0 1892.0 1020.0 1909.0 993.0 1909.0 small-vehicle 0
1329.0 2135.0 1341.0 2135.0 1341.0 2156.0 1329.0 2156.0 small-vehicle 0
1449.0 2175.0 1472.0 2175.0 1472.0 2187.0 1449.0 2187.0 small-vehicle 0
1451.0 2151.0 1472.0 2151.0 1472.0 2164.0 1451.0 2164.0 small-vehicle 0
1496.0 2125.0 1510.0 2125.0 1510.0 2146.0 1496.0 2146.0 small-vehicle 0
1433.0 1932.0 1451.0 1932.0 1451.0 1944.0 1433.0 1944.0 small-vehicle 0
1425.0 1910.0 1442.0 1910.0 1442.0 1924.0 1425.0 1924.0 small-vehicle 0
1421.0 1900.0 1443.0 1900.0 1443.0 1915.0 1421.0 1915.0 small-vehicle 0
1403.0 1910.0 1425.0 1910.0 1425.0 1922.0 1403.0 1922.0 small-vehicle 0
1362.0 1939.0 1388.0 1939.0 1388.0 1953.0 1362.0 1953.0 small-vehicle 0
1361.0 1930.0 1385.0 1930.0 1385.0 1943.0 1361.0 1943.0 small-vehicle 0
1358.0 1919.0 1381.0 1919.0 1381.0 1934.0 1358.0 1934.0 small-vehicle 0
1349.0 1899.0 1372.0 1899.0 1372.0 1913.0 1349.0 1913.0 small-vehicle 0
1278.0 1910.0 1297.0 1910.0 1297.0 1924.0 1278.0 1924.0 small-vehicle 0
1283.0 1946.0 1303.0 1946.0 1303.0 1959.0 1283.0 1959.0 small-vehicle 0
1132.0 1989.0 1151.0 1989.0 1151.0 2004.0 1132.0 2004.0 small-vehicle 0
1065.0 2020.0 1089.0 2020.0 1089.0 2033.0 1065.0 2033.0 small-vehicle 0
1010.0 1841.0 1034.0 1841.0 1034.0 1857.0 1010.0 1857.0 small-vehicle 0
682.0 1921.0 700.0 1921.0 700.0 1940.0 682.0 1940.0 small-vehicle 1
1130.0 1964.0 1146.0 1964.0 1146.0 1978.0 1130.0 1978.0 small-vehicle 1
1127.0 1974.0 1151.0 1974.0 1151.0 1991.0 1127.0 1991.0 small-vehicle 1
1140.0 2021.0 1162.0 2021.0 1162.0 2037.0 1140.0 2037.0 small-vehicle 1
885.0 1920.0 905.0 1920.0 905.0 1936.0 885.0 1936.0 small-vehicle 1
875.0 1946.0 895.0 1946.0 895.0 1959.0 875.0 1959.0 small-vehicle 1
864.0 1970.0 883.0 1970.0 883.0 1985.0 864.0 1985.0 small-vehicle 1
789.0 1859.0 809.0 1859.0 809.0 1874.0 789.0 1874.0 small-vehicle 1
785.0 1868.0 806.0 1868.0 806.0 1883.0 785.0 1883.0 small-vehicle 1
675.0 1928.0 692.0 1928.0 692.0 1946.0 675.0 1946.0 small-vehicle 1
1060.0 1998.0 1079.0 1998.0 1079.0 2012.0 1060.0 2012.0 small-vehicle 0
651.0 1950.0 672.0 1950.0 672.0 1971.0 651.0 1971.0 small-vehicle 1
643.0 1959.0 663.0 1959.0 663.0 1977.0 643.0 1977.0 small-vehicle 1
638.0 1965.0 657.0 1965.0 657.0 1983.0 638.0 1983.0 small-vehicle 1
630.0 1971.0 650.0 1971.0 650.0 1989.0 630.0 1989.0 small-vehicle 1
624.0 1978.0 644.0 1978.0 644.0 1998.0 624.0 1998.0 small-vehicle 1
609.0 1991.0 628.0 1991.0 628.0 2013.0 609.0 2013.0 small-vehicle 1
682.0 1984.0 703.0 1984.0 703.0 2005.0 682.0 2005.0 small-vehicle 1
660.0 2014.0 678.0 2014.0 678.0 2034.0 660.0 2034.0 small-vehicle 1
1123.0 1953.0 1144.0 1953.0 1144.0 1968.0 1123.0 1968.0 small-vehicle 1
1149.0 1957.0 1167.0 1957.0 1167.0 1971.0 1149.0 1971.0 small-vehicle 1
1153.0 1977.0 1174.0 1977.0 1174.0 1991.0 1153.0 1991.0 small-vehicle 1
1080.0 1993.0 1106.0 1993.0 1106.0 2009.0 1080.0 2009.0 small-vehicle 1
1075.0 1967.0 1099.0 1967.0 1099.0 1982.0 1075.0 1982.0 small-vehicle 0
1054.0 1973.0 1076.0 1973.0 1076.0 1988.0 1054.0 1988.0 small-vehicle 0
1147.0 1945.0 1171.0 1945.0 1171.0 1960.0 1147.0 1960.0 small-vehicle 0
1287.0 1955.0 1306.0 1955.0 1306.0 1966.0 1287.0 1966.0 small-vehicle 1
1254.0 1914.0 1274.0 1914.0 1274.0 1930.0 1254.0 1930.0 small-vehicle 1
1333.0 1924.0 1351.0 1924.0 1351.0 1939.0 1333.0 1939.0 small-vehicle 1
1327.0 1905.0 1346.0 1905.0 1346.0 1918.0 1327.0 1918.0 small-vehicle 1
1324.0 1894.0 1343.0 1894.0 1343.0 1907.0 1324.0 1907.0 small-vehicle 1
1416.0 1867.0 1439.0 1867.0 1439.0 1885.0 1416.0 1885.0 small-vehicle 1
1391.0 1872.0 1411.0 1872.0 1411.0 1889.0 1391.0 1889.0 small-vehicle 1
1397.0 1886.0 1417.0 1886.0 1417.0 1902.0 1397.0 1902.0 small-vehicle 1
1402.0 1898.0 1419.0 1898.0 1419.0 1912.0 1402.0 1912.0 small-vehicle 1
1426.0 1921.0 1445.0 1921.0 1445.0 1933.0 1426.0 1933.0 small-vehicle 1
1415.0 2002.0 1430.0 2002.0 1430.0 2021.0 1415.0 2021.0 small-vehicle 1
1382.0 2002.0 1394.0 2002.0 1394.0 2024.0 1382.0 2024.0 small-vehicle 1
1078.0 1976.0 1101.0 1976.0 1101.0 1991.0 1078.0 1991.0 small-vehicle 1
1093.0 2024.0 1114.0 2024.0 1114.0 2038.0 1093.0 2038.0 small-vehicle 1
1007.0 1855.0 1028.0 1855.0 1028.0 1867.0 1007.0 1867.0 small-vehicle 0
1013.0 1828.0 1037.0 1828.0 1037.0 1845.0 1013.0 1845.0 small-vehicle 0
591.0 2082.0 613.0 2082.0 613.0 2103.0 591.0 2103.0 small-vehicle 1
199.0 2031.0 226.0 2031.0 226.0 2059.0 199.0 2059.0 ship 1
253.0 1082.0 265.0 1082.0 265.0 1104.0 253.0 1104.0 small-vehicle 1
252.0 1060.0 261.0 1060.0 261.0 1077.0 252.0 1077.0 small-vehicle 1
221.0 1063.0 233.0 1063.0 233.0 1081.0 221.0 1081.0 small-vehicle 1
217.0 1040.0 229.0 1040.0 229.0 1061.0 217.0 1061.0 small-vehicle 1
211.0 995.0 223.0 995.0 223.0 1016.0 211.0 1016.0 small-vehicle 1
191.0 866.0 203.0 866.0 203.0 887.0 191.0 887.0 small-vehicle 1
204.0 766.0 218.0 766.0 218.0 789.0 204.0 789.0 small-vehicle 1
179.0 816.0 190.0 816.0 190.0 837.0 179.0 837.0 small-vehicle 1
278.0 2087.0 295.0 2087.0 295.0 2103.0 278.0 2103.0 ship 1
1128.0 986.0 1151.0 986.0 1151.0 1005.0 1128.0 1005.0 small-vehicle 1
384.0 2063.0 400.0 2063.0 400.0 2080.0 384.0 2080.0 ship 1
1059.0 294.0 1081.0 294.0 1081.0 313.0 1059.0 313.0 small-vehicle 1
639.0 1130.0 659.0 1130.0 659.0 1148.0 639.0 1148.0 small-vehicle 0
657.0 1086.0 681.0 1086.0 681.0 1105.0 657.0 1105.0 small-vehicle 0
678.0 1046.0 702.0 1046.0 702.0 1064.0 678.0 1064.0 small-vehicle 0
804.0 834.0 818.0 834.0 818.0 855.0 804.0 855.0 small-vehicle 0
814.0 785.0 828.0 785.0 828.0 806.0 814.0 806.0 small-vehicle 0
1482.0 973.0 1498.0 973.0 1498.0 995.0 1482.0 995.0 small-vehicle 1
259.0 1111.0 269.0 1111.0 269.0 1131.0 259.0 1131.0 small-vehicle 1
265.0 1149.0 276.0 1149.0 276.0 1169.0 265.0 1169.0 small-vehicle 1
268.0 1171.0 281.0 1171.0 281.0 1192.0 268.0 1192.0 small-vehicle 1
270.0 1196.0 282.0 1196.0 282.0 1217.0 270.0 1217.0 small-vehicle 1
1077.0 422.0 1097.0 422.0 1097.0 449.0 1077.0 449.0 ship 0
906.0 258.0 923.0 258.0 923.0 278.0 906.0 278.0 small-vehicle 1
899.0 266.0 917.0 266.0 917.0 287.0 899.0 287.0 small-vehicle 1
889.0 266.0 904.0 266.0 904.0 288.0 889.0 288.0 small-vehicle 1
48.0 567.0 59.0 567.0 59.0 585.0 48.0 585.0 small-vehicle 1
187.0 656.0 198.0 656.0 198.0 676.0 187.0 676.0 small-vehicle 1
181.0 619.0 192.0 619.0 192.0 640.0 181.0 640.0 small-vehicle 1
652.0 1095.0 678.0 1095.0 678.0 1113.0 652.0 1113.0 small-vehicle 1
649.0 1104.0 672.0 1104.0 672.0 1122.0 649.0 1122.0 small-vehicle 1
356.0 1027.0 382.0 1027.0 382.0 1038.0 356.0 1038.0 small-vehicle 1
367.0 1052.0 387.0 1052.0 387.0 1064.0 367.0 1064.0 small-vehicle 1
333.0 1475.0 354.0 1475.0 354.0 1497.0 333.0 1497.0 small-vehicle 1
134.0 1814.0 185.0 1814.0 185.0 1853.0 134.0 1853.0 ship 0
61.0 1421.0 72.0 1421.0 72.0 1441.0 61.0 1441.0 small-vehicle 1
216.0 1432.0 237.0 1432.0 237.0 1450.0 216.0 1450.0 small-vehicle 1
235.0 1418.0 253.0 1418.0 253.0 1438.0 235.0 1438.0 small-vehicle 1
328.0 1225.0 348.0 1225.0 348.0 1240.0 328.0 1240.0 small-vehicle 1
1469.0 997.0 1481.0 997.0 1481.0 1023.0 1469.0 1023.0 small-vehicle 1
1123.0 998.0 1145.0 998.0 1145.0 1014.0 1123.0 1014.0 small-vehicle 1
989.0 1814.0 1009.0 1814.0 1009.0 1827.0 989.0 1827.0 small-vehicle 0
1483.0 1707.0 1504.0 1707.0 1504.0 1728.0 1483.0 1728.0 small-vehicle 0
1451.0 1233.0 1473.0 1233.0 1473.0 1251.0 1451.0 1251.0 small-vehicle 0
972.0 1358.0 990.0 1358.0 990.0 1382.0 972.0 1382.0 small-vehicle 0
969.0 1412.0 994.0 1412.0 994.0 1431.0 969.0 1431.0 small-vehicle 0
1333.0 1484.0 1358.0 1484.0 1358.0 1501.0 1333.0 1501.0 small-vehicle 0
1360.0 1487.0 1385.0 1487.0 1385.0 1503.0 1360.0 1503.0 small-vehicle 0
1326.0 1502.0 1349.0 1502.0 1349.0 1518.0 1326.0 1518.0 small-vehicle 0
1361.0 1657.0 1385.0 1657.0 1385.0 1674.0 1361.0 1674.0 small-vehicle 0
1413.0 1663.0 1431.0 1663.0 1431.0 1686.0 1413.0 1686.0 small-vehicle 0
1479.0 1726.0 1500.0 1726.0 1500.0 1750.0 1479.0 1750.0 small-vehicle 0
1157.0 1030.0 1182.0 1030.0 1182.0 1049.0 1157.0 1049.0 small-vehicle 1
1080.0 1556.0 1103.0 1556.0 1103.0 1573.0 1080.0 1573.0 small-vehicle 0
1071.0 1581.0 1095.0 1581.0 1095.0 1597.0 1071.0 1597.0 small-vehicle 0
1064.0 1601.0 1085.0 1601.0 1085.0 1616.0 1064.0 1616.0 small-vehicle 0
1057.0 1613.0 1079.0 1613.0 1079.0 1629.0 1057.0 1629.0 small-vehicle 0
1052.0 1626.0 1075.0 1626.0 1075.0 1642.0 1052.0 1642.0 small-vehicle 0
914.0 1584.0 935.0 1584.0 935.0 1595.0 914.0 1595.0 small-vehicle 0
869.0 1600.0 884.0 1600.0 884.0 1622.0 869.0 1622.0 small-vehicle 0
813.0 1726.0 833.0 1726.0 833.0 1752.0 813.0 1752.0 small-vehicle 0
1395.0 1200.0 1414.0 1200.0 1414.0 1218.0 1395.0 1218.0 small-vehicle 0
1015.0 1328.0 1033.0 1328.0 1033.0 1341.0 1015.0 1341.0 small-vehicle 0
1056.0 1190.0 1070.0 1190.0 1070.0 1212.0 1056.0 1212.0 small-vehicle 0
1150.0 1704.0 1175.0 1704.0 1175.0 1721.0 1150.0 1721.0 large-vehicle 1
1106.0 1032.0 1129.0 1032.0 1129.0 1050.0 1106.0 1050.0 small-vehicle 1
1306.0 1392.0 1346.0 1392.0 1346.0 1417.0 1306.0 1417.0 large-vehicle 1
1450.0 1654.0 1471.0 1654.0 1471.0 1676.0 1450.0 1676.0 large-vehicle 1
1428.0 1653.0 1454.0 1653.0 1454.0 1676.0 1428.0 1676.0 large-vehicle 1
1320.0 1515.0 1350.0 1515.0 1350.0 1534.0 1320.0 1534.0 large-vehicle 1
1318.0 1528.0 1351.0 1528.0 1351.0 1551.0 1318.0 1551.0 large-vehicle 1
1318.0 1573.0 1348.0 1573.0 1348.0 1593.0 1318.0 1593.0 large-vehicle 1
1314.0 1560.0 1345.0 1560.0 1345.0 1582.0 1314.0 1582.0 large-vehicle 1
1306.0 1549.0 1336.0 1549.0 1336.0 1570.0 1306.0 1570.0 large-vehicle 1
1246.0 1524.0 1279.0 1524.0 1279.0 1546.0 1246.0 1546.0 large-vehicle 1
1255.0 1544.0 1288.0 1544.0 1288.0 1565.0 1255.0 1565.0 large-vehicle 1
1214.0 1576.0 1251.0 1576.0 1251.0 1599.0 1214.0 1599.0 large-vehicle 1
1216.0 1608.0 1244.0 1608.0 1244.0 1627.0 1216.0 1627.0 large-vehicle 1
1230.0 1627.0 1259.0 1627.0 1259.0 1647.0 1230.0 1647.0 large-vehicle 1
1260.0 1673.0 1288.0 1673.0 1288.0 1689.0 1260.0 1689.0 large-vehicle 1
1222.0 1678.0 1251.0 1678.0 1251.0 1694.0 1222.0 1694.0 large-vehicle 1
1229.0 1692.0 1262.0 1692.0 1262.0 1707.0 1229.0 1707.0 large-vehicle 1
561.0 2046.0 581.0 2046.0 581.0 2064.0 561.0 2064.0 small-vehicle 1
553.0 2052.0 573.0 2052.0 573.0 2071.0 553.0 2071.0 small-vehicle 1
430.0 1815.0 461.0 1815.0 461.0 1849.0 430.0 1849.0 ship 0
237.0 1734.0 263.0 1734.0 263.0 1759.0 237.0 1759.0 ship 0
318.0 1650.0 344.0 1650.0 344.0 1676.0 318.0 1676.0 ship 0
309.0 1661.0 334.0 1661.0 334.0 1687.0 309.0 1687.0 ship 0
296.0 1670.0 324.0 1670.0 324.0 1699.0 296.0 1699.0 ship 0
288.0 1682.0 314.0 1682.0 314.0 1709.0 288.0 1709.0 ship 0
276.0 1690.0 305.0 1690.0 305.0 1720.0 276.0 1720.0 ship 0
268.0 1704.0 294.0 1704.0 294.0 1730.0 268.0 1730.0 ship 0
258.0 1714.0 283.0 1714.0 283.0 1739.0 258.0 1739.0 ship 0
247.0 1722.0 274.0 1722.0 274.0 1752.0 247.0 1752.0 ship 0
226.0 1743.0 259.0 1743.0 259.0 1775.0 226.0 1775.0 ship 0
210.0 2038.0 244.0 2038.0 244.0 2074.0 210.0 2074.0 ship 0
217.0 1753.0 245.0 1753.0 245.0 1781.0 217.0 1781.0 ship 0
150.0 1974.0 186.0 1974.0 186.0 2011.0 150.0 2011.0 ship 0
161.0 1990.0 198.0 1990.0 198.0 2027.0 161.0 2027.0 ship 0
193.0 1958.0 227.0 1958.0 227.0 1993.0 193.0 1993.0 ship 0
204.0 1968.0 240.0 1968.0 240.0 2004.0 204.0 2004.0 ship 0
175.0 2001.0 209.0 2001.0 209.0 2035.0 175.0 2035.0 ship 0
185.0 2012.0 222.0 2012.0 222.0 2050.0 185.0 2050.0 ship 0
217.0 1986.0 248.0 1986.0 248.0 2018.0 217.0 2018.0 ship 0
330.0 1642.0 356.0 1642.0 356.0 1669.0 330.0 1669.0 ship 0
339.0 1631.0 366.0 1631.0 366.0 1658.0 339.0 1658.0 ship 0
359.0 1608.0 385.0 1608.0 385.0 1638.0 359.0 1638.0 ship 0
357.0 1575.0 380.0 1575.0 380.0 1600.0 357.0 1600.0 ship 0
541.0 1425.0 570.0 1425.0 570.0 1456.0 541.0 1456.0 ship 0
530.0 1435.0 555.0 1435.0 555.0 1461.0 530.0 1461.0 ship 0
510.0 1457.0 538.0 1457.0 538.0 1483.0 510.0 1483.0 ship 0
500.0 1469.0 526.0 1469.0 526.0 1493.0 500.0 1493.0 ship 0
490.0 1477.0 516.0 1477.0 516.0 1503.0 490.0 1503.0 ship 0
480.0 1487.0 507.0 1487.0 507.0 1515.0 480.0 1515.0 ship 0
472.0 1500.0 495.0 1500.0 495.0 1523.0 472.0 1523.0 ship 0
459.0 1505.0 488.0 1505.0 488.0 1535.0 459.0 1535.0 ship 0
452.0 1519.0 475.0 1519.0 475.0 1543.0 452.0 1543.0 ship 0
439.0 1527.0 464.0 1527.0 464.0 1553.0 439.0 1553.0 ship 0
428.0 1538.0 456.0 1538.0 456.0 1566.0 428.0 1566.0 ship 0
420.0 1549.0 445.0 1549.0 445.0 1575.0 420.0 1575.0 ship 0
407.0 1558.0 435.0 1558.0 435.0 1583.0 407.0 1583.0 ship 0
401.0 1570.0 425.0 1570.0 425.0 1596.0 401.0 1596.0 ship 0
389.0 1580.0 418.0 1580.0 418.0 1611.0 389.0 1611.0 ship 0
368.0 1598.0 394.0 1598.0 394.0 1628.0 368.0 1628.0 ship 0
384.0 1553.0 403.0 1553.0 403.0 1573.0 384.0 1573.0 ship 0
231.0 1992.0 264.0 1992.0 264.0 2025.0 231.0 2025.0 ship 0
240.0 2008.0 274.0 2008.0 274.0 2042.0 240.0 2042.0 ship 0
563.0 1407.0 587.0 1407.0 587.0 1431.0 563.0 1431.0 ship 0
310.0 1890.0 343.0 1890.0 343.0 1923.0 310.0 1923.0 ship 0
406.0 1984.0 439.0 1984.0 439.0 2017.0 406.0 2017.0 ship 0
394.0 1969.0 427.0 1969.0 427.0 2006.0 394.0 2006.0 ship 0
384.0 1961.0 413.0 1961.0 413.0 1993.0 384.0 1993.0 ship 0
371.0 1945.0 406.0 1945.0 406.0 1982.0 371.0 1982.0 ship 0
359.0 1937.0 389.0 1937.0 389.0 1968.0 359.0 1968.0 ship 0
346.0 1922.0 382.0 1922.0 382.0 1957.0 346.0 1957.0 ship 0
336.0 1916.0 364.0 1916.0 364.0 1945.0 336.0 1945.0 ship 0
326.0 1905.0 353.0 1905.0 353.0 1934.0 326.0 1934.0 ship 0
298.0 1877.0 331.0 1877.0 331.0 1911.0 298.0 1911.0 ship 0
223.0 2050.0 255.0 2050.0 255.0 2080.0 223.0 2080.0 ship 0
288.0 1865.0 320.0 1865.0 320.0 1899.0 288.0 1899.0 ship 0
257.0 1850.0 309.0 1850.0 309.0 1903.0 257.0 1903.0 ship 0
348.0 1786.0 376.0 1786.0 376.0 1815.0 348.0 1815.0 ship 0
352.0 1799.0 384.0 1799.0 384.0 1832.0 352.0 1832.0 ship 0
363.0 1810.0 397.0 1810.0 397.0 1844.0 363.0 1844.0 ship 0
374.0 1823.0 407.0 1823.0 407.0 1857.0 374.0 1857.0 ship 0
384.0 1833.0 419.0 1833.0 419.0 1869.0 384.0 1869.0 ship 0
399.0 1847.0 428.0 1847.0 428.0 1878.0 399.0 1878.0 ship 0
420.0 1997.0 448.0 1997.0 448.0 2028.0 420.0 2028.0 ship 0
443.0 2020.0 473.0 2020.0 473.0 2053.0 443.0 2053.0 ship 0
381.0 2028.0 413.0 2028.0 413.0 2060.0 381.0 2060.0 ship 0
377.0 2015.0 407.0 2015.0 407.0 2044.0 377.0 2044.0 ship 0
234.0 2061.0 265.0 2061.0 265.0 2095.0 234.0 2095.0 ship 0
255.0 2021.0 284.0 2021.0 284.0 2050.0 255.0 2050.0 ship 0
264.0 2029.0 300.0 2029.0 300.0 2065.0 264.0 2065.0 ship 0
243.0 2072.0 279.0 2072.0 279.0 2109.0 243.0 2109.0 ship 0
290.0 2053.0 326.0 2053.0 326.0 2089.0 290.0 2089.0 ship 0
348.0 2083.0 368.0 2083.0 368.0 2096.0 348.0 2096.0 ship 0
310.0 2089.0 336.0 2089.0 336.0 2104.0 310.0 2104.0 ship 0
257.0 1895.0 291.0 1895.0 291.0 1931.0 257.0 1931.0 ship 0
268.0 1908.0 302.0 1908.0 302.0 1944.0 268.0 1944.0 ship 0
281.0 1920.0 313.0 1920.0 313.0 1952.0 281.0 1952.0 ship 0
289.0 1929.0 328.0 1929.0 328.0 1969.0 289.0 1969.0 ship 0
304.0 1945.0 335.0 1945.0 335.0 1978.0 304.0 1978.0 ship 0
315.0 1955.0 348.0 1955.0 348.0 1990.0 315.0 1990.0 ship 0
327.0 1968.0 358.0 1968.0 358.0 2001.0 327.0 2001.0 ship 0
340.0 1979.0 372.0 1979.0 372.0 2012.0 340.0 2012.0 ship 0
351.0 1994.0 379.0 1994.0 379.0 2024.0 351.0 2024.0 ship 0
360.0 2002.0 397.0 2002.0 397.0 2039.0 360.0 2039.0 ship 0
553.0 1416.0 576.0 1416.0 576.0 1440.0 553.0 1440.0 ship 0
571.0 1396.0 600.0 1396.0 600.0 1425.0 571.0 1425.0 ship 0
348.0 2162.0 373.0 2162.0 373.0 2174.0 348.0 2174.0 small-vehicle 1
808.0 359.0 829.0 359.0 829.0 376.0 808.0 376.0 small-vehicle 0
1465.0 20.0 1491.0 20.0 1491.0 41.0 1465.0 41.0 ship 0
1455.0 13.0 1483.0 13.0 1483.0 37.0 1455.0 37.0 ship 0
1450.0 39.0 1467.0 39.0 1467.0 61.0 1450.0 61.0 small-vehicle 0
1424.0 28.0 1441.0 28.0 1441.0 48.0 1424.0 48.0 small-vehicle 0
1416.0 21.0 1431.0 21.0 1431.0 40.0 1416.0 40.0 small-vehicle 0
1399.0 12.0 1414.0 12.0 1414.0 33.0 1399.0 33.0 small-vehicle 0
1351.0 41.0 1366.0 41.0 1366.0 62.0 1351.0 62.0 small-vehicle 0
1329.0 20.0 1352.0 20.0 1352.0 35.0 1329.0 35.0 small-vehicle 0
818.0 336.0 843.0 336.0 843.0 356.0 818.0 356.0 small-vehicle 0
354.0 83.0 366.0 83.0 366.0 102.0 354.0 102.0 small-vehicle 0
768.0 255.0 791.0 255.0 791.0 274.0 768.0 274.0 small-vehicle 0
774.0 244.0 798.0 244.0 798.0 265.0 774.0 265.0 small-vehicle 0
449.0 262.0 460.0 262.0 460.0 281.0 449.0 281.0 small-vehicle 0
405.0 274.0 415.0 274.0 415.0 292.0 405.0 292.0 small-vehicle 0
139.0 343.0 152.0 343.0 152.0 369.0 139.0 369.0 small-vehicle 0
150.0 311.0 173.0 311.0 173.0 323.0 150.0 323.0 small-vehicle 0
411.0 175.0 432.0 175.0 432.0 188.0 411.0 188.0 small-vehicle 0
409.0 194.0 426.0 194.0 426.0 213.0 409.0 213.0 small-vehicle 0
1474.0 24.0 1505.0 24.0 1505.0 48.0 1474.0 48.0 ship 0
1208.0 200.0 1223.0 200.0 1223.0 221.0 1208.0 221.0 ship 0
1197.0 220.0 1213.0 220.0 1213.0 241.0 1197.0 241.0 ship 0
1376.0 269.0 1413.0 269.0 1413.0 314.0 1376.0 314.0 ship 0
1406.0 2118.0 1452.0 2118.0 1452.0 2135.0 1406.0 2135.0 ship 0
1404.0 2131.0 1450.0 2131.0 1450.0 2149.0 1404.0 2149.0 ship 0
464.0 2032.0 486.0 2032.0 486.0 2051.0 464.0 2051.0 ship 0
395.0 1886.0 406.0 1886.0 406.0 1900.0 395.0 1900.0 ship 1
620.0 1874.0 638.0 1874.0 638.0 1891.0 620.0 1891.0 ship 0
230.0 1706.0 252.0 1706.0 252.0 1727.0 230.0 1727.0 ship 0
325.0 1613.0 345.0 1613.0 345.0 1634.0 325.0 1634.0 ship 0
639.0 1499.0 663.0 1499.0 663.0 1523.0 639.0 1523.0 ship 0
758.0 1668.0 779.0 1668.0 779.0 1689.0 758.0 1689.0 ship 0
780.0 1054.0 795.0 1054.0 795.0 1071.0 780.0 1071.0 ship 1
843.0 932.0 855.0 932.0 855.0 950.0 843.0 950.0 ship 1
866.0 879.0 883.0 879.0 883.0 898.0 866.0 898.0 ship 0
1087.0 813.0 1098.0 813.0 1098.0 825.0 1087.0 825.0 ship 1
910.0 659.0 932.0 659.0 932.0 686.0 910.0 686.0 ship 0
964.0 686.0 981.0 686.0 981.0 709.0 964.0 709.0 ship 0
926.0 668.0 944.0 668.0 944.0 689.0 926.0 689.0 ship 0
1142.0 329.0 1161.0 329.0 1161.0 351.0 1142.0 351.0 ship 0
387.0 86.0 400.0 86.0 400.0 106.0 387.0 106.0 small-vehicle 0
114.0 171.0 123.0 171.0 123.0 191.0 114.0 191.0 small-vehicle 0
590.0 1373.0 621.0 1373.0 621.0 1403.0 590.0 1403.0 ship 0
528.0 1914.0 553.0 1914.0 553.0 1940.0 528.0 1940.0 ship 0
436.0 1886.0 462.0 1886.0 462.0 1916.0 436.0 1916.0 ship 0
447.0 1894.0 478.0 1894.0 478.0 1926.0 447.0 1926.0 ship 0
458.0 1905.0 490.0 1905.0 490.0 1938.0 458.0 1938.0 ship 0
489.0 1874.0 521.0 1874.0 521.0 1909.0 489.0 1909.0 ship 0
502.0 1889.0 528.0 1889.0 528.0 1917.0 502.0 1917.0 ship 0
468.0 1919.0 501.0 1919.0 501.0 1954.0 468.0 1954.0 ship 0
482.0 1933.0 511.0 1933.0 511.0 1962.0 482.0 1962.0 ship 0
514.0 1900.0 543.0 1900.0 543.0 1931.0 514.0 1931.0 ship 0
490.0 1941.0 526.0 1941.0 526.0 1978.0 490.0 1978.0 ship 0
103.0 100.0 113.0 100.0 113.0 119.0 103.0 119.0 small-vehicle 0
504.0 1957.0 533.0 1957.0 533.0 1988.0 504.0 1988.0 ship 0
519.0 1969.0 545.0 1969.0 545.0 1994.0 519.0 1994.0 ship 0
565.0 1925.0 589.0 1925.0 589.0 1948.0 565.0 1948.0 ship 0
534.0 1925.0 564.0 1925.0 564.0 1953.0 534.0 1953.0 ship 0
644.0 1323.0 669.0 1323.0 669.0 1348.0 644.0 1348.0 ship 0
633.0 1334.0 661.0 1334.0 661.0 1361.0 633.0 1361.0 ship 0
623.0 1341.0 652.0 1341.0 652.0 1372.0 623.0 1372.0 ship 0
603.0 1365.0 629.0 1365.0 629.0 1391.0 603.0 1391.0 ship 0
469.0 1854.0 496.0 1854.0 496.0 1882.0 469.0 1882.0 ship 0
453.0 1837.0 488.0 1837.0 488.0 1874.0 453.0 1874.0 ship 0
422.0 1871.0 454.0 1871.0 454.0 1903.0 422.0 1903.0 ship 0
442.0 1827.0 471.0 1827.0 471.0 1861.0 442.0 1861.0 ship 0
318.0 406.0 329.0 406.0 329.0 423.0 318.0 423.0 small-vehicle 1
133.0 512.0 144.0 512.0 144.0 534.0 133.0 534.0 small-vehicle 1
162.0 491.0 173.0 491.0 173.0 510.0 162.0 510.0 small-vehicle 1
190.0 674.0 200.0 674.0 200.0 693.0 190.0 693.0 small-vehicle 1
160.0 679.0 171.0 679.0 171.0 698.0 160.0 698.0 small-vehicle 1
162.0 704.0 173.0 704.0 173.0 723.0 162.0 723.0 small-vehicle 1
196.0 714.0 208.0 714.0 208.0 733.0 196.0 733.0 small-vehicle 1
174.0 782.0 185.0 782.0 185.0 804.0 174.0 804.0 small-vehicle 1
208.0 788.0 220.0 788.0 220.0 809.0 208.0 809.0 small-vehicle 1
402.0 158.0 421.0 158.0 421.0 177.0 402.0 177.0 small-vehicle 1
394.0 137.0 410.0 137.0 410.0 160.0 394.0 160.0 small-vehicle 1
372.0 204.0 387.0 204.0 387.0 227.0 372.0 227.0 small-vehicle 1
399.0 202.0 414.0 202.0 414.0 224.0 399.0 224.0 small-vehicle 1
358.0 104.0 372.0 104.0 372.0 125.0 358.0 125.0 small-vehicle 1
290.0 27.0 310.0 27.0 310.0 37.0 290.0 37.0 small-vehicle 1
199.0 41.0 216.0 41.0 216.0 49.0 199.0 49.0 small-vehicle 1
29.0 42.0 49.0 42.0 49.0 58.0 29.0 58.0 small-vehicle 1
1180.0 161.0 1415.0 161.0 1415.0 528.0 1180.0 528.0 harbor 0
