imagesource:GoogleEarth
gsd:0.246409906103
2669.0 1253.0 2693.0 1253.0 2693.0 1266.0 2669.0 1266.0 small-vehicle 1
1680.0 488.0 1717.0 488.0 1717.0 511.0 1680.0 511.0 ship 0
1692.0 525.0 1725.0 525.0 1725.0 544.0 1692.0 544.0 ship 0
1696.0 541.0 1729.0 541.0 1729.0 561.0 1696.0 561.0 ship 0
1696.0 558.0 1735.0 558.0 1735.0 583.0 1696.0 583.0 ship 0
1728.0 571.0 1771.0 571.0 1771.0 598.0 1728.0 598.0 ship 0
1743.0 542.0 1783.0 542.0 1783.0 568.0 1743.0 568.0 ship 0
1739.0 520.0 1786.0 520.0 1786.0 548.0 1739.0 548.0 ship 0
1730.0 502.0 1773.0 502.0 1773.0 527.0 1730.0 527.0 ship 0
1731.0 489.0 1768.0 489.0 1768.0 506.0 1731.0 506.0 ship 0
1724.0 461.0 1768.0 461.0 1768.0 487.0 1724.0 487.0 ship 0
1575.0 566.0 1604.0 566.0 1604.0 605.0 1575.0 605.0 ship 0
1528.0 588.0 1591.0 588.0 1591.0 632.0 1528.0 632.0 ship 0
1500.0 603.0 1562.0 603.0 1562.0 649.0 1500.0 649.0 ship 0
1457.0 607.0 1503.0 607.0 1503.0 640.0 1457.0 640.0 ship 0
1436.0 620.0 1490.0 620.0 1490.0 663.0 1436.0 663.0 ship 0
1379.0 643.0 1442.0 643.0 1442.0 687.0 1379.0 687.0 ship 0
1684.0 506.0 1724.0 506.0 1724.0 529.0 1684.0 529.0 ship 0
1836.0 434.0 1873.0 434.0 1873.0 453.0 1836.0 453.0 ship 0
1295.0 659.0 1370.0 659.0 1370.0 710.0 1295.0 710.0 ship 0
1851.0 487.0 1894.0 487.0 1894.0 508.0 1851.0 508.0 ship 0
2397.0 433.0 2428.0 433.0 2428.0 446.0 2397.0 446.0 ship 0
2390.0 415.0 2422.0 415.0 2422.0 430.0 2390.0 430.0 ship 0
2384.0 352.0 2416.0 352.0 2416.0 366.0 2384.0 366.0 ship 0
2385.0 369.0 2416.0 369.0 2416.0 383.0 2385.0 383.0 ship 0
2284.0 364.0 2315.0 364.0 2315.0 379.0 2284.0 379.0 ship 0
2284.0 381.0 2323.0 381.0 2323.0 397.0 2284.0 397.0 ship 0
2289.0 396.0 2327.0 396.0 2327.0 412.0 2289.0 412.0 ship 0
2290.0 413.0 2327.0 413.0 2327.0 429.0 2290.0 429.0 ship 0
2296.0 443.0 2334.0 443.0 2334.0 460.0 2296.0 460.0 ship 0
2295.0 430.0 2320.0 430.0 2320.0 443.0 2295.0 443.0 ship 0
2245.0 435.0 2282.0 435.0 2282.0 450.0 2245.0 450.0 ship 0
2246.0 449.0 2287.0 449.0 2287.0 468.0 2246.0 468.0 ship 0
2086.0 466.0 2139.0 466.0 2139.0 490.0 2086.0 490.0 ship 0
2101.0 390.0 2131.0 390.0 2131.0 405.0 2101.0 405.0 ship 0
1853.0 503.0 1901.0 503.0 1901.0 528.0 1853.0 528.0 ship 0
1340.0 653.0 1405.0 653.0 1405.0 696.0 1340.0 696.0 ship 0
1270.0 676.0 1343.0 676.0 1343.0 729.0 1270.0 729.0 ship 0
2606.0 1262.0 2634.0 1262.0 2634.0 1276.0 2606.0 1276.0 small-vehicle 1
933.0 1130.0 949.0 1130.0 949.0 1169.0 933.0 1169.0 ship 0
980.0 1050.0 1004.0 1050.0 1004.0 1102.0 980.0 1102.0 ship 0
1001.0 1045.0 1029.0 1045.0 1029.0 1106.0 1001.0 1106.0 ship 0
1026.0 1049.0 1048.0 1049.0 1048.0 1097.0 1026.0 1097.0 ship 0
980.0 1127.0 995.0 1127.0 995.0 1171.0 980.0 1171.0 ship 0
1001.0 1118.0 1024.0 1118.0 1024.0 1169.0 1001.0 1169.0 ship 0
1025.0 1117.0 1045.0 1117.0 1045.0 1162.0 1025.0 1162.0 ship 0
1047.0 1111.0 1070.0 1111.0 1070.0 1160.0 1047.0 1160.0 ship 0
1048.0 1042.0 1073.0 1042.0 1073.0 1097.0 1048.0 1097.0 ship 0
1088.0 1032.0 1115.0 1032.0 1115.0 1093.0 1088.0 1093.0 ship 0
1097.0 1112.0 1115.0 1112.0 1115.0 1150.0 1097.0 1150.0 ship 0
1115.0 1106.0 1131.0 1106.0 1131.0 1146.0 1115.0 1146.0 ship 0
1110.0 1032.0 1136.0 1032.0 1136.0 1088.0 1110.0 1088.0 ship 0
1132.0 1026.0 1157.0 1026.0 1157.0 1089.0 1132.0 1089.0 ship 0
1160.0 1092.0 1182.0 1092.0 1182.0 1147.0 1160.0 1147.0 ship 0
1156.0 1025.0 1181.0 1025.0 1181.0 1077.0 1156.0 1077.0 ship 0
959.0 1055.0 985.0 1055.0 985.0 1107.0 959.0 1107.0 ship 0
918.0 1065.0 940.0 1065.0 940.0 1113.0 918.0 1113.0 ship 0
1250.0 697.0 1287.0 697.0 1287.0 725.0 1250.0 725.0 ship 0
895.0 1058.0 918.0 1058.0 918.0 1115.0 895.0 1115.0 ship 0
1193.0 699.0 1283.0 699.0 1283.0 765.0 1193.0 765.0 ship 0
1150.0 712.0 1243.0 712.0 1243.0 775.0 1150.0 775.0 ship 0
1133.0 741.0 1182.0 741.0 1182.0 775.0 1133.0 775.0 ship 0
1087.0 745.0 1160.0 745.0 1160.0 800.0 1087.0 800.0 ship 0
1035.0 754.0 1110.0 754.0 1110.0 811.0 1035.0 811.0 ship 0
1005.0 775.0 1106.0 775.0 1106.0 843.0 1005.0 843.0 ship 0
972.0 804.0 1030.0 804.0 1030.0 833.0 972.0 833.0 ship 0
925.0 803.0 1015.0 803.0 1015.0 865.0 925.0 865.0 ship 0
805.0 884.0 867.0 884.0 867.0 931.0 805.0 931.0 ship 0
886.0 852.0 942.0 852.0 942.0 892.0 886.0 892.0 ship 0
842.0 1142.0 860.0 1142.0 860.0 1187.0 842.0 1187.0 ship 0
887.0 1146.0 902.0 1146.0 902.0 1177.0 887.0 1177.0 ship 0
865.0 1136.0 886.0 1136.0 886.0 1184.0 865.0 1184.0 ship 0
852.0 1069.0 875.0 1069.0 875.0 1127.0 852.0 1127.0 ship 0
873.0 1063.0 898.0 1063.0 898.0 1121.0 873.0 1121.0 ship 0
2262.0 606.0 2313.0 606.0 2313.0 629.0 2262.0 629.0 ship 0
2267.0 629.0 2311.0 629.0 2311.0 650.0 2267.0 650.0 ship 0
2266.0 649.0 2316.0 649.0 2316.0 671.0 2266.0 671.0 ship 0
2431.0 731.0 2483.0 731.0 2483.0 758.0 2431.0 758.0 ship 0
2426.0 691.0 2471.0 691.0 2471.0 715.0 2426.0 715.0 ship 0
2435.0 608.0 2465.0 608.0 2465.0 622.0 2435.0 622.0 ship 0
2413.0 587.0 2460.0 587.0 2460.0 608.0 2413.0 608.0 ship 0
2472.0 575.0 2535.0 575.0 2535.0 605.0 2472.0 605.0 ship 0
1740.0 704.0 1783.0 704.0 1783.0 725.0 1740.0 725.0 ship 0
1745.0 731.0 1791.0 731.0 1791.0 752.0 1745.0 752.0 ship 0
1747.0 749.0 1791.0 749.0 1791.0 772.0 1747.0 772.0 ship 0
1755.0 772.0 1796.0 772.0 1796.0 793.0 1755.0 793.0 ship 0
1758.0 816.0 1802.0 816.0 1802.0 834.0 1758.0 834.0 ship 0
1770.0 876.0 1804.0 876.0 1804.0 894.0 1770.0 894.0 ship 0
1762.0 853.0 1808.0 853.0 1808.0 875.0 1762.0 875.0 ship 0
1816.0 823.0 1865.0 823.0 1865.0 846.0 1816.0 846.0 ship 0
1810.0 800.0 1862.0 800.0 1862.0 821.0 1810.0 821.0 ship 0
1812.0 776.0 1855.0 776.0 1855.0 795.0 1812.0 795.0 ship 0
1808.0 755.0 1852.0 755.0 1852.0 775.0 1808.0 775.0 ship 0
2435.0 715.0 2474.0 715.0 2474.0 733.0 2435.0 733.0 ship 0
2494.0 721.0 2553.0 721.0 2553.0 746.0 2494.0 746.0 ship 0
2197.0 615.0 2251.0 615.0 2251.0 639.0 2197.0 639.0 ship 0
2433.0 754.0 2486.0 754.0 2486.0 779.0 2433.0 779.0 ship 0
741.0 806.0 754.0 806.0 754.0 825.0 741.0 825.0 ship 0
734.0 808.0 746.0 808.0 746.0 827.0 734.0 827.0 ship 0
727.0 812.0 740.0 812.0 740.0 831.0 727.0 831.0 ship 0
852.0 846.0 880.0 846.0 880.0 867.0 852.0 867.0 ship 0
856.0 836.0 883.0 836.0 883.0 856.0 856.0 856.0 ship 0
565.0 813.0 600.0 813.0 600.0 840.0 565.0 840.0 ship 0
580.0 808.0 614.0 808.0 614.0 834.0 580.0 834.0 ship 0
595.0 803.0 629.0 803.0 629.0 830.0 595.0 830.0 ship 0
608.0 798.0 643.0 798.0 643.0 825.0 608.0 825.0 ship 0
668.0 783.0 698.0 783.0 698.0 806.0 668.0 806.0 ship 0
654.0 788.0 683.0 788.0 683.0 810.0 654.0 810.0 ship 0
639.0 792.0 670.0 792.0 670.0 814.0 639.0 814.0 ship 0
2645.0 555.0 2697.0 555.0 2697.0 579.0 2645.0 579.0 ship 0
2661.0 698.0 2721.0 698.0 2721.0 724.0 2661.0 724.0 ship 0
2663.0 720.0 2726.0 720.0 2726.0 747.0 2663.0 747.0 ship 0
1804.0 735.0 1851.0 735.0 1851.0 758.0 1804.0 758.0 ship 0
1804.0 719.0 1840.0 719.0 1840.0 734.0 1804.0 734.0 ship 0
1802.0 696.0 1843.0 696.0 1843.0 718.0 1802.0 718.0 ship 0
558.0 899.0 630.0 899.0 630.0 968.0 558.0 968.0 ship 0
2064.0 761.0 2110.0 761.0 2110.0 781.0 2064.0 781.0 ship 0
2064.0 740.0 2111.0 740.0 2111.0 762.0 2064.0 762.0 ship 0
2061.0 719.0 2110.0 719.0 2110.0 740.0 2061.0 740.0 ship 0
2060.0 683.0 2091.0 683.0 2091.0 699.0 2060.0 699.0 ship 0
2051.0 658.0 2099.0 658.0 2099.0 682.0 2051.0 682.0 ship 0
2208.0 698.0 2258.0 698.0 2258.0 720.0 2208.0 720.0 ship 0
2219.0 740.0 2265.0 740.0 2265.0 762.0 2219.0 762.0 ship 0
2214.0 761.0 2266.0 761.0 2266.0 786.0 2214.0 786.0 ship 0
2218.0 783.0 2270.0 783.0 2270.0 808.0 2218.0 808.0 ship 0
2282.0 774.0 2339.0 774.0 2339.0 799.0 2282.0 799.0 ship 0
2281.0 752.0 2334.0 752.0 2334.0 775.0 2281.0 775.0 ship 0
2286.0 734.0 2322.0 734.0 2322.0 751.0 2286.0 751.0 ship 0
2272.0 711.0 2328.0 711.0 2328.0 736.0 2272.0 736.0 ship 0
2274.0 690.0 2317.0 690.0 2317.0 711.0 2274.0 711.0 ship 0
2266.0 669.0 2323.0 669.0 2323.0 694.0 2266.0 694.0 ship 0
2067.0 782.0 2121.0 782.0 2121.0 806.0 2067.0 806.0 ship 0
2069.0 805.0 2116.0 805.0 2116.0 828.0 2069.0 828.0 ship 0
1616.0 760.0 1655.0 760.0 1655.0 780.0 1616.0 780.0 ship 0
1579.0 965.0 1628.0 965.0 1628.0 986.0 1579.0 986.0 ship 0
1551.0 768.0 1603.0 768.0 1603.0 791.0 1551.0 791.0 ship 0
1556.0 793.0 1601.0 793.0 1601.0 814.0 1556.0 814.0 ship 0
1564.0 816.0 1600.0 816.0 1600.0 832.0 1564.0 832.0 ship 0
1564.0 838.0 1608.0 838.0 1608.0 858.0 1564.0 858.0 ship 0
1570.0 861.0 1612.0 861.0 1612.0 879.0 1570.0 879.0 ship 0
1579.0 988.0 1630.0 988.0 1630.0 1009.0 1579.0 1009.0 ship 0
1578.0 946.0 1625.0 946.0 1625.0 966.0 1578.0 966.0 ship 0
1616.0 784.0 1661.0 784.0 1661.0 806.0 1616.0 806.0 ship 0
1572.0 924.0 1625.0 924.0 1625.0 946.0 1572.0 946.0 ship 0
1629.0 899.0 1673.0 899.0 1673.0 918.0 1629.0 918.0 ship 0
1625.0 878.0 1674.0 878.0 1674.0 897.0 1625.0 897.0 ship 0
1625.0 853.0 1666.0 853.0 1666.0 871.0 1625.0 871.0 ship 0
1625.0 832.0 1666.0 832.0 1666.0 851.0 1625.0 851.0 ship 0
1617.0 808.0 1659.0 808.0 1659.0 828.0 1617.0 828.0 ship 0
1196.0 999.0 1227.0 999.0 1227.0 1080.0 1196.0 1080.0 ship 0
1208.0 1093.0 1227.0 1093.0 1227.0 1140.0 1208.0 1140.0 ship 0
1236.0 1096.0 1250.0 1096.0 1250.0 1128.0 1236.0 1128.0 ship 0
737.0 1306.0 760.0 1306.0 760.0 1364.0 737.0 1364.0 ship 0
675.0 1316.0 696.0 1316.0 696.0 1364.0 675.0 1364.0 ship 0
654.0 1323.0 674.0 1323.0 674.0 1366.0 654.0 1366.0 ship 0
632.0 1317.0 655.0 1317.0 655.0 1377.0 632.0 1377.0 ship 0
612.0 1332.0 632.0 1332.0 632.0 1377.0 612.0 1377.0 ship 0
590.0 1332.0 608.0 1332.0 608.0 1380.0 590.0 1380.0 ship 0
568.0 1327.0 590.0 1327.0 590.0 1385.0 568.0 1385.0 ship 0
554.0 1359.0 567.0 1359.0 567.0 1389.0 554.0 1389.0 ship 0
537.0 1355.0 551.0 1355.0 551.0 1389.0 537.0 1389.0 ship 0
427.0 1382.0 454.0 1382.0 454.0 1396.0 427.0 1396.0 ship 0
418.0 1333.0 444.0 1333.0 444.0 1348.0 418.0 1348.0 ship 0
416.0 1304.0 470.0 1304.0 470.0 1330.0 416.0 1330.0 ship 0
415.0 1280.0 481.0 1280.0 481.0 1306.0 415.0 1306.0 ship 0
408.0 1250.0 485.0 1250.0 485.0 1278.0 408.0 1278.0 ship 0
408.0 1224.0 477.0 1224.0 477.0 1253.0 408.0 1253.0 ship 0
403.0 1197.0 470.0 1197.0 470.0 1225.0 403.0 1225.0 ship 0
718.0 1310.0 739.0 1310.0 739.0 1366.0 718.0 1366.0 ship 0
777.0 1300.0 801.0 1300.0 801.0 1356.0 777.0 1356.0 ship 0
1519.0 1213.0 1534.0 1213.0 1534.0 1252.0 1519.0 1252.0 ship 0
802.0 1307.0 822.0 1307.0 822.0 1355.0 802.0 1355.0 ship 0
1460.0 1217.0 1477.0 1217.0 1477.0 1257.0 1460.0 1257.0 ship 0
1300.0 1243.0 1318.0 1243.0 1318.0 1286.0 1300.0 1286.0 ship 0
1280.0 1233.0 1299.0 1233.0 1299.0 1282.0 1280.0 1282.0 ship 0
1259.0 1239.0 1280.0 1239.0 1280.0 1291.0 1259.0 1291.0 ship 0
1182.0 1254.0 1202.0 1254.0 1202.0 1299.0 1182.0 1299.0 ship 0
1064.0 1271.0 1084.0 1271.0 1084.0 1311.0 1064.0 1311.0 ship 0
1046.0 1275.0 1062.0 1275.0 1062.0 1316.0 1046.0 1316.0 ship 0
1026.0 1279.0 1044.0 1279.0 1044.0 1318.0 1026.0 1318.0 ship 0
984.0 1282.0 1007.0 1282.0 1007.0 1328.0 984.0 1328.0 ship 0
966.0 1288.0 984.0 1288.0 984.0 1324.0 966.0 1324.0 ship 0
906.0 1293.0 926.0 1293.0 926.0 1335.0 906.0 1335.0 ship 0
885.0 1290.0 905.0 1290.0 905.0 1338.0 885.0 1338.0 ship 0
865.0 1299.0 887.0 1299.0 887.0 1343.0 865.0 1343.0 ship 0
843.0 1296.0 865.0 1296.0 865.0 1347.0 843.0 1347.0 ship 0
821.0 1303.0 842.0 1303.0 842.0 1349.0 821.0 1349.0 ship 0
400.0 1170.0 473.0 1170.0 473.0 1200.0 400.0 1200.0 ship 0
397.0 1142.0 464.0 1142.0 464.0 1173.0 397.0 1173.0 ship 0
389.0 1121.0 448.0 1121.0 448.0 1147.0 389.0 1147.0 ship 0
391.0 1094.0 452.0 1094.0 452.0 1119.0 391.0 1119.0 ship 0
1673.0 450.0 1788.0 450.0 1788.0 589.0 1673.0 589.0 harbor 0
1833.0 419.0 1912.0 419.0 1912.0 536.0 1833.0 536.0 harbor 0
2058.0 380.0 2144.0 380.0 2144.0 500.0 2058.0 500.0 harbor 0
2232.0 352.0 2332.0 352.0 2332.0 475.0 2232.0 475.0 harbor 0
2380.0 331.0 2479.0 331.0 2479.0 455.0 2380.0 455.0 harbor 0
2636.0 541.0 2752.0 541.0 2752.0 729.0 2636.0 729.0 harbor 0
2406.0 567.0 2559.0 567.0 2559.0 776.0 2406.0 776.0 harbor 0
2191.0 598.0 2340.0 598.0 2340.0 808.0 2191.0 808.0 harbor 0
2032.0 627.0 2127.0 627.0 2127.0 831.0 2032.0 831.0 harbor 0
1741.0 690.0 1871.0 690.0 1871.0 915.0 1741.0 915.0 harbor 0
1550.0 753.0 1682.0 753.0 1682.0 955.0 1550.0 955.0 harbor 0
1375.0 803.0 1496.0 803.0 1496.0 1044.0 1375.0 1044.0 harbor 0
1401.0 979.0 1946.0 979.0 1946.0 1115.0 1401.0 1115.0 harbor 0
821.0 982.0 1402.0 982.0 1402.0 1192.0 821.0 1192.0 harbor 0
528.0 1146.0 1969.0 1146.0 1969.0 1404.0 528.0 1404.0 harbor 0
544.0 551.0 1639.0 551.0 1639.0 1004.0 544.0 1004.0 harbor 0
364.0 885.0 383.0 885.0 383.0 917.0 364.0 917.0 ship 0
378.0 880.0 395.0 880.0 395.0 911.0 378.0 911.0 ship 0
402.0 938.0 427.0 938.0 427.0 962.0 402.0 962.0 ship 0
384.0 1067.0 453.0 1067.0 453.0 1096.0 384.0 1096.0 ship 0
378.0 1021.0 436.0 1021.0 436.0 1047.0 378.0 1047.0 ship 0
377.0 1002.0 429.0 1002.0 429.0 1023.0 377.0 1023.0 ship 0
369.0 981.0 426.0 981.0 426.0 1005.0 369.0 1005.0 ship 0
372.0 961.0 408.0 961.0 408.0 978.0 372.0 978.0 ship 0
379.0 947.0 404.0 947.0 404.0 966.0 379.0 966.0 ship 0
464.0 884.0 492.0 884.0 492.0 910.0 464.0 910.0 ship 0
390.0 879.0 405.0 879.0 405.0 909.0 390.0 909.0 ship 0
357.0 870.0 386.0 870.0 386.0 890.0 357.0 890.0 ship 0
387.0 860.0 418.0 860.0 418.0 878.0 387.0 878.0 ship 0
437.0 863.0 454.0 863.0 454.0 894.0 437.0 894.0 ship 0
424.0 867.0 441.0 867.0 441.0 898.0 424.0 898.0 ship 0
413.0 870.0 429.0 870.0 429.0 901.0 413.0 901.0 ship 0
401.0 874.0 418.0 874.0 418.0 905.0 401.0 905.0 ship 0
1499.0 1213.0 1519.0 1213.0 1519.0 1257.0 1499.0 1257.0 ship 0
1539.0 1211.0 1555.0 1211.0 1555.0 1251.0 1539.0 1251.0 ship 0
1225.0 1005.0 1252.0 1005.0 1252.0 1070.0 1225.0 1070.0 ship 0
1436.0 846.0 1468.0 846.0 1468.0 859.0 1436.0 859.0 ship 0
1429.0 810.0 1468.0 810.0 1468.0 825.0 1429.0 825.0 ship 0
1431.0 827.0 1467.0 827.0 1467.0 844.0 1431.0 844.0 ship 0
1437.0 877.0 1476.0 877.0 1476.0 896.0 1437.0 896.0 ship 0
1442.0 894.0 1474.0 894.0 1474.0 910.0 1442.0 910.0 ship 0
1448.0 912.0 1474.0 912.0 1474.0 926.0 1448.0 926.0 ship 0
1446.0 929.0 1485.0 929.0 1485.0 944.0 1446.0 944.0 ship 0
1452.0 943.0 1483.0 943.0 1483.0 960.0 1452.0 960.0 ship 0
1450.0 963.0 1479.0 963.0 1479.0 977.0 1450.0 977.0 ship 0
1406.0 993.0 1440.0 993.0 1440.0 1010.0 1406.0 1010.0 ship 0
1452.0 995.0 1491.0 995.0 1491.0 1012.0 1452.0 1012.0 ship 0
1459.0 1013.0 1486.0 1013.0 1486.0 1027.0 1459.0 1027.0 ship 0
1409.0 1010.0 1442.0 1010.0 1442.0 1027.0 1409.0 1027.0 ship 0
1406.0 1033.0 1448.0 1033.0 1448.0 1053.0 1406.0 1053.0 ship 0
1413.0 1062.0 1435.0 1062.0 1435.0 1110.0 1413.0 1110.0 ship 0
1436.0 1062.0 1457.0 1062.0 1457.0 1108.0 1436.0 1108.0 ship 0
1436.0 864.0 1473.0 864.0 1473.0 878.0 1436.0 878.0 ship 0
1381.0 843.0 1425.0 843.0 1425.0 863.0 1381.0 863.0 ship 0
1555.0 1207.0 1576.0 1207.0 1576.0 1252.0 1555.0 1252.0 ship 0
1383.0 864.0 1423.0 864.0 1423.0 884.0 1383.0 884.0 ship 0
1274.0 998.0 1300.0 998.0 1300.0 1068.0 1274.0 1068.0 ship 0
1253.0 1089.0 1270.0 1089.0 1270.0 1127.0 1253.0 1127.0 ship 0
1279.0 1080.0 1298.0 1080.0 1298.0 1131.0 1279.0 1131.0 ship 0
1300.0 1080.0 1322.0 1080.0 1322.0 1127.0 1300.0 1127.0 ship 0
1322.0 1075.0 1344.0 1075.0 1344.0 1123.0 1322.0 1123.0 ship 0
1344.0 1080.0 1361.0 1080.0 1361.0 1113.0 1344.0 1113.0 ship 0
1368.0 1067.0 1391.0 1067.0 1391.0 1118.0 1368.0 1118.0 ship 0
1390.0 1064.0 1411.0 1064.0 1411.0 1108.0 1390.0 1108.0 ship 0
1298.0 993.0 1326.0 993.0 1326.0 1064.0 1298.0 1064.0 ship 0
1326.0 996.0 1349.0 996.0 1349.0 1056.0 1326.0 1056.0 ship 0
1396.0 967.0 1441.0 967.0 1441.0 991.0 1396.0 991.0 ship 0
1396.0 951.0 1438.0 951.0 1438.0 969.0 1396.0 969.0 ship 0
1394.0 927.0 1435.0 927.0 1435.0 947.0 1394.0 947.0 ship 0
1388.0 907.0 1430.0 907.0 1430.0 926.0 1388.0 926.0 ship 0
1389.0 884.0 1428.0 884.0 1428.0 903.0 1389.0 903.0 ship 0
1466.0 1027.0 1508.0 1027.0 1508.0 1045.0 1466.0 1045.0 ship 0
1460.0 1055.0 1481.0 1055.0 1481.0 1104.0 1460.0 1104.0 ship 0
1505.0 1046.0 1526.0 1046.0 1526.0 1097.0 1505.0 1097.0 ship 0
1528.0 1048.0 1551.0 1048.0 1551.0 1097.0 1528.0 1097.0 ship 0
1871.0 1173.0 1885.0 1173.0 1885.0 1205.0 1871.0 1205.0 ship 0
1846.0 1172.0 1867.0 1172.0 1867.0 1212.0 1846.0 1212.0 ship 0
1827.0 1171.0 1848.0 1171.0 1848.0 1212.0 1827.0 1212.0 ship 0
1790.0 1177.0 1808.0 1177.0 1808.0 1216.0 1790.0 1216.0 ship 0
1770.0 1181.0 1785.0 1181.0 1785.0 1220.0 1770.0 1220.0 ship 0
1737.0 1190.0 1755.0 1190.0 1755.0 1226.0 1737.0 1226.0 ship 0
1722.0 1194.0 1738.0 1194.0 1738.0 1228.0 1722.0 1228.0 ship 0
1701.0 1191.0 1720.0 1191.0 1720.0 1231.0 1701.0 1231.0 ship 0
1682.0 1191.0 1701.0 1191.0 1701.0 1229.0 1682.0 1229.0 ship 0
1665.0 1199.0 1681.0 1199.0 1681.0 1235.0 1665.0 1235.0 ship 0
1645.0 1195.0 1667.0 1195.0 1667.0 1239.0 1645.0 1239.0 ship 0
1629.0 1205.0 1644.0 1205.0 1644.0 1237.0 1629.0 1237.0 ship 0
1609.0 1204.0 1629.0 1204.0 1629.0 1243.0 1609.0 1243.0 ship 0
1592.0 1203.0 1611.0 1203.0 1611.0 1245.0 1592.0 1245.0 ship 0
1574.0 1208.0 1592.0 1208.0 1592.0 1249.0 1574.0 1249.0 ship 0
1904.0 1163.0 1923.0 1163.0 1923.0 1204.0 1904.0 1204.0 ship 0
1922.0 1164.0 1940.0 1164.0 1940.0 1200.0 1922.0 1200.0 ship 0
1942.0 1168.0 1957.0 1168.0 1957.0 1195.0 1942.0 1195.0 ship 0
1689.0 1023.0 1709.0 1023.0 1709.0 1072.0 1689.0 1072.0 ship 0
1552.0 1043.0 1573.0 1043.0 1573.0 1089.0 1552.0 1089.0 ship 0
1572.0 1041.0 1592.0 1041.0 1592.0 1086.0 1572.0 1086.0 ship 0
1595.0 1038.0 1618.0 1038.0 1618.0 1086.0 1595.0 1086.0 ship 0
1620.0 1035.0 1640.0 1035.0 1640.0 1090.0 1620.0 1090.0 ship 0
1643.0 1029.0 1663.0 1029.0 1663.0 1077.0 1643.0 1077.0 ship 0
1665.0 1029.0 1684.0 1029.0 1684.0 1076.0 1665.0 1076.0 ship 0
1710.0 1019.0 1729.0 1019.0 1729.0 1067.0 1710.0 1067.0 ship 0
1916.0 992.0 1937.0 992.0 1937.0 1042.0 1916.0 1042.0 ship 0
1733.0 1016.0 1755.0 1016.0 1755.0 1066.0 1733.0 1066.0 ship 0
1757.0 1017.0 1778.0 1017.0 1778.0 1068.0 1757.0 1068.0 ship 0
1784.0 1015.0 1799.0 1015.0 1799.0 1059.0 1784.0 1059.0 ship 0
1824.0 1006.0 1846.0 1006.0 1846.0 1055.0 1824.0 1055.0 ship 0
1847.0 1005.0 1861.0 1005.0 1861.0 1044.0 1847.0 1044.0 ship 0
1874.0 1006.0 1892.0 1006.0 1892.0 1046.0 1874.0 1046.0 ship 0
750.0 810.0 763.0 810.0 763.0 829.0 750.0 829.0 ship 0
758.0 808.0 770.0 808.0 770.0 828.0 758.0 828.0 ship 0
764.0 804.0 777.0 804.0 777.0 823.0 764.0 823.0 ship 0
2450.0 864.0 2461.0 864.0 2461.0 886.0 2450.0 886.0 small-vehicle 1
2471.0 863.0 2480.0 863.0 2480.0 884.0 2471.0 884.0 small-vehicle 1
2492.0 860.0 2504.0 860.0 2504.0 881.0 2492.0 881.0 small-vehicle 1
2481.0 862.0 2492.0 862.0 2492.0 882.0 2481.0 882.0 small-vehicle 1
2511.0 917.0 2519.0 917.0 2519.0 939.0 2511.0 939.0 small-vehicle 1
2501.0 918.0 2510.0 918.0 2510.0 941.0 2501.0 941.0 small-vehicle 1
2357.0 877.0 2369.0 877.0 2369.0 898.0 2357.0 898.0 small-vehicle 1
2459.0 922.0 2469.0 922.0 2469.0 944.0 2459.0 944.0 small-vehicle 1
2438.0 926.0 2449.0 926.0 2449.0 950.0 2438.0 950.0 small-vehicle 1
2386.0 933.0 2398.0 933.0 2398.0 958.0 2386.0 958.0 small-vehicle 1
2365.0 937.0 2375.0 937.0 2375.0 959.0 2365.0 959.0 small-vehicle 1
2354.0 938.0 2365.0 938.0 2365.0 961.0 2354.0 961.0 small-vehicle 1
2335.0 942.0 2346.0 942.0 2346.0 965.0 2335.0 965.0 small-vehicle 1
2259.0 950.0 2271.0 950.0 2271.0 972.0 2259.0 972.0 small-vehicle 1
2239.0 955.0 2250.0 955.0 2250.0 977.0 2239.0 977.0 small-vehicle 1
2207.0 957.0 2220.0 957.0 2220.0 978.0 2207.0 978.0 small-vehicle 1
2460.0 862.0 2470.0 862.0 2470.0 884.0 2460.0 884.0 small-vehicle 1
2564.0 910.0 2575.0 910.0 2575.0 930.0 2564.0 930.0 small-vehicle 1
2771.0 823.0 2784.0 823.0 2784.0 845.0 2771.0 845.0 small-vehicle 1
2573.0 907.0 2584.0 907.0 2584.0 929.0 2573.0 929.0 small-vehicle 1
2732.0 828.0 2744.0 828.0 2744.0 850.0 2732.0 850.0 small-vehicle 1
2720.0 829.0 2730.0 829.0 2730.0 854.0 2720.0 854.0 small-vehicle 1
2698.0 833.0 2712.0 833.0 2712.0 857.0 2698.0 857.0 small-vehicle 1
2648.0 838.0 2659.0 838.0 2659.0 864.0 2648.0 864.0 small-vehicle 1
2637.0 842.0 2647.0 842.0 2647.0 865.0 2637.0 865.0 small-vehicle 1
2617.0 844.0 2628.0 844.0 2628.0 866.0 2617.0 866.0 small-vehicle 1
2563.0 849.0 2577.0 849.0 2577.0 873.0 2563.0 873.0 small-vehicle 1
2552.0 853.0 2567.0 853.0 2567.0 876.0 2552.0 876.0 small-vehicle 1
2645.0 898.0 2656.0 898.0 2656.0 922.0 2645.0 922.0 small-vehicle 1
2635.0 900.0 2646.0 900.0 2646.0 923.0 2635.0 923.0 small-vehicle 1
2623.0 901.0 2633.0 901.0 2633.0 924.0 2623.0 924.0 small-vehicle 1
2614.0 902.0 2624.0 902.0 2624.0 926.0 2614.0 926.0 small-vehicle 1
2604.0 904.0 2616.0 904.0 2616.0 926.0 2604.0 926.0 small-vehicle 1
2592.0 906.0 2605.0 906.0 2605.0 929.0 2592.0 929.0 small-vehicle 1
2584.0 904.0 2593.0 904.0 2593.0 928.0 2584.0 928.0 small-vehicle 1
2187.0 963.0 2198.0 963.0 2198.0 983.0 2187.0 983.0 small-vehicle 1
2157.0 964.0 2167.0 964.0 2167.0 985.0 2157.0 985.0 small-vehicle 1
2147.0 965.0 2158.0 965.0 2158.0 986.0 2147.0 986.0 small-vehicle 1
2209.0 927.0 2228.0 927.0 2228.0 937.0 2209.0 937.0 small-vehicle 1
1991.0 983.0 2016.0 983.0 2016.0 994.0 1991.0 994.0 small-vehicle 0
1994.0 995.0 2015.0 995.0 2015.0 1004.0 1994.0 1004.0 small-vehicle 0
1999.0 1055.0 2024.0 1055.0 2024.0 1067.0 1999.0 1067.0 small-vehicle 0
2033.0 1036.0 2044.0 1036.0 2044.0 1060.0 2033.0 1060.0 small-vehicle 0
2751.0 1242.0 2777.0 1242.0 2777.0 1256.0 2751.0 1256.0 small-vehicle 0
2722.0 1246.0 2747.0 1246.0 2747.0 1258.0 2722.0 1258.0 small-vehicle 0
2687.0 1234.0 2709.0 1234.0 2709.0 1246.0 2687.0 1246.0 small-vehicle 0
2490.0 1260.0 2511.0 1260.0 2511.0 1272.0 2490.0 1272.0 small-vehicle 0
2827.0 1334.0 2844.0 1334.0 2844.0 1352.0 2827.0 1352.0 small-vehicle 1
2812.0 1354.0 2830.0 1354.0 2830.0 1375.0 2812.0 1375.0 small-vehicle 1
2776.0 1357.0 2797.0 1357.0 2797.0 1383.0 2776.0 1383.0 small-vehicle 1
2799.0 1324.0 2819.0 1324.0 2819.0 1347.0 2799.0 1347.0 small-vehicle 1
2859.0 1288.0 2881.0 1288.0 2881.0 1310.0 2859.0 1310.0 small-vehicle 1
2814.0 1304.0 2833.0 1304.0 2833.0 1328.0 2814.0 1328.0 small-vehicle 1
2766.0 1223.0 2786.0 1223.0 2786.0 1235.0 2766.0 1235.0 small-vehicle 1
2062.0 1092.0 2086.0 1092.0 2086.0 1103.0 2062.0 1103.0 small-vehicle 0
2063.0 1081.0 2085.0 1081.0 2085.0 1091.0 2063.0 1091.0 small-vehicle 0
2060.0 1058.0 2080.0 1058.0 2080.0 1070.0 2060.0 1070.0 small-vehicle 0
1996.0 1032.0 2019.0 1032.0 2019.0 1044.0 1996.0 1044.0 small-vehicle 1
2173.0 902.0 2186.0 902.0 2186.0 921.0 2173.0 921.0 small-vehicle 1
2163.0 904.0 2177.0 904.0 2177.0 925.0 2163.0 925.0 small-vehicle 1
1995.0 1006.0 2015.0 1006.0 2015.0 1016.0 1995.0 1016.0 small-vehicle 1
2067.0 1112.0 2089.0 1112.0 2089.0 1125.0 2067.0 1125.0 small-vehicle 1
2064.0 1101.0 2087.0 1101.0 2087.0 1114.0 2064.0 1114.0 small-vehicle 1
2061.0 1068.0 2081.0 1068.0 2081.0 1081.0 2061.0 1081.0 small-vehicle 1
1998.0 1043.0 2021.0 1043.0 2021.0 1055.0 1998.0 1055.0 small-vehicle 1
2068.0 1126.0 2089.0 1126.0 2089.0 1135.0 2068.0 1135.0 small-vehicle 0
2000.0 1067.0 2023.0 1067.0 2023.0 1078.0 2000.0 1078.0 small-vehicle 1
2005.0 1102.0 2027.0 1102.0 2027.0 1114.0 2005.0 1114.0 small-vehicle 1
2005.0 1113.0 2029.0 1113.0 2029.0 1128.0 2005.0 1128.0 small-vehicle 1
2007.0 1127.0 2028.0 1127.0 2028.0 1138.0 2007.0 1138.0 small-vehicle 1
2010.0 1142.0 2033.0 1142.0 2033.0 1155.0 2010.0 1155.0 small-vehicle 1
2014.0 1155.0 2035.0 1155.0 2035.0 1165.0 2014.0 1165.0 small-vehicle 0
2751.0 825.0 2764.0 825.0 2764.0 848.0 2751.0 848.0 small-vehicle 1
2801.0 816.0 2816.0 816.0 2816.0 839.0 2801.0 839.0 small-vehicle 1
2206.0 1258.0 2225.0 1258.0 2225.0 1269.0 2206.0 1269.0 small-vehicle 1
2439.0 867.0 2452.0 867.0 2452.0 891.0 2439.0 891.0 small-vehicle 0
2417.0 870.0 2431.0 870.0 2431.0 892.0 2417.0 892.0 small-vehicle 0
2408.0 870.0 2419.0 870.0 2419.0 889.0 2408.0 889.0 small-vehicle 0
2397.0 872.0 2410.0 872.0 2410.0 891.0 2397.0 891.0 small-vehicle 0
2389.0 873.0 2399.0 873.0 2399.0 891.0 2389.0 891.0 small-vehicle 0
2376.0 875.0 2389.0 875.0 2389.0 899.0 2376.0 899.0 small-vehicle 0
2368.0 877.0 2378.0 877.0 2378.0 897.0 2368.0 897.0 small-vehicle 0
2329.0 880.0 2344.0 880.0 2344.0 901.0 2329.0 901.0 small-vehicle 0
2313.0 884.0 2325.0 884.0 2325.0 906.0 2313.0 906.0 small-vehicle 0
2252.0 891.0 2263.0 891.0 2263.0 914.0 2252.0 914.0 small-vehicle 0
2230.0 897.0 2243.0 897.0 2243.0 918.0 2230.0 918.0 small-vehicle 0
2207.0 899.0 2220.0 899.0 2220.0 921.0 2207.0 921.0 small-vehicle 0
2197.0 899.0 2210.0 899.0 2210.0 922.0 2197.0 922.0 small-vehicle 0
2186.0 901.0 2198.0 901.0 2198.0 924.0 2186.0 924.0 small-vehicle 0
2821.0 877.0 2835.0 877.0 2835.0 898.0 2821.0 898.0 small-vehicle 0
2811.0 879.0 2825.0 879.0 2825.0 901.0 2811.0 901.0 small-vehicle 0
2429.0 869.0 2440.0 869.0 2440.0 891.0 2429.0 891.0 small-vehicle 0
2584.0 846.0 2596.0 846.0 2596.0 868.0 2584.0 868.0 small-vehicle 0
2822.0 812.0 2835.0 812.0 2835.0 836.0 2822.0 836.0 small-vehicle 1
2596.0 847.0 2606.0 847.0 2606.0 870.0 2596.0 870.0 small-vehicle 0
2566.0 1267.0 2593.0 1267.0 2593.0 1279.0 2566.0 1279.0 small-vehicle 1
1555.0 1426.0 1566.0 1426.0 1566.0 1448.0 1555.0 1448.0 small-vehicle 1
1571.0 1402.0 1593.0 1402.0 1593.0 1413.0 1571.0 1413.0 small-vehicle 1
1444.0 1431.0 1455.0 1431.0 1455.0 1453.0 1444.0 1453.0 small-vehicle 1
1495.0 1411.0 1514.0 1411.0 1514.0 1423.0 1495.0 1423.0 small-vehicle 1
2049.0 445.0 2066.0 445.0 2066.0 455.0 2049.0 455.0 ship 0
2048.0 438.0 2066.0 438.0 2066.0 446.0 2048.0 446.0 ship 0
2047.0 432.0 2063.0 432.0 2063.0 439.0 2047.0 439.0 ship 0
2046.0 424.0 2063.0 424.0 2063.0 432.0 2046.0 432.0 ship 0
2046.0 412.0 2064.0 412.0 2064.0 423.0 2046.0 423.0 ship 0
2763.0 826.0 2775.0 826.0 2775.0 848.0 2763.0 848.0 small-vehicle 0
2679.0 834.0 2692.0 834.0 2692.0 860.0 2679.0 860.0 small-vehicle 0
2667.0 835.0 2680.0 835.0 2680.0 859.0 2667.0 859.0 small-vehicle 0
2627.0 843.0 2638.0 843.0 2638.0 864.0 2627.0 864.0 small-vehicle 0
2606.0 847.0 2619.0 847.0 2619.0 867.0 2606.0 867.0 small-vehicle 0
2778.0 883.0 2791.0 883.0 2791.0 905.0 2778.0 905.0 small-vehicle 0
2726.0 893.0 2738.0 893.0 2738.0 911.0 2726.0 911.0 small-vehicle 0
2696.0 897.0 2709.0 897.0 2709.0 915.0 2696.0 915.0 small-vehicle 0
2666.0 897.0 2677.0 897.0 2677.0 920.0 2666.0 920.0 small-vehicle 0
2301.0 946.0 2313.0 946.0 2313.0 972.0 2301.0 972.0 small-vehicle 0
2290.0 950.0 2301.0 950.0 2301.0 973.0 2290.0 973.0 small-vehicle 0
2281.0 951.0 2291.0 951.0 2291.0 974.0 2281.0 974.0 small-vehicle 0
2271.0 951.0 2280.0 951.0 2280.0 975.0 2271.0 975.0 small-vehicle 0
2249.0 955.0 2263.0 955.0 2263.0 978.0 2249.0 978.0 small-vehicle 0
2229.0 960.0 2240.0 960.0 2240.0 982.0 2229.0 982.0 small-vehicle 0
2218.0 957.0 2229.0 957.0 2229.0 979.0 2218.0 979.0 small-vehicle 0
2196.0 960.0 2210.0 960.0 2210.0 981.0 2196.0 981.0 small-vehicle 0
2167.0 965.0 2177.0 965.0 2177.0 987.0 2167.0 987.0 small-vehicle 0
2135.0 968.0 2148.0 968.0 2148.0 992.0 2135.0 992.0 small-vehicle 0
2802.0 878.0 2811.0 878.0 2811.0 901.0 2802.0 901.0 small-vehicle 1
2792.0 878.0 2802.0 878.0 2802.0 901.0 2792.0 901.0 small-vehicle 1
2761.0 884.0 2771.0 884.0 2771.0 906.0 2761.0 906.0 small-vehicle 1
2750.0 885.0 2761.0 885.0 2761.0 908.0 2750.0 908.0 small-vehicle 1
2709.0 889.0 2718.0 889.0 2718.0 914.0 2709.0 914.0 small-vehicle 1
2312.0 946.0 2322.0 946.0 2322.0 968.0 2312.0 968.0 small-vehicle 0
2322.0 946.0 2335.0 946.0 2335.0 969.0 2322.0 969.0 small-vehicle 0
2343.0 943.0 2356.0 943.0 2356.0 966.0 2343.0 966.0 small-vehicle 0
2488.0 921.0 2501.0 921.0 2501.0 944.0 2488.0 944.0 small-vehicle 0
2657.0 898.0 2666.0 898.0 2666.0 921.0 2657.0 921.0 small-vehicle 0
2635.0 903.0 2646.0 903.0 2646.0 923.0 2635.0 923.0 small-vehicle 0
2552.0 917.0 2564.0 917.0 2564.0 937.0 2552.0 937.0 small-vehicle 0
2541.0 914.0 2551.0 914.0 2551.0 935.0 2541.0 935.0 small-vehicle 0
2530.0 920.0 2543.0 920.0 2543.0 940.0 2530.0 940.0 small-vehicle 0
2520.0 918.0 2532.0 918.0 2532.0 942.0 2520.0 942.0 small-vehicle 0
2478.0 923.0 2490.0 923.0 2490.0 945.0 2478.0 945.0 small-vehicle 0
2375.0 939.0 2386.0 939.0 2386.0 961.0 2375.0 961.0 small-vehicle 0
2468.0 921.0 2480.0 921.0 2480.0 946.0 2468.0 946.0 small-vehicle 0
2447.0 925.0 2460.0 925.0 2460.0 950.0 2447.0 950.0 small-vehicle 0
2427.0 930.0 2439.0 930.0 2439.0 954.0 2427.0 954.0 small-vehicle 0
2417.0 931.0 2427.0 931.0 2427.0 953.0 2417.0 953.0 small-vehicle 0
2407.0 931.0 2417.0 931.0 2417.0 954.0 2407.0 954.0 small-vehicle 0
2397.0 933.0 2407.0 933.0 2407.0 957.0 2397.0 957.0 small-vehicle 0
2584.0 1208.0 2606.0 1208.0 2606.0 1222.0 2584.0 1222.0 small-vehicle 1
2341.0 1299.0 2362.0 1299.0 2362.0 1310.0 2341.0 1310.0 small-vehicle 1
772.0 803.0 785.0 803.0 785.0 822.0 772.0 822.0 ship 0
234.0 784.0 256.0 784.0 256.0 804.0 234.0 804.0 small-vehicle 1
222.0 815.0 242.0 815.0 242.0 835.0 222.0 835.0 small-vehicle 1
219.0 804.0 239.0 804.0 239.0 823.0 219.0 823.0 small-vehicle 1
220.0 790.0 239.0 790.0 239.0 811.0 220.0 811.0 small-vehicle 1
216.0 776.0 237.0 776.0 237.0 799.0 216.0 799.0 small-vehicle 1
210.0 728.0 232.0 728.0 232.0 750.0 210.0 750.0 small-vehicle 1
217.0 766.0 235.0 766.0 235.0 785.0 217.0 785.0 small-vehicle 1
238.0 767.0 259.0 767.0 259.0 787.0 238.0 787.0 small-vehicle 1
238.0 755.0 256.0 755.0 256.0 776.0 238.0 776.0 small-vehicle 1
233.0 735.0 251.0 735.0 251.0 754.0 233.0 754.0 small-vehicle 1
232.0 721.0 252.0 721.0 252.0 739.0 232.0 739.0 small-vehicle 1
228.0 708.0 249.0 708.0 249.0 727.0 228.0 727.0 small-vehicle 1
226.0 696.0 247.0 696.0 247.0 718.0 226.0 718.0 small-vehicle 1
225.0 687.0 246.0 687.0 246.0 705.0 225.0 705.0 small-vehicle 1
202.0 698.0 224.0 698.0 224.0 718.0 202.0 718.0 small-vehicle 1
171.0 734.0 191.0 734.0 191.0 752.0 171.0 752.0 small-vehicle 1
223.0 827.0 245.0 827.0 245.0 846.0 223.0 846.0 small-vehicle 1
240.0 793.0 262.0 793.0 262.0 811.0 240.0 811.0 small-vehicle 1
210.0 745.0 231.0 745.0 231.0 766.0 210.0 766.0 small-vehicle 0
242.0 803.0 264.0 803.0 264.0 822.0 242.0 822.0 small-vehicle 1
23.0 989.0 36.0 989.0 36.0 1014.0 23.0 1014.0 small-vehicle 0
42.0 982.0 54.0 982.0 54.0 1007.0 42.0 1007.0 small-vehicle 0
60.0 976.0 77.0 976.0 77.0 1003.0 60.0 1003.0 small-vehicle 0
91.0 968.0 105.0 968.0 105.0 993.0 91.0 993.0 small-vehicle 0
56.0 876.0 80.0 876.0 80.0 895.0 56.0 895.0 small-vehicle 0
48.0 838.0 70.0 838.0 70.0 856.0 48.0 856.0 small-vehicle 0
48.0 825.0 75.0 825.0 75.0 846.0 48.0 846.0 small-vehicle 0
104.0 767.0 130.0 767.0 130.0 790.0 104.0 790.0 small-vehicle 0
123.0 905.0 146.0 905.0 146.0 928.0 123.0 928.0 small-vehicle 0
96.0 863.0 119.0 863.0 119.0 885.0 96.0 885.0 small-vehicle 0
164.0 879.0 186.0 879.0 186.0 895.0 164.0 895.0 small-vehicle 0
176.0 821.0 199.0 821.0 199.0 837.0 176.0 837.0 small-vehicle 0
171.0 760.0 191.0 760.0 191.0 776.0 171.0 776.0 small-vehicle 0
173.0 774.0 196.0 774.0 196.0 792.0 173.0 792.0 small-vehicle 0
243.0 818.0 263.0 818.0 263.0 838.0 243.0 838.0 small-vehicle 1
170.0 747.0 191.0 747.0 191.0 763.0 170.0 763.0 small-vehicle 1
146.0 743.0 166.0 743.0 166.0 761.0 146.0 761.0 small-vehicle 1
146.0 756.0 169.0 756.0 169.0 773.0 146.0 773.0 small-vehicle 1
177.0 797.0 198.0 797.0 198.0 812.0 177.0 812.0 small-vehicle 1
96.0 850.0 115.0 850.0 115.0 871.0 96.0 871.0 small-vehicle 1
60.0 899.0 78.0 899.0 78.0 915.0 60.0 915.0 small-vehicle 1
28.0 846.0 51.0 846.0 51.0 862.0 28.0 862.0 small-vehicle 1
708.0 772.0 721.0 772.0 721.0 792.0 708.0 792.0 ship 0
700.0 775.0 713.0 775.0 713.0 795.0 700.0 795.0 ship 0
692.0 777.0 706.0 777.0 706.0 798.0 692.0 798.0 ship 0
730.0 745.0 754.0 745.0 754.0 760.0 730.0 760.0 ship 0
752.0 737.0 775.0 737.0 775.0 753.0 752.0 753.0 ship 0
773.0 730.0 796.0 730.0 796.0 746.0 773.0 746.0 ship 0
759.0 841.0 778.0 841.0 778.0 855.0 759.0 855.0 ship 0
807.0 790.0 820.0 790.0 820.0 809.0 807.0 809.0 ship 0
800.0 792.0 812.0 792.0 812.0 811.0 800.0 811.0 ship 0
793.0 794.0 805.0 794.0 805.0 813.0 793.0 813.0 ship 0
785.0 796.0 798.0 796.0 798.0 815.0 785.0 815.0 ship 0
779.0 799.0 791.0 799.0 791.0 818.0 779.0 818.0 ship 0
90.0 800.0 110.0 800.0 110.0 822.0 90.0 822.0 small-vehicle 1
88.0 787.0 109.0 787.0 109.0 808.0 88.0 808.0 small-vehicle 1
83.0 775.0 105.0 775.0 105.0 796.0 83.0 796.0 small-vehicle 1
229.0 864.0 249.0 864.0 249.0 888.0 229.0 888.0 small-vehicle 1
178.0 809.0 199.0 809.0 199.0 821.0 178.0 821.0 small-vehicle 1
160.0 863.0 182.0 863.0 182.0 880.0 160.0 880.0 small-vehicle 1
189.0 881.0 206.0 881.0 206.0 896.0 189.0 896.0 small-vehicle 1
184.0 857.0 203.0 857.0 203.0 873.0 184.0 873.0 small-vehicle 1
226.0 839.0 246.0 839.0 246.0 859.0 226.0 859.0 small-vehicle 1
280.0 848.0 300.0 848.0 300.0 863.0 280.0 863.0 small-vehicle 1
310.0 893.0 325.0 893.0 325.0 916.0 310.0 916.0 small-vehicle 1
108.0 781.0 131.0 781.0 131.0 804.0 108.0 804.0 small-vehicle 1
271.0 905.0 285.0 905.0 285.0 930.0 271.0 930.0 small-vehicle 1
260.0 910.0 277.0 910.0 277.0 935.0 260.0 935.0 small-vehicle 1
240.0 916.0 256.0 916.0 256.0 939.0 240.0 939.0 small-vehicle 1
181.0 938.0 196.0 938.0 196.0 960.0 181.0 960.0 small-vehicle 1
103.0 912.0 124.0 912.0 124.0 930.0 103.0 930.0 small-vehicle 1
6.0 937.0 28.0 937.0 28.0 960.0 6.0 960.0 small-vehicle 1
11.0 994.0 27.0 994.0 27.0 1019.0 11.0 1019.0 small-vehicle 0
234.0 747.0 253.0 747.0 253.0 765.0 234.0 765.0 small-vehicle 0
1946.0 1351.0 1966.0 1351.0 1966.0 1361.0 1946.0 1361.0 small-vehicle 1
1888.0 1254.0 1911.0 1254.0 1911.0 1265.0 1888.0 1265.0 small-vehicle 0
1674.0 1343.0 1696.0 1343.0 1696.0 1356.0 1674.0 1356.0 small-vehicle 0
1478.0 1369.0 1499.0 1369.0 1499.0 1381.0 1478.0 1381.0 small-vehicle 0
1348.0 1372.0 1372.0 1372.0 1372.0 1385.0 1348.0 1385.0 small-vehicle 0
1238.0 1415.0 1263.0 1415.0 1263.0 1428.0 1238.0 1428.0 small-vehicle 0
1225.0 1342.0 1244.0 1342.0 1244.0 1355.0 1225.0 1355.0 small-vehicle 1
1100.0 1441.0 1119.0 1441.0 1119.0 1454.0 1100.0 1454.0 small-vehicle 1
997.0 1446.0 1021.0 1446.0 1021.0 1461.0 997.0 1461.0 small-vehicle 1
850.0 1451.0 871.0 1451.0 871.0 1465.0 850.0 1465.0 small-vehicle 1
845.0 1438.0 866.0 1438.0 866.0 1453.0 845.0 1453.0 small-vehicle 1
761.0 1401.0 781.0 1401.0 781.0 1416.0 761.0 1416.0 small-vehicle 1
733.0 1406.0 758.0 1406.0 758.0 1420.0 733.0 1420.0 small-vehicle 1
571.0 1425.0 596.0 1425.0 596.0 1441.0 571.0 1441.0 small-vehicle 1
544.0 1430.0 570.0 1430.0 570.0 1443.0 544.0 1443.0 small-vehicle 1
515.0 1438.0 539.0 1438.0 539.0 1450.0 515.0 1450.0 small-vehicle 0
2431.0 359.0 2466.0 359.0 2466.0 376.0 2431.0 376.0 ship 0
1669.0 1282.0 1691.0 1282.0 1691.0 1295.0 1669.0 1295.0 small-vehicle 0
1872.0 1304.0 1893.0 1304.0 1893.0 1315.0 1872.0 1315.0 small-vehicle 0
203.0 682.0 224.0 682.0 224.0 703.0 203.0 703.0 small-vehicle 0
1829.0 1334.0 1856.0 1334.0 1856.0 1347.0 1829.0 1347.0 small-vehicle 0
1891.0 1359.0 1914.0 1359.0 1914.0 1370.0 1891.0 1370.0 small-vehicle 1
1837.0 1317.0 1859.0 1317.0 1859.0 1331.0 1837.0 1331.0 small-vehicle 1
1914.0 1250.0 1937.0 1250.0 1937.0 1264.0 1914.0 1264.0 small-vehicle 1
1863.0 1254.0 1881.0 1254.0 1881.0 1268.0 1863.0 1268.0 small-vehicle 1
1791.0 1265.0 1817.0 1265.0 1817.0 1279.0 1791.0 1279.0 small-vehicle 1
1757.0 1315.0 1777.0 1315.0 1777.0 1327.0 1757.0 1327.0 small-vehicle 1
1682.0 1329.0 1703.0 1329.0 1703.0 1341.0 1682.0 1341.0 small-vehicle 1
1615.0 1347.0 1636.0 1347.0 1636.0 1361.0 1615.0 1361.0 small-vehicle 1
1603.0 1338.0 1623.0 1338.0 1623.0 1350.0 1603.0 1350.0 small-vehicle 1
1556.0 1344.0 1577.0 1344.0 1577.0 1357.0 1556.0 1357.0 small-vehicle 1
1537.0 1360.0 1555.0 1360.0 1555.0 1372.0 1537.0 1372.0 small-vehicle 1
1506.0 1363.0 1524.0 1363.0 1524.0 1376.0 1506.0 1376.0 small-vehicle 1
1516.0 1349.0 1535.0 1349.0 1535.0 1360.0 1516.0 1360.0 small-vehicle 1
1480.0 1353.0 1503.0 1353.0 1503.0 1365.0 1480.0 1365.0 small-vehicle 1
1987.0 1325.0 2009.0 1325.0 2009.0 1337.0 1987.0 1337.0 small-vehicle 0
2439.0 391.0 2472.0 391.0 2472.0 408.0 2439.0 408.0 ship 0
2440.0 408.0 2474.0 408.0 2474.0 424.0 2440.0 424.0 ship 0
2432.0 374.0 2477.0 374.0 2477.0 394.0 2432.0 394.0 ship 0
1601.0 578.0 1627.0 578.0 1627.0 619.0 1601.0 619.0 ship 0
866.0 708.0 883.0 708.0 883.0 730.0 866.0 730.0 small-vehicle 1
849.0 716.0 862.0 716.0 862.0 742.0 849.0 742.0 small-vehicle 0
835.0 718.0 852.0 718.0 852.0 744.0 835.0 744.0 small-vehicle 0
831.0 571.0 855.0 571.0 855.0 593.0 831.0 593.0 small-vehicle 0
751.0 556.0 764.0 556.0 764.0 578.0 751.0 578.0 small-vehicle 0
753.0 589.0 775.0 589.0 775.0 600.0 753.0 600.0 small-vehicle 0
707.0 623.0 731.0 623.0 731.0 634.0 707.0 634.0 small-vehicle 0
709.0 632.0 732.0 632.0 732.0 644.0 709.0 644.0 small-vehicle 0
1069.0 481.0 1085.0 481.0 1085.0 506.0 1069.0 506.0 small-vehicle 1
712.0 643.0 732.0 643.0 732.0 652.0 712.0 652.0 small-vehicle 1
776.0 598.0 797.0 598.0 797.0 622.0 776.0 622.0 small-vehicle 1
754.0 597.0 776.0 597.0 776.0 611.0 754.0 611.0 small-vehicle 1
275.0 704.0 296.0 704.0 296.0 722.0 275.0 722.0 small-vehicle 1
441.0 710.0 467.0 710.0 467.0 723.0 441.0 723.0 small-vehicle 0
387.0 701.0 405.0 701.0 405.0 724.0 387.0 724.0 small-vehicle 0
1223.0 583.0 1240.0 583.0 1240.0 608.0 1223.0 608.0 small-vehicle 1
1269.0 482.0 1280.0 482.0 1280.0 502.0 1269.0 502.0 small-vehicle 1
1302.0 478.0 1314.0 478.0 1314.0 500.0 1302.0 500.0 small-vehicle 1
819.0 807.0 835.0 807.0 835.0 818.0 819.0 818.0 ship 1
1007.0 1291.0 1025.0 1291.0 1025.0 1324.0 1007.0 1324.0 ship 0
379.0 1047.0 435.0 1047.0 435.0 1067.0 379.0 1067.0 ship 0
534.0 933.0 569.0 933.0 569.0 967.0 534.0 967.0 ship 0
843.0 832.0 858.0 832.0 858.0 849.0 843.0 849.0 ship 0
824.0 823.0 841.0 823.0 841.0 836.0 824.0 836.0 ship 0
820.0 815.0 836.0 815.0 836.0 824.0 820.0 824.0 ship 1
789.0 819.0 809.0 819.0 809.0 833.0 789.0 833.0 ship 0
1427.0 528.0 1441.0 528.0 1441.0 552.0 1427.0 552.0 small-vehicle 0
707.0 749.0 732.0 749.0 732.0 767.0 707.0 767.0 ship 0
668.0 773.0 689.0 773.0 689.0 785.0 668.0 785.0 ship 0
502.0 807.0 537.0 807.0 537.0 829.0 502.0 829.0 ship 0
396.0 839.0 426.0 839.0 426.0 864.0 396.0 864.0 ship 0
769.0 620.0 801.0 620.0 801.0 652.0 769.0 652.0 large-vehicle 0
1148.0 610.0 1163.0 610.0 1163.0 635.0 1148.0 635.0 small-vehicle 0
356.0 962.0 497.0 962.0 497.0 1403.0 356.0 1403.0 harbor 0
