imagesource:GoogleEarth
gsd:0.250302868746
3319.0 1960.0 3335.0 1960.0 3335.0 1982.0 3319.0 1982.0 small-vehicle 1
2783.0 593.0 2800.0 593.0 2800.0 614.0 2783.0 614.0 small-vehicle 0
2898.0 1424.0 2924.0 1424.0 2924.0 1437.0 2898.0 1437.0 small-vehicle 0
2955.0 1355.0 2966.0 1355.0 2966.0 1378.0 2955.0 1378.0 large-vehicle 0
2966.0 1440.0 2975.0 1440.0 2975.0 1460.0 2966.0 1460.0 small-vehicle 1
2960.0 1402.0 2971.0 1402.0 2971.0 1424.0 2960.0 1424.0 small-vehicle 0
2973.0 1146.0 2990.0 1146.0 2990.0 1170.0 2973.0 1170.0 small-vehicle 0
3050.0 927.0 3071.0 927.0 3071.0 961.0 3050.0 961.0 large-vehicle 0
2856.0 750.0 2877.0 750.0 2877.0 766.0 2856.0 766.0 small-vehicle 0
2811.0 492.0 2841.0 492.0 2841.0 512.0 2811.0 512.0 large-vehicle 0
254.0 4.0 268.0 4.0 268.0 25.0 254.0 25.0 small-vehicle 1
3116.0 451.0 3159.0 451.0 3159.0 481.0 3116.0 481.0 large-vehicle 0
1598.0 222.0 1625.0 222.0 1625.0 244.0 1598.0 244.0 large-vehicle 0
488.0 31.0 526.0 31.0 526.0 52.0 488.0 52.0 large-vehicle 0
250.0 139.0 277.0 139.0 277.0 155.0 250.0 155.0 large-vehicle 0
743.0 72.0 763.0 72.0 763.0 100.0 743.0 100.0 small-vehicle 1
451.0 646.0 462.0 646.0 462.0 669.0 451.0 669.0 small-vehicle 1
433.0 590.0 462.0 590.0 462.0 613.0 433.0 613.0 small-vehicle 1
2897.0 1406.0 2922.0 1406.0 2922.0 1424.0 2897.0 1424.0 small-vehicle 0
2675.0 1553.0 2691.0 1553.0 2691.0 1578.0 2675.0 1578.0 small-vehicle 0
2654.0 1559.0 2673.0 1559.0 2673.0 1584.0 2654.0 1584.0 small-vehicle 0
2579.0 1625.0 2598.0 1625.0 2598.0 1643.0 2579.0 1643.0 small-vehicle 0
2473.0 1086.0 2496.0 1086.0 2496.0 1116.0 2473.0 1116.0 large-vehicle 0
2399.0 1114.0 2427.0 1114.0 2427.0 1141.0 2399.0 1141.0 large-vehicle 0
2391.0 1146.0 2444.0 1146.0 2444.0 1168.0 2391.0 1168.0 large-vehicle 0
2556.0 1137.0 2596.0 1137.0 2596.0 1166.0 2556.0 1166.0 large-vehicle 0
2539.0 1021.0 2556.0 1021.0 2556.0 1063.0 2539.0 1063.0 large-vehicle 0
2513.0 915.0 2528.0 915.0 2528.0 939.0 2513.0 939.0 small-vehicle 0
2519.0 939.0 2536.0 939.0 2536.0 964.0 2519.0 964.0 small-vehicle 0
2496.0 1099.0 2521.0 1099.0 2521.0 1112.0 2496.0 1112.0 small-vehicle 0
2575.0 1081.0 2601.0 1081.0 2601.0 1105.0 2575.0 1105.0 small-vehicle 0
2662.0 1236.0 2675.0 1236.0 2675.0 1263.0 2662.0 1263.0 small-vehicle 0
2677.0 1241.0 2688.0 1241.0 2688.0 1268.0 2677.0 1268.0 small-vehicle 0
2690.0 1257.0 2702.0 1257.0 2702.0 1283.0 2690.0 1283.0 small-vehicle 0
2583.0 1322.0 2609.0 1322.0 2609.0 1343.0 2583.0 1343.0 small-vehicle 0
2653.0 1348.0 2675.0 1348.0 2675.0 1359.0 2653.0 1359.0 small-vehicle 0
2567.0 1514.0 2579.0 1514.0 2579.0 1537.0 2567.0 1537.0 small-vehicle 0
264.0 23.0 278.0 23.0 278.0 44.0 264.0 44.0 small-vehicle 1
204.0 8.0 225.0 8.0 225.0 21.0 204.0 21.0 small-vehicle 1
2188.0 1044.0 2214.0 1044.0 2214.0 1067.0 2188.0 1067.0 large-vehicle 0
2115.0 785.0 2320.0 785.0 2320.0 999.0 2115.0 999.0 plane 0
2969.0 382.0 3068.0 382.0 3068.0 507.0 2969.0 507.0 plane 0
3062.0 481.0 3174.0 481.0 3174.0 569.0 3062.0 569.0 plane 0
2994.0 565.0 3171.0 565.0 3171.0 719.0 2994.0 719.0 plane 0
1581.0 99.0 1799.0 99.0 1799.0 321.0 1581.0 321.0 plane 0
1472.0 230.0 1695.0 230.0 1695.0 432.0 1472.0 432.0 plane 0
1608.0 587.0 1743.0 587.0 1743.0 717.0 1608.0 717.0 plane 0
1903.0 631.0 2167.0 631.0 2167.0 909.0 1903.0 909.0 plane 0
2314.0 855.0 2556.0 855.0 2556.0 1099.0 2314.0 1099.0 plane 0
188.0 20.0 210.0 20.0 210.0 32.0 188.0 32.0 small-vehicle 1
1788.0 1313.0 2140.0 1313.0 2140.0 1643.0 1788.0 1643.0 plane 0
795.0 1018.0 1153.0 1018.0 1153.0 1391.0 795.0 1391.0 plane 0
1005.0 1236.0 1371.0 1236.0 1371.0 1628.0 1005.0 1628.0 plane 0
1254.0 1376.0 1625.0 1376.0 1625.0 1768.0 1254.0 1768.0 plane 0
1523.0 1525.0 1871.0 1525.0 1871.0 1868.0 1523.0 1868.0 plane 0
733.0 1683.0 1081.0 1683.0 1081.0 2022.0 733.0 2022.0 plane 0
500.0 1546.0 828.0 1546.0 828.0 1854.0 500.0 1854.0 plane 0
2812.0 307.0 2982.0 307.0 2982.0 478.0 2812.0 478.0 plane 0
2200.0 42.0 2344.0 42.0 2344.0 171.0 2200.0 171.0 plane 0
2241.0 1648.0 2455.0 1648.0 2455.0 1866.0 2241.0 1866.0 plane 0
2984.0 1044.0 3157.0 1044.0 3157.0 1212.0 2984.0 1212.0 plane 0
96.0 185.0 119.0 185.0 119.0 201.0 96.0 201.0 small-vehicle 1
91.0 165.0 114.0 165.0 114.0 180.0 91.0 180.0 small-vehicle 1
155.0 201.0 175.0 201.0 175.0 216.0 155.0 216.0 small-vehicle 1
150.0 193.0 171.0 193.0 171.0 205.0 150.0 205.0 small-vehicle 1
147.0 170.0 166.0 170.0 166.0 184.0 147.0 184.0 small-vehicle 1
136.0 137.0 156.0 137.0 156.0 151.0 136.0 151.0 small-vehicle 1
128.0 118.0 151.0 118.0 151.0 131.0 128.0 131.0 small-vehicle 1
57.0 106.0 76.0 106.0 76.0 120.0 57.0 120.0 small-vehicle 1
55.0 94.0 76.0 94.0 76.0 108.0 55.0 108.0 small-vehicle 1
49.0 80.0 67.0 80.0 67.0 95.0 49.0 95.0 small-vehicle 1
40.0 70.0 61.0 70.0 61.0 84.0 40.0 84.0 small-vehicle 1
29.0 37.0 49.0 37.0 49.0 52.0 29.0 52.0 small-vehicle 1
48.0 34.0 70.0 34.0 70.0 49.0 48.0 49.0 small-vehicle 1
3242.0 1282.0 3337.0 1282.0 3337.0 1440.0 3242.0 1440.0 plane 1
3067.0 1190.0 3241.0 1190.0 3241.0 1362.0 3067.0 1362.0 plane 0
2242.0 1036.0 2273.0 1036.0 2273.0 1058.0 2242.0 1058.0 large-vehicle 0
2320.0 966.0 2342.0 966.0 2342.0 995.0 2320.0 995.0 large-vehicle 0
3310.0 1954.0 3328.0 1954.0 3328.0 1975.0 3310.0 1975.0 small-vehicle 1
149.0 1289.0 166.0 1289.0 166.0 1316.0 149.0 1316.0 small-vehicle 0
2367.0 1665.0 2388.0 1665.0 2388.0 1688.0 2367.0 1688.0 small-vehicle 0
2584.0 1597.0 2604.0 1597.0 2604.0 1619.0 2584.0 1619.0 small-vehicle 0
2681.0 1371.0 2697.0 1371.0 2697.0 1399.0 2681.0 1399.0 small-vehicle 0
1693.0 408.0 1713.0 408.0 1713.0 422.0 1693.0 422.0 small-vehicle 0
1639.0 421.0 1663.0 421.0 1663.0 435.0 1639.0 435.0 small-vehicle 0
1461.0 400.0 1486.0 400.0 1486.0 424.0 1461.0 424.0 small-vehicle 0
585.0 1683.0 608.0 1683.0 608.0 1702.0 585.0 1702.0 small-vehicle 0
598.0 90.0 627.0 90.0 627.0 108.0 598.0 108.0 small-vehicle 0
3131.0 1750.0 3151.0 1750.0 3151.0 1761.0 3131.0 1761.0 small-vehicle 1
605.0 104.0 629.0 104.0 629.0 119.0 605.0 119.0 small-vehicle 0
590.0 62.0 612.0 62.0 612.0 73.0 590.0 73.0 small-vehicle 0
613.0 141.0 636.0 141.0 636.0 164.0 613.0 164.0 small-vehicle 0
3238.0 1863.0 3261.0 1863.0 3261.0 1877.0 3238.0 1877.0 small-vehicle 1
3266.0 1802.0 3286.0 1802.0 3286.0 1817.0 3266.0 1817.0 small-vehicle 1
3301.0 1786.0 3322.0 1786.0 3322.0 1801.0 3301.0 1801.0 small-vehicle 1
3277.0 1775.0 3297.0 1775.0 3297.0 1789.0 3277.0 1789.0 small-vehicle 1
3124.0 1779.0 3143.0 1779.0 3143.0 1787.0 3124.0 1787.0 small-vehicle 1
3163.0 2007.0 3186.0 2007.0 3186.0 2029.0 3163.0 2029.0 small-vehicle 1
3180.0 1960.0 3191.0 1960.0 3191.0 1980.0 3180.0 1980.0 small-vehicle 1
3191.0 1960.0 3203.0 1960.0 3203.0 1981.0 3191.0 1981.0 small-vehicle 1
3288.0 1946.0 3305.0 1946.0 3305.0 1968.0 3288.0 1968.0 small-vehicle 1
3300.0 1954.0 3314.0 1954.0 3314.0 1973.0 3300.0 1973.0 small-vehicle 1
3313.0 2014.0 3330.0 2014.0 3330.0 2037.0 3313.0 2037.0 small-vehicle 1
3305.0 2008.0 3321.0 2008.0 3321.0 2029.0 3305.0 2029.0 small-vehicle 1
3297.0 2005.0 3311.0 2005.0 3311.0 2024.0 3297.0 2024.0 small-vehicle 1
3288.0 2000.0 3302.0 2000.0 3302.0 2020.0 3288.0 2020.0 small-vehicle 1
3277.0 1995.0 3293.0 1995.0 3293.0 2015.0 3277.0 2015.0 small-vehicle 1
3269.0 1988.0 3282.0 1988.0 3282.0 2008.0 3269.0 2008.0 small-vehicle 1
3260.0 1985.0 3274.0 1985.0 3274.0 2004.0 3260.0 2004.0 small-vehicle 1
3251.0 1980.0 3263.0 1980.0 3263.0 2000.0 3251.0 2000.0 small-vehicle 1
3242.0 1976.0 3254.0 1976.0 3254.0 1997.0 3242.0 1997.0 small-vehicle 1
3231.0 1974.0 3243.0 1974.0 3243.0 1994.0 3231.0 1994.0 small-vehicle 1
3222.0 1971.0 3234.0 1971.0 3234.0 1991.0 3222.0 1991.0 small-vehicle 1
3210.0 1968.0 3224.0 1968.0 3224.0 1990.0 3210.0 1990.0 small-vehicle 1
3201.0 1963.0 3213.0 1963.0 3213.0 1984.0 3201.0 1984.0 small-vehicle 1
3206.0 1760.0 3228.0 1760.0 3228.0 1772.0 3206.0 1772.0 small-vehicle 1
3172.0 1753.0 3195.0 1753.0 3195.0 1763.0 3172.0 1763.0 small-vehicle 1
2091.0 1923.0 2116.0 1923.0 2116.0 1940.0 2091.0 1940.0 small-vehicle 0
693.0 1311.0 712.0 1311.0 712.0 1336.0 693.0 1336.0 small-vehicle 1
769.0 1574.0 786.0 1574.0 786.0 1599.0 769.0 1599.0 small-vehicle 0
755.0 1568.0 771.0 1568.0 771.0 1590.0 755.0 1590.0 small-vehicle 0
600.0 1500.0 618.0 1500.0 618.0 1523.0 600.0 1523.0 small-vehicle 0
333.0 1485.0 354.0 1485.0 354.0 1510.0 333.0 1510.0 small-vehicle 0
237.0 1421.0 257.0 1421.0 257.0 1442.0 237.0 1442.0 small-vehicle 0
645.0 978.0 669.0 978.0 669.0 990.0 645.0 990.0 small-vehicle 0
714.0 1320.0 735.0 1320.0 735.0 1346.0 714.0 1346.0 small-vehicle 1
976.0 1427.0 991.0 1427.0 991.0 1446.0 976.0 1446.0 small-vehicle 1
3179.0 1766.0 3196.0 1766.0 3196.0 1776.0 3179.0 1776.0 small-vehicle 1
958.0 1420.0 981.0 1420.0 981.0 1440.0 958.0 1440.0 small-vehicle 0
1351.0 1326.0 1374.0 1326.0 1374.0 1346.0 1351.0 1346.0 small-vehicle 0
1166.0 1224.0 1194.0 1224.0 1194.0 1244.0 1166.0 1244.0 small-vehicle 0
1388.0 421.0 1406.0 421.0 1406.0 447.0 1388.0 447.0 small-vehicle 0
1416.0 416.0 1436.0 416.0 1436.0 440.0 1416.0 440.0 small-vehicle 0
2117.0 878.0 2137.0 878.0 2137.0 905.0 2117.0 905.0 large-vehicle 0
2221.0 2014.0 2245.0 2014.0 2245.0 2026.0 2221.0 2026.0 small-vehicle 0
781.0 1581.0 797.0 1581.0 797.0 1601.0 781.0 1601.0 small-vehicle 0
791.0 1593.0 810.0 1593.0 810.0 1617.0 791.0 1617.0 small-vehicle 0
803.0 1596.0 823.0 1596.0 823.0 1621.0 803.0 1621.0 small-vehicle 0
813.0 1604.0 834.0 1604.0 834.0 1629.0 813.0 1629.0 small-vehicle 0
3039.0 1766.0 3058.0 1766.0 3058.0 1778.0 3039.0 1778.0 small-vehicle 1
3040.0 1755.0 3058.0 1755.0 3058.0 1765.0 3040.0 1765.0 small-vehicle 1
3017.0 1756.0 3038.0 1756.0 3038.0 1768.0 3017.0 1768.0 small-vehicle 1
2806.0 1824.0 2832.0 1824.0 2832.0 1845.0 2806.0 1845.0 small-vehicle 1
2785.0 1840.0 2805.0 1840.0 2805.0 1861.0 2785.0 1861.0 small-vehicle 1
2763.0 1852.0 2787.0 1852.0 2787.0 1874.0 2763.0 1874.0 small-vehicle 1
2891.0 1784.0 2917.0 1784.0 2917.0 1802.0 2891.0 1802.0 small-vehicle 1
2853.0 1803.0 2873.0 1803.0 2873.0 1820.0 2853.0 1820.0 small-vehicle 1
3226.0 1828.0 3260.0 1828.0 3260.0 1848.0 3226.0 1848.0 large-vehicle 0
3086.0 1815.0 3129.0 1815.0 3129.0 1828.0 3086.0 1828.0 large-vehicle 0
2884.0 1860.0 2910.0 1860.0 2910.0 1880.0 2884.0 1880.0 large-vehicle 0
2731.0 1990.0 2749.0 1990.0 2749.0 2012.0 2731.0 2012.0 small-vehicle 0
1372.0 1913.0 1392.0 1913.0 1392.0 1940.0 1372.0 1940.0 small-vehicle 0
1345.0 1900.0 1362.0 1900.0 1362.0 1924.0 1345.0 1924.0 small-vehicle 0
802.0 1671.0 823.0 1671.0 823.0 1703.0 802.0 1703.0 large-vehicle 0
234.0 1407.0 566.0 1407.0 566.0 1713.0 234.0 1713.0 plane 0
