imagesource:GoogleEarth
gsd:0.26881127069
1754.0 2392.0 1776.0 2392.0 1776.0 2402.0 1754.0 2402.0 small-vehicle 1
1237.0 1690.0 1271.0 1690.0 1271.0 1705.0 1237.0 1705.0 ship 0
1233.0 1725.0 1272.0 1725.0 1272.0 1740.0 1233.0 1740.0 ship 0
1233.0 1743.0 1269.0 1743.0 1269.0 1758.0 1233.0 1758.0 ship 0
1230.0 1778.0 1271.0 1778.0 1271.0 1795.0 1230.0 1795.0 ship 0
1228.0 1815.0 1269.0 1815.0 1269.0 1831.0 1228.0 1831.0 ship 0
1229.0 1834.0 1271.0 1834.0 1271.0 1849.0 1229.0 1849.0 ship 0
1232.0 1852.0 1267.0 1852.0 1267.0 1866.0 1232.0 1866.0 ship 0
1230.0 1870.0 1266.0 1870.0 1266.0 1887.0 1230.0 1887.0 ship 0
1229.0 1888.0 1266.0 1888.0 1266.0 1903.0 1229.0 1903.0 ship 0
1229.0 1906.0 1265.0 1906.0 1265.0 1921.0 1229.0 1921.0 ship 0
1228.0 1922.0 1264.0 1922.0 1264.0 1941.0 1228.0 1941.0 ship 0
1224.0 1941.0 1267.0 1941.0 1267.0 1959.0 1224.0 1959.0 ship 0
1223.0 1959.0 1267.0 1959.0 1267.0 1980.0 1223.0 1980.0 ship 0
1224.0 1996.0 1263.0 1996.0 1263.0 2013.0 1224.0 2013.0 ship 0
1225.0 2017.0 1262.0 2017.0 1262.0 2031.0 1225.0 2031.0 ship 0
1223.0 2051.0 1261.0 2051.0 1261.0 2065.0 1223.0 2065.0 ship 0
1232.0 1706.0 1272.0 1706.0 1272.0 1722.0 1232.0 1722.0 ship 0
1235.0 1669.0 1271.0 1669.0 1271.0 1685.0 1235.0 1685.0 ship 0
1222.0 2087.0 1259.0 2087.0 1259.0 2105.0 1222.0 2105.0 ship 0
1231.0 1649.0 1273.0 1649.0 1273.0 1670.0 1231.0 1670.0 ship 0
1174.0 2049.0 1213.0 2049.0 1213.0 2065.0 1174.0 2065.0 ship 0
1175.0 2067.0 1213.0 2067.0 1213.0 2081.0 1175.0 2081.0 ship 0
1173.0 2088.0 1212.0 2088.0 1212.0 2102.0 1173.0 2102.0 ship 0
1174.0 2105.0 1206.0 2105.0 1206.0 2118.0 1174.0 2118.0 ship 0
1170.0 2141.0 1209.0 2141.0 1209.0 2155.0 1170.0 2155.0 ship 0
1170.0 2157.0 1213.0 2157.0 1213.0 2174.0 1170.0 2174.0 ship 0
1169.0 2175.0 1212.0 2175.0 1212.0 2194.0 1169.0 2194.0 ship 0
1172.0 2194.0 1209.0 2194.0 1209.0 2209.0 1172.0 2209.0 ship 0
1167.0 2213.0 1209.0 2213.0 1209.0 2229.0 1167.0 2229.0 ship 0
1166.0 2230.0 1205.0 2230.0 1205.0 2244.0 1166.0 2244.0 ship 0
1147.0 2257.0 1209.0 2257.0 1209.0 2279.0 1147.0 2279.0 ship 0
1236.0 1579.0 1272.0 1579.0 1272.0 1593.0 1236.0 1593.0 ship 0
1235.0 1597.0 1272.0 1597.0 1272.0 1613.0 1235.0 1613.0 ship 0
1237.0 1616.0 1271.0 1616.0 1271.0 1631.0 1237.0 1631.0 ship 0
1236.0 1634.0 1271.0 1634.0 1271.0 1648.0 1236.0 1648.0 ship 0
1221.0 2068.0 1258.0 2068.0 1258.0 2084.0 1221.0 2084.0 ship 0
1220.0 2106.0 1258.0 2106.0 1258.0 2122.0 1220.0 2122.0 ship 0
1177.0 2012.0 1214.0 2012.0 1214.0 2027.0 1177.0 2027.0 ship 0
1344.0 1840.0 1389.0 1840.0 1389.0 1856.0 1344.0 1856.0 ship 0
1345.0 1882.0 1381.0 1882.0 1381.0 1896.0 1345.0 1896.0 ship 0
1342.0 1899.0 1385.0 1899.0 1385.0 1916.0 1342.0 1916.0 ship 0
1342.0 1920.0 1382.0 1920.0 1382.0 1936.0 1342.0 1936.0 ship 0
1340.0 1956.0 1384.0 1956.0 1384.0 1978.0 1340.0 1978.0 ship 0
1343.0 1978.0 1387.0 1978.0 1387.0 1998.0 1343.0 1998.0 ship 0
1340.0 2024.0 1383.0 2024.0 1383.0 2045.0 1340.0 2045.0 ship 0
1341.0 2068.0 1382.0 2068.0 1382.0 2087.0 1341.0 2087.0 ship 0
1337.0 2091.0 1385.0 2091.0 1385.0 2108.0 1337.0 2108.0 ship 0
1335.0 2112.0 1382.0 2112.0 1382.0 2130.0 1335.0 2130.0 ship 0
1336.0 2133.0 1383.0 2133.0 1383.0 2151.0 1336.0 2151.0 ship 0
1336.0 2157.0 1377.0 2157.0 1377.0 2173.0 1336.0 2173.0 ship 0
1335.0 2178.0 1381.0 2178.0 1381.0 2198.0 1335.0 2198.0 ship 0
1327.0 2199.0 1382.0 2199.0 1382.0 2219.0 1327.0 2219.0 ship 0
1402.0 1584.0 1447.0 1584.0 1447.0 1599.0 1402.0 1599.0 ship 0
1408.0 1603.0 1447.0 1603.0 1447.0 1616.0 1408.0 1616.0 ship 0
1343.0 1861.0 1383.0 1861.0 1383.0 1875.0 1343.0 1875.0 ship 0
1345.0 1818.0 1391.0 1818.0 1391.0 1837.0 1345.0 1837.0 ship 0
1222.0 2125.0 1263.0 2125.0 1263.0 2142.0 1222.0 2142.0 ship 0
1342.0 1779.0 1391.0 1779.0 1391.0 1797.0 1342.0 1797.0 ship 0
1222.0 2143.0 1261.0 2143.0 1261.0 2157.0 1222.0 2157.0 ship 0
1220.0 2161.0 1260.0 2161.0 1260.0 2175.0 1220.0 2175.0 ship 0
1220.0 2179.0 1262.0 2179.0 1262.0 2194.0 1220.0 2194.0 ship 0
1220.0 2197.0 1261.0 2197.0 1261.0 2214.0 1220.0 2214.0 ship 0
1217.0 2216.0 1260.0 2216.0 1260.0 2231.0 1217.0 2231.0 ship 0
1221.0 2232.0 1256.0 2232.0 1256.0 2249.0 1221.0 2249.0 ship 0
1216.0 2251.0 1261.0 2251.0 1261.0 2285.0 1216.0 2285.0 ship 0
1348.0 1580.0 1394.0 1580.0 1394.0 1600.0 1348.0 1600.0 ship 0
1347.0 1600.0 1392.0 1600.0 1392.0 1619.0 1347.0 1619.0 ship 0
1349.0 1642.0 1394.0 1642.0 1394.0 1659.0 1349.0 1659.0 ship 0
1348.0 1678.0 1393.0 1678.0 1393.0 1699.0 1348.0 1699.0 ship 0
1349.0 1700.0 1394.0 1700.0 1394.0 1718.0 1349.0 1718.0 ship 0
1348.0 1720.0 1392.0 1720.0 1392.0 1738.0 1348.0 1738.0 ship 0
1349.0 1740.0 1390.0 1740.0 1390.0 1756.0 1349.0 1756.0 ship 0
1346.0 1761.0 1390.0 1761.0 1390.0 1777.0 1346.0 1777.0 ship 0
1176.0 2031.0 1212.0 2031.0 1212.0 2046.0 1176.0 2046.0 ship 0
1176.0 1976.0 1214.0 1976.0 1214.0 1990.0 1176.0 1990.0 ship 0
1408.0 1639.0 1446.0 1639.0 1446.0 1653.0 1408.0 1653.0 ship 0
994.0 2160.0 1035.0 2160.0 1035.0 2174.0 994.0 2174.0 ship 0
989.0 2199.0 1037.0 2199.0 1037.0 2214.0 989.0 2214.0 ship 0
982.0 2218.0 1034.0 2218.0 1034.0 2235.0 982.0 2235.0 ship 0
966.0 2252.0 1029.0 2252.0 1029.0 2272.0 966.0 2272.0 ship 0
1060.0 1547.0 1110.0 1547.0 1110.0 1567.0 1060.0 1567.0 ship 0
1064.0 1572.0 1110.0 1572.0 1110.0 1592.0 1064.0 1592.0 ship 0
1065.0 1593.0 1108.0 1593.0 1108.0 1611.0 1065.0 1611.0 ship 0
1065.0 1613.0 1109.0 1613.0 1109.0 1632.0 1065.0 1632.0 ship 0
1061.0 1635.0 1101.0 1635.0 1101.0 1652.0 1061.0 1652.0 ship 0
1062.0 1655.0 1098.0 1655.0 1098.0 1669.0 1062.0 1669.0 ship 0
1059.0 1674.0 1100.0 1674.0 1100.0 1692.0 1059.0 1692.0 ship 0
1059.0 1695.0 1107.0 1695.0 1107.0 1712.0 1059.0 1712.0 ship 0
1056.0 1737.0 1101.0 1737.0 1101.0 1750.0 1056.0 1750.0 ship 0
1056.0 1753.0 1105.0 1753.0 1105.0 1770.0 1056.0 1770.0 ship 0
1058.0 1772.0 1105.0 1772.0 1105.0 1788.0 1058.0 1788.0 ship 0
1058.0 1792.0 1105.0 1792.0 1105.0 1810.0 1058.0 1810.0 ship 0
999.0 2179.0 1030.0 2179.0 1030.0 2195.0 999.0 2195.0 ship 0
991.0 2139.0 1033.0 2139.0 1033.0 2153.0 991.0 2153.0 ship 0
1058.0 1853.0 1102.0 1853.0 1102.0 1869.0 1058.0 1869.0 ship 0
986.0 2116.0 1039.0 2116.0 1039.0 2136.0 986.0 2136.0 ship 0
995.0 1804.0 1048.0 1804.0 1048.0 1821.0 995.0 1821.0 ship 0
1000.0 1826.0 1042.0 1826.0 1042.0 1841.0 1000.0 1841.0 ship 0
999.0 1847.0 1046.0 1847.0 1046.0 1863.0 999.0 1863.0 ship 0
998.0 1868.0 1034.0 1868.0 1034.0 1880.0 998.0 1880.0 ship 0
999.0 1888.0 1044.0 1888.0 1044.0 1904.0 999.0 1904.0 ship 0
997.0 1906.0 1045.0 1906.0 1045.0 1927.0 997.0 1927.0 ship 0
997.0 1930.0 1042.0 1930.0 1042.0 1946.0 997.0 1946.0 ship 0
995.0 1950.0 1040.0 1950.0 1040.0 1968.0 995.0 1968.0 ship 0
993.0 1970.0 1041.0 1970.0 1041.0 1989.0 993.0 1989.0 ship 0
994.0 1991.0 1040.0 1991.0 1040.0 2011.0 994.0 2011.0 ship 0
990.0 2010.0 1042.0 2010.0 1042.0 2032.0 990.0 2032.0 ship 0
993.0 2033.0 1042.0 2033.0 1042.0 2049.0 993.0 2049.0 ship 0
993.0 2053.0 1035.0 2053.0 1035.0 2071.0 993.0 2071.0 ship 0
991.0 2075.0 1040.0 2075.0 1040.0 2093.0 991.0 2093.0 ship 0
993.0 2097.0 1040.0 2097.0 1040.0 2113.0 993.0 2113.0 ship 0
1054.0 1832.0 1102.0 1832.0 1102.0 1851.0 1054.0 1851.0 ship 0
1057.0 1873.0 1108.0 1873.0 1108.0 1888.0 1057.0 1888.0 ship 0
1177.0 1924.0 1216.0 1924.0 1216.0 1937.0 1177.0 1937.0 ship 0
1188.0 1546.0 1252.0 1546.0 1252.0 1570.0 1188.0 1570.0 ship 0
1186.0 1597.0 1224.0 1597.0 1224.0 1610.0 1186.0 1610.0 ship 0
1125.0 1489.0 1165.0 1489.0 1165.0 1532.0 1125.0 1532.0 ship 0
1189.0 1615.0 1223.0 1615.0 1223.0 1629.0 1189.0 1629.0 ship 0
1185.0 1631.0 1221.0 1631.0 1221.0 1646.0 1185.0 1646.0 ship 0
1184.0 1651.0 1221.0 1651.0 1221.0 1665.0 1184.0 1665.0 ship 0
1185.0 1669.0 1222.0 1669.0 1222.0 1682.0 1185.0 1682.0 ship 0
1181.0 1705.0 1220.0 1705.0 1220.0 1719.0 1181.0 1719.0 ship 0
1183.0 1725.0 1221.0 1725.0 1221.0 1740.0 1183.0 1740.0 ship 0
837.0 1955.0 883.0 1955.0 883.0 1971.0 837.0 1971.0 ship 0
1181.0 1760.0 1217.0 1760.0 1217.0 1775.0 1181.0 1775.0 ship 0
1181.0 1779.0 1218.0 1779.0 1218.0 1794.0 1181.0 1794.0 ship 0
1180.0 1796.0 1217.0 1796.0 1217.0 1810.0 1180.0 1810.0 ship 0
1182.0 1813.0 1216.0 1813.0 1216.0 1826.0 1182.0 1826.0 ship 0
1177.0 1830.0 1216.0 1830.0 1216.0 1846.0 1177.0 1846.0 ship 0
1173.0 1848.0 1211.0 1848.0 1211.0 1864.0 1173.0 1864.0 ship 0
1188.0 1579.0 1225.0 1579.0 1225.0 1592.0 1188.0 1592.0 ship 0
1047.0 2259.0 1092.0 2259.0 1092.0 2274.0 1047.0 2274.0 ship 0
1055.0 1893.0 1102.0 1893.0 1102.0 1909.0 1055.0 1909.0 ship 0
1046.0 2230.0 1088.0 2230.0 1088.0 2244.0 1046.0 2244.0 ship 0
1057.0 1912.0 1102.0 1912.0 1102.0 1931.0 1057.0 1931.0 ship 0
1061.0 1932.0 1101.0 1932.0 1101.0 1948.0 1061.0 1948.0 ship 0
1057.0 1953.0 1093.0 1953.0 1093.0 1968.0 1057.0 1968.0 ship 0
1059.0 1973.0 1100.0 1973.0 1100.0 1988.0 1059.0 1988.0 ship 0
1049.0 1992.0 1096.0 1992.0 1096.0 2006.0 1049.0 2006.0 ship 0
1050.0 2011.0 1099.0 2011.0 1099.0 2029.0 1050.0 2029.0 ship 0
1051.0 2032.0 1098.0 2032.0 1098.0 2049.0 1051.0 2049.0 ship 0
1052.0 2052.0 1097.0 2052.0 1097.0 2069.0 1052.0 2069.0 ship 0
1050.0 2072.0 1093.0 2072.0 1093.0 2087.0 1050.0 2087.0 ship 0
1050.0 2092.0 1097.0 2092.0 1097.0 2107.0 1050.0 2107.0 ship 0
1049.0 2112.0 1093.0 2112.0 1093.0 2127.0 1049.0 2127.0 ship 0
1048.0 2130.0 1092.0 2130.0 1092.0 2150.0 1048.0 2150.0 ship 0
1048.0 2170.0 1094.0 2170.0 1094.0 2189.0 1048.0 2189.0 ship 0
1053.0 2190.0 1094.0 2190.0 1094.0 2207.0 1053.0 2207.0 ship 0
1048.0 2211.0 1090.0 2211.0 1090.0 2224.0 1048.0 2224.0 ship 0
1406.0 1618.0 1446.0 1618.0 1446.0 1636.0 1406.0 1636.0 ship 0
1408.0 1656.0 1442.0 1656.0 1442.0 1670.0 1408.0 1670.0 ship 0
391.0 2192.0 414.0 2192.0 414.0 2210.0 391.0 2210.0 small-vehicle 1
1696.0 1821.0 1736.0 1821.0 1736.0 1837.0 1696.0 1837.0 ship 0
1692.0 1900.0 1736.0 1900.0 1736.0 1916.0 1692.0 1916.0 ship 0
1692.0 1919.0 1738.0 1919.0 1738.0 1938.0 1692.0 1938.0 ship 0
1696.0 1939.0 1736.0 1939.0 1736.0 1957.0 1696.0 1957.0 ship 0
1691.0 1960.0 1739.0 1960.0 1739.0 1978.0 1691.0 1978.0 ship 0
1691.0 1978.0 1737.0 1978.0 1737.0 1996.0 1691.0 1996.0 ship 0
1690.0 2001.0 1737.0 2001.0 1737.0 2015.0 1690.0 2015.0 ship 0
1690.0 2018.0 1735.0 2018.0 1735.0 2035.0 1690.0 2035.0 ship 0
1692.0 2038.0 1735.0 2038.0 1735.0 2056.0 1692.0 2056.0 ship 0
1688.0 2080.0 1730.0 2080.0 1730.0 2095.0 1688.0 2095.0 ship 0
1692.0 2098.0 1735.0 2098.0 1735.0 2118.0 1692.0 2118.0 ship 0
1688.0 2118.0 1733.0 2118.0 1733.0 2135.0 1688.0 2135.0 ship 0
1687.0 2137.0 1731.0 2137.0 1731.0 2155.0 1687.0 2155.0 ship 0
1684.0 2179.0 1729.0 2179.0 1729.0 2200.0 1684.0 2200.0 ship 0
1757.0 1563.0 1807.0 1563.0 1807.0 1582.0 1757.0 1582.0 ship 0
1757.0 1585.0 1809.0 1585.0 1809.0 1604.0 1757.0 1604.0 ship 0
1695.0 1879.0 1732.0 1879.0 1732.0 1897.0 1695.0 1897.0 ship 0
1696.0 1780.0 1738.0 1780.0 1738.0 1797.0 1696.0 1797.0 ship 0
1754.0 1625.0 1807.0 1625.0 1807.0 1646.0 1754.0 1646.0 ship 0
1697.0 1761.0 1741.0 1761.0 1741.0 1777.0 1697.0 1777.0 ship 0
1564.0 2051.0 1613.0 2051.0 1613.0 2070.0 1564.0 2070.0 ship 0
1565.0 2074.0 1614.0 2074.0 1614.0 2093.0 1565.0 2093.0 ship 0
1570.0 2119.0 1612.0 2119.0 1612.0 2137.0 1570.0 2137.0 ship 0
1564.0 2142.0 1612.0 2142.0 1612.0 2160.0 1564.0 2160.0 ship 0
1564.0 2184.0 1606.0 2184.0 1606.0 2203.0 1564.0 2203.0 ship 0
1563.0 2209.0 1608.0 2209.0 1608.0 2227.0 1563.0 2227.0 ship 0
1565.0 2229.0 1609.0 2229.0 1609.0 2245.0 1565.0 2245.0 ship 0
1746.0 1534.0 1802.0 1534.0 1802.0 1557.0 1746.0 1557.0 ship 0
1702.0 1582.0 1747.0 1582.0 1747.0 1599.0 1702.0 1599.0 ship 0
1699.0 1622.0 1745.0 1622.0 1745.0 1640.0 1699.0 1640.0 ship 0
1699.0 1640.0 1744.0 1640.0 1744.0 1657.0 1699.0 1657.0 ship 0
1698.0 1661.0 1745.0 1661.0 1745.0 1676.0 1698.0 1676.0 ship 0
1699.0 1681.0 1743.0 1681.0 1743.0 1698.0 1699.0 1698.0 ship 0
1699.0 1722.0 1742.0 1722.0 1742.0 1738.0 1699.0 1738.0 ship 0
1703.0 1742.0 1731.0 1742.0 1731.0 1753.0 1703.0 1753.0 ship 0
1755.0 1606.0 1806.0 1606.0 1806.0 1623.0 1755.0 1623.0 ship 0
1755.0 1648.0 1806.0 1648.0 1806.0 1667.0 1755.0 1667.0 ship 0
1570.0 2007.0 1613.0 2007.0 1613.0 2023.0 1570.0 2023.0 ship 0
1742.0 2104.0 1793.0 2104.0 1793.0 2124.0 1742.0 2124.0 ship 0
1741.0 2151.0 1795.0 2151.0 1795.0 2171.0 1741.0 2171.0 ship 0
1746.0 2173.0 1787.0 2173.0 1787.0 2193.0 1746.0 2193.0 ship 0
1741.0 2193.0 1796.0 2193.0 1796.0 2212.0 1741.0 2212.0 ship 0
1911.0 1534.0 2005.0 1534.0 2005.0 1560.0 1911.0 1560.0 ship 0
1903.0 1568.0 1959.0 1568.0 1959.0 1588.0 1903.0 1588.0 ship 0
1905.0 1591.0 1957.0 1591.0 1957.0 1607.0 1905.0 1607.0 ship 0
1908.0 1610.0 1958.0 1610.0 1958.0 1630.0 1908.0 1630.0 ship 0
1906.0 1632.0 1960.0 1632.0 1960.0 1652.0 1906.0 1652.0 ship 0
1900.0 1655.0 1956.0 1655.0 1956.0 1672.0 1900.0 1672.0 ship 0
1900.0 1676.0 1956.0 1676.0 1956.0 1692.0 1900.0 1692.0 ship 0
1901.0 1697.0 1954.0 1697.0 1954.0 1715.0 1901.0 1715.0 ship 0
1900.0 1742.0 1957.0 1742.0 1957.0 1759.0 1900.0 1759.0 ship 0
1898.0 1784.0 1955.0 1784.0 1955.0 1802.0 1898.0 1802.0 ship 0
1899.0 1804.0 1954.0 1804.0 1954.0 1823.0 1899.0 1823.0 ship 0
1896.0 1827.0 1950.0 1827.0 1950.0 1846.0 1896.0 1846.0 ship 0
1746.0 2132.0 1796.0 2132.0 1796.0 2148.0 1746.0 2148.0 ship 0
1747.0 2056.0 1794.0 2056.0 1794.0 2079.0 1747.0 2079.0 ship 0
1754.0 1670.0 1803.0 1670.0 1803.0 1685.0 1754.0 1685.0 ship 0
1746.0 2032.0 1796.0 2032.0 1796.0 2049.0 1746.0 2049.0 ship 0
1755.0 1690.0 1799.0 1690.0 1799.0 1706.0 1755.0 1706.0 ship 0
1753.0 1710.0 1802.0 1710.0 1802.0 1730.0 1753.0 1730.0 ship 0
1749.0 1732.0 1799.0 1732.0 1799.0 1753.0 1749.0 1753.0 ship 0
1755.0 1753.0 1801.0 1753.0 1801.0 1770.0 1755.0 1770.0 ship 0
1755.0 1775.0 1799.0 1775.0 1799.0 1790.0 1755.0 1790.0 ship 0
1752.0 1795.0 1802.0 1795.0 1802.0 1813.0 1752.0 1813.0 ship 0
1746.0 1815.0 1801.0 1815.0 1801.0 1835.0 1746.0 1835.0 ship 0
1748.0 1836.0 1802.0 1836.0 1802.0 1854.0 1748.0 1854.0 ship 0
1754.0 1859.0 1795.0 1859.0 1795.0 1874.0 1754.0 1874.0 ship 0
1751.0 1880.0 1797.0 1880.0 1797.0 1898.0 1751.0 1898.0 ship 0
1744.0 1898.0 1799.0 1898.0 1799.0 1919.0 1744.0 1919.0 ship 0
1745.0 1920.0 1798.0 1920.0 1798.0 1940.0 1745.0 1940.0 ship 0
1743.0 1942.0 1796.0 1942.0 1796.0 1961.0 1743.0 1961.0 ship 0
1747.0 1985.0 1798.0 1985.0 1798.0 2004.0 1747.0 2004.0 ship 0
1746.0 2010.0 1794.0 2010.0 1794.0 2027.0 1746.0 2027.0 ship 0
1567.0 2029.0 1615.0 2029.0 1615.0 2048.0 1567.0 2048.0 ship 0
1572.0 1986.0 1616.0 1986.0 1616.0 2003.0 1572.0 2003.0 ship 0
1404.0 1673.0 1445.0 1673.0 1445.0 1689.0 1404.0 1689.0 ship 0
1396.0 2036.0 1437.0 2036.0 1437.0 2054.0 1396.0 2054.0 ship 0
1393.0 2073.0 1434.0 2073.0 1434.0 2090.0 1393.0 2090.0 ship 0
1393.0 2091.0 1435.0 2091.0 1435.0 2108.0 1393.0 2108.0 ship 0
1392.0 2110.0 1435.0 2110.0 1435.0 2128.0 1392.0 2128.0 ship 0
1391.0 2130.0 1437.0 2130.0 1437.0 2144.0 1391.0 2144.0 ship 0
1393.0 2146.0 1435.0 2146.0 1435.0 2165.0 1393.0 2165.0 ship 0
1390.0 2183.0 1433.0 2183.0 1433.0 2199.0 1390.0 2199.0 ship 0
1387.0 2200.0 1434.0 2200.0 1434.0 2220.0 1387.0 2220.0 ship 0
1466.0 2252.0 1509.0 2252.0 1509.0 2268.0 1466.0 2268.0 ship 0
1528.0 1561.0 1571.0 1561.0 1571.0 1578.0 1528.0 1578.0 ship 0
1527.0 1586.0 1567.0 1586.0 1567.0 1603.0 1527.0 1603.0 ship 0
1524.0 1604.0 1563.0 1604.0 1563.0 1621.0 1524.0 1621.0 ship 0
1524.0 1647.0 1561.0 1647.0 1561.0 1661.0 1524.0 1661.0 ship 0
1524.0 1667.0 1563.0 1667.0 1563.0 1682.0 1524.0 1682.0 ship 0
1524.0 1685.0 1560.0 1685.0 1560.0 1703.0 1524.0 1703.0 ship 0
1523.0 1706.0 1567.0 1706.0 1567.0 1723.0 1523.0 1723.0 ship 0
1394.0 2056.0 1436.0 2056.0 1436.0 2073.0 1394.0 2073.0 ship 0
1395.0 2020.0 1437.0 2020.0 1437.0 2037.0 1395.0 2037.0 ship 0
1522.0 1747.0 1561.0 1747.0 1561.0 1761.0 1522.0 1761.0 ship 0
1396.0 2000.0 1439.0 2000.0 1439.0 2018.0 1396.0 2018.0 ship 0
1404.0 1709.0 1444.0 1709.0 1444.0 1727.0 1404.0 1727.0 ship 0
1396.0 1728.0 1444.0 1728.0 1444.0 1745.0 1396.0 1745.0 ship 0
1401.0 1747.0 1443.0 1747.0 1443.0 1762.0 1401.0 1762.0 ship 0
1400.0 1765.0 1444.0 1765.0 1444.0 1783.0 1400.0 1783.0 ship 0
1400.0 1782.0 1444.0 1782.0 1444.0 1801.0 1400.0 1801.0 ship 0
1403.0 1820.0 1444.0 1820.0 1444.0 1839.0 1403.0 1839.0 ship 0
1399.0 1837.0 1444.0 1837.0 1444.0 1856.0 1399.0 1856.0 ship 0
1403.0 1856.0 1437.0 1856.0 1437.0 1870.0 1403.0 1870.0 ship 0
1400.0 1873.0 1441.0 1873.0 1441.0 1891.0 1400.0 1891.0 ship 0
1396.0 1891.0 1437.0 1891.0 1437.0 1911.0 1396.0 1911.0 ship 0
1395.0 1910.0 1438.0 1910.0 1438.0 1928.0 1395.0 1928.0 ship 0
1394.0 1928.0 1439.0 1928.0 1439.0 1945.0 1394.0 1945.0 ship 0
1398.0 1946.0 1440.0 1946.0 1440.0 1963.0 1398.0 1963.0 ship 0
1395.0 1967.0 1437.0 1967.0 1437.0 1984.0 1395.0 1984.0 ship 0
1399.0 1983.0 1439.0 1983.0 1439.0 2000.0 1399.0 2000.0 ship 0
1524.0 1726.0 1566.0 1726.0 1566.0 1744.0 1524.0 1744.0 ship 0
1521.0 1768.0 1562.0 1768.0 1562.0 1782.0 1521.0 1782.0 ship 0
1568.0 1966.0 1612.0 1966.0 1612.0 1981.0 1568.0 1981.0 ship 0
1508.0 2205.0 1550.0 2205.0 1550.0 2224.0 1508.0 2224.0 ship 0
1585.0 1563.0 1628.0 1563.0 1628.0 1581.0 1585.0 1581.0 ship 0
1583.0 1587.0 1622.0 1587.0 1622.0 1603.0 1583.0 1603.0 ship 0
1574.0 1628.0 1625.0 1628.0 1625.0 1645.0 1574.0 1645.0 ship 0
1575.0 1648.0 1624.0 1648.0 1624.0 1664.0 1575.0 1664.0 ship 0
1578.0 1707.0 1620.0 1707.0 1620.0 1724.0 1578.0 1724.0 ship 0
1573.0 1727.0 1618.0 1727.0 1618.0 1745.0 1573.0 1745.0 ship 0
1576.0 1767.0 1621.0 1767.0 1621.0 1783.0 1576.0 1783.0 ship 0
1577.0 1786.0 1621.0 1786.0 1621.0 1802.0 1577.0 1802.0 ship 0
1575.0 1805.0 1621.0 1805.0 1621.0 1824.0 1575.0 1824.0 ship 0
1571.0 1826.0 1616.0 1826.0 1616.0 1842.0 1571.0 1842.0 ship 0
1570.0 1846.0 1616.0 1846.0 1616.0 1864.0 1570.0 1864.0 ship 0
1571.0 1866.0 1620.0 1866.0 1620.0 1884.0 1571.0 1884.0 ship 0
1576.0 1886.0 1612.0 1886.0 1612.0 1903.0 1576.0 1903.0 ship 0
1569.0 1907.0 1613.0 1907.0 1613.0 1923.0 1569.0 1923.0 ship 0
1572.0 1946.0 1612.0 1946.0 1612.0 1961.0 1572.0 1961.0 ship 0
1509.0 2228.0 1553.0 2228.0 1553.0 2245.0 1509.0 2245.0 ship 0
1514.0 2184.0 1555.0 2184.0 1555.0 2200.0 1514.0 2200.0 ship 0
1521.0 1786.0 1563.0 1786.0 1563.0 1802.0 1521.0 1802.0 ship 0
1510.0 2161.0 1555.0 2161.0 1555.0 2180.0 1510.0 2180.0 ship 0
1518.0 1806.0 1562.0 1806.0 1562.0 1822.0 1518.0 1822.0 ship 0
1524.0 1826.0 1558.0 1826.0 1558.0 1843.0 1524.0 1843.0 ship 0
1517.0 1844.0 1560.0 1844.0 1560.0 1860.0 1517.0 1860.0 ship 0
1519.0 1864.0 1558.0 1864.0 1558.0 1881.0 1519.0 1881.0 ship 0
1513.0 1885.0 1557.0 1885.0 1557.0 1902.0 1513.0 1902.0 ship 0
1513.0 1904.0 1561.0 1904.0 1561.0 1922.0 1513.0 1922.0 ship 0
1516.0 1927.0 1558.0 1927.0 1558.0 1941.0 1516.0 1941.0 ship 0
1516.0 1945.0 1558.0 1945.0 1558.0 1960.0 1516.0 1960.0 ship 0
1516.0 1963.0 1556.0 1963.0 1556.0 1981.0 1516.0 1981.0 ship 0
1516.0 1984.0 1558.0 1984.0 1558.0 2003.0 1516.0 2003.0 ship 0
1512.0 2028.0 1556.0 2028.0 1556.0 2047.0 1512.0 2047.0 ship 0
1514.0 2072.0 1555.0 2072.0 1555.0 2088.0 1514.0 2088.0 ship 0
1511.0 2096.0 1553.0 2096.0 1553.0 2113.0 1511.0 2113.0 ship 0
1511.0 2118.0 1554.0 2118.0 1554.0 2133.0 1511.0 2133.0 ship 0
1511.0 2139.0 1555.0 2139.0 1555.0 2157.0 1511.0 2157.0 ship 0
997.0 1781.0 1048.0 1781.0 1048.0 1801.0 997.0 1801.0 ship 0
1001.0 1763.0 1048.0 1763.0 1048.0 1781.0 1001.0 1781.0 ship 0
999.0 1742.0 1048.0 1742.0 1048.0 1759.0 999.0 1759.0 ship 0
988.0 820.0 1052.0 820.0 1052.0 865.0 988.0 865.0 ship 0
1231.0 474.0 1310.0 474.0 1310.0 524.0 1231.0 524.0 ship 0
1221.0 499.0 1296.0 499.0 1296.0 550.0 1221.0 550.0 ship 0
1206.0 522.0 1285.0 522.0 1285.0 576.0 1206.0 576.0 ship 0
1194.0 550.0 1278.0 550.0 1278.0 604.0 1194.0 604.0 ship 0
1182.0 577.0 1257.0 577.0 1257.0 626.0 1182.0 626.0 ship 0
1173.0 604.0 1243.0 604.0 1243.0 649.0 1173.0 649.0 ship 0
1148.0 647.0 1225.0 647.0 1225.0 696.0 1148.0 696.0 ship 0
1148.0 678.0 1212.0 678.0 1212.0 718.0 1148.0 718.0 ship 0
1132.0 694.0 1189.0 694.0 1189.0 731.0 1132.0 731.0 ship 0
1112.0 741.0 1185.0 741.0 1185.0 789.0 1112.0 789.0 ship 0
1101.0 763.0 1166.0 763.0 1166.0 805.0 1101.0 805.0 ship 0
1087.0 782.0 1154.0 782.0 1154.0 826.0 1087.0 826.0 ship 0
1070.0 824.0 1143.0 824.0 1143.0 876.0 1070.0 876.0 ship 0
1059.0 850.0 1119.0 850.0 1119.0 888.0 1059.0 888.0 ship 0
1035.0 891.0 1110.0 891.0 1110.0 939.0 1035.0 939.0 ship 0
1258.0 420.0 1324.0 420.0 1324.0 465.0 1258.0 465.0 ship 0
1003.0 802.0 1055.0 802.0 1055.0 840.0 1003.0 840.0 ship 0
570.0 790.0 591.0 790.0 591.0 829.0 570.0 829.0 ship 0
1023.0 786.0 1070.0 786.0 1070.0 820.0 1023.0 820.0 ship 0
1164.0 438.0 1232.0 438.0 1232.0 485.0 1164.0 485.0 ship 0
1156.0 470.0 1213.0 470.0 1213.0 505.0 1156.0 505.0 ship 0
1140.0 487.0 1206.0 487.0 1206.0 530.0 1140.0 530.0 ship 0
1133.0 510.0 1195.0 510.0 1195.0 551.0 1133.0 551.0 ship 0
1118.0 536.0 1185.0 536.0 1185.0 578.0 1118.0 578.0 ship 0
1112.0 564.0 1170.0 564.0 1170.0 599.0 1112.0 599.0 ship 0
1095.0 577.0 1159.0 577.0 1159.0 622.0 1095.0 622.0 ship 0
1082.0 599.0 1151.0 599.0 1151.0 647.0 1082.0 647.0 ship 0
1087.0 630.0 1141.0 630.0 1141.0 667.0 1087.0 667.0 ship 0
1070.0 649.0 1132.0 649.0 1132.0 692.0 1070.0 692.0 ship 0
1062.0 671.0 1121.0 671.0 1121.0 713.0 1062.0 713.0 ship 0
1051.0 692.0 1105.0 692.0 1105.0 731.0 1051.0 731.0 ship 0
1039.0 713.0 1095.0 713.0 1095.0 753.0 1039.0 753.0 ship 0
1033.0 737.0 1088.0 737.0 1088.0 780.0 1033.0 780.0 ship 0
1017.0 756.0 1081.0 756.0 1081.0 800.0 1017.0 800.0 ship 0
1269.0 400.0 1340.0 400.0 1340.0 447.0 1269.0 447.0 ship 0
586.0 795.0 608.0 795.0 608.0 829.0 586.0 829.0 ship 0
1182.0 383.0 1255.0 383.0 1255.0 437.0 1182.0 437.0 ship 0
941.0 876.0 959.0 876.0 959.0 911.0 941.0 911.0 ship 0
973.0 884.0 991.0 884.0 991.0 919.0 973.0 919.0 ship 0
990.0 887.0 1008.0 887.0 1008.0 922.0 990.0 922.0 ship 0
1002.0 890.0 1021.0 890.0 1021.0 924.0 1002.0 924.0 ship 0
1019.0 893.0 1040.0 893.0 1040.0 931.0 1019.0 931.0 ship 0
1004.0 991.0 1062.0 991.0 1062.0 1022.0 1004.0 1022.0 ship 0
1000.0 1013.0 1057.0 1013.0 1057.0 1043.0 1000.0 1043.0 ship 0
996.0 1036.0 1038.0 1036.0 1038.0 1061.0 996.0 1061.0 ship 0
986.0 979.0 1002.0 979.0 1002.0 1012.0 986.0 1012.0 ship 0
970.0 978.0 986.0 978.0 986.0 1009.0 970.0 1009.0 ship 0
955.0 972.0 972.0 972.0 972.0 1005.0 955.0 1005.0 ship 0
939.0 969.0 954.0 969.0 954.0 1002.0 939.0 1002.0 ship 0
923.0 967.0 941.0 967.0 941.0 999.0 923.0 999.0 ship 0
907.0 964.0 924.0 964.0 924.0 993.0 907.0 993.0 ship 0
875.0 957.0 894.0 957.0 894.0 985.0 875.0 985.0 ship 0
859.0 954.0 878.0 954.0 878.0 985.0 859.0 985.0 ship 0
956.0 879.0 977.0 879.0 977.0 916.0 956.0 916.0 ship 0
924.0 873.0 943.0 873.0 943.0 907.0 924.0 907.0 ship 0
618.0 803.0 638.0 803.0 638.0 837.0 618.0 837.0 ship 0
908.0 868.0 927.0 868.0 927.0 905.0 908.0 905.0 ship 0
636.0 809.0 653.0 809.0 653.0 842.0 636.0 842.0 ship 0
651.0 809.0 670.0 809.0 670.0 846.0 651.0 846.0 ship 0
667.0 812.0 687.0 812.0 687.0 848.0 667.0 848.0 ship 0
682.0 816.0 702.0 816.0 702.0 852.0 682.0 852.0 ship 0
701.0 820.0 719.0 820.0 719.0 857.0 701.0 857.0 ship 0
733.0 829.0 752.0 829.0 752.0 864.0 733.0 864.0 ship 0
748.0 835.0 766.0 835.0 766.0 866.0 748.0 866.0 ship 0
765.0 837.0 783.0 837.0 783.0 872.0 765.0 872.0 ship 0
781.0 839.0 798.0 839.0 798.0 875.0 781.0 875.0 ship 0
795.0 844.0 814.0 844.0 814.0 883.0 795.0 883.0 ship 0
811.0 847.0 829.0 847.0 829.0 883.0 811.0 883.0 ship 0
825.0 849.0 846.0 849.0 846.0 887.0 825.0 887.0 ship 0
844.0 853.0 862.0 853.0 862.0 889.0 844.0 889.0 ship 0
860.0 858.0 879.0 858.0 879.0 894.0 860.0 894.0 ship 0
875.0 861.0 895.0 861.0 895.0 897.0 875.0 897.0 ship 0
1176.0 410.0 1241.0 410.0 1241.0 457.0 1176.0 457.0 ship 0
842.0 801.0 900.0 801.0 900.0 831.0 842.0 831.0 ship 0
1000.0 1718.0 1050.0 1718.0 1050.0 1738.0 1000.0 1738.0 ship 0
1684.0 1547.0 1809.0 1547.0 1809.0 2209.0 1684.0 2209.0 harbor 0
982.0 380.0 1337.0 380.0 1337.0 912.0 982.0 912.0 harbor 0
773.0 411.0 1012.0 411.0 1012.0 843.0 773.0 843.0 harbor 0
751.0 401.0 803.0 401.0 803.0 429.0 751.0 429.0 ship 0
742.0 429.0 797.0 429.0 797.0 459.0 742.0 459.0 ship 0
738.0 450.0 790.0 450.0 790.0 477.0 738.0 477.0 ship 0
730.0 476.0 783.0 476.0 783.0 506.0 730.0 506.0 ship 0
725.0 503.0 779.0 503.0 779.0 530.0 725.0 530.0 ship 0
722.0 523.0 773.0 523.0 773.0 549.0 722.0 549.0 ship 0
717.0 546.0 763.0 546.0 763.0 571.0 717.0 571.0 ship 0
707.0 567.0 756.0 567.0 756.0 597.0 707.0 597.0 ship 0
707.0 592.0 751.0 592.0 751.0 616.0 707.0 616.0 ship 0
704.0 617.0 743.0 617.0 743.0 640.0 704.0 640.0 ship 0
696.0 645.0 744.0 645.0 744.0 667.0 696.0 667.0 ship 0
686.0 662.0 740.0 662.0 740.0 690.0 686.0 690.0 ship 0
679.0 685.0 735.0 685.0 735.0 714.0 679.0 714.0 ship 0
1887.0 1555.0 2040.0 1555.0 2040.0 2192.0 1887.0 2192.0 harbor 0
1507.0 1576.0 1626.0 1576.0 1626.0 2244.0 1507.0 2244.0 harbor 0
672.0 729.0 720.0 729.0 720.0 758.0 672.0 758.0 ship 0
1332.0 1570.0 1449.0 1570.0 1449.0 2240.0 1332.0 2240.0 harbor 0
576.0 779.0 1045.0 779.0 1045.0 931.0 576.0 931.0 harbor 0
543.0 882.0 1066.0 882.0 1066.0 1073.0 543.0 1073.0 harbor 0
499.0 1007.0 1004.0 1007.0 1004.0 1196.0 499.0 1196.0 harbor 0
381.0 1126.0 941.0 1126.0 941.0 1349.0 381.0 1349.0 harbor 0
248.0 1322.0 365.0 1322.0 365.0 1549.0 248.0 1549.0 harbor 0
401.0 1356.0 582.0 1356.0 582.0 1593.0 401.0 1593.0 harbor 0
664.0 1394.0 850.0 1394.0 850.0 1528.0 664.0 1528.0 harbor 0
338.0 1271.0 528.0 1271.0 528.0 1365.0 338.0 1365.0 harbor 0
181.0 1587.0 299.0 1587.0 299.0 1822.0 181.0 1822.0 harbor 0
332.0 1635.0 503.0 1635.0 503.0 1873.0 332.0 1873.0 harbor 0
558.0 1574.0 762.0 1574.0 762.0 1863.0 558.0 1863.0 harbor 0
572.0 1981.0 766.0 1981.0 766.0 2271.0 572.0 2271.0 harbor 0
758.0 1662.0 899.0 1662.0 899.0 2266.0 758.0 2266.0 harbor 0
988.0 1561.0 1111.0 1561.0 1111.0 2269.0 988.0 2269.0 harbor 0
1165.0 1566.0 1274.0 1566.0 1274.0 2281.0 1165.0 2281.0 harbor 0
678.0 711.0 735.0 711.0 735.0 739.0 678.0 739.0 ship 0
666.0 754.0 713.0 754.0 713.0 782.0 666.0 782.0 ship 0
847.0 780.0 898.0 780.0 898.0 813.0 847.0 813.0 ship 0
786.0 786.0 832.0 786.0 832.0 814.0 786.0 814.0 ship 0
949.0 415.0 1014.0 415.0 1014.0 449.0 949.0 449.0 ship 0
951.0 443.0 1010.0 443.0 1010.0 477.0 951.0 477.0 ship 0
939.0 470.0 1000.0 470.0 1000.0 507.0 939.0 507.0 ship 0
933.0 493.0 996.0 493.0 996.0 529.0 933.0 529.0 ship 0
911.0 551.0 975.0 551.0 975.0 588.0 911.0 588.0 ship 0
908.0 574.0 972.0 574.0 972.0 611.0 908.0 611.0 ship 0
899.0 602.0 955.0 602.0 955.0 636.0 899.0 636.0 ship 0
893.0 627.0 941.0 627.0 941.0 661.0 893.0 661.0 ship 0
888.0 649.0 936.0 649.0 936.0 678.0 888.0 678.0 ship 0
883.0 668.0 931.0 668.0 931.0 698.0 883.0 698.0 ship 0
875.0 687.0 927.0 687.0 927.0 716.0 875.0 716.0 ship 0
871.0 705.0 921.0 705.0 921.0 736.0 871.0 736.0 ship 0
864.0 723.0 910.0 723.0 910.0 752.0 864.0 752.0 ship 0
861.0 745.0 908.0 745.0 908.0 773.0 861.0 773.0 ship 0
853.0 760.0 909.0 760.0 909.0 797.0 853.0 797.0 ship 0
897.0 393.0 948.0 393.0 948.0 427.0 897.0 427.0 ship 0
785.0 766.0 840.0 766.0 840.0 801.0 785.0 801.0 ship 0
660.0 778.0 709.0 778.0 709.0 805.0 660.0 805.0 ship 0
794.0 749.0 843.0 749.0 843.0 780.0 794.0 780.0 ship 0
884.0 421.0 938.0 421.0 938.0 452.0 884.0 452.0 ship 0
881.0 443.0 933.0 443.0 933.0 474.0 881.0 474.0 ship 0
873.0 460.0 929.0 460.0 929.0 495.0 873.0 495.0 ship 0
860.0 502.0 916.0 502.0 916.0 535.0 860.0 535.0 ship 0
853.0 522.0 910.0 522.0 910.0 555.0 853.0 555.0 ship 0
845.0 544.0 899.0 544.0 899.0 577.0 845.0 577.0 ship 0
849.0 566.0 899.0 566.0 899.0 595.0 849.0 595.0 ship 0
847.0 583.0 894.0 583.0 894.0 613.0 847.0 613.0 ship 0
840.0 603.0 889.0 603.0 889.0 635.0 840.0 635.0 ship 0
836.0 622.0 880.0 622.0 880.0 649.0 836.0 649.0 ship 0
830.0 639.0 879.0 639.0 879.0 669.0 830.0 669.0 ship 0
814.0 675.0 865.0 675.0 865.0 706.0 814.0 706.0 ship 0
815.0 696.0 857.0 696.0 857.0 724.0 815.0 724.0 ship 0
802.0 710.0 854.0 710.0 854.0 742.0 802.0 742.0 ship 0
803.0 731.0 845.0 731.0 845.0 761.0 803.0 761.0 ship 0
842.0 949.0 860.0 949.0 860.0 981.0 842.0 981.0 ship 0
830.0 944.0 846.0 944.0 846.0 975.0 830.0 975.0 ship 0
796.0 934.0 813.0 934.0 813.0 967.0 796.0 967.0 ship 0
664.0 1651.0 713.0 1651.0 713.0 1688.0 664.0 1688.0 ship 0
620.0 1720.0 683.0 1720.0 683.0 1763.0 620.0 1763.0 ship 0
608.0 1750.0 669.0 1750.0 669.0 1790.0 608.0 1790.0 ship 0
581.0 1796.0 645.0 1796.0 645.0 1843.0 581.0 1843.0 ship 0
571.0 1818.0 633.0 1818.0 633.0 1863.0 571.0 1863.0 ship 0
559.0 1735.0 601.0 1735.0 601.0 1786.0 559.0 1786.0 ship 0
843.0 1675.0 899.0 1675.0 899.0 1694.0 843.0 1694.0 ship 0
844.0 1695.0 899.0 1695.0 899.0 1715.0 844.0 1715.0 ship 0
843.0 1714.0 906.0 1714.0 906.0 1738.0 843.0 1738.0 ship 0
847.0 1739.0 903.0 1739.0 903.0 1756.0 847.0 1756.0 ship 0
840.0 1760.0 897.0 1760.0 897.0 1777.0 840.0 1777.0 ship 0
842.0 1781.0 903.0 1781.0 903.0 1799.0 842.0 1799.0 ship 0
841.0 1803.0 889.0 1803.0 889.0 1820.0 841.0 1820.0 ship 0
838.0 1823.0 897.0 1823.0 897.0 1839.0 838.0 1839.0 ship 0
843.0 1845.0 900.0 1845.0 900.0 1864.0 843.0 1864.0 ship 0
843.0 1866.0 897.0 1866.0 897.0 1886.0 843.0 1886.0 ship 0
632.0 1701.0 690.0 1701.0 690.0 1742.0 632.0 1742.0 ship 0
673.0 1622.0 721.0 1622.0 721.0 1655.0 673.0 1655.0 ship 0
842.0 1912.0 895.0 1912.0 895.0 1928.0 842.0 1928.0 ship 0
779.0 1388.0 846.0 1388.0 846.0 1434.0 779.0 1434.0 ship 0
440.0 1683.0 495.0 1683.0 495.0 1710.0 440.0 1710.0 ship 0
429.0 1729.0 475.0 1729.0 475.0 1755.0 429.0 1755.0 ship 0
423.0 1750.0 460.0 1750.0 460.0 1772.0 423.0 1772.0 ship 0
421.0 1772.0 460.0 1772.0 460.0 1795.0 421.0 1795.0 ship 0
411.0 1791.0 458.0 1791.0 458.0 1815.0 411.0 1815.0 ship 0
407.0 1812.0 453.0 1812.0 453.0 1835.0 407.0 1835.0 ship 0
401.0 1831.0 443.0 1831.0 443.0 1854.0 401.0 1854.0 ship 0
393.0 1853.0 446.0 1853.0 446.0 1876.0 393.0 1876.0 ship 0
359.0 1862.0 395.0 1862.0 395.0 1882.0 359.0 1882.0 ship 0
325.0 1853.0 360.0 1853.0 360.0 1873.0 325.0 1873.0 ship 0
210.0 1824.0 258.0 1824.0 258.0 1850.0 210.0 1850.0 ship 0
177.0 1818.0 213.0 1818.0 213.0 1834.0 177.0 1834.0 ship 0
255.0 1837.0 325.0 1837.0 325.0 1866.0 255.0 1866.0 ship 0
556.0 1339.0 611.0 1339.0 611.0 1378.0 556.0 1378.0 ship 0
616.0 1354.0 673.0 1354.0 673.0 1393.0 616.0 1393.0 ship 0
843.0 1888.0 896.0 1888.0 896.0 1906.0 843.0 1906.0 ship 0
839.0 1931.0 893.0 1931.0 893.0 1951.0 839.0 1951.0 ship 0
784.0 933.0 799.0 933.0 799.0 964.0 784.0 964.0 ship 0
770.0 1908.0 829.0 1908.0 829.0 1931.0 770.0 1931.0 ship 0
768.0 1954.0 829.0 1954.0 829.0 1976.0 768.0 1976.0 ship 0
771.0 1978.0 830.0 1978.0 830.0 2000.0 771.0 2000.0 ship 0
769.0 2001.0 830.0 2001.0 830.0 2025.0 769.0 2025.0 ship 0
773.0 2028.0 826.0 2028.0 826.0 2047.0 773.0 2047.0 ship 0
772.0 2048.0 827.0 2048.0 827.0 2072.0 772.0 2072.0 ship 0
782.0 2120.0 825.0 2120.0 825.0 2138.0 782.0 2138.0 ship 0
782.0 2142.0 820.0 2142.0 820.0 2156.0 782.0 2156.0 ship 0
1003.0 1542.0 1057.0 1542.0 1057.0 1564.0 1003.0 1564.0 ship 0
1002.0 1571.0 1051.0 1571.0 1051.0 1592.0 1002.0 1592.0 ship 0
1004.0 1593.0 1051.0 1593.0 1051.0 1613.0 1004.0 1613.0 ship 0
1004.0 1613.0 1051.0 1613.0 1051.0 1632.0 1004.0 1632.0 ship 0
1003.0 1636.0 1049.0 1636.0 1049.0 1654.0 1003.0 1654.0 ship 0
1000.0 1656.0 1052.0 1656.0 1052.0 1675.0 1000.0 1675.0 ship 0
1004.0 1680.0 1047.0 1680.0 1047.0 1696.0 1004.0 1696.0 ship 0
1001.0 1700.0 1044.0 1700.0 1044.0 1714.0 1001.0 1714.0 ship 0
772.0 1933.0 823.0 1933.0 823.0 1951.0 772.0 1951.0 ship 0
759.0 1885.0 829.0 1885.0 829.0 1906.0 759.0 1906.0 ship 0
840.0 1974.0 895.0 1974.0 895.0 1995.0 840.0 1995.0 ship 0
771.0 1863.0 828.0 1863.0 828.0 1885.0 771.0 1885.0 ship 0
834.0 2019.0 894.0 2019.0 894.0 2040.0 834.0 2040.0 ship 0
835.0 2042.0 891.0 2042.0 891.0 2061.0 835.0 2061.0 ship 0
832.0 2067.0 890.0 2067.0 890.0 2088.0 832.0 2088.0 ship 0
837.0 2093.0 892.0 2093.0 892.0 2112.0 837.0 2112.0 ship 0
838.0 2116.0 893.0 2116.0 893.0 2135.0 838.0 2135.0 ship 0
833.0 2165.0 893.0 2165.0 893.0 2185.0 833.0 2185.0 ship 0
837.0 2190.0 897.0 2190.0 897.0 2210.0 837.0 2210.0 ship 0
834.0 2213.0 893.0 2213.0 893.0 2231.0 834.0 2231.0 ship 0
830.0 2248.0 902.0 2248.0 902.0 2272.0 830.0 2272.0 ship 0
778.0 1779.0 836.0 1779.0 836.0 1797.0 778.0 1797.0 ship 0
791.0 1758.0 835.0 1758.0 835.0 1775.0 791.0 1775.0 ship 0
801.0 1745.0 836.0 1745.0 836.0 1756.0 801.0 1756.0 ship 0
782.0 1799.0 832.0 1799.0 832.0 1817.0 782.0 1817.0 ship 0
769.0 1816.0 832.0 1816.0 832.0 1840.0 769.0 1840.0 ship 0
774.0 1842.0 828.0 1842.0 828.0 1860.0 774.0 1860.0 ship 0
443.0 1657.0 499.0 1657.0 499.0 1689.0 443.0 1689.0 ship 0
318.0 1826.0 389.0 1826.0 389.0 1855.0 318.0 1855.0 ship 0
326.0 1803.0 393.0 1803.0 393.0 1834.0 326.0 1834.0 ship 0
808.0 984.0 826.0 984.0 826.0 1019.0 808.0 1019.0 ship 0
776.0 976.0 795.0 976.0 795.0 1011.0 776.0 1011.0 ship 0
742.0 968.0 764.0 968.0 764.0 1002.0 742.0 1002.0 ship 0
713.0 962.0 730.0 962.0 730.0 993.0 713.0 993.0 ship 0
694.0 957.0 712.0 957.0 712.0 992.0 694.0 992.0 ship 0
679.0 955.0 695.0 955.0 695.0 985.0 679.0 985.0 ship 0
658.0 948.0 678.0 948.0 678.0 984.0 658.0 984.0 ship 0
644.0 944.0 662.0 944.0 662.0 980.0 644.0 980.0 ship 0
626.0 942.0 645.0 942.0 645.0 977.0 626.0 977.0 ship 0
609.0 938.0 629.0 938.0 629.0 973.0 609.0 973.0 ship 0
593.0 940.0 611.0 940.0 611.0 969.0 593.0 969.0 ship 0
576.0 932.0 593.0 932.0 593.0 963.0 576.0 963.0 ship 0
540.0 924.0 557.0 924.0 557.0 955.0 540.0 955.0 ship 0
673.0 1406.0 744.0 1406.0 744.0 1444.0 673.0 1444.0 ship 0
757.0 1428.0 833.0 1428.0 833.0 1466.0 757.0 1466.0 ship 0
670.0 1430.0 743.0 1430.0 743.0 1469.0 670.0 1469.0 ship 0
794.0 980.0 811.0 980.0 811.0 1016.0 794.0 1016.0 ship 0
823.0 985.0 846.0 985.0 846.0 1023.0 823.0 1023.0 ship 0
326.0 1777.0 400.0 1777.0 400.0 1812.0 326.0 1812.0 ship 0
843.0 990.0 863.0 990.0 863.0 1025.0 843.0 1025.0 ship 0
765.0 928.0 784.0 928.0 784.0 963.0 765.0 963.0 ship 0
752.0 929.0 769.0 929.0 769.0 957.0 752.0 957.0 ship 0
707.0 918.0 723.0 918.0 723.0 948.0 707.0 948.0 ship 0
691.0 915.0 707.0 915.0 707.0 946.0 691.0 946.0 ship 0
676.0 910.0 693.0 910.0 693.0 940.0 676.0 940.0 ship 0
644.0 905.0 662.0 905.0 662.0 936.0 644.0 936.0 ship 0
627.0 899.0 646.0 899.0 646.0 931.0 627.0 931.0 ship 0
612.0 896.0 630.0 896.0 630.0 926.0 612.0 926.0 ship 0
580.0 888.0 599.0 888.0 599.0 921.0 580.0 921.0 ship 0
565.0 886.0 580.0 886.0 580.0 916.0 565.0 916.0 ship 0
967.0 1024.0 992.0 1024.0 992.0 1061.0 967.0 1061.0 ship 0
954.0 1017.0 973.0 1017.0 973.0 1054.0 954.0 1054.0 ship 0
905.0 1005.0 926.0 1005.0 926.0 1042.0 905.0 1042.0 ship 0
888.0 1001.0 911.0 1001.0 911.0 1038.0 888.0 1038.0 ship 0
857.0 996.0 876.0 996.0 876.0 1030.0 857.0 1030.0 ship 0
741.0 1477.0 803.0 1477.0 803.0 1513.0 741.0 1513.0 ship 0
695.0 1557.0 765.0 1557.0 765.0 1609.0 695.0 1609.0 ship 0
511.0 1370.0 571.0 1370.0 571.0 1402.0 511.0 1402.0 ship 0
503.0 1419.0 571.0 1419.0 571.0 1455.0 503.0 1455.0 ship 0
266.0 1489.0 320.0 1489.0 320.0 1517.0 266.0 1517.0 ship 0
256.0 1514.0 319.0 1514.0 319.0 1543.0 256.0 1543.0 ship 0
244.0 1436.0 272.0 1436.0 272.0 1485.0 244.0 1485.0 ship 0
241.0 1602.0 294.0 1602.0 294.0 1630.0 241.0 1630.0 ship 0
229.0 1645.0 284.0 1645.0 284.0 1676.0 229.0 1676.0 ship 0
221.0 1673.0 276.0 1673.0 276.0 1701.0 221.0 1701.0 ship 0
207.0 1719.0 267.0 1719.0 267.0 1748.0 207.0 1748.0 ship 0
206.0 1743.0 255.0 1743.0 255.0 1765.0 206.0 1765.0 ship 0
195.0 1768.0 256.0 1768.0 256.0 1799.0 195.0 1799.0 ship 0
197.0 1792.0 248.0 1792.0 248.0 1818.0 197.0 1818.0 ship 0
380.0 1616.0 444.0 1616.0 444.0 1649.0 380.0 1649.0 ship 0
382.0 1640.0 438.0 1640.0 438.0 1673.0 382.0 1673.0 ship 0
374.0 1664.0 427.0 1664.0 427.0 1696.0 374.0 1696.0 ship 0
370.0 1689.0 421.0 1689.0 421.0 1721.0 370.0 1721.0 ship 0
359.0 1734.0 411.0 1734.0 411.0 1765.0 359.0 1765.0 ship 0
272.0 1467.0 324.0 1467.0 324.0 1494.0 272.0 1494.0 ship 0
279.0 1442.0 334.0 1442.0 334.0 1470.0 279.0 1470.0 ship 0
289.0 1390.0 349.0 1390.0 349.0 1422.0 289.0 1422.0 ship 0
432.0 1420.0 490.0 1420.0 490.0 1453.0 432.0 1453.0 ship 0
488.0 1473.0 555.0 1473.0 555.0 1507.0 488.0 1507.0 ship 0
483.0 1498.0 548.0 1498.0 548.0 1534.0 483.0 1534.0 ship 0
474.0 1522.0 550.0 1522.0 550.0 1561.0 474.0 1561.0 ship 0
466.0 1551.0 540.0 1551.0 540.0 1590.0 466.0 1590.0 ship 0
452.0 1357.0 505.0 1357.0 505.0 1383.0 452.0 1383.0 ship 0
439.0 1398.0 496.0 1398.0 496.0 1429.0 439.0 1429.0 ship 0
428.0 1445.0 482.0 1445.0 482.0 1475.0 428.0 1475.0 ship 0
296.0 1367.0 350.0 1367.0 350.0 1395.0 296.0 1395.0 ship 0
422.0 1467.0 476.0 1467.0 476.0 1498.0 422.0 1498.0 ship 0
417.0 1491.0 471.0 1491.0 471.0 1522.0 417.0 1522.0 ship 0
410.0 1514.0 463.0 1514.0 463.0 1545.0 410.0 1545.0 ship 0
404.0 1538.0 459.0 1538.0 459.0 1567.0 404.0 1567.0 ship 0
310.0 1321.0 367.0 1321.0 367.0 1350.0 310.0 1350.0 ship 0
302.0 1344.0 358.0 1344.0 358.0 1371.0 302.0 1371.0 ship 0
1895.0 1848.0 1948.0 1848.0 1948.0 1865.0 1895.0 1865.0 ship 0
1904.0 1870.0 1952.0 1870.0 1952.0 1892.0 1904.0 1892.0 ship 0
1895.0 1894.0 1952.0 1894.0 1952.0 1914.0 1895.0 1914.0 ship 0
147.0 1992.0 170.0 1992.0 170.0 2011.0 147.0 2011.0 small-vehicle 0
162.0 2007.0 181.0 2007.0 181.0 2026.0 162.0 2026.0 small-vehicle 0
180.0 2030.0 202.0 2030.0 202.0 2050.0 180.0 2050.0 small-vehicle 0
99.0 2011.0 118.0 2011.0 118.0 2031.0 99.0 2031.0 small-vehicle 0
111.0 2028.0 130.0 2028.0 130.0 2046.0 111.0 2046.0 small-vehicle 0
55.0 2089.0 78.0 2089.0 78.0 2109.0 55.0 2109.0 small-vehicle 0
142.0 2068.0 164.0 2068.0 164.0 2087.0 142.0 2087.0 small-vehicle 0
148.0 2075.0 170.0 2075.0 170.0 2098.0 148.0 2098.0 small-vehicle 0
154.0 2085.0 175.0 2085.0 175.0 2104.0 154.0 2104.0 small-vehicle 0
67.0 2104.0 91.0 2104.0 91.0 2125.0 67.0 2125.0 small-vehicle 0
69.0 2243.0 91.0 2243.0 91.0 2263.0 69.0 2263.0 small-vehicle 0
180.0 2262.0 202.0 2262.0 202.0 2282.0 180.0 2282.0 small-vehicle 0
129.0 2276.0 150.0 2276.0 150.0 2295.0 129.0 2295.0 small-vehicle 0
136.0 2281.0 157.0 2281.0 157.0 2302.0 136.0 2302.0 small-vehicle 0
202.0 2319.0 215.0 2319.0 215.0 2340.0 202.0 2340.0 small-vehicle 0
190.0 2335.0 202.0 2335.0 202.0 2356.0 190.0 2356.0 small-vehicle 0
154.0 2002.0 174.0 2002.0 174.0 2020.0 154.0 2020.0 small-vehicle 0
133.0 1975.0 157.0 1975.0 157.0 1996.0 133.0 1996.0 small-vehicle 0
172.0 2338.0 183.0 2338.0 183.0 2358.0 172.0 2358.0 small-vehicle 0
63.0 1964.0 82.0 1964.0 82.0 1982.0 63.0 1982.0 small-vehicle 0
547.0 2300.0 568.0 2300.0 568.0 2315.0 547.0 2315.0 small-vehicle 1
544.0 2308.0 563.0 2308.0 563.0 2324.0 544.0 2324.0 small-vehicle 1
478.0 2307.0 497.0 2307.0 497.0 2323.0 478.0 2323.0 small-vehicle 1
487.0 2335.0 510.0 2335.0 510.0 2353.0 487.0 2353.0 small-vehicle 1
464.0 2334.0 484.0 2334.0 484.0 2349.0 464.0 2349.0 small-vehicle 1
350.0 2269.0 368.0 2269.0 368.0 2287.0 350.0 2287.0 small-vehicle 1
426.0 2303.0 447.0 2303.0 447.0 2321.0 426.0 2321.0 small-vehicle 1
43.0 1851.0 67.0 1851.0 67.0 1871.0 43.0 1871.0 small-vehicle 0
49.0 1862.0 72.0 1862.0 72.0 1881.0 49.0 1881.0 small-vehicle 0
57.0 1869.0 77.0 1869.0 77.0 1887.0 57.0 1887.0 small-vehicle 0
58.0 1879.0 83.0 1879.0 83.0 1902.0 58.0 1902.0 small-vehicle 0
73.0 1896.0 91.0 1896.0 91.0 1915.0 73.0 1915.0 small-vehicle 0
77.0 1903.0 99.0 1903.0 99.0 1922.0 77.0 1922.0 small-vehicle 0
84.0 1911.0 104.0 1911.0 104.0 1930.0 84.0 1930.0 small-vehicle 0
89.0 1917.0 113.0 1917.0 113.0 1942.0 89.0 1942.0 small-vehicle 0
181.0 2337.0 192.0 2337.0 192.0 2358.0 181.0 2358.0 small-vehicle 0
162.0 2337.0 173.0 2337.0 173.0 2359.0 162.0 2359.0 small-vehicle 0
509.0 2249.0 528.0 2249.0 528.0 2264.0 509.0 2264.0 small-vehicle 1
316.0 2164.0 335.0 2164.0 335.0 2182.0 316.0 2182.0 small-vehicle 0
336.0 2240.0 359.0 2240.0 359.0 2260.0 336.0 2260.0 small-vehicle 0
422.0 2131.0 441.0 2131.0 441.0 2146.0 422.0 2146.0 small-vehicle 0
453.0 2195.0 474.0 2195.0 474.0 2213.0 453.0 2213.0 small-vehicle 0
482.0 2202.0 503.0 2202.0 503.0 2219.0 482.0 2219.0 small-vehicle 0
485.0 2193.0 507.0 2193.0 507.0 2210.0 485.0 2210.0 small-vehicle 0
458.0 2243.0 479.0 2243.0 479.0 2261.0 458.0 2261.0 small-vehicle 0
449.0 2261.0 468.0 2261.0 468.0 2277.0 449.0 2277.0 small-vehicle 0
443.0 2271.0 464.0 2271.0 464.0 2287.0 443.0 2287.0 small-vehicle 0
439.0 2278.0 461.0 2278.0 461.0 2296.0 439.0 2296.0 small-vehicle 0
435.0 2287.0 457.0 2287.0 457.0 2304.0 435.0 2304.0 small-vehicle 0
431.0 2296.0 451.0 2296.0 451.0 2311.0 431.0 2311.0 small-vehicle 0
419.0 2321.0 440.0 2321.0 440.0 2336.0 419.0 2336.0 small-vehicle 0
422.0 2312.0 443.0 2312.0 443.0 2329.0 422.0 2329.0 small-vehicle 0
412.0 2329.0 435.0 2329.0 435.0 2345.0 412.0 2345.0 small-vehicle 0
407.0 2339.0 431.0 2339.0 431.0 2355.0 407.0 2355.0 small-vehicle 0
321.0 2156.0 340.0 2156.0 340.0 2174.0 321.0 2174.0 small-vehicle 0
310.0 2175.0 330.0 2175.0 330.0 2191.0 310.0 2191.0 small-vehicle 0
153.0 2336.0 164.0 2336.0 164.0 2358.0 153.0 2358.0 small-vehicle 0
280.0 2181.0 301.0 2181.0 301.0 2199.0 280.0 2199.0 small-vehicle 0
147.0 2339.0 153.0 2339.0 153.0 2357.0 147.0 2357.0 small-vehicle 0
136.0 2335.0 146.0 2335.0 146.0 2358.0 136.0 2358.0 small-vehicle 0
126.0 2335.0 137.0 2335.0 137.0 2357.0 126.0 2357.0 small-vehicle 0
118.0 2335.0 127.0 2335.0 127.0 2356.0 118.0 2356.0 small-vehicle 0
110.0 2337.0 120.0 2337.0 120.0 2359.0 110.0 2359.0 small-vehicle 0
97.0 2336.0 110.0 2336.0 110.0 2360.0 97.0 2360.0 small-vehicle 1
346.0 2063.0 367.0 2063.0 367.0 2082.0 346.0 2082.0 small-vehicle 0
340.0 2073.0 361.0 2073.0 361.0 2091.0 340.0 2091.0 small-vehicle 0
345.0 2102.0 369.0 2102.0 369.0 2120.0 345.0 2120.0 small-vehicle 0
327.0 2140.0 350.0 2140.0 350.0 2157.0 327.0 2157.0 small-vehicle 0
304.0 2137.0 325.0 2137.0 325.0 2155.0 304.0 2155.0 small-vehicle 0
300.0 2146.0 322.0 2146.0 322.0 2164.0 300.0 2164.0 small-vehicle 0
294.0 2155.0 317.0 2155.0 317.0 2172.0 294.0 2172.0 small-vehicle 0
292.0 2164.0 312.0 2164.0 312.0 2181.0 292.0 2181.0 small-vehicle 0
285.0 2170.0 306.0 2170.0 306.0 2189.0 285.0 2189.0 small-vehicle 0
514.0 2284.0 535.0 2284.0 535.0 2301.0 514.0 2301.0 small-vehicle 1
454.0 2251.0 474.0 2251.0 474.0 2268.0 454.0 2268.0 small-vehicle 1
50.0 2080.0 74.0 2080.0 74.0 2099.0 50.0 2099.0 small-vehicle 1
254.0 2112.0 273.0 2112.0 273.0 2128.0 254.0 2128.0 small-vehicle 1
125.0 2044.0 145.0 2044.0 145.0 2062.0 125.0 2062.0 small-vehicle 1
116.0 2036.0 137.0 2036.0 137.0 2055.0 116.0 2055.0 small-vehicle 1
128.0 2051.0 150.0 2051.0 150.0 2073.0 128.0 2073.0 small-vehicle 1
138.0 2060.0 157.0 2060.0 157.0 2079.0 138.0 2079.0 small-vehicle 1
388.0 2033.0 410.0 2033.0 410.0 2050.0 388.0 2050.0 small-vehicle 1
399.0 2016.0 422.0 2016.0 422.0 2035.0 399.0 2035.0 small-vehicle 1
376.0 2000.0 401.0 2000.0 401.0 2024.0 376.0 2024.0 small-vehicle 1
382.0 2045.0 403.0 2045.0 403.0 2062.0 382.0 2062.0 small-vehicle 1
373.0 2052.0 396.0 2052.0 396.0 2070.0 373.0 2070.0 small-vehicle 1
371.0 2063.0 391.0 2063.0 391.0 2078.0 371.0 2078.0 small-vehicle 1
353.0 2091.0 374.0 2091.0 374.0 2109.0 353.0 2109.0 small-vehicle 1
334.0 2082.0 355.0 2082.0 355.0 2100.0 334.0 2100.0 small-vehicle 1
327.0 2091.0 348.0 2091.0 348.0 2109.0 327.0 2109.0 small-vehicle 1
339.0 2109.0 364.0 2109.0 364.0 2129.0 339.0 2129.0 small-vehicle 1
332.0 2129.0 357.0 2129.0 357.0 2149.0 332.0 2149.0 small-vehicle 1
259.0 2101.0 276.0 2101.0 276.0 2119.0 259.0 2119.0 small-vehicle 1
248.0 2121.0 268.0 2121.0 268.0 2138.0 248.0 2138.0 small-vehicle 1
73.0 2199.0 94.0 2199.0 94.0 2219.0 73.0 2219.0 small-vehicle 1
242.0 2128.0 262.0 2128.0 262.0 2144.0 242.0 2144.0 small-vehicle 1
2.0 2013.0 23.0 2013.0 23.0 2034.0 2.0 2034.0 small-vehicle 1
9.0 2022.0 29.0 2022.0 29.0 2041.0 9.0 2041.0 small-vehicle 1
30.0 2054.0 52.0 2054.0 52.0 2074.0 30.0 2074.0 small-vehicle 1
26.0 2130.0 48.0 2130.0 48.0 2150.0 26.0 2150.0 small-vehicle 1
128.0 1967.0 150.0 1967.0 150.0 1988.0 128.0 1988.0 small-vehicle 1
167.0 2015.0 187.0 2015.0 187.0 2033.0 167.0 2033.0 small-vehicle 1
174.0 2023.0 196.0 2023.0 196.0 2041.0 174.0 2041.0 small-vehicle 1
185.0 2040.0 207.0 2040.0 207.0 2060.0 185.0 2060.0 small-vehicle 1
272.0 2074.0 293.0 2074.0 293.0 2093.0 272.0 2093.0 small-vehicle 1
267.0 2086.0 290.0 2086.0 290.0 2105.0 267.0 2105.0 small-vehicle 1
248.0 2076.0 270.0 2076.0 270.0 2095.0 248.0 2095.0 small-vehicle 1
242.0 2093.0 261.0 2093.0 261.0 2110.0 242.0 2110.0 small-vehicle 1
238.0 2101.0 257.0 2101.0 257.0 2120.0 238.0 2120.0 small-vehicle 1
230.0 2108.0 251.0 2108.0 251.0 2128.0 230.0 2128.0 small-vehicle 1
226.0 2118.0 245.0 2118.0 245.0 2137.0 226.0 2137.0 small-vehicle 1
81.0 2207.0 102.0 2207.0 102.0 2224.0 81.0 2224.0 small-vehicle 1
84.0 2214.0 105.0 2214.0 105.0 2232.0 84.0 2232.0 small-vehicle 1
477.0 2351.0 501.0 2351.0 501.0 2369.0 477.0 2369.0 small-vehicle 1
198.0 2286.0 222.0 2286.0 222.0 2306.0 198.0 2306.0 small-vehicle 1
137.0 2200.0 158.0 2200.0 158.0 2218.0 137.0 2218.0 small-vehicle 1
130.0 2192.0 150.0 2192.0 150.0 2211.0 130.0 2211.0 small-vehicle 1
118.0 2176.0 141.0 2176.0 141.0 2197.0 118.0 2197.0 small-vehicle 1
348.0 2224.0 368.0 2224.0 368.0 2244.0 348.0 2244.0 small-vehicle 1
275.0 2190.0 297.0 2190.0 297.0 2206.0 275.0 2206.0 small-vehicle 1
295.0 2201.0 316.0 2201.0 316.0 2217.0 295.0 2217.0 small-vehicle 1
300.0 2190.0 320.0 2190.0 320.0 2207.0 300.0 2207.0 small-vehicle 1
326.0 2267.0 346.0 2267.0 346.0 2284.0 326.0 2284.0 small-vehicle 1
431.0 2237.0 452.0 2237.0 452.0 2255.0 431.0 2255.0 small-vehicle 1
462.0 2236.0 484.0 2236.0 484.0 2252.0 462.0 2252.0 small-vehicle 1
465.0 2223.0 489.0 2223.0 489.0 2242.0 465.0 2242.0 small-vehicle 1
470.0 2215.0 494.0 2215.0 494.0 2234.0 470.0 2234.0 small-vehicle 1
403.0 2347.0 427.0 2347.0 427.0 2363.0 403.0 2363.0 small-vehicle 1
418.0 2386.0 440.0 2386.0 440.0 2399.0 418.0 2399.0 small-vehicle 1
455.0 2352.0 475.0 2352.0 475.0 2370.0 455.0 2370.0 small-vehicle 1
140.0 2209.0 161.0 2209.0 161.0 2227.0 140.0 2227.0 small-vehicle 1
192.0 2275.0 216.0 2275.0 216.0 2297.0 192.0 2297.0 small-vehicle 1
91.0 2225.0 111.0 2225.0 111.0 2242.0 91.0 2242.0 small-vehicle 1
187.0 2268.0 210.0 2268.0 210.0 2288.0 187.0 2288.0 small-vehicle 1
95.0 2230.0 116.0 2230.0 116.0 2250.0 95.0 2250.0 small-vehicle 1
102.0 2237.0 123.0 2237.0 123.0 2258.0 102.0 2258.0 small-vehicle 1
106.0 2245.0 126.0 2245.0 126.0 2262.0 106.0 2262.0 small-vehicle 1
112.0 2252.0 132.0 2252.0 132.0 2271.0 112.0 2271.0 small-vehicle 1
95.0 2270.0 114.0 2270.0 114.0 2290.0 95.0 2290.0 small-vehicle 1
100.0 2279.0 119.0 2279.0 119.0 2297.0 100.0 2297.0 small-vehicle 1
106.0 2286.0 126.0 2286.0 126.0 2305.0 106.0 2305.0 small-vehicle 1
102.0 2308.0 124.0 2308.0 124.0 2319.0 102.0 2319.0 small-vehicle 1
140.0 2300.0 161.0 2300.0 161.0 2316.0 140.0 2316.0 small-vehicle 1
124.0 2268.0 146.0 2268.0 146.0 2286.0 124.0 2286.0 small-vehicle 1
118.0 2260.0 139.0 2260.0 139.0 2278.0 118.0 2278.0 small-vehicle 1
149.0 2216.0 170.0 2216.0 170.0 2235.0 149.0 2235.0 small-vehicle 1
151.0 2225.0 172.0 2225.0 172.0 2244.0 151.0 2244.0 small-vehicle 1
156.0 2234.0 177.0 2234.0 177.0 2252.0 156.0 2252.0 small-vehicle 1
164.0 2240.0 186.0 2240.0 186.0 2259.0 164.0 2259.0 small-vehicle 1
381.0 2335.0 403.0 2335.0 403.0 2351.0 381.0 2351.0 small-vehicle 0
398.0 2301.0 420.0 2301.0 420.0 2319.0 398.0 2319.0 small-vehicle 0
496.0 2275.0 517.0 2275.0 517.0 2292.0 496.0 2292.0 small-vehicle 0
1619.0 2417.0 1630.0 2417.0 1630.0 2437.0 1619.0 2437.0 small-vehicle 0
1638.0 2417.0 1649.0 2417.0 1649.0 2438.0 1638.0 2438.0 small-vehicle 0
1648.0 2415.0 1659.0 2415.0 1659.0 2437.0 1648.0 2437.0 small-vehicle 0
1659.0 2417.0 1669.0 2417.0 1669.0 2438.0 1659.0 2438.0 small-vehicle 0
1669.0 2417.0 1679.0 2417.0 1679.0 2440.0 1669.0 2440.0 small-vehicle 0
1687.0 2416.0 1698.0 2416.0 1698.0 2439.0 1687.0 2439.0 small-vehicle 0
1708.0 2420.0 1718.0 2420.0 1718.0 2441.0 1708.0 2441.0 small-vehicle 0
1719.0 2421.0 1728.0 2421.0 1728.0 2441.0 1719.0 2441.0 small-vehicle 0
1731.0 2421.0 1739.0 2421.0 1739.0 2441.0 1731.0 2441.0 small-vehicle 0
1741.0 2418.0 1749.0 2418.0 1749.0 2440.0 1741.0 2440.0 small-vehicle 0
1748.0 2421.0 1759.0 2421.0 1759.0 2443.0 1748.0 2443.0 small-vehicle 0
1760.0 2422.0 1769.0 2422.0 1769.0 2440.0 1760.0 2440.0 small-vehicle 0
1768.0 2421.0 1780.0 2421.0 1780.0 2440.0 1768.0 2440.0 small-vehicle 0
1780.0 2419.0 1789.0 2419.0 1789.0 2442.0 1780.0 2442.0 small-vehicle 0
1798.0 2420.0 1807.0 2420.0 1807.0 2440.0 1798.0 2440.0 small-vehicle 0
1808.0 2420.0 1819.0 2420.0 1819.0 2443.0 1808.0 2443.0 small-vehicle 0
1627.0 2415.0 1639.0 2415.0 1639.0 2436.0 1627.0 2436.0 small-vehicle 0
1609.0 2415.0 1619.0 2415.0 1619.0 2437.0 1609.0 2437.0 small-vehicle 0
1849.0 2421.0 1860.0 2421.0 1860.0 2443.0 1849.0 2443.0 small-vehicle 0
1598.0 2414.0 1609.0 2414.0 1609.0 2437.0 1598.0 2437.0 small-vehicle 0
1622.0 2366.0 1633.0 2366.0 1633.0 2386.0 1622.0 2386.0 small-vehicle 0
1633.0 2367.0 1642.0 2367.0 1642.0 2387.0 1633.0 2387.0 small-vehicle 0
1644.0 2367.0 1655.0 2367.0 1655.0 2388.0 1644.0 2388.0 small-vehicle 0
1471.0 2395.0 1486.0 2395.0 1486.0 2418.0 1471.0 2418.0 small-vehicle 0
1482.0 2398.0 1497.0 2398.0 1497.0 2422.0 1482.0 2422.0 small-vehicle 0
1490.0 2403.0 1506.0 2403.0 1506.0 2425.0 1490.0 2425.0 small-vehicle 0
1497.0 2405.0 1516.0 2405.0 1516.0 2431.0 1497.0 2431.0 small-vehicle 0
1509.0 2408.0 1525.0 2408.0 1525.0 2430.0 1509.0 2430.0 small-vehicle 0
1519.0 2411.0 1534.0 2411.0 1534.0 2433.0 1519.0 2433.0 small-vehicle 0
1531.0 2412.0 1546.0 2412.0 1546.0 2433.0 1531.0 2433.0 small-vehicle 0
1543.0 2413.0 1556.0 2413.0 1556.0 2435.0 1543.0 2435.0 small-vehicle 0
1554.0 2413.0 1566.0 2413.0 1566.0 2436.0 1554.0 2436.0 small-vehicle 0
1565.0 2414.0 1577.0 2414.0 1577.0 2437.0 1565.0 2437.0 small-vehicle 0
1577.0 2415.0 1588.0 2415.0 1588.0 2436.0 1577.0 2436.0 small-vehicle 0
1586.0 2414.0 1597.0 2414.0 1597.0 2438.0 1586.0 2438.0 small-vehicle 0
1839.0 2423.0 1848.0 2423.0 1848.0 2443.0 1839.0 2443.0 small-vehicle 0
1863.0 2413.0 1887.0 2413.0 1887.0 2430.0 1863.0 2430.0 small-vehicle 0
486.0 2291.0 508.0 2291.0 508.0 2309.0 486.0 2309.0 small-vehicle 0
573.0 767.0 603.0 767.0 603.0 783.0 573.0 783.0 ship 0
771.0 806.0 827.0 806.0 827.0 833.0 771.0 833.0 ship 0
980.0 846.0 1039.0 846.0 1039.0 885.0 980.0 885.0 ship 0
1050.0 872.0 1062.0 872.0 1062.0 889.0 1050.0 889.0 ship 0
762.0 373.0 804.0 373.0 804.0 407.0 762.0 407.0 ship 0
837.0 820.0 885.0 820.0 885.0 849.0 837.0 849.0 ship 0
542.0 859.0 551.0 859.0 551.0 874.0 542.0 874.0 ship 0
531.0 1343.0 545.0 1343.0 545.0 1361.0 531.0 1361.0 ship 0
512.0 1316.0 543.0 1316.0 543.0 1356.0 512.0 1356.0 ship 0
775.0 1470.0 805.0 1470.0 805.0 1488.0 775.0 1488.0 ship 0
456.0 1774.0 475.0 1774.0 475.0 1802.0 456.0 1802.0 ship 0
568.0 2056.0 588.0 2056.0 588.0 2072.0 568.0 2072.0 ship 0
1410.0 1560.0 1447.0 1560.0 1447.0 1575.0 1410.0 1575.0 ship 0
1684.0 2212.0 1707.0 2212.0 1707.0 2224.0 1684.0 2224.0 ship 0
1544.0 327.0 1560.0 327.0 1560.0 342.0 1544.0 342.0 ship 1
544.0 1800.0 562.0 1800.0 562.0 1823.0 544.0 1823.0 ship 0
549.0 776.0 569.0 776.0 569.0 803.0 549.0 803.0 ship 0
528.0 878.0 547.0 878.0 547.0 909.0 528.0 909.0 ship 0
1857.0 2366.0 1873.0 2366.0 1873.0 2391.0 1857.0 2391.0 small-vehicle 0
1022.0 1066.0 1049.0 1066.0 1049.0 1080.0 1022.0 1080.0 ship 0
1871.0 2368.0 1883.0 2368.0 1883.0 2386.0 1871.0 2386.0 small-vehicle 0
1879.0 2370.0 1891.0 2370.0 1891.0 2391.0 1879.0 2391.0 small-vehicle 0
1887.0 2371.0 1901.0 2371.0 1901.0 2392.0 1887.0 2392.0 small-vehicle 0
1897.0 2372.0 1912.0 2372.0 1912.0 2396.0 1897.0 2396.0 small-vehicle 0
1909.0 2377.0 1922.0 2377.0 1922.0 2401.0 1909.0 2401.0 small-vehicle 0
1919.0 2379.0 1931.0 2379.0 1931.0 2401.0 1919.0 2401.0 small-vehicle 0
1927.0 2380.0 1940.0 2380.0 1940.0 2403.0 1927.0 2403.0 small-vehicle 0
1937.0 2384.0 1950.0 2384.0 1950.0 2406.0 1937.0 2406.0 small-vehicle 0
2157.0 2480.0 2178.0 2480.0 2178.0 2492.0 2157.0 2492.0 small-vehicle 0
2153.0 2392.0 2164.0 2392.0 2164.0 2416.0 2153.0 2416.0 small-vehicle 0
2165.0 2390.0 2175.0 2390.0 2175.0 2414.0 2165.0 2414.0 small-vehicle 0
382.0 1149.0 414.0 1149.0 414.0 1170.0 382.0 1170.0 ship 0
463.0 1021.0 491.0 1021.0 491.0 1041.0 463.0 1041.0 ship 0
989.0 1123.0 1022.0 1123.0 1022.0 1170.0 989.0 1170.0 ship 0
989.0 1052.0 1020.0 1052.0 1020.0 1079.0 989.0 1079.0 ship 0
1611.0 2366.0 1624.0 2366.0 1624.0 2391.0 1611.0 2391.0 small-vehicle 0
1602.0 2368.0 1612.0 2368.0 1612.0 2388.0 1602.0 2388.0 small-vehicle 0
1594.0 2367.0 1604.0 2367.0 1604.0 2386.0 1594.0 2386.0 small-vehicle 0
1396.0 2361.0 1407.0 2361.0 1407.0 2382.0 1396.0 2382.0 small-vehicle 1
1748.0 2403.0 1771.0 2403.0 1771.0 2416.0 1748.0 2416.0 small-vehicle 1
1887.0 2418.0 1908.0 2418.0 1908.0 2435.0 1887.0 2435.0 small-vehicle 1
1121.0 2378.0 1142.0 2378.0 1142.0 2388.0 1121.0 2388.0 small-vehicle 0
1187.0 2372.0 1206.0 2372.0 1206.0 2382.0 1187.0 2382.0 small-vehicle 0
1126.0 2406.0 1136.0 2406.0 1136.0 2427.0 1126.0 2427.0 small-vehicle 0
1136.0 2408.0 1147.0 2408.0 1147.0 2429.0 1136.0 2429.0 small-vehicle 0
1145.0 2408.0 1157.0 2408.0 1157.0 2429.0 1145.0 2429.0 small-vehicle 0
1157.0 2406.0 1167.0 2406.0 1167.0 2427.0 1157.0 2427.0 small-vehicle 0
1166.0 2406.0 1175.0 2406.0 1175.0 2427.0 1166.0 2427.0 small-vehicle 0
1175.0 2405.0 1187.0 2405.0 1187.0 2429.0 1175.0 2429.0 small-vehicle 0
1187.0 2406.0 1198.0 2406.0 1198.0 2428.0 1187.0 2428.0 small-vehicle 0
1198.0 2411.0 1206.0 2411.0 1206.0 2427.0 1198.0 2427.0 small-vehicle 0
1207.0 2409.0 1218.0 2409.0 1218.0 2429.0 1207.0 2429.0 small-vehicle 0
1222.0 2409.0 1232.0 2409.0 1232.0 2428.0 1222.0 2428.0 small-vehicle 0
1233.0 2407.0 1243.0 2407.0 1243.0 2427.0 1233.0 2427.0 small-vehicle 0
1396.0 2407.0 1406.0 2407.0 1406.0 2429.0 1396.0 2429.0 small-vehicle 1
1377.0 2361.0 1386.0 2361.0 1386.0 2381.0 1377.0 2381.0 small-vehicle 1
1583.0 2363.0 1593.0 2363.0 1593.0 2385.0 1583.0 2385.0 small-vehicle 0
1346.0 2362.0 1356.0 2362.0 1356.0 2381.0 1346.0 2381.0 small-vehicle 1
481.0 2299.0 503.0 2299.0 503.0 2316.0 481.0 2316.0 small-vehicle 0
504.0 2302.0 524.0 2302.0 524.0 2320.0 504.0 2320.0 small-vehicle 0
496.0 2317.0 517.0 2317.0 517.0 2336.0 496.0 2336.0 small-vehicle 0
474.0 2318.0 496.0 2318.0 496.0 2335.0 474.0 2335.0 small-vehicle 0
465.0 2325.0 488.0 2325.0 488.0 2342.0 465.0 2342.0 small-vehicle 0
503.0 2257.0 525.0 2257.0 525.0 2275.0 503.0 2275.0 small-vehicle 0
521.0 2268.0 544.0 2268.0 544.0 2285.0 521.0 2285.0 small-vehicle 0
512.0 2239.0 540.0 2239.0 540.0 2260.0 512.0 2260.0 small-vehicle 0
538.0 2321.0 558.0 2321.0 558.0 2335.0 538.0 2335.0 small-vehicle 0
533.0 2328.0 554.0 2328.0 554.0 2344.0 533.0 2344.0 small-vehicle 1
1145.0 2373.0 1163.0 2373.0 1163.0 2384.0 1145.0 2384.0 small-vehicle 1
1166.0 2373.0 1185.0 2373.0 1185.0 2383.0 1166.0 2383.0 small-vehicle 1
1303.0 2363.0 1313.0 2363.0 1313.0 2382.0 1303.0 2382.0 small-vehicle 1
1326.0 2362.0 1336.0 2362.0 1336.0 2384.0 1326.0 2384.0 small-vehicle 1
1336.0 2361.0 1347.0 2361.0 1347.0 2382.0 1336.0 2382.0 small-vehicle 1
1242.0 2408.0 1254.0 2408.0 1254.0 2429.0 1242.0 2429.0 small-vehicle 0
1253.0 2411.0 1263.0 2411.0 1263.0 2430.0 1253.0 2430.0 small-vehicle 0
1264.0 2409.0 1274.0 2409.0 1274.0 2431.0 1264.0 2431.0 small-vehicle 0
1273.0 2410.0 1285.0 2410.0 1285.0 2431.0 1273.0 2431.0 small-vehicle 0
1345.0 2407.0 1355.0 2407.0 1355.0 2431.0 1345.0 2431.0 small-vehicle 0
1356.0 2412.0 1365.0 2412.0 1365.0 2429.0 1356.0 2429.0 small-vehicle 0
1363.0 2406.0 1376.0 2406.0 1376.0 2431.0 1363.0 2431.0 small-vehicle 0
1376.0 2412.0 1386.0 2412.0 1386.0 2431.0 1376.0 2431.0 small-vehicle 0
1385.0 2411.0 1396.0 2411.0 1396.0 2431.0 1385.0 2431.0 small-vehicle 0
1405.0 2412.0 1416.0 2412.0 1416.0 2433.0 1405.0 2433.0 small-vehicle 0
1483.0 2351.0 1498.0 2351.0 1498.0 2373.0 1483.0 2373.0 small-vehicle 0
1493.0 2353.0 1507.0 2353.0 1507.0 2375.0 1493.0 2375.0 small-vehicle 0
1504.0 2357.0 1519.0 2357.0 1519.0 2381.0 1504.0 2381.0 small-vehicle 0
1515.0 2358.0 1526.0 2358.0 1526.0 2380.0 1515.0 2380.0 small-vehicle 0
1524.0 2361.0 1536.0 2361.0 1536.0 2382.0 1524.0 2382.0 small-vehicle 0
1533.0 2364.0 1546.0 2364.0 1546.0 2385.0 1533.0 2385.0 small-vehicle 0
1544.0 2364.0 1557.0 2364.0 1557.0 2384.0 1544.0 2384.0 small-vehicle 0
1555.0 2363.0 1568.0 2363.0 1568.0 2383.0 1555.0 2383.0 small-vehicle 0
1570.0 2364.0 1581.0 2364.0 1581.0 2386.0 1570.0 2386.0 small-vehicle 0
1417.0 2364.0 1430.0 2364.0 1430.0 2385.0 1417.0 2385.0 small-vehicle 0
1385.0 2361.0 1396.0 2361.0 1396.0 2383.0 1385.0 2383.0 small-vehicle 0
1366.0 2363.0 1376.0 2363.0 1376.0 2382.0 1366.0 2382.0 small-vehicle 0
1223.0 2362.0 1233.0 2362.0 1233.0 2382.0 1223.0 2382.0 small-vehicle 0
1282.0 2408.0 1295.0 2408.0 1295.0 2431.0 1282.0 2431.0 small-vehicle 0
1294.0 2409.0 1304.0 2409.0 1304.0 2430.0 1294.0 2430.0 small-vehicle 0
1303.0 2409.0 1315.0 2409.0 1315.0 2431.0 1303.0 2431.0 small-vehicle 0
1315.0 2410.0 1324.0 2410.0 1324.0 2430.0 1315.0 2430.0 small-vehicle 0
1323.0 2412.0 1334.0 2412.0 1334.0 2432.0 1323.0 2432.0 small-vehicle 0
1335.0 2410.0 1346.0 2410.0 1346.0 2430.0 1335.0 2430.0 small-vehicle 0
1232.0 2359.0 1242.0 2359.0 1242.0 2381.0 1232.0 2381.0 small-vehicle 0
1355.0 2360.0 1367.0 2360.0 1367.0 2383.0 1355.0 2383.0 small-vehicle 0
1244.0 2360.0 1252.0 2360.0 1252.0 2379.0 1244.0 2379.0 small-vehicle 0
1253.0 2362.0 1262.0 2362.0 1262.0 2382.0 1253.0 2382.0 small-vehicle 0
1262.0 2361.0 1272.0 2361.0 1272.0 2381.0 1262.0 2381.0 small-vehicle 0
1272.0 2360.0 1283.0 2360.0 1283.0 2382.0 1272.0 2382.0 small-vehicle 0
1281.0 2361.0 1293.0 2361.0 1293.0 2382.0 1281.0 2382.0 small-vehicle 0
1293.0 2364.0 1304.0 2364.0 1304.0 2383.0 1293.0 2383.0 small-vehicle 0
63.0 2097.0 84.0 2097.0 84.0 2118.0 63.0 2118.0 small-vehicle 1
43.0 2070.0 64.0 2070.0 64.0 2092.0 43.0 2092.0 small-vehicle 1
1897.0 1938.0 1949.0 1938.0 1949.0 1959.0 1897.0 1959.0 ship 0
613.0 1182.0 635.0 1182.0 635.0 1219.0 613.0 1219.0 ship 0
647.0 1192.0 665.0 1192.0 665.0 1226.0 647.0 1226.0 ship 0
662.0 1196.0 683.0 1196.0 683.0 1231.0 662.0 1231.0 ship 0
694.0 1199.0 718.0 1199.0 718.0 1241.0 694.0 1241.0 ship 0
713.0 1210.0 733.0 1210.0 733.0 1246.0 713.0 1246.0 ship 0
731.0 1214.0 748.0 1214.0 748.0 1247.0 731.0 1247.0 ship 0
746.0 1219.0 765.0 1219.0 765.0 1252.0 746.0 1252.0 ship 0
761.0 1223.0 784.0 1223.0 784.0 1259.0 761.0 1259.0 ship 0
780.0 1229.0 795.0 1229.0 795.0 1256.0 780.0 1256.0 ship 0
793.0 1231.0 813.0 1231.0 813.0 1267.0 793.0 1267.0 ship 0
811.0 1238.0 831.0 1238.0 831.0 1270.0 811.0 1270.0 ship 0
828.0 1237.0 847.0 1237.0 847.0 1270.0 828.0 1270.0 ship 0
842.0 1244.0 865.0 1244.0 865.0 1282.0 842.0 1282.0 ship 0
860.0 1248.0 878.0 1248.0 878.0 1282.0 860.0 1282.0 ship 0
874.0 1252.0 895.0 1252.0 895.0 1287.0 874.0 1287.0 ship 0
890.0 1251.0 916.0 1251.0 916.0 1291.0 890.0 1291.0 ship 0
630.0 1188.0 648.0 1188.0 648.0 1223.0 630.0 1223.0 ship 0
593.0 1178.0 617.0 1178.0 617.0 1216.0 593.0 1216.0 ship 0
929.0 1255.0 966.0 1255.0 966.0 1304.0 929.0 1304.0 ship 0
547.0 1165.0 567.0 1165.0 567.0 1203.0 547.0 1203.0 ship 0
383.0 1283.0 408.0 1283.0 408.0 1326.0 383.0 1326.0 ship 0
403.0 1288.0 427.0 1288.0 427.0 1328.0 403.0 1328.0 ship 0
420.0 1292.0 447.0 1292.0 447.0 1337.0 420.0 1337.0 ship 0
438.0 1296.0 465.0 1296.0 465.0 1343.0 438.0 1343.0 ship 0
456.0 1302.0 482.0 1302.0 482.0 1346.0 456.0 1346.0 ship 0
476.0 1306.0 501.0 1306.0 501.0 1349.0 476.0 1349.0 ship 0
496.0 1312.0 517.0 1312.0 517.0 1349.0 496.0 1349.0 ship 0
411.0 1132.0 435.0 1132.0 435.0 1169.0 411.0 1169.0 ship 0
431.0 1136.0 450.0 1136.0 450.0 1174.0 431.0 1174.0 ship 0
448.0 1141.0 469.0 1141.0 469.0 1175.0 448.0 1175.0 ship 0
462.0 1140.0 486.0 1140.0 486.0 1180.0 462.0 1180.0 ship 0
480.0 1149.0 500.0 1149.0 500.0 1185.0 480.0 1185.0 ship 0
497.0 1158.0 514.0 1158.0 514.0 1189.0 497.0 1189.0 ship 0
513.0 1158.0 533.0 1158.0 533.0 1192.0 513.0 1192.0 ship 0
530.0 1162.0 550.0 1162.0 550.0 1198.0 530.0 1198.0 ship 0
905.0 1255.0 930.0 1255.0 930.0 1297.0 905.0 1297.0 ship 0
965.0 1297.0 997.0 1297.0 997.0 1342.0 965.0 1342.0 ship 0
350.0 1280.0 372.0 1280.0 372.0 1317.0 350.0 1317.0 ship 0
718.0 1257.0 741.0 1257.0 741.0 1298.0 718.0 1298.0 ship 0
754.0 1267.0 773.0 1267.0 773.0 1310.0 754.0 1310.0 ship 0
773.0 1272.0 793.0 1272.0 793.0 1313.0 773.0 1313.0 ship 0
789.0 1275.0 812.0 1275.0 812.0 1320.0 789.0 1320.0 ship 0
807.0 1282.0 825.0 1282.0 825.0 1321.0 807.0 1321.0 ship 0
824.0 1285.0 846.0 1285.0 846.0 1328.0 824.0 1328.0 ship 0
841.0 1294.0 860.0 1294.0 860.0 1328.0 841.0 1328.0 ship 0
862.0 1294.0 883.0 1294.0 883.0 1337.0 862.0 1337.0 ship 0
876.0 1298.0 900.0 1298.0 900.0 1340.0 876.0 1340.0 ship 0
893.0 1301.0 918.0 1301.0 918.0 1344.0 893.0 1344.0 ship 0
918.0 1308.0 936.0 1308.0 936.0 1343.0 918.0 1343.0 ship 0
251.0 1372.0 285.0 1372.0 285.0 1413.0 251.0 1413.0 ship 0
281.0 1325.0 297.0 1325.0 297.0 1360.0 281.0 1360.0 ship 0
362.0 1159.0 382.0 1159.0 382.0 1194.0 362.0 1194.0 ship 0
350.0 1204.0 371.0 1204.0 371.0 1237.0 350.0 1237.0 ship 0
339.0 1245.0 360.0 1245.0 360.0 1278.0 339.0 1278.0 ship 0
737.0 1262.0 758.0 1262.0 758.0 1304.0 737.0 1304.0 ship 0
698.0 1251.0 722.0 1251.0 722.0 1301.0 698.0 1301.0 ship 0
377.0 1174.0 399.0 1174.0 399.0 1216.0 377.0 1216.0 ship 0
683.0 1248.0 706.0 1248.0 706.0 1292.0 683.0 1292.0 ship 0
401.0 1177.0 421.0 1177.0 421.0 1217.0 401.0 1217.0 ship 0
434.0 1188.0 458.0 1188.0 458.0 1233.0 434.0 1233.0 ship 0
450.0 1190.0 476.0 1190.0 476.0 1232.0 450.0 1232.0 ship 0
471.0 1196.0 493.0 1196.0 493.0 1236.0 471.0 1236.0 ship 0
488.0 1199.0 510.0 1199.0 510.0 1242.0 488.0 1242.0 ship 0
509.0 1204.0 528.0 1204.0 528.0 1242.0 509.0 1242.0 ship 0
526.0 1210.0 546.0 1210.0 546.0 1249.0 526.0 1249.0 ship 0
545.0 1214.0 564.0 1214.0 564.0 1253.0 545.0 1253.0 ship 0
561.0 1216.0 581.0 1216.0 581.0 1261.0 561.0 1261.0 ship 0
577.0 1220.0 598.0 1220.0 598.0 1261.0 577.0 1261.0 ship 0
595.0 1225.0 614.0 1225.0 614.0 1265.0 595.0 1265.0 ship 0
613.0 1232.0 633.0 1232.0 633.0 1276.0 613.0 1276.0 ship 0
630.0 1240.0 648.0 1240.0 648.0 1275.0 630.0 1275.0 ship 0
649.0 1239.0 671.0 1239.0 671.0 1281.0 649.0 1281.0 ship 0
665.0 1243.0 686.0 1243.0 686.0 1289.0 665.0 1289.0 ship 0
366.0 1277.0 391.0 1277.0 391.0 1320.0 366.0 1320.0 ship 0
963.0 1158.0 983.0 1158.0 983.0 1194.0 963.0 1194.0 ship 0
36.0 2063.0 57.0 2063.0 57.0 2082.0 36.0 2082.0 small-vehicle 1
1970.0 1712.0 2024.0 1712.0 2024.0 1730.0 1970.0 1730.0 ship 0
1967.0 1669.0 2028.0 1669.0 2028.0 1687.0 1967.0 1687.0 ship 0
1968.0 1596.0 2037.0 1596.0 2037.0 1618.0 1968.0 1618.0 ship 0
1969.0 1568.0 2039.0 1568.0 2039.0 1589.0 1969.0 1589.0 ship 0
2075.0 1690.0 2113.0 1690.0 2113.0 1747.0 2075.0 1747.0 ship 0
521.0 1003.0 545.0 1003.0 545.0 1047.0 521.0 1047.0 ship 0
538.0 1015.0 557.0 1015.0 557.0 1052.0 538.0 1052.0 ship 0
556.0 1018.0 577.0 1018.0 577.0 1055.0 556.0 1055.0 ship 0
589.0 1027.0 612.0 1027.0 612.0 1065.0 589.0 1065.0 ship 0
626.0 1035.0 645.0 1035.0 645.0 1069.0 626.0 1069.0 ship 0
643.0 1039.0 661.0 1039.0 661.0 1073.0 643.0 1073.0 ship 0
661.0 1042.0 680.0 1042.0 680.0 1076.0 661.0 1076.0 ship 0
676.0 1045.0 696.0 1045.0 696.0 1082.0 676.0 1082.0 ship 0
692.0 1050.0 710.0 1050.0 710.0 1085.0 692.0 1085.0 ship 0
708.0 1050.0 729.0 1050.0 729.0 1090.0 708.0 1090.0 ship 0
729.0 1059.0 743.0 1059.0 743.0 1090.0 729.0 1090.0 ship 0
1966.0 1691.0 2023.0 1691.0 2023.0 1708.0 1966.0 1708.0 ship 0
1969.0 1732.0 2016.0 1732.0 2016.0 1751.0 1969.0 1751.0 ship 0
761.0 1067.0 777.0 1067.0 777.0 1101.0 761.0 1101.0 ship 0
1970.0 1754.0 2021.0 1754.0 2021.0 1772.0 1970.0 1772.0 ship 0
1892.0 1962.0 1949.0 1962.0 1949.0 1984.0 1892.0 1984.0 ship 0
1892.0 1988.0 1950.0 1988.0 1950.0 2005.0 1892.0 2005.0 ship 0
1891.0 2013.0 1950.0 2013.0 1950.0 2033.0 1891.0 2033.0 ship 0
1894.0 2038.0 1945.0 2038.0 1945.0 2059.0 1894.0 2059.0 ship 0
1889.0 2085.0 1946.0 2085.0 1946.0 2106.0 1889.0 2106.0 ship 0
1888.0 2112.0 1945.0 2112.0 1945.0 2130.0 1888.0 2130.0 ship 0
1887.0 2137.0 1942.0 2137.0 1942.0 2155.0 1887.0 2155.0 ship 0
1889.0 2161.0 1939.0 2161.0 1939.0 2179.0 1889.0 2179.0 ship 0
1956.0 2085.0 1984.0 2085.0 1984.0 2139.0 1956.0 2139.0 ship 0
1956.0 2008.0 1976.0 2008.0 1976.0 2064.0 1956.0 2064.0 ship 0
1957.0 1911.0 1981.0 1911.0 1981.0 1976.0 1957.0 1976.0 ship 0
1964.0 1885.0 2017.0 1885.0 2017.0 1905.0 1964.0 1905.0 ship 0
1966.0 1861.0 2015.0 1861.0 2015.0 1881.0 1966.0 1881.0 ship 0
1965.0 1796.0 2010.0 1796.0 2010.0 1815.0 1965.0 1815.0 ship 0
1968.0 1774.0 2017.0 1774.0 2017.0 1793.0 1968.0 1793.0 ship 0
743.0 1059.0 761.0 1059.0 761.0 1094.0 743.0 1094.0 ship 0
774.0 1069.0 793.0 1069.0 793.0 1103.0 774.0 1103.0 ship 0
950.0 1158.0 968.0 1158.0 968.0 1187.0 950.0 1187.0 ship 0
618.0 1084.0 637.0 1084.0 637.0 1117.0 618.0 1117.0 ship 0
682.0 1097.0 707.0 1097.0 707.0 1134.0 682.0 1134.0 ship 0
703.0 1107.0 720.0 1107.0 720.0 1133.0 703.0 1133.0 ship 0
716.0 1102.0 740.0 1102.0 740.0 1139.0 716.0 1139.0 ship 0
732.0 1106.0 754.0 1106.0 754.0 1141.0 732.0 1141.0 ship 0
751.0 1111.0 775.0 1111.0 775.0 1145.0 751.0 1145.0 ship 0
766.0 1114.0 790.0 1114.0 790.0 1150.0 766.0 1150.0 ship 0
800.0 1126.0 822.0 1126.0 822.0 1162.0 800.0 1162.0 ship 0
821.0 1129.0 839.0 1129.0 839.0 1159.0 821.0 1159.0 ship 0
833.0 1127.0 855.0 1127.0 855.0 1165.0 833.0 1165.0 ship 0
851.0 1133.0 871.0 1133.0 871.0 1167.0 851.0 1167.0 ship 0
866.0 1136.0 885.0 1136.0 885.0 1172.0 866.0 1172.0 ship 0
880.0 1145.0 902.0 1145.0 902.0 1185.0 880.0 1185.0 ship 0
899.0 1146.0 918.0 1146.0 918.0 1180.0 899.0 1180.0 ship 0
917.0 1149.0 936.0 1149.0 936.0 1182.0 917.0 1182.0 ship 0
930.0 1149.0 953.0 1149.0 953.0 1192.0 930.0 1192.0 ship 0
633.0 1084.0 655.0 1084.0 655.0 1119.0 633.0 1119.0 ship 0
584.0 1075.0 603.0 1075.0 603.0 1113.0 584.0 1113.0 ship 0
794.0 1072.0 812.0 1072.0 812.0 1105.0 794.0 1105.0 ship 0
552.0 1068.0 573.0 1068.0 573.0 1101.0 552.0 1101.0 ship 0
806.0 1075.0 827.0 1075.0 827.0 1112.0 806.0 1112.0 ship 0
829.0 1080.0 843.0 1080.0 843.0 1111.0 829.0 1111.0 ship 0
841.0 1083.0 859.0 1083.0 859.0 1116.0 841.0 1116.0 ship 0
856.0 1086.0 878.0 1086.0 878.0 1126.0 856.0 1126.0 ship 0
875.0 1092.0 895.0 1092.0 895.0 1129.0 875.0 1129.0 ship 0
892.0 1097.0 911.0 1097.0 911.0 1132.0 892.0 1132.0 ship 0
908.0 1101.0 924.0 1101.0 924.0 1133.0 908.0 1133.0 ship 0
924.0 1108.0 943.0 1108.0 943.0 1139.0 924.0 1139.0 ship 0
939.0 1104.0 961.0 1104.0 961.0 1140.0 939.0 1140.0 ship 0
959.0 1110.0 977.0 1110.0 977.0 1143.0 959.0 1143.0 ship 0
975.0 1114.0 994.0 1114.0 994.0 1149.0 975.0 1149.0 ship 0
455.0 1043.0 472.0 1043.0 472.0 1080.0 455.0 1080.0 ship 0
486.0 1053.0 505.0 1053.0 505.0 1088.0 486.0 1088.0 ship 0
499.0 1053.0 522.0 1053.0 522.0 1090.0 499.0 1090.0 ship 0
518.0 1058.0 540.0 1058.0 540.0 1094.0 518.0 1094.0 ship 0
332.0 1277.0 349.0 1277.0 349.0 1309.0 332.0 1309.0 ship 0
291.0 1289.0 329.0 1289.0 329.0 1309.0 291.0 1309.0 ship 0
519.0 922.0 539.0 922.0 539.0 958.0 519.0 958.0 ship 0
39.0 923.0 60.0 923.0 60.0 942.0 39.0 942.0 small-vehicle 0
26.0 943.0 47.0 943.0 47.0 961.0 26.0 961.0 small-vehicle 0
84.0 940.0 105.0 940.0 105.0 957.0 84.0 957.0 small-vehicle 0
76.0 946.0 100.0 946.0 100.0 965.0 76.0 965.0 small-vehicle 0
70.0 963.0 89.0 963.0 89.0 980.0 70.0 980.0 small-vehicle 0
62.0 970.0 85.0 970.0 85.0 987.0 62.0 987.0 small-vehicle 0
0.0 1064.0 22.0 1064.0 22.0 1082.0 0.0 1082.0 small-vehicle 0
47.0 1284.0 69.0 1284.0 69.0 1295.0 47.0 1295.0 small-vehicle 0
44.0 1301.0 64.0 1301.0 64.0 1313.0 44.0 1313.0 small-vehicle 0
44.0 1312.0 61.0 1312.0 61.0 1324.0 44.0 1324.0 small-vehicle 0
40.0 1323.0 62.0 1323.0 62.0 1335.0 40.0 1335.0 small-vehicle 0
39.0 1332.0 60.0 1332.0 60.0 1345.0 39.0 1345.0 small-vehicle 0
35.0 1342.0 59.0 1342.0 59.0 1357.0 35.0 1357.0 small-vehicle 0
36.0 1354.0 55.0 1354.0 55.0 1365.0 36.0 1365.0 small-vehicle 0
33.0 1362.0 56.0 1362.0 56.0 1375.0 33.0 1375.0 small-vehicle 0
22.0 1348.0 33.0 1348.0 33.0 1368.0 22.0 1368.0 small-vehicle 0
30.0 932.0 52.0 932.0 52.0 948.0 30.0 948.0 small-vehicle 0
44.0 914.0 68.0 914.0 68.0 934.0 44.0 934.0 small-vehicle 0
23.0 1286.0 40.0 1286.0 40.0 1306.0 23.0 1306.0 small-vehicle 1
77.0 852.0 98.0 852.0 98.0 872.0 77.0 872.0 small-vehicle 0
45.0 903.0 68.0 903.0 68.0 922.0 45.0 922.0 small-vehicle 1
113.0 889.0 134.0 889.0 134.0 910.0 113.0 910.0 small-vehicle 1
117.0 883.0 137.0 883.0 137.0 900.0 117.0 900.0 small-vehicle 1
108.0 900.0 130.0 900.0 130.0 919.0 108.0 919.0 small-vehicle 1
102.0 907.0 122.0 907.0 122.0 925.0 102.0 925.0 small-vehicle 1
96.0 914.0 118.0 914.0 118.0 934.0 96.0 934.0 small-vehicle 1
92.0 923.0 113.0 923.0 113.0 942.0 92.0 942.0 small-vehicle 1
89.0 932.0 110.0 932.0 110.0 950.0 89.0 950.0 small-vehicle 1
72.0 954.0 93.0 954.0 93.0 972.0 72.0 972.0 small-vehicle 1
12.0 1039.0 34.0 1039.0 34.0 1059.0 12.0 1059.0 small-vehicle 1
8.0 1049.0 29.0 1049.0 29.0 1067.0 8.0 1067.0 small-vehicle 1
7.0 1060.0 26.0 1060.0 26.0 1074.0 7.0 1074.0 small-vehicle 1
116.0 810.0 140.0 810.0 140.0 838.0 116.0 838.0 small-vehicle 0
147.0 926.0 164.0 926.0 164.0 946.0 147.0 946.0 small-vehicle 0
84.0 844.0 103.0 844.0 103.0 861.0 84.0 861.0 small-vehicle 0
20.0 1321.0 34.0 1321.0 34.0 1339.0 20.0 1339.0 small-vehicle 0
31.0 1373.0 54.0 1373.0 54.0 1385.0 31.0 1385.0 small-vehicle 1
656.0 582.0 694.0 582.0 694.0 630.0 656.0 630.0 ship 0
24.0 1656.0 46.0 1656.0 46.0 1667.0 24.0 1667.0 small-vehicle 1
5.0 1883.0 25.0 1883.0 25.0 1901.0 5.0 1901.0 small-vehicle 1
15.0 1893.0 34.0 1893.0 34.0 1914.0 15.0 1914.0 small-vehicle 1
28.0 1911.0 48.0 1911.0 48.0 1929.0 28.0 1929.0 small-vehicle 1
34.0 1920.0 52.0 1920.0 52.0 1939.0 34.0 1939.0 small-vehicle 1
39.0 1930.0 57.0 1930.0 57.0 1946.0 39.0 1946.0 small-vehicle 1
43.0 1939.0 63.0 1939.0 63.0 1956.0 43.0 1956.0 small-vehicle 1
51.0 1948.0 70.0 1948.0 70.0 1964.0 51.0 1964.0 small-vehicle 1
57.0 1956.0 73.0 1956.0 73.0 1973.0 57.0 1973.0 small-vehicle 1
68.0 1971.0 86.0 1971.0 86.0 1991.0 68.0 1991.0 small-vehicle 1
78.0 1985.0 99.0 1985.0 99.0 2005.0 78.0 2005.0 small-vehicle 1
84.0 1994.0 105.0 1994.0 105.0 2015.0 84.0 2015.0 small-vehicle 1
92.0 2004.0 113.0 2004.0 113.0 2022.0 92.0 2022.0 small-vehicle 1
26.0 2048.0 48.0 2048.0 48.0 2066.0 26.0 2066.0 small-vehicle 1
20.0 2038.0 42.0 2038.0 42.0 2058.0 20.0 2058.0 small-vehicle 1
14.0 2030.0 35.0 2030.0 35.0 2049.0 14.0 2049.0 small-vehicle 1
2.0 1695.0 14.0 1695.0 14.0 1720.0 2.0 1720.0 small-vehicle 1
24.0 1645.0 44.0 1645.0 44.0 1655.0 24.0 1655.0 small-vehicle 1
32.0 1383.0 54.0 1383.0 54.0 1395.0 32.0 1395.0 small-vehicle 1
23.0 1631.0 41.0 1631.0 41.0 1642.0 23.0 1642.0 small-vehicle 1
30.0 1393.0 56.0 1393.0 56.0 1405.0 30.0 1405.0 small-vehicle 1
30.0 1403.0 52.0 1403.0 52.0 1416.0 30.0 1416.0 small-vehicle 1
29.0 1417.0 48.0 1417.0 48.0 1429.0 29.0 1429.0 small-vehicle 1
27.0 1426.0 50.0 1426.0 50.0 1439.0 27.0 1439.0 small-vehicle 1
24.0 1436.0 44.0 1436.0 44.0 1449.0 24.0 1449.0 small-vehicle 1
27.0 1447.0 45.0 1447.0 45.0 1456.0 27.0 1456.0 small-vehicle 1
24.0 1457.0 42.0 1457.0 42.0 1468.0 24.0 1468.0 small-vehicle 1
24.0 1467.0 44.0 1467.0 44.0 1479.0 24.0 1479.0 small-vehicle 1
18.0 1481.0 41.0 1481.0 41.0 1491.0 18.0 1491.0 small-vehicle 1
25.0 1553.0 46.0 1553.0 46.0 1564.0 25.0 1564.0 small-vehicle 1
24.0 1565.0 45.0 1565.0 45.0 1575.0 24.0 1575.0 small-vehicle 1
16.0 1576.0 44.0 1576.0 44.0 1587.0 16.0 1587.0 small-vehicle 1
20.0 1597.0 44.0 1597.0 44.0 1608.0 20.0 1608.0 small-vehicle 1
17.0 1609.0 41.0 1609.0 41.0 1620.0 17.0 1620.0 small-vehicle 1
24.0 1620.0 44.0 1620.0 44.0 1630.0 24.0 1630.0 small-vehicle 1
69.0 858.0 92.0 858.0 92.0 879.0 69.0 879.0 small-vehicle 1
66.0 870.0 88.0 870.0 88.0 888.0 66.0 888.0 small-vehicle 1
57.0 884.0 79.0 884.0 79.0 905.0 57.0 905.0 small-vehicle 1
694.0 2201.0 732.0 2201.0 732.0 2230.0 694.0 2230.0 ship 0
680.0 2171.0 717.0 2171.0 717.0 2196.0 680.0 2196.0 ship 0
672.0 2155.0 707.0 2155.0 707.0 2180.0 672.0 2180.0 ship 0
666.0 2139.0 701.0 2139.0 701.0 2165.0 666.0 2165.0 ship 0
656.0 2123.0 691.0 2123.0 691.0 2151.0 656.0 2151.0 ship 0
641.0 2091.0 678.0 2091.0 678.0 2119.0 641.0 2119.0 ship 0
636.0 2079.0 669.0 2079.0 669.0 2102.0 636.0 2102.0 ship 0
625.0 2060.0 662.0 2060.0 662.0 2089.0 625.0 2089.0 ship 0
617.0 2048.0 654.0 2048.0 654.0 2071.0 617.0 2071.0 ship 0
607.0 2031.0 645.0 2031.0 645.0 2057.0 607.0 2057.0 ship 0
604.0 2015.0 638.0 2015.0 638.0 2039.0 604.0 2039.0 ship 0
595.0 1984.0 651.0 1984.0 651.0 2027.0 595.0 2027.0 ship 0
1900.0 2225.0 1945.0 2225.0 1945.0 2243.0 1900.0 2243.0 ship 0
309.0 494.0 354.0 494.0 354.0 544.0 309.0 544.0 roundabout 0
206.0 568.0 228.0 568.0 228.0 584.0 206.0 584.0 small-vehicle 0
203.0 579.0 226.0 579.0 226.0 596.0 203.0 596.0 small-vehicle 0
690.0 2189.0 721.0 2189.0 721.0 2211.0 690.0 2211.0 ship 0
702.0 2218.0 742.0 2218.0 742.0 2247.0 702.0 2247.0 ship 0
48.0 893.0 73.0 893.0 73.0 913.0 48.0 913.0 small-vehicle 1
653.0 2175.0 679.0 2175.0 679.0 2211.0 653.0 2211.0 ship 0
666.0 631.0 686.0 631.0 686.0 665.0 666.0 665.0 ship 0
657.0 670.0 676.0 670.0 676.0 707.0 657.0 707.0 ship 0
645.0 710.0 666.0 710.0 666.0 751.0 645.0 751.0 ship 0
637.0 753.0 658.0 753.0 658.0 787.0 637.0 787.0 ship 0
679.0 513.0 712.0 513.0 712.0 556.0 679.0 556.0 ship 0
703.0 483.0 721.0 483.0 721.0 511.0 703.0 511.0 ship 0
707.0 449.0 727.0 449.0 727.0 485.0 707.0 485.0 ship 0
719.0 418.0 737.0 418.0 737.0 448.0 719.0 448.0 ship 0
726.0 390.0 743.0 390.0 743.0 418.0 726.0 418.0 ship 0
188.0 1691.0 209.0 1691.0 209.0 1725.0 188.0 1725.0 ship 0
184.0 1724.0 202.0 1724.0 202.0 1751.0 184.0 1751.0 ship 0
176.0 1752.0 194.0 1752.0 194.0 1780.0 176.0 1780.0 ship 0
565.0 2022.0 587.0 2022.0 587.0 2048.0 565.0 2048.0 ship 0
604.0 2082.0 631.0 2082.0 631.0 2114.0 604.0 2114.0 ship 0
627.0 2130.0 654.0 2130.0 654.0 2167.0 627.0 2167.0 ship 0
195.0 596.0 216.0 596.0 216.0 610.0 195.0 610.0 small-vehicle 0
193.0 605.0 213.0 605.0 213.0 619.0 193.0 619.0 small-vehicle 0
188.0 618.0 210.0 618.0 210.0 635.0 188.0 635.0 small-vehicle 0
178.0 647.0 199.0 647.0 199.0 662.0 178.0 662.0 small-vehicle 0
221.0 654.0 243.0 654.0 243.0 670.0 221.0 670.0 small-vehicle 1
220.0 663.0 243.0 663.0 243.0 680.0 220.0 680.0 small-vehicle 1
216.0 674.0 239.0 674.0 239.0 691.0 216.0 691.0 small-vehicle 1
213.0 683.0 236.0 683.0 236.0 699.0 213.0 699.0 small-vehicle 1
209.0 693.0 230.0 693.0 230.0 709.0 209.0 709.0 small-vehicle 1
206.0 704.0 227.0 704.0 227.0 720.0 206.0 720.0 small-vehicle 1
200.0 713.0 223.0 713.0 223.0 727.0 200.0 727.0 small-vehicle 1
195.0 722.0 219.0 722.0 219.0 738.0 195.0 738.0 small-vehicle 1
187.0 740.0 210.0 740.0 210.0 757.0 187.0 757.0 small-vehicle 1
188.0 751.0 207.0 751.0 207.0 764.0 188.0 764.0 small-vehicle 1
183.0 757.0 206.0 757.0 206.0 774.0 183.0 774.0 small-vehicle 1
178.0 765.0 199.0 765.0 199.0 782.0 178.0 782.0 small-vehicle 1
171.0 775.0 192.0 775.0 192.0 792.0 171.0 792.0 small-vehicle 1
120.0 873.0 141.0 873.0 141.0 892.0 120.0 892.0 small-vehicle 1
88.0 835.0 109.0 835.0 109.0 853.0 88.0 853.0 small-vehicle 1
226.0 645.0 248.0 645.0 248.0 662.0 226.0 662.0 small-vehicle 1
231.0 637.0 250.0 637.0 250.0 654.0 231.0 654.0 small-vehicle 1
133.0 747.0 155.0 747.0 155.0 766.0 133.0 766.0 small-vehicle 1
131.0 759.0 152.0 759.0 152.0 776.0 131.0 776.0 small-vehicle 0
175.0 657.0 198.0 657.0 198.0 673.0 175.0 673.0 small-vehicle 0
160.0 686.0 181.0 686.0 181.0 703.0 160.0 703.0 small-vehicle 0
158.0 696.0 178.0 696.0 178.0 710.0 158.0 710.0 small-vehicle 0
149.0 713.0 173.0 713.0 173.0 732.0 149.0 732.0 small-vehicle 0
143.0 725.0 168.0 725.0 168.0 742.0 143.0 742.0 small-vehicle 0
138.0 738.0 163.0 738.0 163.0 756.0 138.0 756.0 small-vehicle 0
123.0 774.0 146.0 774.0 146.0 791.0 123.0 791.0 small-vehicle 0
153.0 703.0 175.0 703.0 175.0 720.0 153.0 720.0 small-vehicle 1
232.0 626.0 256.0 626.0 256.0 645.0 232.0 645.0 small-vehicle 0
191.0 731.0 215.0 731.0 215.0 747.0 191.0 747.0 small-vehicle 0
165.0 784.0 186.0 784.0 186.0 801.0 165.0 801.0 small-vehicle 0
185.0 629.0 207.0 629.0 207.0 644.0 185.0 644.0 small-vehicle 1
200.0 588.0 220.0 588.0 220.0 603.0 200.0 603.0 small-vehicle 1
169.0 665.0 189.0 665.0 189.0 680.0 169.0 680.0 small-vehicle 1
645.0 390.0 805.0 390.0 805.0 802.0 645.0 802.0 harbor 0
