imagesource:GoogleEarth
gsd:0.252814457103
633.0 1346.0 658.0 1346.0 658.0 1373.0 633.0 1373.0 roundabout 0
2138.0 1219.0 2207.0 1219.0 2207.0 1259.0 2138.0 1259.0 ship 0
20.0 137.0 47.0 137.0 47.0 153.0 20.0 153.0 ship 0
6.0 111.0 17.0 111.0 17.0 137.0 6.0 137.0 ship 0
27.0 118.0 53.0 118.0 53.0 134.0 27.0 134.0 ship 0
27.0 69.0 57.0 69.0 57.0 90.0 27.0 90.0 ship 0
2265.0 912.0 2322.0 912.0 2322.0 971.0 2265.0 971.0 ship 0
2320.0 959.0 2383.0 959.0 2383.0 1027.0 2320.0 1027.0 ship 0
2105.0 1072.0 2135.0 1072.0 2135.0 1102.0 2105.0 1102.0 ship 0
534.0 872.0 577.0 872.0 577.0 898.0 534.0 898.0 ship 0
2157.0 1042.0 2188.0 1042.0 2188.0 1072.0 2157.0 1072.0 ship 0
2135.0 1004.0 2176.0 1004.0 2176.0 1046.0 2135.0 1046.0 ship 0
312.0 1922.0 373.0 1922.0 373.0 1983.0 312.0 1983.0 swimming-pool 0
2177.0 1552.0 2235.0 1552.0 2235.0 1590.0 2177.0 1590.0 ship 0
2186.0 1529.0 2242.0 1529.0 2242.0 1564.0 2186.0 1564.0 ship 0
2199.0 1506.0 2253.0 1506.0 2253.0 1542.0 2199.0 1542.0 ship 0
17.0 158.0 48.0 158.0 48.0 174.0 17.0 174.0 ship 0
2276.0 1454.0 2299.0 1454.0 2299.0 1486.0 2276.0 1486.0 ship 0
2217.0 1432.0 2278.0 1432.0 2278.0 1471.0 2217.0 1471.0 ship 0
433.0 134.0 449.0 134.0 449.0 157.0 433.0 157.0 small-vehicle 0
392.0 117.0 408.0 117.0 408.0 142.0 392.0 142.0 small-vehicle 1
365.0 170.0 380.0 170.0 380.0 190.0 365.0 190.0 small-vehicle 0
474.0 222.0 497.0 222.0 497.0 239.0 474.0 239.0 small-vehicle 0
539.0 121.0 559.0 121.0 559.0 140.0 539.0 140.0 small-vehicle 0
530.0 127.0 551.0 127.0 551.0 146.0 530.0 146.0 small-vehicle 0
514.0 144.0 537.0 144.0 537.0 165.0 514.0 165.0 small-vehicle 0
423.0 128.0 439.0 128.0 439.0 154.0 423.0 154.0 small-vehicle 0
2382.0 1233.0 2426.0 1233.0 2426.0 1269.0 2382.0 1269.0 ship 0
414.0 124.0 429.0 124.0 429.0 150.0 414.0 150.0 small-vehicle 0
372.0 117.0 384.0 117.0 384.0 138.0 372.0 138.0 small-vehicle 0
1470.0 150.0 1484.0 150.0 1484.0 176.0 1470.0 176.0 small-vehicle 0
1497.0 75.0 1522.0 75.0 1522.0 112.0 1497.0 112.0 large-vehicle 0
1615.0 333.0 1650.0 333.0 1650.0 364.0 1615.0 364.0 ship 0
2117.0 1085.0 2141.0 1085.0 2141.0 1111.0 2117.0 1111.0 ship 0
2202.0 1480.0 2259.0 1480.0 2259.0 1517.0 2202.0 1517.0 ship 0
2228.0 1407.0 2277.0 1407.0 2277.0 1443.0 2228.0 1443.0 ship 0
2093.0 1813.0 2144.0 1813.0 2144.0 1848.0 2093.0 1848.0 ship 0
2170.0 1789.0 2217.0 1789.0 2217.0 1818.0 2170.0 1818.0 ship 0
2255.0 1941.0 2306.0 1941.0 2306.0 1973.0 2255.0 1973.0 ship 0
2134.0 1902.0 2181.0 1902.0 2181.0 1931.0 2134.0 1931.0 ship 0
2137.0 1878.0 2193.0 1878.0 2193.0 1912.0 2137.0 1912.0 ship 0
2146.0 1854.0 2195.0 1854.0 2195.0 1888.0 2146.0 1888.0 ship 0
2153.0 1833.0 2204.0 1833.0 2204.0 1865.0 2153.0 1865.0 ship 0
2159.0 1812.0 2206.0 1812.0 2206.0 1842.0 2159.0 1842.0 ship 0
2175.0 1768.0 2223.0 1768.0 2223.0 1798.0 2175.0 1798.0 ship 0
2276.0 1879.0 2325.0 1879.0 2325.0 1907.0 2276.0 1907.0 ship 0
2184.0 1745.0 2236.0 1745.0 2236.0 1778.0 2184.0 1778.0 ship 0
2188.0 1721.0 2241.0 1721.0 2241.0 1755.0 2188.0 1755.0 ship 0
2149.0 1678.0 2242.0 1678.0 2242.0 1726.0 2149.0 1726.0 ship 0
2126.0 1701.0 2175.0 1701.0 2175.0 1735.0 2126.0 1735.0 ship 0
2121.0 1725.0 2175.0 1725.0 2175.0 1761.0 2121.0 1761.0 ship 0
2107.0 1769.0 2159.0 1769.0 2159.0 1804.0 2107.0 1804.0 ship 0
2262.0 1918.0 2312.0 1918.0 2312.0 1950.0 2262.0 1950.0 ship 0
2283.0 1851.0 2334.0 1851.0 2334.0 1883.0 2283.0 1883.0 ship 0
2237.0 1382.0 2296.0 1382.0 2296.0 1422.0 2237.0 1422.0 ship 0
2332.0 1530.0 2370.0 1530.0 2370.0 1556.0 2332.0 1556.0 ship 0
2374.0 1433.0 2404.0 1433.0 2404.0 1452.0 2374.0 1452.0 ship 0
2362.0 1450.0 2399.0 1450.0 2399.0 1476.0 2362.0 1476.0 ship 0
2357.0 1468.0 2393.0 1468.0 2393.0 1493.0 2357.0 1493.0 ship 0
2260.0 1500.0 2284.0 1500.0 2284.0 1537.0 2260.0 1537.0 ship 0
2435.0 1528.0 2456.0 1528.0 2456.0 1562.0 2435.0 1562.0 ship 0
2337.0 1512.0 2381.0 1512.0 2381.0 1541.0 2337.0 1541.0 ship 0
2323.0 1552.0 2367.0 1552.0 2367.0 1580.0 2323.0 1580.0 ship 0
2291.0 1831.0 2341.0 1831.0 2341.0 1862.0 2291.0 1862.0 ship 0
2319.0 1574.0 2357.0 1574.0 2357.0 1598.0 2319.0 1598.0 ship 0
2313.0 1595.0 2357.0 1595.0 2357.0 1624.0 2313.0 1624.0 ship 0
2304.0 1614.0 2343.0 1614.0 2343.0 1640.0 2304.0 1640.0 ship 0
2315.0 1762.0 2366.0 1762.0 2366.0 1795.0 2315.0 1795.0 ship 0
2302.0 1786.0 2349.0 1786.0 2349.0 1816.0 2302.0 1816.0 ship 0
2299.0 1809.0 2349.0 1809.0 2349.0 1840.0 2299.0 1840.0 ship 0
376.0 171.0 391.0 171.0 391.0 193.0 376.0 193.0 small-vehicle 1
387.0 175.0 399.0 175.0 399.0 196.0 387.0 196.0 small-vehicle 1
396.0 177.0 410.0 177.0 410.0 199.0 396.0 199.0 small-vehicle 1
29.0 978.0 44.0 978.0 44.0 1001.0 29.0 1001.0 small-vehicle 0
175.0 1131.0 201.0 1131.0 201.0 1149.0 175.0 1149.0 small-vehicle 1
4.0 1055.0 18.0 1055.0 18.0 1078.0 4.0 1078.0 small-vehicle 1
11.0 1031.0 28.0 1031.0 28.0 1054.0 11.0 1054.0 small-vehicle 1
148.0 1000.0 173.0 1000.0 173.0 1017.0 148.0 1017.0 small-vehicle 1
162.0 945.0 186.0 945.0 186.0 962.0 162.0 962.0 small-vehicle 1
20.0 1006.0 36.0 1006.0 36.0 1030.0 20.0 1030.0 small-vehicle 0
222.0 976.0 247.0 976.0 247.0 990.0 222.0 990.0 small-vehicle 0
129.0 1078.0 152.0 1078.0 152.0 1095.0 129.0 1095.0 small-vehicle 1
232.0 942.0 256.0 942.0 256.0 957.0 232.0 957.0 small-vehicle 0
235.0 931.0 259.0 931.0 259.0 948.0 235.0 948.0 small-vehicle 0
201.0 848.0 216.0 848.0 216.0 872.0 201.0 872.0 small-vehicle 0
190.0 846.0 205.0 846.0 205.0 869.0 190.0 869.0 small-vehicle 0
181.0 845.0 196.0 845.0 196.0 866.0 181.0 866.0 small-vehicle 0
159.0 836.0 175.0 836.0 175.0 859.0 159.0 859.0 small-vehicle 0
184.0 1100.0 211.0 1100.0 211.0 1120.0 184.0 1120.0 small-vehicle 1
124.0 1090.0 149.0 1090.0 149.0 1108.0 124.0 1108.0 small-vehicle 1
407.0 180.0 421.0 180.0 421.0 201.0 407.0 201.0 small-vehicle 1
124.0 1370.0 145.0 1370.0 145.0 1381.0 124.0 1381.0 small-vehicle 0
140.0 1518.0 163.0 1518.0 163.0 1536.0 140.0 1536.0 small-vehicle 1
134.0 1495.0 156.0 1495.0 156.0 1512.0 134.0 1512.0 small-vehicle 1
55.0 1340.0 78.0 1340.0 78.0 1355.0 55.0 1355.0 small-vehicle 1
48.0 1382.0 70.0 1382.0 70.0 1392.0 48.0 1392.0 small-vehicle 1
49.0 1371.0 72.0 1371.0 72.0 1384.0 49.0 1384.0 small-vehicle 1
121.0 1346.0 142.0 1346.0 142.0 1357.0 121.0 1357.0 small-vehicle 1
125.0 1314.0 149.0 1314.0 149.0 1325.0 125.0 1325.0 small-vehicle 0
169.0 1158.0 193.0 1158.0 193.0 1173.0 169.0 1173.0 small-vehicle 1
129.0 1307.0 150.0 1307.0 150.0 1316.0 129.0 1316.0 small-vehicle 0
130.0 1271.0 154.0 1271.0 154.0 1286.0 130.0 1286.0 small-vehicle 0
129.0 1257.0 158.0 1257.0 158.0 1274.0 129.0 1274.0 small-vehicle 0
135.0 1247.0 159.0 1247.0 159.0 1263.0 135.0 1263.0 small-vehicle 0
141.0 1237.0 164.0 1237.0 164.0 1252.0 141.0 1252.0 small-vehicle 0
103.0 1167.0 126.0 1167.0 126.0 1182.0 103.0 1182.0 small-vehicle 1
139.0 826.0 156.0 826.0 156.0 853.0 139.0 853.0 small-vehicle 0
215.0 799.0 231.0 799.0 231.0 824.0 215.0 824.0 small-vehicle 0
195.0 794.0 210.0 794.0 210.0 817.0 195.0 817.0 small-vehicle 0
574.0 331.0 590.0 331.0 590.0 351.0 574.0 351.0 ship 0
63.0 472.0 86.0 472.0 86.0 488.0 63.0 488.0 small-vehicle 0
88.0 440.0 110.0 440.0 110.0 455.0 88.0 455.0 small-vehicle 0
67.0 431.0 89.0 431.0 89.0 448.0 67.0 448.0 small-vehicle 1
20.0 456.0 44.0 456.0 44.0 473.0 20.0 473.0 small-vehicle 1
53.0 387.0 68.0 387.0 68.0 407.0 53.0 407.0 small-vehicle 1
465.0 256.0 488.0 256.0 488.0 272.0 465.0 272.0 small-vehicle 1
524.0 137.0 545.0 137.0 545.0 156.0 524.0 156.0 small-vehicle 1
184.0 790.0 200.0 790.0 200.0 813.0 184.0 813.0 small-vehicle 0
607.0 20.0 634.0 20.0 634.0 45.0 607.0 45.0 small-vehicle 1
586.0 59.0 608.0 59.0 608.0 80.0 586.0 80.0 small-vehicle 1
556.0 4.0 577.0 4.0 577.0 23.0 556.0 23.0 small-vehicle 1
510.0 60.0 528.0 60.0 528.0 82.0 510.0 82.0 small-vehicle 1
504.0 70.0 523.0 70.0 523.0 89.0 504.0 89.0 small-vehicle 1
504.0 151.0 530.0 151.0 530.0 172.0 504.0 172.0 small-vehicle 1
85.0 480.0 109.0 480.0 109.0 496.0 85.0 496.0 small-vehicle 0
205.0 432.0 223.0 432.0 223.0 452.0 205.0 452.0 small-vehicle 0
341.0 424.0 362.0 424.0 362.0 440.0 341.0 440.0 small-vehicle 0
384.0 427.0 401.0 427.0 401.0 449.0 384.0 449.0 small-vehicle 0
356.0 567.0 378.0 567.0 378.0 583.0 356.0 583.0 small-vehicle 0
270.0 617.0 291.0 617.0 291.0 631.0 270.0 631.0 small-vehicle 1
310.0 710.0 334.0 710.0 334.0 726.0 310.0 726.0 small-vehicle 1
274.0 814.0 301.0 814.0 301.0 832.0 274.0 832.0 small-vehicle 1
275.0 827.0 296.0 827.0 296.0 843.0 275.0 843.0 small-vehicle 1
235.0 749.0 257.0 749.0 257.0 763.0 235.0 763.0 small-vehicle 1
239.0 918.0 264.0 918.0 264.0 936.0 239.0 936.0 small-vehicle 1
38.0 951.0 52.0 951.0 52.0 972.0 38.0 972.0 small-vehicle 1
173.0 833.0 185.0 833.0 185.0 854.0 173.0 854.0 small-vehicle 1
145.0 776.0 158.0 776.0 158.0 798.0 145.0 798.0 small-vehicle 1
154.0 780.0 168.0 780.0 168.0 802.0 154.0 802.0 small-vehicle 1
163.0 784.0 178.0 784.0 178.0 807.0 163.0 807.0 small-vehicle 0
173.0 786.0 190.0 786.0 190.0 810.0 173.0 810.0 small-vehicle 0
2101.0 1793.0 2150.0 1793.0 2150.0 1826.0 2101.0 1826.0 ship 0
2088.0 1837.0 2133.0 1837.0 2133.0 1867.0 2088.0 1867.0 ship 0
2595.0 1828.0 2619.0 1828.0 2619.0 1843.0 2595.0 1843.0 small-vehicle 1
460.0 1091.0 546.0 1091.0 546.0 1150.0 460.0 1150.0 harbor 0
789.0 1607.0 847.0 1607.0 847.0 1696.0 789.0 1696.0 harbor 0
727.0 1589.0 783.0 1589.0 783.0 1678.0 727.0 1678.0 harbor 0
622.0 1554.0 708.0 1554.0 708.0 1650.0 622.0 1650.0 harbor 0
562.0 1537.0 619.0 1537.0 619.0 1622.0 562.0 1622.0 harbor 0
409.0 1246.0 495.0 1246.0 495.0 1301.0 409.0 1301.0 harbor 0
426.0 1182.0 515.0 1182.0 515.0 1249.0 426.0 1249.0 harbor 0
476.0 1031.0 567.0 1031.0 567.0 1097.0 476.0 1097.0 harbor 0
934.0 1654.0 994.0 1654.0 994.0 1743.0 934.0 1743.0 harbor 0
500.0 946.0 593.0 946.0 593.0 1010.0 500.0 1010.0 harbor 0
527.0 865.0 616.0 865.0 616.0 938.0 527.0 938.0 harbor 0
558.0 772.0 650.0 772.0 650.0 842.0 558.0 842.0 harbor 0
576.0 726.0 665.0 726.0 665.0 786.0 576.0 786.0 harbor 0
601.0 641.0 692.0 641.0 692.0 699.0 601.0 699.0 harbor 0
623.0 574.0 713.0 574.0 713.0 638.0 623.0 638.0 harbor 0
852.0 1628.0 909.0 1628.0 909.0 1718.0 852.0 1718.0 harbor 0
1001.0 1677.0 1069.0 1677.0 1069.0 1768.0 1001.0 1768.0 harbor 0
672.0 433.0 762.0 433.0 762.0 488.0 672.0 488.0 harbor 0
1393.0 877.0 1454.0 877.0 1454.0 999.0 1393.0 999.0 basketball-court 0
2166.0 1383.0 2302.0 1383.0 2302.0 1623.0 2166.0 1623.0 harbor 0
2300.0 1428.0 2417.0 1428.0 2417.0 1652.0 2300.0 1652.0 harbor 0
1616.0 119.0 1690.0 119.0 1690.0 231.0 1616.0 231.0 harbor 0
1624.0 295.0 1706.0 295.0 1706.0 378.0 1624.0 378.0 harbor 0
1593.0 262.0 1674.0 262.0 1674.0 344.0 1593.0 344.0 harbor 0
1923.0 1982.0 2005.0 1982.0 2005.0 2051.0 1923.0 2051.0 tennis-court 1
1230.0 839.0 1313.0 839.0 1313.0 941.0 1230.0 941.0 swimming-pool 0
1054.0 1695.0 1136.0 1695.0 1136.0 1790.0 1054.0 1790.0 harbor 0
1040.0 1943.0 1097.0 1943.0 1097.0 2032.0 1040.0 2032.0 harbor 0
1093.0 1960.0 1162.0 1960.0 1162.0 2050.0 1093.0 2050.0 harbor 0
1194.0 1992.0 1255.0 1992.0 1255.0 2051.0 1194.0 2051.0 harbor 1
1282.0 1870.0 1340.0 1870.0 1340.0 1919.0 1282.0 1919.0 harbor 0
1232.0 1753.0 1305.0 1753.0 1305.0 1847.0 1232.0 1847.0 harbor 0
1137.0 1726.0 1203.0 1726.0 1203.0 1813.0 1137.0 1813.0 harbor 0
641.0 519.0 731.0 519.0 731.0 577.0 641.0 577.0 harbor 0
686.0 360.0 785.0 360.0 785.0 445.0 686.0 445.0 harbor 0
2080.0 1859.0 2130.0 1859.0 2130.0 1892.0 2080.0 1892.0 ship 0
467.0 571.0 554.0 571.0 554.0 645.0 467.0 645.0 harbor 0
293.0 1127.0 374.0 1127.0 374.0 1179.0 293.0 1179.0 harbor 0
305.0 1055.0 398.0 1055.0 398.0 1126.0 305.0 1126.0 harbor 0
329.0 983.0 422.0 983.0 422.0 1066.0 329.0 1066.0 harbor 0
359.0 918.0 443.0 918.0 443.0 966.0 359.0 966.0 harbor 0
410.0 746.0 496.0 746.0 496.0 802.0 410.0 802.0 harbor 0
434.0 684.0 517.0 684.0 517.0 737.0 434.0 737.0 harbor 0
477.0 498.0 582.0 498.0 582.0 585.0 477.0 585.0 harbor 0
246.0 1315.0 325.0 1315.0 325.0 1365.0 246.0 1365.0 harbor 0
501.0 448.0 594.0 448.0 594.0 510.0 501.0 510.0 harbor 0
521.0 394.0 610.0 394.0 610.0 449.0 521.0 449.0 harbor 0
550.0 305.0 641.0 305.0 641.0 363.0 550.0 363.0 harbor 0
577.0 238.0 667.0 238.0 667.0 316.0 577.0 316.0 harbor 0
656.0 134.0 743.0 134.0 743.0 206.0 656.0 206.0 harbor 0
691.0 78.0 776.0 78.0 776.0 147.0 691.0 147.0 harbor 0
267.0 1187.0 356.0 1187.0 356.0 1252.0 267.0 1252.0 harbor 0
243.0 1378.0 326.0 1378.0 326.0 1421.0 243.0 1421.0 harbor 0
742.0 258.0 800.0 258.0 800.0 355.0 742.0 355.0 harbor 0
865.0 1792.0 936.0 1792.0 936.0 1881.0 865.0 1881.0 harbor 0
825.0 116.0 909.0 116.0 909.0 201.0 825.0 201.0 harbor 0
856.0 69.0 949.0 69.0 949.0 156.0 856.0 156.0 harbor 0
306.0 1542.0 386.0 1542.0 386.0 1606.0 306.0 1606.0 harbor 0
398.0 840.0 469.0 840.0 469.0 887.0 398.0 887.0 harbor 0
888.0 23.0 975.0 23.0 975.0 80.0 888.0 80.0 harbor 0
933.0 1818.0 1004.0 1818.0 1004.0 1906.0 933.0 1906.0 harbor 0
809.0 1773.0 875.0 1773.0 875.0 1864.0 809.0 1864.0 harbor 0
254.0 1432.0 335.0 1432.0 335.0 1480.0 254.0 1480.0 harbor 0
741.0 1752.0 787.0 1752.0 787.0 1832.0 741.0 1832.0 harbor 0
663.0 1727.0 720.0 1727.0 720.0 1818.0 663.0 1818.0 harbor 0
590.0 1702.0 661.0 1702.0 661.0 1797.0 590.0 1797.0 harbor 0
506.0 1677.0 578.0 1677.0 578.0 1766.0 506.0 1766.0 harbor 0
352.0 1580.0 495.0 1580.0 495.0 1720.0 352.0 1720.0 harbor 0
266.0 1472.0 363.0 1472.0 363.0 1555.0 266.0 1555.0 harbor 0
2070.0 1694.0 2242.0 1694.0 2242.0 1928.0 2070.0 1928.0 harbor 0
2256.0 1752.0 2377.0 1752.0 2377.0 1972.0 2256.0 1972.0 harbor 0
1910.0 1329.0 2154.0 1329.0 2154.0 1870.0 1910.0 1870.0 harbor 0
727.0 1631.0 747.0 1631.0 747.0 1677.0 727.0 1677.0 ship 0
1158.0 1770.0 1182.0 1770.0 1182.0 1814.0 1158.0 1814.0 ship 0
1138.0 1769.0 1162.0 1769.0 1162.0 1807.0 1138.0 1807.0 ship 0
1006.0 1724.0 1028.0 1724.0 1028.0 1760.0 1006.0 1760.0 ship 0
894.0 1795.0 919.0 1795.0 919.0 1834.0 894.0 1834.0 ship 0
852.0 1671.0 874.0 1671.0 874.0 1710.0 852.0 1710.0 ship 0
792.0 1654.0 811.0 1654.0 811.0 1688.0 792.0 1688.0 ship 0
760.0 1762.0 780.0 1762.0 780.0 1793.0 760.0 1793.0 ship 0
1137.0 1970.0 1163.0 1970.0 1163.0 2011.0 1137.0 2011.0 ship 0
531.0 1687.0 550.0 1687.0 550.0 1714.0 531.0 1714.0 ship 0
566.0 1698.0 585.0 1698.0 585.0 1728.0 566.0 1728.0 ship 0
658.0 1607.0 683.0 1607.0 683.0 1646.0 658.0 1646.0 ship 0
597.0 1581.0 618.0 1581.0 618.0 1617.0 597.0 1617.0 ship 0
284.0 1400.0 331.0 1400.0 331.0 1430.0 284.0 1430.0 ship 0
288.0 1324.0 327.0 1324.0 327.0 1339.0 288.0 1339.0 ship 0
1122.0 1966.0 1144.0 1966.0 1144.0 2004.0 1122.0 2004.0 ship 0
2070.0 1392.0 2133.0 1392.0 2133.0 1433.0 2070.0 1433.0 ship 0
2211.0 883.0 2410.0 883.0 2410.0 1083.0 2211.0 1083.0 harbor 0
1973.0 1703.0 2030.0 1703.0 2030.0 1740.0 1973.0 1740.0 ship 0
2072.0 1882.0 2118.0 1882.0 2118.0 1910.0 2072.0 1910.0 ship 0
1924.0 1830.0 1997.0 1830.0 1997.0 1872.0 1924.0 1872.0 ship 0
1933.0 1805.0 1997.0 1805.0 1997.0 1843.0 1933.0 1843.0 ship 0
1939.0 1778.0 2013.0 1778.0 2013.0 1821.0 1939.0 1821.0 ship 0
1950.0 1753.0 2008.0 1753.0 2008.0 1789.0 1950.0 1789.0 ship 0
1959.0 1728.0 2024.0 1728.0 2024.0 1768.0 1959.0 1768.0 ship 0
1982.0 1676.0 2039.0 1676.0 2039.0 1713.0 1982.0 1713.0 ship 0
2058.0 1416.0 2124.0 1416.0 2124.0 1457.0 2058.0 1457.0 ship 0
1982.0 1649.0 2051.0 1649.0 2051.0 1690.0 1982.0 1690.0 ship 0
1991.0 1624.0 2052.0 1624.0 2052.0 1663.0 1991.0 1663.0 ship 0
2016.0 1575.0 2074.0 1575.0 2074.0 1611.0 2016.0 1611.0 ship 0
2029.0 1524.0 2086.0 1524.0 2086.0 1560.0 2029.0 1560.0 ship 0
2043.0 1468.0 2105.0 1468.0 2105.0 1506.0 2043.0 1506.0 ship 0
2054.0 1446.0 2106.0 1446.0 2106.0 1478.0 2054.0 1478.0 ship 0
418.0 1248.0 458.0 1248.0 458.0 1274.0 418.0 1274.0 ship 0
436.0 1204.0 469.0 1204.0 469.0 1226.0 436.0 1226.0 ship 0
324.0 1171.0 365.0 1171.0 365.0 1197.0 324.0 1197.0 ship 0
56.0 114.0 101.0 114.0 101.0 142.0 56.0 142.0 ship 0
73.0 10.0 114.0 10.0 114.0 33.0 73.0 33.0 ship 0
25.0 15.0 70.0 15.0 70.0 40.0 25.0 40.0 ship 0
25.0 106.0 53.0 106.0 53.0 124.0 25.0 124.0 ship 0
68.0 177.0 97.0 177.0 97.0 197.0 68.0 197.0 ship 0
56.0 155.0 95.0 155.0 95.0 179.0 56.0 179.0 ship 0
66.0 146.0 102.0 146.0 102.0 166.0 66.0 166.0 ship 0
65.0 96.0 102.0 96.0 102.0 117.0 65.0 117.0 ship 0
333.0 1145.0 376.0 1145.0 376.0 1172.0 333.0 1172.0 ship 0
64.0 76.0 106.0 76.0 106.0 99.0 64.0 99.0 ship 0
67.0 49.0 113.0 49.0 113.0 77.0 67.0 77.0 ship 0
173.0 16.0 200.0 16.0 200.0 34.0 173.0 34.0 ship 0
175.0 5.0 204.0 5.0 204.0 23.0 175.0 23.0 ship 0
65.0 28.0 107.0 28.0 107.0 52.0 65.0 52.0 ship 0
2090.0 1013.0 2321.0 1013.0 2321.0 1249.0 2090.0 1249.0 harbor 0
86.0 207.0 104.0 207.0 104.0 234.0 86.0 234.0 ship 0
52.0 207.0 88.0 207.0 88.0 228.0 52.0 228.0 ship 0
116.0 215.0 131.0 215.0 131.0 241.0 116.0 241.0 ship 0
899.0 26.0 934.0 26.0 934.0 52.0 899.0 52.0 ship 0
830.0 133.0 864.0 133.0 864.0 167.0 830.0 167.0 ship 0
699.0 177.0 737.0 177.0 737.0 210.0 699.0 210.0 ship 0
577.0 346.0 639.0 346.0 639.0 368.0 577.0 368.0 ship 0
686.0 404.0 735.0 404.0 735.0 435.0 686.0 435.0 ship 0
580.0 399.0 615.0 399.0 615.0 420.0 580.0 420.0 ship 0
643.0 536.0 677.0 536.0 677.0 558.0 643.0 558.0 ship 0
531.0 540.0 580.0 540.0 580.0 572.0 531.0 572.0 ship 0
462.0 763.0 494.0 763.0 494.0 784.0 462.0 784.0 ship 0
565.0 789.0 599.0 789.0 599.0 811.0 565.0 811.0 ship 0
384.0 950.0 438.0 950.0 438.0 982.0 384.0 982.0 ship 0
376.0 1013.0 427.0 1013.0 427.0 1042.0 376.0 1042.0 ship 0
384.0 998.0 416.0 998.0 416.0 1018.0 384.0 1018.0 ship 0
358.0 1080.0 391.0 1080.0 391.0 1101.0 358.0 1101.0 ship 0
22.0 1455.0 46.0 1455.0 46.0 1473.0 22.0 1473.0 small-vehicle 1
44.0 1492.0 66.0 1492.0 66.0 1511.0 44.0 1511.0 small-vehicle 1
47.0 1502.0 70.0 1502.0 70.0 1521.0 47.0 1521.0 small-vehicle 1
1254.0 1528.0 1267.0 1528.0 1267.0 1548.0 1254.0 1548.0 small-vehicle 1
1409.0 1592.0 1420.0 1592.0 1420.0 1612.0 1409.0 1612.0 small-vehicle 1
1398.0 1591.0 1410.0 1591.0 1410.0 1612.0 1398.0 1612.0 small-vehicle 1
1316.0 1638.0 1332.0 1638.0 1332.0 1663.0 1316.0 1663.0 small-vehicle 1
1291.0 1631.0 1310.0 1631.0 1310.0 1657.0 1291.0 1657.0 small-vehicle 1
1371.0 1582.0 1385.0 1582.0 1385.0 1603.0 1371.0 1603.0 small-vehicle 1
1264.0 1530.0 1278.0 1530.0 1278.0 1551.0 1264.0 1551.0 small-vehicle 1
1148.0 1492.0 1164.0 1492.0 1164.0 1513.0 1148.0 1513.0 small-vehicle 1
1564.0 1622.0 1585.0 1622.0 1585.0 1636.0 1564.0 1636.0 small-vehicle 1
1138.0 1490.0 1153.0 1490.0 1153.0 1514.0 1138.0 1514.0 small-vehicle 1
1201.0 1592.0 1217.0 1592.0 1217.0 1616.0 1201.0 1616.0 small-vehicle 1
1169.0 1584.0 1184.0 1584.0 1184.0 1604.0 1169.0 1604.0 small-vehicle 1
1143.0 1573.0 1158.0 1573.0 1158.0 1596.0 1143.0 1596.0 small-vehicle 1
1110.0 1558.0 1130.0 1558.0 1130.0 1586.0 1110.0 1586.0 small-vehicle 1
1050.0 1528.0 1069.0 1528.0 1069.0 1554.0 1050.0 1554.0 small-vehicle 1
1561.0 1631.0 1582.0 1631.0 1582.0 1647.0 1561.0 1647.0 small-vehicle 1
1573.0 1598.0 1595.0 1598.0 1595.0 1612.0 1573.0 1612.0 small-vehicle 1
1030.0 1548.0 1046.0 1548.0 1046.0 1569.0 1030.0 1569.0 small-vehicle 1
1460.0 1457.0 1477.0 1457.0 1477.0 1480.0 1460.0 1480.0 small-vehicle 1
1256.0 1393.0 1273.0 1393.0 1273.0 1415.0 1256.0 1415.0 small-vehicle 1
1270.0 1398.0 1284.0 1398.0 1284.0 1417.0 1270.0 1417.0 small-vehicle 1
1279.0 1400.0 1295.0 1400.0 1295.0 1421.0 1279.0 1421.0 small-vehicle 1
1340.0 1419.0 1354.0 1419.0 1354.0 1440.0 1340.0 1440.0 small-vehicle 1
1408.0 1439.0 1424.0 1439.0 1424.0 1461.0 1408.0 1461.0 small-vehicle 1
1427.0 1443.0 1446.0 1443.0 1446.0 1468.0 1427.0 1468.0 small-vehicle 1
1474.0 1464.0 1488.0 1464.0 1488.0 1483.0 1474.0 1483.0 small-vehicle 1
1575.0 1585.0 1598.0 1585.0 1598.0 1600.0 1575.0 1600.0 small-vehicle 1
1507.0 1474.0 1521.0 1474.0 1521.0 1492.0 1507.0 1492.0 small-vehicle 1
1526.0 1478.0 1542.0 1478.0 1542.0 1499.0 1526.0 1499.0 small-vehicle 1
1537.0 1478.0 1553.0 1478.0 1553.0 1504.0 1537.0 1504.0 small-vehicle 1
1550.0 1486.0 1563.0 1486.0 1563.0 1506.0 1550.0 1506.0 small-vehicle 1
1603.0 1503.0 1616.0 1503.0 1616.0 1523.0 1603.0 1523.0 small-vehicle 1
1623.0 1510.0 1636.0 1510.0 1636.0 1530.0 1623.0 1530.0 small-vehicle 1
1045.0 1551.0 1061.0 1551.0 1061.0 1573.0 1045.0 1573.0 small-vehicle 1
1021.0 1542.0 1035.0 1542.0 1035.0 1564.0 1021.0 1564.0 small-vehicle 1
182.0 1645.0 199.0 1645.0 199.0 1668.0 182.0 1668.0 small-vehicle 1
624.0 1167.0 645.0 1167.0 645.0 1183.0 624.0 1183.0 small-vehicle 1
745.0 1350.0 761.0 1350.0 761.0 1370.0 745.0 1370.0 small-vehicle 1
734.0 1370.0 753.0 1370.0 753.0 1390.0 734.0 1390.0 small-vehicle 1
661.0 1261.0 686.0 1261.0 686.0 1277.0 661.0 1277.0 small-vehicle 1
587.0 1295.0 610.0 1295.0 610.0 1312.0 587.0 1312.0 small-vehicle 1
666.0 1240.0 691.0 1240.0 691.0 1255.0 666.0 1255.0 small-vehicle 1
694.0 1157.0 717.0 1157.0 717.0 1175.0 694.0 1175.0 small-vehicle 1
811.0 1180.0 834.0 1180.0 834.0 1197.0 811.0 1197.0 small-vehicle 1
960.0 1294.0 976.0 1294.0 976.0 1316.0 960.0 1316.0 small-vehicle 1
702.0 1124.0 732.0 1124.0 732.0 1145.0 702.0 1145.0 small-vehicle 1
845.0 1071.0 867.0 1071.0 867.0 1089.0 845.0 1089.0 small-vehicle 1
852.0 1041.0 874.0 1041.0 874.0 1057.0 852.0 1057.0 small-vehicle 1
857.0 1029.0 881.0 1029.0 881.0 1047.0 857.0 1047.0 small-vehicle 1
870.0 997.0 890.0 997.0 890.0 1013.0 870.0 1013.0 small-vehicle 1
737.0 1031.0 763.0 1031.0 763.0 1048.0 737.0 1048.0 small-vehicle 1
1049.0 1261.0 1067.0 1261.0 1067.0 1288.0 1049.0 1288.0 small-vehicle 1
1016.0 1312.0 1031.0 1312.0 1031.0 1335.0 1016.0 1335.0 small-vehicle 1
1038.0 1526.0 1053.0 1526.0 1053.0 1548.0 1038.0 1548.0 small-vehicle 1
858.0 1415.0 870.0 1415.0 870.0 1434.0 858.0 1434.0 small-vehicle 1
994.0 1530.0 1007.0 1530.0 1007.0 1551.0 994.0 1551.0 small-vehicle 1
1050.0 1462.0 1064.0 1462.0 1064.0 1483.0 1050.0 1483.0 small-vehicle 1
1009.0 1451.0 1023.0 1451.0 1023.0 1473.0 1009.0 1473.0 small-vehicle 1
987.0 1453.0 1002.0 1453.0 1002.0 1476.0 987.0 1476.0 small-vehicle 1
896.0 1426.0 911.0 1426.0 911.0 1447.0 896.0 1447.0 small-vehicle 1
887.0 1428.0 901.0 1428.0 901.0 1447.0 887.0 1447.0 small-vehicle 1
906.0 1504.0 923.0 1504.0 923.0 1528.0 906.0 1528.0 small-vehicle 1
1048.0 1323.0 1062.0 1323.0 1062.0 1346.0 1048.0 1346.0 small-vehicle 1
788.0 1463.0 803.0 1463.0 803.0 1487.0 788.0 1487.0 small-vehicle 1
828.0 1400.0 842.0 1400.0 842.0 1422.0 828.0 1422.0 small-vehicle 1
1136.0 1354.0 1149.0 1354.0 1149.0 1374.0 1136.0 1374.0 small-vehicle 1
1092.0 1338.0 1106.0 1338.0 1106.0 1361.0 1092.0 1361.0 small-vehicle 1
1081.0 1335.0 1094.0 1335.0 1094.0 1358.0 1081.0 1358.0 small-vehicle 1
1071.0 1329.0 1085.0 1329.0 1085.0 1353.0 1071.0 1353.0 small-vehicle 1
1248.0 1390.0 1264.0 1390.0 1264.0 1411.0 1248.0 1411.0 small-vehicle 1
1237.0 1386.0 1253.0 1386.0 1253.0 1408.0 1237.0 1408.0 small-vehicle 1
1225.0 1382.0 1238.0 1382.0 1238.0 1403.0 1225.0 1403.0 small-vehicle 1
1833.0 1899.0 1859.0 1899.0 1859.0 1916.0 1833.0 1916.0 small-vehicle 0
2753.0 1578.0 2774.0 1578.0 2774.0 1592.0 2753.0 1592.0 small-vehicle 1
2713.0 1413.0 2732.0 1413.0 2732.0 1433.0 2713.0 1433.0 small-vehicle 1
1524.0 1681.0 1551.0 1681.0 1551.0 1709.0 1524.0 1709.0 roundabout 0
297.0 11.0 344.0 11.0 344.0 53.0 297.0 53.0 roundabout 0
1281.0 1197.0 1304.0 1197.0 1304.0 1207.0 1281.0 1207.0 small-vehicle 0
1811.0 1962.0 1833.0 1962.0 1833.0 1976.0 1811.0 1976.0 small-vehicle 0
1799.0 1832.0 1823.0 1832.0 1823.0 1850.0 1799.0 1850.0 small-vehicle 0
2628.0 1526.0 2646.0 1526.0 2646.0 1541.0 2628.0 1541.0 small-vehicle 1
1883.0 1738.0 1904.0 1738.0 1904.0 1754.0 1883.0 1754.0 small-vehicle 0
1886.0 1723.0 1909.0 1723.0 1909.0 1738.0 1886.0 1738.0 small-vehicle 0
1808.0 1371.0 1822.0 1371.0 1822.0 1391.0 1808.0 1391.0 small-vehicle 0
1915.0 1164.0 1930.0 1164.0 1930.0 1185.0 1915.0 1185.0 small-vehicle 0
1925.0 1156.0 1942.0 1156.0 1942.0 1179.0 1925.0 1179.0 small-vehicle 0
1936.0 1154.0 1952.0 1154.0 1952.0 1176.0 1936.0 1176.0 small-vehicle 0
2646.0 1500.0 2667.0 1500.0 2667.0 1516.0 2646.0 1516.0 small-vehicle 1
2601.0 1660.0 2622.0 1660.0 2622.0 1674.0 2601.0 1674.0 small-vehicle 1
1203.0 1374.0 1219.0 1374.0 1219.0 1395.0 1203.0 1395.0 small-vehicle 1
2501.0 1913.0 2522.0 1913.0 2522.0 1927.0 2501.0 1927.0 small-vehicle 1
2732.0 2010.0 2741.0 2010.0 2741.0 2029.0 2732.0 2029.0 small-vehicle 1
2723.0 2009.0 2731.0 2009.0 2731.0 2027.0 2723.0 2027.0 small-vehicle 1
2597.0 1998.0 2606.0 1998.0 2606.0 2017.0 2597.0 2017.0 small-vehicle 1
2550.0 2001.0 2560.0 2001.0 2560.0 2021.0 2550.0 2021.0 small-vehicle 1
2497.0 1986.0 2516.0 1986.0 2516.0 2003.0 2497.0 2003.0 small-vehicle 1
2500.0 1926.0 2523.0 1926.0 2523.0 1940.0 2500.0 1940.0 small-vehicle 1
2548.0 1768.0 2571.0 1768.0 2571.0 1785.0 2548.0 1785.0 small-vehicle 1
2599.0 1670.0 2622.0 1670.0 2622.0 1687.0 2599.0 1687.0 small-vehicle 1
2559.0 1758.0 2583.0 1758.0 2583.0 1773.0 2559.0 1773.0 small-vehicle 1
2632.0 1737.0 2655.0 1737.0 2655.0 1754.0 2632.0 1754.0 small-vehicle 1
2625.0 1748.0 2647.0 1748.0 2647.0 1766.0 2625.0 1766.0 small-vehicle 1
2617.0 1758.0 2642.0 1758.0 2642.0 1777.0 2617.0 1777.0 small-vehicle 1
2563.0 1747.0 2589.0 1747.0 2589.0 1766.0 2563.0 1766.0 small-vehicle 1
2671.0 1676.0 2695.0 1676.0 2695.0 1694.0 2671.0 1694.0 small-vehicle 1
1817.0 1180.0 1840.0 1180.0 1840.0 1203.0 1817.0 1203.0 small-vehicle 0
1810.0 1173.0 1831.0 1173.0 1831.0 1192.0 1810.0 1192.0 small-vehicle 0
1679.0 1100.0 1701.0 1100.0 1701.0 1127.0 1679.0 1127.0 small-vehicle 0
1655.0 638.0 1677.0 638.0 1677.0 654.0 1655.0 654.0 small-vehicle 0
1470.0 782.0 1488.0 782.0 1488.0 803.0 1470.0 803.0 small-vehicle 1
1439.0 669.0 1459.0 669.0 1459.0 694.0 1439.0 694.0 small-vehicle 1
1441.0 729.0 1457.0 729.0 1457.0 750.0 1441.0 750.0 small-vehicle 1
1427.0 708.0 1445.0 708.0 1445.0 731.0 1427.0 731.0 small-vehicle 1
1413.0 680.0 1432.0 680.0 1432.0 704.0 1413.0 704.0 small-vehicle 1
1401.0 658.0 1420.0 658.0 1420.0 684.0 1401.0 684.0 small-vehicle 0
1828.0 555.0 1847.0 555.0 1847.0 577.0 1828.0 577.0 small-vehicle 0
1822.0 1110.0 1844.0 1110.0 1844.0 1130.0 1822.0 1130.0 small-vehicle 0
1819.0 545.0 1839.0 545.0 1839.0 566.0 1819.0 566.0 small-vehicle 0
1766.0 426.0 1785.0 426.0 1785.0 437.0 1766.0 437.0 small-vehicle 0
1679.0 404.0 1696.0 404.0 1696.0 428.0 1679.0 428.0 small-vehicle 0
1718.0 378.0 1741.0 378.0 1741.0 399.0 1718.0 399.0 small-vehicle 0
1183.0 1366.0 1198.0 1366.0 1198.0 1388.0 1183.0 1388.0 small-vehicle 1
1193.0 1370.0 1210.0 1370.0 1210.0 1393.0 1193.0 1393.0 small-vehicle 1
1494.0 823.0 1512.0 823.0 1512.0 844.0 1494.0 844.0 small-vehicle 1
1509.0 850.0 1527.0 850.0 1527.0 873.0 1509.0 873.0 small-vehicle 1
1532.0 896.0 1551.0 896.0 1551.0 920.0 1532.0 920.0 small-vehicle 1
1547.0 920.0 1564.0 920.0 1564.0 942.0 1547.0 942.0 small-vehicle 1
1676.0 824.0 1702.0 824.0 1702.0 851.0 1676.0 851.0 small-vehicle 1
1772.0 924.0 1794.0 924.0 1794.0 945.0 1772.0 945.0 small-vehicle 1
1785.0 940.0 1807.0 940.0 1807.0 960.0 1785.0 960.0 small-vehicle 1
1849.0 999.0 1873.0 999.0 1873.0 1023.0 1849.0 1023.0 small-vehicle 1
1808.0 1030.0 1830.0 1030.0 1830.0 1051.0 1808.0 1051.0 small-vehicle 1
1896.0 1046.0 1918.0 1046.0 1918.0 1070.0 1896.0 1070.0 small-vehicle 1
1877.0 1025.0 1899.0 1025.0 1899.0 1049.0 1877.0 1049.0 small-vehicle 1
1943.0 1146.0 1964.0 1146.0 1964.0 1171.0 1943.0 1171.0 small-vehicle 1
1928.0 1077.0 1950.0 1077.0 1950.0 1098.0 1928.0 1098.0 small-vehicle 1
1920.0 1068.0 1942.0 1068.0 1942.0 1090.0 1920.0 1090.0 small-vehicle 1
1934.0 1083.0 1955.0 1083.0 1955.0 1106.0 1934.0 1106.0 small-vehicle 1
1942.0 1091.0 1962.0 1091.0 1962.0 1114.0 1942.0 1114.0 small-vehicle 1
1854.0 1186.0 1873.0 1186.0 1873.0 1212.0 1854.0 1212.0 small-vehicle 1
649.0 1105.0 669.0 1105.0 669.0 1120.0 649.0 1120.0 small-vehicle 1
656.0 1084.0 677.0 1084.0 677.0 1100.0 656.0 1100.0 small-vehicle 1
692.0 979.0 713.0 979.0 713.0 994.0 692.0 994.0 small-vehicle 1
1076.0 168.0 1095.0 168.0 1095.0 194.0 1076.0 194.0 small-vehicle 0
943.0 266.0 967.0 266.0 967.0 287.0 943.0 287.0 small-vehicle 0
949.0 257.0 974.0 257.0 974.0 278.0 949.0 278.0 small-vehicle 0
1270.0 205.0 1295.0 205.0 1295.0 220.0 1270.0 220.0 small-vehicle 0
1201.0 260.0 1223.0 260.0 1223.0 277.0 1201.0 277.0 small-vehicle 0
1093.0 132.0 1113.0 132.0 1113.0 157.0 1093.0 157.0 small-vehicle 0
1089.0 146.0 1108.0 146.0 1108.0 172.0 1089.0 172.0 small-vehicle 0
1083.0 159.0 1101.0 159.0 1101.0 182.0 1083.0 182.0 small-vehicle 0
1002.0 292.0 1022.0 292.0 1022.0 310.0 1002.0 310.0 small-vehicle 0
1111.0 165.0 1134.0 165.0 1134.0 193.0 1111.0 193.0 small-vehicle 0
1114.0 150.0 1134.0 150.0 1134.0 174.0 1114.0 174.0 small-vehicle 0
1122.0 137.0 1140.0 137.0 1140.0 163.0 1122.0 163.0 small-vehicle 0
1100.0 121.0 1118.0 121.0 1118.0 144.0 1100.0 144.0 small-vehicle 0
1110.0 93.0 1129.0 93.0 1129.0 115.0 1110.0 115.0 small-vehicle 0
1158.0 24.0 1179.0 24.0 1179.0 51.0 1158.0 51.0 small-vehicle 0
958.0 249.0 982.0 249.0 982.0 271.0 958.0 271.0 small-vehicle 0
1059.0 82.0 1079.0 82.0 1079.0 97.0 1059.0 97.0 small-vehicle 0
1381.0 162.0 1395.0 162.0 1395.0 187.0 1381.0 187.0 small-vehicle 1
896.0 333.0 922.0 333.0 922.0 353.0 896.0 353.0 small-vehicle 1
1510.0 232.0 1524.0 232.0 1524.0 259.0 1510.0 259.0 small-vehicle 1
1531.0 169.0 1548.0 169.0 1548.0 193.0 1531.0 193.0 small-vehicle 1
1447.0 143.0 1461.0 143.0 1461.0 166.0 1447.0 166.0 small-vehicle 1
1569.0 16.0 1585.0 16.0 1585.0 39.0 1569.0 39.0 small-vehicle 1
1551.0 34.0 1566.0 34.0 1566.0 59.0 1551.0 59.0 small-vehicle 1
1508.0 18.0 1528.0 18.0 1528.0 42.0 1508.0 42.0 small-vehicle 1
901.0 318.0 924.0 318.0 924.0 335.0 901.0 335.0 small-vehicle 1
1216.0 13.0 1236.0 13.0 1236.0 28.0 1216.0 28.0 small-vehicle 0
911.0 310.0 933.0 310.0 933.0 329.0 911.0 329.0 small-vehicle 1
991.0 298.0 1017.0 298.0 1017.0 320.0 991.0 320.0 small-vehicle 1
1179.0 265.0 1196.0 265.0 1196.0 291.0 1179.0 291.0 small-vehicle 1
1169.0 260.0 1185.0 260.0 1185.0 286.0 1169.0 286.0 small-vehicle 1
1020.0 175.0 1042.0 175.0 1042.0 194.0 1020.0 194.0 small-vehicle 1
1059.0 70.0 1082.0 70.0 1082.0 87.0 1059.0 87.0 small-vehicle 1
1162.0 6.0 1181.0 6.0 1181.0 31.0 1162.0 31.0 small-vehicle 0
750.0 2010.0 767.0 2010.0 767.0 2035.0 750.0 2035.0 small-vehicle 0
731.0 1964.0 759.0 1964.0 759.0 1984.0 731.0 1984.0 small-vehicle 0
316.0 1772.0 334.0 1772.0 334.0 1794.0 316.0 1794.0 small-vehicle 1
175.0 1914.0 195.0 1914.0 195.0 1930.0 175.0 1930.0 small-vehicle 1
170.0 1923.0 192.0 1923.0 192.0 1939.0 170.0 1939.0 small-vehicle 1
159.0 1944.0 180.0 1944.0 180.0 1960.0 159.0 1960.0 small-vehicle 1
196.0 1907.0 214.0 1907.0 214.0 1930.0 196.0 1930.0 small-vehicle 1
241.0 1789.0 260.0 1789.0 260.0 1809.0 241.0 1809.0 small-vehicle 1
234.0 1782.0 254.0 1782.0 254.0 1801.0 234.0 1801.0 small-vehicle 1
306.0 1762.0 328.0 1762.0 328.0 1787.0 306.0 1787.0 small-vehicle 1
654.0 1915.0 669.0 1915.0 669.0 1934.0 654.0 1934.0 small-vehicle 0
197.0 1740.0 216.0 1740.0 216.0 1758.0 197.0 1758.0 small-vehicle 1
124.0 1632.0 145.0 1632.0 145.0 1650.0 124.0 1650.0 small-vehicle 1
102.0 1590.0 123.0 1590.0 123.0 1607.0 102.0 1607.0 small-vehicle 1
97.0 1578.0 119.0 1578.0 119.0 1596.0 97.0 1596.0 small-vehicle 1
233.0 1688.0 256.0 1688.0 256.0 1709.0 233.0 1709.0 small-vehicle 1
200.0 1630.0 224.0 1630.0 224.0 1652.0 200.0 1652.0 small-vehicle 1
419.0 1836.0 437.0 1836.0 437.0 1859.0 419.0 1859.0 small-vehicle 1
526.0 1874.0 540.0 1874.0 540.0 1893.0 526.0 1893.0 small-vehicle 1
428.0 1913.0 443.0 1913.0 443.0 1932.0 428.0 1932.0 small-vehicle 1
491.0 1931.0 507.0 1931.0 507.0 1955.0 491.0 1955.0 small-vehicle 1
590.0 1959.0 604.0 1959.0 604.0 1980.0 590.0 1980.0 small-vehicle 1
633.0 1973.0 647.0 1973.0 647.0 1993.0 633.0 1993.0 small-vehicle 1
684.0 1926.0 699.0 1926.0 699.0 1951.0 684.0 1951.0 small-vehicle 1
718.0 2001.0 732.0 2001.0 732.0 2024.0 718.0 2024.0 small-vehicle 1
731.0 2007.0 746.0 2007.0 746.0 2029.0 731.0 2029.0 small-vehicle 1
781.0 2020.0 797.0 2020.0 797.0 2044.0 781.0 2044.0 small-vehicle 1
285.0 1878.0 308.0 1878.0 308.0 1899.0 285.0 1899.0 small-vehicle 0
270.0 1895.0 294.0 1895.0 294.0 1913.0 270.0 1913.0 small-vehicle 0
265.0 1903.0 287.0 1903.0 287.0 1924.0 265.0 1924.0 small-vehicle 0
481.0 1859.0 497.0 1859.0 497.0 1886.0 481.0 1886.0 small-vehicle 0
468.0 1857.0 488.0 1857.0 488.0 1884.0 468.0 1884.0 small-vehicle 0
504.0 1863.0 518.0 1863.0 518.0 1884.0 504.0 1884.0 small-vehicle 0
644.0 1910.0 658.0 1910.0 658.0 1932.0 644.0 1932.0 small-vehicle 0
1521.0 234.0 1539.0 234.0 1539.0 260.0 1521.0 260.0 small-vehicle 1
1368.0 155.0 1386.0 155.0 1386.0 182.0 1368.0 182.0 small-vehicle 1
706.0 910.0 727.0 910.0 727.0 926.0 706.0 926.0 small-vehicle 1
817.0 777.0 841.0 777.0 841.0 793.0 817.0 793.0 small-vehicle 1
934.0 794.0 954.0 794.0 954.0 810.0 934.0 810.0 small-vehicle 1
936.0 784.0 958.0 784.0 958.0 802.0 936.0 802.0 small-vehicle 1
939.0 775.0 961.0 775.0 961.0 790.0 939.0 790.0 small-vehicle 1
945.0 753.0 968.0 753.0 968.0 767.0 945.0 767.0 small-vehicle 1
950.0 730.0 973.0 730.0 973.0 746.0 950.0 746.0 small-vehicle 1
948.0 740.0 970.0 740.0 970.0 756.0 948.0 756.0 small-vehicle 1
834.0 733.0 858.0 733.0 858.0 748.0 834.0 748.0 small-vehicle 1
926.0 817.0 948.0 817.0 948.0 832.0 926.0 832.0 small-vehicle 1
837.0 723.0 861.0 723.0 861.0 739.0 837.0 739.0 small-vehicle 1
771.0 727.0 793.0 727.0 793.0 744.0 771.0 744.0 small-vehicle 0
782.0 690.0 806.0 690.0 806.0 708.0 782.0 708.0 small-vehicle 0
803.0 634.0 822.0 634.0 822.0 650.0 803.0 650.0 small-vehicle 0
812.0 604.0 836.0 604.0 836.0 621.0 812.0 621.0 small-vehicle 0
878.0 604.0 902.0 604.0 902.0 619.0 878.0 619.0 small-vehicle 0
930.0 804.0 954.0 804.0 954.0 821.0 930.0 821.0 small-vehicle 1
918.0 839.0 940.0 839.0 940.0 854.0 918.0 854.0 small-vehicle 1
1417.0 199.0 1435.0 199.0 1435.0 227.0 1417.0 227.0 small-vehicle 1
815.0 875.0 830.0 875.0 830.0 896.0 815.0 896.0 small-vehicle 1
895.0 908.0 915.0 908.0 915.0 924.0 895.0 924.0 small-vehicle 1
899.0 895.0 919.0 895.0 919.0 913.0 899.0 913.0 small-vehicle 1
902.0 883.0 926.0 883.0 926.0 900.0 902.0 900.0 small-vehicle 1
846.0 885.0 861.0 885.0 861.0 908.0 846.0 908.0 small-vehicle 1
835.0 881.0 851.0 881.0 851.0 903.0 835.0 903.0 small-vehicle 1
824.0 874.0 842.0 874.0 842.0 900.0 824.0 900.0 small-vehicle 1
804.0 870.0 817.0 870.0 817.0 891.0 804.0 891.0 small-vehicle 1
741.0 800.0 763.0 800.0 763.0 817.0 741.0 817.0 small-vehicle 1
880.0 841.0 896.0 841.0 896.0 864.0 880.0 864.0 small-vehicle 1
862.0 835.0 875.0 835.0 875.0 856.0 862.0 856.0 small-vehicle 1
838.0 829.0 855.0 829.0 855.0 852.0 838.0 852.0 small-vehicle 1
818.0 824.0 834.0 824.0 834.0 846.0 818.0 846.0 small-vehicle 1
808.0 823.0 822.0 823.0 822.0 843.0 808.0 843.0 small-vehicle 1
733.0 834.0 755.0 834.0 755.0 849.0 733.0 849.0 small-vehicle 1
967.0 685.0 991.0 685.0 991.0 699.0 967.0 699.0 small-vehicle 0
973.0 671.0 995.0 671.0 995.0 686.0 973.0 686.0 small-vehicle 0
975.0 663.0 999.0 663.0 999.0 677.0 975.0 677.0 small-vehicle 0
1352.0 380.0 1374.0 380.0 1374.0 403.0 1352.0 403.0 small-vehicle 1
1510.0 492.0 1535.0 492.0 1535.0 513.0 1510.0 513.0 small-vehicle 1
1424.0 451.0 1446.0 451.0 1446.0 474.0 1424.0 474.0 small-vehicle 1
1411.0 436.0 1434.0 436.0 1434.0 462.0 1411.0 462.0 small-vehicle 1
1403.0 429.0 1425.0 429.0 1425.0 455.0 1403.0 455.0 small-vehicle 1
1392.0 420.0 1416.0 420.0 1416.0 446.0 1392.0 446.0 small-vehicle 1
1366.0 392.0 1389.0 392.0 1389.0 418.0 1366.0 418.0 small-vehicle 1
1591.0 355.0 1618.0 355.0 1618.0 383.0 1591.0 383.0 small-vehicle 1
978.0 651.0 1002.0 651.0 1002.0 666.0 978.0 666.0 small-vehicle 0
1423.0 294.0 1442.0 294.0 1442.0 322.0 1423.0 322.0 small-vehicle 1
1459.0 309.0 1475.0 309.0 1475.0 336.0 1459.0 336.0 small-vehicle 1
1446.0 306.0 1465.0 306.0 1465.0 333.0 1446.0 333.0 small-vehicle 1
1444.0 276.0 1460.0 276.0 1460.0 299.0 1444.0 299.0 small-vehicle 1
1409.0 265.0 1426.0 265.0 1426.0 290.0 1409.0 290.0 small-vehicle 1
1386.0 255.0 1404.0 255.0 1404.0 282.0 1386.0 282.0 small-vehicle 1
1353.0 344.0 1376.0 344.0 1376.0 364.0 1353.0 364.0 small-vehicle 0
1357.0 354.0 1380.0 354.0 1380.0 377.0 1357.0 377.0 small-vehicle 0
1473.0 591.0 1496.0 591.0 1496.0 607.0 1473.0 607.0 small-vehicle 0
1342.0 553.0 1360.0 553.0 1360.0 575.0 1342.0 575.0 small-vehicle 0
1353.0 574.0 1369.0 574.0 1369.0 593.0 1353.0 593.0 small-vehicle 0
856.0 446.0 880.0 446.0 880.0 461.0 856.0 461.0 small-vehicle 0
853.0 460.0 877.0 460.0 877.0 474.0 853.0 474.0 small-vehicle 0
849.0 480.0 870.0 480.0 870.0 496.0 849.0 496.0 small-vehicle 0
940.0 399.0 964.0 399.0 964.0 414.0 940.0 414.0 small-vehicle 0
940.0 409.0 961.0 409.0 961.0 424.0 940.0 424.0 small-vehicle 0
932.0 431.0 952.0 431.0 952.0 444.0 932.0 444.0 small-vehicle 0
930.0 440.0 949.0 440.0 949.0 454.0 930.0 454.0 small-vehicle 0
910.0 501.0 930.0 501.0 930.0 516.0 910.0 516.0 small-vehicle 0
903.0 516.0 924.0 516.0 924.0 530.0 903.0 530.0 small-vehicle 0
883.0 580.0 904.0 580.0 904.0 594.0 883.0 594.0 small-vehicle 0
882.0 589.0 901.0 589.0 901.0 603.0 882.0 603.0 small-vehicle 0
982.0 640.0 1007.0 640.0 1007.0 655.0 982.0 655.0 small-vehicle 0
728.0 1.0 834.0 1.0 834.0 57.0 728.0 57.0 harbor 1
