imagesource:GoogleEarth
gsd:0.251418927779
377.0 1445.0 430.0 1445.0 430.0 1495.0 377.0 1495.0 ship 1
389.0 504.0 404.0 504.0 404.0 531.0 389.0 531.0 small-vehicle 1
280.0 672.0 296.0 672.0 296.0 697.0 280.0 697.0 small-vehicle 0
502.0 655.0 526.0 655.0 526.0 672.0 502.0 672.0 small-vehicle 0
325.0 531.0 346.0 531.0 346.0 561.0 325.0 561.0 large-vehicle 0
418.0 616.0 462.0 616.0 462.0 641.0 418.0 641.0 ship 0
367.0 500.0 380.0 500.0 380.0 523.0 367.0 523.0 small-vehicle 1
532.0 563.0 547.0 563.0 547.0 586.0 532.0 586.0 small-vehicle 1
525.0 564.0 536.0 564.0 536.0 584.0 525.0 584.0 small-vehicle 1
512.0 561.0 527.0 561.0 527.0 586.0 512.0 586.0 small-vehicle 1
503.0 558.0 516.0 558.0 516.0 577.0 503.0 577.0 small-vehicle 1
456.0 524.0 470.0 524.0 470.0 545.0 456.0 545.0 small-vehicle 1
448.0 521.0 459.0 521.0 459.0 541.0 448.0 541.0 small-vehicle 1
428.0 516.0 441.0 516.0 441.0 537.0 428.0 537.0 small-vehicle 1
399.0 507.0 416.0 507.0 416.0 533.0 399.0 533.0 small-vehicle 1
141.0 475.0 168.0 475.0 168.0 489.0 141.0 489.0 small-vehicle 1
120.0 648.0 147.0 648.0 147.0 665.0 120.0 665.0 small-vehicle 0
108.0 413.0 128.0 413.0 128.0 444.0 108.0 444.0 small-vehicle 1
59.0 375.0 87.0 375.0 87.0 389.0 59.0 389.0 small-vehicle 1
22.0 364.0 46.0 364.0 46.0 383.0 22.0 383.0 ship 0
816.0 242.0 848.0 242.0 848.0 255.0 816.0 255.0 large-vehicle 0
815.0 128.0 843.0 128.0 843.0 148.0 815.0 148.0 large-vehicle 0
565.0 76.0 588.0 76.0 588.0 117.0 565.0 117.0 ship 0
49.0 196.0 160.0 196.0 160.0 266.0 49.0 266.0 ship 0
150.0 233.0 233.0 233.0 233.0 282.0 150.0 282.0 ship 0
230.0 258.0 264.0 258.0 264.0 284.0 230.0 284.0 ship 0
147.0 328.0 182.0 328.0 182.0 412.0 147.0 412.0 ship 0
323.0 399.0 358.0 399.0 358.0 459.0 323.0 459.0 ship 0
283.0 395.0 316.0 395.0 316.0 447.0 283.0 447.0 ship 0
297.0 381.0 321.0 381.0 321.0 396.0 297.0 396.0 ship 0
89.0 617.0 112.0 617.0 112.0 634.0 89.0 634.0 small-vehicle 0
125.0 680.0 150.0 680.0 150.0 699.0 125.0 699.0 small-vehicle 0
324.0 837.0 336.0 837.0 336.0 857.0 324.0 857.0 small-vehicle 1
470.0 733.0 499.0 733.0 499.0 752.0 470.0 752.0 small-vehicle 1
291.0 731.0 304.0 731.0 304.0 753.0 291.0 753.0 small-vehicle 1
338.0 762.0 354.0 762.0 354.0 786.0 338.0 786.0 small-vehicle 1
356.0 744.0 370.0 744.0 370.0 765.0 356.0 765.0 small-vehicle 1
361.0 768.0 376.0 768.0 376.0 791.0 361.0 791.0 small-vehicle 1
401.0 827.0 425.0 827.0 425.0 845.0 401.0 845.0 small-vehicle 1
420.0 810.0 440.0 810.0 440.0 826.0 420.0 826.0 small-vehicle 1
424.0 800.0 444.0 800.0 444.0 817.0 424.0 817.0 small-vehicle 1
428.0 791.0 453.0 791.0 453.0 811.0 428.0 811.0 small-vehicle 1
435.0 782.0 459.0 782.0 459.0 799.0 435.0 799.0 small-vehicle 1
441.0 775.0 464.0 775.0 464.0 792.0 441.0 792.0 small-vehicle 1
450.0 765.0 472.0 765.0 472.0 784.0 450.0 784.0 small-vehicle 1
464.0 755.0 488.0 755.0 488.0 772.0 464.0 772.0 small-vehicle 1
469.0 746.0 490.0 746.0 490.0 762.0 469.0 762.0 small-vehicle 1
486.0 715.0 511.0 715.0 511.0 732.0 486.0 732.0 small-vehicle 1
123.0 713.0 141.0 713.0 141.0 739.0 123.0 739.0 small-vehicle 0
495.0 697.0 517.0 697.0 517.0 715.0 495.0 715.0 small-vehicle 1
753.0 918.0 796.0 918.0 796.0 954.0 753.0 954.0 ship 0
494.0 674.0 533.0 674.0 533.0 705.0 494.0 705.0 ship 0
332.0 688.0 353.0 688.0 353.0 722.0 332.0 722.0 large-vehicle 0
100.0 832.0 113.0 832.0 113.0 854.0 100.0 854.0 small-vehicle 0
61.0 847.0 74.0 847.0 74.0 869.0 61.0 869.0 small-vehicle 0
80.0 802.0 104.0 802.0 104.0 812.0 80.0 812.0 small-vehicle 0
126.0 742.0 152.0 742.0 152.0 757.0 126.0 757.0 small-vehicle 0
122.0 751.0 148.0 751.0 148.0 770.0 122.0 770.0 small-vehicle 0
105.0 759.0 132.0 759.0 132.0 780.0 105.0 780.0 small-vehicle 0
75.0 696.0 92.0 696.0 92.0 724.0 75.0 724.0 small-vehicle 0
101.0 706.0 118.0 706.0 118.0 731.0 101.0 731.0 small-vehicle 0
110.0 709.0 128.0 709.0 128.0 737.0 110.0 737.0 small-vehicle 0
246.0 354.0 263.0 354.0 263.0 380.0 246.0 380.0 ship 0
865.0 374.0 894.0 374.0 894.0 389.0 865.0 389.0 ship 0
622.0 273.0 651.0 273.0 651.0 327.0 622.0 327.0 ship 0
2494.0 714.0 2512.0 714.0 2512.0 781.0 2494.0 781.0 ship 0
368.0 1204.0 402.0 1204.0 402.0 1218.0 368.0 1218.0 ship 0
330.0 1194.0 367.0 1194.0 367.0 1210.0 330.0 1210.0 ship 0
334.0 1176.0 393.0 1176.0 393.0 1197.0 334.0 1197.0 ship 0
347.0 1156.0 400.0 1156.0 400.0 1178.0 347.0 1178.0 ship 0
357.0 1138.0 408.0 1138.0 408.0 1160.0 357.0 1160.0 ship 0
2309.0 818.0 2369.0 818.0 2369.0 842.0 2309.0 842.0 ship 0
2309.0 794.0 2365.0 794.0 2365.0 820.0 2309.0 820.0 ship 0
2330.0 737.0 2380.0 737.0 2380.0 792.0 2330.0 792.0 ship 0
2347.0 720.0 2404.0 720.0 2404.0 780.0 2347.0 780.0 ship 0
2371.0 708.0 2423.0 708.0 2423.0 765.0 2371.0 765.0 ship 0
2429.0 714.0 2446.0 714.0 2446.0 764.0 2429.0 764.0 ship 0
2450.0 713.0 2466.0 713.0 2466.0 760.0 2450.0 760.0 ship 0
2472.0 717.0 2488.0 717.0 2488.0 761.0 2472.0 761.0 ship 0
2516.0 711.0 2538.0 711.0 2538.0 788.0 2516.0 788.0 ship 0
467.0 8.0 487.0 8.0 487.0 24.0 467.0 24.0 small-vehicle 1
2302.0 865.0 2339.0 865.0 2339.0 899.0 2302.0 899.0 ship 0
2316.0 874.0 2357.0 874.0 2357.0 915.0 2316.0 915.0 ship 0
2334.0 886.0 2376.0 886.0 2376.0 928.0 2334.0 928.0 ship 0
2350.0 902.0 2389.0 902.0 2389.0 943.0 2350.0 943.0 ship 0
2363.0 916.0 2408.0 916.0 2408.0 960.0 2363.0 960.0 ship 0
2380.0 937.0 2414.0 937.0 2414.0 971.0 2380.0 971.0 ship 0
2388.0 942.0 2431.0 942.0 2431.0 988.0 2388.0 988.0 ship 0
2407.0 964.0 2439.0 964.0 2439.0 998.0 2407.0 998.0 ship 0
2418.0 979.0 2451.0 979.0 2451.0 1013.0 2418.0 1013.0 ship 0
2432.0 989.0 2466.0 989.0 2466.0 1023.0 2432.0 1023.0 ship 0
2444.0 1003.0 2479.0 1003.0 2479.0 1037.0 2444.0 1037.0 ship 0
2458.0 1014.0 2494.0 1014.0 2494.0 1050.0 2458.0 1050.0 ship 0
2468.0 1028.0 2507.0 1028.0 2507.0 1066.0 2468.0 1066.0 ship 0
324.0 1210.0 372.0 1210.0 372.0 1234.0 324.0 1234.0 ship 0
35.0 2.0 56.0 2.0 56.0 25.0 35.0 25.0 small-vehicle 1
28.0 31.0 48.0 31.0 48.0 52.0 28.0 52.0 small-vehicle 1
24.0 39.0 40.0 39.0 40.0 60.0 24.0 60.0 small-vehicle 1
493.0 3.0 509.0 3.0 509.0 27.0 493.0 27.0 ship 0
486.0 3.0 496.0 3.0 496.0 22.0 486.0 22.0 ship 0
457.0 21.0 494.0 21.0 494.0 46.0 457.0 46.0 ship 0
496.0 107.0 524.0 107.0 524.0 147.0 496.0 147.0 ship 0
822.0 185.0 835.0 185.0 835.0 206.0 822.0 206.0 small-vehicle 1
875.0 203.0 887.0 203.0 887.0 224.0 875.0 224.0 small-vehicle 1
873.0 92.0 902.0 92.0 902.0 110.0 873.0 110.0 small-vehicle 1
810.0 182.0 825.0 182.0 825.0 202.0 810.0 202.0 small-vehicle 1
749.0 161.0 767.0 161.0 767.0 173.0 749.0 173.0 small-vehicle 1
737.0 179.0 762.0 179.0 762.0 196.0 737.0 196.0 small-vehicle 1
720.0 231.0 742.0 231.0 742.0 245.0 720.0 245.0 small-vehicle 1
724.0 206.0 749.0 206.0 749.0 225.0 724.0 225.0 small-vehicle 1
597.0 46.0 606.0 46.0 606.0 65.0 597.0 65.0 small-vehicle 1
585.0 31.0 599.0 31.0 599.0 53.0 585.0 53.0 small-vehicle 1
296.0 185.0 312.0 185.0 312.0 196.0 296.0 196.0 small-vehicle 1
418.0 4.0 434.0 4.0 434.0 26.0 418.0 26.0 small-vehicle 1
428.0 13.0 443.0 13.0 443.0 34.0 428.0 34.0 small-vehicle 1
250.0 79.0 264.0 79.0 264.0 101.0 250.0 101.0 small-vehicle 1
264.0 8.0 285.0 8.0 285.0 20.0 264.0 20.0 small-vehicle 1
202.0 12.0 225.0 12.0 225.0 25.0 202.0 25.0 small-vehicle 1
90.0 21.0 110.0 21.0 110.0 34.0 90.0 34.0 small-vehicle 1
80.0 44.0 103.0 44.0 103.0 60.0 80.0 60.0 small-vehicle 1
78.0 56.0 98.0 56.0 98.0 72.0 78.0 72.0 small-vehicle 1
74.0 68.0 97.0 68.0 97.0 85.0 74.0 85.0 small-vehicle 1
68.0 90.0 90.0 90.0 90.0 105.0 68.0 105.0 small-vehicle 1
16.0 68.0 39.0 68.0 39.0 92.0 16.0 92.0 small-vehicle 1
16.0 50.0 38.0 50.0 38.0 74.0 16.0 74.0 small-vehicle 1
317.0 813.0 332.0 813.0 332.0 837.0 317.0 837.0 small-vehicle 1
397.0 834.0 417.0 834.0 417.0 853.0 397.0 853.0 small-vehicle 1
486.0 1256.0 503.0 1256.0 503.0 1295.0 486.0 1295.0 ship 1
324.0 1707.0 342.0 1707.0 342.0 1727.0 324.0 1727.0 small-vehicle 1
404.0 1630.0 422.0 1630.0 422.0 1645.0 404.0 1645.0 small-vehicle 1
397.0 1636.0 417.0 1636.0 417.0 1654.0 397.0 1654.0 small-vehicle 1
393.0 1645.0 411.0 1645.0 411.0 1661.0 393.0 1661.0 small-vehicle 1
387.0 1651.0 406.0 1651.0 406.0 1669.0 387.0 1669.0 small-vehicle 1
380.0 1658.0 398.0 1658.0 398.0 1675.0 380.0 1675.0 small-vehicle 1
367.0 1649.0 385.0 1649.0 385.0 1663.0 367.0 1663.0 small-vehicle 1
358.0 1654.0 377.0 1654.0 377.0 1670.0 358.0 1670.0 small-vehicle 1
314.0 1724.0 330.0 1724.0 330.0 1741.0 314.0 1741.0 small-vehicle 1
304.0 1715.0 325.0 1715.0 325.0 1738.0 304.0 1738.0 small-vehicle 1
295.0 1713.0 313.0 1713.0 313.0 1732.0 295.0 1732.0 small-vehicle 1
348.0 1725.0 367.0 1725.0 367.0 1743.0 348.0 1743.0 small-vehicle 1
339.0 1719.0 359.0 1719.0 359.0 1738.0 339.0 1738.0 small-vehicle 1
331.0 1712.0 352.0 1712.0 352.0 1731.0 331.0 1731.0 small-vehicle 1
316.0 1702.0 334.0 1702.0 334.0 1722.0 316.0 1722.0 small-vehicle 1
415.0 1613.0 434.0 1613.0 434.0 1629.0 415.0 1629.0 small-vehicle 1
310.0 1699.0 325.0 1699.0 325.0 1715.0 310.0 1715.0 small-vehicle 1
372.0 1684.0 386.0 1684.0 386.0 1706.0 372.0 1706.0 small-vehicle 1
352.0 1674.0 368.0 1674.0 368.0 1693.0 352.0 1693.0 small-vehicle 1
298.0 1672.0 313.0 1672.0 313.0 1690.0 298.0 1690.0 small-vehicle 1
285.0 1686.0 303.0 1686.0 303.0 1707.0 285.0 1707.0 small-vehicle 1
254.0 1685.0 275.0 1685.0 275.0 1708.0 254.0 1708.0 small-vehicle 1
218.0 1718.0 241.0 1718.0 241.0 1739.0 218.0 1739.0 small-vehicle 1
158.0 1717.0 182.0 1717.0 182.0 1736.0 158.0 1736.0 small-vehicle 1
123.0 1708.0 157.0 1708.0 157.0 1736.0 123.0 1736.0 small-vehicle 1
2.0 1637.0 26.0 1637.0 26.0 1656.0 2.0 1656.0 small-vehicle 1
3.0 1418.0 24.0 1418.0 24.0 1440.0 3.0 1440.0 small-vehicle 1
116.0 1493.0 128.0 1493.0 128.0 1514.0 116.0 1514.0 small-vehicle 1
122.0 1441.0 139.0 1441.0 139.0 1465.0 122.0 1465.0 small-vehicle 1
408.0 1621.0 429.0 1621.0 429.0 1639.0 408.0 1639.0 small-vehicle 1
426.0 1596.0 445.0 1596.0 445.0 1616.0 426.0 1616.0 small-vehicle 1
389.0 841.0 412.0 841.0 412.0 862.0 389.0 862.0 small-vehicle 1
341.0 1582.0 365.0 1582.0 365.0 1604.0 341.0 1604.0 small-vehicle 1
555.0 1691.0 574.0 1691.0 574.0 1711.0 555.0 1711.0 small-vehicle 1
567.0 1671.0 589.0 1671.0 589.0 1693.0 567.0 1693.0 small-vehicle 1
584.0 1651.0 604.0 1651.0 604.0 1674.0 584.0 1674.0 small-vehicle 1
406.0 1713.0 422.0 1713.0 422.0 1735.0 406.0 1735.0 small-vehicle 1
445.0 1526.0 462.0 1526.0 462.0 1544.0 445.0 1544.0 small-vehicle 1
432.0 1540.0 450.0 1540.0 450.0 1563.0 432.0 1563.0 small-vehicle 1
409.0 1554.0 426.0 1554.0 426.0 1575.0 409.0 1575.0 small-vehicle 1
400.0 1560.0 416.0 1560.0 416.0 1580.0 400.0 1580.0 small-vehicle 1
389.0 1564.0 408.0 1564.0 408.0 1586.0 389.0 1586.0 small-vehicle 1
378.0 1565.0 395.0 1565.0 395.0 1584.0 378.0 1584.0 small-vehicle 1
367.0 1564.0 386.0 1564.0 386.0 1589.0 367.0 1589.0 small-vehicle 1
358.0 1570.0 378.0 1570.0 378.0 1592.0 358.0 1592.0 small-vehicle 1
348.0 1575.0 370.0 1575.0 370.0 1598.0 348.0 1598.0 small-vehicle 1
334.0 1589.0 356.0 1589.0 356.0 1609.0 334.0 1609.0 small-vehicle 1
399.0 1599.0 421.0 1599.0 421.0 1617.0 399.0 1617.0 small-vehicle 1
324.0 1595.0 346.0 1595.0 346.0 1612.0 324.0 1612.0 small-vehicle 1
317.0 1601.0 336.0 1601.0 336.0 1618.0 317.0 1618.0 small-vehicle 1
310.0 1607.0 330.0 1607.0 330.0 1626.0 310.0 1626.0 small-vehicle 1
372.0 1586.0 393.0 1586.0 393.0 1600.0 372.0 1600.0 small-vehicle 1
349.0 1603.0 371.0 1603.0 371.0 1619.0 349.0 1619.0 small-vehicle 1
341.0 1609.0 364.0 1609.0 364.0 1629.0 341.0 1629.0 small-vehicle 1
333.0 1614.0 355.0 1614.0 355.0 1634.0 333.0 1634.0 small-vehicle 1
327.0 1620.0 348.0 1620.0 348.0 1640.0 327.0 1640.0 small-vehicle 1
372.0 1639.0 391.0 1639.0 391.0 1657.0 372.0 1657.0 small-vehicle 1
375.0 1631.0 397.0 1631.0 397.0 1650.0 375.0 1650.0 small-vehicle 1
383.0 1626.0 402.0 1626.0 402.0 1643.0 383.0 1643.0 small-vehicle 1
387.0 1617.0 407.0 1617.0 407.0 1633.0 387.0 1633.0 small-vehicle 1
396.0 1608.0 415.0 1608.0 415.0 1627.0 396.0 1627.0 small-vehicle 1
129.0 1415.0 146.0 1415.0 146.0 1434.0 129.0 1434.0 small-vehicle 1
149.0 1368.0 169.0 1368.0 169.0 1388.0 149.0 1388.0 small-vehicle 1
194.0 1256.0 214.0 1256.0 214.0 1279.0 194.0 1279.0 small-vehicle 1
161.0 863.0 188.0 863.0 188.0 880.0 161.0 880.0 small-vehicle 1
14.0 952.0 39.0 952.0 39.0 968.0 14.0 968.0 small-vehicle 1
291.0 1035.0 314.0 1035.0 314.0 1052.0 291.0 1052.0 small-vehicle 0
294.0 1013.0 319.0 1013.0 319.0 1027.0 294.0 1027.0 small-vehicle 0
302.0 1000.0 326.0 1000.0 326.0 1013.0 302.0 1013.0 small-vehicle 0
311.0 979.0 333.0 979.0 333.0 992.0 311.0 992.0 small-vehicle 0
317.0 965.0 339.0 965.0 339.0 980.0 317.0 980.0 small-vehicle 0
243.0 985.0 265.0 985.0 265.0 1002.0 243.0 1002.0 small-vehicle 0
215.0 942.0 229.0 942.0 229.0 966.0 215.0 966.0 small-vehicle 0
203.0 941.0 217.0 941.0 217.0 963.0 203.0 963.0 small-vehicle 0
192.0 936.0 206.0 936.0 206.0 959.0 192.0 959.0 small-vehicle 0
226.0 809.0 243.0 809.0 243.0 836.0 226.0 836.0 large-vehicle 0
245.0 810.0 261.0 810.0 261.0 839.0 245.0 839.0 large-vehicle 0
157.0 874.0 184.0 874.0 184.0 892.0 157.0 892.0 small-vehicle 1
165.0 853.0 189.0 853.0 189.0 867.0 165.0 867.0 small-vehicle 1
219.0 1287.0 242.0 1287.0 242.0 1301.0 219.0 1301.0 small-vehicle 1
131.0 836.0 140.0 836.0 140.0 856.0 131.0 856.0 small-vehicle 1
149.0 793.0 159.0 793.0 159.0 813.0 149.0 813.0 small-vehicle 1
139.0 786.0 150.0 786.0 150.0 807.0 139.0 807.0 small-vehicle 1
182.0 790.0 205.0 790.0 205.0 806.0 182.0 806.0 small-vehicle 1
208.0 889.0 221.0 889.0 221.0 912.0 208.0 912.0 small-vehicle 1
217.0 892.0 233.0 892.0 233.0 917.0 217.0 917.0 small-vehicle 1
263.0 898.0 277.0 898.0 277.0 921.0 263.0 921.0 small-vehicle 1
321.0 956.0 344.0 956.0 344.0 970.0 321.0 970.0 small-vehicle 1
340.0 914.0 360.0 914.0 360.0 932.0 340.0 932.0 small-vehicle 1
353.0 897.0 376.0 897.0 376.0 914.0 353.0 914.0 small-vehicle 1
363.0 878.0 386.0 878.0 386.0 897.0 363.0 897.0 small-vehicle 1
376.0 857.0 398.0 857.0 398.0 878.0 376.0 878.0 small-vehicle 1
383.0 851.0 405.0 851.0 405.0 870.0 383.0 870.0 small-vehicle 1
41.0 1016.0 53.0 1016.0 53.0 1033.0 41.0 1033.0 small-vehicle 1
8.0 1020.0 25.0 1020.0 25.0 1043.0 8.0 1043.0 small-vehicle 1
51.0 1017.0 64.0 1017.0 64.0 1036.0 51.0 1036.0 small-vehicle 1
71.0 1028.0 85.0 1028.0 85.0 1048.0 71.0 1048.0 small-vehicle 1
223.0 1272.0 245.0 1272.0 245.0 1289.0 223.0 1289.0 small-vehicle 1
226.0 1257.0 250.0 1257.0 250.0 1275.0 226.0 1275.0 small-vehicle 1
229.0 1245.0 254.0 1245.0 254.0 1264.0 229.0 1264.0 small-vehicle 1
237.0 1229.0 259.0 1229.0 259.0 1248.0 237.0 1248.0 small-vehicle 1
239.0 1216.0 264.0 1216.0 264.0 1233.0 239.0 1233.0 small-vehicle 1
185.0 1234.0 207.0 1234.0 207.0 1250.0 185.0 1250.0 small-vehicle 1
193.0 1201.0 214.0 1201.0 214.0 1214.0 193.0 1214.0 small-vehicle 1
242.0 1205.0 264.0 1205.0 264.0 1221.0 242.0 1221.0 small-vehicle 1
277.0 1085.0 300.0 1085.0 300.0 1099.0 277.0 1099.0 small-vehicle 1
253.0 1181.0 271.0 1181.0 271.0 1197.0 253.0 1197.0 small-vehicle 0
256.0 1166.0 277.0 1166.0 277.0 1183.0 256.0 1183.0 small-vehicle 0
259.0 1153.0 280.0 1153.0 280.0 1171.0 259.0 1171.0 small-vehicle 0
261.0 1135.0 285.0 1135.0 285.0 1156.0 261.0 1156.0 small-vehicle 0
248.0 1106.0 263.0 1106.0 263.0 1125.0 248.0 1125.0 small-vehicle 0
9.0 973.0 32.0 973.0 32.0 989.0 9.0 989.0 small-vehicle 0
12.0 961.0 33.0 961.0 33.0 977.0 12.0 977.0 small-vehicle 0
283.0 1049.0 309.0 1049.0 309.0 1063.0 283.0 1063.0 small-vehicle 0
1.0 1068.0 13.0 1068.0 13.0 1089.0 1.0 1089.0 small-vehicle 1
11.0 1072.0 24.0 1072.0 24.0 1092.0 11.0 1092.0 small-vehicle 1
21.0 1072.0 37.0 1072.0 37.0 1094.0 21.0 1094.0 small-vehicle 1
38.0 1074.0 52.0 1074.0 52.0 1097.0 38.0 1097.0 small-vehicle 1
56.0 1081.0 70.0 1081.0 70.0 1103.0 56.0 1103.0 small-vehicle 1
67.0 1084.0 81.0 1084.0 81.0 1106.0 67.0 1106.0 small-vehicle 1
77.0 1088.0 94.0 1088.0 94.0 1110.0 77.0 1110.0 small-vehicle 1
87.0 1068.0 107.0 1068.0 107.0 1080.0 87.0 1080.0 small-vehicle 1
89.0 1056.0 109.0 1056.0 109.0 1069.0 89.0 1069.0 small-vehicle 1
81.0 1032.0 97.0 1032.0 97.0 1053.0 81.0 1053.0 small-vehicle 1
2501.0 1054.0 2530.0 1054.0 2530.0 1086.0 2501.0 1086.0 ship 0
2511.0 1066.0 2543.0 1066.0 2543.0 1098.0 2511.0 1098.0 ship 0
2524.0 1081.0 2562.0 1081.0 2562.0 1106.0 2524.0 1106.0 ship 0
1020.0 944.0 1057.0 944.0 1057.0 977.0 1020.0 977.0 ship 0
902.0 863.0 926.0 863.0 926.0 908.0 902.0 908.0 ship 0
910.0 922.0 937.0 922.0 937.0 952.0 910.0 952.0 ship 0
921.0 925.0 952.0 925.0 952.0 959.0 921.0 959.0 ship 0
929.0 936.0 960.0 936.0 960.0 968.0 929.0 968.0 ship 0
969.0 958.0 1002.0 958.0 1002.0 1001.0 969.0 1001.0 ship 0
1042.0 986.0 1067.0 986.0 1067.0 1010.0 1042.0 1010.0 ship 0
1015.0 1010.0 1049.0 1010.0 1049.0 1041.0 1015.0 1041.0 ship 0
982.0 995.0 1013.0 995.0 1013.0 1023.0 982.0 1023.0 ship 0
989.0 986.0 1020.0 986.0 1020.0 1013.0 989.0 1013.0 ship 0
996.0 975.0 1028.0 975.0 1028.0 1004.0 996.0 1004.0 ship 0
1007.0 967.0 1038.0 967.0 1038.0 996.0 1007.0 996.0 ship 0
1013.0 956.0 1045.0 956.0 1045.0 986.0 1013.0 986.0 ship 0
1038.0 943.0 1070.0 943.0 1070.0 971.0 1038.0 971.0 ship 0
1076.0 740.0 1105.0 740.0 1105.0 763.0 1076.0 763.0 ship 0
727.0 973.0 779.0 973.0 779.0 1014.0 727.0 1014.0 ship 0
1082.0 730.0 1108.0 730.0 1108.0 752.0 1082.0 752.0 ship 0
1088.0 720.0 1121.0 720.0 1121.0 749.0 1088.0 749.0 ship 0
1156.0 649.0 1191.0 649.0 1191.0 689.0 1156.0 689.0 ship 0
996.0 616.0 1016.0 616.0 1016.0 653.0 996.0 653.0 ship 0
1018.0 565.0 1035.0 565.0 1035.0 589.0 1018.0 589.0 ship 0
1037.0 562.0 1053.0 562.0 1053.0 594.0 1037.0 594.0 ship 0
1169.0 570.0 1216.0 570.0 1216.0 604.0 1169.0 604.0 ship 0
1070.0 570.0 1086.0 570.0 1086.0 596.0 1070.0 596.0 ship 0
1018.0 618.0 1039.0 618.0 1039.0 660.0 1018.0 660.0 ship 0
1297.0 611.0 1346.0 611.0 1346.0 655.0 1297.0 655.0 ship 0
1359.0 500.0 1382.0 500.0 1382.0 531.0 1359.0 531.0 ship 0
1345.0 482.0 1369.0 482.0 1369.0 518.0 1345.0 518.0 ship 0
1332.0 470.0 1356.0 470.0 1356.0 506.0 1332.0 506.0 ship 0
721.0 995.0 768.0 995.0 768.0 1032.0 721.0 1032.0 ship 0
706.0 1055.0 753.0 1055.0 753.0 1092.0 706.0 1092.0 ship 0
2526.0 1121.0 2561.0 1121.0 2561.0 1131.0 2526.0 1131.0 ship 0
436.0 1302.0 460.0 1302.0 460.0 1341.0 436.0 1341.0 ship 0
356.0 1310.0 376.0 1310.0 376.0 1348.0 356.0 1348.0 ship 0
325.0 1269.0 343.0 1269.0 343.0 1305.0 325.0 1305.0 ship 0
342.0 1269.0 357.0 1269.0 357.0 1305.0 342.0 1305.0 ship 0
314.0 1232.0 358.0 1232.0 358.0 1255.0 314.0 1255.0 ship 0
359.0 1267.0 372.0 1267.0 372.0 1302.0 359.0 1302.0 ship 0
373.0 1263.0 389.0 1263.0 389.0 1301.0 373.0 1301.0 ship 0
388.0 1265.0 408.0 1265.0 408.0 1300.0 388.0 1300.0 ship 0
404.0 1261.0 423.0 1261.0 423.0 1301.0 404.0 1301.0 ship 0
420.0 1252.0 439.0 1252.0 439.0 1300.0 420.0 1300.0 ship 0
437.0 1262.0 453.0 1262.0 453.0 1296.0 437.0 1296.0 ship 0
372.0 1310.0 393.0 1310.0 393.0 1347.0 372.0 1347.0 ship 0
389.0 1308.0 411.0 1308.0 411.0 1341.0 389.0 1341.0 ship 0
422.0 1304.0 444.0 1304.0 444.0 1345.0 422.0 1345.0 ship 0
454.0 1305.0 475.0 1305.0 475.0 1343.0 454.0 1343.0 ship 0
714.0 1029.0 761.0 1029.0 761.0 1064.0 714.0 1064.0 ship 0
471.0 1306.0 491.0 1306.0 491.0 1343.0 471.0 1343.0 ship 0
483.0 1301.0 504.0 1301.0 504.0 1339.0 483.0 1339.0 ship 0
499.0 1300.0 518.0 1300.0 518.0 1334.0 499.0 1334.0 ship 0
502.0 1242.0 520.0 1242.0 520.0 1285.0 502.0 1285.0 ship 0
517.0 1251.0 538.0 1251.0 538.0 1289.0 517.0 1289.0 ship 0
536.0 1242.0 558.0 1242.0 558.0 1291.0 536.0 1291.0 ship 0
517.0 1301.0 537.0 1301.0 537.0 1344.0 517.0 1344.0 ship 0
534.0 1295.0 548.0 1295.0 548.0 1328.0 534.0 1328.0 ship 0
542.0 1293.0 565.0 1293.0 565.0 1322.0 542.0 1322.0 ship 0
556.0 1270.0 582.0 1270.0 582.0 1321.0 556.0 1321.0 ship 0
556.0 1221.0 574.0 1221.0 574.0 1271.0 556.0 1271.0 ship 0
696.0 1138.0 727.0 1138.0 727.0 1163.0 696.0 1163.0 ship 0
686.0 1115.0 738.0 1115.0 738.0 1155.0 686.0 1155.0 ship 0
1277.0 428.0 1312.0 428.0 1312.0 483.0 1277.0 483.0 ship 0
1258.0 419.0 1292.0 419.0 1292.0 476.0 1258.0 476.0 ship 0
1237.0 413.0 1272.0 413.0 1272.0 469.0 1237.0 469.0 ship 0
2080.0 1141.0 2160.0 1141.0 2160.0 1220.0 2080.0 1220.0 harbor 0
1613.0 1406.0 1661.0 1406.0 1661.0 1452.0 1613.0 1452.0 swimming-pool 0
884.0 528.0 974.0 528.0 974.0 592.0 884.0 592.0 harbor 0
1275.0 622.0 1389.0 622.0 1389.0 722.0 1275.0 722.0 harbor 0
1447.0 568.0 1553.0 568.0 1553.0 666.0 1447.0 666.0 harbor 0
1372.0 685.0 1483.0 685.0 1483.0 789.0 1372.0 789.0 harbor 0
1478.0 780.0 1530.0 780.0 1530.0 831.0 1478.0 831.0 harbor 0
1587.0 665.0 1672.0 665.0 1672.0 752.0 1587.0 752.0 harbor 0
1653.0 723.0 1694.0 723.0 1694.0 763.0 1653.0 763.0 harbor 0
1664.0 742.0 1713.0 742.0 1713.0 786.0 1664.0 786.0 harbor 0
1720.0 772.0 1775.0 772.0 1775.0 821.0 1720.0 821.0 harbor 0
1736.0 783.0 1871.0 783.0 1871.0 917.0 1736.0 917.0 harbor 0
2220.0 1209.0 2285.0 1209.0 2285.0 1283.0 2220.0 1283.0 harbor 0
2171.0 1170.0 2223.0 1170.0 2223.0 1225.0 2171.0 1225.0 harbor 0
2049.0 1123.0 2066.0 1123.0 2066.0 1183.0 2049.0 1183.0 harbor 0
1195.0 409.0 1219.0 409.0 1219.0 450.0 1195.0 450.0 ship 0
1908.0 1010.0 2006.0 1010.0 2006.0 1109.0 1908.0 1109.0 harbor 0
1868.0 945.0 1966.0 945.0 1966.0 1045.0 1868.0 1045.0 harbor 0
1809.0 879.0 1906.0 879.0 1906.0 976.0 1809.0 976.0 harbor 0
1988.0 1061.0 2062.0 1061.0 2062.0 1137.0 1988.0 1137.0 harbor 0
2423.0 704.0 2551.0 704.0 2551.0 766.0 2423.0 766.0 harbor 0
2506.0 1114.0 2585.0 1114.0 2585.0 1336.0 2506.0 1336.0 harbor 0
2301.0 864.0 2563.0 864.0 2563.0 1116.0 2301.0 1116.0 harbor 0
206.0 1411.0 417.0 1411.0 417.0 1584.0 206.0 1584.0 harbor 0
176.0 1336.0 298.0 1336.0 298.0 1500.0 176.0 1500.0 harbor 0
306.0 1248.0 585.0 1248.0 585.0 1355.0 306.0 1355.0 harbor 0
639.0 899.0 813.0 899.0 813.0 1308.0 639.0 1308.0 harbor 0
779.0 702.0 838.0 702.0 838.0 874.0 779.0 874.0 harbor 0
544.0 740.0 730.0 740.0 730.0 884.0 544.0 884.0 harbor 0
1801.0 1557.0 1848.0 1557.0 1848.0 1602.0 1801.0 1602.0 swimming-pool 0
1996.0 1692.0 2046.0 1692.0 2046.0 1737.0 1996.0 1737.0 swimming-pool 0
526.0 209.0 604.0 209.0 604.0 325.0 526.0 325.0 harbor 0
322.0 142.0 534.0 142.0 534.0 319.0 322.0 319.0 harbor 0
770.0 308.0 809.0 308.0 809.0 389.0 770.0 389.0 ship 0
744.0 301.0 777.0 301.0 777.0 371.0 744.0 371.0 ship 0
728.0 300.0 748.0 300.0 748.0 343.0 728.0 343.0 ship 0
688.0 290.0 723.0 290.0 723.0 355.0 688.0 355.0 ship 0
671.0 288.0 696.0 288.0 696.0 332.0 671.0 332.0 ship 0
642.0 278.0 675.0 278.0 675.0 339.0 642.0 339.0 ship 0
462.0 254.0 488.0 254.0 488.0 293.0 462.0 293.0 ship 0
480.0 241.0 513.0 241.0 513.0 298.0 480.0 298.0 ship 0
586.0 251.0 605.0 251.0 605.0 285.0 586.0 285.0 ship 0
548.0 231.0 570.0 231.0 570.0 268.0 548.0 268.0 ship 0
535.0 269.0 558.0 269.0 558.0 313.0 535.0 313.0 ship 0
312.0 228.0 334.0 228.0 334.0 264.0 312.0 264.0 ship 0
340.0 185.0 365.0 185.0 365.0 228.0 340.0 228.0 ship 0
328.0 228.0 353.0 228.0 353.0 271.0 328.0 271.0 ship 0
342.0 252.0 371.0 252.0 371.0 283.0 342.0 283.0 ship 0
350.0 187.0 386.0 187.0 386.0 256.0 350.0 256.0 ship 0
423.0 206.0 449.0 206.0 449.0 252.0 423.0 252.0 ship 0
406.0 202.0 430.0 202.0 430.0 242.0 406.0 242.0 ship 0
387.0 236.0 420.0 236.0 420.0 286.0 387.0 286.0 ship 0
306.0 394.0 337.0 394.0 337.0 452.0 306.0 452.0 ship 0
274.0 369.0 300.0 369.0 300.0 420.0 274.0 420.0 ship 0
261.0 356.0 280.0 356.0 280.0 386.0 261.0 386.0 ship 0
245.0 385.0 277.0 385.0 277.0 450.0 245.0 450.0 ship 0
227.0 379.0 258.0 379.0 258.0 434.0 227.0 434.0 ship 0
194.0 346.0 224.0 346.0 224.0 396.0 194.0 396.0 ship 0
184.0 336.0 205.0 336.0 205.0 374.0 184.0 374.0 ship 0
364.0 195.0 414.0 195.0 414.0 275.0 364.0 275.0 ship 0
341.0 1311.0 361.0 1311.0 361.0 1346.0 341.0 1346.0 ship 0
322.0 1309.0 348.0 1309.0 348.0 1355.0 322.0 1355.0 ship 0
306.0 1316.0 330.0 1316.0 330.0 1355.0 306.0 1355.0 ship 0
584.0 922.0 622.0 922.0 622.0 939.0 584.0 939.0 ship 0
1769.0 854.0 1825.0 854.0 1825.0 906.0 1769.0 906.0 ship 0
745.0 969.0 777.0 969.0 777.0 995.0 745.0 995.0 ship 0
741.0 950.0 781.0 950.0 781.0 980.0 741.0 980.0 ship 0
777.0 753.0 832.0 753.0 832.0 796.0 777.0 796.0 ship 0
774.0 725.0 834.0 725.0 834.0 772.0 774.0 772.0 ship 0
786.0 708.0 835.0 708.0 835.0 748.0 786.0 748.0 ship 0
623.0 1033.0 666.0 1033.0 666.0 1100.0 623.0 1100.0 ship 0
520.0 803.0 554.0 803.0 554.0 817.0 520.0 817.0 ship 0
549.0 807.0 568.0 807.0 568.0 857.0 549.0 857.0 ship 0
526.0 960.0 552.0 960.0 552.0 987.0 526.0 987.0 ship 0
488.0 931.0 524.0 931.0 524.0 958.0 488.0 958.0 ship 0
548.0 961.0 626.0 961.0 626.0 988.0 548.0 988.0 ship 0
586.0 940.0 629.0 940.0 629.0 957.0 586.0 957.0 ship 0
511.0 906.0 563.0 906.0 563.0 926.0 511.0 926.0 ship 0
664.0 765.0 704.0 765.0 704.0 823.0 664.0 823.0 ship 0
510.0 894.0 557.0 894.0 557.0 912.0 510.0 912.0 ship 0
564.0 899.0 612.0 899.0 612.0 921.0 564.0 921.0 ship 0
567.0 888.0 601.0 888.0 601.0 905.0 567.0 905.0 ship 0
590.0 812.0 605.0 812.0 605.0 856.0 590.0 856.0 ship 0
607.0 816.0 624.0 816.0 624.0 866.0 607.0 866.0 ship 0
703.0 806.0 728.0 806.0 728.0 868.0 703.0 868.0 ship 0
685.0 833.0 704.0 833.0 704.0 883.0 685.0 883.0 ship 0
665.0 828.0 682.0 828.0 682.0 868.0 665.0 868.0 ship 0
646.0 823.0 663.0 823.0 663.0 866.0 646.0 866.0 ship 0
626.0 820.0 643.0 820.0 643.0 866.0 626.0 866.0 ship 0
554.0 752.0 581.0 752.0 581.0 790.0 554.0 790.0 ship 0
592.0 749.0 630.0 749.0 630.0 798.0 592.0 798.0 ship 0
609.0 756.0 647.0 756.0 647.0 810.0 609.0 810.0 ship 0
1806.0 874.0 1854.0 874.0 1854.0 918.0 1806.0 918.0 ship 0
1778.0 837.0 1814.0 837.0 1814.0 872.0 1778.0 872.0 ship 0
1712.0 772.0 1754.0 772.0 1754.0 811.0 1712.0 811.0 ship 0
1719.0 1061.0 1752.0 1061.0 1752.0 1094.0 1719.0 1094.0 ship 0
2526.0 1136.0 2561.0 1136.0 2561.0 1148.0 2526.0 1148.0 ship 0
2526.0 1152.0 2563.0 1152.0 2563.0 1165.0 2526.0 1165.0 ship 0
2526.0 1168.0 2560.0 1168.0 2560.0 1181.0 2526.0 1181.0 ship 0
2528.0 1185.0 2555.0 1185.0 2555.0 1197.0 2528.0 1197.0 ship 0
2526.0 1201.0 2563.0 1201.0 2563.0 1214.0 2526.0 1214.0 ship 0
2526.0 1217.0 2560.0 1217.0 2560.0 1231.0 2526.0 1231.0 ship 0
2524.0 1248.0 2564.0 1248.0 2564.0 1263.0 2524.0 1263.0 ship 0
2523.0 1265.0 2561.0 1265.0 2561.0 1278.0 2523.0 1278.0 ship 0
2527.0 1283.0 2577.0 1283.0 2577.0 1302.0 2527.0 1302.0 ship 0
2523.0 1305.0 2589.0 1305.0 2589.0 1326.0 2523.0 1326.0 ship 0
2510.0 1327.0 2580.0 1327.0 2580.0 1354.0 2510.0 1354.0 ship 0
2426.0 1274.0 2440.0 1274.0 2440.0 1311.0 2426.0 1311.0 ship 0
2257.0 1244.0 2287.0 1244.0 2287.0 1290.0 2257.0 1290.0 ship 0
2239.0 1248.0 2261.0 1248.0 2261.0 1281.0 2239.0 1281.0 ship 0
2223.0 1239.0 2249.0 1239.0 2249.0 1280.0 2223.0 1280.0 ship 0
2205.0 1223.0 2236.0 1223.0 2236.0 1265.0 2205.0 1265.0 ship 0
2120.0 1154.0 2159.0 1154.0 2159.0 1187.0 2120.0 1187.0 ship 0
2099.0 1173.0 2138.0 1173.0 2138.0 1217.0 2099.0 1217.0 ship 0
2115.0 1184.0 2153.0 1184.0 2153.0 1228.0 2115.0 1228.0 ship 0
2147.0 1371.0 2169.0 1371.0 2169.0 1405.0 2147.0 1405.0 ship 0
2087.0 1348.0 2114.0 1348.0 2114.0 1381.0 2087.0 1381.0 ship 0
2053.0 1324.0 2082.0 1324.0 2082.0 1358.0 2053.0 1358.0 ship 0
2037.0 1311.0 2069.0 1311.0 2069.0 1348.0 2037.0 1348.0 ship 0
2031.0 1126.0 2051.0 1126.0 2051.0 1179.0 2031.0 1179.0 ship 0
1887.0 1223.0 1914.0 1223.0 1914.0 1235.0 1887.0 1235.0 ship 0
1855.0 1202.0 1894.0 1202.0 1894.0 1222.0 1855.0 1222.0 ship 0
1734.0 1080.0 1761.0 1080.0 1761.0 1101.0 1734.0 1101.0 ship 0
624.0 763.0 663.0 763.0 663.0 815.0 624.0 815.0 ship 0
686.0 775.0 721.0 775.0 721.0 823.0 686.0 823.0 ship 0
289.0 1313.0 314.0 1313.0 314.0 1353.0 289.0 1353.0 ship 0
198.0 1521.0 228.0 1521.0 228.0 1581.0 198.0 1581.0 ship 0
334.0 586.0 375.0 586.0 375.0 611.0 334.0 611.0 ship 0
380.0 593.0 425.0 593.0 425.0 621.0 380.0 621.0 ship 0
333.0 570.0 383.0 570.0 383.0 598.0 333.0 598.0 ship 0
224.0 616.0 264.0 616.0 264.0 638.0 224.0 638.0 ship 0
365.0 1431.0 414.0 1431.0 414.0 1472.0 365.0 1472.0 ship 0
347.0 1430.0 371.0 1430.0 371.0 1480.0 347.0 1480.0 ship 0
317.0 1460.0 338.0 1460.0 338.0 1502.0 317.0 1502.0 ship 0
288.0 1519.0 327.0 1519.0 327.0 1551.0 288.0 1551.0 ship 0
286.0 1478.0 306.0 1478.0 306.0 1524.0 286.0 1524.0 ship 0
265.0 1479.0 290.0 1479.0 290.0 1532.0 265.0 1532.0 ship 0
252.0 1503.0 275.0 1503.0 275.0 1550.0 252.0 1550.0 ship 0
239.0 1524.0 258.0 1524.0 258.0 1558.0 239.0 1558.0 ship 0
221.0 1528.0 244.0 1528.0 244.0 1566.0 221.0 1566.0 ship 0
213.0 1574.0 250.0 1574.0 250.0 1606.0 213.0 1606.0 ship 0
591.0 718.0 644.0 718.0 644.0 756.0 591.0 756.0 ship 0
192.0 1561.0 212.0 1561.0 212.0 1598.0 192.0 1598.0 ship 0
173.0 1511.0 198.0 1511.0 198.0 1555.0 173.0 1555.0 ship 0
181.0 1474.0 209.0 1474.0 209.0 1520.0 181.0 1520.0 ship 0
189.0 1444.0 240.0 1444.0 240.0 1470.0 189.0 1470.0 ship 0
242.0 1433.0 299.0 1433.0 299.0 1461.0 242.0 1461.0 ship 0
202.0 1420.0 258.0 1420.0 258.0 1443.0 202.0 1443.0 ship 0
207.0 1400.0 271.0 1400.0 271.0 1426.0 207.0 1426.0 ship 0
214.0 1383.0 260.0 1383.0 260.0 1402.0 214.0 1402.0 ship 0
260.0 1376.0 302.0 1376.0 302.0 1397.0 260.0 1397.0 ship 0
225.0 1361.0 266.0 1361.0 266.0 1382.0 225.0 1382.0 ship 0
228.0 1345.0 269.0 1345.0 269.0 1363.0 228.0 1363.0 ship 0
279.0 1264.0 313.0 1264.0 313.0 1311.0 279.0 1311.0 ship 0
267.0 1313.0 298.0 1313.0 298.0 1364.0 267.0 1364.0 ship 0
300.0 572.0 338.0 572.0 338.0 594.0 300.0 594.0 ship 0
308.0 622.0 346.0 622.0 346.0 643.0 308.0 643.0 ship 0
339.0 645.0 361.0 645.0 361.0 682.0 339.0 682.0 ship 0
352.0 647.0 375.0 647.0 375.0 685.0 352.0 685.0 ship 0
770.0 519.0 798.0 519.0 798.0 565.0 770.0 565.0 ship 0
623.0 611.0 653.0 611.0 653.0 650.0 623.0 650.0 ship 0
639.0 622.0 663.0 622.0 663.0 652.0 639.0 652.0 ship 0
656.0 614.0 686.0 614.0 686.0 653.0 656.0 653.0 ship 0
671.0 626.0 698.0 626.0 698.0 661.0 671.0 661.0 ship 0
688.0 634.0 712.0 634.0 712.0 665.0 688.0 665.0 ship 0
700.0 632.0 730.0 632.0 730.0 670.0 700.0 670.0 ship 0
718.0 636.0 747.0 636.0 747.0 674.0 718.0 674.0 ship 0
727.0 646.0 761.0 646.0 761.0 688.0 727.0 688.0 ship 0
687.0 671.0 698.0 671.0 698.0 702.0 687.0 702.0 ship 0
700.0 673.0 714.0 673.0 714.0 709.0 700.0 709.0 ship 0
716.0 677.0 728.0 677.0 728.0 709.0 716.0 709.0 ship 0
729.0 685.0 742.0 685.0 742.0 716.0 729.0 716.0 ship 0
609.0 612.0 635.0 612.0 635.0 644.0 609.0 644.0 ship 0
655.0 662.0 668.0 662.0 668.0 696.0 655.0 696.0 ship 0
640.0 659.0 652.0 659.0 652.0 688.0 640.0 688.0 ship 0
622.0 654.0 637.0 654.0 637.0 687.0 622.0 687.0 ship 0
608.0 651.0 620.0 651.0 620.0 681.0 608.0 681.0 ship 0
433.0 606.0 473.0 606.0 473.0 632.0 433.0 632.0 ship 0
547.0 577.0 578.0 577.0 578.0 616.0 547.0 616.0 ship 0
560.0 576.0 599.0 576.0 599.0 624.0 560.0 624.0 ship 0
507.0 600.0 549.0 600.0 549.0 659.0 507.0 659.0 ship 0
416.0 648.0 461.0 648.0 461.0 675.0 416.0 675.0 ship 0
393.0 659.0 412.0 659.0 412.0 698.0 393.0 698.0 ship 0
377.0 655.0 400.0 655.0 400.0 696.0 377.0 696.0 ship 0
373.0 639.0 405.0 639.0 405.0 659.0 373.0 659.0 ship 0
313.0 666.0 344.0 666.0 344.0 685.0 313.0 685.0 ship 0
543.0 1706.0 563.0 1706.0 563.0 1726.0 543.0 1726.0 small-vehicle 1
529.0 1724.0 549.0 1724.0 549.0 1743.0 529.0 1743.0 small-vehicle 1
653.0 1616.0 676.0 1616.0 676.0 1641.0 653.0 1641.0 small-vehicle 0
1704.0 1470.0 1727.0 1470.0 1727.0 1494.0 1704.0 1494.0 small-vehicle 1
1825.0 1352.0 1845.0 1352.0 1845.0 1373.0 1825.0 1373.0 small-vehicle 1
1918.0 1416.0 1937.0 1416.0 1937.0 1438.0 1918.0 1438.0 small-vehicle 1
1696.0 1240.0 1717.0 1240.0 1717.0 1260.0 1696.0 1260.0 small-vehicle 1
1678.0 1242.0 1696.0 1242.0 1696.0 1264.0 1678.0 1264.0 small-vehicle 1
1747.0 1289.0 1770.0 1289.0 1770.0 1315.0 1747.0 1315.0 small-vehicle 1
1733.0 1323.0 1757.0 1323.0 1757.0 1346.0 1733.0 1346.0 small-vehicle 1
1750.0 1338.0 1774.0 1338.0 1774.0 1358.0 1750.0 1358.0 small-vehicle 1
1824.0 1395.0 1848.0 1395.0 1848.0 1416.0 1824.0 1416.0 small-vehicle 1
1885.0 1488.0 1911.0 1488.0 1911.0 1509.0 1885.0 1509.0 small-vehicle 1
1645.0 1566.0 1667.0 1566.0 1667.0 1594.0 1645.0 1594.0 small-vehicle 1
1852.0 1459.0 1876.0 1459.0 1876.0 1479.0 1852.0 1479.0 small-vehicle 1
1819.0 1433.0 1840.0 1433.0 1840.0 1455.0 1819.0 1455.0 small-vehicle 1
1773.0 1441.0 1794.0 1441.0 1794.0 1466.0 1773.0 1466.0 small-vehicle 1
1715.0 1358.0 1737.0 1358.0 1737.0 1377.0 1715.0 1377.0 small-vehicle 1
1842.0 1366.0 1862.0 1366.0 1862.0 1388.0 1842.0 1388.0 small-vehicle 1
1668.0 1321.0 1688.0 1321.0 1688.0 1340.0 1668.0 1340.0 small-vehicle 1
1630.0 1294.0 1653.0 1294.0 1653.0 1313.0 1630.0 1313.0 small-vehicle 1
1539.0 1227.0 1559.0 1227.0 1559.0 1244.0 1539.0 1244.0 small-vehicle 1
1516.0 1209.0 1540.0 1209.0 1540.0 1231.0 1516.0 1231.0 small-vehicle 1
1493.0 1192.0 1516.0 1192.0 1516.0 1211.0 1493.0 1211.0 small-vehicle 1
1439.0 1150.0 1462.0 1150.0 1462.0 1171.0 1439.0 1171.0 small-vehicle 1
1378.0 1105.0 1404.0 1105.0 1404.0 1129.0 1378.0 1129.0 small-vehicle 1
1383.0 947.0 1403.0 947.0 1403.0 969.0 1383.0 969.0 small-vehicle 1
1386.0 1064.0 1410.0 1064.0 1410.0 1086.0 1386.0 1086.0 small-vehicle 1
1435.0 1065.0 1462.0 1065.0 1462.0 1086.0 1435.0 1086.0 small-vehicle 1
1024.0 665.0 1043.0 665.0 1043.0 689.0 1024.0 689.0 small-vehicle 1
1001.0 776.0 1030.0 776.0 1030.0 802.0 1001.0 802.0 small-vehicle 1
1032.0 799.0 1054.0 799.0 1054.0 820.0 1032.0 820.0 small-vehicle 1
1835.0 1360.0 1853.0 1360.0 1853.0 1381.0 1835.0 1381.0 small-vehicle 1
1954.0 1460.0 1973.0 1460.0 1973.0 1482.0 1954.0 1482.0 small-vehicle 1
1089.0 1190.0 1111.0 1190.0 1111.0 1210.0 1089.0 1210.0 small-vehicle 1
1626.0 1190.0 1645.0 1190.0 1645.0 1212.0 1626.0 1212.0 small-vehicle 1
2023.0 1587.0 2043.0 1587.0 2043.0 1605.0 2023.0 1605.0 small-vehicle 1
1982.0 1560.0 2001.0 1560.0 2001.0 1574.0 1982.0 1574.0 small-vehicle 1
1967.0 1548.0 1987.0 1548.0 1987.0 1564.0 1967.0 1564.0 small-vehicle 1
1986.0 1517.0 2009.0 1517.0 2009.0 1536.0 1986.0 1536.0 small-vehicle 1
2031.0 1550.0 2053.0 1550.0 2053.0 1570.0 2031.0 1570.0 small-vehicle 1
2176.0 1555.0 2194.0 1555.0 2194.0 1577.0 2176.0 1577.0 small-vehicle 1
2191.0 1568.0 2209.0 1568.0 2209.0 1589.0 2191.0 1589.0 small-vehicle 1
2182.0 1562.0 2202.0 1562.0 2202.0 1586.0 2182.0 1586.0 small-vehicle 1
2135.0 1580.0 2154.0 1580.0 2154.0 1603.0 2135.0 1603.0 small-vehicle 1
2111.0 1575.0 2135.0 1575.0 2135.0 1596.0 2111.0 1596.0 small-vehicle 1
1650.0 1208.0 1671.0 1208.0 1671.0 1231.0 1650.0 1231.0 small-vehicle 1
1641.0 1203.0 1661.0 1203.0 1661.0 1224.0 1641.0 1224.0 small-vehicle 1
1635.0 1198.0 1651.0 1198.0 1651.0 1217.0 1635.0 1217.0 small-vehicle 1
1603.0 1174.0 1621.0 1174.0 1621.0 1196.0 1603.0 1196.0 small-vehicle 1
1986.0 1387.0 2046.0 1387.0 2046.0 1440.0 1986.0 1440.0 swimming-pool 0
1595.0 1166.0 1614.0 1166.0 1614.0 1190.0 1595.0 1190.0 small-vehicle 1
1587.0 1161.0 1604.0 1161.0 1604.0 1181.0 1587.0 1181.0 small-vehicle 1
1577.0 1152.0 1597.0 1152.0 1597.0 1176.0 1577.0 1176.0 small-vehicle 1
1506.0 1153.0 1529.0 1153.0 1529.0 1175.0 1506.0 1175.0 small-vehicle 1
1482.0 1140.0 1508.0 1140.0 1508.0 1162.0 1482.0 1162.0 small-vehicle 1
1462.0 1125.0 1488.0 1125.0 1488.0 1145.0 1462.0 1145.0 small-vehicle 1
2037.0 135.0 2098.0 135.0 2098.0 167.0 2037.0 167.0 swimming-pool 0
1433.0 115.0 1473.0 115.0 1473.0 156.0 1433.0 156.0 swimming-pool 0
2077.0 405.0 2128.0 405.0 2128.0 430.0 2077.0 430.0 swimming-pool 0
1810.0 476.0 1864.0 476.0 1864.0 500.0 1810.0 500.0 swimming-pool 0
1804.0 773.0 1830.0 773.0 1830.0 798.0 1804.0 798.0 swimming-pool 0
1382.0 765.0 1426.0 765.0 1426.0 813.0 1382.0 813.0 swimming-pool 0
1461.0 811.0 1503.0 811.0 1503.0 849.0 1461.0 849.0 swimming-pool 0
1015.0 830.0 1037.0 830.0 1037.0 850.0 1015.0 850.0 small-vehicle 1
993.0 817.0 1019.0 817.0 1019.0 838.0 993.0 838.0 small-vehicle 1
962.0 793.0 984.0 793.0 984.0 812.0 962.0 812.0 small-vehicle 1
949.0 1166.0 967.0 1166.0 967.0 1188.0 949.0 1188.0 small-vehicle 1
1070.0 1098.0 1092.0 1098.0 1092.0 1119.0 1070.0 1119.0 small-vehicle 1
1043.0 1039.0 1064.0 1039.0 1064.0 1061.0 1043.0 1061.0 small-vehicle 1
1034.0 1058.0 1051.0 1058.0 1051.0 1077.0 1034.0 1077.0 small-vehicle 1
1018.0 1073.0 1039.0 1073.0 1039.0 1094.0 1018.0 1094.0 small-vehicle 1
1000.0 1068.0 1017.0 1068.0 1017.0 1087.0 1000.0 1087.0 small-vehicle 1
975.0 1132.0 992.0 1132.0 992.0 1153.0 975.0 1153.0 small-vehicle 1
951.0 1127.0 968.0 1127.0 968.0 1149.0 951.0 1149.0 small-vehicle 1
930.0 1149.0 948.0 1149.0 948.0 1165.0 930.0 1165.0 small-vehicle 1
932.0 1118.0 951.0 1118.0 951.0 1139.0 932.0 1139.0 small-vehicle 1
917.0 1104.0 935.0 1104.0 935.0 1126.0 917.0 1126.0 small-vehicle 1
910.0 1098.0 924.0 1098.0 924.0 1117.0 910.0 1117.0 small-vehicle 1
890.0 1088.0 909.0 1088.0 909.0 1110.0 890.0 1110.0 small-vehicle 1
883.0 1084.0 900.0 1084.0 900.0 1103.0 883.0 1103.0 small-vehicle 1
863.0 1172.0 883.0 1172.0 883.0 1189.0 863.0 1189.0 small-vehicle 1
945.0 779.0 967.0 779.0 967.0 800.0 945.0 800.0 small-vehicle 1
807.0 1157.0 832.0 1157.0 832.0 1179.0 807.0 1179.0 small-vehicle 1
812.0 1150.0 834.0 1150.0 834.0 1169.0 812.0 1169.0 small-vehicle 1
815.0 1140.0 837.0 1140.0 837.0 1159.0 815.0 1159.0 small-vehicle 1
815.0 1128.0 839.0 1128.0 839.0 1145.0 815.0 1145.0 small-vehicle 1
817.0 1120.0 842.0 1120.0 842.0 1137.0 817.0 1137.0 small-vehicle 1
824.0 1106.0 848.0 1106.0 848.0 1120.0 824.0 1120.0 small-vehicle 1
825.0 1085.0 849.0 1085.0 849.0 1099.0 825.0 1099.0 small-vehicle 1
823.0 1069.0 844.0 1069.0 844.0 1088.0 823.0 1088.0 small-vehicle 1
844.0 997.0 856.0 997.0 856.0 1019.0 844.0 1019.0 small-vehicle 1
820.0 1055.0 842.0 1055.0 842.0 1070.0 820.0 1070.0 small-vehicle 1
1043.0 1104.0 1062.0 1104.0 1062.0 1125.0 1043.0 1125.0 small-vehicle 1
1030.0 1124.0 1046.0 1124.0 1046.0 1140.0 1030.0 1140.0 small-vehicle 1
1010.0 1144.0 1032.0 1144.0 1032.0 1167.0 1010.0 1167.0 small-vehicle 1
1100.0 1054.0 1118.0 1054.0 1118.0 1071.0 1100.0 1071.0 small-vehicle 1
1108.0 1045.0 1128.0 1045.0 1128.0 1061.0 1108.0 1061.0 small-vehicle 1
1076.0 997.0 1098.0 997.0 1098.0 1021.0 1076.0 1021.0 small-vehicle 1
1058.0 1021.0 1079.0 1021.0 1079.0 1044.0 1058.0 1044.0 small-vehicle 1
920.0 759.0 945.0 759.0 945.0 782.0 920.0 782.0 small-vehicle 1
895.0 523.0 918.0 523.0 918.0 563.0 895.0 563.0 ship 0
954.0 540.0 974.0 540.0 974.0 578.0 954.0 578.0 ship 0
914.0 530.0 931.0 530.0 931.0 568.0 914.0 568.0 ship 0
973.0 611.0 993.0 611.0 993.0 641.0 973.0 641.0 ship 0
958.0 706.0 986.0 706.0 986.0 737.0 958.0 737.0 ship 0
932.0 649.0 966.0 649.0 966.0 682.0 932.0 682.0 ship 0
929.0 595.0 953.0 595.0 953.0 633.0 929.0 633.0 ship 0
1069.0 747.0 1100.0 747.0 1100.0 777.0 1069.0 777.0 ship 0
1060.0 755.0 1090.0 755.0 1090.0 782.0 1060.0 782.0 ship 0
1140.0 696.0 1167.0 696.0 1167.0 727.0 1140.0 727.0 ship 0
1150.0 644.0 1174.0 644.0 1174.0 676.0 1150.0 676.0 ship 0
1196.0 670.0 1230.0 670.0 1230.0 700.0 1196.0 700.0 ship 0
1125.0 676.0 1152.0 676.0 1152.0 710.0 1125.0 710.0 ship 0
1099.0 639.0 1134.0 639.0 1134.0 667.0 1099.0 667.0 ship 0
883.0 858.0 909.0 858.0 909.0 901.0 883.0 901.0 ship 0
1047.0 978.0 1076.0 978.0 1076.0 1005.0 1047.0 1005.0 ship 0
1035.0 997.0 1063.0 997.0 1063.0 1021.0 1035.0 1021.0 ship 0
1025.0 1002.0 1056.0 1002.0 1056.0 1031.0 1025.0 1031.0 ship 0
1107.0 855.0 1133.0 855.0 1133.0 875.0 1107.0 875.0 small-vehicle 1
1003.0 885.0 1029.0 885.0 1029.0 915.0 1003.0 915.0 small-vehicle 1
945.0 955.0 967.0 955.0 967.0 979.0 945.0 979.0 small-vehicle 1
959.0 969.0 979.0 969.0 979.0 990.0 959.0 990.0 small-vehicle 1
1265.0 1020.0 1287.0 1020.0 1287.0 1038.0 1265.0 1038.0 small-vehicle 1
1148.0 985.0 1167.0 985.0 1167.0 1001.0 1148.0 1001.0 small-vehicle 1
1115.0 945.0 1135.0 945.0 1135.0 965.0 1115.0 965.0 small-vehicle 1
1091.0 974.0 1114.0 974.0 1114.0 1000.0 1091.0 1000.0 small-vehicle 1
2041.0 1604.0 2066.0 1604.0 2066.0 1625.0 2041.0 1625.0 small-vehicle 1
2095.0 1599.0 2119.0 1599.0 2119.0 1617.0 2095.0 1617.0 small-vehicle 1
2047.0 1563.0 2071.0 1563.0 2071.0 1583.0 2047.0 1583.0 small-vehicle 1
941.0 124.0 967.0 124.0 967.0 142.0 941.0 142.0 small-vehicle 1
1934.0 247.0 1957.0 247.0 1957.0 258.0 1934.0 258.0 small-vehicle 1
1718.0 380.0 1739.0 380.0 1739.0 398.0 1718.0 398.0 small-vehicle 1
1713.0 372.0 1733.0 372.0 1733.0 381.0 1713.0 381.0 small-vehicle 1
1680.0 87.0 1691.0 87.0 1691.0 106.0 1680.0 106.0 small-vehicle 1
1669.0 94.0 1679.0 94.0 1679.0 112.0 1669.0 112.0 small-vehicle 1
1567.0 137.0 1578.0 137.0 1578.0 159.0 1567.0 159.0 small-vehicle 1
1494.0 143.0 1514.0 143.0 1514.0 165.0 1494.0 165.0 small-vehicle 1
1462.0 114.0 1484.0 114.0 1484.0 136.0 1462.0 136.0 small-vehicle 1
1451.0 96.0 1470.0 96.0 1470.0 118.0 1451.0 118.0 small-vehicle 1
1428.0 80.0 1446.0 80.0 1446.0 97.0 1428.0 97.0 small-vehicle 1
951.0 100.0 975.0 100.0 975.0 118.0 951.0 118.0 small-vehicle 1
1045.0 143.0 1069.0 143.0 1069.0 162.0 1045.0 162.0 small-vehicle 1
975.0 110.0 996.0 110.0 996.0 127.0 975.0 127.0 small-vehicle 1
1055.0 215.0 1080.0 215.0 1080.0 230.0 1055.0 230.0 small-vehicle 1
1537.0 525.0 1558.0 525.0 1558.0 539.0 1537.0 539.0 small-vehicle 1
1011.0 219.0 1036.0 219.0 1036.0 238.0 1011.0 238.0 small-vehicle 1
980.0 228.0 1005.0 228.0 1005.0 243.0 980.0 243.0 small-vehicle 1
1080.0 292.0 1095.0 292.0 1095.0 314.0 1080.0 314.0 small-vehicle 1
1279.0 180.0 1292.0 180.0 1292.0 199.0 1279.0 199.0 small-vehicle 1
1163.0 294.0 1191.0 294.0 1191.0 313.0 1163.0 313.0 small-vehicle 1
1200.0 353.0 1211.0 353.0 1211.0 372.0 1200.0 372.0 small-vehicle 1
1193.0 293.0 1219.0 293.0 1219.0 311.0 1193.0 311.0 small-vehicle 1
1293.0 280.0 1316.0 280.0 1316.0 299.0 1293.0 299.0 small-vehicle 1
1335.0 400.0 1353.0 400.0 1353.0 424.0 1335.0 424.0 small-vehicle 1
1344.0 408.0 1361.0 408.0 1361.0 427.0 1344.0 427.0 small-vehicle 1
1510.0 447.0 1534.0 447.0 1534.0 467.0 1510.0 467.0 small-vehicle 1
1470.0 487.0 1490.0 487.0 1490.0 505.0 1470.0 505.0 small-vehicle 1
1492.0 500.0 1513.0 500.0 1513.0 518.0 1492.0 518.0 small-vehicle 1
2037.0 247.0 2056.0 247.0 2056.0 259.0 2037.0 259.0 small-vehicle 1
2100.0 230.0 2123.0 230.0 2123.0 244.0 2100.0 244.0 small-vehicle 1
1873.0 55.0 1898.0 55.0 1898.0 68.0 1873.0 68.0 small-vehicle 1
1962.0 40.0 1985.0 40.0 1985.0 54.0 1962.0 54.0 small-vehicle 1
469.0 1253.0 488.0 1253.0 488.0 1295.0 469.0 1295.0 ship 1
454.0 1253.0 470.0 1253.0 470.0 1289.0 454.0 1289.0 ship 1
644.0 768.0 681.0 768.0 681.0 819.0 644.0 819.0 ship 1
567.0 816.0 590.0 816.0 590.0 871.0 567.0 871.0 ship 1
561.0 740.0 609.0 740.0 609.0 806.0 561.0 806.0 ship 1
500.0 812.0 545.0 812.0 545.0 844.0 500.0 844.0 ship 1
759.0 565.0 784.0 565.0 784.0 609.0 759.0 609.0 ship 1
764.0 174.0 779.0 174.0 779.0 194.0 764.0 194.0 small-vehicle 1
325.0 201.0 342.0 201.0 342.0 223.0 325.0 223.0 ship 1
1677.0 762.0 1702.0 762.0 1702.0 784.0 1677.0 784.0 ship 0
1882.0 994.0 1927.0 994.0 1927.0 1037.0 1882.0 1037.0 ship 0
2510.0 225.0 2535.0 225.0 2535.0 238.0 2510.0 238.0 small-vehicle 1
2538.0 221.0 2558.0 221.0 2558.0 231.0 2538.0 231.0 small-vehicle 1
2490.0 69.0 2510.0 69.0 2510.0 90.0 2490.0 90.0 small-vehicle 1
2546.0 100.0 2569.0 100.0 2569.0 124.0 2546.0 124.0 small-vehicle 1
2524.0 152.0 2548.0 152.0 2548.0 170.0 2524.0 170.0 small-vehicle 1
2498.0 156.0 2508.0 156.0 2508.0 177.0 2498.0 177.0 small-vehicle 1
2277.0 58.0 2299.0 58.0 2299.0 74.0 2277.0 74.0 small-vehicle 1
2306.0 0.0 2324.0 0.0 2324.0 21.0 2306.0 21.0 small-vehicle 1
2289.0 9.0 2308.0 9.0 2308.0 30.0 2289.0 30.0 small-vehicle 1
2373.0 220.0 2385.0 220.0 2385.0 241.0 2373.0 241.0 small-vehicle 1
2338.0 223.0 2351.0 223.0 2351.0 243.0 2338.0 243.0 small-vehicle 1
2313.0 203.0 2337.0 203.0 2337.0 214.0 2313.0 214.0 small-vehicle 1
2116.0 5.0 2129.0 5.0 2129.0 26.0 2116.0 26.0 small-vehicle 1
2106.0 9.0 2119.0 9.0 2119.0 29.0 2106.0 29.0 small-vehicle 1
2050.0 27.0 2074.0 27.0 2074.0 38.0 2050.0 38.0 small-vehicle 1
1968.0 61.0 1989.0 61.0 1989.0 75.0 1968.0 75.0 small-vehicle 1
1509.0 511.0 1532.0 511.0 1532.0 528.0 1509.0 528.0 small-vehicle 1
1555.0 532.0 1577.0 532.0 1577.0 549.0 1555.0 549.0 small-vehicle 1
2148.0 1638.0 2171.0 1638.0 2171.0 1657.0 2148.0 1657.0 small-vehicle 1
2438.0 1138.0 2459.0 1138.0 2459.0 1163.0 2438.0 1163.0 small-vehicle 1
2103.0 726.0 2114.0 726.0 2114.0 745.0 2103.0 745.0 small-vehicle 0
2096.0 784.0 2107.0 784.0 2107.0 805.0 2096.0 805.0 small-vehicle 0
2082.0 822.0 2103.0 822.0 2103.0 839.0 2082.0 839.0 small-vehicle 0
2194.0 864.0 2218.0 864.0 2218.0 878.0 2194.0 878.0 small-vehicle 1
2193.0 883.0 2211.0 883.0 2211.0 900.0 2193.0 900.0 small-vehicle 1
2210.0 897.0 2230.0 897.0 2230.0 918.0 2210.0 918.0 small-vehicle 1
2234.0 921.0 2259.0 921.0 2259.0 942.0 2234.0 942.0 small-vehicle 1
2160.0 1047.0 2183.0 1047.0 2183.0 1069.0 2160.0 1069.0 small-vehicle 1
2151.0 1038.0 2177.0 1038.0 2177.0 1056.0 2151.0 1056.0 small-vehicle 1
2280.0 940.0 2301.0 940.0 2301.0 963.0 2280.0 963.0 small-vehicle 1
2305.0 967.0 2325.0 967.0 2325.0 986.0 2305.0 986.0 small-vehicle 1
2304.0 1027.0 2325.0 1027.0 2325.0 1047.0 2304.0 1047.0 small-vehicle 1
2231.0 1087.0 2254.0 1087.0 2254.0 1112.0 2231.0 1112.0 small-vehicle 1
2075.0 1546.0 2098.0 1546.0 2098.0 1567.0 2075.0 1567.0 small-vehicle 1
1639.0 567.0 1664.0 567.0 1664.0 582.0 1639.0 582.0 small-vehicle 1
2160.0 1606.0 2181.0 1606.0 2181.0 1628.0 2160.0 1628.0 small-vehicle 1
2113.0 1610.0 2135.0 1610.0 2135.0 1630.0 2113.0 1630.0 small-vehicle 1
2261.0 1721.0 2287.0 1721.0 2287.0 1744.0 2261.0 1744.0 small-vehicle 1
2247.0 1678.0 2271.0 1678.0 2271.0 1700.0 2247.0 1700.0 small-vehicle 1
2234.0 1702.0 2258.0 1702.0 2258.0 1723.0 2234.0 1723.0 small-vehicle 1
2216.0 1689.0 2242.0 1689.0 2242.0 1708.0 2216.0 1708.0 small-vehicle 1
2200.0 1674.0 2224.0 1674.0 2224.0 1694.0 2200.0 1694.0 small-vehicle 1
2144.0 1680.0 2168.0 1680.0 2168.0 1701.0 2144.0 1701.0 small-vehicle 1
2129.0 1669.0 2150.0 1669.0 2150.0 1686.0 2129.0 1686.0 small-vehicle 1
2064.0 1643.0 2085.0 1643.0 2085.0 1666.0 2064.0 1666.0 small-vehicle 1
2054.0 1643.0 2071.0 1643.0 2071.0 1658.0 2054.0 1658.0 small-vehicle 1
2050.0 1631.0 2068.0 1631.0 2068.0 1652.0 2050.0 1652.0 small-vehicle 1
2110.0 1653.0 2134.0 1653.0 2134.0 1673.0 2110.0 1673.0 small-vehicle 1
1956.0 792.0 1977.0 792.0 1977.0 813.0 1956.0 813.0 small-vehicle 0
1946.0 730.0 1975.0 730.0 1975.0 755.0 1946.0 755.0 small-vehicle 0
1869.0 667.0 1893.0 667.0 1893.0 687.0 1869.0 687.0 small-vehicle 0
1838.0 646.0 1862.0 646.0 1862.0 666.0 1838.0 666.0 small-vehicle 0
1702.0 583.0 1725.0 583.0 1725.0 597.0 1702.0 597.0 small-vehicle 1
1708.0 557.0 1737.0 557.0 1737.0 570.0 1708.0 570.0 small-vehicle 1
1769.0 580.0 1793.0 580.0 1793.0 591.0 1769.0 591.0 small-vehicle 1
2125.0 530.0 2149.0 530.0 2149.0 542.0 2125.0 542.0 small-vehicle 1
2219.0 536.0 2241.0 536.0 2241.0 548.0 2219.0 548.0 small-vehicle 1
2198.0 536.0 2219.0 536.0 2219.0 546.0 2198.0 546.0 small-vehicle 1
2206.0 516.0 2229.0 516.0 2229.0 526.0 2206.0 526.0 small-vehicle 1
2298.0 518.0 2319.0 518.0 2319.0 528.0 2298.0 528.0 small-vehicle 1
2301.0 541.0 2325.0 541.0 2325.0 553.0 2301.0 553.0 small-vehicle 1
2348.0 546.0 2374.0 546.0 2374.0 555.0 2348.0 555.0 small-vehicle 1
2172.0 596.0 2197.0 596.0 2197.0 606.0 2172.0 606.0 small-vehicle 1
2328.0 601.0 2351.0 601.0 2351.0 611.0 2328.0 611.0 small-vehicle 1
2238.0 606.0 2260.0 606.0 2260.0 617.0 2238.0 617.0 small-vehicle 1
2417.0 632.0 2438.0 632.0 2438.0 645.0 2417.0 645.0 small-vehicle 1
2440.0 632.0 2460.0 632.0 2460.0 643.0 2440.0 643.0 small-vehicle 1
2463.0 600.0 2485.0 600.0 2485.0 612.0 2463.0 612.0 small-vehicle 1
2411.0 616.0 2435.0 616.0 2435.0 626.0 2411.0 626.0 small-vehicle 1
2471.0 549.0 2493.0 549.0 2493.0 559.0 2471.0 559.0 small-vehicle 1
2445.0 548.0 2466.0 548.0 2466.0 560.0 2445.0 560.0 small-vehicle 1
2543.0 548.0 2568.0 548.0 2568.0 558.0 2543.0 558.0 small-vehicle 1
2541.0 628.0 2568.0 628.0 2568.0 640.0 2541.0 640.0 small-vehicle 1
2486.0 652.0 2506.0 652.0 2506.0 662.0 2486.0 662.0 small-vehicle 1
2510.0 653.0 2533.0 653.0 2533.0 663.0 2510.0 663.0 small-vehicle 1
2532.0 651.0 2554.0 651.0 2554.0 662.0 2532.0 662.0 small-vehicle 1
2174.0 761.0 2185.0 761.0 2185.0 782.0 2174.0 782.0 small-vehicle 1
2173.0 788.0 2183.0 788.0 2183.0 811.0 2173.0 811.0 small-vehicle 1
1818.0 628.0 1839.0 628.0 1839.0 650.0 1818.0 650.0 small-vehicle 0
992.0 1165.0 1014.0 1165.0 1014.0 1189.0 992.0 1189.0 small-vehicle 1
1007.0 1278.0 1030.0 1278.0 1030.0 1298.0 1007.0 1298.0 small-vehicle 1
581.0 1505.0 611.0 1505.0 611.0 1523.0 581.0 1523.0 small-vehicle 0
1098.0 1493.0 1119.0 1493.0 1119.0 1517.0 1098.0 1517.0 small-vehicle 0
1369.0 1525.0 1385.0 1525.0 1385.0 1545.0 1369.0 1545.0 small-vehicle 1
1351.0 1536.0 1376.0 1536.0 1376.0 1556.0 1351.0 1556.0 small-vehicle 1
1445.0 1606.0 1465.0 1606.0 1465.0 1624.0 1445.0 1624.0 small-vehicle 1
1320.0 1558.0 1342.0 1558.0 1342.0 1577.0 1320.0 1577.0 small-vehicle 1
1351.0 1582.0 1371.0 1582.0 1371.0 1601.0 1351.0 1601.0 small-vehicle 1
1293.0 1537.0 1315.0 1537.0 1315.0 1555.0 1293.0 1555.0 small-vehicle 0
1251.0 1506.0 1275.0 1506.0 1275.0 1526.0 1251.0 1526.0 small-vehicle 0
1167.0 1443.0 1189.0 1443.0 1189.0 1461.0 1167.0 1461.0 small-vehicle 0
1151.0 1432.0 1173.0 1432.0 1173.0 1450.0 1151.0 1450.0 small-vehicle 0
1236.0 1495.0 1256.0 1495.0 1256.0 1513.0 1236.0 1513.0 small-vehicle 0
1187.0 1457.0 1209.0 1457.0 1209.0 1478.0 1187.0 1478.0 small-vehicle 0
1151.0 1471.0 1172.0 1471.0 1172.0 1492.0 1151.0 1492.0 small-vehicle 0
1178.0 1488.0 1201.0 1488.0 1201.0 1510.0 1178.0 1510.0 small-vehicle 0
1115.0 1507.0 1134.0 1507.0 1134.0 1529.0 1115.0 1529.0 small-vehicle 0
1319.0 1493.0 1342.0 1493.0 1342.0 1512.0 1319.0 1512.0 small-vehicle 1
1140.0 1526.0 1158.0 1526.0 1158.0 1549.0 1140.0 1549.0 small-vehicle 0
1132.0 1518.0 1150.0 1518.0 1150.0 1540.0 1132.0 1540.0 small-vehicle 0
1125.0 1511.0 1144.0 1511.0 1144.0 1532.0 1125.0 1532.0 small-vehicle 0
1102.0 1524.0 1122.0 1524.0 1122.0 1544.0 1102.0 1544.0 small-vehicle 0
1087.0 1512.0 1105.0 1512.0 1105.0 1532.0 1087.0 1532.0 small-vehicle 0
1077.0 1506.0 1096.0 1506.0 1096.0 1526.0 1077.0 1526.0 small-vehicle 0
1306.0 1667.0 1332.0 1667.0 1332.0 1697.0 1306.0 1697.0 small-vehicle 0
1220.0 1582.0 1247.0 1582.0 1247.0 1611.0 1220.0 1611.0 large-vehicle 0
1227.0 1594.0 1254.0 1594.0 1254.0 1626.0 1227.0 1626.0 large-vehicle 0
1250.0 1600.0 1279.0 1600.0 1279.0 1627.0 1250.0 1627.0 large-vehicle 0
1241.0 1613.0 1272.0 1613.0 1272.0 1639.0 1241.0 1639.0 large-vehicle 0
1232.0 1622.0 1264.0 1622.0 1264.0 1650.0 1232.0 1650.0 large-vehicle 0
1193.0 1614.0 1223.0 1614.0 1223.0 1646.0 1193.0 1646.0 large-vehicle 0
1306.0 1501.0 1327.0 1501.0 1327.0 1519.0 1306.0 1519.0 small-vehicle 1
1272.0 1475.0 1294.0 1475.0 1294.0 1495.0 1272.0 1495.0 small-vehicle 1
1224.0 1231.0 1242.0 1231.0 1242.0 1252.0 1224.0 1252.0 small-vehicle 1
1624.0 1638.0 1645.0 1638.0 1645.0 1663.0 1624.0 1663.0 small-vehicle 0
1868.0 1472.0 1890.0 1472.0 1890.0 1492.0 1868.0 1492.0 small-vehicle 0
1721.0 1447.0 1744.0 1447.0 1744.0 1472.0 1721.0 1472.0 small-vehicle 0
1737.0 1429.0 1758.0 1429.0 1758.0 1451.0 1737.0 1451.0 small-vehicle 0
1762.0 1460.0 1780.0 1460.0 1780.0 1481.0 1762.0 1481.0 small-vehicle 0
1751.0 1477.0 1768.0 1477.0 1768.0 1497.0 1751.0 1497.0 small-vehicle 0
1730.0 1496.0 1751.0 1496.0 1751.0 1518.0 1730.0 1518.0 small-vehicle 0
1716.0 1519.0 1735.0 1519.0 1735.0 1540.0 1716.0 1540.0 small-vehicle 0
1670.0 1537.0 1691.0 1537.0 1691.0 1558.0 1670.0 1558.0 small-vehicle 0
1699.0 1541.0 1718.0 1541.0 1718.0 1562.0 1699.0 1562.0 small-vehicle 0
1685.0 1562.0 1705.0 1562.0 1705.0 1583.0 1685.0 1583.0 small-vehicle 0
1608.0 1595.0 1632.0 1595.0 1632.0 1620.0 1608.0 1620.0 small-vehicle 0
1667.0 1594.0 1692.0 1594.0 1692.0 1615.0 1667.0 1615.0 small-vehicle 0
1643.0 1615.0 1663.0 1615.0 1663.0 1638.0 1643.0 1638.0 small-vehicle 0
1605.0 1663.0 1627.0 1663.0 1627.0 1685.0 1605.0 1685.0 small-vehicle 0
1215.0 1433.0 1238.0 1433.0 1238.0 1452.0 1215.0 1452.0 small-vehicle 1
1581.0 1636.0 1605.0 1636.0 1605.0 1658.0 1581.0 1658.0 small-vehicle 0
1469.0 1670.0 1492.0 1670.0 1492.0 1689.0 1469.0 1689.0 small-vehicle 0
1448.0 1654.0 1472.0 1654.0 1472.0 1675.0 1448.0 1675.0 small-vehicle 0
1428.0 1637.0 1450.0 1637.0 1450.0 1657.0 1428.0 1657.0 small-vehicle 0
1503.0 1650.0 1525.0 1650.0 1525.0 1669.0 1503.0 1669.0 small-vehicle 0
1486.0 1636.0 1509.0 1636.0 1509.0 1656.0 1486.0 1656.0 small-vehicle 0
1376.0 1600.0 1398.0 1600.0 1398.0 1621.0 1376.0 1621.0 small-vehicle 0
1387.0 1563.0 1415.0 1563.0 1415.0 1587.0 1387.0 1587.0 small-vehicle 0
1450.0 1568.0 1474.0 1568.0 1474.0 1587.0 1450.0 1587.0 small-vehicle 0
1348.0 1516.0 1370.0 1516.0 1370.0 1536.0 1348.0 1536.0 small-vehicle 0
1378.0 1515.0 1394.0 1515.0 1394.0 1536.0 1378.0 1536.0 small-vehicle 0
1389.0 1547.0 1413.0 1547.0 1413.0 1565.0 1389.0 1565.0 small-vehicle 0
1189.0 1412.0 1213.0 1412.0 1213.0 1434.0 1189.0 1434.0 small-vehicle 1
1203.0 1624.0 1232.0 1624.0 1232.0 1654.0 1203.0 1654.0 large-vehicle 0
1179.0 1656.0 1207.0 1656.0 1207.0 1687.0 1179.0 1687.0 large-vehicle 0
1089.0 1716.0 1122.0 1716.0 1122.0 1745.0 1089.0 1745.0 large-vehicle 0
620.0 1540.0 645.0 1540.0 645.0 1557.0 620.0 1557.0 small-vehicle 1
725.0 1618.0 744.0 1618.0 744.0 1637.0 725.0 1637.0 small-vehicle 1
805.0 1633.0 828.0 1633.0 828.0 1652.0 805.0 1652.0 small-vehicle 1
787.0 1621.0 808.0 1621.0 808.0 1638.0 787.0 1638.0 small-vehicle 1
743.0 1588.0 768.0 1588.0 768.0 1609.0 743.0 1609.0 small-vehicle 1
633.0 1472.0 645.0 1472.0 645.0 1492.0 633.0 1492.0 small-vehicle 1
575.0 1725.0 597.0 1725.0 597.0 1744.0 575.0 1744.0 small-vehicle 1
590.0 1709.0 607.0 1709.0 607.0 1728.0 590.0 1728.0 small-vehicle 1
605.0 1691.0 621.0 1691.0 621.0 1710.0 605.0 1710.0 small-vehicle 1
617.0 1675.0 633.0 1675.0 633.0 1694.0 617.0 1694.0 small-vehicle 1
629.0 1656.0 649.0 1656.0 649.0 1677.0 629.0 1677.0 small-vehicle 1
634.0 1583.0 655.0 1583.0 655.0 1607.0 634.0 1607.0 small-vehicle 1
643.0 1638.0 660.0 1638.0 660.0 1657.0 643.0 1657.0 small-vehicle 1
638.0 1548.0 658.0 1548.0 658.0 1565.0 638.0 1565.0 small-vehicle 1
611.0 1531.0 635.0 1531.0 635.0 1548.0 611.0 1548.0 small-vehicle 1
1011.0 1570.0 1036.0 1570.0 1036.0 1595.0 1011.0 1595.0 small-vehicle 1
603.0 1523.0 628.0 1523.0 628.0 1541.0 603.0 1541.0 small-vehicle 1
820.0 1401.0 837.0 1401.0 837.0 1419.0 820.0 1419.0 small-vehicle 0
772.0 1400.0 794.0 1400.0 794.0 1422.0 772.0 1422.0 small-vehicle 0
904.0 1585.0 924.0 1585.0 924.0 1603.0 904.0 1603.0 small-vehicle 0
886.0 1611.0 906.0 1611.0 906.0 1629.0 886.0 1629.0 small-vehicle 0
867.0 1627.0 892.0 1627.0 892.0 1648.0 867.0 1648.0 small-vehicle 0
829.0 1610.0 850.0 1610.0 850.0 1628.0 829.0 1628.0 small-vehicle 0
730.0 1515.0 753.0 1515.0 753.0 1537.0 730.0 1537.0 small-vehicle 0
678.0 1482.0 700.0 1482.0 700.0 1501.0 678.0 1501.0 small-vehicle 0
673.0 1499.0 687.0 1499.0 687.0 1522.0 673.0 1522.0 small-vehicle 0
663.0 1492.0 678.0 1492.0 678.0 1515.0 663.0 1515.0 small-vehicle 0
640.0 1476.0 655.0 1476.0 655.0 1503.0 640.0 1503.0 small-vehicle 0
594.0 1516.0 620.0 1516.0 620.0 1532.0 594.0 1532.0 small-vehicle 0
740.0 1632.0 762.0 1632.0 762.0 1650.0 740.0 1650.0 small-vehicle 1
788.0 1665.0 809.0 1665.0 809.0 1684.0 788.0 1684.0 small-vehicle 1
900.0 1623.0 919.0 1623.0 919.0 1647.0 900.0 1647.0 small-vehicle 1
879.0 1648.0 902.0 1648.0 902.0 1676.0 879.0 1676.0 small-vehicle 1
665.0 1176.0 722.0 1176.0 722.0 1222.0 665.0 1222.0 ship 0
646.0 1260.0 695.0 1260.0 695.0 1298.0 646.0 1298.0 ship 0
653.0 1227.0 704.0 1227.0 704.0 1269.0 653.0 1269.0 ship 0
644.0 1175.0 657.0 1175.0 657.0 1193.0 644.0 1193.0 ship 0
632.0 1181.0 646.0 1181.0 646.0 1196.0 632.0 1196.0 ship 1
620.0 1103.0 648.0 1103.0 648.0 1161.0 620.0 1161.0 ship 0
567.0 1227.0 595.0 1227.0 595.0 1266.0 567.0 1266.0 ship 0
329.0 1451.0 354.0 1451.0 354.0 1491.0 329.0 1491.0 ship 0
87.0 1621.0 112.0 1621.0 112.0 1643.0 87.0 1643.0 small-vehicle 1
682.0 1620.0 700.0 1620.0 700.0 1650.0 682.0 1650.0 large-vehicle 0
944.0 1679.0 962.0 1679.0 962.0 1700.0 944.0 1700.0 small-vehicle 1
932.0 1615.0 955.0 1615.0 955.0 1630.0 932.0 1630.0 small-vehicle 1
901.0 1293.0 918.0 1293.0 918.0 1315.0 901.0 1315.0 small-vehicle 1
877.0 1323.0 897.0 1323.0 897.0 1344.0 877.0 1344.0 small-vehicle 1
831.0 1299.0 854.0 1299.0 854.0 1319.0 831.0 1319.0 small-vehicle 1
818.0 1343.0 839.0 1343.0 839.0 1362.0 818.0 1362.0 small-vehicle 1
807.0 1356.0 826.0 1356.0 826.0 1379.0 807.0 1379.0 small-vehicle 1
948.0 1597.0 971.0 1597.0 971.0 1617.0 948.0 1617.0 small-vehicle 1
831.0 1386.0 851.0 1386.0 851.0 1409.0 831.0 1409.0 small-vehicle 1
806.0 1418.0 826.0 1418.0 826.0 1440.0 806.0 1440.0 small-vehicle 1
687.0 1453.0 707.0 1453.0 707.0 1473.0 687.0 1473.0 small-vehicle 1
704.0 1411.0 725.0 1411.0 725.0 1432.0 704.0 1432.0 small-vehicle 1
728.0 1410.0 751.0 1410.0 751.0 1429.0 728.0 1429.0 small-vehicle 1
721.0 1424.0 739.0 1424.0 739.0 1443.0 721.0 1443.0 small-vehicle 1
777.0 1457.0 797.0 1457.0 797.0 1476.0 777.0 1476.0 small-vehicle 1
764.0 1474.0 785.0 1474.0 785.0 1494.0 764.0 1494.0 small-vehicle 1
750.0 1493.0 769.0 1493.0 769.0 1514.0 750.0 1514.0 small-vehicle 1
1903.0 1499.0 1928.0 1499.0 1928.0 1519.0 1903.0 1519.0 small-vehicle 0
1923.0 1515.0 1946.0 1515.0 1946.0 1535.0 1923.0 1535.0 small-vehicle 0
1834.0 1448.0 1857.0 1448.0 1857.0 1467.0 1834.0 1467.0 small-vehicle 0
1359.0 1423.0 1382.0 1423.0 1382.0 1443.0 1359.0 1443.0 small-vehicle 1
1228.0 1315.0 1250.0 1315.0 1250.0 1336.0 1228.0 1336.0 small-vehicle 1
1271.0 1268.0 1289.0 1268.0 1289.0 1287.0 1271.0 1287.0 small-vehicle 1
1262.0 1283.0 1282.0 1283.0 1282.0 1302.0 1262.0 1302.0 small-vehicle 1
1279.0 1298.0 1300.0 1298.0 1300.0 1317.0 1279.0 1317.0 small-vehicle 1
1244.0 1344.0 1262.0 1344.0 1262.0 1363.0 1244.0 1363.0 small-vehicle 1
1426.0 1409.0 1443.0 1409.0 1443.0 1430.0 1426.0 1430.0 small-vehicle 1
1418.0 1403.0 1435.0 1403.0 1435.0 1424.0 1418.0 1424.0 small-vehicle 1
1408.0 1396.0 1427.0 1396.0 1427.0 1419.0 1408.0 1419.0 small-vehicle 1
1420.0 1383.0 1440.0 1383.0 1440.0 1403.0 1420.0 1403.0 small-vehicle 1
1430.0 1388.0 1449.0 1388.0 1449.0 1409.0 1430.0 1409.0 small-vehicle 1
1378.0 1400.0 1398.0 1400.0 1398.0 1421.0 1378.0 1421.0 small-vehicle 1
1372.0 1409.0 1395.0 1409.0 1395.0 1429.0 1372.0 1429.0 small-vehicle 1
1368.0 1418.0 1391.0 1418.0 1391.0 1436.0 1368.0 1436.0 small-vehicle 1
1355.0 1431.0 1377.0 1431.0 1377.0 1449.0 1355.0 1449.0 small-vehicle 1
1413.0 972.0 1431.0 972.0 1431.0 995.0 1413.0 995.0 small-vehicle 0
1386.0 1464.0 1407.0 1464.0 1407.0 1486.0 1386.0 1486.0 small-vehicle 1
1343.0 1445.0 1364.0 1445.0 1364.0 1466.0 1343.0 1466.0 small-vehicle 1
1336.0 1455.0 1357.0 1455.0 1357.0 1475.0 1336.0 1475.0 small-vehicle 1
987.0 1265.0 1010.0 1265.0 1010.0 1284.0 987.0 1284.0 small-vehicle 0
848.0 1058.0 867.0 1058.0 867.0 1080.0 848.0 1080.0 small-vehicle 0
1117.0 997.0 1136.0 997.0 1136.0 1021.0 1117.0 1021.0 small-vehicle 0
1202.0 973.0 1224.0 973.0 1224.0 992.0 1202.0 992.0 small-vehicle 0
1246.0 1008.0 1268.0 1008.0 1268.0 1028.0 1246.0 1028.0 small-vehicle 0
1227.0 990.0 1251.0 990.0 1251.0 1013.0 1227.0 1013.0 small-vehicle 0
1265.0 973.0 1289.0 973.0 1289.0 992.0 1265.0 992.0 small-vehicle 0
1359.0 943.0 1375.0 943.0 1375.0 965.0 1359.0 965.0 small-vehicle 0
1339.0 969.0 1355.0 969.0 1355.0 992.0 1339.0 992.0 small-vehicle 0
1367.0 996.0 1390.0 996.0 1390.0 1010.0 1367.0 1010.0 small-vehicle 0
1222.0 1308.0 1242.0 1308.0 1242.0 1329.0 1222.0 1329.0 small-vehicle 1
1212.0 1301.0 1234.0 1301.0 1234.0 1323.0 1212.0 1323.0 small-vehicle 1
1195.0 1312.0 1212.0 1312.0 1212.0 1330.0 1195.0 1330.0 small-vehicle 1
1208.0 1297.0 1225.0 1297.0 1225.0 1316.0 1208.0 1316.0 small-vehicle 1
1203.0 1239.0 1222.0 1239.0 1222.0 1262.0 1203.0 1262.0 small-vehicle 1
1171.0 1220.0 1190.0 1220.0 1190.0 1239.0 1171.0 1239.0 small-vehicle 1
1240.0 1244.0 1258.0 1244.0 1258.0 1263.0 1240.0 1263.0 small-vehicle 1
1246.0 1251.0 1266.0 1251.0 1266.0 1272.0 1246.0 1272.0 small-vehicle 1
1235.0 1265.0 1255.0 1265.0 1255.0 1285.0 1235.0 1285.0 small-vehicle 1
1227.0 1259.0 1244.0 1259.0 1244.0 1280.0 1227.0 1280.0 small-vehicle 1
1117.0 1246.0 1140.0 1246.0 1140.0 1264.0 1117.0 1264.0 small-vehicle 1
1110.0 1253.0 1130.0 1253.0 1130.0 1271.0 1110.0 1271.0 small-vehicle 1
1151.0 1277.0 1167.0 1277.0 1167.0 1294.0 1151.0 1294.0 small-vehicle 1
1154.0 1255.0 1174.0 1255.0 1174.0 1275.0 1154.0 1275.0 small-vehicle 1
1169.0 1269.0 1185.0 1269.0 1185.0 1289.0 1169.0 1289.0 small-vehicle 1
1156.0 1281.0 1176.0 1281.0 1176.0 1303.0 1156.0 1303.0 small-vehicle 1
1084.0 1336.0 1108.0 1336.0 1108.0 1353.0 1084.0 1353.0 small-vehicle 1
1107.0 1320.0 1123.0 1320.0 1123.0 1337.0 1107.0 1337.0 small-vehicle 1
1131.0 1314.0 1154.0 1314.0 1154.0 1336.0 1131.0 1336.0 small-vehicle 1
1154.0 1332.0 1176.0 1332.0 1176.0 1353.0 1154.0 1353.0 small-vehicle 1
1143.0 1346.0 1166.0 1346.0 1166.0 1369.0 1143.0 1369.0 small-vehicle 1
1126.0 1366.0 1148.0 1366.0 1148.0 1383.0 1126.0 1383.0 small-vehicle 1
1142.0 1379.0 1166.0 1379.0 1166.0 1399.0 1142.0 1399.0 small-vehicle 1
1226.0 1367.0 1250.0 1367.0 1250.0 1388.0 1226.0 1388.0 small-vehicle 1
1207.0 1386.0 1228.0 1386.0 1228.0 1409.0 1207.0 1409.0 small-vehicle 1
1198.0 1396.0 1223.0 1396.0 1223.0 1417.0 1198.0 1417.0 small-vehicle 1
1175.0 1370.0 1195.0 1370.0 1195.0 1390.0 1175.0 1390.0 small-vehicle 1
1167.0 1364.0 1184.0 1364.0 1184.0 1384.0 1167.0 1384.0 small-vehicle 1
1180.0 1349.0 1198.0 1349.0 1198.0 1369.0 1180.0 1369.0 small-vehicle 1
1181.0 1301.0 1200.0 1301.0 1200.0 1322.0 1181.0 1322.0 small-vehicle 1
1199.0 1289.0 1217.0 1289.0 1217.0 1311.0 1199.0 1311.0 small-vehicle 1
1307.0 1006.0 1333.0 1006.0 1333.0 1029.0 1307.0 1029.0 small-vehicle 0
1404.0 980.0 1423.0 980.0 1423.0 1005.0 1404.0 1005.0 small-vehicle 0
1732.0 1371.0 1757.0 1371.0 1757.0 1392.0 1732.0 1392.0 small-vehicle 0
1119.0 1330.0 1140.0 1330.0 1140.0 1352.0 1119.0 1352.0 small-vehicle 0
1191.0 1208.0 1209.0 1208.0 1209.0 1229.0 1191.0 1229.0 small-vehicle 0
1184.0 1205.0 1202.0 1205.0 1202.0 1223.0 1184.0 1223.0 small-vehicle 0
1176.0 1197.0 1196.0 1197.0 1196.0 1219.0 1176.0 1219.0 small-vehicle 0
1129.0 1229.0 1150.0 1229.0 1150.0 1247.0 1129.0 1247.0 small-vehicle 0
1078.0 1210.0 1096.0 1210.0 1096.0 1228.0 1078.0 1228.0 small-vehicle 0
1101.0 1264.0 1123.0 1264.0 1123.0 1281.0 1101.0 1281.0 small-vehicle 0
1100.0 1224.0 1115.0 1224.0 1115.0 1245.0 1100.0 1245.0 small-vehicle 0
1053.0 1242.0 1074.0 1242.0 1074.0 1261.0 1053.0 1261.0 small-vehicle 0
1048.0 1249.0 1068.0 1249.0 1068.0 1270.0 1048.0 1270.0 small-vehicle 0
1032.0 1266.0 1054.0 1266.0 1054.0 1287.0 1032.0 1287.0 small-vehicle 0
1090.0 1305.0 1107.0 1305.0 1107.0 1327.0 1090.0 1327.0 small-vehicle 0
1098.0 1311.0 1116.0 1311.0 1116.0 1332.0 1098.0 1332.0 small-vehicle 0
1115.0 1303.0 1133.0 1303.0 1133.0 1325.0 1115.0 1325.0 small-vehicle 0
1136.0 1343.0 1152.0 1343.0 1152.0 1363.0 1136.0 1363.0 small-vehicle 0
1398.0 989.0 1418.0 989.0 1418.0 1009.0 1398.0 1009.0 small-vehicle 0
1146.0 1328.0 1164.0 1328.0 1164.0 1346.0 1146.0 1346.0 small-vehicle 0
1159.0 1358.0 1177.0 1358.0 1177.0 1379.0 1159.0 1379.0 small-vehicle 0
1104.0 1351.0 1126.0 1351.0 1126.0 1372.0 1104.0 1372.0 small-vehicle 0
1233.0 1352.0 1255.0 1352.0 1255.0 1372.0 1233.0 1372.0 small-vehicle 0
1211.0 1382.0 1234.0 1382.0 1234.0 1401.0 1211.0 1401.0 small-vehicle 0
1840.0 1420.0 1862.0 1420.0 1862.0 1438.0 1840.0 1438.0 small-vehicle 0
1882.0 1436.0 1906.0 1436.0 1906.0 1457.0 1882.0 1457.0 small-vehicle 0
1862.0 1424.0 1884.0 1424.0 1884.0 1442.0 1862.0 1442.0 small-vehicle 0
1843.0 1408.0 1867.0 1408.0 1867.0 1426.0 1843.0 1426.0 small-vehicle 0
1802.0 1378.0 1829.0 1378.0 1829.0 1397.0 1802.0 1397.0 small-vehicle 0
1787.0 1367.0 1807.0 1367.0 1807.0 1384.0 1787.0 1384.0 small-vehicle 0
1768.0 1352.0 1793.0 1352.0 1793.0 1371.0 1768.0 1371.0 small-vehicle 0
1741.0 1362.0 1768.0 1362.0 1768.0 1383.0 1741.0 1383.0 small-vehicle 0
1177.0 1225.0 1199.0 1225.0 1199.0 1246.0 1177.0 1246.0 small-vehicle 0
1197.0 1235.0 1213.0 1235.0 1213.0 1254.0 1197.0 1254.0 small-vehicle 0
1211.0 1247.0 1229.0 1247.0 1229.0 1268.0 1211.0 1268.0 small-vehicle 0
1220.0 1254.0 1239.0 1254.0 1239.0 1275.0 1220.0 1275.0 small-vehicle 0
1394.0 996.0 1412.0 996.0 1412.0 1019.0 1394.0 1019.0 small-vehicle 0
1381.0 1011.0 1401.0 1011.0 1401.0 1035.0 1381.0 1035.0 small-vehicle 0
1376.0 1021.0 1398.0 1021.0 1398.0 1045.0 1376.0 1045.0 small-vehicle 0
1551.0 1123.0 1571.0 1123.0 1571.0 1144.0 1551.0 1144.0 small-vehicle 0
1425.0 1095.0 1448.0 1095.0 1448.0 1113.0 1425.0 1113.0 small-vehicle 0
1400.0 1051.0 1421.0 1051.0 1421.0 1067.0 1400.0 1067.0 small-vehicle 0
1353.0 1039.0 1375.0 1039.0 1375.0 1061.0 1353.0 1061.0 small-vehicle 0
1289.0 1063.0 1311.0 1063.0 1311.0 1085.0 1289.0 1085.0 small-vehicle 0
1307.0 1078.0 1329.0 1078.0 1329.0 1100.0 1307.0 1100.0 small-vehicle 0
1677.0 1282.0 1697.0 1282.0 1697.0 1300.0 1677.0 1300.0 small-vehicle 0
1688.0 1337.0 1708.0 1337.0 1708.0 1356.0 1688.0 1356.0 small-vehicle 0
1647.0 1309.0 1670.0 1309.0 1670.0 1328.0 1647.0 1328.0 small-vehicle 0
1611.0 1280.0 1634.0 1280.0 1634.0 1301.0 1611.0 1301.0 small-vehicle 0
1580.0 1284.0 1600.0 1284.0 1600.0 1305.0 1580.0 1305.0 small-vehicle 0
1560.0 1242.0 1585.0 1242.0 1585.0 1265.0 1560.0 1265.0 small-vehicle 0
1216.0 1329.0 1236.0 1329.0 1236.0 1351.0 1216.0 1351.0 small-vehicle 0
1207.0 1324.0 1228.0 1324.0 1228.0 1345.0 1207.0 1345.0 small-vehicle 0
1191.0 1287.0 1208.0 1287.0 1208.0 1307.0 1191.0 1307.0 small-vehicle 0
1177.0 1275.0 1196.0 1275.0 1196.0 1295.0 1177.0 1295.0 small-vehicle 0
1170.0 1294.0 1191.0 1294.0 1191.0 1314.0 1170.0 1314.0 small-vehicle 0
1214.0 1224.0 1231.0 1224.0 1231.0 1245.0 1214.0 1245.0 small-vehicle 0
1205.0 1219.0 1224.0 1219.0 1224.0 1239.0 1205.0 1239.0 small-vehicle 0
1243.0 1274.0 1261.0 1274.0 1261.0 1291.0 1243.0 1291.0 small-vehicle 0
1295.0 1299.0 1317.0 1299.0 1317.0 1321.0 1295.0 1321.0 small-vehicle 0
1289.0 1278.0 1311.0 1278.0 1311.0 1296.0 1289.0 1296.0 small-vehicle 0
1254.0 1257.0 1274.0 1257.0 1274.0 1278.0 1254.0 1278.0 small-vehicle 0
1233.0 1239.0 1250.0 1239.0 1250.0 1259.0 1233.0 1259.0 small-vehicle 0
592.0 608.0 760.0 608.0 760.0 715.0 592.0 715.0 harbor 0
