imagesource:GoogleEarth
gsd:0.245308215038
1547.0 312.0 1574.0 312.0 1574.0 330.0 1547.0 330.0 ship 0
1652.0 893.0 1694.0 893.0 1694.0 916.0 1652.0 916.0 ship 0
859.0 709.0 902.0 709.0 902.0 736.0 859.0 736.0 ship 0
804.0 715.0 843.0 715.0 843.0 736.0 804.0 736.0 ship 0
798.0 701.0 832.0 701.0 832.0 721.0 798.0 721.0 ship 0
829.0 624.0 877.0 624.0 877.0 652.0 829.0 652.0 ship 0
782.0 631.0 818.0 631.0 818.0 654.0 782.0 654.0 ship 0
822.0 603.0 869.0 603.0 869.0 631.0 822.0 631.0 ship 0
815.0 582.0 866.0 582.0 866.0 613.0 815.0 613.0 ship 0
808.0 563.0 855.0 563.0 855.0 590.0 808.0 590.0 ship 0
803.0 541.0 845.0 541.0 845.0 569.0 803.0 569.0 ship 0
797.0 520.0 843.0 520.0 843.0 548.0 797.0 548.0 ship 0
748.0 531.0 787.0 531.0 787.0 556.0 748.0 556.0 ship 0
740.0 513.0 783.0 513.0 783.0 540.0 740.0 540.0 ship 0
726.0 481.0 772.0 481.0 772.0 507.0 726.0 507.0 ship 0
722.0 466.0 763.0 466.0 763.0 488.0 722.0 488.0 ship 0
723.0 448.0 761.0 448.0 761.0 472.0 723.0 472.0 ship 0
774.0 438.0 824.0 438.0 824.0 465.0 774.0 465.0 ship 0
882.0 399.0 941.0 399.0 941.0 432.0 882.0 432.0 ship 0
942.0 376.0 999.0 376.0 999.0 409.0 942.0 409.0 ship 0
955.0 401.0 1004.0 401.0 1004.0 432.0 955.0 432.0 ship 0
890.0 421.0 948.0 421.0 948.0 453.0 890.0 453.0 ship 0
955.0 421.0 1016.0 421.0 1016.0 454.0 955.0 454.0 ship 0
903.0 461.0 962.0 461.0 962.0 493.0 903.0 493.0 ship 0
976.0 472.0 1029.0 472.0 1029.0 504.0 976.0 504.0 ship 0
981.0 494.0 1038.0 494.0 1038.0 529.0 981.0 529.0 ship 0
918.0 503.0 973.0 503.0 973.0 534.0 918.0 534.0 ship 0
813.0 748.0 851.0 748.0 851.0 771.0 813.0 771.0 ship 0
824.0 781.0 863.0 781.0 863.0 804.0 824.0 804.0 ship 0
878.0 790.0 930.0 790.0 930.0 821.0 878.0 821.0 ship 0
738.0 1029.0 793.0 1029.0 793.0 1074.0 738.0 1074.0 ship 0
724.0 838.0 758.0 838.0 758.0 858.0 724.0 858.0 ship 0
683.0 860.0 716.0 860.0 716.0 879.0 683.0 879.0 ship 0
692.0 879.0 715.0 879.0 715.0 893.0 692.0 893.0 ship 0
692.0 890.0 728.0 890.0 728.0 910.0 692.0 910.0 ship 0
738.0 886.0 772.0 886.0 772.0 906.0 738.0 906.0 ship 0
745.0 905.0 775.0 905.0 775.0 923.0 745.0 923.0 ship 0
754.0 936.0 787.0 936.0 787.0 955.0 754.0 955.0 ship 0
712.0 951.0 746.0 951.0 746.0 971.0 712.0 971.0 ship 0
721.0 982.0 757.0 982.0 757.0 1003.0 721.0 1003.0 ship 0
767.0 985.0 802.0 985.0 802.0 1007.0 767.0 1007.0 ship 0
773.0 1002.0 808.0 1002.0 808.0 1023.0 773.0 1023.0 ship 0
895.0 1001.0 931.0 1001.0 931.0 1021.0 895.0 1021.0 ship 0
842.0 830.0 879.0 830.0 879.0 854.0 842.0 854.0 ship 0
887.0 984.0 923.0 984.0 923.0 1004.0 887.0 1004.0 ship 0
897.0 1004.0 980.0 1004.0 980.0 1052.0 897.0 1052.0 ship 0
936.0 959.0 980.0 959.0 980.0 985.0 936.0 985.0 ship 0
882.0 964.0 920.0 964.0 920.0 987.0 882.0 987.0 ship 0
871.0 932.0 910.0 932.0 910.0 953.0 871.0 953.0 ship 0
917.0 914.0 969.0 914.0 969.0 945.0 917.0 945.0 ship 0
910.0 893.0 963.0 893.0 963.0 924.0 910.0 924.0 ship 0
856.0 882.0 892.0 882.0 892.0 903.0 856.0 903.0 ship 0
903.0 854.0 947.0 854.0 947.0 881.0 903.0 881.0 ship 0
896.0 837.0 940.0 837.0 940.0 860.0 896.0 860.0 ship 0
888.0 813.0 932.0 813.0 932.0 836.0 888.0 836.0 ship 0
932.0 547.0 983.0 547.0 983.0 576.0 932.0 576.0 ship 0
935.0 567.0 991.0 567.0 991.0 599.0 935.0 599.0 ship 0
945.0 588.0 998.0 588.0 998.0 618.0 945.0 618.0 ship 0
1492.0 798.0 1553.0 798.0 1553.0 830.0 1492.0 830.0 ship 0
1392.0 533.0 1413.0 533.0 1413.0 570.0 1392.0 570.0 ship 0
1418.0 534.0 1478.0 534.0 1478.0 567.0 1418.0 567.0 ship 0
1437.0 583.0 1492.0 583.0 1492.0 616.0 1437.0 616.0 ship 0
1444.0 606.0 1496.0 606.0 1496.0 639.0 1444.0 639.0 ship 0
1449.0 630.0 1507.0 630.0 1507.0 661.0 1449.0 661.0 ship 0
1416.0 637.0 1456.0 637.0 1456.0 715.0 1416.0 715.0 ship 0
1454.0 654.0 1510.0 654.0 1510.0 683.0 1454.0 683.0 ship 0
1460.0 679.0 1518.0 679.0 1518.0 709.0 1460.0 709.0 ship 0
1468.0 700.0 1524.0 700.0 1524.0 733.0 1468.0 733.0 ship 0
1475.0 727.0 1532.0 727.0 1532.0 759.0 1475.0 759.0 ship 0
1481.0 749.0 1537.0 749.0 1537.0 781.0 1481.0 781.0 ship 0
1505.0 825.0 1553.0 825.0 1553.0 852.0 1505.0 852.0 ship 0
1411.0 485.0 1468.0 485.0 1468.0 515.0 1411.0 515.0 ship 0
1521.0 871.0 1570.0 871.0 1570.0 900.0 1521.0 900.0 ship 0
1464.0 827.0 1498.0 827.0 1498.0 874.0 1464.0 874.0 ship 0
1531.0 941.0 1589.0 941.0 1589.0 974.0 1531.0 974.0 ship 0
1532.0 967.0 1593.0 967.0 1593.0 1002.0 1532.0 1002.0 ship 0
1493.0 936.0 1529.0 936.0 1529.0 986.0 1493.0 986.0 ship 0
1696.0 1023.0 1778.0 1023.0 1778.0 1062.0 1696.0 1062.0 ship 0
1689.0 997.0 1761.0 997.0 1761.0 1033.0 1689.0 1033.0 ship 0
1679.0 968.0 1751.0 968.0 1751.0 1009.0 1679.0 1009.0 ship 0
1755.0 957.0 1788.0 957.0 1788.0 1014.0 1755.0 1014.0 ship 0
1739.0 891.0 1775.0 891.0 1775.0 955.0 1739.0 955.0 ship 0
1665.0 912.0 1734.0 912.0 1734.0 948.0 1665.0 948.0 ship 0
1414.0 511.0 1473.0 511.0 1473.0 543.0 1414.0 543.0 ship 0
1400.0 461.0 1459.0 461.0 1459.0 491.0 1400.0 491.0 ship 0
998.0 543.0 1054.0 543.0 1054.0 576.0 998.0 576.0 ship 0
1053.0 943.0 1109.0 943.0 1109.0 975.0 1053.0 975.0 ship 0
1005.0 564.0 1062.0 564.0 1062.0 597.0 1005.0 597.0 ship 0
962.0 649.0 1015.0 649.0 1015.0 681.0 962.0 681.0 ship 0
1029.0 639.0 1079.0 639.0 1079.0 668.0 1029.0 668.0 ship 0
1039.0 683.0 1098.0 683.0 1098.0 718.0 1039.0 718.0 ship 0
1047.0 708.0 1104.0 708.0 1104.0 741.0 1047.0 741.0 ship 0
999.0 753.0 1050.0 753.0 1050.0 782.0 999.0 782.0 ship 0
1068.0 760.0 1120.0 760.0 1120.0 788.0 1068.0 788.0 ship 0
1076.0 805.0 1128.0 805.0 1128.0 838.0 1076.0 838.0 ship 0
1026.0 837.0 1066.0 837.0 1066.0 862.0 1026.0 862.0 ship 0
1092.0 853.0 1143.0 853.0 1143.0 884.0 1092.0 884.0 ship 0
1111.0 897.0 1164.0 897.0 1164.0 927.0 1111.0 927.0 ship 0
1068.0 971.0 1110.0 971.0 1110.0 997.0 1068.0 997.0 ship 0
1396.0 439.0 1446.0 439.0 1446.0 467.0 1396.0 467.0 ship 0
1128.0 972.0 1183.0 972.0 1183.0 1001.0 1128.0 1001.0 ship 0
1072.0 988.0 1127.0 988.0 1127.0 1033.0 1072.0 1033.0 ship 0
1274.0 1057.0 1333.0 1057.0 1333.0 1092.0 1274.0 1092.0 ship 0
1328.0 299.0 1349.0 299.0 1349.0 331.0 1328.0 331.0 ship 0
1340.0 341.0 1358.0 341.0 1358.0 371.0 1340.0 371.0 ship 0
1353.0 294.0 1412.0 294.0 1412.0 325.0 1353.0 325.0 ship 0
1367.0 342.0 1424.0 342.0 1424.0 373.0 1367.0 373.0 ship 0
1358.0 405.0 1378.0 405.0 1378.0 439.0 1358.0 439.0 ship 0
1377.0 367.0 1429.0 367.0 1429.0 398.0 1377.0 398.0 ship 0
1383.0 391.0 1437.0 391.0 1437.0 420.0 1383.0 420.0 ship 0
1387.0 414.0 1442.0 414.0 1442.0 445.0 1387.0 445.0 ship 0
679.0 843.0 713.0 843.0 713.0 864.0 679.0 864.0 ship 0
674.0 829.0 707.0 829.0 707.0 848.0 674.0 848.0 ship 0
665.0 813.0 701.0 813.0 701.0 832.0 665.0 832.0 ship 0
364.0 1003.0 463.0 1003.0 463.0 1058.0 364.0 1058.0 ship 0
375.0 852.0 413.0 852.0 413.0 874.0 375.0 874.0 ship 0
306.0 879.0 365.0 879.0 365.0 912.0 306.0 912.0 ship 0
386.0 887.0 428.0 887.0 428.0 911.0 386.0 911.0 ship 0
309.0 908.0 381.0 908.0 381.0 944.0 309.0 944.0 ship 0
323.0 933.0 390.0 933.0 390.0 971.0 323.0 971.0 ship 0
397.0 923.0 437.0 923.0 437.0 947.0 397.0 947.0 ship 0
404.0 942.0 445.0 942.0 445.0 966.0 404.0 966.0 ship 0
408.0 962.0 448.0 962.0 448.0 985.0 408.0 985.0 ship 0
416.0 983.0 453.0 983.0 453.0 1005.0 416.0 1005.0 ship 0
324.0 963.0 402.0 963.0 402.0 999.0 324.0 999.0 ship 0
344.0 991.0 408.0 991.0 408.0 1025.0 344.0 1025.0 ship 0
568.0 1026.0 656.0 1026.0 656.0 1074.0 568.0 1074.0 ship 0
284.0 823.0 357.0 823.0 357.0 861.0 284.0 861.0 ship 0
554.0 1019.0 604.0 1019.0 604.0 1046.0 554.0 1046.0 ship 0
546.0 983.0 588.0 983.0 588.0 1007.0 546.0 1007.0 ship 0
535.0 963.0 581.0 963.0 581.0 991.0 535.0 991.0 ship 0
533.0 944.0 575.0 944.0 575.0 970.0 533.0 970.0 ship 0
581.0 925.0 619.0 925.0 619.0 948.0 581.0 948.0 ship 0
575.0 902.0 616.0 902.0 616.0 928.0 575.0 928.0 ship 0
571.0 884.0 609.0 884.0 609.0 908.0 571.0 908.0 ship 0
522.0 905.0 564.0 905.0 564.0 928.0 522.0 928.0 ship 0
534.0 927.0 569.0 927.0 569.0 948.0 534.0 948.0 ship 0
559.0 848.0 597.0 848.0 597.0 872.0 559.0 872.0 ship 0
512.0 887.0 557.0 887.0 557.0 913.0 512.0 913.0 ship 0
304.0 849.0 364.0 849.0 364.0 883.0 304.0 883.0 ship 0
358.0 801.0 391.0 801.0 391.0 822.0 358.0 822.0 ship 0
554.0 828.0 592.0 828.0 592.0 852.0 554.0 852.0 ship 0
126.0 800.0 150.0 800.0 150.0 817.0 126.0 817.0 ship 0
404.0 524.0 654.0 524.0 654.0 1059.0 404.0 1059.0 harbor 0
570.0 477.0 814.0 477.0 814.0 1049.0 570.0 1049.0 harbor 0
716.0 423.0 995.0 423.0 995.0 1034.0 716.0 1034.0 harbor 0
885.0 370.0 1185.0 370.0 1185.0 1008.0 885.0 1008.0 harbor 0
74.0 711.0 215.0 711.0 215.0 1021.0 74.0 1021.0 harbor 0
1340.0 280.0 1598.0 280.0 1598.0 988.0 1340.0 988.0 harbor 0
1477.0 241.0 1775.0 241.0 1775.0 1052.0 1477.0 1052.0 harbor 0
1783.0 669.0 1985.0 669.0 1985.0 1107.0 1783.0 1107.0 harbor 0
1979.0 691.0 2196.0 691.0 2196.0 1074.0 1979.0 1074.0 harbor 0
128.0 624.0 151.0 624.0 151.0 655.0 128.0 655.0 ship 0
118.0 782.0 151.0 782.0 151.0 802.0 118.0 802.0 ship 0
295.0 600.0 341.0 600.0 341.0 628.0 295.0 628.0 ship 0
284.0 795.0 346.0 795.0 346.0 830.0 284.0 830.0 ship 0
301.0 620.0 344.0 620.0 344.0 647.0 301.0 647.0 ship 0
308.0 638.0 348.0 638.0 348.0 661.0 308.0 661.0 ship 0
315.0 656.0 354.0 656.0 354.0 680.0 315.0 680.0 ship 0
320.0 676.0 355.0 676.0 355.0 697.0 320.0 697.0 ship 0
324.0 691.0 361.0 691.0 361.0 715.0 324.0 715.0 ship 0
256.0 691.0 318.0 691.0 318.0 726.0 256.0 726.0 ship 0
268.0 716.0 322.0 716.0 322.0 748.0 268.0 748.0 ship 0
262.0 741.0 332.0 741.0 332.0 777.0 262.0 777.0 ship 0
335.0 712.0 370.0 712.0 370.0 734.0 335.0 734.0 ship 0
341.0 747.0 379.0 747.0 379.0 768.0 341.0 768.0 ship 0
346.0 763.0 385.0 763.0 385.0 788.0 346.0 788.0 ship 0
509.0 870.0 549.0 870.0 549.0 892.0 509.0 892.0 ship 0
546.0 811.0 581.0 811.0 581.0 833.0 546.0 833.0 ship 0
665.0 797.0 698.0 797.0 698.0 817.0 665.0 817.0 ship 0
616.0 643.0 650.0 643.0 650.0 663.0 616.0 663.0 ship 0
635.0 548.0 668.0 548.0 668.0 570.0 635.0 570.0 ship 0
639.0 563.0 673.0 563.0 673.0 584.0 639.0 584.0 ship 0
578.0 520.0 611.0 520.0 611.0 540.0 578.0 540.0 ship 0
581.0 535.0 616.0 535.0 616.0 556.0 581.0 556.0 ship 0
588.0 550.0 619.0 550.0 619.0 570.0 588.0 570.0 ship 0
596.0 565.0 626.0 565.0 626.0 585.0 596.0 585.0 ship 0
600.0 581.0 628.0 581.0 628.0 600.0 600.0 600.0 ship 0
642.0 581.0 674.0 581.0 674.0 602.0 642.0 602.0 ship 0
647.0 595.0 685.0 595.0 685.0 619.0 647.0 619.0 ship 0
604.0 611.0 640.0 611.0 640.0 632.0 604.0 632.0 ship 0
613.0 627.0 645.0 627.0 645.0 646.0 613.0 646.0 ship 0
659.0 630.0 692.0 630.0 692.0 649.0 659.0 649.0 ship 0
622.0 516.0 658.0 516.0 658.0 538.0 622.0 538.0 ship 0
662.0 645.0 698.0 645.0 698.0 666.0 662.0 666.0 ship 0
668.0 660.0 702.0 660.0 702.0 681.0 668.0 681.0 ship 0
622.0 674.0 658.0 674.0 658.0 696.0 622.0 696.0 ship 0
673.0 678.0 704.0 678.0 704.0 698.0 673.0 698.0 ship 0
678.0 693.0 712.0 693.0 712.0 714.0 678.0 714.0 ship 0
682.0 709.0 718.0 709.0 718.0 729.0 682.0 729.0 ship 0
688.0 727.0 716.0 727.0 716.0 745.0 688.0 745.0 ship 0
650.0 751.0 684.0 751.0 684.0 771.0 650.0 771.0 ship 0
658.0 767.0 688.0 767.0 688.0 786.0 658.0 786.0 ship 0
699.0 756.0 735.0 756.0 735.0 777.0 699.0 777.0 ship 0
655.0 781.0 697.0 781.0 697.0 803.0 655.0 803.0 ship 0
628.0 532.0 664.0 532.0 664.0 554.0 628.0 554.0 ship 0
618.0 500.0 653.0 500.0 653.0 522.0 618.0 522.0 ship 0
494.0 829.0 544.0 829.0 544.0 856.0 494.0 856.0 ship 0
440.0 640.0 483.0 640.0 483.0 666.0 440.0 666.0 ship 0
492.0 811.0 535.0 811.0 535.0 836.0 492.0 836.0 ship 0
535.0 774.0 572.0 774.0 572.0 797.0 535.0 797.0 ship 0
526.0 737.0 564.0 737.0 564.0 761.0 526.0 761.0 ship 0
470.0 752.0 520.0 752.0 520.0 781.0 470.0 781.0 ship 0
465.0 735.0 512.0 735.0 512.0 762.0 465.0 762.0 ship 0
504.0 671.0 534.0 671.0 534.0 690.0 504.0 690.0 ship 0
447.0 676.0 495.0 676.0 495.0 706.0 447.0 706.0 ship 0
501.0 651.0 537.0 651.0 537.0 674.0 501.0 674.0 ship 0
494.0 634.0 532.0 634.0 532.0 657.0 494.0 657.0 ship 0
487.0 617.0 527.0 617.0 527.0 642.0 487.0 642.0 ship 0
441.0 657.0 488.0 657.0 488.0 685.0 441.0 685.0 ship 0
431.0 621.0 477.0 621.0 477.0 647.0 431.0 647.0 ship 0
612.0 485.0 645.0 485.0 645.0 506.0 612.0 506.0 ship 0
482.0 606.0 508.0 606.0 508.0 624.0 482.0 624.0 ship 0
480.0 585.0 515.0 585.0 515.0 608.0 480.0 608.0 ship 0
425.0 602.0 472.0 602.0 472.0 630.0 425.0 630.0 ship 0
419.0 581.0 468.0 581.0 468.0 610.0 419.0 610.0 ship 0
476.0 569.0 510.0 569.0 510.0 591.0 476.0 591.0 ship 0
466.0 551.0 504.0 551.0 504.0 576.0 466.0 576.0 ship 0
461.0 535.0 507.0 535.0 507.0 560.0 461.0 560.0 ship 0
414.0 565.0 456.0 565.0 456.0 591.0 414.0 591.0 ship 0
406.0 544.0 454.0 544.0 454.0 571.0 406.0 571.0 ship 0
408.0 534.0 434.0 534.0 434.0 552.0 408.0 552.0 ship 0
573.0 503.0 606.0 503.0 606.0 524.0 573.0 524.0 ship 0
1704.0 879.0 1736.0 879.0 1736.0 898.0 1704.0 898.0 ship 0
1645.0 875.0 1688.0 875.0 1688.0 900.0 1645.0 900.0 ship 0
1552.0 328.0 1579.0 328.0 1579.0 346.0 1552.0 346.0 ship 0
1698.0 867.0 1729.0 867.0 1729.0 886.0 1698.0 886.0 ship 0
364.0 781.0 391.0 781.0 391.0 798.0 364.0 798.0 ship 0
286.0 571.0 301.0 571.0 301.0 592.0 286.0 592.0 ship 0
293.0 563.0 308.0 563.0 308.0 584.0 293.0 584.0 ship 0
310.0 556.0 319.0 556.0 319.0 575.0 310.0 575.0 ship 0
333.0 584.0 350.0 584.0 350.0 603.0 333.0 603.0 ship 0
311.0 567.0 331.0 567.0 331.0 586.0 311.0 586.0 ship 0
637.0 704.0 665.0 704.0 665.0 722.0 637.0 722.0 ship 0
2123.0 28.0 2157.0 28.0 2157.0 56.0 2123.0 56.0 ship 0
1879.0 491.0 1907.0 491.0 1907.0 512.0 1879.0 512.0 small-vehicle 0
1891.0 508.0 1919.0 508.0 1919.0 533.0 1891.0 533.0 small-vehicle 0
1901.0 521.0 1924.0 521.0 1924.0 540.0 1901.0 540.0 small-vehicle 0
1920.0 537.0 1940.0 537.0 1940.0 561.0 1920.0 561.0 small-vehicle 0
1931.0 542.0 1952.0 542.0 1952.0 567.0 1931.0 567.0 small-vehicle 0
1958.0 551.0 1975.0 551.0 1975.0 575.0 1958.0 575.0 small-vehicle 0
1970.0 555.0 1982.0 555.0 1982.0 575.0 1970.0 575.0 small-vehicle 0
1981.0 557.0 1993.0 557.0 1993.0 577.0 1981.0 577.0 small-vehicle 0
1993.0 557.0 2005.0 557.0 2005.0 580.0 1993.0 580.0 small-vehicle 0
2018.0 560.0 2028.0 560.0 2028.0 580.0 2018.0 580.0 small-vehicle 0
2049.0 559.0 2060.0 559.0 2060.0 581.0 2049.0 581.0 small-vehicle 0
2060.0 558.0 2071.0 558.0 2071.0 581.0 2060.0 581.0 small-vehicle 0
2098.0 563.0 2109.0 563.0 2109.0 584.0 2098.0 584.0 small-vehicle 0
2146.0 622.0 2159.0 622.0 2159.0 647.0 2146.0 647.0 small-vehicle 0
2091.0 623.0 2100.0 623.0 2100.0 644.0 2091.0 644.0 small-vehicle 0
1938.0 614.0 1950.0 614.0 1950.0 634.0 1938.0 634.0 small-vehicle 0
1905.0 603.0 1916.0 603.0 1916.0 625.0 1905.0 625.0 small-vehicle 0
352.0 790.0 376.0 790.0 376.0 802.0 352.0 802.0 ship 0
368.0 836.0 393.0 836.0 393.0 854.0 368.0 854.0 ship 0
1969.0 714.0 1989.0 714.0 1989.0 728.0 1969.0 728.0 ship 0
1373.0 171.0 1386.0 171.0 1386.0 189.0 1373.0 189.0 small-vehicle 1
1423.0 96.0 1440.0 96.0 1440.0 125.0 1423.0 125.0 large-vehicle 0
1456.0 90.0 1470.0 90.0 1470.0 112.0 1456.0 112.0 small-vehicle 0
1545.0 139.0 1556.0 139.0 1556.0 160.0 1545.0 160.0 small-vehicle 0
1468.0 87.0 1482.0 87.0 1482.0 109.0 1468.0 109.0 small-vehicle 0
1479.0 147.0 1492.0 147.0 1492.0 168.0 1479.0 168.0 small-vehicle 1
1469.0 149.0 1484.0 149.0 1484.0 173.0 1469.0 173.0 small-vehicle 1
1459.0 153.0 1474.0 153.0 1474.0 175.0 1459.0 175.0 small-vehicle 1
1448.0 155.0 1463.0 155.0 1463.0 176.0 1448.0 176.0 small-vehicle 1
1436.0 156.0 1452.0 156.0 1452.0 179.0 1436.0 179.0 small-vehicle 1
1400.0 162.0 1415.0 162.0 1415.0 182.0 1400.0 182.0 small-vehicle 1
1384.0 164.0 1398.0 164.0 1398.0 186.0 1384.0 186.0 small-vehicle 1
1360.0 169.0 1374.0 169.0 1374.0 192.0 1360.0 192.0 small-vehicle 1
1830.0 783.0 1852.0 783.0 1852.0 795.0 1830.0 795.0 ship 0
1349.0 172.0 1363.0 172.0 1363.0 195.0 1349.0 195.0 small-vehicle 1
1328.0 178.0 1342.0 178.0 1342.0 202.0 1328.0 202.0 small-vehicle 1
1315.0 178.0 1333.0 178.0 1333.0 202.0 1315.0 202.0 small-vehicle 1
1305.0 183.0 1320.0 183.0 1320.0 205.0 1305.0 205.0 small-vehicle 1
1210.0 410.0 1233.0 410.0 1233.0 425.0 1210.0 425.0 small-vehicle 1
1213.0 422.0 1234.0 422.0 1234.0 437.0 1213.0 437.0 small-vehicle 1
1379.0 483.0 1401.0 483.0 1401.0 508.0 1379.0 508.0 ship 0
1412.0 598.0 1430.0 598.0 1430.0 623.0 1412.0 623.0 ship 0
1440.0 731.0 1478.0 731.0 1478.0 799.0 1440.0 799.0 ship 0
1691.0 826.0 1719.0 826.0 1719.0 846.0 1691.0 846.0 ship 0
1854.0 715.0 1872.0 715.0 1872.0 738.0 1854.0 738.0 ship 0
1983.0 620.0 1994.0 620.0 1994.0 638.0 1983.0 638.0 small-vehicle 0
2008.0 557.0 2018.0 557.0 2018.0 579.0 2008.0 579.0 small-vehicle 1
2028.0 562.0 2039.0 562.0 2039.0 582.0 2028.0 582.0 small-vehicle 1
673.0 262.0 690.0 262.0 690.0 287.0 673.0 287.0 small-vehicle 1
924.0 200.0 937.0 200.0 937.0 220.0 924.0 220.0 small-vehicle 1
894.0 207.0 905.0 207.0 905.0 224.0 894.0 224.0 small-vehicle 1
879.0 207.0 892.0 207.0 892.0 226.0 879.0 226.0 small-vehicle 1
858.0 211.0 870.0 211.0 870.0 231.0 858.0 231.0 small-vehicle 1
845.0 214.0 859.0 214.0 859.0 234.0 845.0 234.0 small-vehicle 1
822.0 219.0 837.0 219.0 837.0 238.0 822.0 238.0 small-vehicle 1
802.0 225.0 815.0 225.0 815.0 245.0 802.0 245.0 small-vehicle 1
782.0 229.0 796.0 229.0 796.0 248.0 782.0 248.0 small-vehicle 1
767.0 231.0 782.0 231.0 782.0 252.0 767.0 252.0 small-vehicle 1
705.0 251.0 721.0 251.0 721.0 271.0 705.0 271.0 small-vehicle 1
682.0 257.0 699.0 257.0 699.0 279.0 682.0 279.0 small-vehicle 1
622.0 284.0 639.0 284.0 639.0 307.0 622.0 307.0 small-vehicle 1
955.0 194.0 968.0 194.0 968.0 218.0 955.0 218.0 small-vehicle 1
653.0 269.0 667.0 269.0 667.0 292.0 653.0 292.0 small-vehicle 1
611.0 288.0 627.0 288.0 627.0 310.0 611.0 310.0 small-vehicle 1
601.0 292.0 619.0 292.0 619.0 315.0 601.0 315.0 small-vehicle 1
506.0 335.0 526.0 335.0 526.0 358.0 506.0 358.0 small-vehicle 1
460.0 360.0 479.0 360.0 479.0 382.0 460.0 382.0 small-vehicle 1
471.0 354.0 487.0 354.0 487.0 375.0 471.0 375.0 small-vehicle 1
444.0 367.0 460.0 367.0 460.0 390.0 444.0 390.0 small-vehicle 1
433.0 371.0 449.0 371.0 449.0 392.0 433.0 392.0 small-vehicle 1
413.0 379.0 427.0 379.0 427.0 397.0 413.0 397.0 small-vehicle 1
130.0 810.0 156.0 810.0 156.0 830.0 130.0 830.0 ship 0
1282.0 503.0 1311.0 503.0 1311.0 521.0 1282.0 521.0 small-vehicle 0
937.0 198.0 949.0 198.0 949.0 218.0 937.0 218.0 small-vehicle 1
968.0 194.0 981.0 194.0 981.0 218.0 968.0 218.0 small-vehicle 1
2081.0 562.0 2093.0 562.0 2093.0 581.0 2081.0 581.0 small-vehicle 1
1346.0 113.0 1361.0 113.0 1361.0 134.0 1346.0 134.0 small-vehicle 1
2110.0 563.0 2120.0 563.0 2120.0 582.0 2110.0 582.0 small-vehicle 1
1962.0 613.0 1973.0 613.0 1973.0 635.0 1962.0 635.0 small-vehicle 1
1972.0 613.0 1985.0 613.0 1985.0 635.0 1972.0 635.0 small-vehicle 1
1997.0 615.0 2009.0 615.0 2009.0 640.0 1997.0 640.0 small-vehicle 1
2023.0 617.0 2035.0 617.0 2035.0 637.0 2023.0 637.0 small-vehicle 1
2049.0 617.0 2059.0 617.0 2059.0 637.0 2049.0 637.0 small-vehicle 1
2067.0 622.0 2078.0 622.0 2078.0 643.0 2067.0 643.0 small-vehicle 1
2100.0 623.0 2112.0 623.0 2112.0 642.0 2100.0 642.0 small-vehicle 1
2112.0 624.0 2125.0 624.0 2125.0 643.0 2112.0 643.0 small-vehicle 1
2136.0 625.0 2146.0 625.0 2146.0 646.0 2136.0 646.0 small-vehicle 1
2196.0 637.0 2216.0 637.0 2216.0 659.0 2196.0 659.0 small-vehicle 1
1359.0 111.0 1371.0 111.0 1371.0 131.0 1359.0 131.0 small-vehicle 1
1000.0 189.0 1012.0 189.0 1012.0 210.0 1000.0 210.0 small-vehicle 1
1378.0 106.0 1392.0 106.0 1392.0 128.0 1378.0 128.0 small-vehicle 1
1389.0 103.0 1405.0 103.0 1405.0 127.0 1389.0 127.0 small-vehicle 1
1401.0 101.0 1414.0 101.0 1414.0 121.0 1401.0 121.0 small-vehicle 1
1297.0 127.0 1312.0 127.0 1312.0 151.0 1297.0 151.0 small-vehicle 1
1287.0 130.0 1300.0 130.0 1300.0 150.0 1287.0 150.0 small-vehicle 1
1257.0 135.0 1273.0 135.0 1273.0 157.0 1257.0 157.0 small-vehicle 1
1057.0 186.0 1070.0 186.0 1070.0 205.0 1057.0 205.0 small-vehicle 1
1182.0 279.0 1208.0 279.0 1208.0 294.0 1182.0 294.0 small-vehicle 1
1186.0 300.0 1208.0 300.0 1208.0 316.0 1186.0 316.0 small-vehicle 1
1192.0 312.0 1213.0 312.0 1213.0 324.0 1192.0 324.0 small-vehicle 1
1023.0 187.0 1038.0 187.0 1038.0 205.0 1023.0 205.0 small-vehicle 1
87.0 1021.0 100.0 1021.0 100.0 1033.0 87.0 1033.0 roundabout 1
286.0 371.0 338.0 371.0 338.0 423.0 286.0 423.0 roundabout 0
115.0 598.0 137.0 598.0 137.0 627.0 115.0 627.0 small-vehicle 0
1479.0 264.0 1524.0 264.0 1524.0 290.0 1479.0 290.0 ship 0
1518.0 409.0 1561.0 409.0 1561.0 434.0 1518.0 434.0 ship 0
1515.0 390.0 1559.0 390.0 1559.0 416.0 1515.0 416.0 ship 0
1569.0 390.0 1596.0 390.0 1596.0 407.0 1569.0 407.0 ship 0
1562.0 373.0 1592.0 373.0 1592.0 392.0 1562.0 392.0 ship 0
1558.0 357.0 1589.0 357.0 1589.0 376.0 1558.0 376.0 ship 0
1558.0 344.0 1582.0 344.0 1582.0 360.0 1558.0 360.0 ship 0
1495.0 319.0 1539.0 319.0 1539.0 345.0 1495.0 345.0 ship 0
1541.0 296.0 1572.0 296.0 1572.0 315.0 1541.0 315.0 ship 0
1538.0 280.0 1566.0 280.0 1566.0 298.0 1538.0 298.0 ship 0
1531.0 263.0 1563.0 263.0 1563.0 283.0 1531.0 283.0 ship 0
1530.0 250.0 1559.0 250.0 1559.0 267.0 1530.0 267.0 ship 0
1490.0 284.0 1529.0 284.0 1529.0 306.0 1490.0 306.0 ship 0
1527.0 444.0 1574.0 444.0 1574.0 471.0 1527.0 471.0 ship 0
1779.0 665.0 1844.0 665.0 1844.0 695.0 1779.0 695.0 ship 0
1782.0 689.0 1848.0 689.0 1848.0 722.0 1782.0 722.0 ship 0
1792.0 712.0 1855.0 712.0 1855.0 744.0 1792.0 744.0 ship 0
1802.0 739.0 1856.0 739.0 1856.0 768.0 1802.0 768.0 ship 0
1805.0 764.0 1855.0 764.0 1855.0 787.0 1805.0 787.0 ship 0
1861.0 756.0 1910.0 756.0 1910.0 781.0 1861.0 781.0 ship 0
1885.0 731.0 1918.0 731.0 1918.0 749.0 1885.0 749.0 ship 0
1871.0 777.0 1914.0 777.0 1914.0 803.0 1871.0 803.0 ship 0
1873.0 796.0 1923.0 796.0 1923.0 824.0 1873.0 824.0 ship 0
1812.0 804.0 1868.0 804.0 1868.0 833.0 1812.0 833.0 ship 0
1882.0 819.0 1923.0 819.0 1923.0 841.0 1882.0 841.0 ship 0
1527.0 428.0 1565.0 428.0 1565.0 451.0 1527.0 451.0 ship 0
1535.0 465.0 1577.0 465.0 1577.0 490.0 1535.0 490.0 ship 0
1825.0 854.0 1867.0 854.0 1867.0 877.0 1825.0 877.0 ship 0
1648.0 683.0 1684.0 683.0 1684.0 704.0 1648.0 704.0 ship 0
1691.0 845.0 1729.0 845.0 1729.0 866.0 1691.0 866.0 ship 0
1644.0 854.0 1687.0 854.0 1687.0 880.0 1644.0 880.0 ship 0
1639.0 837.0 1677.0 837.0 1677.0 860.0 1639.0 860.0 ship 0
1631.0 812.0 1678.0 812.0 1678.0 839.0 1631.0 839.0 ship 0
1671.0 772.0 1707.0 772.0 1707.0 793.0 1671.0 793.0 ship 0
1670.0 754.0 1702.0 754.0 1702.0 774.0 1670.0 774.0 ship 0
1619.0 775.0 1661.0 775.0 1661.0 800.0 1619.0 800.0 ship 0
1616.0 756.0 1652.0 756.0 1652.0 776.0 1616.0 776.0 ship 0
1657.0 717.0 1695.0 717.0 1695.0 739.0 1657.0 739.0 ship 0
1610.0 736.0 1651.0 736.0 1651.0 761.0 1610.0 761.0 ship 0
1605.0 718.0 1644.0 718.0 1644.0 741.0 1605.0 741.0 ship 0
1645.0 663.0 1682.0 663.0 1682.0 684.0 1645.0 684.0 ship 0
1580.0 438.0 1615.0 438.0 1615.0 459.0 1580.0 459.0 ship 0
1595.0 676.0 1634.0 676.0 1634.0 699.0 1595.0 699.0 ship 0
1592.0 658.0 1630.0 658.0 1630.0 681.0 1592.0 681.0 ship 0
1633.0 627.0 1669.0 627.0 1669.0 648.0 1633.0 648.0 ship 0
1623.0 592.0 1661.0 592.0 1661.0 614.0 1623.0 614.0 ship 0
1618.0 575.0 1653.0 575.0 1653.0 597.0 1618.0 597.0 ship 0
1609.0 540.0 1643.0 540.0 1643.0 562.0 1609.0 562.0 ship 0
1562.0 560.0 1602.0 560.0 1602.0 584.0 1562.0 584.0 ship 0
1603.0 523.0 1634.0 523.0 1634.0 543.0 1603.0 543.0 ship 0
1552.0 522.0 1593.0 522.0 1593.0 548.0 1552.0 548.0 ship 0
1595.0 488.0 1629.0 488.0 1629.0 509.0 1595.0 509.0 ship 0
1585.0 455.0 1616.0 455.0 1616.0 475.0 1585.0 475.0 ship 0
1883.0 840.0 1932.0 840.0 1932.0 866.0 1883.0 866.0 ship 0
1834.0 871.0 1877.0 871.0 1877.0 894.0 1834.0 894.0 ship 0
43.0 546.0 58.0 546.0 58.0 570.0 43.0 570.0 small-vehicle 0
350.0 65.0 368.0 65.0 368.0 85.0 350.0 85.0 small-vehicle 0
2076.0 833.0 2145.0 833.0 2145.0 865.0 2076.0 865.0 ship 0
2012.0 841.0 2057.0 841.0 2057.0 868.0 2012.0 868.0 ship 0
2007.0 821.0 2053.0 821.0 2053.0 848.0 2007.0 848.0 ship 0
2001.0 802.0 2049.0 802.0 2049.0 829.0 2001.0 829.0 ship 0
2059.0 770.0 2128.0 770.0 2128.0 804.0 2059.0 804.0 ship 0
1997.0 786.0 2038.0 786.0 2038.0 808.0 1997.0 808.0 ship 0
1987.0 744.0 2036.0 744.0 2036.0 770.0 1987.0 770.0 ship 0
2046.0 714.0 2104.0 714.0 2104.0 744.0 2046.0 744.0 ship 0
387.0 18.0 408.0 18.0 408.0 30.0 387.0 30.0 small-vehicle 0
367.0 56.0 387.0 56.0 387.0 78.0 367.0 78.0 small-vehicle 0
360.0 60.0 378.0 60.0 378.0 83.0 360.0 83.0 small-vehicle 0
339.0 69.0 358.0 69.0 358.0 91.0 339.0 91.0 small-vehicle 0
2018.0 883.0 2069.0 883.0 2069.0 911.0 2018.0 911.0 ship 0
135.0 204.0 161.0 204.0 161.0 223.0 135.0 223.0 small-vehicle 0
154.0 231.0 178.0 231.0 178.0 251.0 154.0 251.0 small-vehicle 0
170.0 257.0 194.0 257.0 194.0 276.0 170.0 276.0 small-vehicle 0
176.0 268.0 201.0 268.0 201.0 288.0 176.0 288.0 small-vehicle 0
199.0 298.0 226.0 298.0 226.0 318.0 199.0 318.0 small-vehicle 0
204.0 310.0 231.0 310.0 231.0 330.0 204.0 330.0 small-vehicle 0
224.0 339.0 251.0 339.0 251.0 359.0 224.0 359.0 small-vehicle 0
242.0 466.0 271.0 466.0 271.0 484.0 242.0 484.0 small-vehicle 0
239.0 456.0 260.0 456.0 260.0 470.0 239.0 470.0 small-vehicle 0
198.0 506.0 215.0 506.0 215.0 528.0 198.0 528.0 small-vehicle 0
174.0 512.0 191.0 512.0 191.0 533.0 174.0 533.0 small-vehicle 0
2010.0 861.0 2068.0 861.0 2068.0 892.0 2010.0 892.0 ship 0
2018.0 903.0 2079.0 903.0 2079.0 935.0 2018.0 935.0 ship 0
1894.0 883.0 1940.0 883.0 1940.0 907.0 1894.0 907.0 ship 0
1876.0 1070.0 1925.0 1070.0 1925.0 1094.0 1876.0 1094.0 ship 0
1899.0 903.0 1945.0 903.0 1945.0 929.0 1899.0 929.0 ship 0
1833.0 893.0 1888.0 893.0 1888.0 921.0 1833.0 921.0 ship 0
1849.0 938.0 1892.0 938.0 1892.0 959.0 1849.0 959.0 ship 0
1906.0 926.0 1950.0 926.0 1950.0 951.0 1906.0 951.0 ship 0
1854.0 979.0 1909.0 979.0 1909.0 1008.0 1854.0 1008.0 ship 0
1860.0 1001.0 1913.0 1001.0 1913.0 1030.0 1860.0 1030.0 ship 0
1919.0 986.0 1967.0 986.0 1967.0 1015.0 1919.0 1015.0 ship 0
1924.0 1011.0 1971.0 1011.0 1971.0 1036.0 1924.0 1036.0 ship 0
1866.0 1023.0 1919.0 1023.0 1919.0 1051.0 1866.0 1051.0 ship 0
1930.0 1035.0 1974.0 1035.0 1974.0 1059.0 1930.0 1059.0 ship 0
1869.0 1049.0 1919.0 1049.0 1919.0 1074.0 1869.0 1074.0 ship 0
1940.0 1055.0 1982.0 1055.0 1982.0 1079.0 1940.0 1079.0 ship 0
2030.0 928.0 2080.0 928.0 2080.0 955.0 2030.0 955.0 ship 0
1904.0 1078.0 1987.0 1078.0 1987.0 1117.0 1904.0 1117.0 ship 0
2058.0 1057.0 2122.0 1057.0 2122.0 1089.0 2058.0 1089.0 ship 0
2130.0 1042.0 2186.0 1042.0 2186.0 1071.0 2130.0 1071.0 ship 0
2114.0 1008.0 2183.0 1008.0 2183.0 1042.0 2114.0 1042.0 ship 0
2054.0 1035.0 2108.0 1035.0 2108.0 1064.0 2054.0 1064.0 ship 0
2058.0 1016.0 2094.0 1016.0 2094.0 1033.0 2058.0 1033.0 ship 0
2047.0 995.0 2096.0 995.0 2096.0 1019.0 2047.0 1019.0 ship 0
2108.0 950.0 2172.0 950.0 2172.0 982.0 2108.0 982.0 ship 0
2035.0 969.0 2092.0 969.0 2092.0 999.0 2035.0 999.0 ship 0
2030.0 948.0 2088.0 948.0 2088.0 977.0 2030.0 977.0 ship 0
2093.0 917.0 2173.0 917.0 2173.0 958.0 2093.0 958.0 ship 0
228.0 589.0 461.0 589.0 461.0 1041.0 228.0 1041.0 harbor 0
