imagesource:GoogleEarth
gsd:0.255599276123
333.0 929.0 359.0 929.0 359.0 941.0 333.0 941.0 small-vehicle 1
2750.0 144.0 2793.0 144.0 2793.0 189.0 2750.0 189.0 swimming-pool 0
2631.0 1400.0 2666.0 1400.0 2666.0 1446.0 2631.0 1446.0 swimming-pool 0
1749.0 1317.0 1782.0 1317.0 1782.0 1363.0 1749.0 1363.0 swimming-pool 0
206.0 523.0 221.0 523.0 221.0 558.0 206.0 558.0 ship 0
176.0 882.0 197.0 882.0 197.0 926.0 176.0 926.0 ship 0
177.0 986.0 192.0 986.0 192.0 1027.0 177.0 1027.0 ship 0
173.0 1459.0 188.0 1459.0 188.0 1483.0 173.0 1483.0 ship 0
152.0 1707.0 175.0 1707.0 175.0 1753.0 152.0 1753.0 ship 0
151.0 1788.0 174.0 1788.0 174.0 1821.0 151.0 1821.0 ship 0
165.0 1840.0 194.0 1840.0 194.0 1854.0 165.0 1854.0 ship 0
2084.0 2301.0 2141.0 2301.0 2141.0 2333.0 2084.0 2333.0 ship 0
2596.0 2049.0 2632.0 2049.0 2632.0 2081.0 2596.0 2081.0 ship 0
2679.0 1989.0 2703.0 1989.0 2703.0 2016.0 2679.0 2016.0 ship 0
2856.0 1841.0 2880.0 1841.0 2880.0 1867.0 2856.0 1867.0 ship 0
2835.0 1751.0 2873.0 1751.0 2873.0 1789.0 2835.0 1789.0 ship 0
2860.0 1264.0 2887.0 1264.0 2887.0 1279.0 2860.0 1279.0 ship 0
2065.0 1088.0 2094.0 1088.0 2094.0 1107.0 2065.0 1107.0 ship 0
1803.0 986.0 1852.0 986.0 1852.0 1019.0 1803.0 1019.0 ship 0
2827.0 1351.0 2870.0 1351.0 2870.0 1380.0 2827.0 1380.0 swimming-pool 0
2677.0 1538.0 2775.0 1538.0 2775.0 1583.0 2677.0 1583.0 roundabout 0
393.0 540.0 555.0 540.0 555.0 692.0 393.0 692.0 roundabout 0
743.0 2198.0 773.0 2198.0 773.0 2237.0 743.0 2237.0 swimming-pool 0
2058.0 1447.0 2109.0 1447.0 2109.0 1487.0 2058.0 1487.0 swimming-pool 0
2058.0 2238.0 2092.0 2238.0 2092.0 2265.0 2058.0 2265.0 swimming-pool 0
1623.0 2320.0 1657.0 2320.0 1657.0 2361.0 1623.0 2361.0 swimming-pool 0
277.0 2266.0 325.0 2266.0 325.0 2293.0 277.0 2293.0 swimming-pool 0
738.0 2110.0 779.0 2110.0 779.0 2137.0 738.0 2137.0 swimming-pool 0
833.0 2140.0 871.0 2140.0 871.0 2170.0 833.0 2170.0 swimming-pool 0
714.0 2156.0 745.0 2156.0 745.0 2182.0 714.0 2182.0 swimming-pool 0
468.0 1439.0 522.0 1439.0 522.0 1483.0 468.0 1483.0 swimming-pool 0
1929.0 1306.0 2001.0 1306.0 2001.0 1378.0 1929.0 1378.0 roundabout 0
587.0 1426.0 637.0 1426.0 637.0 1453.0 587.0 1453.0 swimming-pool 0
676.0 1443.0 723.0 1443.0 723.0 1472.0 676.0 1472.0 swimming-pool 0
840.0 1316.0 885.0 1316.0 885.0 1350.0 840.0 1350.0 swimming-pool 0
971.0 1374.0 1020.0 1374.0 1020.0 1413.0 971.0 1413.0 swimming-pool 0
1535.0 992.0 1587.0 992.0 1587.0 1039.0 1535.0 1039.0 swimming-pool 0
387.0 1266.0 462.0 1266.0 462.0 1333.0 387.0 1333.0 roundabout 0
375.0 1819.0 437.0 1819.0 437.0 1892.0 375.0 1892.0 roundabout 0
1350.0 798.0 1377.0 798.0 1377.0 818.0 1350.0 818.0 ship 0
739.0 435.0 777.0 435.0 777.0 464.0 739.0 464.0 ship 0
1990.0 1047.0 2054.0 1047.0 2054.0 1096.0 1990.0 1096.0 ship 0
2463.0 1414.0 2487.0 1414.0 2487.0 1425.0 2463.0 1425.0 small-vehicle 1
3050.0 410.0 3073.0 410.0 3073.0 420.0 3050.0 420.0 small-vehicle 1
3056.0 421.0 3075.0 421.0 3075.0 430.0 3056.0 430.0 small-vehicle 1
3050.0 442.0 3072.0 442.0 3072.0 452.0 3050.0 452.0 small-vehicle 1
3054.0 523.0 3076.0 523.0 3076.0 534.0 3054.0 534.0 small-vehicle 1
2930.0 530.0 2954.0 530.0 2954.0 539.0 2930.0 539.0 small-vehicle 1
2980.0 567.0 3003.0 567.0 3003.0 577.0 2980.0 577.0 small-vehicle 1
2794.0 746.0 2817.0 746.0 2817.0 770.0 2794.0 770.0 small-vehicle 1
2506.0 1454.0 2531.0 1454.0 2531.0 1468.0 2506.0 1468.0 small-vehicle 0
3056.0 359.0 3079.0 359.0 3079.0 380.0 3056.0 380.0 small-vehicle 1
2444.0 1442.0 2471.0 1442.0 2471.0 1456.0 2444.0 1456.0 small-vehicle 0
2402.0 1436.0 2428.0 1436.0 2428.0 1447.0 2402.0 1447.0 small-vehicle 0
2366.0 1426.0 2389.0 1426.0 2389.0 1438.0 2366.0 1438.0 small-vehicle 0
2780.0 1577.0 2805.0 1577.0 2805.0 1592.0 2780.0 1592.0 small-vehicle 1
2681.0 1681.0 2696.0 1681.0 2696.0 1702.0 2681.0 1702.0 small-vehicle 1
2655.0 1739.0 2674.0 1739.0 2674.0 1761.0 2655.0 1761.0 small-vehicle 1
2607.0 1804.0 2628.0 1804.0 2628.0 1826.0 2607.0 1826.0 small-vehicle 1
3191.0 18.0 3204.0 18.0 3204.0 39.0 3191.0 39.0 small-vehicle 1
3117.0 298.0 3141.0 298.0 3141.0 317.0 3117.0 317.0 small-vehicle 1
1846.0 956.0 2004.0 956.0 2004.0 1075.0 1846.0 1075.0 ship 0
2166.0 113.0 2177.0 113.0 2177.0 134.0 2166.0 134.0 small-vehicle 0
1383.0 181.0 1394.0 181.0 1394.0 199.0 1383.0 199.0 small-vehicle 1
1755.0 44.0 1768.0 44.0 1768.0 66.0 1755.0 66.0 small-vehicle 0
1770.0 51.0 1782.0 51.0 1782.0 73.0 1770.0 73.0 small-vehicle 0
1781.0 59.0 1793.0 59.0 1793.0 78.0 1781.0 78.0 small-vehicle 0
1792.0 65.0 1806.0 65.0 1806.0 85.0 1792.0 85.0 small-vehicle 0
1779.0 199.0 1803.0 199.0 1803.0 217.0 1779.0 217.0 small-vehicle 0
1996.0 206.0 2017.0 206.0 2017.0 223.0 1996.0 223.0 small-vehicle 0
1996.0 256.0 2017.0 256.0 2017.0 271.0 1996.0 271.0 small-vehicle 1
3132.0 281.0 3154.0 281.0 3154.0 300.0 3132.0 300.0 small-vehicle 1
2736.0 210.0 2757.0 210.0 2757.0 228.0 2736.0 228.0 small-vehicle 1
2700.0 169.0 2723.0 169.0 2723.0 192.0 2700.0 192.0 small-vehicle 1
2740.0 292.0 2762.0 292.0 2762.0 313.0 2740.0 313.0 small-vehicle 1
2813.0 350.0 2835.0 350.0 2835.0 372.0 2813.0 372.0 small-vehicle 1
3028.0 206.0 3046.0 206.0 3046.0 225.0 3028.0 225.0 small-vehicle 1
2917.0 325.0 2940.0 325.0 2940.0 347.0 2917.0 347.0 small-vehicle 1
3139.0 272.0 3160.0 272.0 3160.0 292.0 3139.0 292.0 small-vehicle 1
2678.0 1447.0 2714.0 1447.0 2714.0 1498.0 2678.0 1498.0 swimming-pool 0
1497.0 101.0 1552.0 101.0 1552.0 141.0 1497.0 141.0 swimming-pool 0
332.0 907.0 361.0 907.0 361.0 919.0 332.0 919.0 small-vehicle 1
453.0 266.0 529.0 266.0 529.0 350.0 453.0 350.0 harbor 0
183.0 2102.0 218.0 2102.0 218.0 2139.0 183.0 2139.0 harbor 0
180.0 2167.0 216.0 2167.0 216.0 2191.0 180.0 2191.0 harbor 0
191.0 2243.0 250.0 2243.0 250.0 2293.0 191.0 2293.0 harbor 0
389.0 2328.0 442.0 2328.0 442.0 2376.0 389.0 2376.0 harbor 0
2120.0 2415.0 2207.0 2415.0 2207.0 2464.0 2120.0 2464.0 harbor 0
1938.0 2311.0 1994.0 2311.0 1994.0 2379.0 1938.0 2379.0 harbor 0
2002.0 2276.0 2071.0 2276.0 2071.0 2349.0 2002.0 2349.0 harbor 0
2128.0 2219.0 2197.0 2219.0 2197.0 2284.0 2128.0 2284.0 harbor 0
2071.0 2249.0 2141.0 2249.0 2141.0 2318.0 2071.0 2318.0 harbor 0
2212.0 2177.0 2272.0 2177.0 2272.0 2248.0 2212.0 2248.0 harbor 0
2287.0 2137.0 2346.0 2137.0 2346.0 2205.0 2287.0 2205.0 harbor 0
2423.0 2071.0 2486.0 2071.0 2486.0 2139.0 2423.0 2139.0 harbor 0
2482.0 2039.0 2551.0 2039.0 2551.0 2112.0 2482.0 2112.0 harbor 0
2567.0 2005.0 2628.0 2005.0 2628.0 2073.0 2567.0 2073.0 harbor 0
2700.0 2048.0 2778.0 2048.0 2778.0 2127.0 2700.0 2127.0 harbor 0
2641.0 1956.0 2701.0 1956.0 2701.0 2014.0 2641.0 2014.0 harbor 0
2715.0 1851.0 2773.0 1851.0 2773.0 1901.0 2715.0 1901.0 harbor 0
176.0 1983.0 220.0 1983.0 220.0 2016.0 176.0 2016.0 harbor 0
440.0 2012.0 470.0 2012.0 470.0 2051.0 440.0 2051.0 swimming-pool 0
171.0 1888.0 207.0 1888.0 207.0 1930.0 171.0 1930.0 harbor 0
200.0 1049.0 234.0 1049.0 234.0 1090.0 200.0 1090.0 harbor 0
222.0 328.0 266.0 328.0 266.0 381.0 222.0 381.0 harbor 0
219.0 523.0 258.0 523.0 258.0 564.0 219.0 564.0 harbor 0
215.0 616.0 254.0 616.0 254.0 653.0 215.0 653.0 harbor 0
209.0 704.0 249.0 704.0 249.0 756.0 209.0 756.0 harbor 0
201.0 791.0 240.0 791.0 240.0 841.0 201.0 841.0 harbor 0
195.0 878.0 233.0 878.0 233.0 927.0 195.0 927.0 harbor 0
191.0 986.0 236.0 986.0 236.0 1027.0 191.0 1027.0 harbor 0
196.0 1124.0 234.0 1124.0 234.0 1163.0 196.0 1163.0 harbor 0
168.0 1790.0 210.0 1790.0 210.0 1847.0 168.0 1847.0 harbor 0
191.0 1227.0 235.0 1227.0 235.0 1260.0 191.0 1260.0 harbor 0
182.0 1320.0 228.0 1320.0 228.0 1341.0 182.0 1341.0 harbor 0
187.0 1395.0 225.0 1395.0 225.0 1422.0 187.0 1422.0 harbor 0
185.0 1464.0 221.0 1464.0 221.0 1492.0 185.0 1492.0 harbor 0
181.0 1555.0 217.0 1555.0 217.0 1596.0 181.0 1596.0 harbor 0
176.0 1632.0 211.0 1632.0 211.0 1679.0 176.0 1679.0 harbor 0
175.0 1712.0 211.0 1712.0 211.0 1759.0 175.0 1759.0 harbor 0
2858.0 1847.0 2925.0 1847.0 2925.0 1914.0 2858.0 1914.0 harbor 0
2754.0 1790.0 2812.0 1790.0 2812.0 1842.0 2754.0 1842.0 harbor 0
2796.0 1717.0 2860.0 1717.0 2860.0 1783.0 2796.0 1783.0 harbor 0
1067.0 668.0 1144.0 668.0 1144.0 754.0 1067.0 754.0 harbor 0
1616.0 938.0 1683.0 938.0 1683.0 1007.0 1616.0 1007.0 harbor 0
1538.0 900.0 1597.0 900.0 1597.0 968.0 1538.0 968.0 harbor 0
1475.0 872.0 1520.0 872.0 1520.0 935.0 1475.0 935.0 harbor 0
1386.0 831.0 1450.0 831.0 1450.0 902.0 1386.0 902.0 harbor 0
1314.0 799.0 1373.0 799.0 1373.0 865.0 1314.0 865.0 harbor 0
1222.0 751.0 1286.0 751.0 1286.0 820.0 1222.0 820.0 harbor 0
1161.0 717.0 1228.0 717.0 1228.0 790.0 1161.0 790.0 harbor 0
1004.0 629.0 1058.0 629.0 1058.0 695.0 1004.0 695.0 harbor 0
1783.0 1000.0 1850.0 1000.0 1850.0 1072.0 1783.0 1072.0 harbor 0
821.0 607.0 863.0 607.0 863.0 657.0 821.0 657.0 swimming-pool 0
926.0 580.0 989.0 580.0 989.0 650.0 926.0 650.0 harbor 0
828.0 526.0 909.0 526.0 909.0 608.0 828.0 608.0 harbor 0
769.0 483.0 837.0 483.0 837.0 559.0 769.0 559.0 harbor 0
704.0 443.0 774.0 443.0 774.0 523.0 704.0 523.0 harbor 0
635.0 395.0 719.0 395.0 719.0 484.0 635.0 484.0 harbor 0
536.0 326.0 612.0 326.0 612.0 407.0 536.0 407.0 harbor 0
1703.0 964.0 1776.0 964.0 1776.0 1041.0 1703.0 1041.0 harbor 0
1868.0 1034.0 1930.0 1034.0 1930.0 1108.0 1868.0 1108.0 harbor 0
2886.0 1659.0 2943.0 1659.0 2943.0 1725.0 2886.0 1725.0 harbor 0
2662.0 1265.0 2718.0 1265.0 2718.0 1320.0 2662.0 1320.0 harbor 0
3072.0 1713.0 3118.0 1713.0 3118.0 1762.0 3072.0 1762.0 harbor 0
2962.0 1619.0 3010.0 1619.0 3010.0 1659.0 2962.0 1659.0 harbor 0
3165.0 1670.0 3206.0 1670.0 3206.0 1718.0 3165.0 1718.0 harbor 0
3010.0 1540.0 3075.0 1540.0 3075.0 1602.0 3010.0 1602.0 harbor 0
2906.0 1282.0 2975.0 1282.0 2975.0 1359.0 2906.0 1359.0 harbor 0
2834.0 1268.0 2886.0 1268.0 2886.0 1332.0 2834.0 1332.0 harbor 0
2747.0 1256.0 2808.0 1256.0 2808.0 1325.0 2747.0 1325.0 harbor 0
2599.0 1255.0 2647.0 1255.0 2647.0 1319.0 2599.0 1319.0 harbor 0
1977.0 1078.0 2038.0 1078.0 2038.0 1146.0 1977.0 1146.0 harbor 0
2519.0 1251.0 2579.0 1251.0 2579.0 1316.0 2519.0 1316.0 harbor 0
2450.0 1235.0 2509.0 1235.0 2509.0 1306.0 2450.0 1306.0 harbor 0
2349.0 1207.0 2402.0 1207.0 2402.0 1269.0 2349.0 1269.0 harbor 0
2280.0 1184.0 2335.0 1184.0 2335.0 1249.0 2280.0 1249.0 harbor 0
2186.0 1147.0 2247.0 1147.0 2247.0 1226.0 2186.0 1226.0 harbor 0
2116.0 1129.0 2176.0 1129.0 2176.0 1201.0 2116.0 1201.0 harbor 0
2033.0 1094.0 2101.0 1094.0 2101.0 1172.0 2033.0 1172.0 harbor 0
2520.0 1892.0 2544.0 1892.0 2544.0 1911.0 2520.0 1911.0 small-vehicle 1
2487.0 1875.0 2511.0 1875.0 2511.0 1895.0 2487.0 1895.0 small-vehicle 1
2412.0 1898.0 2433.0 1898.0 2433.0 1919.0 2412.0 1919.0 small-vehicle 1
2450.0 1933.0 2471.0 1933.0 2471.0 1948.0 2450.0 1948.0 small-vehicle 1
2253.0 1397.0 2276.0 1397.0 2276.0 1409.0 2253.0 1409.0 small-vehicle 1
2292.0 1443.0 2306.0 1443.0 2306.0 1465.0 2292.0 1465.0 small-vehicle 1
1866.0 1552.0 1880.0 1552.0 1880.0 1575.0 1866.0 1575.0 small-vehicle 1
1857.0 1572.0 1873.0 1572.0 1873.0 1596.0 1857.0 1596.0 small-vehicle 1
1830.0 1626.0 1854.0 1626.0 1854.0 1647.0 1830.0 1647.0 small-vehicle 1
1769.0 1672.0 1792.0 1672.0 1792.0 1685.0 1769.0 1685.0 small-vehicle 1
1869.0 1654.0 1887.0 1654.0 1887.0 1678.0 1869.0 1678.0 small-vehicle 1
1867.0 1633.0 1877.0 1633.0 1877.0 1651.0 1867.0 1651.0 small-vehicle 1
1890.0 1594.0 1912.0 1594.0 1912.0 1614.0 1890.0 1614.0 small-vehicle 1
1895.0 1554.0 1920.0 1554.0 1920.0 1570.0 1895.0 1570.0 small-vehicle 1
1898.0 1529.0 1915.0 1529.0 1915.0 1551.0 1898.0 1551.0 small-vehicle 1
515.0 2460.0 545.0 2460.0 545.0 2474.0 515.0 2474.0 small-vehicle 1
543.0 2478.0 563.0 2478.0 563.0 2492.0 543.0 2492.0 small-vehicle 1
446.0 2487.0 471.0 2487.0 471.0 2501.0 446.0 2501.0 small-vehicle 1
323.0 2505.0 346.0 2505.0 346.0 2516.0 323.0 2516.0 small-vehicle 1
198.0 2524.0 219.0 2524.0 219.0 2534.0 198.0 2534.0 small-vehicle 1
139.0 2504.0 162.0 2504.0 162.0 2513.0 139.0 2513.0 small-vehicle 1
2236.0 1356.0 2260.0 1356.0 2260.0 1370.0 2236.0 1370.0 small-vehicle 1
2168.0 1335.0 2193.0 1335.0 2193.0 1350.0 2168.0 1350.0 small-vehicle 1
2187.0 1377.0 2210.0 1377.0 2210.0 1391.0 2187.0 1391.0 small-vehicle 1
1926.0 1237.0 1941.0 1237.0 1941.0 1259.0 1926.0 1259.0 small-vehicle 1
1773.0 1175.0 1786.0 1175.0 1786.0 1197.0 1773.0 1197.0 small-vehicle 1
1746.0 1220.0 1770.0 1220.0 1770.0 1236.0 1746.0 1236.0 small-vehicle 1
1771.0 1229.0 1795.0 1229.0 1795.0 1245.0 1771.0 1245.0 small-vehicle 1
1850.0 1207.0 1862.0 1207.0 1862.0 1225.0 1850.0 1225.0 small-vehicle 1
1864.0 1214.0 1884.0 1214.0 1884.0 1234.0 1864.0 1234.0 small-vehicle 1
1871.0 1236.0 1897.0 1236.0 1897.0 1251.0 1871.0 1251.0 small-vehicle 1
1903.0 1246.0 1924.0 1246.0 1924.0 1261.0 1903.0 1261.0 small-vehicle 1
1967.0 1269.0 1991.0 1269.0 1991.0 1282.0 1967.0 1282.0 small-vehicle 1
2166.0 1369.0 2190.0 1369.0 2190.0 1385.0 2166.0 1385.0 small-vehicle 1
1980.0 1249.0 1996.0 1249.0 1996.0 1268.0 1980.0 1268.0 small-vehicle 1
2018.0 1285.0 2046.0 1285.0 2046.0 1303.0 2018.0 1303.0 small-vehicle 1
1893.0 1312.0 1909.0 1312.0 1909.0 1334.0 1893.0 1334.0 small-vehicle 1
1884.0 1354.0 1907.0 1354.0 1907.0 1369.0 1884.0 1369.0 small-vehicle 1
1892.0 1367.0 1914.0 1367.0 1914.0 1382.0 1892.0 1382.0 small-vehicle 1
1938.0 1424.0 1954.0 1424.0 1954.0 1443.0 1938.0 1443.0 small-vehicle 1
1958.0 1393.0 1980.0 1393.0 1980.0 1414.0 1958.0 1414.0 small-vehicle 1
1588.0 2517.0 1600.0 2517.0 1600.0 2537.0 1588.0 2537.0 small-vehicle 1
1827.0 2538.0 1847.0 2538.0 1847.0 2561.0 1827.0 2561.0 small-vehicle 1
2388.0 2471.0 2407.0 2471.0 2407.0 2496.0 2388.0 2496.0 small-vehicle 1
3038.0 2557.0 3053.0 2557.0 3053.0 2585.0 3038.0 2585.0 small-vehicle 1
3095.0 2557.0 3115.0 2557.0 3115.0 2569.0 3095.0 2569.0 small-vehicle 1
3087.0 2577.0 3108.0 2577.0 3108.0 2589.0 3087.0 2589.0 small-vehicle 1
3180.0 2550.0 3193.0 2550.0 3193.0 2569.0 3180.0 2569.0 small-vehicle 1
3206.0 2554.0 3217.0 2554.0 3217.0 2574.0 3206.0 2574.0 small-vehicle 1
3158.0 2543.0 3176.0 2543.0 3176.0 2568.0 3158.0 2568.0 large-vehicle 0
3077.0 2396.0 3106.0 2396.0 3106.0 2415.0 3077.0 2415.0 large-vehicle 0
3043.0 2532.0 3055.0 2532.0 3055.0 2553.0 3043.0 2553.0 small-vehicle 1
2979.0 2157.0 3003.0 2157.0 3003.0 2178.0 2979.0 2178.0 small-vehicle 1
3139.0 2537.0 3153.0 2537.0 3153.0 2558.0 3139.0 2558.0 small-vehicle 1
3072.0 2058.0 3093.0 2058.0 3093.0 2080.0 3072.0 2080.0 small-vehicle 1
3122.0 2052.0 3146.0 2052.0 3146.0 2071.0 3122.0 2071.0 small-vehicle 1
3121.0 2021.0 3143.0 2021.0 3143.0 2045.0 3121.0 2045.0 small-vehicle 1
3191.0 1915.0 3212.0 1915.0 3212.0 1940.0 3191.0 1940.0 small-vehicle 1
3200.0 1908.0 3220.0 1908.0 3220.0 1932.0 3200.0 1932.0 small-vehicle 1
2057.0 450.0 2080.0 450.0 2080.0 468.0 2057.0 468.0 small-vehicle 1
1162.0 33.0 1178.0 33.0 1178.0 59.0 1162.0 59.0 small-vehicle 1
3151.0 2539.0 3164.0 2539.0 3164.0 2560.0 3151.0 2560.0 small-vehicle 1
3129.0 2536.0 3144.0 2536.0 3144.0 2557.0 3129.0 2557.0 small-vehicle 1
2411.0 2469.0 2428.0 2469.0 2428.0 2489.0 2411.0 2489.0 small-vehicle 1
2794.0 2163.0 2812.0 2163.0 2812.0 2179.0 2794.0 2179.0 small-vehicle 1
2419.0 2463.0 2437.0 2463.0 2437.0 2485.0 2419.0 2485.0 small-vehicle 1
2469.0 2440.0 2487.0 2440.0 2487.0 2461.0 2469.0 2461.0 small-vehicle 1
2775.0 2317.0 2800.0 2317.0 2800.0 2337.0 2775.0 2337.0 small-vehicle 1
2821.0 2199.0 2843.0 2199.0 2843.0 2219.0 2821.0 2219.0 small-vehicle 1
2811.0 2184.0 2832.0 2184.0 2832.0 2203.0 2811.0 2203.0 small-vehicle 1
2801.0 2178.0 2823.0 2178.0 2823.0 2196.0 2801.0 2196.0 small-vehicle 1
2797.0 2169.0 2818.0 2169.0 2818.0 2186.0 2797.0 2186.0 small-vehicle 1
2771.0 2221.0 2797.0 2221.0 2797.0 2243.0 2771.0 2243.0 small-vehicle 1
3117.0 2533.0 3133.0 2533.0 3133.0 2556.0 3117.0 2556.0 small-vehicle 1
3000.0 2439.0 3023.0 2439.0 3023.0 2460.0 3000.0 2460.0 small-vehicle 1
3145.0 2373.0 3165.0 2373.0 3165.0 2387.0 3145.0 2387.0 small-vehicle 1
3171.0 2307.0 3193.0 2307.0 3193.0 2322.0 3171.0 2322.0 small-vehicle 1
3106.0 2477.0 3126.0 2477.0 3126.0 2490.0 3106.0 2490.0 small-vehicle 1
3126.0 2483.0 3147.0 2483.0 3147.0 2498.0 3126.0 2498.0 small-vehicle 1
3164.0 2494.0 3184.0 2494.0 3184.0 2505.0 3164.0 2505.0 small-vehicle 1
3119.0 2498.0 3143.0 2498.0 3143.0 2512.0 3119.0 2512.0 small-vehicle 1
1738.0 1182.0 1762.0 1182.0 1762.0 1198.0 1738.0 1198.0 small-vehicle 1
1618.0 1166.0 1644.0 1166.0 1644.0 1185.0 1618.0 1185.0 small-vehicle 1
1588.0 1154.0 1617.0 1154.0 1617.0 1176.0 1588.0 1176.0 small-vehicle 1
540.0 1930.0 567.0 1930.0 567.0 1948.0 540.0 1948.0 small-vehicle 0
1184.0 2001.0 1205.0 2001.0 1205.0 2011.0 1184.0 2011.0 small-vehicle 1
1162.0 2001.0 1181.0 2001.0 1181.0 2010.0 1162.0 2010.0 small-vehicle 1
1310.0 2068.0 1321.0 2068.0 1321.0 2088.0 1310.0 2088.0 small-vehicle 1
816.0 1981.0 838.0 1981.0 838.0 1991.0 816.0 1991.0 small-vehicle 1
891.0 2199.0 915.0 2199.0 915.0 2220.0 891.0 2220.0 small-vehicle 1
811.0 2275.0 832.0 2275.0 832.0 2294.0 811.0 2294.0 small-vehicle 1
632.0 1965.0 656.0 1965.0 656.0 1980.0 632.0 1980.0 small-vehicle 0
392.0 2020.0 407.0 2020.0 407.0 2041.0 392.0 2041.0 small-vehicle 0
1158.0 2170.0 1182.0 2170.0 1182.0 2180.0 1158.0 2180.0 small-vehicle 1
529.0 2154.0 544.0 2154.0 544.0 2175.0 529.0 2175.0 small-vehicle 0
744.0 2360.0 765.0 2360.0 765.0 2382.0 744.0 2382.0 small-vehicle 0
774.0 2320.0 796.0 2320.0 796.0 2342.0 774.0 2342.0 small-vehicle 0
641.0 1934.0 666.0 1934.0 666.0 1949.0 641.0 1949.0 small-vehicle 1
566.0 1906.0 591.0 1906.0 591.0 1922.0 566.0 1922.0 small-vehicle 1
336.0 2002.0 349.0 2002.0 349.0 2023.0 336.0 2023.0 small-vehicle 1
541.0 2158.0 555.0 2158.0 555.0 2176.0 541.0 2176.0 small-vehicle 1
1228.0 2004.0 1249.0 2004.0 1249.0 2016.0 1228.0 2016.0 small-vehicle 1
1312.0 2195.0 1338.0 2195.0 1338.0 2210.0 1312.0 2210.0 small-vehicle 1
712.0 2260.0 732.0 2260.0 732.0 2279.0 712.0 2279.0 small-vehicle 1
1905.0 2112.0 1917.0 2112.0 1917.0 2130.0 1905.0 2130.0 small-vehicle 1
2428.0 1943.0 2453.0 1943.0 2453.0 1959.0 2428.0 1959.0 small-vehicle 1
2363.0 1973.0 2386.0 1973.0 2386.0 1990.0 2363.0 1990.0 small-vehicle 1
2016.0 2155.0 2041.0 2155.0 2041.0 2174.0 2016.0 2174.0 small-vehicle 1
1917.0 2193.0 1940.0 2193.0 1940.0 2206.0 1917.0 2206.0 small-vehicle 1
1872.0 2158.0 1895.0 2158.0 1895.0 2170.0 1872.0 2170.0 small-vehicle 1
1921.0 2122.0 1935.0 2122.0 1935.0 2144.0 1921.0 2144.0 small-vehicle 1
1914.0 2105.0 1928.0 2105.0 1928.0 2125.0 1914.0 2125.0 small-vehicle 1
1908.0 2128.0 1924.0 2128.0 1924.0 2149.0 1908.0 2149.0 small-vehicle 1
1385.0 2222.0 1410.0 2222.0 1410.0 2238.0 1385.0 2238.0 small-vehicle 1
1622.0 2118.0 1634.0 2118.0 1634.0 2134.0 1622.0 2134.0 small-vehicle 1
1642.0 2151.0 1667.0 2151.0 1667.0 2165.0 1642.0 2165.0 small-vehicle 1
1718.0 2165.0 1743.0 2165.0 1743.0 2177.0 1718.0 2177.0 small-vehicle 1
1689.0 2206.0 1712.0 2206.0 1712.0 2218.0 1689.0 2218.0 small-vehicle 1
1749.0 2334.0 1759.0 2334.0 1759.0 2353.0 1749.0 2353.0 small-vehicle 1
1449.0 2070.0 1472.0 2070.0 1472.0 2086.0 1449.0 2086.0 small-vehicle 1
1326.0 2059.0 1349.0 2059.0 1349.0 2072.0 1326.0 2072.0 small-vehicle 1
607.0 2199.0 623.0 2199.0 623.0 2220.0 607.0 2220.0 small-vehicle 1
745.0 2392.0 764.0 2392.0 764.0 2411.0 745.0 2411.0 small-vehicle 1
1614.0 1110.0 1631.0 1110.0 1631.0 1131.0 1614.0 1131.0 small-vehicle 1
893.0 766.0 919.0 766.0 919.0 787.0 893.0 787.0 small-vehicle 0
394.0 927.0 406.0 927.0 406.0 948.0 394.0 948.0 small-vehicle 0
484.0 706.0 506.0 706.0 506.0 726.0 484.0 726.0 small-vehicle 0
466.0 669.0 495.0 669.0 495.0 690.0 466.0 690.0 small-vehicle 0
668.0 598.0 686.0 598.0 686.0 620.0 668.0 620.0 small-vehicle 1
675.0 632.0 698.0 632.0 698.0 651.0 675.0 651.0 small-vehicle 1
795.0 708.0 817.0 708.0 817.0 727.0 795.0 727.0 small-vehicle 0
865.0 751.0 890.0 751.0 890.0 770.0 865.0 770.0 small-vehicle 0
1133.0 938.0 1157.0 938.0 1157.0 957.0 1133.0 957.0 small-vehicle 1
421.0 773.0 441.0 773.0 441.0 793.0 421.0 793.0 small-vehicle 1
1249.0 960.0 1275.0 960.0 1275.0 978.0 1249.0 978.0 small-vehicle 1
1230.0 989.0 1256.0 989.0 1256.0 1008.0 1230.0 1008.0 small-vehicle 1
1333.0 1053.0 1352.0 1053.0 1352.0 1077.0 1333.0 1077.0 small-vehicle 1
1344.0 1058.0 1362.0 1058.0 1362.0 1080.0 1344.0 1080.0 small-vehicle 1
1370.0 1058.0 1393.0 1058.0 1393.0 1073.0 1370.0 1073.0 small-vehicle 1
1547.0 1103.0 1569.0 1103.0 1569.0 1119.0 1547.0 1119.0 small-vehicle 1
1573.0 1115.0 1597.0 1115.0 1597.0 1131.0 1573.0 1131.0 small-vehicle 1
397.0 867.0 408.0 867.0 408.0 885.0 397.0 885.0 small-vehicle 0
396.0 897.0 407.0 897.0 407.0 916.0 396.0 916.0 small-vehicle 1
376.0 1687.0 386.0 1687.0 386.0 1706.0 376.0 1706.0 small-vehicle 1
727.0 1368.0 751.0 1368.0 751.0 1382.0 727.0 1382.0 small-vehicle 1
342.0 1407.0 352.0 1407.0 352.0 1426.0 342.0 1426.0 small-vehicle 1
347.0 1227.0 360.0 1227.0 360.0 1247.0 347.0 1247.0 small-vehicle 1
326.0 1263.0 347.0 1263.0 347.0 1272.0 326.0 1272.0 small-vehicle 1
326.0 1253.0 347.0 1253.0 347.0 1263.0 326.0 1263.0 small-vehicle 1
404.0 1188.0 426.0 1188.0 426.0 1214.0 404.0 1214.0 small-vehicle 1
521.0 1275.0 547.0 1275.0 547.0 1292.0 521.0 1292.0 small-vehicle 1
657.0 1346.0 682.0 1346.0 682.0 1361.0 657.0 1361.0 small-vehicle 1
833.0 1402.0 856.0 1402.0 856.0 1416.0 833.0 1416.0 small-vehicle 1
1186.0 1531.0 1205.0 1531.0 1205.0 1552.0 1186.0 1552.0 small-vehicle 1
961.0 1416.0 986.0 1416.0 986.0 1434.0 961.0 1434.0 small-vehicle 1
979.0 1451.0 1003.0 1451.0 1003.0 1465.0 979.0 1465.0 small-vehicle 1
1142.0 1475.0 1167.0 1475.0 1167.0 1492.0 1142.0 1492.0 small-vehicle 1
1092.0 1485.0 1117.0 1485.0 1117.0 1500.0 1092.0 1500.0 small-vehicle 1
1114.0 1492.0 1139.0 1492.0 1139.0 1508.0 1114.0 1508.0 small-vehicle 1
1272.0 1500.0 1292.0 1500.0 1292.0 1511.0 1272.0 1511.0 small-vehicle 1
1266.0 1518.0 1279.0 1518.0 1279.0 1540.0 1266.0 1540.0 small-vehicle 0
95.0 96.0 158.0 96.0 158.0 167.0 95.0 167.0 harbor 0
