imagesource:GoogleEarth
gsd:0.121721381588
3434.0 1485.0 3475.0 1485.0 3475.0 1512.0 3434.0 1512.0 ship 1
3572.0 1427.0 3735.0 1427.0 3735.0 1654.0 3572.0 1654.0 harbor 0
2773.0 1439.0 2828.0 1439.0 2828.0 1663.0 2773.0 1663.0 harbor 0
2849.0 1466.0 2882.0 1466.0 2882.0 1666.0 2849.0 1666.0 harbor 0
2917.0 1444.0 2955.0 1444.0 2955.0 1640.0 2917.0 1640.0 harbor 0
3030.0 1527.0 3063.0 1527.0 3063.0 1693.0 3030.0 1693.0 harbor 0
3142.0 1440.0 3201.0 1440.0 3201.0 1647.0 3142.0 1647.0 harbor 0
3181.0 1465.0 3303.0 1465.0 3303.0 1700.0 3181.0 1700.0 harbor 0
3325.0 1538.0 3356.0 1538.0 3356.0 1722.0 3325.0 1722.0 harbor 0
3423.0 1485.0 3532.0 1485.0 3532.0 1666.0 3423.0 1666.0 harbor 0
3844.0 1430.0 3905.0 1430.0 3905.0 1640.0 3844.0 1640.0 harbor 0
2587.0 1421.0 2646.0 1421.0 2646.0 1660.0 2587.0 1660.0 harbor 0
4007.0 1465.0 4073.0 1465.0 4073.0 1626.0 4007.0 1626.0 harbor 0
4133.0 1348.0 4168.0 1348.0 4168.0 1538.0 4133.0 1538.0 harbor 0
4192.0 1361.0 4299.0 1361.0 4299.0 1591.0 4192.0 1591.0 harbor 0
4465.0 1357.0 4551.0 1357.0 4551.0 1676.0 4465.0 1676.0 harbor 0
290.0 268.0 382.0 268.0 382.0 331.0 290.0 331.0 ship 0
438.0 370.0 499.0 370.0 499.0 417.0 438.0 417.0 ship 0
578.0 483.0 649.0 483.0 649.0 534.0 578.0 534.0 ship 0
1452.0 941.0 1528.0 941.0 1528.0 998.0 1452.0 998.0 ship 0
2658.0 1362.0 2729.0 1362.0 2729.0 1616.0 2658.0 1616.0 harbor 0
2517.0 1406.0 2557.0 1406.0 2557.0 1631.0 2517.0 1631.0 harbor 0
1649.0 28.0 1750.0 28.0 1750.0 135.0 1649.0 135.0 storage-tank 0
1132.0 950.0 1225.0 950.0 1225.0 1107.0 1132.0 1107.0 harbor 0
674.0 572.0 832.0 572.0 832.0 736.0 674.0 736.0 harbor 0
771.0 620.0 933.0 620.0 933.0 777.0 771.0 777.0 harbor 0
794.0 695.0 953.0 695.0 953.0 905.0 794.0 905.0 harbor 0
258.0 276.0 581.0 276.0 581.0 505.0 258.0 505.0 harbor 0
853.0 778.0 994.0 778.0 994.0 953.0 853.0 953.0 harbor 0
927.0 854.0 1036.0 854.0 1036.0 1005.0 927.0 1005.0 harbor 0
974.0 834.0 1119.0 834.0 1119.0 1034.0 974.0 1034.0 harbor 0
1056.0 872.0 1205.0 872.0 1205.0 1089.0 1056.0 1089.0 harbor 0
1186.0 876.0 1382.0 876.0 1382.0 1118.0 1186.0 1118.0 harbor 0
2455.0 1369.0 2500.0 1369.0 2500.0 1650.0 2455.0 1650.0 harbor 0
1209.0 985.0 1405.0 985.0 1405.0 1360.0 1209.0 1360.0 harbor 0
1279.0 947.0 1517.0 947.0 1517.0 1280.0 1279.0 1280.0 harbor 0
1416.0 1010.0 1611.0 1010.0 1611.0 1289.0 1416.0 1289.0 harbor 0
1503.0 1052.0 1673.0 1052.0 1673.0 1312.0 1503.0 1312.0 harbor 0
1654.0 1123.0 1763.0 1123.0 1763.0 1333.0 1654.0 1333.0 harbor 0
1730.0 1212.0 1854.0 1212.0 1854.0 1470.0 1730.0 1470.0 harbor 0
1825.0 1242.0 1978.0 1242.0 1978.0 1518.0 1825.0 1518.0 harbor 0
2259.0 1394.0 2335.0 1394.0 2335.0 1634.0 2259.0 1634.0 harbor 0
1532.0 987.0 1593.0 987.0 1593.0 1033.0 1532.0 1033.0 ship 0
1505.0 1081.0 1554.0 1081.0 1554.0 1143.0 1505.0 1143.0 ship 0
1817.0 1344.0 1872.0 1344.0 1872.0 1439.0 1817.0 1439.0 ship 0
2062.0 82.0 2108.0 82.0 2108.0 125.0 2062.0 125.0 small-vehicle 0
1900.0 1297.0 1927.0 1297.0 1927.0 1334.0 1900.0 1334.0 ship 0
2896.0 1449.0 2929.0 1449.0 2929.0 1495.0 2896.0 1495.0 ship 0
2454.0 1377.0 2474.0 1377.0 2474.0 1417.0 2454.0 1417.0 ship 0
3811.0 1236.0 3849.0 1236.0 3849.0 1254.0 3811.0 1254.0 ship 0
2025.0 216.0 2063.0 216.0 2063.0 271.0 2025.0 271.0 small-vehicle 0
1933.0 70.0 1956.0 70.0 1956.0 117.0 1933.0 117.0 small-vehicle 0
2031.0 48.0 2078.0 48.0 2078.0 94.0 2031.0 94.0 small-vehicle 0
2049.0 63.0 2097.0 63.0 2097.0 107.0 2049.0 107.0 small-vehicle 0
2143.0 107.0 2188.0 107.0 2188.0 150.0 2143.0 150.0 small-vehicle 0
1924.0 1479.0 1971.0 1479.0 1971.0 1549.0 1924.0 1549.0 ship 0
2071.0 19.0 2120.0 19.0 2120.0 62.0 2071.0 62.0 small-vehicle 0
2226.0 44.0 2277.0 44.0 2277.0 90.0 2226.0 90.0 small-vehicle 0
2202.0 178.0 2231.0 178.0 2231.0 225.0 2202.0 225.0 small-vehicle 0
2233.0 167.0 2279.0 167.0 2279.0 211.0 2233.0 211.0 small-vehicle 0
2263.0 144.0 2304.0 144.0 2304.0 186.0 2263.0 186.0 small-vehicle 0
2494.0 38.0 2537.0 38.0 2537.0 81.0 2494.0 81.0 small-vehicle 0
2119.0 204.0 2150.0 204.0 2150.0 248.0 2119.0 248.0 small-vehicle 0
2075.0 213.0 2104.0 213.0 2104.0 261.0 2075.0 261.0 small-vehicle 0
1921.0 1426.0 1948.0 1426.0 1948.0 1467.0 1921.0 1467.0 ship 0
1849.0 1301.0 1890.0 1301.0 1890.0 1349.0 1849.0 1349.0 ship 0
52.0 1665.0 73.0 1665.0 73.0 1702.0 52.0 1702.0 small-vehicle 0
71.0 1743.0 97.0 1743.0 97.0 1787.0 71.0 1787.0 small-vehicle 0
2289.0 1390.0 2315.0 1390.0 2315.0 1457.0 2289.0 1457.0 ship 0
2272.0 1461.0 2305.0 1461.0 2305.0 1522.0 2272.0 1522.0 ship 0
2396.0 1431.0 2421.0 1431.0 2421.0 1500.0 2396.0 1500.0 ship 0
2431.0 1441.0 2458.0 1441.0 2458.0 1507.0 2431.0 1507.0 ship 0
2562.0 1419.0 2610.0 1419.0 2610.0 1506.0 2562.0 1506.0 ship 0
2616.0 1425.0 2646.0 1425.0 2646.0 1486.0 2616.0 1486.0 ship 0
2701.0 1408.0 2734.0 1408.0 2734.0 1476.0 2701.0 1476.0 ship 0
3605.0 1401.0 3686.0 1401.0 3686.0 1444.0 3605.0 1444.0 ship 0
4103.0 1314.0 4171.0 1314.0 4171.0 1353.0 4103.0 1353.0 ship 0
760.0 553.0 831.0 553.0 831.0 626.0 760.0 626.0 ship 0
865.0 645.0 933.0 645.0 933.0 708.0 865.0 708.0 ship 0
1381.0 431.0 1462.0 431.0 1462.0 469.0 1381.0 469.0 ship 0
1663.0 279.0 1701.0 279.0 1701.0 301.0 1663.0 301.0 ship 0
1706.0 290.0 1733.0 290.0 1733.0 308.0 1706.0 308.0 ship 0
1738.0 292.0 1769.0 292.0 1769.0 313.0 1738.0 313.0 ship 0
1780.0 282.0 1843.0 282.0 1843.0 316.0 1780.0 316.0 ship 0
23.0 1707.0 46.0 1707.0 46.0 1761.0 23.0 1761.0 small-vehicle 0
477.0 504.0 720.0 504.0 720.0 774.0 477.0 774.0 harbor 0
