imagesource:GoogleEarth
gsd:0.268437342159
656.0 186.0 679.0 186.0 679.0 215.0 656.0 215.0 ship 0
1548.0 1953.0 1599.0 1953.0 1599.0 1992.0 1548.0 1992.0 ship 0
1521.0 1897.0 1557.0 1897.0 1557.0 1926.0 1521.0 1926.0 ship 0
1534.0 1914.0 1570.0 1914.0 1570.0 1945.0 1534.0 1945.0 ship 0
1477.0 1953.0 1516.0 1953.0 1516.0 1985.0 1477.0 1985.0 ship 0
1499.0 1990.0 1544.0 1990.0 1544.0 2027.0 1499.0 2027.0 ship 0
1538.0 1934.0 1586.0 1934.0 1586.0 1974.0 1538.0 1974.0 ship 0
1513.0 2022.0 1547.0 2022.0 1547.0 2048.0 1513.0 2048.0 ship 0
1571.0 1980.0 1609.0 1980.0 1609.0 2010.0 1571.0 2010.0 ship 0
1677.0 1788.0 1705.0 1788.0 1705.0 1811.0 1677.0 1811.0 ship 0
1547.0 2006.0 1608.0 2006.0 1608.0 2056.0 1547.0 2056.0 ship 0
1682.0 1901.0 1732.0 1901.0 1732.0 1941.0 1682.0 1941.0 ship 0
1707.0 1839.0 1745.0 1839.0 1745.0 1871.0 1707.0 1871.0 ship 0
1653.0 1862.0 1702.0 1862.0 1702.0 1900.0 1653.0 1900.0 ship 0
1696.0 1820.0 1732.0 1820.0 1732.0 1850.0 1696.0 1850.0 ship 0
1684.0 1803.0 1722.0 1803.0 1722.0 1833.0 1684.0 1833.0 ship 0
1461.0 1933.0 1501.0 1933.0 1501.0 1968.0 1461.0 1968.0 ship 0
1506.0 1876.0 1547.0 1876.0 1547.0 1909.0 1506.0 1909.0 ship 0
1446.0 1910.0 1497.0 1910.0 1497.0 1951.0 1446.0 1951.0 ship 0
1454.0 1893.0 1486.0 1893.0 1486.0 1919.0 1454.0 1919.0 ship 0
1488.0 1855.0 1537.0 1855.0 1537.0 1894.0 1488.0 1894.0 ship 0
1477.0 1836.0 1524.0 1836.0 1524.0 1875.0 1477.0 1875.0 ship 0
1406.0 1851.0 1457.0 1851.0 1457.0 1892.0 1406.0 1892.0 ship 0
1463.0 1815.0 1514.0 1815.0 1514.0 1855.0 1463.0 1855.0 ship 0
1458.0 1796.0 1498.0 1796.0 1498.0 1831.0 1458.0 1831.0 ship 0
1446.0 1781.0 1486.0 1781.0 1486.0 1813.0 1446.0 1813.0 ship 0
1407.0 1829.0 1447.0 1829.0 1447.0 1863.0 1407.0 1863.0 ship 0
1050.0 1675.0 1103.0 1675.0 1103.0 1715.0 1050.0 1715.0 ship 0
1092.0 1739.0 1132.0 1739.0 1132.0 1773.0 1092.0 1773.0 ship 0
1102.0 1755.0 1157.0 1755.0 1157.0 1800.0 1102.0 1800.0 ship 0
1132.0 1803.0 1168.0 1803.0 1168.0 1831.0 1132.0 1831.0 ship 0
1151.0 1819.0 1192.0 1819.0 1192.0 1852.0 1151.0 1852.0 ship 0
1166.0 1839.0 1203.0 1839.0 1203.0 1869.0 1166.0 1869.0 ship 0
1618.0 1807.0 1658.0 1807.0 1658.0 1838.0 1618.0 1838.0 ship 0
1668.0 1768.0 1697.0 1768.0 1697.0 1790.0 1668.0 1790.0 ship 0
1164.0 1859.0 1217.0 1859.0 1217.0 1901.0 1164.0 1901.0 ship 0
1113.0 758.0 1135.0 758.0 1135.0 784.0 1113.0 784.0 ship 0
889.0 705.0 920.0 705.0 920.0 745.0 889.0 745.0 ship 0
917.0 750.0 943.0 750.0 943.0 783.0 917.0 783.0 ship 0
906.0 697.0 936.0 697.0 936.0 734.0 906.0 734.0 ship 0
946.0 687.0 969.0 687.0 969.0 715.0 946.0 715.0 ship 0
962.0 714.0 991.0 714.0 991.0 753.0 962.0 753.0 ship 0
977.0 707.0 1004.0 707.0 1004.0 744.0 977.0 744.0 ship 0
1085.0 772.0 1109.0 772.0 1109.0 802.0 1085.0 802.0 ship 0
1620.0 1788.0 1652.0 1788.0 1652.0 1814.0 1620.0 1814.0 ship 0
1042.0 796.0 1066.0 796.0 1066.0 827.0 1042.0 827.0 ship 0
1030.0 806.0 1055.0 806.0 1055.0 840.0 1030.0 840.0 ship 0
1015.0 811.0 1042.0 811.0 1042.0 848.0 1015.0 848.0 ship 0
1000.0 818.0 1030.0 818.0 1030.0 858.0 1000.0 858.0 ship 0
975.0 837.0 1004.0 837.0 1004.0 875.0 975.0 875.0 ship 0
955.0 843.0 988.0 843.0 988.0 884.0 955.0 884.0 ship 0
851.0 766.0 902.0 766.0 902.0 808.0 851.0 808.0 ship 0
829.0 735.0 893.0 735.0 893.0 787.0 829.0 787.0 ship 0
734.0 837.0 797.0 837.0 797.0 894.0 734.0 894.0 ship 0
704.0 813.0 778.0 813.0 778.0 865.0 704.0 865.0 ship 0
253.0 205.0 308.0 205.0 308.0 274.0 253.0 274.0 ship 0
221.0 422.0 262.0 422.0 262.0 456.0 221.0 456.0 ship 0
1440.0 1437.0 1483.0 1437.0 1483.0 1472.0 1440.0 1472.0 ship 0
1373.0 1431.0 1440.0 1431.0 1440.0 1481.0 1373.0 1481.0 ship 0
1483.0 1510.0 1529.0 1510.0 1529.0 1547.0 1483.0 1547.0 ship 0
1548.0 1606.0 1586.0 1606.0 1586.0 1636.0 1548.0 1636.0 ship 0
1360.0 1679.0 1412.0 1679.0 1412.0 1720.0 1360.0 1720.0 ship 0
1355.0 1664.0 1393.0 1664.0 1393.0 1695.0 1355.0 1695.0 ship 0
1615.0 1695.0 1657.0 1695.0 1657.0 1728.0 1615.0 1728.0 ship 0
1633.0 1714.0 1666.0 1714.0 1666.0 1741.0 1633.0 1741.0 ship 0
1568.0 1728.0 1607.0 1728.0 1607.0 1760.0 1568.0 1760.0 ship 0
1593.0 1763.0 1639.0 1763.0 1639.0 1801.0 1593.0 1801.0 ship 0
1654.0 1751.0 1689.0 1751.0 1689.0 1780.0 1654.0 1780.0 ship 0
1222.0 1825.0 1270.0 1825.0 1270.0 1862.0 1222.0 1862.0 ship 0
1183.0 1883.0 1225.0 1883.0 1225.0 1916.0 1183.0 1916.0 ship 0
1966.0 2927.0 2009.0 2927.0 2009.0 2959.0 1966.0 2959.0 ship 0
1601.0 2529.0 1642.0 2529.0 1642.0 2561.0 1601.0 2561.0 ship 0
1653.0 2623.0 1696.0 2623.0 1696.0 2658.0 1653.0 2658.0 ship 0
1641.0 2603.0 1688.0 2603.0 1688.0 2640.0 1641.0 2640.0 ship 0
1608.0 2610.0 1633.0 2610.0 1633.0 2638.0 1608.0 2638.0 ship 0
1622.0 2565.0 1668.0 2565.0 1668.0 2601.0 1622.0 2601.0 ship 0
1609.0 2546.0 1656.0 2546.0 1656.0 2583.0 1609.0 2583.0 ship 0
1578.0 2556.0 1598.0 2556.0 1598.0 2582.0 1578.0 2582.0 ship 0
1585.0 2509.0 1632.0 2509.0 1632.0 2547.0 1585.0 2547.0 ship 0
1612.0 2343.0 1646.0 2343.0 1646.0 2387.0 1612.0 2387.0 ship 0
1575.0 2494.0 1617.0 2494.0 1617.0 2527.0 1575.0 2527.0 ship 0
1552.0 2519.0 1575.0 2519.0 1575.0 2546.0 1552.0 2546.0 ship 0
1709.0 2297.0 1741.0 2297.0 1741.0 2337.0 1709.0 2337.0 ship 0
1684.0 2298.0 1722.0 2298.0 1722.0 2344.0 1684.0 2344.0 ship 0
1668.0 2311.0 1704.0 2311.0 1704.0 2358.0 1668.0 2358.0 ship 0
1649.0 2321.0 1689.0 2321.0 1689.0 2370.0 1649.0 2370.0 ship 0
1625.0 2638.0 1657.0 2638.0 1657.0 2680.0 1625.0 2680.0 ship 0
1664.0 2638.0 1715.0 2638.0 1715.0 2677.0 1664.0 2677.0 ship 0
1676.0 2657.0 1727.0 2657.0 1727.0 2695.0 1676.0 2695.0 ship 0
1686.0 2675.0 1739.0 2675.0 1739.0 2714.0 1686.0 2714.0 ship 0
1704.0 2708.0 1757.0 2708.0 1757.0 2750.0 1704.0 2750.0 ship 0
1721.0 2729.0 1763.0 2729.0 1763.0 2762.0 1721.0 2762.0 ship 0
1728.0 2748.0 1774.0 2748.0 1774.0 2783.0 1728.0 2783.0 ship 0
1738.0 2765.0 1786.0 2765.0 1786.0 2802.0 1738.0 2802.0 ship 0
1753.0 2785.0 1795.0 2785.0 1795.0 2821.0 1753.0 2821.0 ship 0
1766.0 2802.0 1810.0 2802.0 1810.0 2840.0 1766.0 2840.0 ship 0
1784.0 2818.0 1829.0 2818.0 1829.0 2852.0 1784.0 2852.0 ship 0
1783.0 2841.0 1835.0 2841.0 1835.0 2881.0 1783.0 2881.0 ship 0
1792.0 2858.0 1845.0 2858.0 1845.0 2900.0 1792.0 2900.0 ship 0
1807.0 2880.0 1855.0 2880.0 1855.0 2917.0 1807.0 2917.0 ship 0
1821.0 2900.0 1873.0 2900.0 1873.0 2939.0 1821.0 2939.0 ship 0
1837.0 2921.0 1884.0 2921.0 1884.0 2958.0 1837.0 2958.0 ship 0
1846.0 2939.0 1898.0 2939.0 1898.0 2981.0 1846.0 2981.0 ship 0
1629.0 2330.0 1668.0 2330.0 1668.0 2377.0 1629.0 2377.0 ship 0
1593.0 2353.0 1629.0 2353.0 1629.0 2398.0 1593.0 2398.0 ship 0
1250.0 1866.0 1289.0 1866.0 1289.0 1898.0 1250.0 1898.0 ship 0
1317.0 1975.0 1353.0 1975.0 1353.0 2006.0 1317.0 2006.0 ship 0
1366.0 2046.0 1407.0 2046.0 1407.0 2079.0 1366.0 2079.0 ship 0
1349.0 2028.0 1393.0 2028.0 1393.0 2065.0 1349.0 2065.0 ship 0
1287.0 2045.0 1327.0 2045.0 1327.0 2079.0 1287.0 2079.0 ship 0
1337.0 2008.0 1382.0 2008.0 1382.0 2045.0 1337.0 2045.0 ship 0
1259.0 2008.0 1302.0 2008.0 1302.0 2041.0 1259.0 2041.0 ship 0
1326.0 1992.0 1366.0 1992.0 1366.0 2023.0 1326.0 2023.0 ship 0
1300.0 1951.0 1340.0 1951.0 1340.0 1983.0 1300.0 1983.0 ship 0
1575.0 2367.0 1612.0 2367.0 1612.0 2414.0 1575.0 2414.0 ship 0
1284.0 1927.0 1335.0 1927.0 1335.0 1970.0 1284.0 1970.0 ship 0
1237.0 1972.0 1273.0 1972.0 1273.0 2000.0 1237.0 2000.0 ship 0
1220.0 1946.0 1267.0 1946.0 1267.0 1983.0 1220.0 1983.0 ship 0
1260.0 1895.0 1300.0 1895.0 1300.0 1926.0 1260.0 1926.0 ship 0
1202.0 1924.0 1254.0 1924.0 1254.0 1965.0 1202.0 1965.0 ship 0
1196.0 1903.0 1237.0 1903.0 1237.0 1936.0 1196.0 1936.0 ship 0
1292.0 2066.0 1339.0 2066.0 1339.0 2103.0 1292.0 2103.0 ship 0
1318.0 2105.0 1359.0 2105.0 1359.0 2137.0 1318.0 2137.0 ship 0
1371.0 2070.0 1418.0 2070.0 1418.0 2108.0 1371.0 2108.0 ship 0
1381.0 2087.0 1434.0 2087.0 1434.0 2128.0 1381.0 2128.0 ship 0
1394.0 2112.0 1441.0 2112.0 1441.0 2148.0 1394.0 2148.0 ship 0
1347.0 2141.0 1390.0 2141.0 1390.0 2177.0 1347.0 2177.0 ship 0
1364.0 2144.0 1432.0 2144.0 1432.0 2197.0 1364.0 2197.0 ship 0
1701.0 2207.0 1717.0 2207.0 1717.0 2237.0 1701.0 2237.0 ship 0
1684.0 2210.0 1704.0 2210.0 1704.0 2243.0 1684.0 2243.0 ship 0
1667.0 2220.0 1684.0 2220.0 1684.0 2257.0 1667.0 2257.0 ship 0
1673.0 2271.0 1708.0 2271.0 1708.0 2299.0 1673.0 2299.0 ship 0
1642.0 2226.0 1669.0 2226.0 1669.0 2262.0 1642.0 2262.0 ship 0
1630.0 2239.0 1648.0 2239.0 1648.0 2265.0 1630.0 2265.0 ship 0
1610.0 2232.0 1636.0 2232.0 1636.0 2267.0 1610.0 2267.0 ship 0
1618.0 2192.0 1645.0 2192.0 1645.0 2209.0 1618.0 2209.0 ship 0
1641.0 2172.0 1666.0 2172.0 1666.0 2199.0 1641.0 2199.0 ship 0
1555.0 2377.0 1590.0 2377.0 1590.0 2425.0 1555.0 2425.0 ship 0
940.0 854.0 972.0 854.0 972.0 896.0 940.0 896.0 ship 0
923.0 864.0 952.0 864.0 952.0 902.0 923.0 902.0 ship 0
845.0 907.0 881.0 907.0 881.0 952.0 845.0 952.0 ship 0
949.0 1489.0 997.0 1489.0 997.0 1524.0 949.0 1524.0 ship 0
824.0 1285.0 880.0 1285.0 880.0 1330.0 824.0 1330.0 ship 0
867.0 1352.0 922.0 1352.0 922.0 1394.0 867.0 1394.0 ship 0
851.0 1332.0 900.0 1332.0 900.0 1371.0 851.0 1371.0 ship 0
899.0 1275.0 950.0 1275.0 950.0 1316.0 899.0 1316.0 ship 0
954.0 1354.0 1000.0 1354.0 1000.0 1393.0 954.0 1393.0 ship 0
1048.0 1516.0 1090.0 1516.0 1090.0 1550.0 1048.0 1550.0 ship 0
910.0 1435.0 978.0 1435.0 978.0 1488.0 910.0 1488.0 ship 0
1458.0 1232.0 1504.0 1232.0 1504.0 1268.0 1458.0 1268.0 ship 0
1369.0 1320.0 1407.0 1320.0 1407.0 1353.0 1369.0 1353.0 ship 0
1548.0 1362.0 1602.0 1362.0 1602.0 1414.0 1548.0 1414.0 ship 0
1518.0 1327.0 1565.0 1327.0 1565.0 1364.0 1518.0 1364.0 ship 0
1503.0 1309.0 1550.0 1309.0 1550.0 1346.0 1503.0 1346.0 ship 0
1491.0 1292.0 1532.0 1292.0 1532.0 1324.0 1491.0 1324.0 ship 0
1479.0 1270.0 1526.0 1270.0 1526.0 1309.0 1479.0 1309.0 ship 0
879.0 887.0 935.0 887.0 935.0 938.0 879.0 938.0 ship 0
922.0 923.0 946.0 923.0 946.0 953.0 922.0 953.0 ship 0
681.0 663.0 737.0 663.0 737.0 707.0 681.0 707.0 ship 0
741.0 679.0 768.0 679.0 768.0 712.0 741.0 712.0 ship 0
756.0 674.0 779.0 674.0 779.0 704.0 756.0 704.0 ship 0
785.0 665.0 809.0 665.0 809.0 692.0 785.0 692.0 ship 0
794.0 647.0 822.0 647.0 822.0 676.0 794.0 676.0 ship 0
824.0 629.0 850.0 629.0 850.0 661.0 824.0 661.0 ship 0
691.0 692.0 740.0 692.0 740.0 734.0 691.0 734.0 ship 0
631.0 728.0 686.0 728.0 686.0 778.0 631.0 778.0 ship 0
629.0 706.0 655.0 706.0 655.0 737.0 629.0 737.0 ship 0
608.0 715.0 634.0 715.0 634.0 749.0 608.0 749.0 ship 0
587.0 739.0 636.0 739.0 636.0 795.0 587.0 795.0 ship 0
627.0 584.0 652.0 584.0 652.0 615.0 627.0 615.0 ship 0
467.0 471.0 523.0 471.0 523.0 516.0 467.0 516.0 ship 0
504.0 490.0 544.0 490.0 544.0 524.0 504.0 524.0 ship 0
532.0 453.0 562.0 453.0 562.0 478.0 532.0 478.0 ship 0
1479.0 1253.0 1514.0 1253.0 1514.0 1278.0 1479.0 1278.0 ship 0
1444.0 1213.0 1492.0 1213.0 1492.0 1252.0 1444.0 1252.0 ship 0
817.0 930.0 850.0 930.0 850.0 971.0 817.0 971.0 ship 0
722.0 1100.0 1107.0 1100.0 1107.0 1607.0 722.0 1607.0 harbor 0
1042.0 1631.0 1297.0 1631.0 1297.0 1943.0 1042.0 1943.0 harbor 0
1214.0 1525.0 1460.0 1525.0 1460.0 1834.0 1214.0 1834.0 harbor 0
1377.0 1424.0 1623.0 1424.0 1623.0 1729.0 1377.0 1729.0 harbor 0
1323.0 1013.0 1592.0 1013.0 1592.0 1394.0 1323.0 1394.0 harbor 0
1065.0 922.0 1416.0 922.0 1416.0 1394.0 1065.0 1394.0 harbor 0
905.0 997.0 1268.0 997.0 1268.0 1492.0 905.0 1492.0 harbor 0
652.0 745.0 1168.0 745.0 1168.0 1105.0 652.0 1105.0 harbor 0
1438.0 1197.0 1481.0 1197.0 1481.0 1231.0 1438.0 1231.0 ship 0
669.0 632.0 1061.0 632.0 1061.0 920.0 669.0 920.0 harbor 0
599.0 500.0 994.0 500.0 994.0 791.0 599.0 791.0 harbor 0
523.0 375.0 929.0 375.0 929.0 676.0 523.0 676.0 harbor 0
456.0 266.0 859.0 266.0 859.0 556.0 456.0 556.0 harbor 0
682.0 29.0 798.0 29.0 798.0 107.0 682.0 107.0 harbor 0
369.0 133.0 780.0 133.0 780.0 430.0 369.0 430.0 harbor 0
1551.0 1676.0 1765.0 1676.0 1765.0 1933.0 1551.0 1933.0 harbor 0
1382.0 1775.0 1621.0 1775.0 1621.0 2062.0 1382.0 2062.0 harbor 0
1205.0 1884.0 1457.0 1884.0 1457.0 2192.0 1205.0 2192.0 harbor 0
1709.0 2476.0 2047.0 2476.0 2047.0 2954.0 1709.0 2954.0 harbor 0
1822.0 2404.0 2145.0 2404.0 2145.0 2883.0 1822.0 2883.0 harbor 0
1560.0 2488.0 1925.0 2488.0 1925.0 3029.0 1560.0 3029.0 harbor 0
1556.0 2272.0 1756.0 2272.0 1756.0 2427.0 1556.0 2427.0 harbor 0
1146.0 1080.0 1195.0 1080.0 1195.0 1120.0 1146.0 1120.0 ship 0
1328.0 1025.0 1374.0 1025.0 1374.0 1063.0 1328.0 1063.0 ship 0
1335.0 1045.0 1386.0 1045.0 1386.0 1085.0 1335.0 1085.0 ship 0
1354.0 1072.0 1391.0 1072.0 1391.0 1103.0 1354.0 1103.0 ship 0
1368.0 1086.0 1405.0 1086.0 1405.0 1117.0 1368.0 1117.0 ship 0
1375.0 1102.0 1419.0 1102.0 1419.0 1137.0 1375.0 1137.0 ship 0
1385.0 1122.0 1431.0 1122.0 1431.0 1159.0 1385.0 1159.0 ship 0
1402.0 1146.0 1440.0 1146.0 1440.0 1175.0 1402.0 1175.0 ship 0
1411.0 1159.0 1453.0 1159.0 1453.0 1191.0 1411.0 1191.0 ship 0
1423.0 1179.0 1462.0 1179.0 1462.0 1211.0 1423.0 1211.0 ship 0
599.0 417.0 664.0 417.0 664.0 468.0 599.0 468.0 ship 0
566.0 389.0 649.0 389.0 649.0 453.0 566.0 453.0 ship 0
639.0 370.0 688.0 370.0 688.0 410.0 639.0 410.0 ship 0
453.0 792.0 488.0 792.0 488.0 820.0 453.0 820.0 ship 0
499.0 875.0 529.0 875.0 529.0 899.0 499.0 899.0 ship 0
514.0 884.0 554.0 884.0 554.0 916.0 514.0 916.0 ship 0
464.0 871.0 505.0 871.0 505.0 925.0 464.0 925.0 ship 0
486.0 841.0 519.0 841.0 519.0 870.0 486.0 870.0 ship 0
477.0 828.0 509.0 828.0 509.0 854.0 477.0 854.0 ship 0
466.0 807.0 497.0 807.0 497.0 831.0 466.0 831.0 ship 0
417.0 730.0 456.0 730.0 456.0 763.0 417.0 763.0 ship 0
695.0 371.0 736.0 371.0 736.0 403.0 695.0 403.0 ship 0
361.0 712.0 402.0 712.0 402.0 764.0 361.0 764.0 ship 0
375.0 670.0 405.0 670.0 405.0 695.0 375.0 695.0 ship 0
307.0 622.0 352.0 622.0 352.0 681.0 307.0 681.0 ship 0
244.0 520.0 282.0 520.0 282.0 570.0 244.0 570.0 ship 0
239.0 453.0 287.0 453.0 287.0 488.0 239.0 488.0 ship 0
199.0 454.0 244.0 454.0 244.0 514.0 199.0 514.0 ship 0
539.0 919.0 571.0 919.0 571.0 947.0 539.0 947.0 ship 0
550.0 934.0 577.0 934.0 577.0 957.0 550.0 957.0 ship 0
564.0 965.0 598.0 965.0 598.0 992.0 564.0 992.0 ship 0
544.0 998.0 588.0 998.0 588.0 1052.0 544.0 1052.0 ship 0
574.0 983.0 607.0 983.0 607.0 1009.0 574.0 1009.0 ship 0
591.0 1012.0 627.0 1012.0 627.0 1040.0 591.0 1040.0 ship 0
600.0 1026.0 634.0 1026.0 634.0 1053.0 600.0 1053.0 ship 0
616.0 1046.0 644.0 1046.0 644.0 1070.0 616.0 1070.0 ship 0
583.0 1056.0 624.0 1056.0 624.0 1111.0 583.0 1111.0 ship 0
632.0 1065.0 675.0 1065.0 675.0 1100.0 632.0 1100.0 ship 0
691.0 1001.0 725.0 1001.0 725.0 1044.0 691.0 1044.0 ship 0
710.0 987.0 748.0 987.0 748.0 1038.0 710.0 1038.0 ship 0
728.0 974.0 765.0 974.0 765.0 1021.0 728.0 1021.0 ship 0
755.0 968.0 789.0 968.0 789.0 1011.0 755.0 1011.0 ship 0
770.0 957.0 803.0 957.0 803.0 1000.0 770.0 1000.0 ship 0
790.0 953.0 816.0 953.0 816.0 986.0 790.0 986.0 ship 0
800.0 935.0 837.0 935.0 837.0 983.0 800.0 983.0 ship 0
435.0 362.0 470.0 362.0 470.0 390.0 435.0 390.0 ship 0
438.0 312.0 470.0 312.0 470.0 350.0 438.0 350.0 ship 0
350.0 358.0 407.0 358.0 407.0 434.0 350.0 434.0 ship 0
680.0 548.0 709.0 548.0 709.0 584.0 680.0 584.0 ship 0
700.0 324.0 756.0 324.0 756.0 367.0 700.0 367.0 ship 0
778.0 318.0 816.0 318.0 816.0 350.0 778.0 350.0 ship 0
875.0 378.0 902.0 378.0 902.0 413.0 875.0 413.0 ship 0
860.0 391.0 886.0 391.0 886.0 422.0 860.0 422.0 ship 0
883.0 424.0 907.0 424.0 907.0 456.0 883.0 456.0 ship 0
857.0 441.0 883.0 441.0 883.0 473.0 857.0 473.0 ship 0
830.0 456.0 854.0 456.0 854.0 489.0 830.0 489.0 ship 0
822.0 416.0 847.0 416.0 847.0 447.0 822.0 447.0 ship 0
832.0 403.0 860.0 403.0 860.0 439.0 832.0 439.0 ship 0
794.0 431.0 820.0 431.0 820.0 465.0 794.0 465.0 ship 0
804.0 479.0 825.0 479.0 825.0 506.0 804.0 506.0 ship 0
768.0 449.0 793.0 449.0 793.0 482.0 768.0 482.0 ship 0
741.0 465.0 766.0 465.0 766.0 498.0 741.0 498.0 ship 0
736.0 516.0 761.0 516.0 761.0 548.0 736.0 548.0 ship 0
655.0 567.0 679.0 567.0 679.0 597.0 655.0 597.0 ship 0
452.0 302.0 486.0 302.0 486.0 347.0 452.0 347.0 ship 0
605.0 548.0 633.0 548.0 633.0 582.0 605.0 582.0 ship 0
578.0 565.0 604.0 565.0 604.0 599.0 578.0 599.0 ship 0
600.0 599.0 626.0 599.0 626.0 634.0 600.0 634.0 ship 0
585.0 611.0 613.0 611.0 613.0 642.0 585.0 642.0 ship 0
557.0 635.0 585.0 635.0 585.0 671.0 557.0 671.0 ship 0
564.0 575.0 589.0 575.0 589.0 606.0 564.0 606.0 ship 0
533.0 597.0 554.0 597.0 554.0 627.0 533.0 627.0 ship 0
625.0 237.0 670.0 237.0 670.0 274.0 625.0 274.0 ship 0
693.0 159.0 719.0 159.0 719.0 191.0 693.0 191.0 ship 0
628.0 205.0 654.0 205.0 654.0 238.0 628.0 238.0 ship 0
594.0 217.0 622.0 217.0 622.0 253.0 594.0 253.0 ship 0
570.0 270.0 615.0 270.0 615.0 306.0 570.0 306.0 ship 0
507.0 311.0 551.0 311.0 551.0 346.0 507.0 346.0 ship 0
499.0 273.0 529.0 273.0 529.0 313.0 499.0 313.0 ship 0
1877.0 2979.0 1923.0 2979.0 1923.0 3015.0 1877.0 3015.0 ship 0
1961.0 2915.0 1998.0 2915.0 1998.0 2943.0 1961.0 2943.0 ship 0
1614.0 2391.0 1632.0 2391.0 1632.0 2404.0 1614.0 2404.0 ship 1
1871.0 1454.0 1893.0 1454.0 1893.0 1471.0 1871.0 1471.0 small-vehicle 0
1797.0 1485.0 1813.0 1485.0 1813.0 1498.0 1797.0 1498.0 small-vehicle 1
1802.0 1471.0 1824.0 1471.0 1824.0 1490.0 1802.0 1490.0 small-vehicle 0
1843.0 1495.0 1866.0 1495.0 1866.0 1516.0 1843.0 1516.0 small-vehicle 0
1849.0 1487.0 1873.0 1487.0 1873.0 1507.0 1849.0 1507.0 small-vehicle 0
1855.0 1469.0 1878.0 1469.0 1878.0 1488.0 1855.0 1488.0 small-vehicle 0
1881.0 1484.0 1902.0 1484.0 1902.0 1503.0 1881.0 1503.0 small-vehicle 0
1896.0 1459.0 1918.0 1459.0 1918.0 1476.0 1896.0 1476.0 small-vehicle 0
2154.0 1191.0 2178.0 1191.0 2178.0 1205.0 2154.0 1205.0 small-vehicle 1
1900.0 1412.0 1918.0 1412.0 1918.0 1428.0 1900.0 1428.0 small-vehicle 1
1880.0 1436.0 1907.0 1436.0 1907.0 1456.0 1880.0 1456.0 small-vehicle 0
1834.0 1421.0 1856.0 1421.0 1856.0 1439.0 1834.0 1439.0 small-vehicle 0
1812.0 1455.0 1833.0 1455.0 1833.0 1473.0 1812.0 1473.0 small-vehicle 0
2019.0 1617.0 2033.0 1617.0 2033.0 1639.0 2019.0 1639.0 small-vehicle 1
2111.0 1503.0 2141.0 1503.0 2141.0 1514.0 2111.0 1514.0 small-vehicle 1
1785.0 1496.0 1808.0 1496.0 1808.0 1516.0 1785.0 1516.0 small-vehicle 0
1771.0 1519.0 1791.0 1519.0 1791.0 1537.0 1771.0 1537.0 small-vehicle 0
1814.0 1539.0 1837.0 1539.0 1837.0 1557.0 1814.0 1557.0 small-vehicle 0
1831.0 1561.0 1853.0 1561.0 1853.0 1579.0 1831.0 1579.0 small-vehicle 0
1863.0 1595.0 1887.0 1595.0 1887.0 1617.0 1863.0 1617.0 small-vehicle 0
1855.0 1611.0 1877.0 1611.0 1877.0 1631.0 1855.0 1631.0 small-vehicle 0
1898.0 1545.0 1920.0 1545.0 1920.0 1563.0 1898.0 1563.0 small-vehicle 0
1908.0 1527.0 1930.0 1527.0 1930.0 1546.0 1908.0 1546.0 small-vehicle 0
1915.0 1517.0 1936.0 1517.0 1936.0 1536.0 1915.0 1536.0 small-vehicle 0
1832.0 1512.0 1853.0 1512.0 1853.0 1531.0 1832.0 1531.0 small-vehicle 0
1857.0 1519.0 1878.0 1519.0 1878.0 1535.0 1857.0 1535.0 small-vehicle 0
1851.0 1527.0 1873.0 1527.0 1873.0 1545.0 1851.0 1545.0 small-vehicle 0
1838.0 1503.0 1857.0 1503.0 1857.0 1524.0 1838.0 1524.0 small-vehicle 0
1847.0 1536.0 1872.0 1536.0 1872.0 1554.0 1847.0 1554.0 small-vehicle 1
1843.0 1545.0 1864.0 1545.0 1864.0 1561.0 1843.0 1561.0 small-vehicle 1
1837.0 1554.0 1857.0 1554.0 1857.0 1570.0 1837.0 1570.0 small-vehicle 1
1996.0 1650.0 2009.0 1650.0 2009.0 1669.0 1996.0 1669.0 small-vehicle 1
2275.0 1092.0 2294.0 1092.0 2294.0 1112.0 2275.0 1112.0 small-vehicle 1
1919.0 1157.0 1938.0 1157.0 1938.0 1177.0 1919.0 1177.0 small-vehicle 1
1917.0 1780.0 1927.0 1780.0 1927.0 1800.0 1917.0 1800.0 small-vehicle 1
1223.0 718.0 1241.0 718.0 1241.0 738.0 1223.0 738.0 small-vehicle 1
1464.0 843.0 1487.0 843.0 1487.0 862.0 1464.0 862.0 small-vehicle 1
1451.0 822.0 1474.0 822.0 1474.0 840.0 1451.0 840.0 small-vehicle 1
1435.0 799.0 1457.0 799.0 1457.0 815.0 1435.0 815.0 small-vehicle 1
1439.0 705.0 1458.0 705.0 1458.0 728.0 1439.0 728.0 small-vehicle 1
1393.0 666.0 1410.0 666.0 1410.0 689.0 1393.0 689.0 small-vehicle 1
1334.0 701.0 1356.0 701.0 1356.0 724.0 1334.0 724.0 small-vehicle 1
1259.0 695.0 1279.0 695.0 1279.0 718.0 1259.0 718.0 small-vehicle 1
1540.0 1046.0 1561.0 1046.0 1561.0 1063.0 1540.0 1063.0 small-vehicle 1
1274.0 683.0 1296.0 683.0 1296.0 706.0 1274.0 706.0 small-vehicle 1
1325.0 650.0 1345.0 650.0 1345.0 672.0 1325.0 672.0 small-vehicle 1
1287.0 649.0 1305.0 649.0 1305.0 669.0 1287.0 669.0 small-vehicle 1
1217.0 634.0 1237.0 634.0 1237.0 656.0 1217.0 656.0 small-vehicle 1
1237.0 624.0 1255.0 624.0 1255.0 645.0 1237.0 645.0 small-vehicle 1
1254.0 614.0 1273.0 614.0 1273.0 636.0 1254.0 636.0 small-vehicle 1
1475.0 861.0 1494.0 861.0 1494.0 877.0 1475.0 877.0 small-vehicle 1
1484.0 878.0 1503.0 878.0 1503.0 894.0 1484.0 894.0 small-vehicle 1
1506.0 861.0 1527.0 861.0 1527.0 880.0 1506.0 880.0 small-vehicle 1
1522.0 887.0 1544.0 887.0 1544.0 904.0 1522.0 904.0 small-vehicle 1
1496.0 892.0 1518.0 892.0 1518.0 907.0 1496.0 907.0 small-vehicle 1
1508.0 909.0 1531.0 909.0 1531.0 927.0 1508.0 927.0 small-vehicle 1
1513.0 919.0 1533.0 919.0 1533.0 934.0 1513.0 934.0 small-vehicle 1
1518.0 927.0 1538.0 927.0 1538.0 944.0 1518.0 944.0 small-vehicle 1
1522.0 932.0 1552.0 932.0 1552.0 955.0 1522.0 955.0 small-vehicle 1
1539.0 960.0 1560.0 960.0 1560.0 976.0 1539.0 976.0 small-vehicle 1
1545.0 970.0 1566.0 970.0 1566.0 986.0 1545.0 986.0 small-vehicle 1
1465.0 927.0 1486.0 927.0 1486.0 945.0 1465.0 945.0 small-vehicle 1
1488.0 963.0 1509.0 963.0 1509.0 983.0 1488.0 983.0 small-vehicle 1
1493.0 978.0 1513.0 978.0 1513.0 996.0 1493.0 996.0 small-vehicle 1
1518.0 1009.0 1541.0 1009.0 1541.0 1029.0 1518.0 1029.0 small-vehicle 1
1529.0 1027.0 1552.0 1027.0 1552.0 1046.0 1529.0 1046.0 small-vehicle 1
1535.0 1036.0 1554.0 1036.0 1554.0 1056.0 1535.0 1056.0 small-vehicle 1
1981.0 1766.0 1992.0 1766.0 1992.0 1786.0 1981.0 1786.0 small-vehicle 1
2068.0 1637.0 2091.0 1637.0 2091.0 1652.0 2068.0 1652.0 small-vehicle 0
2001.0 2892.0 2036.0 2892.0 2036.0 2921.0 2001.0 2921.0 ship 0
1933.0 2321.0 1961.0 2321.0 1961.0 2342.0 1933.0 2342.0 large-vehicle 0
2286.0 2602.0 2315.0 2602.0 2315.0 2622.0 2286.0 2622.0 large-vehicle 0
2315.0 2584.0 2346.0 2584.0 2346.0 2607.0 2315.0 2607.0 large-vehicle 0
2300.0 2571.0 2333.0 2571.0 2333.0 2594.0 2300.0 2594.0 large-vehicle 0
2299.0 2536.0 2325.0 2536.0 2325.0 2553.0 2299.0 2553.0 large-vehicle 0
2330.0 2537.0 2352.0 2537.0 2352.0 2567.0 2330.0 2567.0 large-vehicle 0
2349.0 2521.0 2376.0 2521.0 2376.0 2540.0 2349.0 2540.0 large-vehicle 0
1883.0 2332.0 1907.0 2332.0 1907.0 2352.0 1883.0 2352.0 small-vehicle 0
2130.0 2654.0 2147.0 2654.0 2147.0 2678.0 2130.0 2678.0 small-vehicle 0
1908.0 2374.0 1934.0 2374.0 1934.0 2396.0 1908.0 2396.0 small-vehicle 0
1927.0 2404.0 1949.0 2404.0 1949.0 2422.0 1927.0 2422.0 small-vehicle 0
1938.0 2420.0 1958.0 2420.0 1958.0 2436.0 1938.0 2436.0 small-vehicle 0
1953.0 2446.0 1975.0 2446.0 1975.0 2466.0 1953.0 2466.0 small-vehicle 0
1964.0 2459.0 1992.0 2459.0 1992.0 2483.0 1964.0 2483.0 small-vehicle 0
2022.0 2550.0 2040.0 2550.0 2040.0 2571.0 2022.0 2571.0 small-vehicle 0
2259.0 2585.0 2298.0 2585.0 2298.0 2610.0 2259.0 2610.0 large-vehicle 0
2254.0 2615.0 2288.0 2615.0 2288.0 2639.0 2254.0 2639.0 large-vehicle 0
2353.0 2541.0 2387.0 2541.0 2387.0 2563.0 2353.0 2563.0 large-vehicle 0
2355.0 2529.0 2383.0 2529.0 2383.0 2550.0 2355.0 2550.0 large-vehicle 0
2082.0 2936.0 2097.0 2936.0 2097.0 2955.0 2082.0 2955.0 ship 0
2073.0 2939.0 2085.0 2939.0 2085.0 2959.0 2073.0 2959.0 ship 0
2121.0 2310.0 2134.0 2310.0 2134.0 2332.0 2121.0 2332.0 small-vehicle 0
2136.0 2307.0 2147.0 2307.0 2147.0 2329.0 2136.0 2329.0 small-vehicle 0
2147.0 2304.0 2159.0 2304.0 2159.0 2325.0 2147.0 2325.0 small-vehicle 0
2107.0 2247.0 2116.0 2247.0 2116.0 2268.0 2107.0 2268.0 small-vehicle 0
1941.0 2191.0 1955.0 2191.0 1955.0 2214.0 1941.0 2214.0 small-vehicle 0
1891.0 2216.0 1917.0 2216.0 1917.0 2235.0 1891.0 2235.0 small-vehicle 0
1805.0 2207.0 1829.0 2207.0 1829.0 2227.0 1805.0 2227.0 small-vehicle 0
1951.0 2356.0 1974.0 2356.0 1974.0 2375.0 1951.0 2375.0 small-vehicle 0
1665.0 2150.0 1691.0 2150.0 1691.0 2172.0 1665.0 2172.0 ship 0
1728.0 2199.0 1739.0 2199.0 1739.0 2220.0 1728.0 2220.0 ship 0
1629.0 2381.0 1647.0 2381.0 1647.0 2397.0 1629.0 2397.0 ship 0
2037.0 2568.0 2051.0 2568.0 2051.0 2589.0 2037.0 2589.0 small-vehicle 0
2142.0 2684.0 2157.0 2684.0 2157.0 2705.0 2142.0 2705.0 small-vehicle 0
2117.0 1662.0 2132.0 1662.0 2132.0 1683.0 2117.0 1683.0 small-vehicle 0
2307.0 2118.0 2332.0 2118.0 2332.0 2136.0 2307.0 2136.0 small-vehicle 1
2159.0 2249.0 2167.0 2249.0 2167.0 2267.0 2159.0 2267.0 small-vehicle 1
2137.0 2250.0 2147.0 2250.0 2147.0 2268.0 2137.0 2268.0 small-vehicle 1
2072.0 2147.0 2086.0 2147.0 2086.0 2169.0 2072.0 2169.0 small-vehicle 1
2155.0 1987.0 2179.0 1987.0 2179.0 2007.0 2155.0 2007.0 small-vehicle 1
2263.0 2147.0 2286.0 2147.0 2286.0 2159.0 2263.0 2159.0 small-vehicle 1
2295.0 2141.0 2316.0 2141.0 2316.0 2149.0 2295.0 2149.0 small-vehicle 1
2366.0 2010.0 2377.0 2010.0 2377.0 2030.0 2366.0 2030.0 small-vehicle 1
2096.0 2677.0 2111.0 2677.0 2111.0 2697.0 2096.0 2697.0 small-vehicle 0
2374.0 1880.0 2385.0 1880.0 2385.0 1901.0 2374.0 1901.0 small-vehicle 0
2375.0 1860.0 2384.0 1860.0 2384.0 1879.0 2375.0 1879.0 small-vehicle 0
2374.0 1831.0 2386.0 1831.0 2386.0 1850.0 2374.0 1850.0 small-vehicle 0
2377.0 1780.0 2386.0 1780.0 2386.0 1798.0 2377.0 1798.0 small-vehicle 0
2086.0 1690.0 2096.0 1690.0 2096.0 1710.0 2086.0 1710.0 small-vehicle 0
2103.0 1682.0 2119.0 1682.0 2119.0 1704.0 2103.0 1704.0 small-vehicle 0
2169.0 2251.0 2181.0 2251.0 2181.0 2268.0 2169.0 2268.0 small-vehicle 1
2208.0 2187.0 2228.0 2187.0 2228.0 2198.0 2208.0 2198.0 small-vehicle 1
2095.0 2246.0 2107.0 2246.0 2107.0 2266.0 2095.0 2266.0 small-vehicle 1
2084.0 2249.0 2094.0 2249.0 2094.0 2268.0 2084.0 2268.0 small-vehicle 1
2319.0 3002.0 2336.0 3002.0 2336.0 3022.0 2319.0 3022.0 small-vehicle 1
2104.0 2694.0 2121.0 2694.0 2121.0 2714.0 2104.0 2714.0 small-vehicle 1
1923.0 2395.0 1947.0 2395.0 1947.0 2412.0 1923.0 2412.0 small-vehicle 1
1916.0 2388.0 1937.0 2388.0 1937.0 2403.0 1916.0 2403.0 small-vehicle 1
1916.0 2273.0 1940.0 2273.0 1940.0 2289.0 1916.0 2289.0 small-vehicle 1
1910.0 2254.0 1933.0 2254.0 1933.0 2270.0 1910.0 2270.0 small-vehicle 1
1825.0 2248.0 1850.0 2248.0 1850.0 2267.0 1825.0 2267.0 small-vehicle 1
1835.0 2255.0 1859.0 2255.0 1859.0 2275.0 1835.0 2275.0 small-vehicle 1
1817.0 2221.0 1841.0 2221.0 1841.0 2241.0 1817.0 2241.0 small-vehicle 1
2235.0 2870.0 2251.0 2870.0 2251.0 2892.0 2235.0 2892.0 small-vehicle 0
2219.0 2898.0 2243.0 2898.0 2243.0 2924.0 2219.0 2924.0 small-vehicle 0
2178.0 2823.0 2194.0 2823.0 2194.0 2843.0 2178.0 2843.0 small-vehicle 0
2202.0 2813.0 2217.0 2813.0 2217.0 2833.0 2202.0 2833.0 small-vehicle 0
1262.0 609.0 1281.0 609.0 1281.0 632.0 1262.0 632.0 small-vehicle 1
1271.0 601.0 1290.0 601.0 1290.0 627.0 1271.0 627.0 small-vehicle 1
1250.0 588.0 1269.0 588.0 1269.0 609.0 1250.0 609.0 small-vehicle 1
1783.0 2541.0 1820.0 2541.0 1820.0 2572.0 1783.0 2572.0 ship 0
1818.0 2408.0 1869.0 2408.0 1869.0 2446.0 1818.0 2446.0 ship 0
1724.0 2527.0 1759.0 2527.0 1759.0 2555.0 1724.0 2555.0 ship 0
1736.0 2543.0 1768.0 2543.0 1768.0 2567.0 1736.0 2567.0 ship 0
1765.0 2514.0 1800.0 2514.0 1800.0 2543.0 1765.0 2543.0 ship 0
1775.0 2528.0 1809.0 2528.0 1809.0 2557.0 1775.0 2557.0 ship 0
1752.0 2567.0 1786.0 2567.0 1786.0 2595.0 1752.0 2595.0 ship 0
1794.0 2556.0 1831.0 2556.0 1831.0 2585.0 1794.0 2585.0 ship 0
1799.0 2639.0 1835.0 2639.0 1835.0 2668.0 1799.0 2668.0 ship 0
1802.0 2571.0 1838.0 2571.0 1838.0 2602.0 1802.0 2602.0 ship 0
1771.0 2596.0 1805.0 2596.0 1805.0 2624.0 1771.0 2624.0 ship 0
1782.0 2609.0 1812.0 2609.0 1812.0 2634.0 1782.0 2634.0 ship 0
1812.0 2585.0 1849.0 2585.0 1849.0 2617.0 1812.0 2617.0 ship 0
1823.0 2600.0 1859.0 2600.0 1859.0 2631.0 1823.0 2631.0 ship 0
1834.0 2615.0 1868.0 2615.0 1868.0 2645.0 1834.0 2645.0 ship 0
1832.0 2427.0 1879.0 2427.0 1879.0 2461.0 1832.0 2461.0 ship 0
1843.0 2444.0 1886.0 2444.0 1886.0 2477.0 1843.0 2477.0 ship 0
1853.0 2461.0 1895.0 2461.0 1895.0 2493.0 1853.0 2493.0 ship 0
1868.0 2481.0 1905.0 2481.0 1905.0 2512.0 1868.0 2512.0 ship 0
1875.0 2498.0 1916.0 2498.0 1916.0 2532.0 1875.0 2532.0 ship 0
1890.0 2517.0 1929.0 2517.0 1929.0 2548.0 1890.0 2548.0 ship 0
1900.0 2532.0 1940.0 2532.0 1940.0 2564.0 1900.0 2564.0 ship 0
1908.0 2550.0 1949.0 2550.0 1949.0 2584.0 1908.0 2584.0 ship 0
1920.0 2567.0 1962.0 2567.0 1962.0 2602.0 1920.0 2602.0 ship 0
1929.0 2585.0 1971.0 2585.0 1971.0 2618.0 1929.0 2618.0 ship 0
1938.0 2599.0 1982.0 2599.0 1982.0 2633.0 1938.0 2633.0 ship 0
1953.0 2618.0 1993.0 2618.0 1993.0 2649.0 1953.0 2649.0 ship 0
1958.0 2632.0 2003.0 2632.0 2003.0 2666.0 1958.0 2666.0 ship 0
1966.0 2648.0 2013.0 2648.0 2013.0 2681.0 1966.0 2681.0 ship 0
1977.0 2664.0 2022.0 2664.0 2022.0 2699.0 1977.0 2699.0 ship 0
1988.0 2679.0 2030.0 2679.0 2030.0 2712.0 1988.0 2712.0 ship 0
2010.0 2711.0 2049.0 2711.0 2049.0 2741.0 2010.0 2741.0 ship 0
1789.0 2624.0 1824.0 2624.0 1824.0 2654.0 1789.0 2654.0 ship 0
1806.0 2656.0 1842.0 2656.0 1842.0 2684.0 1806.0 2684.0 ship 0
1206.0 614.0 1225.0 614.0 1225.0 635.0 1206.0 635.0 small-vehicle 1
1951.0 2810.0 1988.0 2810.0 1988.0 2838.0 1951.0 2838.0 ship 0
1936.0 2784.0 1968.0 2784.0 1968.0 2810.0 1936.0 2810.0 ship 0
1901.0 2806.0 1934.0 2806.0 1934.0 2832.0 1901.0 2832.0 ship 0
1908.0 2818.0 1945.0 2818.0 1945.0 2846.0 1908.0 2846.0 ship 0
1944.0 2797.0 1978.0 2797.0 1978.0 2823.0 1944.0 2823.0 ship 0
1918.0 2833.0 1951.0 2833.0 1951.0 2858.0 1918.0 2858.0 ship 0
1928.0 2849.0 1957.0 2849.0 1957.0 2873.0 1928.0 2873.0 ship 0
1962.0 2824.0 1993.0 2824.0 1993.0 2851.0 1962.0 2851.0 ship 0
1826.0 2679.0 1864.0 2679.0 1864.0 2710.0 1826.0 2710.0 ship 0
1968.0 2838.0 2003.0 2838.0 2003.0 2864.0 1968.0 2864.0 ship 0
1935.0 2860.0 1967.0 2860.0 1967.0 2886.0 1935.0 2886.0 ship 0
1940.0 2873.0 1976.0 2873.0 1976.0 2902.0 1940.0 2902.0 ship 0
1952.0 2889.0 1984.0 2889.0 1984.0 2914.0 1952.0 2914.0 ship 0
1985.0 2864.0 2022.0 2864.0 2022.0 2893.0 1985.0 2893.0 ship 0
1999.0 2881.0 2026.0 2881.0 2026.0 2902.0 1999.0 2902.0 ship 0
1929.0 2770.0 1960.0 2770.0 1960.0 2796.0 1929.0 2796.0 ship 0
1892.0 2790.0 1929.0 2790.0 1929.0 2819.0 1892.0 2819.0 ship 0
1876.0 2762.0 1913.0 2762.0 1913.0 2792.0 1876.0 2792.0 ship 0
1871.0 2750.0 1903.0 2750.0 1903.0 2775.0 1871.0 2775.0 ship 0
1861.0 2734.0 1898.0 2734.0 1898.0 2763.0 1861.0 2763.0 ship 0
1906.0 2729.0 1939.0 2729.0 1939.0 2755.0 1906.0 2755.0 ship 0
1912.0 2741.0 1948.0 2741.0 1948.0 2769.0 1912.0 2769.0 ship 0
1918.0 2755.0 1954.0 2755.0 1954.0 2784.0 1918.0 2784.0 ship 0
1898.0 2713.0 1933.0 2713.0 1933.0 2742.0 1898.0 2742.0 ship 0
1891.0 2704.0 1918.0 2704.0 1918.0 2726.0 1891.0 2726.0 ship 0
1852.0 2722.0 1887.0 2722.0 1887.0 2750.0 1852.0 2750.0 ship 0
1879.0 2687.0 1913.0 2687.0 1913.0 2714.0 1879.0 2714.0 ship 0
1871.0 2671.0 1907.0 2671.0 1907.0 2698.0 1871.0 2698.0 ship 0
1861.0 2659.0 1895.0 2659.0 1895.0 2686.0 1861.0 2686.0 ship 0
1852.0 2648.0 1879.0 2648.0 1879.0 2671.0 1852.0 2671.0 ship 0
1843.0 2630.0 1877.0 2630.0 1877.0 2659.0 1843.0 2659.0 ship 0
1838.0 2696.0 1870.0 2696.0 1870.0 2721.0 1838.0 2721.0 ship 0
2020.0 2723.0 2061.0 2723.0 2061.0 2755.0 2020.0 2755.0 ship 0
2028.0 2737.0 2069.0 2737.0 2069.0 2772.0 2028.0 2772.0 ship 0
2036.0 2753.0 2078.0 2753.0 2078.0 2785.0 2036.0 2785.0 ship 0
941.0 167.0 965.0 167.0 965.0 183.0 941.0 183.0 small-vehicle 1
1032.0 192.0 1044.0 192.0 1044.0 214.0 1032.0 214.0 small-vehicle 1
1022.0 198.0 1031.0 198.0 1031.0 220.0 1022.0 220.0 small-vehicle 1
1010.0 205.0 1022.0 205.0 1022.0 226.0 1010.0 226.0 small-vehicle 1
1001.0 212.0 1013.0 212.0 1013.0 231.0 1001.0 231.0 small-vehicle 1
991.0 215.0 1002.0 215.0 1002.0 238.0 991.0 238.0 small-vehicle 1
964.0 172.0 986.0 172.0 986.0 187.0 964.0 187.0 small-vehicle 1
976.0 164.0 997.0 164.0 997.0 178.0 976.0 178.0 small-vehicle 1
2047.0 2769.0 2085.0 2769.0 2085.0 2797.0 2047.0 2797.0 ship 0
953.0 160.0 976.0 160.0 976.0 172.0 953.0 172.0 small-vehicle 1
958.0 149.0 982.0 149.0 982.0 164.0 958.0 164.0 small-vehicle 1
977.0 142.0 1001.0 142.0 1001.0 157.0 977.0 157.0 small-vehicle 1
990.0 136.0 1014.0 136.0 1014.0 150.0 990.0 150.0 small-vehicle 1
1025.0 134.0 1047.0 134.0 1047.0 147.0 1025.0 147.0 small-vehicle 1
1055.0 119.0 1077.0 119.0 1077.0 133.0 1055.0 133.0 small-vehicle 1
1042.0 182.0 1053.0 182.0 1053.0 207.0 1042.0 207.0 small-vehicle 1
1060.0 175.0 1072.0 175.0 1072.0 196.0 1060.0 196.0 small-vehicle 1
1081.0 163.0 1092.0 163.0 1092.0 184.0 1081.0 184.0 small-vehicle 1
1099.0 150.0 1111.0 150.0 1111.0 176.0 1099.0 176.0 small-vehicle 1
1048.0 213.0 1072.0 213.0 1072.0 232.0 1048.0 232.0 small-vehicle 1
896.0 228.0 919.0 228.0 919.0 249.0 896.0 249.0 small-vehicle 1
1184.0 280.0 1210.0 280.0 1210.0 298.0 1184.0 298.0 small-vehicle 1
1125.0 318.0 1150.0 318.0 1150.0 338.0 1125.0 338.0 small-vehicle 1
1187.0 228.0 1196.0 228.0 1196.0 248.0 1187.0 248.0 small-vehicle 1
1936.0 19.0 1961.0 19.0 1961.0 35.0 1936.0 35.0 small-vehicle 1
2176.0 137.0 2202.0 137.0 2202.0 154.0 2176.0 154.0 small-vehicle 1
1169.0 581.0 1188.0 581.0 1188.0 604.0 1169.0 604.0 small-vehicle 1
1177.0 575.0 1194.0 575.0 1194.0 594.0 1177.0 594.0 small-vehicle 1
1195.0 565.0 1215.0 565.0 1215.0 584.0 1195.0 584.0 small-vehicle 1
1211.0 552.0 1232.0 552.0 1232.0 575.0 1211.0 575.0 small-vehicle 1
1241.0 593.0 1258.0 593.0 1258.0 613.0 1241.0 613.0 small-vehicle 1
1218.0 606.0 1235.0 606.0 1235.0 631.0 1218.0 631.0 small-vehicle 1
1040.0 126.0 1063.0 126.0 1063.0 142.0 1040.0 142.0 small-vehicle 1
1009.0 116.0 1034.0 116.0 1034.0 129.0 1009.0 129.0 small-vehicle 1
960.0 101.0 972.0 101.0 972.0 120.0 960.0 120.0 small-vehicle 1
920.0 517.0 943.0 517.0 943.0 549.0 920.0 549.0 ship 0
2052.0 2782.0 2096.0 2782.0 2096.0 2816.0 2052.0 2816.0 ship 0
2069.0 2799.0 2102.0 2799.0 2102.0 2826.0 2069.0 2826.0 ship 0
2074.0 2811.0 2114.0 2811.0 2114.0 2842.0 2074.0 2842.0 ship 0
2083.0 2825.0 2124.0 2825.0 2124.0 2859.0 2083.0 2859.0 ship 0
2093.0 2841.0 2131.0 2841.0 2131.0 2874.0 2093.0 2874.0 ship 0
692.0 84.0 734.0 84.0 734.0 113.0 692.0 113.0 ship 0
678.0 62.0 726.0 62.0 726.0 97.0 678.0 97.0 ship 0
830.0 10.0 860.0 10.0 860.0 50.0 830.0 50.0 ship 0
848.0 3.0 885.0 3.0 885.0 48.0 848.0 48.0 ship 0
952.0 2.0 979.0 2.0 979.0 34.0 952.0 34.0 ship 0
842.0 570.0 862.0 570.0 862.0 598.0 842.0 598.0 ship 0
918.0 485.0 928.0 485.0 928.0 505.0 918.0 505.0 ship 0
880.0 542.0 908.0 542.0 908.0 575.0 880.0 575.0 ship 0
908.0 525.0 934.0 525.0 934.0 559.0 908.0 559.0 ship 0
933.0 507.0 961.0 507.0 961.0 539.0 933.0 539.0 ship 0
947.0 106.0 961.0 106.0 961.0 128.0 947.0 128.0 small-vehicle 1
946.0 501.0 970.0 501.0 970.0 531.0 946.0 531.0 ship 0
944.0 558.0 968.0 558.0 968.0 584.0 944.0 584.0 ship 0
850.0 614.0 878.0 614.0 878.0 644.0 850.0 644.0 ship 0
964.0 1394.0 980.0 1394.0 980.0 1413.0 964.0 1413.0 ship 0
1226.0 1576.0 1268.0 1576.0 1268.0 1609.0 1226.0 1609.0 ship 0
1237.0 1594.0 1274.0 1594.0 1274.0 1624.0 1237.0 1624.0 ship 0
1412.0 1756.0 1462.0 1756.0 1462.0 1798.0 1412.0 1798.0 ship 0
1420.0 2722.0 1448.0 2722.0 1448.0 2765.0 1420.0 2765.0 ship 0
2077.0 2877.0 2098.0 2877.0 2098.0 2891.0 2077.0 2891.0 ship 0
506.0 620.0 560.0 620.0 560.0 681.0 506.0 681.0 ship 0
428.0 500.0 490.0 500.0 490.0 576.0 428.0 576.0 ship 0
424.0 762.0 437.0 762.0 437.0 778.0 424.0 778.0 ship 1
904.0 88.0 928.0 88.0 928.0 101.0 904.0 101.0 small-vehicle 1
933.0 115.0 947.0 115.0 947.0 135.0 933.0 135.0 small-vehicle 1
154.0 331.0 667.0 331.0 667.0 1109.0 154.0 1109.0 harbor 0
