imagesource:GoogleEarth
gsd:0.232579983762
93.0 921.0 113.0 921.0 113.0 948.0 93.0 948.0 ship 0
942.0 1014.0 974.0 1014.0 974.0 1058.0 942.0 1058.0 ship 0
1868.0 678.0 1903.0 678.0 1903.0 704.0 1868.0 704.0 ship 0
1871.0 689.0 1917.0 689.0 1917.0 722.0 1871.0 722.0 ship 0
1935.0 678.0 1979.0 678.0 1979.0 712.0 1935.0 712.0 ship 0
1942.0 694.0 1995.0 694.0 1995.0 736.0 1942.0 736.0 ship 0
1899.0 737.0 1943.0 737.0 1943.0 770.0 1899.0 770.0 ship 0
1918.0 772.0 1958.0 772.0 1958.0 802.0 1918.0 802.0 ship 0
1960.0 717.0 2007.0 717.0 2007.0 752.0 1960.0 752.0 ship 0
1965.0 736.0 2021.0 736.0 2021.0 776.0 1965.0 776.0 ship 0
1977.0 763.0 2025.0 763.0 2025.0 796.0 1977.0 796.0 ship 0
1929.0 786.0 1972.0 786.0 1972.0 818.0 1929.0 818.0 ship 0
1938.0 802.0 1979.0 802.0 1979.0 832.0 1938.0 832.0 ship 0
2003.0 795.0 2058.0 795.0 2058.0 838.0 2003.0 838.0 ship 0
1813.0 863.0 1881.0 863.0 1881.0 916.0 1813.0 916.0 ship 0
1788.0 821.0 1851.0 821.0 1851.0 871.0 1788.0 871.0 ship 0
1775.0 800.0 1833.0 800.0 1833.0 846.0 1775.0 846.0 ship 0
1700.0 667.0 1752.0 667.0 1752.0 704.0 1700.0 704.0 ship 0
1679.0 640.0 1707.0 640.0 1707.0 662.0 1679.0 662.0 ship 0
1650.0 580.0 1722.0 580.0 1722.0 633.0 1650.0 633.0 ship 0
256.0 1606.0 343.0 1606.0 343.0 1735.0 256.0 1735.0 ship 0
1858.0 660.0 1893.0 660.0 1893.0 687.0 1858.0 687.0 ship 0
1845.0 641.0 1890.0 641.0 1890.0 673.0 1845.0 673.0 ship 0
1842.0 628.0 1878.0 628.0 1878.0 655.0 1842.0 655.0 ship 0
2131.0 780.0 2191.0 780.0 2191.0 863.0 2131.0 863.0 ship 0
1003.0 985.0 1034.0 985.0 1034.0 1028.0 1003.0 1028.0 ship 0
986.0 995.0 1014.0 995.0 1014.0 1035.0 986.0 1035.0 ship 0
967.0 1009.0 992.0 1009.0 992.0 1044.0 967.0 1044.0 ship 0
952.0 975.0 986.0 975.0 986.0 1001.0 952.0 1001.0 ship 0
993.0 962.0 1015.0 962.0 1015.0 981.0 993.0 981.0 ship 0
1080.0 912.0 1111.0 912.0 1111.0 935.0 1080.0 935.0 ship 0
1027.0 930.0 1068.0 930.0 1068.0 961.0 1027.0 961.0 ship 0
1049.0 520.0 1073.0 520.0 1073.0 538.0 1049.0 538.0 ship 0
2157.0 766.0 2176.0 766.0 2176.0 790.0 2157.0 790.0 ship 0
1830.0 613.0 1866.0 613.0 1866.0 640.0 1830.0 640.0 ship 0
2127.0 706.0 2152.0 706.0 2152.0 738.0 2127.0 738.0 ship 0
2045.0 602.0 2101.0 602.0 2101.0 681.0 2045.0 681.0 ship 0
1902.0 449.0 1947.0 449.0 1947.0 484.0 1902.0 484.0 ship 0
1774.0 522.0 1821.0 522.0 1821.0 558.0 1774.0 558.0 ship 0
1790.0 546.0 1832.0 546.0 1832.0 578.0 1790.0 578.0 ship 0
1835.0 529.0 1871.0 529.0 1871.0 574.0 1835.0 574.0 ship 0
1805.0 580.0 1849.0 580.0 1849.0 610.0 1805.0 610.0 ship 0
1821.0 594.0 1861.0 594.0 1861.0 626.0 1821.0 626.0 ship 0
1020.0 1316.0 1079.0 1316.0 1079.0 1404.0 1020.0 1404.0 ship 0
992.0 1317.0 1033.0 1317.0 1033.0 1375.0 992.0 1375.0 ship 0
975.0 1326.0 1016.0 1326.0 1016.0 1385.0 975.0 1385.0 ship 0
816.0 1171.0 847.0 1171.0 847.0 1213.0 816.0 1213.0 ship 0
717.0 1219.0 751.0 1219.0 751.0 1265.0 717.0 1265.0 ship 0
736.0 1215.0 767.0 1215.0 767.0 1256.0 736.0 1256.0 ship 0
751.0 1203.0 781.0 1203.0 781.0 1244.0 751.0 1244.0 ship 0
767.0 1198.0 799.0 1198.0 799.0 1242.0 767.0 1242.0 ship 0
798.0 1180.0 832.0 1180.0 832.0 1226.0 798.0 1226.0 ship 0
755.0 1268.0 791.0 1268.0 791.0 1319.0 755.0 1319.0 ship 0
772.0 1256.0 808.0 1256.0 808.0 1305.0 772.0 1305.0 ship 0
793.0 1248.0 829.0 1248.0 829.0 1297.0 793.0 1297.0 ship 0
830.0 1163.0 864.0 1163.0 864.0 1211.0 830.0 1211.0 ship 0
732.0 1276.0 774.0 1276.0 774.0 1332.0 732.0 1332.0 ship 0
828.0 1224.0 869.0 1224.0 869.0 1282.0 828.0 1282.0 ship 0
865.0 1207.0 902.0 1207.0 902.0 1259.0 865.0 1259.0 ship 0
851.0 1156.0 878.0 1156.0 878.0 1194.0 851.0 1194.0 ship 0
863.0 1146.0 897.0 1146.0 897.0 1188.0 863.0 1188.0 ship 0
882.0 1197.0 921.0 1197.0 921.0 1251.0 882.0 1251.0 ship 0
905.0 1190.0 940.0 1190.0 940.0 1240.0 905.0 1240.0 ship 0
884.0 1140.0 910.0 1140.0 910.0 1175.0 884.0 1175.0 ship 0
900.0 1132.0 928.0 1132.0 928.0 1168.0 900.0 1168.0 ship 0
705.0 1234.0 734.0 1234.0 734.0 1272.0 705.0 1272.0 ship 0
708.0 1287.0 754.0 1287.0 754.0 1350.0 708.0 1350.0 ship 0
952.0 1333.0 994.0 1333.0 994.0 1393.0 952.0 1393.0 ship 0
814.0 1494.0 852.0 1494.0 852.0 1552.0 814.0 1552.0 ship 0
919.0 1360.0 958.0 1360.0 958.0 1413.0 919.0 1413.0 ship 0
998.0 1389.0 1043.0 1389.0 1043.0 1455.0 998.0 1455.0 ship 0
975.0 1401.0 1023.0 1401.0 1023.0 1468.0 975.0 1468.0 ship 0
949.0 1414.0 994.0 1414.0 994.0 1477.0 949.0 1477.0 ship 0
927.0 1423.0 972.0 1423.0 972.0 1487.0 927.0 1487.0 ship 0
904.0 1436.0 950.0 1436.0 950.0 1506.0 904.0 1506.0 ship 0
882.0 1449.0 926.0 1449.0 926.0 1512.0 882.0 1512.0 ship 0
836.0 1480.0 879.0 1480.0 879.0 1530.0 836.0 1530.0 ship 0
790.0 1509.0 828.0 1509.0 828.0 1554.0 790.0 1554.0 ship 0
673.0 1284.0 719.0 1284.0 719.0 1346.0 673.0 1346.0 ship 0
865.0 1388.0 904.0 1388.0 904.0 1441.0 865.0 1441.0 ship 0
847.0 1402.0 884.0 1402.0 884.0 1451.0 847.0 1451.0 ship 0
828.0 1408.0 861.0 1408.0 861.0 1456.0 828.0 1456.0 ship 0
808.0 1418.0 846.0 1418.0 846.0 1468.0 808.0 1468.0 ship 0
777.0 1419.0 824.0 1419.0 824.0 1484.0 777.0 1484.0 ship 0
734.0 1395.0 772.0 1395.0 772.0 1447.0 734.0 1447.0 ship 0
653.0 1236.0 689.0 1236.0 689.0 1290.0 653.0 1290.0 ship 0
680.0 1236.0 715.0 1236.0 715.0 1286.0 680.0 1286.0 ship 0
1024.0 978.0 1051.0 978.0 1051.0 1015.0 1024.0 1015.0 ship 0
1040.0 966.0 1067.0 966.0 1067.0 1003.0 1040.0 1003.0 ship 0
1060.0 956.0 1088.0 956.0 1088.0 994.0 1060.0 994.0 ship 0
1467.0 1164.0 1504.0 1164.0 1504.0 1215.0 1467.0 1215.0 ship 0
1369.0 1422.0 1406.0 1422.0 1406.0 1450.0 1369.0 1450.0 ship 0
1336.0 1425.0 1360.0 1425.0 1360.0 1445.0 1336.0 1445.0 ship 0
1537.0 1123.0 1580.0 1123.0 1580.0 1187.0 1537.0 1187.0 ship 0
1515.0 1081.0 1546.0 1081.0 1546.0 1125.0 1515.0 1125.0 ship 0
1492.0 1096.0 1519.0 1096.0 1519.0 1134.0 1492.0 1134.0 ship 0
1475.0 1104.0 1504.0 1104.0 1504.0 1143.0 1475.0 1143.0 ship 0
1515.0 1139.0 1558.0 1139.0 1558.0 1199.0 1515.0 1199.0 ship 0
1492.0 1162.0 1527.0 1162.0 1527.0 1209.0 1492.0 1209.0 ship 0
1435.0 1120.0 1466.0 1120.0 1466.0 1161.0 1435.0 1161.0 ship 0
1484.0 1360.0 1525.0 1360.0 1525.0 1390.0 1484.0 1390.0 ship 0
1417.0 1133.0 1443.0 1133.0 1443.0 1172.0 1417.0 1172.0 ship 0
1401.0 1142.0 1428.0 1142.0 1428.0 1180.0 1401.0 1180.0 ship 0
1379.0 1151.0 1408.0 1151.0 1408.0 1193.0 1379.0 1193.0 ship 0
1438.0 1178.0 1482.0 1178.0 1482.0 1238.0 1438.0 1238.0 ship 0
1418.0 1191.0 1457.0 1191.0 1457.0 1244.0 1418.0 1244.0 ship 0
1391.0 1203.0 1433.0 1203.0 1433.0 1262.0 1391.0 1262.0 ship 0
1366.0 1212.0 1408.0 1212.0 1408.0 1274.0 1366.0 1274.0 ship 0
1336.0 1227.0 1379.0 1227.0 1379.0 1288.0 1336.0 1288.0 ship 0
1408.0 1401.0 1448.0 1401.0 1448.0 1431.0 1408.0 1431.0 ship 0
1481.0 1342.0 1515.0 1342.0 1515.0 1366.0 1481.0 1366.0 ship 0
1339.0 1166.0 1364.0 1166.0 1364.0 1202.0 1339.0 1202.0 ship 0
1281.0 804.0 1304.0 804.0 1304.0 834.0 1281.0 834.0 ship 0
1303.0 883.0 1328.0 883.0 1328.0 917.0 1303.0 917.0 ship 0
1284.0 890.0 1310.0 890.0 1310.0 927.0 1284.0 927.0 ship 0
1268.0 896.0 1293.0 896.0 1293.0 934.0 1268.0 934.0 ship 0
1250.0 905.0 1276.0 905.0 1276.0 942.0 1250.0 942.0 ship 0
1236.0 919.0 1259.0 919.0 1259.0 948.0 1236.0 948.0 ship 0
1284.0 768.0 1313.0 768.0 1313.0 792.0 1284.0 792.0 ship 0
1316.0 788.0 1337.0 788.0 1337.0 813.0 1316.0 813.0 ship 0
1301.0 795.0 1324.0 795.0 1324.0 825.0 1301.0 825.0 ship 0
1267.0 813.0 1290.0 813.0 1290.0 842.0 1267.0 842.0 ship 0
1514.0 1323.0 1550.0 1323.0 1550.0 1350.0 1514.0 1350.0 ship 0
1247.0 819.0 1271.0 819.0 1271.0 850.0 1247.0 850.0 ship 0
1230.0 828.0 1256.0 828.0 1256.0 861.0 1230.0 861.0 ship 0
1214.0 838.0 1237.0 838.0 1237.0 868.0 1214.0 868.0 ship 0
1197.0 844.0 1224.0 844.0 1224.0 883.0 1197.0 883.0 ship 0
1179.0 854.0 1207.0 854.0 1207.0 891.0 1179.0 891.0 ship 0
1168.0 828.0 1196.0 828.0 1196.0 850.0 1168.0 850.0 ship 0
1558.0 1318.0 1607.0 1318.0 1607.0 1350.0 1558.0 1350.0 ship 0
1524.0 1342.0 1560.0 1342.0 1560.0 1370.0 1524.0 1370.0 ship 0
1361.0 1160.0 1391.0 1160.0 1391.0 1201.0 1361.0 1201.0 ship 0
1308.0 1171.0 1346.0 1171.0 1346.0 1224.0 1308.0 1224.0 ship 0
1077.0 946.0 1109.0 946.0 1109.0 989.0 1077.0 989.0 ship 0
1195.0 1008.0 1224.0 1008.0 1224.0 1048.0 1195.0 1048.0 ship 0
1118.0 1117.0 1149.0 1117.0 1149.0 1160.0 1118.0 1160.0 ship 0
1138.0 1104.0 1166.0 1104.0 1166.0 1149.0 1138.0 1149.0 ship 0
1160.0 1092.0 1193.0 1092.0 1193.0 1138.0 1160.0 1138.0 ship 0
1180.0 1083.0 1211.0 1083.0 1211.0 1129.0 1180.0 1129.0 ship 0
1201.0 1067.0 1235.0 1067.0 1235.0 1118.0 1201.0 1118.0 ship 0
1224.0 1062.0 1256.0 1062.0 1256.0 1107.0 1224.0 1107.0 ship 0
1247.0 1051.0 1278.0 1051.0 1278.0 1095.0 1247.0 1095.0 ship 0
1219.0 993.0 1254.0 993.0 1254.0 1042.0 1219.0 1042.0 ship 0
1110.0 1053.0 1142.0 1053.0 1142.0 1099.0 1110.0 1099.0 ship 0
1048.0 1147.0 1079.0 1147.0 1079.0 1191.0 1048.0 1191.0 ship 0
1174.0 1015.0 1208.0 1015.0 1208.0 1063.0 1174.0 1063.0 ship 0
1151.0 1029.0 1183.0 1029.0 1183.0 1076.0 1151.0 1076.0 ship 0
1135.0 1042.0 1166.0 1042.0 1166.0 1085.0 1135.0 1085.0 ship 0
1170.0 899.0 1202.0 899.0 1202.0 943.0 1170.0 943.0 ship 0
1151.0 907.0 1182.0 907.0 1182.0 947.0 1151.0 947.0 ship 0
1133.0 918.0 1163.0 918.0 1163.0 957.0 1133.0 957.0 ship 0
1115.0 927.0 1143.0 927.0 1143.0 967.0 1115.0 967.0 ship 0
1101.0 943.0 1128.0 943.0 1128.0 979.0 1101.0 979.0 ship 0
1077.0 1141.0 1104.0 1141.0 1104.0 1176.0 1077.0 1176.0 ship 0
1023.0 1154.0 1061.0 1154.0 1061.0 1209.0 1023.0 1209.0 ship 0
1285.0 1186.0 1321.0 1186.0 1321.0 1238.0 1285.0 1238.0 ship 0
1189.0 1304.0 1233.0 1304.0 1233.0 1363.0 1189.0 1363.0 ship 0
1319.0 1244.0 1356.0 1244.0 1356.0 1296.0 1319.0 1296.0 ship 0
1265.0 1263.0 1312.0 1263.0 1312.0 1328.0 1265.0 1328.0 ship 0
1264.0 1195.0 1302.0 1195.0 1302.0 1249.0 1264.0 1249.0 ship 0
1240.0 1210.0 1276.0 1210.0 1276.0 1259.0 1240.0 1259.0 ship 0
1220.0 1218.0 1257.0 1218.0 1257.0 1271.0 1220.0 1271.0 ship 0
1193.0 1227.0 1234.0 1227.0 1234.0 1283.0 1193.0 1283.0 ship 0
1243.0 1287.0 1274.0 1287.0 1274.0 1329.0 1243.0 1329.0 ship 0
1219.0 1294.0 1260.0 1294.0 1260.0 1354.0 1219.0 1354.0 ship 0
1170.0 1316.0 1210.0 1316.0 1210.0 1370.0 1170.0 1370.0 ship 0
1003.0 1107.0 1033.0 1107.0 1033.0 1150.0 1003.0 1150.0 ship 0
1136.0 1332.0 1179.0 1332.0 1179.0 1394.0 1136.0 1394.0 ship 0
1110.0 1345.0 1155.0 1345.0 1155.0 1408.0 1110.0 1408.0 ship 0
1109.0 1275.0 1147.0 1275.0 1147.0 1329.0 1109.0 1329.0 ship 0
1083.0 1285.0 1120.0 1285.0 1120.0 1337.0 1083.0 1337.0 ship 0
1089.0 1061.0 1121.0 1061.0 1121.0 1103.0 1089.0 1103.0 ship 0
1065.0 1075.0 1097.0 1075.0 1097.0 1120.0 1065.0 1120.0 ship 0
1049.0 1089.0 1080.0 1089.0 1080.0 1129.0 1049.0 1129.0 ship 0
1022.0 1097.0 1053.0 1097.0 1053.0 1141.0 1022.0 1141.0 ship 0
910.0 1109.0 970.0 1109.0 970.0 1192.0 910.0 1192.0 ship 0
860.0 1014.0 892.0 1014.0 892.0 1055.0 860.0 1055.0 ship 0
409.0 908.0 428.0 908.0 428.0 933.0 409.0 933.0 small-vehicle 1
844.0 1027.0 876.0 1027.0 876.0 1071.0 844.0 1071.0 ship 0
532.0 432.0 566.0 432.0 566.0 487.0 532.0 487.0 ship 0
568.0 423.0 617.0 423.0 617.0 501.0 568.0 501.0 ship 0
622.0 388.0 676.0 388.0 676.0 467.0 622.0 467.0 ship 0
678.0 476.0 715.0 476.0 715.0 522.0 678.0 522.0 ship 0
277.0 1282.0 333.0 1282.0 333.0 1356.0 277.0 1356.0 ship 0
10.0 1115.0 70.0 1115.0 70.0 1165.0 10.0 1165.0 ship 0
39.0 1161.0 106.0 1161.0 106.0 1212.0 39.0 1212.0 ship 0
441.0 1010.0 476.0 1010.0 476.0 1036.0 441.0 1036.0 ship 0
413.0 973.0 471.0 973.0 471.0 1016.0 413.0 1016.0 ship 0
377.0 924.0 443.0 924.0 443.0 959.0 377.0 959.0 ship 0
603.0 652.0 644.0 652.0 644.0 707.0 603.0 707.0 ship 0
644.0 703.0 678.0 703.0 678.0 750.0 644.0 750.0 ship 0
597.0 733.0 635.0 733.0 635.0 783.0 597.0 783.0 ship 0
545.0 758.0 581.0 758.0 581.0 806.0 545.0 806.0 ship 0
554.0 686.0 592.0 686.0 592.0 740.0 554.0 740.0 ship 0
517.0 676.0 559.0 676.0 559.0 748.0 517.0 748.0 ship 0
479.0 690.0 528.0 690.0 528.0 758.0 479.0 758.0 ship 0
390.0 731.0 447.0 731.0 447.0 770.0 390.0 770.0 ship 0
246.0 639.0 263.0 639.0 263.0 670.0 246.0 670.0 ship 0
499.0 448.0 541.0 448.0 541.0 522.0 499.0 522.0 ship 0
527.0 348.0 552.0 348.0 552.0 384.0 527.0 384.0 ship 0
550.0 329.0 580.0 329.0 580.0 373.0 550.0 373.0 ship 0
351.0 1286.0 384.0 1286.0 384.0 1331.0 351.0 1331.0 ship 0
424.0 1202.0 474.0 1202.0 474.0 1238.0 424.0 1238.0 ship 0
448.0 1237.0 478.0 1237.0 478.0 1279.0 448.0 1279.0 ship 0
430.0 1245.0 461.0 1245.0 461.0 1289.0 430.0 1289.0 ship 0
402.0 1232.0 428.0 1232.0 428.0 1252.0 402.0 1252.0 ship 0
338.0 1226.0 416.0 1226.0 416.0 1281.0 338.0 1281.0 ship 0
397.0 1262.0 428.0 1262.0 428.0 1305.0 397.0 1305.0 ship 0
384.0 1269.0 415.0 1269.0 415.0 1312.0 384.0 1312.0 ship 0
366.0 1277.0 398.0 1277.0 398.0 1324.0 366.0 1324.0 ship 0
648.0 1128.0 680.0 1128.0 680.0 1169.0 648.0 1169.0 ship 0
584.0 332.0 606.0 332.0 606.0 368.0 584.0 368.0 ship 0
668.0 1122.0 701.0 1122.0 701.0 1165.0 668.0 1165.0 ship 0
814.0 1008.0 849.0 1008.0 849.0 1035.0 814.0 1035.0 ship 0
630.0 1142.0 665.0 1142.0 665.0 1186.0 630.0 1186.0 ship 0
602.0 1139.0 636.0 1139.0 636.0 1183.0 602.0 1183.0 ship 0
625.0 1185.0 660.0 1185.0 660.0 1238.0 625.0 1238.0 ship 0
698.0 1061.0 747.0 1061.0 747.0 1087.0 698.0 1087.0 ship 0
740.0 1033.0 792.0 1033.0 792.0 1072.0 740.0 1072.0 ship 0
603.0 313.0 632.0 313.0 632.0 360.0 603.0 360.0 ship 0
471.0 566.0 492.0 566.0 492.0 637.0 471.0 637.0 ship 0
439.0 573.0 457.0 573.0 457.0 625.0 439.0 625.0 ship 0
400.0 492.0 436.0 492.0 436.0 562.0 400.0 562.0 ship 0
1178.0 761.0 1366.0 761.0 1366.0 884.0 1178.0 884.0 harbor 0
436.0 1294.0 1621.0 1294.0 1621.0 1944.0 436.0 1944.0 harbor 0
60.0 1298.0 276.0 1298.0 276.0 1498.0 60.0 1498.0 harbor 0
1486.0 781.0 1704.0 781.0 1704.0 1150.0 1486.0 1150.0 harbor 0
1842.0 935.0 2003.0 935.0 2003.0 1037.0 1842.0 1037.0 harbor 0
2076.0 626.0 2208.0 626.0 2208.0 847.0 2076.0 847.0 harbor 0
1779.0 481.0 2061.0 481.0 2061.0 876.0 1779.0 876.0 harbor 0
1642.0 581.0 1901.0 581.0 1901.0 951.0 1642.0 951.0 harbor 0
950.0 884.0 1199.0 884.0 1199.0 1050.0 950.0 1050.0 harbor 0
1219.0 844.0 1424.0 844.0 1424.0 999.0 1219.0 999.0 harbor 0
76.0 476.0 108.0 476.0 108.0 534.0 76.0 534.0 ship 0
1012.0 997.0 1280.0 997.0 1280.0 1197.0 1012.0 1197.0 harbor 0
1276.0 943.0 1516.0 943.0 1516.0 1121.0 1276.0 1121.0 harbor 0
1098.0 1084.0 1568.0 1084.0 1568.0 1395.0 1098.0 1395.0 harbor 0
783.0 1313.0 1073.0 1313.0 1073.0 1552.0 783.0 1552.0 harbor 0
501.0 1477.0 759.0 1477.0 759.0 1697.0 501.0 1697.0 harbor 0
682.0 1124.0 966.0 1124.0 966.0 1344.0 682.0 1344.0 harbor 0
404.0 1287.0 652.0 1287.0 652.0 1489.0 404.0 1489.0 harbor 0
624.0 1008.0 884.0 1008.0 884.0 1183.0 624.0 1183.0 harbor 0
46.0 489.0 83.0 489.0 83.0 548.0 46.0 548.0 ship 0
102.0 482.0 126.0 482.0 126.0 526.0 102.0 526.0 ship 0
366.0 506.0 401.0 506.0 401.0 576.0 366.0 576.0 ship 0
114.0 665.0 136.0 665.0 136.0 719.0 114.0 719.0 ship 0
219.0 803.0 238.0 803.0 238.0 845.0 219.0 845.0 ship 0
18.0 794.0 35.0 794.0 35.0 838.0 18.0 838.0 ship 0
98.0 795.0 126.0 795.0 126.0 868.0 98.0 868.0 ship 0
46.0 780.0 71.0 780.0 71.0 845.0 46.0 845.0 ship 0
5.0 629.0 25.0 629.0 25.0 688.0 5.0 688.0 ship 0
41.0 607.0 65.0 607.0 65.0 665.0 41.0 665.0 ship 0
110.0 598.0 130.0 598.0 130.0 646.0 110.0 646.0 ship 0
168.0 581.0 194.0 581.0 194.0 643.0 168.0 643.0 ship 0
229.0 582.0 249.0 582.0 249.0 629.0 229.0 629.0 ship 0
163.0 453.0 198.0 453.0 198.0 513.0 163.0 513.0 ship 0
200.0 568.0 222.0 568.0 222.0 644.0 200.0 644.0 ship 0
447.0 359.0 476.0 359.0 476.0 410.0 447.0 410.0 ship 0
421.0 378.0 448.0 378.0 448.0 419.0 421.0 419.0 ship 0
387.0 378.0 424.0 378.0 424.0 440.0 387.0 440.0 ship 0
362.0 393.0 391.0 393.0 391.0 440.0 362.0 440.0 ship 0
336.0 405.0 363.0 405.0 363.0 447.0 336.0 447.0 ship 0
312.0 415.0 337.0 415.0 337.0 454.0 312.0 454.0 ship 0
252.0 432.0 286.0 432.0 286.0 483.0 252.0 483.0 ship 0
482.0 1217.0 514.0 1217.0 514.0 1264.0 482.0 1264.0 ship 0
497.0 1210.0 526.0 1210.0 526.0 1249.0 497.0 1249.0 ship 0
515.0 1204.0 543.0 1204.0 543.0 1243.0 515.0 1243.0 ship 0
461.0 1926.0 489.0 1926.0 489.0 1948.0 461.0 1948.0 ship 0
986.0 1627.0 1023.0 1627.0 1023.0 1648.0 986.0 1648.0 ship 0
941.0 1644.0 986.0 1644.0 986.0 1676.0 941.0 1676.0 ship 0
859.0 1659.0 907.0 1659.0 907.0 1694.0 859.0 1694.0 ship 0
827.0 1690.0 856.0 1690.0 856.0 1713.0 827.0 1713.0 ship 0
867.0 1685.0 908.0 1685.0 908.0 1714.0 867.0 1714.0 ship 0
827.0 1706.0 870.0 1706.0 870.0 1738.0 827.0 1738.0 ship 0
786.0 1727.0 829.0 1727.0 829.0 1759.0 786.0 1759.0 ship 0
426.0 1944.0 455.0 1944.0 455.0 1967.0 426.0 1967.0 ship 0
495.0 1910.0 518.0 1910.0 518.0 1929.0 495.0 1929.0 ship 0
1060.0 1582.0 1104.0 1582.0 1104.0 1617.0 1060.0 1617.0 ship 0
480.0 1895.0 506.0 1895.0 506.0 1916.0 480.0 1916.0 ship 0
536.0 1888.0 559.0 1888.0 559.0 1907.0 536.0 1907.0 ship 0
518.0 1872.0 548.0 1872.0 548.0 1896.0 518.0 1896.0 ship 0
559.0 1852.0 586.0 1852.0 586.0 1874.0 559.0 1874.0 ship 0
600.0 1839.0 620.0 1839.0 620.0 1868.0 600.0 1868.0 ship 0
620.0 1823.0 646.0 1823.0 646.0 1844.0 620.0 1844.0 ship 0
627.0 1795.0 657.0 1795.0 657.0 1818.0 627.0 1818.0 ship 0
663.0 1777.0 694.0 1777.0 694.0 1799.0 663.0 1799.0 ship 0
1026.0 1605.0 1058.0 1605.0 1058.0 1631.0 1026.0 1631.0 ship 0
1014.0 1566.0 1077.0 1566.0 1077.0 1611.0 1014.0 1611.0 ship 0
680.0 1790.0 710.0 1790.0 710.0 1812.0 680.0 1812.0 ship 0
700.0 1108.0 727.0 1108.0 727.0 1143.0 700.0 1143.0 ship 0
831.0 1042.0 857.0 1042.0 857.0 1076.0 831.0 1076.0 ship 0
812.0 1043.0 842.0 1043.0 842.0 1084.0 812.0 1084.0 ship 0
795.0 1051.0 829.0 1051.0 829.0 1094.0 795.0 1094.0 ship 0
783.0 1068.0 807.0 1068.0 807.0 1099.0 783.0 1099.0 ship 0
763.0 1070.0 795.0 1070.0 795.0 1113.0 763.0 1113.0 ship 0
681.0 1082.0 712.0 1082.0 712.0 1105.0 681.0 1105.0 ship 0
733.0 1091.0 762.0 1091.0 762.0 1129.0 733.0 1129.0 ship 0
714.0 1094.0 746.0 1094.0 746.0 1139.0 714.0 1139.0 ship 0
1328.0 1441.0 1373.0 1441.0 1373.0 1475.0 1328.0 1475.0 ship 0
1099.0 1547.0 1128.0 1547.0 1128.0 1568.0 1099.0 1568.0 ship 0
1289.0 1462.0 1332.0 1462.0 1332.0 1495.0 1289.0 1495.0 ship 0
1268.0 1481.0 1294.0 1481.0 1294.0 1501.0 1268.0 1501.0 ship 0
1239.0 1449.0 1302.0 1449.0 1302.0 1493.0 1239.0 1493.0 ship 0
1217.0 1502.0 1252.0 1502.0 1252.0 1532.0 1217.0 1532.0 ship 0
1181.0 1486.0 1237.0 1486.0 1237.0 1523.0 1181.0 1523.0 ship 0
1177.0 1524.0 1215.0 1524.0 1215.0 1552.0 1177.0 1552.0 ship 0
1139.0 1543.0 1176.0 1543.0 1176.0 1570.0 1139.0 1570.0 ship 0
1100.0 1564.0 1136.0 1564.0 1136.0 1592.0 1100.0 1592.0 ship 0
647.0 1807.0 681.0 1807.0 681.0 1830.0 647.0 1830.0 ship 0
711.0 1768.0 748.0 1768.0 748.0 1796.0 711.0 1796.0 ship 0
534.0 1200.0 559.0 1200.0 559.0 1235.0 534.0 1235.0 ship 0
486.0 1348.0 513.0 1348.0 513.0 1386.0 486.0 1386.0 ship 0
437.0 1370.0 468.0 1370.0 468.0 1415.0 437.0 1415.0 ship 0
451.0 1429.0 490.0 1429.0 490.0 1485.0 451.0 1485.0 ship 0
472.0 1415.0 507.0 1415.0 507.0 1465.0 472.0 1465.0 ship 0
490.0 1406.0 524.0 1406.0 524.0 1456.0 490.0 1456.0 ship 0
508.0 1391.0 545.0 1391.0 545.0 1445.0 508.0 1445.0 ship 0
589.0 1359.0 619.0 1359.0 619.0 1399.0 589.0 1399.0 ship 0
452.0 1365.0 482.0 1365.0 482.0 1407.0 452.0 1407.0 ship 0
469.0 1357.0 498.0 1357.0 498.0 1396.0 469.0 1396.0 ship 0
500.0 1337.0 530.0 1337.0 530.0 1381.0 500.0 1381.0 ship 0
605.0 1345.0 643.0 1345.0 643.0 1395.0 605.0 1395.0 ship 0
517.0 1331.0 545.0 1331.0 545.0 1366.0 517.0 1366.0 ship 0
535.0 1322.0 564.0 1322.0 564.0 1362.0 535.0 1362.0 ship 0
546.0 1311.0 578.0 1311.0 578.0 1352.0 546.0 1352.0 ship 0
578.0 1296.0 612.0 1296.0 612.0 1341.0 578.0 1341.0 ship 0
600.0 1287.0 632.0 1287.0 632.0 1331.0 600.0 1331.0 ship 0
479.0 1187.0 512.0 1187.0 512.0 1210.0 479.0 1210.0 ship 0
510.0 1175.0 536.0 1175.0 536.0 1195.0 510.0 1195.0 ship 0
543.0 1182.0 578.0 1182.0 578.0 1226.0 543.0 1226.0 ship 0
404.0 1387.0 433.0 1387.0 433.0 1428.0 404.0 1428.0 ship 0
626.0 1332.0 664.0 1332.0 664.0 1386.0 626.0 1386.0 ship 0
746.0 1750.0 787.0 1750.0 787.0 1781.0 746.0 1781.0 ship 0
584.0 1612.0 634.0 1612.0 634.0 1680.0 584.0 1680.0 ship 0
766.0 1703.0 819.0 1703.0 819.0 1741.0 766.0 1741.0 ship 0
701.0 1730.0 764.0 1730.0 764.0 1777.0 701.0 1777.0 ship 0
728.0 1526.0 777.0 1526.0 777.0 1601.0 728.0 1601.0 ship 0
680.0 1486.0 718.0 1486.0 718.0 1539.0 680.0 1539.0 ship 0
710.0 1550.0 752.0 1550.0 752.0 1605.0 710.0 1605.0 ship 0
666.0 1582.0 704.0 1582.0 704.0 1632.0 666.0 1632.0 ship 0
633.0 1587.0 683.0 1587.0 683.0 1658.0 633.0 1658.0 ship 0
609.0 1597.0 657.0 1597.0 657.0 1663.0 609.0 1663.0 ship 0
510.0 1649.0 551.0 1649.0 551.0 1709.0 510.0 1709.0 ship 0
619.0 1508.0 663.0 1508.0 663.0 1572.0 619.0 1572.0 ship 0
535.0 1637.0 578.0 1637.0 578.0 1703.0 535.0 1703.0 ship 0
500.0 1573.0 541.0 1573.0 541.0 1632.0 500.0 1632.0 ship 0
520.0 1565.0 563.0 1565.0 563.0 1625.0 520.0 1625.0 ship 0
543.0 1556.0 579.0 1556.0 579.0 1610.0 543.0 1610.0 ship 0
559.0 1545.0 601.0 1545.0 601.0 1603.0 559.0 1603.0 ship 0
584.0 1539.0 621.0 1539.0 621.0 1592.0 584.0 1592.0 ship 0
657.0 1490.0 702.0 1490.0 702.0 1553.0 657.0 1553.0 ship 0
639.0 1502.0 678.0 1502.0 678.0 1561.0 639.0 1561.0 ship 0
1235.0 967.0 1263.0 967.0 1263.0 1002.0 1235.0 1002.0 ship 0
1270.0 948.0 1297.0 948.0 1297.0 983.0 1270.0 983.0 ship 0
1289.0 941.0 1314.0 941.0 1314.0 974.0 1289.0 974.0 ship 0
1305.0 932.0 1330.0 932.0 1330.0 967.0 1305.0 967.0 ship 0
1622.0 725.0 1647.0 725.0 1647.0 746.0 1622.0 746.0 small-vehicle 0
1627.0 738.0 1658.0 738.0 1658.0 758.0 1627.0 758.0 small-vehicle 0
1511.0 645.0 1536.0 645.0 1536.0 665.0 1511.0 665.0 small-vehicle 0
1390.0 404.0 1412.0 404.0 1412.0 433.0 1390.0 433.0 small-vehicle 0
1406.0 434.0 1428.0 434.0 1428.0 461.0 1406.0 461.0 small-vehicle 0
1438.0 484.0 1456.0 484.0 1456.0 506.0 1438.0 506.0 small-vehicle 0
1362.0 442.0 1384.0 442.0 1384.0 467.0 1362.0 467.0 small-vehicle 1
1265.0 406.0 1287.0 406.0 1287.0 423.0 1265.0 423.0 small-vehicle 1
1271.0 417.0 1291.0 417.0 1291.0 433.0 1271.0 433.0 small-vehicle 1
1272.0 424.0 1295.0 424.0 1295.0 444.0 1272.0 444.0 small-vehicle 1
1281.0 436.0 1305.0 436.0 1305.0 454.0 1281.0 454.0 small-vehicle 1
1247.0 439.0 1271.0 439.0 1271.0 456.0 1247.0 456.0 small-vehicle 1
1234.0 426.0 1261.0 426.0 1261.0 446.0 1234.0 446.0 small-vehicle 1
1246.0 368.0 1270.0 368.0 1270.0 389.0 1246.0 389.0 small-vehicle 1
1235.0 347.0 1255.0 347.0 1255.0 365.0 1235.0 365.0 small-vehicle 1
1228.0 336.0 1250.0 336.0 1250.0 353.0 1228.0 353.0 small-vehicle 1
923.0 843.0 948.0 843.0 948.0 862.0 923.0 862.0 small-vehicle 1
935.0 831.0 962.0 831.0 962.0 851.0 935.0 851.0 small-vehicle 1
996.0 803.0 1022.0 803.0 1022.0 825.0 996.0 825.0 large-vehicle 0
1597.0 683.0 1623.0 683.0 1623.0 705.0 1597.0 705.0 small-vehicle 0
1591.0 672.0 1616.0 672.0 1616.0 692.0 1591.0 692.0 small-vehicle 0
1584.0 663.0 1609.0 663.0 1609.0 679.0 1584.0 679.0 small-vehicle 0
1376.0 314.0 1397.0 314.0 1397.0 339.0 1376.0 339.0 small-vehicle 0
1402.0 231.0 1421.0 231.0 1421.0 255.0 1402.0 255.0 small-vehicle 1
1393.0 237.0 1411.0 237.0 1411.0 260.0 1393.0 260.0 small-vehicle 1
1378.0 243.0 1398.0 243.0 1398.0 265.0 1378.0 265.0 small-vehicle 1
1345.0 264.0 1364.0 264.0 1364.0 286.0 1345.0 286.0 small-vehicle 1
1594.0 218.0 1614.0 218.0 1614.0 244.0 1594.0 244.0 small-vehicle 0
1423.0 215.0 1448.0 215.0 1448.0 245.0 1423.0 245.0 small-vehicle 0
1386.0 307.0 1407.0 307.0 1407.0 333.0 1386.0 333.0 small-vehicle 0
1390.0 336.0 1406.0 336.0 1406.0 356.0 1390.0 356.0 small-vehicle 0
1771.0 438.0 1789.0 438.0 1789.0 464.0 1771.0 464.0 small-vehicle 0
1577.0 653.0 1606.0 653.0 1606.0 672.0 1577.0 672.0 small-vehicle 0
1737.0 454.0 1757.0 454.0 1757.0 479.0 1737.0 479.0 small-vehicle 0
1676.0 486.0 1698.0 486.0 1698.0 510.0 1676.0 510.0 small-vehicle 0
1653.0 497.0 1676.0 497.0 1676.0 528.0 1653.0 528.0 small-vehicle 0
1639.0 512.0 1658.0 512.0 1658.0 536.0 1639.0 536.0 small-vehicle 0
1605.0 527.0 1627.0 527.0 1627.0 551.0 1605.0 551.0 small-vehicle 0
1590.0 540.0 1610.0 540.0 1610.0 566.0 1590.0 566.0 small-vehicle 0
1699.0 913.0 1721.0 913.0 1721.0 941.0 1699.0 941.0 small-vehicle 1
1534.0 683.0 1563.0 683.0 1563.0 710.0 1534.0 710.0 large-vehicle 0
1010.0 797.0 1034.0 797.0 1034.0 816.0 1010.0 816.0 small-vehicle 0
1025.0 792.0 1048.0 792.0 1048.0 810.0 1025.0 810.0 small-vehicle 0
1036.0 785.0 1060.0 785.0 1060.0 805.0 1036.0 805.0 small-vehicle 0
953.0 715.0 977.0 715.0 977.0 746.0 953.0 746.0 large-vehicle 0
1071.0 689.0 1082.0 689.0 1082.0 711.0 1071.0 711.0 small-vehicle 0
1057.0 696.0 1069.0 696.0 1069.0 718.0 1057.0 718.0 small-vehicle 0
1046.0 703.0 1058.0 703.0 1058.0 725.0 1046.0 725.0 small-vehicle 0
1034.0 707.0 1045.0 707.0 1045.0 727.0 1034.0 727.0 small-vehicle 0
1024.0 716.0 1035.0 716.0 1035.0 740.0 1024.0 740.0 small-vehicle 0
1011.0 719.0 1024.0 719.0 1024.0 743.0 1011.0 743.0 small-vehicle 0
988.0 732.0 1001.0 732.0 1001.0 756.0 988.0 756.0 small-vehicle 0
976.0 737.0 988.0 737.0 988.0 765.0 976.0 765.0 small-vehicle 0
939.0 718.0 967.0 718.0 967.0 753.0 939.0 753.0 large-vehicle 0
1033.0 680.0 1053.0 680.0 1053.0 703.0 1033.0 703.0 small-vehicle 0
997.0 309.0 1017.0 309.0 1017.0 333.0 997.0 333.0 small-vehicle 1
1135.0 288.0 1159.0 288.0 1159.0 307.0 1135.0 307.0 small-vehicle 0
1056.0 313.0 1082.0 313.0 1082.0 334.0 1056.0 334.0 small-vehicle 0
1031.0 329.0 1055.0 329.0 1055.0 349.0 1031.0 349.0 small-vehicle 0
1003.0 345.0 1027.0 345.0 1027.0 365.0 1003.0 365.0 small-vehicle 0
946.0 569.0 971.0 569.0 971.0 590.0 946.0 590.0 small-vehicle 0
1122.0 479.0 1146.0 479.0 1146.0 499.0 1122.0 499.0 small-vehicle 0
1141.0 315.0 1170.0 315.0 1170.0 335.0 1141.0 335.0 small-vehicle 0
1047.0 676.0 1064.0 676.0 1064.0 698.0 1047.0 698.0 small-vehicle 0
1024.0 686.0 1044.0 686.0 1044.0 709.0 1024.0 709.0 small-vehicle 0
1048.0 780.0 1073.0 780.0 1073.0 795.0 1048.0 795.0 small-vehicle 0
1131.0 584.0 1145.0 584.0 1145.0 610.0 1131.0 610.0 small-vehicle 0
1063.0 771.0 1089.0 771.0 1089.0 789.0 1063.0 789.0 small-vehicle 0
1067.0 760.0 1093.0 760.0 1093.0 780.0 1067.0 780.0 small-vehicle 0
1170.0 714.0 1197.0 714.0 1197.0 737.0 1170.0 737.0 small-vehicle 0
1227.0 656.0 1254.0 656.0 1254.0 680.0 1227.0 680.0 small-vehicle 0
1203.0 567.0 1216.0 567.0 1216.0 596.0 1203.0 596.0 large-vehicle 0
1174.0 565.0 1186.0 565.0 1186.0 588.0 1174.0 588.0 small-vehicle 0
1157.0 564.0 1174.0 564.0 1174.0 593.0 1157.0 593.0 small-vehicle 0
1147.0 579.0 1160.0 579.0 1160.0 604.0 1147.0 604.0 small-vehicle 0
1135.0 618.0 1148.0 618.0 1148.0 645.0 1135.0 645.0 small-vehicle 0
1013.0 690.0 1034.0 690.0 1034.0 714.0 1013.0 714.0 small-vehicle 0
1072.0 605.0 1087.0 605.0 1087.0 631.0 1072.0 631.0 small-vehicle 0
989.0 636.0 1004.0 636.0 1004.0 662.0 989.0 662.0 small-vehicle 0
1032.0 621.0 1047.0 621.0 1047.0 647.0 1032.0 647.0 small-vehicle 0
1090.0 633.0 1104.0 633.0 1104.0 660.0 1090.0 660.0 small-vehicle 0
1108.0 656.0 1123.0 656.0 1123.0 683.0 1108.0 683.0 small-vehicle 0
967.0 714.0 987.0 714.0 987.0 737.0 967.0 737.0 small-vehicle 0
982.0 710.0 998.0 710.0 998.0 733.0 982.0 733.0 small-vehicle 0
1002.0 694.0 1022.0 694.0 1022.0 717.0 1002.0 717.0 small-vehicle 0
1413.0 225.0 1433.0 225.0 1433.0 247.0 1413.0 247.0 small-vehicle 1
1449.0 204.0 1469.0 204.0 1469.0 227.0 1449.0 227.0 small-vehicle 1
1469.0 189.0 1491.0 189.0 1491.0 215.0 1469.0 215.0 small-vehicle 1
2261.0 128.0 2289.0 128.0 2289.0 147.0 2261.0 147.0 small-vehicle 1
2205.0 60.0 2227.0 60.0 2227.0 86.0 2205.0 86.0 small-vehicle 1
2217.0 54.0 2239.0 54.0 2239.0 80.0 2217.0 80.0 small-vehicle 1
2241.0 44.0 2261.0 44.0 2261.0 67.0 2241.0 67.0 small-vehicle 1
2251.0 4.0 2274.0 4.0 2274.0 21.0 2251.0 21.0 small-vehicle 1
2263.0 21.0 2286.0 21.0 2286.0 41.0 2263.0 41.0 small-vehicle 1
2275.0 45.0 2297.0 45.0 2297.0 62.0 2275.0 62.0 small-vehicle 1
2283.0 66.0 2311.0 66.0 2311.0 87.0 2283.0 87.0 small-vehicle 1
2290.0 114.0 2311.0 114.0 2311.0 133.0 2290.0 133.0 small-vehicle 1
2248.0 169.0 2268.0 169.0 2268.0 194.0 2248.0 194.0 small-vehicle 1
2152.0 95.0 2175.0 95.0 2175.0 121.0 2152.0 121.0 small-vehicle 0
2277.0 221.0 2297.0 221.0 2297.0 242.0 2277.0 242.0 small-vehicle 1
2294.0 265.0 2313.0 265.0 2313.0 289.0 2294.0 289.0 small-vehicle 1
2250.0 233.0 2271.0 233.0 2271.0 256.0 2250.0 256.0 small-vehicle 1
2264.0 227.0 2286.0 227.0 2286.0 254.0 2264.0 254.0 small-vehicle 1
2228.0 183.0 2248.0 183.0 2248.0 206.0 2228.0 206.0 small-vehicle 1
2215.0 191.0 2235.0 191.0 2235.0 211.0 2215.0 211.0 small-vehicle 1
2197.0 167.0 2222.0 167.0 2222.0 185.0 2197.0 185.0 small-vehicle 1
2134.0 156.0 2161.0 156.0 2161.0 173.0 2134.0 173.0 small-vehicle 1
2193.0 94.0 2215.0 94.0 2215.0 120.0 2193.0 120.0 small-vehicle 0
2170.0 106.0 2195.0 106.0 2195.0 136.0 2170.0 136.0 small-vehicle 0
2097.0 416.0 2152.0 416.0 2152.0 513.0 2097.0 513.0 large-vehicle 0
1484.0 769.0 1506.0 769.0 1506.0 799.0 1484.0 799.0 ship 0
1140.0 547.0 1155.0 547.0 1155.0 573.0 1140.0 573.0 ship 0
597.0 630.0 621.0 630.0 621.0 648.0 597.0 648.0 small-vehicle 1
818.0 321.0 845.0 321.0 845.0 341.0 818.0 341.0 small-vehicle 1
1261.0 1294.0 1277.0 1294.0 1277.0 1313.0 1261.0 1313.0 ship 0
1200.0 814.0 1225.0 814.0 1225.0 834.0 1200.0 834.0 ship 0
1444.0 715.0 1463.0 715.0 1463.0 739.0 1444.0 739.0 ship 0
1458.0 741.0 1473.0 741.0 1473.0 760.0 1458.0 760.0 ship 0
1474.0 763.0 1489.0 763.0 1489.0 774.0 1474.0 774.0 ship 0
1518.0 836.0 1542.0 836.0 1542.0 868.0 1518.0 868.0 ship 0
1870.0 587.0 1907.0 587.0 1907.0 632.0 1870.0 632.0 ship 0
1536.0 871.0 1550.0 871.0 1550.0 887.0 1536.0 887.0 ship 1
1543.0 941.0 1560.0 941.0 1560.0 957.0 1543.0 957.0 ship 0
1565.0 921.0 1590.0 921.0 1590.0 957.0 1565.0 957.0 ship 0
1898.0 949.0 2015.0 949.0 2015.0 1033.0 1898.0 1033.0 ship 0
1771.0 856.0 1788.0 856.0 1788.0 879.0 1771.0 879.0 ship 0
1780.0 876.0 1801.0 876.0 1801.0 898.0 1780.0 898.0 ship 0
2227.0 866.0 2240.0 866.0 2240.0 881.0 2227.0 881.0 ship 0
1683.0 665.0 1695.0 665.0 1695.0 686.0 1683.0 686.0 ship 0
2057.0 55.0 2077.0 55.0 2077.0 78.0 2057.0 78.0 small-vehicle 1
2204.0 376.0 2228.0 376.0 2228.0 410.0 2204.0 410.0 ship 0
1483.0 182.0 1497.0 182.0 1497.0 203.0 1483.0 203.0 small-vehicle 1
1546.0 246.0 1567.0 246.0 1567.0 271.0 1546.0 271.0 small-vehicle 1
1392.0 155.0 1415.0 155.0 1415.0 174.0 1392.0 174.0 small-vehicle 1
1410.0 321.0 1429.0 321.0 1429.0 344.0 1410.0 344.0 small-vehicle 1
1411.0 295.0 1431.0 295.0 1431.0 319.0 1411.0 319.0 small-vehicle 1
1396.0 300.0 1417.0 300.0 1417.0 325.0 1396.0 325.0 small-vehicle 1
1432.0 283.0 1455.0 283.0 1455.0 306.0 1432.0 306.0 small-vehicle 1
1439.0 274.0 1461.0 274.0 1461.0 297.0 1439.0 297.0 small-vehicle 1
1452.0 268.0 1473.0 268.0 1473.0 292.0 1452.0 292.0 small-vehicle 1
1499.0 270.0 1519.0 270.0 1519.0 292.0 1499.0 292.0 small-vehicle 1
1556.0 238.0 1578.0 238.0 1578.0 264.0 1556.0 264.0 small-vehicle 1
1904.0 191.0 1927.0 191.0 1927.0 208.0 1904.0 208.0 small-vehicle 1
1557.0 209.0 1578.0 209.0 1578.0 235.0 1557.0 235.0 small-vehicle 1
1674.0 234.0 1698.0 234.0 1698.0 257.0 1674.0 257.0 small-vehicle 1
1657.0 211.0 1683.0 211.0 1683.0 233.0 1657.0 233.0 small-vehicle 1
1655.0 200.0 1676.0 200.0 1676.0 218.0 1655.0 218.0 small-vehicle 1
1584.0 123.0 1607.0 123.0 1607.0 152.0 1584.0 152.0 small-vehicle 1
1540.0 151.0 1557.0 151.0 1557.0 171.0 1540.0 171.0 small-vehicle 1
1516.0 163.0 1537.0 163.0 1537.0 188.0 1516.0 188.0 small-vehicle 1
1493.0 178.0 1513.0 178.0 1513.0 200.0 1493.0 200.0 small-vehicle 1
1962.0 104.0 1985.0 104.0 1985.0 123.0 1962.0 123.0 small-vehicle 1
1919.0 215.0 1943.0 215.0 1943.0 234.0 1919.0 234.0 small-vehicle 1
2194.0 366.0 2208.0 366.0 2208.0 402.0 2194.0 402.0 ship 0
2023.0 362.0 2050.0 362.0 2050.0 384.0 2023.0 384.0 small-vehicle 1
2131.0 299.0 2161.0 299.0 2161.0 325.0 2131.0 325.0 large-vehicle 0
2164.0 307.0 2187.0 307.0 2187.0 356.0 2164.0 356.0 large-vehicle 0
2106.0 267.0 2140.0 267.0 2140.0 290.0 2106.0 290.0 large-vehicle 0
2055.0 273.0 2088.0 273.0 2088.0 300.0 2055.0 300.0 large-vehicle 0
2114.0 281.0 2145.0 281.0 2145.0 305.0 2114.0 305.0 small-vehicle 1
2069.0 256.0 2090.0 256.0 2090.0 275.0 2069.0 275.0 small-vehicle 1
2048.0 267.0 2072.0 267.0 2072.0 288.0 2048.0 288.0 small-vehicle 1
2039.0 382.0 2064.0 382.0 2064.0 405.0 2039.0 405.0 small-vehicle 1
2016.0 353.0 2038.0 353.0 2038.0 370.0 2016.0 370.0 small-vehicle 1
1906.0 255.0 1929.0 255.0 1929.0 281.0 1906.0 281.0 small-vehicle 1
2010.0 341.0 2033.0 341.0 2033.0 359.0 2010.0 359.0 small-vehicle 1
1972.0 319.0 1993.0 319.0 1993.0 343.0 1972.0 343.0 small-vehicle 1
1922.0 351.0 1942.0 351.0 1942.0 374.0 1922.0 374.0 small-vehicle 1
1894.0 365.0 1914.0 365.0 1914.0 387.0 1894.0 387.0 small-vehicle 1
1870.0 379.0 1889.0 379.0 1889.0 401.0 1870.0 401.0 small-vehicle 1
1999.0 227.0 2031.0 227.0 2031.0 251.0 1999.0 251.0 large-vehicle 0
2040.0 256.0 2063.0 256.0 2063.0 275.0 2040.0 275.0 small-vehicle 1
2004.0 284.0 2031.0 284.0 2031.0 301.0 2004.0 301.0 small-vehicle 1
1069.0 360.0 1093.0 360.0 1093.0 380.0 1069.0 380.0 small-vehicle 0
1043.0 377.0 1068.0 377.0 1068.0 396.0 1043.0 396.0 small-vehicle 0
942.0 418.0 966.0 418.0 966.0 435.0 942.0 435.0 small-vehicle 0
208.0 858.0 225.0 858.0 225.0 886.0 208.0 886.0 small-vehicle 1
301.0 1496.0 326.0 1496.0 326.0 1528.0 301.0 1528.0 ship 0
570.0 749.0 603.0 749.0 603.0 787.0 570.0 787.0 ship 0
368.0 609.0 395.0 609.0 395.0 684.0 368.0 684.0 ship 0
321.0 581.0 349.0 581.0 349.0 596.0 321.0 596.0 ship 0
525.0 581.0 545.0 581.0 545.0 610.0 525.0 610.0 large-vehicle 0
387.0 762.0 410.0 762.0 410.0 793.0 387.0 793.0 large-vehicle 0
792.0 779.0 821.0 779.0 821.0 820.0 792.0 820.0 ship 0
149.0 881.0 167.0 881.0 167.0 921.0 149.0 921.0 ship 0
227.0 662.0 238.0 662.0 238.0 685.0 227.0 685.0 small-vehicle 1
490.0 479.0 513.0 479.0 513.0 512.0 490.0 512.0 large-vehicle 0
214.0 659.0 228.0 659.0 228.0 683.0 214.0 683.0 small-vehicle 1
199.0 661.0 212.0 661.0 212.0 685.0 199.0 685.0 small-vehicle 1
320.0 515.0 348.0 515.0 348.0 531.0 320.0 531.0 small-vehicle 1
548.0 381.0 574.0 381.0 574.0 397.0 548.0 397.0 small-vehicle 1
522.0 376.0 536.0 376.0 536.0 399.0 522.0 399.0 small-vehicle 1
343.0 438.0 373.0 438.0 373.0 455.0 343.0 455.0 small-vehicle 1
303.0 446.0 317.0 446.0 317.0 468.0 303.0 468.0 small-vehicle 1
287.0 425.0 306.0 425.0 306.0 453.0 287.0 453.0 small-vehicle 1
662.0 1569.0 679.0 1569.0 679.0 1586.0 662.0 1586.0 ship 0
476.0 483.0 497.0 483.0 497.0 512.0 476.0 512.0 small-vehicle 1
348.0 265.0 374.0 265.0 374.0 283.0 348.0 283.0 small-vehicle 1
918.0 586.0 940.0 586.0 940.0 604.0 918.0 604.0 small-vehicle 0
548.0 971.0 578.0 971.0 578.0 993.0 548.0 993.0 small-vehicle 0
507.0 926.0 531.0 926.0 531.0 956.0 507.0 956.0 small-vehicle 0
533.0 914.0 554.0 914.0 554.0 941.0 533.0 941.0 small-vehicle 0
543.0 908.0 563.0 908.0 563.0 932.0 543.0 932.0 small-vehicle 0
587.0 897.0 612.0 897.0 612.0 927.0 587.0 927.0 small-vehicle 0
610.0 902.0 629.0 902.0 629.0 926.0 610.0 926.0 small-vehicle 0
621.0 891.0 645.0 891.0 645.0 919.0 621.0 919.0 small-vehicle 0
643.0 879.0 672.0 879.0 672.0 911.0 643.0 911.0 small-vehicle 0
894.0 598.0 919.0 598.0 919.0 620.0 894.0 620.0 small-vehicle 0
650.0 518.0 665.0 518.0 665.0 539.0 650.0 539.0 small-vehicle 1
920.0 648.0 933.0 648.0 933.0 671.0 920.0 671.0 small-vehicle 0
835.0 680.0 860.0 680.0 860.0 700.0 835.0 700.0 small-vehicle 0
827.0 657.0 851.0 657.0 851.0 677.0 827.0 677.0 small-vehicle 0
726.0 570.0 756.0 570.0 756.0 591.0 726.0 591.0 small-vehicle 0
503.0 518.0 521.0 518.0 521.0 546.0 503.0 546.0 small-vehicle 0
538.0 655.0 562.0 655.0 562.0 675.0 538.0 675.0 small-vehicle 1
562.0 657.0 580.0 657.0 580.0 680.0 562.0 680.0 small-vehicle 1
579.0 659.0 594.0 659.0 594.0 682.0 579.0 682.0 small-vehicle 1
455.0 249.0 481.0 249.0 481.0 267.0 455.0 267.0 small-vehicle 1
277.0 243.0 294.0 243.0 294.0 268.0 277.0 268.0 small-vehicle 1
574.0 956.0 602.0 956.0 602.0 977.0 574.0 977.0 small-vehicle 0
1346.0 1005.0 1373.0 1005.0 1373.0 1043.0 1346.0 1043.0 ship 0
1399.0 1036.0 1426.0 1036.0 1426.0 1073.0 1399.0 1073.0 ship 0
1376.0 1048.0 1402.0 1048.0 1402.0 1084.0 1376.0 1084.0 ship 0
1360.0 1057.0 1387.0 1057.0 1387.0 1093.0 1360.0 1093.0 ship 0
1337.0 1065.0 1369.0 1065.0 1369.0 1109.0 1337.0 1109.0 ship 0
1320.0 1075.0 1348.0 1075.0 1348.0 1113.0 1320.0 1113.0 ship 0
1299.0 1088.0 1328.0 1088.0 1328.0 1127.0 1299.0 1127.0 ship 0
1382.0 989.0 1407.0 989.0 1407.0 1025.0 1382.0 1025.0 ship 0
1367.0 998.0 1391.0 998.0 1391.0 1033.0 1367.0 1033.0 ship 0
1330.0 1014.0 1356.0 1014.0 1356.0 1051.0 1330.0 1051.0 ship 0
1400.0 979.0 1426.0 979.0 1426.0 1015.0 1400.0 1015.0 ship 0
1275.0 1041.0 1300.0 1041.0 1300.0 1072.0 1275.0 1072.0 ship 0
1374.0 900.0 1395.0 900.0 1395.0 929.0 1374.0 929.0 ship 0
1358.0 906.0 1381.0 906.0 1381.0 938.0 1358.0 938.0 ship 0
1353.0 857.0 1377.0 857.0 1377.0 891.0 1353.0 891.0 ship 0
1338.0 867.0 1360.0 867.0 1360.0 897.0 1338.0 897.0 ship 0
1320.0 875.0 1343.0 875.0 1343.0 909.0 1320.0 909.0 ship 0
1340.0 916.0 1362.0 916.0 1362.0 948.0 1340.0 948.0 ship 0
1323.0 923.0 1349.0 923.0 1349.0 958.0 1323.0 958.0 ship 0
1415.0 1028.0 1441.0 1028.0 1441.0 1065.0 1415.0 1065.0 ship 0
1416.0 972.0 1442.0 972.0 1442.0 1008.0 1416.0 1008.0 ship 0
137.0 251.0 155.0 251.0 155.0 276.0 137.0 276.0 small-vehicle 1
207.0 121.0 229.0 121.0 229.0 133.0 207.0 133.0 small-vehicle 1
12.0 275.0 35.0 275.0 35.0 285.0 12.0 285.0 small-vehicle 1
36.0 262.0 62.0 262.0 62.0 273.0 36.0 273.0 small-vehicle 1
38.0 249.0 62.0 249.0 62.0 260.0 38.0 260.0 small-vehicle 1
39.0 240.0 63.0 240.0 63.0 250.0 39.0 250.0 small-vehicle 1
14.0 239.0 38.0 239.0 38.0 250.0 14.0 250.0 small-vehicle 1
36.0 226.0 59.0 226.0 59.0 237.0 36.0 237.0 small-vehicle 1
39.0 214.0 61.0 214.0 61.0 226.0 39.0 226.0 small-vehicle 1
228.0 126.0 255.0 126.0 255.0 144.0 228.0 144.0 small-vehicle 1
131.0 116.0 152.0 116.0 152.0 127.0 131.0 127.0 small-vehicle 1
1437.0 961.0 1461.0 961.0 1461.0 998.0 1437.0 998.0 ship 0
12.0 113.0 37.0 113.0 37.0 124.0 12.0 124.0 small-vehicle 1
1633.0 1136.0 1668.0 1136.0 1668.0 1188.0 1633.0 1188.0 ship 0
1589.0 968.0 1613.0 968.0 1613.0 1000.0 1589.0 1000.0 ship 0
1397.0 730.0 1433.0 730.0 1433.0 768.0 1397.0 768.0 ship 0
1546.0 948.0 1593.0 948.0 1593.0 1012.0 1546.0 1012.0 ship 0
1492.0 972.0 1526.0 972.0 1526.0 1025.0 1492.0 1025.0 ship 0
1476.0 995.0 1503.0 995.0 1503.0 1032.0 1476.0 1032.0 ship 0
1452.0 1006.0 1476.0 1006.0 1476.0 1038.0 1452.0 1038.0 ship 0
563.0 964.0 587.0 964.0 587.0 982.0 563.0 982.0 small-vehicle 0
587.0 949.0 612.0 949.0 612.0 970.0 587.0 970.0 small-vehicle 0
1242.0 118.0 1269.0 118.0 1269.0 138.0 1242.0 138.0 small-vehicle 0
160.0 1237.0 179.0 1237.0 179.0 1260.0 160.0 1260.0 small-vehicle 1
724.0 280.0 742.0 280.0 742.0 303.0 724.0 303.0 small-vehicle 1
711.0 147.0 737.0 147.0 737.0 164.0 711.0 164.0 small-vehicle 1
87.0 114.0 124.0 114.0 124.0 128.0 87.0 128.0 large-vehicle 0
399.0 1117.0 422.0 1117.0 422.0 1143.0 399.0 1143.0 small-vehicle 1
115.0 1259.0 141.0 1259.0 141.0 1288.0 115.0 1288.0 small-vehicle 1
131.0 1254.0 151.0 1254.0 151.0 1279.0 131.0 1279.0 small-vehicle 1
144.0 1250.0 164.0 1250.0 164.0 1274.0 144.0 1274.0 small-vehicle 1
152.0 1245.0 172.0 1245.0 172.0 1269.0 152.0 1269.0 small-vehicle 1
183.0 1226.0 203.0 1226.0 203.0 1250.0 183.0 1250.0 small-vehicle 1
735.0 274.0 753.0 274.0 753.0 298.0 735.0 298.0 small-vehicle 0
194.0 1221.0 215.0 1221.0 215.0 1247.0 194.0 1247.0 small-vehicle 1
320.0 1161.0 340.0 1161.0 340.0 1183.0 320.0 1183.0 small-vehicle 1
376.0 1127.0 400.0 1127.0 400.0 1154.0 376.0 1154.0 small-vehicle 1
390.0 1123.0 410.0 1123.0 410.0 1149.0 390.0 1149.0 small-vehicle 1
394.0 1077.0 418.0 1077.0 418.0 1097.0 394.0 1097.0 small-vehicle 1
454.0 1091.0 473.0 1091.0 473.0 1116.0 454.0 1116.0 small-vehicle 1
443.0 1097.0 462.0 1097.0 462.0 1121.0 443.0 1121.0 small-vehicle 1
432.0 1102.0 454.0 1102.0 454.0 1128.0 432.0 1128.0 small-vehicle 0
743.0 300.0 763.0 300.0 763.0 323.0 743.0 323.0 small-vehicle 1
754.0 297.0 771.0 297.0 771.0 319.0 754.0 319.0 small-vehicle 0
175.0 1235.0 194.0 1235.0 194.0 1260.0 175.0 1260.0 small-vehicle 0
1112.0 9.0 1136.0 9.0 1136.0 26.0 1112.0 26.0 small-vehicle 1
1242.0 106.0 1263.0 106.0 1263.0 123.0 1242.0 123.0 small-vehicle 0
1188.0 17.0 1215.0 17.0 1215.0 32.0 1188.0 32.0 small-vehicle 0
969.0 162.0 992.0 162.0 992.0 177.0 969.0 177.0 small-vehicle 0
1208.0 172.0 1234.0 172.0 1234.0 203.0 1208.0 203.0 large-vehicle 0
1192.0 112.0 1215.0 112.0 1215.0 140.0 1192.0 140.0 large-vehicle 0
1190.0 80.0 1208.0 80.0 1208.0 101.0 1190.0 101.0 small-vehicle 1
1170.0 52.0 1190.0 52.0 1190.0 75.0 1170.0 75.0 small-vehicle 1
1120.0 36.0 1150.0 36.0 1150.0 54.0 1120.0 54.0 small-vehicle 1
997.0 76.0 1022.0 76.0 1022.0 93.0 997.0 93.0 small-vehicle 1
676.0 344.0 707.0 344.0 707.0 361.0 676.0 361.0 small-vehicle 0
1075.0 476.0 1107.0 476.0 1107.0 503.0 1075.0 503.0 large-vehicle 0
1042.0 488.0 1062.0 488.0 1062.0 515.0 1042.0 515.0 ship 0
1030.0 469.0 1050.0 469.0 1050.0 494.0 1030.0 494.0 small-vehicle 1
1021.0 527.0 1050.0 527.0 1050.0 551.0 1021.0 551.0 small-vehicle 1
986.0 459.0 1009.0 459.0 1009.0 476.0 986.0 476.0 small-vehicle 1
1038.0 418.0 1063.0 418.0 1063.0 438.0 1038.0 438.0 small-vehicle 1
918.0 448.0 946.0 448.0 946.0 471.0 918.0 471.0 small-vehicle 1
610.0 490.0 643.0 490.0 643.0 552.0 610.0 552.0 ship 0
411.0 1112.0 432.0 1112.0 432.0 1137.0 411.0 1137.0 small-vehicle 0
333.0 1156.0 352.0 1156.0 352.0 1180.0 333.0 1180.0 small-vehicle 0
602.0 941.0 627.0 941.0 627.0 962.0 602.0 962.0 small-vehicle 0
819.0 829.0 846.0 829.0 846.0 850.0 819.0 850.0 small-vehicle 0
703.0 951.0 730.0 951.0 730.0 972.0 703.0 972.0 small-vehicle 0
713.0 944.0 743.0 944.0 743.0 965.0 713.0 965.0 small-vehicle 0
734.0 939.0 758.0 939.0 758.0 959.0 734.0 959.0 small-vehicle 0
742.0 929.0 773.0 929.0 773.0 953.0 742.0 953.0 small-vehicle 0
780.0 910.0 809.0 910.0 809.0 934.0 780.0 934.0 small-vehicle 0
794.0 903.0 822.0 903.0 822.0 927.0 794.0 927.0 small-vehicle 0
809.0 899.0 837.0 899.0 837.0 918.0 809.0 918.0 small-vehicle 0
825.0 892.0 852.0 892.0 852.0 914.0 825.0 914.0 small-vehicle 0
752.0 862.0 779.0 862.0 779.0 884.0 752.0 884.0 small-vehicle 0
675.0 969.0 703.0 969.0 703.0 989.0 675.0 989.0 small-vehicle 0
724.0 878.0 752.0 878.0 752.0 898.0 724.0 898.0 small-vehicle 0
712.0 883.0 739.0 883.0 739.0 904.0 712.0 904.0 small-vehicle 0
699.0 893.0 723.0 893.0 723.0 912.0 699.0 912.0 small-vehicle 0
682.0 898.0 712.0 898.0 712.0 921.0 682.0 921.0 small-vehicle 0
669.0 904.0 698.0 904.0 698.0 926.0 669.0 926.0 small-vehicle 0
657.0 915.0 681.0 915.0 681.0 934.0 657.0 934.0 small-vehicle 0
641.0 920.0 668.0 920.0 668.0 939.0 641.0 939.0 small-vehicle 0
628.0 926.0 659.0 926.0 659.0 949.0 628.0 949.0 small-vehicle 0
684.0 957.0 715.0 957.0 715.0 981.0 684.0 981.0 small-vehicle 0
659.0 973.0 686.0 973.0 686.0 994.0 659.0 994.0 small-vehicle 0
366.0 1135.0 389.0 1135.0 389.0 1161.0 366.0 1161.0 small-vehicle 0
182.0 1139.0 201.0 1139.0 201.0 1160.0 182.0 1160.0 small-vehicle 0
320.0 1060.0 340.0 1060.0 340.0 1089.0 320.0 1089.0 small-vehicle 0
311.0 1067.0 330.0 1067.0 330.0 1092.0 311.0 1092.0 small-vehicle 0
299.0 1071.0 323.0 1071.0 323.0 1097.0 299.0 1097.0 small-vehicle 0
279.0 1083.0 300.0 1083.0 300.0 1111.0 279.0 1111.0 small-vehicle 0
269.0 1088.0 287.0 1088.0 287.0 1111.0 269.0 1111.0 small-vehicle 0
259.0 1094.0 278.0 1094.0 278.0 1118.0 259.0 1118.0 small-vehicle 0
205.0 1128.0 226.0 1128.0 226.0 1153.0 205.0 1153.0 small-vehicle 0
190.0 1132.0 214.0 1132.0 214.0 1160.0 190.0 1160.0 small-vehicle 0
173.0 1144.0 193.0 1144.0 193.0 1170.0 173.0 1170.0 small-vehicle 0
645.0 982.0 671.0 982.0 671.0 1000.0 645.0 1000.0 small-vehicle 0
164.0 1154.0 184.0 1154.0 184.0 1178.0 164.0 1178.0 small-vehicle 0
155.0 1163.0 177.0 1163.0 177.0 1189.0 155.0 1189.0 small-vehicle 0
145.0 1167.0 165.0 1167.0 165.0 1191.0 145.0 1191.0 small-vehicle 0
134.0 1173.0 155.0 1173.0 155.0 1196.0 134.0 1196.0 small-vehicle 0
124.0 1180.0 144.0 1180.0 144.0 1204.0 124.0 1204.0 small-vehicle 0
78.0 1199.0 100.0 1199.0 100.0 1228.0 78.0 1228.0 small-vehicle 0
59.0 1213.0 77.0 1213.0 77.0 1237.0 59.0 1237.0 small-vehicle 0
637.0 989.0 662.0 989.0 662.0 1011.0 637.0 1011.0 small-vehicle 0
346.0 1174.0 570.0 1174.0 570.0 1331.0 346.0 1331.0 harbor 0
