imagesource:GoogleEarth
gsd:0.276062901853
990.0 250.0 1009.0 250.0 1009.0 280.0 990.0 280.0 small-vehicle 1
140.0 965.0 158.0 965.0 158.0 1001.0 140.0 1001.0 ship 0
1150.0 2852.0 1193.0 2852.0 1193.0 2907.0 1150.0 2907.0 ship 0
1116.0 2847.0 1175.0 2847.0 1175.0 2921.0 1116.0 2921.0 ship 0
1114.0 2879.0 1152.0 2879.0 1152.0 2930.0 1114.0 2930.0 ship 0
1045.0 2616.0 1087.0 2616.0 1087.0 2675.0 1045.0 2675.0 ship 0
1033.0 2632.0 1067.0 2632.0 1067.0 2681.0 1033.0 2681.0 ship 0
1035.0 2698.0 1066.0 2698.0 1066.0 2744.0 1035.0 2744.0 ship 0
1058.0 2679.0 1094.0 2679.0 1094.0 2728.0 1058.0 2728.0 ship 0
1075.0 2672.0 1124.0 2672.0 1124.0 2731.0 1075.0 2731.0 ship 0
1146.0 2636.0 1179.0 2636.0 1179.0 2680.0 1146.0 2680.0 ship 0
1164.0 2565.0 1199.0 2565.0 1199.0 2613.0 1164.0 2613.0 ship 0
1176.0 2549.0 1216.0 2549.0 1216.0 2603.0 1176.0 2603.0 ship 0
1198.0 2533.0 1239.0 2533.0 1239.0 2590.0 1198.0 2590.0 ship 0
1186.0 2613.0 1231.0 2613.0 1231.0 2671.0 1186.0 2671.0 ship 0
1118.0 2586.0 1155.0 2586.0 1155.0 2636.0 1118.0 2636.0 ship 0
1046.0 2410.0 1088.0 2410.0 1088.0 2464.0 1046.0 2464.0 ship 0
1070.0 2395.0 1116.0 2395.0 1116.0 2460.0 1070.0 2460.0 ship 0
1105.0 2377.0 1166.0 2377.0 1166.0 2463.0 1105.0 2463.0 ship 0
1170.0 2844.0 1206.0 2844.0 1206.0 2896.0 1170.0 2896.0 ship 0
1139.0 2929.0 1183.0 2929.0 1183.0 2986.0 1139.0 2986.0 ship 0
1158.0 2920.0 1190.0 2920.0 1190.0 2965.0 1158.0 2965.0 ship 0
1314.0 2837.0 1347.0 2837.0 1347.0 2883.0 1314.0 2883.0 ship 0
1300.0 3121.0 1335.0 3121.0 1335.0 3168.0 1300.0 3168.0 ship 0
1275.0 3139.0 1308.0 3139.0 1308.0 3183.0 1275.0 3183.0 ship 0
1256.0 3144.0 1300.0 3144.0 1300.0 3205.0 1256.0 3205.0 ship 0
1219.0 3077.0 1267.0 3077.0 1267.0 3146.0 1219.0 3146.0 ship 0
1304.0 2780.0 1339.0 2780.0 1339.0 2827.0 1304.0 2827.0 ship 0
1331.0 2769.0 1362.0 2769.0 1362.0 2809.0 1331.0 2809.0 ship 0
1357.0 2819.0 1392.0 2819.0 1392.0 2866.0 1357.0 2866.0 ship 0
1287.0 2852.0 1322.0 2852.0 1322.0 2901.0 1287.0 2901.0 ship 0
1184.0 2909.0 1217.0 2909.0 1217.0 2953.0 1184.0 2953.0 ship 0
1290.0 2790.0 1319.0 2790.0 1319.0 2828.0 1290.0 2828.0 ship 0
1257.0 2801.0 1292.0 2801.0 1292.0 2848.0 1257.0 2848.0 ship 0
1245.0 2813.0 1277.0 2813.0 1277.0 2861.0 1245.0 2861.0 ship 0
1218.0 2827.0 1255.0 2827.0 1255.0 2875.0 1218.0 2875.0 ship 0
1199.0 2834.0 1236.0 2834.0 1236.0 2882.0 1199.0 2882.0 ship 0
1226.0 2884.0 1268.0 2884.0 1268.0 2941.0 1226.0 2941.0 ship 0
1203.0 2901.0 1231.0 2901.0 1231.0 2944.0 1203.0 2944.0 ship 0
160.0 961.0 177.0 961.0 177.0 1001.0 160.0 1001.0 ship 0
118.0 964.0 135.0 964.0 135.0 1003.0 118.0 1003.0 ship 0
1266.0 3065.0 1310.0 3065.0 1310.0 3122.0 1266.0 3122.0 ship 0
96.0 966.0 114.0 966.0 114.0 1003.0 96.0 1003.0 ship 0
294.0 793.0 308.0 793.0 308.0 823.0 294.0 823.0 ship 0
256.0 842.0 270.0 842.0 270.0 878.0 256.0 878.0 ship 0
253.0 804.0 267.0 804.0 267.0 829.0 253.0 829.0 ship 0
224.0 799.0 242.0 799.0 242.0 832.0 224.0 832.0 ship 0
232.0 840.0 253.0 840.0 253.0 888.0 232.0 888.0 ship 0
211.0 844.0 231.0 844.0 231.0 886.0 211.0 886.0 ship 0
182.0 800.0 197.0 800.0 197.0 836.0 182.0 836.0 ship 0
188.0 850.0 205.0 850.0 205.0 890.0 188.0 890.0 ship 0
165.0 849.0 188.0 849.0 188.0 894.0 165.0 894.0 ship 0
165.0 805.0 180.0 805.0 180.0 840.0 165.0 840.0 ship 0
140.0 814.0 156.0 814.0 156.0 842.0 140.0 842.0 ship 0
126.0 812.0 138.0 812.0 138.0 842.0 126.0 842.0 ship 0
125.0 853.0 145.0 853.0 145.0 899.0 125.0 899.0 ship 0
77.0 852.0 102.0 852.0 102.0 906.0 77.0 906.0 ship 0
64.0 694.0 80.0 694.0 80.0 727.0 64.0 727.0 ship 0
70.0 736.0 84.0 736.0 84.0 769.0 70.0 769.0 ship 0
109.0 734.0 122.0 734.0 122.0 763.0 109.0 763.0 ship 0
296.0 831.0 316.0 831.0 316.0 880.0 296.0 880.0 ship 0
315.0 831.0 336.0 831.0 336.0 879.0 315.0 879.0 ship 0
338.0 787.0 351.0 787.0 351.0 816.0 338.0 816.0 ship 0
270.0 998.0 294.0 998.0 294.0 1049.0 270.0 1049.0 ship 0
98.0 1010.0 120.0 1010.0 120.0 1069.0 98.0 1069.0 ship 0
125.0 1018.0 147.0 1018.0 147.0 1077.0 125.0 1077.0 ship 0
251.0 1002.0 270.0 1002.0 270.0 1043.0 251.0 1043.0 ship 0
211.0 1011.0 229.0 1011.0 229.0 1050.0 211.0 1050.0 ship 0
226.0 954.0 245.0 954.0 245.0 995.0 226.0 995.0 ship 0
246.0 951.0 263.0 951.0 263.0 993.0 246.0 993.0 ship 0
269.0 951.0 287.0 951.0 287.0 987.0 269.0 987.0 ship 0
293.0 997.0 311.0 997.0 311.0 1038.0 293.0 1038.0 ship 0
353.0 785.0 367.0 785.0 367.0 816.0 353.0 816.0 ship 0
287.0 945.0 307.0 945.0 307.0 989.0 287.0 989.0 ship 0
315.0 948.0 330.0 948.0 330.0 982.0 315.0 982.0 ship 0
331.0 943.0 348.0 943.0 348.0 977.0 331.0 977.0 ship 0
355.0 946.0 371.0 946.0 371.0 975.0 355.0 975.0 ship 0
373.0 936.0 388.0 936.0 388.0 973.0 373.0 973.0 ship 0
379.0 820.0 394.0 820.0 394.0 849.0 379.0 849.0 ship 0
413.0 796.0 438.0 796.0 438.0 812.0 413.0 812.0 ship 0
1319.0 3115.0 1359.0 3115.0 1359.0 3169.0 1319.0 3169.0 ship 0
1292.0 3068.0 1326.0 3068.0 1326.0 3113.0 1292.0 3113.0 ship 0
118.0 689.0 131.0 689.0 131.0 717.0 118.0 717.0 ship 0
961.0 3142.0 985.0 3142.0 985.0 3172.0 961.0 3172.0 ship 0
758.0 853.0 792.0 853.0 792.0 873.0 758.0 873.0 ship 0
753.0 811.0 776.0 811.0 776.0 824.0 753.0 824.0 ship 0
739.0 794.0 764.0 794.0 764.0 809.0 739.0 809.0 ship 0
737.0 783.0 765.0 783.0 765.0 799.0 737.0 799.0 ship 0
694.0 799.0 724.0 799.0 724.0 814.0 694.0 814.0 ship 0
750.0 819.0 783.0 819.0 783.0 836.0 750.0 836.0 ship 0
697.0 817.0 734.0 817.0 734.0 836.0 697.0 836.0 ship 0
876.0 2392.0 934.0 2392.0 934.0 2476.0 876.0 2476.0 ship 0
898.0 2369.0 970.0 2369.0 970.0 2461.0 898.0 2461.0 ship 0
920.0 2468.0 973.0 2468.0 973.0 2542.0 920.0 2542.0 ship 0
974.0 2447.0 1019.0 2447.0 1019.0 2514.0 974.0 2514.0 ship 0
968.0 2382.0 1002.0 2382.0 1002.0 2430.0 968.0 2430.0 ship 0
971.0 2340.0 1029.0 2340.0 1029.0 2417.0 971.0 2417.0 ship 0
999.0 2320.0 1059.0 2320.0 1059.0 2403.0 999.0 2403.0 ship 0
1044.0 2342.0 1082.0 2342.0 1082.0 2391.0 1044.0 2391.0 ship 0
1074.0 2347.0 1100.0 2347.0 1100.0 2382.0 1074.0 2382.0 ship 0
1034.0 2253.0 1102.0 2253.0 1102.0 2341.0 1034.0 2341.0 ship 0
761.0 865.0 792.0 865.0 792.0 882.0 761.0 882.0 ship 0
767.0 875.0 794.0 875.0 794.0 892.0 767.0 892.0 ship 0
774.0 885.0 800.0 885.0 800.0 899.0 774.0 899.0 ship 0
716.0 875.0 740.0 875.0 740.0 889.0 716.0 889.0 ship 0
797.0 973.0 822.0 973.0 822.0 988.0 797.0 988.0 ship 0
797.0 963.0 821.0 963.0 821.0 977.0 797.0 977.0 ship 0
669.0 896.0 685.0 896.0 685.0 929.0 669.0 929.0 ship 0
658.0 901.0 674.0 901.0 674.0 933.0 658.0 933.0 ship 0
642.0 905.0 660.0 905.0 660.0 936.0 642.0 936.0 ship 0
636.0 865.0 653.0 865.0 653.0 892.0 636.0 892.0 ship 0
709.0 866.0 735.0 866.0 735.0 879.0 709.0 879.0 ship 0
720.0 885.0 745.0 885.0 745.0 900.0 720.0 900.0 ship 0
776.0 895.0 806.0 895.0 806.0 909.0 776.0 909.0 ship 0
721.0 894.0 750.0 894.0 750.0 911.0 721.0 911.0 ship 0
740.0 913.0 769.0 913.0 769.0 927.0 740.0 927.0 ship 0
742.0 929.0 758.0 929.0 758.0 956.0 742.0 956.0 ship 0
754.0 934.0 765.0 934.0 765.0 960.0 754.0 960.0 ship 0
775.0 931.0 787.0 931.0 787.0 959.0 775.0 959.0 ship 0
783.0 925.0 798.0 925.0 798.0 949.0 783.0 949.0 ship 0
775.0 905.0 807.0 905.0 807.0 921.0 775.0 921.0 ship 0
991.0 3124.0 1015.0 3124.0 1015.0 3155.0 991.0 3155.0 ship 0
979.0 3176.0 1004.0 3176.0 1004.0 3209.0 979.0 3209.0 ship 0
1385.0 3078.0 1426.0 3078.0 1426.0 3137.0 1385.0 3137.0 ship 0
996.0 3161.0 1020.0 3161.0 1020.0 3191.0 996.0 3191.0 ship 0
1115.0 3288.0 1144.0 3288.0 1144.0 3327.0 1115.0 3327.0 ship 0
1160.0 3274.0 1184.0 3274.0 1184.0 3304.0 1160.0 3304.0 ship 0
1169.0 3263.0 1198.0 3263.0 1198.0 3299.0 1169.0 3299.0 ship 0
1083.0 3336.0 1137.0 3336.0 1137.0 3373.0 1083.0 3373.0 ship 0
1147.0 3311.0 1184.0 3311.0 1184.0 3340.0 1147.0 3340.0 ship 0
1403.0 3200.0 1434.0 3200.0 1434.0 3223.0 1403.0 3223.0 ship 0
1373.0 3198.0 1462.0 3198.0 1462.0 3261.0 1373.0 3261.0 ship 0
1472.0 3186.0 1500.0 3186.0 1500.0 3207.0 1472.0 3207.0 ship 0
1439.0 2976.0 1481.0 2976.0 1481.0 3030.0 1439.0 3030.0 ship 0
1476.0 3037.0 1508.0 3037.0 1508.0 3080.0 1476.0 3080.0 ship 0
1448.0 3047.0 1478.0 3047.0 1478.0 3087.0 1448.0 3087.0 ship 0
1429.0 3056.0 1468.0 3056.0 1468.0 3106.0 1429.0 3106.0 ship 0
1404.0 3070.0 1434.0 3070.0 1434.0 3111.0 1404.0 3111.0 ship 0
1420.0 2998.0 1451.0 2998.0 1451.0 3038.0 1420.0 3038.0 ship 0
1405.0 3007.0 1439.0 3007.0 1439.0 3053.0 1405.0 3053.0 ship 0
1377.0 3019.0 1409.0 3019.0 1409.0 3062.0 1377.0 3062.0 ship 0
1363.0 3028.0 1396.0 3028.0 1396.0 3077.0 1363.0 3077.0 ship 0
1106.0 3301.0 1129.0 3301.0 1129.0 3334.0 1106.0 3334.0 ship 0
1092.0 3310.0 1115.0 3310.0 1115.0 3340.0 1092.0 3340.0 ship 0
1076.0 3313.0 1103.0 3313.0 1103.0 3349.0 1076.0 3349.0 ship 0
1085.0 3073.0 1109.0 3073.0 1109.0 3105.0 1085.0 3105.0 ship 0
1008.0 3152.0 1031.0 3152.0 1031.0 3184.0 1008.0 3184.0 ship 0
1003.0 3114.0 1031.0 3114.0 1031.0 3148.0 1003.0 3148.0 ship 0
1022.0 3147.0 1045.0 3147.0 1045.0 3178.0 1022.0 3178.0 ship 0
1037.0 3142.0 1056.0 3142.0 1056.0 3167.0 1037.0 3167.0 ship 0
1050.0 3133.0 1072.0 3133.0 1072.0 3161.0 1050.0 3161.0 ship 0
1044.0 3095.0 1068.0 3095.0 1068.0 3126.0 1044.0 3126.0 ship 0
1071.0 3081.0 1093.0 3081.0 1093.0 3112.0 1071.0 3112.0 ship 0
1114.0 3099.0 1137.0 3099.0 1137.0 3127.0 1114.0 3127.0 ship 0
1056.0 3316.0 1083.0 3316.0 1083.0 3353.0 1056.0 3353.0 ship 0
1009.0 3231.0 1033.0 3231.0 1033.0 3264.0 1009.0 3264.0 ship 0
1068.0 3202.0 1092.0 3202.0 1092.0 3233.0 1068.0 3233.0 ship 0
1095.0 3192.0 1117.0 3192.0 1117.0 3220.0 1095.0 3220.0 ship 0
1147.0 3162.0 1171.0 3162.0 1171.0 3192.0 1147.0 3192.0 ship 0
1122.0 3173.0 1146.0 3173.0 1146.0 3206.0 1122.0 3206.0 ship 0
1118.0 3196.0 1174.0 3196.0 1174.0 3234.0 1118.0 3234.0 ship 0
1050.0 3233.0 1104.0 3233.0 1104.0 3275.0 1050.0 3275.0 ship 0
103.0 692.0 116.0 692.0 116.0 724.0 103.0 724.0 ship 0
135.0 686.0 149.0 686.0 149.0 716.0 135.0 716.0 ship 0
1245.0 3409.0 1279.0 3409.0 1279.0 3460.0 1245.0 3460.0 ship 0
792.0 2477.0 817.0 2477.0 817.0 2509.0 792.0 2509.0 ship 0
842.0 2850.0 887.0 2850.0 887.0 2883.0 842.0 2883.0 ship 0
795.0 2831.0 825.0 2831.0 825.0 2874.0 795.0 2874.0 ship 0
826.0 2836.0 848.0 2836.0 848.0 2864.0 826.0 2864.0 ship 0
827.0 2664.0 854.0 2664.0 854.0 2702.0 827.0 2702.0 ship 0
803.0 2673.0 833.0 2673.0 833.0 2712.0 803.0 2712.0 ship 0
790.0 2683.0 818.0 2683.0 818.0 2723.0 790.0 2723.0 ship 0
731.0 2715.0 774.0 2715.0 774.0 2774.0 731.0 2774.0 ship 0
861.0 2602.0 885.0 2602.0 885.0 2634.0 861.0 2634.0 ship 0
845.0 2606.0 868.0 2606.0 868.0 2636.0 845.0 2636.0 ship 0
816.0 2606.0 849.0 2606.0 849.0 2652.0 816.0 2652.0 ship 0
805.0 2623.0 831.0 2623.0 831.0 2655.0 805.0 2655.0 ship 0
783.0 2636.0 811.0 2636.0 811.0 2671.0 783.0 2671.0 ship 0
742.0 2648.0 774.0 2648.0 774.0 2690.0 742.0 2690.0 ship 0
727.0 2659.0 759.0 2659.0 759.0 2702.0 727.0 2702.0 ship 0
709.0 2672.0 737.0 2672.0 737.0 2712.0 709.0 2712.0 ship 0
733.0 2458.0 758.0 2458.0 758.0 2490.0 733.0 2490.0 ship 0
750.0 2438.0 780.0 2438.0 780.0 2479.0 750.0 2479.0 ship 0
834.0 2815.0 862.0 2815.0 862.0 2852.0 834.0 2852.0 ship 0
849.0 2797.0 885.0 2797.0 885.0 2844.0 849.0 2844.0 ship 0
871.0 2795.0 900.0 2795.0 900.0 2832.0 871.0 2832.0 ship 0
930.0 2914.0 955.0 2914.0 955.0 2946.0 930.0 2946.0 ship 0
909.0 3046.0 933.0 3046.0 933.0 3076.0 909.0 3076.0 ship 0
922.0 2959.0 944.0 2959.0 944.0 2987.0 922.0 2987.0 ship 0
975.0 2932.0 996.0 2932.0 996.0 2959.0 975.0 2959.0 ship 0
1012.0 2909.0 1035.0 2909.0 1035.0 2940.0 1012.0 2940.0 ship 0
984.0 2885.0 1008.0 2885.0 1008.0 2917.0 984.0 2917.0 ship 0
956.0 2899.0 981.0 2899.0 981.0 2931.0 956.0 2931.0 ship 0
940.0 2901.0 965.0 2901.0 965.0 2936.0 940.0 2936.0 ship 0
916.0 2921.0 940.0 2921.0 940.0 2953.0 916.0 2953.0 ship 0
894.0 2787.0 920.0 2787.0 920.0 2818.0 894.0 2818.0 ship 0
904.0 2928.0 929.0 2928.0 929.0 2960.0 904.0 2960.0 ship 0
892.0 2937.0 913.0 2937.0 913.0 2967.0 892.0 2967.0 ship 0
878.0 2941.0 903.0 2941.0 903.0 2974.0 878.0 2974.0 ship 0
860.0 2953.0 883.0 2953.0 883.0 2983.0 860.0 2983.0 ship 0
946.0 2759.0 972.0 2759.0 972.0 2792.0 946.0 2792.0 ship 0
915.0 2747.0 958.0 2747.0 958.0 2803.0 915.0 2803.0 ship 0
910.0 2780.0 936.0 2780.0 936.0 2813.0 910.0 2813.0 ship 0
769.0 2435.0 792.0 2435.0 792.0 2465.0 769.0 2465.0 ship 0
773.0 2481.0 807.0 2481.0 807.0 2529.0 773.0 2529.0 ship 0
985.0 3012.0 1005.0 3012.0 1005.0 3042.0 985.0 3042.0 ship 0
754.0 2495.0 781.0 2495.0 781.0 2531.0 754.0 2531.0 ship 0
709.0 2596.0 899.0 2596.0 899.0 2753.0 709.0 2753.0 harbor 0
800.0 2760.0 972.0 2760.0 972.0 2884.0 800.0 2884.0 harbor 0
983.0 2547.0 1269.0 2547.0 1269.0 2756.0 983.0 2756.0 harbor 0
863.0 2877.0 1039.0 2877.0 1039.0 3009.0 863.0 3009.0 harbor 0
1101.0 2768.0 1390.0 2768.0 1390.0 2979.0 1101.0 2979.0 harbor 0
966.0 3066.0 1141.0 3066.0 1141.0 3201.0 966.0 3201.0 harbor 0
1014.0 3158.0 1181.0 3158.0 1181.0 3273.0 1014.0 3273.0 harbor 0
1226.0 2989.0 1516.0 2989.0 1516.0 3211.0 1226.0 3211.0 harbor 0
1317.0 3190.0 1506.0 3190.0 1506.0 3307.0 1317.0 3307.0 harbor 0
1060.0 3258.0 1213.0 3258.0 1213.0 3366.0 1060.0 3366.0 harbor 0
111.0 924.0 466.0 924.0 466.0 1064.0 111.0 1064.0 harbor 0
89.0 772.0 446.0 772.0 446.0 902.0 89.0 902.0 harbor 0
77.0 649.0 429.0 649.0 429.0 769.0 77.0 769.0 harbor 0
62.0 529.0 415.0 529.0 415.0 645.0 62.0 645.0 harbor 0
47.0 431.0 398.0 431.0 398.0 513.0 47.0 513.0 harbor 0
69.0 333.0 387.0 333.0 387.0 433.0 69.0 433.0 harbor 0
82.0 243.0 376.0 243.0 376.0 341.0 82.0 341.0 harbor 0
859.0 2319.0 1153.0 2319.0 1153.0 2548.0 859.0 2548.0 harbor 0
621.0 2433.0 810.0 2433.0 810.0 2589.0 621.0 2589.0 harbor 0
566.0 2336.0 717.0 2336.0 717.0 2425.0 566.0 2425.0 harbor 0
825.0 2142.0 890.0 2142.0 890.0 2190.0 825.0 2190.0 ship 0
739.0 2500.0 762.0 2500.0 762.0 2531.0 739.0 2531.0 ship 0
717.0 2515.0 743.0 2515.0 743.0 2548.0 717.0 2548.0 ship 0
678.0 2532.0 702.0 2532.0 702.0 2563.0 678.0 2563.0 ship 0
662.0 2542.0 691.0 2542.0 691.0 2579.0 662.0 2579.0 ship 0
643.0 2506.0 669.0 2506.0 669.0 2540.0 643.0 2540.0 ship 0
612.0 2499.0 649.0 2499.0 649.0 2549.0 612.0 2549.0 ship 0
650.0 2355.0 704.0 2355.0 704.0 2398.0 650.0 2398.0 ship 0
693.0 2060.0 767.0 2060.0 767.0 2156.0 693.0 2156.0 ship 0
123.0 2.0 144.0 2.0 144.0 93.0 123.0 93.0 harbor 1
663.0 1994.0 716.0 1994.0 716.0 2063.0 663.0 2063.0 ship 0
622.0 1918.0 668.0 1918.0 668.0 1978.0 622.0 1978.0 ship 0
561.0 1824.0 632.0 1824.0 632.0 1917.0 561.0 1917.0 ship 0
311.0 1978.0 429.0 1978.0 429.0 2077.0 311.0 2077.0 basketball-court 0
3.0 4.0 72.0 4.0 72.0 274.0 3.0 274.0 harbor 0
226.0 0.0 247.0 0.0 247.0 84.0 226.0 84.0 harbor 1
174.0 0.0 195.0 0.0 195.0 88.0 174.0 88.0 harbor 1
929.0 3036.0 954.0 3036.0 954.0 3068.0 929.0 3068.0 ship 0
929.0 3084.0 950.0 3084.0 950.0 3111.0 929.0 3111.0 ship 0
153.0 685.0 165.0 685.0 165.0 713.0 153.0 713.0 ship 0
155.0 458.0 169.0 458.0 169.0 487.0 155.0 487.0 ship 0
363.0 703.0 375.0 703.0 375.0 730.0 363.0 730.0 ship 0
377.0 695.0 394.0 695.0 394.0 727.0 377.0 727.0 ship 0
357.0 660.0 371.0 660.0 371.0 690.0 357.0 690.0 ship 0
392.0 660.0 403.0 660.0 403.0 685.0 392.0 685.0 ship 0
412.0 660.0 425.0 660.0 425.0 684.0 412.0 684.0 ship 0
397.0 568.0 413.0 568.0 413.0 599.0 397.0 599.0 ship 0
332.0 580.0 346.0 580.0 346.0 612.0 332.0 612.0 ship 0
310.0 583.0 326.0 583.0 326.0 612.0 310.0 612.0 ship 0
262.0 586.0 276.0 586.0 276.0 615.0 262.0 615.0 ship 0
229.0 593.0 240.0 593.0 240.0 622.0 229.0 622.0 ship 0
108.0 610.0 122.0 610.0 122.0 643.0 108.0 643.0 ship 0
92.0 612.0 106.0 612.0 106.0 641.0 92.0 641.0 ship 0
54.0 612.0 68.0 612.0 68.0 644.0 54.0 644.0 ship 0
161.0 578.0 189.0 578.0 189.0 592.0 161.0 592.0 ship 0
66.0 575.0 82.0 575.0 82.0 599.0 66.0 599.0 ship 0
96.0 465.0 112.0 465.0 112.0 496.0 96.0 496.0 ship 0
114.0 465.0 125.0 465.0 125.0 492.0 114.0 492.0 ship 0
419.0 731.0 435.0 731.0 435.0 761.0 419.0 761.0 ship 0
346.0 701.0 359.0 701.0 359.0 732.0 346.0 732.0 ship 0
328.0 709.0 342.0 709.0 342.0 738.0 328.0 738.0 ship 0
239.0 674.0 251.0 674.0 251.0 703.0 239.0 703.0 ship 0
140.0 727.0 156.0 727.0 156.0 766.0 140.0 766.0 ship 0
157.0 725.0 172.0 725.0 172.0 757.0 157.0 757.0 ship 0
173.0 721.0 189.0 721.0 189.0 754.0 173.0 754.0 ship 0
190.0 722.0 204.0 722.0 204.0 752.0 190.0 752.0 ship 0
208.0 720.0 224.0 720.0 224.0 752.0 208.0 752.0 ship 0
219.0 675.0 234.0 675.0 234.0 706.0 219.0 706.0 ship 0
226.0 721.0 240.0 721.0 240.0 753.0 226.0 753.0 ship 0
241.0 713.0 257.0 713.0 257.0 749.0 241.0 749.0 ship 0
324.0 664.0 337.0 664.0 337.0 694.0 324.0 694.0 ship 0
260.0 715.0 273.0 715.0 273.0 743.0 260.0 743.0 ship 0
255.0 671.0 267.0 671.0 267.0 704.0 255.0 704.0 ship 0
271.0 670.0 287.0 670.0 287.0 703.0 271.0 703.0 ship 0
294.0 708.0 309.0 708.0 309.0 743.0 294.0 743.0 ship 0
313.0 708.0 326.0 708.0 326.0 740.0 313.0 740.0 ship 0
291.0 674.0 302.0 674.0 302.0 702.0 291.0 702.0 ship 0
308.0 672.0 321.0 672.0 321.0 696.0 308.0 696.0 ship 0
126.0 464.0 141.0 464.0 141.0 489.0 126.0 489.0 ship 0
238.0 448.0 255.0 448.0 255.0 476.0 238.0 476.0 ship 0
944.0 3070.0 971.0 3070.0 971.0 3105.0 944.0 3105.0 ship 0
347.0 472.0 378.0 472.0 378.0 483.0 347.0 483.0 ship 0
124.0 401.0 138.0 401.0 138.0 428.0 124.0 428.0 ship 0
96.0 404.0 107.0 404.0 107.0 430.0 96.0 430.0 ship 0
119.0 366.0 134.0 366.0 134.0 394.0 119.0 394.0 ship 0
1066.0 3011.0 1090.0 3011.0 1090.0 3043.0 1066.0 3043.0 ship 0
1053.0 3014.0 1077.0 3014.0 1077.0 3049.0 1053.0 3049.0 ship 0
912.0 2972.0 1093.0 2972.0 1093.0 3112.0 912.0 3112.0 harbor 0
1048.0 2974.0 1072.0 2974.0 1072.0 3007.0 1048.0 3007.0 ship 0
1021.0 2988.0 1046.0 2988.0 1046.0 3021.0 1021.0 3021.0 ship 0
997.0 3005.0 1018.0 3005.0 1018.0 3032.0 997.0 3032.0 ship 0
962.0 2941.0 984.0 2941.0 984.0 2970.0 962.0 2970.0 ship 0
1007.0 2650.0 1039.0 2650.0 1039.0 2693.0 1007.0 2693.0 ship 0
982.0 2654.0 1026.0 2654.0 1026.0 2713.0 982.0 2713.0 ship 0
863.0 2644.0 893.0 2644.0 893.0 2684.0 863.0 2684.0 ship 0
844.0 2662.0 870.0 2662.0 870.0 2695.0 844.0 2695.0 ship 0
986.0 3054.0 1008.0 3054.0 1008.0 3081.0 986.0 3081.0 ship 0
972.0 3054.0 996.0 3054.0 996.0 3087.0 972.0 3087.0 ship 0
957.0 3063.0 979.0 3063.0 979.0 3093.0 957.0 3093.0 ship 0
151.0 398.0 165.0 398.0 165.0 425.0 151.0 425.0 ship 0
107.0 314.0 119.0 314.0 119.0 334.0 107.0 334.0 ship 0
157.0 304.0 170.0 304.0 170.0 331.0 157.0 331.0 ship 0
232.0 354.0 246.0 354.0 246.0 380.0 232.0 380.0 ship 0
323.0 442.0 339.0 442.0 339.0 471.0 323.0 471.0 ship 0
377.0 375.0 390.0 375.0 390.0 406.0 377.0 406.0 ship 0
334.0 374.0 348.0 374.0 348.0 401.0 334.0 401.0 ship 0
321.0 377.0 334.0 377.0 334.0 402.0 321.0 402.0 ship 0
330.0 342.0 344.0 342.0 344.0 369.0 330.0 369.0 ship 0
318.0 344.0 331.0 344.0 331.0 370.0 318.0 370.0 ship 0
265.0 384.0 278.0 384.0 278.0 410.0 265.0 410.0 ship 0
232.0 264.0 244.0 264.0 244.0 288.0 232.0 288.0 ship 0
178.0 271.0 192.0 271.0 192.0 296.0 178.0 296.0 ship 0
365.0 279.0 378.0 279.0 378.0 307.0 365.0 307.0 ship 0
284.0 258.0 297.0 258.0 297.0 282.0 284.0 282.0 ship 0
247.0 175.0 260.0 175.0 260.0 200.0 247.0 200.0 ship 0
328.0 197.0 342.0 197.0 342.0 224.0 328.0 224.0 ship 0
324.0 168.0 337.0 168.0 337.0 191.0 324.0 191.0 ship 0
273.0 174.0 286.0 174.0 286.0 195.0 273.0 195.0 ship 0
108.0 226.0 122.0 226.0 122.0 250.0 108.0 250.0 ship 0
794.0 983.0 824.0 983.0 824.0 999.0 794.0 999.0 ship 0
1272.0 3298.0 1356.0 3298.0 1356.0 3405.0 1272.0 3405.0 harbor 0
1517.0 1516.0 1533.0 1516.0 1533.0 1535.0 1517.0 1535.0 small-vehicle 1
420.0 3236.0 439.0 3236.0 439.0 3248.0 420.0 3248.0 small-vehicle 1
543.0 3346.0 566.0 3346.0 566.0 3359.0 543.0 3359.0 small-vehicle 1
533.0 3339.0 552.0 3339.0 552.0 3350.0 533.0 3350.0 small-vehicle 1
517.0 3321.0 540.0 3321.0 540.0 3332.0 517.0 3332.0 small-vehicle 1
503.0 3312.0 527.0 3312.0 527.0 3325.0 503.0 3325.0 small-vehicle 1
492.0 3305.0 516.0 3305.0 516.0 3318.0 492.0 3318.0 small-vehicle 1
563.0 3302.0 585.0 3302.0 585.0 3324.0 563.0 3324.0 small-vehicle 1
618.0 3197.0 640.0 3197.0 640.0 3220.0 618.0 3220.0 small-vehicle 1
599.0 3198.0 616.0 3198.0 616.0 3217.0 599.0 3217.0 small-vehicle 1
597.0 3171.0 615.0 3171.0 615.0 3192.0 597.0 3192.0 small-vehicle 1
499.0 3164.0 524.0 3164.0 524.0 3175.0 499.0 3175.0 small-vehicle 1
448.0 3099.0 473.0 3099.0 473.0 3125.0 448.0 3125.0 small-vehicle 1
426.0 3090.0 448.0 3090.0 448.0 3113.0 426.0 3113.0 small-vehicle 1
311.0 2995.0 328.0 2995.0 328.0 3013.0 311.0 3013.0 small-vehicle 1
314.0 2980.0 332.0 2980.0 332.0 2998.0 314.0 2998.0 small-vehicle 1
478.0 3287.0 502.0 3287.0 502.0 3299.0 478.0 3299.0 small-vehicle 1
502.0 3265.0 524.0 3265.0 524.0 3284.0 502.0 3284.0 small-vehicle 1
454.0 3271.0 475.0 3271.0 475.0 3283.0 454.0 3283.0 small-vehicle 1
554.0 3353.0 575.0 3353.0 575.0 3368.0 554.0 3368.0 small-vehicle 1
575.0 3372.0 598.0 3372.0 598.0 3385.0 575.0 3385.0 small-vehicle 1
730.0 3329.0 749.0 3329.0 749.0 3351.0 730.0 3351.0 small-vehicle 1
1507.0 3258.0 1527.0 3258.0 1527.0 3285.0 1507.0 3285.0 small-vehicle 1
1592.0 3074.0 1612.0 3074.0 1612.0 3098.0 1592.0 3098.0 small-vehicle 0
1517.0 2930.0 1537.0 2930.0 1537.0 2949.0 1517.0 2949.0 small-vehicle 0
1601.0 3096.0 1629.0 3096.0 1629.0 3130.0 1601.0 3130.0 large-vehicle 0
1628.0 3399.0 1670.0 3399.0 1670.0 3426.0 1628.0 3426.0 large-vehicle 0
1544.0 3237.0 1563.0 3237.0 1563.0 3260.0 1544.0 3260.0 small-vehicle 1
1531.0 3243.0 1550.0 3243.0 1550.0 3266.0 1531.0 3266.0 small-vehicle 1
1519.0 3248.0 1537.0 3248.0 1537.0 3272.0 1519.0 3272.0 small-vehicle 1
1470.0 3276.0 1486.0 3276.0 1486.0 3296.0 1470.0 3296.0 small-vehicle 1
851.0 3333.0 872.0 3333.0 872.0 3351.0 851.0 3351.0 small-vehicle 1
790.0 2000.0 820.0 2000.0 820.0 2022.0 790.0 2022.0 large-vehicle 0
797.0 2014.0 819.0 2014.0 819.0 2029.0 797.0 2029.0 small-vehicle 1
838.0 3121.0 866.0 3121.0 866.0 3142.0 838.0 3142.0 small-vehicle 1
731.0 3387.0 755.0 3387.0 755.0 3406.0 731.0 3406.0 small-vehicle 1
720.0 3363.0 746.0 3363.0 746.0 3388.0 720.0 3388.0 small-vehicle 1
659.0 3456.0 681.0 3456.0 681.0 3469.0 659.0 3469.0 small-vehicle 1
625.0 3421.0 645.0 3421.0 645.0 3435.0 625.0 3435.0 small-vehicle 1
434.0 3251.0 460.0 3251.0 460.0 3265.0 434.0 3265.0 small-vehicle 1
449.0 3224.0 470.0 3224.0 470.0 3244.0 449.0 3244.0 small-vehicle 1
1595.0 2820.0 1611.0 2820.0 1611.0 2841.0 1595.0 2841.0 small-vehicle 0
380.0 3202.0 399.0 3202.0 399.0 3215.0 380.0 3215.0 small-vehicle 1
553.0 2578.0 574.0 2578.0 574.0 2595.0 553.0 2595.0 small-vehicle 0
541.0 2562.0 565.0 2562.0 565.0 2581.0 541.0 2581.0 small-vehicle 0
512.0 2516.0 532.0 2516.0 532.0 2542.0 512.0 2542.0 small-vehicle 0
270.0 2715.0 297.0 2715.0 297.0 2733.0 270.0 2733.0 small-vehicle 0
209.0 2629.0 232.0 2629.0 232.0 2647.0 209.0 2647.0 small-vehicle 0
184.0 2640.0 210.0 2640.0 210.0 2661.0 184.0 2661.0 ship 0
95.0 2459.0 127.0 2459.0 127.0 2485.0 95.0 2485.0 large-vehicle 0
73.0 2498.0 95.0 2498.0 95.0 2516.0 73.0 2516.0 small-vehicle 0
75.0 2484.0 100.0 2484.0 100.0 2504.0 75.0 2504.0 small-vehicle 0
203.0 2433.0 220.0 2433.0 220.0 2454.0 203.0 2454.0 small-vehicle 0
146.0 2437.0 169.0 2437.0 169.0 2461.0 146.0 2461.0 small-vehicle 0
104.0 2377.0 120.0 2377.0 120.0 2393.0 104.0 2393.0 small-vehicle 1
106.0 2366.0 126.0 2366.0 126.0 2383.0 106.0 2383.0 small-vehicle 0
150.0 2298.0 174.0 2298.0 174.0 2316.0 150.0 2316.0 small-vehicle 0
315.0 2326.0 332.0 2326.0 332.0 2346.0 315.0 2346.0 small-vehicle 0
344.0 2310.0 362.0 2310.0 362.0 2334.0 344.0 2334.0 small-vehicle 0
353.0 2304.0 371.0 2304.0 371.0 2329.0 353.0 2329.0 small-vehicle 0
607.0 2686.0 633.0 2686.0 633.0 2706.0 607.0 2706.0 small-vehicle 0
615.0 2697.0 640.0 2697.0 640.0 2717.0 615.0 2717.0 small-vehicle 0
268.0 2862.0 278.0 2862.0 278.0 2883.0 268.0 2883.0 small-vehicle 0
143.0 3009.0 166.0 3009.0 166.0 3032.0 143.0 3032.0 small-vehicle 1
368.0 3194.0 390.0 3194.0 390.0 3206.0 368.0 3206.0 small-vehicle 1
347.0 3174.0 374.0 3174.0 374.0 3188.0 347.0 3188.0 small-vehicle 1
326.0 3160.0 346.0 3160.0 346.0 3171.0 326.0 3171.0 small-vehicle 1
308.0 3142.0 331.0 3142.0 331.0 3156.0 308.0 3156.0 small-vehicle 1
217.0 3067.0 246.0 3067.0 246.0 3082.0 217.0 3082.0 small-vehicle 1
191.0 3052.0 218.0 3052.0 218.0 3067.0 191.0 3067.0 small-vehicle 1
171.0 3036.0 194.0 3036.0 194.0 3049.0 171.0 3049.0 small-vehicle 1
155.0 2984.0 175.0 2984.0 175.0 3004.0 155.0 3004.0 small-vehicle 1
374.0 2927.0 391.0 2927.0 391.0 2947.0 374.0 2947.0 small-vehicle 0
120.0 2987.0 144.0 2987.0 144.0 3010.0 120.0 3010.0 small-vehicle 1
168.0 2924.0 191.0 2924.0 191.0 2940.0 168.0 2940.0 small-vehicle 1
65.0 2958.0 80.0 2958.0 80.0 2979.0 65.0 2979.0 small-vehicle 1
751.0 3442.0 802.0 3442.0 802.0 3493.0 751.0 3493.0 large-vehicle 0
501.0 3058.0 547.0 3058.0 547.0 3105.0 501.0 3105.0 large-vehicle 0
192.0 2875.0 217.0 2875.0 217.0 2907.0 192.0 2907.0 large-vehicle 0
149.0 2913.0 172.0 2913.0 172.0 2932.0 149.0 2932.0 small-vehicle 0
1514.0 2804.0 1537.0 2804.0 1537.0 2822.0 1514.0 2822.0 small-vehicle 0
1458.0 2827.0 1479.0 2827.0 1479.0 2845.0 1458.0 2845.0 small-vehicle 0
373.0 2296.0 390.0 2296.0 390.0 2318.0 373.0 2318.0 small-vehicle 0
1302.0 1261.0 1328.0 1261.0 1328.0 1279.0 1302.0 1279.0 small-vehicle 0
1601.0 876.0 1610.0 876.0 1610.0 895.0 1601.0 895.0 small-vehicle 1
1556.0 974.0 1565.0 974.0 1565.0 996.0 1556.0 996.0 small-vehicle 1
1311.0 880.0 1330.0 880.0 1330.0 891.0 1311.0 891.0 small-vehicle 1
1305.0 892.0 1326.0 892.0 1326.0 905.0 1305.0 905.0 small-vehicle 1
1354.0 903.0 1364.0 903.0 1364.0 922.0 1354.0 922.0 small-vehicle 1
1341.0 900.0 1350.0 900.0 1350.0 922.0 1341.0 922.0 small-vehicle 1
1487.0 1006.0 1498.0 1006.0 1498.0 1021.0 1487.0 1021.0 small-vehicle 1
1433.0 1056.0 1451.0 1056.0 1451.0 1068.0 1433.0 1068.0 small-vehicle 1
1641.0 1127.0 1664.0 1127.0 1664.0 1139.0 1641.0 1139.0 small-vehicle 1
1616.0 1134.0 1636.0 1134.0 1636.0 1147.0 1616.0 1147.0 small-vehicle 1
1590.0 1143.0 1613.0 1143.0 1613.0 1152.0 1590.0 1152.0 small-vehicle 1
1390.0 1019.0 1408.0 1019.0 1408.0 1028.0 1390.0 1028.0 small-vehicle 0
1235.0 1095.0 1256.0 1095.0 1256.0 1106.0 1235.0 1106.0 small-vehicle 0
1262.0 1131.0 1285.0 1131.0 1285.0 1147.0 1262.0 1147.0 small-vehicle 0
1240.0 1142.0 1263.0 1142.0 1263.0 1157.0 1240.0 1157.0 small-vehicle 0
1270.0 1148.0 1290.0 1148.0 1290.0 1169.0 1270.0 1169.0 small-vehicle 0
1324.0 1295.0 1344.0 1295.0 1344.0 1310.0 1324.0 1310.0 small-vehicle 0
1599.0 842.0 1610.0 842.0 1610.0 863.0 1599.0 863.0 small-vehicle 1
1627.0 827.0 1649.0 827.0 1649.0 839.0 1627.0 839.0 small-vehicle 1
1584.0 766.0 1595.0 766.0 1595.0 787.0 1584.0 787.0 small-vehicle 1
1504.0 256.0 1525.0 256.0 1525.0 268.0 1504.0 268.0 small-vehicle 1
356.0 830.0 382.0 830.0 382.0 884.0 356.0 884.0 ship 0
519.0 60.0 535.0 60.0 535.0 69.0 519.0 69.0 small-vehicle 1
496.0 1.0 513.0 1.0 513.0 18.0 496.0 18.0 small-vehicle 1
1459.0 597.0 1470.0 597.0 1470.0 620.0 1459.0 620.0 small-vehicle 1
953.0 258.0 976.0 258.0 976.0 299.0 953.0 299.0 large-vehicle 0
968.0 298.0 984.0 298.0 984.0 324.0 968.0 324.0 small-vehicle 1
1497.0 203.0 1522.0 203.0 1522.0 229.0 1497.0 229.0 small-vehicle 1
1473.0 222.0 1495.0 222.0 1495.0 235.0 1473.0 235.0 small-vehicle 1
1594.0 760.0 1617.0 760.0 1617.0 781.0 1594.0 781.0 small-vehicle 1
1509.0 633.0 1527.0 633.0 1527.0 643.0 1509.0 643.0 small-vehicle 1
1521.0 604.0 1544.0 604.0 1544.0 615.0 1521.0 615.0 small-vehicle 1
1586.0 831.0 1598.0 831.0 1598.0 854.0 1586.0 854.0 small-vehicle 1
1587.0 853.0 1599.0 853.0 1599.0 876.0 1587.0 876.0 small-vehicle 1
1587.0 881.0 1599.0 881.0 1599.0 900.0 1587.0 900.0 small-vehicle 1
1638.0 759.0 1656.0 759.0 1656.0 771.0 1638.0 771.0 small-vehicle 1
1628.0 775.0 1647.0 775.0 1647.0 785.0 1628.0 785.0 small-vehicle 1
1332.0 1272.0 1346.0 1272.0 1346.0 1290.0 1332.0 1290.0 small-vehicle 1
1296.0 1232.0 1317.0 1232.0 1317.0 1248.0 1296.0 1248.0 small-vehicle 0
1453.0 2813.0 1474.0 2813.0 1474.0 2833.0 1453.0 2833.0 small-vehicle 0
1286.0 1182.0 1303.0 1182.0 1303.0 1204.0 1286.0 1204.0 small-vehicle 0
1408.0 1813.0 1427.0 1813.0 1427.0 1828.0 1408.0 1828.0 small-vehicle 1
1407.0 1800.0 1428.0 1800.0 1428.0 1818.0 1407.0 1818.0 small-vehicle 1
1274.0 1882.0 1299.0 1882.0 1299.0 1904.0 1274.0 1904.0 small-vehicle 1
1467.0 1836.0 1479.0 1836.0 1479.0 1853.0 1467.0 1853.0 small-vehicle 1
1380.0 2138.0 1399.0 2138.0 1399.0 2147.0 1380.0 2147.0 small-vehicle 0
1115.0 2178.0 1130.0 2178.0 1130.0 2196.0 1115.0 2196.0 small-vehicle 0
1210.0 2264.0 1236.0 2264.0 1236.0 2284.0 1210.0 2284.0 small-vehicle 0
1177.0 2314.0 1197.0 2314.0 1197.0 2328.0 1177.0 2328.0 small-vehicle 0
1198.0 2354.0 1217.0 2354.0 1217.0 2370.0 1198.0 2370.0 small-vehicle 0
1212.0 2381.0 1231.0 2381.0 1231.0 2398.0 1212.0 2398.0 small-vehicle 0
1231.0 2399.0 1249.0 2399.0 1249.0 2416.0 1231.0 2416.0 small-vehicle 0
1270.0 2357.0 1291.0 2357.0 1291.0 2376.0 1270.0 2376.0 small-vehicle 0
1244.0 2418.0 1267.0 2418.0 1267.0 2437.0 1244.0 2437.0 small-vehicle 0
1259.0 2463.0 1283.0 2463.0 1283.0 2478.0 1259.0 2478.0 small-vehicle 0
1271.0 2483.0 1297.0 2483.0 1297.0 2502.0 1271.0 2502.0 small-vehicle 0
1283.0 2506.0 1302.0 2506.0 1302.0 2519.0 1283.0 2519.0 small-vehicle 0
1446.0 2805.0 1464.0 2805.0 1464.0 2823.0 1446.0 2823.0 small-vehicle 0
1415.0 1820.0 1436.0 1820.0 1436.0 1834.0 1415.0 1834.0 small-vehicle 1
1412.0 1833.0 1432.0 1833.0 1432.0 1850.0 1412.0 1850.0 small-vehicle 1
1413.0 1844.0 1433.0 1844.0 1433.0 1862.0 1413.0 1862.0 small-vehicle 1
1315.0 1534.0 1335.0 1534.0 1335.0 1542.0 1315.0 1542.0 small-vehicle 1
1356.0 1338.0 1377.0 1338.0 1377.0 1359.0 1356.0 1359.0 small-vehicle 0
1536.0 1162.0 1551.0 1162.0 1551.0 1187.0 1536.0 1187.0 ship 0
1651.0 1471.0 1673.0 1471.0 1673.0 1497.0 1651.0 1497.0 large-vehicle 0
1642.0 1434.0 1663.0 1434.0 1663.0 1457.0 1642.0 1457.0 small-vehicle 1
1536.0 1575.0 1558.0 1575.0 1558.0 1599.0 1536.0 1599.0 small-vehicle 1
1441.0 1417.0 1461.0 1417.0 1461.0 1435.0 1441.0 1435.0 small-vehicle 1
1311.0 1438.0 1330.0 1438.0 1330.0 1458.0 1311.0 1458.0 small-vehicle 1
1365.0 1553.0 1380.0 1553.0 1380.0 1575.0 1365.0 1575.0 small-vehicle 1
1278.0 1714.0 1300.0 1714.0 1300.0 1728.0 1278.0 1728.0 small-vehicle 1
1389.0 1617.0 1414.0 1617.0 1414.0 1632.0 1389.0 1632.0 small-vehicle 1
1320.0 1639.0 1332.0 1639.0 1332.0 1656.0 1320.0 1656.0 small-vehicle 1
1338.0 1651.0 1361.0 1651.0 1361.0 1664.0 1338.0 1664.0 small-vehicle 1
1399.0 1655.0 1417.0 1655.0 1417.0 1666.0 1399.0 1666.0 small-vehicle 1
1386.0 1733.0 1407.0 1733.0 1407.0 1749.0 1386.0 1749.0 small-vehicle 1
1380.0 1724.0 1404.0 1724.0 1404.0 1739.0 1380.0 1739.0 small-vehicle 1
1278.0 1704.0 1298.0 1704.0 1298.0 1717.0 1278.0 1717.0 small-vehicle 1
364.0 2300.0 380.0 2300.0 380.0 2323.0 364.0 2323.0 small-vehicle 0
447.0 2256.0 465.0 2256.0 465.0 2277.0 447.0 2277.0 small-vehicle 0
104.0 194.0 116.0 194.0 116.0 219.0 104.0 219.0 ship 0
667.0 135.0 686.0 135.0 686.0 152.0 667.0 152.0 small-vehicle 1
384.0 14.0 400.0 14.0 400.0 34.0 384.0 34.0 small-vehicle 0
375.0 4.0 394.0 4.0 394.0 26.0 375.0 26.0 small-vehicle 0
392.0 51.0 412.0 51.0 412.0 72.0 392.0 72.0 small-vehicle 0
542.0 636.0 563.0 636.0 563.0 647.0 542.0 647.0 small-vehicle 1
468.0 582.0 490.0 582.0 490.0 593.0 468.0 593.0 small-vehicle 1
537.0 604.0 556.0 604.0 556.0 613.0 537.0 613.0 small-vehicle 1
777.0 440.0 796.0 440.0 796.0 460.0 777.0 460.0 small-vehicle 1
733.0 399.0 750.0 399.0 750.0 417.0 733.0 417.0 small-vehicle 1
666.0 415.0 687.0 415.0 687.0 428.0 666.0 428.0 small-vehicle 1
722.0 332.0 740.0 332.0 740.0 351.0 722.0 351.0 small-vehicle 1
773.0 305.0 790.0 305.0 790.0 326.0 773.0 326.0 small-vehicle 1
691.0 210.0 714.0 210.0 714.0 230.0 691.0 230.0 small-vehicle 1
662.0 126.0 682.0 126.0 682.0 143.0 662.0 143.0 small-vehicle 1
664.0 114.0 683.0 114.0 683.0 129.0 664.0 129.0 small-vehicle 1
482.0 282.0 505.0 282.0 505.0 295.0 482.0 295.0 small-vehicle 1
590.0 144.0 613.0 144.0 613.0 156.0 590.0 156.0 small-vehicle 1
604.0 220.0 624.0 220.0 624.0 233.0 604.0 233.0 small-vehicle 1
452.0 58.0 464.0 58.0 464.0 79.0 452.0 79.0 small-vehicle 0
618.0 5.0 646.0 5.0 646.0 17.0 618.0 17.0 small-vehicle 0
527.0 101.0 551.0 101.0 551.0 114.0 527.0 114.0 small-vehicle 0
583.0 68.0 603.0 68.0 603.0 77.0 583.0 77.0 small-vehicle 0
615.0 139.0 635.0 139.0 635.0 152.0 615.0 152.0 small-vehicle 0
612.0 131.0 630.0 131.0 630.0 143.0 612.0 143.0 small-vehicle 0
609.0 120.0 630.0 120.0 630.0 132.0 609.0 132.0 small-vehicle 0
608.0 108.0 628.0 108.0 628.0 119.0 608.0 119.0 small-vehicle 0
588.0 101.0 607.0 101.0 607.0 112.0 588.0 112.0 small-vehicle 0
586.0 92.0 605.0 92.0 605.0 101.0 586.0 101.0 small-vehicle 0
584.0 79.0 603.0 79.0 603.0 89.0 584.0 89.0 small-vehicle 0
604.0 66.0 624.0 66.0 624.0 76.0 604.0 76.0 small-vehicle 0
422.0 151.0 431.0 151.0 431.0 169.0 422.0 169.0 small-vehicle 0
584.0 59.0 602.0 59.0 602.0 70.0 584.0 70.0 small-vehicle 0
547.0 271.0 567.0 271.0 567.0 281.0 547.0 281.0 small-vehicle 0
546.0 262.0 566.0 262.0 566.0 273.0 546.0 273.0 small-vehicle 0
544.0 250.0 568.0 250.0 568.0 262.0 544.0 262.0 small-vehicle 0
549.0 237.0 573.0 237.0 573.0 250.0 549.0 250.0 small-vehicle 0
466.0 168.0 478.0 168.0 478.0 186.0 466.0 186.0 small-vehicle 0
452.0 167.0 464.0 167.0 464.0 185.0 452.0 185.0 small-vehicle 0
669.0 180.0 690.0 180.0 690.0 199.0 669.0 199.0 small-vehicle 1
604.0 76.0 625.0 76.0 625.0 88.0 604.0 88.0 small-vehicle 1
595.0 156.0 613.0 156.0 613.0 165.0 595.0 165.0 small-vehicle 0
421.0 127.0 432.0 127.0 432.0 147.0 421.0 147.0 small-vehicle 1
1626.0 3433.0 1647.0 3433.0 1647.0 3450.0 1626.0 3450.0 ship 0
1606.0 3450.0 1634.0 3450.0 1634.0 3480.0 1606.0 3480.0 ship 0
1618.0 3441.0 1645.0 3441.0 1645.0 3472.0 1618.0 3472.0 ship 0
1582.0 3450.0 1617.0 3450.0 1617.0 3494.0 1582.0 3494.0 ship 0
1566.0 3463.0 1599.0 3463.0 1599.0 3499.0 1566.0 3499.0 ship 0
582.0 2392.0 637.0 2392.0 637.0 2433.0 582.0 2433.0 ship 0
576.0 2384.0 609.0 2384.0 609.0 2408.0 576.0 2408.0 ship 0
318.0 994.0 336.0 994.0 336.0 1031.0 318.0 1031.0 ship 0
119.0 727.0 138.0 727.0 138.0 762.0 119.0 762.0 ship 0
203.0 676.0 219.0 676.0 219.0 709.0 203.0 709.0 ship 0
157.0 597.0 176.0 597.0 176.0 633.0 157.0 633.0 ship 0
56.0 474.0 69.0 474.0 69.0 502.0 56.0 502.0 ship 0
79.0 348.0 95.0 348.0 95.0 359.0 79.0 359.0 ship 0
90.0 313.0 105.0 313.0 105.0 338.0 90.0 338.0 ship 0
348.0 161.0 364.0 161.0 364.0 190.0 348.0 190.0 ship 0
298.0 171.0 314.0 171.0 314.0 196.0 298.0 196.0 ship 0
208.0 183.0 221.0 183.0 221.0 206.0 208.0 206.0 ship 0
1228.0 2594.0 1271.0 2594.0 1271.0 2649.0 1228.0 2649.0 ship 0
1257.0 2652.0 1309.0 2652.0 1309.0 2717.0 1257.0 2717.0 ship 0
1344.0 2404.0 1374.0 2404.0 1374.0 2429.0 1344.0 2429.0 ship 0
1411.0 2105.0 1443.0 2105.0 1443.0 2122.0 1411.0 2122.0 ship 0
522.0 90.0 546.0 90.0 546.0 101.0 522.0 101.0 small-vehicle 1
522.0 71.0 546.0 71.0 546.0 83.0 522.0 83.0 small-vehicle 1
492.0 51.0 503.0 51.0 503.0 71.0 492.0 71.0 small-vehicle 1
707.0 855.0 730.0 855.0 730.0 873.0 707.0 873.0 ship 0
700.0 849.0 722.0 849.0 722.0 862.0 700.0 862.0 ship 0
1404.0 2043.0 1436.0 2043.0 1436.0 2057.0 1404.0 2057.0 ship 0
1395.0 2059.0 1425.0 2059.0 1425.0 2074.0 1395.0 2074.0 ship 0
1396.0 2122.0 1425.0 2122.0 1425.0 2139.0 1396.0 2139.0 ship 0
1337.0 2390.0 1368.0 2390.0 1368.0 2414.0 1337.0 2414.0 ship 0
1415.0 2403.0 1456.0 2403.0 1456.0 2429.0 1415.0 2429.0 ship 0
1412.0 2381.0 1449.0 2381.0 1449.0 2398.0 1412.0 2398.0 ship 0
1420.0 2363.0 1451.0 2363.0 1451.0 2381.0 1420.0 2381.0 ship 0
1409.0 2330.0 1441.0 2330.0 1441.0 2351.0 1409.0 2351.0 ship 0
1313.0 2337.0 1346.0 2337.0 1346.0 2363.0 1313.0 2363.0 ship 0
1326.0 2369.0 1353.0 2369.0 1353.0 2390.0 1326.0 2390.0 ship 0
1331.0 2380.0 1359.0 2380.0 1359.0 2403.0 1331.0 2403.0 ship 0
593.0 133.0 611.0 133.0 611.0 143.0 593.0 143.0 small-vehicle 0
612.0 163.0 638.0 163.0 638.0 176.0 612.0 176.0 small-vehicle 0
502.0 2225.0 519.0 2225.0 519.0 2250.0 502.0 2250.0 small-vehicle 0
540.0 520.0 551.0 520.0 551.0 542.0 540.0 542.0 small-vehicle 0
571.0 689.0 591.0 689.0 591.0 700.0 571.0 700.0 small-vehicle 0
483.0 690.0 505.0 690.0 505.0 703.0 483.0 703.0 small-vehicle 0
481.0 669.0 503.0 669.0 503.0 682.0 481.0 682.0 small-vehicle 0
478.0 651.0 498.0 651.0 498.0 662.0 478.0 662.0 small-vehicle 0
472.0 639.0 500.0 639.0 500.0 652.0 472.0 652.0 small-vehicle 0
471.0 621.0 496.0 621.0 496.0 633.0 471.0 633.0 small-vehicle 0
471.0 610.0 496.0 610.0 496.0 622.0 471.0 622.0 small-vehicle 0
466.0 592.0 494.0 592.0 494.0 605.0 466.0 605.0 small-vehicle 0
491.0 1072.0 520.0 1072.0 520.0 1148.0 491.0 1148.0 large-vehicle 0
919.0 549.0 941.0 549.0 941.0 590.0 919.0 590.0 large-vehicle 0
650.0 607.0 668.0 607.0 668.0 618.0 650.0 618.0 small-vehicle 0
643.0 572.0 666.0 572.0 666.0 586.0 643.0 586.0 small-vehicle 0
632.0 541.0 656.0 541.0 656.0 553.0 632.0 553.0 small-vehicle 0
666.0 527.0 689.0 527.0 689.0 539.0 666.0 539.0 small-vehicle 0
618.0 510.0 631.0 510.0 631.0 533.0 618.0 533.0 small-vehicle 0
597.0 517.0 608.0 517.0 608.0 534.0 597.0 534.0 small-vehicle 0
586.0 514.0 597.0 514.0 597.0 537.0 586.0 537.0 small-vehicle 0
556.0 713.0 577.0 713.0 577.0 725.0 556.0 725.0 small-vehicle 0
509.0 747.0 527.0 747.0 527.0 758.0 509.0 758.0 small-vehicle 0
545.0 646.0 570.0 646.0 570.0 658.0 545.0 658.0 small-vehicle 0
510.0 758.0 530.0 758.0 530.0 768.0 510.0 768.0 small-vehicle 0
373.0 2234.0 385.0 2234.0 385.0 2255.0 373.0 2255.0 small-vehicle 0
361.0 2234.0 375.0 2234.0 375.0 2262.0 361.0 2262.0 small-vehicle 0
365.0 2085.0 391.0 2085.0 391.0 2106.0 365.0 2106.0 ship 0
397.0 2040.0 417.0 2040.0 417.0 2056.0 397.0 2056.0 small-vehicle 0
390.0 2048.0 407.0 2048.0 407.0 2062.0 390.0 2062.0 small-vehicle 0
375.0 2049.0 400.0 2049.0 400.0 2070.0 375.0 2070.0 small-vehicle 0
510.0 778.0 531.0 778.0 531.0 790.0 510.0 790.0 small-vehicle 0
633.0 763.0 658.0 763.0 658.0 783.0 633.0 783.0 small-vehicle 0
546.0 659.0 568.0 659.0 568.0 669.0 546.0 669.0 small-vehicle 0
557.0 725.0 577.0 725.0 577.0 734.0 557.0 734.0 small-vehicle 0
540.0 625.0 560.0 625.0 560.0 636.0 540.0 636.0 small-vehicle 0
537.0 615.0 557.0 615.0 557.0 625.0 537.0 625.0 small-vehicle 0
537.0 581.0 557.0 581.0 557.0 592.0 537.0 592.0 small-vehicle 0
537.0 593.0 558.0 593.0 558.0 603.0 537.0 603.0 small-vehicle 0
558.0 601.0 580.0 601.0 580.0 612.0 558.0 612.0 small-vehicle 0
564.0 612.0 584.0 612.0 584.0 622.0 564.0 622.0 small-vehicle 0
552.0 521.0 564.0 521.0 564.0 539.0 552.0 539.0 small-vehicle 0
530.0 524.0 541.0 524.0 541.0 544.0 530.0 544.0 small-vehicle 0
619.0 196.0 643.0 196.0 643.0 209.0 619.0 209.0 small-vehicle 0
519.0 523.0 530.0 523.0 530.0 543.0 519.0 543.0 small-vehicle 0
722.0 311.0 741.0 311.0 741.0 330.0 722.0 330.0 small-vehicle 0
651.0 296.0 667.0 296.0 667.0 305.0 651.0 305.0 small-vehicle 0
649.0 277.0 670.0 277.0 670.0 287.0 649.0 287.0 small-vehicle 0
852.0 95.0 873.0 95.0 873.0 116.0 852.0 116.0 small-vehicle 0
826.0 44.0 844.0 44.0 844.0 64.0 826.0 64.0 small-vehicle 0
736.0 176.0 761.0 176.0 761.0 193.0 736.0 193.0 small-vehicle 0
744.0 127.0 768.0 127.0 768.0 143.0 744.0 143.0 small-vehicle 0
735.0 90.0 762.0 90.0 762.0 108.0 735.0 108.0 small-vehicle 0
665.0 59.0 691.0 59.0 691.0 81.0 665.0 81.0 large-vehicle 0
653.0 58.0 675.0 58.0 675.0 78.0 653.0 78.0 small-vehicle 0
671.0 74.0 689.0 74.0 689.0 90.0 671.0 90.0 small-vehicle 0
673.0 80.0 694.0 80.0 694.0 99.0 673.0 99.0 small-vehicle 0
678.0 90.0 699.0 90.0 699.0 109.0 678.0 109.0 small-vehicle 0
626.0 232.0 645.0 232.0 645.0 242.0 626.0 242.0 small-vehicle 0
623.0 219.0 643.0 219.0 643.0 229.0 623.0 229.0 small-vehicle 0
627.0 208.0 647.0 208.0 647.0 219.0 627.0 219.0 small-vehicle 0
606.0 210.0 625.0 210.0 625.0 220.0 606.0 220.0 small-vehicle 0
733.0 330.0 753.0 330.0 753.0 350.0 733.0 350.0 small-vehicle 0
761.0 327.0 781.0 327.0 781.0 347.0 761.0 347.0 small-vehicle 0
749.0 309.0 769.0 309.0 769.0 331.0 749.0 331.0 small-vehicle 0
674.0 481.0 693.0 481.0 693.0 493.0 674.0 493.0 small-vehicle 0
510.0 528.0 521.0 528.0 521.0 549.0 510.0 549.0 small-vehicle 0
739.0 445.0 758.0 445.0 758.0 464.0 739.0 464.0 small-vehicle 0
750.0 441.0 768.0 441.0 768.0 459.0 750.0 459.0 small-vehicle 0
798.0 387.0 817.0 387.0 817.0 412.0 798.0 412.0 small-vehicle 0
760.0 373.0 778.0 373.0 778.0 395.0 760.0 395.0 small-vehicle 0
748.0 371.0 767.0 371.0 767.0 394.0 748.0 394.0 small-vehicle 0
735.0 375.0 752.0 375.0 752.0 397.0 735.0 397.0 small-vehicle 0
668.0 458.0 692.0 458.0 692.0 471.0 668.0 471.0 small-vehicle 0
735.0 309.0 754.0 309.0 754.0 329.0 735.0 329.0 small-vehicle 0
687.0 439.0 709.0 439.0 709.0 460.0 687.0 460.0 small-vehicle 0
660.0 402.0 682.0 402.0 682.0 416.0 660.0 416.0 small-vehicle 0
656.0 381.0 680.0 381.0 680.0 394.0 656.0 394.0 small-vehicle 0
660.0 369.0 679.0 369.0 679.0 381.0 660.0 381.0 small-vehicle 0
653.0 350.0 674.0 350.0 674.0 360.0 653.0 360.0 small-vehicle 0
651.0 328.0 674.0 328.0 674.0 338.0 651.0 338.0 small-vehicle 0
652.0 318.0 671.0 318.0 671.0 327.0 652.0 327.0 small-vehicle 0
99.0 161.0 367.0 161.0 367.0 251.0 99.0 251.0 harbor 0
