imagesource:GoogleEarth
gsd:0.231280562342
1549.0 694.0 1577.0 694.0 1577.0 710.0 1549.0 710.0 ship 0
1659.0 1784.0 1824.0 1784.0 1824.0 1926.0 1659.0 1926.0 harbor 0
752.0 1029.0 825.0 1029.0 825.0 1052.0 752.0 1052.0 harbor 0
710.0 1219.0 789.0 1219.0 789.0 1247.0 710.0 1247.0 harbor 0
625.0 1291.0 705.0 1291.0 705.0 1360.0 625.0 1360.0 harbor 0
2190.0 2235.0 2243.0 2235.0 2243.0 2392.0 2190.0 2392.0 harbor 0
2192.0 2124.0 2220.0 2124.0 2220.0 2235.0 2192.0 2235.0 harbor 0
1867.0 1946.0 2209.0 1946.0 2209.0 2211.0 1867.0 2211.0 harbor 0
1819.0 1931.0 2046.0 1931.0 2046.0 2087.0 1819.0 2087.0 harbor 0
1819.0 1889.0 1989.0 1889.0 1989.0 2010.0 1819.0 2010.0 harbor 0
1432.0 1671.0 1506.0 1671.0 1506.0 1815.0 1432.0 1815.0 harbor 0
895.0 740.0 936.0 740.0 936.0 826.0 895.0 826.0 harbor 0
1231.0 1602.0 1346.0 1602.0 1346.0 1780.0 1231.0 1780.0 harbor 0
1166.0 1605.0 1254.0 1605.0 1254.0 1798.0 1166.0 1798.0 harbor 0
1081.0 1600.0 1165.0 1600.0 1165.0 1757.0 1081.0 1757.0 harbor 0
920.0 1605.0 994.0 1605.0 994.0 1746.0 920.0 1746.0 harbor 0
831.0 1639.0 883.0 1639.0 883.0 1761.0 831.0 1761.0 harbor 0
630.0 1696.0 687.0 1696.0 687.0 1790.0 630.0 1790.0 harbor 0
386.0 1752.0 428.0 1752.0 428.0 1826.0 386.0 1826.0 harbor 0
299.0 1785.0 353.0 1785.0 353.0 1845.0 299.0 1845.0 harbor 0
676.0 843.0 888.0 843.0 888.0 944.0 676.0 944.0 harbor 0
1546.0 632.0 1609.0 632.0 1609.0 721.0 1546.0 721.0 harbor 0
1218.0 1639.0 1237.0 1639.0 1237.0 1671.0 1218.0 1671.0 ship 0
642.0 2237.0 669.0 2237.0 669.0 2250.0 642.0 2250.0 small-vehicle 1
1186.0 1616.0 1239.0 1616.0 1239.0 1639.0 1186.0 1639.0 ship 0
1193.0 1581.0 1251.0 1581.0 1251.0 1616.0 1193.0 1616.0 ship 0
287.0 1199.0 340.0 1199.0 340.0 1255.0 287.0 1255.0 swimming-pool 0
676.0 1551.0 709.0 1551.0 709.0 1574.0 676.0 1574.0 ship 1
627.0 1706.0 660.0 1706.0 660.0 1726.0 627.0 1726.0 ship 1
107.0 2374.0 130.0 2374.0 130.0 2396.0 107.0 2396.0 small-vehicle 1
146.0 2379.0 160.0 2379.0 160.0 2401.0 146.0 2401.0 small-vehicle 1
166.0 2363.0 181.0 2363.0 181.0 2384.0 166.0 2384.0 small-vehicle 1
1243.0 1943.0 1276.0 1943.0 1276.0 1965.0 1243.0 1965.0 ship 1
1906.0 536.0 1968.0 536.0 1968.0 647.0 1906.0 647.0 harbor 0
1138.0 2091.0 1166.0 2091.0 1166.0 2105.0 1138.0 2105.0 small-vehicle 1
1290.0 2325.0 1308.0 2325.0 1308.0 2351.0 1290.0 2351.0 small-vehicle 1
1410.0 2265.0 1430.0 2265.0 1430.0 2296.0 1410.0 2296.0 small-vehicle 1
1536.0 2216.0 1566.0 2216.0 1566.0 2255.0 1536.0 2255.0 ship 0
1768.0 1774.0 1799.0 1774.0 1799.0 1799.0 1768.0 1799.0 ship 0
1973.0 1911.0 2039.0 1911.0 2039.0 1964.0 1973.0 1964.0 ship 0
532.0 479.0 557.0 479.0 557.0 497.0 532.0 497.0 small-vehicle 1
519.0 470.0 542.0 470.0 542.0 485.0 519.0 485.0 small-vehicle 1
202.0 1795.0 267.0 1795.0 267.0 1864.0 202.0 1864.0 harbor 0
