imagesource:GoogleEarth
gsd:0.237036626767
1084.0 1997.0 1115.0 1997.0 1115.0 2038.0 1084.0 2038.0 ship 0
2051.0 993.0 2156.0 993.0 2156.0 1133.0 2051.0 1133.0 harbor 0
336.0 319.0 536.0 319.0 536.0 594.0 336.0 594.0 harbor 0
482.0 539.0 696.0 539.0 696.0 674.0 482.0 674.0 harbor 0
511.0 617.0 744.0 617.0 744.0 734.0 511.0 734.0 harbor 0
521.0 698.0 783.0 698.0 783.0 832.0 521.0 832.0 harbor 0
544.0 869.0 746.0 869.0 746.0 925.0 544.0 925.0 harbor 0
491.0 976.0 674.0 976.0 674.0 1092.0 491.0 1092.0 harbor 0
49.0 2203.0 185.0 2203.0 185.0 2423.0 49.0 2423.0 harbor 0
294.0 2122.0 398.0 2122.0 398.0 2257.0 294.0 2257.0 harbor 0
518.0 2078.0 631.0 2078.0 631.0 2204.0 518.0 2204.0 harbor 0
929.0 1971.0 965.0 1971.0 965.0 2142.0 929.0 2142.0 harbor 0
1017.0 1979.0 1156.0 1979.0 1156.0 2182.0 1017.0 2182.0 harbor 0
1229.0 2175.0 1399.0 2175.0 1399.0 2286.0 1229.0 2286.0 harbor 0
2215.0 956.0 2284.0 956.0 2284.0 1034.0 2215.0 1034.0 harbor 0
1930.0 1070.0 1994.0 1070.0 1994.0 1202.0 1930.0 1202.0 harbor 0
344.0 530.0 399.0 530.0 399.0 603.0 344.0 603.0 ship 0
1702.0 1119.0 1772.0 1119.0 1772.0 1198.0 1702.0 1198.0 harbor 0
1490.0 1110.0 1585.0 1110.0 1585.0 1213.0 1490.0 1213.0 harbor 0
1297.0 1028.0 1367.0 1028.0 1367.0 1146.0 1297.0 1146.0 harbor 0
1087.0 1060.0 1146.0 1060.0 1146.0 1153.0 1087.0 1153.0 harbor 0
614.0 148.0 644.0 148.0 644.0 176.0 614.0 176.0 small-vehicle 1
406.0 135.0 430.0 135.0 430.0 155.0 406.0 155.0 small-vehicle 1
609.0 288.0 632.0 288.0 632.0 305.0 609.0 305.0 small-vehicle 1
2256.0 720.0 2275.0 720.0 2275.0 744.0 2256.0 744.0 small-vehicle 1
1230.0 868.0 1253.0 868.0 1253.0 885.0 1230.0 885.0 small-vehicle 1
1256.0 880.0 1285.0 880.0 1285.0 900.0 1256.0 900.0 large-vehicle 0
920.0 796.0 948.0 796.0 948.0 815.0 920.0 815.0 small-vehicle 1
492.0 1050.0 545.0 1050.0 545.0 1091.0 492.0 1091.0 ship 0
392.0 481.0 427.0 481.0 427.0 524.0 392.0 524.0 ship 0
224.0 365.0 273.0 365.0 273.0 513.0 224.0 513.0 harbor 0
