imagesource:GoogleEarth
gsd:0.216454610982
2395.0 909.0 2414.0 909.0 2414.0 919.0 2395.0 919.0 small-vehicle 1
1558.0 473.0 1579.0 473.0 1579.0 511.0 1558.0 511.0 ship 0
1809.0 2018.0 1828.0 2018.0 1828.0 2042.0 1809.0 2042.0 small-vehicle 1
909.0 257.0 943.0 257.0 943.0 282.0 909.0 282.0 ship 1
667.0 955.0 695.0 955.0 695.0 975.0 667.0 975.0 ship 1
462.0 1916.0 496.0 1916.0 496.0 1941.0 462.0 1941.0 ship 1
2840.0 1979.0 2984.0 1979.0 2984.0 2128.0 2840.0 2128.0 harbor 0
2961.0 1891.0 3077.0 1891.0 3077.0 2002.0 2961.0 2002.0 harbor 0
3073.0 1744.0 3161.0 1744.0 3161.0 1831.0 3073.0 1831.0 harbor 0
3133.0 1529.0 3273.0 1529.0 3273.0 1683.0 3133.0 1683.0 harbor 0
3117.0 748.0 3230.0 748.0 3230.0 874.0 3117.0 874.0 harbor 0
2637.0 470.0 2747.0 470.0 2747.0 591.0 2637.0 591.0 harbor 0
2451.0 516.0 2470.0 516.0 2470.0 641.0 2451.0 641.0 harbor 0
2104.0 415.0 2307.0 415.0 2307.0 581.0 2104.0 581.0 harbor 0
1966.0 481.0 1994.0 481.0 1994.0 555.0 1966.0 555.0 harbor 0
1636.0 450.0 1670.0 450.0 1670.0 560.0 1636.0 560.0 harbor 0
1535.0 451.0 1588.0 451.0 1588.0 571.0 1535.0 571.0 harbor 0
1245.0 405.0 1345.0 405.0 1345.0 573.0 1245.0 573.0 harbor 0
1055.0 353.0 1114.0 353.0 1114.0 560.0 1055.0 560.0 harbor 0
760.0 200.0 953.0 200.0 953.0 380.0 760.0 380.0 harbor 0
246.0 285.0 320.0 285.0 320.0 483.0 246.0 483.0 harbor 0
1696.0 1921.0 1711.0 1921.0 1711.0 1945.0 1696.0 1945.0 small-vehicle 1
2129.0 507.0 2180.0 507.0 2180.0 541.0 2129.0 541.0 ship 0
1246.0 428.0 1261.0 428.0 1261.0 452.0 1246.0 452.0 ship 1
2196.0 487.0 2229.0 487.0 2229.0 543.0 2196.0 543.0 ship 0
3259.0 933.0 3302.0 933.0 3302.0 979.0 3259.0 979.0 ship 0
2606.0 1611.0 2629.0 1611.0 2629.0 1637.0 2606.0 1637.0 small-vehicle 1
2905.0 2032.0 2917.0 2032.0 2917.0 2048.0 2905.0 2048.0 ship 1
2985.0 1968.0 3022.0 1968.0 3022.0 2004.0 2985.0 2004.0 ship 1
2852.0 2084.0 2884.0 2084.0 2884.0 2126.0 2852.0 2126.0 ship 1
2382.0 2096.0 2395.0 2096.0 2395.0 2122.0 2382.0 2122.0 small-vehicle 1
2222.0 1464.0 2251.0 1464.0 2251.0 1480.0 2222.0 1480.0 small-vehicle 1
2161.0 1173.0 2180.0 1173.0 2180.0 1202.0 2161.0 1202.0 small-vehicle 1
2314.0 1124.0 2337.0 1124.0 2337.0 1159.0 2314.0 1159.0 small-vehicle 1
2366.0 668.0 2381.0 668.0 2381.0 697.0 2366.0 697.0 small-vehicle 1
2335.0 656.0 2347.0 656.0 2347.0 685.0 2335.0 685.0 small-vehicle 1
2278.0 675.0 2301.0 675.0 2301.0 690.0 2278.0 690.0 small-vehicle 1
2250.0 658.0 2275.0 658.0 2275.0 677.0 2250.0 677.0 small-vehicle 1
2201.0 635.0 2227.0 635.0 2227.0 654.0 2201.0 654.0 small-vehicle 1
2165.0 627.0 2187.0 627.0 2187.0 642.0 2165.0 642.0 small-vehicle 1
2442.0 522.0 2456.0 522.0 2456.0 566.0 2442.0 566.0 ship 0
2138.0 408.0 2201.0 408.0 2201.0 442.0 2138.0 442.0 ship 0
2126.0 444.0 2193.0 444.0 2193.0 479.0 2126.0 479.0 ship 0
2222.0 460.0 2294.0 460.0 2294.0 497.0 2222.0 497.0 ship 0
99.0 324.0 146.0 324.0 146.0 502.0 99.0 502.0 harbor 0
