imagesource:GoogleEarth
gsd:0.259511829611
678.0 1601.0 695.0 1601.0 695.0 1623.0 678.0 1623.0 small-vehicle 0
988.0 475.0 1008.0 475.0 1008.0 505.0 988.0 505.0 large-vehicle 0
580.0 740.0 765.0 740.0 765.0 781.0 580.0 781.0 harbor 0
589.0 803.0 717.0 803.0 717.0 863.0 589.0 863.0 harbor 0
485.0 875.0 638.0 875.0 638.0 948.0 485.0 948.0 harbor 0
157.0 1109.0 340.0 1109.0 340.0 1216.0 157.0 1216.0 harbor 0
259.0 1208.0 374.0 1208.0 374.0 1327.0 259.0 1327.0 harbor 0
258.0 1353.0 389.0 1353.0 389.0 1478.0 258.0 1478.0 harbor 0
397.0 1528.0 481.0 1528.0 481.0 1602.0 397.0 1602.0 harbor 0
500.0 1617.0 589.0 1617.0 589.0 1676.0 500.0 1676.0 harbor 0
592.0 1689.0 729.0 1689.0 729.0 1798.0 592.0 1798.0 harbor 0
455.0 689.0 714.0 689.0 714.0 731.0 455.0 731.0 harbor 0
540.0 604.0 759.0 604.0 759.0 637.0 540.0 637.0 harbor 0
591.0 514.0 793.0 514.0 793.0 551.0 591.0 551.0 harbor 0
458.0 359.0 485.0 359.0 485.0 376.0 458.0 376.0 ship 0
671.0 381.0 701.0 381.0 701.0 422.0 671.0 422.0 ship 0
778.0 583.0 793.0 583.0 793.0 606.0 778.0 606.0 ship 0
600.0 772.0 635.0 772.0 635.0 788.0 600.0 788.0 ship 0
627.0 829.0 662.0 829.0 662.0 849.0 627.0 849.0 ship 0
76.0 491.0 127.0 491.0 127.0 552.0 76.0 552.0 ship 0
254.0 1253.0 285.0 1253.0 285.0 1301.0 254.0 1301.0 ship 0
292.0 1309.0 304.0 1309.0 304.0 1325.0 292.0 1325.0 ship 1
504.0 1630.0 535.0 1630.0 535.0 1657.0 504.0 1657.0 ship 0
605.0 1725.0 623.0 1725.0 623.0 1741.0 605.0 1741.0 ship 1
614.0 1718.0 662.0 1718.0 662.0 1752.0 614.0 1752.0 ship 0
545.0 1326.0 572.0 1326.0 572.0 1345.0 545.0 1345.0 small-vehicle 1
460.0 1113.0 480.0 1113.0 480.0 1131.0 460.0 1131.0 small-vehicle 1
900.0 632.0 921.0 632.0 921.0 657.0 900.0 657.0 small-vehicle 1
907.0 549.0 919.0 549.0 919.0 572.0 907.0 572.0 small-vehicle 1
653.0 306.0 730.0 306.0 730.0 442.0 653.0 442.0 harbor 0
