imagesource:GoogleEarth
gsd:0.237028671789
1175.0 132.0 1208.0 132.0 1208.0 150.0 1175.0 150.0 ship 0
1116.0 471.0 1254.0 471.0 1254.0 610.0 1116.0 610.0 harbor 0
113.0 1511.0 124.0 1511.0 124.0 1530.0 113.0 1530.0 ship 0
82.0 1520.0 100.0 1520.0 100.0 1570.0 82.0 1570.0 ship 0
9.0 1223.0 33.0 1223.0 33.0 1235.0 9.0 1235.0 small-vehicle 1
9.0 1239.0 31.0 1239.0 31.0 1264.0 9.0 1264.0 small-vehicle 1
103.0 1285.0 119.0 1285.0 119.0 1294.0 103.0 1294.0 small-vehicle 1
97.0 1268.0 120.0 1268.0 120.0 1281.0 97.0 1281.0 small-vehicle 1
563.0 171.0 587.0 171.0 587.0 197.0 563.0 197.0 small-vehicle 1
1497.0 945.0 1566.0 945.0 1566.0 1042.0 1497.0 1042.0 harbor 0
1273.0 702.0 1437.0 702.0 1437.0 855.0 1273.0 855.0 harbor 0
1210.0 554.0 1387.0 554.0 1387.0 736.0 1210.0 736.0 harbor 0
949.0 505.0 1102.0 505.0 1102.0 846.0 949.0 846.0 harbor 0
121.0 94.0 132.0 94.0 132.0 110.0 121.0 110.0 small-vehicle 1
683.0 415.0 871.0 415.0 871.0 651.0 683.0 651.0 harbor 0
582.0 565.0 861.0 565.0 861.0 734.0 582.0 734.0 harbor 0
745.0 765.0 912.0 765.0 912.0 873.0 745.0 873.0 harbor 0
617.0 973.0 766.0 973.0 766.0 1070.0 617.0 1070.0 harbor 0
656.0 1136.0 733.0 1136.0 733.0 1212.0 656.0 1212.0 harbor 0
717.0 1193.0 855.0 1193.0 855.0 1325.0 717.0 1325.0 harbor 0
789.0 1502.0 872.0 1502.0 872.0 1574.0 789.0 1574.0 harbor 0
241.0 1468.0 271.0 1468.0 271.0 1595.0 241.0 1595.0 harbor 0
171.0 1457.0 234.0 1457.0 234.0 1587.0 171.0 1587.0 harbor 0
96.0 1453.0 122.0 1453.0 122.0 1573.0 96.0 1573.0 harbor 0
231.0 1539.0 247.0 1539.0 247.0 1582.0 231.0 1582.0 ship 0
234.0 1237.0 250.0 1237.0 250.0 1266.0 234.0 1266.0 ship 0
776.0 1239.0 846.0 1239.0 846.0 1311.0 776.0 1311.0 ship 0
664.0 1468.0 687.0 1468.0 687.0 1479.0 664.0 1479.0 small-vehicle 1
1424.0 222.0 1437.0 222.0 1437.0 243.0 1424.0 243.0 small-vehicle 0
1223.0 135.0 1235.0 135.0 1235.0 160.0 1223.0 160.0 small-vehicle 0
1054.0 381.0 1078.0 381.0 1078.0 392.0 1054.0 392.0 small-vehicle 0
1035.0 421.0 1047.0 421.0 1047.0 447.0 1035.0 447.0 small-vehicle 0
1021.0 418.0 1033.0 418.0 1033.0 445.0 1021.0 445.0 small-vehicle 0
840.0 570.0 887.0 570.0 887.0 619.0 840.0 619.0 ship 1
941.0 557.0 1003.0 557.0 1003.0 574.0 941.0 574.0 ship 1
953.0 650.0 1016.0 650.0 1016.0 673.0 953.0 673.0 ship 1
1101.0 571.0 1160.0 571.0 1160.0 624.0 1101.0 624.0 ship 0
940.0 697.0 1001.0 697.0 1001.0 720.0 940.0 720.0 ship 1
1085.0 722.0 1124.0 722.0 1124.0 741.0 1085.0 741.0 ship 0
998.0 728.0 1076.0 728.0 1076.0 755.0 998.0 755.0 ship 0
1000.0 756.0 1081.0 756.0 1081.0 781.0 1000.0 781.0 ship 0
1012.0 785.0 1080.0 785.0 1080.0 806.0 1012.0 806.0 ship 0
1025.0 990.0 1061.0 990.0 1061.0 1095.0 1025.0 1095.0 ship 0
1489.0 1408.0 1518.0 1408.0 1518.0 1449.0 1489.0 1449.0 ship 0
1136.0 1553.0 1149.0 1553.0 1149.0 1574.0 1136.0 1574.0 ship 0
1100.0 1571.0 1151.0 1571.0 1151.0 1609.0 1100.0 1609.0 ship 0
855.0 855.0 886.0 855.0 886.0 876.0 855.0 876.0 ship 0
687.0 1041.0 741.0 1041.0 741.0 1078.0 687.0 1078.0 ship 0
664.0 1446.0 688.0 1446.0 688.0 1463.0 664.0 1463.0 small-vehicle 1
1.0 1426.0 60.0 1426.0 60.0 1515.0 1.0 1515.0 harbor 0
