imagesource:GoogleEarth
gsd:0.281139737108
588.0 1644.0 608.0 1644.0 608.0 1664.0 588.0 1664.0 small-vehicle 1
467.0 1670.0 487.0 1670.0 487.0 1690.0 467.0 1690.0 small-vehicle 0
469.0 343.0 954.0 343.0 954.0 610.0 469.0 610.0 harbor 0
541.0 657.0 662.0 657.0 662.0 690.0 541.0 690.0 harbor 0
663.0 681.0 944.0 681.0 944.0 812.0 663.0 812.0 harbor 0
565.0 820.0 766.0 820.0 766.0 875.0 565.0 875.0 harbor 0
563.0 969.0 851.0 969.0 851.0 1123.0 563.0 1123.0 harbor 0
531.0 1040.0 770.0 1040.0 770.0 1180.0 531.0 1180.0 harbor 0
489.0 1130.0 697.0 1130.0 697.0 1289.0 489.0 1289.0 harbor 0
482.0 1258.0 628.0 1258.0 628.0 1399.0 482.0 1399.0 harbor 0
485.0 1429.0 548.0 1429.0 548.0 1499.0 485.0 1499.0 harbor 0
280.0 1428.0 456.0 1428.0 456.0 1633.0 280.0 1633.0 harbor 0
184.0 1474.0 362.0 1474.0 362.0 1669.0 184.0 1669.0 harbor 0
532.0 671.0 560.0 671.0 560.0 686.0 532.0 686.0 ship 0
842.0 288.0 856.0 288.0 856.0 302.0 842.0 302.0 ship 1
976.0 1038.0 1000.0 1038.0 1000.0 1054.0 976.0 1054.0 small-vehicle 1
507.0 1128.0 538.0 1128.0 538.0 1156.0 507.0 1156.0 ship 0
479.0 1442.0 498.0 1442.0 498.0 1458.0 479.0 1458.0 ship 0
234.0 1468.0 259.0 1468.0 259.0 1496.0 234.0 1496.0 ship 0
785.0 261.0 1056.0 261.0 1056.0 494.0 785.0 494.0 harbor 0
