imagesource:GoogleEarth
gsd:0.258452624633
2763.0 245.0 2882.0 245.0 2882.0 364.0 2763.0 364.0 roundabout 0
2548.0 1200.0 2732.0 1200.0 2732.0 1389.0 2548.0 1389.0 harbor 0
507.0 2350.0 533.0 2350.0 533.0 2374.0 507.0 2374.0 ship 0
759.0 2138.0 787.0 2138.0 787.0 2162.0 759.0 2162.0 ship 0
572.0 2225.0 603.0 2225.0 603.0 2255.0 572.0 2255.0 ship 0
258.0 2097.0 277.0 2097.0 277.0 2113.0 258.0 2113.0 small-vehicle 1
258.0 2111.0 279.0 2111.0 279.0 2132.0 258.0 2132.0 small-vehicle 1
233.0 2091.0 255.0 2091.0 255.0 2112.0 233.0 2112.0 small-vehicle 1
3664.0 577.0 3727.0 577.0 3727.0 792.0 3664.0 792.0 harbor 0
3233.0 530.0 3457.0 530.0 3457.0 762.0 3233.0 762.0 harbor 0
3045.0 649.0 3262.0 649.0 3262.0 833.0 3045.0 833.0 harbor 0
2958.0 756.0 3218.0 756.0 3218.0 971.0 2958.0 971.0 harbor 0
2946.0 843.0 3111.0 843.0 3111.0 1013.0 2946.0 1013.0 harbor 0
2794.0 985.0 2995.0 985.0 2995.0 1110.0 2794.0 1110.0 harbor 0
2680.0 1096.0 2960.0 1096.0 2960.0 1359.0 2680.0 1359.0 harbor 0
2418.0 1313.0 2552.0 1313.0 2552.0 1478.0 2418.0 1478.0 harbor 0
3673.0 769.0 3699.0 769.0 3699.0 782.0 3673.0 782.0 ship 0
2326.0 1378.0 2436.0 1378.0 2436.0 1541.0 2326.0 1541.0 harbor 0
2165.0 1468.0 2279.0 1468.0 2279.0 1629.0 2165.0 1629.0 harbor 0
2008.0 1518.0 2171.0 1518.0 2171.0 1710.0 2008.0 1710.0 harbor 0
1947.0 1601.0 2178.0 1601.0 2178.0 1891.0 1947.0 1891.0 harbor 0
1244.0 1362.0 1366.0 1362.0 1366.0 1732.0 1244.0 1732.0 harbor 0
1088.0 1455.0 1216.0 1455.0 1216.0 1835.0 1088.0 1835.0 harbor 0
927.0 1546.0 1105.0 1546.0 1105.0 1875.0 927.0 1875.0 harbor 0
769.0 1604.0 962.0 1604.0 962.0 1996.0 769.0 1996.0 harbor 0
420.0 1798.0 473.0 1798.0 473.0 1849.0 420.0 1849.0 swimming-pool 0
725.0 1572.0 773.0 1572.0 773.0 1612.0 725.0 1612.0 swimming-pool 0
447.0 1921.0 791.0 1921.0 791.0 2199.0 447.0 2199.0 harbor 0
379.0 2097.0 596.0 2097.0 596.0 2286.0 379.0 2286.0 harbor 0
324.0 2183.0 537.0 2183.0 537.0 2390.0 324.0 2390.0 harbor 0
1102.0 1236.0 1116.0 1236.0 1116.0 1259.0 1102.0 1259.0 small-vehicle 1
2007.0 666.0 2026.0 666.0 2026.0 688.0 2007.0 688.0 small-vehicle 1
1861.0 446.0 1926.0 446.0 1926.0 499.0 1861.0 499.0 swimming-pool 0
1962.0 181.0 1976.0 181.0 1976.0 202.0 1962.0 202.0 small-vehicle 1
3746.0 244.0 3768.0 244.0 3768.0 262.0 3746.0 262.0 ship 0
3709.0 225.0 3735.0 225.0 3735.0 246.0 3709.0 246.0 ship 0
3555.0 320.0 3574.0 320.0 3574.0 338.0 3555.0 338.0 small-vehicle 0
3431.0 385.0 3454.0 385.0 3454.0 406.0 3431.0 406.0 small-vehicle 0
3402.0 385.0 3420.0 385.0 3420.0 404.0 3402.0 404.0 small-vehicle 0
3317.0 384.0 3337.0 384.0 3337.0 402.0 3317.0 402.0 small-vehicle 0
3250.0 385.0 3271.0 385.0 3271.0 406.0 3250.0 406.0 small-vehicle 0
3391.0 653.0 3417.0 653.0 3417.0 679.0 3391.0 679.0 ship 0
3399.0 669.0 3418.0 669.0 3418.0 693.0 3399.0 693.0 ship 0
3397.0 722.0 3430.0 722.0 3430.0 753.0 3397.0 753.0 ship 0
3374.0 693.0 3400.0 693.0 3400.0 718.0 3374.0 718.0 ship 0
3360.0 683.0 3385.0 683.0 3385.0 709.0 3360.0 709.0 ship 0
3343.0 672.0 3369.0 672.0 3369.0 696.0 3343.0 696.0 ship 0
3081.0 964.0 3121.0 964.0 3121.0 1002.0 3081.0 1002.0 ship 0
2397.0 1510.0 2423.0 1510.0 2423.0 1532.0 2397.0 1532.0 ship 0
2248.0 1590.0 2280.0 1590.0 2280.0 1615.0 2248.0 1615.0 ship 0
2098.0 1829.0 2136.0 1829.0 2136.0 1863.0 2098.0 1863.0 ship 0
2090.0 1818.0 2118.0 1818.0 2118.0 1845.0 2090.0 1845.0 ship 0
2054.0 1337.0 2071.0 1337.0 2071.0 1357.0 2054.0 1357.0 small-vehicle 1
2349.0 1152.0 2371.0 1152.0 2371.0 1170.0 2349.0 1170.0 small-vehicle 1
2322.0 1175.0 2343.0 1175.0 2343.0 1195.0 2322.0 1195.0 small-vehicle 1
2278.0 1231.0 2296.0 1231.0 2296.0 1254.0 2278.0 1254.0 small-vehicle 1
2488.0 481.0 2512.0 481.0 2512.0 501.0 2488.0 501.0 small-vehicle 1
2295.0 373.0 2309.0 373.0 2309.0 395.0 2295.0 395.0 small-vehicle 1
2488.0 69.0 2512.0 69.0 2512.0 93.0 2488.0 93.0 small-vehicle 1
1594.0 129.0 1618.0 129.0 1618.0 148.0 1594.0 148.0 ship 1
1662.0 192.0 1725.0 192.0 1725.0 260.0 1662.0 260.0 roundabout 0
80.0 2320.0 135.0 2320.0 135.0 2351.0 80.0 2351.0 swimming-pool 0
