imagesource:GoogleEarth
gsd:0.2677007896
941.0 311.0 960.0 311.0 960.0 332.0 941.0 332.0 small-vehicle 1
1071.0 761.0 1085.0 761.0 1085.0 782.0 1071.0 782.0 small-vehicle 1
924.0 582.0 957.0 582.0 957.0 610.0 924.0 610.0 ship 0
1030.0 236.0 1058.0 236.0 1058.0 263.0 1030.0 263.0 ship 1
998.0 285.0 1032.0 285.0 1032.0 310.0 998.0 310.0 ship 0
1089.0 403.0 1115.0 403.0 1115.0 432.0 1089.0 432.0 ship 0
899.0 343.0 927.0 343.0 927.0 367.0 899.0 367.0 ship 0
708.0 496.0 741.0 496.0 741.0 532.0 708.0 532.0 ship 0
260.0 408.0 283.0 408.0 283.0 430.0 260.0 430.0 ship 0
229.0 370.0 265.0 370.0 265.0 404.0 229.0 404.0 ship 0
660.0 269.0 681.0 269.0 681.0 292.0 660.0 292.0 ship 0
683.0 250.0 704.0 250.0 704.0 269.0 683.0 269.0 small-vehicle 0
663.0 79.0 679.0 79.0 679.0 94.0 663.0 94.0 small-vehicle 1
667.0 55.0 677.0 55.0 677.0 73.0 667.0 73.0 small-vehicle 0
2078.0 2124.0 2231.0 2124.0 2231.0 2323.0 2078.0 2323.0 harbor 0
2008.0 2064.0 2126.0 2064.0 2126.0 2210.0 2008.0 2210.0 harbor 0
1688.0 1849.0 1884.0 1849.0 1884.0 2021.0 1688.0 2021.0 harbor 0
1493.0 1609.0 1701.0 1609.0 1701.0 1788.0 1493.0 1788.0 harbor 0
1402.0 1509.0 1587.0 1509.0 1587.0 1687.0 1402.0 1687.0 harbor 0
1301.0 1376.0 1445.0 1376.0 1445.0 1516.0 1301.0 1516.0 harbor 0
1235.0 1295.0 1356.0 1295.0 1356.0 1422.0 1235.0 1422.0 harbor 0
1091.0 1181.0 1244.0 1181.0 1244.0 1325.0 1091.0 1325.0 harbor 0
979.0 1040.0 1137.0 1040.0 1137.0 1192.0 979.0 1192.0 harbor 0
869.0 896.0 1005.0 896.0 1005.0 1029.0 869.0 1029.0 harbor 0
639.0 660.0 841.0 660.0 841.0 856.0 639.0 856.0 harbor 0
404.0 438.0 573.0 438.0 573.0 590.0 404.0 590.0 harbor 0
308.0 308.0 502.0 308.0 502.0 493.0 308.0 493.0 harbor 0
927.0 575.0 947.0 575.0 947.0 593.0 927.0 593.0 small-vehicle 1
865.0 984.0 888.0 984.0 888.0 1007.0 865.0 1007.0 ship 0
1388.0 769.0 1407.0 769.0 1407.0 788.0 1388.0 788.0 small-vehicle 1
654.0 842.0 674.0 842.0 674.0 861.0 654.0 861.0 ship 0
1085.0 785.0 1099.0 785.0 1099.0 807.0 1085.0 807.0 small-vehicle 1
2324.0 876.0 2348.0 876.0 2348.0 899.0 2324.0 899.0 ship 0
2067.0 676.0 2089.0 676.0 2089.0 701.0 2067.0 701.0 ship 0
2354.0 432.0 2374.0 432.0 2374.0 455.0 2354.0 455.0 small-vehicle 1
2112.0 127.0 2123.0 127.0 2123.0 149.0 2112.0 149.0 small-vehicle 1
2008.0 77.0 2023.0 77.0 2023.0 103.0 2008.0 103.0 small-vehicle 1
1945.0 215.0 1967.0 215.0 1967.0 241.0 1945.0 241.0 small-vehicle 1
434.0 145.0 456.0 145.0 456.0 165.0 434.0 165.0 small-vehicle 1
1789.0 1502.0 1810.0 1502.0 1810.0 1523.0 1789.0 1523.0 small-vehicle 1
1748.0 1598.0 1772.0 1598.0 1772.0 1620.0 1748.0 1620.0 small-vehicle 1
1704.0 2001.0 1731.0 2001.0 1731.0 2030.0 1704.0 2030.0 ship 0
2069.0 2269.0 2092.0 2269.0 2092.0 2297.0 2069.0 2297.0 ship 0
2048.0 1748.0 2068.0 1748.0 2068.0 1766.0 2048.0 1766.0 small-vehicle 1
2035.0 1742.0 2056.0 1742.0 2056.0 1760.0 2035.0 1760.0 small-vehicle 1
2054.0 1442.0 2082.0 1442.0 2082.0 1466.0 2054.0 1466.0 ship 1
2079.0 1197.0 2106.0 1197.0 2106.0 1226.0 2079.0 1226.0 ship 1
2060.0 1197.0 2084.0 1197.0 2084.0 1225.0 2060.0 1225.0 ship 1
1987.0 1282.0 2009.0 1282.0 2009.0 1305.0 1987.0 1305.0 ship 0
1254.0 961.0 1274.0 961.0 1274.0 986.0 1254.0 986.0 ship 0
1434.0 1121.0 1454.0 1121.0 1454.0 1133.0 1434.0 1133.0 small-vehicle 1
1449.0 1105.0 1471.0 1105.0 1471.0 1116.0 1449.0 1116.0 small-vehicle 1
1268.0 969.0 1287.0 969.0 1287.0 988.0 1268.0 988.0 small-vehicle 1
1351.0 816.0 1371.0 816.0 1371.0 836.0 1351.0 836.0 small-vehicle 0
1232.0 19.0 1257.0 19.0 1257.0 43.0 1232.0 43.0 ship 0
1106.0 554.0 1127.0 554.0 1127.0 573.0 1106.0 573.0 small-vehicle 1
243.0 238.0 431.0 238.0 431.0 421.0 243.0 421.0 harbor 0
