imagesource:GoogleEarth
gsd:0.259516259509
1459.0 150.0 1473.0 150.0 1473.0 176.0 1459.0 176.0 ship 0
1110.0 175.0 1125.0 175.0 1125.0 208.0 1110.0 208.0 ship 0
942.0 825.0 956.0 825.0 956.0 853.0 942.0 853.0 ship 0
913.0 848.0 942.0 848.0 942.0 863.0 913.0 863.0 ship 0
866.0 844.0 900.0 844.0 900.0 860.0 866.0 860.0 ship 0
666.0 256.0 683.0 256.0 683.0 284.0 666.0 284.0 ship 0
726.0 259.0 745.0 259.0 745.0 291.0 726.0 291.0 ship 0
751.0 259.0 764.0 259.0 764.0 280.0 751.0 280.0 ship 0
921.0 217.0 935.0 217.0 935.0 242.0 921.0 242.0 ship 0
897.0 223.0 911.0 223.0 911.0 254.0 897.0 254.0 ship 0
936.0 215.0 952.0 215.0 952.0 244.0 936.0 244.0 ship 0
980.0 223.0 998.0 223.0 998.0 254.0 980.0 254.0 ship 0
1084.0 176.0 1102.0 176.0 1102.0 212.0 1084.0 212.0 ship 0
1026.0 855.0 1056.0 855.0 1056.0 873.0 1026.0 873.0 ship 0
348.0 762.0 368.0 762.0 368.0 789.0 348.0 789.0 harbor 0
1008.0 832.0 1053.0 832.0 1053.0 871.0 1008.0 871.0 harbor 0
969.0 814.0 990.0 814.0 990.0 851.0 969.0 851.0 harbor 0
918.0 808.0 946.0 808.0 946.0 852.0 918.0 852.0 harbor 0
603.0 778.0 624.0 778.0 624.0 824.0 603.0 824.0 harbor 0
640.0 782.0 658.0 782.0 658.0 823.0 640.0 823.0 harbor 0
680.0 787.0 702.0 787.0 702.0 827.0 680.0 827.0 harbor 0
770.0 795.0 792.0 795.0 792.0 833.0 770.0 833.0 harbor 0
840.0 802.0 865.0 802.0 865.0 841.0 840.0 841.0 harbor 0
809.0 798.0 832.0 798.0 832.0 838.0 809.0 838.0 harbor 0
958.0 831.0 974.0 831.0 974.0 860.0 958.0 860.0 ship 0
1070.0 847.0 1088.0 847.0 1088.0 885.0 1070.0 885.0 ship 0
522.0 769.0 542.0 769.0 542.0 812.0 522.0 812.0 harbor 0
653.0 800.0 668.0 800.0 668.0 829.0 653.0 829.0 ship 0
1209.0 870.0 1222.0 870.0 1222.0 897.0 1209.0 897.0 ship 0
1179.0 865.0 1196.0 865.0 1196.0 895.0 1179.0 895.0 ship 0
316.0 839.0 328.0 839.0 328.0 867.0 316.0 867.0 ship 0
364.0 847.0 379.0 847.0 379.0 877.0 364.0 877.0 ship 0
424.0 799.0 450.0 799.0 450.0 817.0 424.0 817.0 ship 0
511.0 782.0 527.0 782.0 527.0 814.0 511.0 814.0 ship 0
574.0 793.0 591.0 793.0 591.0 822.0 574.0 822.0 ship 0
513.0 860.0 534.0 860.0 534.0 892.0 513.0 892.0 ship 0
668.0 879.0 687.0 879.0 687.0 905.0 668.0 905.0 ship 0
697.0 805.0 710.0 805.0 710.0 834.0 697.0 834.0 ship 0
616.0 787.0 637.0 787.0 637.0 830.0 616.0 830.0 ship 0
1105.0 852.0 1123.0 852.0 1123.0 887.0 1105.0 887.0 ship 0
738.0 801.0 756.0 801.0 756.0 843.0 738.0 843.0 ship 0
751.0 887.0 768.0 887.0 768.0 916.0 751.0 916.0 ship 0
789.0 881.0 819.0 881.0 819.0 898.0 789.0 898.0 ship 0
850.0 897.0 867.0 897.0 867.0 924.0 850.0 924.0 ship 0
912.0 898.0 930.0 898.0 930.0 930.0 912.0 930.0 ship 0
953.0 900.0 971.0 900.0 971.0 930.0 953.0 930.0 ship 0
1013.0 907.0 1028.0 907.0 1028.0 935.0 1013.0 935.0 ship 0
1036.0 909.0 1048.0 909.0 1048.0 944.0 1036.0 944.0 ship 0
1134.0 855.0 1150.0 855.0 1150.0 886.0 1134.0 886.0 ship 0
1121.0 858.0 1137.0 858.0 1137.0 888.0 1121.0 888.0 ship 0
553.0 782.0 578.0 782.0 578.0 813.0 553.0 813.0 harbor 0
481.0 766.0 504.0 766.0 504.0 810.0 481.0 810.0 harbor 0
368.0 1044.0 382.0 1044.0 382.0 1066.0 368.0 1066.0 small-vehicle 0
1566.0 178.0 1596.0 178.0 1596.0 236.0 1566.0 236.0 harbor 0
986.0 241.0 1026.0 241.0 1026.0 380.0 986.0 380.0 harbor 0
1015.0 214.0 1061.0 214.0 1061.0 380.0 1015.0 380.0 harbor 0
1066.0 182.0 1092.0 182.0 1092.0 240.0 1066.0 240.0 harbor 0
1118.0 177.0 1142.0 177.0 1142.0 232.0 1118.0 232.0 harbor 0
1168.0 165.0 1191.0 165.0 1191.0 223.0 1168.0 223.0 harbor 0
1214.0 149.0 1294.0 149.0 1294.0 218.0 1214.0 218.0 harbor 0
1373.0 136.0 1428.0 136.0 1428.0 195.0 1373.0 195.0 harbor 0
1298.0 147.0 1319.0 147.0 1319.0 197.0 1298.0 197.0 harbor 0
1329.0 135.0 1362.0 135.0 1362.0 188.0 1329.0 188.0 harbor 0
1455.0 151.0 1491.0 151.0 1491.0 207.0 1455.0 207.0 harbor 0
1631.0 203.0 1657.0 203.0 1657.0 248.0 1631.0 248.0 harbor 0
909.0 217.0 950.0 217.0 950.0 392.0 909.0 392.0 harbor 0
290.0 844.0 316.0 844.0 316.0 870.0 290.0 870.0 harbor 0
136.0 1035.0 181.0 1035.0 181.0 1098.0 136.0 1098.0 harbor 0
139.0 953.0 190.0 953.0 190.0 1014.0 139.0 1014.0 harbor 0
155.0 875.0 212.0 875.0 212.0 933.0 155.0 933.0 harbor 0
181.0 715.0 231.0 715.0 231.0 771.0 181.0 771.0 harbor 0
126.0 582.0 202.0 582.0 202.0 618.0 126.0 618.0 harbor 0
166.0 462.0 254.0 462.0 254.0 531.0 166.0 531.0 harbor 0
235.0 386.0 300.0 386.0 300.0 467.0 235.0 467.0 harbor 0
286.0 353.0 358.0 353.0 358.0 448.0 286.0 448.0 harbor 0
323.0 328.0 394.0 328.0 394.0 421.0 323.0 421.0 harbor 0
940.0 221.0 984.0 221.0 984.0 389.0 940.0 389.0 harbor 0
863.0 228.0 906.0 228.0 906.0 391.0 863.0 391.0 harbor 0
433.0 759.0 456.0 759.0 456.0 805.0 433.0 805.0 harbor 0
762.0 890.0 787.0 890.0 787.0 921.0 762.0 921.0 harbor 0
393.0 765.0 427.0 765.0 427.0 803.0 393.0 803.0 harbor 0
392.0 855.0 416.0 855.0 416.0 882.0 392.0 882.0 harbor 0
419.0 860.0 440.0 860.0 440.0 884.0 419.0 884.0 harbor 0
470.0 865.0 496.0 865.0 496.0 891.0 470.0 891.0 harbor 0
507.0 856.0 539.0 856.0 539.0 896.0 507.0 896.0 harbor 0
551.0 869.0 572.0 869.0 572.0 898.0 551.0 898.0 harbor 0
606.0 873.0 625.0 873.0 625.0 904.0 606.0 904.0 harbor 0
630.0 876.0 654.0 876.0 654.0 909.0 630.0 909.0 harbor 0
679.0 880.0 705.0 880.0 705.0 911.0 679.0 911.0 harbor 0
717.0 884.0 741.0 884.0 741.0 916.0 717.0 916.0 harbor 0
923.0 906.0 948.0 906.0 948.0 939.0 923.0 939.0 harbor 0
815.0 244.0 865.0 244.0 865.0 395.0 815.0 395.0 harbor 0
1076.0 919.0 1112.0 919.0 1112.0 956.0 1076.0 956.0 harbor 0
1064.0 840.0 1221.0 840.0 1221.0 906.0 1064.0 906.0 harbor 0
1115.0 930.0 1150.0 930.0 1150.0 959.0 1115.0 959.0 harbor 0
1153.0 934.0 1179.0 934.0 1179.0 964.0 1153.0 964.0 harbor 0
555.0 255.0 593.0 255.0 593.0 378.0 555.0 378.0 harbor 0
617.0 262.0 651.0 262.0 651.0 383.0 617.0 383.0 harbor 0
662.0 247.0 705.0 247.0 705.0 387.0 662.0 387.0 harbor 0
696.0 255.0 746.0 255.0 746.0 394.0 696.0 394.0 harbor 0
744.0 260.0 785.0 260.0 785.0 397.0 744.0 397.0 harbor 0
776.0 262.0 819.0 262.0 819.0 389.0 776.0 389.0 harbor 0
131.0 1065.0 146.0 1065.0 146.0 1097.0 131.0 1097.0 ship 0
162.0 724.0 199.0 724.0 199.0 766.0 162.0 766.0 ship 0
301.0 342.0 329.0 342.0 329.0 373.0 301.0 373.0 ship 0
1246.0 317.0 1264.0 317.0 1264.0 340.0 1246.0 340.0 small-vehicle 0
1558.0 465.0 1580.0 465.0 1580.0 486.0 1558.0 486.0 small-vehicle 0
1624.0 345.0 1648.0 345.0 1648.0 361.0 1624.0 361.0 small-vehicle 0
1613.0 390.0 1640.0 390.0 1640.0 404.0 1613.0 404.0 small-vehicle 0
1508.0 406.0 1537.0 406.0 1537.0 423.0 1508.0 423.0 small-vehicle 0
1506.0 320.0 1524.0 320.0 1524.0 344.0 1506.0 344.0 small-vehicle 0
1496.0 319.0 1510.0 319.0 1510.0 342.0 1496.0 342.0 small-vehicle 0
1510.0 293.0 1523.0 293.0 1523.0 315.0 1510.0 315.0 small-vehicle 0
1421.0 402.0 1432.0 402.0 1432.0 422.0 1421.0 422.0 small-vehicle 0
1405.0 394.0 1419.0 394.0 1419.0 417.0 1405.0 417.0 small-vehicle 0
1225.0 489.0 1236.0 489.0 1236.0 511.0 1225.0 511.0 small-vehicle 0
1220.0 311.0 1235.0 311.0 1235.0 335.0 1220.0 335.0 small-vehicle 0
1611.0 507.0 1624.0 507.0 1624.0 528.0 1611.0 528.0 small-vehicle 1
1085.0 318.0 1108.0 318.0 1108.0 330.0 1085.0 330.0 small-vehicle 0
1084.0 336.0 1107.0 336.0 1107.0 346.0 1084.0 346.0 small-vehicle 0
1182.0 427.0 1196.0 427.0 1196.0 450.0 1182.0 450.0 small-vehicle 0
1085.0 421.0 1096.0 421.0 1096.0 450.0 1085.0 450.0 small-vehicle 0
1080.0 466.0 1106.0 466.0 1106.0 481.0 1080.0 481.0 small-vehicle 0
933.0 680.0 945.0 680.0 945.0 703.0 933.0 703.0 small-vehicle 0
932.0 515.0 941.0 515.0 941.0 537.0 932.0 537.0 small-vehicle 0
918.0 513.0 929.0 513.0 929.0 535.0 918.0 535.0 small-vehicle 0
891.0 513.0 898.0 513.0 898.0 530.0 891.0 530.0 small-vehicle 0
875.0 508.0 884.0 508.0 884.0 529.0 875.0 529.0 small-vehicle 0
1433.0 405.0 1447.0 405.0 1447.0 426.0 1433.0 426.0 small-vehicle 1
1623.0 509.0 1640.0 509.0 1640.0 533.0 1623.0 533.0 small-vehicle 0
343.0 323.0 371.0 323.0 371.0 355.0 343.0 355.0 ship 0
921.0 1113.0 938.0 1113.0 938.0 1137.0 921.0 1137.0 small-vehicle 0
339.0 1039.0 360.0 1039.0 360.0 1058.0 339.0 1058.0 small-vehicle 0
408.0 988.0 422.0 988.0 422.0 1008.0 408.0 1008.0 small-vehicle 0
420.0 986.0 430.0 986.0 430.0 1006.0 420.0 1006.0 small-vehicle 0
571.0 1020.0 592.0 1020.0 592.0 1032.0 571.0 1032.0 small-vehicle 0
607.0 1028.0 632.0 1028.0 632.0 1042.0 607.0 1042.0 small-vehicle 0
651.0 1030.0 672.0 1030.0 672.0 1041.0 651.0 1041.0 small-vehicle 1
700.0 1034.0 723.0 1034.0 723.0 1048.0 700.0 1048.0 small-vehicle 0
796.0 1032.0 807.0 1032.0 807.0 1053.0 796.0 1053.0 small-vehicle 0
766.0 1095.0 777.0 1095.0 777.0 1116.0 766.0 1116.0 small-vehicle 0
970.0 1116.0 994.0 1116.0 994.0 1138.0 970.0 1138.0 small-vehicle 0
853.0 1045.0 864.0 1045.0 864.0 1065.0 853.0 1065.0 small-vehicle 0
1251.0 830.0 1273.0 830.0 1273.0 842.0 1251.0 842.0 small-vehicle 0
866.0 1046.0 876.0 1046.0 876.0 1065.0 866.0 1065.0 small-vehicle 0
888.0 1042.0 898.0 1042.0 898.0 1063.0 888.0 1063.0 small-vehicle 0
993.0 1072.0 1015.0 1072.0 1015.0 1084.0 993.0 1084.0 small-vehicle 0
1066.0 1080.0 1090.0 1080.0 1090.0 1092.0 1066.0 1092.0 small-vehicle 0
1102.0 1064.0 1112.0 1064.0 1112.0 1083.0 1102.0 1083.0 small-vehicle 0
1342.0 993.0 1365.0 993.0 1365.0 1008.0 1342.0 1008.0 small-vehicle 0
1378.0 974.0 1404.0 974.0 1404.0 987.0 1378.0 987.0 small-vehicle 0
1252.0 862.0 1278.0 862.0 1278.0 878.0 1252.0 878.0 small-vehicle 1
1255.0 842.0 1278.0 842.0 1278.0 856.0 1255.0 856.0 small-vehicle 0
1275.0 826.0 1292.0 826.0 1292.0 851.0 1275.0 851.0 small-vehicle 0
769.0 502.0 778.0 502.0 778.0 520.0 769.0 520.0 small-vehicle 0
636.0 484.0 646.0 484.0 646.0 505.0 636.0 505.0 small-vehicle 0
900.0 681.0 911.0 681.0 911.0 703.0 900.0 703.0 small-vehicle 0
168.0 864.0 193.0 864.0 193.0 888.0 168.0 888.0 ship 0
1358.0 138.0 1370.0 138.0 1370.0 163.0 1358.0 163.0 ship 0
1062.0 319.0 1082.0 319.0 1082.0 331.0 1062.0 331.0 ship 0
919.0 692.0 935.0 692.0 935.0 722.0 919.0 722.0 ship 0
1192.0 922.0 1208.0 922.0 1208.0 950.0 1192.0 950.0 ship 0
1112.0 919.0 1143.0 919.0 1143.0 931.0 1112.0 931.0 ship 0
861.0 815.0 874.0 815.0 874.0 846.0 861.0 846.0 ship 0
796.0 814.0 813.0 814.0 813.0 843.0 796.0 843.0 ship 0
597.0 870.0 611.0 870.0 611.0 894.0 597.0 894.0 ship 0
156.0 1072.0 169.0 1072.0 169.0 1102.0 156.0 1102.0 ship 0
133.0 1008.0 158.0 1008.0 158.0 1022.0 133.0 1022.0 ship 0
710.0 808.0 722.0 808.0 722.0 828.0 710.0 828.0 ship 0
875.0 680.0 886.0 680.0 886.0 701.0 875.0 701.0 small-vehicle 0
469.0 778.0 485.0 778.0 485.0 809.0 469.0 809.0 ship 0
377.0 774.0 391.0 774.0 391.0 800.0 377.0 800.0 ship 0
869.0 599.0 884.0 599.0 884.0 620.0 869.0 620.0 ship 0
746.0 556.0 758.0 556.0 758.0 580.0 746.0 580.0 ship 0
622.0 464.0 637.0 464.0 637.0 492.0 622.0 492.0 ship 0
589.0 254.0 604.0 254.0 604.0 283.0 589.0 283.0 ship 0
1591.0 177.0 1607.0 177.0 1607.0 210.0 1591.0 210.0 ship 0
1323.0 133.0 1347.0 133.0 1347.0 172.0 1323.0 172.0 ship 0
1267.0 149.0 1283.0 149.0 1283.0 183.0 1267.0 183.0 ship 0
1188.0 154.0 1206.0 154.0 1206.0 193.0 1188.0 193.0 ship 0
1215.0 161.0 1230.0 161.0 1230.0 183.0 1215.0 183.0 ship 0
1248.0 153.0 1265.0 153.0 1265.0 180.0 1248.0 180.0 ship 0
1286.0 290.0 1299.0 290.0 1299.0 317.0 1286.0 317.0 ship 0
1449.0 397.0 1478.0 397.0 1478.0 416.0 1449.0 416.0 ship 0
866.0 681.0 876.0 681.0 876.0 701.0 866.0 701.0 small-vehicle 0
795.0 694.0 807.0 694.0 807.0 715.0 795.0 715.0 small-vehicle 0
784.0 690.0 794.0 690.0 794.0 710.0 784.0 710.0 small-vehicle 0
774.0 688.0 785.0 688.0 785.0 708.0 774.0 708.0 small-vehicle 0
752.0 662.0 766.0 662.0 766.0 689.0 752.0 689.0 small-vehicle 0
728.0 664.0 737.0 664.0 737.0 687.0 728.0 687.0 small-vehicle 0
690.0 627.0 715.0 627.0 715.0 640.0 690.0 640.0 small-vehicle 0
663.0 611.0 691.0 611.0 691.0 630.0 663.0 630.0 small-vehicle 0
533.0 648.0 543.0 648.0 543.0 670.0 533.0 670.0 small-vehicle 0
492.0 610.0 515.0 610.0 515.0 619.0 492.0 619.0 small-vehicle 0
417.0 644.0 428.0 644.0 428.0 663.0 417.0 663.0 small-vehicle 1
303.0 633.0 325.0 633.0 325.0 645.0 303.0 645.0 small-vehicle 1
363.0 550.0 383.0 550.0 383.0 567.0 363.0 567.0 small-vehicle 1
371.0 523.0 394.0 523.0 394.0 544.0 371.0 544.0 small-vehicle 1
1618.0 930.0 1650.0 930.0 1650.0 947.0 1618.0 947.0 ship 0
1601.0 1095.0 1633.0 1095.0 1633.0 1110.0 1601.0 1110.0 ship 0
1182.0 415.0 1197.0 415.0 1197.0 429.0 1182.0 429.0 ship 1
1506.0 644.0 1536.0 644.0 1536.0 675.0 1506.0 675.0 ship 0
1492.0 505.0 1507.0 505.0 1507.0 534.0 1492.0 534.0 ship 0
1634.0 556.0 1661.0 556.0 1661.0 590.0 1634.0 590.0 ship 0
1443.0 321.0 1455.0 321.0 1455.0 338.0 1443.0 338.0 ship 0
475.0 247.0 508.0 247.0 508.0 377.0 475.0 377.0 harbor 0
