imagesource:GoogleEarth
gsd:0.252373274883
2017.0 325.0 2029.0 325.0 2029.0 344.0 2017.0 344.0 small-vehicle 1
1650.0 210.0 1680.0 210.0 1680.0 232.0 1650.0 232.0 ship 0
77.0 270.0 104.0 270.0 104.0 279.0 77.0 279.0 small-vehicle 0
50.0 241.0 71.0 241.0 71.0 252.0 50.0 252.0 small-vehicle 0
17.0 237.0 42.0 237.0 42.0 248.0 17.0 248.0 small-vehicle 0
85.0 81.0 105.0 81.0 105.0 93.0 85.0 93.0 ship 0
396.0 625.0 406.0 625.0 406.0 644.0 396.0 644.0 ship 0
369.0 433.0 386.0 433.0 386.0 452.0 369.0 452.0 ship 0
288.0 404.0 317.0 404.0 317.0 419.0 288.0 419.0 ship 0
399.0 175.0 426.0 175.0 426.0 192.0 399.0 192.0 ship 0
1163.0 71.0 1176.0 71.0 1176.0 95.0 1163.0 95.0 ship 0
1137.0 117.0 1161.0 117.0 1161.0 143.0 1137.0 143.0 ship 0
1259.0 224.0 1291.0 224.0 1291.0 239.0 1259.0 239.0 ship 0
989.0 755.0 1002.0 755.0 1002.0 782.0 989.0 782.0 ship 0
1609.0 530.0 1641.0 530.0 1641.0 542.0 1609.0 542.0 ship 0
1750.0 388.0 1764.0 388.0 1764.0 412.0 1750.0 412.0 ship 0
1504.0 258.0 1515.0 258.0 1515.0 284.0 1504.0 284.0 ship 0
1720.0 254.0 1749.0 254.0 1749.0 266.0 1720.0 266.0 ship 0
1722.0 236.0 1751.0 236.0 1751.0 250.0 1722.0 250.0 ship 0
144.0 251.0 166.0 251.0 166.0 262.0 144.0 262.0 small-vehicle 0
177.0 254.0 199.0 254.0 199.0 266.0 177.0 266.0 small-vehicle 0
291.0 220.0 304.0 220.0 304.0 240.0 291.0 240.0 small-vehicle 0
345.0 275.0 363.0 275.0 363.0 284.0 345.0 284.0 small-vehicle 1
513.0 556.0 538.0 556.0 538.0 567.0 513.0 567.0 small-vehicle 1
362.0 555.0 375.0 555.0 375.0 579.0 362.0 579.0 small-vehicle 1
281.0 377.0 290.0 377.0 290.0 396.0 281.0 396.0 small-vehicle 1
329.0 144.0 348.0 144.0 348.0 155.0 329.0 155.0 small-vehicle 1
325.0 158.0 348.0 158.0 348.0 168.0 325.0 168.0 small-vehicle 1
526.0 318.0 546.0 318.0 546.0 328.0 526.0 328.0 small-vehicle 1
443.0 308.0 464.0 308.0 464.0 320.0 443.0 320.0 small-vehicle 1
320.0 271.0 341.0 271.0 341.0 282.0 320.0 282.0 small-vehicle 1
286.0 280.0 305.0 280.0 305.0 299.0 286.0 299.0 small-vehicle 0
207.0 258.0 225.0 258.0 225.0 268.0 207.0 268.0 small-vehicle 1
233.0 47.0 256.0 47.0 256.0 57.0 233.0 57.0 small-vehicle 0
309.0 60.0 321.0 60.0 321.0 77.0 309.0 77.0 small-vehicle 0
308.0 80.0 319.0 80.0 319.0 98.0 308.0 98.0 small-vehicle 0
293.0 197.0 306.0 197.0 306.0 217.0 293.0 217.0 small-vehicle 0
296.0 171.0 307.0 171.0 307.0 192.0 296.0 192.0 small-vehicle 0
250.0 350.0 263.0 350.0 263.0 375.0 250.0 375.0 small-vehicle 0
1647.0 232.0 1678.0 232.0 1678.0 255.0 1647.0 255.0 ship 0
1897.0 285.0 1922.0 285.0 1922.0 297.0 1897.0 297.0 ship 1
2140.0 185.0 2153.0 185.0 2153.0 212.0 2140.0 212.0 small-vehicle 1
1965.0 275.0 1994.0 275.0 1994.0 286.0 1965.0 286.0 ship 1
395.0 895.0 413.0 895.0 413.0 931.0 395.0 931.0 ship 0
2495.0 469.0 2568.0 469.0 2568.0 812.0 2495.0 812.0 harbor 0
2432.0 430.0 2495.0 430.0 2495.0 807.0 2432.0 807.0 harbor 0
2370.0 426.0 2445.0 426.0 2445.0 840.0 2370.0 840.0 harbor 0
2169.0 468.0 2227.0 468.0 2227.0 794.0 2169.0 794.0 harbor 0
1979.0 436.0 2102.0 436.0 2102.0 918.0 1979.0 918.0 harbor 0
1910.0 444.0 1977.0 444.0 1977.0 781.0 1910.0 781.0 harbor 0
1817.0 508.0 1910.0 508.0 1910.0 930.0 1817.0 930.0 harbor 0
1694.0 757.0 1736.0 757.0 1736.0 962.0 1694.0 962.0 harbor 0
1360.0 785.0 1421.0 785.0 1421.0 1008.0 1360.0 1008.0 harbor 0
1301.0 778.0 1351.0 778.0 1351.0 1007.0 1301.0 1007.0 harbor 0
1011.0 840.0 1085.0 840.0 1085.0 1063.0 1011.0 1063.0 harbor 0
902.0 884.0 956.0 884.0 956.0 1041.0 902.0 1041.0 harbor 0
588.0 806.0 635.0 806.0 635.0 986.0 588.0 986.0 harbor 0
501.0 748.0 546.0 748.0 546.0 958.0 501.0 958.0 harbor 0
406.0 717.0 470.0 717.0 470.0 952.0 406.0 952.0 harbor 0
298.0 691.0 360.0 691.0 360.0 902.0 298.0 902.0 harbor 0
519.0 913.0 538.0 913.0 538.0 959.0 519.0 959.0 ship 0
574.0 944.0 593.0 944.0 593.0 974.0 574.0 974.0 ship 0
929.0 998.0 951.0 998.0 951.0 1037.0 929.0 1037.0 ship 0
1939.0 755.0 1951.0 755.0 1951.0 783.0 1939.0 783.0 ship 0
2040.0 238.0 2063.0 238.0 2063.0 250.0 2040.0 250.0 ship 1
2382.0 344.0 2406.0 344.0 2406.0 362.0 2382.0 362.0 ship 1
2381.0 379.0 2401.0 379.0 2401.0 391.0 2381.0 391.0 ship 1
2380.0 371.0 2399.0 371.0 2399.0 383.0 2380.0 383.0 ship 1
2127.0 532.0 2141.0 532.0 2141.0 559.0 2127.0 559.0 ship 0
2638.0 755.0 2661.0 755.0 2661.0 786.0 2638.0 786.0 ship 0
2183.0 773.0 2196.0 773.0 2196.0 799.0 2183.0 799.0 ship 0
1853.0 867.0 1867.0 867.0 1867.0 893.0 1853.0 893.0 ship 0
1826.0 857.0 1849.0 857.0 1849.0 899.0 1826.0 899.0 ship 0
1376.0 980.0 1403.0 980.0 1403.0 993.0 1376.0 993.0 ship 0
322.0 879.0 336.0 879.0 336.0 905.0 322.0 905.0 ship 0
67.0 804.0 85.0 804.0 85.0 835.0 67.0 835.0 ship 0
2160.0 764.0 2179.0 764.0 2179.0 798.0 2160.0 798.0 ship 0
2038.0 862.0 2054.0 862.0 2054.0 894.0 2038.0 894.0 ship 0
2020.0 864.0 2035.0 864.0 2035.0 896.0 2020.0 896.0 ship 0
1991.0 861.0 2012.0 861.0 2012.0 894.0 1991.0 894.0 ship 0
581.0 573.0 602.0 573.0 602.0 590.0 581.0 590.0 small-vehicle 1
606.0 579.0 615.0 579.0 615.0 602.0 606.0 602.0 small-vehicle 1
621.0 571.0 633.0 571.0 633.0 591.0 621.0 591.0 small-vehicle 1
590.0 553.0 610.0 553.0 610.0 570.0 590.0 570.0 small-vehicle 1
1233.0 375.0 1256.0 375.0 1256.0 388.0 1233.0 388.0 small-vehicle 1
1031.0 352.0 1051.0 352.0 1051.0 362.0 1031.0 362.0 small-vehicle 1
992.0 347.0 1020.0 347.0 1020.0 357.0 992.0 357.0 small-vehicle 1
968.0 343.0 993.0 343.0 993.0 356.0 968.0 356.0 small-vehicle 1
1193.0 371.0 1212.0 371.0 1212.0 381.0 1193.0 381.0 small-vehicle 0
964.0 599.0 986.0 599.0 986.0 610.0 964.0 610.0 small-vehicle 0
1220.0 396.0 1247.0 396.0 1247.0 409.0 1220.0 409.0 small-vehicle 0
1010.0 361.0 1034.0 361.0 1034.0 376.0 1010.0 376.0 small-vehicle 0
929.0 340.0 951.0 340.0 951.0 353.0 929.0 353.0 small-vehicle 0
956.0 229.0 966.0 229.0 966.0 250.0 956.0 250.0 small-vehicle 0
920.0 183.0 941.0 183.0 941.0 194.0 920.0 194.0 small-vehicle 0
827.0 142.0 838.0 142.0 838.0 165.0 827.0 165.0 small-vehicle 0
794.0 136.0 803.0 136.0 803.0 157.0 794.0 157.0 small-vehicle 0
798.0 194.0 808.0 194.0 808.0 218.0 798.0 218.0 small-vehicle 0
794.0 225.0 806.0 225.0 806.0 247.0 794.0 247.0 small-vehicle 0
819.0 246.0 830.0 246.0 830.0 269.0 819.0 269.0 small-vehicle 0
831.0 330.0 854.0 330.0 854.0 345.0 831.0 345.0 small-vehicle 0
1665.0 582.0 1687.0 582.0 1687.0 595.0 1665.0 595.0 small-vehicle 1
1443.0 401.0 1465.0 401.0 1465.0 411.0 1443.0 411.0 small-vehicle 1
1574.0 417.0 1599.0 417.0 1599.0 429.0 1574.0 429.0 small-vehicle 1
1609.0 39.0 1630.0 39.0 1630.0 51.0 1609.0 51.0 small-vehicle 1
2034.0 212.0 2055.0 212.0 2055.0 226.0 2034.0 226.0 small-vehicle 0
2212.0 25.0 2224.0 25.0 2224.0 49.0 2212.0 49.0 small-vehicle 0
2169.0 61.0 2185.0 61.0 2185.0 85.0 2169.0 85.0 small-vehicle 0
1965.0 79.0 1987.0 79.0 1987.0 90.0 1965.0 90.0 small-vehicle 0
1823.0 343.0 1834.0 343.0 1834.0 361.0 1823.0 361.0 small-vehicle 1
1730.0 78.0 1747.0 78.0 1747.0 87.0 1730.0 87.0 small-vehicle 1
1604.0 63.0 1623.0 63.0 1623.0 74.0 1604.0 74.0 small-vehicle 1
1585.0 36.0 1606.0 36.0 1606.0 47.0 1585.0 47.0 small-vehicle 1
1352.0 115.0 1364.0 115.0 1364.0 140.0 1352.0 140.0 small-vehicle 1
1542.0 32.0 1564.0 32.0 1564.0 43.0 1542.0 43.0 small-vehicle 1
1264.0 25.0 1287.0 25.0 1287.0 36.0 1264.0 36.0 small-vehicle 1
1232.0 21.0 1253.0 21.0 1253.0 32.0 1232.0 32.0 small-vehicle 1
1145.0 12.0 1167.0 12.0 1167.0 24.0 1145.0 24.0 small-vehicle 1
1122.0 11.0 1142.0 11.0 1142.0 20.0 1122.0 20.0 small-vehicle 1
1090.0 6.0 1108.0 6.0 1108.0 16.0 1090.0 16.0 small-vehicle 1
1296.0 82.0 1308.0 82.0 1308.0 102.0 1296.0 102.0 small-vehicle 1
916.0 467.0 936.0 467.0 936.0 481.0 916.0 481.0 small-vehicle 0
797.0 420.0 807.0 420.0 807.0 443.0 797.0 443.0 small-vehicle 0
768.0 456.0 779.0 456.0 779.0 481.0 768.0 481.0 small-vehicle 0
718.0 316.0 741.0 316.0 741.0 328.0 718.0 328.0 small-vehicle 1
842.0 31.0 851.0 31.0 851.0 52.0 842.0 52.0 small-vehicle 1
836.0 59.0 849.0 59.0 849.0 83.0 836.0 83.0 small-vehicle 1
654.0 106.0 664.0 106.0 664.0 130.0 654.0 130.0 small-vehicle 1
826.0 173.0 837.0 173.0 837.0 198.0 826.0 198.0 small-vehicle 1
826.0 208.0 835.0 208.0 835.0 231.0 826.0 231.0 small-vehicle 1
879.0 358.0 900.0 358.0 900.0 369.0 879.0 369.0 small-vehicle 1
844.0 352.0 868.0 352.0 868.0 364.0 844.0 364.0 small-vehicle 1
745.0 708.0 754.0 708.0 754.0 728.0 745.0 728.0 small-vehicle 1
803.0 133.0 816.0 133.0 816.0 156.0 803.0 156.0 small-vehicle 1
773.0 641.0 782.0 641.0 782.0 663.0 773.0 663.0 small-vehicle 1
783.0 526.0 794.0 526.0 794.0 548.0 783.0 548.0 small-vehicle 1
760.0 540.0 769.0 540.0 769.0 563.0 760.0 563.0 small-vehicle 1
652.0 548.0 673.0 548.0 673.0 559.0 652.0 559.0 small-vehicle 1
627.0 546.0 649.0 546.0 649.0 557.0 627.0 557.0 small-vehicle 1
608.0 531.0 619.0 531.0 619.0 549.0 608.0 549.0 small-vehicle 1
580.0 515.0 593.0 515.0 593.0 541.0 580.0 541.0 small-vehicle 1
808.0 104.0 820.0 104.0 820.0 128.0 808.0 128.0 small-vehicle 1
458.0 245.0 482.0 245.0 482.0 266.0 458.0 266.0 small-vehicle 0
763.0 483.0 775.0 483.0 775.0 509.0 763.0 509.0 small-vehicle 0
682.0 313.0 706.0 313.0 706.0 326.0 682.0 326.0 small-vehicle 0
786.0 499.0 799.0 499.0 799.0 523.0 786.0 523.0 small-vehicle 0
781.0 563.0 792.0 563.0 792.0 586.0 781.0 586.0 small-vehicle 0
779.0 587.0 790.0 587.0 790.0 611.0 779.0 611.0 small-vehicle 0
777.0 615.0 785.0 615.0 785.0 633.0 777.0 633.0 small-vehicle 0
750.0 593.0 761.0 593.0 761.0 618.0 750.0 618.0 small-vehicle 0
722.0 593.0 737.0 593.0 737.0 617.0 722.0 617.0 ship 0
721.0 578.0 744.0 578.0 744.0 588.0 721.0 588.0 small-vehicle 0
663.0 311.0 685.0 311.0 685.0 322.0 663.0 322.0 small-vehicle 0
380.0 279.0 401.0 279.0 401.0 291.0 380.0 291.0 small-vehicle 0
644.0 307.0 664.0 307.0 664.0 319.0 644.0 319.0 small-vehicle 0
593.0 302.0 613.0 302.0 613.0 313.0 593.0 313.0 small-vehicle 0
563.0 300.0 590.0 300.0 590.0 312.0 563.0 312.0 small-vehicle 0
535.0 295.0 556.0 295.0 556.0 308.0 535.0 308.0 small-vehicle 0
487.0 291.0 507.0 291.0 507.0 303.0 487.0 303.0 small-vehicle 0
461.0 289.0 484.0 289.0 484.0 301.0 461.0 301.0 small-vehicle 0
410.0 282.0 427.0 282.0 427.0 293.0 410.0 293.0 small-vehicle 0
55.0 640.0 125.0 640.0 125.0 833.0 55.0 833.0 harbor 0
