imagesource:GoogleEarth
gsd:0.255029798925
725.0 60.0 740.0 60.0 740.0 78.0 725.0 78.0 ship 0
256.0 843.0 430.0 843.0 430.0 1128.0 256.0 1128.0 harbor 0
786.0 266.0 824.0 266.0 824.0 542.0 786.0 542.0 harbor 0
924.0 274.0 962.0 274.0 962.0 492.0 924.0 492.0 harbor 0
1153.0 156.0 1212.0 156.0 1212.0 383.0 1153.0 383.0 harbor 0
1288.0 139.0 1358.0 139.0 1358.0 359.0 1288.0 359.0 harbor 0
1459.0 8.0 1602.0 8.0 1602.0 273.0 1459.0 273.0 harbor 0
1943.0 956.0 2059.0 956.0 2059.0 1143.0 1943.0 1143.0 harbor 0
1845.0 960.0 1887.0 960.0 1887.0 1062.0 1845.0 1062.0 harbor 0
1519.0 707.0 1544.0 707.0 1544.0 886.0 1519.0 886.0 harbor 0
1337.0 722.0 1406.0 722.0 1406.0 972.0 1337.0 972.0 harbor 0
795.0 922.0 838.0 922.0 838.0 1067.0 795.0 1067.0 harbor 0
555.0 296.0 567.0 296.0 567.0 322.0 555.0 322.0 ship 0
937.0 504.0 961.0 504.0 961.0 522.0 937.0 522.0 ship 0
569.0 299.0 591.0 299.0 591.0 326.0 569.0 326.0 ship 1
788.0 97.0 804.0 97.0 804.0 126.0 788.0 126.0 ship 0
778.0 37.0 790.0 37.0 790.0 62.0 778.0 62.0 small-vehicle 0
768.0 39.0 777.0 39.0 777.0 56.0 768.0 56.0 small-vehicle 1
832.0 29.0 844.0 29.0 844.0 53.0 832.0 53.0 small-vehicle 1
1530.0 934.0 1543.0 934.0 1543.0 959.0 1530.0 959.0 small-vehicle 0
1762.0 1046.0 1778.0 1046.0 1778.0 1070.0 1762.0 1070.0 ship 0
1514.0 735.0 1527.0 735.0 1527.0 765.0 1514.0 765.0 ship 0
1551.0 243.0 1571.0 243.0 1571.0 269.0 1551.0 269.0 ship 0
935.0 489.0 963.0 489.0 963.0 505.0 935.0 505.0 ship 0
508.0 263.0 562.0 263.0 562.0 545.0 508.0 545.0 harbor 0
