imagesource:GoogleEarth
gsd:0.268262161456
74.0 895.0 98.0 895.0 98.0 906.0 74.0 906.0 small-vehicle 1
467.0 210.0 485.0 210.0 485.0 242.0 467.0 242.0 ship 0
596.0 1042.0 662.0 1042.0 662.0 1104.0 596.0 1104.0 harbor 0
517.0 1031.0 568.0 1031.0 568.0 1079.0 517.0 1079.0 harbor 0
415.0 1002.0 464.0 1002.0 464.0 1069.0 415.0 1069.0 harbor 0
356.0 997.0 402.0 997.0 402.0 1063.0 356.0 1063.0 harbor 0
299.0 983.0 372.0 983.0 372.0 1047.0 299.0 1047.0 harbor 0
279.0 955.0 351.0 955.0 351.0 1014.0 279.0 1014.0 harbor 0
271.0 911.0 307.0 911.0 307.0 945.0 271.0 945.0 harbor 0
272.0 843.0 318.0 843.0 318.0 865.0 272.0 865.0 harbor 0
255.0 773.0 319.0 773.0 319.0 803.0 255.0 803.0 harbor 0
266.0 695.0 306.0 695.0 306.0 724.0 266.0 724.0 harbor 0
268.0 630.0 311.0 630.0 311.0 651.0 268.0 651.0 harbor 0
266.0 547.0 293.0 547.0 293.0 589.0 266.0 589.0 harbor 0
287.0 165.0 315.0 165.0 315.0 201.0 287.0 201.0 ship 0
791.0 272.0 823.0 272.0 823.0 301.0 791.0 301.0 ship 0
743.0 1048.0 786.0 1048.0 786.0 1102.0 743.0 1102.0 harbor 0
808.0 296.0 838.0 296.0 838.0 322.0 808.0 322.0 ship 0
885.0 377.0 919.0 377.0 919.0 407.0 885.0 407.0 ship 0
922.0 444.0 950.0 444.0 950.0 468.0 922.0 468.0 ship 0
991.0 548.0 1026.0 548.0 1026.0 578.0 991.0 578.0 ship 0
980.0 529.0 1010.0 529.0 1010.0 555.0 980.0 555.0 ship 0
1035.0 612.0 1068.0 612.0 1068.0 642.0 1035.0 642.0 ship 0
1024.0 595.0 1050.0 595.0 1050.0 618.0 1024.0 618.0 ship 0
1243.0 1007.0 1264.0 1007.0 1264.0 1039.0 1243.0 1039.0 ship 0
1246.0 1050.0 1272.0 1050.0 1272.0 1082.0 1246.0 1082.0 ship 0
1209.0 1042.0 1250.0 1042.0 1250.0 1089.0 1209.0 1089.0 ship 0
1197.0 1082.0 1222.0 1082.0 1222.0 1114.0 1197.0 1114.0 ship 0
1181.0 1076.0 1194.0 1076.0 1194.0 1103.0 1181.0 1103.0 ship 0
1086.0 1073.0 1098.0 1073.0 1098.0 1097.0 1086.0 1097.0 ship 0
672.0 1042.0 709.0 1042.0 709.0 1102.0 672.0 1102.0 harbor 0
824.0 1054.0 864.0 1054.0 864.0 1100.0 824.0 1100.0 harbor 0
1179.0 1222.0 1188.0 1222.0 1188.0 1240.0 1179.0 1240.0 small-vehicle 1
963.0 488.0 1028.0 488.0 1028.0 546.0 963.0 546.0 harbor 0
24.0 43.0 63.0 43.0 63.0 94.0 24.0 94.0 harbor 0
241.0 134.0 321.0 134.0 321.0 203.0 241.0 203.0 harbor 0
349.0 138.0 392.0 138.0 392.0 230.0 349.0 230.0 harbor 0
396.0 131.0 464.0 131.0 464.0 237.0 396.0 237.0 harbor 0
480.0 178.0 512.0 178.0 512.0 243.0 480.0 243.0 harbor 0
545.0 132.0 601.0 132.0 601.0 251.0 545.0 251.0 harbor 0
621.0 150.0 654.0 150.0 654.0 259.0 621.0 259.0 harbor 0
679.0 213.0 716.0 213.0 716.0 268.0 679.0 268.0 harbor 0
728.0 216.0 788.0 216.0 788.0 282.0 728.0 282.0 harbor 0
802.0 264.0 874.0 264.0 874.0 329.0 802.0 329.0 harbor 0
856.0 346.0 904.0 346.0 904.0 385.0 856.0 385.0 harbor 0
889.0 358.0 991.0 358.0 991.0 426.0 889.0 426.0 harbor 0
929.0 437.0 986.0 437.0 986.0 486.0 929.0 486.0 harbor 0
1001.0 520.0 1105.0 520.0 1105.0 608.0 1001.0 608.0 harbor 0
896.0 1054.0 924.0 1054.0 924.0 1107.0 896.0 1107.0 harbor 0
1043.0 603.0 1109.0 603.0 1109.0 661.0 1043.0 661.0 harbor 0
1095.0 683.0 1151.0 683.0 1151.0 733.0 1095.0 733.0 harbor 0
1123.0 721.0 1179.0 721.0 1179.0 770.0 1123.0 770.0 harbor 0
1166.0 771.0 1237.0 771.0 1237.0 826.0 1166.0 826.0 harbor 0
1205.0 820.0 1279.0 820.0 1279.0 880.0 1205.0 880.0 harbor 0
1234.0 865.0 1319.0 865.0 1319.0 934.0 1234.0 934.0 harbor 0
1255.0 936.0 1311.0 936.0 1311.0 980.0 1255.0 980.0 harbor 0
1257.0 1007.0 1328.0 1007.0 1328.0 1060.0 1257.0 1060.0 harbor 0
1247.0 1045.0 1325.0 1045.0 1325.0 1101.0 1247.0 1101.0 harbor 0
1195.0 1075.0 1252.0 1075.0 1252.0 1141.0 1195.0 1141.0 harbor 0
1138.0 1077.0 1182.0 1077.0 1182.0 1115.0 1138.0 1115.0 harbor 0
1011.0 1064.0 1104.0 1064.0 1104.0 1115.0 1011.0 1115.0 harbor 0
957.0 1059.0 986.0 1059.0 986.0 1109.0 957.0 1109.0 harbor 0
1017.0 1067.0 1032.0 1067.0 1032.0 1102.0 1017.0 1102.0 ship 0
813.0 1046.0 830.0 1046.0 830.0 1090.0 813.0 1090.0 ship 0
786.0 1051.0 799.0 1051.0 799.0 1085.0 786.0 1085.0 ship 0
598.0 1197.0 609.0 1197.0 609.0 1215.0 598.0 1215.0 small-vehicle 1
1171.0 450.0 1191.0 450.0 1191.0 467.0 1171.0 467.0 small-vehicle 1
1180.0 458.0 1200.0 458.0 1200.0 477.0 1180.0 477.0 small-vehicle 1
1227.0 1347.0 1242.0 1347.0 1242.0 1376.0 1227.0 1376.0 ship 0
1232.0 1321.0 1245.0 1321.0 1245.0 1344.0 1232.0 1344.0 small-vehicle 1
1203.0 1327.0 1215.0 1327.0 1215.0 1354.0 1203.0 1354.0 small-vehicle 1
945.0 1245.0 956.0 1245.0 956.0 1267.0 945.0 1267.0 small-vehicle 1
1030.0 1341.0 1042.0 1341.0 1042.0 1361.0 1030.0 1361.0 small-vehicle 1
1104.0 1323.0 1118.0 1323.0 1118.0 1341.0 1104.0 1341.0 small-vehicle 1
624.0 1278.0 636.0 1278.0 636.0 1297.0 624.0 1297.0 small-vehicle 1
614.0 1279.0 623.0 1279.0 623.0 1299.0 614.0 1299.0 small-vehicle 1
602.0 1275.0 613.0 1275.0 613.0 1297.0 602.0 1297.0 small-vehicle 1
589.0 1275.0 600.0 1275.0 600.0 1298.0 589.0 1298.0 small-vehicle 1
610.0 1198.0 620.0 1198.0 620.0 1217.0 610.0 1217.0 small-vehicle 1
874.0 1108.0 888.0 1108.0 888.0 1127.0 874.0 1127.0 ship 0
735.0 1050.0 748.0 1050.0 748.0 1074.0 735.0 1074.0 ship 0
482.0 1299.0 493.0 1299.0 493.0 1317.0 482.0 1317.0 small-vehicle 1
390.0 1262.0 402.0 1262.0 402.0 1281.0 390.0 1281.0 small-vehicle 1
378.0 1265.0 389.0 1265.0 389.0 1285.0 378.0 1285.0 small-vehicle 1
288.0 1248.0 309.0 1248.0 309.0 1264.0 288.0 1264.0 small-vehicle 1
325.0 1272.0 337.0 1272.0 337.0 1294.0 325.0 1294.0 small-vehicle 1
225.0 1265.0 236.0 1265.0 236.0 1286.0 225.0 1286.0 small-vehicle 1
88.0 727.0 109.0 727.0 109.0 738.0 88.0 738.0 small-vehicle 0
130.0 602.0 142.0 602.0 142.0 626.0 130.0 626.0 small-vehicle 0
140.0 644.0 162.0 644.0 162.0 654.0 140.0 654.0 small-vehicle 1
144.0 633.0 161.0 633.0 161.0 644.0 144.0 644.0 small-vehicle 1
143.0 624.0 161.0 624.0 161.0 635.0 143.0 635.0 small-vehicle 1
77.0 450.0 105.0 450.0 105.0 462.0 77.0 462.0 small-vehicle 0
94.0 310.0 116.0 310.0 116.0 335.0 94.0 335.0 small-vehicle 0
1232.0 329.0 1251.0 329.0 1251.0 349.0 1232.0 349.0 small-vehicle 1
1314.0 258.0 1336.0 258.0 1336.0 274.0 1314.0 274.0 small-vehicle 0
1092.0 308.0 1113.0 308.0 1113.0 328.0 1092.0 328.0 small-vehicle 1
1082.0 300.0 1106.0 300.0 1106.0 322.0 1082.0 322.0 small-vehicle 0
640.0 1047.0 653.0 1047.0 653.0 1080.0 640.0 1080.0 ship 0
606.0 1062.0 618.0 1062.0 618.0 1091.0 606.0 1091.0 ship 0
462.0 1004.0 476.0 1004.0 476.0 1027.0 462.0 1027.0 ship 0
377.0 1000.0 393.0 1000.0 393.0 1022.0 377.0 1022.0 ship 0
323.0 960.0 353.0 960.0 353.0 986.0 323.0 986.0 ship 0
275.0 826.0 322.0 826.0 322.0 844.0 275.0 844.0 ship 0
283.0 759.0 318.0 759.0 318.0 772.0 283.0 772.0 ship 0
273.0 590.0 315.0 590.0 315.0 605.0 273.0 605.0 ship 0
244.0 149.0 266.0 149.0 266.0 177.0 244.0 177.0 ship 0
435.0 215.0 449.0 215.0 449.0 237.0 435.0 237.0 ship 0
532.0 222.0 548.0 222.0 548.0 246.0 532.0 246.0 ship 0
287.0 784.0 316.0 784.0 316.0 796.0 287.0 796.0 ship 0
290.0 850.0 315.0 850.0 315.0 862.0 290.0 862.0 ship 0
73.0 839.0 100.0 839.0 100.0 853.0 73.0 853.0 ship 0
69.0 957.0 92.0 957.0 92.0 971.0 69.0 971.0 ship 0
949.0 1056.0 963.0 1056.0 963.0 1083.0 949.0 1083.0 ship 0
983.0 1055.0 998.0 1055.0 998.0 1091.0 983.0 1091.0 ship 0
1128.0 1074.0 1139.0 1074.0 1139.0 1098.0 1128.0 1098.0 ship 0
1219.0 867.0 1250.0 867.0 1250.0 889.0 1219.0 889.0 ship 0
1139.0 754.0 1165.0 754.0 1165.0 779.0 1139.0 779.0 ship 0
1084.0 686.0 1115.0 686.0 1115.0 711.0 1084.0 711.0 ship 0
262.0 13.0 275.0 13.0 275.0 33.0 262.0 33.0 small-vehicle 0
274.0 5.0 287.0 5.0 287.0 29.0 274.0 29.0 small-vehicle 1
361.0 29.0 372.0 29.0 372.0 49.0 361.0 49.0 small-vehicle 1
349.0 26.0 360.0 26.0 360.0 46.0 349.0 46.0 small-vehicle 0
1066.0 300.0 1089.0 300.0 1089.0 318.0 1066.0 318.0 small-vehicle 0
1035.0 209.0 1061.0 209.0 1061.0 228.0 1035.0 228.0 small-vehicle 0
104.0 10.0 169.0 10.0 169.0 102.0 104.0 102.0 harbor 0
