imagesource:GoogleEarth
gsd:0.127050104484
1671.0 393.0 1697.0 393.0 1697.0 418.0 1671.0 418.0 ship 1
1212.0 854.0 1249.0 854.0 1249.0 905.0 1212.0 905.0 ship 0
439.0 151.0 665.0 151.0 665.0 585.0 439.0 585.0 harbor 0
572.0 228.0 787.0 228.0 787.0 634.0 572.0 634.0 harbor 0
731.0 363.0 970.0 363.0 970.0 705.0 731.0 705.0 harbor 0
923.0 478.0 1134.0 478.0 1134.0 808.0 923.0 808.0 harbor 0
1155.0 642.0 1337.0 642.0 1337.0 913.0 1155.0 913.0 harbor 0
1437.0 378.0 1817.0 378.0 1817.0 996.0 1437.0 996.0 harbor 0
2118.0 527.0 2358.0 527.0 2358.0 1162.0 2118.0 1162.0 harbor 0
2419.0 964.0 2636.0 964.0 2636.0 1372.0 2419.0 1372.0 harbor 0
298.0 466.0 341.0 466.0 341.0 525.0 298.0 525.0 ship 0
410.0 507.0 459.0 507.0 459.0 578.0 410.0 578.0 ship 0
605.0 588.0 662.0 588.0 662.0 662.0 605.0 662.0 ship 0
981.0 748.0 1028.0 748.0 1028.0 813.0 981.0 813.0 ship 0
1241.0 852.0 1295.0 852.0 1295.0 922.0 1241.0 922.0 ship 0
1421.0 868.0 1470.0 868.0 1470.0 937.0 1421.0 937.0 ship 0
2609.0 818.0 2644.0 818.0 2644.0 844.0 2609.0 844.0 small-vehicle 0
1435.0 241.0 1456.0 241.0 1456.0 276.0 1435.0 276.0 ship 0
2006.0 163.0 2042.0 163.0 2042.0 211.0 2006.0 211.0 small-vehicle 0
1971.0 155.0 1997.0 155.0 1997.0 197.0 1971.0 197.0 small-vehicle 1
1819.0 62.0 1845.0 62.0 1845.0 99.0 1819.0 99.0 small-vehicle 1
1961.0 7.0 1990.0 7.0 1990.0 50.0 1961.0 50.0 small-vehicle 0
2326.0 20.0 2359.0 20.0 2359.0 63.0 2326.0 63.0 small-vehicle 1
2271.0 27.0 2299.0 27.0 2299.0 66.0 2271.0 66.0 small-vehicle 0
2302.0 17.0 2330.0 17.0 2330.0 59.0 2302.0 59.0 small-vehicle 0
2582.0 264.0 2599.0 264.0 2599.0 297.0 2582.0 297.0 small-vehicle 0
2303.0 248.0 2330.0 248.0 2330.0 299.0 2303.0 299.0 ship 0
2591.0 299.0 2612.0 299.0 2612.0 355.0 2591.0 355.0 ship 0
2609.0 797.0 2656.0 797.0 2656.0 827.0 2609.0 827.0 small-vehicle 0
2658.0 871.0 2698.0 871.0 2698.0 898.0 2658.0 898.0 small-vehicle 0
225.0 130.0 452.0 130.0 452.0 526.0 225.0 526.0 harbor 0
