imagesource:GoogleEarth
gsd:0.259537759788
1052.0 1734.0 1077.0 1734.0 1077.0 1755.0 1052.0 1755.0 swimming-pool 0
2051.0 1983.0 2100.0 1983.0 2100.0 2068.0 2051.0 2068.0 harbor 0
2135.0 2012.0 2190.0 2012.0 2190.0 2100.0 2135.0 2100.0 harbor 0
2199.0 1993.0 2260.0 1993.0 2260.0 2121.0 2199.0 2121.0 harbor 0
2284.0 1995.0 2329.0 1995.0 2329.0 2108.0 2284.0 2108.0 harbor 0
2690.0 2122.0 2870.0 2122.0 2870.0 2189.0 2690.0 2189.0 harbor 0
2959.0 1354.0 3043.0 1354.0 3043.0 1448.0 2959.0 1448.0 harbor 0
2879.0 1465.0 2964.0 1465.0 2964.0 1526.0 2879.0 1526.0 harbor 0
2755.0 1571.0 2791.0 1571.0 2791.0 1661.0 2755.0 1661.0 harbor 0
2646.0 1595.0 2709.0 1595.0 2709.0 1688.0 2646.0 1688.0 harbor 0
2548.0 1602.0 2567.0 1602.0 2567.0 1681.0 2548.0 1681.0 harbor 0
2439.0 1615.0 2468.0 1615.0 2468.0 1687.0 2439.0 1687.0 harbor 0
2355.0 1606.0 2396.0 1606.0 2396.0 1688.0 2355.0 1688.0 harbor 0
2265.0 1600.0 2304.0 1600.0 2304.0 1657.0 2265.0 1657.0 harbor 0
2166.0 1584.0 2192.0 1584.0 2192.0 1669.0 2166.0 1669.0 harbor 0
2088.0 1583.0 2117.0 1583.0 2117.0 1683.0 2088.0 1683.0 harbor 0
2000.0 1593.0 2029.0 1593.0 2029.0 1662.0 2000.0 1662.0 harbor 0
1926.0 1579.0 1958.0 1579.0 1958.0 1658.0 1926.0 1658.0 harbor 0
1792.0 1554.0 1851.0 1554.0 1851.0 1687.0 1792.0 1687.0 harbor 0
1743.0 1565.0 1779.0 1565.0 1779.0 1675.0 1743.0 1675.0 harbor 0
1641.0 1570.0 1683.0 1570.0 1683.0 1693.0 1641.0 1693.0 harbor 0
1526.0 1593.0 1582.0 1593.0 1582.0 1712.0 1526.0 1712.0 harbor 0
1384.0 1627.0 1428.0 1627.0 1428.0 1783.0 1384.0 1783.0 harbor 0
1255.0 1682.0 1333.0 1682.0 1333.0 1911.0 1255.0 1911.0 harbor 0
44.0 250.0 64.0 250.0 64.0 281.0 44.0 281.0 ship 0
558.0 610.0 573.0 610.0 573.0 642.0 558.0 642.0 ship 0
595.0 615.0 611.0 615.0 611.0 645.0 595.0 645.0 ship 0
1592.0 394.0 1621.0 394.0 1621.0 408.0 1592.0 408.0 ship 0
1118.0 430.0 1131.0 430.0 1131.0 460.0 1118.0 460.0 ship 0
2091.0 1976.0 2155.0 1976.0 2155.0 2086.0 2091.0 2086.0 harbor 0
2008.0 1953.0 2068.0 1953.0 2068.0 2044.0 2008.0 2044.0 harbor 0
987.0 1341.0 997.0 1341.0 997.0 1363.0 987.0 1363.0 small-vehicle 1
1969.0 1943.0 2011.0 1943.0 2011.0 2022.0 1969.0 2022.0 harbor 0
177.0 291.0 272.0 291.0 272.0 749.0 177.0 749.0 harbor 0
295.0 332.0 388.0 332.0 388.0 792.0 295.0 792.0 harbor 0
388.0 369.0 468.0 369.0 468.0 806.0 388.0 806.0 harbor 0
549.0 397.0 624.0 397.0 624.0 855.0 549.0 855.0 harbor 0
661.0 744.0 701.0 744.0 701.0 906.0 661.0 906.0 harbor 0
768.0 815.0 800.0 815.0 800.0 919.0 768.0 919.0 harbor 0
878.0 434.0 914.0 434.0 914.0 899.0 878.0 899.0 harbor 0
961.0 430.0 1001.0 430.0 1001.0 920.0 961.0 920.0 harbor 0
1042.0 424.0 1121.0 424.0 1121.0 967.0 1042.0 967.0 harbor 0
1144.0 426.0 1237.0 426.0 1237.0 962.0 1144.0 962.0 harbor 0
1374.0 389.0 1515.0 389.0 1515.0 1009.0 1374.0 1009.0 harbor 0
1515.0 384.0 1621.0 384.0 1621.0 1007.0 1515.0 1007.0 harbor 0
1758.0 940.0 1807.0 940.0 1807.0 1076.0 1758.0 1076.0 harbor 0
1961.0 761.0 1997.0 761.0 1997.0 1084.0 1961.0 1084.0 harbor 0
2124.0 917.0 2172.0 917.0 2172.0 1077.0 2124.0 1077.0 harbor 0
2302.0 849.0 2344.0 849.0 2344.0 1024.0 2302.0 1024.0 harbor 0
2507.0 848.0 2546.0 848.0 2546.0 980.0 2507.0 980.0 harbor 0
2611.0 877.0 2650.0 877.0 2650.0 1027.0 2611.0 1027.0 harbor 0
2696.0 783.0 2725.0 783.0 2725.0 1021.0 2696.0 1021.0 harbor 0
2793.0 881.0 2835.0 881.0 2835.0 1015.0 2793.0 1015.0 harbor 0
2999.0 1027.0 3118.0 1027.0 3118.0 1164.0 2999.0 1164.0 harbor 0
3101.0 1212.0 3181.0 1212.0 3181.0 1299.0 3101.0 1299.0 harbor 0
1595.0 1854.0 1646.0 1854.0 1646.0 2004.0 1595.0 2004.0 harbor 0
1525.0 1999.0 1613.0 1999.0 1613.0 2155.0 1525.0 2155.0 harbor 0
1417.0 2146.0 1532.0 2146.0 1532.0 2226.0 1417.0 2226.0 harbor 0
1871.0 1890.0 1905.0 1890.0 1905.0 1971.0 1871.0 1971.0 harbor 0
1920.0 1933.0 1952.0 1933.0 1952.0 1996.0 1920.0 1996.0 harbor 0
1000.0 430.0 1015.0 430.0 1015.0 458.0 1000.0 458.0 ship 0
145.0 956.0 160.0 956.0 160.0 983.0 145.0 983.0 ship 0
11.0 1053.0 38.0 1053.0 38.0 1070.0 11.0 1070.0 small-vehicle 1
404.0 1046.0 415.0 1046.0 415.0 1070.0 404.0 1070.0 small-vehicle 1
2165.0 1667.0 2192.0 1667.0 2192.0 1683.0 2165.0 1683.0 ship 1
2103.0 1658.0 2119.0 1658.0 2119.0 1687.0 2103.0 1687.0 ship 1
1899.0 1890.0 1918.0 1890.0 1918.0 1918.0 1899.0 1918.0 ship 1
1973.0 1938.0 1995.0 1938.0 1995.0 1965.0 1973.0 1965.0 ship 1
2056.0 1958.0 2077.0 1958.0 2077.0 1992.0 2056.0 1992.0 ship 1
2070.0 1981.0 2095.0 1981.0 2095.0 2011.0 2070.0 2011.0 ship 1
2124.0 1978.0 2146.0 1978.0 2146.0 2006.0 2124.0 2006.0 ship 1
2142.0 1988.0 2161.0 1988.0 2161.0 2014.0 2142.0 2014.0 ship 1
2161.0 2013.0 2182.0 2013.0 2182.0 2042.0 2161.0 2042.0 ship 1
2224.0 1989.0 2248.0 1989.0 2248.0 2024.0 2224.0 2024.0 ship 1
2003.0 2094.0 2020.0 2094.0 2020.0 2122.0 2003.0 2122.0 small-vehicle 1
2197.0 2164.0 2209.0 2164.0 2209.0 2186.0 2197.0 2186.0 small-vehicle 1
2195.0 2190.0 2207.0 2190.0 2207.0 2209.0 2195.0 2209.0 small-vehicle 1
2208.0 2204.0 2233.0 2204.0 2233.0 2220.0 2208.0 2220.0 small-vehicle 1
2083.0 2130.0 2100.0 2130.0 2100.0 2154.0 2083.0 2154.0 small-vehicle 1
2020.0 2180.0 2043.0 2180.0 2043.0 2196.0 2020.0 2196.0 small-vehicle 1
1924.0 2105.0 1937.0 2105.0 1937.0 2128.0 1924.0 2128.0 small-vehicle 1
2181.0 2249.0 2205.0 2249.0 2205.0 2266.0 2181.0 2266.0 small-vehicle 1
187.0 968.0 214.0 968.0 214.0 996.0 187.0 996.0 small-vehicle 1
3143.0 1233.0 3173.0 1233.0 3173.0 1259.0 3143.0 1259.0 ship 0
2795.0 869.0 2825.0 869.0 2825.0 884.0 2795.0 884.0 ship 0
2698.0 772.0 2724.0 772.0 2724.0 784.0 2698.0 784.0 ship 0
2498.0 850.0 2511.0 850.0 2511.0 874.0 2498.0 874.0 ship 0
2302.0 839.0 2328.0 839.0 2328.0 851.0 2302.0 851.0 ship 0
458.0 372.0 474.0 372.0 474.0 400.0 458.0 400.0 ship 0
986.0 1284.0 997.0 1284.0 997.0 1307.0 986.0 1307.0 small-vehicle 1
988.0 1314.0 997.0 1314.0 997.0 1335.0 988.0 1335.0 small-vehicle 1
2360.0 1660.0 2375.0 1660.0 2375.0 1687.0 2360.0 1687.0 ship 1
2340.0 1659.0 2357.0 1659.0 2357.0 1687.0 2340.0 1687.0 ship 1
2541.0 1678.0 2570.0 1678.0 2570.0 1694.0 2541.0 1694.0 ship 1
803.0 1367.0 830.0 1367.0 830.0 1378.0 803.0 1378.0 ship 0
172.0 1143.0 196.0 1143.0 196.0 1166.0 172.0 1166.0 small-vehicle 1
471.0 1175.0 492.0 1175.0 492.0 1187.0 471.0 1187.0 small-vehicle 1
468.0 1187.0 486.0 1187.0 486.0 1197.0 468.0 1197.0 small-vehicle 1
181.0 1360.0 203.0 1360.0 203.0 1371.0 181.0 1371.0 small-vehicle 1
176.0 1380.0 197.0 1380.0 197.0 1392.0 176.0 1392.0 small-vehicle 1
307.0 1363.0 316.0 1363.0 316.0 1385.0 307.0 1385.0 small-vehicle 1
150.0 1671.0 168.0 1671.0 168.0 1680.0 150.0 1680.0 small-vehicle 1
112.0 1847.0 121.0 1847.0 121.0 1870.0 112.0 1870.0 small-vehicle 1
185.0 1878.0 223.0 1878.0 223.0 1895.0 185.0 1895.0 ship 0
159.0 2054.0 194.0 2054.0 194.0 2070.0 159.0 2070.0 ship 0
162.0 2011.0 185.0 2011.0 185.0 2032.0 162.0 2032.0 small-vehicle 1
711.0 1296.0 724.0 1296.0 724.0 1321.0 711.0 1321.0 ship 0
1513.0 1262.0 1525.0 1262.0 1525.0 1287.0 1513.0 1287.0 small-vehicle 1
2661.0 1659.0 2682.0 1659.0 2682.0 1695.0 2661.0 1695.0 ship 1
1541.0 1249.0 1556.0 1249.0 1556.0 1272.0 1541.0 1272.0 small-vehicle 1
1554.0 1276.0 1566.0 1276.0 1566.0 1300.0 1554.0 1300.0 small-vehicle 1
1565.0 1278.0 1577.0 1278.0 1577.0 1305.0 1565.0 1305.0 small-vehicle 1
1669.0 1282.0 1692.0 1282.0 1692.0 1307.0 1669.0 1307.0 small-vehicle 1
1737.0 1304.0 1761.0 1304.0 1761.0 1316.0 1737.0 1316.0 small-vehicle 1
1851.0 1378.0 1866.0 1378.0 1866.0 1408.0 1851.0 1408.0 ship 1
2535.0 1452.0 2555.0 1452.0 2555.0 1463.0 2535.0 1463.0 small-vehicle 1
2453.0 1347.0 2465.0 1347.0 2465.0 1369.0 2453.0 1369.0 small-vehicle 1
2538.0 1471.0 2555.0 1471.0 2555.0 1484.0 2538.0 1484.0 small-vehicle 1
2930.0 1315.0 2957.0 1315.0 2957.0 1339.0 2930.0 1339.0 ship 1
3001.0 1414.0 3028.0 1414.0 3028.0 1442.0 3001.0 1442.0 ship 1
2755.0 1633.0 2770.0 1633.0 2770.0 1659.0 2755.0 1659.0 ship 1
1.0 235.0 83.0 235.0 83.0 705.0 1.0 705.0 harbor 0
