imagesource:GoogleEarth
gsd:0.125050525786
4939.0 340.0 4968.0 340.0 4968.0 382.0 4939.0 382.0 ship 0
1931.0 201.0 1961.0 201.0 1961.0 254.0 1931.0 254.0 ship 0
576.0 1283.0 609.0 1283.0 609.0 1340.0 576.0 1340.0 ship 0
232.0 1319.0 272.0 1319.0 272.0 1375.0 232.0 1375.0 ship 0
1591.0 183.0 1623.0 183.0 1623.0 236.0 1591.0 236.0 ship 0
1505.0 180.0 1532.0 180.0 1532.0 224.0 1505.0 224.0 ship 0
972.0 72.0 1003.0 72.0 1003.0 135.0 972.0 135.0 ship 0
4968.0 1170.0 5040.0 1170.0 5040.0 1462.0 4968.0 1462.0 harbor 0
4771.0 298.0 4957.0 298.0 4957.0 1324.0 4771.0 1324.0 harbor 0
4571.0 887.0 4629.0 887.0 4629.0 1257.0 4571.0 1257.0 harbor 0
4402.0 931.0 4456.0 931.0 4456.0 1236.0 4402.0 1236.0 harbor 0
4243.0 319.0 4417.0 319.0 4417.0 1083.0 4243.0 1083.0 harbor 0
4031.0 833.0 4154.0 833.0 4154.0 1128.0 4031.0 1128.0 harbor 0
3502.0 70.0 3696.0 70.0 3696.0 892.0 3502.0 892.0 harbor 0
3161.0 612.0 3245.0 612.0 3245.0 854.0 3161.0 854.0 harbor 0
2811.0 135.0 2992.0 135.0 2992.0 673.0 2811.0 673.0 harbor 0
2433.0 190.0 2511.0 190.0 2511.0 579.0 2433.0 579.0 harbor 0
2278.0 233.0 2367.0 233.0 2367.0 535.0 2278.0 535.0 harbor 0
2149.0 184.0 2198.0 184.0 2198.0 557.0 2149.0 557.0 harbor 0
1912.0 196.0 2012.0 196.0 2012.0 562.0 1912.0 562.0 harbor 0
1748.0 129.0 1848.0 129.0 1848.0 525.0 1748.0 525.0 harbor 0
1517.0 185.0 1602.0 185.0 1602.0 658.0 1517.0 658.0 harbor 0
1101.0 4.0 1260.0 4.0 1260.0 812.0 1101.0 812.0 harbor 0
901.0 65.0 1049.0 65.0 1049.0 897.0 901.0 897.0 harbor 0
559.0 311.0 664.0 311.0 664.0 905.0 559.0 905.0 harbor 0
1048.0 1579.0 1087.0 1579.0 1087.0 1630.0 1048.0 1630.0 small-vehicle 1
1067.0 1590.0 1104.0 1590.0 1104.0 1638.0 1067.0 1638.0 small-vehicle 1
1112.0 1548.0 1167.0 1548.0 1167.0 1568.0 1112.0 1568.0 ship 0
2789.0 1185.0 2837.0 1185.0 2837.0 1222.0 2789.0 1222.0 small-vehicle 0
2507.0 164.0 2530.0 164.0 2530.0 218.0 2507.0 218.0 ship 0
4879.0 330.0 4916.0 330.0 4916.0 388.0 4879.0 388.0 ship 0
4606.0 929.0 4635.0 929.0 4635.0 989.0 4606.0 989.0 ship 0
3842.0 1484.0 3862.0 1484.0 3862.0 1527.0 3842.0 1527.0 small-vehicle 1
3774.0 1516.0 3829.0 1516.0 3829.0 1552.0 3774.0 1552.0 large-vehicle 0
4171.0 1550.0 4198.0 1550.0 4198.0 1611.0 4171.0 1611.0 ship 0
3079.0 1659.0 3124.0 1659.0 3124.0 1682.0 3079.0 1682.0 ship 0
3105.0 1603.0 3129.0 1603.0 3129.0 1652.0 3105.0 1652.0 ship 0
3106.0 1485.0 3126.0 1485.0 3126.0 1542.0 3106.0 1542.0 small-vehicle 0
2860.0 1214.0 2915.0 1214.0 2915.0 1253.0 2860.0 1253.0 ship 0
2289.0 728.0 2332.0 728.0 2332.0 777.0 2289.0 777.0 small-vehicle 0
1120.0 1516.0 1169.0 1516.0 1169.0 1536.0 1120.0 1536.0 small-vehicle 1
2548.0 1104.0 2610.0 1104.0 2610.0 1126.0 2548.0 1126.0 ship 0
2497.0 1099.0 2537.0 1099.0 2537.0 1124.0 2497.0 1124.0 small-vehicle 0
2356.0 1305.0 2401.0 1305.0 2401.0 1328.0 2356.0 1328.0 small-vehicle 0
2172.0 1124.0 2192.0 1124.0 2192.0 1164.0 2172.0 1164.0 small-vehicle 0
2218.0 1042.0 2258.0 1042.0 2258.0 1062.0 2218.0 1062.0 small-vehicle 0
1988.0 1014.0 2010.0 1014.0 2010.0 1061.0 1988.0 1061.0 large-vehicle 0
1970.0 1030.0 1986.0 1030.0 1986.0 1067.0 1970.0 1067.0 small-vehicle 1
1972.0 990.0 1986.0 990.0 1986.0 1027.0 1972.0 1027.0 small-vehicle 1
1426.0 1190.0 1445.0 1190.0 1445.0 1234.0 1426.0 1234.0 small-vehicle 1
1547.0 1524.0 1599.0 1524.0 1599.0 1549.0 1547.0 1549.0 ship 0
273.0 136.0 422.0 136.0 422.0 948.0 273.0 948.0 harbor 0
