imagesource:GoogleEarth
gsd:0.250210481695
1059.0 944.0 1074.0 944.0 1074.0 966.0 1059.0 966.0 small-vehicle 1
1044.0 1092.0 1067.0 1092.0 1067.0 1103.0 1044.0 1103.0 small-vehicle 1
3092.0 155.0 3162.0 155.0 3162.0 415.0 3092.0 415.0 harbor 0
3005.0 192.0 3079.0 192.0 3079.0 445.0 3005.0 445.0 harbor 0
2919.0 222.0 2995.0 222.0 2995.0 472.0 2919.0 472.0 harbor 0
2812.0 259.0 2886.0 259.0 2886.0 496.0 2812.0 496.0 harbor 0
2719.0 339.0 2786.0 339.0 2786.0 542.0 2719.0 542.0 harbor 0
2609.0 347.0 2686.0 347.0 2686.0 579.0 2609.0 579.0 harbor 0
2384.0 441.0 2457.0 441.0 2457.0 665.0 2384.0 665.0 harbor 0
2200.0 464.0 2273.0 464.0 2273.0 711.0 2200.0 711.0 harbor 0
2094.0 475.0 2181.0 475.0 2181.0 735.0 2094.0 735.0 harbor 0
1993.0 512.0 2071.0 512.0 2071.0 757.0 1993.0 757.0 harbor 0
1832.0 554.0 1907.0 554.0 1907.0 792.0 1832.0 792.0 harbor 0
1717.0 532.0 1802.0 532.0 1802.0 809.0 1717.0 809.0 harbor 0
1658.0 590.0 1718.0 590.0 1718.0 826.0 1658.0 826.0 harbor 0
1425.0 666.0 1492.0 666.0 1492.0 852.0 1425.0 852.0 harbor 0
1317.0 668.0 1371.0 668.0 1371.0 880.0 1317.0 880.0 harbor 0
1196.0 620.0 1271.0 620.0 1271.0 869.0 1196.0 869.0 harbor 0
1108.0 639.0 1179.0 639.0 1179.0 867.0 1108.0 867.0 harbor 0
981.0 619.0 1042.0 619.0 1042.0 829.0 981.0 829.0 harbor 0
863.0 559.0 960.0 559.0 960.0 839.0 863.0 839.0 harbor 0
759.0 647.0 836.0 647.0 836.0 936.0 759.0 936.0 harbor 0
614.0 651.0 720.0 651.0 720.0 953.0 614.0 953.0 harbor 0
506.0 655.0 608.0 655.0 608.0 1007.0 506.0 1007.0 harbor 0
417.0 700.0 503.0 700.0 503.0 1017.0 417.0 1017.0 harbor 0
315.0 781.0 386.0 781.0 386.0 1056.0 315.0 1056.0 harbor 0
43.0 1012.0 76.0 1012.0 76.0 1125.0 43.0 1125.0 harbor 0
3180.0 152.0 3258.0 152.0 3258.0 405.0 3180.0 405.0 harbor 0
3277.0 121.0 3365.0 121.0 3365.0 399.0 3277.0 399.0 harbor 0
3400.0 207.0 3449.0 207.0 3449.0 352.0 3400.0 352.0 harbor 0
3479.0 36.0 3497.0 36.0 3497.0 66.0 3479.0 66.0 ship 0
1365.0 1113.0 1394.0 1113.0 1394.0 1128.0 1365.0 1128.0 small-vehicle 1
1912.0 939.0 1935.0 939.0 1935.0 960.0 1912.0 960.0 small-vehicle 1
2434.0 1041.0 2446.0 1041.0 2446.0 1063.0 2434.0 1063.0 small-vehicle 1
2485.0 1098.0 2503.0 1098.0 2503.0 1125.0 2485.0 1125.0 ship 1
2841.0 1018.0 2858.0 1018.0 2858.0 1049.0 2841.0 1049.0 ship 1
2851.0 983.0 2874.0 983.0 2874.0 1005.0 2851.0 1005.0 small-vehicle 1
2788.0 971.0 2808.0 971.0 2808.0 997.0 2788.0 997.0 small-vehicle 1
2633.0 902.0 2651.0 902.0 2651.0 926.0 2633.0 926.0 small-vehicle 1
3467.0 1081.0 3491.0 1081.0 3491.0 1110.0 3467.0 1110.0 ship 1
2697.0 605.0 2736.0 605.0 2736.0 629.0 2697.0 629.0 swimming-pool 0
3328.0 432.0 3371.0 432.0 3371.0 472.0 3328.0 472.0 swimming-pool 0
3242.0 348.0 3251.0 348.0 3251.0 369.0 3242.0 369.0 ship 0
526.0 656.0 542.0 656.0 542.0 687.0 526.0 687.0 ship 0
3220.0 251.0 3237.0 251.0 3237.0 276.0 3220.0 276.0 ship 0
3199.0 149.0 3219.0 149.0 3219.0 183.0 3199.0 183.0 ship 0
3116.0 159.0 3138.0 159.0 3138.0 198.0 3116.0 198.0 ship 0
3082.0 179.0 3116.0 179.0 3116.0 199.0 3082.0 199.0 ship 0
2834.0 261.0 2853.0 261.0 2853.0 289.0 2834.0 289.0 ship 0
2644.0 355.0 2661.0 355.0 2661.0 381.0 2644.0 381.0 ship 0
2369.0 449.0 2390.0 449.0 2390.0 482.0 2369.0 482.0 ship 0
2186.0 466.0 2203.0 466.0 2203.0 494.0 2186.0 494.0 ship 0
1763.0 533.0 1780.0 533.0 1780.0 560.0 1763.0 560.0 ship 0
1745.0 536.0 1760.0 536.0 1760.0 561.0 1745.0 561.0 ship 0
867.0 563.0 885.0 563.0 885.0 592.0 867.0 592.0 ship 0
206.0 788.0 269.0 788.0 269.0 1059.0 206.0 1059.0 harbor 0
