imagesource:GoogleEarth
gsd:0.249103285224
672.0 406.0 696.0 406.0 696.0 435.0 672.0 435.0 ship 0
68.0 21.0 93.0 21.0 93.0 33.0 68.0 33.0 small-vehicle 1
4802.0 939.0 4912.0 939.0 4912.0 1355.0 4802.0 1355.0 harbor 0
5110.0 1318.0 5186.0 1318.0 5186.0 1505.0 5110.0 1505.0 harbor 0
5833.0 945.0 5869.0 945.0 5869.0 1035.0 5833.0 1035.0 harbor 0
5681.0 919.0 5718.0 919.0 5718.0 1018.0 5681.0 1018.0 harbor 0
5167.0 1204.0 5187.0 1204.0 5187.0 1316.0 5167.0 1316.0 harbor 0
5178.0 918.0 5261.0 918.0 5261.0 1201.0 5178.0 1201.0 harbor 0
626.0 75.0 638.0 75.0 638.0 97.0 626.0 97.0 small-vehicle 1
3567.0 867.0 3701.0 867.0 3701.0 1481.0 3567.0 1481.0 harbor 0
753.0 21.0 767.0 21.0 767.0 42.0 753.0 42.0 small-vehicle 1
823.0 140.0 841.0 140.0 841.0 164.0 823.0 164.0 small-vehicle 1
842.0 159.0 868.0 159.0 868.0 175.0 842.0 175.0 small-vehicle 1
969.0 69.0 981.0 69.0 981.0 93.0 969.0 93.0 ship 1
1153.0 49.0 1171.0 49.0 1171.0 61.0 1153.0 61.0 small-vehicle 1
1156.0 35.0 1178.0 35.0 1178.0 48.0 1156.0 48.0 small-vehicle 1
4022.0 850.0 4137.0 850.0 4137.0 1400.0 4022.0 1400.0 harbor 0
3175.0 670.0 3305.0 670.0 3305.0 936.0 3175.0 936.0 harbor 0
1125.0 156.0 1137.0 156.0 1137.0 178.0 1125.0 178.0 small-vehicle 1
1385.0 517.0 1580.0 517.0 1580.0 980.0 1385.0 980.0 harbor 0
318.0 301.0 361.0 301.0 361.0 432.0 318.0 432.0 harbor 0
448.0 301.0 494.0 301.0 494.0 429.0 448.0 429.0 harbor 0
654.0 310.0 696.0 310.0 696.0 462.0 654.0 462.0 harbor 0
789.0 372.0 895.0 372.0 895.0 733.0 789.0 733.0 harbor 0
948.0 409.0 1009.0 409.0 1009.0 675.0 948.0 675.0 harbor 0
1184.0 395.0 1386.0 395.0 1386.0 861.0 1184.0 861.0 harbor 0
1835.0 632.0 2049.0 632.0 2049.0 1225.0 1835.0 1225.0 harbor 0
2741.0 746.0 2820.0 746.0 2820.0 1281.0 2741.0 1281.0 harbor 0
1986.0 655.0 2126.0 655.0 2126.0 1112.0 1986.0 1112.0 harbor 0
2392.0 572.0 2429.0 572.0 2429.0 702.0 2392.0 702.0 harbor 0
2511.0 1006.0 2541.0 1006.0 2541.0 1246.0 2511.0 1246.0 harbor 0
2520.0 909.0 2572.0 909.0 2572.0 1005.0 2520.0 1005.0 harbor 0
2536.0 551.0 2570.0 551.0 2570.0 903.0 2536.0 903.0 harbor 0
2615.0 655.0 2675.0 655.0 2675.0 1258.0 2615.0 1258.0 harbor 0
1241.0 111.0 1253.0 111.0 1253.0 133.0 1241.0 133.0 small-vehicle 1
1154.0 142.0 1177.0 142.0 1177.0 155.0 1154.0 155.0 small-vehicle 1
773.0 695.0 793.0 695.0 793.0 726.0 773.0 726.0 ship 0
3460.0 497.0 3481.0 497.0 3481.0 522.0 3460.0 522.0 small-vehicle 1
4296.0 353.0 4307.0 353.0 4307.0 374.0 4296.0 374.0 small-vehicle 1
5520.0 137.0 5545.0 137.0 5545.0 150.0 5520.0 150.0 small-vehicle 1
5802.0 149.0 5822.0 149.0 5822.0 175.0 5802.0 175.0 small-vehicle 1
5820.0 255.0 5850.0 255.0 5850.0 296.0 5820.0 296.0 swimming-pool 0
5958.0 866.0 6016.0 866.0 6016.0 898.0 5958.0 898.0 swimming-pool 0
5673.0 995.0 5685.0 995.0 5685.0 1014.0 5673.0 1014.0 ship 1
2650.0 1229.0 2667.0 1229.0 2667.0 1259.0 2650.0 1259.0 ship 0
4759.0 344.0 4780.0 344.0 4780.0 355.0 4759.0 355.0 small-vehicle 1
2535.0 634.0 2544.0 634.0 2544.0 652.0 2535.0 652.0 ship 0
2550.0 632.0 2557.0 632.0 2557.0 651.0 2550.0 651.0 ship 0
1403.0 978.0 1434.0 978.0 1434.0 1000.0 1403.0 1000.0 ship 0
1173.0 818.0 1192.0 818.0 1192.0 846.0 1173.0 846.0 ship 0
2014.0 1079.0 2034.0 1079.0 2034.0 1113.0 2014.0 1113.0 ship 0
808.0 703.0 825.0 703.0 825.0 734.0 808.0 734.0 ship 0
4332.0 240.0 4341.0 240.0 4341.0 263.0 4332.0 263.0 small-vehicle 1
4772.0 381.0 4785.0 381.0 4785.0 404.0 4772.0 404.0 small-vehicle 1
1240.0 156.0 1250.0 156.0 1250.0 178.0 1240.0 178.0 small-vehicle 1
4381.0 29.0 4402.0 29.0 4402.0 38.0 4381.0 38.0 small-vehicle 1
1266.0 155.0 1277.0 155.0 1277.0 175.0 1266.0 175.0 small-vehicle 1
1287.0 108.0 1317.0 108.0 1317.0 126.0 1287.0 126.0 ship 1
1397.0 174.0 1411.0 174.0 1411.0 196.0 1397.0 196.0 small-vehicle 1
1571.0 47.0 1585.0 47.0 1585.0 70.0 1571.0 70.0 small-vehicle 1
3930.0 75.0 3950.0 75.0 3950.0 84.0 3930.0 84.0 small-vehicle 1
3933.0 60.0 3954.0 60.0 3954.0 72.0 3933.0 72.0 small-vehicle 1
4380.0 40.0 4399.0 40.0 4399.0 51.0 4380.0 51.0 small-vehicle 1
4963.0 72.0 4984.0 72.0 4984.0 82.0 4963.0 82.0 small-vehicle 1
4433.0 107.0 4473.0 107.0 4473.0 127.0 4433.0 127.0 swimming-pool 0
4527.0 106.0 4538.0 106.0 4538.0 131.0 4527.0 131.0 small-vehicle 1
4539.0 133.0 4548.0 133.0 4548.0 158.0 4539.0 158.0 small-vehicle 1
4523.0 154.0 4537.0 154.0 4537.0 185.0 4523.0 185.0 ship 1
4504.0 233.0 4520.0 233.0 4520.0 258.0 4504.0 258.0 ship 1
4687.0 71.0 4705.0 71.0 4705.0 88.0 4687.0 88.0 small-vehicle 1
184.0 287.0 221.0 287.0 221.0 352.0 184.0 352.0 harbor 0
