imagesource:GoogleEarth
gsd:0.2481751973
781.0 350.0 793.0 350.0 793.0 369.0 781.0 369.0 ship 1
432.0 416.0 444.0 416.0 444.0 437.0 432.0 437.0 ship 1
2579.0 224.0 2648.0 224.0 2648.0 581.0 2579.0 581.0 harbor 0
2464.0 240.0 2547.0 240.0 2547.0 584.0 2464.0 584.0 harbor 0
2447.0 218.0 2485.0 218.0 2485.0 342.0 2447.0 342.0 harbor 0
2377.0 210.0 2395.0 210.0 2395.0 243.0 2377.0 243.0 harbor 0
2216.0 183.0 2233.0 183.0 2233.0 241.0 2216.0 241.0 harbor 0
2038.0 177.0 2120.0 177.0 2120.0 506.0 2038.0 506.0 harbor 0
1586.0 145.0 1675.0 145.0 1675.0 531.0 1586.0 531.0 harbor 0
1519.0 167.0 1581.0 167.0 1581.0 514.0 1519.0 514.0 harbor 0
1462.0 154.0 1528.0 154.0 1528.0 524.0 1462.0 524.0 harbor 0
1324.0 148.0 1355.0 148.0 1355.0 272.0 1324.0 272.0 harbor 0
1143.0 202.0 1171.0 202.0 1171.0 297.0 1143.0 297.0 harbor 0
1026.0 273.0 1049.0 273.0 1049.0 331.0 1026.0 331.0 harbor 0
890.0 258.0 916.0 258.0 916.0 334.0 890.0 334.0 harbor 0
774.0 265.0 812.0 265.0 812.0 369.0 774.0 369.0 harbor 0
654.0 305.0 704.0 305.0 704.0 478.0 654.0 478.0 harbor 0
404.0 341.0 468.0 341.0 468.0 527.0 404.0 527.0 harbor 0
263.0 390.0 323.0 390.0 323.0 648.0 263.0 648.0 harbor 0
2849.0 291.0 2920.0 291.0 2920.0 510.0 2849.0 510.0 harbor 0
3132.0 334.0 3184.0 334.0 3184.0 613.0 3132.0 613.0 harbor 0
3363.0 396.0 3411.0 396.0 3411.0 641.0 3363.0 641.0 harbor 0
3476.0 376.0 3486.0 376.0 3486.0 394.0 3476.0 394.0 ship 1
442.0 470.0 463.0 470.0 463.0 501.0 442.0 501.0 ship 1
1626.0 502.0 1639.0 502.0 1639.0 527.0 1626.0 527.0 ship 1
2081.0 417.0 2096.0 417.0 2096.0 445.0 2081.0 445.0 ship 1
2871.0 490.0 2888.0 490.0 2888.0 518.0 2871.0 518.0 ship 1
3156.0 591.0 3167.0 591.0 3167.0 611.0 3156.0 611.0 ship 1
4122.0 1042.0 4137.0 1042.0 4137.0 1072.0 4122.0 1072.0 ship 1
3377.0 615.0 3394.0 615.0 3394.0 641.0 3377.0 641.0 ship 1
3745.0 71.0 3772.0 71.0 3772.0 87.0 3745.0 87.0 small-vehicle 1
3475.0 428.0 3546.0 428.0 3546.0 732.0 3475.0 732.0 harbor 0
3713.0 70.0 3740.0 70.0 3740.0 84.0 3713.0 84.0 small-vehicle 1
3323.0 66.0 3342.0 66.0 3342.0 97.0 3323.0 97.0 ship 0
2898.0 171.0 2921.0 171.0 2921.0 216.0 2898.0 216.0 swimming-pool 0
377.0 75.0 401.0 75.0 401.0 90.0 377.0 90.0 small-vehicle 1
4515.0 551.0 4539.0 551.0 4539.0 1018.0 4515.0 1018.0 harbor 0
4246.0 587.0 4303.0 587.0 4303.0 1062.0 4246.0 1062.0 harbor 0
4117.0 601.0 4165.0 601.0 4165.0 1070.0 4117.0 1070.0 harbor 0
136.0 373.0 162.0 373.0 162.0 422.0 136.0 422.0 harbor 0
