imagesource:GoogleEarth
gsd:0.246568760735
1645.0 720.0 1681.0 720.0 1681.0 760.0 1645.0 760.0 swimming-pool 0
2371.0 566.0 2427.0 566.0 2427.0 597.0 2371.0 597.0 swimming-pool 0
4885.0 306.0 4911.0 306.0 4911.0 438.0 4885.0 438.0 harbor 0
4763.0 343.0 4796.0 343.0 4796.0 440.0 4763.0 440.0 harbor 0
4585.0 327.0 4648.0 327.0 4648.0 423.0 4585.0 423.0 harbor 0
4526.0 333.0 4561.0 333.0 4561.0 427.0 4526.0 427.0 harbor 0
4321.0 334.0 4354.0 334.0 4354.0 360.0 4321.0 360.0 harbor 0
3980.0 322.0 4047.0 322.0 4047.0 407.0 3980.0 407.0 harbor 0
3839.0 301.0 3870.0 301.0 3870.0 358.0 3839.0 358.0 harbor 0
3747.0 268.0 3792.0 268.0 3792.0 346.0 3747.0 346.0 harbor 0
3603.0 248.0 3659.0 248.0 3659.0 345.0 3603.0 345.0 harbor 0
3499.0 261.0 3541.0 261.0 3541.0 337.0 3499.0 337.0 harbor 0
3364.0 238.0 3421.0 238.0 3421.0 333.0 3364.0 333.0 harbor 0
3233.0 240.0 3256.0 240.0 3256.0 332.0 3233.0 332.0 harbor 0
3152.0 244.0 3172.0 244.0 3172.0 349.0 3152.0 349.0 harbor 0
3024.0 239.0 3073.0 239.0 3073.0 348.0 3024.0 348.0 harbor 0
2826.0 226.0 2884.0 226.0 2884.0 439.0 2826.0 439.0 harbor 0
2738.0 239.0 2772.0 239.0 2772.0 383.0 2738.0 383.0 harbor 0
2643.0 275.0 2677.0 275.0 2677.0 404.0 2643.0 404.0 harbor 0
2517.0 286.0 2556.0 286.0 2556.0 428.0 2517.0 428.0 harbor 0
2241.0 351.0 2264.0 351.0 2264.0 448.0 2241.0 448.0 harbor 0
2114.0 360.0 2145.0 360.0 2145.0 459.0 2114.0 459.0 harbor 0
1829.0 409.0 1862.0 409.0 1862.0 536.0 1829.0 536.0 harbor 0
1729.0 431.0 1763.0 431.0 1763.0 542.0 1729.0 542.0 harbor 0
1638.0 435.0 1675.0 435.0 1675.0 547.0 1638.0 547.0 harbor 0
1549.0 367.0 1571.0 367.0 1571.0 580.0 1549.0 580.0 harbor 0
1420.0 290.0 1458.0 290.0 1458.0 592.0 1420.0 592.0 harbor 0
1226.0 189.0 1273.0 189.0 1273.0 550.0 1226.0 550.0 harbor 0
965.0 338.0 1005.0 338.0 1005.0 590.0 965.0 590.0 harbor 0
634.0 279.0 670.0 279.0 670.0 588.0 634.0 588.0 harbor 0
410.0 265.0 450.0 265.0 450.0 587.0 410.0 587.0 harbor 0
5004.0 282.0 5020.0 282.0 5020.0 381.0 5004.0 381.0 harbor 0
5092.0 266.0 5148.0 266.0 5148.0 468.0 5092.0 468.0 harbor 0
5228.0 259.0 5278.0 259.0 5278.0 442.0 5228.0 442.0 harbor 0
3536.0 253.0 3551.0 253.0 3551.0 278.0 3536.0 278.0 ship 1
3475.0 471.0 3513.0 471.0 3513.0 534.0 3475.0 534.0 swimming-pool 0
6027.0 436.0 6040.0 436.0 6040.0 460.0 6027.0 460.0 ship 1
6000.0 416.0 6015.0 416.0 6015.0 444.0 6000.0 444.0 ship 1
4919.0 446.0 4932.0 446.0 4932.0 469.0 4919.0 469.0 ship 1
5222.0 281.0 5235.0 281.0 5235.0 306.0 5222.0 306.0 ship 1
4590.0 331.0 4605.0 331.0 4605.0 355.0 4590.0 355.0 ship 1
4604.0 330.0 4617.0 330.0 4617.0 355.0 4604.0 355.0 ship 1
4182.0 281.0 4213.0 281.0 4213.0 300.0 4182.0 300.0 ship 1
4031.0 332.0 4048.0 332.0 4048.0 366.0 4031.0 366.0 ship 1
3994.0 327.0 4020.0 327.0 4020.0 343.0 3994.0 343.0 ship 1
3869.0 299.0 3886.0 299.0 3886.0 328.0 3869.0 328.0 ship 1
3826.0 344.0 3840.0 344.0 3840.0 377.0 3826.0 377.0 ship 1
3634.0 252.0 3651.0 252.0 3651.0 282.0 3634.0 282.0 ship 1
3484.0 254.0 3499.0 254.0 3499.0 283.0 3484.0 283.0 ship 1
5472.0 310.0 5505.0 310.0 5505.0 501.0 5472.0 501.0 harbor 0
3393.0 238.0 3409.0 238.0 3409.0 269.0 3393.0 269.0 ship 1
2528.0 288.0 2544.0 288.0 2544.0 315.0 2528.0 315.0 ship 1
962.0 335.0 977.0 335.0 977.0 365.0 962.0 365.0 ship 1
1846.0 403.0 1861.0 403.0 1861.0 440.0 1846.0 440.0 ship 1
1231.0 181.0 1245.0 181.0 1245.0 207.0 1231.0 207.0 ship 1
191.0 431.0 205.0 431.0 205.0 442.0 191.0 442.0 ship 1
239.0 391.0 253.0 391.0 253.0 419.0 239.0 419.0 ship 1
631.0 279.0 642.0 279.0 642.0 302.0 631.0 302.0 ship 1
6458.0 314.0 6503.0 314.0 6503.0 405.0 6458.0 405.0 harbor 0
6353.0 335.0 6384.0 335.0 6384.0 477.0 6353.0 477.0 harbor 0
6185.0 301.0 6224.0 301.0 6224.0 531.0 6185.0 531.0 harbor 0
6010.0 418.0 6043.0 418.0 6043.0 516.0 6010.0 516.0 harbor 0
5879.0 494.0 5918.0 494.0 5918.0 592.0 5879.0 592.0 harbor 0
184.0 385.0 243.0 385.0 243.0 527.0 184.0 527.0 harbor 0
