imagesource:GoogleEarth
gsd:0.273027844584
281.0 1595.0 320.0 1595.0 320.0 1621.0 281.0 1621.0 swimming-pool 0
1325.0 1776.0 1374.0 1776.0 1374.0 1918.0 1325.0 1918.0 harbor 0
204.0 1700.0 260.0 1700.0 260.0 1802.0 204.0 1802.0 harbor 0
288.0 1648.0 354.0 1648.0 354.0 1759.0 288.0 1759.0 harbor 0
371.0 1619.0 429.0 1619.0 429.0 1701.0 371.0 1701.0 harbor 0
443.0 1591.0 506.0 1591.0 506.0 1686.0 443.0 1686.0 harbor 0
529.0 1567.0 596.0 1567.0 596.0 1663.0 529.0 1663.0 harbor 0
610.0 1512.0 669.0 1512.0 669.0 1612.0 610.0 1612.0 harbor 0
744.0 1445.0 802.0 1445.0 802.0 1527.0 744.0 1527.0 harbor 0
853.0 1293.0 976.0 1293.0 976.0 1457.0 853.0 1457.0 harbor 0
895.0 1093.0 1109.0 1093.0 1109.0 1385.0 895.0 1385.0 harbor 0
997.0 1064.0 1184.0 1064.0 1184.0 1334.0 997.0 1334.0 harbor 0
1189.0 1054.0 1311.0 1054.0 1311.0 1226.0 1189.0 1226.0 harbor 0
1168.0 806.0 1357.0 806.0 1357.0 1176.0 1168.0 1176.0 harbor 0
1221.0 280.0 1272.0 280.0 1272.0 473.0 1221.0 473.0 harbor 0
1100.0 238.0 1146.0 238.0 1146.0 411.0 1100.0 411.0 harbor 0
986.0 228.0 1033.0 228.0 1033.0 378.0 986.0 378.0 harbor 0
900.0 226.0 947.0 226.0 947.0 371.0 900.0 371.0 harbor 0
743.0 220.0 797.0 220.0 797.0 414.0 743.0 414.0 harbor 0
639.0 221.0 707.0 221.0 707.0 436.0 639.0 436.0 harbor 0
565.0 256.0 642.0 256.0 642.0 548.0 565.0 548.0 harbor 0
520.0 453.0 563.0 453.0 563.0 568.0 520.0 568.0 harbor 0
390.0 287.0 474.0 287.0 474.0 652.0 390.0 652.0 harbor 0
310.0 323.0 399.0 323.0 399.0 708.0 310.0 708.0 harbor 0
229.0 354.0 325.0 354.0 325.0 751.0 229.0 751.0 harbor 0
152.0 490.0 220.0 490.0 220.0 705.0 152.0 705.0 harbor 0
84.0 555.0 138.0 555.0 138.0 746.0 84.0 746.0 harbor 0
146.0 1744.0 191.0 1744.0 191.0 1834.0 146.0 1834.0 harbor 0
261.0 362.0 282.0 362.0 282.0 400.0 261.0 400.0 ship 0
579.0 1384.0 593.0 1384.0 593.0 1402.0 579.0 1402.0 small-vehicle 1
822.0 185.0 854.0 185.0 854.0 244.0 822.0 244.0 ship 0
567.0 1384.0 581.0 1384.0 581.0 1403.0 567.0 1403.0 small-vehicle 1
561.0 1364.0 573.0 1364.0 573.0 1384.0 561.0 1384.0 small-vehicle 1
711.0 1353.0 726.0 1353.0 726.0 1377.0 711.0 1377.0 small-vehicle 1
354.0 1492.0 366.0 1492.0 366.0 1512.0 354.0 1512.0 small-vehicle 1
363.0 1484.0 384.0 1484.0 384.0 1510.0 363.0 1510.0 small-vehicle 1
172.0 1565.0 186.0 1565.0 186.0 1588.0 172.0 1588.0 small-vehicle 1
1315.0 1778.0 1330.0 1778.0 1330.0 1801.0 1315.0 1801.0 ship 0
852.0 886.0 877.0 886.0 877.0 918.0 852.0 918.0 ship 0
765.0 1482.0 785.0 1482.0 785.0 1492.0 765.0 1492.0 ship 0
924.0 1431.0 945.0 1431.0 945.0 1453.0 924.0 1453.0 ship 0
370.0 1679.0 384.0 1679.0 384.0 1705.0 370.0 1705.0 ship 0
571.0 1360.0 588.0 1360.0 588.0 1385.0 571.0 1385.0 ship 0
305.0 1422.0 322.0 1422.0 322.0 1461.0 305.0 1461.0 ship 0
395.0 1375.0 415.0 1375.0 415.0 1392.0 395.0 1392.0 small-vehicle 0
605.0 1168.0 633.0 1168.0 633.0 1186.0 605.0 1186.0 ship 0
423.0 1012.0 445.0 1012.0 445.0 1026.0 423.0 1026.0 small-vehicle 1
452.0 1002.0 474.0 1002.0 474.0 1017.0 452.0 1017.0 small-vehicle 1
270.0 940.0 283.0 940.0 283.0 961.0 270.0 961.0 small-vehicle 0
992.0 737.0 1003.0 737.0 1003.0 757.0 992.0 757.0 small-vehicle 0
1215.0 281.0 1228.0 281.0 1228.0 306.0 1215.0 306.0 ship 0
1124.0 233.0 1139.0 233.0 1139.0 260.0 1124.0 260.0 ship 0
176.0 487.0 192.0 487.0 192.0 512.0 176.0 512.0 ship 0
222.0 373.0 238.0 373.0 238.0 398.0 222.0 398.0 ship 0
706.0 526.0 740.0 526.0 740.0 557.0 706.0 557.0 swimming-pool 0
1092.0 1356.0 1126.0 1356.0 1126.0 1387.0 1092.0 1387.0 ship 0
4.0 521.0 56.0 521.0 56.0 763.0 4.0 763.0 harbor 0
