imagesource:GoogleEarth
gsd:0.126582298907
2198.0 1237.0 2229.0 1237.0 2229.0 1288.0 2198.0 1288.0 ship 0
2411.0 373.0 2440.0 373.0 2440.0 425.0 2411.0 425.0 ship 0
1494.0 1287.0 1512.0 1287.0 1512.0 1329.0 1494.0 1329.0 small-vehicle 1
1653.0 1132.0 1721.0 1132.0 1721.0 1172.0 1653.0 1172.0 swimming-pool 0
2870.0 407.0 2997.0 407.0 2997.0 819.0 2870.0 819.0 harbor 0
2733.0 581.0 2802.0 581.0 2802.0 878.0 2733.0 878.0 harbor 0
2436.0 357.0 2600.0 357.0 2600.0 900.0 2436.0 900.0 harbor 0
2206.0 695.0 2280.0 695.0 2280.0 890.0 2206.0 890.0 harbor 0
1896.0 647.0 2050.0 647.0 2050.0 880.0 1896.0 880.0 harbor 0
1547.0 527.0 1686.0 527.0 1686.0 926.0 1547.0 926.0 harbor 0
1174.0 584.0 1314.0 584.0 1314.0 988.0 1174.0 988.0 harbor 0
997.0 630.0 1074.0 630.0 1074.0 984.0 997.0 984.0 harbor 0
782.0 570.0 891.0 570.0 891.0 995.0 782.0 995.0 harbor 0
555.0 589.0 675.0 589.0 675.0 1030.0 555.0 1030.0 harbor 0
395.0 626.0 535.0 626.0 535.0 1131.0 395.0 1131.0 harbor 0
221.0 675.0 335.0 675.0 335.0 1142.0 221.0 1142.0 harbor 0
