imagesource:GoogleEarth
gsd:0.126593863456
2880.0 1324.0 2929.0 1324.0 2929.0 1348.0 2880.0 1348.0 ship 0
2860.0 1019.0 2902.0 1019.0 2902.0 1036.0 2860.0 1036.0 small-vehicle 1
686.0 679.0 812.0 679.0 812.0 1035.0 686.0 1035.0 harbor 0
1054.0 486.0 1177.0 486.0 1177.0 842.0 1054.0 842.0 harbor 0
1370.0 474.0 1520.0 474.0 1520.0 809.0 1370.0 809.0 harbor 0
1655.0 401.0 1766.0 401.0 1766.0 801.0 1655.0 801.0 harbor 0
1782.0 416.0 1942.0 416.0 1942.0 752.0 1782.0 752.0 harbor 0
2038.0 436.0 2166.0 436.0 2166.0 781.0 2038.0 781.0 harbor 0
2221.0 388.0 2349.0 388.0 2349.0 750.0 2221.0 750.0 harbor 0
2396.0 405.0 2508.0 405.0 2508.0 816.0 2396.0 816.0 harbor 0
2565.0 406.0 2685.0 406.0 2685.0 729.0 2565.0 729.0 harbor 0
2944.0 295.0 3094.0 295.0 3094.0 758.0 2944.0 758.0 harbor 0
2339.0 1368.0 2368.0 1368.0 2368.0 1431.0 2339.0 1431.0 ship 0
662.0 654.0 726.0 654.0 726.0 704.0 662.0 704.0 ship 0
687.0 715.0 718.0 715.0 718.0 740.0 687.0 740.0 ship 1
691.0 734.0 722.0 734.0 722.0 757.0 691.0 757.0 ship 1
1478.0 500.0 1500.0 500.0 1500.0 543.0 1478.0 543.0 ship 1
1631.0 403.0 1669.0 403.0 1669.0 470.0 1631.0 470.0 ship 1
2599.0 417.0 2622.0 417.0 2622.0 463.0 2599.0 463.0 ship 1
339.0 705.0 598.0 705.0 598.0 1148.0 339.0 1148.0 harbor 0
