imagesource:GoogleEarth
gsd:0.260515292364
519.0 8.0 533.0 8.0 533.0 29.0 519.0 29.0 small-vehicle 1
487.0 453.0 499.0 453.0 499.0 470.0 487.0 470.0 small-vehicle 1
523.0 861.0 565.0 861.0 565.0 890.0 523.0 890.0 swimming-pool 0
360.0 406.0 401.0 406.0 401.0 431.0 360.0 431.0 swimming-pool 0
318.0 504.0 332.0 504.0 332.0 528.0 318.0 528.0 small-vehicle 0
328.0 524.0 340.0 524.0 340.0 544.0 328.0 544.0 small-vehicle 0
314.0 541.0 325.0 541.0 325.0 565.0 314.0 565.0 small-vehicle 0
1369.0 531.0 1460.0 531.0 1460.0 646.0 1369.0 646.0 harbor 0
792.0 946.0 950.0 946.0 950.0 1344.0 792.0 1344.0 harbor 0
898.0 864.0 1058.0 864.0 1058.0 1286.0 898.0 1286.0 harbor 0
990.0 808.0 1120.0 808.0 1120.0 1151.0 990.0 1151.0 harbor 0
1236.0 726.0 1459.0 726.0 1459.0 1068.0 1236.0 1068.0 harbor 0
1287.0 621.0 1548.0 621.0 1548.0 1012.0 1287.0 1012.0 harbor 0
1607.0 422.0 1849.0 422.0 1849.0 761.0 1607.0 761.0 harbor 0
1691.0 358.0 1926.0 358.0 1926.0 693.0 1691.0 693.0 harbor 0
1772.0 266.0 2017.0 266.0 2017.0 613.0 1772.0 613.0 harbor 0
667.0 933.0 753.0 933.0 753.0 1244.0 667.0 1244.0 harbor 0
545.0 932.0 657.0 932.0 657.0 1336.0 545.0 1336.0 harbor 0
323.0 1013.0 454.0 1013.0 454.0 1469.0 323.0 1469.0 harbor 0
449.0 408.0 468.0 408.0 468.0 432.0 449.0 432.0 ship 1
458.0 754.0 467.0 754.0 467.0 775.0 458.0 775.0 small-vehicle 1
649.0 1298.0 668.0 1298.0 668.0 1332.0 649.0 1332.0 ship 0
643.0 491.0 656.0 491.0 656.0 510.0 643.0 510.0 small-vehicle 1
909.0 1316.0 931.0 1316.0 931.0 1349.0 909.0 1349.0 ship 0
1571.0 788.0 1595.0 788.0 1595.0 819.0 1571.0 819.0 ship 0
1883.0 667.0 1907.0 667.0 1907.0 694.0 1883.0 694.0 ship 0
1970.0 586.0 1998.0 586.0 1998.0 616.0 1970.0 616.0 ship 0
1543.0 198.0 1563.0 198.0 1563.0 229.0 1543.0 229.0 swimming-pool 0
1140.0 146.0 1168.0 146.0 1168.0 168.0 1140.0 168.0 ship 0
1133.0 144.0 1151.0 144.0 1151.0 159.0 1133.0 159.0 small-vehicle 1
1108.0 162.0 1130.0 162.0 1130.0 179.0 1108.0 179.0 small-vehicle 1
1463.0 307.0 1487.0 307.0 1487.0 324.0 1463.0 324.0 small-vehicle 1
1225.0 364.0 1250.0 364.0 1250.0 382.0 1225.0 382.0 small-vehicle 0
978.0 277.0 1005.0 277.0 1005.0 290.0 978.0 290.0 ship 0
1012.0 276.0 1032.0 276.0 1032.0 287.0 1012.0 287.0 small-vehicle 1
968.0 292.0 980.0 292.0 980.0 310.0 968.0 310.0 small-vehicle 1
998.0 416.0 1019.0 416.0 1019.0 439.0 998.0 439.0 small-vehicle 1
982.0 436.0 1002.0 436.0 1002.0 457.0 982.0 457.0 small-vehicle 1
780.0 480.0 796.0 480.0 796.0 504.0 780.0 504.0 small-vehicle 1
769.0 484.0 782.0 484.0 782.0 504.0 769.0 504.0 small-vehicle 1
231.0 1055.0 337.0 1055.0 337.0 1324.0 231.0 1324.0 harbor 0
