imagesource:GoogleEarth
gsd:0.269519772096
525.0 730.0 567.0 730.0 567.0 777.0 525.0 777.0 swimming-pool 0
27.0 1323.0 40.0 1323.0 40.0 1343.0 27.0 1343.0 small-vehicle 1
956.0 939.0 991.0 939.0 991.0 974.0 956.0 974.0 ship 0
445.0 1223.0 468.0 1223.0 468.0 1245.0 445.0 1245.0 ship 0
513.0 1662.0 535.0 1662.0 535.0 1689.0 513.0 1689.0 ship 0
394.0 1711.0 419.0 1711.0 419.0 1741.0 394.0 1741.0 ship 0
1454.0 1.0 1484.0 1.0 1484.0 30.0 1454.0 30.0 swimming-pool 0
1729.0 48.0 1807.0 48.0 1807.0 118.0 1729.0 118.0 harbor 0
1595.0 300.0 1718.0 300.0 1718.0 418.0 1595.0 418.0 harbor 0
1552.0 402.0 1776.0 402.0 1776.0 641.0 1552.0 641.0 harbor 0
1446.0 599.0 1678.0 599.0 1678.0 851.0 1446.0 851.0 harbor 0
1324.0 858.0 1519.0 858.0 1519.0 1069.0 1324.0 1069.0 harbor 0
1246.0 944.0 1427.0 944.0 1427.0 1141.0 1246.0 1141.0 harbor 0
1213.0 1048.0 1350.0 1048.0 1350.0 1201.0 1213.0 1201.0 harbor 0
1102.0 1112.0 1267.0 1112.0 1267.0 1293.0 1102.0 1293.0 harbor 0
1008.0 1186.0 1208.0 1186.0 1208.0 1424.0 1008.0 1424.0 harbor 0
957.0 1268.0 1098.0 1268.0 1098.0 1430.0 957.0 1430.0 harbor 0
820.0 1311.0 971.0 1311.0 971.0 1478.0 820.0 1478.0 harbor 0
539.0 1394.0 628.0 1394.0 628.0 1594.0 539.0 1594.0 harbor 0
417.0 1517.0 524.0 1517.0 524.0 1698.0 417.0 1698.0 harbor 0
299.0 1574.0 417.0 1574.0 417.0 1758.0 299.0 1758.0 harbor 0
949.0 1431.0 978.0 1431.0 978.0 1461.0 949.0 1461.0 ship 0
1162.0 1402.0 1188.0 1402.0 1188.0 1430.0 1162.0 1430.0 ship 0
1214.0 16.0 1247.0 16.0 1247.0 43.0 1214.0 43.0 ship 0
1336.0 513.0 1358.0 513.0 1358.0 523.0 1336.0 523.0 small-vehicle 1
173.0 1059.0 193.0 1059.0 193.0 1080.0 173.0 1080.0 small-vehicle 1
165.0 1029.0 186.0 1029.0 186.0 1051.0 165.0 1051.0 small-vehicle 1
429.0 811.0 454.0 811.0 454.0 827.0 429.0 827.0 small-vehicle 1
402.0 841.0 423.0 841.0 423.0 861.0 402.0 861.0 small-vehicle 1
386.0 821.0 410.0 821.0 410.0 843.0 386.0 843.0 small-vehicle 1
1545.0 86.0 1567.0 86.0 1567.0 106.0 1545.0 106.0 small-vehicle 1
1406.0 216.0 1428.0 216.0 1428.0 236.0 1406.0 236.0 small-vehicle 1
1405.0 244.0 1425.0 244.0 1425.0 264.0 1405.0 264.0 small-vehicle 1
1273.0 390.0 1290.0 390.0 1290.0 409.0 1273.0 409.0 small-vehicle 1
901.0 394.0 932.0 394.0 932.0 424.0 901.0 424.0 ship 0
1235.0 487.0 1257.0 487.0 1257.0 509.0 1235.0 509.0 small-vehicle 1
857.0 477.0 876.0 477.0 876.0 498.0 857.0 498.0 small-vehicle 1
845.0 468.0 868.0 468.0 868.0 485.0 845.0 485.0 small-vehicle 1
872.0 433.0 890.0 433.0 890.0 452.0 872.0 452.0 small-vehicle 1
789.0 336.0 805.0 336.0 805.0 358.0 789.0 358.0 small-vehicle 1
790.0 388.0 810.0 388.0 810.0 410.0 790.0 410.0 small-vehicle 1
876.0 289.0 907.0 289.0 907.0 320.0 876.0 320.0 swimming-pool 0
1043.0 400.0 1067.0 400.0 1067.0 421.0 1043.0 421.0 ship 0
3.0 1648.0 117.0 1648.0 117.0 1795.0 3.0 1795.0 harbor 0
