imagesource:GoogleEarth
gsd:0.261453806088
812.0 422.0 827.0 422.0 827.0 444.0 812.0 444.0 small-vehicle 1
891.0 647.0 1060.0 647.0 1060.0 897.0 891.0 897.0 harbor 0
1790.0 29.0 1838.0 29.0 1838.0 149.0 1790.0 149.0 harbor 0
1426.0 310.0 1692.0 310.0 1692.0 709.0 1426.0 709.0 harbor 0
1315.0 395.0 1484.0 395.0 1484.0 676.0 1315.0 676.0 harbor 0
1242.0 416.0 1298.0 416.0 1298.0 493.0 1242.0 493.0 harbor 0
1183.0 414.0 1243.0 414.0 1243.0 508.0 1183.0 508.0 harbor 0
1170.0 510.0 1350.0 510.0 1350.0 801.0 1170.0 801.0 harbor 0
1066.0 510.0 1107.0 510.0 1107.0 562.0 1066.0 562.0 harbor 0
1004.0 589.0 1039.0 589.0 1039.0 636.0 1004.0 636.0 harbor 0
955.0 627.0 1097.0 627.0 1097.0 864.0 955.0 864.0 harbor 0
786.0 686.0 909.0 686.0 909.0 928.0 786.0 928.0 harbor 0
817.0 450.0 831.0 450.0 831.0 469.0 817.0 469.0 small-vehicle 1
732.0 704.0 794.0 704.0 794.0 812.0 732.0 812.0 harbor 0
679.0 727.0 759.0 727.0 759.0 912.0 679.0 912.0 harbor 0
636.0 733.0 734.0 733.0 734.0 967.0 636.0 967.0 harbor 0
517.0 790.0 539.0 790.0 539.0 838.0 517.0 838.0 harbor 0
432.0 826.0 464.0 826.0 464.0 891.0 432.0 891.0 harbor 0
52.0 813.0 84.0 813.0 84.0 865.0 52.0 865.0 swimming-pool 0
195.0 851.0 279.0 851.0 279.0 1030.0 195.0 1030.0 harbor 0
129.0 883.0 188.0 883.0 188.0 1006.0 129.0 1006.0 harbor 0
70.0 902.0 209.0 902.0 209.0 1238.0 70.0 1238.0 harbor 0
1677.0 71.0 1753.0 71.0 1753.0 211.0 1677.0 211.0 harbor 0
1612.0 128.0 1701.0 128.0 1701.0 253.0 1612.0 253.0 harbor 0
1518.0 165.0 1583.0 165.0 1583.0 272.0 1518.0 272.0 harbor 0
20.0 984.0 35.0 984.0 35.0 1007.0 20.0 1007.0 ship 0
1123.0 133.0 1141.0 133.0 1141.0 153.0 1123.0 153.0 small-vehicle 0
1137.0 156.0 1157.0 156.0 1157.0 181.0 1137.0 181.0 small-vehicle 0
29.0 58.0 48.0 58.0 48.0 72.0 29.0 72.0 small-vehicle 0
539.0 191.0 563.0 191.0 563.0 208.0 539.0 208.0 small-vehicle 0
478.0 272.0 498.0 272.0 498.0 285.0 478.0 285.0 small-vehicle 0
479.0 257.0 503.0 257.0 503.0 271.0 479.0 271.0 small-vehicle 0
479.0 238.0 500.0 238.0 500.0 248.0 479.0 248.0 small-vehicle 0
593.0 381.0 608.0 381.0 608.0 401.0 593.0 401.0 small-vehicle 0
679.0 524.0 701.0 524.0 701.0 550.0 679.0 550.0 small-vehicle 0
639.0 663.0 651.0 663.0 651.0 677.0 639.0 677.0 ship 1
996.0 682.0 1012.0 682.0 1012.0 703.0 996.0 703.0 ship 0
1011.0 626.0 1039.0 626.0 1039.0 655.0 1011.0 655.0 ship 0
888.0 430.0 913.0 430.0 913.0 458.0 888.0 458.0 ship 0
555.0 452.0 582.0 452.0 582.0 470.0 555.0 470.0 ship 0
612.0 412.0 637.0 412.0 637.0 440.0 612.0 440.0 ship 0
677.0 492.0 707.0 492.0 707.0 525.0 677.0 525.0 ship 0
699.0 938.0 716.0 938.0 716.0 968.0 699.0 968.0 ship 0
779.0 754.0 796.0 754.0 796.0 779.0 779.0 779.0 ship 0
416.0 718.0 431.0 718.0 431.0 740.0 416.0 740.0 ship 0
7.0 1196.0 55.0 1196.0 55.0 1239.0 7.0 1239.0 harbor 0
