imagesource:GoogleEarth
gsd:0.282727525818
902.0 2038.0 929.0 2038.0 929.0 2059.0 902.0 2059.0 ship 1
729.0 538.0 748.0 538.0 748.0 555.0 729.0 555.0 ship 0
1162.0 1514.0 1189.0 1514.0 1189.0 1536.0 1162.0 1536.0 ship 0
1082.0 1536.0 1101.0 1536.0 1101.0 1566.0 1082.0 1566.0 ship 0
931.0 680.0 964.0 680.0 964.0 723.0 931.0 723.0 ship 0
674.0 544.0 700.0 544.0 700.0 571.0 674.0 571.0 ship 0
685.0 2219.0 900.0 2219.0 900.0 2306.0 685.0 2306.0 harbor 0
725.0 1986.0 927.0 1986.0 927.0 2072.0 725.0 2072.0 harbor 0
747.0 1897.0 946.0 1897.0 946.0 2011.0 747.0 2011.0 harbor 0
760.0 1625.0 864.0 1625.0 864.0 1650.0 760.0 1650.0 harbor 0
759.0 1527.0 953.0 1527.0 953.0 1565.0 759.0 1565.0 harbor 0
955.0 1515.0 1112.0 1515.0 1112.0 1576.0 955.0 1576.0 harbor 0
802.0 1408.0 994.0 1408.0 994.0 1462.0 802.0 1462.0 harbor 0
1010.0 1450.0 1196.0 1450.0 1196.0 1523.0 1010.0 1523.0 harbor 0
1143.0 1344.0 1279.0 1344.0 1279.0 1491.0 1143.0 1491.0 harbor 0
916.0 761.0 1088.0 761.0 1088.0 980.0 916.0 980.0 harbor 0
831.0 692.0 996.0 692.0 996.0 897.0 831.0 897.0 harbor 0
741.0 804.0 773.0 804.0 773.0 854.0 741.0 854.0 harbor 0
634.0 696.0 704.0 696.0 704.0 828.0 634.0 828.0 harbor 0
527.0 504.0 760.0 504.0 760.0 769.0 527.0 769.0 harbor 0
315.0 394.0 491.0 394.0 491.0 583.0 315.0 583.0 harbor 0
693.0 579.0 714.0 579.0 714.0 600.0 693.0 600.0 ship 0
790.0 1055.0 815.0 1055.0 815.0 1075.0 790.0 1075.0 ship 0
62.0 2240.0 72.0 2240.0 72.0 2259.0 62.0 2259.0 small-vehicle 1
595.0 936.0 610.0 936.0 610.0 957.0 595.0 957.0 small-vehicle 1
78.0 2257.0 90.0 2257.0 90.0 2275.0 78.0 2275.0 small-vehicle 1
65.0 2256.0 78.0 2256.0 78.0 2277.0 65.0 2277.0 small-vehicle 1
83.0 2162.0 102.0 2162.0 102.0 2180.0 83.0 2180.0 small-vehicle 1
91.0 2168.0 107.0 2168.0 107.0 2186.0 91.0 2186.0 small-vehicle 1
423.0 2227.0 447.0 2227.0 447.0 2238.0 423.0 2238.0 small-vehicle 1
386.0 2158.0 396.0 2158.0 396.0 2180.0 386.0 2180.0 small-vehicle 0
72.0 2031.0 103.0 2031.0 103.0 2047.0 72.0 2047.0 swimming-pool 0
50.0 1979.0 72.0 1979.0 72.0 1989.0 50.0 1989.0 small-vehicle 1
105.0 1703.0 114.0 1703.0 114.0 1720.0 105.0 1720.0 small-vehicle 1
473.0 1656.0 493.0 1656.0 493.0 1666.0 473.0 1666.0 small-vehicle 1
469.0 1538.0 488.0 1538.0 488.0 1552.0 469.0 1552.0 small-vehicle 1
490.0 1538.0 509.0 1538.0 509.0 1552.0 490.0 1552.0 small-vehicle 1
486.0 1523.0 503.0 1523.0 503.0 1537.0 486.0 1537.0 small-vehicle 1
324.0 1312.0 345.0 1312.0 345.0 1349.0 324.0 1349.0 swimming-pool 0
126.0 1209.0 136.0 1209.0 136.0 1229.0 126.0 1229.0 small-vehicle 1
609.0 1117.0 634.0 1117.0 634.0 1132.0 609.0 1132.0 small-vehicle 1
695.0 1045.0 709.0 1045.0 709.0 1068.0 695.0 1068.0 small-vehicle 1
704.0 1019.0 716.0 1019.0 716.0 1039.0 704.0 1039.0 small-vehicle 1
717.0 959.0 741.0 959.0 741.0 984.0 717.0 984.0 ship 1
153.0 275.0 366.0 275.0 366.0 502.0 153.0 502.0 harbor 0
