imagesource:GoogleEarth
gsd:0.266662108416
411.0 921.0 427.0 921.0 427.0 945.0 411.0 945.0 small-vehicle 0
1432.0 160.0 1480.0 160.0 1480.0 197.0 1432.0 197.0 swimming-pool 0
24.0 1356.0 46.0 1356.0 46.0 1383.0 24.0 1383.0 ship 0
9.0 1351.0 36.0 1351.0 36.0 1377.0 9.0 1377.0 ship 0
183.0 1167.0 203.0 1167.0 203.0 1187.0 183.0 1187.0 ship 0
9.0 1060.0 24.0 1060.0 24.0 1087.0 9.0 1087.0 ship 0
70.0 910.0 96.0 910.0 96.0 935.0 70.0 935.0 ship 0
397.0 894.0 417.0 894.0 417.0 918.0 397.0 918.0 ship 0
403.0 814.0 426.0 814.0 426.0 838.0 403.0 838.0 ship 0
657.0 1104.0 682.0 1104.0 682.0 1122.0 657.0 1122.0 ship 0
635.0 962.0 658.0 962.0 658.0 986.0 635.0 986.0 ship 0
646.0 956.0 665.0 956.0 665.0 980.0 646.0 980.0 ship 0
653.0 948.0 675.0 948.0 675.0 974.0 653.0 974.0 ship 0
1001.0 1089.0 1022.0 1089.0 1022.0 1111.0 1001.0 1111.0 ship 0
1051.0 1034.0 1074.0 1034.0 1074.0 1057.0 1051.0 1057.0 ship 0
912.0 580.0 927.0 580.0 927.0 601.0 912.0 601.0 ship 0
954.0 427.0 974.0 427.0 974.0 452.0 954.0 452.0 ship 0
457.0 330.0 489.0 330.0 489.0 362.0 457.0 362.0 ship 0
1153.0 255.0 1182.0 255.0 1182.0 285.0 1153.0 285.0 ship 0
1129.0 225.0 1153.0 225.0 1153.0 250.0 1129.0 250.0 ship 0
1201.0 210.0 1222.0 210.0 1222.0 232.0 1201.0 232.0 ship 0
1312.0 215.0 1359.0 215.0 1359.0 252.0 1312.0 252.0 swimming-pool 0
1537.0 53.0 1589.0 53.0 1589.0 97.0 1537.0 97.0 swimming-pool 0
130.0 1185.0 147.0 1185.0 147.0 1200.0 130.0 1200.0 small-vehicle 0
1795.0 186.0 2016.0 186.0 2016.0 429.0 1795.0 429.0 harbor 0
242.0 1533.0 302.0 1533.0 302.0 1599.0 242.0 1599.0 harbor 0
369.0 1432.0 447.0 1432.0 447.0 1519.0 369.0 1519.0 harbor 0
577.0 1351.0 626.0 1351.0 626.0 1407.0 577.0 1407.0 harbor 0
616.0 1312.0 681.0 1312.0 681.0 1380.0 616.0 1380.0 harbor 0
674.0 1276.0 742.0 1276.0 742.0 1340.0 674.0 1340.0 harbor 0
733.0 1246.0 796.0 1246.0 796.0 1306.0 733.0 1306.0 harbor 0
801.0 1209.0 838.0 1209.0 838.0 1251.0 801.0 1251.0 harbor 0
843.0 1177.0 884.0 1177.0 884.0 1224.0 843.0 1224.0 harbor 0
900.0 1130.0 947.0 1130.0 947.0 1184.0 900.0 1184.0 harbor 0
964.0 1077.0 1015.0 1077.0 1015.0 1132.0 964.0 1132.0 harbor 0
1026.0 1018.0 1079.0 1018.0 1079.0 1076.0 1026.0 1076.0 harbor 0
1157.0 854.0 1278.0 854.0 1278.0 987.0 1157.0 987.0 harbor 0
1276.0 792.0 1351.0 792.0 1351.0 879.0 1276.0 879.0 harbor 0
1331.0 740.0 1438.0 740.0 1438.0 847.0 1331.0 847.0 harbor 0
1272.0 666.0 1306.0 666.0 1306.0 700.0 1272.0 700.0 swimming-pool 0
1398.0 642.0 1512.0 642.0 1512.0 760.0 1398.0 760.0 harbor 0
1491.0 516.0 1606.0 516.0 1606.0 681.0 1491.0 681.0 harbor 0
1626.0 427.0 1744.0 427.0 1744.0 606.0 1626.0 606.0 harbor 0
1701.0 299.0 1853.0 299.0 1853.0 524.0 1701.0 524.0 harbor 0
1215.0 233.0 1232.0 233.0 1232.0 251.0 1215.0 251.0 ship 0
1062.0 140.0 1087.0 140.0 1087.0 165.0 1062.0 165.0 ship 0
1032.0 108.0 1058.0 108.0 1058.0 135.0 1032.0 135.0 ship 0
997.0 66.0 1023.0 66.0 1023.0 92.0 997.0 92.0 ship 0
834.0 890.0 853.0 890.0 853.0 917.0 834.0 917.0 small-vehicle 0
906.0 901.0 930.0 901.0 930.0 917.0 906.0 917.0 small-vehicle 0
899.0 878.0 917.0 878.0 917.0 896.0 899.0 896.0 small-vehicle 0
878.0 643.0 898.0 643.0 898.0 661.0 878.0 661.0 small-vehicle 0
1096.0 647.0 1118.0 647.0 1118.0 671.0 1096.0 671.0 small-vehicle 1
1003.0 684.0 1023.0 684.0 1023.0 708.0 1003.0 708.0 small-vehicle 1
490.0 405.0 514.0 405.0 514.0 427.0 490.0 427.0 small-vehicle 0
678.0 201.0 694.0 201.0 694.0 226.0 678.0 226.0 small-vehicle 0
411.0 159.0 436.0 159.0 436.0 180.0 411.0 180.0 small-vehicle 0
52.0 900.0 64.0 900.0 64.0 922.0 52.0 922.0 small-vehicle 0
74.0 932.0 97.0 932.0 97.0 953.0 74.0 953.0 small-vehicle 0
53.0 945.0 77.0 945.0 77.0 970.0 53.0 970.0 ship 0
2.0 1033.0 22.0 1033.0 22.0 1058.0 2.0 1058.0 small-vehicle 0
89.0 1090.0 112.0 1090.0 112.0 1110.0 89.0 1110.0 small-vehicle 0
82.0 1079.0 103.0 1079.0 103.0 1100.0 82.0 1100.0 small-vehicle 0
140.0 1082.0 160.0 1082.0 160.0 1105.0 140.0 1105.0 small-vehicle 0
303.0 1110.0 317.0 1110.0 317.0 1135.0 303.0 1135.0 small-vehicle 0
163.0 1184.0 179.0 1184.0 179.0 1203.0 163.0 1203.0 small-vehicle 0
146.0 1187.0 162.0 1187.0 162.0 1203.0 146.0 1203.0 small-vehicle 0
778.0 723.0 795.0 723.0 795.0 745.0 778.0 745.0 small-vehicle 0
622.0 760.0 640.0 760.0 640.0 783.0 622.0 783.0 small-vehicle 0
610.0 769.0 630.0 769.0 630.0 794.0 610.0 794.0 small-vehicle 0
645.0 254.0 673.0 254.0 673.0 279.0 645.0 279.0 ship 0
963.0 24.0 989.0 24.0 989.0 49.0 963.0 49.0 ship 0
1593.0 645.0 1616.0 645.0 1616.0 667.0 1593.0 667.0 ship 0
1587.0 668.0 1614.0 668.0 1614.0 691.0 1587.0 691.0 ship 0
1208.0 939.0 1229.0 939.0 1229.0 955.0 1208.0 955.0 ship 0
1246.0 923.0 1270.0 923.0 1270.0 947.0 1246.0 947.0 ship 0
1671.0 927.0 1702.0 927.0 1702.0 949.0 1671.0 949.0 ship 0
1934.0 398.0 1971.0 398.0 1971.0 439.0 1934.0 439.0 ship 0
1989.0 373.0 2021.0 373.0 2021.0 400.0 1989.0 400.0 ship 0
636.0 37.0 664.0 37.0 664.0 64.0 636.0 64.0 ship 0
381.0 935.0 399.0 935.0 399.0 958.0 381.0 958.0 small-vehicle 0
633.0 4.0 659.0 4.0 659.0 27.0 633.0 27.0 ship 0
669.0 3.0 701.0 3.0 701.0 33.0 669.0 33.0 ship 0
579.0 46.0 605.0 46.0 605.0 74.0 579.0 74.0 ship 1
710.0 1299.0 735.0 1299.0 735.0 1328.0 710.0 1328.0 ship 1
446.0 1242.0 465.0 1242.0 465.0 1265.0 446.0 1265.0 small-vehicle 0
726.0 1028.0 742.0 1028.0 742.0 1048.0 726.0 1048.0 small-vehicle 0
733.0 1019.0 754.0 1019.0 754.0 1043.0 733.0 1043.0 small-vehicle 0
653.0 987.0 672.0 987.0 672.0 1008.0 653.0 1008.0 small-vehicle 0
161.0 1578.0 223.0 1578.0 223.0 1654.0 161.0 1654.0 harbor 0
