imagesource:GoogleEarth
gsd:0.290268008354
382.0 795.0 404.0 795.0 404.0 805.0 382.0 805.0 small-vehicle 1
325.0 507.0 349.0 507.0 349.0 524.0 325.0 524.0 small-vehicle 0
404.0 207.0 425.0 207.0 425.0 227.0 404.0 227.0 small-vehicle 0
407.0 196.0 428.0 196.0 428.0 214.0 407.0 214.0 small-vehicle 0
284.0 1722.0 324.0 1722.0 324.0 1767.0 284.0 1767.0 harbor 0
297.0 1663.0 342.0 1663.0 342.0 1694.0 297.0 1694.0 harbor 0
322.0 1583.0 376.0 1583.0 376.0 1637.0 322.0 1637.0 harbor 0
348.0 1506.0 389.0 1506.0 389.0 1530.0 348.0 1530.0 harbor 0
356.0 1427.0 395.0 1427.0 395.0 1459.0 356.0 1459.0 harbor 0
360.0 1358.0 388.0 1358.0 388.0 1395.0 360.0 1395.0 harbor 0
341.0 1277.0 374.0 1277.0 374.0 1299.0 341.0 1299.0 harbor 0
331.0 1234.0 371.0 1234.0 371.0 1254.0 331.0 1254.0 harbor 0
324.0 1132.0 360.0 1132.0 360.0 1162.0 324.0 1162.0 harbor 0
309.0 1072.0 347.0 1072.0 347.0 1088.0 309.0 1088.0 harbor 0
302.0 1036.0 344.0 1036.0 344.0 1071.0 302.0 1071.0 harbor 0
284.0 959.0 321.0 959.0 321.0 993.0 284.0 993.0 harbor 0
246.0 843.0 286.0 843.0 286.0 878.0 246.0 878.0 harbor 0
194.0 705.0 252.0 705.0 252.0 748.0 194.0 748.0 harbor 0
194.0 646.0 239.0 646.0 239.0 685.0 194.0 685.0 harbor 0
172.0 384.0 241.0 384.0 241.0 422.0 172.0 422.0 harbor 0
186.0 289.0 244.0 289.0 244.0 327.0 186.0 327.0 harbor 0
189.0 190.0 269.0 190.0 269.0 217.0 189.0 217.0 harbor 0
178.0 109.0 297.0 109.0 297.0 151.0 178.0 151.0 harbor 0
587.0 261.0 607.0 261.0 607.0 271.0 587.0 271.0 small-vehicle 0
353.0 509.0 370.0 509.0 370.0 516.0 353.0 516.0 small-vehicle 0
462.0 611.0 482.0 611.0 482.0 625.0 462.0 625.0 small-vehicle 1
530.0 1050.0 550.0 1050.0 550.0 1059.0 530.0 1059.0 small-vehicle 1
455.0 601.0 472.0 601.0 472.0 618.0 455.0 618.0 small-vehicle 1
458.0 384.0 476.0 384.0 476.0 404.0 458.0 404.0 small-vehicle 1
358.0 46.0 380.0 46.0 380.0 79.0 358.0 79.0 ship 0
364.0 131.0 396.0 131.0 396.0 157.0 364.0 157.0 ship 0
437.0 588.0 453.0 588.0 453.0 609.0 437.0 609.0 ship 0
185.0 578.0 206.0 578.0 206.0 590.0 185.0 590.0 ship 0
184.0 642.0 212.0 642.0 212.0 659.0 184.0 659.0 ship 0
279.0 916.0 302.0 916.0 302.0 929.0 279.0 929.0 ship 0
284.0 928.0 309.0 928.0 309.0 941.0 284.0 941.0 ship 0
569.0 939.0 599.0 939.0 599.0 962.0 569.0 962.0 ship 0
444.0 1146.0 457.0 1146.0 457.0 1168.0 444.0 1168.0 ship 0
332.0 1251.0 349.0 1251.0 349.0 1261.0 332.0 1261.0 ship 0
336.0 1268.0 361.0 1268.0 361.0 1281.0 336.0 1281.0 ship 0
504.0 1301.0 516.0 1301.0 516.0 1319.0 504.0 1319.0 small-vehicle 0
486.0 1304.0 497.0 1304.0 497.0 1322.0 486.0 1322.0 ship 0
358.0 1382.0 379.0 1382.0 379.0 1404.0 358.0 1404.0 ship 0
357.0 1416.0 387.0 1416.0 387.0 1434.0 357.0 1434.0 ship 0
334.0 1573.0 360.0 1573.0 360.0 1588.0 334.0 1588.0 ship 0
241.0 1789.0 265.0 1789.0 265.0 1811.0 241.0 1811.0 ship 0
465.0 1328.0 484.0 1328.0 484.0 1341.0 465.0 1341.0 small-vehicle 1
447.0 1243.0 464.0 1243.0 464.0 1264.0 447.0 1264.0 small-vehicle 1
321.0 146.0 353.0 146.0 353.0 179.0 321.0 179.0 swimming-pool 0
