imagesource:GoogleEarth
gsd:0.253726991307
1568.0 508.0 1583.0 508.0 1583.0 531.0 1568.0 531.0 ship 0
2123.0 314.0 2179.0 314.0 2179.0 484.0 2123.0 484.0 harbor 0
1959.0 438.0 2009.0 438.0 2009.0 566.0 1959.0 566.0 harbor 0
1897.0 419.0 1949.0 419.0 1949.0 575.0 1897.0 575.0 harbor 0
1771.0 389.0 1835.0 389.0 1835.0 576.0 1771.0 576.0 harbor 0
1697.0 462.0 1744.0 462.0 1744.0 598.0 1697.0 598.0 harbor 0
1636.0 437.0 1686.0 437.0 1686.0 619.0 1636.0 619.0 harbor 0
1525.0 513.0 1598.0 513.0 1598.0 663.0 1525.0 663.0 harbor 0
1498.0 581.0 1526.0 581.0 1526.0 674.0 1498.0 674.0 harbor 0
1263.0 686.0 1302.0 686.0 1302.0 756.0 1263.0 756.0 harbor 0
1171.0 730.0 1221.0 730.0 1221.0 804.0 1171.0 804.0 harbor 0
1105.0 784.0 1156.0 784.0 1156.0 846.0 1105.0 846.0 harbor 0
996.0 849.0 1031.0 849.0 1031.0 923.0 996.0 923.0 harbor 0
895.0 886.0 945.0 886.0 945.0 981.0 895.0 981.0 harbor 0
803.0 874.0 851.0 874.0 851.0 968.0 803.0 968.0 harbor 0
700.0 902.0 758.0 902.0 758.0 1002.0 700.0 1002.0 harbor 0
620.0 923.0 652.0 923.0 652.0 1007.0 620.0 1007.0 harbor 0
458.0 906.0 535.0 906.0 535.0 1016.0 458.0 1016.0 harbor 0
335.0 938.0 374.0 938.0 374.0 1060.0 335.0 1060.0 harbor 0
2031.0 337.0 2109.0 337.0 2109.0 520.0 2031.0 520.0 harbor 0
2204.0 292.0 2235.0 292.0 2235.0 453.0 2204.0 453.0 harbor 0
1720.0 458.0 1736.0 458.0 1736.0 485.0 1720.0 485.0 ship 0
2120.0 969.0 2183.0 969.0 2183.0 1070.0 2120.0 1070.0 tennis-court 0
1633.0 423.0 1665.0 423.0 1665.0 442.0 1633.0 442.0 ship 0
2111.0 319.0 2127.0 319.0 2127.0 344.0 2111.0 344.0 ship 0
2221.0 654.0 2235.0 654.0 2235.0 677.0 2221.0 677.0 small-vehicle 0
2100.0 676.0 2126.0 676.0 2126.0 696.0 2100.0 696.0 small-vehicle 0
1991.0 816.0 2016.0 816.0 2016.0 836.0 1991.0 836.0 small-vehicle 0
2150.0 829.0 2177.0 829.0 2177.0 846.0 2150.0 846.0 small-vehicle 0
1964.0 729.0 1973.0 729.0 1973.0 750.0 1964.0 750.0 small-vehicle 0
1862.0 740.0 1873.0 740.0 1873.0 763.0 1862.0 763.0 small-vehicle 0
1693.0 746.0 1706.0 746.0 1706.0 768.0 1693.0 768.0 small-vehicle 0
1327.0 889.0 1339.0 889.0 1339.0 908.0 1327.0 908.0 small-vehicle 0
1310.0 886.0 1322.0 886.0 1322.0 908.0 1310.0 908.0 small-vehicle 0
956.0 1095.0 970.0 1095.0 970.0 1117.0 956.0 1117.0 small-vehicle 1
1094.0 791.0 1117.0 791.0 1117.0 822.0 1094.0 822.0 ship 0
1022.0 844.0 1038.0 844.0 1038.0 873.0 1022.0 873.0 ship 0
796.0 882.0 816.0 882.0 816.0 915.0 796.0 915.0 ship 0
321.0 935.0 339.0 935.0 339.0 966.0 321.0 966.0 ship 0
2177.0 958.0 2241.0 958.0 2241.0 1059.0 2177.0 1059.0 tennis-court 0
259.0 931.0 307.0 931.0 307.0 1105.0 259.0 1105.0 harbor 0
