imagesource:GoogleEarth
gsd:0.249382686614
4831.0 376.0 4852.0 376.0 4852.0 402.0 4831.0 402.0 ship 0
1510.0 0.0 1540.0 0.0 1540.0 25.0 1510.0 25.0 harbor 1
2829.0 229.0 2875.0 229.0 2875.0 295.0 2829.0 295.0 harbor 0
2643.0 184.0 2682.0 184.0 2682.0 242.0 2643.0 242.0 harbor 0
2584.0 166.0 2625.0 166.0 2625.0 228.0 2584.0 228.0 harbor 0
2278.0 105.0 2312.0 105.0 2312.0 162.0 2278.0 162.0 harbor 0
2081.0 34.0 2127.0 34.0 2127.0 116.0 2081.0 116.0 harbor 0
1939.0 1.0 2006.0 1.0 2006.0 92.0 1939.0 92.0 harbor 1
1851.0 1.0 1906.0 1.0 1906.0 62.0 1851.0 62.0 harbor 1
1754.0 1.0 1800.0 1.0 1800.0 32.0 1754.0 32.0 harbor 1
1391.0 2.0 1454.0 2.0 1454.0 46.0 1391.0 46.0 harbor 1
3358.0 347.0 3386.0 347.0 3386.0 394.0 3358.0 394.0 harbor 0
1199.0 108.0 1247.0 108.0 1247.0 161.0 1199.0 161.0 harbor 0
1086.0 168.0 1146.0 168.0 1146.0 253.0 1086.0 253.0 harbor 0
997.0 208.0 1038.0 208.0 1038.0 297.0 997.0 297.0 harbor 0
912.0 184.0 972.0 184.0 972.0 281.0 912.0 281.0 harbor 0
420.0 67.0 455.0 67.0 455.0 128.0 420.0 128.0 harbor 0
349.0 59.0 396.0 59.0 396.0 121.0 349.0 121.0 harbor 0
272.0 28.0 309.0 28.0 309.0 100.0 272.0 100.0 harbor 0
200.0 2.0 257.0 2.0 257.0 89.0 200.0 89.0 harbor 0
2997.0 257.0 3034.0 257.0 3034.0 318.0 2997.0 318.0 harbor 0
3506.0 374.0 3543.0 374.0 3543.0 426.0 3506.0 426.0 harbor 0
4918.0 94.0 4942.0 94.0 4942.0 108.0 4918.0 108.0 small-vehicle 0
291.0 59.0 314.0 59.0 314.0 99.0 291.0 99.0 ship 0
4919.0 107.0 4945.0 107.0 4945.0 120.0 4919.0 120.0 small-vehicle 0
4482.0 90.0 4508.0 90.0 4508.0 102.0 4482.0 102.0 small-vehicle 0
4303.0 28.0 4320.0 28.0 4320.0 49.0 4303.0 49.0 small-vehicle 0
4267.0 1.0 4284.0 1.0 4284.0 23.0 4267.0 23.0 small-vehicle 0
3825.0 220.0 3847.0 220.0 3847.0 234.0 3825.0 234.0 small-vehicle 0
3528.0 384.0 3558.0 384.0 3558.0 424.0 3528.0 424.0 ship 0
2987.0 311.0 3014.0 311.0 3014.0 326.0 2987.0 326.0 ship 0
1209.0 145.0 1233.0 145.0 1233.0 171.0 1209.0 171.0 ship 0
192.0 76.0 228.0 76.0 228.0 97.0 192.0 97.0 ship 0
3662.0 416.0 3691.0 416.0 3691.0 455.0 3662.0 455.0 harbor 0
85.0 56.0 120.0 56.0 120.0 70.0 85.0 70.0 ship 0
5079.0 438.0 5105.0 438.0 5105.0 477.0 5079.0 477.0 harbor 0
5021.0 416.0 5046.0 416.0 5046.0 463.0 5021.0 463.0 harbor 0
4874.0 353.0 4919.0 353.0 4919.0 420.0 4874.0 420.0 harbor 0
4790.0 320.0 4848.0 320.0 4848.0 400.0 4790.0 400.0 harbor 0
4442.0 353.0 4478.0 353.0 4478.0 398.0 4442.0 398.0 harbor 0
4333.0 396.0 4368.0 396.0 4368.0 444.0 4333.0 444.0 harbor 0
3723.0 416.0 3775.0 416.0 3775.0 471.0 3723.0 471.0 harbor 0
76.0 2.0 121.0 2.0 121.0 63.0 76.0 63.0 harbor 0
