imagesource:GoogleEarth
gsd:0.248742045811
3669.0 607.0 3677.0 607.0 3677.0 625.0 3669.0 625.0 small-vehicle 0
4440.0 219.0 4469.0 219.0 4469.0 293.0 4440.0 293.0 harbor 0
4952.0 266.0 4988.0 266.0 4988.0 378.0 4952.0 378.0 harbor 0
5128.0 292.0 5167.0 292.0 5167.0 412.0 5128.0 412.0 harbor 0
5254.0 315.0 5295.0 315.0 5295.0 430.0 5254.0 430.0 harbor 0
5530.0 356.0 5568.0 356.0 5568.0 462.0 5530.0 462.0 harbor 0
5595.0 378.0 5630.0 378.0 5630.0 473.0 5595.0 473.0 harbor 0
5962.0 431.0 5998.0 431.0 5998.0 533.0 5962.0 533.0 harbor 0
6101.0 1.0 6337.0 1.0 6337.0 666.0 6101.0 666.0 bridge 0
7125.0 601.0 7159.0 601.0 7159.0 665.0 7125.0 665.0 harbor 1
6970.0 599.0 7010.0 599.0 7010.0 663.0 6970.0 663.0 harbor 0
6838.0 577.0 6875.0 577.0 6875.0 659.0 6838.0 659.0 harbor 0
6718.0 552.0 6756.0 552.0 6756.0 633.0 6718.0 633.0 harbor 0
6598.0 563.0 6629.0 563.0 6629.0 620.0 6598.0 620.0 harbor 0
6466.0 502.0 6495.0 502.0 6495.0 576.0 6466.0 576.0 harbor 0
6379.0 486.0 6426.0 486.0 6426.0 581.0 6379.0 581.0 harbor 0
6314.0 494.0 6351.0 494.0 6351.0 566.0 6314.0 566.0 harbor 0
4512.0 189.0 4556.0 189.0 4556.0 300.0 4512.0 300.0 harbor 0
4365.0 153.0 4409.0 153.0 4409.0 275.0 4365.0 275.0 harbor 0
3091.0 475.0 3113.0 475.0 3113.0 490.0 3091.0 490.0 small-vehicle 0
4145.0 126.0 4203.0 126.0 4203.0 240.0 4145.0 240.0 harbor 0
354.0 35.0 403.0 35.0 403.0 248.0 354.0 248.0 harbor 0
761.0 12.0 815.0 12.0 815.0 144.0 761.0 144.0 harbor 0
865.0 0.0 906.0 0.0 906.0 124.0 865.0 124.0 harbor 1
2737.0 88.0 2777.0 88.0 2777.0 111.0 2737.0 111.0 swimming-pool 0
3124.0 1.0 3154.0 1.0 3154.0 95.0 3124.0 95.0 harbor 1
3061.0 1.0 3090.0 1.0 3090.0 89.0 3061.0 89.0 harbor 1
3287.0 10.0 3323.0 10.0 3323.0 99.0 3287.0 99.0 harbor 0
3345.0 14.0 3410.0 14.0 3410.0 119.0 3345.0 119.0 harbor 0
3422.0 37.0 3462.0 37.0 3462.0 125.0 3422.0 125.0 harbor 0
3486.0 49.0 3542.0 49.0 3542.0 150.0 3486.0 150.0 harbor 0
3654.0 58.0 3701.0 58.0 3701.0 165.0 3654.0 165.0 harbor 0
3788.0 110.0 3832.0 110.0 3832.0 181.0 3788.0 181.0 harbor 0
3867.0 125.0 3904.0 125.0 3904.0 203.0 3867.0 203.0 harbor 0
4006.0 104.0 4047.0 104.0 4047.0 214.0 4006.0 214.0 harbor 0
4073.0 113.0 4129.0 113.0 4129.0 226.0 4073.0 226.0 harbor 0
440.0 374.0 452.0 374.0 452.0 395.0 440.0 395.0 small-vehicle 0
319.0 481.0 332.0 481.0 332.0 506.0 319.0 506.0 small-vehicle 0
1065.0 192.0 1077.0 192.0 1077.0 216.0 1065.0 216.0 small-vehicle 0
1123.0 214.0 1137.0 214.0 1137.0 238.0 1123.0 238.0 small-vehicle 0
1887.0 258.0 1900.0 258.0 1900.0 285.0 1887.0 285.0 small-vehicle 0
3643.0 614.0 3658.0 614.0 3658.0 639.0 3643.0 639.0 small-vehicle 0
6243.0 303.0 6254.0 303.0 6254.0 321.0 6243.0 321.0 small-vehicle 1
383.0 454.0 412.0 454.0 412.0 467.0 383.0 467.0 small-vehicle 0
332.0 507.0 353.0 507.0 353.0 518.0 332.0 518.0 small-vehicle 0
319.0 451.0 332.0 451.0 332.0 477.0 319.0 477.0 small-vehicle 0
388.0 430.0 418.0 430.0 418.0 446.0 388.0 446.0 small-vehicle 0
230.0 405.0 245.0 405.0 245.0 437.0 230.0 437.0 small-vehicle 0
192.0 509.0 211.0 509.0 211.0 529.0 192.0 529.0 small-vehicle 0
1135.0 214.0 1151.0 214.0 1151.0 236.0 1135.0 236.0 small-vehicle 0
1870.0 271.0 1882.0 271.0 1882.0 289.0 1870.0 289.0 small-vehicle 0
1695.0 381.0 1717.0 381.0 1717.0 393.0 1695.0 393.0 small-vehicle 0
2359.0 600.0 2375.0 600.0 2375.0 624.0 2359.0 624.0 ship 0
3244.0 157.0 3263.0 157.0 3263.0 170.0 3244.0 170.0 small-vehicle 0
3237.0 183.0 3256.0 183.0 3256.0 196.0 3237.0 196.0 small-vehicle 0
6200.0 419.0 6216.0 419.0 6216.0 443.0 6200.0 443.0 small-vehicle 0
4643.0 529.0 4655.0 529.0 4655.0 553.0 4643.0 553.0 small-vehicle 0
4471.0 547.0 4485.0 547.0 4485.0 572.0 4471.0 572.0 small-vehicle 0
2609.0 614.0 2643.0 614.0 2643.0 631.0 2609.0 631.0 ship 0
1812.0 298.0 1829.0 298.0 1829.0 329.0 1812.0 329.0 ship 0
1879.0 186.0 1909.0 186.0 1909.0 208.0 1879.0 208.0 ship 0
2544.0 176.0 2556.0 176.0 2556.0 196.0 2544.0 196.0 small-vehicle 0
2823.0 135.0 2838.0 135.0 2838.0 159.0 2823.0 159.0 small-vehicle 0
2296.0 548.0 2318.0 548.0 2318.0 561.0 2296.0 561.0 small-vehicle 0
2298.0 534.0 2321.0 534.0 2321.0 552.0 2298.0 552.0 small-vehicle 0
2830.0 148.0 2851.0 148.0 2851.0 179.0 2830.0 179.0 ship 0
5293.0 318.0 5308.0 318.0 5308.0 353.0 5293.0 353.0 ship 0
3315.0 356.0 3329.0 356.0 3329.0 383.0 3315.0 383.0 small-vehicle 0
3361.0 390.0 3376.0 390.0 3376.0 409.0 3361.0 409.0 small-vehicle 0
3398.0 387.0 3414.0 387.0 3414.0 410.0 3398.0 410.0 small-vehicle 0
3402.0 345.0 3423.0 345.0 3423.0 379.0 3402.0 379.0 ship 0
3826.0 115.0 3844.0 115.0 3844.0 150.0 3826.0 150.0 ship 0
4404.0 157.0 4422.0 157.0 4422.0 192.0 4404.0 192.0 ship 0
271.0 45.0 319.0 45.0 319.0 254.0 271.0 254.0 harbor 0
