imagesource:GoogleEarth
gsd:0.253726662247
2887.0 7.0 2908.0 7.0 2908.0 15.0 2887.0 15.0 small-vehicle 0
2757.0 281.0 2776.0 281.0 2776.0 311.0 2757.0 311.0 ship 0
798.0 592.0 878.0 592.0 878.0 764.0 798.0 764.0 harbor 0
1124.0 540.0 1210.0 540.0 1210.0 697.0 1124.0 697.0 harbor 0
1140.0 341.0 1223.0 341.0 1223.0 419.0 1140.0 419.0 swimming-pool 0
1220.0 503.0 1277.0 503.0 1277.0 664.0 1220.0 664.0 harbor 0
1325.0 511.0 1364.0 511.0 1364.0 636.0 1325.0 636.0 harbor 0
1415.0 480.0 1461.0 480.0 1461.0 628.0 1415.0 628.0 harbor 0
1524.0 476.0 1587.0 476.0 1587.0 611.0 1524.0 611.0 harbor 0
1590.0 468.0 1639.0 468.0 1639.0 602.0 1590.0 602.0 harbor 0
1734.0 377.0 1789.0 377.0 1789.0 564.0 1734.0 564.0 harbor 0
1842.0 350.0 1895.0 350.0 1895.0 540.0 1842.0 540.0 harbor 0
2070.0 324.0 2099.0 324.0 2099.0 461.0 2070.0 461.0 harbor 0
2171.0 255.0 2254.0 255.0 2254.0 440.0 2171.0 440.0 harbor 0
2348.0 246.0 2408.0 246.0 2408.0 412.0 2348.0 412.0 harbor 0
2431.0 237.0 2491.0 237.0 2491.0 382.0 2431.0 382.0 harbor 0
2598.0 135.0 2635.0 135.0 2635.0 368.0 2598.0 368.0 harbor 0
2706.0 87.0 2782.0 87.0 2782.0 342.0 2706.0 342.0 harbor 0
2781.0 61.0 2854.0 61.0 2854.0 346.0 2781.0 346.0 harbor 0
291.0 162.0 314.0 162.0 314.0 175.0 291.0 175.0 small-vehicle 0
285.0 216.0 299.0 216.0 299.0 240.0 285.0 240.0 small-vehicle 0
146.0 167.0 158.0 167.0 158.0 188.0 146.0 188.0 small-vehicle 0
1221.0 865.0 1243.0 865.0 1243.0 881.0 1221.0 881.0 ship 0
1356.0 582.0 1370.0 582.0 1370.0 617.0 1356.0 617.0 ship 0
1746.0 538.0 1761.0 538.0 1761.0 570.0 1746.0 570.0 ship 0
1534.0 279.0 1544.0 279.0 1544.0 299.0 1534.0 299.0 small-vehicle 0
1524.0 203.0 1537.0 203.0 1537.0 225.0 1524.0 225.0 small-vehicle 0
1743.0 105.0 1751.0 105.0 1751.0 124.0 1743.0 124.0 small-vehicle 0
2354.0 356.0 2374.0 356.0 2374.0 389.0 2354.0 389.0 ship 0
2444.0 354.0 2462.0 354.0 2462.0 385.0 2444.0 385.0 ship 0
2630.0 311.0 2643.0 311.0 2643.0 340.0 2630.0 340.0 ship 0
406.0 686.0 479.0 686.0 479.0 853.0 406.0 853.0 harbor 0
