imagesource:GoogleEarth
gsd:0.257146702556
920.0 266.0 938.0 266.0 938.0 288.0 920.0 288.0 small-vehicle 0
1939.0 829.0 1973.0 829.0 1973.0 984.0 1939.0 984.0 harbor 0
1407.0 564.0 1431.0 564.0 1431.0 623.0 1407.0 623.0 harbor 0
1343.0 546.0 1402.0 546.0 1402.0 620.0 1343.0 620.0 harbor 0
1236.0 530.0 1281.0 530.0 1281.0 610.0 1236.0 610.0 harbor 0
1338.0 818.0 1365.0 818.0 1365.0 898.0 1338.0 898.0 harbor 0
1395.0 815.0 1429.0 815.0 1429.0 963.0 1395.0 963.0 harbor 0
1517.0 818.0 1546.0 818.0 1546.0 962.0 1517.0 962.0 harbor 0
1573.0 812.0 1605.0 812.0 1605.0 961.0 1573.0 961.0 harbor 0
1630.0 816.0 1666.0 816.0 1666.0 963.0 1630.0 963.0 harbor 0
1688.0 845.0 1721.0 845.0 1721.0 967.0 1688.0 967.0 harbor 0
1759.0 832.0 1790.0 832.0 1790.0 971.0 1759.0 971.0 harbor 0
1859.0 827.0 1885.0 827.0 1885.0 961.0 1859.0 961.0 harbor 0
2015.0 796.0 2049.0 796.0 2049.0 1012.0 2015.0 1012.0 harbor 0
1523.0 566.0 1553.0 566.0 1553.0 624.0 1523.0 624.0 harbor 0
155.0 522.0 197.0 522.0 197.0 587.0 155.0 587.0 harbor 0
205.0 531.0 226.0 531.0 226.0 593.0 205.0 593.0 harbor 0
256.0 538.0 277.0 538.0 277.0 581.0 256.0 581.0 harbor 0
316.0 537.0 343.0 537.0 343.0 579.0 316.0 579.0 harbor 0
424.0 540.0 454.0 540.0 454.0 578.0 424.0 578.0 harbor 0
486.0 524.0 524.0 524.0 524.0 576.0 486.0 576.0 harbor 0
661.0 536.0 693.0 536.0 693.0 588.0 661.0 588.0 harbor 0
620.0 531.0 652.0 531.0 652.0 588.0 620.0 588.0 harbor 0
540.0 531.0 576.0 531.0 576.0 578.0 540.0 578.0 harbor 0
738.0 533.0 769.0 533.0 769.0 587.0 738.0 587.0 harbor 0
856.0 526.0 877.0 526.0 877.0 572.0 856.0 572.0 harbor 0
1466.0 563.0 1514.0 563.0 1514.0 624.0 1466.0 624.0 harbor 0
1585.0 557.0 1611.0 557.0 1611.0 620.0 1585.0 620.0 harbor 0
957.0 755.0 984.0 755.0 984.0 956.0 957.0 956.0 harbor 0
989.0 375.0 1019.0 375.0 1019.0 434.0 989.0 434.0 harbor 0
340.0 248.0 369.0 248.0 369.0 308.0 340.0 308.0 harbor 0
382.0 252.0 396.0 252.0 396.0 308.0 382.0 308.0 harbor 0
462.0 268.0 488.0 268.0 488.0 329.0 462.0 329.0 harbor 0
501.0 278.0 545.0 278.0 545.0 334.0 501.0 334.0 harbor 0
579.0 303.0 606.0 303.0 606.0 372.0 579.0 372.0 harbor 0
638.0 326.0 672.0 326.0 672.0 394.0 638.0 394.0 harbor 0
690.0 351.0 720.0 351.0 720.0 410.0 690.0 410.0 harbor 0
754.0 362.0 800.0 362.0 800.0 414.0 754.0 414.0 harbor 0
820.0 369.0 845.0 369.0 845.0 423.0 820.0 423.0 harbor 0
881.0 372.0 910.0 372.0 910.0 432.0 881.0 432.0 harbor 0
934.0 374.0 957.0 374.0 957.0 418.0 934.0 418.0 harbor 0
1108.0 375.0 1144.0 375.0 1144.0 445.0 1108.0 445.0 harbor 0
1642.0 560.0 1671.0 560.0 1671.0 623.0 1642.0 623.0 harbor 0
1161.0 407.0 1196.0 407.0 1196.0 435.0 1161.0 435.0 harbor 0
1237.0 411.0 1257.0 411.0 1257.0 442.0 1237.0 442.0 harbor 0
1292.0 414.0 1320.0 414.0 1320.0 444.0 1292.0 444.0 harbor 0
1367.0 407.0 1391.0 407.0 1391.0 434.0 1367.0 434.0 harbor 0
1407.0 392.0 1431.0 392.0 1431.0 441.0 1407.0 441.0 harbor 0
1471.0 417.0 1492.0 417.0 1492.0 437.0 1471.0 437.0 harbor 0
1585.0 400.0 1608.0 400.0 1608.0 448.0 1585.0 448.0 harbor 0
1651.0 421.0 1678.0 421.0 1678.0 454.0 1651.0 454.0 harbor 0
1779.0 413.0 1807.0 413.0 1807.0 457.0 1779.0 457.0 harbor 0
1764.0 571.0 1788.0 571.0 1788.0 618.0 1764.0 618.0 harbor 0
1704.0 561.0 1733.0 561.0 1733.0 622.0 1704.0 622.0 harbor 0
795.0 532.0 822.0 532.0 822.0 571.0 795.0 571.0 harbor 0
835.0 813.0 868.0 813.0 868.0 953.0 835.0 953.0 harbor 0
1801.0 298.0 1811.0 298.0 1811.0 318.0 1801.0 318.0 small-vehicle 0
1793.0 674.0 1809.0 674.0 1809.0 699.0 1793.0 699.0 small-vehicle 0
1637.0 429.0 1649.0 429.0 1649.0 453.0 1637.0 453.0 ship 0
1768.0 563.0 1790.0 563.0 1790.0 571.0 1768.0 571.0 ship 0
1786.0 571.0 1799.0 571.0 1799.0 598.0 1786.0 598.0 ship 0
1228.0 669.0 1237.0 669.0 1237.0 687.0 1228.0 687.0 small-vehicle 0
1349.0 630.0 1360.0 630.0 1360.0 649.0 1349.0 649.0 small-vehicle 0
1355.0 682.0 1367.0 682.0 1367.0 702.0 1355.0 702.0 small-vehicle 0
1285.0 669.0 1296.0 669.0 1296.0 693.0 1285.0 693.0 small-vehicle 0
1271.0 671.0 1280.0 671.0 1280.0 690.0 1271.0 690.0 small-vehicle 0
1716.0 629.0 1727.0 629.0 1727.0 650.0 1716.0 650.0 small-vehicle 0
1757.0 640.0 1769.0 640.0 1769.0 660.0 1757.0 660.0 small-vehicle 0
1778.0 639.0 1787.0 639.0 1787.0 660.0 1778.0 660.0 small-vehicle 0
1799.0 697.0 1810.0 697.0 1810.0 722.0 1799.0 722.0 small-vehicle 0
1236.0 441.0 1260.0 441.0 1260.0 452.0 1236.0 452.0 ship 0
1806.0 737.0 1817.0 737.0 1817.0 761.0 1806.0 761.0 small-vehicle 0
1655.0 694.0 1666.0 694.0 1666.0 722.0 1655.0 722.0 ship 0
1513.0 130.0 1531.0 130.0 1531.0 161.0 1513.0 161.0 ship 0
1693.0 693.0 1704.0 693.0 1704.0 717.0 1693.0 717.0 small-vehicle 1
1579.0 696.0 1591.0 696.0 1591.0 729.0 1579.0 729.0 ship 0
1322.0 244.0 1341.0 244.0 1341.0 253.0 1322.0 253.0 small-vehicle 0
681.0 666.0 694.0 666.0 694.0 690.0 681.0 690.0 small-vehicle 0
224.0 667.0 233.0 667.0 233.0 683.0 224.0 683.0 small-vehicle 0
1299.0 272.0 1306.0 272.0 1306.0 290.0 1299.0 290.0 small-vehicle 0
1309.0 266.0 1320.0 266.0 1320.0 286.0 1309.0 286.0 small-vehicle 0
1644.0 270.0 1656.0 270.0 1656.0 293.0 1644.0 293.0 small-vehicle 0
1709.0 550.0 1739.0 550.0 1739.0 564.0 1709.0 564.0 ship 0
1137.0 256.0 1148.0 256.0 1148.0 279.0 1137.0 279.0 small-vehicle 0
779.0 805.0 810.0 805.0 810.0 957.0 779.0 957.0 harbor 0
740.0 387.0 754.0 387.0 754.0 416.0 740.0 416.0 ship 0
719.0 790.0 747.0 790.0 747.0 956.0 719.0 956.0 harbor 0
662.0 801.0 686.0 801.0 686.0 955.0 662.0 955.0 harbor 0
485.0 802.0 507.0 802.0 507.0 945.0 485.0 945.0 harbor 0
314.0 782.0 335.0 782.0 335.0 938.0 314.0 938.0 harbor 0
193.0 769.0 219.0 769.0 219.0 940.0 193.0 940.0 harbor 0
229.0 246.0 242.0 246.0 242.0 277.0 229.0 277.0 ship 0
363.0 283.0 374.0 283.0 374.0 309.0 363.0 309.0 ship 0
391.0 278.0 404.0 278.0 404.0 307.0 391.0 307.0 ship 0
449.0 297.0 464.0 297.0 464.0 327.0 449.0 327.0 ship 0
480.0 298.0 493.0 298.0 493.0 326.0 480.0 326.0 ship 0
621.0 360.0 634.0 360.0 634.0 388.0 621.0 388.0 ship 0
804.0 386.0 821.0 386.0 821.0 421.0 804.0 421.0 ship 0
1112.0 253.0 1123.0 253.0 1123.0 274.0 1112.0 274.0 small-vehicle 0
888.0 249.0 903.0 249.0 903.0 285.0 888.0 285.0 ship 0
915.0 309.0 927.0 309.0 927.0 338.0 915.0 338.0 ship 0
272.0 536.0 288.0 536.0 288.0 563.0 272.0 563.0 ship 0
296.0 532.0 310.0 532.0 310.0 567.0 296.0 567.0 ship 0
368.0 536.0 395.0 536.0 395.0 548.0 368.0 548.0 ship 0
523.0 526.0 534.0 526.0 534.0 559.0 523.0 559.0 ship 0
576.0 524.0 592.0 524.0 592.0 558.0 576.0 558.0 ship 0
781.0 531.0 799.0 531.0 799.0 568.0 781.0 568.0 ship 0
799.0 517.0 834.0 517.0 834.0 540.0 799.0 540.0 ship 0
209.0 638.0 219.0 638.0 219.0 660.0 209.0 660.0 small-vehicle 0
381.0 589.0 392.0 589.0 392.0 613.0 381.0 613.0 small-vehicle 0
240.0 240.0 287.0 240.0 287.0 299.0 240.0 299.0 harbor 0
