imagesource:GoogleEarth
gsd:0.252855260866
2255.0 715.0 2268.0 715.0 2268.0 743.0 2255.0 743.0 small-vehicle 1
1815.0 111.0 1871.0 111.0 1871.0 349.0 1815.0 349.0 harbor 0
1952.0 94.0 2012.0 94.0 2012.0 315.0 1952.0 315.0 harbor 0
2073.0 69.0 2162.0 69.0 2162.0 323.0 2073.0 323.0 harbor 0
2139.0 59.0 2227.0 59.0 2227.0 315.0 2139.0 315.0 harbor 0
2215.0 37.0 2335.0 37.0 2335.0 332.0 2215.0 332.0 harbor 0
201.0 656.0 251.0 656.0 251.0 697.0 201.0 697.0 swimming-pool 0
341.0 617.0 392.0 617.0 392.0 675.0 341.0 675.0 swimming-pool 0
131.0 676.0 181.0 676.0 181.0 705.0 131.0 705.0 swimming-pool 0
417.0 622.0 469.0 622.0 469.0 667.0 417.0 667.0 swimming-pool 0
492.0 615.0 535.0 615.0 535.0 647.0 492.0 647.0 swimming-pool 0
638.0 565.0 676.0 565.0 676.0 623.0 638.0 623.0 swimming-pool 0
823.0 545.0 888.0 545.0 888.0 580.0 823.0 580.0 swimming-pool 0
942.0 535.0 973.0 535.0 973.0 581.0 942.0 581.0 swimming-pool 0
1055.0 532.0 1097.0 532.0 1097.0 574.0 1055.0 574.0 swimming-pool 0
1206.0 516.0 1249.0 516.0 1249.0 557.0 1206.0 557.0 swimming-pool 0
1355.0 481.0 1389.0 481.0 1389.0 522.0 1355.0 522.0 swimming-pool 0
1876.0 99.0 1931.0 99.0 1931.0 320.0 1876.0 320.0 harbor 0
1738.0 122.0 1799.0 122.0 1799.0 360.0 1738.0 360.0 harbor 0
2346.0 706.0 2357.0 706.0 2357.0 727.0 2346.0 727.0 small-vehicle 1
1670.0 149.0 1732.0 149.0 1732.0 365.0 1670.0 365.0 harbor 0
158.0 377.0 218.0 377.0 218.0 577.0 158.0 577.0 harbor 0
318.0 350.0 370.0 350.0 370.0 557.0 318.0 557.0 harbor 0
382.0 341.0 435.0 341.0 435.0 543.0 382.0 543.0 harbor 0
465.0 325.0 504.0 325.0 504.0 492.0 465.0 492.0 harbor 0
598.0 301.0 649.0 301.0 649.0 483.0 598.0 483.0 harbor 0
686.0 288.0 739.0 288.0 739.0 498.0 686.0 498.0 harbor 0
797.0 270.0 855.0 270.0 855.0 503.0 797.0 503.0 harbor 0
878.0 257.0 943.0 257.0 943.0 498.0 878.0 498.0 harbor 0
951.0 246.0 1010.0 246.0 1010.0 475.0 951.0 475.0 harbor 0
1009.0 234.0 1083.0 234.0 1083.0 484.0 1009.0 484.0 harbor 0
1172.0 219.0 1230.0 219.0 1230.0 461.0 1172.0 461.0 harbor 0
1315.0 195.0 1374.0 195.0 1374.0 443.0 1315.0 443.0 harbor 0
1377.0 182.0 1441.0 182.0 1441.0 426.0 1377.0 426.0 harbor 0
1528.0 155.0 1583.0 155.0 1583.0 388.0 1528.0 388.0 harbor 0
1603.0 143.0 1661.0 143.0 1661.0 374.0 1603.0 374.0 harbor 0
1416.0 448.0 1464.0 448.0 1464.0 493.0 1416.0 493.0 swimming-pool 0
1571.0 436.0 1596.0 436.0 1596.0 480.0 1571.0 480.0 swimming-pool 0
1632.0 434.0 1682.0 434.0 1682.0 476.0 1632.0 476.0 swimming-pool 0
1725.0 423.0 1753.0 423.0 1753.0 469.0 1725.0 469.0 swimming-pool 0
2213.0 457.0 2228.0 457.0 2228.0 488.0 2213.0 488.0 ship 0
899.0 672.0 915.0 672.0 915.0 704.0 899.0 704.0 ship 0
1738.0 654.0 1755.0 654.0 1755.0 677.0 1738.0 677.0 small-vehicle 0
1775.0 648.0 1787.0 648.0 1787.0 670.0 1775.0 670.0 small-vehicle 0
1957.0 612.0 1968.0 612.0 1968.0 635.0 1957.0 635.0 small-vehicle 0
1980.0 614.0 1994.0 614.0 1994.0 637.0 1980.0 637.0 small-vehicle 0
2220.0 639.0 2241.0 639.0 2241.0 650.0 2220.0 650.0 small-vehicle 0
2191.0 524.0 2209.0 524.0 2209.0 548.0 2191.0 548.0 small-vehicle 0
2161.0 715.0 2178.0 715.0 2178.0 757.0 2161.0 757.0 ship 0
1778.0 790.0 1792.0 790.0 1792.0 819.0 1778.0 819.0 ship 0
1095.0 717.0 1107.0 717.0 1107.0 741.0 1095.0 741.0 small-vehicle 1
2144.0 710.0 2156.0 710.0 2156.0 732.0 2144.0 732.0 small-vehicle 1
2158.0 681.0 2171.0 681.0 2171.0 711.0 2158.0 711.0 small-vehicle 1
2157.0 518.0 2170.0 518.0 2170.0 546.0 2157.0 546.0 small-vehicle 1
2315.0 713.0 2326.0 713.0 2326.0 736.0 2315.0 736.0 small-vehicle 1
2233.0 448.0 2250.0 448.0 2250.0 485.0 2233.0 485.0 ship 0
2226.0 38.0 2251.0 38.0 2251.0 69.0 2226.0 69.0 ship 0
2063.0 72.0 2085.0 72.0 2085.0 106.0 2063.0 106.0 ship 0
147.0 378.0 173.0 378.0 173.0 428.0 147.0 428.0 ship 0
1773.0 432.0 1812.0 432.0 1812.0 472.0 1773.0 472.0 swimming-pool 0
1848.0 385.0 1900.0 385.0 1900.0 438.0 1848.0 438.0 swimming-pool 0
1925.0 408.0 1957.0 408.0 1957.0 459.0 1925.0 459.0 swimming-pool 0
1991.0 379.0 2044.0 379.0 2044.0 422.0 1991.0 422.0 swimming-pool 0
2141.0 398.0 2190.0 398.0 2190.0 425.0 2141.0 425.0 swimming-pool 0
2281.0 376.0 2321.0 376.0 2321.0 415.0 2281.0 415.0 swimming-pool 0
304.0 350.0 326.0 350.0 326.0 392.0 304.0 392.0 ship 0
1942.0 99.0 1960.0 99.0 1960.0 127.0 1942.0 127.0 ship 0
453.0 324.0 471.0 324.0 471.0 356.0 453.0 356.0 ship 0
1048.0 232.0 1064.0 232.0 1064.0 261.0 1048.0 261.0 ship 0
1134.0 15.0 1166.0 15.0 1166.0 29.0 1134.0 29.0 ship 0
1162.0 225.0 1176.0 225.0 1176.0 257.0 1162.0 257.0 ship 0
1304.0 198.0 1324.0 198.0 1324.0 229.0 1304.0 229.0 ship 0
1807.0 108.0 1820.0 108.0 1820.0 145.0 1807.0 145.0 ship 0
62.0 387.0 136.0 387.0 136.0 612.0 62.0 612.0 harbor 0
