imagesource:GoogleEarth
gsd:0.271000134862
1449.0 1035.0 1471.0 1035.0 1471.0 1065.0 1449.0 1065.0 small-vehicle 1
1188.0 812.0 1234.0 812.0 1234.0 855.0 1188.0 855.0 harbor 0
1701.0 269.0 1733.0 269.0 1733.0 301.0 1701.0 301.0 harbor 0
1664.0 311.0 1698.0 311.0 1698.0 344.0 1664.0 344.0 harbor 0
1625.0 358.0 1661.0 358.0 1661.0 393.0 1625.0 393.0 harbor 0
1593.0 401.0 1624.0 401.0 1624.0 431.0 1593.0 431.0 harbor 0
1553.0 441.0 1586.0 441.0 1586.0 473.0 1553.0 473.0 harbor 0
1518.0 479.0 1552.0 479.0 1552.0 512.0 1518.0 512.0 harbor 0
1470.0 536.0 1503.0 536.0 1503.0 568.0 1470.0 568.0 harbor 0
1427.0 583.0 1459.0 583.0 1459.0 615.0 1427.0 615.0 harbor 0
1355.0 665.0 1390.0 665.0 1390.0 702.0 1355.0 702.0 harbor 0
1321.0 704.0 1356.0 704.0 1356.0 738.0 1321.0 738.0 harbor 0
1235.0 784.0 1270.0 784.0 1270.0 818.0 1235.0 818.0 harbor 0
981.0 1446.0 1045.0 1446.0 1045.0 1504.0 981.0 1504.0 swimming-pool 0
1203.0 1843.0 1268.0 1843.0 1268.0 1896.0 1203.0 1896.0 swimming-pool 0
1458.0 1115.0 1511.0 1115.0 1511.0 1162.0 1458.0 1162.0 swimming-pool 0
1656.0 795.0 1735.0 795.0 1735.0 855.0 1656.0 855.0 swimming-pool 0
381.0 1852.0 397.0 1852.0 397.0 1873.0 381.0 1873.0 small-vehicle 0
605.0 1739.0 632.0 1739.0 632.0 1753.0 605.0 1753.0 small-vehicle 0
1752.0 221.0 1784.0 221.0 1784.0 254.0 1752.0 254.0 harbor 0
1150.0 879.0 1187.0 879.0 1187.0 913.0 1150.0 913.0 harbor 0
1352.0 1870.0 1372.0 1870.0 1372.0 1884.0 1352.0 1884.0 small-vehicle 0
1098.0 919.0 1137.0 919.0 1137.0 958.0 1098.0 958.0 harbor 0
236.0 1825.0 277.0 1825.0 277.0 1865.0 236.0 1865.0 harbor 0
262.0 1766.0 309.0 1766.0 309.0 1816.0 262.0 1816.0 harbor 0
312.0 1698.0 344.0 1698.0 344.0 1729.0 312.0 1729.0 harbor 0
340.0 1649.0 377.0 1649.0 377.0 1685.0 340.0 1685.0 harbor 0
372.0 1609.0 409.0 1609.0 409.0 1644.0 372.0 1644.0 harbor 0
416.0 1561.0 452.0 1561.0 452.0 1599.0 416.0 1599.0 harbor 0
454.0 1528.0 496.0 1528.0 496.0 1568.0 454.0 1568.0 harbor 0
537.0 1447.0 584.0 1447.0 584.0 1493.0 537.0 1493.0 harbor 0
572.0 1407.0 622.0 1407.0 622.0 1455.0 572.0 1455.0 harbor 0
650.0 1327.0 700.0 1327.0 700.0 1373.0 650.0 1373.0 harbor 0
697.0 1292.0 739.0 1292.0 739.0 1333.0 697.0 1333.0 harbor 0
782.0 1211.0 827.0 1211.0 827.0 1254.0 782.0 1254.0 harbor 0
828.0 1178.0 869.0 1178.0 869.0 1220.0 828.0 1220.0 harbor 0
944.0 1080.0 983.0 1080.0 983.0 1120.0 944.0 1120.0 harbor 0
984.0 1047.0 1018.0 1047.0 1018.0 1080.0 984.0 1080.0 harbor 0
1026.0 1003.0 1061.0 1003.0 1061.0 1037.0 1026.0 1037.0 harbor 0
1066.0 962.0 1100.0 962.0 1100.0 996.0 1066.0 996.0 harbor 0
1356.0 1890.0 1378.0 1890.0 1378.0 1904.0 1356.0 1904.0 small-vehicle 0
1285.0 1831.0 1307.0 1831.0 1307.0 1847.0 1285.0 1847.0 small-vehicle 0
1524.0 1768.0 1542.0 1768.0 1542.0 1792.0 1524.0 1792.0 small-vehicle 1
1690.0 1545.0 1701.0 1545.0 1701.0 1563.0 1690.0 1563.0 small-vehicle 0
1673.0 1554.0 1687.0 1554.0 1687.0 1575.0 1673.0 1575.0 small-vehicle 0
1705.0 1181.0 1728.0 1181.0 1728.0 1197.0 1705.0 1197.0 small-vehicle 0
1530.0 1221.0 1548.0 1221.0 1548.0 1247.0 1530.0 1247.0 small-vehicle 0
1500.0 1232.0 1516.0 1232.0 1516.0 1255.0 1500.0 1255.0 small-vehicle 0
1480.0 1241.0 1498.0 1241.0 1498.0 1264.0 1480.0 1264.0 small-vehicle 0
1570.0 1009.0 1595.0 1009.0 1595.0 1026.0 1570.0 1026.0 small-vehicle 0
1618.0 943.0 1638.0 943.0 1638.0 960.0 1618.0 960.0 small-vehicle 0
1646.0 1021.0 1668.0 1021.0 1668.0 1034.0 1646.0 1034.0 small-vehicle 0
1673.0 1088.0 1695.0 1088.0 1695.0 1103.0 1673.0 1103.0 small-vehicle 0
1679.0 1109.0 1701.0 1109.0 1701.0 1123.0 1679.0 1123.0 small-vehicle 0
1624.0 1150.0 1639.0 1150.0 1639.0 1160.0 1624.0 1160.0 small-vehicle 1
1717.0 429.0 1739.0 429.0 1739.0 448.0 1717.0 448.0 small-vehicle 0
1707.0 1589.0 1723.0 1589.0 1723.0 1611.0 1707.0 1611.0 small-vehicle 0
1720.0 1588.0 1734.0 1588.0 1734.0 1606.0 1720.0 1606.0 small-vehicle 0
1705.0 1639.0 1724.0 1639.0 1724.0 1657.0 1705.0 1657.0 small-vehicle 0
1697.0 1632.0 1716.0 1632.0 1716.0 1650.0 1697.0 1650.0 small-vehicle 0
1691.0 1625.0 1710.0 1625.0 1710.0 1642.0 1691.0 1642.0 small-vehicle 0
1681.0 1551.0 1693.0 1551.0 1693.0 1569.0 1681.0 1569.0 small-vehicle 0
1699.0 1543.0 1713.0 1543.0 1713.0 1563.0 1699.0 1563.0 small-vehicle 0
1308.0 1889.0 1327.0 1889.0 1327.0 1902.0 1308.0 1902.0 small-vehicle 0
1718.0 1535.0 1734.0 1535.0 1734.0 1556.0 1718.0 1556.0 small-vehicle 0
1431.0 1757.0 1453.0 1757.0 1453.0 1774.0 1431.0 1774.0 small-vehicle 0
1438.0 1780.0 1458.0 1780.0 1458.0 1793.0 1438.0 1793.0 small-vehicle 0
1470.0 1793.0 1484.0 1793.0 1484.0 1813.0 1470.0 1813.0 small-vehicle 0
1481.0 1791.0 1495.0 1791.0 1495.0 1809.0 1481.0 1809.0 small-vehicle 0
1492.0 1785.0 1507.0 1785.0 1507.0 1804.0 1492.0 1804.0 small-vehicle 0
1062.0 1224.0 1082.0 1224.0 1082.0 1242.0 1062.0 1242.0 small-vehicle 0
1171.0 1454.0 1184.0 1454.0 1184.0 1475.0 1171.0 1475.0 small-vehicle 0
1417.0 1724.0 1440.0 1724.0 1440.0 1739.0 1417.0 1739.0 small-vehicle 0
1611.0 1610.0 1635.0 1610.0 1635.0 1623.0 1611.0 1623.0 small-vehicle 0
1725.0 1652.0 1742.0 1652.0 1742.0 1668.0 1725.0 1668.0 small-vehicle 0
1777.0 1621.0 1801.0 1621.0 1801.0 1637.0 1777.0 1637.0 small-vehicle 0
1786.0 1636.0 1804.0 1636.0 1804.0 1646.0 1786.0 1646.0 small-vehicle 0
1784.0 1510.0 1796.0 1510.0 1796.0 1529.0 1784.0 1529.0 small-vehicle 0
1767.0 1519.0 1781.0 1519.0 1781.0 1540.0 1767.0 1540.0 small-vehicle 0
1758.0 1522.0 1771.0 1522.0 1771.0 1543.0 1758.0 1543.0 small-vehicle 0
1744.0 1525.0 1762.0 1525.0 1762.0 1546.0 1744.0 1546.0 small-vehicle 0
1736.0 1527.0 1750.0 1527.0 1750.0 1547.0 1736.0 1547.0 small-vehicle 0
201.0 1877.0 240.0 1877.0 240.0 1904.0 201.0 1904.0 harbor 1
