imagesource:GoogleEarth
gsd:0.292111190176
1173.0 3925.0 1184.0 3925.0 1184.0 3947.0 1173.0 3947.0 small-vehicle 0
50.0 2343.0 73.0 2343.0 73.0 2353.0 50.0 2353.0 small-vehicle 1
182.0 2501.0 198.0 2501.0 198.0 2508.0 182.0 2508.0 small-vehicle 1
180.0 2493.0 198.0 2493.0 198.0 2500.0 180.0 2500.0 small-vehicle 1
183.0 2481.0 200.0 2481.0 200.0 2488.0 183.0 2488.0 small-vehicle 1
201.0 2483.0 224.0 2483.0 224.0 2492.0 201.0 2492.0 small-vehicle 1
205.0 2474.0 225.0 2474.0 225.0 2479.0 205.0 2479.0 small-vehicle 1
202.0 2464.0 222.0 2464.0 222.0 2472.0 202.0 2472.0 small-vehicle 1
202.0 2453.0 219.0 2453.0 219.0 2462.0 202.0 2462.0 small-vehicle 1
117.0 2487.0 134.0 2487.0 134.0 2497.0 117.0 2497.0 small-vehicle 1
138.0 2470.0 160.0 2470.0 160.0 2479.0 138.0 2479.0 small-vehicle 1
70.0 2508.0 87.0 2508.0 87.0 2517.0 70.0 2517.0 small-vehicle 1
70.0 2496.0 88.0 2496.0 88.0 2507.0 70.0 2507.0 small-vehicle 1
68.0 2486.0 90.0 2486.0 90.0 2497.0 68.0 2497.0 small-vehicle 1
69.0 2476.0 91.0 2476.0 91.0 2486.0 69.0 2486.0 small-vehicle 1
47.0 2486.0 64.0 2486.0 64.0 2495.0 47.0 2495.0 small-vehicle 1
47.0 2458.0 67.0 2458.0 67.0 2466.0 47.0 2466.0 small-vehicle 1
199.0 2500.0 216.0 2500.0 216.0 2509.0 199.0 2509.0 small-vehicle 1
181.0 2508.0 200.0 2508.0 200.0 2520.0 181.0 2520.0 small-vehicle 1
199.0 2519.0 219.0 2519.0 219.0 2530.0 199.0 2530.0 small-vehicle 1
1.0 2626.0 17.0 2626.0 17.0 2634.0 1.0 2634.0 small-vehicle 1
242.0 2645.0 265.0 2645.0 265.0 2657.0 242.0 2657.0 small-vehicle 0
191.0 2637.0 212.0 2637.0 212.0 2646.0 191.0 2646.0 small-vehicle 0
1.0 2559.0 23.0 2559.0 23.0 2570.0 1.0 2570.0 small-vehicle 0
7.0 2514.0 26.0 2514.0 26.0 2524.0 7.0 2524.0 small-vehicle 0
1.0 2505.0 22.0 2505.0 22.0 2512.0 1.0 2512.0 small-vehicle 0
35.0 2619.0 44.0 2619.0 44.0 2637.0 35.0 2637.0 small-vehicle 0
0.0 2636.0 16.0 2636.0 16.0 2645.0 0.0 2645.0 small-vehicle 1
193.0 2627.0 210.0 2627.0 210.0 2636.0 193.0 2636.0 small-vehicle 1
1.0 2616.0 17.0 2616.0 17.0 2625.0 1.0 2625.0 small-vehicle 1
0.0 2541.0 18.0 2541.0 18.0 2550.0 0.0 2550.0 small-vehicle 1
0.0 2532.0 21.0 2532.0 21.0 2542.0 0.0 2542.0 small-vehicle 1
190.0 2673.0 208.0 2673.0 208.0 2683.0 190.0 2683.0 small-vehicle 1
191.0 2657.0 208.0 2657.0 208.0 2664.0 191.0 2664.0 small-vehicle 1
192.0 2649.0 210.0 2649.0 210.0 2655.0 192.0 2655.0 small-vehicle 1
70.0 2459.0 94.0 2459.0 94.0 2469.0 70.0 2469.0 small-vehicle 1
70.0 2447.0 92.0 2447.0 92.0 2457.0 70.0 2457.0 small-vehicle 1
193.0 2618.0 216.0 2618.0 216.0 2628.0 193.0 2628.0 small-vehicle 1
4.0 2428.0 27.0 2428.0 27.0 2440.0 4.0 2440.0 small-vehicle 1
138.0 2405.0 157.0 2405.0 157.0 2415.0 138.0 2415.0 small-vehicle 1
187.0 2397.0 205.0 2397.0 205.0 2406.0 187.0 2406.0 small-vehicle 1
119.0 2415.0 136.0 2415.0 136.0 2423.0 119.0 2423.0 small-vehicle 1
118.0 2404.0 136.0 2404.0 136.0 2414.0 118.0 2414.0 small-vehicle 1
69.0 2420.0 86.0 2420.0 86.0 2430.0 69.0 2430.0 small-vehicle 1
71.0 2411.0 91.0 2411.0 91.0 2421.0 71.0 2421.0 small-vehicle 1
5.0 2418.0 23.0 2418.0 23.0 2427.0 5.0 2427.0 small-vehicle 1
137.0 2450.0 158.0 2450.0 158.0 2462.0 137.0 2462.0 small-vehicle 1
251.0 2391.0 272.0 2391.0 272.0 2400.0 251.0 2400.0 small-vehicle 1
252.0 2380.0 272.0 2380.0 272.0 2389.0 252.0 2389.0 small-vehicle 1
207.0 2370.0 225.0 2370.0 225.0 2379.0 207.0 2379.0 small-vehicle 1
205.0 2359.0 225.0 2359.0 225.0 2368.0 205.0 2368.0 small-vehicle 1
187.0 2369.0 205.0 2369.0 205.0 2381.0 187.0 2381.0 small-vehicle 1
136.0 2376.0 158.0 2376.0 158.0 2386.0 136.0 2386.0 small-vehicle 1
114.0 2440.0 136.0 2440.0 136.0 2449.0 114.0 2449.0 small-vehicle 1
204.0 2437.0 223.0 2437.0 223.0 2446.0 204.0 2446.0 small-vehicle 1
193.0 2610.0 213.0 2610.0 213.0 2617.0 193.0 2617.0 small-vehicle 1
245.0 2561.0 266.0 2561.0 266.0 2570.0 245.0 2570.0 small-vehicle 1
192.0 2597.0 215.0 2597.0 215.0 2607.0 192.0 2607.0 small-vehicle 1
196.0 2580.0 215.0 2580.0 215.0 2591.0 196.0 2591.0 small-vehicle 1
196.0 2571.0 216.0 2571.0 216.0 2579.0 196.0 2579.0 small-vehicle 1
196.0 2559.0 218.0 2559.0 218.0 2569.0 196.0 2569.0 small-vehicle 1
240.0 2619.0 263.0 2619.0 263.0 2628.0 240.0 2628.0 small-vehicle 1
245.0 2571.0 266.0 2571.0 266.0 2580.0 245.0 2580.0 small-vehicle 1
247.0 2552.0 267.0 2552.0 267.0 2561.0 247.0 2561.0 small-vehicle 1
251.0 2411.0 269.0 2411.0 269.0 2419.0 251.0 2419.0 small-vehicle 1
247.0 2544.0 266.0 2544.0 266.0 2553.0 247.0 2553.0 small-vehicle 1
246.0 2521.0 267.0 2521.0 267.0 2532.0 246.0 2532.0 small-vehicle 1
246.0 2513.0 268.0 2513.0 268.0 2523.0 246.0 2523.0 small-vehicle 1
250.0 2475.0 273.0 2475.0 273.0 2484.0 250.0 2484.0 small-vehicle 1
250.0 2466.0 271.0 2466.0 271.0 2473.0 250.0 2473.0 small-vehicle 1
249.0 2457.0 270.0 2457.0 270.0 2464.0 249.0 2464.0 small-vehicle 1
242.0 2657.0 261.0 2657.0 261.0 2664.0 242.0 2664.0 small-vehicle 0
242.0 2668.0 267.0 2668.0 267.0 2677.0 242.0 2677.0 small-vehicle 0
242.0 2679.0 265.0 2679.0 265.0 2686.0 242.0 2686.0 small-vehicle 0
184.0 2899.0 206.0 2899.0 206.0 2910.0 184.0 2910.0 small-vehicle 0
491.0 2999.0 503.0 2999.0 503.0 3023.0 491.0 3023.0 small-vehicle 0
495.0 2966.0 510.0 2966.0 510.0 2992.0 495.0 2992.0 small-vehicle 0
589.0 3009.0 602.0 3009.0 602.0 3031.0 589.0 3031.0 small-vehicle 0
596.0 3059.0 620.0 3059.0 620.0 3084.0 596.0 3084.0 small-vehicle 0
472.0 3046.0 485.0 3046.0 485.0 3065.0 472.0 3065.0 small-vehicle 0
334.0 2943.0 342.0 2943.0 342.0 2961.0 334.0 2961.0 small-vehicle 0
122.0 2877.0 141.0 2877.0 141.0 2887.0 122.0 2887.0 small-vehicle 0
88.0 2752.0 96.0 2752.0 96.0 2770.0 88.0 2770.0 small-vehicle 1
52.0 2874.0 74.0 2874.0 74.0 2883.0 52.0 2883.0 small-vehicle 0
167.0 2822.0 189.0 2822.0 189.0 2830.0 167.0 2830.0 small-vehicle 0
187.0 2871.0 205.0 2871.0 205.0 2879.0 187.0 2879.0 small-vehicle 0
186.0 2862.0 204.0 2862.0 204.0 2870.0 186.0 2870.0 small-vehicle 0
168.0 2832.0 187.0 2832.0 187.0 2841.0 168.0 2841.0 small-vehicle 0
166.0 2870.0 185.0 2870.0 185.0 2879.0 166.0 2879.0 small-vehicle 0
50.0 2751.0 58.0 2751.0 58.0 2772.0 50.0 2772.0 small-vehicle 1
97.0 2751.0 105.0 2751.0 105.0 2770.0 97.0 2770.0 small-vehicle 1
118.0 2887.0 136.0 2887.0 136.0 2896.0 118.0 2896.0 small-vehicle 0
237.0 2833.0 255.0 2833.0 255.0 2841.0 237.0 2841.0 small-vehicle 1
120.0 2809.0 140.0 2809.0 140.0 2819.0 120.0 2819.0 small-vehicle 1
190.0 2814.0 206.0 2814.0 206.0 2823.0 190.0 2823.0 small-vehicle 1
171.0 2812.0 189.0 2812.0 189.0 2822.0 171.0 2822.0 small-vehicle 1
231.0 2863.0 254.0 2863.0 254.0 2874.0 231.0 2874.0 small-vehicle 1
235.0 2855.0 254.0 2855.0 254.0 2863.0 235.0 2863.0 small-vehicle 1
235.0 2844.0 257.0 2844.0 257.0 2853.0 235.0 2853.0 small-vehicle 1
233.0 2825.0 256.0 2825.0 256.0 2834.0 233.0 2834.0 small-vehicle 1
115.0 2755.0 124.0 2755.0 124.0 2772.0 115.0 2772.0 small-vehicle 1
236.0 2815.0 256.0 2815.0 256.0 2824.0 236.0 2824.0 small-vehicle 1
237.0 2788.0 258.0 2788.0 258.0 2797.0 237.0 2797.0 small-vehicle 1
239.0 2769.0 256.0 2769.0 256.0 2776.0 239.0 2776.0 small-vehicle 1
183.0 2757.0 190.0 2757.0 190.0 2775.0 183.0 2775.0 small-vehicle 1
134.0 2753.0 143.0 2753.0 143.0 2773.0 134.0 2773.0 small-vehicle 1
126.0 2755.0 134.0 2755.0 134.0 2773.0 126.0 2773.0 small-vehicle 1
99.0 2887.0 115.0 2887.0 115.0 2893.0 99.0 2893.0 small-vehicle 0
124.0 2869.0 144.0 2869.0 144.0 2877.0 124.0 2877.0 small-vehicle 0
393.0 2761.0 401.0 2761.0 401.0 2781.0 393.0 2781.0 small-vehicle 0
379.0 2814.0 387.0 2814.0 387.0 2834.0 379.0 2834.0 small-vehicle 0
70.0 2751.0 79.0 2751.0 79.0 2771.0 70.0 2771.0 small-vehicle 0
61.0 2752.0 68.0 2752.0 68.0 2772.0 61.0 2772.0 small-vehicle 0
444.0 2816.0 453.0 2816.0 453.0 2835.0 444.0 2835.0 small-vehicle 0
432.0 2816.0 442.0 2816.0 442.0 2833.0 432.0 2833.0 small-vehicle 0
420.0 2815.0 431.0 2815.0 431.0 2833.0 420.0 2833.0 small-vehicle 0
390.0 2815.0 399.0 2815.0 399.0 2833.0 390.0 2833.0 small-vehicle 0
594.0 2881.0 607.0 2881.0 607.0 2907.0 594.0 2907.0 small-vehicle 0
106.0 2752.0 115.0 2752.0 115.0 2770.0 106.0 2770.0 small-vehicle 0
503.0 2910.0 510.0 2910.0 510.0 2931.0 503.0 2931.0 small-vehicle 0
494.0 2871.0 509.0 2871.0 509.0 2898.0 494.0 2898.0 small-vehicle 0
502.0 2826.0 528.0 2826.0 528.0 2851.0 502.0 2851.0 small-vehicle 0
472.0 2822.0 484.0 2822.0 484.0 2846.0 472.0 2846.0 small-vehicle 0
433.0 2760.0 442.0 2760.0 442.0 2781.0 433.0 2781.0 small-vehicle 0
402.0 2759.0 411.0 2759.0 411.0 2781.0 402.0 2781.0 small-vehicle 0
80.0 2750.0 88.0 2750.0 88.0 2770.0 80.0 2770.0 small-vehicle 0
145.0 2755.0 153.0 2755.0 153.0 2773.0 145.0 2773.0 small-vehicle 0
56.0 2886.0 75.0 2886.0 75.0 2893.0 56.0 2893.0 small-vehicle 0
125.0 2839.0 142.0 2839.0 142.0 2847.0 125.0 2847.0 small-vehicle 0
56.0 2866.0 74.0 2866.0 74.0 2873.0 56.0 2873.0 small-vehicle 0
39.0 2837.0 56.0 2837.0 56.0 2846.0 39.0 2846.0 small-vehicle 0
53.0 2829.0 73.0 2829.0 73.0 2837.0 53.0 2837.0 small-vehicle 0
57.0 2818.0 75.0 2818.0 75.0 2827.0 57.0 2827.0 small-vehicle 0
107.0 2839.0 123.0 2839.0 123.0 2847.0 107.0 2847.0 small-vehicle 0
125.0 2851.0 141.0 2851.0 141.0 2857.0 125.0 2857.0 small-vehicle 0
124.0 2821.0 140.0 2821.0 140.0 2830.0 124.0 2830.0 small-vehicle 0
154.0 2754.0 163.0 2754.0 163.0 2773.0 154.0 2773.0 small-vehicle 0
102.0 2809.0 120.0 2809.0 120.0 2818.0 102.0 2818.0 small-vehicle 0
239.0 2806.0 256.0 2806.0 256.0 2813.0 239.0 2813.0 small-vehicle 0
239.0 2798.0 256.0 2798.0 256.0 2807.0 239.0 2807.0 small-vehicle 0
237.0 2777.0 260.0 2777.0 260.0 2787.0 237.0 2787.0 small-vehicle 0
173.0 2752.0 181.0 2752.0 181.0 2773.0 173.0 2773.0 small-vehicle 0
164.0 2751.0 172.0 2751.0 172.0 2771.0 164.0 2771.0 small-vehicle 0
51.0 2354.0 74.0 2354.0 74.0 2363.0 51.0 2363.0 small-vehicle 1
55.0 2307.0 77.0 2307.0 77.0 2318.0 55.0 2318.0 small-vehicle 1
237.0 1881.0 254.0 1881.0 254.0 1902.0 237.0 1902.0 small-vehicle 0
118.0 2311.0 140.0 2311.0 140.0 2320.0 118.0 2320.0 small-vehicle 1
79.0 2224.0 97.0 2224.0 97.0 2232.0 79.0 2232.0 small-vehicle 0
427.0 2345.0 446.0 2345.0 446.0 2353.0 427.0 2353.0 small-vehicle 0
428.0 2335.0 447.0 2335.0 447.0 2343.0 428.0 2343.0 small-vehicle 0
442.0 2319.0 460.0 2319.0 460.0 2327.0 442.0 2327.0 small-vehicle 0
428.0 2264.0 450.0 2264.0 450.0 2279.0 428.0 2279.0 small-vehicle 0
430.0 2239.0 450.0 2239.0 450.0 2248.0 430.0 2248.0 small-vehicle 0
2.0 1920.0 22.0 1920.0 22.0 1935.0 2.0 1935.0 small-vehicle 0
5.0 1909.0 25.0 1909.0 25.0 1922.0 5.0 1922.0 small-vehicle 0
14.0 1891.0 35.0 1891.0 35.0 1907.0 14.0 1907.0 small-vehicle 0
21.0 1880.0 42.0 1880.0 42.0 1895.0 21.0 1895.0 small-vehicle 0
32.0 1864.0 52.0 1864.0 52.0 1878.0 32.0 1878.0 small-vehicle 0
36.0 1854.0 57.0 1854.0 57.0 1870.0 36.0 1870.0 small-vehicle 0
44.0 1845.0 61.0 1845.0 61.0 1856.0 44.0 1856.0 small-vehicle 0
650.0 2053.0 673.0 2053.0 673.0 2073.0 650.0 2073.0 small-vehicle 0
655.0 2041.0 675.0 2041.0 675.0 2061.0 655.0 2061.0 small-vehicle 0
81.0 2235.0 98.0 2235.0 98.0 2243.0 81.0 2243.0 small-vehicle 0
77.0 2244.0 98.0 2244.0 98.0 2252.0 77.0 2252.0 small-vehicle 0
77.0 2271.0 94.0 2271.0 94.0 2279.0 77.0 2279.0 small-vehicle 0
259.0 2262.0 275.0 2262.0 275.0 2269.0 259.0 2269.0 small-vehicle 0
192.0 2276.0 212.0 2276.0 212.0 2284.0 192.0 2284.0 small-vehicle 0
209.0 2287.0 228.0 2287.0 228.0 2295.0 209.0 2295.0 small-vehicle 0
211.0 2269.0 228.0 2269.0 228.0 2276.0 211.0 2276.0 small-vehicle 0
209.0 2240.0 227.0 2240.0 227.0 2248.0 209.0 2248.0 small-vehicle 0
214.0 2231.0 230.0 2231.0 230.0 2238.0 214.0 2238.0 small-vehicle 0
257.0 2251.0 276.0 2251.0 276.0 2259.0 257.0 2259.0 small-vehicle 0
259.0 2233.0 278.0 2233.0 278.0 2241.0 259.0 2241.0 small-vehicle 0
73.0 2327.0 95.0 2327.0 95.0 2337.0 73.0 2337.0 small-vehicle 0
259.0 2214.0 277.0 2214.0 277.0 2220.0 259.0 2220.0 small-vehicle 0
211.0 2202.0 232.0 2202.0 232.0 2210.0 211.0 2210.0 small-vehicle 0
121.0 2216.0 145.0 2216.0 145.0 2226.0 121.0 2226.0 small-vehicle 0
145.0 2239.0 163.0 2239.0 163.0 2246.0 145.0 2246.0 small-vehicle 0
141.0 2322.0 163.0 2322.0 163.0 2330.0 141.0 2330.0 small-vehicle 0
138.0 2341.0 157.0 2341.0 157.0 2348.0 138.0 2348.0 small-vehicle 0
654.0 2026.0 677.0 2026.0 677.0 2048.0 654.0 2048.0 small-vehicle 0
657.0 2013.0 678.0 2013.0 678.0 2032.0 657.0 2032.0 small-vehicle 0
658.0 1916.0 680.0 1916.0 680.0 1934.0 658.0 1934.0 small-vehicle 0
1030.0 1617.0 1300.0 1617.0 1300.0 1875.0 1030.0 1875.0 plane 0
1214.0 3380.0 1412.0 3380.0 1412.0 3561.0 1214.0 3561.0 plane 0
1215.0 3162.0 1412.0 3162.0 1412.0 3350.0 1215.0 3350.0 plane 0
1225.0 2954.0 1423.0 2954.0 1423.0 3150.0 1225.0 3150.0 plane 0
1224.0 2741.0 1430.0 2741.0 1430.0 2930.0 1224.0 2930.0 plane 0
1251.0 1976.0 1517.0 1976.0 1517.0 2234.0 1251.0 2234.0 plane 0
1146.0 1797.0 1402.0 1797.0 1402.0 2049.0 1146.0 2049.0 plane 0
736.0 249.0 982.0 249.0 982.0 495.0 736.0 495.0 plane 0
1135.0 5152.0 1345.0 5152.0 1345.0 5347.0 1135.0 5347.0 plane 0
846.0 431.0 1096.0 431.0 1096.0 678.0 846.0 678.0 plane 0
962.0 598.0 1212.0 598.0 1212.0 857.0 962.0 857.0 plane 0
1070.0 788.0 1325.0 788.0 1325.0 1035.0 1070.0 1035.0 plane 0
1289.0 1147.0 1549.0 1147.0 1549.0 1396.0 1289.0 1396.0 plane 0
600.0 905.0 851.0 905.0 851.0 1151.0 600.0 1151.0 plane 0
485.0 723.0 746.0 723.0 746.0 975.0 485.0 975.0 plane 0
1178.0 3896.0 1384.0 3896.0 1384.0 4084.0 1178.0 4084.0 plane 0
191.0 1562.0 244.0 1562.0 244.0 1605.0 191.0 1605.0 storage-tank 0
652.0 1879.0 683.0 1879.0 683.0 1901.0 652.0 1901.0 small-vehicle 0
209.0 362.0 231.0 362.0 231.0 386.0 209.0 386.0 small-vehicle 0
773.0 2281.0 793.0 2281.0 793.0 2295.0 773.0 2295.0 small-vehicle 0
1320.0 2183.0 1342.0 2183.0 1342.0 2208.0 1320.0 2208.0 small-vehicle 0
1308.0 2190.0 1328.0 2190.0 1328.0 2217.0 1308.0 2217.0 small-vehicle 0
1019.0 1684.0 1031.0 1684.0 1031.0 1698.0 1019.0 1698.0 small-vehicle 1
259.0 444.0 273.0 444.0 273.0 466.0 259.0 466.0 small-vehicle 0
99.0 172.0 118.0 172.0 118.0 188.0 99.0 188.0 small-vehicle 1
2.0 268.0 24.0 268.0 24.0 288.0 2.0 288.0 small-vehicle 0
293.0 1749.0 330.0 1749.0 330.0 1789.0 293.0 1789.0 storage-tank 0
89.0 154.0 108.0 154.0 108.0 173.0 89.0 173.0 small-vehicle 0
75.0 139.0 93.0 139.0 93.0 156.0 75.0 156.0 small-vehicle 0
57.0 121.0 77.0 121.0 77.0 140.0 57.0 140.0 small-vehicle 0
55.0 111.0 72.0 111.0 72.0 128.0 55.0 128.0 small-vehicle 0
21.0 70.0 39.0 70.0 39.0 87.0 21.0 87.0 small-vehicle 0
14.0 60.0 33.0 60.0 33.0 78.0 14.0 78.0 small-vehicle 0
190.0 2247.0 210.0 2247.0 210.0 2257.0 190.0 2257.0 small-vehicle 0
193.0 2229.0 208.0 2229.0 208.0 2236.0 193.0 2236.0 small-vehicle 1
128.0 2247.0 144.0 2247.0 144.0 2255.0 128.0 2255.0 small-vehicle 0
201.0 2511.0 217.0 2511.0 217.0 2519.0 201.0 2519.0 small-vehicle 0
252.0 2448.0 270.0 2448.0 270.0 2457.0 252.0 2457.0 small-vehicle 0
248.0 2504.0 267.0 2504.0 267.0 2511.0 248.0 2511.0 small-vehicle 0
249.0 2494.0 269.0 2494.0 269.0 2502.0 249.0 2502.0 small-vehicle 0
247.0 2484.0 269.0 2484.0 269.0 2493.0 247.0 2493.0 small-vehicle 0
246.0 2532.0 269.0 2532.0 269.0 2541.0 246.0 2541.0 small-vehicle 0
180.0 2521.0 198.0 2521.0 198.0 2528.0 180.0 2528.0 small-vehicle 0
199.0 2491.0 220.0 2491.0 220.0 2500.0 199.0 2500.0 small-vehicle 0
246.0 2438.0 270.0 2438.0 270.0 2448.0 246.0 2448.0 small-vehicle 0
183.0 2462.0 201.0 2462.0 201.0 2471.0 183.0 2471.0 small-vehicle 0
181.0 2473.0 203.0 2473.0 203.0 2482.0 181.0 2482.0 small-vehicle 0
183.0 2454.0 200.0 2454.0 200.0 2461.0 183.0 2461.0 small-vehicle 0
183.0 2445.0 200.0 2445.0 200.0 2453.0 183.0 2453.0 small-vehicle 0
117.0 2509.0 135.0 2509.0 135.0 2516.0 117.0 2516.0 small-vehicle 0
116.0 2499.0 134.0 2499.0 134.0 2507.0 116.0 2507.0 small-vehicle 0
245.0 2428.0 270.0 2428.0 270.0 2436.0 245.0 2436.0 small-vehicle 0
189.0 2199.0 208.0 2199.0 208.0 2208.0 189.0 2208.0 small-vehicle 1
134.0 2499.0 153.0 2499.0 153.0 2506.0 134.0 2506.0 small-vehicle 0
119.0 2262.0 141.0 2262.0 141.0 2273.0 119.0 2273.0 small-vehicle 1
119.0 2301.0 138.0 2301.0 138.0 2311.0 119.0 2311.0 small-vehicle 1
206.0 2305.0 226.0 2305.0 226.0 2316.0 206.0 2316.0 small-vehicle 1
254.0 2342.0 271.0 2342.0 271.0 2355.0 254.0 2355.0 small-vehicle 1
252.0 2334.0 272.0 2334.0 272.0 2342.0 252.0 2342.0 small-vehicle 1
191.0 2264.0 209.0 2264.0 209.0 2275.0 191.0 2275.0 small-vehicle 1
143.0 2275.0 158.0 2275.0 158.0 2282.0 143.0 2282.0 small-vehicle 1
79.0 2264.0 97.0 2264.0 97.0 2270.0 79.0 2270.0 small-vehicle 1
189.0 2209.0 210.0 2209.0 210.0 2218.0 189.0 2218.0 small-vehicle 1
78.0 2253.0 98.0 2253.0 98.0 2260.0 78.0 2260.0 small-vehicle 1
56.0 2254.0 77.0 2254.0 77.0 2263.0 56.0 2263.0 small-vehicle 1
190.0 2238.0 208.0 2238.0 208.0 2245.0 190.0 2245.0 small-vehicle 1
257.0 2222.0 278.0 2222.0 278.0 2230.0 257.0 2230.0 small-vehicle 1
185.0 2219.0 209.0 2219.0 209.0 2228.0 185.0 2228.0 small-vehicle 1
210.0 2217.0 229.0 2217.0 229.0 2231.0 210.0 2231.0 small-vehicle 1
135.0 2511.0 152.0 2511.0 152.0 2518.0 135.0 2518.0 small-vehicle 0
134.0 2490.0 157.0 2490.0 157.0 2499.0 134.0 2499.0 small-vehicle 0
145.0 2247.0 160.0 2247.0 160.0 2255.0 145.0 2255.0 small-vehicle 0
251.0 2363.0 273.0 2363.0 273.0 2373.0 251.0 2373.0 small-vehicle 0
54.0 2365.0 74.0 2365.0 74.0 2373.0 54.0 2373.0 small-vehicle 0
248.0 2419.0 270.0 2419.0 270.0 2428.0 248.0 2428.0 small-vehicle 0
253.0 2402.0 270.0 2402.0 270.0 2409.0 253.0 2409.0 small-vehicle 0
206.0 2408.0 225.0 2408.0 225.0 2416.0 206.0 2416.0 small-vehicle 0
206.0 2391.0 223.0 2391.0 223.0 2397.0 206.0 2397.0 small-vehicle 0
205.0 2381.0 223.0 2381.0 223.0 2388.0 205.0 2388.0 small-vehicle 0
187.0 2342.0 205.0 2342.0 205.0 2349.0 187.0 2349.0 small-vehicle 0
137.0 2395.0 154.0 2395.0 154.0 2405.0 137.0 2405.0 small-vehicle 0
208.0 2333.0 224.0 2333.0 224.0 2343.0 208.0 2343.0 small-vehicle 0
184.0 2321.0 203.0 2321.0 203.0 2332.0 184.0 2332.0 small-vehicle 0
122.0 2275.0 140.0 2275.0 140.0 2281.0 122.0 2281.0 small-vehicle 0
145.0 2265.0 162.0 2265.0 162.0 2274.0 145.0 2274.0 small-vehicle 0
124.0 2256.0 143.0 2256.0 143.0 2263.0 124.0 2263.0 small-vehicle 0
125.0 2237.0 143.0 2237.0 143.0 2245.0 125.0 2245.0 small-vehicle 0
50.0 2393.0 70.0 2393.0 70.0 2402.0 50.0 2402.0 small-vehicle 0
186.0 2408.0 205.0 2408.0 205.0 2416.0 186.0 2416.0 small-vehicle 0
135.0 2481.0 152.0 2481.0 152.0 2488.0 135.0 2488.0 small-vehicle 0
137.0 2435.0 160.0 2435.0 160.0 2442.0 137.0 2442.0 small-vehicle 0
49.0 2507.0 67.0 2507.0 67.0 2514.0 49.0 2514.0 small-vehicle 0
136.0 2462.0 154.0 2462.0 154.0 2471.0 136.0 2471.0 small-vehicle 0
117.0 2471.0 135.0 2471.0 135.0 2480.0 117.0 2480.0 small-vehicle 0
118.0 2460.0 135.0 2460.0 135.0 2469.0 118.0 2469.0 small-vehicle 0
70.0 2437.0 94.0 2437.0 94.0 2447.0 70.0 2447.0 small-vehicle 0
137.0 2441.0 155.0 2441.0 155.0 2450.0 137.0 2450.0 small-vehicle 0
137.0 2425.0 156.0 2425.0 156.0 2433.0 137.0 2433.0 small-vehicle 0
183.0 2426.0 199.0 2426.0 199.0 2432.0 183.0 2432.0 small-vehicle 0
115.0 2432.0 135.0 2432.0 135.0 2440.0 115.0 2440.0 small-vehicle 0
118.0 2423.0 134.0 2423.0 134.0 2431.0 118.0 2431.0 small-vehicle 0
138.0 2417.0 157.0 2417.0 157.0 2425.0 138.0 2425.0 small-vehicle 0
184.0 2435.0 203.0 2435.0 203.0 2444.0 184.0 2444.0 small-vehicle 0
201.0 2428.0 221.0 2428.0 221.0 2436.0 201.0 2436.0 small-vehicle 0
203.0 2417.0 222.0 2417.0 222.0 2426.0 203.0 2426.0 small-vehicle 0
101.0 2819.0 118.0 2819.0 118.0 2828.0 101.0 2828.0 small-vehicle 1
38.0 2807.0 56.0 2807.0 56.0 2819.0 38.0 2819.0 small-vehicle 1
57.0 2807.0 74.0 2807.0 74.0 2817.0 57.0 2817.0 small-vehicle 1
33.0 2815.0 57.0 2815.0 57.0 2828.0 33.0 2828.0 small-vehicle 1
21.0 4184.0 30.0 4184.0 30.0 4202.0 21.0 4202.0 small-vehicle 0
101.0 4096.0 116.0 4096.0 116.0 4120.0 101.0 4120.0 small-vehicle 0
309.0 4114.0 320.0 4114.0 320.0 4135.0 309.0 4135.0 small-vehicle 0
271.0 4048.0 288.0 4048.0 288.0 4069.0 271.0 4069.0 small-vehicle 0
306.0 4049.0 324.0 4049.0 324.0 4072.0 306.0 4072.0 small-vehicle 0
294.0 4049.0 313.0 4049.0 313.0 4072.0 294.0 4072.0 small-vehicle 0
283.0 4046.0 301.0 4046.0 301.0 4070.0 283.0 4070.0 small-vehicle 0
514.0 3945.0 533.0 3945.0 533.0 3972.0 514.0 3972.0 small-vehicle 0
492.0 3948.0 510.0 3948.0 510.0 3972.0 492.0 3972.0 small-vehicle 0
470.0 3948.0 488.0 3948.0 488.0 3971.0 470.0 3971.0 small-vehicle 0
462.0 3949.0 476.0 3949.0 476.0 3968.0 462.0 3968.0 small-vehicle 0
296.0 3987.0 315.0 3987.0 315.0 3997.0 296.0 3997.0 small-vehicle 0
275.0 3957.0 289.0 3957.0 289.0 3978.0 275.0 3978.0 small-vehicle 0
297.0 3915.0 312.0 3915.0 312.0 3937.0 297.0 3937.0 small-vehicle 0
314.0 3861.0 339.0 3861.0 339.0 3868.0 314.0 3868.0 small-vehicle 0
33.0 4184.0 42.0 4184.0 42.0 4203.0 33.0 4203.0 small-vehicle 0
52.0 4180.0 63.0 4180.0 63.0 4203.0 52.0 4203.0 small-vehicle 0
64.0 4188.0 73.0 4188.0 73.0 4205.0 64.0 4205.0 small-vehicle 0
261.0 4576.0 281.0 4576.0 281.0 4585.0 261.0 4585.0 small-vehicle 1
309.0 4783.0 331.0 4783.0 331.0 4792.0 309.0 4792.0 small-vehicle 0
241.0 4565.0 260.0 4565.0 260.0 4574.0 241.0 4574.0 small-vehicle 0
264.0 4565.0 282.0 4565.0 282.0 4574.0 264.0 4574.0 small-vehicle 0
261.0 4545.0 281.0 4545.0 281.0 4552.0 261.0 4552.0 small-vehicle 0
259.0 4516.0 278.0 4516.0 278.0 4527.0 259.0 4527.0 small-vehicle 0
242.0 4575.0 260.0 4575.0 260.0 4584.0 242.0 4584.0 small-vehicle 1
261.0 4555.0 281.0 4555.0 281.0 4562.0 261.0 4562.0 small-vehicle 1
75.0 4186.0 83.0 4186.0 83.0 4204.0 75.0 4204.0 small-vehicle 0
242.0 4535.0 261.0 4535.0 261.0 4543.0 242.0 4543.0 small-vehicle 1
262.0 4533.0 282.0 4533.0 282.0 4545.0 262.0 4545.0 small-vehicle 1
241.0 4523.0 262.0 4523.0 262.0 4533.0 241.0 4533.0 small-vehicle 1
1.0 4180.0 9.0 4180.0 9.0 4198.0 1.0 4198.0 small-vehicle 1
131.0 4291.0 140.0 4291.0 140.0 4311.0 131.0 4311.0 small-vehicle 0
116.0 4244.0 125.0 4244.0 125.0 4265.0 116.0 4265.0 small-vehicle 0
287.0 3892.0 304.0 3892.0 304.0 3912.0 287.0 3912.0 small-vehicle 0
275.0 3892.0 291.0 3892.0 291.0 3911.0 275.0 3911.0 small-vehicle 0
264.0 3894.0 280.0 3894.0 280.0 3911.0 264.0 3911.0 small-vehicle 0
64.0 3854.0 73.0 3854.0 73.0 3874.0 64.0 3874.0 small-vehicle 1
305.0 4007.0 320.0 4007.0 320.0 4029.0 305.0 4029.0 small-vehicle 1
258.0 4003.0 277.0 4003.0 277.0 4024.0 258.0 4024.0 small-vehicle 1
272.0 4004.0 289.0 4004.0 289.0 4024.0 272.0 4024.0 small-vehicle 1
18.0 3853.0 26.0 3853.0 26.0 3871.0 18.0 3871.0 small-vehicle 1
26.0 3853.0 35.0 3853.0 35.0 3872.0 26.0 3872.0 small-vehicle 1
36.0 3855.0 43.0 3855.0 43.0 3874.0 36.0 3874.0 small-vehicle 1
91.0 3852.0 102.0 3852.0 102.0 3874.0 91.0 3874.0 small-vehicle 1
7.0 3787.0 14.0 3787.0 14.0 3805.0 7.0 3805.0 small-vehicle 0
101.0 3854.0 109.0 3854.0 109.0 3873.0 101.0 3873.0 small-vehicle 1
130.0 3856.0 139.0 3856.0 139.0 3876.0 130.0 3876.0 small-vehicle 1
141.0 3856.0 149.0 3856.0 149.0 3877.0 141.0 3877.0 small-vehicle 1
157.0 3858.0 166.0 3858.0 166.0 3877.0 157.0 3877.0 small-vehicle 1
167.0 3857.0 177.0 3857.0 177.0 3877.0 167.0 3877.0 small-vehicle 1
179.0 3859.0 187.0 3859.0 187.0 3875.0 179.0 3875.0 small-vehicle 1
293.0 4006.0 311.0 4006.0 311.0 4026.0 293.0 4026.0 small-vehicle 0
17.0 3786.0 25.0 3786.0 25.0 3806.0 17.0 3806.0 small-vehicle 0
121.0 3856.0 129.0 3856.0 129.0 3875.0 121.0 3875.0 small-vehicle 0
88.0 3791.0 97.0 3791.0 97.0 3809.0 88.0 3809.0 small-vehicle 0
111.0 3855.0 119.0 3855.0 119.0 3873.0 111.0 3873.0 small-vehicle 0
125.0 3811.0 134.0 3811.0 134.0 3830.0 125.0 3830.0 small-vehicle 0
126.0 3787.0 133.0 3787.0 133.0 3808.0 126.0 3808.0 small-vehicle 0
117.0 3790.0 125.0 3790.0 125.0 3808.0 117.0 3808.0 small-vehicle 0
108.0 3790.0 116.0 3790.0 116.0 3808.0 108.0 3808.0 small-vehicle 0
99.0 3791.0 107.0 3791.0 107.0 3809.0 99.0 3809.0 small-vehicle 0
71.0 3788.0 79.0 3788.0 79.0 3807.0 71.0 3807.0 small-vehicle 0
5.0 3805.0 13.0 3805.0 13.0 3823.0 5.0 3823.0 small-vehicle 0
60.0 3786.0 69.0 3786.0 69.0 3808.0 60.0 3808.0 small-vehicle 0
56.0 3852.0 64.0 3852.0 64.0 3875.0 56.0 3875.0 small-vehicle 0
46.0 3854.0 53.0 3854.0 53.0 3876.0 46.0 3876.0 small-vehicle 0
8.0 3853.0 17.0 3853.0 17.0 3873.0 8.0 3873.0 small-vehicle 0
25.0 3808.0 35.0 3808.0 35.0 3825.0 25.0 3825.0 small-vehicle 0
15.0 3808.0 23.0 3808.0 23.0 3824.0 15.0 3824.0 small-vehicle 0
265.0 4663.0 284.0 4663.0 284.0 4672.0 265.0 4672.0 small-vehicle 1
314.0 4659.0 333.0 4659.0 333.0 4669.0 314.0 4669.0 small-vehicle 1
221.0 4868.0 240.0 4868.0 240.0 4880.0 221.0 4880.0 small-vehicle 1
166.0 5001.0 189.0 5001.0 189.0 5017.0 166.0 5017.0 small-vehicle 0
228.0 5051.0 245.0 5051.0 245.0 5065.0 228.0 5065.0 small-vehicle 0
225.0 5041.0 245.0 5041.0 245.0 5054.0 225.0 5054.0 small-vehicle 0
219.0 5015.0 240.0 5015.0 240.0 5032.0 219.0 5032.0 small-vehicle 0
145.0 5052.0 168.0 5052.0 168.0 5070.0 145.0 5070.0 small-vehicle 0
160.0 5019.0 180.0 5019.0 180.0 5033.0 160.0 5033.0 small-vehicle 0
165.0 5012.0 186.0 5012.0 186.0 5026.0 165.0 5026.0 small-vehicle 0
240.0 5016.0 260.0 5016.0 260.0 5030.0 240.0 5030.0 small-vehicle 0
190.0 5074.0 205.0 5074.0 205.0 5088.0 190.0 5088.0 small-vehicle 1
245.0 5009.0 265.0 5009.0 265.0 5024.0 245.0 5024.0 small-vehicle 0
226.0 4999.0 246.0 4999.0 246.0 5014.0 226.0 5014.0 small-vehicle 0
233.0 4981.0 253.0 4981.0 253.0 4997.0 233.0 4997.0 small-vehicle 0
182.0 4977.0 203.0 4977.0 203.0 4992.0 182.0 4992.0 small-vehicle 0
248.0 4946.0 269.0 4946.0 269.0 4960.0 248.0 4960.0 small-vehicle 0
268.0 4946.0 290.0 4946.0 290.0 4956.0 268.0 4956.0 small-vehicle 0
201.0 5048.0 223.0 5048.0 223.0 5064.0 201.0 5064.0 small-vehicle 0
186.0 5085.0 205.0 5085.0 205.0 5098.0 186.0 5098.0 small-vehicle 0
251.0 4928.0 269.0 4928.0 269.0 4939.0 251.0 4939.0 small-vehicle 0
331.0 4915.0 351.0 4915.0 351.0 4925.0 331.0 4925.0 small-vehicle 0
15.0 966.0 39.0 966.0 39.0 985.0 15.0 985.0 small-vehicle 0
9.0 956.0 33.0 956.0 33.0 975.0 9.0 975.0 small-vehicle 0
1217.0 3513.0 1227.0 3513.0 1227.0 3540.0 1217.0 3540.0 small-vehicle 0
545.0 5420.0 554.0 5420.0 554.0 5439.0 545.0 5439.0 small-vehicle 0
521.0 5404.0 534.0 5404.0 534.0 5426.0 521.0 5426.0 small-vehicle 0
59.0 5037.0 84.0 5037.0 84.0 5058.0 59.0 5058.0 small-vehicle 0
323.0 4931.0 344.0 4931.0 344.0 4945.0 323.0 4945.0 small-vehicle 0
204.0 5093.0 222.0 5093.0 222.0 5109.0 204.0 5109.0 small-vehicle 0
319.0 4942.0 339.0 4942.0 339.0 4954.0 319.0 4954.0 small-vehicle 0
300.0 5002.0 318.0 5002.0 318.0 5017.0 300.0 5017.0 small-vehicle 0
295.0 5011.0 315.0 5011.0 315.0 5026.0 295.0 5026.0 small-vehicle 0
276.0 5045.0 295.0 5045.0 295.0 5058.0 276.0 5058.0 small-vehicle 0
260.0 5080.0 279.0 5080.0 279.0 5094.0 260.0 5094.0 small-vehicle 0
265.0 5069.0 284.0 5069.0 284.0 5084.0 265.0 5084.0 small-vehicle 0
272.0 4934.0 294.0 4934.0 294.0 4948.0 272.0 4948.0 small-vehicle 0
200.0 4930.0 224.0 4930.0 224.0 4945.0 200.0 4945.0 small-vehicle 0
219.0 4877.0 237.0 4877.0 237.0 4889.0 219.0 4889.0 small-vehicle 1
210.0 5073.0 231.0 5073.0 231.0 5090.0 210.0 5090.0 small-vehicle 1
246.0 4998.0 264.0 4998.0 264.0 5012.0 246.0 5012.0 small-vehicle 1
237.0 5025.0 255.0 5025.0 255.0 5039.0 237.0 5039.0 small-vehicle 1
205.0 5038.0 222.0 5038.0 222.0 5055.0 205.0 5055.0 small-vehicle 1
198.0 5058.0 216.0 5058.0 216.0 5073.0 198.0 5073.0 small-vehicle 1
193.0 5068.0 210.0 5068.0 210.0 5082.0 193.0 5082.0 small-vehicle 1
215.0 5067.0 232.0 5067.0 232.0 5080.0 215.0 5080.0 small-vehicle 1
206.0 5083.0 225.0 5083.0 225.0 5097.0 206.0 5097.0 small-vehicle 1
231.0 4991.0 249.0 4991.0 249.0 5002.0 231.0 5002.0 small-vehicle 1
156.0 5030.0 175.0 5030.0 175.0 5043.0 156.0 5043.0 small-vehicle 1
188.0 4960.0 207.0 4960.0 207.0 4972.0 188.0 4972.0 small-vehicle 1
194.0 4952.0 211.0 4952.0 211.0 4966.0 194.0 4966.0 small-vehicle 1
209.0 4912.0 226.0 4912.0 226.0 4925.0 209.0 4925.0 small-vehicle 1
215.0 4898.0 234.0 4898.0 234.0 4906.0 215.0 4906.0 small-vehicle 1
217.0 4887.0 234.0 4887.0 234.0 4899.0 217.0 4899.0 small-vehicle 1
252.0 4991.0 272.0 4991.0 272.0 5007.0 252.0 5007.0 small-vehicle 1
241.0 4964.0 260.0 4964.0 260.0 4977.0 241.0 4977.0 small-vehicle 1
276.0 4928.0 295.0 4928.0 295.0 4939.0 276.0 4939.0 small-vehicle 0
290.0 4880.0 310.0 4880.0 310.0 4893.0 290.0 4893.0 small-vehicle 0
279.0 4918.0 300.0 4918.0 300.0 4930.0 279.0 4930.0 small-vehicle 0
257.0 4910.0 277.0 4910.0 277.0 4924.0 257.0 4924.0 small-vehicle 0
265.0 4901.0 282.0 4901.0 282.0 4913.0 265.0 4913.0 small-vehicle 0
266.0 4892.0 282.0 4892.0 282.0 4904.0 266.0 4904.0 small-vehicle 0
267.0 4885.0 286.0 4885.0 286.0 4897.0 267.0 4897.0 small-vehicle 0
286.0 4891.0 307.0 4891.0 307.0 4904.0 286.0 4904.0 small-vehicle 0
270.0 4877.0 290.0 4877.0 290.0 4888.0 270.0 4888.0 small-vehicle 0
244.0 4955.0 264.0 4955.0 264.0 4968.0 244.0 4968.0 small-vehicle 1
273.0 4866.0 297.0 4866.0 297.0 4879.0 273.0 4879.0 small-vehicle 0
224.0 4850.0 248.0 4850.0 248.0 4865.0 224.0 4865.0 small-vehicle 0
234.0 4832.0 256.0 4832.0 256.0 4846.0 234.0 4846.0 small-vehicle 0
328.0 4921.0 347.0 4921.0 347.0 4934.0 328.0 4934.0 small-vehicle 1
316.0 4958.0 335.0 4958.0 335.0 4969.0 316.0 4969.0 small-vehicle 1
308.0 4976.0 326.0 4976.0 326.0 4986.0 308.0 4986.0 small-vehicle 1
136.0 3811.0 142.0 3811.0 142.0 3830.0 136.0 3830.0 small-vehicle 1
142.0 3811.0 151.0 3811.0 151.0 3830.0 142.0 3830.0 small-vehicle 1
153.0 3808.0 162.0 3808.0 162.0 3827.0 153.0 3827.0 small-vehicle 1
31.0 3072.0 48.0 3072.0 48.0 3081.0 31.0 3081.0 small-vehicle 0
50.0 3043.0 70.0 3043.0 70.0 3050.0 50.0 3050.0 small-vehicle 1
31.0 3042.0 51.0 3042.0 51.0 3051.0 31.0 3051.0 small-vehicle 1
226.0 3180.0 247.0 3180.0 247.0 3188.0 226.0 3188.0 small-vehicle 0
48.0 3101.0 67.0 3101.0 67.0 3110.0 48.0 3110.0 small-vehicle 0
29.0 3100.0 47.0 3100.0 47.0 3107.0 29.0 3107.0 small-vehicle 0
28.0 3091.0 48.0 3091.0 48.0 3099.0 28.0 3099.0 small-vehicle 0
32.0 3063.0 50.0 3063.0 50.0 3072.0 32.0 3072.0 small-vehicle 0
51.0 3054.0 70.0 3054.0 70.0 3062.0 51.0 3062.0 small-vehicle 1
30.0 3052.0 51.0 3052.0 51.0 3061.0 30.0 3061.0 small-vehicle 0
423.0 3089.0 430.0 3089.0 430.0 3106.0 423.0 3106.0 small-vehicle 0
394.0 3091.0 403.0 3091.0 403.0 3110.0 394.0 3110.0 small-vehicle 0
356.0 3091.0 365.0 3091.0 365.0 3109.0 356.0 3109.0 small-vehicle 0
389.0 3135.0 399.0 3135.0 399.0 3158.0 389.0 3158.0 small-vehicle 1
371.0 3139.0 378.0 3139.0 378.0 3155.0 371.0 3155.0 small-vehicle 1
29.0 3080.0 46.0 3080.0 46.0 3090.0 29.0 3090.0 small-vehicle 1
226.0 3189.0 246.0 3189.0 246.0 3198.0 226.0 3198.0 small-vehicle 1
342.0 3137.0 350.0 3137.0 350.0 3153.0 342.0 3153.0 small-vehicle 1
226.0 3228.0 246.0 3228.0 246.0 3236.0 226.0 3236.0 small-vehicle 0
224.0 3305.0 240.0 3305.0 240.0 3313.0 224.0 3313.0 small-vehicle 0
224.0 3285.0 241.0 3285.0 241.0 3293.0 224.0 3293.0 small-vehicle 0
224.0 3263.0 245.0 3263.0 245.0 3275.0 224.0 3275.0 small-vehicle 0
225.0 3257.0 242.0 3257.0 242.0 3265.0 225.0 3265.0 small-vehicle 0
227.0 3248.0 246.0 3248.0 246.0 3255.0 227.0 3255.0 small-vehicle 0
228.0 3237.0 244.0 3237.0 244.0 3246.0 228.0 3246.0 small-vehicle 0
225.0 3220.0 243.0 3220.0 243.0 3226.0 225.0 3226.0 small-vehicle 0
227.0 3201.0 247.0 3201.0 247.0 3208.0 227.0 3208.0 small-vehicle 1
331.0 3137.0 343.0 3137.0 343.0 3159.0 331.0 3159.0 small-vehicle 0
225.0 3274.0 241.0 3274.0 241.0 3283.0 225.0 3283.0 small-vehicle 1
221.0 3294.0 240.0 3294.0 240.0 3301.0 221.0 3301.0 small-vehicle 1
174.0 3255.0 193.0 3255.0 193.0 3263.0 174.0 3263.0 small-vehicle 1
176.0 3235.0 194.0 3235.0 194.0 3246.0 176.0 3246.0 small-vehicle 1
227.0 3211.0 245.0 3211.0 245.0 3218.0 227.0 3218.0 small-vehicle 1
350.0 3138.0 358.0 3138.0 358.0 3154.0 350.0 3154.0 small-vehicle 1
431.0 3092.0 441.0 3092.0 441.0 3109.0 431.0 3109.0 small-vehicle 1
177.0 3265.0 196.0 3265.0 196.0 3273.0 177.0 3273.0 small-vehicle 0
101.0 2858.0 120.0 2858.0 120.0 2868.0 101.0 2868.0 small-vehicle 1
169.0 2841.0 187.0 2841.0 187.0 2848.0 169.0 2848.0 small-vehicle 1
100.0 2895.0 116.0 2895.0 116.0 2902.0 100.0 2902.0 small-vehicle 1
118.0 2895.0 137.0 2895.0 137.0 2903.0 118.0 2903.0 small-vehicle 1
100.0 2877.0 117.0 2877.0 117.0 2888.0 100.0 2888.0 small-vehicle 1
103.0 2869.0 120.0 2869.0 120.0 2877.0 103.0 2877.0 small-vehicle 1
122.0 2858.0 142.0 2858.0 142.0 2867.0 122.0 2867.0 small-vehicle 1
103.0 2846.0 123.0 2846.0 123.0 2856.0 103.0 2856.0 small-vehicle 1
187.0 2831.0 205.0 2831.0 205.0 2840.0 187.0 2840.0 small-vehicle 1
122.0 2829.0 142.0 2829.0 142.0 2838.0 122.0 2838.0 small-vehicle 1
103.0 2830.0 120.0 2830.0 120.0 2837.0 103.0 2837.0 small-vehicle 1
38.0 2883.0 53.0 2883.0 53.0 2891.0 38.0 2891.0 small-vehicle 1
37.0 2865.0 53.0 2865.0 53.0 2873.0 37.0 2873.0 small-vehicle 1
40.0 2855.0 57.0 2855.0 57.0 2864.0 40.0 2864.0 small-vehicle 1
36.0 2847.0 53.0 2847.0 53.0 2854.0 36.0 2854.0 small-vehicle 1
189.0 2823.0 204.0 2823.0 204.0 2830.0 189.0 2830.0 small-vehicle 1
188.0 2842.0 206.0 2842.0 206.0 2851.0 188.0 2851.0 small-vehicle 1
412.0 3090.0 421.0 3090.0 421.0 3108.0 412.0 3108.0 small-vehicle 1
595.0 2855.0 607.0 2855.0 607.0 2873.0 595.0 2873.0 small-vehicle 1
404.0 3087.0 413.0 3087.0 413.0 3106.0 404.0 3106.0 small-vehicle 1
385.0 3087.0 393.0 3087.0 393.0 3105.0 385.0 3105.0 small-vehicle 1
376.0 3083.0 384.0 3083.0 384.0 3107.0 376.0 3107.0 small-vehicle 1
367.0 3088.0 374.0 3088.0 374.0 3106.0 367.0 3106.0 small-vehicle 1
347.0 3089.0 356.0 3089.0 356.0 3105.0 347.0 3105.0 small-vehicle 1
329.0 3087.0 337.0 3087.0 337.0 3103.0 329.0 3103.0 small-vehicle 1
475.0 2749.0 484.0 2749.0 484.0 2768.0 475.0 2768.0 small-vehicle 1
191.0 2850.0 207.0 2850.0 207.0 2860.0 191.0 2860.0 small-vehicle 1
165.0 2888.0 183.0 2888.0 183.0 2897.0 165.0 2897.0 small-vehicle 1
165.0 2878.0 183.0 2878.0 183.0 2886.0 165.0 2886.0 small-vehicle 1
185.0 2891.0 202.0 2891.0 202.0 2899.0 185.0 2899.0 small-vehicle 1
184.0 2881.0 202.0 2881.0 202.0 2888.0 184.0 2888.0 small-vehicle 1
167.0 2858.0 185.0 2858.0 185.0 2868.0 167.0 2868.0 small-vehicle 1
167.0 2850.0 183.0 2850.0 183.0 2858.0 167.0 2858.0 small-vehicle 1
174.0 3246.0 194.0 3246.0 194.0 3256.0 174.0 3256.0 small-vehicle 0
173.0 3275.0 193.0 3275.0 193.0 3283.0 173.0 3283.0 small-vehicle 0
146.0 3791.0 154.0 3791.0 154.0 3806.0 146.0 3806.0 small-vehicle 1
304.0 3513.0 313.0 3513.0 313.0 3532.0 304.0 3532.0 small-vehicle 1
268.0 3658.0 289.0 3658.0 289.0 3668.0 268.0 3668.0 small-vehicle 1
269.0 3633.0 287.0 3633.0 287.0 3641.0 269.0 3641.0 small-vehicle 1
271.0 3582.0 289.0 3582.0 289.0 3588.0 271.0 3588.0 small-vehicle 1
442.0 3517.0 452.0 3517.0 452.0 3537.0 442.0 3537.0 small-vehicle 1
412.0 3517.0 423.0 3517.0 423.0 3535.0 412.0 3535.0 small-vehicle 1
323.0 3512.0 332.0 3512.0 332.0 3531.0 323.0 3531.0 small-vehicle 1
268.0 3688.0 287.0 3688.0 287.0 3697.0 268.0 3697.0 small-vehicle 0
265.0 3677.0 288.0 3677.0 288.0 3685.0 265.0 3685.0 small-vehicle 1
268.0 3706.0 287.0 3706.0 287.0 3717.0 268.0 3717.0 small-vehicle 0
319.0 3702.0 335.0 3702.0 335.0 3711.0 319.0 3711.0 small-vehicle 0
335.0 3778.0 352.0 3778.0 352.0 3801.0 335.0 3801.0 small-vehicle 0
325.0 3781.0 338.0 3781.0 338.0 3798.0 325.0 3798.0 small-vehicle 0
314.0 3776.0 329.0 3776.0 329.0 3799.0 314.0 3799.0 small-vehicle 0
303.0 3778.0 319.0 3778.0 319.0 3800.0 303.0 3800.0 small-vehicle 0
268.0 3669.0 286.0 3669.0 286.0 3676.0 268.0 3676.0 small-vehicle 1
264.0 3714.0 282.0 3714.0 282.0 3726.0 264.0 3726.0 small-vehicle 1
463.0 3690.0 487.0 3690.0 487.0 3701.0 463.0 3701.0 small-vehicle 0
25.0 3786.0 36.0 3786.0 36.0 3807.0 25.0 3807.0 small-vehicle 1
116.0 3809.0 125.0 3809.0 125.0 3827.0 116.0 3827.0 small-vehicle 1
107.0 3809.0 114.0 3809.0 114.0 3827.0 107.0 3827.0 small-vehicle 1
97.0 3810.0 104.0 3810.0 104.0 3827.0 97.0 3827.0 small-vehicle 1
87.0 3809.0 93.0 3809.0 93.0 3830.0 87.0 3830.0 small-vehicle 1
68.0 3809.0 77.0 3809.0 77.0 3827.0 68.0 3827.0 small-vehicle 1
57.0 3810.0 66.0 3810.0 66.0 3826.0 57.0 3826.0 small-vehicle 1
296.0 3962.0 310.0 3962.0 310.0 3979.0 296.0 3979.0 small-vehicle 1
297.0 3889.0 315.0 3889.0 315.0 3909.0 297.0 3909.0 small-vehicle 1
306.0 3955.0 324.0 3955.0 324.0 3978.0 306.0 3978.0 small-vehicle 1
240.0 3939.0 250.0 3939.0 250.0 3960.0 240.0 3960.0 small-vehicle 1
310.0 3910.0 325.0 3910.0 325.0 3932.0 310.0 3932.0 small-vehicle 1
331.0 3912.0 344.0 3912.0 344.0 3931.0 331.0 3931.0 small-vehicle 1
312.0 3876.0 336.0 3876.0 336.0 3886.0 312.0 3886.0 small-vehicle 1
309.0 3891.0 324.0 3891.0 324.0 3907.0 309.0 3907.0 small-vehicle 1
525.0 3756.0 550.0 3756.0 550.0 3767.0 525.0 3767.0 small-vehicle 0
463.0 3679.0 488.0 3679.0 488.0 3690.0 463.0 3690.0 small-vehicle 0
178.0 3284.0 196.0 3284.0 196.0 3292.0 178.0 3292.0 small-vehicle 0
53.0 3547.0 70.0 3547.0 70.0 3560.0 53.0 3560.0 small-vehicle 0
268.0 3552.0 292.0 3552.0 292.0 3561.0 268.0 3561.0 small-vehicle 0
176.0 3598.0 189.0 3598.0 189.0 3617.0 176.0 3617.0 small-vehicle 0
187.0 3572.0 211.0 3572.0 211.0 3582.0 187.0 3582.0 small-vehicle 0
155.0 3572.0 176.0 3572.0 176.0 3580.0 155.0 3580.0 small-vehicle 0
131.0 3570.0 154.0 3570.0 154.0 3579.0 131.0 3579.0 small-vehicle 0
88.0 3556.0 112.0 3556.0 112.0 3574.0 88.0 3574.0 small-vehicle 0
9.0 3561.0 29.0 3561.0 29.0 3570.0 9.0 3570.0 small-vehicle 0
316.0 3643.0 337.0 3643.0 337.0 3651.0 316.0 3651.0 small-vehicle 0
550.0 3385.0 570.0 3385.0 570.0 3394.0 550.0 3394.0 small-vehicle 0
548.0 3372.0 570.0 3372.0 570.0 3383.0 548.0 3383.0 small-vehicle 0
450.0 3361.0 461.0 3361.0 461.0 3387.0 450.0 3387.0 small-vehicle 1
230.0 3324.0 244.0 3324.0 244.0 3339.0 230.0 3339.0 small-vehicle 1
220.0 3315.0 239.0 3315.0 239.0 3323.0 220.0 3323.0 small-vehicle 1
174.0 3292.0 194.0 3292.0 194.0 3302.0 174.0 3302.0 small-vehicle 0
272.0 3561.0 292.0 3561.0 292.0 3572.0 272.0 3572.0 small-vehicle 0
168.0 3744.0 174.0 3744.0 174.0 3766.0 168.0 3766.0 small-vehicle 0
564.0 3635.0 575.0 3635.0 575.0 3660.0 564.0 3660.0 small-vehicle 0
462.0 3518.0 470.0 3518.0 470.0 3539.0 462.0 3539.0 small-vehicle 0
563.0 3674.0 575.0 3674.0 575.0 3695.0 563.0 3695.0 small-vehicle 0
468.0 3566.0 478.0 3566.0 478.0 3586.0 468.0 3586.0 small-vehicle 0
431.0 3566.0 438.0 3566.0 438.0 3582.0 431.0 3582.0 small-vehicle 0
442.0 3565.0 449.0 3565.0 449.0 3586.0 442.0 3586.0 small-vehicle 0
451.0 3567.0 459.0 3567.0 459.0 3588.0 451.0 3588.0 small-vehicle 0
471.0 3522.0 481.0 3522.0 481.0 3540.0 471.0 3540.0 small-vehicle 0
434.0 3516.0 443.0 3516.0 443.0 3536.0 434.0 3536.0 small-vehicle 0
177.0 3745.0 186.0 3745.0 186.0 3763.0 177.0 3763.0 small-vehicle 0
389.0 3518.0 397.0 3518.0 397.0 3536.0 389.0 3536.0 small-vehicle 0
379.0 3514.0 387.0 3514.0 387.0 3536.0 379.0 3536.0 small-vehicle 0
369.0 3514.0 377.0 3514.0 377.0 3533.0 369.0 3533.0 small-vehicle 0
314.0 3510.0 324.0 3510.0 324.0 3529.0 314.0 3529.0 small-vehicle 0
197.0 3747.0 204.0 3747.0 204.0 3769.0 197.0 3769.0 small-vehicle 0
188.0 3746.0 196.0 3746.0 196.0 3764.0 188.0 3764.0 small-vehicle 0
369.0 545.0 622.0 545.0 622.0 793.0 369.0 793.0 plane 0
