imagesource:GoogleEarth
gsd:0.133342257342
4802.0 542.0 4838.0 542.0 4838.0 573.0 4802.0 573.0 small-vehicle 1
1996.0 2331.0 2183.0 2331.0 2183.0 2489.0 1996.0 2489.0 harbor 0
956.0 4283.0 1057.0 4283.0 1057.0 4389.0 956.0 4389.0 ship 0
968.0 4067.0 1145.0 4067.0 1145.0 4248.0 968.0 4248.0 harbor 0
1000.0 3937.0 1204.0 3937.0 1204.0 4157.0 1000.0 4157.0 harbor 0
1068.0 3800.0 1267.0 3800.0 1267.0 4014.0 1068.0 4014.0 harbor 0
1119.0 3691.0 1312.0 3691.0 1312.0 3883.0 1119.0 3883.0 harbor 0
1220.0 3565.0 1379.0 3565.0 1379.0 3745.0 1220.0 3745.0 harbor 0
1281.0 3452.0 1433.0 3452.0 1433.0 3622.0 1281.0 3622.0 harbor 0
1361.0 3355.0 1507.0 3355.0 1507.0 3511.0 1361.0 3511.0 harbor 0
1440.0 3271.0 1614.0 3271.0 1614.0 3471.0 1440.0 3471.0 harbor 0
1498.0 3185.0 1673.0 3185.0 1673.0 3380.0 1498.0 3380.0 harbor 0
1582.0 3094.0 1784.0 3094.0 1784.0 3315.0 1582.0 3315.0 harbor 0
1787.0 2728.0 2132.0 2728.0 2132.0 3111.0 1787.0 3111.0 harbor 0
1864.0 2649.0 1988.0 2649.0 1988.0 2770.0 1864.0 2770.0 harbor 0
1892.0 2473.0 2081.0 2473.0 2081.0 2675.0 1892.0 2675.0 harbor 0
2280.0 2038.0 2453.0 2038.0 2453.0 2228.0 2280.0 2228.0 harbor 0
4579.0 466.0 4623.0 466.0 4623.0 509.0 4579.0 509.0 small-vehicle 0
2430.0 1880.0 2574.0 1880.0 2574.0 2045.0 2430.0 2045.0 harbor 0
2489.0 1787.0 2687.0 1787.0 2687.0 1998.0 2489.0 1998.0 harbor 0
2540.0 1672.0 2863.0 1672.0 2863.0 2037.0 2540.0 2037.0 harbor 0
2635.0 1615.0 3221.0 1615.0 3221.0 2280.0 2635.0 2280.0 harbor 0
2737.0 1528.0 3315.0 1528.0 3315.0 2162.0 2737.0 2162.0 harbor 0
2865.0 1366.0 3415.0 1366.0 3415.0 1980.0 2865.0 1980.0 harbor 0
3037.0 1203.0 3537.0 1203.0 3537.0 1770.0 3037.0 1770.0 harbor 0
3116.0 1124.0 3259.0 1124.0 3259.0 1280.0 3116.0 1280.0 harbor 0
3204.0 1053.0 3340.0 1053.0 3340.0 1203.0 3204.0 1203.0 harbor 0
3332.0 873.0 3522.0 873.0 3522.0 1076.0 3332.0 1076.0 harbor 0
3523.0 727.0 3690.0 727.0 3690.0 900.0 3523.0 900.0 harbor 0
3813.0 481.0 3930.0 481.0 3930.0 604.0 3813.0 604.0 harbor 0
4369.0 482.0 4406.0 482.0 4406.0 520.0 4369.0 520.0 harbor 0
4488.0 462.0 4744.0 462.0 4744.0 814.0 4488.0 814.0 harbor 1
1018.0 3984.0 1058.0 3984.0 1058.0 4016.0 1018.0 4016.0 ship 0
1160.0 3676.0 1224.0 3676.0 1224.0 3736.0 1160.0 3736.0 ship 0
1100.0 3778.0 1138.0 3778.0 1138.0 3815.0 1100.0 3815.0 ship 0
1050.0 4322.0 1091.0 4322.0 1091.0 4365.0 1050.0 4365.0 ship 0
4708.0 144.0 4748.0 144.0 4748.0 188.0 4708.0 188.0 ship 0
1519.0 4134.0 1553.0 4134.0 1553.0 4169.0 1519.0 4169.0 small-vehicle 0
3915.0 3184.0 3950.0 3184.0 3950.0 3221.0 3915.0 3221.0 small-vehicle 0
4561.0 2576.0 4602.0 2576.0 4602.0 2615.0 4561.0 2615.0 small-vehicle 0
4518.0 2611.0 4560.0 2611.0 4560.0 2654.0 4518.0 2654.0 small-vehicle 0
4110.0 2966.0 4147.0 2966.0 4147.0 3003.0 4110.0 3003.0 small-vehicle 0
4776.0 831.0 4822.0 831.0 4822.0 873.0 4776.0 873.0 ship 0
4671.0 699.0 4721.0 699.0 4721.0 741.0 4671.0 741.0 ship 0
4625.0 641.0 4675.0 641.0 4675.0 687.0 4625.0 687.0 ship 0
4578.0 584.0 4639.0 584.0 4639.0 640.0 4578.0 640.0 ship 0
4537.0 672.0 4579.0 672.0 4579.0 714.0 4537.0 714.0 ship 0
4780.0 518.0 4826.0 518.0 4826.0 560.0 4780.0 560.0 small-vehicle 0
4045.0 1731.0 4088.0 1731.0 4088.0 1766.0 4045.0 1766.0 small-vehicle 0
3944.0 1564.0 3985.0 1564.0 3985.0 1603.0 3944.0 1603.0 small-vehicle 0
4598.0 2036.0 4639.0 2036.0 4639.0 2074.0 4598.0 2074.0 ship 0
4565.0 2075.0 4606.0 2075.0 4606.0 2119.0 4565.0 2119.0 small-vehicle 0
4245.0 2240.0 4285.0 2240.0 4285.0 2283.0 4245.0 2283.0 small-vehicle 0
4539.0 2597.0 4577.0 2597.0 4577.0 2641.0 4539.0 2641.0 small-vehicle 0
2774.0 4189.0 2816.0 4189.0 2816.0 4231.0 2774.0 4231.0 small-vehicle 0
2761.0 4213.0 2794.0 4213.0 2794.0 4248.0 2761.0 4248.0 small-vehicle 0
1996.0 3673.0 2033.0 3673.0 2033.0 3718.0 1996.0 3718.0 ship 0
2043.0 3657.0 2077.0 3657.0 2077.0 3699.0 2043.0 3699.0 small-vehicle 0
2596.0 3266.0 2616.0 3266.0 2616.0 3309.0 2596.0 3309.0 small-vehicle 0
2535.0 3260.0 2562.0 3260.0 2562.0 3302.0 2535.0 3302.0 small-vehicle 0
2714.0 2234.0 2752.0 2234.0 2752.0 2276.0 2714.0 2276.0 small-vehicle 0
3796.0 454.0 3845.0 454.0 3845.0 505.0 3796.0 505.0 ship 0
3644.0 1295.0 3680.0 1295.0 3680.0 1345.0 3644.0 1345.0 small-vehicle 0
3023.0 1230.0 3062.0 1230.0 3062.0 1271.0 3023.0 1271.0 ship 0
2534.0 1766.0 2575.0 1766.0 2575.0 1814.0 2534.0 1814.0 ship 0
4486.0 628.0 4558.0 628.0 4558.0 720.0 4486.0 720.0 harbor 0
