imagesource:GoogleEarth
gsd:0.131813645429
1899.0 811.0 1944.0 811.0 1944.0 852.0 1899.0 852.0 small-vehicle 0
1459.0 1020.0 1528.0 1020.0 1528.0 1091.0 1459.0 1091.0 harbor 0
1343.0 899.0 1430.0 899.0 1430.0 991.0 1343.0 991.0 harbor 0
1588.0 816.0 1656.0 816.0 1656.0 877.0 1588.0 877.0 harbor 0
1509.0 717.0 1589.0 717.0 1589.0 801.0 1509.0 801.0 harbor 0
1471.0 668.0 1538.0 668.0 1538.0 729.0 1471.0 729.0 harbor 0
1414.0 634.0 1473.0 634.0 1473.0 694.0 1414.0 694.0 harbor 0
1261.0 807.0 1350.0 807.0 1350.0 898.0 1261.0 898.0 harbor 0
1162.0 692.0 1237.0 692.0 1237.0 768.0 1162.0 768.0 harbor 0
1321.0 504.0 1394.0 504.0 1394.0 576.0 1321.0 576.0 harbor 0
1254.0 395.0 1297.0 395.0 1297.0 439.0 1254.0 439.0 harbor 0
1069.0 596.0 1139.0 596.0 1139.0 669.0 1069.0 669.0 harbor 0
885.0 424.0 942.0 424.0 942.0 476.0 885.0 476.0 harbor 0
1849.0 2358.0 1899.0 2358.0 1899.0 2409.0 1849.0 2409.0 harbor 0
1871.0 2436.0 1949.0 2436.0 1949.0 2472.0 1871.0 2472.0 harbor 0
1837.0 2467.0 1919.0 2467.0 1919.0 2550.0 1837.0 2550.0 harbor 0
1798.0 2530.0 1860.0 2530.0 1860.0 2596.0 1798.0 2596.0 harbor 0
1709.0 2571.0 1763.0 2571.0 1763.0 2625.0 1709.0 2625.0 harbor 0
1646.0 2493.0 1707.0 2493.0 1707.0 2556.0 1646.0 2556.0 harbor 0
1573.0 2420.0 1654.0 2420.0 1654.0 2502.0 1573.0 2502.0 harbor 0
1534.0 2389.0 1588.0 2389.0 1588.0 2440.0 1534.0 2440.0 harbor 0
1718.0 2250.0 1776.0 2250.0 1776.0 2303.0 1718.0 2303.0 harbor 0
1627.0 2153.0 1708.0 2153.0 1708.0 2234.0 1627.0 2234.0 harbor 0
1676.0 918.0 1736.0 918.0 1736.0 974.0 1676.0 974.0 harbor 0
1649.0 1213.0 1708.0 1213.0 1708.0 1274.0 1649.0 1274.0 harbor 0
1421.0 1312.0 1457.0 1312.0 1457.0 1352.0 1421.0 1352.0 small-vehicle 1
1774.0 1021.0 1872.0 1021.0 1872.0 1117.0 1774.0 1117.0 harbor 0
885.0 2030.0 928.0 2030.0 928.0 2074.0 885.0 2074.0 small-vehicle 0
876.0 2079.0 915.0 2079.0 915.0 2121.0 876.0 2121.0 small-vehicle 0
992.0 2148.0 1028.0 2148.0 1028.0 2187.0 992.0 2187.0 small-vehicle 0
66.0 1818.0 99.0 1818.0 99.0 1861.0 66.0 1861.0 small-vehicle 0
452.0 1738.0 488.0 1738.0 488.0 1782.0 452.0 1782.0 small-vehicle 0
531.0 1668.0 578.0 1668.0 578.0 1714.0 531.0 1714.0 small-vehicle 0
510.0 1658.0 545.0 1658.0 545.0 1695.0 510.0 1695.0 small-vehicle 0
395.0 1584.0 436.0 1584.0 436.0 1626.0 395.0 1626.0 small-vehicle 0
2505.0 1848.0 2558.0 1848.0 2558.0 1884.0 2505.0 1884.0 harbor 0
2354.0 1961.0 2416.0 1961.0 2416.0 2029.0 2354.0 2029.0 harbor 0
2286.0 1915.0 2346.0 1915.0 2346.0 1979.0 2286.0 1979.0 harbor 0
2447.0 1789.0 2493.0 1789.0 2493.0 1841.0 2447.0 1841.0 harbor 0
2255.0 1564.0 2305.0 1564.0 2305.0 1619.0 2255.0 1619.0 harbor 0
2158.0 1449.0 2237.0 1449.0 2237.0 1525.0 2158.0 1525.0 harbor 0
2010.0 1599.0 2088.0 1599.0 2088.0 1674.0 2010.0 1674.0 harbor 0
1921.0 1502.0 2009.0 1502.0 2009.0 1592.0 1921.0 1592.0 harbor 0
1849.0 1438.0 1913.0 1438.0 1913.0 1504.0 1849.0 1504.0 harbor 0
2046.0 1338.0 2094.0 1338.0 2094.0 1385.0 2046.0 1385.0 harbor 0
1982.0 1250.0 2053.0 1250.0 2053.0 1316.0 1982.0 1316.0 harbor 0
1785.0 1352.0 1830.0 1352.0 1830.0 1399.0 1785.0 1399.0 harbor 0
1876.0 1125.0 1936.0 1125.0 1936.0 1187.0 1876.0 1187.0 harbor 0
1413.0 2273.0 1487.0 2273.0 1487.0 2344.0 1413.0 2344.0 harbor 0
1345.0 2194.0 1391.0 2194.0 1391.0 2241.0 1345.0 2241.0 harbor 0
1223.0 2084.0 1285.0 2084.0 1285.0 2148.0 1223.0 2148.0 harbor 0
1183.0 2029.0 1241.0 2029.0 1241.0 2088.0 1183.0 2088.0 harbor 0
2981.0 1116.0 3058.0 1116.0 3058.0 1194.0 2981.0 1194.0 harbor 0
2896.0 1013.0 2965.0 1013.0 2965.0 1079.0 2896.0 1079.0 harbor 0
2734.0 1093.0 2803.0 1093.0 2803.0 1158.0 2734.0 1158.0 harbor 0
2833.0 931.0 2897.0 931.0 2897.0 990.0 2833.0 990.0 harbor 0
2769.0 850.0 2831.0 850.0 2831.0 907.0 2769.0 907.0 harbor 0
2550.0 904.0 2608.0 904.0 2608.0 961.0 2550.0 961.0 harbor 0
2375.0 704.0 2422.0 704.0 2422.0 750.0 2375.0 750.0 harbor 0
2641.0 695.0 2706.0 695.0 2706.0 754.0 2641.0 754.0 harbor 0
2562.0 596.0 2629.0 596.0 2629.0 656.0 2562.0 656.0 harbor 0
2250.0 576.0 2325.0 576.0 2325.0 648.0 2250.0 648.0 harbor 0
2181.0 513.0 2235.0 513.0 2235.0 570.0 2181.0 570.0 harbor 0
2460.0 461.0 2526.0 461.0 2526.0 522.0 2460.0 522.0 harbor 0
2376.0 362.0 2449.0 362.0 2449.0 431.0 2376.0 431.0 harbor 0
2081.0 394.0 2135.0 394.0 2135.0 448.0 2081.0 448.0 harbor 0
1890.0 183.0 1956.0 183.0 1956.0 249.0 1890.0 249.0 harbor 0
1783.0 85.0 1846.0 85.0 1846.0 148.0 1783.0 148.0 harbor 0
2133.0 80.0 2190.0 80.0 2190.0 136.0 2133.0 136.0 harbor 0
557.0 1379.0 600.0 1379.0 600.0 1422.0 557.0 1422.0 harbor 0
461.0 1277.0 518.0 1277.0 518.0 1336.0 461.0 1336.0 harbor 0
372.0 1196.0 425.0 1196.0 425.0 1245.0 372.0 1245.0 harbor 0
277.0 1104.0 323.0 1104.0 323.0 1149.0 277.0 1149.0 harbor 0
2849.0 1219.0 2905.0 1219.0 2905.0 1276.0 2849.0 1276.0 harbor 0
3085.0 1236.0 3141.0 1236.0 3141.0 1287.0 3085.0 1287.0 harbor 0
2915.0 1284.0 2986.0 1284.0 2986.0 1356.0 2915.0 1356.0 harbor 0
752.0 1584.0 814.0 1584.0 814.0 1648.0 752.0 1648.0 harbor 0
1128.0 1993.0 1193.0 1993.0 1193.0 2061.0 1128.0 2061.0 harbor 0
1547.0 2066.0 1623.0 2066.0 1623.0 2141.0 1547.0 2141.0 harbor 0
1458.0 1969.0 1534.0 1969.0 1534.0 2046.0 1458.0 2046.0 harbor 0
1356.0 1863.0 1438.0 1863.0 1438.0 1940.0 1356.0 1940.0 harbor 0
1278.0 1747.0 1353.0 1747.0 1353.0 1824.0 1278.0 1824.0 harbor 0
1029.0 1881.0 1111.0 1881.0 1111.0 1967.0 1029.0 1967.0 harbor 0
909.0 1760.0 999.0 1760.0 999.0 1849.0 909.0 1849.0 harbor 0
1177.0 1643.0 1250.0 1643.0 1250.0 1714.0 1177.0 1714.0 harbor 0
835.0 1674.0 912.0 1674.0 912.0 1753.0 835.0 1753.0 harbor 0
1074.0 1551.0 1148.0 1551.0 1148.0 1621.0 1074.0 1621.0 harbor 0
3121.0 1339.0 3172.0 1339.0 3172.0 1394.0 3121.0 1394.0 harbor 0
963.0 1428.0 1047.0 1428.0 1047.0 1512.0 963.0 1512.0 harbor 0
645.0 1490.0 725.0 1490.0 725.0 1567.0 645.0 1567.0 harbor 0
809.0 1227.0 893.0 1227.0 893.0 1306.0 809.0 1306.0 harbor 0
723.0 1139.0 784.0 1139.0 784.0 1199.0 723.0 1199.0 harbor 0
617.0 1032.0 679.0 1032.0 679.0 1094.0 617.0 1094.0 harbor 0
507.0 914.0 589.0 914.0 589.0 990.0 507.0 990.0 harbor 0
402.0 818.0 492.0 818.0 492.0 903.0 402.0 903.0 harbor 0
788.0 308.0 870.0 308.0 870.0 389.0 788.0 389.0 harbor 0
3078.0 1386.0 3114.0 1386.0 3114.0 1425.0 3078.0 1425.0 harbor 0
1158.0 2348.0 1196.0 2348.0 1196.0 2386.0 1158.0 2386.0 small-vehicle 0
1295.0 2447.0 1341.0 2447.0 1341.0 2493.0 1295.0 2493.0 small-vehicle 0
1307.0 2755.0 1348.0 2755.0 1348.0 2792.0 1307.0 2792.0 small-vehicle 0
1605.0 2438.0 1654.0 2438.0 1654.0 2490.0 1605.0 2490.0 ship 0
2954.0 1324.0 3004.0 1324.0 3004.0 1373.0 2954.0 1373.0 ship 0
2157.0 2418.0 2211.0 2418.0 2211.0 2454.0 2157.0 2454.0 ship 0
2079.0 2317.0 2132.0 2317.0 2132.0 2358.0 2079.0 2358.0 ship 0
2715.0 2108.0 2752.0 2108.0 2752.0 2140.0 2715.0 2140.0 small-vehicle 0
2441.0 1814.0 2482.0 1814.0 2482.0 1853.0 2441.0 1853.0 ship 0
2250.0 1842.0 2300.0 1842.0 2300.0 1874.0 2250.0 1874.0 ship 0
2153.0 1735.0 2214.0 1735.0 2214.0 1797.0 2153.0 1797.0 ship 0
2055.0 1628.0 2108.0 1628.0 2108.0 1677.0 2055.0 1677.0 ship 0
1394.0 1312.0 1431.0 1312.0 1431.0 1345.0 1394.0 1345.0 small-vehicle 0
1375.0 1291.0 1414.0 1291.0 1414.0 1334.0 1375.0 1334.0 small-vehicle 0
1628.0 1199.0 1685.0 1199.0 1685.0 1249.0 1628.0 1249.0 ship 0
1440.0 1008.0 1491.0 1008.0 1491.0 1056.0 1440.0 1056.0 ship 0
1205.0 728.0 1257.0 728.0 1257.0 775.0 1205.0 775.0 ship 0
1099.0 624.0 1164.0 624.0 1164.0 683.0 1099.0 683.0 ship 0
1344.0 1849.0 1401.0 1849.0 1401.0 1898.0 1344.0 1898.0 ship 0
1444.0 1956.0 1499.0 1956.0 1499.0 2007.0 1444.0 2007.0 ship 0
1533.0 2064.0 1576.0 2064.0 1576.0 2104.0 1533.0 2104.0 ship 0
1634.0 2190.0 1670.0 2190.0 1670.0 2220.0 1634.0 2220.0 ship 0
1735.0 2263.0 1789.0 2263.0 1789.0 2313.0 1735.0 2313.0 ship 0
1773.0 2317.0 1814.0 2317.0 1814.0 2362.0 1773.0 2362.0 ship 0
1961.0 2720.0 2003.0 2720.0 2003.0 2770.0 1961.0 2770.0 ship 0
3097.0 1374.0 3137.0 1374.0 3137.0 1419.0 3097.0 1419.0 ship 0
2729.0 1075.0 2775.0 1075.0 2775.0 1117.0 2729.0 1117.0 ship 0
2681.0 1035.0 2736.0 1035.0 2736.0 1085.0 2681.0 1085.0 ship 0
1109.0 283.0 1165.0 283.0 1165.0 341.0 1109.0 341.0 ship 0
3062.0 1222.0 3118.0 1222.0 3118.0 1272.0 3062.0 1272.0 ship 0
3021.0 1166.0 3071.0 1166.0 3071.0 1208.0 3021.0 1208.0 ship 0
2406.0 402.0 2457.0 402.0 2457.0 450.0 2406.0 450.0 ship 0
2653.0 101.0 2701.0 101.0 2701.0 149.0 2653.0 149.0 ship 0
2724.0 178.0 2768.0 178.0 2768.0 225.0 2724.0 225.0 ship 0
2310.0 309.0 2360.0 309.0 2360.0 352.0 2310.0 352.0 ship 0
2212.0 95.0 2246.0 95.0 2246.0 130.0 2212.0 130.0 ship 0
2441.0 120.0 2494.0 120.0 2494.0 163.0 2441.0 163.0 ship 0
2116.0 40.0 2151.0 40.0 2151.0 79.0 2116.0 79.0 ship 0
1748.0 46.0 1790.0 46.0 1790.0 94.0 1748.0 94.0 ship 0
1781.0 1042.0 1832.0 1042.0 1832.0 1088.0 1781.0 1088.0 ship 0
1361.0 546.0 1407.0 546.0 1407.0 589.0 1361.0 589.0 ship 0
1406.0 651.0 1449.0 651.0 1449.0 699.0 1406.0 699.0 ship 0
1490.0 695.0 1543.0 695.0 1543.0 743.0 1490.0 743.0 ship 0
1916.0 534.0 1959.0 534.0 1959.0 581.0 1916.0 581.0 ship 0
2212.0 506.0 2247.0 506.0 2247.0 544.0 2212.0 544.0 ship 0
2300.0 616.0 2347.0 616.0 2347.0 660.0 2300.0 660.0 ship 0
2403.0 726.0 2452.0 726.0 2452.0 774.0 2403.0 774.0 ship 0
1693.0 950.0 1736.0 950.0 1736.0 992.0 1693.0 992.0 ship 0
1719.0 974.0 1770.0 974.0 1770.0 1022.0 1719.0 1022.0 ship 0
1845.0 2651.0 1870.0 2651.0 1870.0 2679.0 1845.0 2679.0 ship 0
1499.0 2347.0 1544.0 2347.0 1544.0 2397.0 1499.0 2397.0 ship 0
1328.0 2709.0 1354.0 2709.0 1354.0 2745.0 1328.0 2745.0 small-vehicle 0
1372.0 2220.0 1421.0 2220.0 1421.0 2268.0 1372.0 2268.0 ship 0
3066.0 358.0 3108.0 358.0 3108.0 396.0 3066.0 396.0 small-vehicle 0
3284.0 936.0 3323.0 936.0 3323.0 976.0 3284.0 976.0 small-vehicle 0
3410.0 1591.0 3448.0 1591.0 3448.0 1630.0 3410.0 1630.0 small-vehicle 0
3311.0 1684.0 3353.0 1684.0 3353.0 1729.0 3311.0 1729.0 small-vehicle 0
3213.0 1782.0 3254.0 1782.0 3254.0 1818.0 3213.0 1818.0 small-vehicle 0
2580.0 1500.0 2625.0 1500.0 2625.0 1547.0 2580.0 1547.0 small-vehicle 0
2565.0 1487.0 2610.0 1487.0 2610.0 1535.0 2565.0 1535.0 small-vehicle 0
2544.0 1465.0 2582.0 1465.0 2582.0 1509.0 2544.0 1509.0 small-vehicle 0
2340.0 1279.0 2381.0 1279.0 2381.0 1322.0 2340.0 1322.0 small-vehicle 0
2280.0 1195.0 2325.0 1195.0 2325.0 1238.0 2280.0 1238.0 small-vehicle 0
2378.0 1105.0 2421.0 1105.0 2421.0 1147.0 2378.0 1147.0 small-vehicle 0
2178.0 1079.0 2217.0 1079.0 2217.0 1124.0 2178.0 1124.0 small-vehicle 0
2138.0 1089.0 2172.0 1089.0 2172.0 1128.0 2138.0 1128.0 small-vehicle 0
2030.0 704.0 2073.0 704.0 2073.0 743.0 2030.0 743.0 small-vehicle 0
987.0 877.0 1025.0 877.0 1025.0 924.0 987.0 924.0 small-vehicle 0
1005.0 889.0 1047.0 889.0 1047.0 933.0 1005.0 933.0 small-vehicle 0
1129.0 1003.0 1167.0 1003.0 1167.0 1039.0 1129.0 1039.0 small-vehicle 0
1078.0 989.0 1119.0 989.0 1119.0 1032.0 1078.0 1032.0 small-vehicle 0
994.0 1092.0 1032.0 1092.0 1032.0 1135.0 994.0 1135.0 small-vehicle 0
1117.0 1225.0 1154.0 1225.0 1154.0 1263.0 1117.0 1263.0 small-vehicle 0
2525.0 2439.0 2568.0 2439.0 2568.0 2484.0 2525.0 2484.0 small-vehicle 0
2971.0 461.0 3012.0 461.0 3012.0 503.0 2971.0 503.0 small-vehicle 0
844.0 348.0 894.0 348.0 894.0 396.0 844.0 396.0 ship 0
583.0 763.0 647.0 763.0 647.0 825.0 583.0 825.0 ship 0
1790.0 2557.0 1846.0 2557.0 1846.0 2608.0 1790.0 2608.0 small-vehicle 0
1266.0 2386.0 1331.0 2386.0 1331.0 2447.0 1266.0 2447.0 ship 0
996.0 2158.0 1052.0 2158.0 1052.0 2216.0 996.0 2216.0 ship 0
1014.0 1859.0 1075.0 1859.0 1075.0 1914.0 1014.0 1914.0 ship 0
994.0 1831.0 1041.0 1831.0 1041.0 1873.0 994.0 1873.0 ship 0
967.0 1799.0 1023.0 1799.0 1023.0 1858.0 967.0 1858.0 ship 0
670.0 1846.0 714.0 1846.0 714.0 1889.0 670.0 1889.0 ship 0
882.0 1715.0 929.0 1715.0 929.0 1761.0 882.0 1761.0 ship 0
2048.0 1955.0 2070.0 1955.0 2070.0 2002.0 2048.0 2002.0 small-vehicle 0
1978.0 1898.0 2017.0 1898.0 2017.0 1960.0 1978.0 1960.0 small-vehicle 0
1207.0 1690.0 1259.0 1690.0 1259.0 1739.0 1207.0 1739.0 small-vehicle 0
549.0 960.0 603.0 960.0 603.0 1011.0 549.0 1011.0 ship 0
784.0 1591.0 836.0 1591.0 836.0 1646.0 784.0 1646.0 small-vehicle 0
86.0 1268.0 123.0 1268.0 123.0 1306.0 86.0 1306.0 small-vehicle 0
419.0 1287.0 459.0 1287.0 459.0 1326.0 419.0 1326.0 ship 0
634.0 1473.0 686.0 1473.0 686.0 1520.0 634.0 1520.0 ship 0
525.0 1382.0 563.0 1382.0 563.0 1418.0 525.0 1418.0 ship 0
482.0 1314.0 563.0 1314.0 563.0 1389.0 482.0 1389.0 ship 0
403.0 1225.0 445.0 1225.0 445.0 1265.0 403.0 1265.0 ship 0
196.0 1021.0 252.0 1021.0 252.0 1072.0 196.0 1072.0 ship 0
415.0 844.0 459.0 844.0 459.0 875.0 415.0 875.0 ship 0
159.0 995.0 232.0 995.0 232.0 1064.0 159.0 1064.0 harbor 0
