imagesource:GoogleEarth
gsd:0.133600641249
2780.0 3167.0 2804.0 3167.0 2804.0 3212.0 2780.0 3212.0 small-vehicle 0
1185.0 3828.0 1229.0 3828.0 1229.0 3873.0 1185.0 3873.0 small-vehicle 0
1899.0 3556.0 1936.0 3556.0 1936.0 3595.0 1899.0 3595.0 small-vehicle 1
1915.0 3571.0 1949.0 3571.0 1949.0 3610.0 1915.0 3610.0 small-vehicle 1
1928.0 3587.0 1964.0 3587.0 1964.0 3626.0 1928.0 3626.0 small-vehicle 0
1972.0 3629.0 2007.0 3629.0 2007.0 3668.0 1972.0 3668.0 small-vehicle 0
2054.0 3742.0 2089.0 3742.0 2089.0 3781.0 2054.0 3781.0 small-vehicle 0
1752.0 3744.0 1795.0 3744.0 1795.0 3790.0 1752.0 3790.0 small-vehicle 0
1771.0 3760.0 1812.0 3760.0 1812.0 3803.0 1771.0 3803.0 small-vehicle 0
1801.0 3793.0 1844.0 3793.0 1844.0 3836.0 1801.0 3836.0 small-vehicle 0
1786.0 3781.0 1827.0 3781.0 1827.0 3821.0 1786.0 3821.0 small-vehicle 0
1871.0 2809.0 1890.0 2809.0 1890.0 2848.0 1871.0 2848.0 small-vehicle 0
1794.0 2818.0 1838.0 2818.0 1838.0 2864.0 1794.0 2864.0 small-vehicle 0
1811.0 2797.0 1851.0 2797.0 1851.0 2841.0 1811.0 2841.0 small-vehicle 0
1090.0 3796.0 1128.0 3796.0 1128.0 3840.0 1090.0 3840.0 small-vehicle 0
1192.0 3708.0 1231.0 3708.0 1231.0 3755.0 1192.0 3755.0 small-vehicle 0
1870.0 3526.0 1906.0 3526.0 1906.0 3562.0 1870.0 3562.0 small-vehicle 1
1199.0 3687.0 1236.0 3687.0 1236.0 3730.0 1199.0 3730.0 small-vehicle 0
1244.0 3716.0 1280.0 3716.0 1280.0 3760.0 1244.0 3760.0 small-vehicle 0
1392.0 3746.0 1427.0 3746.0 1427.0 3787.0 1392.0 3787.0 small-vehicle 0
1449.0 3699.0 1489.0 3699.0 1489.0 3742.0 1449.0 3742.0 small-vehicle 0
1463.0 3684.0 1501.0 3684.0 1501.0 3725.0 1463.0 3725.0 small-vehicle 0
1478.0 3668.0 1515.0 3668.0 1515.0 3710.0 1478.0 3710.0 small-vehicle 0
1318.0 3683.0 1354.0 3683.0 1354.0 3723.0 1318.0 3723.0 small-vehicle 0
1172.0 3446.0 1211.0 3446.0 1211.0 3485.0 1172.0 3485.0 small-vehicle 0
1299.0 3436.0 1341.0 3436.0 1341.0 3476.0 1299.0 3476.0 small-vehicle 0
1222.0 3549.0 1261.0 3549.0 1261.0 3589.0 1222.0 3589.0 small-vehicle 0
1406.0 2871.0 1440.0 2871.0 1440.0 2921.0 1406.0 2921.0 small-vehicle 0
1375.0 2982.0 1421.0 2982.0 1421.0 3027.0 1375.0 3027.0 small-vehicle 0
1458.0 3017.0 1501.0 3017.0 1501.0 3059.0 1458.0 3059.0 small-vehicle 0
1881.0 3542.0 1922.0 3542.0 1922.0 3585.0 1881.0 3585.0 small-vehicle 1
1856.0 3510.0 1892.0 3510.0 1892.0 3549.0 1856.0 3549.0 small-vehicle 1
2544.0 3763.0 2582.0 3763.0 2582.0 3803.0 2544.0 3803.0 small-vehicle 0
2278.0 3747.0 2315.0 3747.0 2315.0 3785.0 2278.0 3785.0 small-vehicle 0
2586.0 3709.0 2633.0 3709.0 2633.0 3764.0 2586.0 3764.0 small-vehicle 0
2614.0 3691.0 2649.0 3691.0 2649.0 3731.0 2614.0 3731.0 small-vehicle 0
2631.0 3674.0 2672.0 3674.0 2672.0 3715.0 2631.0 3715.0 small-vehicle 1
2648.0 3659.0 2688.0 3659.0 2688.0 3698.0 2648.0 3698.0 small-vehicle 1
2666.0 3644.0 2703.0 3644.0 2703.0 3680.0 2666.0 3680.0 small-vehicle 1
2679.0 3624.0 2727.0 3624.0 2727.0 3667.0 2679.0 3667.0 small-vehicle 1
2470.0 3830.0 2511.0 3830.0 2511.0 3873.0 2470.0 3873.0 small-vehicle 1
2353.0 3820.0 2385.0 3820.0 2385.0 3857.0 2353.0 3857.0 small-vehicle 0
2331.0 3802.0 2373.0 3802.0 2373.0 3849.0 2331.0 3849.0 small-vehicle 0
2323.0 3791.0 2355.0 3791.0 2355.0 3827.0 2323.0 3827.0 small-vehicle 0
2210.0 3826.0 2246.0 3826.0 2246.0 3864.0 2210.0 3864.0 small-vehicle 0
2308.0 3776.0 2343.0 3776.0 2343.0 3812.0 2308.0 3812.0 small-vehicle 0
2287.0 3760.0 2330.0 3760.0 2330.0 3806.0 2287.0 3806.0 small-vehicle 0
2266.0 3734.0 2300.0 3734.0 2300.0 3771.0 2266.0 3771.0 small-vehicle 0
1842.0 3488.0 1881.0 3488.0 1881.0 3529.0 1842.0 3529.0 small-vehicle 1
2256.0 3717.0 2289.0 3717.0 2289.0 3755.0 2256.0 3755.0 small-vehicle 0
2236.0 3701.0 2274.0 3701.0 2274.0 3741.0 2236.0 3741.0 small-vehicle 0
2222.0 3686.0 2259.0 3686.0 2259.0 3725.0 2222.0 3725.0 small-vehicle 0
2206.0 3670.0 2242.0 3670.0 2242.0 3706.0 2206.0 3706.0 small-vehicle 0
2188.0 3652.0 2232.0 3652.0 2232.0 3694.0 2188.0 3694.0 small-vehicle 0
2178.0 3638.0 2216.0 3638.0 2216.0 3675.0 2178.0 3675.0 small-vehicle 0
2168.0 3619.0 2204.0 3619.0 2204.0 3656.0 2168.0 3656.0 small-vehicle 0
2175.0 3794.0 2211.0 3794.0 2211.0 3831.0 2175.0 3831.0 small-vehicle 0
2394.0 3314.0 2439.0 3314.0 2439.0 3358.0 2394.0 3358.0 small-vehicle 0
2255.0 3208.0 2318.0 3208.0 2318.0 3269.0 2255.0 3269.0 large-vehicle 0
2002.0 3587.0 2055.0 3587.0 2055.0 3645.0 2002.0 3645.0 small-vehicle 1
1793.0 3444.0 1832.0 3444.0 1832.0 3483.0 1793.0 3483.0 small-vehicle 1
1822.0 3472.0 1860.0 3472.0 1860.0 3512.0 1822.0 3512.0 small-vehicle 1
1486.0 3054.0 1522.0 3054.0 1522.0 3091.0 1486.0 3091.0 small-vehicle 0
1568.0 3055.0 1605.0 3055.0 1605.0 3094.0 1568.0 3094.0 small-vehicle 0
1516.0 3078.0 1558.0 3078.0 1558.0 3124.0 1516.0 3124.0 small-vehicle 0
3571.0 675.0 3654.0 675.0 3654.0 765.0 3571.0 765.0 harbor 0
1952.0 1910.0 2124.0 1910.0 2124.0 2080.0 1952.0 2080.0 harbor 0
2026.0 1820.0 2191.0 1820.0 2191.0 1988.0 2026.0 1988.0 harbor 0
2137.0 1676.0 2251.0 1676.0 2251.0 1789.0 2137.0 1789.0 harbor 0
2240.0 1613.0 2361.0 1613.0 2361.0 1741.0 2240.0 1741.0 harbor 0
2309.0 1471.0 2452.0 1471.0 2452.0 1624.0 2309.0 1624.0 harbor 0
2371.0 1325.0 2524.0 1325.0 2524.0 1486.0 2371.0 1486.0 harbor 0
2490.0 1208.0 2644.0 1208.0 2644.0 1373.0 2490.0 1373.0 harbor 0
2671.0 1130.0 2771.0 1130.0 2771.0 1236.0 2671.0 1236.0 harbor 0
2894.0 977.0 2962.0 977.0 2962.0 1048.0 2894.0 1048.0 harbor 0
2903.0 694.0 3042.0 694.0 3042.0 894.0 2903.0 894.0 harbor 0
2990.0 561.0 3148.0 561.0 3148.0 733.0 2990.0 733.0 harbor 0
3121.0 393.0 3238.0 393.0 3238.0 525.0 3121.0 525.0 harbor 0
3267.0 200.0 3410.0 200.0 3410.0 359.0 3267.0 359.0 harbor 0
3466.0 824.0 3526.0 824.0 3526.0 887.0 3466.0 887.0 harbor 0
1589.0 3162.0 1622.0 3162.0 1622.0 3199.0 1589.0 3199.0 small-vehicle 0
3373.0 982.0 3432.0 982.0 3432.0 1037.0 3373.0 1037.0 harbor 0
3359.0 1115.0 3421.0 1115.0 3421.0 1190.0 3359.0 1190.0 harbor 0
3437.0 1105.0 3492.0 1105.0 3492.0 1217.0 3437.0 1217.0 harbor 0
3573.0 1109.0 3628.0 1109.0 3628.0 1236.0 3573.0 1236.0 harbor 0
3701.0 1053.0 3748.0 1053.0 3748.0 1144.0 3701.0 1144.0 harbor 0
3756.0 994.0 3869.0 994.0 3869.0 1138.0 3756.0 1138.0 harbor 0
3841.0 915.0 3965.0 915.0 3965.0 1017.0 3841.0 1017.0 harbor 0
3868.0 833.0 3961.0 833.0 3961.0 883.0 3868.0 883.0 harbor 0
3903.0 708.0 4002.0 708.0 4002.0 794.0 3903.0 794.0 harbor 0
3914.0 621.0 4011.0 621.0 4011.0 681.0 3914.0 681.0 harbor 0
3842.0 518.0 3900.0 518.0 3900.0 567.0 3842.0 567.0 harbor 0
3763.0 442.0 3824.0 442.0 3824.0 494.0 3763.0 494.0 harbor 0
3535.0 3.0 3770.0 3.0 3770.0 242.0 3535.0 242.0 harbor 0
2043.0 2276.0 2152.0 2276.0 2152.0 2385.0 2043.0 2385.0 swimming-pool 0
1773.0 1983.0 1994.0 1983.0 1994.0 2231.0 1773.0 2231.0 harbor 0
1715.0 2200.0 1912.0 2200.0 1912.0 2404.0 1715.0 2404.0 harbor 0
1627.0 2292.0 1834.0 2292.0 1834.0 2497.0 1627.0 2497.0 harbor 0
1601.0 3175.0 1635.0 3175.0 1635.0 3212.0 1601.0 3212.0 small-vehicle 0
1615.0 3189.0 1652.0 3189.0 1652.0 3229.0 1615.0 3229.0 small-vehicle 0
1634.0 3204.0 1669.0 3204.0 1669.0 3241.0 1634.0 3241.0 small-vehicle 0
1675.0 3256.0 1714.0 3256.0 1714.0 3295.0 1675.0 3295.0 small-vehicle 0
1657.0 3350.0 1699.0 3350.0 1699.0 3395.0 1657.0 3395.0 small-vehicle 0
1632.0 3377.0 1674.0 3377.0 1674.0 3419.0 1632.0 3419.0 small-vehicle 0
1617.0 3391.0 1659.0 3391.0 1659.0 3434.0 1617.0 3434.0 small-vehicle 0
1487.0 3332.0 1525.0 3332.0 1525.0 3370.0 1487.0 3370.0 small-vehicle 0
1476.0 3316.0 1510.0 3316.0 1510.0 3351.0 1476.0 3351.0 small-vehicle 0
1445.0 3279.0 1481.0 3279.0 1481.0 3316.0 1445.0 3316.0 small-vehicle 0
1394.0 3238.0 1438.0 3238.0 1438.0 3283.0 1394.0 3283.0 small-vehicle 0
1386.0 3221.0 1422.0 3221.0 1422.0 3259.0 1386.0 3259.0 small-vehicle 0
1355.0 3189.0 1394.0 3189.0 1394.0 3225.0 1355.0 3225.0 small-vehicle 0
1320.0 3152.0 1365.0 3152.0 1365.0 3195.0 1320.0 3195.0 small-vehicle 0
1302.0 3132.0 1347.0 3132.0 1347.0 3175.0 1302.0 3175.0 small-vehicle 0
1233.0 3186.0 1276.0 3186.0 1276.0 3232.0 1233.0 3232.0 small-vehicle 0
1252.0 3215.0 1293.0 3215.0 1293.0 3256.0 1252.0 3256.0 small-vehicle 0
1314.0 3286.0 1354.0 3286.0 1354.0 3327.0 1314.0 3327.0 small-vehicle 0
661.0 3677.0 804.0 3677.0 804.0 3819.0 661.0 3819.0 harbor 0
741.0 3552.0 884.0 3552.0 884.0 3701.0 741.0 3701.0 harbor 0
830.0 3452.0 984.0 3452.0 984.0 3617.0 830.0 3617.0 harbor 0
911.0 3397.0 1016.0 3397.0 1016.0 3496.0 911.0 3496.0 harbor 0
974.0 3328.0 1117.0 3328.0 1117.0 3455.0 974.0 3455.0 harbor 0
1026.0 3202.0 1165.0 3202.0 1165.0 3355.0 1026.0 3355.0 harbor 0
1158.0 2810.0 1362.0 2810.0 1362.0 3032.0 1158.0 3032.0 harbor 0
1246.0 2664.0 1430.0 2664.0 1430.0 2865.0 1246.0 2865.0 harbor 0
1485.0 2443.0 1687.0 2443.0 1687.0 2654.0 1485.0 2654.0 harbor 0
2565.0 3746.0 2613.0 3746.0 2613.0 3786.0 2565.0 3786.0 small-vehicle 0
2520.0 3776.0 2561.0 3776.0 2561.0 3820.0 2520.0 3820.0 small-vehicle 0
1430.0 2889.0 1464.0 2889.0 1464.0 2933.0 1430.0 2933.0 small-vehicle 0
2307.0 3380.0 2342.0 3380.0 2342.0 3417.0 2307.0 3417.0 small-vehicle 0
2579.0 3510.0 2619.0 3510.0 2619.0 3547.0 2579.0 3547.0 small-vehicle 0
2516.0 3432.0 2551.0 3432.0 2551.0 3465.0 2516.0 3465.0 small-vehicle 0
2504.0 3416.0 2541.0 3416.0 2541.0 3452.0 2504.0 3452.0 small-vehicle 0
2481.0 3395.0 2528.0 3395.0 2528.0 3440.0 2481.0 3440.0 small-vehicle 0
2363.0 3429.0 2398.0 3429.0 2398.0 3463.0 2363.0 3463.0 small-vehicle 0
2509.0 3592.0 2546.0 3592.0 2546.0 3629.0 2509.0 3629.0 small-vehicle 0
2239.0 3488.0 2282.0 3488.0 2282.0 3531.0 2239.0 3531.0 small-vehicle 0
2248.0 3509.0 2293.0 3509.0 2293.0 3555.0 2248.0 3555.0 small-vehicle 0
2351.0 3410.0 2391.0 3410.0 2391.0 3445.0 2351.0 3445.0 small-vehicle 0
2463.0 3388.0 2502.0 3388.0 2502.0 3425.0 2463.0 3425.0 small-vehicle 0
2441.0 3364.0 2488.0 3364.0 2488.0 3409.0 2441.0 3409.0 small-vehicle 0
2417.0 3343.0 2450.0 3343.0 2450.0 3378.0 2417.0 3378.0 small-vehicle 0
2324.0 3369.0 2360.0 3369.0 2360.0 3409.0 2324.0 3409.0 small-vehicle 0
2294.0 3399.0 2325.0 3399.0 2325.0 3429.0 2294.0 3429.0 small-vehicle 0
2613.0 3541.0 2650.0 3541.0 2650.0 3571.0 2613.0 3571.0 small-vehicle 0
2273.0 3410.0 2311.0 3410.0 2311.0 3443.0 2273.0 3443.0 small-vehicle 0
2263.0 3425.0 2301.0 3425.0 2301.0 3464.0 2263.0 3464.0 small-vehicle 0
2242.0 3436.0 2287.0 3436.0 2287.0 3482.0 2242.0 3482.0 small-vehicle 0
2220.0 3477.0 2263.0 3477.0 2263.0 3518.0 2220.0 3518.0 small-vehicle 0
2134.0 3524.0 2170.0 3524.0 2170.0 3555.0 2134.0 3555.0 small-vehicle 0
2121.0 3511.0 2151.0 3511.0 2151.0 3542.0 2121.0 3542.0 small-vehicle 0
2106.0 3490.0 2143.0 3490.0 2143.0 3526.0 2106.0 3526.0 small-vehicle 0
2081.0 3469.0 2126.0 3469.0 2126.0 3491.0 2081.0 3491.0 small-vehicle 0
2136.0 3417.0 2166.0 3417.0 2166.0 3447.0 2136.0 3447.0 small-vehicle 0
2119.0 3430.0 2159.0 3430.0 2159.0 3471.0 2119.0 3471.0 small-vehicle 0
2159.0 3415.0 2194.0 3415.0 2194.0 3448.0 2159.0 3448.0 small-vehicle 0
2161.0 3384.0 2198.0 3384.0 2198.0 3422.0 2161.0 3422.0 small-vehicle 0
2183.0 3380.0 2223.0 3380.0 2223.0 3416.0 2183.0 3416.0 small-vehicle 0
2595.0 3525.0 2632.0 3525.0 2632.0 3556.0 2595.0 3556.0 small-vehicle 0
2626.0 3558.0 2671.0 3558.0 2671.0 3595.0 2626.0 3595.0 small-vehicle 0
2503.0 3793.0 2548.0 3793.0 2548.0 3841.0 2503.0 3841.0 small-vehicle 0
3557.0 544.0 3593.0 544.0 3593.0 584.0 3557.0 584.0 small-vehicle 0
1936.0 3766.0 1976.0 3766.0 1976.0 3804.0 1936.0 3804.0 small-vehicle 0
3405.0 2055.0 3458.0 2055.0 3458.0 2110.0 3405.0 2110.0 ship 0
3139.0 1692.0 3178.0 1692.0 3178.0 1729.0 3139.0 1729.0 small-vehicle 1
2530.0 2705.0 2569.0 2705.0 2569.0 2751.0 2530.0 2751.0 small-vehicle 1
2488.0 2724.0 2525.0 2724.0 2525.0 2761.0 2488.0 2761.0 small-vehicle 1
1318.0 3453.0 1354.0 3453.0 1354.0 3487.0 1318.0 3487.0 small-vehicle 1
1221.0 3803.0 1254.0 3803.0 1254.0 3835.0 1221.0 3835.0 small-vehicle 1
4032.0 245.0 4069.0 245.0 4069.0 285.0 4032.0 285.0 small-vehicle 0
4011.0 255.0 4045.0 255.0 4045.0 294.0 4011.0 294.0 small-vehicle 0
4049.0 296.0 4086.0 296.0 4086.0 331.0 4049.0 331.0 small-vehicle 0
4005.0 310.0 4043.0 310.0 4043.0 351.0 4005.0 351.0 small-vehicle 0
3892.0 396.0 3940.0 396.0 3940.0 431.0 3892.0 431.0 small-vehicle 0
3855.0 398.0 3899.0 398.0 3899.0 429.0 3855.0 429.0 small-vehicle 0
3483.0 594.0 3518.0 594.0 3518.0 631.0 3483.0 631.0 small-vehicle 0
2490.0 3571.0 2527.0 3571.0 2527.0 3604.0 2490.0 3604.0 small-vehicle 0
3308.0 3528.0 3343.0 3528.0 3343.0 3563.0 3308.0 3563.0 small-vehicle 0
2265.0 2301.0 2304.0 2301.0 2304.0 2342.0 2265.0 2342.0 small-vehicle 0
2549.0 3464.0 2583.0 3464.0 2583.0 3498.0 2549.0 3498.0 small-vehicle 1
2530.0 3450.0 2568.0 3450.0 2568.0 3485.0 2530.0 3485.0 small-vehicle 1
2562.0 3492.0 2606.0 3492.0 2606.0 3528.0 2562.0 3528.0 small-vehicle 1
2424.0 3489.0 2465.0 3489.0 2465.0 3528.0 2424.0 3528.0 small-vehicle 1
2397.0 3465.0 2428.0 3465.0 2428.0 3499.0 2397.0 3499.0 small-vehicle 1
2381.0 3451.0 2415.0 3451.0 2415.0 3482.0 2381.0 3482.0 small-vehicle 0
2412.0 3482.0 2448.0 3482.0 2448.0 3514.0 2412.0 3514.0 small-vehicle 0
2439.0 3513.0 2474.0 3513.0 2474.0 3546.0 2439.0 3546.0 small-vehicle 0
2451.0 3521.0 2489.0 3521.0 2489.0 3560.0 2451.0 3560.0 small-vehicle 0
2461.0 3543.0 2497.0 3543.0 2497.0 3574.0 2461.0 3574.0 small-vehicle 0
2473.0 3554.0 2513.0 3554.0 2513.0 3587.0 2473.0 3587.0 small-vehicle 0
2194.0 3365.0 2231.0 3365.0 2231.0 3398.0 2194.0 3398.0 small-vehicle 0
2212.0 3350.0 2251.0 3350.0 2251.0 3387.0 2212.0 3387.0 small-vehicle 0
2233.0 3338.0 2269.0 3338.0 2269.0 3371.0 2233.0 3371.0 small-vehicle 0
4036.0 1311.0 4067.0 1311.0 4067.0 1351.0 4036.0 1351.0 small-vehicle 1
803.0 3603.0 846.0 3603.0 846.0 3642.0 803.0 3642.0 ship 0
2554.0 1773.0 2594.0 1773.0 2594.0 1814.0 2554.0 1814.0 small-vehicle 0
2428.0 2003.0 2464.0 2003.0 2464.0 2042.0 2428.0 2042.0 small-vehicle 0
2405.0 2017.0 2453.0 2017.0 2453.0 2065.0 2405.0 2065.0 small-vehicle 0
2190.0 2537.0 2227.0 2537.0 2227.0 2576.0 2190.0 2576.0 small-vehicle 0
2167.0 2544.0 2207.0 2544.0 2207.0 2585.0 2167.0 2585.0 small-vehicle 0
2398.0 2757.0 2437.0 2757.0 2437.0 2795.0 2398.0 2795.0 small-vehicle 0
2194.0 2976.0 2233.0 2976.0 2233.0 3014.0 2194.0 3014.0 small-vehicle 0
2226.0 2938.0 2268.0 2938.0 2268.0 2983.0 2226.0 2983.0 small-vehicle 0
2358.0 2951.0 2397.0 2951.0 2397.0 2993.0 2358.0 2993.0 small-vehicle 0
2279.0 2918.0 2315.0 2918.0 2315.0 2963.0 2279.0 2963.0 small-vehicle 0
2149.0 2935.0 2189.0 2935.0 2189.0 2975.0 2149.0 2975.0 small-vehicle 0
4019.0 2741.0 4063.0 2741.0 4063.0 2761.0 4019.0 2761.0 small-vehicle 1
4055.0 1342.0 4091.0 1342.0 4091.0 1392.0 4055.0 1392.0 small-vehicle 1
2310.0 3280.0 2345.0 3280.0 2345.0 3319.0 2310.0 3319.0 small-vehicle 0
4013.0 1779.0 4062.0 1779.0 4062.0 1829.0 4013.0 1829.0 ship 0
3462.0 1464.0 3485.0 1464.0 3485.0 1519.0 3462.0 1519.0 ship 0
3441.0 1362.0 3473.0 1362.0 3473.0 1419.0 3441.0 1419.0 ship 0
3476.0 1369.0 3516.0 1369.0 3516.0 1459.0 3476.0 1459.0 ship 0
2968.0 1841.0 3004.0 1841.0 3004.0 1873.0 2968.0 1873.0 small-vehicle 0
3367.0 2011.0 3413.0 2011.0 3413.0 2059.0 3367.0 2059.0 small-vehicle 0
3042.0 2644.0 3088.0 2644.0 3088.0 2692.0 3042.0 2692.0 small-vehicle 0
3073.0 2638.0 3117.0 2638.0 3117.0 2686.0 3073.0 2686.0 small-vehicle 0
2983.0 3461.0 3022.0 3461.0 3022.0 3502.0 2983.0 3502.0 small-vehicle 0
3334.0 3653.0 3374.0 3653.0 3374.0 3698.0 3334.0 3698.0 small-vehicle 0
3288.0 3564.0 3324.0 3564.0 3324.0 3600.0 3288.0 3600.0 small-vehicle 0
3249.0 3597.0 3296.0 3597.0 3296.0 3643.0 3249.0 3643.0 small-vehicle 0
2485.0 3811.0 2522.0 3811.0 2522.0 3850.0 2485.0 3850.0 small-vehicle 0
786.0 3542.0 836.0 3542.0 836.0 3597.0 786.0 3597.0 ship 0
863.0 3459.0 913.0 3459.0 913.0 3507.0 863.0 3507.0 ship 0
896.0 3411.0 942.0 3411.0 942.0 3458.0 896.0 3458.0 ship 0
1217.0 2915.0 1271.0 2915.0 1271.0 2966.0 1217.0 2966.0 ship 0
2284.0 3266.0 2324.0 3266.0 2324.0 3314.0 2284.0 3314.0 small-vehicle 0
1730.0 3097.0 1841.0 3097.0 1841.0 3208.0 1730.0 3208.0 swimming-pool 0
2221.0 3848.0 2257.0 3848.0 2257.0 3881.0 2221.0 3881.0 small-vehicle 0
1245.0 3568.0 1289.0 3568.0 1289.0 3605.0 1245.0 3605.0 small-vehicle 0
1344.0 3655.0 1387.0 3655.0 1387.0 3694.0 1344.0 3694.0 small-vehicle 0
3223.0 2268.0 3275.0 2268.0 3275.0 2320.0 3223.0 2320.0 ship 0
3475.0 1090.0 3518.0 1090.0 3518.0 1163.0 3475.0 1163.0 ship 0
3314.0 1078.0 3375.0 1078.0 3375.0 1126.0 3314.0 1126.0 ship 0
3372.0 1010.0 3417.0 1010.0 3417.0 1051.0 3372.0 1051.0 ship 0
3498.0 842.0 3542.0 842.0 3542.0 897.0 3498.0 897.0 ship 0
3649.0 1030.0 3732.0 1030.0 3732.0 1083.0 3649.0 1083.0 ship 0
3799.0 1001.0 3842.0 1001.0 3842.0 1051.0 3799.0 1051.0 ship 0
3834.0 959.0 3886.0 959.0 3886.0 1007.0 3834.0 1007.0 ship 0
3863.0 849.0 3925.0 849.0 3925.0 891.0 3863.0 891.0 ship 0
3888.0 819.0 3939.0 819.0 3939.0 851.0 3888.0 851.0 ship 0
3573.0 731.0 3637.0 731.0 3637.0 797.0 3573.0 797.0 ship 0
3896.0 765.0 3948.0 765.0 3948.0 803.0 3896.0 803.0 ship 0
3889.0 640.0 3927.0 640.0 3927.0 696.0 3889.0 696.0 ship 0
3856.0 542.0 3898.0 542.0 3898.0 582.0 3856.0 582.0 ship 0
3743.0 440.0 3793.0 440.0 3793.0 485.0 3743.0 485.0 ship 0
2130.0 1658.0 2187.0 1658.0 2187.0 1714.0 2130.0 1714.0 ship 0
1917.0 2002.0 1958.0 2002.0 1958.0 2043.0 1917.0 2043.0 ship 0
1894.0 2025.0 1939.0 2025.0 1939.0 2070.0 1894.0 2070.0 ship 0
1742.0 2216.0 1788.0 2216.0 1788.0 2264.0 1742.0 2264.0 ship 0
1656.0 2309.0 1701.0 2309.0 1701.0 2353.0 1656.0 2353.0 ship 0
1561.0 2432.0 1613.0 2432.0 1613.0 2484.0 1561.0 2484.0 ship 0
1405.0 2653.0 1449.0 2653.0 1449.0 2697.0 1405.0 2697.0 ship 0
3713.0 2.0 3887.0 2.0 3887.0 129.0 3713.0 129.0 harbor 1
