imagesource:GoogleEarth
gsd:0.264747692672
1346.0 1159.0 1368.0 1159.0 1368.0 1184.0 1346.0 1184.0 ship 0
686.0 1186.0 944.0 1186.0 944.0 1479.0 686.0 1479.0 harbor 0
477.0 495.0 500.0 495.0 500.0 517.0 477.0 517.0 small-vehicle 0
451.0 465.0 477.0 465.0 477.0 494.0 451.0 494.0 small-vehicle 0
437.0 254.0 469.0 254.0 469.0 297.0 437.0 297.0 swimming-pool 0
437.0 140.0 459.0 140.0 459.0 158.0 437.0 158.0 small-vehicle 0
421.0 119.0 443.0 119.0 443.0 138.0 421.0 138.0 small-vehicle 0
327.0 1417.0 593.0 1417.0 593.0 1736.0 327.0 1736.0 harbor 0
817.0 992.0 1162.0 992.0 1162.0 1332.0 817.0 1332.0 harbor 0
1434.0 1091.0 1459.0 1091.0 1459.0 1111.0 1434.0 1111.0 ship 0
877.0 899.0 1251.0 899.0 1251.0 1268.0 877.0 1268.0 harbor 0
1005.0 763.0 1373.0 763.0 1373.0 1207.0 1005.0 1207.0 harbor 0
1207.0 640.0 1486.0 640.0 1486.0 1138.0 1207.0 1138.0 harbor 0
1476.0 523.0 1734.0 523.0 1734.0 954.0 1476.0 954.0 harbor 0
1595.0 479.0 1860.0 479.0 1860.0 888.0 1595.0 888.0 harbor 0
1702.0 415.0 1933.0 415.0 1933.0 776.0 1702.0 776.0 harbor 0
473.0 508.0 493.0 508.0 493.0 526.0 473.0 526.0 small-vehicle 0
454.0 492.0 472.0 492.0 472.0 510.0 454.0 510.0 small-vehicle 0
108.0 568.0 117.0 568.0 117.0 586.0 108.0 586.0 small-vehicle 0
52.0 691.0 70.0 691.0 70.0 713.0 52.0 713.0 small-vehicle 0
34.0 708.0 48.0 708.0 48.0 728.0 34.0 728.0 small-vehicle 0
49.0 727.0 63.0 727.0 63.0 748.0 49.0 748.0 small-vehicle 0
17.0 733.0 38.0 733.0 38.0 746.0 17.0 746.0 small-vehicle 0
118.0 1335.0 135.0 1335.0 135.0 1355.0 118.0 1355.0 small-vehicle 0
942.0 669.0 976.0 669.0 976.0 701.0 942.0 701.0 swimming-pool 0
1405.0 426.0 1463.0 426.0 1463.0 471.0 1405.0 471.0 swimming-pool 0
1241.0 465.0 1254.0 465.0 1254.0 488.0 1241.0 488.0 small-vehicle 1
1831.0 20.0 1850.0 20.0 1850.0 44.0 1831.0 44.0 small-vehicle 1
1789.0 824.0 1809.0 824.0 1809.0 851.0 1789.0 851.0 ship 0
124.0 569.0 134.0 569.0 134.0 588.0 124.0 588.0 small-vehicle 1
1310.0 345.0 1332.0 345.0 1332.0 373.0 1310.0 373.0 small-vehicle 1
1333.0 364.0 1355.0 364.0 1355.0 390.0 1333.0 390.0 small-vehicle 1
1326.0 312.0 1342.0 312.0 1342.0 331.0 1326.0 331.0 small-vehicle 1
1902.0 231.0 2154.0 231.0 2154.0 645.0 1902.0 645.0 harbor 0
