imagesource:GoogleEarth
gsd:0.263821852812
2139.0 2701.0 2162.0 2701.0 2162.0 2719.0 2139.0 2719.0 small-vehicle 1
2026.0 2296.0 2097.0 2296.0 2097.0 2384.0 2026.0 2384.0 harbor 0
912.0 2345.0 974.0 2345.0 974.0 2426.0 912.0 2426.0 harbor 0
1802.0 2075.0 1865.0 2075.0 1865.0 2154.0 1802.0 2154.0 harbor 0
1949.0 2080.0 2000.0 2080.0 2000.0 2137.0 1949.0 2137.0 harbor 0
1960.0 2011.0 1972.0 2011.0 1972.0 2082.0 1960.0 2082.0 harbor 0
2070.0 2015.0 2122.0 2015.0 2122.0 2110.0 2070.0 2110.0 harbor 0
2137.0 1940.0 2191.0 1940.0 2191.0 2077.0 2137.0 2077.0 harbor 0
2191.0 1959.0 2236.0 1959.0 2236.0 2056.0 2191.0 2056.0 harbor 0
2210.0 2037.0 2295.0 2037.0 2295.0 2080.0 2210.0 2080.0 harbor 0
2215.0 2076.0 2311.0 2076.0 2311.0 2124.0 2215.0 2124.0 harbor 0
2201.0 2128.0 2282.0 2128.0 2282.0 2151.0 2201.0 2151.0 harbor 0
2150.0 2199.0 2238.0 2199.0 2238.0 2262.0 2150.0 2262.0 harbor 0
2119.0 2244.0 2200.0 2244.0 2200.0 2310.0 2119.0 2310.0 harbor 0
1954.0 2320.0 2015.0 2320.0 2015.0 2417.0 1954.0 2417.0 harbor 0
44.0 3148.0 175.0 3148.0 175.0 3243.0 44.0 3243.0 harbor 0
1826.0 2347.0 1848.0 2347.0 1848.0 2441.0 1826.0 2441.0 harbor 0
1712.0 2413.0 1760.0 2413.0 1760.0 2485.0 1712.0 2485.0 harbor 0
1499.0 2476.0 1554.0 2476.0 1554.0 2552.0 1499.0 2552.0 harbor 0
1353.0 2468.0 1414.0 2468.0 1414.0 2560.0 1353.0 2560.0 harbor 0
1263.0 2549.0 1344.0 2549.0 1344.0 2621.0 1263.0 2621.0 harbor 0
1216.0 2585.0 1308.0 2585.0 1308.0 2669.0 1216.0 2669.0 harbor 0
1164.0 2651.0 1254.0 2651.0 1254.0 2739.0 1164.0 2739.0 harbor 0
1061.0 2851.0 1165.0 2851.0 1165.0 2909.0 1061.0 2909.0 harbor 0
971.0 3059.0 1072.0 3059.0 1072.0 3106.0 971.0 3106.0 harbor 0
1372.0 2992.0 1423.0 2992.0 1423.0 3039.0 1372.0 3039.0 roundabout 0
919.0 3177.0 1041.0 3177.0 1041.0 3229.0 919.0 3229.0 harbor 0
910.0 3259.0 1033.0 3259.0 1033.0 3325.0 910.0 3325.0 harbor 0
517.0 2099.0 660.0 2099.0 660.0 2180.0 517.0 2180.0 harbor 0
674.0 1996.0 762.0 1996.0 762.0 2104.0 674.0 2104.0 harbor 0
979.0 1877.0 1040.0 1877.0 1040.0 1969.0 979.0 1969.0 harbor 0
1118.0 1837.0 1182.0 1837.0 1182.0 1923.0 1118.0 1923.0 harbor 0
3597.0 120.0 3703.0 120.0 3703.0 243.0 3597.0 243.0 harbor 0
3446.0 173.0 3524.0 173.0 3524.0 279.0 3446.0 279.0 harbor 0
3305.0 216.0 3388.0 216.0 3388.0 327.0 3305.0 327.0 harbor 0
3173.0 314.0 3272.0 314.0 3272.0 417.0 3173.0 417.0 harbor 0
3078.0 417.0 3179.0 417.0 3179.0 519.0 3078.0 519.0 harbor 0
3007.0 508.0 3107.0 508.0 3107.0 599.0 3007.0 599.0 harbor 0
2899.0 644.0 2999.0 644.0 2999.0 736.0 2899.0 736.0 harbor 0
2845.0 749.0 2942.0 749.0 2942.0 826.0 2845.0 826.0 harbor 0
2722.0 878.0 2827.0 878.0 2827.0 969.0 2722.0 969.0 harbor 0
2677.0 934.0 2778.0 934.0 2778.0 1027.0 2677.0 1027.0 harbor 0
2622.0 1004.0 2720.0 1004.0 2720.0 1097.0 2622.0 1097.0 harbor 0
2569.0 1059.0 2668.0 1059.0 2668.0 1155.0 2569.0 1155.0 harbor 0
2523.0 1116.0 2617.0 1116.0 2617.0 1207.0 2523.0 1207.0 harbor 0
2477.0 1167.0 2551.0 1167.0 2551.0 1252.0 2477.0 1252.0 harbor 0
2428.0 1198.0 2483.0 1198.0 2483.0 1284.0 2428.0 1284.0 harbor 0
2349.0 1231.0 2402.0 1231.0 2402.0 1336.0 2349.0 1336.0 harbor 0
2281.0 1256.0 2326.0 1256.0 2326.0 1366.0 2281.0 1366.0 harbor 0
2145.0 1315.0 2205.0 1315.0 2205.0 1423.0 2145.0 1423.0 harbor 0
2039.0 1352.0 2116.0 1352.0 2116.0 1472.0 2039.0 1472.0 harbor 0
1789.0 1498.0 1880.0 1498.0 1880.0 1611.0 1789.0 1611.0 harbor 0
1676.0 1594.0 1752.0 1594.0 1752.0 1684.0 1676.0 1684.0 harbor 0
1589.0 1650.0 1648.0 1650.0 1648.0 1734.0 1589.0 1734.0 harbor 0
1508.0 1686.0 1564.0 1686.0 1564.0 1773.0 1508.0 1773.0 harbor 0
1308.0 1776.0 1363.0 1776.0 1363.0 1861.0 1308.0 1861.0 harbor 0
1206.0 1805.0 1269.0 1805.0 1269.0 1896.0 1206.0 1896.0 harbor 0
2.0 3208.0 136.0 3208.0 136.0 3309.0 2.0 3309.0 harbor 0
105.0 3046.0 244.0 3046.0 244.0 3143.0 105.0 3143.0 harbor 0
4100.0 73.0 4121.0 73.0 4121.0 90.0 4100.0 90.0 small-vehicle 0
2171.0 2795.0 2195.0 2795.0 2195.0 2813.0 2171.0 2813.0 small-vehicle 0
2195.0 2135.0 2231.0 2135.0 2231.0 2156.0 2195.0 2156.0 ship 0
1942.0 1760.0 1965.0 1760.0 1965.0 1780.0 1942.0 1780.0 small-vehicle 0
2138.0 1322.0 2153.0 1322.0 2153.0 1346.0 2138.0 1346.0 ship 0
2799.0 1270.0 2857.0 1270.0 2857.0 1323.0 2799.0 1323.0 swimming-pool 0
2516.0 1308.0 2560.0 1308.0 2560.0 1369.0 2516.0 1369.0 swimming-pool 0
1918.0 2757.0 1933.0 2757.0 1933.0 2785.0 1918.0 2785.0 ship 0
1841.0 2353.0 1855.0 2353.0 1855.0 2380.0 1841.0 2380.0 ship 0
1936.0 2322.0 1966.0 2322.0 1966.0 2373.0 1936.0 2373.0 ship 0
2023.0 2320.0 2042.0 2320.0 2042.0 2346.0 2023.0 2346.0 ship 0
2044.0 2323.0 2065.0 2323.0 2065.0 2340.0 2044.0 2340.0 ship 0
1863.0 2492.0 1880.0 2492.0 1880.0 2511.0 1863.0 2511.0 swimming-pool 0
1990.0 3073.0 2000.0 3073.0 2000.0 3095.0 1990.0 3095.0 small-vehicle 0
2209.0 2508.0 2225.0 2508.0 2225.0 2532.0 2209.0 2532.0 small-vehicle 0
173.0 2965.0 293.0 2965.0 293.0 3037.0 173.0 3037.0 harbor 0
2506.0 2415.0 2525.0 2415.0 2525.0 2431.0 2506.0 2431.0 small-vehicle 0
2639.0 1004.0 2666.0 1004.0 2666.0 1031.0 2639.0 1031.0 ship 0
2681.0 937.0 2710.0 937.0 2710.0 962.0 2681.0 962.0 ship 0
2885.0 1847.0 2902.0 1847.0 2902.0 1866.0 2885.0 1866.0 small-vehicle 0
2901.0 1851.0 2914.0 1851.0 2914.0 1869.0 2901.0 1869.0 small-vehicle 0
3004.0 539.0 3034.0 539.0 3034.0 568.0 3004.0 568.0 ship 0
3024.0 512.0 3043.0 512.0 3043.0 539.0 3024.0 539.0 ship 0
3084.0 433.0 3112.0 433.0 3112.0 458.0 3084.0 458.0 ship 0
3290.0 234.0 3318.0 234.0 3318.0 266.0 3290.0 266.0 ship 0
3451.0 190.0 3477.0 190.0 3477.0 207.0 3451.0 207.0 ship 0
3629.0 132.0 3664.0 132.0 3664.0 153.0 3629.0 153.0 ship 0
3725.0 92.0 3750.0 92.0 3750.0 119.0 3725.0 119.0 ship 0
2178.0 2026.0 2198.0 2026.0 2198.0 2055.0 2178.0 2055.0 ship 0
2115.0 1864.0 2138.0 1864.0 2138.0 1894.0 2115.0 1894.0 ship 0
2020.0 1590.0 2041.0 1590.0 2041.0 1617.0 2020.0 1617.0 ship 0
1805.0 1506.0 1826.0 1506.0 1826.0 1530.0 1805.0 1530.0 ship 0
214.0 2853.0 315.0 2853.0 315.0 2906.0 214.0 2906.0 harbor 0
246.0 2688.0 356.0 2688.0 356.0 2770.0 246.0 2770.0 harbor 0
610.0 2591.0 760.0 2591.0 760.0 2712.0 610.0 2712.0 harbor 0
665.0 2953.0 757.0 2953.0 757.0 3031.0 665.0 3031.0 harbor 0
658.0 2018.0 692.0 2018.0 692.0 2059.0 658.0 2059.0 ship 0
562.0 2211.0 588.0 2211.0 588.0 2242.0 562.0 2242.0 ship 0
696.0 2163.0 744.0 2163.0 744.0 2208.0 696.0 2208.0 swimming-pool 0
839.0 2282.0 891.0 2282.0 891.0 2325.0 839.0 2325.0 swimming-pool 0
221.0 2507.0 239.0 2507.0 239.0 2531.0 221.0 2531.0 ship 0
226.0 2855.0 241.0 2855.0 241.0 2880.0 226.0 2880.0 ship 0
904.0 2794.0 926.0 2794.0 926.0 2821.0 904.0 2821.0 ship 0
703.0 3015.0 737.0 3015.0 737.0 3037.0 703.0 3037.0 ship 0
59.0 3169.0 77.0 3169.0 77.0 3192.0 59.0 3192.0 ship 0
319.0 3316.0 351.0 3316.0 351.0 3348.0 319.0 3348.0 ship 0
931.0 3178.0 946.0 3178.0 946.0 3205.0 931.0 3205.0 ship 0
1100.0 3235.0 1137.0 3235.0 1137.0 3279.0 1100.0 3279.0 swimming-pool 0
1054.0 2873.0 1089.0 2873.0 1089.0 2892.0 1054.0 2892.0 ship 0
1076.0 2846.0 1098.0 2846.0 1098.0 2862.0 1076.0 2862.0 ship 0
1315.0 2107.0 1352.0 2107.0 1352.0 2135.0 1315.0 2135.0 ship 0
968.0 1887.0 991.0 1887.0 991.0 1923.0 968.0 1923.0 ship 0
997.0 1887.0 1023.0 1887.0 1023.0 1904.0 997.0 1904.0 ship 0
1343.0 1774.0 1360.0 1774.0 1360.0 1803.0 1343.0 1803.0 ship 0
1356.0 1888.0 1406.0 1888.0 1406.0 1922.0 1356.0 1922.0 swimming-pool 0
1502.0 1691.0 1515.0 1691.0 1515.0 1711.0 1502.0 1711.0 ship 0
1704.0 1584.0 1732.0 1584.0 1732.0 1616.0 1704.0 1616.0 ship 0
3709.0 83.0 3827.0 83.0 3827.0 196.0 3709.0 196.0 harbor 0
