imagesource:GoogleEarth
gsd:0.26469759921
2006.0 854.0 2020.0 854.0 2020.0 880.0 2006.0 880.0 small-vehicle 1
409.0 1254.0 593.0 1254.0 593.0 1476.0 409.0 1476.0 harbor 0
300.0 698.0 323.0 698.0 323.0 719.0 300.0 719.0 small-vehicle 0
309.0 685.0 331.0 685.0 331.0 706.0 309.0 706.0 small-vehicle 0
440.0 651.0 464.0 651.0 464.0 674.0 440.0 674.0 small-vehicle 0
211.0 487.0 234.0 487.0 234.0 508.0 211.0 508.0 small-vehicle 0
189.0 495.0 208.0 495.0 208.0 516.0 189.0 516.0 small-vehicle 0
863.0 244.0 874.0 244.0 874.0 265.0 863.0 265.0 ship 0
482.0 365.0 513.0 365.0 513.0 396.0 482.0 396.0 swimming-pool 0
748.0 281.0 773.0 281.0 773.0 304.0 748.0 304.0 ship 0
98.0 1629.0 200.0 1629.0 200.0 1742.0 98.0 1742.0 harbor 0
165.0 1603.0 265.0 1603.0 265.0 1714.0 165.0 1714.0 harbor 0
267.0 1470.0 395.0 1470.0 395.0 1637.0 267.0 1637.0 harbor 0
359.0 1295.0 556.0 1295.0 556.0 1516.0 359.0 1516.0 harbor 0
530.0 1250.0 654.0 1250.0 654.0 1399.0 530.0 1399.0 harbor 0
995.0 225.0 1012.0 225.0 1012.0 251.0 995.0 251.0 small-vehicle 1
557.0 1099.0 766.0 1099.0 766.0 1338.0 557.0 1338.0 harbor 0
718.0 902.0 919.0 902.0 919.0 1223.0 718.0 1223.0 harbor 0
833.0 832.0 1033.0 832.0 1033.0 1126.0 833.0 1126.0 harbor 0
989.0 763.0 1154.0 763.0 1154.0 1061.0 989.0 1061.0 harbor 0
1289.0 857.0 1374.0 857.0 1374.0 955.0 1289.0 955.0 harbor 0
1361.0 821.0 1431.0 821.0 1431.0 917.0 1361.0 917.0 harbor 0
1407.0 716.0 1517.0 716.0 1517.0 870.0 1407.0 870.0 harbor 0
1473.0 671.0 1576.0 671.0 1576.0 819.0 1473.0 819.0 harbor 0
1458.0 498.0 1636.0 498.0 1636.0 774.0 1458.0 774.0 harbor 0
1545.0 452.0 1725.0 452.0 1725.0 718.0 1545.0 718.0 harbor 0
1869.0 311.0 2010.0 311.0 2010.0 507.0 1869.0 507.0 harbor 0
1894.0 150.0 2104.0 150.0 2104.0 428.0 1894.0 428.0 harbor 0
576.0 761.0 595.0 761.0 595.0 784.0 576.0 784.0 small-vehicle 0
584.0 767.0 605.0 767.0 605.0 793.0 584.0 793.0 small-vehicle 0
594.0 774.0 615.0 774.0 615.0 800.0 594.0 800.0 small-vehicle 0
565.0 852.0 583.0 852.0 583.0 874.0 565.0 874.0 small-vehicle 0
276.0 225.0 296.0 225.0 296.0 245.0 276.0 245.0 small-vehicle 1
1712.0 94.0 1733.0 94.0 1733.0 117.0 1712.0 117.0 small-vehicle 0
2098.0 386.0 2126.0 386.0 2126.0 414.0 2098.0 414.0 ship 0
2085.0 405.0 2110.0 405.0 2110.0 429.0 2085.0 429.0 ship 0
2052.0 422.0 2079.0 422.0 2079.0 454.0 2052.0 454.0 ship 0
1624.0 199.0 1651.0 199.0 1651.0 228.0 1624.0 228.0 ship 0
1459.0 834.0 1479.0 834.0 1479.0 854.0 1459.0 854.0 ship 0
1556.0 775.0 1575.0 775.0 1575.0 804.0 1556.0 804.0 ship 0
1714.0 802.0 1730.0 802.0 1730.0 831.0 1714.0 831.0 ship 0
1399.0 873.0 1429.0 873.0 1429.0 894.0 1399.0 894.0 ship 0
1371.0 310.0 1398.0 310.0 1398.0 344.0 1371.0 344.0 ship 0
1146.0 498.0 1164.0 498.0 1164.0 520.0 1146.0 520.0 small-vehicle 0
877.0 576.0 894.0 576.0 894.0 596.0 877.0 596.0 small-vehicle 0
967.0 543.0 989.0 543.0 989.0 561.0 967.0 561.0 small-vehicle 0
1409.0 373.0 1428.0 373.0 1428.0 399.0 1409.0 399.0 small-vehicle 0
1051.0 237.0 1068.0 237.0 1068.0 257.0 1051.0 257.0 small-vehicle 0
1059.0 228.0 1075.0 228.0 1075.0 250.0 1059.0 250.0 small-vehicle 0
679.0 1264.0 701.0 1264.0 701.0 1290.0 679.0 1290.0 ship 0
726.0 1320.0 751.0 1320.0 751.0 1347.0 726.0 1347.0 ship 0
534.0 1483.0 561.0 1483.0 561.0 1507.0 534.0 1507.0 ship 0
577.0 1421.0 598.0 1421.0 598.0 1446.0 577.0 1446.0 ship 0
215.0 1879.0 270.0 1879.0 270.0 1915.0 215.0 1915.0 ship 0
302.0 974.0 324.0 974.0 324.0 998.0 302.0 998.0 ship 0
103.0 1270.0 123.0 1270.0 123.0 1289.0 103.0 1289.0 small-vehicle 0
552.0 861.0 564.0 861.0 564.0 885.0 552.0 885.0 small-vehicle 0
2014.0 56.0 2220.0 56.0 2220.0 347.0 2014.0 347.0 harbor 0
