imagesource:GoogleEarth
gsd:0.259212069834
865.0 577.0 883.0 577.0 883.0 601.0 865.0 601.0 small-vehicle 1
724.0 1619.0 757.0 1619.0 757.0 1642.0 724.0 1642.0 ship 0
2913.0 331.0 2958.0 331.0 2958.0 409.0 2913.0 409.0 harbor 0
2802.0 362.0 2896.0 362.0 2896.0 461.0 2802.0 461.0 harbor 0
2679.0 381.0 2786.0 381.0 2786.0 492.0 2679.0 492.0 harbor 0
2580.0 445.0 2675.0 445.0 2675.0 541.0 2580.0 541.0 harbor 0
2496.0 484.0 2582.0 484.0 2582.0 580.0 2496.0 580.0 harbor 0
2377.0 517.0 2476.0 517.0 2476.0 633.0 2377.0 633.0 harbor 0
2274.0 589.0 2373.0 589.0 2373.0 692.0 2274.0 692.0 harbor 0
2178.0 672.0 2255.0 672.0 2255.0 748.0 2178.0 748.0 harbor 0
2050.0 686.0 2164.0 686.0 2164.0 813.0 2050.0 813.0 harbor 0
1951.0 792.0 2031.0 792.0 2031.0 869.0 1951.0 869.0 harbor 0
1866.0 830.0 1931.0 830.0 1931.0 908.0 1866.0 908.0 harbor 0
1744.0 861.0 1836.0 861.0 1836.0 952.0 1744.0 952.0 harbor 0
1630.0 944.0 1698.0 944.0 1698.0 1018.0 1630.0 1018.0 harbor 0
1562.0 995.0 1625.0 995.0 1625.0 1059.0 1562.0 1059.0 harbor 0
1429.0 1054.0 1508.0 1054.0 1508.0 1136.0 1429.0 1136.0 harbor 0
1255.0 1177.0 1329.0 1177.0 1329.0 1266.0 1255.0 1266.0 harbor 0
1191.0 1294.0 1245.0 1294.0 1245.0 1353.0 1191.0 1353.0 harbor 0
1102.0 1355.0 1160.0 1355.0 1160.0 1429.0 1102.0 1429.0 harbor 0
999.0 1402.0 1042.0 1402.0 1042.0 1464.0 999.0 1464.0 harbor 0
841.0 1398.0 879.0 1398.0 879.0 1480.0 841.0 1480.0 harbor 0
734.0 1414.0 808.0 1414.0 808.0 1510.0 734.0 1510.0 harbor 0
601.0 1470.0 678.0 1470.0 678.0 1568.0 601.0 1568.0 harbor 0
514.0 1526.0 583.0 1526.0 583.0 1616.0 514.0 1616.0 harbor 0
328.0 1624.0 431.0 1624.0 431.0 1717.0 328.0 1717.0 harbor 0
211.0 1716.0 282.0 1716.0 282.0 1780.0 211.0 1780.0 harbor 0
2966.0 326.0 3023.0 326.0 3023.0 443.0 2966.0 443.0 harbor 0
238.0 330.0 257.0 330.0 257.0 341.0 238.0 341.0 small-vehicle 0
879.0 596.0 896.0 596.0 896.0 617.0 879.0 617.0 small-vehicle 1
231.0 366.0 266.0 366.0 266.0 390.0 231.0 390.0 ship 0
249.0 729.0 277.0 729.0 277.0 748.0 249.0 748.0 small-vehicle 1
2851.0 239.0 2874.0 239.0 2874.0 255.0 2851.0 255.0 small-vehicle 0
2778.0 428.0 2803.0 428.0 2803.0 461.0 2778.0 461.0 ship 0
2565.0 545.0 2589.0 545.0 2589.0 567.0 2565.0 567.0 ship 0
2182.0 436.0 2235.0 436.0 2235.0 481.0 2182.0 481.0 swimming-pool 0
2020.0 810.0 2043.0 810.0 2043.0 840.0 2020.0 840.0 ship 0
1659.0 1000.0 1692.0 1000.0 1692.0 1022.0 1659.0 1022.0 ship 0
1505.0 1076.0 1534.0 1076.0 1534.0 1105.0 1505.0 1105.0 ship 0
1907.0 592.0 1923.0 592.0 1923.0 613.0 1907.0 613.0 ship 0
1914.0 581.0 1935.0 581.0 1935.0 610.0 1914.0 610.0 ship 0
1899.0 72.0 1921.0 72.0 1921.0 96.0 1899.0 96.0 ship 0
927.0 5.0 948.0 5.0 948.0 27.0 927.0 27.0 ship 0
846.0 53.0 869.0 53.0 869.0 78.0 846.0 78.0 ship 0
750.0 338.0 776.0 338.0 776.0 363.0 750.0 363.0 ship 0
1041.0 1224.0 1099.0 1224.0 1099.0 1291.0 1041.0 1291.0 swimming-pool 0
1271.0 1346.0 1294.0 1346.0 1294.0 1372.0 1271.0 1372.0 ship 0
1199.0 1335.0 1223.0 1335.0 1223.0 1363.0 1199.0 1363.0 ship 0
1117.0 1407.0 1140.0 1407.0 1140.0 1439.0 1117.0 1439.0 ship 0
989.0 1438.0 1001.0 1438.0 1001.0 1467.0 989.0 1467.0 ship 0
881.0 1446.0 895.0 1446.0 895.0 1474.0 881.0 1474.0 ship 0
633.0 1551.0 652.0 1551.0 652.0 1574.0 633.0 1574.0 ship 0
478.0 1343.0 500.0 1343.0 500.0 1366.0 478.0 1366.0 ship 0
567.0 1345.0 604.0 1345.0 604.0 1383.0 567.0 1383.0 swimming-pool 0
248.0 618.0 300.0 618.0 300.0 683.0 248.0 683.0 swimming-pool 0
427.0 325.0 484.0 325.0 484.0 391.0 427.0 391.0 swimming-pool 0
13.0 1740.0 128.0 1740.0 128.0 1846.0 13.0 1846.0 harbor 0
