imagesource:GoogleEarth
gsd:0.262183566203
855.0 303.0 877.0 303.0 877.0 328.0 855.0 328.0 small-vehicle 1
863.0 610.0 1024.0 610.0 1024.0 815.0 863.0 815.0 harbor 0
518.0 944.0 633.0 944.0 633.0 1095.0 518.0 1095.0 harbor 0
494.0 812.0 660.0 812.0 660.0 1058.0 494.0 1058.0 harbor 0
578.0 817.0 717.0 817.0 717.0 1031.0 578.0 1031.0 harbor 0
653.0 819.0 775.0 819.0 775.0 980.0 653.0 980.0 harbor 0
689.0 649.0 896.0 649.0 896.0 917.0 689.0 917.0 harbor 0
763.0 601.0 962.0 601.0 962.0 858.0 763.0 858.0 harbor 0
917.0 521.0 1123.0 521.0 1123.0 776.0 917.0 776.0 harbor 0
301.0 82.0 320.0 82.0 320.0 106.0 301.0 106.0 small-vehicle 1
1061.0 426.0 1224.0 426.0 1224.0 615.0 1061.0 615.0 harbor 0
1190.0 499.0 1286.0 499.0 1286.0 610.0 1190.0 610.0 harbor 0
1305.0 471.0 1369.0 471.0 1369.0 554.0 1305.0 554.0 harbor 0
1478.0 338.0 1580.0 338.0 1580.0 477.0 1478.0 477.0 harbor 0
1549.0 302.0 1670.0 302.0 1670.0 438.0 1549.0 438.0 harbor 0
1685.0 258.0 1764.0 258.0 1764.0 363.0 1685.0 363.0 harbor 0
397.0 888.0 556.0 888.0 556.0 1130.0 397.0 1130.0 harbor 0
301.0 926.0 486.0 926.0 486.0 1189.0 301.0 1189.0 harbor 0
327.0 1188.0 378.0 1188.0 378.0 1258.0 327.0 1258.0 harbor 0
241.0 1227.0 324.0 1227.0 324.0 1316.0 241.0 1316.0 harbor 0
194.0 419.0 215.0 419.0 215.0 441.0 194.0 441.0 small-vehicle 0
63.0 433.0 94.0 433.0 94.0 462.0 63.0 462.0 ship 0
16.0 549.0 40.0 549.0 40.0 577.0 16.0 577.0 ship 0
534.0 555.0 555.0 555.0 555.0 583.0 534.0 583.0 ship 0
328.0 600.0 347.0 600.0 347.0 624.0 328.0 624.0 small-vehicle 0
437.0 557.0 459.0 557.0 459.0 579.0 437.0 579.0 small-vehicle 0
426.0 1165.0 447.0 1165.0 447.0 1192.0 426.0 1192.0 ship 0
504.0 1096.0 528.0 1096.0 528.0 1129.0 504.0 1129.0 ship 0
630.0 1018.0 657.0 1018.0 657.0 1053.0 630.0 1053.0 ship 0
1695.0 312.0 1739.0 312.0 1739.0 366.0 1695.0 366.0 ship 0
843.0 287.0 859.0 287.0 859.0 309.0 843.0 309.0 small-vehicle 0
1501.0 624.0 1530.0 624.0 1530.0 648.0 1501.0 648.0 ship 0
1555.0 736.0 1582.0 736.0 1582.0 759.0 1555.0 759.0 ship 0
1710.0 245.0 1781.0 245.0 1781.0 340.0 1710.0 340.0 harbor 0
