imagesource:GoogleEarth
gsd:0.278139760968
1324.0 653.0 1341.0 653.0 1341.0 667.0 1324.0 667.0 small-vehicle 0
702.0 1926.0 909.0 1926.0 909.0 2089.0 702.0 2089.0 harbor 0
198.0 421.0 222.0 421.0 222.0 430.0 198.0 430.0 small-vehicle 0
1.0 3064.0 88.0 3064.0 88.0 3141.0 1.0 3141.0 harbor 1
31.0 2925.0 184.0 2925.0 184.0 3056.0 31.0 3056.0 harbor 0
104.0 2860.0 249.0 2860.0 249.0 2997.0 104.0 2997.0 harbor 0
161.0 2820.0 291.0 2820.0 291.0 2923.0 161.0 2923.0 harbor 0
223.0 2756.0 345.0 2756.0 345.0 2862.0 223.0 2862.0 harbor 0
230.0 2633.0 423.0 2633.0 423.0 2797.0 230.0 2797.0 harbor 0
295.0 2561.0 481.0 2561.0 481.0 2714.0 295.0 2714.0 harbor 0
374.0 2512.0 526.0 2512.0 526.0 2627.0 374.0 2627.0 harbor 0
439.0 2407.0 588.0 2407.0 588.0 2528.0 439.0 2528.0 harbor 0
472.0 2289.0 662.0 2289.0 662.0 2433.0 472.0 2433.0 harbor 0
543.0 2200.0 733.0 2200.0 733.0 2349.0 543.0 2349.0 harbor 0
580.0 2107.0 788.0 2107.0 788.0 2263.0 580.0 2263.0 harbor 0
642.0 2002.0 858.0 2002.0 858.0 2173.0 642.0 2173.0 harbor 0
757.0 1827.0 972.0 1827.0 972.0 1997.0 757.0 1997.0 harbor 0
193.0 1697.0 213.0 1697.0 213.0 1715.0 193.0 1715.0 small-vehicle 0
812.0 1747.0 1036.0 1747.0 1036.0 1918.0 812.0 1918.0 harbor 0
962.0 1738.0 1086.0 1738.0 1086.0 1839.0 962.0 1839.0 harbor 0
1045.0 1478.0 1231.0 1478.0 1231.0 1611.0 1045.0 1611.0 harbor 0
1150.0 1441.0 1286.0 1441.0 1286.0 1540.0 1150.0 1540.0 harbor 0
1145.0 1300.0 1338.0 1300.0 1338.0 1440.0 1145.0 1440.0 harbor 0
1217.0 1189.0 1424.0 1189.0 1424.0 1344.0 1217.0 1344.0 harbor 0
1284.0 1096.0 1490.0 1096.0 1490.0 1243.0 1284.0 1243.0 harbor 0
1344.0 1012.0 1551.0 1012.0 1551.0 1169.0 1344.0 1169.0 harbor 0
1397.0 950.0 1580.0 950.0 1580.0 1085.0 1397.0 1085.0 harbor 0
1507.0 793.0 1691.0 793.0 1691.0 934.0 1507.0 934.0 harbor 0
1586.0 670.0 1760.0 670.0 1760.0 801.0 1586.0 801.0 harbor 0
1763.0 401.0 1949.0 401.0 1949.0 542.0 1763.0 542.0 harbor 0
1834.0 319.0 2013.0 319.0 2013.0 457.0 1834.0 457.0 harbor 0
1900.0 221.0 2078.0 221.0 2078.0 359.0 1900.0 359.0 harbor 0
87.0 591.0 99.0 591.0 99.0 612.0 87.0 612.0 small-vehicle 0
211.0 1817.0 231.0 1817.0 231.0 1839.0 211.0 1839.0 small-vehicle 0
1147.0 109.0 1164.0 109.0 1164.0 130.0 1147.0 130.0 small-vehicle 0
816.0 2145.0 841.0 2145.0 841.0 2166.0 816.0 2166.0 ship 0
1154.0 388.0 1170.0 388.0 1170.0 407.0 1154.0 407.0 small-vehicle 0
903.0 483.0 945.0 483.0 945.0 518.0 903.0 518.0 swimming-pool 0
1409.0 537.0 1427.0 537.0 1427.0 555.0 1409.0 555.0 small-vehicle 0
1420.0 554.0 1436.0 554.0 1436.0 573.0 1420.0 573.0 small-vehicle 0
1327.0 668.0 1345.0 668.0 1345.0 684.0 1327.0 684.0 small-vehicle 0
1427.0 1211.0 1452.0 1211.0 1452.0 1231.0 1427.0 1231.0 ship 0
860.0 1205.0 884.0 1205.0 884.0 1226.0 860.0 1226.0 ship 0
2098.0 260.0 2125.0 260.0 2125.0 280.0 2098.0 280.0 ship 0
2145.0 171.0 2168.0 171.0 2168.0 197.0 2145.0 197.0 ship 0
1688.0 328.0 1726.0 328.0 1726.0 367.0 1688.0 367.0 swimming-pool 0
1658.0 911.0 1685.0 911.0 1685.0 935.0 1658.0 935.0 ship 0
1669.0 893.0 1697.0 893.0 1697.0 916.0 1669.0 916.0 ship 0
1561.0 1042.0 1587.0 1042.0 1587.0 1062.0 1561.0 1062.0 ship 0
1379.0 1325.0 1411.0 1325.0 1411.0 1352.0 1379.0 1352.0 ship 0
1091.0 2292.0 1113.0 2292.0 1113.0 2315.0 1091.0 2315.0 ship 0
155.0 1831.0 174.0 1831.0 174.0 1848.0 155.0 1848.0 small-vehicle 0
625.0 2400.0 650.0 2400.0 650.0 2421.0 625.0 2421.0 ship 0
534.0 2513.0 561.0 2513.0 561.0 2537.0 534.0 2537.0 ship 0
488.0 2605.0 514.0 2605.0 514.0 2624.0 488.0 2624.0 ship 0
140.0 3039.0 166.0 3039.0 166.0 3061.0 140.0 3061.0 ship 0
155.0 2446.0 174.0 2446.0 174.0 2466.0 155.0 2466.0 small-vehicle 1
173.0 2459.0 194.0 2459.0 194.0 2479.0 173.0 2479.0 small-vehicle 1
290.0 2460.0 347.0 2460.0 347.0 2511.0 290.0 2511.0 swimming-pool 0
269.0 2203.0 284.0 2203.0 284.0 2222.0 269.0 2222.0 small-vehicle 0
388.0 2145.0 403.0 2145.0 403.0 2161.0 388.0 2161.0 small-vehicle 1
370.0 2140.0 384.0 2140.0 384.0 2161.0 370.0 2161.0 small-vehicle 0
567.0 1988.0 610.0 1988.0 610.0 2039.0 567.0 2039.0 swimming-pool 0
143.0 1603.0 166.0 1603.0 166.0 1631.0 143.0 1631.0 ship 0
817.0 1496.0 839.0 1496.0 839.0 1516.0 817.0 1516.0 small-vehicle 0
579.0 1724.0 598.0 1724.0 598.0 1746.0 579.0 1746.0 small-vehicle 0
1946.0 156.0 2125.0 156.0 2125.0 291.0 1946.0 291.0 harbor 0
