imagesource:GoogleEarth
gsd:0.277847253635
1529.0 3416.0 1548.0 3416.0 1548.0 3435.0 1529.0 3435.0 small-vehicle 0
1132.0 1252.0 1166.0 1252.0 1166.0 1272.0 1132.0 1272.0 ship 0
734.0 789.0 761.0 789.0 761.0 802.0 734.0 802.0 small-vehicle 0
734.0 802.0 759.0 802.0 759.0 814.0 734.0 814.0 small-vehicle 0
732.0 814.0 758.0 814.0 758.0 826.0 732.0 826.0 small-vehicle 0
696.0 762.0 707.0 762.0 707.0 792.0 696.0 792.0 small-vehicle 0
732.0 983.0 742.0 983.0 742.0 1002.0 732.0 1002.0 small-vehicle 0
1132.0 1185.0 1160.0 1185.0 1160.0 1201.0 1132.0 1201.0 ship 0
967.0 1537.0 980.0 1537.0 980.0 1561.0 967.0 1561.0 small-vehicle 0
661.0 961.0 672.0 961.0 672.0 986.0 661.0 986.0 small-vehicle 0
1004.0 1674.0 1025.0 1674.0 1025.0 1686.0 1004.0 1686.0 small-vehicle 0
1189.0 1724.0 1211.0 1724.0 1211.0 1751.0 1189.0 1751.0 ship 0
1198.0 1969.0 1223.0 1969.0 1223.0 1980.0 1198.0 1980.0 ship 0
1264.0 1994.0 1287.0 1994.0 1287.0 2007.0 1264.0 2007.0 ship 0
1423.0 2030.0 1443.0 2030.0 1443.0 2041.0 1423.0 2041.0 ship 0
751.0 1820.0 772.0 1820.0 772.0 1843.0 751.0 1843.0 ship 0
649.0 965.0 659.0 965.0 659.0 985.0 649.0 985.0 small-vehicle 0
665.0 886.0 679.0 886.0 679.0 909.0 665.0 909.0 small-vehicle 0
875.0 2032.0 915.0 2032.0 915.0 2057.0 875.0 2057.0 swimming-pool 0
744.0 691.0 769.0 691.0 769.0 701.0 744.0 701.0 small-vehicle 0
657.0 681.0 680.0 681.0 680.0 699.0 657.0 699.0 small-vehicle 0
640.0 716.0 662.0 716.0 662.0 728.0 640.0 728.0 small-vehicle 0
637.0 727.0 660.0 727.0 660.0 742.0 637.0 742.0 small-vehicle 0
633.0 765.0 656.0 765.0 656.0 779.0 633.0 779.0 small-vehicle 0
632.0 779.0 654.0 779.0 654.0 790.0 632.0 790.0 small-vehicle 0
627.0 794.0 651.0 794.0 651.0 802.0 627.0 802.0 small-vehicle 0
747.0 702.0 768.0 702.0 768.0 711.0 747.0 711.0 small-vehicle 0
653.0 898.0 662.0 898.0 662.0 917.0 653.0 917.0 small-vehicle 0
747.0 711.0 771.0 711.0 771.0 723.0 747.0 723.0 small-vehicle 0
739.0 751.0 762.0 751.0 762.0 762.0 739.0 762.0 small-vehicle 0
736.0 763.0 762.0 763.0 762.0 774.0 736.0 774.0 small-vehicle 0
734.0 776.0 760.0 776.0 760.0 787.0 734.0 787.0 small-vehicle 0
627.0 884.0 637.0 884.0 637.0 907.0 627.0 907.0 small-vehicle 0
640.0 884.0 651.0 884.0 651.0 908.0 640.0 908.0 small-vehicle 0
686.0 1843.0 714.0 1843.0 714.0 1863.0 686.0 1863.0 ship 0
1102.0 2005.0 1121.0 2005.0 1121.0 2017.0 1102.0 2017.0 small-vehicle 0
628.0 627.0 644.0 627.0 644.0 665.0 628.0 665.0 small-vehicle 0
2148.0 1462.0 2168.0 1462.0 2168.0 1479.0 2148.0 1479.0 small-vehicle 0
2077.0 1112.0 2097.0 1112.0 2097.0 1139.0 2077.0 1139.0 ship 0
2125.0 982.0 2143.0 982.0 2143.0 1010.0 2125.0 1010.0 ship 0
2217.0 582.0 2248.0 582.0 2248.0 626.0 2217.0 626.0 ship 0
2289.0 412.0 2331.0 412.0 2331.0 442.0 2289.0 442.0 ship 0
2308.0 365.0 2328.0 365.0 2328.0 380.0 2308.0 380.0 ship 0
2332.0 305.0 2353.0 305.0 2353.0 335.0 2332.0 335.0 ship 0
2083.0 1649.0 2099.0 1649.0 2099.0 1671.0 2083.0 1671.0 small-vehicle 0
1822.0 1559.0 1848.0 1559.0 1848.0 1580.0 1822.0 1580.0 ship 0
1959.0 1991.0 1976.0 1991.0 1976.0 2014.0 1959.0 2014.0 small-vehicle 0
2154.0 2067.0 2174.0 2067.0 2174.0 2095.0 2154.0 2095.0 small-vehicle 0
1843.0 2052.0 1853.0 2052.0 1853.0 2073.0 1843.0 2073.0 small-vehicle 0
1683.0 2177.0 1706.0 2177.0 1706.0 2194.0 1683.0 2194.0 small-vehicle 0
2102.0 2231.0 2121.0 2231.0 2121.0 2251.0 2102.0 2251.0 small-vehicle 0
2141.0 2257.0 2156.0 2257.0 2156.0 2273.0 2141.0 2273.0 small-vehicle 0
1928.0 1392.0 1957.0 1392.0 1957.0 1416.0 1928.0 1416.0 ship 0
1911.0 1448.0 1940.0 1448.0 1940.0 1470.0 1911.0 1470.0 ship 0
1105.0 2017.0 1122.0 2017.0 1122.0 2028.0 1105.0 2028.0 small-vehicle 0
1296.0 2144.0 1318.0 2144.0 1318.0 2169.0 1296.0 2169.0 ship 0
1081.0 2019.0 1100.0 2019.0 1100.0 2032.0 1081.0 2032.0 small-vehicle 0
739.0 2106.0 762.0 2106.0 762.0 2118.0 739.0 2118.0 small-vehicle 1
752.0 2135.0 771.0 2135.0 771.0 2148.0 752.0 2148.0 small-vehicle 1
947.0 1993.0 968.0 1993.0 968.0 2005.0 947.0 2005.0 small-vehicle 1
1071.0 2173.0 1091.0 2173.0 1091.0 2184.0 1071.0 2184.0 small-vehicle 1
661.0 2061.0 691.0 2061.0 691.0 2080.0 661.0 2080.0 ship 0
1328.0 2136.0 1341.0 2136.0 1341.0 2172.0 1328.0 2172.0 ship 0
1673.0 1803.0 1712.0 1803.0 1712.0 1833.0 1673.0 1833.0 ship 0
1346.0 2138.0 1358.0 2138.0 1358.0 2160.0 1346.0 2160.0 ship 0
1387.0 2135.0 1399.0 2135.0 1399.0 2156.0 1387.0 2156.0 ship 0
1432.0 2123.0 1447.0 2123.0 1447.0 2146.0 1432.0 2146.0 ship 0
1470.0 2102.0 1486.0 2102.0 1486.0 2127.0 1470.0 2127.0 ship 0
1493.0 2054.0 1516.0 2054.0 1516.0 2077.0 1493.0 2077.0 ship 0
1658.0 1817.0 1690.0 1817.0 1690.0 1845.0 1658.0 1845.0 ship 0
659.0 661.0 685.0 661.0 685.0 675.0 659.0 675.0 small-vehicle 0
1652.0 2512.0 1731.0 2512.0 1731.0 2607.0 1652.0 2607.0 tennis-court 0
1879.0 2137.0 1903.0 2137.0 1903.0 2160.0 1879.0 2160.0 small-vehicle 1
1334.0 2137.0 1352.0 2137.0 1352.0 2251.0 1334.0 2251.0 harbor 0
1544.0 1992.0 1647.0 1992.0 1647.0 2083.0 1544.0 2083.0 harbor 0
1493.0 2047.0 1617.0 2047.0 1617.0 2153.0 1493.0 2153.0 harbor 0
1489.0 2089.0 1587.0 2089.0 1587.0 2247.0 1489.0 2247.0 harbor 0
1455.0 2097.0 1532.0 2097.0 1532.0 2286.0 1455.0 2286.0 harbor 0
1416.0 2112.0 1472.0 2112.0 1472.0 2278.0 1416.0 2278.0 harbor 0
1371.0 2119.0 1404.0 2119.0 1404.0 2270.0 1371.0 2270.0 harbor 0
1258.0 2120.0 1319.0 2120.0 1319.0 2221.0 1258.0 2221.0 harbor 0
1648.0 1816.0 1778.0 1816.0 1778.0 1926.0 1648.0 1926.0 harbor 0
1245.0 2104.0 1282.0 2104.0 1282.0 2144.0 1245.0 2144.0 harbor 0
1185.0 2129.0 1250.0 2129.0 1250.0 2157.0 1185.0 2157.0 harbor 0
1145.0 2024.0 1242.0 2024.0 1242.0 2080.0 1145.0 2080.0 harbor 0
1122.0 1929.0 1225.0 1929.0 1225.0 1984.0 1122.0 1984.0 harbor 0
1102.0 1826.0 1204.0 1826.0 1204.0 1876.0 1102.0 1876.0 harbor 0
1100.0 1713.0 1208.0 1713.0 1208.0 1773.0 1100.0 1773.0 harbor 0
1598.0 1902.0 1678.0 1902.0 1678.0 1978.0 1598.0 1978.0 harbor 0
1701.0 1728.0 1821.0 1728.0 1821.0 1824.0 1701.0 1824.0 harbor 0
1086.0 1476.0 1209.0 1476.0 1209.0 1539.0 1086.0 1539.0 harbor 0
2114.0 896.0 2232.0 896.0 2232.0 972.0 2114.0 972.0 harbor 0
2326.0 280.0 2409.0 280.0 2409.0 356.0 2326.0 356.0 harbor 1
2291.0 359.0 2408.0 359.0 2408.0 454.0 2291.0 454.0 harbor 0
2239.0 479.0 2361.0 479.0 2361.0 555.0 2239.0 555.0 harbor 0
2208.0 563.0 2259.0 563.0 2259.0 642.0 2208.0 642.0 harbor 0
2188.0 679.0 2304.0 679.0 2304.0 752.0 2188.0 752.0 harbor 0
2153.0 774.0 2264.0 774.0 2264.0 852.0 2153.0 852.0 harbor 0
2087.0 974.0 2199.0 974.0 2199.0 1041.0 2087.0 1041.0 harbor 0
1780.0 1629.0 1884.0 1629.0 1884.0 1717.0 1780.0 1717.0 harbor 0
2198.0 1051.0 2234.0 1051.0 2234.0 1101.0 2198.0 1101.0 swimming-pool 0
2057.0 1106.0 2140.0 1106.0 2140.0 1179.0 2057.0 1179.0 harbor 0
1980.0 1224.0 2098.0 1224.0 2098.0 1331.0 1980.0 1331.0 harbor 0
1931.0 1354.0 2054.0 1354.0 2054.0 1454.0 1931.0 1454.0 harbor 0
1892.0 1454.0 2002.0 1454.0 2002.0 1535.0 1892.0 1535.0 harbor 0
1825.0 1524.0 1942.0 1524.0 1942.0 1626.0 1825.0 1626.0 harbor 0
1107.0 1596.0 1210.0 1596.0 1210.0 1656.0 1107.0 1656.0 harbor 0
1061.0 1369.0 1193.0 1369.0 1193.0 1423.0 1061.0 1423.0 harbor 0
605.0 3468.0 645.0 3468.0 645.0 3497.0 605.0 3497.0 harbor 1
953.0 3076.0 1006.0 3076.0 1006.0 3159.0 953.0 3159.0 harbor 0
540.0 3214.0 595.0 3214.0 595.0 3279.0 540.0 3279.0 harbor 0
617.0 3182.0 664.0 3182.0 664.0 3251.0 617.0 3251.0 harbor 0
694.0 3147.0 741.0 3147.0 741.0 3215.0 694.0 3215.0 harbor 0
748.0 3133.0 790.0 3133.0 790.0 3198.0 748.0 3198.0 harbor 0
846.0 3106.0 889.0 3106.0 889.0 3181.0 846.0 3181.0 harbor 0
907.0 3123.0 939.0 3123.0 939.0 3165.0 907.0 3165.0 harbor 0
990.0 3095.0 1046.0 3095.0 1046.0 3156.0 990.0 3156.0 harbor 0
382.0 2884.0 488.0 2884.0 488.0 2934.0 382.0 2934.0 harbor 0
1017.0 3173.0 1077.0 3173.0 1077.0 3232.0 1017.0 3232.0 harbor 0
919.0 3318.0 973.0 3318.0 973.0 3353.0 919.0 3353.0 harbor 0
968.0 3309.0 1004.0 3309.0 1004.0 3393.0 968.0 3393.0 harbor 0
810.0 3373.0 886.0 3373.0 886.0 3486.0 810.0 3486.0 harbor 0
727.0 3407.0 797.0 3407.0 797.0 3496.0 727.0 3496.0 harbor 1
670.0 3439.0 727.0 3439.0 727.0 3497.0 670.0 3497.0 harbor 1
402.0 2966.0 505.0 2966.0 505.0 3046.0 402.0 3046.0 harbor 0
369.0 2819.0 471.0 2819.0 471.0 2859.0 369.0 2859.0 harbor 0
1048.0 1265.0 1177.0 1265.0 1177.0 1330.0 1048.0 1330.0 harbor 0
541.0 1964.0 624.0 1964.0 624.0 2053.0 541.0 2053.0 harbor 0
1035.0 1164.0 1165.0 1164.0 1165.0 1216.0 1035.0 1216.0 harbor 0
1028.0 1070.0 1177.0 1070.0 1177.0 1117.0 1028.0 1117.0 harbor 0
888.0 579.0 1098.0 579.0 1098.0 785.0 888.0 785.0 harbor 0
790.0 1754.0 841.0 1754.0 841.0 1815.0 790.0 1815.0 harbor 0
742.0 1807.0 810.0 1807.0 810.0 1876.0 742.0 1876.0 harbor 0
690.0 1844.0 756.0 1844.0 756.0 1927.0 690.0 1927.0 harbor 0
479.0 2032.0 546.0 2032.0 546.0 2109.0 479.0 2109.0 harbor 0
330.0 2671.0 444.0 2671.0 444.0 2748.0 330.0 2748.0 harbor 0
291.0 2202.0 351.0 2202.0 351.0 2266.0 291.0 2266.0 harbor 0
252.0 2350.0 359.0 2350.0 359.0 2402.0 252.0 2402.0 harbor 0
269.0 2411.0 381.0 2411.0 381.0 2470.0 269.0 2470.0 harbor 0
274.0 2480.0 402.0 2480.0 402.0 2539.0 274.0 2539.0 harbor 0
289.0 2550.0 419.0 2550.0 419.0 2603.0 289.0 2603.0 harbor 0
312.0 2600.0 428.0 2600.0 428.0 2660.0 312.0 2660.0 harbor 0
1952.0 1901.0 1972.0 1901.0 1972.0 1922.0 1952.0 1922.0 small-vehicle 1
1823.0 2227.0 1839.0 2227.0 1839.0 2247.0 1823.0 2247.0 small-vehicle 1
1420.0 3426.0 1432.0 3426.0 1432.0 3446.0 1420.0 3446.0 small-vehicle 0
1188.0 2410.0 1204.0 2410.0 1204.0 2434.0 1188.0 2434.0 small-vehicle 0
656.0 3215.0 673.0 3215.0 673.0 3245.0 656.0 3245.0 ship 0
771.0 3163.0 789.0 3163.0 789.0 3194.0 771.0 3194.0 ship 0
903.0 3133.0 923.0 3133.0 923.0 3159.0 903.0 3159.0 ship 0
947.0 3127.0 969.0 3127.0 969.0 3157.0 947.0 3157.0 ship 0
1326.0 2637.0 1386.0 2637.0 1386.0 2679.0 1326.0 2679.0 swimming-pool 0
1232.0 2424.0 1255.0 2424.0 1255.0 2440.0 1232.0 2440.0 small-vehicle 0
1181.0 2426.0 1197.0 2426.0 1197.0 2444.0 1181.0 2444.0 small-vehicle 0
760.0 3405.0 776.0 3405.0 776.0 3427.0 760.0 3427.0 ship 0
1175.0 2516.0 1197.0 2516.0 1197.0 2536.0 1175.0 2536.0 small-vehicle 0
1043.0 2934.0 1055.0 2934.0 1055.0 2956.0 1043.0 2956.0 small-vehicle 1
1027.0 2934.0 1043.0 2934.0 1043.0 2956.0 1027.0 2956.0 small-vehicle 1
859.0 2979.0 871.0 2979.0 871.0 3000.0 859.0 3000.0 small-vehicle 1
507.0 2284.0 526.0 2284.0 526.0 2297.0 507.0 2297.0 small-vehicle 1
730.0 2318.0 749.0 2318.0 749.0 2328.0 730.0 2328.0 small-vehicle 1
686.0 3448.0 711.0 3448.0 711.0 3478.0 686.0 3478.0 ship 0
937.0 3316.0 960.0 3316.0 960.0 3331.0 937.0 3331.0 ship 0
533.0 2748.0 552.0 2748.0 552.0 2760.0 533.0 2760.0 small-vehicle 1
1479.0 3384.0 1495.0 3384.0 1495.0 3402.0 1479.0 3402.0 small-vehicle 0
1265.0 3205.0 1279.0 3205.0 1279.0 3224.0 1265.0 3224.0 small-vehicle 0
1356.0 3388.0 1374.0 3388.0 1374.0 3406.0 1356.0 3406.0 small-vehicle 0
1366.0 3390.0 1385.0 3390.0 1385.0 3412.0 1366.0 3412.0 small-vehicle 0
1413.0 3399.0 1429.0 3399.0 1429.0 3419.0 1413.0 3419.0 small-vehicle 0
1424.0 3406.0 1439.0 3406.0 1439.0 3424.0 1424.0 3424.0 small-vehicle 0
1469.0 3378.0 1484.0 3378.0 1484.0 3397.0 1469.0 3397.0 small-vehicle 0
1450.0 3365.0 1468.0 3365.0 1468.0 3386.0 1450.0 3386.0 small-vehicle 1
909.0 3326.0 940.0 3326.0 940.0 3343.0 909.0 3343.0 ship 0
1511.0 3403.0 1526.0 3403.0 1526.0 3422.0 1511.0 3422.0 small-vehicle 1
1401.0 3418.0 1414.0 3418.0 1414.0 3434.0 1401.0 3434.0 small-vehicle 1
1383.0 3464.0 1397.0 3464.0 1397.0 3480.0 1383.0 3480.0 small-vehicle 1
1190.0 3397.0 1211.0 3397.0 1211.0 3417.0 1190.0 3417.0 small-vehicle 1
1178.0 3407.0 1195.0 3407.0 1195.0 3425.0 1178.0 3425.0 small-vehicle 1
1008.0 3439.0 1023.0 3439.0 1023.0 3459.0 1008.0 3459.0 small-vehicle 1
480.0 2491.0 500.0 2491.0 500.0 2501.0 480.0 2501.0 small-vehicle 1
548.0 2806.0 568.0 2806.0 568.0 2818.0 548.0 2818.0 small-vehicle 1
1477.0 3199.0 1495.0 3199.0 1495.0 3219.0 1477.0 3219.0 small-vehicle 0
1418.0 2435.0 1430.0 2435.0 1430.0 2454.0 1418.0 2454.0 small-vehicle 0
571.0 995.0 610.0 995.0 610.0 1007.0 571.0 1007.0 ship 0
577.0 1031.0 603.0 1031.0 603.0 1039.0 577.0 1039.0 ship 0
578.0 1042.0 611.0 1042.0 611.0 1054.0 578.0 1054.0 ship 0
784.0 1870.0 809.0 1870.0 809.0 1897.0 784.0 1897.0 swimming-pool 0
1917.0 2055.0 1935.0 2055.0 1935.0 2076.0 1917.0 2076.0 swimming-pool 0
1810.0 2215.0 1830.0 2215.0 1830.0 2235.0 1810.0 2235.0 swimming-pool 0
1401.0 2430.0 1411.0 2430.0 1411.0 2450.0 1401.0 2450.0 small-vehicle 0
561.0 965.0 596.0 965.0 596.0 979.0 561.0 979.0 ship 0
1020.0 2470.0 1039.0 2470.0 1039.0 2484.0 1020.0 2484.0 small-vehicle 0
1022.0 2451.0 1039.0 2451.0 1039.0 2461.0 1022.0 2461.0 small-vehicle 0
2244.0 2378.0 2262.0 2378.0 2262.0 2397.0 2244.0 2397.0 small-vehicle 0
2202.0 2331.0 2224.0 2331.0 2224.0 2347.0 2202.0 2347.0 small-vehicle 0
1514.0 3157.0 1531.0 3157.0 1531.0 3175.0 1514.0 3175.0 small-vehicle 1
1289.0 3193.0 1303.0 3193.0 1303.0 3214.0 1289.0 3214.0 small-vehicle 0
572.0 980.0 609.0 980.0 609.0 992.0 572.0 992.0 ship 0
560.0 950.0 595.0 950.0 595.0 963.0 560.0 963.0 ship 0
807.0 2798.0 832.0 2798.0 832.0 2809.0 807.0 2809.0 small-vehicle 1
389.0 2931.0 417.0 2931.0 417.0 2948.0 389.0 2948.0 ship 0
637.0 2882.0 659.0 2882.0 659.0 2893.0 637.0 2893.0 small-vehicle 1
649.0 2914.0 677.0 2914.0 677.0 2930.0 649.0 2930.0 ship 0
1049.0 2656.0 1069.0 2656.0 1069.0 2666.0 1049.0 2666.0 small-vehicle 1
1063.0 2673.0 1081.0 2673.0 1081.0 2682.0 1063.0 2682.0 small-vehicle 1
844.0 2629.0 865.0 2629.0 865.0 2644.0 844.0 2644.0 small-vehicle 1
1041.0 2597.0 1061.0 2597.0 1061.0 2607.0 1041.0 2607.0 small-vehicle 1
374.0 2845.0 398.0 2845.0 398.0 2856.0 374.0 2856.0 ship 0
565.0 938.0 600.0 938.0 600.0 949.0 565.0 949.0 ship 0
357.0 2680.0 375.0 2680.0 375.0 2705.0 357.0 2705.0 ship 0
316.0 2625.0 340.0 2625.0 340.0 2642.0 316.0 2642.0 ship 0
257.0 2375.0 276.0 2375.0 276.0 2404.0 257.0 2404.0 ship 0
318.0 2192.0 345.0 2192.0 345.0 2215.0 318.0 2215.0 ship 0
473.0 2045.0 494.0 2045.0 494.0 2059.0 473.0 2059.0 ship 0
949.0 25.0 979.0 25.0 979.0 46.0 949.0 46.0 ship 0
1273.0 3198.0 1287.0 3198.0 1287.0 3220.0 1273.0 3220.0 small-vehicle 0
1467.0 3189.0 1486.0 3189.0 1486.0 3211.0 1467.0 3211.0 small-vehicle 0
1741.0 2347.0 1759.0 2347.0 1759.0 2368.0 1741.0 2368.0 small-vehicle 1
1842.0 2529.0 1858.0 2529.0 1858.0 2551.0 1842.0 2551.0 small-vehicle 0
1888.0 2516.0 1904.0 2516.0 1904.0 2527.0 1888.0 2527.0 small-vehicle 0
1739.0 2463.0 1752.0 2463.0 1752.0 2483.0 1739.0 2483.0 small-vehicle 0
1748.0 2467.0 1764.0 2467.0 1764.0 2491.0 1748.0 2491.0 small-vehicle 0
1765.0 2482.0 1782.0 2482.0 1782.0 2504.0 1765.0 2504.0 small-vehicle 0
1774.0 2489.0 1791.0 2489.0 1791.0 2508.0 1774.0 2508.0 small-vehicle 0
1803.0 2504.0 1819.0 2504.0 1819.0 2526.0 1803.0 2526.0 small-vehicle 0
1850.0 2536.0 1866.0 2536.0 1866.0 2557.0 1850.0 2557.0 small-vehicle 0
1760.0 2426.0 1779.0 2426.0 1779.0 2440.0 1760.0 2440.0 small-vehicle 0
1754.0 2474.0 1774.0 2474.0 1774.0 2497.0 1754.0 2497.0 small-vehicle 1
1782.0 2490.0 1800.0 2490.0 1800.0 2511.0 1782.0 2511.0 small-vehicle 1
1790.0 2500.0 1810.0 2500.0 1810.0 2522.0 1790.0 2522.0 small-vehicle 1
1814.0 2511.0 1832.0 2511.0 1832.0 2532.0 1814.0 2532.0 small-vehicle 1
1821.0 2515.0 1839.0 2515.0 1839.0 2537.0 1821.0 2537.0 small-vehicle 1
1830.0 2521.0 1849.0 2521.0 1849.0 2543.0 1830.0 2543.0 small-vehicle 1
1568.0 2444.0 1590.0 2444.0 1590.0 2461.0 1568.0 2461.0 small-vehicle 0
1875.0 2379.0 1896.0 2379.0 1896.0 2399.0 1875.0 2399.0 small-vehicle 0
1868.0 2546.0 1886.0 2546.0 1886.0 2567.0 1868.0 2567.0 small-vehicle 1
2290.0 2350.0 2307.0 2350.0 2307.0 2369.0 2290.0 2369.0 small-vehicle 0
2186.0 2284.0 2201.0 2284.0 2201.0 2302.0 2186.0 2302.0 small-vehicle 1
1785.0 2360.0 1803.0 2360.0 1803.0 2376.0 1785.0 2376.0 small-vehicle 0
2203.0 2295.0 2221.0 2295.0 2221.0 2316.0 2203.0 2316.0 small-vehicle 0
2214.0 2304.0 2230.0 2304.0 2230.0 2322.0 2214.0 2322.0 small-vehicle 0
2234.0 2314.0 2250.0 2314.0 2250.0 2334.0 2234.0 2334.0 small-vehicle 0
2242.0 2321.0 2259.0 2321.0 2259.0 2339.0 2242.0 2339.0 small-vehicle 0
2263.0 2392.0 2282.0 2392.0 2282.0 2411.0 2263.0 2411.0 small-vehicle 0
1817.0 2309.0 1834.0 2309.0 1834.0 2327.0 1817.0 2327.0 small-vehicle 0
1897.0 2262.0 1914.0 2262.0 1914.0 2282.0 1897.0 2282.0 small-vehicle 0
1933.0 2299.0 1955.0 2299.0 1955.0 2314.0 1933.0 2314.0 small-vehicle 0
1928.0 2306.0 1946.0 2306.0 1946.0 2325.0 1928.0 2325.0 small-vehicle 0
1921.0 2316.0 1943.0 2316.0 1943.0 2335.0 1921.0 2335.0 small-vehicle 0
1805.0 2332.0 1823.0 2332.0 1823.0 2348.0 1805.0 2348.0 small-vehicle 0
1797.0 2341.0 1815.0 2341.0 1815.0 2356.0 1797.0 2356.0 small-vehicle 0
1858.0 2540.0 1877.0 2540.0 1877.0 2562.0 1858.0 2562.0 small-vehicle 1
1858.0 2596.0 1874.0 2596.0 1874.0 2613.0 1858.0 2613.0 small-vehicle 1
1318.0 3128.0 1337.0 3128.0 1337.0 3149.0 1318.0 3149.0 small-vehicle 0
1376.0 2937.0 1391.0 2937.0 1391.0 2954.0 1376.0 2954.0 small-vehicle 1
1813.0 2790.0 1833.0 2790.0 1833.0 2809.0 1813.0 2809.0 small-vehicle 1
1820.0 2793.0 1842.0 2793.0 1842.0 2814.0 1820.0 2814.0 small-vehicle 1
1830.0 2798.0 1849.0 2798.0 1849.0 2820.0 1830.0 2820.0 small-vehicle 1
1853.0 2814.0 1872.0 2814.0 1872.0 2834.0 1853.0 2834.0 small-vehicle 1
1425.0 2816.0 1442.0 2816.0 1442.0 2837.0 1425.0 2837.0 small-vehicle 1
1402.0 2895.0 1416.0 2895.0 1416.0 2915.0 1402.0 2915.0 small-vehicle 1
1474.0 2946.0 1490.0 2946.0 1490.0 2957.0 1474.0 2957.0 small-vehicle 1
1797.0 2776.0 1814.0 2776.0 1814.0 2797.0 1797.0 2797.0 small-vehicle 1
1407.0 3079.0 1421.0 3079.0 1421.0 3099.0 1407.0 3099.0 small-vehicle 1
1420.0 3084.0 1433.0 3084.0 1433.0 3103.0 1420.0 3103.0 small-vehicle 1
1310.0 3138.0 1327.0 3138.0 1327.0 3153.0 1310.0 3153.0 small-vehicle 1
1271.0 3156.0 1290.0 3156.0 1290.0 3171.0 1271.0 3171.0 small-vehicle 1
1474.0 3127.0 1485.0 3127.0 1485.0 3145.0 1474.0 3145.0 small-vehicle 1
1430.0 3095.0 1444.0 3095.0 1444.0 3114.0 1430.0 3114.0 small-vehicle 1
1805.0 2781.0 1823.0 2781.0 1823.0 2804.0 1805.0 2804.0 small-vehicle 1
1788.0 2770.0 1806.0 2770.0 1806.0 2792.0 1788.0 2792.0 small-vehicle 1
2156.0 2535.0 2243.0 2535.0 2243.0 2627.0 2156.0 2627.0 swimming-pool 0
1914.0 2693.0 1928.0 2693.0 1928.0 2710.0 1914.0 2710.0 small-vehicle 0
2006.0 2856.0 2070.0 2856.0 2070.0 2929.0 2006.0 2929.0 swimming-pool 0
1851.0 2589.0 1865.0 2589.0 1865.0 2606.0 1851.0 2606.0 small-vehicle 1
1908.0 2629.0 1923.0 2629.0 1923.0 2648.0 1908.0 2648.0 small-vehicle 0
1932.0 2644.0 1948.0 2644.0 1948.0 2663.0 1932.0 2663.0 small-vehicle 0
1939.0 2698.0 1956.0 2698.0 1956.0 2718.0 1939.0 2718.0 small-vehicle 0
1929.0 2692.0 1946.0 2692.0 1946.0 2712.0 1929.0 2712.0 small-vehicle 0
1908.0 2688.0 1921.0 2688.0 1921.0 2704.0 1908.0 2704.0 small-vehicle 1
1781.0 2603.0 1796.0 2603.0 1796.0 2622.0 1781.0 2622.0 small-vehicle 1
1795.0 2714.0 1808.0 2714.0 1808.0 2733.0 1795.0 2733.0 small-vehicle 0
1824.0 2737.0 1842.0 2737.0 1842.0 2757.0 1824.0 2757.0 small-vehicle 0
1831.0 2742.0 1850.0 2742.0 1850.0 2762.0 1831.0 2762.0 small-vehicle 0
1844.0 2748.0 1858.0 2748.0 1858.0 2768.0 1844.0 2768.0 small-vehicle 0
1742.0 2738.0 1757.0 2738.0 1757.0 2758.0 1742.0 2758.0 small-vehicle 0
1838.0 2808.0 1858.0 2808.0 1858.0 2826.0 1838.0 2826.0 small-vehicle 0
2359.0 194.0 2408.0 194.0 2408.0 265.0 2359.0 265.0 harbor 1
