imagesource:GoogleEarth
gsd:0.285425954159
176.0 2231.0 190.0 2231.0 190.0 2255.0 176.0 2255.0 small-vehicle 0
193.0 1744.0 209.0 1744.0 209.0 1775.0 193.0 1775.0 ship 0
468.0 1367.0 486.0 1367.0 486.0 1395.0 468.0 1395.0 ship 0
431.0 1352.0 449.0 1352.0 449.0 1386.0 431.0 1386.0 ship 0
410.0 1356.0 425.0 1356.0 425.0 1381.0 410.0 1381.0 ship 0
387.0 1344.0 412.0 1344.0 412.0 1388.0 387.0 1388.0 ship 0
497.0 1464.0 529.0 1464.0 529.0 1522.0 497.0 1522.0 ship 0
452.0 1500.0 474.0 1500.0 474.0 1534.0 452.0 1534.0 ship 0
476.0 1502.0 495.0 1502.0 495.0 1532.0 476.0 1532.0 ship 0
400.0 1484.0 421.0 1484.0 421.0 1519.0 400.0 1519.0 ship 0
394.0 1444.0 412.0 1444.0 412.0 1472.0 394.0 1472.0 ship 0
401.0 1579.0 418.0 1579.0 418.0 1613.0 401.0 1613.0 ship 0
358.0 1562.0 380.0 1562.0 380.0 1594.0 358.0 1594.0 ship 0
384.0 1902.0 405.0 1902.0 405.0 1948.0 384.0 1948.0 ship 0
253.0 1754.0 268.0 1754.0 268.0 1779.0 253.0 1779.0 ship 0
536.0 757.0 565.0 757.0 565.0 808.0 536.0 808.0 ship 0
356.0 1828.0 370.0 1828.0 370.0 1854.0 356.0 1854.0 ship 0
279.0 2235.0 316.0 2235.0 316.0 2258.0 279.0 2258.0 ship 0
259.0 2274.0 306.0 2274.0 306.0 2300.0 259.0 2300.0 ship 0
256.0 2293.0 308.0 2293.0 308.0 2323.0 256.0 2323.0 ship 0
253.0 2315.0 291.0 2315.0 291.0 2341.0 253.0 2341.0 ship 0
245.0 2330.0 297.0 2330.0 297.0 2363.0 245.0 2363.0 ship 0
250.0 2354.0 277.0 2354.0 277.0 2369.0 250.0 2369.0 ship 0
228.0 2387.0 274.0 2387.0 274.0 2410.0 228.0 2410.0 ship 0
230.0 2412.0 270.0 2412.0 270.0 2433.0 230.0 2433.0 ship 0
440.0 2498.0 476.0 2498.0 476.0 2523.0 440.0 2523.0 ship 0
452.0 2441.0 496.0 2441.0 496.0 2470.0 452.0 2470.0 ship 0
461.0 2422.0 505.0 2422.0 505.0 2450.0 461.0 2450.0 ship 0
491.0 1370.0 506.0 1370.0 506.0 1398.0 491.0 1398.0 ship 0
496.0 1323.0 514.0 1323.0 514.0 1358.0 496.0 1358.0 ship 0
534.0 1192.0 566.0 1192.0 566.0 1245.0 534.0 1245.0 ship 0
482.0 1193.0 500.0 1193.0 500.0 1222.0 482.0 1222.0 ship 0
477.0 747.0 501.0 747.0 501.0 806.0 477.0 806.0 ship 0
455.0 747.0 478.0 747.0 478.0 808.0 455.0 808.0 ship 0
435.0 749.0 452.0 749.0 452.0 800.0 435.0 800.0 ship 0
415.0 750.0 437.0 750.0 437.0 811.0 415.0 811.0 ship 0
395.0 750.0 409.0 750.0 409.0 791.0 395.0 791.0 ship 0
371.0 751.0 391.0 751.0 391.0 805.0 371.0 805.0 ship 0
293.0 849.0 342.0 849.0 342.0 913.0 293.0 913.0 swimming-pool 0
500.0 918.0 521.0 918.0 521.0 951.0 500.0 951.0 ship 0
515.0 923.0 538.0 923.0 538.0 964.0 515.0 964.0 ship 0
537.0 927.0 560.0 927.0 560.0 968.0 537.0 968.0 ship 0
606.0 942.0 635.0 942.0 635.0 996.0 606.0 996.0 ship 0
621.0 898.0 643.0 898.0 643.0 939.0 621.0 939.0 ship 0
599.0 891.0 625.0 891.0 625.0 934.0 599.0 934.0 ship 0
583.0 886.0 607.0 886.0 607.0 927.0 583.0 927.0 ship 0
549.0 872.0 578.0 872.0 578.0 921.0 549.0 921.0 ship 0
572.0 1054.0 606.0 1054.0 606.0 1121.0 572.0 1121.0 ship 0
549.0 1090.0 571.0 1090.0 571.0 1132.0 549.0 1132.0 ship 0
545.0 1035.0 571.0 1035.0 571.0 1078.0 545.0 1078.0 ship 0
518.0 1080.0 540.0 1080.0 540.0 1116.0 518.0 1116.0 ship 0
531.0 1037.0 550.0 1037.0 550.0 1070.0 531.0 1070.0 ship 0
486.0 1069.0 507.0 1069.0 507.0 1101.0 486.0 1101.0 ship 0
469.0 1064.0 489.0 1064.0 489.0 1098.0 469.0 1098.0 ship 0
464.0 1013.0 486.0 1013.0 486.0 1053.0 464.0 1053.0 ship 0
437.0 1058.0 456.0 1058.0 456.0 1089.0 437.0 1089.0 ship 0
444.0 1176.0 469.0 1176.0 469.0 1216.0 444.0 1216.0 ship 0
464.0 2404.0 510.0 2404.0 510.0 2433.0 464.0 2433.0 ship 0
468.0 2384.0 517.0 2384.0 517.0 2416.0 468.0 2416.0 ship 0
470.0 2285.0 504.0 2285.0 504.0 2308.0 470.0 2308.0 ship 0
43.0 821.0 57.0 821.0 57.0 845.0 43.0 845.0 ship 0
161.0 806.0 174.0 806.0 174.0 834.0 161.0 834.0 ship 0
177.0 797.0 190.0 797.0 190.0 826.0 177.0 826.0 ship 0
189.0 795.0 198.0 795.0 198.0 819.0 189.0 819.0 ship 0
198.0 789.0 207.0 789.0 207.0 817.0 198.0 817.0 ship 0
206.0 793.0 217.0 793.0 217.0 820.0 206.0 820.0 ship 0
137.0 809.0 148.0 809.0 148.0 833.0 137.0 833.0 ship 0
122.0 646.0 153.0 646.0 153.0 659.0 122.0 659.0 ship 0
124.0 633.0 161.0 633.0 161.0 648.0 124.0 648.0 ship 0
67.0 572.0 94.0 572.0 94.0 587.0 67.0 587.0 ship 0
76.0 553.0 100.0 553.0 100.0 565.0 76.0 565.0 ship 0
34.0 547.0 64.0 547.0 64.0 563.0 34.0 563.0 ship 0
36.0 614.0 60.0 614.0 60.0 625.0 36.0 625.0 ship 0
101.0 511.0 123.0 511.0 123.0 542.0 101.0 542.0 ship 0
110.0 482.0 138.0 482.0 138.0 500.0 110.0 500.0 ship 0
140.0 491.0 164.0 491.0 164.0 508.0 140.0 508.0 ship 0
222.0 277.0 268.0 277.0 268.0 305.0 222.0 305.0 ship 0
314.0 20.0 335.0 20.0 335.0 36.0 314.0 36.0 small-vehicle 0
441.0 139.0 458.0 139.0 458.0 158.0 441.0 158.0 small-vehicle 0
460.0 144.0 476.0 144.0 476.0 163.0 460.0 163.0 small-vehicle 0
471.0 148.0 485.0 148.0 485.0 168.0 471.0 168.0 small-vehicle 0
481.0 152.0 498.0 152.0 498.0 171.0 481.0 171.0 small-vehicle 0
505.0 158.0 523.0 158.0 523.0 174.0 505.0 174.0 small-vehicle 0
530.0 164.0 551.0 164.0 551.0 181.0 530.0 181.0 small-vehicle 0
423.0 186.0 433.0 186.0 433.0 207.0 423.0 207.0 small-vehicle 0
444.0 191.0 456.0 191.0 456.0 212.0 444.0 212.0 small-vehicle 0
127.0 807.0 137.0 807.0 137.0 831.0 127.0 831.0 ship 0
23.0 820.0 34.0 820.0 34.0 842.0 23.0 842.0 ship 0
562.0 1799.0 599.0 1799.0 599.0 1825.0 562.0 1825.0 ship 0
13.0 819.0 25.0 819.0 25.0 844.0 13.0 844.0 ship 0
566.0 1772.0 597.0 1772.0 597.0 1795.0 566.0 1795.0 ship 0
455.0 1591.0 472.0 1591.0 472.0 1619.0 455.0 1619.0 ship 0
647.0 1505.0 687.0 1505.0 687.0 1530.0 647.0 1530.0 ship 0
752.0 1084.0 797.0 1084.0 797.0 1116.0 752.0 1116.0 ship 0
773.0 1061.0 805.0 1061.0 805.0 1085.0 773.0 1085.0 ship 0
819.0 1050.0 844.0 1050.0 844.0 1069.0 819.0 1069.0 ship 0
1103.0 183.0 1144.0 183.0 1144.0 211.0 1103.0 211.0 ship 0
464.0 18.0 495.0 18.0 495.0 66.0 464.0 66.0 swimming-pool 0
358.0 275.0 414.0 275.0 414.0 297.0 358.0 297.0 ship 0
415.0 340.0 442.0 340.0 442.0 372.0 415.0 372.0 ship 0
437.0 338.0 473.0 338.0 473.0 375.0 437.0 375.0 ship 0
470.0 340.0 507.0 340.0 507.0 381.0 470.0 381.0 ship 0
179.0 269.0 230.0 269.0 230.0 294.0 179.0 294.0 ship 0
190.0 241.0 251.0 241.0 251.0 272.0 190.0 272.0 ship 0
197.0 292.0 239.0 292.0 239.0 314.0 197.0 314.0 ship 0
239.0 357.0 275.0 357.0 275.0 404.0 239.0 404.0 ship 0
233.0 352.0 264.0 352.0 264.0 381.0 233.0 381.0 ship 0
297.0 360.0 317.0 360.0 317.0 409.0 297.0 409.0 ship 0
33.0 388.0 61.0 388.0 61.0 422.0 33.0 422.0 ship 0
105.0 497.0 144.0 497.0 144.0 535.0 105.0 535.0 ship 0
83.0 594.0 116.0 594.0 116.0 612.0 83.0 612.0 ship 0
28.0 591.0 65.0 591.0 65.0 605.0 28.0 605.0 ship 0
188.0 838.0 220.0 838.0 220.0 851.0 188.0 851.0 ship 0
147.0 841.0 176.0 841.0 176.0 853.0 147.0 853.0 ship 0
3.0 819.0 16.0 819.0 16.0 844.0 3.0 844.0 ship 0
497.0 749.0 525.0 749.0 525.0 800.0 497.0 800.0 ship 0
595.0 773.0 620.0 773.0 620.0 815.0 595.0 815.0 ship 0
496.0 210.0 506.0 210.0 506.0 227.0 496.0 227.0 small-vehicle 0
965.0 616.0 1045.0 616.0 1045.0 657.0 965.0 657.0 harbor 0
657.0 1401.0 764.0 1401.0 764.0 1529.0 657.0 1529.0 harbor 0
708.0 1333.0 801.0 1333.0 801.0 1407.0 708.0 1407.0 harbor 0
728.0 1281.0 786.0 1281.0 786.0 1317.0 728.0 1317.0 harbor 0
724.0 1221.0 763.0 1221.0 763.0 1278.0 724.0 1278.0 harbor 0
734.0 1167.0 837.0 1167.0 837.0 1229.0 734.0 1229.0 harbor 0
774.0 1042.0 828.0 1042.0 828.0 1162.0 774.0 1162.0 harbor 0
816.0 981.0 912.0 981.0 912.0 1044.0 816.0 1044.0 harbor 0
841.0 944.0 942.0 944.0 942.0 987.0 841.0 987.0 harbor 0
865.0 875.0 959.0 875.0 959.0 954.0 865.0 954.0 harbor 0
900.0 750.0 944.0 750.0 944.0 859.0 900.0 859.0 harbor 0
950.0 705.0 998.0 705.0 998.0 766.0 950.0 766.0 harbor 0
951.0 656.0 1028.0 656.0 1028.0 698.0 951.0 698.0 harbor 0
969.0 552.0 1074.0 552.0 1074.0 623.0 969.0 623.0 harbor 0
628.0 784.0 656.0 784.0 656.0 833.0 628.0 833.0 ship 0
986.0 517.0 1093.0 517.0 1093.0 576.0 986.0 576.0 harbor 0
1007.0 463.0 1094.0 463.0 1094.0 505.0 1007.0 505.0 harbor 0
1019.0 417.0 1107.0 417.0 1107.0 455.0 1019.0 455.0 harbor 0
1026.0 345.0 1117.0 345.0 1117.0 411.0 1026.0 411.0 harbor 0
1057.0 277.0 1131.0 277.0 1131.0 322.0 1057.0 322.0 harbor 0
1076.0 225.0 1187.0 225.0 1187.0 283.0 1076.0 283.0 harbor 0
1108.0 198.0 1197.0 198.0 1197.0 235.0 1108.0 235.0 harbor 0
1111.0 150.0 1199.0 150.0 1199.0 194.0 1111.0 194.0 harbor 0
1155.0 35.0 1256.0 35.0 1256.0 145.0 1155.0 145.0 harbor 1
144.0 1434.0 191.0 1434.0 191.0 1496.0 144.0 1496.0 swimming-pool 0
81.0 1851.0 124.0 1851.0 124.0 1873.0 81.0 1873.0 swimming-pool 0
852.0 2529.0 889.0 2529.0 889.0 2577.0 852.0 2577.0 swimming-pool 0
636.0 1512.0 701.0 1512.0 701.0 1618.0 636.0 1618.0 harbor 0
603.0 1607.0 722.0 1607.0 722.0 1692.0 603.0 1692.0 harbor 0
605.0 1674.0 670.0 1674.0 670.0 1719.0 605.0 1719.0 harbor 0
585.0 1729.0 644.0 1729.0 644.0 1759.0 585.0 1759.0 harbor 0
600.0 193.0 840.0 193.0 840.0 367.0 600.0 367.0 harbor 0
561.0 366.0 774.0 366.0 774.0 426.0 561.0 426.0 harbor 0
515.0 405.0 746.0 405.0 746.0 523.0 515.0 523.0 harbor 0
507.0 532.0 715.0 532.0 715.0 664.0 507.0 664.0 harbor 0
502.0 691.0 714.0 691.0 714.0 845.0 502.0 845.0 harbor 0
462.0 855.0 633.0 855.0 633.0 987.0 462.0 987.0 harbor 0
413.0 1002.0 594.0 1002.0 594.0 1127.0 413.0 1127.0 harbor 0
362.0 735.0 507.0 735.0 507.0 788.0 362.0 788.0 harbor 0
407.0 1158.0 572.0 1158.0 572.0 1257.0 407.0 1257.0 harbor 0
389.0 1297.0 542.0 1297.0 542.0 1409.0 389.0 1409.0 harbor 0
358.0 1428.0 512.0 1428.0 512.0 1540.0 358.0 1540.0 harbor 0
324.0 1557.0 482.0 1557.0 482.0 1669.0 324.0 1669.0 harbor 0
186.0 1734.0 416.0 1734.0 416.0 1800.0 186.0 1800.0 harbor 0
175.0 1803.0 408.0 1803.0 408.0 1869.0 175.0 1869.0 harbor 0
377.0 1865.0 396.0 1865.0 396.0 1942.0 377.0 1942.0 harbor 0
270.0 2084.0 341.0 2084.0 341.0 2115.0 270.0 2115.0 harbor 0
207.0 2265.0 306.0 2265.0 306.0 2431.0 207.0 2431.0 harbor 0
170.0 2480.0 230.0 2480.0 230.0 2580.0 170.0 2580.0 harbor 0
480.0 2283.0 519.0 2283.0 519.0 2315.0 480.0 2315.0 harbor 0
496.0 2064.0 562.0 2064.0 562.0 2103.0 496.0 2103.0 harbor 0
508.0 2007.0 560.0 2007.0 560.0 2043.0 508.0 2043.0 harbor 0
535.0 1940.0 587.0 1940.0 587.0 1969.0 535.0 1969.0 harbor 0
535.0 1885.0 597.0 1885.0 597.0 1935.0 535.0 1935.0 harbor 0
562.0 1835.0 611.0 1835.0 611.0 1863.0 562.0 1863.0 harbor 0
554.0 1764.0 666.0 1764.0 666.0 1831.0 554.0 1831.0 harbor 0
975.0 2448.0 1001.0 2448.0 1001.0 2486.0 975.0 2486.0 swimming-pool 0
859.0 2124.0 883.0 2124.0 883.0 2157.0 859.0 2157.0 swimming-pool 0
1090.0 1856.0 1137.0 1856.0 1137.0 1886.0 1090.0 1886.0 swimming-pool 0
706.0 469.0 735.0 469.0 735.0 517.0 706.0 517.0 ship 0
656.0 455.0 678.0 455.0 678.0 491.0 656.0 491.0 ship 0
636.0 450.0 663.0 450.0 663.0 497.0 636.0 497.0 ship 0
559.0 431.0 584.0 431.0 584.0 475.0 559.0 475.0 ship 0
534.0 537.0 558.0 537.0 558.0 574.0 534.0 574.0 ship 0
568.0 545.0 591.0 545.0 591.0 583.0 568.0 583.0 ship 0
602.0 552.0 623.0 552.0 623.0 591.0 602.0 591.0 ship 0
619.0 561.0 640.0 561.0 640.0 597.0 619.0 597.0 ship 0
635.0 562.0 659.0 562.0 659.0 602.0 635.0 602.0 ship 0
671.0 575.0 690.0 575.0 690.0 606.0 671.0 606.0 ship 0
685.0 577.0 708.0 577.0 708.0 615.0 685.0 615.0 ship 0
689.0 606.0 725.0 606.0 725.0 669.0 689.0 669.0 ship 0
676.0 627.0 695.0 627.0 695.0 656.0 676.0 656.0 ship 0
656.0 617.0 681.0 617.0 681.0 657.0 656.0 657.0 ship 0
633.0 610.0 663.0 610.0 663.0 661.0 633.0 661.0 ship 0
621.0 607.0 645.0 607.0 645.0 643.0 621.0 643.0 ship 0
576.0 596.0 594.0 596.0 594.0 624.0 576.0 624.0 ship 0
557.0 590.0 579.0 590.0 579.0 629.0 557.0 629.0 ship 0
545.0 589.0 559.0 589.0 559.0 614.0 545.0 614.0 ship 0
517.0 708.0 535.0 708.0 535.0 740.0 517.0 740.0 ship 0
531.0 701.0 557.0 701.0 557.0 748.0 531.0 748.0 ship 0
566.0 709.0 597.0 709.0 597.0 757.0 566.0 757.0 ship 0
625.0 722.0 655.0 722.0 655.0 770.0 625.0 770.0 ship 0
682.0 748.0 704.0 748.0 704.0 787.0 682.0 787.0 ship 0
669.0 821.0 687.0 821.0 687.0 851.0 669.0 851.0 ship 0
647.0 788.0 677.0 788.0 677.0 842.0 647.0 842.0 ship 0
669.0 460.0 698.0 460.0 698.0 508.0 669.0 508.0 ship 0
732.0 471.0 758.0 471.0 758.0 517.0 732.0 517.0 ship 0
1036.0 2238.0 1065.0 2238.0 1065.0 2284.0 1036.0 2284.0 swimming-pool 0
687.0 439.0 721.0 439.0 721.0 459.0 687.0 459.0 ship 0
1071.0 2142.0 1101.0 2142.0 1101.0 2187.0 1071.0 2187.0 swimming-pool 0
1088.0 203.0 1128.0 203.0 1128.0 226.0 1088.0 226.0 ship 0
628.0 199.0 656.0 199.0 656.0 251.0 628.0 251.0 ship 0
647.0 220.0 669.0 220.0 669.0 256.0 647.0 256.0 ship 0
668.0 233.0 685.0 233.0 685.0 262.0 668.0 262.0 ship 0
683.0 226.0 705.0 226.0 705.0 264.0 683.0 264.0 ship 0
698.0 222.0 724.0 222.0 724.0 271.0 698.0 271.0 ship 0
718.0 236.0 739.0 236.0 739.0 273.0 718.0 273.0 ship 0
734.0 235.0 758.0 235.0 758.0 281.0 734.0 281.0 ship 0
753.0 244.0 773.0 244.0 773.0 286.0 753.0 286.0 ship 0
768.0 240.0 791.0 240.0 791.0 290.0 768.0 290.0 ship 0
803.0 251.0 828.0 251.0 828.0 298.0 803.0 298.0 ship 0
634.0 267.0 656.0 267.0 656.0 305.0 634.0 305.0 ship 0
671.0 277.0 691.0 277.0 691.0 313.0 671.0 313.0 ship 0
685.0 283.0 709.0 283.0 709.0 322.0 685.0 322.0 ship 0
704.0 285.0 727.0 285.0 727.0 322.0 704.0 322.0 ship 0
721.0 292.0 745.0 292.0 745.0 333.0 721.0 333.0 ship 0
737.0 295.0 764.0 295.0 764.0 343.0 737.0 343.0 ship 0
755.0 299.0 778.0 299.0 778.0 341.0 755.0 341.0 ship 0
777.0 304.0 793.0 304.0 793.0 334.0 777.0 334.0 ship 0
786.0 306.0 814.0 306.0 814.0 360.0 786.0 360.0 ship 0
812.0 329.0 831.0 329.0 831.0 375.0 812.0 375.0 ship 0
822.0 239.0 860.0 239.0 860.0 312.0 822.0 312.0 ship 0
663.0 400.0 707.0 400.0 707.0 423.0 663.0 423.0 ship 0
646.0 429.0 683.0 429.0 683.0 449.0 646.0 449.0 ship 0
453.0 198.0 467.0 198.0 467.0 217.0 453.0 217.0 small-vehicle 0
508.0 213.0 518.0 213.0 518.0 232.0 508.0 232.0 small-vehicle 0
43.0 2231.0 55.0 2231.0 55.0 2253.0 43.0 2253.0 small-vehicle 0
698.0 2281.0 715.0 2281.0 715.0 2299.0 698.0 2299.0 small-vehicle 1
990.0 1853.0 997.0 1853.0 997.0 1867.0 990.0 1867.0 small-vehicle 1
1010.0 1859.0 1024.0 1859.0 1024.0 1877.0 1010.0 1877.0 small-vehicle 0
1025.0 1862.0 1035.0 1862.0 1035.0 1878.0 1025.0 1878.0 small-vehicle 1
997.0 1616.0 1019.0 1616.0 1019.0 1630.0 997.0 1630.0 small-vehicle 0
1000.0 1605.0 1019.0 1605.0 1019.0 1618.0 1000.0 1618.0 small-vehicle 0
1024.0 1588.0 1037.0 1588.0 1037.0 1608.0 1024.0 1608.0 small-vehicle 0
1007.0 1574.0 1023.0 1574.0 1023.0 1598.0 1007.0 1598.0 small-vehicle 0
1141.0 1622.0 1155.0 1622.0 1155.0 1641.0 1141.0 1641.0 small-vehicle 0
794.0 1403.0 814.0 1403.0 814.0 1420.0 794.0 1420.0 small-vehicle 0
845.0 1423.0 867.0 1423.0 867.0 1439.0 845.0 1439.0 small-vehicle 0
950.0 2582.0 965.0 2582.0 965.0 2587.0 950.0 2587.0 small-vehicle 1
952.0 2549.0 971.0 2549.0 971.0 2558.0 952.0 2558.0 small-vehicle 1
1083.0 2032.0 1101.0 2032.0 1101.0 2045.0 1083.0 2045.0 small-vehicle 0
693.0 2146.0 703.0 2146.0 703.0 2168.0 693.0 2168.0 small-vehicle 0
1023.0 2045.0 1042.0 2045.0 1042.0 2062.0 1023.0 2062.0 small-vehicle 0
1031.0 2062.0 1049.0 2062.0 1049.0 2089.0 1031.0 2089.0 small-vehicle 0
1068.0 2067.0 1086.0 2067.0 1086.0 2082.0 1068.0 2082.0 small-vehicle 0
1055.0 2087.0 1080.0 2087.0 1080.0 2104.0 1055.0 2104.0 small-vehicle 0
1143.0 1844.0 1156.0 1844.0 1156.0 1863.0 1143.0 1863.0 small-vehicle 0
1134.0 1841.0 1148.0 1841.0 1148.0 1861.0 1134.0 1861.0 small-vehicle 0
1125.0 1839.0 1138.0 1839.0 1138.0 1857.0 1125.0 1857.0 small-vehicle 0
1118.0 1777.0 1131.0 1777.0 1131.0 1798.0 1118.0 1798.0 small-vehicle 0
1128.0 1783.0 1142.0 1783.0 1142.0 1805.0 1128.0 1805.0 small-vehicle 0
1139.0 1786.0 1153.0 1786.0 1153.0 1807.0 1139.0 1807.0 small-vehicle 0
1147.0 1788.0 1160.0 1788.0 1160.0 1807.0 1147.0 1807.0 small-vehicle 0
1155.0 1791.0 1168.0 1791.0 1168.0 1812.0 1155.0 1812.0 small-vehicle 0
974.0 1846.0 988.0 1846.0 988.0 1868.0 974.0 1868.0 small-vehicle 0
910.0 1939.0 926.0 1939.0 926.0 1960.0 910.0 1960.0 small-vehicle 0
1033.0 1864.0 1047.0 1864.0 1047.0 1886.0 1033.0 1886.0 small-vehicle 1
798.0 2072.0 811.0 2072.0 811.0 2093.0 798.0 2093.0 small-vehicle 1
663.0 2163.0 675.0 2163.0 675.0 2184.0 663.0 2184.0 small-vehicle 0
592.0 2185.0 607.0 2185.0 607.0 2207.0 592.0 2207.0 small-vehicle 1
584.0 2197.0 603.0 2197.0 603.0 2219.0 584.0 2219.0 small-vehicle 1
580.0 2208.0 597.0 2208.0 597.0 2228.0 580.0 2228.0 small-vehicle 1
579.0 2225.0 596.0 2225.0 596.0 2243.0 579.0 2243.0 small-vehicle 1
577.0 2236.0 592.0 2236.0 592.0 2253.0 577.0 2253.0 small-vehicle 1
622.0 2294.0 638.0 2294.0 638.0 2313.0 622.0 2313.0 small-vehicle 1
634.0 2294.0 647.0 2294.0 647.0 2314.0 634.0 2314.0 small-vehicle 1
646.0 2298.0 660.0 2298.0 660.0 2317.0 646.0 2317.0 small-vehicle 1
653.0 2299.0 666.0 2299.0 666.0 2319.0 653.0 2319.0 small-vehicle 1
669.0 2305.0 680.0 2305.0 680.0 2323.0 669.0 2323.0 small-vehicle 1
688.0 2314.0 700.0 2314.0 700.0 2330.0 688.0 2330.0 small-vehicle 1
715.0 2287.0 733.0 2287.0 733.0 2303.0 715.0 2303.0 small-vehicle 0
829.0 2083.0 840.0 2083.0 840.0 2101.0 829.0 2101.0 small-vehicle 0
677.0 2275.0 692.0 2275.0 692.0 2291.0 677.0 2291.0 small-vehicle 1
673.0 2257.0 691.0 2257.0 691.0 2269.0 673.0 2269.0 small-vehicle 0
948.0 2252.0 963.0 2252.0 963.0 2273.0 948.0 2273.0 small-vehicle 0
978.0 2245.0 992.0 2245.0 992.0 2266.0 978.0 2266.0 small-vehicle 0
971.0 2265.0 986.0 2265.0 986.0 2282.0 971.0 2282.0 small-vehicle 0
997.0 2212.0 1009.0 2212.0 1009.0 2230.0 997.0 2230.0 small-vehicle 0
672.0 2163.0 686.0 2163.0 686.0 2184.0 672.0 2184.0 small-vehicle 1
694.0 2171.0 709.0 2171.0 709.0 2190.0 694.0 2190.0 small-vehicle 1
704.0 2148.0 713.0 2148.0 713.0 2172.0 704.0 2172.0 small-vehicle 1
956.0 2256.0 970.0 2256.0 970.0 2275.0 956.0 2275.0 small-vehicle 1
564.0 2153.0 582.0 2153.0 582.0 2166.0 564.0 2166.0 small-vehicle 1
862.0 1868.0 877.0 1868.0 877.0 1880.0 862.0 1880.0 small-vehicle 1
974.0 1400.0 996.0 1400.0 996.0 1416.0 974.0 1416.0 small-vehicle 0
1081.0 1375.0 1103.0 1375.0 1103.0 1390.0 1081.0 1390.0 small-vehicle 0
683.0 1344.0 714.0 1344.0 714.0 1368.0 683.0 1368.0 ship 0
357.0 1606.0 379.0 1606.0 379.0 1623.0 357.0 1623.0 ship 0
697.0 469.0 711.0 469.0 711.0 494.0 697.0 494.0 ship 0
584.0 435.0 606.0 435.0 606.0 473.0 584.0 473.0 ship 0
616.0 422.0 641.0 422.0 641.0 435.0 616.0 435.0 ship 0
589.0 382.0 617.0 382.0 617.0 400.0 589.0 400.0 ship 0
622.0 267.0 638.0 267.0 638.0 295.0 622.0 295.0 ship 0
86.0 820.0 96.0 820.0 96.0 841.0 86.0 841.0 small-vehicle 0
76.0 819.0 86.0 819.0 86.0 839.0 76.0 839.0 small-vehicle 0
102.0 795.0 113.0 795.0 113.0 818.0 102.0 818.0 small-vehicle 0
211.0 2330.0 224.0 2330.0 224.0 2356.0 211.0 2356.0 small-vehicle 1
206.0 2608.0 230.0 2608.0 230.0 2622.0 206.0 2622.0 small-vehicle 1
623.0 2458.0 631.0 2458.0 631.0 2482.0 623.0 2482.0 small-vehicle 1
412.0 1625.0 426.0 1625.0 426.0 1648.0 412.0 1648.0 ship 0
426.0 1627.0 440.0 1627.0 440.0 1655.0 426.0 1655.0 ship 0
446.0 1635.0 464.0 1635.0 464.0 1663.0 446.0 1663.0 ship 0
1218.0 1065.0 1237.0 1065.0 1237.0 1080.0 1218.0 1080.0 small-vehicle 1
1008.0 884.0 1018.0 884.0 1018.0 903.0 1008.0 903.0 small-vehicle 1
1042.0 872.0 1060.0 872.0 1060.0 884.0 1042.0 884.0 small-vehicle 1
1075.0 955.0 1092.0 955.0 1092.0 963.0 1075.0 963.0 small-vehicle 1
1060.0 809.0 1084.0 809.0 1084.0 822.0 1060.0 822.0 small-vehicle 1
1170.0 690.0 1186.0 690.0 1186.0 699.0 1170.0 699.0 small-vehicle 1
1163.0 697.0 1185.0 697.0 1185.0 710.0 1163.0 710.0 small-vehicle 1
232.0 1963.0 254.0 1963.0 254.0 1974.0 232.0 1974.0 small-vehicle 0
234.0 1954.0 254.0 1954.0 254.0 1965.0 234.0 1965.0 small-vehicle 0
200.0 2357.0 221.0 2357.0 221.0 2369.0 200.0 2369.0 small-vehicle 0
513.0 1246.0 548.0 1246.0 548.0 1266.0 513.0 1266.0 ship 0
697.0 1323.0 723.0 1323.0 723.0 1344.0 697.0 1344.0 ship 0
1083.0 1366.0 1103.0 1366.0 1103.0 1379.0 1083.0 1379.0 small-vehicle 0
724.0 1297.0 752.0 1297.0 752.0 1315.0 724.0 1315.0 ship 0
1088.0 1356.0 1106.0 1356.0 1106.0 1370.0 1088.0 1370.0 small-vehicle 0
947.0 1323.0 964.0 1323.0 964.0 1336.0 947.0 1336.0 small-vehicle 0
950.0 1312.0 967.0 1312.0 967.0 1324.0 950.0 1324.0 small-vehicle 0
940.0 1252.0 954.0 1252.0 954.0 1273.0 940.0 1273.0 small-vehicle 0
910.0 1338.0 923.0 1338.0 923.0 1357.0 910.0 1357.0 small-vehicle 0
1049.0 1263.0 1071.0 1263.0 1071.0 1280.0 1049.0 1280.0 small-vehicle 0
1029.0 1255.0 1047.0 1255.0 1047.0 1271.0 1029.0 1271.0 small-vehicle 0
983.0 1212.0 1003.0 1212.0 1003.0 1225.0 983.0 1225.0 small-vehicle 0
989.0 1199.0 1011.0 1199.0 1011.0 1215.0 989.0 1215.0 small-vehicle 0
1125.0 1246.0 1146.0 1246.0 1146.0 1261.0 1125.0 1261.0 small-vehicle 0
990.0 1137.0 1002.0 1137.0 1002.0 1154.0 990.0 1154.0 small-vehicle 1
976.0 1226.0 995.0 1226.0 995.0 1238.0 976.0 1238.0 small-vehicle 1
959.0 1291.0 976.0 1291.0 976.0 1303.0 959.0 1303.0 small-vehicle 1
1125.0 1202.0 1148.0 1202.0 1148.0 1232.0 1125.0 1232.0 swimming-pool 0
1207.0 723.0 1233.0 723.0 1233.0 740.0 1207.0 740.0 ship 0
1218.0 454.0 1232.0 454.0 1232.0 472.0 1218.0 472.0 small-vehicle 0
1206.0 374.0 1230.0 374.0 1230.0 387.0 1206.0 387.0 small-vehicle 0
1235.0 209.0 1255.0 209.0 1255.0 225.0 1235.0 225.0 small-vehicle 0
1142.0 50.0 1173.0 50.0 1173.0 67.0 1142.0 67.0 ship 0
1104.0 134.0 1144.0 134.0 1144.0 161.0 1104.0 161.0 ship 0
985.0 541.0 1014.0 541.0 1014.0 566.0 985.0 566.0 ship 0
967.0 585.0 996.0 585.0 996.0 606.0 967.0 606.0 ship 0
956.0 630.0 984.0 630.0 984.0 648.0 956.0 648.0 ship 0
947.0 670.0 978.0 670.0 978.0 692.0 947.0 692.0 ship 0
1117.0 871.0 1141.0 871.0 1141.0 890.0 1117.0 890.0 small-vehicle 1
686.0 2165.0 699.0 2165.0 699.0 2186.0 686.0 2186.0 small-vehicle 0
717.0 2155.0 726.0 2155.0 726.0 2176.0 717.0 2176.0 small-vehicle 0
528.0 220.0 536.0 220.0 536.0 238.0 528.0 238.0 small-vehicle 0
182.0 1054.0 201.0 1054.0 201.0 1063.0 182.0 1063.0 small-vehicle 0
216.0 787.0 228.0 787.0 228.0 816.0 216.0 816.0 ship 0
233.0 800.0 253.0 800.0 253.0 814.0 233.0 814.0 ship 0
229.0 813.0 247.0 813.0 247.0 824.0 229.0 824.0 ship 0
662.0 744.0 681.0 744.0 681.0 778.0 662.0 778.0 ship 0
448.0 1020.0 462.0 1020.0 462.0 1044.0 448.0 1044.0 ship 0
478.0 1031.0 494.0 1031.0 494.0 1053.0 478.0 1053.0 ship 0
130.0 935.0 151.0 935.0 151.0 945.0 130.0 945.0 small-vehicle 1
129.0 986.0 153.0 986.0 153.0 995.0 129.0 995.0 small-vehicle 1
131.0 1042.0 151.0 1042.0 151.0 1052.0 131.0 1052.0 small-vehicle 1
184.0 955.0 201.0 955.0 201.0 965.0 184.0 965.0 small-vehicle 1
181.0 974.0 200.0 974.0 200.0 983.0 181.0 983.0 small-vehicle 0
181.0 1044.0 201.0 1044.0 201.0 1051.0 181.0 1051.0 small-vehicle 0
23.0 1140.0 35.0 1140.0 35.0 1158.0 23.0 1158.0 small-vehicle 0
776.0 2176.0 790.0 2176.0 790.0 2197.0 776.0 2197.0 small-vehicle 0
5.0 1141.0 15.0 1141.0 15.0 1158.0 5.0 1158.0 small-vehicle 0
212.0 1243.0 226.0 1243.0 226.0 1267.0 212.0 1267.0 small-vehicle 0
452.0 1228.0 476.0 1228.0 476.0 1242.0 452.0 1242.0 ship 0
439.0 1495.0 458.0 1495.0 458.0 1521.0 439.0 1521.0 ship 0
364.0 1491.0 377.0 1491.0 377.0 1515.0 364.0 1515.0 ship 0
494.0 1517.0 507.0 1517.0 507.0 1541.0 494.0 1541.0 ship 0
697.0 1415.0 722.0 1415.0 722.0 1430.0 697.0 1430.0 ship 0
620.0 1574.0 654.0 1574.0 654.0 1593.0 620.0 1593.0 ship 0
614.0 1666.0 639.0 1666.0 639.0 1683.0 614.0 1683.0 ship 0
602.0 1697.0 629.0 1697.0 629.0 1714.0 602.0 1714.0 ship 0
586.0 1737.0 611.0 1737.0 611.0 1758.0 586.0 1758.0 ship 0
300.0 1758.0 315.0 1758.0 315.0 1783.0 300.0 1783.0 ship 0
148.0 809.0 161.0 809.0 161.0 833.0 148.0 833.0 ship 0
103.0 831.0 127.0 831.0 127.0 842.0 103.0 842.0 ship 0
113.0 842.0 139.0 842.0 139.0 852.0 113.0 852.0 ship 0
35.0 645.0 54.0 645.0 54.0 652.0 35.0 652.0 ship 0
535.0 221.0 550.0 221.0 550.0 242.0 535.0 242.0 small-vehicle 0
302.0 192.0 313.0 192.0 313.0 211.0 302.0 211.0 small-vehicle 0
214.0 309.0 240.0 309.0 240.0 323.0 214.0 323.0 ship 0
310.0 184.0 321.0 184.0 321.0 205.0 310.0 205.0 small-vehicle 1
788.0 254.0 807.0 254.0 807.0 290.0 788.0 290.0 ship 0
616.0 258.0 636.0 258.0 636.0 269.0 616.0 269.0 ship 0
624.0 389.0 654.0 389.0 654.0 408.0 624.0 408.0 ship 0
316.0 253.0 330.0 253.0 330.0 285.0 316.0 285.0 ship 0
306.0 255.0 319.0 255.0 319.0 282.0 306.0 282.0 ship 0
325.0 260.0 338.0 260.0 338.0 286.0 325.0 286.0 ship 0
112.0 462.0 135.0 462.0 135.0 474.0 112.0 474.0 ship 0
112.0 451.0 140.0 451.0 140.0 464.0 112.0 464.0 ship 0
167.0 372.0 187.0 372.0 187.0 386.0 167.0 386.0 small-vehicle 0
353.0 415.0 367.0 415.0 367.0 434.0 353.0 434.0 small-vehicle 0
264.0 415.0 286.0 415.0 286.0 429.0 264.0 429.0 small-vehicle 0
313.0 543.0 329.0 543.0 329.0 559.0 313.0 559.0 small-vehicle 0
436.0 568.0 459.0 568.0 459.0 580.0 436.0 580.0 small-vehicle 0
305.0 614.0 323.0 614.0 323.0 627.0 305.0 627.0 small-vehicle 0
153.0 738.0 171.0 738.0 171.0 750.0 153.0 750.0 small-vehicle 0
12.0 571.0 34.0 571.0 34.0 583.0 12.0 583.0 ship 0
97.0 577.0 118.0 577.0 118.0 589.0 97.0 589.0 ship 0
157.0 605.0 180.0 605.0 180.0 618.0 157.0 618.0 ship 0
153.0 648.0 173.0 648.0 173.0 657.0 153.0 657.0 ship 0
57.0 637.0 82.0 637.0 82.0 648.0 57.0 648.0 ship 0
89.0 640.0 115.0 640.0 115.0 651.0 89.0 651.0 ship 0
316.0 1760.0 330.0 1760.0 330.0 1785.0 316.0 1785.0 ship 0
346.0 1763.0 359.0 1763.0 359.0 1788.0 346.0 1788.0 ship 0
388.0 1828.0 404.0 1828.0 404.0 1857.0 388.0 1857.0 ship 0
194.0 2330.0 205.0 2330.0 205.0 2349.0 194.0 2349.0 small-vehicle 0
53.0 2589.0 74.0 2589.0 74.0 2598.0 53.0 2598.0 small-vehicle 0
436.0 2481.0 473.0 2481.0 473.0 2502.0 436.0 2502.0 ship 0
569.0 2582.0 587.0 2582.0 587.0 2598.0 569.0 2598.0 small-vehicle 0
723.0 2554.0 734.0 2554.0 734.0 2573.0 723.0 2573.0 small-vehicle 0
730.0 2556.0 745.0 2556.0 745.0 2577.0 730.0 2577.0 small-vehicle 0
732.0 2496.0 747.0 2496.0 747.0 2520.0 732.0 2520.0 small-vehicle 0
480.0 2611.0 493.0 2611.0 493.0 2631.0 480.0 2631.0 small-vehicle 0
551.0 2355.0 568.0 2355.0 568.0 2380.0 551.0 2380.0 small-vehicle 0
704.0 2387.0 725.0 2387.0 725.0 2398.0 704.0 2398.0 small-vehicle 0
703.0 2373.0 725.0 2373.0 725.0 2387.0 703.0 2387.0 small-vehicle 0
582.0 2389.0 601.0 2389.0 601.0 2404.0 582.0 2404.0 small-vehicle 0
586.0 2447.0 595.0 2447.0 595.0 2467.0 586.0 2467.0 small-vehicle 0
841.0 2405.0 851.0 2405.0 851.0 2424.0 841.0 2424.0 small-vehicle 0
818.0 2346.0 828.0 2346.0 828.0 2362.0 818.0 2362.0 small-vehicle 1
466.0 2219.0 482.0 2219.0 482.0 2247.0 466.0 2247.0 ship 0
482.0 2158.0 504.0 2158.0 504.0 2194.0 482.0 2194.0 ship 0
560.0 2167.0 581.0 2167.0 581.0 2179.0 560.0 2179.0 small-vehicle 0
569.0 2138.0 591.0 2138.0 591.0 2151.0 569.0 2151.0 small-vehicle 0
539.0 2227.0 559.0 2227.0 559.0 2240.0 539.0 2240.0 small-vehicle 0
569.0 2243.0 586.0 2243.0 586.0 2264.0 569.0 2264.0 small-vehicle 0
587.0 2299.0 599.0 2299.0 599.0 2319.0 587.0 2319.0 small-vehicle 0
673.0 2221.0 681.0 2221.0 681.0 2240.0 673.0 2240.0 small-vehicle 0
685.0 2225.0 698.0 2225.0 698.0 2245.0 685.0 2245.0 small-vehicle 0
695.0 2227.0 710.0 2227.0 710.0 2248.0 695.0 2248.0 small-vehicle 0
708.0 2229.0 723.0 2229.0 723.0 2249.0 708.0 2249.0 small-vehicle 0
176.0 2331.0 185.0 2331.0 185.0 2351.0 176.0 2351.0 small-vehicle 0
1.0 2151.0 13.0 2151.0 13.0 2169.0 1.0 2169.0 small-vehicle 1
243.0 1813.0 257.0 1813.0 257.0 1840.0 243.0 1840.0 ship 0
4.0 2242.0 15.0 2242.0 15.0 2263.0 4.0 2263.0 small-vehicle 0
258.0 1816.0 275.0 1816.0 275.0 1847.0 258.0 1847.0 ship 0
292.0 1824.0 306.0 1824.0 306.0 1843.0 292.0 1843.0 ship 0
82.0 1740.0 91.0 1740.0 91.0 1758.0 82.0 1758.0 small-vehicle 1
120.0 1741.0 128.0 1741.0 128.0 1763.0 120.0 1763.0 small-vehicle 1
94.0 1701.0 102.0 1701.0 102.0 1720.0 94.0 1720.0 small-vehicle 1
101.0 1701.0 110.0 1701.0 110.0 1722.0 101.0 1722.0 small-vehicle 1
112.0 1700.0 122.0 1700.0 122.0 1720.0 112.0 1720.0 small-vehicle 1
131.0 1699.0 139.0 1699.0 139.0 1722.0 131.0 1722.0 small-vehicle 1
119.0 1906.0 126.0 1906.0 126.0 1922.0 119.0 1922.0 small-vehicle 1
130.0 1909.0 137.0 1909.0 137.0 1927.0 130.0 1927.0 small-vehicle 1
117.0 1957.0 123.0 1957.0 123.0 1976.0 117.0 1976.0 small-vehicle 1
234.0 1974.0 255.0 1974.0 255.0 1982.0 234.0 1982.0 small-vehicle 1
51.0 1907.0 61.0 1907.0 61.0 1926.0 51.0 1926.0 small-vehicle 0
108.0 1907.0 120.0 1907.0 120.0 1925.0 108.0 1925.0 small-vehicle 0
138.0 1909.0 148.0 1909.0 148.0 1926.0 138.0 1926.0 small-vehicle 1
195.0 1957.0 204.0 1957.0 204.0 1976.0 195.0 1976.0 small-vehicle 0
19.0 2047.0 26.0 2047.0 26.0 2065.0 19.0 2065.0 small-vehicle 0
103.0 2074.0 122.0 2074.0 122.0 2083.0 103.0 2083.0 small-vehicle 0
237.0 2156.0 259.0 2156.0 259.0 2169.0 237.0 2169.0 small-vehicle 0
83.0 2216.0 102.0 2216.0 102.0 2225.0 83.0 2225.0 small-vehicle 0
278.0 2098.0 304.0 2098.0 304.0 2111.0 278.0 2111.0 ship 0
284.0 2222.0 316.0 2222.0 316.0 2236.0 284.0 2236.0 ship 0
234.0 2224.0 258.0 2224.0 258.0 2236.0 234.0 2236.0 ship 0
264.0 1955.0 291.0 1955.0 291.0 1966.0 264.0 1966.0 ship 0
3.0 2472.0 23.0 2472.0 23.0 2480.0 3.0 2480.0 small-vehicle 0
471.0 40.0 775.0 40.0 775.0 190.0 471.0 190.0 harbor 0
