imagesource:GoogleEarth
gsd:0.132829248862
3909.0 651.0 3996.0 651.0 3996.0 760.0 3909.0 760.0 swimming-pool 0
3246.0 1279.0 3444.0 1279.0 3444.0 1450.0 3246.0 1450.0 harbor 0
1939.0 2861.0 2195.0 2861.0 2195.0 3048.0 1939.0 3048.0 harbor 0
2030.0 2989.0 2283.0 2989.0 2283.0 3093.0 2030.0 3093.0 harbor 0
2070.0 3114.0 2346.0 3114.0 2346.0 3229.0 2070.0 3229.0 harbor 0
1947.0 3194.0 2098.0 3194.0 2098.0 3359.0 1947.0 3359.0 harbor 0
1835.0 3297.0 1917.0 3297.0 1917.0 3416.0 1835.0 3416.0 harbor 0
1938.0 3402.0 2025.0 3402.0 2025.0 3488.0 1938.0 3488.0 harbor 0
1674.0 3284.0 1796.0 3284.0 1796.0 3496.0 1674.0 3496.0 harbor 0
1408.0 3240.0 1522.0 3240.0 1522.0 3441.0 1408.0 3441.0 harbor 0
1169.0 3202.0 1266.0 3202.0 1266.0 3414.0 1169.0 3414.0 harbor 0
808.0 3012.0 863.0 3012.0 863.0 3102.0 808.0 3102.0 harbor 0
3662.0 160.0 3908.0 160.0 3908.0 258.0 3662.0 258.0 harbor 0
3647.0 324.0 3890.0 324.0 3890.0 456.0 3647.0 456.0 harbor 0
3598.0 575.0 3830.0 575.0 3830.0 731.0 3598.0 731.0 harbor 0
3533.0 749.0 3752.0 749.0 3752.0 881.0 3533.0 881.0 harbor 0
3442.0 990.0 3622.0 990.0 3622.0 1121.0 3442.0 1121.0 harbor 0
1799.0 2834.0 1973.0 2834.0 1973.0 3043.0 1799.0 3043.0 harbor 0
1665.0 2790.0 1765.0 2790.0 1765.0 2982.0 1665.0 2982.0 harbor 0
1259.0 2708.0 1359.0 2708.0 1359.0 2879.0 1259.0 2879.0 harbor 0
1050.0 1083.0 1203.0 1083.0 1203.0 1267.0 1050.0 1267.0 harbor 0
1829.0 221.0 2104.0 221.0 2104.0 432.0 1829.0 432.0 harbor 0
1693.0 421.0 1942.0 421.0 1942.0 602.0 1693.0 602.0 harbor 0
1568.0 554.0 1822.0 554.0 1822.0 786.0 1568.0 786.0 harbor 0
1458.0 712.0 1693.0 712.0 1693.0 935.0 1458.0 935.0 harbor 0
1323.0 862.0 1522.0 862.0 1522.0 1068.0 1323.0 1068.0 harbor 0
1219.0 981.0 1357.0 981.0 1357.0 1131.0 1219.0 1131.0 harbor 0
841.0 1272.0 941.0 1272.0 941.0 1376.0 841.0 1376.0 harbor 0
1019.0 2630.0 1120.0 2630.0 1120.0 2839.0 1019.0 2839.0 harbor 0
662.0 1402.0 753.0 1402.0 753.0 1483.0 662.0 1483.0 harbor 0
475.0 1544.0 578.0 1544.0 578.0 1635.0 475.0 1635.0 harbor 0
144.0 2154.0 210.0 2154.0 210.0 2226.0 144.0 2226.0 harbor 0
175.0 2359.0 260.0 2359.0 260.0 2470.0 175.0 2470.0 harbor 0
410.0 2598.0 535.0 2598.0 535.0 2718.0 410.0 2718.0 harbor 0
787.0 2602.0 932.0 2602.0 932.0 2825.0 787.0 2825.0 harbor 0
3336.0 1155.0 3512.0 1155.0 3512.0 1299.0 3336.0 1299.0 harbor 0
3106.0 1464.0 3288.0 1464.0 3288.0 1632.0 3106.0 1632.0 harbor 0
1286.0 2216.0 1334.0 2216.0 1334.0 2253.0 1286.0 2253.0 small-vehicle 1
2852.0 1744.0 2988.0 1744.0 2988.0 1922.0 2852.0 1922.0 harbor 0
2257.0 1599.0 2316.0 1599.0 2316.0 1618.0 2257.0 1618.0 ship 0
2003.0 1866.0 2049.0 1866.0 2049.0 1925.0 2003.0 1925.0 swimming-pool 0
2148.0 2004.0 2182.0 2004.0 2182.0 2045.0 2148.0 2045.0 swimming-pool 0
707.0 2083.0 745.0 2083.0 745.0 2121.0 707.0 2121.0 small-vehicle 0
1845.0 2935.0 1900.0 2935.0 1900.0 2994.0 1845.0 2994.0 ship 0
3131.0 3343.0 3161.0 3343.0 3161.0 3382.0 3131.0 3382.0 small-vehicle 0
3185.0 2114.0 3220.0 2114.0 3220.0 2135.0 3185.0 2135.0 small-vehicle 0
3571.0 552.0 3638.0 552.0 3638.0 649.0 3571.0 649.0 ship 0
3632.0 611.0 3671.0 611.0 3671.0 667.0 3632.0 667.0 ship 0
3688.0 159.0 3714.0 159.0 3714.0 213.0 3688.0 213.0 ship 0
4021.0 281.0 4098.0 281.0 4098.0 362.0 4021.0 362.0 swimming-pool 0
3893.0 2312.0 3930.0 2312.0 3930.0 2352.0 3893.0 2352.0 small-vehicle 0
3735.0 2847.0 3765.0 2847.0 3765.0 2878.0 3735.0 2878.0 small-vehicle 0
1607.0 551.0 1680.0 551.0 1680.0 623.0 1607.0 623.0 ship 0
1580.0 615.0 1624.0 615.0 1624.0 659.0 1580.0 659.0 ship 0
2473.0 439.0 2540.0 439.0 2540.0 510.0 2473.0 510.0 ship 0
1956.0 146.0 1990.0 146.0 1990.0 190.0 1956.0 190.0 ship 0
1506.0 1254.0 1553.0 1254.0 1553.0 1308.0 1506.0 1308.0 ship 0
2249.0 1314.0 2435.0 1314.0 2435.0 1468.0 2249.0 1468.0 harbor 0
2722.0 1775.0 2804.0 1775.0 2804.0 2018.0 2722.0 2018.0 harbor 0
2616.0 1810.0 2669.0 1810.0 2669.0 2080.0 2616.0 2080.0 harbor 0
2404.0 1821.0 2542.0 1821.0 2542.0 2032.0 2404.0 2032.0 harbor 0
2241.0 1727.0 2447.0 1727.0 2447.0 1952.0 2241.0 1952.0 harbor 0
2098.0 1692.0 2335.0 1692.0 2335.0 1849.0 2098.0 1849.0 harbor 0
2139.0 1562.0 2314.0 1562.0 2314.0 1596.0 2139.0 1596.0 harbor 0
673.0 1449.0 735.0 1449.0 735.0 1500.0 673.0 1500.0 ship 0
1727.0 2502.0 1762.0 2502.0 1762.0 2540.0 1727.0 2540.0 small-vehicle 0
179.0 2330.0 239.0 2330.0 239.0 2395.0 179.0 2395.0 ship 0
235.0 2410.0 276.0 2410.0 276.0 2462.0 235.0 2462.0 ship 0
941.0 2424.0 1027.0 2424.0 1027.0 2520.0 941.0 2520.0 ship 0
1657.0 2459.0 1688.0 2459.0 1688.0 2496.0 1657.0 2496.0 small-vehicle 0
1674.0 2424.0 1705.0 2424.0 1705.0 2461.0 1674.0 2461.0 small-vehicle 0
1732.0 2462.0 1764.0 2462.0 1764.0 2501.0 1732.0 2501.0 small-vehicle 0
1925.0 104.0 2168.0 104.0 2168.0 276.0 1925.0 276.0 harbor 0
