imagesource:GoogleEarth
gsd:0.274961700277
2348.0 284.0 2369.0 284.0 2369.0 295.0 2348.0 295.0 small-vehicle 1
2078.0 233.0 2094.0 233.0 2094.0 242.0 2078.0 242.0 small-vehicle 1
780.0 2875.0 814.0 2875.0 814.0 2918.0 780.0 2918.0 harbor 0
826.0 2811.0 865.0 2811.0 865.0 2855.0 826.0 2855.0 harbor 0
854.0 2754.0 894.0 2754.0 894.0 2809.0 854.0 2809.0 harbor 0
787.0 2693.0 815.0 2693.0 815.0 2719.0 787.0 2719.0 harbor 0
842.0 2629.0 870.0 2629.0 870.0 2658.0 842.0 2658.0 harbor 0
914.0 2669.0 953.0 2669.0 953.0 2711.0 914.0 2711.0 harbor 0
959.0 2625.0 983.0 2625.0 983.0 2649.0 959.0 2649.0 harbor 0
966.0 2602.0 994.0 2602.0 994.0 2629.0 966.0 2629.0 harbor 0
983.0 2565.0 1016.0 2565.0 1016.0 2602.0 983.0 2602.0 harbor 0
894.0 2497.0 938.0 2497.0 938.0 2545.0 894.0 2545.0 harbor 0
1033.0 2504.0 1056.0 2504.0 1056.0 2527.0 1033.0 2527.0 harbor 0
1036.0 2483.0 1063.0 2483.0 1063.0 2504.0 1036.0 2504.0 harbor 0
934.0 2440.0 977.0 2440.0 977.0 2478.0 934.0 2478.0 harbor 0
978.0 2389.0 1012.0 2389.0 1012.0 2416.0 978.0 2416.0 harbor 0
968.0 2399.0 996.0 2399.0 996.0 2428.0 968.0 2428.0 harbor 0
1063.0 2450.0 1089.0 2450.0 1089.0 2475.0 1063.0 2475.0 harbor 0
1023.0 2347.0 1043.0 2347.0 1043.0 2369.0 1023.0 2369.0 harbor 0
1103.0 2381.0 1131.0 2381.0 1131.0 2406.0 1103.0 2406.0 harbor 0
1038.0 2287.0 1069.0 2287.0 1069.0 2318.0 1038.0 2318.0 harbor 0
1150.0 2306.0 1179.0 2306.0 1179.0 2333.0 1150.0 2333.0 harbor 0
1132.0 2318.0 1156.0 2318.0 1156.0 2348.0 1132.0 2348.0 harbor 0
1156.0 2250.0 1197.0 2250.0 1197.0 2298.0 1156.0 2298.0 harbor 0
1072.0 2245.0 1110.0 2245.0 1110.0 2274.0 1072.0 2274.0 harbor 0
1081.0 2231.0 1105.0 2231.0 1105.0 2254.0 1081.0 2254.0 harbor 0
1208.0 2214.0 1229.0 2214.0 1229.0 2237.0 1208.0 2237.0 harbor 0
574.0 2581.0 629.0 2581.0 629.0 2627.0 574.0 2627.0 harbor 0
492.0 2540.0 531.0 2540.0 531.0 2571.0 492.0 2571.0 harbor 0
413.0 2492.0 444.0 2492.0 444.0 2519.0 413.0 2519.0 harbor 0
515.0 2206.0 543.0 2206.0 543.0 2235.0 515.0 2235.0 harbor 0
2110.0 1506.0 2144.0 1506.0 2144.0 1543.0 2110.0 1543.0 swimming-pool 0
2031.0 1521.0 2062.0 1521.0 2062.0 1548.0 2031.0 1548.0 swimming-pool 0
1764.0 2036.0 1806.0 2036.0 1806.0 2077.0 1764.0 2077.0 swimming-pool 0
1690.0 2135.0 1726.0 2135.0 1726.0 2177.0 1690.0 2177.0 swimming-pool 0
1420.0 2485.0 1455.0 2485.0 1455.0 2529.0 1420.0 2529.0 swimming-pool 0
1266.0 2832.0 1300.0 2832.0 1300.0 2873.0 1266.0 2873.0 swimming-pool 0
1243.0 2760.0 1284.0 2760.0 1284.0 2797.0 1243.0 2797.0 swimming-pool 0
451.0 2216.0 510.0 2216.0 510.0 2274.0 451.0 2274.0 swimming-pool 0
229.0 2052.0 270.0 2052.0 270.0 2097.0 229.0 2097.0 swimming-pool 0
698.0 2316.0 741.0 2316.0 741.0 2354.0 698.0 2354.0 harbor 0
620.0 2275.0 646.0 2275.0 646.0 2301.0 620.0 2301.0 harbor 0
483.0 2179.0 521.0 2179.0 521.0 2217.0 483.0 2217.0 harbor 0
328.0 2435.0 357.0 2435.0 357.0 2460.0 328.0 2460.0 harbor 0
413.0 2134.0 464.0 2134.0 464.0 2181.0 413.0 2181.0 harbor 0
325.0 2067.0 388.0 2067.0 388.0 2126.0 325.0 2126.0 harbor 0
259.0 2024.0 315.0 2024.0 315.0 2077.0 259.0 2077.0 harbor 0
649.0 856.0 1116.0 856.0 1116.0 1146.0 649.0 1146.0 harbor 0
246.0 1560.0 310.0 1560.0 310.0 1615.0 246.0 1615.0 harbor 0
131.0 1690.0 185.0 1690.0 185.0 1745.0 131.0 1745.0 harbor 0
39.0 1746.0 135.0 1746.0 135.0 1852.0 39.0 1852.0 harbor 0
20.0 2006.0 130.0 2006.0 130.0 2089.0 20.0 2089.0 harbor 0
135.0 2303.0 156.0 2303.0 156.0 2330.0 135.0 2330.0 harbor 0
197.0 2343.0 233.0 2343.0 233.0 2380.0 197.0 2380.0 harbor 0
235.0 2370.0 297.0 2370.0 297.0 2426.0 235.0 2426.0 harbor 0
1243.0 2142.0 1262.0 2142.0 1262.0 2163.0 1243.0 2163.0 harbor 0
1219.0 2009.0 1246.0 2009.0 1246.0 2037.0 1219.0 2037.0 harbor 0
1232.0 2000.0 1262.0 2000.0 1262.0 2024.0 1232.0 2024.0 harbor 0
2019.0 752.0 2047.0 752.0 2047.0 777.0 2019.0 777.0 harbor 0
1763.0 1148.0 1789.0 1148.0 1789.0 1174.0 1763.0 1174.0 harbor 0
1853.0 1188.0 1876.0 1188.0 1876.0 1210.0 1853.0 1210.0 harbor 0
1804.0 1104.0 1838.0 1104.0 1838.0 1134.0 1804.0 1134.0 harbor 0
1891.0 1114.0 1924.0 1114.0 1924.0 1144.0 1891.0 1144.0 harbor 0
1868.0 982.0 1896.0 982.0 1896.0 1009.0 1868.0 1009.0 harbor 0
1961.0 1011.0 1989.0 1011.0 1989.0 1037.0 1961.0 1037.0 harbor 0
1997.0 959.0 2025.0 959.0 2025.0 987.0 1997.0 987.0 harbor 0
1905.0 918.0 1935.0 918.0 1935.0 948.0 1905.0 948.0 harbor 0
1938.0 861.0 1979.0 861.0 1979.0 896.0 1938.0 896.0 harbor 0
2034.0 903.0 2059.0 903.0 2059.0 927.0 2034.0 927.0 harbor 0
1976.0 810.0 2014.0 810.0 2014.0 845.0 1976.0 845.0 harbor 0
2048.0 711.0 2075.0 711.0 2075.0 737.0 2048.0 737.0 harbor 0
1725.0 1210.0 1750.0 1210.0 1750.0 1236.0 1725.0 1236.0 harbor 0
2150.0 740.0 2175.0 740.0 2175.0 762.0 2150.0 762.0 harbor 0
2094.0 638.0 2119.0 638.0 2119.0 663.0 2094.0 663.0 harbor 0
2192.0 678.0 2218.0 678.0 2218.0 702.0 2192.0 702.0 harbor 0
2119.0 588.0 2145.0 588.0 2145.0 616.0 2119.0 616.0 harbor 0
2215.0 609.0 2255.0 609.0 2255.0 643.0 2215.0 643.0 harbor 0
2146.0 526.0 2182.0 526.0 2182.0 558.0 2146.0 558.0 harbor 0
2267.0 548.0 2299.0 548.0 2299.0 579.0 2267.0 579.0 harbor 0
2180.0 467.0 2219.0 467.0 2219.0 503.0 2180.0 503.0 harbor 0
2289.0 504.0 2327.0 504.0 2327.0 538.0 2289.0 538.0 harbor 0
2337.0 442.0 2377.0 442.0 2377.0 477.0 2337.0 477.0 harbor 0
2209.0 425.0 2246.0 425.0 2246.0 459.0 2209.0 459.0 harbor 0
1816.0 1232.0 1840.0 1232.0 1840.0 1257.0 1816.0 1257.0 harbor 0
1779.0 1273.0 1818.0 1273.0 1818.0 1317.0 1779.0 1317.0 harbor 0
1307.0 2041.0 1340.0 2041.0 1340.0 2076.0 1307.0 2076.0 harbor 0
1470.0 1610.0 1496.0 1610.0 1496.0 1635.0 1470.0 1635.0 harbor 0
1258.0 1936.0 1308.0 1936.0 1308.0 1985.0 1258.0 1985.0 harbor 0
1348.0 1961.0 1384.0 1961.0 1384.0 1994.0 1348.0 1994.0 harbor 0
1294.0 1877.0 1331.0 1877.0 1331.0 1912.0 1294.0 1912.0 harbor 0
1389.0 1909.0 1419.0 1909.0 1419.0 1941.0 1389.0 1941.0 harbor 0
1331.0 1836.0 1357.0 1836.0 1357.0 1863.0 1331.0 1863.0 harbor 0
1363.0 1772.0 1396.0 1772.0 1396.0 1810.0 1363.0 1810.0 harbor 0
1415.0 1852.0 1452.0 1852.0 1452.0 1887.0 1415.0 1887.0 harbor 0
1407.0 1713.0 1442.0 1713.0 1442.0 1746.0 1407.0 1746.0 harbor 0
1492.0 1760.0 1516.0 1760.0 1516.0 1782.0 1492.0 1782.0 harbor 0
1441.0 1658.0 1469.0 1658.0 1469.0 1682.0 1441.0 1682.0 harbor 0
1512.0 1675.0 1557.0 1675.0 1557.0 1718.0 1512.0 1718.0 harbor 0
1483.0 1591.0 1512.0 1591.0 1512.0 1617.0 1483.0 1617.0 harbor 0
1740.0 1329.0 1782.0 1329.0 1782.0 1371.0 1740.0 1371.0 harbor 0
1563.0 1622.0 1591.0 1622.0 1591.0 1651.0 1563.0 1651.0 harbor 0
1506.0 1551.0 1532.0 1551.0 1532.0 1579.0 1506.0 1579.0 harbor 0
1603.0 1567.0 1630.0 1567.0 1630.0 1595.0 1603.0 1595.0 harbor 0
1613.0 1515.0 1661.0 1515.0 1661.0 1570.0 1613.0 1570.0 harbor 0
1541.0 1496.0 1567.0 1496.0 1567.0 1523.0 1541.0 1523.0 harbor 0
1657.0 1465.0 1697.0 1465.0 1697.0 1512.0 1657.0 1512.0 harbor 0
1579.0 1423.0 1622.0 1423.0 1622.0 1465.0 1579.0 1465.0 harbor 0
1611.0 1386.0 1637.0 1386.0 1637.0 1413.0 1611.0 1413.0 harbor 0
1625.0 1369.0 1650.0 1369.0 1650.0 1393.0 1625.0 1393.0 harbor 0
1706.0 1410.0 1728.0 1410.0 1728.0 1434.0 1706.0 1434.0 harbor 0
1648.0 1326.0 1676.0 1326.0 1676.0 1353.0 1648.0 1353.0 harbor 0
2204.0 1265.0 2235.0 1265.0 2235.0 1302.0 2204.0 1302.0 swimming-pool 0
2372.0 1064.0 2405.0 1064.0 2405.0 1105.0 2372.0 1105.0 swimming-pool 0
707.0 116.0 723.0 116.0 723.0 137.0 707.0 137.0 small-vehicle 1
1935.0 2038.0 1949.0 2038.0 1949.0 2057.0 1935.0 2057.0 small-vehicle 0
1523.0 2770.0 1538.0 2770.0 1538.0 2788.0 1523.0 2788.0 small-vehicle 0
1289.0 2467.0 1307.0 2467.0 1307.0 2487.0 1289.0 2487.0 small-vehicle 0
1270.0 2506.0 1286.0 2506.0 1286.0 2524.0 1270.0 2524.0 small-vehicle 0
1689.0 2492.0 1706.0 2492.0 1706.0 2512.0 1689.0 2512.0 small-vehicle 0
1644.0 2498.0 1659.0 2498.0 1659.0 2517.0 1644.0 2517.0 small-vehicle 0
1551.0 2280.0 1567.0 2280.0 1567.0 2301.0 1551.0 2301.0 small-vehicle 0
1851.0 2042.0 1873.0 2042.0 1873.0 2059.0 1851.0 2059.0 small-vehicle 0
1972.0 2137.0 1992.0 2137.0 1992.0 2156.0 1972.0 2156.0 small-vehicle 0
1907.0 2138.0 1925.0 2138.0 1925.0 2159.0 1907.0 2159.0 small-vehicle 0
1921.0 2120.0 1938.0 2120.0 1938.0 2138.0 1921.0 2138.0 small-vehicle 0
1969.0 2046.0 1984.0 2046.0 1984.0 2063.0 1969.0 2063.0 small-vehicle 0
1861.0 2012.0 1883.0 2012.0 1883.0 2030.0 1861.0 2030.0 small-vehicle 0
1258.0 2730.0 1282.0 2730.0 1282.0 2747.0 1258.0 2747.0 small-vehicle 0
1835.0 1993.0 1854.0 1993.0 1854.0 2012.0 1835.0 2012.0 small-vehicle 0
1811.0 1978.0 1832.0 1978.0 1832.0 1996.0 1811.0 1996.0 small-vehicle 0
1566.0 1976.0 1585.0 1976.0 1585.0 1994.0 1566.0 1994.0 small-vehicle 0
1542.0 1934.0 1562.0 1934.0 1562.0 1949.0 1542.0 1949.0 small-vehicle 0
2188.0 1695.0 2204.0 1695.0 2204.0 1712.0 2188.0 1712.0 small-vehicle 0
2026.0 1849.0 2047.0 1849.0 2047.0 1864.0 2026.0 1864.0 small-vehicle 0
2020.0 1833.0 2041.0 1833.0 2041.0 1849.0 2020.0 1849.0 small-vehicle 0
1634.0 1787.0 1657.0 1787.0 1657.0 1802.0 1634.0 1802.0 small-vehicle 0
2151.0 1758.0 2169.0 1758.0 2169.0 1777.0 2151.0 1777.0 small-vehicle 0
1547.0 1707.0 1581.0 1707.0 1581.0 1748.0 1547.0 1748.0 swimming-pool 0
2159.0 1735.0 2175.0 1735.0 2175.0 1756.0 2159.0 1756.0 small-vehicle 1
1489.0 2760.0 1504.0 2760.0 1504.0 2778.0 1489.0 2778.0 small-vehicle 0
1286.0 2739.0 1303.0 2739.0 1303.0 2758.0 1286.0 2758.0 small-vehicle 0
2079.0 1659.0 2102.0 1659.0 2102.0 1676.0 2079.0 1676.0 small-vehicle 1
1496.0 2452.0 1533.0 2452.0 1533.0 2491.0 1496.0 2491.0 swimming-pool 0
2202.0 247.0 2224.0 247.0 2224.0 258.0 2202.0 258.0 small-vehicle 1
1786.0 193.0 1803.0 193.0 1803.0 204.0 1786.0 204.0 small-vehicle 0
1693.0 181.0 1714.0 181.0 1714.0 190.0 1693.0 190.0 small-vehicle 0
1669.0 190.0 1691.0 190.0 1691.0 201.0 1669.0 201.0 small-vehicle 0
1497.0 167.0 1518.0 167.0 1518.0 177.0 1497.0 177.0 small-vehicle 0
1259.0 146.0 1279.0 146.0 1279.0 158.0 1259.0 158.0 small-vehicle 0
74.0 1275.0 92.0 1275.0 92.0 1288.0 74.0 1288.0 small-vehicle 0
9.0 1317.0 30.0 1317.0 30.0 1327.0 9.0 1327.0 small-vehicle 0
6.0 1328.0 26.0 1328.0 26.0 1337.0 6.0 1337.0 small-vehicle 1
2192.0 392.0 2227.0 392.0 2227.0 428.0 2192.0 428.0 swimming-pool 0
2058.0 1124.0 2078.0 1124.0 2078.0 1142.0 2058.0 1142.0 small-vehicle 1
938.0 2885.0 957.0 2885.0 957.0 2907.0 938.0 2907.0 small-vehicle 1
1504.0 2806.0 1519.0 2806.0 1519.0 2824.0 1504.0 2824.0 small-vehicle 0
1049.0 2804.0 1065.0 2804.0 1065.0 2825.0 1049.0 2825.0 small-vehicle 1
1109.0 2824.0 1132.0 2824.0 1132.0 2843.0 1109.0 2843.0 small-vehicle 1
848.0 2843.0 888.0 2843.0 888.0 2888.0 848.0 2888.0 swimming-pool 0
1196.0 2786.0 1230.0 2786.0 1230.0 2824.0 1196.0 2824.0 swimming-pool 0
1059.0 2779.0 1080.0 2779.0 1080.0 2786.0 1059.0 2786.0 small-vehicle 0
1108.0 2805.0 1142.0 2805.0 1142.0 2832.0 1108.0 2832.0 ship 0
1431.0 2928.0 1447.0 2928.0 1447.0 2946.0 1431.0 2946.0 small-vehicle 0
1445.0 2906.0 1459.0 2906.0 1459.0 2924.0 1445.0 2924.0 small-vehicle 0
1453.0 2884.0 1473.0 2884.0 1473.0 2906.0 1453.0 2906.0 small-vehicle 0
1421.0 2877.0 1437.0 2877.0 1437.0 2898.0 1421.0 2898.0 small-vehicle 0
1479.0 2847.0 1493.0 2847.0 1493.0 2864.0 1479.0 2864.0 small-vehicle 0
2143.0 1664.0 2161.0 1664.0 2161.0 1680.0 2143.0 1680.0 small-vehicle 1
2033.0 1629.0 2053.0 1629.0 2053.0 1645.0 2033.0 1645.0 small-vehicle 1
100.0 824.0 116.0 824.0 116.0 842.0 100.0 842.0 small-vehicle 1
871.0 2325.0 890.0 2325.0 890.0 2342.0 871.0 2342.0 small-vehicle 0
2098.0 401.0 2112.0 401.0 2112.0 417.0 2098.0 417.0 small-vehicle 0
2013.0 522.0 2034.0 522.0 2034.0 539.0 2013.0 539.0 small-vehicle 0
1908.0 848.0 1941.0 848.0 1941.0 883.0 1908.0 883.0 swimming-pool 0
1733.0 995.0 1751.0 995.0 1751.0 1009.0 1733.0 1009.0 small-vehicle 1
1657.0 1091.0 1681.0 1091.0 1681.0 1108.0 1657.0 1108.0 small-vehicle 1
1449.0 1441.0 1466.0 1441.0 1466.0 1457.0 1449.0 1457.0 small-vehicle 1
1452.0 1426.0 1472.0 1426.0 1472.0 1443.0 1452.0 1443.0 small-vehicle 1
1007.0 2101.0 1025.0 2101.0 1025.0 2111.0 1007.0 2111.0 small-vehicle 1
904.0 2264.0 922.0 2264.0 922.0 2281.0 904.0 2281.0 small-vehicle 1
571.0 2184.0 590.0 2184.0 590.0 2200.0 571.0 2200.0 ship 0
504.0 2163.0 518.0 2163.0 518.0 2183.0 504.0 2183.0 ship 0
863.0 2334.0 885.0 2334.0 885.0 2352.0 863.0 2352.0 small-vehicle 0
2348.0 900.0 2369.0 900.0 2369.0 917.0 2348.0 917.0 small-vehicle 0
740.0 2560.0 759.0 2560.0 759.0 2575.0 740.0 2575.0 small-vehicle 0
600.0 2380.0 617.0 2380.0 617.0 2401.0 600.0 2401.0 small-vehicle 0
385.0 2341.0 399.0 2341.0 399.0 2357.0 385.0 2357.0 small-vehicle 1
395.0 2324.0 413.0 2324.0 413.0 2345.0 395.0 2345.0 small-vehicle 1
433.0 2356.0 449.0 2356.0 449.0 2375.0 433.0 2375.0 small-vehicle 1
460.0 2305.0 472.0 2305.0 472.0 2324.0 460.0 2324.0 small-vehicle 1
327.0 2193.0 341.0 2193.0 341.0 2212.0 327.0 2212.0 small-vehicle 1
188.0 2215.0 202.0 2215.0 202.0 2233.0 188.0 2233.0 small-vehicle 1
308.0 1980.0 328.0 1980.0 328.0 1995.0 308.0 1995.0 ship 0
21.0 1898.0 38.0 1898.0 38.0 1918.0 21.0 1918.0 ship 0
94.0 1037.0 112.0 1037.0 112.0 1053.0 94.0 1053.0 small-vehicle 1
2334.0 820.0 2353.0 820.0 2353.0 841.0 2334.0 841.0 small-vehicle 0
2313.0 977.0 2329.0 977.0 2329.0 991.0 2313.0 991.0 small-vehicle 0
2018.0 1617.0 2035.0 1617.0 2035.0 1632.0 2018.0 1632.0 small-vehicle 1
2309.0 1487.0 2328.0 1487.0 2328.0 1507.0 2309.0 1507.0 small-vehicle 1
1924.0 1557.0 1944.0 1557.0 1944.0 1571.0 1924.0 1571.0 small-vehicle 1
1705.0 1667.0 1728.0 1667.0 1728.0 1684.0 1705.0 1684.0 small-vehicle 0
2103.0 1719.0 2123.0 1719.0 2123.0 1736.0 2103.0 1736.0 small-vehicle 0
2060.0 1645.0 2079.0 1645.0 2079.0 1663.0 2060.0 1663.0 small-vehicle 0
2127.0 1654.0 2144.0 1654.0 2144.0 1669.0 2127.0 1669.0 small-vehicle 0
2190.0 1625.0 2207.0 1625.0 2207.0 1645.0 2190.0 1645.0 small-vehicle 0
2051.0 1604.0 2071.0 1604.0 2071.0 1619.0 2051.0 1619.0 small-vehicle 0
1985.0 1595.0 2004.0 1595.0 2004.0 1613.0 1985.0 1613.0 small-vehicle 0
1945.0 1518.0 1961.0 1518.0 1961.0 1537.0 1945.0 1537.0 small-vehicle 0
2222.0 1529.0 2241.0 1529.0 2241.0 1547.0 2222.0 1547.0 small-vehicle 1
2248.0 1514.0 2267.0 1514.0 2267.0 1523.0 2248.0 1523.0 small-vehicle 1
2081.0 1432.0 2120.0 1432.0 2120.0 1465.0 2081.0 1465.0 swimming-pool 0
2122.0 1051.0 2139.0 1051.0 2139.0 1065.0 2122.0 1065.0 small-vehicle 1
1689.0 1486.0 1722.0 1486.0 1722.0 1521.0 1689.0 1521.0 swimming-pool 0
2016.0 1394.0 2033.0 1394.0 2033.0 1409.0 2016.0 1409.0 small-vehicle 1
1996.0 1376.0 2017.0 1376.0 2017.0 1395.0 1996.0 1395.0 small-vehicle 1
2006.0 1366.0 2025.0 1366.0 2025.0 1384.0 2006.0 1384.0 small-vehicle 1
2008.0 1346.0 2028.0 1346.0 2028.0 1365.0 2008.0 1365.0 small-vehicle 1
2248.0 1203.0 2268.0 1203.0 2268.0 1218.0 2248.0 1218.0 small-vehicle 1
2048.0 1143.0 2065.0 1143.0 2065.0 1158.0 2048.0 1158.0 small-vehicle 1
2054.0 1135.0 2074.0 1135.0 2074.0 1152.0 2054.0 1152.0 small-vehicle 1
2334.0 1356.0 2354.0 1356.0 2354.0 1375.0 2334.0 1375.0 small-vehicle 0
2347.0 1342.0 2369.0 1342.0 2369.0 1362.0 2347.0 1362.0 small-vehicle 0
2304.0 1239.0 2323.0 1239.0 2323.0 1256.0 2304.0 1256.0 small-vehicle 0
861.0 212.0 1054.0 212.0 1054.0 315.0 861.0 315.0 harbor 0
