imagesource:GoogleEarth
gsd:0.28395593182
1509.0 1260.0 1524.0 1260.0 1524.0 1282.0 1509.0 1282.0 small-vehicle 1
695.0 2046.0 755.0 2046.0 755.0 2105.0 695.0 2105.0 harbor 0
604.0 2143.0 658.0 2143.0 658.0 2204.0 604.0 2204.0 harbor 0
559.0 2210.0 602.0 2210.0 602.0 2256.0 559.0 2256.0 harbor 0
522.0 2235.0 573.0 2235.0 573.0 2292.0 522.0 2292.0 harbor 0
490.0 2305.0 539.0 2305.0 539.0 2352.0 490.0 2352.0 harbor 0
441.0 2354.0 500.0 2354.0 500.0 2406.0 441.0 2406.0 harbor 0
407.0 2395.0 462.0 2395.0 462.0 2453.0 407.0 2453.0 harbor 0
374.0 2448.0 424.0 2448.0 424.0 2502.0 374.0 2502.0 harbor 0
351.0 2498.0 387.0 2498.0 387.0 2532.0 351.0 2532.0 harbor 0
325.0 2517.0 372.0 2517.0 372.0 2566.0 325.0 2566.0 harbor 0
305.0 2561.0 340.0 2561.0 340.0 2595.0 305.0 2595.0 harbor 0
231.0 2605.0 294.0 2605.0 294.0 2664.0 231.0 2664.0 harbor 0
199.0 2661.0 268.0 2661.0 268.0 2721.0 199.0 2721.0 harbor 0
150.0 2722.0 218.0 2722.0 218.0 2790.0 150.0 2790.0 harbor 0
102.0 2795.0 165.0 2795.0 165.0 2852.0 102.0 2852.0 harbor 0
65.0 2841.0 112.0 2841.0 112.0 2887.0 65.0 2887.0 harbor 0
22.0 2896.0 71.0 2896.0 71.0 2946.0 22.0 2946.0 harbor 0
53.0 3110.0 77.0 3110.0 77.0 3139.0 53.0 3139.0 swimming-pool 0
275.0 2834.0 301.0 2834.0 301.0 2863.0 275.0 2863.0 swimming-pool 0
383.0 2980.0 411.0 2980.0 411.0 3008.0 383.0 3008.0 swimming-pool 0
599.0 2841.0 634.0 2841.0 634.0 2880.0 599.0 2880.0 swimming-pool 0
541.0 2502.0 570.0 2502.0 570.0 2532.0 541.0 2532.0 swimming-pool 0
635.0 2355.0 666.0 2355.0 666.0 2387.0 635.0 2387.0 swimming-pool 0
1257.0 1956.0 1282.0 1956.0 1282.0 1983.0 1257.0 1983.0 swimming-pool 0
1284.0 1905.0 1311.0 1905.0 1311.0 1931.0 1284.0 1931.0 swimming-pool 0
978.0 1751.0 1011.0 1751.0 1011.0 1787.0 978.0 1787.0 swimming-pool 0
476.0 2968.0 498.0 2968.0 498.0 2990.0 476.0 2990.0 swimming-pool 0
581.0 2746.0 602.0 2746.0 602.0 2766.0 581.0 2766.0 swimming-pool 0
393.0 3068.0 411.0 3068.0 411.0 3086.0 393.0 3086.0 swimming-pool 1
278.0 3089.0 297.0 3089.0 297.0 3107.0 278.0 3107.0 small-vehicle 0
652.0 2092.0 716.0 2092.0 716.0 2156.0 652.0 2156.0 harbor 0
768.0 2108.0 805.0 2108.0 805.0 2143.0 768.0 2143.0 swimming-pool 0
858.0 2080.0 876.0 2080.0 876.0 2100.0 858.0 2100.0 small-vehicle 1
872.0 2100.0 899.0 2100.0 899.0 2129.0 872.0 2129.0 swimming-pool 0
1616.0 432.0 1649.0 432.0 1649.0 462.0 1616.0 462.0 harbor 0
1569.0 471.0 1618.0 471.0 1618.0 519.0 1569.0 519.0 harbor 0
1526.0 544.0 1565.0 544.0 1565.0 579.0 1526.0 579.0 harbor 0
1491.0 597.0 1530.0 597.0 1530.0 635.0 1491.0 635.0 harbor 0
1465.0 658.0 1501.0 658.0 1501.0 687.0 1465.0 687.0 harbor 0
1453.0 730.0 1486.0 730.0 1486.0 767.0 1453.0 767.0 harbor 0
1459.0 886.0 1529.0 886.0 1529.0 950.0 1459.0 950.0 harbor 0
1444.0 950.0 1512.0 950.0 1512.0 996.0 1444.0 996.0 harbor 0
1427.0 1016.0 1496.0 1016.0 1496.0 1067.0 1427.0 1067.0 harbor 0
1591.0 1136.0 1617.0 1136.0 1617.0 1164.0 1591.0 1164.0 swimming-pool 0
1358.0 1129.0 1398.0 1129.0 1398.0 1170.0 1358.0 1170.0 harbor 0
1321.0 1171.0 1371.0 1171.0 1371.0 1221.0 1321.0 1221.0 harbor 0
1457.0 1282.0 1485.0 1282.0 1485.0 1311.0 1457.0 1311.0 swimming-pool 0
1269.0 1238.0 1307.0 1238.0 1307.0 1275.0 1269.0 1275.0 harbor 0
1196.0 1330.0 1254.0 1330.0 1254.0 1383.0 1196.0 1383.0 harbor 0
1138.0 1373.0 1200.0 1373.0 1200.0 1441.0 1138.0 1441.0 harbor 0
1105.0 1436.0 1157.0 1436.0 1157.0 1489.0 1105.0 1489.0 harbor 0
1073.0 1492.0 1114.0 1492.0 1114.0 1526.0 1073.0 1526.0 harbor 0
1017.0 1548.0 1067.0 1548.0 1067.0 1598.0 1017.0 1598.0 harbor 0
987.0 1606.0 1022.0 1606.0 1022.0 1639.0 987.0 1639.0 harbor 0
967.0 1651.0 1007.0 1651.0 1007.0 1690.0 967.0 1690.0 harbor 0
1024.0 1710.0 1052.0 1710.0 1052.0 1735.0 1024.0 1735.0 swimming-pool 0
1010.0 1727.0 1040.0 1727.0 1040.0 1753.0 1010.0 1753.0 swimming-pool 0
918.0 1733.0 967.0 1733.0 967.0 1777.0 918.0 1777.0 harbor 0
888.0 1775.0 947.0 1775.0 947.0 1832.0 888.0 1832.0 harbor 0
850.0 1835.0 911.0 1835.0 911.0 1895.0 850.0 1895.0 harbor 0
823.0 1880.0 888.0 1880.0 888.0 1944.0 823.0 1944.0 harbor 0
774.0 1946.0 848.0 1946.0 848.0 2013.0 774.0 2013.0 harbor 0
736.0 1997.0 797.0 1997.0 797.0 2056.0 736.0 2056.0 harbor 0
342.0 3022.0 362.0 3022.0 362.0 3040.0 342.0 3040.0 small-vehicle 0
326.0 3076.0 342.0 3076.0 342.0 3086.0 326.0 3086.0 small-vehicle 1
306.0 3085.0 322.0 3085.0 322.0 3102.0 306.0 3102.0 small-vehicle 0
390.0 2894.0 407.0 2894.0 407.0 2913.0 390.0 2913.0 small-vehicle 0
948.0 1956.0 966.0 1956.0 966.0 1974.0 948.0 1974.0 small-vehicle 0
987.0 1936.0 1004.0 1936.0 1004.0 1955.0 987.0 1955.0 small-vehicle 0
1003.0 1871.0 1021.0 1871.0 1021.0 1889.0 1003.0 1889.0 small-vehicle 0
966.0 1884.0 984.0 1884.0 984.0 1900.0 966.0 1900.0 small-vehicle 0
1120.0 1818.0 1142.0 1818.0 1142.0 1840.0 1120.0 1840.0 small-vehicle 0
1145.0 1817.0 1167.0 1817.0 1167.0 1837.0 1145.0 1837.0 small-vehicle 0
1161.0 1877.0 1177.0 1877.0 1177.0 1900.0 1161.0 1900.0 small-vehicle 0
1207.0 1794.0 1228.0 1794.0 1228.0 1820.0 1207.0 1820.0 small-vehicle 0
1247.0 1735.0 1268.0 1735.0 1268.0 1757.0 1247.0 1757.0 small-vehicle 0
1331.0 1844.0 1356.0 1844.0 1356.0 1870.0 1331.0 1870.0 swimming-pool 0
1325.0 1745.0 1344.0 1745.0 1344.0 1765.0 1325.0 1765.0 small-vehicle 0
1304.0 1661.0 1320.0 1661.0 1320.0 1679.0 1304.0 1679.0 small-vehicle 0
1338.0 1615.0 1353.0 1615.0 1353.0 1634.0 1338.0 1634.0 small-vehicle 0
1345.0 1682.0 1360.0 1682.0 1360.0 1694.0 1345.0 1694.0 small-vehicle 1
1366.0 1686.0 1383.0 1686.0 1383.0 1702.0 1366.0 1702.0 small-vehicle 0
1359.0 1695.0 1376.0 1695.0 1376.0 1713.0 1359.0 1713.0 small-vehicle 0
1326.0 1726.0 1343.0 1726.0 1343.0 1742.0 1326.0 1742.0 small-vehicle 0
1309.0 1730.0 1326.0 1730.0 1326.0 1747.0 1309.0 1747.0 small-vehicle 0
1480.0 1407.0 1502.0 1407.0 1502.0 1429.0 1480.0 1429.0 small-vehicle 0
1553.0 1381.0 1572.0 1381.0 1572.0 1401.0 1553.0 1401.0 small-vehicle 0
1604.0 1288.0 1614.0 1288.0 1614.0 1308.0 1604.0 1308.0 small-vehicle 0
1445.0 1225.0 1462.0 1225.0 1462.0 1243.0 1445.0 1243.0 small-vehicle 0
1266.0 1368.0 1289.0 1368.0 1289.0 1389.0 1266.0 1389.0 ship 0
1501.0 1276.0 1522.0 1276.0 1522.0 1294.0 1501.0 1294.0 ship 0
1592.0 1042.0 1612.0 1042.0 1612.0 1063.0 1592.0 1063.0 ship 0
1587.0 1056.0 1607.0 1056.0 1607.0 1075.0 1587.0 1075.0 small-vehicle 0
1575.0 798.0 1589.0 798.0 1589.0 816.0 1575.0 816.0 small-vehicle 0
1601.0 758.0 1622.0 758.0 1622.0 775.0 1601.0 775.0 small-vehicle 0
952.0 1666.0 985.0 1666.0 985.0 1694.0 952.0 1694.0 ship 0
985.0 1968.0 1006.0 1968.0 1006.0 1988.0 985.0 1988.0 ship 0
958.0 2143.0 966.0 2143.0 966.0 2162.0 958.0 2162.0 small-vehicle 0
1064.0 1981.0 1083.0 1981.0 1083.0 1996.0 1064.0 1996.0 small-vehicle 0
656.0 2610.0 673.0 2610.0 673.0 2631.0 656.0 2631.0 small-vehicle 0
449.0 2847.0 469.0 2847.0 469.0 2866.0 449.0 2866.0 small-vehicle 0
463.0 2900.0 484.0 2900.0 484.0 2921.0 463.0 2921.0 small-vehicle 0
487.0 2918.0 505.0 2918.0 505.0 2934.0 487.0 2934.0 small-vehicle 0
428.0 2935.0 447.0 2935.0 447.0 2950.0 428.0 2950.0 small-vehicle 0
290.0 2770.0 303.0 2770.0 303.0 2786.0 290.0 2786.0 small-vehicle 0
236.0 2744.0 265.0 2744.0 265.0 2769.0 236.0 2769.0 ship 0
297.0 2769.0 321.0 2769.0 321.0 2791.0 297.0 2791.0 ship 0
404.0 2673.0 431.0 2673.0 431.0 2705.0 404.0 2705.0 swimming-pool 0
580.0 2682.0 601.0 2682.0 601.0 2703.0 580.0 2703.0 small-vehicle 0
689.0 2451.0 711.0 2451.0 711.0 2474.0 689.0 2474.0 small-vehicle 0
740.0 2548.0 756.0 2548.0 756.0 2566.0 740.0 2566.0 small-vehicle 0
732.0 2559.0 750.0 2559.0 750.0 2575.0 732.0 2575.0 small-vehicle 0
663.0 2579.0 684.0 2579.0 684.0 2599.0 663.0 2599.0 small-vehicle 0
617.0 2575.0 641.0 2575.0 641.0 2595.0 617.0 2595.0 small-vehicle 0
1065.0 1994.0 1087.0 1994.0 1087.0 2010.0 1065.0 2010.0 small-vehicle 0
858.0 2394.0 875.0 2394.0 875.0 2408.0 858.0 2408.0 small-vehicle 0
861.0 2381.0 879.0 2381.0 879.0 2399.0 861.0 2399.0 small-vehicle 0
820.0 2353.0 836.0 2353.0 836.0 2369.0 820.0 2369.0 small-vehicle 0
741.0 2374.0 763.0 2374.0 763.0 2392.0 741.0 2392.0 small-vehicle 0
755.0 2368.0 772.0 2368.0 772.0 2385.0 755.0 2385.0 small-vehicle 0
755.0 2290.0 773.0 2290.0 773.0 2308.0 755.0 2308.0 small-vehicle 0
772.0 2253.0 795.0 2253.0 795.0 2275.0 772.0 2275.0 small-vehicle 0
994.0 2138.0 1015.0 2138.0 1015.0 2161.0 994.0 2161.0 small-vehicle 0
1019.0 2065.0 1040.0 2065.0 1040.0 2083.0 1019.0 2083.0 small-vehicle 0
1027.0 2055.0 1045.0 2055.0 1045.0 2071.0 1027.0 2071.0 small-vehicle 0
1033.0 2047.0 1052.0 2047.0 1052.0 2061.0 1033.0 2061.0 small-vehicle 0
1014.0 2043.0 1031.0 2043.0 1031.0 2059.0 1014.0 2059.0 small-vehicle 0
1045.0 2006.0 1061.0 2006.0 1061.0 2021.0 1045.0 2021.0 small-vehicle 0
1648.0 378.0 1674.0 378.0 1674.0 423.0 1648.0 423.0 harbor 1
