imagesource:GoogleEarth
gsd:0.293089217915
160.0 4276.0 183.0 4276.0 183.0 4300.0 160.0 4300.0 ship 0
832.0 3151.0 928.0 3151.0 928.0 3244.0 832.0 3244.0 harbor 0
962.0 2871.0 1042.0 2871.0 1042.0 2938.0 962.0 2938.0 harbor 0
987.0 2811.0 1064.0 2811.0 1064.0 2865.0 987.0 2865.0 harbor 0
1017.0 2734.0 1075.0 2734.0 1075.0 2771.0 1017.0 2771.0 harbor 0
1012.0 2602.0 1052.0 2602.0 1052.0 2716.0 1012.0 2716.0 harbor 0
1031.0 2547.0 1119.0 2547.0 1119.0 2589.0 1031.0 2589.0 harbor 0
1071.0 2340.0 1132.0 2340.0 1132.0 2375.0 1071.0 2375.0 harbor 0
1071.0 2247.0 1132.0 2247.0 1132.0 2277.0 1071.0 2277.0 harbor 0
1088.0 2180.0 1143.0 2180.0 1143.0 2218.0 1088.0 2218.0 harbor 0
1091.0 2124.0 1168.0 2124.0 1168.0 2149.0 1091.0 2149.0 harbor 0
1091.0 2043.0 1159.0 2043.0 1159.0 2081.0 1091.0 2081.0 harbor 0
1097.0 1962.0 1155.0 1962.0 1155.0 2006.0 1097.0 2006.0 harbor 0
1102.0 1830.0 1184.0 1830.0 1184.0 1858.0 1102.0 1858.0 harbor 0
1092.0 1719.0 1177.0 1719.0 1177.0 1755.0 1092.0 1755.0 harbor 0
1078.0 1611.0 1168.0 1611.0 1168.0 1663.0 1078.0 1663.0 harbor 0
1078.0 1524.0 1162.0 1524.0 1162.0 1555.0 1078.0 1555.0 harbor 0
1055.0 1364.0 1137.0 1364.0 1137.0 1431.0 1055.0 1431.0 harbor 0
1016.0 1281.0 1109.0 1281.0 1109.0 1321.0 1016.0 1321.0 harbor 0
947.0 1140.0 1057.0 1140.0 1057.0 1202.0 947.0 1202.0 harbor 0
920.0 1058.0 1016.0 1058.0 1016.0 1117.0 920.0 1117.0 harbor 0
891.0 965.0 1004.0 965.0 1004.0 1061.0 891.0 1061.0 harbor 0
849.0 903.0 946.0 903.0 946.0 980.0 849.0 980.0 harbor 0
798.0 792.0 917.0 792.0 917.0 904.0 798.0 904.0 harbor 0
760.0 714.0 863.0 714.0 863.0 800.0 760.0 800.0 harbor 0
613.0 534.0 740.0 534.0 740.0 657.0 613.0 657.0 harbor 0
590.0 470.0 695.0 470.0 695.0 536.0 590.0 536.0 harbor 0
534.0 330.0 621.0 330.0 621.0 393.0 534.0 393.0 harbor 0
444.0 210.0 521.0 210.0 521.0 277.0 444.0 277.0 harbor 0
880.0 3029.0 934.0 3029.0 934.0 3116.0 880.0 3116.0 harbor 0
755.0 3302.0 842.0 3302.0 842.0 3366.0 755.0 3366.0 harbor 0
914.0 4156.0 935.0 4156.0 935.0 4180.0 914.0 4180.0 ship 0
653.0 3485.0 767.0 3485.0 767.0 3588.0 653.0 3588.0 harbor 0
483.0 3826.0 509.0 3826.0 509.0 3864.0 483.0 3864.0 ship 0
620.0 3612.0 635.0 3612.0 635.0 3640.0 620.0 3640.0 ship 0
972.0 2876.0 994.0 2876.0 994.0 2906.0 972.0 2906.0 ship 0
998.0 2829.0 1011.0 2829.0 1011.0 2853.0 998.0 2853.0 ship 0
1030.0 2676.0 1043.0 2676.0 1043.0 2702.0 1030.0 2702.0 ship 0
1038.0 2656.0 1055.0 2656.0 1055.0 2680.0 1038.0 2680.0 ship 0
1038.0 2536.0 1062.0 2536.0 1062.0 2550.0 1038.0 2550.0 ship 0
1071.0 2107.0 1099.0 2107.0 1099.0 2159.0 1071.0 2159.0 ship 0
1086.0 1824.0 1104.0 1824.0 1104.0 1859.0 1086.0 1859.0 ship 0
1072.0 1632.0 1084.0 1632.0 1084.0 1655.0 1072.0 1655.0 ship 0
1111.0 1816.0 1124.0 1816.0 1124.0 1845.0 1111.0 1845.0 ship 0
1093.0 1632.0 1109.0 1632.0 1109.0 1662.0 1093.0 1662.0 ship 0
860.0 653.0 894.0 653.0 894.0 681.0 860.0 681.0 swimming-pool 0
650.0 631.0 668.0 631.0 668.0 658.0 650.0 658.0 ship 0
622.0 556.0 640.0 556.0 640.0 581.0 622.0 581.0 ship 0
586.0 484.0 615.0 484.0 615.0 506.0 586.0 506.0 ship 0
291.0 66.0 317.0 66.0 317.0 90.0 291.0 90.0 ship 0
439.0 249.0 466.0 249.0 466.0 287.0 439.0 287.0 ship 0
369.0 112.0 395.0 112.0 395.0 141.0 369.0 141.0 ship 0
357.0 115.0 387.0 115.0 387.0 148.0 357.0 148.0 ship 0
348.0 121.0 378.0 121.0 378.0 154.0 348.0 154.0 ship 0
325.0 133.0 366.0 133.0 366.0 178.0 325.0 178.0 ship 0
151.0 4243.0 256.0 4243.0 256.0 4351.0 151.0 4351.0 harbor 0
318.0 4123.0 378.0 4123.0 378.0 4177.0 318.0 4177.0 harbor 0
411.0 3947.0 513.0 3947.0 513.0 4052.0 411.0 4052.0 harbor 0
495.0 3836.0 601.0 3836.0 601.0 3917.0 495.0 3917.0 harbor 0
616.0 3608.0 711.0 3608.0 711.0 3709.0 616.0 3709.0 harbor 0
257.0 1.0 458.0 1.0 458.0 165.0 257.0 165.0 harbor 1
