imagesource:GoogleEarth
gsd:0.261178530212
3659.0 308.0 3683.0 308.0 3683.0 327.0 3659.0 327.0 small-vehicle 0
3838.0 705.0 4031.0 705.0 4031.0 926.0 3838.0 926.0 harbor 0
2661.0 1070.0 2707.0 1070.0 2707.0 1173.0 2661.0 1173.0 harbor 0
2908.0 1063.0 2956.0 1063.0 2956.0 1184.0 2908.0 1184.0 harbor 0
3119.0 1061.0 3173.0 1061.0 3173.0 1168.0 3119.0 1168.0 harbor 0
3239.0 1026.0 3273.0 1026.0 3273.0 1132.0 3239.0 1132.0 harbor 0
3391.0 948.0 3513.0 948.0 3513.0 1116.0 3391.0 1116.0 harbor 0
3488.0 877.0 3647.0 877.0 3647.0 1057.0 3488.0 1057.0 harbor 0
3644.0 812.0 3815.0 812.0 3815.0 1010.0 3644.0 1010.0 harbor 0
3732.0 757.0 3910.0 757.0 3910.0 967.0 3732.0 967.0 harbor 0
3957.0 659.0 4125.0 659.0 4125.0 857.0 3957.0 857.0 harbor 0
3555.0 205.0 3577.0 205.0 3577.0 229.0 3555.0 229.0 small-vehicle 0
4044.0 591.0 4206.0 591.0 4206.0 778.0 4044.0 778.0 harbor 0
4143.0 549.0 4286.0 549.0 4286.0 720.0 4143.0 720.0 harbor 0
4367.0 426.0 4508.0 426.0 4508.0 638.0 4367.0 638.0 harbor 1
248.0 27.0 268.0 27.0 268.0 45.0 248.0 45.0 small-vehicle 0
430.0 106.0 448.0 106.0 448.0 126.0 430.0 126.0 small-vehicle 0
550.0 128.0 580.0 128.0 580.0 152.0 550.0 152.0 ship 0
734.0 162.0 758.0 162.0 758.0 194.0 734.0 194.0 small-vehicle 0
766.0 171.0 792.0 171.0 792.0 189.0 766.0 189.0 small-vehicle 0
2608.0 1072.0 2636.0 1072.0 2636.0 1107.0 2608.0 1107.0 harbor 0
2458.0 1054.0 2556.0 1054.0 2556.0 1133.0 2458.0 1133.0 harbor 0
2346.0 987.0 2370.0 987.0 2370.0 1038.0 2346.0 1038.0 harbor 0
2228.0 992.0 2245.0 992.0 2245.0 1023.0 2228.0 1023.0 harbor 0
260.0 239.0 376.0 239.0 376.0 369.0 260.0 369.0 harbor 0
395.0 348.0 482.0 348.0 482.0 435.0 395.0 435.0 harbor 0
466.0 409.0 536.0 409.0 536.0 488.0 466.0 488.0 harbor 0
583.0 468.0 658.0 468.0 658.0 569.0 583.0 569.0 harbor 0
710.0 532.0 796.0 532.0 796.0 613.0 710.0 613.0 harbor 0
816.0 585.0 876.0 585.0 876.0 643.0 816.0 643.0 harbor 0
877.0 624.0 987.0 624.0 987.0 736.0 877.0 736.0 harbor 0
1074.0 699.0 1109.0 699.0 1109.0 747.0 1074.0 747.0 harbor 0
1157.0 716.0 1231.0 716.0 1231.0 811.0 1157.0 811.0 harbor 0
1332.0 771.0 1394.0 771.0 1394.0 831.0 1332.0 831.0 harbor 0
1478.0 781.0 1513.0 781.0 1513.0 839.0 1478.0 839.0 harbor 0
1592.0 849.0 1631.0 849.0 1631.0 908.0 1592.0 908.0 harbor 0
1693.0 874.0 1755.0 874.0 1755.0 936.0 1693.0 936.0 harbor 0
1819.0 929.0 1873.0 929.0 1873.0 983.0 1819.0 983.0 harbor 0
1947.0 947.0 1982.0 947.0 1982.0 995.0 1947.0 995.0 harbor 0
2053.0 969.0 2112.0 969.0 2112.0 1035.0 2053.0 1035.0 harbor 0
2170.0 986.0 2223.0 986.0 2223.0 1039.0 2170.0 1039.0 harbor 0
975.0 319.0 997.0 319.0 997.0 340.0 975.0 340.0 small-vehicle 0
1375.0 603.0 1390.0 603.0 1390.0 623.0 1375.0 623.0 small-vehicle 0
1357.0 698.0 1405.0 698.0 1405.0 737.0 1357.0 737.0 swimming-pool 0
3361.0 707.0 3379.0 707.0 3379.0 723.0 3361.0 723.0 small-vehicle 0
3383.0 672.0 3407.0 672.0 3407.0 692.0 3383.0 692.0 small-vehicle 0
3504.0 703.0 3528.0 703.0 3528.0 724.0 3504.0 724.0 small-vehicle 0
3524.0 690.0 3547.0 690.0 3547.0 704.0 3524.0 704.0 small-vehicle 0
3508.0 729.0 3539.0 729.0 3539.0 766.0 3508.0 766.0 ship 0
3677.0 683.0 3730.0 683.0 3730.0 736.0 3677.0 736.0 swimming-pool 0
3852.0 535.0 3908.0 535.0 3908.0 581.0 3852.0 581.0 swimming-pool 0
3930.0 454.0 3990.0 454.0 3990.0 506.0 3930.0 506.0 swimming-pool 0
4050.0 378.0 4099.0 378.0 4099.0 421.0 4050.0 421.0 swimming-pool 0
4267.0 281.0 4315.0 281.0 4315.0 325.0 4267.0 325.0 swimming-pool 0
4164.0 189.0 4180.0 189.0 4180.0 209.0 4164.0 209.0 small-vehicle 0
3873.0 140.0 3895.0 140.0 3895.0 161.0 3873.0 161.0 small-vehicle 0
1030.0 38.0 1055.0 38.0 1055.0 65.0 1030.0 65.0 small-vehicle 0
2803.0 729.0 2824.0 729.0 2824.0 740.0 2803.0 740.0 small-vehicle 0
2712.0 496.0 2723.0 496.0 2723.0 517.0 2712.0 517.0 small-vehicle 0
3670.0 532.0 3691.0 532.0 3691.0 556.0 3670.0 556.0 small-vehicle 0
3317.0 263.0 3359.0 263.0 3359.0 294.0 3317.0 294.0 swimming-pool 0
3549.0 216.0 3569.0 216.0 3569.0 239.0 3549.0 239.0 small-vehicle 0
3372.0 713.0 3392.0 713.0 3392.0 731.0 3372.0 731.0 small-vehicle 0
3352.0 737.0 3370.0 737.0 3370.0 755.0 3352.0 755.0 small-vehicle 1
1835.0 707.0 1844.0 707.0 1844.0 723.0 1835.0 723.0 small-vehicle 1
2588.0 778.0 2597.0 778.0 2597.0 799.0 2588.0 799.0 small-vehicle 1
1689.0 687.0 1704.0 687.0 1704.0 708.0 1689.0 708.0 small-vehicle 1
1952.0 769.0 1974.0 769.0 1974.0 780.0 1952.0 780.0 small-vehicle 0
1910.0 778.0 1930.0 778.0 1930.0 816.0 1910.0 816.0 ship 0
2188.0 914.0 2201.0 914.0 2201.0 936.0 2188.0 936.0 ship 0
1848.0 839.0 1874.0 839.0 1874.0 883.0 1848.0 883.0 swimming-pool 0
2086.0 1010.0 2106.0 1010.0 2106.0 1024.0 2086.0 1024.0 ship 0
2756.0 940.0 2773.0 940.0 2773.0 960.0 2756.0 960.0 small-vehicle 0
2786.0 933.0 2808.0 933.0 2808.0 943.0 2786.0 943.0 small-vehicle 0
3108.0 1108.0 3138.0 1108.0 3138.0 1158.0 3108.0 1158.0 ship 0
3032.0 940.0 3086.0 940.0 3086.0 974.0 3032.0 974.0 swimming-pool 0
3213.0 848.0 3229.0 848.0 3229.0 871.0 3213.0 871.0 small-vehicle 0
3282.0 791.0 3301.0 791.0 3301.0 815.0 3282.0 815.0 small-vehicle 1
3116.0 807.0 3135.0 807.0 3135.0 821.0 3116.0 821.0 small-vehicle 1
3114.0 795.0 3137.0 795.0 3137.0 813.0 3114.0 813.0 small-vehicle 1
2737.0 724.0 2758.0 724.0 2758.0 736.0 2737.0 736.0 small-vehicle 1
3019.0 698.0 3044.0 698.0 3044.0 713.0 3019.0 713.0 small-vehicle 1
2607.0 714.0 2632.0 714.0 2632.0 724.0 2607.0 724.0 small-vehicle 1
170.0 190.0 265.0 190.0 265.0 280.0 170.0 280.0 harbor 0
