imagesource:GoogleEarth
gsd:null
2081.0 838.0 2117.0 838.0 2117.0 880.0 2081.0 880.0 small-vehicle 1
2045.0 843.0 2081.0 843.0 2081.0 884.0 2045.0 884.0 small-vehicle 1
1807.0 872.0 1849.0 872.0 1849.0 924.0 1807.0 924.0 small-vehicle 1
4050.0 953.0 4603.0 953.0 4603.0 1240.0 4050.0 1240.0 plane 0
3984.0 1142.0 4583.0 1142.0 4583.0 1618.0 3984.0 1618.0 plane 0
2929.0 185.0 3482.0 185.0 3482.0 646.0 2929.0 646.0 plane 0
1644.0 241.0 2479.0 241.0 2479.0 784.0 1644.0 784.0 plane 0
333.0 436.0 1101.0 436.0 1101.0 989.0 333.0 989.0 plane 0
