imagesource:GoogleEarth
gsd:null
2539.0 1519.0 2646.0 1519.0 2646.0 1561.0 2539.0 1561.0 small-vehicle 1
771.0 1570.0 810.0 1570.0 810.0 1617.0 771.0 1617.0 small-vehicle 1
743.0 1577.0 778.0 1577.0 778.0 1620.0 743.0 1620.0 small-vehicle 1
320.0 1631.0 368.0 1631.0 368.0 1682.0 320.0 1682.0 small-vehicle 1
575.0 1586.0 628.0 1586.0 628.0 1653.0 575.0 1653.0 small-vehicle 1
5492.0 247.0 6191.0 247.0 6191.0 806.0 5492.0 806.0 plane 0
4240.0 420.0 4853.0 420.0 4853.0 932.0 4240.0 932.0 plane 0
3322.0 493.0 4207.0 493.0 4207.0 1205.0 3322.0 1205.0 plane 0
1332.0 753.0 2150.0 753.0 2150.0 1418.0 1332.0 1418.0 plane 0
400.0 879.0 1272.0 879.0 1272.0 1605.0 400.0 1605.0 plane 0
