imagesource:GoogleEarth
gsd:null
696.0 161.0 726.0 161.0 726.0 208.0 696.0 208.0 small-vehicle 1
140.0 154.0 184.0 154.0 184.0 196.0 140.0 196.0 small-vehicle 1
2559.0 613.0 2871.0 613.0 2871.0 818.0 2559.0 818.0 plane 0
2144.0 674.0 2452.0 674.0 2452.0 871.0 2144.0 871.0 plane 0
151.0 431.0 560.0 431.0 560.0 771.0 151.0 771.0 plane 0
409.0 287.0 807.0 287.0 807.0 563.0 409.0 563.0 plane 0
846.0 165.0 1108.0 165.0 1108.0 395.0 846.0 395.0 plane 1
26.0 203.0 73.0 203.0 73.0 244.0 26.0 244.0 small-vehicle 1
54.0 190.0 103.0 190.0 103.0 232.0 54.0 232.0 small-vehicle 1
78.0 178.0 129.0 178.0 129.0 220.0 78.0 220.0 small-vehicle 1
108.0 170.0 160.0 170.0 160.0 207.0 108.0 207.0 small-vehicle 1
160.0 142.0 210.0 142.0 210.0 182.0 160.0 182.0 small-vehicle 1
660.0 176.0 687.0 176.0 687.0 223.0 660.0 223.0 small-vehicle 1
191.0 130.0 240.0 130.0 240.0 172.0 191.0 172.0 small-vehicle 1
156.0 271.0 206.0 271.0 206.0 309.0 156.0 309.0 small-vehicle 1
176.0 254.0 223.0 254.0 223.0 292.0 176.0 292.0 small-vehicle 1
208.0 238.0 256.0 238.0 256.0 276.0 208.0 276.0 small-vehicle 1
264.0 208.0 320.0 208.0 320.0 253.0 264.0 253.0 small-vehicle 1
54.0 438.0 105.0 438.0 105.0 480.0 54.0 480.0 small-vehicle 1
127.0 404.0 184.0 404.0 184.0 444.0 127.0 444.0 small-vehicle 1
209.0 380.0 245.0 380.0 245.0 417.0 209.0 417.0 small-vehicle 1
549.0 232.0 596.0 232.0 596.0 272.0 549.0 272.0 small-vehicle 1
2929.0 520.0 3334.0 520.0 3334.0 753.0 2929.0 753.0 plane 0
