imagesource:GoogleEarth
gsd:0.114718225159
3643.0 509.0 3682.0 509.0 3682.0 547.0 3643.0 547.0 small-vehicle 1
192.0 647.0 633.0 647.0 633.0 1097.0 192.0 1097.0 plane 0
3279.0 4008.0 3826.0 4008.0 3826.0 4563.0 3279.0 4563.0 plane 0
3036.0 3567.0 3641.0 3567.0 3641.0 4193.0 3036.0 4193.0 plane 0
2708.0 3281.0 3292.0 3281.0 3292.0 3903.0 2708.0 3903.0 plane 0
2397.0 2996.0 2977.0 2996.0 2977.0 3622.0 2397.0 3622.0 plane 0
2069.0 2714.0 2666.0 2714.0 2666.0 3323.0 2069.0 3323.0 plane 0
3330.0 2492.0 3603.0 2492.0 3603.0 2756.0 3330.0 2756.0 plane 0
3531.0 1433.0 3737.0 1433.0 3737.0 1622.0 3531.0 1622.0 helicopter 0
3359.0 1240.0 3590.0 1240.0 3590.0 1483.0 3359.0 1483.0 helicopter 0
3027.0 975.0 3372.0 975.0 3372.0 1324.0 3027.0 1324.0 plane 0
792.0 181.0 1246.0 181.0 1246.0 647.0 792.0 647.0 plane 0
721.0 1097.0 1162.0 1097.0 1162.0 1559.0 721.0 1559.0 plane 0
3746.0 458.0 3782.0 458.0 3782.0 500.0 3746.0 500.0 small-vehicle 1
998.0 1345.0 1435.0 1345.0 1435.0 1811.0 998.0 1811.0 plane 0
1259.0 1580.0 1696.0 1580.0 1696.0 2034.0 1259.0 2034.0 plane 0
1519.0 1811.0 1977.0 1811.0 1977.0 2265.0 1519.0 2265.0 plane 0
3712.0 427.0 3756.0 427.0 3756.0 474.0 3712.0 474.0 small-vehicle 0
3726.0 446.0 3772.0 446.0 3772.0 492.0 3726.0 492.0 small-vehicle 0
3528.0 401.0 3562.0 401.0 3562.0 442.0 3528.0 442.0 small-vehicle 0
3541.0 416.0 3577.0 416.0 3577.0 458.0 3541.0 458.0 small-vehicle 0
3552.0 431.0 3594.0 431.0 3594.0 473.0 3552.0 473.0 small-vehicle 0
3572.0 438.0 3610.0 438.0 3610.0 484.0 3572.0 484.0 small-vehicle 0
3590.0 458.0 3623.0 458.0 3623.0 496.0 3590.0 496.0 small-vehicle 0
2952.0 4890.0 3674.0 4890.0 3674.0 5659.0 2952.0 5659.0 plane 0
