imagesource:GoogleEarth
gsd:0.110355406381
1632.0 1260.0 1689.0 1260.0 1689.0 1326.0 1632.0 1326.0 large-vehicle 0
1015.0 117.0 1509.0 117.0 1509.0 583.0 1015.0 583.0 plane 0
3209.0 3179.0 3820.0 3179.0 3820.0 3846.0 3209.0 3846.0 plane 0
2727.0 2644.0 3313.0 2644.0 3313.0 3255.0 2727.0 3255.0 plane 0
1630.0 2592.0 2076.0 2592.0 2076.0 3050.0 1630.0 3050.0 plane 0
1413.0 2291.0 1851.0 2291.0 1851.0 2729.0 1413.0 2729.0 plane 0
641.0 1097.0 1067.0 1097.0 1067.0 1531.0 641.0 1531.0 plane 0
324.0 651.0 782.0 651.0 782.0 1073.0 324.0 1073.0 plane 0
1264.0 567.0 1574.0 567.0 1574.0 856.0 1264.0 856.0 plane 0
210.0 60.0 275.0 60.0 275.0 128.0 210.0 128.0 large-vehicle 0
1941.0 1695.0 1993.0 1695.0 1993.0 1756.0 1941.0 1756.0 large-vehicle 0
362.0 295.0 405.0 295.0 405.0 336.0 362.0 336.0 small-vehicle 0
2393.0 2366.0 2489.0 2366.0 2489.0 2432.0 2393.0 2432.0 large-vehicle 0
2126.0 1944.0 2199.0 1944.0 2199.0 2009.0 2126.0 2009.0 large-vehicle 0
2145.0 1966.0 2234.0 1966.0 2234.0 2041.0 2145.0 2041.0 large-vehicle 0
2161.0 1957.0 2311.0 1957.0 2311.0 2074.0 2161.0 2074.0 large-vehicle 0
2042.0 1779.0 2099.0 1779.0 2099.0 1841.0 2042.0 1841.0 large-vehicle 0
2095.0 1799.0 2139.0 1799.0 2139.0 1845.0 2095.0 1845.0 large-vehicle 0
2827.0 4091.0 3587.0 4091.0 3587.0 4886.0 2827.0 4886.0 plane 0
