imagesource:GoogleEarth
gsd:0.196821117021
1149.0 331.0 1170.0 331.0 1170.0 362.0 1149.0 362.0 small-vehicle 1
405.0 1857.0 422.0 1857.0 422.0 1884.0 405.0 1884.0 small-vehicle 1
462.0 1730.0 490.0 1730.0 490.0 1748.0 462.0 1748.0 small-vehicle 1
517.0 1732.0 541.0 1732.0 541.0 1744.0 517.0 1744.0 small-vehicle 1
510.0 1746.0 535.0 1746.0 535.0 1760.0 510.0 1760.0 small-vehicle 1
322.0 2148.0 346.0 2148.0 346.0 2161.0 322.0 2161.0 small-vehicle 1
323.0 2132.0 345.0 2132.0 345.0 2146.0 323.0 2146.0 small-vehicle 1
323.0 2118.0 353.0 2118.0 353.0 2134.0 323.0 2134.0 small-vehicle 1
326.0 2109.0 352.0 2109.0 352.0 2122.0 326.0 2122.0 small-vehicle 1
328.0 2096.0 350.0 2096.0 350.0 2111.0 328.0 2111.0 small-vehicle 1
379.0 2135.0 405.0 2135.0 405.0 2147.0 379.0 2147.0 small-vehicle 1
377.0 2149.0 400.0 2149.0 400.0 2162.0 377.0 2162.0 small-vehicle 1
336.0 2037.0 366.0 2037.0 366.0 2058.0 336.0 2058.0 small-vehicle 0
333.0 2053.0 360.0 2053.0 360.0 2068.0 333.0 2068.0 small-vehicle 0
332.0 2066.0 360.0 2066.0 360.0 2083.0 332.0 2083.0 small-vehicle 0
326.0 2079.0 353.0 2079.0 353.0 2096.0 326.0 2096.0 small-vehicle 0
384.0 2107.0 406.0 2107.0 406.0 2120.0 384.0 2120.0 small-vehicle 0
379.0 2119.0 403.0 2119.0 403.0 2136.0 379.0 2136.0 small-vehicle 0
429.0 2056.0 459.0 2056.0 459.0 2077.0 429.0 2077.0 small-vehicle 0
465.0 2067.0 492.0 2067.0 492.0 2088.0 465.0 2088.0 small-vehicle 0
461.0 2082.0 489.0 2082.0 489.0 2102.0 461.0 2102.0 small-vehicle 0
431.0 2074.0 458.0 2074.0 458.0 2089.0 431.0 2089.0 small-vehicle 0
437.0 2089.0 459.0 2089.0 459.0 2102.0 437.0 2102.0 small-vehicle 0
438.0 2162.0 466.0 2162.0 466.0 2178.0 438.0 2178.0 small-vehicle 0
436.0 2178.0 465.0 2178.0 465.0 2194.0 436.0 2194.0 small-vehicle 0
457.0 1743.0 487.0 1743.0 487.0 1761.0 457.0 1761.0 small-vehicle 1
384.0 1789.0 416.0 1789.0 416.0 1810.0 384.0 1810.0 small-vehicle 1
472.0 2190.0 498.0 2190.0 498.0 2212.0 472.0 2212.0 small-vehicle 0
389.0 1777.0 416.0 1777.0 416.0 1793.0 389.0 1793.0 small-vehicle 1
524.0 1700.0 555.0 1700.0 555.0 1724.0 524.0 1724.0 small-vehicle 1
562.0 1748.0 586.0 1748.0 586.0 1781.0 562.0 1781.0 small-vehicle 1
588.0 1750.0 620.0 1750.0 620.0 1771.0 588.0 1771.0 small-vehicle 1
648.0 1751.0 677.0 1751.0 677.0 1775.0 648.0 1775.0 small-vehicle 1
398.0 1745.0 423.0 1745.0 423.0 1768.0 398.0 1768.0 small-vehicle 0
376.0 1724.0 405.0 1724.0 405.0 1747.0 376.0 1747.0 small-vehicle 0
373.0 1742.0 399.0 1742.0 399.0 1759.0 373.0 1759.0 small-vehicle 0
415.0 1707.0 440.0 1707.0 440.0 1725.0 415.0 1725.0 small-vehicle 0
452.0 1758.0 481.0 1758.0 481.0 1775.0 452.0 1775.0 small-vehicle 0
448.0 1772.0 475.0 1772.0 475.0 1790.0 448.0 1790.0 small-vehicle 0
442.0 1784.0 470.0 1784.0 470.0 1806.0 442.0 1806.0 small-vehicle 0
434.0 1799.0 468.0 1799.0 468.0 1819.0 434.0 1819.0 small-vehicle 0
501.0 1771.0 532.0 1771.0 532.0 1787.0 501.0 1787.0 small-vehicle 0
509.0 1752.0 536.0 1752.0 536.0 1770.0 509.0 1770.0 small-vehicle 0
339.0 1829.0 355.0 1829.0 355.0 1857.0 339.0 1857.0 small-vehicle 0
366.0 1841.0 380.0 1841.0 380.0 1867.0 366.0 1867.0 small-vehicle 0
381.0 1843.0 394.0 1843.0 394.0 1871.0 381.0 1871.0 small-vehicle 0
381.0 1715.0 408.0 1715.0 408.0 1734.0 381.0 1734.0 small-vehicle 1
403.0 1734.0 429.0 1734.0 429.0 1754.0 403.0 1754.0 small-vehicle 1
369.0 1757.0 393.0 1757.0 393.0 1774.0 369.0 1774.0 small-vehicle 1
358.0 1765.0 386.0 1765.0 386.0 1784.0 358.0 1784.0 small-vehicle 1
356.0 1780.0 380.0 1780.0 380.0 1801.0 356.0 1801.0 small-vehicle 1
391.0 1760.0 416.0 1760.0 416.0 1780.0 391.0 1780.0 small-vehicle 1
476.0 2178.0 501.0 2178.0 501.0 2197.0 476.0 2197.0 small-vehicle 0
518.0 2239.0 546.0 2239.0 546.0 2257.0 518.0 2257.0 small-vehicle 0
1915.0 739.0 1944.0 739.0 1944.0 756.0 1915.0 756.0 small-vehicle 1
443.0 2308.0 465.0 2308.0 465.0 2340.0 443.0 2340.0 small-vehicle 0
464.0 2100.0 488.0 2100.0 488.0 2116.0 464.0 2116.0 small-vehicle 1
468.0 2119.0 495.0 2119.0 495.0 2134.0 468.0 2134.0 small-vehicle 1
469.0 2131.0 494.0 2131.0 494.0 2145.0 469.0 2145.0 small-vehicle 1
470.0 2147.0 496.0 2147.0 496.0 2161.0 470.0 2161.0 small-vehicle 1
469.0 2165.0 498.0 2165.0 498.0 2182.0 469.0 2182.0 small-vehicle 1
473.0 2240.0 502.0 2240.0 502.0 2256.0 473.0 2256.0 small-vehicle 1
478.0 2257.0 507.0 2257.0 507.0 2280.0 478.0 2280.0 small-vehicle 1
479.0 2285.0 505.0 2285.0 505.0 2303.0 479.0 2303.0 small-vehicle 1
475.0 2270.0 503.0 2270.0 503.0 2291.0 475.0 2291.0 small-vehicle 1
555.0 2110.0 583.0 2110.0 583.0 2129.0 555.0 2129.0 small-vehicle 1
552.0 2125.0 581.0 2125.0 581.0 2144.0 552.0 2144.0 small-vehicle 1
631.0 2072.0 660.0 2072.0 660.0 2093.0 631.0 2093.0 small-vehicle 1
647.0 2113.0 670.0 2113.0 670.0 2131.0 647.0 2131.0 small-vehicle 1
698.0 2150.0 727.0 2150.0 727.0 2172.0 698.0 2172.0 small-vehicle 1
626.0 2155.0 658.0 2155.0 658.0 2177.0 626.0 2177.0 small-vehicle 1
619.0 2187.0 647.0 2187.0 647.0 2206.0 619.0 2206.0 small-vehicle 1
604.0 2130.0 633.0 2130.0 633.0 2154.0 604.0 2154.0 small-vehicle 1
599.0 2144.0 628.0 2144.0 628.0 2167.0 599.0 2167.0 small-vehicle 1
591.0 2174.0 618.0 2174.0 618.0 2196.0 591.0 2196.0 small-vehicle 1
558.0 2341.0 583.0 2341.0 583.0 2361.0 558.0 2361.0 small-vehicle 1
563.0 2329.0 589.0 2329.0 589.0 2348.0 563.0 2348.0 small-vehicle 1
569.0 2314.0 595.0 2314.0 595.0 2332.0 569.0 2332.0 small-vehicle 1
576.0 2304.0 598.0 2304.0 598.0 2321.0 576.0 2321.0 small-vehicle 1
443.0 2257.0 473.0 2257.0 473.0 2277.0 443.0 2277.0 small-vehicle 1
431.0 2304.0 452.0 2304.0 452.0 2334.0 431.0 2334.0 small-vehicle 0
520.0 2209.0 549.0 2209.0 549.0 2229.0 520.0 2229.0 small-vehicle 0
458.0 2368.0 485.0 2368.0 485.0 2388.0 458.0 2388.0 small-vehicle 0
525.0 2196.0 550.0 2196.0 550.0 2218.0 525.0 2218.0 small-vehicle 0
527.0 2116.0 549.0 2116.0 549.0 2136.0 527.0 2136.0 small-vehicle 0
562.0 2097.0 588.0 2097.0 588.0 2116.0 562.0 2116.0 small-vehicle 0
564.0 2084.0 592.0 2084.0 592.0 2106.0 564.0 2106.0 small-vehicle 0
570.0 2069.0 597.0 2069.0 597.0 2089.0 570.0 2089.0 small-vehicle 0
576.0 2053.0 601.0 2053.0 601.0 2073.0 576.0 2073.0 small-vehicle 0
550.0 2046.0 578.0 2046.0 578.0 2064.0 550.0 2064.0 small-vehicle 0
622.0 2105.0 646.0 2105.0 646.0 2123.0 622.0 2123.0 small-vehicle 0
613.0 2117.0 640.0 2117.0 640.0 2140.0 613.0 2140.0 small-vehicle 0
634.0 2143.0 662.0 2143.0 662.0 2161.0 634.0 2161.0 small-vehicle 0
658.0 2083.0 686.0 2083.0 686.0 2107.0 658.0 2107.0 small-vehicle 0
709.0 2122.0 739.0 2122.0 739.0 2143.0 709.0 2143.0 small-vehicle 0
656.0 2272.0 683.0 2272.0 683.0 2293.0 656.0 2293.0 small-vehicle 0
643.0 2314.0 668.0 2314.0 668.0 2335.0 643.0 2335.0 small-vehicle 0
635.0 2329.0 668.0 2329.0 668.0 2350.0 635.0 2350.0 small-vehicle 0
626.0 2336.0 655.0 2336.0 655.0 2360.0 626.0 2360.0 small-vehicle 0
619.0 2369.0 647.0 2369.0 647.0 2389.0 619.0 2389.0 small-vehicle 0
477.0 2299.0 505.0 2299.0 505.0 2320.0 477.0 2320.0 small-vehicle 0
331.0 2265.0 351.0 2265.0 351.0 2294.0 331.0 2294.0 small-vehicle 0
358.0 2366.0 376.0 2366.0 376.0 2396.0 358.0 2396.0 small-vehicle 0
399.0 2383.0 416.0 2383.0 416.0 2413.0 399.0 2413.0 small-vehicle 0
413.0 2386.0 432.0 2386.0 432.0 2415.0 413.0 2415.0 small-vehicle 0
432.0 2356.0 456.0 2356.0 456.0 2375.0 432.0 2375.0 small-vehicle 0
299.0 1807.0 322.0 1807.0 322.0 1830.0 299.0 1830.0 small-vehicle 1
286.0 1797.0 313.0 1797.0 313.0 1819.0 286.0 1819.0 small-vehicle 1
278.0 1787.0 303.0 1787.0 303.0 1807.0 278.0 1807.0 small-vehicle 1
3200.0 2801.0 3401.0 2801.0 3401.0 3024.0 3200.0 3024.0 plane 0
3174.0 1524.0 3281.0 1524.0 3281.0 1630.0 3174.0 1630.0 plane 0
3360.0 1542.0 3502.0 1542.0 3502.0 1705.0 3360.0 1705.0 plane 0
3301.0 1440.0 3451.0 1440.0 3451.0 1614.0 3301.0 1614.0 plane 0
3631.0 1609.0 3704.0 1609.0 3704.0 1687.0 3631.0 1687.0 helicopter 0
3717.0 1686.0 3905.0 1686.0 3905.0 1887.0 3717.0 1887.0 plane 0
3886.0 1715.0 4018.0 1715.0 4018.0 1856.0 3886.0 1856.0 plane 0
4011.0 1755.0 4139.0 1755.0 4139.0 1889.0 4011.0 1889.0 plane 0
3918.0 1792.0 4063.0 1792.0 4063.0 1952.0 3918.0 1952.0 plane 0
4100.0 1826.0 4225.0 1826.0 4225.0 1954.0 4100.0 1954.0 plane 0
4156.0 1874.0 4301.0 1874.0 4301.0 2043.0 4156.0 2043.0 plane 0
4289.0 1871.0 4420.0 1871.0 4420.0 2011.0 4289.0 2011.0 plane 0
4445.0 1952.0 4571.0 1952.0 4571.0 2081.0 4445.0 2081.0 plane 0
4345.0 1964.0 4490.0 1964.0 4490.0 2123.0 4345.0 2123.0 plane 1
4331.0 1911.0 4542.0 1911.0 4542.0 2133.0 4331.0 2133.0 plane 0
4538.0 2015.0 4646.0 2015.0 4646.0 2122.0 4538.0 2122.0 plane 0
4563.0 2044.0 4755.0 2044.0 4755.0 2238.0 4563.0 2238.0 plane 0
3837.0 3485.0 4102.0 3485.0 4102.0 3733.0 3837.0 3733.0 plane 0
4550.0 4149.0 4729.0 4149.0 4729.0 4317.0 4550.0 4317.0 plane 0
2585.0 3744.0 2724.0 3744.0 2724.0 3880.0 2585.0 3880.0 plane 0
2469.0 3676.0 2612.0 3676.0 2612.0 3818.0 2469.0 3818.0 plane 0
2980.0 3186.0 3136.0 3186.0 3136.0 3358.0 2980.0 3358.0 plane 0
3288.0 1042.0 3401.0 1042.0 3401.0 1157.0 3288.0 1157.0 plane 0
3787.0 1077.0 3979.0 1077.0 3979.0 1278.0 3787.0 1278.0 plane 0
3101.0 1503.0 3185.0 1503.0 3185.0 1574.0 3101.0 1574.0 plane 0
2990.0 2714.0 3177.0 2714.0 3177.0 2891.0 2990.0 2891.0 plane 0
272.0 1756.0 300.0 1756.0 300.0 1768.0 272.0 1768.0 small-vehicle 1
2878.0 2669.0 3017.0 2669.0 3017.0 2821.0 2878.0 2821.0 plane 0
1902.0 3386.0 2041.0 3386.0 2041.0 3526.0 1902.0 3526.0 plane 0
1958.0 3267.0 2091.0 3267.0 2091.0 3398.0 1958.0 3398.0 plane 0
1996.0 3153.0 2127.0 3153.0 2127.0 3288.0 1996.0 3288.0 plane 0
2052.0 3076.0 2155.0 3076.0 2155.0 3180.0 2052.0 3180.0 plane 0
2104.0 2963.0 2206.0 2963.0 2206.0 3064.0 2104.0 3064.0 plane 0
2138.0 2865.0 2245.0 2865.0 2245.0 2969.0 2138.0 2969.0 plane 0
2184.0 2753.0 2283.0 2753.0 2283.0 2857.0 2184.0 2857.0 plane 0
2249.0 3318.0 2445.0 3318.0 2445.0 3509.0 2249.0 3509.0 plane 0
2486.0 3343.0 2618.0 3343.0 2618.0 3483.0 2486.0 3483.0 plane 0
2311.0 3184.0 2474.0 3184.0 2474.0 3351.0 2311.0 3351.0 plane 0
2425.0 2897.0 2619.0 2897.0 2619.0 3095.0 2425.0 3095.0 plane 0
1858.0 2681.0 2025.0 2681.0 2025.0 2835.0 1858.0 2835.0 plane 0
1586.0 2426.0 1779.0 2426.0 1779.0 2619.0 1586.0 2619.0 plane 0
2245.0 2341.0 2541.0 2341.0 2541.0 2608.0 2245.0 2608.0 plane 0
2608.0 2411.0 2829.0 2411.0 2829.0 2617.0 2608.0 2617.0 plane 0
2444.0 2386.0 2724.0 2386.0 2724.0 2652.0 2444.0 2652.0 plane 0
2470.0 2248.0 2695.0 2248.0 2695.0 2458.0 2470.0 2458.0 plane 0
2494.0 2081.0 2732.0 2081.0 2732.0 2294.0 2494.0 2294.0 plane 0
2205.0 2230.0 2442.0 2230.0 2442.0 2440.0 2205.0 2440.0 plane 0
2276.0 2083.0 2509.0 2083.0 2509.0 2290.0 2276.0 2290.0 plane 0
2390.0 1951.0 2513.0 1951.0 2513.0 2092.0 2390.0 2092.0 plane 0
2154.0 1748.0 2402.0 1748.0 2402.0 1992.0 2154.0 1992.0 plane 0
1998.0 1686.0 2215.0 1686.0 2215.0 1928.0 1998.0 1928.0 plane 0
3974.0 1227.0 4106.0 1227.0 4106.0 1365.0 3974.0 1365.0 plane 0
3881.0 812.0 4086.0 812.0 4086.0 1009.0 3881.0 1009.0 plane 0
4033.0 1160.0 4222.0 1160.0 4222.0 1355.0 4033.0 1355.0 plane 0
4115.0 1244.0 4304.0 1244.0 4304.0 1446.0 4115.0 1446.0 plane 0
1074.0 3096.0 1279.0 3096.0 1279.0 3289.0 1074.0 3289.0 plane 0
1035.0 538.0 1063.0 538.0 1063.0 571.0 1035.0 571.0 small-vehicle 1
1058.0 547.0 1085.0 547.0 1085.0 583.0 1058.0 583.0 small-vehicle 1
1088.0 578.0 1109.0 578.0 1109.0 606.0 1088.0 606.0 small-vehicle 1
699.0 1193.0 726.0 1193.0 726.0 1222.0 699.0 1222.0 small-vehicle 1
472.0 1521.0 502.0 1521.0 502.0 1550.0 472.0 1550.0 small-vehicle 1
542.0 1527.0 569.0 1527.0 569.0 1547.0 542.0 1547.0 small-vehicle 1
526.0 1557.0 555.0 1557.0 555.0 1575.0 526.0 1575.0 small-vehicle 1
522.0 1571.0 550.0 1571.0 550.0 1588.0 522.0 1588.0 small-vehicle 1
562.0 1614.0 588.0 1614.0 588.0 1631.0 562.0 1631.0 small-vehicle 1
556.0 1628.0 583.0 1628.0 583.0 1643.0 556.0 1643.0 small-vehicle 1
548.0 1650.0 575.0 1650.0 575.0 1667.0 548.0 1667.0 small-vehicle 1
441.0 1638.0 469.0 1638.0 469.0 1658.0 441.0 1658.0 small-vehicle 1
438.0 1652.0 463.0 1652.0 463.0 1668.0 438.0 1668.0 small-vehicle 1
432.0 1665.0 458.0 1665.0 458.0 1684.0 432.0 1684.0 small-vehicle 1
429.0 1680.0 452.0 1680.0 452.0 1698.0 429.0 1698.0 small-vehicle 1
360.0 1643.0 381.0 1643.0 381.0 1669.0 360.0 1669.0 small-vehicle 1
348.0 1653.0 375.0 1653.0 375.0 1682.0 348.0 1682.0 small-vehicle 1
388.0 1700.0 413.0 1700.0 413.0 1714.0 388.0 1714.0 small-vehicle 1
320.0 1688.0 341.0 1688.0 341.0 1714.0 320.0 1714.0 small-vehicle 1
304.0 1700.0 333.0 1700.0 333.0 1723.0 304.0 1723.0 small-vehicle 1
296.0 1712.0 326.0 1712.0 326.0 1734.0 296.0 1734.0 small-vehicle 1
279.0 1736.0 306.0 1736.0 306.0 1758.0 279.0 1758.0 small-vehicle 1
790.0 2943.0 975.0 2943.0 975.0 3129.0 790.0 3129.0 plane 0
938.0 3015.0 1071.0 3015.0 1071.0 3153.0 938.0 3153.0 plane 0
343.0 3165.0 544.0 3165.0 544.0 3352.0 343.0 3352.0 plane 0
5184.0 1745.0 5297.0 1745.0 5297.0 1858.0 5184.0 1858.0 plane 0
4405.0 1403.0 4538.0 1403.0 4538.0 1547.0 4405.0 1547.0 plane 0
4296.0 1351.0 4430.0 1351.0 4430.0 1488.0 4296.0 1488.0 plane 0
4226.0 1252.0 4422.0 1252.0 4422.0 1457.0 4226.0 1457.0 plane 0
4444.0 1332.0 4679.0 1332.0 4679.0 1574.0 4444.0 1574.0 plane 0
4551.0 1431.0 4738.0 1431.0 4738.0 1630.0 4551.0 1630.0 plane 0
4694.0 1159.0 4847.0 1159.0 4847.0 1333.0 4694.0 1333.0 plane 0
4555.0 1171.0 4744.0 1171.0 4744.0 1361.0 4555.0 1361.0 plane 0
4844.0 1589.0 4955.0 1589.0 4955.0 1707.0 4844.0 1707.0 plane 0
4720.0 1518.0 4870.0 1518.0 4870.0 1680.0 4720.0 1680.0 plane 0
4662.0 1419.0 4853.0 1419.0 4853.0 1621.0 4662.0 1621.0 plane 0
5004.0 1632.0 5157.0 1632.0 5157.0 1800.0 5004.0 1800.0 plane 0
400.0 3026.0 593.0 3026.0 593.0 3204.0 400.0 3204.0 plane 0
5097.0 1606.0 5286.0 1606.0 5286.0 1798.0 5097.0 1798.0 plane 0
4881.0 1518.0 5110.0 1518.0 5110.0 1743.0 4881.0 1743.0 plane 0
5626.0 938.0 5818.0 938.0 5818.0 1138.0 5626.0 1138.0 plane 0
5381.0 826.0 5580.0 826.0 5580.0 1037.0 5381.0 1037.0 plane 0
5969.0 1968.0 6168.0 1968.0 6168.0 2177.0 5969.0 2177.0 plane 0
5765.0 1889.0 5963.0 1889.0 5963.0 2101.0 5765.0 2101.0 plane 0
5887.0 1691.0 6089.0 1691.0 6089.0 1903.0 5887.0 1903.0 plane 0
5645.0 1575.0 5849.0 1575.0 5849.0 1802.0 5645.0 1802.0 plane 0
3723.0 567.0 3883.0 567.0 3883.0 743.0 3723.0 743.0 plane 0
463.0 2921.0 590.0 2921.0 590.0 3042.0 463.0 3042.0 plane 0
578.0 2293.0 605.0 2293.0 605.0 2312.0 578.0 2312.0 small-vehicle 1
588.0 2274.0 612.0 2274.0 612.0 2294.0 588.0 2294.0 small-vehicle 1
590.0 2261.0 617.0 2261.0 617.0 2280.0 590.0 2280.0 small-vehicle 1
3124.0 240.0 3153.0 240.0 3153.0 259.0 3124.0 259.0 small-vehicle 1
3111.0 266.0 3139.0 266.0 3139.0 286.0 3111.0 286.0 small-vehicle 1
3100.0 294.0 3127.0 294.0 3127.0 315.0 3100.0 315.0 small-vehicle 1
3094.0 307.0 3123.0 307.0 3123.0 329.0 3094.0 329.0 small-vehicle 1
3087.0 322.0 3114.0 322.0 3114.0 345.0 3087.0 345.0 small-vehicle 1
3077.0 354.0 3106.0 354.0 3106.0 372.0 3077.0 372.0 small-vehicle 1
3070.0 368.0 3097.0 368.0 3097.0 390.0 3070.0 390.0 small-vehicle 1
3058.0 396.0 3084.0 396.0 3084.0 415.0 3058.0 415.0 small-vehicle 1
3052.0 409.0 3081.0 409.0 3081.0 434.0 3052.0 434.0 small-vehicle 1
2971.0 441.0 2992.0 441.0 2992.0 476.0 2971.0 476.0 small-vehicle 1
2960.0 472.0 2979.0 472.0 2979.0 506.0 2960.0 506.0 small-vehicle 1
2974.0 487.0 2992.0 487.0 2992.0 522.0 2974.0 522.0 small-vehicle 1
2948.0 505.0 2964.0 505.0 2964.0 532.0 2948.0 532.0 small-vehicle 1
2939.0 526.0 2957.0 526.0 2957.0 556.0 2939.0 556.0 small-vehicle 1
2946.0 705.0 2978.0 705.0 2978.0 724.0 2946.0 724.0 small-vehicle 1
2953.0 723.0 2985.0 723.0 2985.0 747.0 2953.0 747.0 small-vehicle 1
2946.0 750.0 2969.0 750.0 2969.0 762.0 2946.0 762.0 small-vehicle 1
2936.0 771.0 2963.0 771.0 2963.0 788.0 2936.0 788.0 small-vehicle 1
2919.0 806.0 2945.0 806.0 2945.0 825.0 2919.0 825.0 small-vehicle 1
2911.0 827.0 2940.0 827.0 2940.0 846.0 2911.0 846.0 small-vehicle 1
2892.0 872.0 2920.0 872.0 2920.0 888.0 2892.0 888.0 small-vehicle 1
2873.0 924.0 2900.0 924.0 2900.0 942.0 2873.0 942.0 small-vehicle 1
2802.0 1083.0 2833.0 1083.0 2833.0 1098.0 2802.0 1098.0 small-vehicle 1
2781.0 1142.0 2810.0 1142.0 2810.0 1159.0 2781.0 1159.0 small-vehicle 1
3121.0 252.0 3148.0 252.0 3148.0 269.0 3121.0 269.0 small-vehicle 1
3130.0 227.0 3159.0 227.0 3159.0 249.0 3130.0 249.0 small-vehicle 1
3111.0 104.0 3130.0 104.0 3130.0 133.0 3111.0 133.0 small-vehicle 1
3134.0 213.0 3161.0 213.0 3161.0 230.0 3134.0 230.0 small-vehicle 1
3091.0 156.0 3110.0 156.0 3110.0 182.0 3091.0 182.0 small-vehicle 1
3082.0 185.0 3096.0 185.0 3096.0 211.0 3082.0 211.0 small-vehicle 1
3065.0 218.0 3084.0 218.0 3084.0 245.0 3065.0 245.0 small-vehicle 1
3054.0 253.0 3070.0 253.0 3070.0 285.0 3054.0 285.0 small-vehicle 1
3044.0 280.0 3061.0 280.0 3061.0 305.0 3044.0 305.0 small-vehicle 1
2990.0 410.0 3010.0 410.0 3010.0 435.0 2990.0 435.0 small-vehicle 1
3010.0 358.0 3029.0 358.0 3029.0 386.0 3010.0 386.0 small-vehicle 1
3036.0 302.0 3054.0 302.0 3054.0 330.0 3036.0 330.0 small-vehicle 0
3024.0 326.0 3042.0 326.0 3042.0 356.0 3024.0 356.0 small-vehicle 0
2999.0 385.0 3021.0 385.0 3021.0 415.0 2999.0 415.0 small-vehicle 0
3063.0 382.0 3091.0 382.0 3091.0 402.0 3063.0 402.0 small-vehicle 0
3080.0 338.0 3109.0 338.0 3109.0 359.0 3080.0 359.0 small-vehicle 0
3107.0 281.0 3135.0 281.0 3135.0 305.0 3107.0 305.0 small-vehicle 0
3144.0 180.0 3176.0 180.0 3176.0 203.0 3144.0 203.0 small-vehicle 0
3151.0 168.0 3182.0 168.0 3182.0 193.0 3151.0 193.0 small-vehicle 0
3178.0 96.0 3211.0 96.0 3211.0 114.0 3178.0 114.0 small-vehicle 0
3180.0 113.0 3203.0 113.0 3203.0 128.0 3180.0 128.0 small-vehicle 0
3160.0 88.0 3177.0 88.0 3177.0 116.0 3160.0 116.0 small-vehicle 0
3194.0 68.0 3224.0 68.0 3224.0 89.0 3194.0 89.0 small-vehicle 0
3170.0 122.0 3198.0 122.0 3198.0 142.0 3170.0 142.0 small-vehicle 1
3162.0 139.0 3190.0 139.0 3190.0 158.0 3162.0 158.0 small-vehicle 1
3151.0 150.0 3186.0 150.0 3186.0 169.0 3151.0 169.0 small-vehicle 1
3137.0 193.0 3167.0 193.0 3167.0 213.0 3137.0 213.0 small-vehicle 1
2776.0 1162.0 2803.0 1162.0 2803.0 1179.0 2776.0 1179.0 small-vehicle 1
2766.0 1180.0 2793.0 1180.0 2793.0 1196.0 2766.0 1196.0 small-vehicle 1
2756.0 1201.0 2786.0 1201.0 2786.0 1216.0 2756.0 1216.0 small-vehicle 1
2746.0 1218.0 2777.0 1218.0 2777.0 1243.0 2746.0 1243.0 small-vehicle 1
752.0 3870.0 778.0 3870.0 778.0 3902.0 752.0 3902.0 small-vehicle 1
765.0 4101.0 795.0 4101.0 795.0 4128.0 765.0 4128.0 small-vehicle 1
775.0 4109.0 803.0 4109.0 803.0 4140.0 775.0 4140.0 small-vehicle 1
783.0 4119.0 810.0 4119.0 810.0 4144.0 783.0 4144.0 small-vehicle 1
792.0 4129.0 818.0 4129.0 818.0 4156.0 792.0 4156.0 small-vehicle 1
797.0 4138.0 830.0 4138.0 830.0 4167.0 797.0 4167.0 small-vehicle 1
806.0 4148.0 837.0 4148.0 837.0 4177.0 806.0 4177.0 small-vehicle 1
813.0 4158.0 845.0 4158.0 845.0 4187.0 813.0 4187.0 small-vehicle 1
2202.0 3793.0 2235.0 3793.0 2235.0 3813.0 2202.0 3813.0 small-vehicle 1
2193.0 3806.0 2227.0 3806.0 2227.0 3828.0 2193.0 3828.0 small-vehicle 1
1502.0 2523.0 1526.0 2523.0 1526.0 2534.0 1502.0 2534.0 small-vehicle 1
1342.0 1493.0 1354.0 1493.0 1354.0 1519.0 1342.0 1519.0 small-vehicle 1
1351.0 1496.0 1369.0 1496.0 1369.0 1528.0 1351.0 1528.0 small-vehicle 1
1367.0 1502.0 1386.0 1502.0 1386.0 1532.0 1367.0 1532.0 small-vehicle 1
1381.0 1510.0 1400.0 1510.0 1400.0 1538.0 1381.0 1538.0 small-vehicle 1
1495.0 1546.0 1513.0 1546.0 1513.0 1574.0 1495.0 1574.0 small-vehicle 1
1506.0 1552.0 1526.0 1552.0 1526.0 1578.0 1506.0 1578.0 small-vehicle 1
1542.0 1565.0 1562.0 1565.0 1562.0 1594.0 1542.0 1594.0 small-vehicle 1
1557.0 1573.0 1576.0 1573.0 1576.0 1602.0 1557.0 1602.0 small-vehicle 1
1572.0 1573.0 1593.0 1573.0 1593.0 1608.0 1572.0 1608.0 small-vehicle 1
1932.0 797.0 1956.0 797.0 1956.0 811.0 1932.0 811.0 small-vehicle 1
1931.0 779.0 1956.0 779.0 1956.0 799.0 1931.0 799.0 small-vehicle 1
1926.0 749.0 1955.0 749.0 1955.0 773.0 1926.0 773.0 small-vehicle 1
741.0 3871.0 760.0 3871.0 760.0 3899.0 741.0 3899.0 small-vehicle 1
65.0 3562.0 101.0 3562.0 101.0 3588.0 65.0 3588.0 small-vehicle 1
951.0 2691.0 971.0 2691.0 971.0 2721.0 951.0 2721.0 small-vehicle 1
2472.0 3913.0 2516.0 3913.0 2516.0 3941.0 2472.0 3941.0 small-vehicle 0
2743.0 1242.0 2771.0 1242.0 2771.0 1258.0 2743.0 1258.0 small-vehicle 1
3800.0 3033.0 3822.0 3033.0 3822.0 3060.0 3800.0 3060.0 small-vehicle 1
3697.0 1805.0 3725.0 1805.0 3725.0 1822.0 3697.0 1822.0 small-vehicle 1
4344.0 531.0 4368.0 531.0 4368.0 563.0 4344.0 563.0 small-vehicle 1
5314.0 132.0 5339.0 132.0 5339.0 167.0 5314.0 167.0 small-vehicle 0
5316.0 4498.0 5356.0 4498.0 5356.0 4513.0 5316.0 4513.0 small-vehicle 0
2291.0 3929.0 2327.0 3929.0 2327.0 3956.0 2291.0 3956.0 small-vehicle 0
2297.0 3913.0 2337.0 3913.0 2337.0 3936.0 2297.0 3936.0 small-vehicle 0
2303.0 3899.0 2344.0 3899.0 2344.0 3922.0 2303.0 3922.0 small-vehicle 0
2309.0 3887.0 2343.0 3887.0 2343.0 3911.0 2309.0 3911.0 small-vehicle 0
2474.0 3896.0 2521.0 3896.0 2521.0 3929.0 2474.0 3929.0 small-vehicle 0
963.0 2693.0 984.0 2693.0 984.0 2723.0 963.0 2723.0 small-vehicle 1
2677.0 3860.0 2731.0 3860.0 2731.0 3902.0 2677.0 3902.0 small-vehicle 0
2767.0 3818.0 2821.0 3818.0 2821.0 3857.0 2767.0 3857.0 small-vehicle 0
2181.0 3833.0 2216.0 3833.0 2216.0 3857.0 2181.0 3857.0 small-vehicle 0
1224.0 826.0 1264.0 826.0 1264.0 878.0 1224.0 878.0 large-vehicle 0
1251.0 836.0 1285.0 836.0 1285.0 885.0 1251.0 885.0 large-vehicle 0
1584.0 405.0 1643.0 405.0 1643.0 478.0 1584.0 478.0 large-vehicle 0
1530.0 487.0 1589.0 487.0 1589.0 561.0 1530.0 561.0 large-vehicle 0
710.0 2525.0 731.0 2525.0 731.0 2554.0 710.0 2554.0 small-vehicle 1
770.0 2550.0 787.0 2550.0 787.0 2574.0 770.0 2574.0 small-vehicle 1
976.0 2701.0 997.0 2701.0 997.0 2729.0 976.0 2729.0 small-vehicle 1
3101.0 135.0 3118.0 135.0 3118.0 158.0 3101.0 158.0 small-vehicle 1
3184.0 79.0 3213.0 79.0 3213.0 99.0 3184.0 99.0 small-vehicle 1
595.0 2249.0 626.0 2249.0 626.0 2267.0 595.0 2267.0 small-vehicle 1
522.0 2252.0 532.0 2252.0 532.0 2281.0 522.0 2281.0 small-vehicle 1
578.0 2206.0 608.0 2206.0 608.0 2221.0 578.0 2221.0 small-vehicle 1
573.0 2217.0 602.0 2217.0 602.0 2234.0 573.0 2234.0 small-vehicle 1
659.0 2257.0 688.0 2257.0 688.0 2278.0 659.0 2278.0 small-vehicle 1
543.0 2300.0 572.0 2300.0 572.0 2323.0 543.0 2323.0 small-vehicle 1
538.0 2315.0 568.0 2315.0 568.0 2336.0 538.0 2336.0 small-vehicle 1
467.0 2342.0 497.0 2342.0 497.0 2364.0 467.0 2364.0 small-vehicle 1
681.0 2197.0 710.0 2197.0 710.0 2218.0 681.0 2218.0 small-vehicle 1
678.0 2209.0 706.0 2209.0 706.0 2228.0 678.0 2228.0 small-vehicle 1
687.0 2186.0 714.0 2186.0 714.0 2206.0 687.0 2206.0 small-vehicle 1
692.0 2168.0 718.0 2168.0 718.0 2187.0 692.0 2187.0 small-vehicle 1
623.0 2166.0 650.0 2166.0 650.0 2183.0 623.0 2183.0 small-vehicle 1
621.0 2174.0 649.0 2174.0 649.0 2193.0 621.0 2193.0 small-vehicle 1
1212.0 2454.0 1231.0 2454.0 1231.0 2485.0 1212.0 2485.0 small-vehicle 1
1232.0 2462.0 1249.0 2462.0 1249.0 2488.0 1232.0 2488.0 small-vehicle 1
1078.0 2497.0 1103.0 2497.0 1103.0 2515.0 1078.0 2515.0 small-vehicle 1
1134.0 2497.0 1164.0 2497.0 1164.0 2517.0 1134.0 2517.0 small-vehicle 1
1066.0 2535.0 1092.0 2535.0 1092.0 2556.0 1066.0 2556.0 small-vehicle 1
1052.0 2569.0 1079.0 2569.0 1079.0 2591.0 1052.0 2591.0 small-vehicle 1
1033.0 2614.0 1063.0 2614.0 1063.0 2634.0 1033.0 2634.0 small-vehicle 1
1031.0 2632.0 1055.0 2632.0 1055.0 2649.0 1031.0 2649.0 small-vehicle 1
698.0 2519.0 719.0 2519.0 719.0 2548.0 698.0 2548.0 small-vehicle 1
785.0 2552.0 801.0 2552.0 801.0 2578.0 785.0 2578.0 small-vehicle 1
852.0 2580.0 868.0 2580.0 868.0 2610.0 852.0 2610.0 small-vehicle 1
583.0 2188.0 612.0 2188.0 612.0 2210.0 583.0 2210.0 small-vehicle 1
531.0 2431.0 552.0 2431.0 552.0 2458.0 531.0 2458.0 small-vehicle 1
3168.0 64.0 3184.0 64.0 3184.0 88.0 3168.0 88.0 small-vehicle 1
503.0 2420.0 523.0 2420.0 523.0 2447.0 503.0 2447.0 small-vehicle 1
598.0 2235.0 627.0 2235.0 627.0 2252.0 598.0 2252.0 small-vehicle 1
548.0 2293.0 575.0 2293.0 575.0 2315.0 548.0 2315.0 small-vehicle 1
652.0 2286.0 676.0 2286.0 676.0 2304.0 652.0 2304.0 small-vehicle 1
319.0 2263.0 331.0 2263.0 331.0 2287.0 319.0 2287.0 small-vehicle 1
345.0 2273.0 362.0 2273.0 362.0 2300.0 345.0 2300.0 small-vehicle 1
360.0 2281.0 374.0 2281.0 374.0 2305.0 360.0 2305.0 small-vehicle 1
386.0 2288.0 405.0 2288.0 405.0 2320.0 386.0 2320.0 small-vehicle 1
403.0 2288.0 420.0 2288.0 420.0 2321.0 403.0 2321.0 small-vehicle 1
416.0 2296.0 433.0 2296.0 433.0 2321.0 416.0 2321.0 small-vehicle 1
460.0 2311.0 476.0 2311.0 476.0 2341.0 460.0 2341.0 small-vehicle 1
345.0 2323.0 372.0 2323.0 372.0 2343.0 345.0 2343.0 small-vehicle 1
397.0 2346.0 422.0 2346.0 422.0 2360.0 397.0 2360.0 small-vehicle 1
302.0 2346.0 318.0 2346.0 318.0 2372.0 302.0 2372.0 small-vehicle 1
313.0 2348.0 333.0 2348.0 333.0 2377.0 313.0 2377.0 small-vehicle 1
328.0 2351.0 347.0 2351.0 347.0 2384.0 328.0 2384.0 small-vehicle 1
342.0 2360.0 362.0 2360.0 362.0 2388.0 342.0 2388.0 small-vehicle 1
370.0 2373.0 389.0 2373.0 389.0 2403.0 370.0 2403.0 small-vehicle 1
385.0 2373.0 406.0 2373.0 406.0 2406.0 385.0 2406.0 small-vehicle 1
426.0 2390.0 443.0 2390.0 443.0 2419.0 426.0 2419.0 small-vehicle 1
442.0 2400.0 459.0 2400.0 459.0 2427.0 442.0 2427.0 small-vehicle 1
455.0 2404.0 475.0 2404.0 475.0 2431.0 455.0 2431.0 small-vehicle 1
469.0 2412.0 490.0 2412.0 490.0 2438.0 469.0 2438.0 small-vehicle 1
486.0 2415.0 507.0 2415.0 507.0 2446.0 486.0 2446.0 small-vehicle 1
1006.0 2642.0 1027.0 2642.0 1027.0 2671.0 1006.0 2671.0 small-vehicle 1
1084.0 2644.0 1111.0 2644.0 1111.0 2661.0 1084.0 2661.0 small-vehicle 1
884.0 2665.0 901.0 2665.0 901.0 2692.0 884.0 2692.0 small-vehicle 1
847.0 2651.0 862.0 2651.0 862.0 2679.0 847.0 2679.0 small-vehicle 1
1296.0 1858.0 1313.0 1858.0 1313.0 1891.0 1296.0 1891.0 small-vehicle 1
1310.0 1860.0 1325.0 1860.0 1325.0 1893.0 1310.0 1893.0 small-vehicle 1
1320.0 1865.0 1338.0 1865.0 1338.0 1897.0 1320.0 1897.0 small-vehicle 1
1331.0 1973.0 1349.0 1973.0 1349.0 2000.0 1331.0 2000.0 small-vehicle 1
1285.0 1953.0 1304.0 1953.0 1304.0 1984.0 1285.0 1984.0 small-vehicle 1
1316.0 1959.0 1339.0 1959.0 1339.0 1993.0 1316.0 1993.0 small-vehicle 1
1407.0 1887.0 1436.0 1887.0 1436.0 1932.0 1407.0 1932.0 small-vehicle 1
1679.0 1963.0 1713.0 1963.0 1713.0 1986.0 1679.0 1986.0 small-vehicle 1
1668.0 1980.0 1709.0 1980.0 1709.0 2010.0 1668.0 2010.0 small-vehicle 1
1664.0 1999.0 1702.0 1999.0 1702.0 2023.0 1664.0 2023.0 small-vehicle 1
1575.0 1982.0 1611.0 1982.0 1611.0 2007.0 1575.0 2007.0 small-vehicle 1
1584.0 1969.0 1617.0 1969.0 1617.0 1994.0 1584.0 1994.0 small-vehicle 1
1206.0 1234.0 1226.0 1234.0 1226.0 1263.0 1206.0 1263.0 small-vehicle 1
1417.0 1429.0 1435.0 1429.0 1435.0 1462.0 1417.0 1462.0 small-vehicle 1
1358.0 1410.0 1379.0 1410.0 1379.0 1438.0 1358.0 1438.0 small-vehicle 1
1431.0 1437.0 1448.0 1437.0 1448.0 1468.0 1431.0 1468.0 small-vehicle 1
1443.0 1443.0 1461.0 1443.0 1461.0 1471.0 1443.0 1471.0 small-vehicle 1
1458.0 1450.0 1471.0 1450.0 1471.0 1480.0 1458.0 1480.0 small-vehicle 1
1475.0 1452.0 1488.0 1452.0 1488.0 1482.0 1475.0 1482.0 small-vehicle 1
1488.0 1461.0 1506.0 1461.0 1506.0 1491.0 1488.0 1491.0 small-vehicle 1
1499.0 1461.0 1516.0 1461.0 1516.0 1493.0 1499.0 1493.0 small-vehicle 1
1514.0 1465.0 1532.0 1465.0 1532.0 1493.0 1514.0 1493.0 small-vehicle 1
3127.0 69.0 3144.0 69.0 3144.0 93.0 3127.0 93.0 small-vehicle 1
1259.0 1844.0 1279.0 1844.0 1279.0 1874.0 1259.0 1874.0 small-vehicle 1
1228.0 1834.0 1250.0 1834.0 1250.0 1865.0 1228.0 1865.0 small-vehicle 1
1333.0 1878.0 1354.0 1878.0 1354.0 1911.0 1333.0 1911.0 small-vehicle 1
610.0 3764.0 627.0 3764.0 627.0 3790.0 610.0 3790.0 small-vehicle 1
859.0 2654.0 876.0 2654.0 876.0 2680.0 859.0 2680.0 small-vehicle 1
803.0 2629.0 821.0 2629.0 821.0 2659.0 803.0 2659.0 small-vehicle 1
768.0 2616.0 784.0 2616.0 784.0 2642.0 768.0 2642.0 small-vehicle 1
743.0 2608.0 757.0 2608.0 757.0 2635.0 743.0 2635.0 small-vehicle 1
954.0 2632.0 974.0 2632.0 974.0 2658.0 954.0 2658.0 small-vehicle 1
965.0 2634.0 987.0 2634.0 987.0 2660.0 965.0 2660.0 small-vehicle 1
987.0 2706.0 1010.0 2706.0 1010.0 2733.0 987.0 2733.0 small-vehicle 1
493.0 3804.0 514.0 3804.0 514.0 3837.0 493.0 3837.0 small-vehicle 1
519.0 3789.0 536.0 3789.0 536.0 3816.0 519.0 3816.0 small-vehicle 1
599.0 3763.0 616.0 3763.0 616.0 3789.0 599.0 3789.0 small-vehicle 1
624.0 3767.0 645.0 3767.0 645.0 3799.0 624.0 3799.0 small-vehicle 1
1279.0 1855.0 1301.0 1855.0 1301.0 1885.0 1279.0 1885.0 small-vehicle 0
655.0 3781.0 667.0 3781.0 667.0 3807.0 655.0 3807.0 small-vehicle 1
580.0 3841.0 595.0 3841.0 595.0 3867.0 580.0 3867.0 small-vehicle 1
698.0 3846.0 724.0 3846.0 724.0 3885.0 698.0 3885.0 small-vehicle 1
1482.0 2582.0 1500.0 2582.0 1500.0 2606.0 1482.0 2606.0 small-vehicle 1
1178.0 2148.0 1208.0 2148.0 1208.0 2172.0 1178.0 2172.0 small-vehicle 0
1226.0 2102.0 1258.0 2102.0 1258.0 2125.0 1226.0 2125.0 small-vehicle 0
1142.0 2067.0 1176.0 2067.0 1176.0 2089.0 1142.0 2089.0 small-vehicle 0
1135.0 2082.0 1166.0 2082.0 1166.0 2102.0 1135.0 2102.0 small-vehicle 0
1121.0 2127.0 1148.0 2127.0 1148.0 2147.0 1121.0 2147.0 small-vehicle 0
1574.0 2208.0 1615.0 2208.0 1615.0 2234.0 1574.0 2234.0 small-vehicle 0
2198.0 4496.0 2407.0 4496.0 2407.0 4697.0 2198.0 4697.0 plane 0
