imagesource:GoogleEarth
gsd:0.287655970267
1553.0 82.0 1567.0 82.0 1567.0 112.0 1553.0 112.0 small-vehicle 0
1145.0 3809.0 1153.0 3809.0 1153.0 3827.0 1145.0 3827.0 small-vehicle 1
1143.0 3855.0 1152.0 3855.0 1152.0 3880.0 1143.0 3880.0 small-vehicle 0
1132.0 3852.0 1142.0 3852.0 1142.0 3879.0 1132.0 3879.0 small-vehicle 0
1183.0 3820.0 1191.0 3820.0 1191.0 3840.0 1183.0 3840.0 small-vehicle 0
1171.0 3820.0 1182.0 3820.0 1182.0 3839.0 1171.0 3839.0 small-vehicle 0
1190.0 3823.0 1201.0 3823.0 1201.0 3844.0 1190.0 3844.0 small-vehicle 0
1298.0 3815.0 1309.0 3815.0 1309.0 3839.0 1298.0 3839.0 small-vehicle 0
1265.0 3810.0 1278.0 3810.0 1278.0 3834.0 1265.0 3834.0 small-vehicle 0
1213.0 3803.0 1222.0 3803.0 1222.0 3821.0 1213.0 3821.0 small-vehicle 0
1203.0 3801.0 1210.0 3801.0 1210.0 3821.0 1203.0 3821.0 small-vehicle 0
1193.0 3798.0 1203.0 3798.0 1203.0 3821.0 1193.0 3821.0 small-vehicle 0
1185.0 3797.0 1195.0 3797.0 1195.0 3821.0 1185.0 3821.0 small-vehicle 0
1175.0 3798.0 1184.0 3798.0 1184.0 3817.0 1175.0 3817.0 small-vehicle 0
1159.0 3819.0 1171.0 3819.0 1171.0 3837.0 1159.0 3837.0 small-vehicle 0
1134.0 3810.0 1144.0 3810.0 1144.0 3829.0 1134.0 3829.0 small-vehicle 0
1123.0 3806.0 1133.0 3806.0 1133.0 3827.0 1123.0 3827.0 small-vehicle 0
1129.0 3784.0 1138.0 3784.0 1138.0 3809.0 1129.0 3809.0 small-vehicle 0
1099.0 3776.0 1112.0 3776.0 1112.0 3803.0 1099.0 3803.0 small-vehicle 0
1153.0 3859.0 1161.0 3859.0 1161.0 3880.0 1153.0 3880.0 small-vehicle 0
1161.0 3862.0 1170.0 3862.0 1170.0 3883.0 1161.0 3883.0 small-vehicle 0
1172.0 3860.0 1181.0 3860.0 1181.0 3883.0 1172.0 3883.0 small-vehicle 0
1103.0 4001.0 1115.0 4001.0 1115.0 4024.0 1103.0 4024.0 small-vehicle 0
1096.0 3803.0 1106.0 3803.0 1106.0 3823.0 1096.0 3823.0 small-vehicle 1
1085.0 3796.0 1096.0 3796.0 1096.0 3821.0 1085.0 3821.0 small-vehicle 1
1075.0 3796.0 1087.0 3796.0 1087.0 3819.0 1075.0 3819.0 small-vehicle 1
1072.0 3778.0 1080.0 3778.0 1080.0 3799.0 1072.0 3799.0 small-vehicle 1
1018.0 4036.0 1027.0 4036.0 1027.0 4054.0 1018.0 4054.0 small-vehicle 0
1051.0 3999.0 1062.0 3999.0 1062.0 4019.0 1051.0 4019.0 small-vehicle 0
1065.0 3976.0 1077.0 3976.0 1077.0 3997.0 1065.0 3997.0 small-vehicle 0
1114.0 4009.0 1124.0 4009.0 1124.0 4027.0 1114.0 4027.0 small-vehicle 0
1047.0 3842.0 1057.0 3842.0 1057.0 3863.0 1047.0 3863.0 small-vehicle 0
1125.0 4010.0 1136.0 4010.0 1136.0 4027.0 1125.0 4027.0 small-vehicle 0
1286.0 4006.0 1306.0 4006.0 1306.0 4031.0 1286.0 4031.0 small-vehicle 0
1058.0 3844.0 1069.0 3844.0 1069.0 3864.0 1058.0 3864.0 small-vehicle 0
1043.0 3864.0 1055.0 3864.0 1055.0 3886.0 1043.0 3886.0 small-vehicle 0
1065.0 3865.0 1076.0 3865.0 1076.0 3888.0 1065.0 3888.0 small-vehicle 0
1087.0 3846.0 1098.0 3846.0 1098.0 3869.0 1087.0 3869.0 small-vehicle 0
1068.0 3843.0 1079.0 3843.0 1079.0 3865.0 1068.0 3865.0 small-vehicle 0
1054.0 3792.0 1067.0 3792.0 1067.0 3819.0 1054.0 3819.0 small-vehicle 0
1419.0 2505.0 1440.0 2505.0 1440.0 2519.0 1419.0 2519.0 small-vehicle 0
1439.0 2513.0 1459.0 2513.0 1459.0 2528.0 1439.0 2528.0 small-vehicle 0
1125.0 182.0 1134.0 182.0 1134.0 206.0 1125.0 206.0 small-vehicle 0
1013.0 210.0 1023.0 210.0 1023.0 233.0 1013.0 233.0 small-vehicle 0
1128.0 144.0 1136.0 144.0 1136.0 162.0 1128.0 162.0 small-vehicle 0
1118.0 142.0 1126.0 142.0 1126.0 160.0 1118.0 160.0 small-vehicle 0
1145.0 203.0 1156.0 203.0 1156.0 224.0 1145.0 224.0 small-vehicle 0
1105.0 202.0 1116.0 202.0 1116.0 228.0 1105.0 228.0 small-vehicle 0
1087.0 185.0 1096.0 185.0 1096.0 208.0 1087.0 208.0 small-vehicle 0
1116.0 183.0 1126.0 183.0 1126.0 206.0 1116.0 206.0 small-vehicle 0
1135.0 183.0 1145.0 183.0 1145.0 206.0 1135.0 206.0 small-vehicle 0
1020.0 188.0 1029.0 188.0 1029.0 209.0 1020.0 209.0 small-vehicle 0
1146.0 184.0 1153.0 184.0 1153.0 207.0 1146.0 207.0 small-vehicle 0
1156.0 184.0 1162.0 184.0 1162.0 205.0 1156.0 205.0 small-vehicle 0
1213.0 205.0 1222.0 205.0 1222.0 224.0 1213.0 224.0 small-vehicle 0
1222.0 204.0 1232.0 204.0 1232.0 225.0 1222.0 225.0 small-vehicle 0
1242.0 206.0 1251.0 206.0 1251.0 226.0 1242.0 226.0 small-vehicle 0
1242.0 182.0 1252.0 182.0 1252.0 204.0 1242.0 204.0 small-vehicle 0
1230.0 181.0 1240.0 181.0 1240.0 203.0 1230.0 203.0 small-vehicle 0
1003.0 206.0 1012.0 206.0 1012.0 228.0 1003.0 228.0 small-vehicle 0
1048.0 207.0 1061.0 207.0 1061.0 229.0 1048.0 229.0 small-vehicle 0
1472.0 493.0 1485.0 493.0 1485.0 516.0 1472.0 516.0 small-vehicle 0
1218.0 245.0 1226.0 245.0 1226.0 263.0 1218.0 263.0 small-vehicle 0
1419.0 483.0 1433.0 483.0 1433.0 504.0 1419.0 504.0 small-vehicle 0
1161.0 270.0 1171.0 270.0 1171.0 289.0 1161.0 289.0 small-vehicle 0
1150.0 268.0 1159.0 268.0 1159.0 289.0 1150.0 289.0 small-vehicle 0
1179.0 268.0 1190.0 268.0 1190.0 291.0 1179.0 291.0 small-vehicle 0
1188.0 269.0 1200.0 269.0 1200.0 290.0 1188.0 290.0 small-vehicle 0
1199.0 270.0 1211.0 270.0 1211.0 292.0 1199.0 292.0 small-vehicle 0
1209.0 269.0 1218.0 269.0 1218.0 290.0 1209.0 290.0 small-vehicle 0
1209.0 247.0 1216.0 247.0 1216.0 268.0 1209.0 268.0 small-vehicle 0
1045.0 252.0 1055.0 252.0 1055.0 275.0 1045.0 275.0 small-vehicle 0
1199.0 249.0 1209.0 249.0 1209.0 268.0 1199.0 268.0 small-vehicle 0
1189.0 250.0 1198.0 250.0 1198.0 269.0 1189.0 269.0 small-vehicle 0
1182.0 248.0 1190.0 248.0 1190.0 268.0 1182.0 268.0 small-vehicle 0
1132.0 252.0 1140.0 252.0 1140.0 270.0 1132.0 270.0 small-vehicle 0
1121.0 250.0 1130.0 250.0 1130.0 273.0 1121.0 273.0 small-vehicle 0
1092.0 249.0 1102.0 249.0 1102.0 270.0 1092.0 270.0 small-vehicle 0
1065.0 250.0 1076.0 250.0 1076.0 271.0 1065.0 271.0 small-vehicle 0
1150.0 3791.0 1158.0 3791.0 1158.0 3810.0 1150.0 3810.0 small-vehicle 1
1153.0 3811.0 1163.0 3811.0 1163.0 3834.0 1153.0 3834.0 small-vehicle 1
1219.0 4218.0 1246.0 4218.0 1246.0 4228.0 1219.0 4228.0 small-vehicle 0
1166.0 3793.0 1176.0 3793.0 1176.0 3815.0 1166.0 3815.0 small-vehicle 1
432.0 2281.0 444.0 2281.0 444.0 2305.0 432.0 2305.0 small-vehicle 1
374.0 2282.0 383.0 2282.0 383.0 2303.0 374.0 2303.0 small-vehicle 1
362.0 2284.0 375.0 2284.0 375.0 2306.0 362.0 2306.0 small-vehicle 1
352.0 2286.0 364.0 2286.0 364.0 2309.0 352.0 2309.0 small-vehicle 1
333.0 2294.0 348.0 2294.0 348.0 2314.0 333.0 2314.0 small-vehicle 1
246.0 2296.0 266.0 2296.0 266.0 2317.0 246.0 2317.0 small-vehicle 1
256.0 2291.0 274.0 2291.0 274.0 2310.0 256.0 2310.0 small-vehicle 1
276.0 2269.0 292.0 2269.0 292.0 2289.0 276.0 2289.0 small-vehicle 1
305.0 2248.0 322.0 2248.0 322.0 2273.0 305.0 2273.0 small-vehicle 1
320.0 2244.0 332.0 2244.0 332.0 2265.0 320.0 2265.0 small-vehicle 1
346.0 2236.0 356.0 2236.0 356.0 2255.0 346.0 2255.0 small-vehicle 1
355.0 2234.0 368.0 2234.0 368.0 2255.0 355.0 2255.0 small-vehicle 1
366.0 2233.0 376.0 2233.0 376.0 2255.0 366.0 2255.0 small-vehicle 1
468.0 2235.0 476.0 2235.0 476.0 2256.0 468.0 2256.0 small-vehicle 1
448.0 2235.0 456.0 2235.0 456.0 2253.0 448.0 2253.0 small-vehicle 1
390.0 2233.0 398.0 2233.0 398.0 2250.0 390.0 2250.0 small-vehicle 1
400.0 2231.0 408.0 2231.0 408.0 2250.0 400.0 2250.0 small-vehicle 1
446.0 2284.0 454.0 2284.0 454.0 2305.0 446.0 2305.0 small-vehicle 1
454.0 2284.0 461.0 2284.0 461.0 2304.0 454.0 2304.0 small-vehicle 1
463.0 2287.0 473.0 2287.0 473.0 2308.0 463.0 2308.0 small-vehicle 1
269.0 2277.0 285.0 2277.0 285.0 2295.0 269.0 2295.0 small-vehicle 0
304.0 2311.0 324.0 2311.0 324.0 2332.0 304.0 2332.0 small-vehicle 0
297.0 2318.0 315.0 2318.0 315.0 2339.0 297.0 2339.0 small-vehicle 0
288.0 2328.0 310.0 2328.0 310.0 2348.0 288.0 2348.0 small-vehicle 0
219.0 2325.0 235.0 2325.0 235.0 2343.0 219.0 2343.0 small-vehicle 0
226.0 2315.0 245.0 2315.0 245.0 2335.0 226.0 2335.0 small-vehicle 0
234.0 2307.0 252.0 2307.0 252.0 2327.0 234.0 2327.0 small-vehicle 0
260.0 2283.0 279.0 2283.0 279.0 2301.0 260.0 2301.0 small-vehicle 0
285.0 2263.0 303.0 2263.0 303.0 2283.0 285.0 2283.0 small-vehicle 0
483.0 2285.0 492.0 2285.0 492.0 2306.0 483.0 2306.0 small-vehicle 1
295.0 2256.0 310.0 2256.0 310.0 2278.0 295.0 2278.0 small-vehicle 0
333.0 2238.0 349.0 2238.0 349.0 2260.0 333.0 2260.0 small-vehicle 0
377.0 2234.0 387.0 2234.0 387.0 2255.0 377.0 2255.0 small-vehicle 0
410.0 2230.0 420.0 2230.0 420.0 2254.0 410.0 2254.0 small-vehicle 0
599.0 2259.0 608.0 2259.0 608.0 2281.0 599.0 2281.0 small-vehicle 0
479.0 2239.0 488.0 2239.0 488.0 2262.0 479.0 2262.0 small-vehicle 0
226.0 2533.0 233.0 2533.0 233.0 2551.0 226.0 2551.0 small-vehicle 1
535.0 1915.0 555.0 1915.0 555.0 1923.0 535.0 1923.0 small-vehicle 1
313.0 1909.0 332.0 1909.0 332.0 1919.0 313.0 1919.0 small-vehicle 0
456.0 1305.0 468.0 1305.0 468.0 1331.0 456.0 1331.0 small-vehicle 0
1136.0 4009.0 1148.0 4009.0 1148.0 4028.0 1136.0 4028.0 small-vehicle 0
1063.0 3996.0 1073.0 3996.0 1073.0 4019.0 1063.0 4019.0 small-vehicle 1
1054.0 3977.0 1067.0 3977.0 1067.0 3998.0 1054.0 3998.0 small-vehicle 1
1046.0 3977.0 1058.0 3977.0 1058.0 3999.0 1046.0 3999.0 small-vehicle 1
1082.0 4118.0 1094.0 4118.0 1094.0 4140.0 1082.0 4140.0 small-vehicle 0
1055.0 4110.0 1063.0 4110.0 1063.0 4130.0 1055.0 4130.0 small-vehicle 0
1091.0 4070.0 1103.0 4070.0 1103.0 4089.0 1091.0 4089.0 small-vehicle 0
1082.0 4068.0 1093.0 4068.0 1093.0 4088.0 1082.0 4088.0 small-vehicle 0
1029.0 3970.0 1039.0 3970.0 1039.0 3993.0 1029.0 3993.0 small-vehicle 0
1043.0 4062.0 1052.0 4062.0 1052.0 4078.0 1043.0 4078.0 small-vehicle 1
1077.0 3912.0 1086.0 3912.0 1086.0 3934.0 1077.0 3934.0 small-vehicle 1
1192.0 3867.0 1199.0 3867.0 1199.0 3887.0 1192.0 3887.0 small-vehicle 1
1278.0 3814.0 1288.0 3814.0 1288.0 3834.0 1278.0 3834.0 small-vehicle 1
1247.0 3809.0 1257.0 3809.0 1257.0 3832.0 1247.0 3832.0 small-vehicle 1
1236.0 3806.0 1248.0 3806.0 1248.0 3831.0 1236.0 3831.0 small-vehicle 1
1210.0 3823.0 1221.0 3823.0 1221.0 3844.0 1210.0 3844.0 small-vehicle 1
1202.0 3821.0 1209.0 3821.0 1209.0 3841.0 1202.0 3841.0 small-vehicle 1
1023.0 3992.0 1035.0 3992.0 1035.0 4013.0 1023.0 4013.0 small-vehicle 1
1051.0 4060.0 1064.0 4060.0 1064.0 4084.0 1051.0 4084.0 small-vehicle 1
419.0 1306.0 429.0 1306.0 429.0 1325.0 419.0 1325.0 small-vehicle 0
887.0 4959.0 913.0 4959.0 913.0 4972.0 887.0 4972.0 small-vehicle 1
408.0 1307.0 418.0 1307.0 418.0 1324.0 408.0 1324.0 small-vehicle 1
437.0 1354.0 447.0 1354.0 447.0 1376.0 437.0 1376.0 small-vehicle 0
431.0 1307.0 439.0 1307.0 439.0 1324.0 431.0 1324.0 small-vehicle 1
392.0 1304.0 399.0 1304.0 399.0 1323.0 392.0 1323.0 small-vehicle 1
880.0 5016.0 898.0 5016.0 898.0 5028.0 880.0 5028.0 small-vehicle 1
882.0 4992.0 903.0 4992.0 903.0 5010.0 882.0 5010.0 small-vehicle 1
889.0 4968.0 909.0 4968.0 909.0 4981.0 889.0 4981.0 small-vehicle 1
932.0 4995.0 948.0 4995.0 948.0 5005.0 932.0 5005.0 small-vehicle 1
1086.0 4045.0 1096.0 4045.0 1096.0 4068.0 1086.0 4068.0 small-vehicle 1
933.0 4985.0 951.0 4985.0 951.0 4995.0 933.0 4995.0 small-vehicle 1
933.0 4976.0 949.0 4976.0 949.0 4985.0 933.0 4985.0 small-vehicle 1
935.0 4967.0 955.0 4967.0 955.0 4980.0 935.0 4980.0 small-vehicle 1
942.0 4929.0 958.0 4929.0 958.0 4941.0 942.0 4941.0 small-vehicle 1
943.0 4919.0 963.0 4919.0 963.0 4929.0 943.0 4929.0 small-vehicle 1
895.0 4905.0 916.0 4905.0 916.0 4914.0 895.0 4914.0 small-vehicle 1
897.0 4892.0 918.0 4892.0 918.0 4903.0 897.0 4903.0 small-vehicle 1
1213.0 184.0 1221.0 184.0 1221.0 205.0 1213.0 205.0 small-vehicle 0
1202.0 183.0 1212.0 183.0 1212.0 204.0 1202.0 204.0 small-vehicle 0
1182.0 185.0 1192.0 185.0 1192.0 204.0 1182.0 204.0 small-vehicle 0
1184.0 207.0 1193.0 207.0 1193.0 227.0 1184.0 227.0 small-vehicle 0
1076.0 445.0 1088.0 445.0 1088.0 467.0 1076.0 467.0 small-vehicle 0
1040.0 443.0 1050.0 443.0 1050.0 469.0 1040.0 469.0 small-vehicle 0
1062.0 400.0 1071.0 400.0 1071.0 418.0 1062.0 418.0 small-vehicle 0
975.0 333.0 983.0 333.0 983.0 362.0 975.0 362.0 small-vehicle 0
859.0 319.0 870.0 319.0 870.0 341.0 859.0 341.0 small-vehicle 0
836.0 211.0 847.0 211.0 847.0 233.0 836.0 233.0 small-vehicle 0
909.0 195.0 919.0 195.0 919.0 212.0 909.0 212.0 small-vehicle 0
887.0 192.0 899.0 192.0 899.0 212.0 887.0 212.0 small-vehicle 0
922.0 146.0 930.0 146.0 930.0 168.0 922.0 168.0 small-vehicle 0
954.0 56.0 970.0 56.0 970.0 69.0 954.0 69.0 small-vehicle 0
881.0 127.0 893.0 127.0 893.0 147.0 881.0 147.0 small-vehicle 0
856.0 449.0 868.0 449.0 868.0 471.0 856.0 471.0 small-vehicle 1
921.0 211.0 929.0 211.0 929.0 231.0 921.0 231.0 small-vehicle 1
920.0 126.0 930.0 126.0 930.0 146.0 920.0 146.0 small-vehicle 1
873.0 149.0 881.0 149.0 881.0 169.0 873.0 169.0 small-vehicle 1
413.0 761.0 436.0 761.0 436.0 774.0 413.0 774.0 small-vehicle 1
415.0 743.0 436.0 743.0 436.0 755.0 415.0 755.0 small-vehicle 1
1116.0 445.0 1125.0 445.0 1125.0 467.0 1116.0 467.0 small-vehicle 0
1136.0 442.0 1145.0 442.0 1145.0 463.0 1136.0 463.0 small-vehicle 0
1155.0 440.0 1167.0 440.0 1167.0 462.0 1155.0 462.0 small-vehicle 0
1172.0 399.0 1180.0 399.0 1180.0 415.0 1172.0 415.0 small-vehicle 1
1096.0 441.0 1106.0 441.0 1106.0 461.0 1096.0 461.0 small-vehicle 1
1185.0 331.0 1193.0 331.0 1193.0 355.0 1185.0 355.0 small-vehicle 0
1195.0 332.0 1205.0 332.0 1205.0 353.0 1195.0 353.0 small-vehicle 0
1090.0 373.0 1099.0 373.0 1099.0 395.0 1090.0 395.0 small-vehicle 0
1121.0 377.0 1129.0 377.0 1129.0 398.0 1121.0 398.0 small-vehicle 0
1138.0 378.0 1148.0 378.0 1148.0 397.0 1138.0 397.0 small-vehicle 0
1149.0 377.0 1158.0 377.0 1158.0 396.0 1149.0 396.0 small-vehicle 0
1191.0 396.0 1199.0 396.0 1199.0 415.0 1191.0 415.0 small-vehicle 0
1183.0 445.0 1196.0 445.0 1196.0 464.0 1183.0 464.0 small-vehicle 0
1211.0 395.0 1219.0 395.0 1219.0 416.0 1211.0 416.0 small-vehicle 0
1221.0 376.0 1229.0 376.0 1229.0 394.0 1221.0 394.0 small-vehicle 0
1210.0 371.0 1218.0 371.0 1218.0 390.0 1210.0 390.0 small-vehicle 0
1189.0 372.0 1198.0 372.0 1198.0 394.0 1189.0 394.0 small-vehicle 0
1230.0 372.0 1240.0 372.0 1240.0 392.0 1230.0 392.0 small-vehicle 0
1235.0 437.0 1245.0 437.0 1245.0 462.0 1235.0 462.0 small-vehicle 0
1216.0 438.0 1225.0 438.0 1225.0 456.0 1216.0 456.0 small-vehicle 0
413.0 717.0 436.0 717.0 436.0 730.0 413.0 730.0 small-vehicle 1
340.0 753.0 353.0 753.0 353.0 777.0 340.0 777.0 small-vehicle 1
323.0 723.0 352.0 723.0 352.0 737.0 323.0 737.0 small-vehicle 1
1227.0 4300.0 1275.0 4300.0 1275.0 4340.0 1227.0 4340.0 plane 0
693.0 252.0 701.0 252.0 701.0 272.0 693.0 272.0 small-vehicle 0
660.0 435.0 670.0 435.0 670.0 452.0 660.0 452.0 small-vehicle 0
691.0 510.0 703.0 510.0 703.0 530.0 691.0 530.0 small-vehicle 0
1069.0 379.0 1083.0 379.0 1083.0 399.0 1069.0 399.0 small-vehicle 0
1013.0 336.0 1020.0 336.0 1020.0 358.0 1013.0 358.0 small-vehicle 0
668.0 261.0 677.0 261.0 677.0 281.0 668.0 281.0 small-vehicle 0
455.0 1355.0 466.0 1355.0 466.0 1377.0 455.0 1377.0 small-vehicle 0
1408.0 4760.0 1464.0 4760.0 1464.0 4810.0 1408.0 4810.0 plane 0
459.0 5599.0 473.0 5599.0 473.0 5623.0 459.0 5623.0 small-vehicle 0
1462.0 4460.0 1504.0 4460.0 1504.0 4508.0 1462.0 4508.0 plane 0
1477.0 4411.0 1510.0 4411.0 1510.0 4450.0 1477.0 4450.0 plane 0
1486.0 4359.0 1524.0 4359.0 1524.0 4405.0 1486.0 4405.0 plane 0
1503.0 4216.0 1543.0 4216.0 1543.0 4263.0 1503.0 4263.0 plane 0
1509.0 4153.0 1571.0 4153.0 1571.0 4215.0 1509.0 4215.0 plane 0
1353.0 4070.0 1398.0 4070.0 1398.0 4107.0 1353.0 4107.0 plane 0
1537.0 3856.0 1587.0 3856.0 1587.0 3899.0 1537.0 3899.0 plane 0
684.0 186.0 694.0 186.0 694.0 206.0 684.0 206.0 small-vehicle 0
379.0 112.0 398.0 112.0 398.0 120.0 379.0 120.0 small-vehicle 0
690.0 606.0 699.0 606.0 699.0 629.0 690.0 629.0 small-vehicle 1
376.0 156.0 393.0 156.0 393.0 162.0 376.0 162.0 small-vehicle 1
424.0 603.0 444.0 603.0 444.0 614.0 424.0 614.0 small-vehicle 1
388.0 574.0 396.0 574.0 396.0 596.0 388.0 596.0 small-vehicle 1
375.0 573.0 385.0 573.0 385.0 593.0 375.0 593.0 small-vehicle 1
356.0 569.0 367.0 569.0 367.0 596.0 356.0 596.0 small-vehicle 1
368.0 308.0 389.0 308.0 389.0 318.0 368.0 318.0 small-vehicle 1
368.0 299.0 389.0 299.0 389.0 308.0 368.0 308.0 small-vehicle 1
371.0 213.0 393.0 213.0 393.0 223.0 371.0 223.0 small-vehicle 1
378.0 150.0 394.0 150.0 394.0 156.0 378.0 156.0 small-vehicle 1
366.0 99.0 373.0 99.0 373.0 117.0 366.0 117.0 small-vehicle 0
376.0 139.0 395.0 139.0 395.0 149.0 376.0 149.0 small-vehicle 1
707.0 243.0 715.0 243.0 715.0 259.0 707.0 259.0 small-vehicle 1
368.0 290.0 386.0 290.0 386.0 298.0 368.0 298.0 small-vehicle 0
371.0 225.0 390.0 225.0 390.0 232.0 371.0 232.0 small-vehicle 0
375.0 162.0 391.0 162.0 391.0 170.0 375.0 170.0 small-vehicle 0
377.0 133.0 393.0 133.0 393.0 140.0 377.0 140.0 small-vehicle 0
376.0 122.0 395.0 122.0 395.0 131.0 376.0 131.0 small-vehicle 0
891.0 146.0 901.0 146.0 901.0 167.0 891.0 167.0 small-vehicle 1
987.0 396.0 996.0 396.0 996.0 420.0 987.0 420.0 small-vehicle 1
1203.0 436.0 1212.0 436.0 1212.0 459.0 1203.0 459.0 small-vehicle 1
1088.0 142.0 1097.0 142.0 1097.0 163.0 1088.0 163.0 small-vehicle 1
1198.0 118.0 1205.0 118.0 1205.0 139.0 1198.0 139.0 small-vehicle 1
1190.0 120.0 1195.0 120.0 1195.0 141.0 1190.0 141.0 small-vehicle 1
1168.0 118.0 1175.0 118.0 1175.0 138.0 1168.0 138.0 small-vehicle 1
1118.0 120.0 1125.0 120.0 1125.0 141.0 1118.0 141.0 small-vehicle 1
1127.0 119.0 1136.0 119.0 1136.0 139.0 1127.0 139.0 small-vehicle 1
1139.0 143.0 1147.0 143.0 1147.0 160.0 1139.0 160.0 small-vehicle 1
1109.0 143.0 1116.0 143.0 1116.0 163.0 1109.0 163.0 small-vehicle 1
1078.0 140.0 1087.0 140.0 1087.0 162.0 1078.0 162.0 small-vehicle 1
1217.0 119.0 1225.0 119.0 1225.0 141.0 1217.0 141.0 small-vehicle 1
1050.0 142.0 1060.0 142.0 1060.0 166.0 1050.0 166.0 small-vehicle 1
1173.0 182.0 1182.0 182.0 1182.0 205.0 1173.0 205.0 small-vehicle 1
1193.0 182.0 1201.0 182.0 1201.0 201.0 1193.0 201.0 small-vehicle 1
1222.0 182.0 1229.0 182.0 1229.0 200.0 1222.0 200.0 small-vehicle 1
1232.0 205.0 1242.0 205.0 1242.0 223.0 1232.0 223.0 small-vehicle 1
1204.0 202.0 1210.0 202.0 1210.0 222.0 1204.0 222.0 small-vehicle 1
1194.0 205.0 1203.0 205.0 1203.0 224.0 1194.0 224.0 small-vehicle 1
1206.0 119.0 1215.0 119.0 1215.0 139.0 1206.0 139.0 small-vehicle 1
1166.0 140.0 1177.0 140.0 1177.0 161.0 1166.0 161.0 small-vehicle 1
1156.0 204.0 1163.0 204.0 1163.0 223.0 1156.0 223.0 small-vehicle 1
1178.0 118.0 1186.0 118.0 1186.0 137.0 1178.0 137.0 small-vehicle 0
1173.0 208.0 1182.0 208.0 1182.0 228.0 1173.0 228.0 small-vehicle 0
1163.0 185.0 1173.0 185.0 1173.0 205.0 1163.0 205.0 small-vehicle 0
1156.0 141.0 1165.0 141.0 1165.0 163.0 1156.0 163.0 small-vehicle 0
1187.0 143.0 1196.0 143.0 1196.0 162.0 1187.0 162.0 small-vehicle 0
1196.0 139.0 1205.0 139.0 1205.0 162.0 1196.0 162.0 small-vehicle 0
1206.0 139.0 1215.0 139.0 1215.0 161.0 1206.0 161.0 small-vehicle 0
1216.0 140.0 1227.0 140.0 1227.0 158.0 1216.0 158.0 small-vehicle 0
1155.0 118.0 1165.0 118.0 1165.0 141.0 1155.0 141.0 small-vehicle 0
1176.0 139.0 1185.0 139.0 1185.0 159.0 1176.0 159.0 small-vehicle 1
1145.0 122.0 1156.0 122.0 1156.0 143.0 1145.0 143.0 small-vehicle 0
1135.0 120.0 1145.0 120.0 1145.0 143.0 1135.0 143.0 small-vehicle 0
1107.0 124.0 1117.0 124.0 1117.0 141.0 1107.0 141.0 small-vehicle 0
1097.0 120.0 1106.0 120.0 1106.0 142.0 1097.0 142.0 small-vehicle 0
1069.0 146.0 1077.0 146.0 1077.0 166.0 1069.0 166.0 small-vehicle 0
1060.0 145.0 1069.0 145.0 1069.0 164.0 1060.0 164.0 small-vehicle 0
1033.0 143.0 1040.0 143.0 1040.0 168.0 1033.0 168.0 small-vehicle 0
1165.0 206.0 1173.0 206.0 1173.0 224.0 1165.0 224.0 small-vehicle 1
1136.0 206.0 1146.0 206.0 1146.0 226.0 1136.0 226.0 small-vehicle 1
1221.0 395.0 1229.0 395.0 1229.0 416.0 1221.0 416.0 small-vehicle 1
1174.0 310.0 1185.0 310.0 1185.0 332.0 1174.0 332.0 small-vehicle 1
1030.0 187.0 1040.0 187.0 1040.0 209.0 1030.0 209.0 small-vehicle 1
1014.0 142.0 1024.0 142.0 1024.0 166.0 1014.0 166.0 small-vehicle 1
1155.0 331.0 1165.0 331.0 1165.0 353.0 1155.0 353.0 small-vehicle 1
1107.0 328.0 1120.0 328.0 1120.0 353.0 1107.0 353.0 small-vehicle 1
1208.0 329.0 1217.0 329.0 1217.0 352.0 1208.0 352.0 small-vehicle 1
1205.0 310.0 1215.0 310.0 1215.0 330.0 1205.0 330.0 small-vehicle 1
1196.0 308.0 1204.0 308.0 1204.0 329.0 1196.0 329.0 small-vehicle 1
1165.0 309.0 1175.0 309.0 1175.0 329.0 1165.0 329.0 small-vehicle 1
1068.0 184.0 1078.0 184.0 1078.0 205.0 1068.0 205.0 small-vehicle 1
1147.0 308.0 1155.0 308.0 1155.0 330.0 1147.0 330.0 small-vehicle 1
1127.0 310.0 1137.0 310.0 1137.0 332.0 1127.0 332.0 small-vehicle 1
1199.0 395.0 1210.0 395.0 1210.0 415.0 1199.0 415.0 small-vehicle 1
1198.0 373.0 1210.0 373.0 1210.0 396.0 1198.0 396.0 small-vehicle 1
1179.0 373.0 1187.0 373.0 1187.0 395.0 1179.0 395.0 small-vehicle 1
1159.0 393.0 1169.0 393.0 1169.0 414.0 1159.0 414.0 small-vehicle 1
1232.0 393.0 1241.0 393.0 1241.0 416.0 1232.0 416.0 small-vehicle 1
1031.0 211.0 1040.0 211.0 1040.0 228.0 1031.0 228.0 small-vehicle 1
1077.0 208.0 1086.0 208.0 1086.0 228.0 1077.0 228.0 small-vehicle 1
1127.0 205.0 1136.0 205.0 1136.0 226.0 1127.0 226.0 small-vehicle 1
1170.0 246.0 1179.0 246.0 1179.0 265.0 1170.0 265.0 small-vehicle 1
1116.0 205.0 1125.0 205.0 1125.0 226.0 1116.0 226.0 small-vehicle 1
1027.0 252.0 1036.0 252.0 1036.0 272.0 1027.0 272.0 small-vehicle 1
1084.0 248.0 1092.0 248.0 1092.0 268.0 1084.0 268.0 small-vehicle 1
1103.0 268.0 1112.0 268.0 1112.0 289.0 1103.0 289.0 small-vehicle 1
1134.0 269.0 1143.0 269.0 1143.0 288.0 1134.0 288.0 small-vehicle 1
1142.0 245.0 1152.0 245.0 1152.0 269.0 1142.0 269.0 small-vehicle 1
1152.0 246.0 1160.0 246.0 1160.0 270.0 1152.0 270.0 small-vehicle 1
1161.0 245.0 1170.0 245.0 1170.0 265.0 1161.0 265.0 small-vehicle 1
1097.0 186.0 1105.0 186.0 1105.0 206.0 1097.0 206.0 small-vehicle 1
1229.0 245.0 1239.0 245.0 1239.0 263.0 1229.0 263.0 small-vehicle 1
1239.0 245.0 1248.0 245.0 1248.0 263.0 1239.0 263.0 small-vehicle 1
1240.0 269.0 1250.0 269.0 1250.0 289.0 1240.0 289.0 small-vehicle 1
1229.0 268.0 1238.0 268.0 1238.0 289.0 1229.0 289.0 small-vehicle 1
1219.0 265.0 1229.0 265.0 1229.0 288.0 1219.0 288.0 small-vehicle 1
1170.0 270.0 1182.0 270.0 1182.0 291.0 1170.0 291.0 small-vehicle 1
1108.0 185.0 1115.0 185.0 1115.0 205.0 1108.0 205.0 small-vehicle 1
312.0 2307.0 330.0 2307.0 330.0 2328.0 312.0 2328.0 small-vehicle 0
322.0 2301.0 340.0 2301.0 340.0 2322.0 322.0 2322.0 small-vehicle 0
338.0 2290.0 356.0 2290.0 356.0 2312.0 338.0 2312.0 small-vehicle 0
357.0 5373.0 378.0 5373.0 378.0 5386.0 357.0 5386.0 small-vehicle 0
213.0 5866.0 223.0 5866.0 223.0 5888.0 213.0 5888.0 small-vehicle 1
192.0 5865.0 203.0 5865.0 203.0 5886.0 192.0 5886.0 small-vehicle 1
166.0 5865.0 175.0 5865.0 175.0 5885.0 166.0 5885.0 small-vehicle 1
249.0 5794.0 269.0 5794.0 269.0 5811.0 249.0 5811.0 small-vehicle 1
252.0 5741.0 261.0 5741.0 261.0 5763.0 252.0 5763.0 small-vehicle 1
252.0 5719.0 259.0 5719.0 259.0 5743.0 252.0 5743.0 small-vehicle 1
242.0 5720.0 250.0 5720.0 250.0 5742.0 242.0 5742.0 small-vehicle 1
212.0 5718.0 222.0 5718.0 222.0 5741.0 212.0 5741.0 small-vehicle 1
183.0 5718.0 191.0 5718.0 191.0 5741.0 183.0 5741.0 small-vehicle 1
173.0 5717.0 179.0 5717.0 179.0 5738.0 173.0 5738.0 small-vehicle 1
159.0 5717.0 169.0 5717.0 169.0 5738.0 159.0 5738.0 small-vehicle 1
138.0 5717.0 147.0 5717.0 147.0 5740.0 138.0 5740.0 small-vehicle 1
241.0 5743.0 250.0 5743.0 250.0 5761.0 241.0 5761.0 small-vehicle 1
232.0 5741.0 240.0 5741.0 240.0 5762.0 232.0 5762.0 small-vehicle 1
223.0 5739.0 231.0 5739.0 231.0 5763.0 223.0 5763.0 small-vehicle 1
345.0 5680.0 353.0 5680.0 353.0 5701.0 345.0 5701.0 small-vehicle 1
336.0 5682.0 344.0 5682.0 344.0 5703.0 336.0 5703.0 small-vehicle 1
230.0 5838.0 251.0 5838.0 251.0 5858.0 230.0 5858.0 small-vehicle 1
250.0 5849.0 270.0 5849.0 270.0 5860.0 250.0 5860.0 small-vehicle 1
70.0 5859.0 80.0 5859.0 80.0 5882.0 70.0 5882.0 small-vehicle 0
215.0 5912.0 233.0 5912.0 233.0 5932.0 215.0 5932.0 small-vehicle 0
356.0 5878.0 379.0 5878.0 379.0 5896.0 356.0 5896.0 small-vehicle 0
477.0 5833.0 488.0 5833.0 488.0 5855.0 477.0 5855.0 small-vehicle 0
458.0 5971.0 467.0 5971.0 467.0 5992.0 458.0 5992.0 small-vehicle 0
381.0 5965.0 403.0 5965.0 403.0 5975.0 381.0 5975.0 small-vehicle 0
205.0 5984.0 227.0 5984.0 227.0 5996.0 205.0 5996.0 small-vehicle 0
329.0 5916.0 348.0 5916.0 348.0 5936.0 329.0 5936.0 small-vehicle 0
226.0 5911.0 244.0 5911.0 244.0 5933.0 226.0 5933.0 small-vehicle 0
190.0 5909.0 208.0 5909.0 208.0 5930.0 190.0 5930.0 small-vehicle 0
98.0 5862.0 109.0 5862.0 109.0 5883.0 98.0 5883.0 small-vehicle 0
163.0 5912.0 173.0 5912.0 173.0 5935.0 163.0 5935.0 small-vehicle 0
128.0 5906.0 143.0 5906.0 143.0 5926.0 128.0 5926.0 small-vehicle 0
113.0 5903.0 131.0 5903.0 131.0 5927.0 113.0 5927.0 small-vehicle 0
96.0 5902.0 118.0 5902.0 118.0 5926.0 96.0 5926.0 small-vehicle 0
178.0 5865.0 186.0 5865.0 186.0 5888.0 178.0 5888.0 small-vehicle 0
135.0 5862.0 145.0 5862.0 145.0 5884.0 135.0 5884.0 small-vehicle 0
126.0 5865.0 135.0 5865.0 135.0 5882.0 126.0 5882.0 small-vehicle 1
325.0 5681.0 334.0 5681.0 334.0 5702.0 325.0 5702.0 small-vehicle 1
316.0 5679.0 325.0 5679.0 325.0 5700.0 316.0 5700.0 small-vehicle 1
306.0 5678.0 315.0 5678.0 315.0 5701.0 306.0 5701.0 small-vehicle 1
295.0 5512.0 314.0 5512.0 314.0 5523.0 295.0 5523.0 small-vehicle 0
350.0 5557.0 373.0 5557.0 373.0 5568.0 350.0 5568.0 small-vehicle 0
343.0 5537.0 366.0 5537.0 366.0 5548.0 343.0 5548.0 small-vehicle 0
308.0 5579.0 329.0 5579.0 329.0 5591.0 308.0 5591.0 small-vehicle 0
303.0 5560.0 326.0 5560.0 326.0 5573.0 303.0 5573.0 small-vehicle 0
300.0 5539.0 323.0 5539.0 323.0 5553.0 300.0 5553.0 small-vehicle 0
299.0 5533.0 317.0 5533.0 317.0 5542.0 299.0 5542.0 small-vehicle 0
296.0 5521.0 316.0 5521.0 316.0 5534.0 296.0 5534.0 small-vehicle 0
294.0 5503.0 314.0 5503.0 314.0 5512.0 294.0 5512.0 small-vehicle 0
300.0 5549.0 322.0 5549.0 322.0 5563.0 300.0 5563.0 small-vehicle 1
338.0 5497.0 362.0 5497.0 362.0 5507.0 338.0 5507.0 small-vehicle 0
293.0 5482.0 314.0 5482.0 314.0 5490.0 293.0 5490.0 small-vehicle 0
342.0 5459.0 362.0 5459.0 362.0 5467.0 342.0 5467.0 small-vehicle 0
298.0 5443.0 318.0 5443.0 318.0 5451.0 298.0 5451.0 small-vehicle 0
299.0 5432.0 317.0 5432.0 317.0 5443.0 299.0 5443.0 small-vehicle 0
304.0 5403.0 322.0 5403.0 322.0 5414.0 304.0 5414.0 small-vehicle 0
308.0 5391.0 326.0 5391.0 326.0 5404.0 308.0 5404.0 small-vehicle 0
353.0 5567.0 377.0 5567.0 377.0 5578.0 353.0 5578.0 small-vehicle 1
340.0 5510.0 365.0 5510.0 365.0 5520.0 340.0 5520.0 small-vehicle 1
232.0 5673.0 243.0 5673.0 243.0 5696.0 232.0 5696.0 small-vehicle 1
90.0 5669.0 98.0 5669.0 98.0 5689.0 90.0 5689.0 small-vehicle 1
213.0 5674.0 225.0 5674.0 225.0 5694.0 213.0 5694.0 small-vehicle 1
205.0 5674.0 212.0 5674.0 212.0 5695.0 205.0 5695.0 small-vehicle 1
196.0 5675.0 204.0 5675.0 204.0 5695.0 196.0 5695.0 small-vehicle 1
184.0 5674.0 194.0 5674.0 194.0 5695.0 184.0 5695.0 small-vehicle 1
175.0 5671.0 183.0 5671.0 183.0 5691.0 175.0 5691.0 small-vehicle 1
113.0 5672.0 121.0 5672.0 121.0 5692.0 113.0 5692.0 small-vehicle 1
102.0 5668.0 109.0 5668.0 109.0 5691.0 102.0 5691.0 small-vehicle 1
82.0 5668.0 90.0 5668.0 90.0 5688.0 82.0 5688.0 small-vehicle 1
337.0 5476.0 359.0 5476.0 359.0 5489.0 337.0 5489.0 small-vehicle 1
363.0 5353.0 383.0 5353.0 383.0 5368.0 363.0 5368.0 small-vehicle 1
361.0 5364.0 383.0 5364.0 383.0 5381.0 361.0 5381.0 small-vehicle 1
352.0 5401.0 372.0 5401.0 372.0 5414.0 352.0 5414.0 small-vehicle 1
300.0 5413.0 323.0 5413.0 323.0 5425.0 300.0 5425.0 small-vehicle 1
298.0 5422.0 319.0 5422.0 319.0 5435.0 298.0 5435.0 small-vehicle 1
293.0 5461.0 314.0 5461.0 314.0 5474.0 293.0 5474.0 small-vehicle 1
294.0 5473.0 314.0 5473.0 314.0 5482.0 294.0 5482.0 small-vehicle 1
355.0 5851.0 375.0 5851.0 375.0 5868.0 355.0 5868.0 small-vehicle 0
357.0 5823.0 377.0 5823.0 377.0 5843.0 357.0 5843.0 small-vehicle 0
357.0 5715.0 380.0 5715.0 380.0 5733.0 357.0 5733.0 small-vehicle 0
251.0 6537.0 261.0 6537.0 261.0 6558.0 251.0 6558.0 small-vehicle 0
342.0 6471.0 364.0 6471.0 364.0 6481.0 342.0 6481.0 small-vehicle 1
296.0 6365.0 306.0 6365.0 306.0 6385.0 296.0 6385.0 small-vehicle 1
249.0 6355.0 259.0 6355.0 259.0 6376.0 249.0 6376.0 small-vehicle 1
240.0 6354.0 250.0 6354.0 250.0 6374.0 240.0 6374.0 small-vehicle 1
205.0 6347.0 216.0 6347.0 216.0 6368.0 205.0 6368.0 small-vehicle 1
193.0 6344.0 202.0 6344.0 202.0 6367.0 193.0 6367.0 small-vehicle 1
230.0 6491.0 239.0 6491.0 239.0 6511.0 230.0 6511.0 small-vehicle 1
232.0 6538.0 242.0 6538.0 242.0 6558.0 232.0 6558.0 small-vehicle 0
330.0 6512.0 350.0 6512.0 350.0 6531.0 330.0 6531.0 small-vehicle 1
196.0 6536.0 203.0 6536.0 203.0 6557.0 196.0 6557.0 small-vehicle 0
184.0 6535.0 193.0 6535.0 193.0 6557.0 184.0 6557.0 small-vehicle 0
177.0 6535.0 183.0 6535.0 183.0 6559.0 177.0 6559.0 small-vehicle 0
166.0 6534.0 175.0 6534.0 175.0 6557.0 166.0 6557.0 small-vehicle 0
146.0 6537.0 156.0 6537.0 156.0 6557.0 146.0 6557.0 small-vehicle 0
119.0 6508.0 150.0 6508.0 150.0 6519.0 119.0 6519.0 small-vehicle 0
129.0 6529.0 139.0 6529.0 139.0 6548.0 129.0 6548.0 small-vehicle 0
343.0 6490.0 363.0 6490.0 363.0 6502.0 343.0 6502.0 small-vehicle 1
320.0 6528.0 339.0 6528.0 339.0 6544.0 320.0 6544.0 small-vehicle 1
109.0 6534.0 118.0 6534.0 118.0 6554.0 109.0 6554.0 small-vehicle 0
390.0 6682.0 410.0 6682.0 410.0 6700.0 390.0 6700.0 small-vehicle 1
1251.0 4171.0 1268.0 4171.0 1268.0 4200.0 1251.0 4200.0 small-vehicle 0
906.0 5657.0 918.0 5657.0 918.0 5679.0 906.0 5679.0 small-vehicle 0
421.0 7087.0 430.0 7087.0 430.0 7106.0 421.0 7106.0 small-vehicle 1
396.0 7042.0 406.0 7042.0 406.0 7070.0 396.0 7070.0 small-vehicle 0
410.0 6987.0 421.0 6987.0 421.0 7011.0 410.0 7011.0 small-vehicle 0
416.0 6921.0 430.0 6921.0 430.0 6948.0 416.0 6948.0 small-vehicle 0
340.0 6670.0 362.0 6670.0 362.0 6681.0 340.0 6681.0 small-vehicle 0
139.0 6534.0 146.0 6534.0 146.0 6555.0 139.0 6555.0 small-vehicle 1
313.0 6535.0 330.0 6535.0 330.0 6554.0 313.0 6554.0 small-vehicle 1
159.0 6531.0 165.0 6531.0 165.0 6557.0 159.0 6557.0 small-vehicle 1
205.0 6537.0 214.0 6537.0 214.0 6557.0 205.0 6557.0 small-vehicle 1
241.0 6538.0 250.0 6538.0 250.0 6558.0 241.0 6558.0 small-vehicle 1
291.0 6492.0 299.0 6492.0 299.0 6515.0 291.0 6515.0 small-vehicle 1
260.0 6491.0 269.0 6491.0 269.0 6513.0 260.0 6513.0 small-vehicle 1
250.0 6491.0 258.0 6491.0 258.0 6512.0 250.0 6512.0 small-vehicle 1
242.0 6491.0 250.0 6491.0 250.0 6512.0 242.0 6512.0 small-vehicle 1
118.0 6533.0 129.0 6533.0 129.0 6554.0 118.0 6554.0 small-vehicle 0
100.0 6535.0 108.0 6535.0 108.0 6554.0 100.0 6554.0 small-vehicle 0
362.0 5742.0 379.0 5742.0 379.0 5756.0 362.0 5756.0 small-vehicle 0
140.0 5907.0 156.0 5907.0 156.0 5928.0 140.0 5928.0 small-vehicle 1
354.0 5863.0 376.0 5863.0 376.0 5883.0 354.0 5883.0 small-vehicle 1
358.0 5835.0 377.0 5835.0 377.0 5856.0 358.0 5856.0 small-vehicle 1
315.0 5913.0 336.0 5913.0 336.0 5939.0 315.0 5939.0 small-vehicle 1
303.0 5915.0 320.0 5915.0 320.0 5936.0 303.0 5936.0 small-vehicle 1
240.0 5910.0 259.0 5910.0 259.0 5933.0 240.0 5933.0 small-vehicle 1
205.0 5912.0 219.0 5912.0 219.0 5930.0 205.0 5930.0 small-vehicle 1
182.0 5913.0 196.0 5913.0 196.0 5931.0 182.0 5931.0 small-vehicle 1
232.0 5827.0 251.0 5827.0 251.0 5842.0 232.0 5842.0 small-vehicle 1
355.0 5920.0 375.0 5920.0 375.0 5942.0 355.0 5942.0 small-vehicle 1
232.0 5812.0 249.0 5812.0 249.0 5830.0 232.0 5830.0 small-vehicle 1
356.0 5808.0 378.0 5808.0 378.0 5826.0 356.0 5826.0 small-vehicle 1
356.0 5797.0 379.0 5797.0 379.0 5815.0 356.0 5815.0 small-vehicle 1
360.0 5782.0 378.0 5782.0 378.0 5799.0 360.0 5799.0 small-vehicle 1
360.0 5769.0 379.0 5769.0 379.0 5788.0 360.0 5788.0 small-vehicle 1
359.0 5755.0 380.0 5755.0 380.0 5771.0 359.0 5771.0 small-vehicle 1
368.0 5682.0 384.0 5682.0 384.0 5699.0 368.0 5699.0 small-vehicle 1
355.0 5892.0 374.0 5892.0 374.0 5910.0 355.0 5910.0 small-vehicle 1
412.0 6016.0 435.0 6016.0 435.0 6039.0 412.0 6039.0 small-vehicle 1
91.0 6529.0 100.0 6529.0 100.0 6554.0 91.0 6554.0 small-vehicle 0
291.0 6533.0 300.0 6533.0 300.0 6559.0 291.0 6559.0 small-vehicle 0
81.0 6529.0 90.0 6529.0 90.0 6552.0 81.0 6552.0 small-vehicle 0
72.0 6532.0 79.0 6532.0 79.0 6554.0 72.0 6554.0 small-vehicle 0
63.0 6531.0 71.0 6531.0 71.0 6553.0 63.0 6553.0 small-vehicle 0
44.0 6528.0 53.0 6528.0 53.0 6552.0 44.0 6552.0 small-vehicle 0
33.0 6528.0 43.0 6528.0 43.0 6553.0 33.0 6553.0 small-vehicle 0
265.0 6360.0 279.0 6360.0 279.0 6382.0 265.0 6382.0 small-vehicle 0
257.0 6357.0 267.0 6357.0 267.0 6377.0 257.0 6377.0 small-vehicle 0
281.0 6537.0 288.0 6537.0 288.0 6561.0 281.0 6561.0 small-vehicle 0
423.0 6196.0 433.0 6196.0 433.0 6218.0 423.0 6218.0 small-vehicle 1
300.0 6539.0 310.0 6539.0 310.0 6558.0 300.0 6558.0 small-vehicle 0
275.0 6493.0 285.0 6493.0 285.0 6517.0 275.0 6517.0 small-vehicle 0
416.0 6499.0 425.0 6499.0 425.0 6519.0 416.0 6519.0 small-vehicle 0
440.0 6424.0 450.0 6424.0 450.0 6453.0 440.0 6453.0 small-vehicle 0
282.0 6337.0 304.0 6337.0 304.0 6347.0 282.0 6347.0 small-vehicle 0
181.0 6308.0 202.0 6308.0 202.0 6327.0 181.0 6327.0 small-vehicle 0
459.0 6127.0 469.0 6127.0 469.0 6154.0 459.0 6154.0 small-vehicle 0
349.0 5422.0 368.0 5422.0 368.0 5431.0 349.0 5431.0 small-vehicle 0
368.0 5332.0 389.0 5332.0 389.0 5346.0 368.0 5346.0 small-vehicle 0
382.0 2283.0 396.0 2283.0 396.0 2306.0 382.0 2306.0 small-vehicle 0
369.0 5326.0 393.0 5326.0 393.0 5336.0 369.0 5336.0 small-vehicle 0
435.0 2960.0 453.0 2960.0 453.0 2970.0 435.0 2970.0 small-vehicle 1
485.0 2886.0 505.0 2886.0 505.0 2895.0 485.0 2895.0 small-vehicle 1
486.0 2847.0 509.0 2847.0 509.0 2857.0 486.0 2857.0 small-vehicle 1
487.0 2859.0 508.0 2859.0 508.0 2866.0 487.0 2866.0 small-vehicle 1
480.0 2958.0 502.0 2958.0 502.0 2966.0 480.0 2966.0 small-vehicle 1
479.0 2967.0 502.0 2967.0 502.0 2975.0 479.0 2975.0 small-vehicle 1
462.0 3000.0 472.0 3000.0 472.0 3019.0 462.0 3019.0 small-vehicle 1
440.0 2997.0 451.0 2997.0 451.0 3020.0 440.0 3020.0 small-vehicle 1
370.0 2986.0 388.0 2986.0 388.0 2995.0 370.0 2995.0 small-vehicle 1
418.0 2957.0 437.0 2957.0 437.0 2966.0 418.0 2966.0 small-vehicle 1
443.0 2940.0 461.0 2940.0 461.0 2947.0 443.0 2947.0 small-vehicle 1
419.0 2939.0 440.0 2939.0 440.0 2947.0 419.0 2947.0 small-vehicle 1
422.0 2928.0 443.0 2928.0 443.0 2935.0 422.0 2935.0 small-vehicle 1
443.0 2906.0 461.0 2906.0 461.0 2915.0 443.0 2915.0 small-vehicle 1
441.0 2886.0 460.0 2886.0 460.0 2898.0 441.0 2898.0 small-vehicle 1
420.0 2905.0 440.0 2905.0 440.0 2915.0 420.0 2915.0 small-vehicle 1
420.0 2915.0 438.0 2915.0 438.0 2923.0 420.0 2923.0 small-vehicle 1
319.0 3271.0 329.0 3271.0 329.0 3295.0 319.0 3295.0 small-vehicle 1
338.0 3274.0 348.0 3274.0 348.0 3298.0 338.0 3298.0 small-vehicle 1
299.0 3270.0 309.0 3270.0 309.0 3293.0 299.0 3293.0 small-vehicle 1
385.0 3677.0 396.0 3677.0 396.0 3697.0 385.0 3697.0 small-vehicle 1
319.0 3679.0 329.0 3679.0 329.0 3697.0 319.0 3697.0 small-vehicle 1
301.0 3676.0 309.0 3676.0 309.0 3695.0 301.0 3695.0 small-vehicle 1
283.0 3676.0 289.0 3676.0 289.0 3693.0 283.0 3693.0 small-vehicle 1
261.0 3674.0 270.0 3674.0 270.0 3696.0 261.0 3696.0 small-vehicle 1
242.0 3672.0 250.0 3672.0 250.0 3696.0 242.0 3696.0 small-vehicle 1
457.0 3703.0 475.0 3703.0 475.0 3714.0 457.0 3714.0 small-vehicle 1
406.0 3680.0 413.0 3680.0 413.0 3700.0 406.0 3700.0 small-vehicle 1
347.0 3679.0 356.0 3679.0 356.0 3697.0 347.0 3697.0 small-vehicle 0
352.0 3234.0 362.0 3234.0 362.0 3254.0 352.0 3254.0 small-vehicle 0
337.0 3677.0 346.0 3677.0 346.0 3697.0 337.0 3697.0 small-vehicle 0
309.0 3675.0 319.0 3675.0 319.0 3696.0 309.0 3696.0 small-vehicle 0
272.0 3676.0 279.0 3676.0 279.0 3695.0 272.0 3695.0 small-vehicle 0
252.0 3673.0 260.0 3673.0 260.0 3694.0 252.0 3694.0 small-vehicle 0
553.0 3813.0 563.0 3813.0 563.0 3835.0 553.0 3835.0 small-vehicle 0
569.0 3428.0 582.0 3428.0 582.0 3450.0 569.0 3450.0 small-vehicle 0
423.0 3276.0 430.0 3276.0 430.0 3300.0 423.0 3300.0 small-vehicle 0
372.0 2955.0 392.0 2955.0 392.0 2965.0 372.0 2965.0 small-vehicle 1
372.0 2948.0 393.0 2948.0 393.0 2956.0 372.0 2956.0 small-vehicle 1
370.0 2930.0 396.0 2930.0 396.0 2937.0 370.0 2937.0 small-vehicle 1
277.0 2533.0 286.0 2533.0 286.0 2553.0 277.0 2553.0 small-vehicle 0
441.0 2749.0 460.0 2749.0 460.0 2756.0 441.0 2756.0 small-vehicle 0
578.0 2571.0 589.0 2571.0 589.0 2595.0 578.0 2595.0 small-vehicle 0
262.0 2311.0 528.0 2311.0 528.0 2573.0 262.0 2573.0 swimming-pool 0
209.0 2593.0 222.0 2593.0 222.0 2614.0 209.0 2614.0 small-vehicle 0
336.0 2597.0 346.0 2597.0 346.0 2619.0 336.0 2619.0 small-vehicle 0
316.0 2599.0 326.0 2599.0 326.0 2621.0 316.0 2621.0 small-vehicle 0
273.0 2601.0 285.0 2601.0 285.0 2627.0 273.0 2627.0 small-vehicle 0
264.0 2535.0 275.0 2535.0 275.0 2554.0 264.0 2554.0 small-vehicle 0
362.0 2812.0 386.0 2812.0 386.0 2830.0 362.0 2830.0 small-vehicle 0
254.0 2532.0 265.0 2532.0 265.0 2558.0 254.0 2558.0 small-vehicle 0
245.0 2532.0 254.0 2532.0 254.0 2555.0 245.0 2555.0 small-vehicle 0
236.0 2532.0 244.0 2532.0 244.0 2553.0 236.0 2553.0 small-vehicle 0
215.0 2532.0 226.0 2532.0 226.0 2553.0 215.0 2553.0 small-vehicle 0
473.0 2286.0 482.0 2286.0 482.0 2308.0 473.0 2308.0 small-vehicle 0
403.0 2280.0 419.0 2280.0 419.0 2306.0 403.0 2306.0 small-vehicle 0
394.0 2280.0 404.0 2280.0 404.0 2304.0 394.0 2304.0 small-vehicle 0
442.0 2762.0 463.0 2762.0 463.0 2770.0 442.0 2770.0 small-vehicle 0
369.0 2827.0 389.0 2827.0 389.0 2848.0 369.0 2848.0 small-vehicle 0
373.0 2921.0 393.0 2921.0 393.0 2929.0 373.0 2929.0 small-vehicle 1
480.0 2976.0 501.0 2976.0 501.0 2983.0 480.0 2983.0 small-vehicle 0
418.0 2896.0 439.0 2896.0 439.0 2905.0 418.0 2905.0 small-vehicle 0
419.0 2887.0 440.0 2887.0 440.0 2893.0 419.0 2893.0 small-vehicle 0
374.0 2911.0 394.0 2911.0 394.0 2918.0 374.0 2918.0 small-vehicle 0
373.0 2900.0 395.0 2900.0 395.0 2910.0 373.0 2910.0 small-vehicle 0
372.0 2967.0 391.0 2967.0 391.0 2974.0 372.0 2974.0 small-vehicle 0
416.0 2949.0 438.0 2949.0 438.0 2957.0 416.0 2957.0 small-vehicle 0
430.0 2997.0 439.0 2997.0 439.0 3017.0 430.0 3017.0 small-vehicle 0
480.0 2947.0 500.0 2947.0 500.0 2956.0 480.0 2956.0 small-vehicle 0
490.0 2831.0 510.0 2831.0 510.0 2838.0 490.0 2838.0 small-vehicle 0
482.0 2936.0 502.0 2936.0 502.0 2944.0 482.0 2944.0 small-vehicle 0
483.0 2916.0 505.0 2916.0 505.0 2926.0 483.0 2926.0 small-vehicle 0
481.0 2899.0 503.0 2899.0 503.0 2906.0 481.0 2906.0 small-vehicle 0
482.0 2878.0 505.0 2878.0 505.0 2887.0 482.0 2887.0 small-vehicle 0
486.0 2869.0 507.0 2869.0 507.0 2879.0 486.0 2879.0 small-vehicle 0
489.0 2840.0 507.0 2840.0 507.0 2847.0 489.0 2847.0 small-vehicle 0
556.0 2919.0 567.0 2919.0 567.0 2940.0 556.0 2940.0 small-vehicle 0
732.0 3849.0 751.0 3849.0 751.0 3858.0 732.0 3858.0 small-vehicle 1
262.0 4172.0 276.0 4172.0 276.0 4198.0 262.0 4198.0 small-vehicle 1
275.0 4175.0 288.0 4175.0 288.0 4198.0 275.0 4198.0 small-vehicle 1
170.0 5003.0 179.0 5003.0 179.0 5026.0 170.0 5026.0 small-vehicle 1
99.0 5082.0 109.0 5082.0 109.0 5105.0 99.0 5105.0 small-vehicle 1
139.0 5052.0 146.0 5052.0 146.0 5073.0 139.0 5073.0 small-vehicle 1
129.0 5054.0 138.0 5054.0 138.0 5075.0 129.0 5075.0 small-vehicle 1
120.0 5047.0 129.0 5047.0 129.0 5072.0 120.0 5072.0 small-vehicle 1
196.0 5006.0 202.0 5006.0 202.0 5024.0 196.0 5024.0 small-vehicle 1
187.0 5004.0 195.0 5004.0 195.0 5024.0 187.0 5024.0 small-vehicle 1
179.0 5005.0 186.0 5005.0 186.0 5024.0 179.0 5024.0 small-vehicle 1
150.0 5002.0 158.0 5002.0 158.0 5022.0 150.0 5022.0 small-vehicle 1
301.0 5092.0 312.0 5092.0 312.0 5116.0 301.0 5116.0 small-vehicle 1
123.0 5133.0 133.0 5133.0 133.0 5155.0 123.0 5155.0 small-vehicle 0
289.0 5137.0 300.0 5137.0 300.0 5160.0 289.0 5160.0 small-vehicle 0
310.0 5096.0 321.0 5096.0 321.0 5117.0 310.0 5117.0 small-vehicle 0
290.0 5092.0 301.0 5092.0 301.0 5115.0 290.0 5115.0 small-vehicle 0
262.0 5086.0 272.0 5086.0 272.0 5110.0 262.0 5110.0 small-vehicle 0
250.0 5090.0 262.0 5090.0 262.0 5111.0 250.0 5111.0 small-vehicle 0
230.0 5088.0 241.0 5088.0 241.0 5111.0 230.0 5111.0 small-vehicle 0
128.0 5082.0 137.0 5082.0 137.0 5104.0 128.0 5104.0 small-vehicle 1
321.0 5099.0 333.0 5099.0 333.0 5122.0 321.0 5122.0 small-vehicle 1
163.0 5086.0 174.0 5086.0 174.0 5108.0 163.0 5108.0 small-vehicle 0
378.0 5257.0 399.0 5257.0 399.0 5267.0 378.0 5267.0 small-vehicle 1
316.0 5345.0 339.0 5345.0 339.0 5360.0 316.0 5360.0 small-vehicle 0
322.0 5337.0 343.0 5337.0 343.0 5349.0 322.0 5349.0 small-vehicle 0
372.0 5309.0 393.0 5309.0 393.0 5317.0 372.0 5317.0 small-vehicle 1
371.0 5298.0 393.0 5298.0 393.0 5309.0 371.0 5309.0 small-vehicle 1
375.0 5287.0 397.0 5287.0 397.0 5296.0 375.0 5296.0 small-vehicle 1
376.0 5279.0 397.0 5279.0 397.0 5286.0 376.0 5286.0 small-vehicle 1
378.0 5267.0 396.0 5267.0 396.0 5276.0 378.0 5276.0 small-vehicle 1
376.0 5250.0 398.0 5250.0 398.0 5259.0 376.0 5259.0 small-vehicle 1
435.0 5058.0 455.0 5058.0 455.0 5064.0 435.0 5064.0 small-vehicle 1
375.0 5236.0 396.0 5236.0 396.0 5246.0 375.0 5246.0 small-vehicle 1
326.0 5297.0 347.0 5297.0 347.0 5308.0 326.0 5308.0 small-vehicle 1
280.0 5136.0 288.0 5136.0 288.0 5158.0 280.0 5158.0 small-vehicle 1
261.0 5138.0 270.0 5138.0 270.0 5156.0 261.0 5156.0 small-vehicle 1
250.0 5136.0 259.0 5136.0 259.0 5155.0 250.0 5155.0 small-vehicle 1
240.0 5131.0 247.0 5131.0 247.0 5152.0 240.0 5152.0 small-vehicle 1
228.0 5134.0 236.0 5134.0 236.0 5154.0 228.0 5154.0 small-vehicle 1
177.0 5085.0 186.0 5085.0 186.0 5109.0 177.0 5109.0 small-vehicle 0
118.0 5083.0 127.0 5083.0 127.0 5103.0 118.0 5103.0 small-vehicle 0
391.0 4364.0 400.0 4364.0 400.0 4386.0 391.0 4386.0 small-vehicle 0
373.0 4754.0 380.0 4754.0 380.0 4776.0 373.0 4776.0 small-vehicle 1
178.0 4714.0 186.0 4714.0 186.0 4731.0 178.0 4731.0 small-vehicle 1
371.0 4804.0 378.0 4804.0 378.0 4821.0 371.0 4821.0 small-vehicle 1
387.0 4805.0 394.0 4805.0 394.0 4825.0 387.0 4825.0 small-vehicle 1
403.0 4806.0 413.0 4806.0 413.0 4827.0 403.0 4827.0 small-vehicle 1
408.0 4757.0 417.0 4757.0 417.0 4775.0 408.0 4775.0 small-vehicle 1
390.0 4757.0 398.0 4757.0 398.0 4777.0 390.0 4777.0 small-vehicle 1
382.0 4753.0 390.0 4753.0 390.0 4772.0 382.0 4772.0 small-vehicle 1
365.0 4752.0 371.0 4752.0 371.0 4771.0 365.0 4771.0 small-vehicle 1
130.0 4709.0 138.0 4709.0 138.0 4731.0 130.0 4731.0 small-vehicle 1
353.0 4755.0 361.0 4755.0 361.0 4776.0 353.0 4776.0 small-vehicle 1
343.0 4754.0 352.0 4754.0 352.0 4776.0 343.0 4776.0 small-vehicle 1
386.0 4696.0 408.0 4696.0 408.0 4706.0 386.0 4706.0 small-vehicle 1
387.0 4624.0 413.0 4624.0 413.0 4631.0 387.0 4631.0 small-vehicle 1
266.0 4507.0 285.0 4507.0 285.0 4518.0 266.0 4518.0 small-vehicle 1
247.0 4535.0 258.0 4535.0 258.0 4559.0 247.0 4559.0 small-vehicle 1
240.0 4468.0 261.0 4468.0 261.0 4477.0 240.0 4477.0 small-vehicle 1
168.0 4714.0 175.0 4714.0 175.0 4735.0 168.0 4735.0 small-vehicle 1
159.0 4711.0 166.0 4711.0 166.0 4728.0 159.0 4728.0 small-vehicle 1
178.0 5052.0 185.0 5052.0 185.0 5075.0 178.0 5075.0 small-vehicle 0
123.0 5001.0 132.0 5001.0 132.0 5021.0 123.0 5021.0 small-vehicle 0
168.0 5052.0 175.0 5052.0 175.0 5073.0 168.0 5073.0 small-vehicle 0
157.0 5052.0 165.0 5052.0 165.0 5073.0 157.0 5073.0 small-vehicle 0
148.0 5051.0 155.0 5051.0 155.0 5075.0 148.0 5075.0 small-vehicle 0
109.0 5050.0 118.0 5050.0 118.0 5069.0 109.0 5069.0 small-vehicle 0
204.0 5006.0 213.0 5006.0 213.0 5025.0 204.0 5025.0 small-vehicle 0
161.0 5003.0 168.0 5003.0 168.0 5026.0 161.0 5026.0 small-vehicle 0
132.0 5006.0 141.0 5006.0 141.0 5025.0 132.0 5025.0 small-vehicle 0
112.0 5002.0 121.0 5002.0 121.0 5025.0 112.0 5025.0 small-vehicle 0
159.0 4691.0 166.0 4691.0 166.0 4711.0 159.0 4711.0 small-vehicle 1
485.0 5006.0 494.0 5006.0 494.0 5029.0 485.0 5029.0 small-vehicle 0
363.0 4975.0 371.0 4975.0 371.0 4998.0 363.0 4998.0 small-vehicle 0
343.0 4974.0 352.0 4974.0 352.0 4998.0 343.0 4998.0 small-vehicle 0
331.0 4975.0 339.0 4975.0 339.0 4996.0 331.0 4996.0 small-vehicle 0
112.0 4714.0 119.0 4714.0 119.0 4735.0 112.0 4735.0 small-vehicle 0
132.0 4688.0 140.0 4688.0 140.0 4708.0 132.0 4708.0 small-vehicle 0
142.0 4691.0 150.0 4691.0 150.0 4710.0 142.0 4710.0 small-vehicle 0
1445.0 2459.0 1477.0 2459.0 1477.0 2494.0 1445.0 2494.0 plane 0
