imagesource:GoogleEarth
gsd:0.211254308379
6142.0 2079.0 6170.0 2079.0 6170.0 2107.0 6142.0 2107.0 small-vehicle 1
4329.0 817.0 4354.0 817.0 4354.0 845.0 4329.0 845.0 small-vehicle 1
4352.0 749.0 4378.0 749.0 4378.0 777.0 4352.0 777.0 small-vehicle 1
4386.0 764.0 4412.0 764.0 4412.0 795.0 4386.0 795.0 small-vehicle 1
4393.0 778.0 4419.0 778.0 4419.0 804.0 4393.0 804.0 small-vehicle 1
4432.0 782.0 4455.0 782.0 4455.0 816.0 4432.0 816.0 small-vehicle 1
4412.0 803.0 4438.0 803.0 4438.0 834.0 4412.0 834.0 small-vehicle 1
4381.0 829.0 4409.0 829.0 4409.0 856.0 4381.0 856.0 small-vehicle 1
4375.0 839.0 4400.0 839.0 4400.0 864.0 4375.0 864.0 small-vehicle 1
4351.0 862.0 4376.0 862.0 4376.0 890.0 4351.0 890.0 small-vehicle 1
4299.0 790.0 4324.0 790.0 4324.0 818.0 4299.0 818.0 small-vehicle 1
4400.0 881.0 4424.0 881.0 4424.0 905.0 4400.0 905.0 small-vehicle 1
4246.0 744.0 4278.0 744.0 4278.0 774.0 4246.0 774.0 small-vehicle 1
4202.0 777.0 4230.0 777.0 4230.0 803.0 4202.0 803.0 small-vehicle 1
4177.0 795.0 4204.0 795.0 4204.0 823.0 4177.0 823.0 small-vehicle 1
4205.0 816.0 4228.0 816.0 4228.0 841.0 4205.0 841.0 small-vehicle 1
4241.0 849.0 4267.0 849.0 4267.0 878.0 4241.0 878.0 small-vehicle 1
4268.0 840.0 4296.0 840.0 4296.0 868.0 4268.0 868.0 small-vehicle 1
4285.0 865.0 4310.0 865.0 4310.0 887.0 4285.0 887.0 small-vehicle 1
4258.0 870.0 4285.0 870.0 4285.0 897.0 4258.0 897.0 small-vehicle 1
4344.0 740.0 4366.0 740.0 4366.0 764.0 4344.0 764.0 small-vehicle 1
4327.0 779.0 4354.0 779.0 4354.0 807.0 4327.0 807.0 small-vehicle 1
4299.0 688.0 4324.0 688.0 4324.0 717.0 4299.0 717.0 small-vehicle 1
4356.0 623.0 4382.0 623.0 4382.0 648.0 4356.0 648.0 small-vehicle 1
4322.0 972.0 4344.0 972.0 4344.0 998.0 4322.0 998.0 small-vehicle 1
4310.0 987.0 4325.0 987.0 4325.0 1012.0 4310.0 1012.0 small-vehicle 1
4222.0 674.0 4245.0 674.0 4245.0 702.0 4222.0 702.0 small-vehicle 1
4360.0 854.0 4387.0 854.0 4387.0 882.0 4360.0 882.0 small-vehicle 1
4267.0 764.0 4294.0 764.0 4294.0 796.0 4267.0 796.0 small-vehicle 1
4230.0 840.0 4252.0 840.0 4252.0 863.0 4230.0 863.0 small-vehicle 1
4215.0 829.0 4237.0 829.0 4237.0 855.0 4215.0 855.0 small-vehicle 1
4152.0 745.0 4177.0 745.0 4177.0 771.0 4152.0 771.0 small-vehicle 1
4254.0 645.0 4277.0 645.0 4277.0 668.0 4254.0 668.0 small-vehicle 1
4335.0 568.0 4358.0 568.0 4358.0 594.0 4335.0 594.0 small-vehicle 1
4325.0 577.0 4350.0 577.0 4350.0 600.0 4325.0 600.0 small-vehicle 1
4317.0 587.0 4339.0 587.0 4339.0 611.0 4317.0 611.0 small-vehicle 1
4425.0 695.0 4447.0 695.0 4447.0 722.0 4425.0 722.0 small-vehicle 1
4402.0 675.0 4429.0 675.0 4429.0 701.0 4402.0 701.0 small-vehicle 1
4396.0 664.0 4421.0 664.0 4421.0 691.0 4396.0 691.0 small-vehicle 1
4381.0 652.0 4407.0 652.0 4407.0 679.0 4381.0 679.0 small-vehicle 1
4370.0 644.0 4395.0 644.0 4395.0 668.0 4370.0 668.0 small-vehicle 1
4199.0 881.0 4224.0 881.0 4224.0 910.0 4199.0 910.0 small-vehicle 1
4188.0 874.0 4212.0 874.0 4212.0 902.0 4188.0 902.0 small-vehicle 1
4178.0 866.0 4203.0 866.0 4203.0 891.0 4178.0 891.0 small-vehicle 1
4369.0 847.0 4392.0 847.0 4392.0 870.0 4369.0 870.0 small-vehicle 0
4346.0 801.0 4370.0 801.0 4370.0 826.0 4346.0 826.0 small-vehicle 0
4318.0 810.0 4342.0 810.0 4342.0 837.0 4318.0 837.0 small-vehicle 0
4307.0 799.0 4332.0 799.0 4332.0 829.0 4307.0 829.0 small-vehicle 0
4290.0 785.0 4313.0 785.0 4313.0 813.0 4290.0 813.0 small-vehicle 0
4278.0 775.0 4303.0 775.0 4303.0 801.0 4278.0 801.0 small-vehicle 0
4261.0 755.0 4285.0 755.0 4285.0 784.0 4261.0 784.0 small-vehicle 0
4223.0 721.0 4250.0 721.0 4250.0 748.0 4223.0 748.0 small-vehicle 0
4401.0 817.0 4427.0 817.0 4427.0 842.0 4401.0 842.0 small-vehicle 0
4363.0 757.0 4386.0 757.0 4386.0 782.0 4363.0 782.0 small-vehicle 0
4375.0 763.0 4398.0 763.0 4398.0 789.0 4375.0 789.0 small-vehicle 0
4434.0 707.0 4458.0 707.0 4458.0 731.0 4434.0 731.0 small-vehicle 0
4416.0 686.0 4438.0 686.0 4438.0 710.0 4416.0 710.0 small-vehicle 0
4327.0 722.0 4352.0 722.0 4352.0 745.0 4327.0 745.0 small-vehicle 0
4334.0 731.0 4358.0 731.0 4358.0 755.0 4334.0 755.0 small-vehicle 0
4318.0 711.0 4342.0 711.0 4342.0 735.0 4318.0 735.0 small-vehicle 0
4306.0 702.0 4332.0 702.0 4332.0 727.0 4306.0 727.0 small-vehicle 0
4288.0 681.0 4311.0 681.0 4311.0 705.0 4288.0 705.0 small-vehicle 0
4355.0 807.0 4384.0 807.0 4384.0 835.0 4355.0 835.0 small-vehicle 0
4341.0 827.0 4365.0 827.0 4365.0 850.0 4341.0 850.0 small-vehicle 0
4169.0 858.0 4194.0 858.0 4194.0 884.0 4169.0 884.0 small-vehicle 1
4241.0 737.0 4267.0 737.0 4267.0 765.0 4241.0 765.0 small-vehicle 0
4118.0 807.0 4141.0 807.0 4141.0 834.0 4118.0 834.0 small-vehicle 1
4268.0 884.0 4291.0 884.0 4291.0 905.0 4268.0 905.0 small-vehicle 0
4248.0 864.0 4274.0 864.0 4274.0 887.0 4248.0 887.0 small-vehicle 0
4195.0 812.0 4221.0 812.0 4221.0 836.0 4195.0 836.0 small-vehicle 0
4185.0 806.0 4208.0 806.0 4208.0 830.0 4185.0 830.0 small-vehicle 0
4335.0 887.0 4357.0 887.0 4357.0 908.0 4335.0 908.0 small-vehicle 0
4324.0 893.0 4351.0 893.0 4351.0 916.0 4324.0 916.0 small-vehicle 0
4294.0 880.0 4318.0 880.0 4318.0 901.0 4294.0 901.0 small-vehicle 0
4277.0 856.0 4300.0 856.0 4300.0 877.0 4277.0 877.0 small-vehicle 0
4259.0 832.0 4284.0 832.0 4284.0 857.0 4259.0 857.0 small-vehicle 0
4247.0 821.0 4274.0 821.0 4274.0 849.0 4247.0 849.0 small-vehicle 0
4237.0 813.0 4263.0 813.0 4263.0 841.0 4237.0 841.0 small-vehicle 0
4228.0 805.0 4250.0 805.0 4250.0 831.0 4228.0 831.0 small-vehicle 0
4220.0 795.0 4245.0 795.0 4245.0 822.0 4220.0 822.0 small-vehicle 0
4211.0 789.0 4235.0 789.0 4235.0 814.0 4211.0 814.0 small-vehicle 0
4191.0 769.0 4214.0 769.0 4214.0 793.0 4191.0 793.0 small-vehicle 0
4234.0 730.0 4258.0 730.0 4258.0 753.0 4234.0 753.0 small-vehicle 0
4224.0 975.0 4250.0 975.0 4250.0 1002.0 4224.0 1002.0 small-vehicle 1
4413.0 868.0 4437.0 868.0 4437.0 895.0 4413.0 895.0 small-vehicle 1
4277.0 625.0 4302.0 625.0 4302.0 650.0 4277.0 650.0 small-vehicle 0
4714.0 915.0 4740.0 915.0 4740.0 941.0 4714.0 941.0 small-vehicle 1
4592.0 902.0 4614.0 902.0 4614.0 926.0 4592.0 926.0 small-vehicle 1
4603.0 893.0 4627.0 893.0 4627.0 917.0 4603.0 917.0 small-vehicle 1
4547.0 909.0 4573.0 909.0 4573.0 938.0 4547.0 938.0 small-vehicle 1
4555.0 900.0 4581.0 900.0 4581.0 928.0 4555.0 928.0 small-vehicle 1
4565.0 895.0 4590.0 895.0 4590.0 918.0 4565.0 918.0 small-vehicle 1
4584.0 876.0 4609.0 876.0 4609.0 901.0 4584.0 901.0 small-vehicle 1
4729.0 934.0 4757.0 934.0 4757.0 962.0 4729.0 962.0 small-vehicle 1
4720.0 924.0 4749.0 924.0 4749.0 949.0 4720.0 949.0 small-vehicle 1
4702.0 905.0 4730.0 905.0 4730.0 932.0 4702.0 932.0 small-vehicle 1
4422.0 858.0 4445.0 858.0 4445.0 885.0 4422.0 885.0 small-vehicle 1
4652.0 855.0 4672.0 855.0 4672.0 886.0 4652.0 886.0 small-vehicle 1
4632.0 834.0 4648.0 834.0 4648.0 862.0 4632.0 862.0 small-vehicle 1
4617.0 826.0 4639.0 826.0 4639.0 850.0 4617.0 850.0 small-vehicle 1
4589.0 802.0 4615.0 802.0 4615.0 829.0 4589.0 829.0 small-vehicle 1
4517.0 862.0 4542.0 862.0 4542.0 887.0 4517.0 887.0 small-vehicle 1
4504.0 879.0 4528.0 879.0 4528.0 904.0 4504.0 904.0 small-vehicle 1
4471.0 904.0 4496.0 904.0 4496.0 934.0 4471.0 934.0 small-vehicle 1
4483.0 893.0 4510.0 893.0 4510.0 925.0 4483.0 925.0 small-vehicle 1
4585.0 912.0 4607.0 912.0 4607.0 936.0 4585.0 936.0 small-vehicle 1
4578.0 921.0 4598.0 921.0 4598.0 946.0 4578.0 946.0 small-vehicle 1
4568.0 931.0 4592.0 931.0 4592.0 956.0 4568.0 956.0 small-vehicle 1
4558.0 935.0 4584.0 935.0 4584.0 963.0 4558.0 963.0 small-vehicle 1
4527.0 1150.0 4556.0 1150.0 4556.0 1176.0 4527.0 1176.0 small-vehicle 1
4611.0 1222.0 4635.0 1222.0 4635.0 1247.0 4611.0 1247.0 small-vehicle 1
4484.0 1213.0 4511.0 1213.0 4511.0 1238.0 4484.0 1238.0 small-vehicle 1
4545.0 1181.0 4572.0 1181.0 4572.0 1207.0 4545.0 1207.0 small-vehicle 1
4521.0 1163.0 4548.0 1163.0 4548.0 1186.0 4521.0 1186.0 small-vehicle 1
4494.0 1116.0 4521.0 1116.0 4521.0 1138.0 4494.0 1138.0 small-vehicle 1
4513.0 1095.0 4538.0 1095.0 4538.0 1119.0 4513.0 1119.0 small-vehicle 1
4411.0 1060.0 4434.0 1060.0 4434.0 1083.0 4411.0 1083.0 small-vehicle 1
4419.0 1047.0 4444.0 1047.0 4444.0 1072.0 4419.0 1072.0 small-vehicle 1
4473.0 982.0 4498.0 982.0 4498.0 1008.0 4473.0 1008.0 small-vehicle 1
4537.0 959.0 4560.0 959.0 4560.0 985.0 4537.0 985.0 small-vehicle 1
4524.0 971.0 4548.0 971.0 4548.0 995.0 4524.0 995.0 small-vehicle 1
4515.0 981.0 4541.0 981.0 4541.0 1006.0 4515.0 1006.0 small-vehicle 1
4498.0 959.0 4522.0 959.0 4522.0 988.0 4498.0 988.0 small-vehicle 1
4509.0 953.0 4532.0 953.0 4532.0 979.0 4509.0 979.0 small-vehicle 1
4517.0 942.0 4541.0 942.0 4541.0 972.0 4517.0 972.0 small-vehicle 1
4550.0 946.0 4572.0 946.0 4572.0 971.0 4550.0 971.0 small-vehicle 1
4491.0 851.0 4515.0 851.0 4515.0 883.0 4491.0 883.0 small-vehicle 1
4477.0 861.0 4504.0 861.0 4504.0 891.0 4477.0 891.0 small-vehicle 1
4468.0 869.0 4493.0 869.0 4493.0 896.0 4468.0 896.0 small-vehicle 1
4429.0 1036.0 4452.0 1036.0 4452.0 1062.0 4429.0 1062.0 small-vehicle 0
4456.0 1010.0 4480.0 1010.0 4480.0 1034.0 4456.0 1034.0 small-vehicle 0
4501.0 995.0 4525.0 995.0 4525.0 1022.0 4501.0 1022.0 small-vehicle 0
4487.0 971.0 4514.0 971.0 4514.0 999.0 4487.0 999.0 small-vehicle 0
4350.0 1012.0 4375.0 1012.0 4375.0 1036.0 4350.0 1036.0 small-vehicle 0
4370.0 1020.0 4394.0 1020.0 4394.0 1045.0 4370.0 1045.0 small-vehicle 0
4415.0 975.0 4440.0 975.0 4440.0 1002.0 4415.0 1002.0 small-vehicle 0
4404.0 984.0 4432.0 984.0 4432.0 1011.0 4404.0 1011.0 small-vehicle 0
4417.0 930.0 4441.0 930.0 4441.0 954.0 4417.0 954.0 small-vehicle 0
4436.0 913.0 4460.0 913.0 4460.0 938.0 4436.0 938.0 small-vehicle 0
4527.0 935.0 4550.0 935.0 4550.0 961.0 4527.0 961.0 small-vehicle 0
4531.0 927.0 4558.0 927.0 4558.0 954.0 4531.0 954.0 small-vehicle 0
4574.0 884.0 4600.0 884.0 4600.0 909.0 4574.0 909.0 small-vehicle 0
4504.0 845.0 4525.0 845.0 4525.0 869.0 4504.0 869.0 small-vehicle 0
4510.0 871.0 4532.0 871.0 4532.0 894.0 4510.0 894.0 small-vehicle 0
4452.0 825.0 4479.0 825.0 4479.0 852.0 4452.0 852.0 small-vehicle 0
4443.0 838.0 4467.0 838.0 4467.0 866.0 4443.0 866.0 small-vehicle 0
4436.0 851.0 4455.0 851.0 4455.0 876.0 4436.0 876.0 small-vehicle 1
4440.0 1028.0 4464.0 1028.0 4464.0 1052.0 4440.0 1052.0 small-vehicle 0
4522.0 1088.0 4549.0 1088.0 4549.0 1112.0 4522.0 1112.0 small-vehicle 0
4459.0 880.0 4482.0 880.0 4482.0 904.0 4459.0 904.0 small-vehicle 1
4505.0 1106.0 4530.0 1106.0 4530.0 1130.0 4505.0 1130.0 small-vehicle 0
4453.0 930.0 4477.0 930.0 4477.0 959.0 4453.0 959.0 small-vehicle 1
4443.0 936.0 4467.0 936.0 4467.0 965.0 4443.0 965.0 small-vehicle 1
4430.0 951.0 4452.0 951.0 4452.0 978.0 4430.0 978.0 small-vehicle 1
4405.0 935.0 4430.0 935.0 4430.0 964.0 4405.0 964.0 small-vehicle 1
4392.0 989.0 4418.0 989.0 4418.0 1017.0 4392.0 1017.0 small-vehicle 1
4385.0 999.0 4410.0 999.0 4410.0 1025.0 4385.0 1025.0 small-vehicle 1
4377.0 1009.0 4402.0 1009.0 4402.0 1034.0 4377.0 1034.0 small-vehicle 1
4622.0 987.0 4647.0 987.0 4647.0 1013.0 4622.0 1013.0 small-vehicle 0
4661.0 1095.0 4691.0 1095.0 4691.0 1122.0 4661.0 1122.0 small-vehicle 0
4661.0 1060.0 4690.0 1060.0 4690.0 1086.0 4661.0 1086.0 small-vehicle 0
4580.0 995.0 4604.0 995.0 4604.0 1019.0 4580.0 1019.0 small-vehicle 0
4546.0 1027.0 4571.0 1027.0 4571.0 1052.0 4546.0 1052.0 small-vehicle 0
4538.0 1036.0 4564.0 1036.0 4564.0 1062.0 4538.0 1062.0 small-vehicle 0
4526.0 1043.0 4554.0 1043.0 4554.0 1069.0 4526.0 1069.0 small-vehicle 0
4518.0 1055.0 4544.0 1055.0 4544.0 1078.0 4518.0 1078.0 small-vehicle 0
4545.0 1064.0 4569.0 1064.0 4569.0 1088.0 4545.0 1088.0 small-vehicle 0
4531.0 1079.0 4555.0 1079.0 4555.0 1106.0 4531.0 1106.0 small-vehicle 0
4307.0 595.0 4330.0 595.0 4330.0 620.0 4307.0 620.0 small-vehicle 0
4265.0 635.0 4287.0 635.0 4287.0 661.0 4265.0 661.0 small-vehicle 0
6119.0 2046.0 6142.0 2046.0 6142.0 2081.0 6119.0 2081.0 small-vehicle 1
3301.0 326.0 3316.0 326.0 3316.0 350.0 3301.0 350.0 small-vehicle 0
3358.0 403.0 3383.0 403.0 3383.0 427.0 3358.0 427.0 small-vehicle 0
3349.0 414.0 3373.0 414.0 3373.0 435.0 3349.0 435.0 small-vehicle 0
3313.0 385.0 3336.0 385.0 3336.0 409.0 3313.0 409.0 small-vehicle 0
3299.0 405.0 3325.0 405.0 3325.0 426.0 3299.0 426.0 small-vehicle 0
3222.0 379.0 3245.0 379.0 3245.0 392.0 3222.0 392.0 small-vehicle 0
3225.0 367.0 3255.0 367.0 3255.0 381.0 3225.0 381.0 small-vehicle 0
3262.0 357.0 3281.0 357.0 3281.0 384.0 3262.0 384.0 small-vehicle 0
3273.0 349.0 3292.0 349.0 3292.0 375.0 3273.0 375.0 small-vehicle 0
3262.0 266.0 3277.0 266.0 3277.0 290.0 3262.0 290.0 small-vehicle 0
3366.0 211.0 3391.0 211.0 3391.0 221.0 3366.0 221.0 small-vehicle 1
3251.0 276.0 3269.0 276.0 3269.0 300.0 3251.0 300.0 small-vehicle 0
3142.0 282.0 3169.0 282.0 3169.0 300.0 3142.0 300.0 small-vehicle 0
3053.0 277.0 3077.0 277.0 3077.0 294.0 3053.0 294.0 small-vehicle 0
3132.0 293.0 3159.0 293.0 3159.0 309.0 3132.0 309.0 small-vehicle 0
3221.0 272.0 3239.0 272.0 3239.0 296.0 3221.0 296.0 small-vehicle 1
3219.0 306.0 3236.0 306.0 3236.0 329.0 3219.0 329.0 small-vehicle 1
3173.0 325.0 3192.0 325.0 3192.0 347.0 3173.0 347.0 small-vehicle 1
3126.0 308.0 3151.0 308.0 3151.0 319.0 3126.0 319.0 small-vehicle 1
3393.0 421.0 3415.0 421.0 3415.0 443.0 3393.0 443.0 small-vehicle 0
3428.0 454.0 3453.0 454.0 3453.0 477.0 3428.0 477.0 small-vehicle 0
3260.0 445.0 3283.0 445.0 3283.0 469.0 3260.0 469.0 small-vehicle 0
3350.0 298.0 3371.0 298.0 3371.0 323.0 3350.0 323.0 small-vehicle 0
3360.0 183.0 3387.0 183.0 3387.0 196.0 3360.0 196.0 small-vehicle 1
3362.0 172.0 3386.0 172.0 3386.0 182.0 3362.0 182.0 small-vehicle 1
3366.0 160.0 3387.0 160.0 3387.0 170.0 3366.0 170.0 small-vehicle 1
3392.0 144.0 3412.0 144.0 3412.0 155.0 3392.0 155.0 small-vehicle 1
3392.0 135.0 3414.0 135.0 3414.0 145.0 3392.0 145.0 small-vehicle 1
3395.0 124.0 3413.0 124.0 3413.0 133.0 3395.0 133.0 small-vehicle 1
3365.0 100.0 3386.0 100.0 3386.0 112.0 3365.0 112.0 small-vehicle 1
3392.0 101.0 3413.0 101.0 3413.0 111.0 3392.0 111.0 small-vehicle 1
3392.0 88.0 3413.0 88.0 3413.0 99.0 3392.0 99.0 small-vehicle 1
2891.0 459.0 2905.0 459.0 2905.0 486.0 2891.0 486.0 small-vehicle 1
3359.0 353.0 3386.0 353.0 3386.0 379.0 3359.0 379.0 small-vehicle 1
3323.0 267.0 3350.0 267.0 3350.0 300.0 3323.0 300.0 small-vehicle 1
3332.0 277.0 3358.0 277.0 3358.0 306.0 3332.0 306.0 small-vehicle 1
3341.0 286.0 3367.0 286.0 3367.0 315.0 3341.0 315.0 small-vehicle 1
3358.0 306.0 3382.0 306.0 3382.0 333.0 3358.0 333.0 small-vehicle 1
3369.0 316.0 3392.0 316.0 3392.0 341.0 3369.0 341.0 small-vehicle 1
3377.0 325.0 3401.0 325.0 3401.0 346.0 3377.0 346.0 small-vehicle 0
3165.0 262.0 3189.0 262.0 3189.0 276.0 3165.0 276.0 small-vehicle 1
3214.0 215.0 3240.0 215.0 3240.0 224.0 3214.0 224.0 small-vehicle 1
3094.0 235.0 3120.0 235.0 3120.0 256.0 3094.0 256.0 small-vehicle 1
5010.0 3558.0 5222.0 3558.0 5222.0 3762.0 5010.0 3762.0 plane 0
5162.0 3052.0 5372.0 3052.0 5372.0 3236.0 5162.0 3236.0 plane 0
4970.0 2776.0 5200.0 2776.0 5200.0 3008.0 4970.0 3008.0 plane 0
3410.0 2496.0 3642.0 2496.0 3642.0 2730.0 3410.0 2730.0 plane 0
2462.0 792.0 2686.0 792.0 2686.0 1020.0 2462.0 1020.0 plane 0
2674.0 962.0 2892.0 962.0 2892.0 1194.0 2674.0 1194.0 plane 0
3484.0 1430.0 3938.0 1430.0 3938.0 1888.0 3484.0 1888.0 plane 0
3024.0 1390.0 3358.0 1390.0 3358.0 1762.0 3024.0 1762.0 plane 0
2368.0 1820.0 2688.0 1820.0 2688.0 2180.0 2368.0 2180.0 plane 0
1942.0 1928.0 2132.0 1928.0 2132.0 2118.0 1942.0 2118.0 plane 0
1882.0 2228.0 2336.0 2228.0 2336.0 2682.0 1882.0 2682.0 plane 0
2478.0 3674.0 2866.0 3674.0 2866.0 4038.0 2478.0 4038.0 plane 0
2382.0 4690.0 2610.0 4690.0 2610.0 4938.0 2382.0 4938.0 plane 0
1904.0 5250.0 2100.0 5250.0 2100.0 5412.0 1904.0 5412.0 plane 0
1374.0 4704.0 1654.0 4704.0 1654.0 5020.0 1374.0 5020.0 plane 0
482.0 4642.0 662.0 4642.0 662.0 4840.0 482.0 4840.0 plane 0
552.0 4936.0 722.0 4936.0 722.0 5110.0 552.0 5110.0 plane 0
606.0 5156.0 770.0 5156.0 770.0 5320.0 606.0 5320.0 plane 0
5002.0 3296.0 5214.0 3296.0 5214.0 3492.0 5002.0 3492.0 plane 0
4988.0 4318.0 5208.0 4318.0 5208.0 4542.0 4988.0 4542.0 plane 0
2898.0 518.0 2921.0 518.0 2921.0 544.0 2898.0 544.0 small-vehicle 1
4598.0 4438.0 4792.0 4438.0 4792.0 4638.0 4598.0 4638.0 plane 0
2917.0 498.0 2941.0 498.0 2941.0 520.0 2917.0 520.0 small-vehicle 1
2729.0 925.0 2754.0 925.0 2754.0 951.0 2729.0 951.0 small-vehicle 1
2825.0 598.0 2845.0 598.0 2845.0 628.0 2825.0 628.0 small-vehicle 1
2830.0 508.0 2840.0 508.0 2840.0 536.0 2830.0 536.0 small-vehicle 1
2837.0 495.0 2850.0 495.0 2850.0 523.0 2837.0 523.0 small-vehicle 1
2853.0 484.0 2861.0 484.0 2861.0 513.0 2853.0 513.0 small-vehicle 1
2861.0 475.0 2877.0 475.0 2877.0 509.0 2861.0 509.0 small-vehicle 1
2815.0 516.0 2827.0 516.0 2827.0 550.0 2815.0 550.0 small-vehicle 1
2806.0 531.0 2816.0 531.0 2816.0 562.0 2806.0 562.0 small-vehicle 1
2793.0 541.0 2804.0 541.0 2804.0 575.0 2793.0 575.0 small-vehicle 1
2775.0 565.0 2782.0 565.0 2782.0 596.0 2775.0 596.0 small-vehicle 1
2726.0 605.0 2748.0 605.0 2748.0 631.0 2726.0 631.0 small-vehicle 1
2681.0 647.0 2704.0 647.0 2704.0 673.0 2681.0 673.0 small-vehicle 1
2648.0 698.0 2670.0 698.0 2670.0 724.0 2648.0 724.0 small-vehicle 1
1097.0 3034.0 1534.0 3034.0 1534.0 3464.0 1097.0 3464.0 plane 0
1037.0 3440.0 1490.0 3440.0 1490.0 3874.0 1037.0 3874.0 plane 0
4404.0 4614.0 4614.0 4614.0 4614.0 4822.0 4404.0 4822.0 plane 0
3367.0 196.0 3390.0 196.0 3390.0 208.0 3367.0 208.0 small-vehicle 1
3389.0 164.0 3413.0 164.0 3413.0 178.0 3389.0 178.0 small-vehicle 1
4211.0 684.0 4237.0 684.0 4237.0 711.0 4211.0 711.0 small-vehicle 0
3752.0 382.0 3763.0 382.0 3763.0 416.0 3752.0 416.0 small-vehicle 1
3822.0 914.0 3847.0 914.0 3847.0 937.0 3822.0 937.0 small-vehicle 1
3830.0 902.0 3856.0 902.0 3856.0 928.0 3830.0 928.0 small-vehicle 1
3819.0 642.0 3842.0 642.0 3842.0 668.0 3819.0 668.0 small-vehicle 1
3706.0 691.0 3734.0 691.0 3734.0 717.0 3706.0 717.0 small-vehicle 1
3461.0 546.0 3474.0 546.0 3474.0 581.0 3461.0 581.0 small-vehicle 1
3493.0 431.0 3509.0 431.0 3509.0 454.0 3493.0 454.0 small-vehicle 1
3456.0 454.0 3478.0 454.0 3478.0 474.0 3456.0 474.0 small-vehicle 1
3967.0 269.0 3995.0 269.0 3995.0 283.0 3967.0 283.0 small-vehicle 1
3569.0 198.0 3600.0 198.0 3600.0 212.0 3569.0 212.0 small-vehicle 1
3392.0 183.0 3414.0 183.0 3414.0 196.0 3392.0 196.0 small-vehicle 1
3581.0 303.0 3608.0 303.0 3608.0 317.0 3581.0 317.0 small-vehicle 1
3491.0 302.0 3516.0 302.0 3516.0 313.0 3491.0 313.0 small-vehicle 1
3490.0 314.0 3517.0 314.0 3517.0 328.0 3490.0 328.0 small-vehicle 1
3489.0 330.0 3516.0 330.0 3516.0 342.0 3489.0 342.0 small-vehicle 1
3492.0 342.0 3517.0 342.0 3517.0 352.0 3492.0 352.0 small-vehicle 1
3428.0 264.0 3449.0 264.0 3449.0 276.0 3428.0 276.0 small-vehicle 1
3452.0 303.0 3476.0 303.0 3476.0 315.0 3452.0 315.0 small-vehicle 1
3445.0 289.0 3476.0 289.0 3476.0 301.0 3445.0 301.0 small-vehicle 1
3814.0 922.0 3838.0 922.0 3838.0 948.0 3814.0 948.0 small-vehicle 1
3807.0 931.0 3831.0 931.0 3831.0 956.0 3807.0 956.0 small-vehicle 1
3798.0 938.0 3821.0 938.0 3821.0 962.0 3798.0 962.0 small-vehicle 1
3788.0 947.0 3813.0 947.0 3813.0 972.0 3788.0 972.0 small-vehicle 1
4200.0 699.0 4225.0 699.0 4225.0 722.0 4200.0 722.0 small-vehicle 0
4190.0 710.0 4215.0 710.0 4215.0 732.0 4190.0 732.0 small-vehicle 0
4172.0 727.0 4194.0 727.0 4194.0 751.0 4172.0 751.0 small-vehicle 0
4162.0 737.0 4185.0 737.0 4185.0 761.0 4162.0 761.0 small-vehicle 0
4142.0 752.0 4165.0 752.0 4165.0 778.0 4142.0 778.0 small-vehicle 0
4132.0 764.0 4158.0 764.0 4158.0 788.0 4132.0 788.0 small-vehicle 0
4207.0 892.0 4230.0 892.0 4230.0 916.0 4207.0 916.0 small-vehicle 0
4156.0 848.0 4183.0 848.0 4183.0 874.0 4156.0 874.0 small-vehicle 0
4137.0 827.0 4160.0 827.0 4160.0 853.0 4137.0 853.0 small-vehicle 0
4126.0 820.0 4151.0 820.0 4151.0 844.0 4126.0 844.0 small-vehicle 0
4110.0 800.0 4132.0 800.0 4132.0 825.0 4110.0 825.0 small-vehicle 0
4755.0 783.0 4783.0 783.0 4783.0 814.0 4755.0 814.0 small-vehicle 0
4513.0 547.0 4541.0 547.0 4541.0 574.0 4513.0 574.0 small-vehicle 0
4467.0 548.0 4502.0 548.0 4502.0 586.0 4467.0 586.0 small-vehicle 1
3820.0 1030.0 3841.0 1030.0 3841.0 1052.0 3820.0 1052.0 small-vehicle 1
3996.0 1010.0 4021.0 1010.0 4021.0 1038.0 3996.0 1038.0 small-vehicle 1
3998.0 938.0 4027.0 938.0 4027.0 963.0 3998.0 963.0 small-vehicle 1
3448.0 277.0 3472.0 277.0 3472.0 290.0 3448.0 290.0 small-vehicle 1
3452.0 266.0 3474.0 266.0 3474.0 276.0 3452.0 276.0 small-vehicle 1
3452.0 242.0 3477.0 242.0 3477.0 256.0 3452.0 256.0 small-vehicle 1
3492.0 215.0 3522.0 215.0 3522.0 229.0 3492.0 229.0 small-vehicle 0
3502.0 166.0 3526.0 166.0 3526.0 178.0 3502.0 178.0 small-vehicle 0
3500.0 147.0 3528.0 147.0 3528.0 158.0 3500.0 158.0 small-vehicle 0
3495.0 86.0 3537.0 86.0 3537.0 105.0 3495.0 105.0 small-vehicle 0
3501.0 132.0 3530.0 132.0 3530.0 145.0 3501.0 145.0 small-vehicle 0
3450.0 107.0 3481.0 107.0 3481.0 116.0 3450.0 116.0 small-vehicle 0
3369.0 147.0 3391.0 147.0 3391.0 159.0 3369.0 159.0 small-vehicle 0
3366.0 136.0 3389.0 136.0 3389.0 146.0 3366.0 146.0 small-vehicle 0
3365.0 121.0 3389.0 121.0 3389.0 135.0 3365.0 135.0 small-vehicle 0
3367.0 110.0 3389.0 110.0 3389.0 122.0 3367.0 122.0 small-vehicle 0
3394.0 112.0 3416.0 112.0 3416.0 121.0 3394.0 121.0 small-vehicle 0
3389.0 73.0 3413.0 73.0 3413.0 86.0 3389.0 86.0 small-vehicle 0
3395.0 241.0 3416.0 241.0 3416.0 253.0 3395.0 253.0 small-vehicle 1
3395.0 255.0 3417.0 255.0 3417.0 264.0 3395.0 264.0 small-vehicle 1
3388.0 233.0 3413.0 233.0 3413.0 244.0 3388.0 244.0 small-vehicle 1
3389.0 222.0 3413.0 222.0 3413.0 235.0 3389.0 235.0 small-vehicle 1
3393.0 209.0 3415.0 209.0 3415.0 220.0 3393.0 220.0 small-vehicle 1
3390.0 195.0 3416.0 195.0 3416.0 209.0 3390.0 209.0 small-vehicle 1
3502.0 179.0 3527.0 179.0 3527.0 191.0 3502.0 191.0 small-vehicle 0
3495.0 240.0 3522.0 240.0 3522.0 251.0 3495.0 251.0 small-vehicle 0
3432.0 240.0 3452.0 240.0 3452.0 249.0 3432.0 249.0 small-vehicle 1
3494.0 252.0 3521.0 252.0 3521.0 266.0 3494.0 266.0 small-vehicle 0
3429.0 228.0 3453.0 228.0 3453.0 238.0 3429.0 238.0 small-vehicle 1
3450.0 200.0 3474.0 200.0 3474.0 213.0 3450.0 213.0 small-vehicle 1
3450.0 190.0 3473.0 190.0 3473.0 202.0 3450.0 202.0 small-vehicle 1
3453.0 180.0 3474.0 180.0 3474.0 192.0 3453.0 192.0 small-vehicle 1
3450.0 157.0 3473.0 157.0 3473.0 166.0 3450.0 166.0 small-vehicle 1
3452.0 145.0 3478.0 145.0 3478.0 156.0 3452.0 156.0 small-vehicle 1
3453.0 133.0 3481.0 133.0 3481.0 145.0 3453.0 145.0 small-vehicle 1
3453.0 120.0 3482.0 120.0 3482.0 131.0 3453.0 131.0 small-vehicle 1
3350.0 130.0 3362.0 130.0 3362.0 159.0 3350.0 159.0 small-vehicle 1
3567.0 252.0 3604.0 252.0 3604.0 274.0 3567.0 274.0 small-vehicle 0
3567.0 230.0 3604.0 230.0 3604.0 245.0 3567.0 245.0 small-vehicle 0
3453.0 229.0 3480.0 229.0 3480.0 243.0 3453.0 243.0 small-vehicle 0
3448.0 215.0 3476.0 215.0 3476.0 228.0 3448.0 228.0 small-vehicle 0
3425.0 216.0 3449.0 216.0 3449.0 228.0 3425.0 228.0 small-vehicle 0
3453.0 169.0 3475.0 169.0 3475.0 180.0 3453.0 180.0 small-vehicle 0
3584.0 338.0 3612.0 338.0 3612.0 354.0 3584.0 354.0 small-vehicle 0
3495.0 266.0 3523.0 266.0 3523.0 277.0 3495.0 277.0 small-vehicle 0
4536.0 1142.0 4563.0 1142.0 4563.0 1166.0 4536.0 1166.0 small-vehicle 1
4543.0 1130.0 4572.0 1130.0 4572.0 1156.0 4543.0 1156.0 small-vehicle 1
4554.0 1122.0 4582.0 1122.0 4582.0 1148.0 4554.0 1148.0 small-vehicle 1
5669.0 3491.0 5698.0 3491.0 5698.0 3508.0 5669.0 3508.0 small-vehicle 1
4685.0 411.0 4710.0 411.0 4710.0 426.0 4685.0 426.0 small-vehicle 1
4518.0 426.0 4538.0 426.0 4538.0 446.0 4518.0 446.0 small-vehicle 1
4595.0 409.0 4619.0 409.0 4619.0 436.0 4595.0 436.0 small-vehicle 1
4588.0 288.0 4609.0 288.0 4609.0 314.0 4588.0 314.0 small-vehicle 1
4550.0 327.0 4564.0 327.0 4564.0 356.0 4550.0 356.0 small-vehicle 1
4524.0 345.0 4548.0 345.0 4548.0 366.0 4524.0 366.0 small-vehicle 1
4426.0 61.0 4451.0 61.0 4451.0 85.0 4426.0 85.0 small-vehicle 1
4420.0 74.0 4443.0 74.0 4443.0 98.0 4420.0 98.0 small-vehicle 1
5251.0 3575.0 5277.0 3575.0 5277.0 3599.0 5251.0 3599.0 small-vehicle 1
5976.0 4561.0 5999.0 4561.0 5999.0 4586.0 5976.0 4586.0 small-vehicle 1
5444.0 3284.0 5475.0 3284.0 5475.0 3313.0 5444.0 3313.0 small-vehicle 1
5371.0 2942.0 5388.0 2942.0 5388.0 2973.0 5371.0 2973.0 small-vehicle 1
5834.0 2525.0 5859.0 2525.0 5859.0 2548.0 5834.0 2548.0 small-vehicle 1
5886.0 2718.0 5905.0 2718.0 5905.0 2749.0 5886.0 2749.0 small-vehicle 1
6119.0 2577.0 6143.0 2577.0 6143.0 2602.0 6119.0 2602.0 small-vehicle 1
6095.0 2589.0 6129.0 2589.0 6129.0 2627.0 6095.0 2627.0 small-vehicle 1
6069.0 2700.0 6098.0 2700.0 6098.0 2729.0 6069.0 2729.0 small-vehicle 1
6061.0 2691.0 6084.0 2691.0 6084.0 2716.0 6061.0 2716.0 small-vehicle 1
4661.0 300.0 4682.0 300.0 4682.0 318.0 4661.0 318.0 small-vehicle 1
4806.0 150.0 4829.0 150.0 4829.0 176.0 4806.0 176.0 small-vehicle 1
4902.0 148.0 4917.0 148.0 4917.0 178.0 4902.0 178.0 small-vehicle 1
4766.0 193.0 4784.0 193.0 4784.0 214.0 4766.0 214.0 small-vehicle 1
5944.0 4572.0 5966.0 4572.0 5966.0 4597.0 5944.0 4597.0 small-vehicle 1
5914.0 4539.0 5939.0 4539.0 5939.0 4568.0 5914.0 4568.0 small-vehicle 1
5748.0 4562.0 5770.0 4562.0 5770.0 4584.0 5748.0 4584.0 small-vehicle 1
5750.0 4528.0 5774.0 4528.0 5774.0 4552.0 5750.0 4552.0 small-vehicle 1
5269.0 389.0 5294.0 389.0 5294.0 414.0 5269.0 414.0 small-vehicle 1
5186.0 487.0 5215.0 487.0 5215.0 510.0 5186.0 510.0 small-vehicle 1
5200.0 475.0 5220.0 475.0 5220.0 503.0 5200.0 503.0 small-vehicle 1
5194.0 426.0 5220.0 426.0 5220.0 453.0 5194.0 453.0 small-vehicle 1
5084.0 333.0 5112.0 333.0 5112.0 363.0 5084.0 363.0 small-vehicle 1
5214.0 314.0 5244.0 314.0 5244.0 344.0 5214.0 344.0 small-vehicle 1
5153.0 300.0 5175.0 300.0 5175.0 323.0 5153.0 323.0 small-vehicle 1
5139.0 290.0 5167.0 290.0 5167.0 315.0 5139.0 315.0 small-vehicle 1
5128.0 276.0 5151.0 276.0 5151.0 298.0 5128.0 298.0 small-vehicle 1
5120.0 266.0 5140.0 266.0 5140.0 288.0 5120.0 288.0 small-vehicle 1
5109.0 258.0 5134.0 258.0 5134.0 282.0 5109.0 282.0 small-vehicle 1
5046.0 300.0 5069.0 300.0 5069.0 327.0 5046.0 327.0 small-vehicle 1
4719.0 235.0 4745.0 235.0 4745.0 258.0 4719.0 258.0 small-vehicle 1
6052.0 2682.0 6073.0 2682.0 6073.0 2705.0 6052.0 2705.0 small-vehicle 1
6038.0 2674.0 6064.0 2674.0 6064.0 2698.0 6038.0 2698.0 small-vehicle 1
6035.0 2658.0 6062.0 2658.0 6062.0 2686.0 6035.0 2686.0 small-vehicle 1
5568.0 2406.0 5583.0 2406.0 5583.0 2433.0 5568.0 2433.0 small-vehicle 1
6035.0 2326.0 6058.0 2326.0 6058.0 2350.0 6035.0 2350.0 small-vehicle 1
6026.0 2317.0 6048.0 2317.0 6048.0 2343.0 6026.0 2343.0 small-vehicle 1
6013.0 2311.0 6039.0 2311.0 6039.0 2333.0 6013.0 2333.0 small-vehicle 1
5980.0 2259.0 6001.0 2259.0 6001.0 2286.0 5980.0 2286.0 small-vehicle 1
5969.0 2248.0 5987.0 2248.0 5987.0 2273.0 5969.0 2273.0 small-vehicle 1
5982.0 2040.0 6010.0 2040.0 6010.0 2069.0 5982.0 2069.0 small-vehicle 1
5764.0 2006.0 5789.0 2006.0 5789.0 2024.0 5764.0 2024.0 small-vehicle 1
5746.0 1989.0 5769.0 1989.0 5769.0 2006.0 5746.0 2006.0 small-vehicle 1
5733.0 1977.0 5762.0 1977.0 5762.0 1998.0 5733.0 1998.0 small-vehicle 1
5595.0 1836.0 5624.0 1836.0 5624.0 1852.0 5595.0 1852.0 small-vehicle 1
5712.0 1954.0 5736.0 1954.0 5736.0 1979.0 5712.0 1979.0 small-vehicle 1
5703.0 1945.0 5728.0 1945.0 5728.0 1968.0 5703.0 1968.0 small-vehicle 1
5697.0 1932.0 5720.0 1932.0 5720.0 1956.0 5697.0 1956.0 small-vehicle 1
5687.0 1926.0 5712.0 1926.0 5712.0 1949.0 5687.0 1949.0 small-vehicle 1
5678.0 1918.0 5703.0 1918.0 5703.0 1939.0 5678.0 1939.0 small-vehicle 1
5666.0 1909.0 5692.0 1909.0 5692.0 1931.0 5666.0 1931.0 small-vehicle 1
5647.0 1885.0 5674.0 1885.0 5674.0 1906.0 5647.0 1906.0 small-vehicle 1
6043.0 2338.0 6069.0 2338.0 6069.0 2364.0 6043.0 2364.0 small-vehicle 1
5659.0 2498.0 5671.0 2498.0 5671.0 2519.0 5659.0 2519.0 small-vehicle 1
6023.0 2652.0 6050.0 2652.0 6050.0 2677.0 6023.0 2677.0 small-vehicle 1
6108.0 2424.0 6140.0 2424.0 6140.0 2461.0 6108.0 2461.0 large-vehicle 0
6015.0 2634.0 6041.0 2634.0 6041.0 2659.0 6015.0 2659.0 small-vehicle 1
6000.0 2622.0 6023.0 2622.0 6023.0 2647.0 6000.0 2647.0 small-vehicle 1
5990.0 2611.0 6013.0 2611.0 6013.0 2637.0 5990.0 2637.0 small-vehicle 1
6144.0 2508.0 6168.0 2508.0 6168.0 2532.0 6144.0 2532.0 small-vehicle 1
6152.0 2498.0 6175.0 2498.0 6175.0 2521.0 6152.0 2521.0 small-vehicle 1
6164.0 2490.0 6188.0 2490.0 6188.0 2515.0 6164.0 2515.0 small-vehicle 1
6144.0 2458.0 6168.0 2458.0 6168.0 2482.0 6144.0 2482.0 small-vehicle 1
6076.0 2618.0 6106.0 2618.0 6106.0 2639.0 6076.0 2639.0 small-vehicle 1
6060.0 2633.0 6083.0 2633.0 6083.0 2657.0 6060.0 2657.0 small-vehicle 1
6073.0 2628.0 6097.0 2628.0 6097.0 2650.0 6073.0 2650.0 small-vehicle 1
6043.0 2564.0 6065.0 2564.0 6065.0 2585.0 6043.0 2585.0 small-vehicle 1
6032.0 2569.0 6058.0 2569.0 6058.0 2597.0 6032.0 2597.0 small-vehicle 1
5980.0 2604.0 6002.0 2604.0 6002.0 2628.0 5980.0 2628.0 small-vehicle 1
6099.0 2472.0 6136.0 2472.0 6136.0 2509.0 6099.0 2509.0 large-vehicle 0
6129.0 2442.0 6166.0 2442.0 6166.0 2470.0 6129.0 2470.0 large-vehicle 0
6041.0 2497.0 6074.0 2497.0 6074.0 2531.0 6041.0 2531.0 large-vehicle 0
6074.0 2461.0 6110.0 2461.0 6110.0 2496.0 6074.0 2496.0 large-vehicle 0
5956.0 4538.0 5982.0 4538.0 5982.0 4565.0 5956.0 4565.0 small-vehicle 1
5983.0 4568.0 6009.0 4568.0 6009.0 4595.0 5983.0 4595.0 small-vehicle 1
4561.0 1112.0 4591.0 1112.0 4591.0 1138.0 4561.0 1138.0 small-vehicle 1
3888.0 1515.0 3914.0 1515.0 3914.0 1543.0 3888.0 1543.0 small-vehicle 1
4076.0 1712.0 4109.0 1712.0 4109.0 1747.0 4076.0 1747.0 large-vehicle 0
4062.0 1701.0 4096.0 1701.0 4096.0 1739.0 4062.0 1739.0 large-vehicle 0
4050.0 1688.0 4087.0 1688.0 4087.0 1728.0 4050.0 1728.0 large-vehicle 0
4040.0 1678.0 4076.0 1678.0 4076.0 1717.0 4040.0 1717.0 large-vehicle 0
4024.0 1658.0 4060.0 1658.0 4060.0 1696.0 4024.0 1696.0 large-vehicle 0
4009.0 1647.0 4047.0 1647.0 4047.0 1687.0 4009.0 1687.0 large-vehicle 0
3998.0 1616.0 4025.0 1616.0 4025.0 1649.0 3998.0 1649.0 small-vehicle 1
3903.0 1532.0 3938.0 1532.0 3938.0 1571.0 3903.0 1571.0 small-vehicle 1
3878.0 1504.0 3905.0 1504.0 3905.0 1534.0 3878.0 1534.0 small-vehicle 1
5976.0 4479.0 6003.0 4479.0 6003.0 4506.0 5976.0 4506.0 small-vehicle 1
3822.0 1446.0 3854.0 1446.0 3854.0 1479.0 3822.0 1479.0 small-vehicle 1
3813.0 1439.0 3840.0 1439.0 3840.0 1465.0 3813.0 1465.0 small-vehicle 1
3269.0 318.0 3296.0 318.0 3296.0 341.0 3269.0 341.0 small-vehicle 1
3277.0 306.0 3304.0 306.0 3304.0 330.0 3277.0 330.0 small-vehicle 1
6106.0 3612.0 6132.0 3612.0 6132.0 3635.0 6106.0 3635.0 small-vehicle 1
6190.0 4090.0 6214.0 4090.0 6214.0 4115.0 6190.0 4115.0 small-vehicle 1
6180.0 4079.0 6206.0 4079.0 6206.0 4105.0 6180.0 4105.0 small-vehicle 1
6171.0 4068.0 6196.0 4068.0 6196.0 4097.0 6171.0 4097.0 small-vehicle 1
4042.0 1742.0 4079.0 1742.0 4079.0 1778.0 4042.0 1778.0 large-vehicle 0
4024.0 1728.0 4060.0 1728.0 4060.0 1766.0 4024.0 1766.0 large-vehicle 0
4004.0 1704.0 4038.0 1704.0 4038.0 1741.0 4004.0 1741.0 large-vehicle 0
3990.0 1692.0 4024.0 1692.0 4024.0 1733.0 3990.0 1733.0 large-vehicle 0
6100.0 2028.0 6117.0 2028.0 6117.0 2060.0 6100.0 2060.0 small-vehicle 1
6093.0 1986.0 6118.0 1986.0 6118.0 2018.0 6093.0 2018.0 small-vehicle 1
6072.0 1962.0 6094.0 1962.0 6094.0 1991.0 6072.0 1991.0 small-vehicle 1
6050.0 1942.0 6074.0 1942.0 6074.0 1974.0 6050.0 1974.0 small-vehicle 1
6070.0 2012.0 6095.0 2012.0 6095.0 2038.0 6070.0 2038.0 small-vehicle 1
6052.0 1990.0 6076.0 1990.0 6076.0 2015.0 6052.0 2015.0 small-vehicle 1
6033.0 1965.0 6054.0 1965.0 6054.0 1997.0 6033.0 1997.0 small-vehicle 1
6010.0 1938.0 6034.0 1938.0 6034.0 1974.0 6010.0 1974.0 small-vehicle 1
5981.0 1911.0 6002.0 1911.0 6002.0 1944.0 5981.0 1944.0 small-vehicle 1
6025.0 1923.0 6050.0 1923.0 6050.0 1949.0 6025.0 1949.0 small-vehicle 1
5999.0 1896.0 6024.0 1896.0 6024.0 1922.0 5999.0 1922.0 small-vehicle 1
5958.0 1884.0 5975.0 1884.0 5975.0 1914.0 5958.0 1914.0 small-vehicle 1
3708.0 1296.0 3737.0 1296.0 3737.0 1322.0 3708.0 1322.0 small-vehicle 1
3726.0 1279.0 3753.0 1279.0 3753.0 1307.0 3726.0 1307.0 small-vehicle 1
3647.0 1285.0 3672.0 1285.0 3672.0 1311.0 3647.0 1311.0 small-vehicle 1
3489.0 1742.0 3519.0 1742.0 3519.0 1779.0 3489.0 1779.0 small-vehicle 0
3599.0 1824.0 3632.0 1824.0 3632.0 1856.0 3599.0 1856.0 small-vehicle 0
6160.0 4061.0 6184.0 4061.0 6184.0 4086.0 6160.0 4086.0 small-vehicle 1
6198.0 4142.0 6224.0 4142.0 6224.0 4166.0 6198.0 4166.0 small-vehicle 1
6190.0 4131.0 6216.0 4131.0 6216.0 4156.0 6190.0 4156.0 small-vehicle 1
6198.0 4213.0 6217.0 4213.0 6217.0 4236.0 6198.0 4236.0 small-vehicle 1
5858.0 4267.0 5892.0 4267.0 5892.0 4305.0 5858.0 4305.0 small-vehicle 1
5794.0 4333.0 5828.0 4333.0 5828.0 4368.0 5794.0 4368.0 small-vehicle 1
5675.0 4477.0 5698.0 4477.0 5698.0 4500.0 5675.0 4500.0 small-vehicle 1
6111.0 4468.0 6138.0 4468.0 6138.0 4495.0 6111.0 4495.0 small-vehicle 1
6179.0 4408.0 6203.0 4408.0 6203.0 4432.0 6179.0 4432.0 small-vehicle 1
6136.0 4365.0 6163.0 4365.0 6163.0 4392.0 6136.0 4392.0 small-vehicle 1
6067.0 4414.0 6092.0 4414.0 6092.0 4439.0 6067.0 4439.0 small-vehicle 1
6052.0 4401.0 6080.0 4401.0 6080.0 4428.0 6052.0 4428.0 small-vehicle 1
6029.0 4425.0 6053.0 4425.0 6053.0 4448.0 6029.0 4448.0 small-vehicle 1
6011.0 4474.0 6035.0 4474.0 6035.0 4499.0 6011.0 4499.0 small-vehicle 1
6018.0 4484.0 6042.0 4484.0 6042.0 4506.0 6018.0 4506.0 small-vehicle 1
6025.0 4493.0 6052.0 4493.0 6052.0 4515.0 6025.0 4515.0 small-vehicle 1
6046.0 4512.0 6069.0 4512.0 6069.0 4538.0 6046.0 4538.0 small-vehicle 1
6018.0 4518.0 6039.0 4518.0 6039.0 4545.0 6018.0 4545.0 small-vehicle 1
6008.0 4508.0 6029.0 4508.0 6029.0 4534.0 6008.0 4534.0 small-vehicle 1
5995.0 4500.0 6019.0 4500.0 6019.0 4525.0 5995.0 4525.0 small-vehicle 1
5985.0 4489.0 6009.0 4489.0 6009.0 4519.0 5985.0 4519.0 small-vehicle 1
6165.0 4219.0 6186.0 4219.0 6186.0 4242.0 6165.0 4242.0 small-vehicle 1
6190.0 4202.0 6213.0 4202.0 6213.0 4228.0 6190.0 4228.0 small-vehicle 1
6180.0 4119.0 6206.0 4119.0 6206.0 4146.0 6180.0 4146.0 small-vehicle 1
6183.0 4196.0 6207.0 4196.0 6207.0 4222.0 6183.0 4222.0 small-vehicle 1
6176.0 4112.0 6201.0 4112.0 6201.0 4137.0 6176.0 4137.0 small-vehicle 1
6170.0 4109.0 6193.0 4109.0 6193.0 4131.0 6170.0 4131.0 small-vehicle 1
6163.0 4099.0 6184.0 4099.0 6184.0 4124.0 6163.0 4124.0 small-vehicle 1
6153.0 4087.0 6179.0 4087.0 6179.0 4113.0 6153.0 4113.0 small-vehicle 1
6140.0 4080.0 6166.0 4080.0 6166.0 4104.0 6140.0 4104.0 small-vehicle 1
6152.0 4207.0 6180.0 4207.0 6180.0 4233.0 6152.0 4233.0 small-vehicle 1
6145.0 4197.0 6169.0 4197.0 6169.0 4220.0 6145.0 4220.0 small-vehicle 1
6133.0 4188.0 6159.0 4188.0 6159.0 4212.0 6133.0 4212.0 small-vehicle 1
6122.0 4174.0 6149.0 4174.0 6149.0 4202.0 6122.0 4202.0 small-vehicle 1
6114.0 4167.0 6136.0 4167.0 6136.0 4190.0 6114.0 4190.0 small-vehicle 1
6106.0 4158.0 6128.0 4158.0 6128.0 4179.0 6106.0 4179.0 small-vehicle 1
6122.0 4140.0 6145.0 4140.0 6145.0 4164.0 6122.0 4164.0 small-vehicle 1
6133.0 4154.0 6158.0 4154.0 6158.0 4177.0 6133.0 4177.0 small-vehicle 1
6142.0 4162.0 6168.0 4162.0 6168.0 4187.0 6142.0 4187.0 small-vehicle 1
6159.0 4175.0 6181.0 4175.0 6181.0 4197.0 6159.0 4197.0 small-vehicle 1
6167.0 4183.0 6189.0 4183.0 6189.0 4206.0 6167.0 4206.0 small-vehicle 1
6176.0 4191.0 6198.0 4191.0 6198.0 4216.0 6176.0 4216.0 small-vehicle 1
5635.0 1874.0 5665.0 1874.0 5665.0 1898.0 5635.0 1898.0 small-vehicle 1
5623.0 1865.0 5648.0 1865.0 5648.0 1886.0 5623.0 1886.0 small-vehicle 1
5616.0 1854.0 5639.0 1854.0 5639.0 1872.0 5616.0 1872.0 small-vehicle 1
4657.0 950.0 4679.0 950.0 4679.0 975.0 4657.0 975.0 small-vehicle 1
4443.0 1055.0 4467.0 1055.0 4467.0 1085.0 4443.0 1085.0 small-vehicle 1
4434.0 1065.0 4458.0 1065.0 4458.0 1092.0 4434.0 1092.0 small-vehicle 1
4425.0 1073.0 4453.0 1073.0 4453.0 1100.0 4425.0 1100.0 small-vehicle 1
4648.0 958.0 4671.0 958.0 4671.0 982.0 4648.0 982.0 small-vehicle 1
4594.0 1009.0 4624.0 1009.0 4624.0 1039.0 4594.0 1039.0 small-vehicle 1
4608.0 1001.0 4631.0 1001.0 4631.0 1025.0 4608.0 1025.0 small-vehicle 1
4614.0 993.0 4638.0 993.0 4638.0 1020.0 4614.0 1020.0 small-vehicle 1
4632.0 976.0 4658.0 976.0 4658.0 1004.0 4632.0 1004.0 small-vehicle 1
4667.0 944.0 4693.0 944.0 4693.0 971.0 4667.0 971.0 small-vehicle 1
5590.0 1827.0 5618.0 1827.0 5618.0 1844.0 5590.0 1844.0 small-vehicle 1
4635.0 931.0 4661.0 931.0 4661.0 960.0 4635.0 960.0 small-vehicle 1
4627.0 940.0 4652.0 940.0 4652.0 968.0 4627.0 968.0 small-vehicle 1
4621.0 951.0 4644.0 951.0 4644.0 976.0 4621.0 976.0 small-vehicle 1
4614.0 958.0 4635.0 958.0 4635.0 982.0 4614.0 982.0 small-vehicle 1
4604.0 965.0 4628.0 965.0 4628.0 992.0 4604.0 992.0 small-vehicle 1
4591.0 975.0 4617.0 975.0 4617.0 1002.0 4591.0 1002.0 small-vehicle 1
4584.0 985.0 4609.0 985.0 4609.0 1013.0 4584.0 1013.0 small-vehicle 1
4585.0 1020.0 4614.0 1020.0 4614.0 1051.0 4585.0 1051.0 small-vehicle 1
4452.0 1047.0 4475.0 1047.0 4475.0 1075.0 4452.0 1075.0 small-vehicle 1
4476.0 1016.0 4502.0 1016.0 4502.0 1046.0 4476.0 1046.0 small-vehicle 1
4912.0 1109.0 4933.0 1109.0 4933.0 1138.0 4912.0 1138.0 small-vehicle 1
4888.0 1039.0 4912.0 1039.0 4912.0 1065.0 4888.0 1065.0 small-vehicle 1
5067.0 1457.0 5100.0 1457.0 5100.0 1493.0 5067.0 1493.0 small-vehicle 1
5062.0 1446.0 5092.0 1446.0 5092.0 1480.0 5062.0 1480.0 small-vehicle 1
5050.0 1440.0 5078.0 1440.0 5078.0 1470.0 5050.0 1470.0 small-vehicle 1
5043.0 1428.0 5074.0 1428.0 5074.0 1460.0 5043.0 1460.0 small-vehicle 1
5034.0 1424.0 5063.0 1424.0 5063.0 1454.0 5034.0 1454.0 small-vehicle 1
5027.0 1418.0 5052.0 1418.0 5052.0 1446.0 5027.0 1446.0 small-vehicle 1
5019.0 1411.0 5040.0 1411.0 5040.0 1435.0 5019.0 1435.0 small-vehicle 1
5144.0 1468.0 5167.0 1468.0 5167.0 1493.0 5144.0 1493.0 small-vehicle 1
5133.0 1481.0 5156.0 1481.0 5156.0 1505.0 5133.0 1505.0 small-vehicle 1
5083.0 1533.0 5106.0 1533.0 5106.0 1556.0 5083.0 1556.0 small-vehicle 1
4972.0 1568.0 4996.0 1568.0 4996.0 1595.0 4972.0 1595.0 small-vehicle 1
4986.0 1587.0 5011.0 1587.0 5011.0 1613.0 4986.0 1613.0 small-vehicle 1
4914.0 1514.0 4936.0 1514.0 4936.0 1536.0 4914.0 1536.0 small-vehicle 1
4774.0 1248.0 4799.0 1248.0 4799.0 1276.0 4774.0 1276.0 small-vehicle 1
4731.0 1293.0 4758.0 1293.0 4758.0 1317.0 4731.0 1317.0 small-vehicle 1
4742.0 1284.0 4765.0 1284.0 4765.0 1308.0 4742.0 1308.0 small-vehicle 1
4875.0 998.0 4900.0 998.0 4900.0 1029.0 4875.0 1029.0 small-vehicle 1
4565.0 999.0 4591.0 999.0 4591.0 1030.0 4565.0 1030.0 small-vehicle 1
4554.0 1012.0 4582.0 1012.0 4582.0 1043.0 4554.0 1043.0 small-vehicle 1
4573.0 1030.0 4601.0 1030.0 4601.0 1060.0 4573.0 1060.0 small-vehicle 1
4747.0 1085.0 4771.0 1085.0 4771.0 1109.0 4747.0 1109.0 small-vehicle 1
4695.0 1018.0 4723.0 1018.0 4723.0 1046.0 4695.0 1046.0 small-vehicle 1
4658.0 1019.0 4683.0 1019.0 4683.0 1047.0 4658.0 1047.0 small-vehicle 1
4666.0 1010.0 4688.0 1010.0 4688.0 1035.0 4666.0 1035.0 small-vehicle 1
4674.0 1002.0 4697.0 1002.0 4697.0 1030.0 4674.0 1030.0 small-vehicle 1
4682.0 992.0 4706.0 992.0 4706.0 1022.0 4682.0 1022.0 small-vehicle 1
4690.0 987.0 4717.0 987.0 4717.0 1013.0 4690.0 1013.0 small-vehicle 1
4697.0 978.0 4725.0 978.0 4725.0 1006.0 4697.0 1006.0 small-vehicle 1
4767.0 992.0 4792.0 992.0 4792.0 1018.0 4767.0 1018.0 small-vehicle 1
4687.0 1034.0 4710.0 1034.0 4710.0 1057.0 4687.0 1057.0 small-vehicle 1
4652.0 1033.0 4677.0 1033.0 4677.0 1059.0 4652.0 1059.0 small-vehicle 1
4644.0 1040.0 4667.0 1040.0 4667.0 1065.0 4644.0 1065.0 small-vehicle 1
4636.0 1049.0 4660.0 1049.0 4660.0 1074.0 4636.0 1074.0 small-vehicle 1
4628.0 1058.0 4650.0 1058.0 4650.0 1083.0 4628.0 1083.0 small-vehicle 1
4617.0 1062.0 4641.0 1062.0 4641.0 1088.0 4617.0 1088.0 small-vehicle 1
4610.0 1071.0 4633.0 1071.0 4633.0 1096.0 4610.0 1096.0 small-vehicle 1
4580.0 1091.0 4608.0 1091.0 4608.0 1116.0 4580.0 1116.0 small-vehicle 1
4570.0 1100.0 4600.0 1100.0 4600.0 1128.0 4570.0 1128.0 small-vehicle 1
4750.0 1055.0 4772.0 1055.0 4772.0 1075.0 4750.0 1075.0 small-vehicle 1
4740.0 1092.0 4763.0 1092.0 4763.0 1116.0 4740.0 1116.0 small-vehicle 1
4564.0 1043.0 4587.0 1043.0 4587.0 1072.0 4564.0 1072.0 small-vehicle 1
4711.0 1119.0 4737.0 1119.0 4737.0 1145.0 4711.0 1145.0 small-vehicle 1
4555.0 1055.0 4581.0 1055.0 4581.0 1081.0 4555.0 1081.0 small-vehicle 1
4814.0 1120.0 4838.0 1120.0 4838.0 1151.0 4814.0 1151.0 small-vehicle 1
4594.0 1125.0 4618.0 1125.0 4618.0 1150.0 4594.0 1150.0 small-vehicle 1
4564.0 1161.0 4589.0 1161.0 4589.0 1188.0 4564.0 1188.0 small-vehicle 1
4806.0 1136.0 4831.0 1136.0 4831.0 1162.0 4806.0 1162.0 small-vehicle 1
4781.0 1162.0 4810.0 1162.0 4810.0 1190.0 4781.0 1190.0 small-vehicle 1
4702.0 1205.0 4726.0 1205.0 4726.0 1229.0 4702.0 1229.0 small-vehicle 1
4719.0 1222.0 4744.0 1222.0 4744.0 1246.0 4719.0 1246.0 small-vehicle 1
4701.0 1253.0 4725.0 1253.0 4725.0 1273.0 4701.0 1273.0 small-vehicle 1
4682.0 1230.0 4708.0 1230.0 4708.0 1255.0 4682.0 1255.0 small-vehicle 1
4620.0 1179.0 4643.0 1179.0 4643.0 1205.0 4620.0 1205.0 small-vehicle 1
4644.0 1187.0 4668.0 1187.0 4668.0 1213.0 4644.0 1213.0 small-vehicle 1
4655.0 1178.0 4680.0 1178.0 4680.0 1204.0 4655.0 1204.0 small-vehicle 1
4665.0 1170.0 4690.0 1170.0 4690.0 1196.0 4665.0 1196.0 small-vehicle 1
4679.0 1156.0 4704.0 1156.0 4704.0 1182.0 4679.0 1182.0 small-vehicle 1
4685.0 1147.0 4715.0 1147.0 4715.0 1173.0 4685.0 1173.0 small-vehicle 1
4695.0 1138.0 4721.0 1138.0 4721.0 1160.0 4695.0 1160.0 small-vehicle 1
5073.0 1467.0 5111.0 1467.0 5111.0 1503.0 5073.0 1503.0 small-vehicle 1
5039.0 1339.0 5069.0 1339.0 5069.0 1364.0 5039.0 1364.0 small-vehicle 1
5048.0 1328.0 5076.0 1328.0 5076.0 1356.0 5048.0 1356.0 small-vehicle 1
5588.0 2129.0 5609.0 2129.0 5609.0 2150.0 5588.0 2150.0 small-vehicle 1
5561.0 2154.0 5588.0 2154.0 5588.0 2182.0 5561.0 2182.0 small-vehicle 1
5596.0 2190.0 5620.0 2190.0 5620.0 2217.0 5596.0 2217.0 small-vehicle 1
5584.0 2198.0 5610.0 2198.0 5610.0 2223.0 5584.0 2223.0 small-vehicle 1
5581.0 2215.0 5604.0 2215.0 5604.0 2238.0 5581.0 2238.0 small-vehicle 1
5574.0 2225.0 5597.0 2225.0 5597.0 2247.0 5574.0 2247.0 small-vehicle 1
5490.0 2324.0 5505.0 2324.0 5505.0 2359.0 5490.0 2359.0 small-vehicle 1
5477.0 2314.0 5491.0 2314.0 5491.0 2347.0 5477.0 2347.0 small-vehicle 1
5467.0 2299.0 5476.0 2299.0 5476.0 2334.0 5467.0 2334.0 small-vehicle 1
5448.0 2289.0 5467.0 2289.0 5467.0 2319.0 5448.0 2319.0 small-vehicle 1
5438.0 2280.0 5452.0 2280.0 5452.0 2310.0 5438.0 2310.0 small-vehicle 1
5414.0 2261.0 5428.0 2261.0 5428.0 2287.0 5414.0 2287.0 small-vehicle 1
5302.0 2149.0 5318.0 2149.0 5318.0 2177.0 5302.0 2177.0 small-vehicle 1
5253.0 2093.0 5263.0 2093.0 5263.0 2121.0 5253.0 2121.0 small-vehicle 1
5315.0 2013.0 5339.0 2013.0 5339.0 2030.0 5315.0 2030.0 small-vehicle 1
5277.0 2021.0 5302.0 2021.0 5302.0 2047.0 5277.0 2047.0 small-vehicle 1
5259.0 2002.0 5276.0 2002.0 5276.0 2027.0 5259.0 2027.0 small-vehicle 1
5239.0 1989.0 5259.0 1989.0 5259.0 2016.0 5239.0 2016.0 small-vehicle 1
5568.0 2141.0 5595.0 2141.0 5595.0 2167.0 5568.0 2167.0 small-vehicle 1
5600.0 2110.0 5626.0 2110.0 5626.0 2133.0 5600.0 2133.0 small-vehicle 1
5159.0 1915.0 5188.0 1915.0 5188.0 1935.0 5159.0 1935.0 small-vehicle 1
5632.0 2159.0 5656.0 2159.0 5656.0 2184.0 5632.0 2184.0 small-vehicle 1
5575.0 1815.0 5601.0 1815.0 5601.0 1834.0 5575.0 1834.0 small-vehicle 1
5514.0 1770.0 5538.0 1770.0 5538.0 1794.0 5514.0 1794.0 small-vehicle 1
5508.0 1802.0 5532.0 1802.0 5532.0 1826.0 5508.0 1826.0 small-vehicle 1
5490.0 1784.0 5510.0 1784.0 5510.0 1803.0 5490.0 1803.0 small-vehicle 1
5465.0 1781.0 5485.0 1781.0 5485.0 1804.0 5465.0 1804.0 small-vehicle 1
5442.0 1748.0 5466.0 1748.0 5466.0 1770.0 5442.0 1770.0 small-vehicle 1
5490.0 1744.0 5513.0 1744.0 5513.0 1769.0 5490.0 1769.0 small-vehicle 1
5470.0 1728.0 5493.0 1728.0 5493.0 1750.0 5470.0 1750.0 small-vehicle 1
5445.0 1705.0 5465.0 1705.0 5465.0 1727.0 5445.0 1727.0 small-vehicle 1
5575.0 1688.0 5598.0 1688.0 5598.0 1715.0 5575.0 1715.0 small-vehicle 1
5434.0 1694.0 5457.0 1694.0 5457.0 1717.0 5434.0 1717.0 small-vehicle 1
5911.0 2179.0 5929.0 2179.0 5929.0 2210.0 5911.0 2210.0 small-vehicle 1
5846.0 2114.0 5860.0 2114.0 5860.0 2144.0 5846.0 2144.0 small-vehicle 1
5698.0 2016.0 5726.0 2016.0 5726.0 2041.0 5698.0 2041.0 small-vehicle 1
5713.0 2072.0 5738.0 2072.0 5738.0 2101.0 5713.0 2101.0 small-vehicle 1
5683.0 2109.0 5710.0 2109.0 5710.0 2137.0 5683.0 2137.0 small-vehicle 1
5651.0 2142.0 5679.0 2142.0 5679.0 2171.0 5651.0 2171.0 small-vehicle 1
5201.0 1953.0 5228.0 1953.0 5228.0 1978.0 5201.0 1978.0 small-vehicle 1
5228.0 1943.0 5249.0 1943.0 5249.0 1966.0 5228.0 1966.0 small-vehicle 1
5057.0 1318.0 5085.0 1318.0 5085.0 1346.0 5057.0 1346.0 small-vehicle 1
5147.0 1354.0 5172.0 1354.0 5172.0 1381.0 5147.0 1381.0 small-vehicle 1
5133.0 1334.0 5155.0 1334.0 5155.0 1364.0 5133.0 1364.0 small-vehicle 1
5127.0 1326.0 5148.0 1326.0 5148.0 1351.0 5127.0 1351.0 small-vehicle 1
5117.0 1319.0 5138.0 1319.0 5138.0 1345.0 5117.0 1345.0 small-vehicle 1
5107.0 1306.0 5129.0 1306.0 5129.0 1331.0 5107.0 1331.0 small-vehicle 1
5100.0 1298.0 5122.0 1298.0 5122.0 1324.0 5100.0 1324.0 small-vehicle 1
5090.0 1289.0 5112.0 1289.0 5112.0 1317.0 5090.0 1317.0 small-vehicle 1
5082.0 1282.0 5104.0 1282.0 5104.0 1310.0 5082.0 1310.0 small-vehicle 1
5073.0 1275.0 5092.0 1275.0 5092.0 1300.0 5073.0 1300.0 small-vehicle 1
5063.0 1266.0 5084.0 1266.0 5084.0 1290.0 5063.0 1290.0 small-vehicle 1
5407.0 1474.0 5429.0 1474.0 5429.0 1510.0 5407.0 1510.0 small-vehicle 1
5355.0 1385.0 5372.0 1385.0 5372.0 1414.0 5355.0 1414.0 small-vehicle 1
5338.0 1353.0 5361.0 1353.0 5361.0 1381.0 5338.0 1381.0 small-vehicle 1
5244.0 1411.0 5271.0 1411.0 5271.0 1439.0 5244.0 1439.0 small-vehicle 1
5112.0 1503.0 5134.0 1503.0 5134.0 1524.0 5112.0 1524.0 small-vehicle 1
5094.0 1374.0 5124.0 1374.0 5124.0 1398.0 5094.0 1398.0 small-vehicle 1
5084.0 1383.0 5116.0 1383.0 5116.0 1412.0 5084.0 1412.0 small-vehicle 1
5064.0 1307.0 5089.0 1307.0 5089.0 1335.0 5064.0 1335.0 small-vehicle 1
5142.0 1342.0 5166.0 1342.0 5166.0 1370.0 5142.0 1370.0 small-vehicle 1
5029.0 1493.0 5054.0 1493.0 5054.0 1515.0 5029.0 1515.0 small-vehicle 1
5183.0 1904.0 5207.0 1904.0 5207.0 1926.0 5183.0 1926.0 small-vehicle 1
4647.0 1426.0 4676.0 1426.0 4676.0 1453.0 4647.0 1453.0 small-vehicle 1
5171.0 1869.0 5196.0 1869.0 5196.0 1892.0 5171.0 1892.0 small-vehicle 1
5070.0 1827.0 5098.0 1827.0 5098.0 1853.0 5070.0 1853.0 small-vehicle 1
5034.0 1789.0 5061.0 1789.0 5061.0 1812.0 5034.0 1812.0 small-vehicle 1
4989.0 1745.0 5013.0 1745.0 5013.0 1769.0 4989.0 1769.0 small-vehicle 1
4970.0 1726.0 4994.0 1726.0 4994.0 1747.0 4970.0 1747.0 small-vehicle 1
4896.0 1649.0 4920.0 1649.0 4920.0 1678.0 4896.0 1678.0 small-vehicle 1
4882.0 1634.0 4902.0 1634.0 4902.0 1658.0 4882.0 1658.0 small-vehicle 1
4862.0 1614.0 4883.0 1614.0 4883.0 1639.0 4862.0 1639.0 small-vehicle 1
4821.0 1582.0 4843.0 1582.0 4843.0 1603.0 4821.0 1603.0 small-vehicle 1
4802.0 1560.0 4824.0 1560.0 4824.0 1583.0 4802.0 1583.0 small-vehicle 1
4785.0 1544.0 4808.0 1544.0 4808.0 1564.0 4785.0 1564.0 small-vehicle 1
4770.0 1527.0 4789.0 1527.0 4789.0 1547.0 4770.0 1547.0 small-vehicle 1
4823.0 1543.0 4844.0 1543.0 4844.0 1564.0 4823.0 1564.0 small-vehicle 1
4790.0 1508.0 4814.0 1508.0 4814.0 1529.0 4790.0 1529.0 small-vehicle 1
4771.0 1490.0 4794.0 1490.0 4794.0 1511.0 4771.0 1511.0 small-vehicle 1
4745.0 1500.0 4768.0 1500.0 4768.0 1521.0 4745.0 1521.0 small-vehicle 1
4720.0 1476.0 4744.0 1476.0 4744.0 1498.0 4720.0 1498.0 small-vehicle 1
698.0 5810.0 966.0 5810.0 966.0 6088.0 698.0 6088.0 plane 0
