imagesource:GoogleEarth
gsd:0.142216757223
1371.0 1824.0 1410.0 1824.0 1410.0 1861.0 1371.0 1861.0 small-vehicle 1
2464.0 2184.0 2558.0 2184.0 2558.0 2282.0 2464.0 2282.0 plane 0
2889.0 3053.0 3042.0 3053.0 3042.0 3208.0 2889.0 3208.0 plane 0
2887.0 2950.0 2988.0 2950.0 2988.0 3057.0 2887.0 3057.0 plane 0
3048.0 3218.0 3143.0 3218.0 3143.0 3318.0 3048.0 3318.0 plane 0
3109.0 3172.0 3193.0 3172.0 3193.0 3260.0 3109.0 3260.0 plane 0
3083.0 3089.0 3172.0 3089.0 3172.0 3177.0 3083.0 3177.0 plane 0
1978.0 2652.0 2078.0 2652.0 2078.0 2753.0 1978.0 2753.0 plane 0
2042.0 2598.0 2129.0 2598.0 2129.0 2688.0 2042.0 2688.0 plane 0
2160.0 2488.0 2248.0 2488.0 2248.0 2578.0 2160.0 2578.0 plane 0
2219.0 2424.0 2307.0 2424.0 2307.0 2513.0 2219.0 2513.0 plane 0
2275.0 2357.0 2380.0 2357.0 2380.0 2464.0 2275.0 2464.0 plane 0
2349.0 2313.0 2430.0 2313.0 2430.0 2397.0 2349.0 2397.0 plane 0
2400.0 2237.0 2504.0 2237.0 2504.0 2343.0 2400.0 2343.0 plane 0
2517.0 2120.0 2620.0 2120.0 2620.0 2229.0 2517.0 2229.0 plane 0
2474.0 3223.0 2572.0 3223.0 2572.0 3317.0 2474.0 3317.0 plane 0
2582.0 2064.0 2680.0 2064.0 2680.0 2164.0 2582.0 2164.0 plane 0
2648.0 1999.0 2745.0 1999.0 2745.0 2097.0 2648.0 2097.0 plane 0
2709.0 1933.0 2805.0 1933.0 2805.0 2033.0 2709.0 2033.0 plane 0
2437.0 1813.0 2567.0 1813.0 2567.0 1950.0 2437.0 1950.0 plane 0
2340.0 1883.0 2499.0 1883.0 2499.0 2040.0 2340.0 2040.0 plane 0
2263.0 1964.0 2420.0 1964.0 2420.0 2119.0 2263.0 2119.0 plane 0
2198.0 2049.0 2342.0 2049.0 2342.0 2194.0 2198.0 2194.0 plane 0
2053.0 1924.0 2263.0 1924.0 2263.0 2138.0 2053.0 2138.0 plane 0
2168.0 1824.0 2367.0 1824.0 2367.0 2025.0 2168.0 2025.0 plane 0
1977.0 2314.0 2102.0 2314.0 2102.0 2440.0 1977.0 2440.0 plane 0
2044.0 2227.0 2184.0 2227.0 2184.0 2359.0 2044.0 2359.0 plane 0
1484.0 1988.0 1579.0 1988.0 1579.0 2063.0 1484.0 2063.0 plane 0
2844.0 3073.0 2942.0 3073.0 2942.0 3173.0 2844.0 3173.0 plane 0
2529.0 3278.0 2639.0 3278.0 2639.0 3380.0 2529.0 3380.0 plane 0
1644.0 1914.0 1758.0 1914.0 1758.0 2024.0 1644.0 2024.0 plane 0
1778.0 954.0 2065.0 954.0 2065.0 1243.0 1778.0 1243.0 plane 0
829.0 633.0 1025.0 633.0 1025.0 822.0 829.0 822.0 plane 0
950.0 774.0 1079.0 774.0 1079.0 905.0 950.0 905.0 plane 0
1054.0 890.0 1199.0 890.0 1199.0 1035.0 1054.0 1035.0 plane 0
1150.0 992.0 1292.0 992.0 1292.0 1132.0 1150.0 1132.0 plane 0
1038.0 1253.0 1178.0 1253.0 1178.0 1399.0 1038.0 1399.0 plane 0
1298.0 1273.0 1408.0 1273.0 1408.0 1388.0 1298.0 1388.0 plane 0
1274.0 1084.0 1441.0 1084.0 1441.0 1250.0 1274.0 1250.0 plane 0
1421.0 1179.0 1530.0 1179.0 1530.0 1284.0 1421.0 1284.0 plane 0
1484.0 1258.0 1585.0 1258.0 1585.0 1357.0 1484.0 1357.0 plane 0
1559.0 1324.0 1666.0 1324.0 1666.0 1429.0 1559.0 1429.0 plane 0
1633.0 799.0 1729.0 799.0 1729.0 894.0 1633.0 894.0 plane 0
1665.0 827.0 1913.0 827.0 1913.0 1082.0 1665.0 1082.0 plane 0
2065.0 1230.0 2175.0 1230.0 2175.0 1340.0 2065.0 1340.0 plane 0
2603.0 3334.0 2709.0 3334.0 2709.0 3440.0 2603.0 3440.0 plane 0
2193.0 1368.0 2335.0 1368.0 2335.0 1512.0 2193.0 1512.0 plane 0
2235.0 1474.0 2480.0 1474.0 2480.0 1722.0 2235.0 1722.0 plane 0
2447.0 1592.0 2553.0 1592.0 2553.0 1693.0 2447.0 1693.0 plane 0
2382.0 1605.0 2614.0 1605.0 2614.0 1838.0 2382.0 1838.0 plane 0
2669.0 1802.0 2775.0 1802.0 2775.0 1904.0 2669.0 1904.0 plane 0
1680.0 1675.0 1774.0 1675.0 1774.0 1758.0 1680.0 1758.0 plane 0
1750.0 1594.0 1885.0 1594.0 1885.0 1714.0 1750.0 1714.0 plane 0
1374.0 2068.0 1529.0 2068.0 1529.0 2233.0 1374.0 2233.0 plane 0
1465.0 2170.0 1624.0 2170.0 1624.0 2329.0 1465.0 2329.0 plane 0
1563.0 2282.0 1679.0 2282.0 1679.0 2400.0 1563.0 2400.0 plane 0
1634.0 2340.0 1783.0 2340.0 1783.0 2495.0 1634.0 2495.0 plane 0
1727.0 2453.0 1842.0 2453.0 1842.0 2564.0 1727.0 2564.0 plane 0
1580.0 1990.0 1685.0 1990.0 1685.0 2090.0 1580.0 2090.0 plane 0
1713.0 1839.0 1817.0 1839.0 1817.0 1945.0 1713.0 1945.0 plane 0
1420.0 1872.0 1457.0 1872.0 1457.0 1910.0 1420.0 1910.0 small-vehicle 1
1290.0 1735.0 1323.0 1735.0 1323.0 1767.0 1290.0 1767.0 small-vehicle 1
578.0 1197.0 610.0 1197.0 610.0 1229.0 578.0 1229.0 small-vehicle 1
603.0 1222.0 632.0 1222.0 632.0 1255.0 603.0 1255.0 small-vehicle 1
618.0 1237.0 648.0 1237.0 648.0 1270.0 618.0 1270.0 small-vehicle 1
1111.0 1643.0 1146.0 1643.0 1146.0 1675.0 1111.0 1675.0 small-vehicle 1
1099.0 1657.0 1137.0 1657.0 1137.0 1691.0 1099.0 1691.0 small-vehicle 1
1089.0 1673.0 1121.0 1673.0 1121.0 1707.0 1089.0 1707.0 small-vehicle 1
1195.0 1627.0 1233.0 1627.0 1233.0 1663.0 1195.0 1663.0 small-vehicle 1
1241.0 1688.0 1279.0 1688.0 1279.0 1721.0 1241.0 1721.0 small-vehicle 1
1105.0 1705.0 1152.0 1705.0 1152.0 1744.0 1105.0 1744.0 small-vehicle 1
1137.0 1734.0 1177.0 1734.0 1177.0 1773.0 1137.0 1773.0 small-vehicle 1
1156.0 1747.0 1195.0 1747.0 1195.0 1787.0 1156.0 1787.0 small-vehicle 1
1251.0 1702.0 1289.0 1702.0 1289.0 1738.0 1251.0 1738.0 small-vehicle 1
1299.0 1753.0 1341.0 1753.0 1341.0 1794.0 1299.0 1794.0 small-vehicle 1
842.0 1612.0 880.0 1612.0 880.0 1645.0 842.0 1645.0 small-vehicle 1
1321.0 1770.0 1355.0 1770.0 1355.0 1803.0 1321.0 1803.0 small-vehicle 1
1171.0 1760.0 1211.0 1760.0 1211.0 1797.0 1171.0 1797.0 small-vehicle 1
1200.0 1791.0 1237.0 1791.0 1237.0 1825.0 1200.0 1825.0 small-vehicle 1
1183.0 1776.0 1220.0 1776.0 1220.0 1809.0 1183.0 1809.0 small-vehicle 1
1221.0 1820.0 1263.0 1820.0 1263.0 1862.0 1221.0 1862.0 small-vehicle 1
1121.0 1862.0 1161.0 1862.0 1161.0 1900.0 1121.0 1900.0 small-vehicle 1
1400.0 1849.0 1439.0 1849.0 1439.0 1888.0 1400.0 1888.0 small-vehicle 1
1455.0 1907.0 1491.0 1907.0 1491.0 1942.0 1455.0 1942.0 small-vehicle 1
2416.0 3063.0 2468.0 3063.0 2468.0 3111.0 2416.0 3111.0 small-vehicle 0
2432.0 3049.0 2478.0 3049.0 2478.0 3097.0 2432.0 3097.0 small-vehicle 0
1034.0 1617.0 1069.0 1617.0 1069.0 1651.0 1034.0 1651.0 small-vehicle 1
1076.0 1818.0 1119.0 1818.0 1119.0 1857.0 1076.0 1857.0 small-vehicle 1
858.0 1630.0 894.0 1630.0 894.0 1663.0 858.0 1663.0 small-vehicle 1
825.0 1600.0 859.0 1600.0 859.0 1631.0 825.0 1631.0 small-vehicle 1
1807.0 1728.0 1948.0 1728.0 1948.0 1870.0 1807.0 1870.0 plane 0
876.0 1428.0 914.0 1428.0 914.0 1466.0 876.0 1466.0 small-vehicle 1
1889.0 1674.0 1989.0 1674.0 1989.0 1773.0 1889.0 1773.0 plane 0
514.0 1275.0 548.0 1275.0 548.0 1311.0 514.0 1311.0 small-vehicle 1
534.0 1299.0 562.0 1299.0 562.0 1325.0 534.0 1325.0 small-vehicle 1
547.0 1309.0 580.0 1309.0 580.0 1343.0 547.0 1343.0 small-vehicle 1
644.0 1266.0 677.0 1266.0 677.0 1305.0 644.0 1305.0 small-vehicle 1
558.0 1326.0 592.0 1326.0 592.0 1362.0 558.0 1362.0 small-vehicle 1
1008.0 1182.0 1047.0 1182.0 1047.0 1218.0 1008.0 1218.0 small-vehicle 1
990.0 1200.0 1031.0 1200.0 1031.0 1237.0 990.0 1237.0 small-vehicle 1
966.0 1219.0 1001.0 1219.0 1001.0 1251.0 966.0 1251.0 small-vehicle 1
846.0 1396.0 886.0 1396.0 886.0 1433.0 846.0 1433.0 small-vehicle 1
867.0 1412.0 897.0 1412.0 897.0 1446.0 867.0 1446.0 small-vehicle 1
896.0 1444.0 926.0 1444.0 926.0 1472.0 896.0 1472.0 small-vehicle 1
914.0 1462.0 942.0 1462.0 942.0 1489.0 914.0 1489.0 small-vehicle 1
811.0 1585.0 844.0 1585.0 844.0 1618.0 811.0 1618.0 small-vehicle 1
806.0 1434.0 846.0 1434.0 846.0 1468.0 806.0 1468.0 small-vehicle 1
822.0 1452.0 858.0 1452.0 858.0 1486.0 822.0 1486.0 small-vehicle 1
838.0 1466.0 875.0 1466.0 875.0 1502.0 838.0 1502.0 small-vehicle 1
858.0 1482.0 892.0 1482.0 892.0 1516.0 858.0 1516.0 small-vehicle 1
872.0 1496.0 905.0 1496.0 905.0 1532.0 872.0 1532.0 small-vehicle 1
886.0 1512.0 923.0 1512.0 923.0 1550.0 886.0 1550.0 small-vehicle 1
1099.0 1554.0 1134.0 1554.0 1134.0 1590.0 1099.0 1590.0 small-vehicle 1
1112.0 1569.0 1149.0 1569.0 1149.0 1605.0 1112.0 1605.0 small-vehicle 1
751.0 1518.0 782.0 1518.0 782.0 1551.0 751.0 1551.0 small-vehicle 1
762.0 1534.0 802.0 1534.0 802.0 1574.0 762.0 1574.0 small-vehicle 1
776.0 1548.0 818.0 1548.0 818.0 1586.0 776.0 1586.0 small-vehicle 1
796.0 1566.0 834.0 1566.0 834.0 1598.0 796.0 1598.0 small-vehicle 1
452.0 179.0 609.0 179.0 609.0 335.0 452.0 335.0 helicopter 0
