imagesource:GoogleEarth
gsd:0.130753357267
3072.0 801.0 3117.0 801.0 3117.0 847.0 3072.0 847.0 small-vehicle 0
575.0 1430.0 617.0 1430.0 617.0 1460.0 575.0 1460.0 small-vehicle 0
614.0 1400.0 654.0 1400.0 654.0 1429.0 614.0 1429.0 small-vehicle 0
631.0 1382.0 679.0 1382.0 679.0 1414.0 631.0 1414.0 small-vehicle 0
646.0 1363.0 690.0 1363.0 690.0 1394.0 646.0 1394.0 small-vehicle 0
621.0 1333.0 663.0 1333.0 663.0 1362.0 621.0 1362.0 small-vehicle 0
604.0 1350.0 644.0 1350.0 644.0 1381.0 604.0 1381.0 small-vehicle 0
581.0 1367.0 627.0 1367.0 627.0 1397.0 581.0 1397.0 small-vehicle 0
564.0 1385.0 610.0 1385.0 610.0 1413.0 564.0 1413.0 small-vehicle 0
540.0 1398.0 582.0 1398.0 582.0 1426.0 540.0 1426.0 small-vehicle 0
527.0 1416.0 571.0 1416.0 571.0 1444.0 527.0 1444.0 small-vehicle 0
506.0 1435.0 554.0 1435.0 554.0 1468.0 506.0 1468.0 small-vehicle 0
420.0 1518.0 468.0 1518.0 468.0 1550.0 420.0 1550.0 small-vehicle 0
433.0 1569.0 484.0 1569.0 484.0 1602.0 433.0 1602.0 small-vehicle 0
518.0 1480.0 567.0 1480.0 567.0 1516.0 518.0 1516.0 small-vehicle 0
2339.0 250.0 2374.0 250.0 2374.0 285.0 2339.0 285.0 small-vehicle 0
367.0 1433.0 402.0 1433.0 402.0 1481.0 367.0 1481.0 small-vehicle 0
403.0 1406.0 433.0 1406.0 433.0 1448.0 403.0 1448.0 small-vehicle 0
420.0 1387.0 450.0 1387.0 450.0 1428.0 420.0 1428.0 small-vehicle 0
459.0 1349.0 483.0 1349.0 483.0 1389.0 459.0 1389.0 small-vehicle 0
439.0 1370.0 467.0 1370.0 467.0 1411.0 439.0 1411.0 small-vehicle 0
476.0 1337.0 504.0 1337.0 504.0 1374.0 476.0 1374.0 small-vehicle 0
491.0 1316.0 524.0 1316.0 524.0 1364.0 491.0 1364.0 small-vehicle 0
2795.0 1723.0 2937.0 1723.0 2937.0 1865.0 2795.0 1865.0 helicopter 0
2918.0 1854.0 3060.0 1854.0 3060.0 2005.0 2918.0 2005.0 helicopter 0
2488.0 2258.0 2637.0 2258.0 2637.0 2415.0 2488.0 2415.0 helicopter 0
2350.0 2123.0 2507.0 2123.0 2507.0 2283.0 2350.0 2283.0 helicopter 0
1973.0 2743.0 2127.0 2743.0 2127.0 2904.0 1973.0 2904.0 helicopter 0
590.0 1411.0 632.0 1411.0 632.0 1440.0 590.0 1440.0 small-vehicle 0
486.0 1519.0 531.0 1519.0 531.0 1546.0 486.0 1546.0 small-vehicle 0
487.0 1650.0 517.0 1650.0 517.0 1700.0 487.0 1700.0 small-vehicle 0
525.0 1616.0 555.0 1616.0 555.0 1660.0 525.0 1660.0 small-vehicle 0
111.0 3494.0 158.0 3494.0 158.0 3540.0 111.0 3540.0 ship 0
86.0 3470.0 136.0 3470.0 136.0 3517.0 86.0 3517.0 ship 0
44.0 2409.0 78.0 2409.0 78.0 2446.0 44.0 2446.0 small-vehicle 0
60.0 2396.0 97.0 2396.0 97.0 2430.0 60.0 2430.0 small-vehicle 0
75.0 2381.0 110.0 2381.0 110.0 2415.0 75.0 2415.0 small-vehicle 0
89.0 2361.0 127.0 2361.0 127.0 2399.0 89.0 2399.0 small-vehicle 0
509.0 1710.0 537.0 1710.0 537.0 1748.0 509.0 1748.0 small-vehicle 0
831.0 1524.0 870.0 1524.0 870.0 1554.0 831.0 1554.0 small-vehicle 0
809.0 1542.0 855.0 1542.0 855.0 1570.0 809.0 1570.0 small-vehicle 0
775.0 1574.0 816.0 1574.0 816.0 1602.0 775.0 1602.0 small-vehicle 0
753.0 1589.0 799.0 1589.0 799.0 1624.0 753.0 1624.0 small-vehicle 0
721.0 1625.0 768.0 1625.0 768.0 1658.0 721.0 1658.0 small-vehicle 0
650.0 1693.0 698.0 1693.0 698.0 1723.0 650.0 1723.0 small-vehicle 0
645.0 1562.0 675.0 1562.0 675.0 1603.0 645.0 1603.0 small-vehicle 0
666.0 1546.0 692.0 1546.0 692.0 1587.0 666.0 1587.0 small-vehicle 0
680.0 1527.0 707.0 1527.0 707.0 1565.0 680.0 1565.0 small-vehicle 0
700.0 1515.0 725.0 1515.0 725.0 1553.0 700.0 1553.0 small-vehicle 0
717.0 1499.0 744.0 1499.0 744.0 1535.0 717.0 1535.0 small-vehicle 0
756.0 1471.0 782.0 1471.0 782.0 1511.0 756.0 1511.0 small-vehicle 0
702.0 1446.0 732.0 1446.0 732.0 1486.0 702.0 1486.0 small-vehicle 0
684.0 1465.0 713.0 1465.0 713.0 1505.0 684.0 1505.0 small-vehicle 0
667.0 1479.0 701.0 1479.0 701.0 1529.0 667.0 1529.0 small-vehicle 0
649.0 1497.0 678.0 1497.0 678.0 1535.0 649.0 1535.0 small-vehicle 0
613.0 1535.0 643.0 1535.0 643.0 1576.0 613.0 1576.0 small-vehicle 0
596.0 1546.0 627.0 1546.0 627.0 1588.0 596.0 1588.0 small-vehicle 0
1583.0 2335.0 1745.0 2335.0 1745.0 2497.0 1583.0 2497.0 helicopter 0
