imagesource:GoogleEarth
gsd:0.257453669867
558.0 333.0 615.0 333.0 615.0 372.0 558.0 372.0 large-vehicle 0
806.0 760.0 837.0 760.0 837.0 809.0 806.0 809.0 large-vehicle 0
313.0 603.0 361.0 603.0 361.0 633.0 313.0 633.0 large-vehicle 0
363.0 626.0 410.0 626.0 410.0 656.0 363.0 656.0 large-vehicle 0
339.0 631.0 387.0 631.0 387.0 661.0 339.0 661.0 large-vehicle 0
386.0 653.0 435.0 653.0 435.0 683.0 386.0 683.0 large-vehicle 0
436.0 675.0 483.0 675.0 483.0 704.0 436.0 704.0 large-vehicle 0
466.0 660.0 514.0 660.0 514.0 690.0 466.0 690.0 large-vehicle 0
464.0 674.0 513.0 674.0 513.0 703.0 464.0 703.0 large-vehicle 0
873.0 794.0 902.0 794.0 902.0 842.0 873.0 842.0 large-vehicle 0
261.0 188.0 284.0 188.0 284.0 218.0 261.0 218.0 small-vehicle 0
892.0 802.0 923.0 802.0 923.0 850.0 892.0 850.0 large-vehicle 0
984.0 841.0 1014.0 841.0 1014.0 889.0 984.0 889.0 large-vehicle 0
1006.0 852.0 1035.0 852.0 1035.0 896.0 1006.0 896.0 large-vehicle 0
1137.0 336.0 1230.0 336.0 1230.0 422.0 1137.0 422.0 storage-tank 0
171.0 182.0 194.0 182.0 194.0 215.0 171.0 215.0 small-vehicle 0
191.0 172.0 212.0 172.0 212.0 205.0 191.0 205.0 small-vehicle 0
233.0 175.0 256.0 175.0 256.0 206.0 233.0 206.0 small-vehicle 0
285.0 606.0 333.0 606.0 333.0 636.0 285.0 636.0 large-vehicle 0
244.0 573.0 293.0 573.0 293.0 602.0 244.0 602.0 large-vehicle 0
192.0 550.0 240.0 550.0 240.0 579.0 192.0 579.0 large-vehicle 0
202.0 570.0 251.0 570.0 251.0 599.0 202.0 599.0 large-vehicle 0
847.0 788.0 876.0 788.0 876.0 834.0 847.0 834.0 large-vehicle 0
753.0 740.0 784.0 740.0 784.0 786.0 753.0 786.0 large-vehicle 0
739.0 728.0 768.0 728.0 768.0 777.0 739.0 777.0 large-vehicle 0
649.0 690.0 680.0 690.0 680.0 736.0 649.0 736.0 large-vehicle 0
624.0 677.0 652.0 677.0 652.0 724.0 624.0 724.0 large-vehicle 0
49.0 400.0 78.0 400.0 78.0 447.0 49.0 447.0 large-vehicle 0
72.0 347.0 102.0 347.0 102.0 395.0 72.0 395.0 large-vehicle 0
62.0 419.0 86.0 419.0 86.0 454.0 62.0 454.0 large-vehicle 0
75.0 410.0 104.0 410.0 104.0 457.0 75.0 457.0 large-vehicle 0
98.0 362.0 127.0 362.0 127.0 408.0 98.0 408.0 large-vehicle 0
76.0 379.0 103.0 379.0 103.0 417.0 76.0 417.0 large-vehicle 0
93.0 342.0 120.0 342.0 120.0 381.0 93.0 381.0 large-vehicle 0
54.0 503.0 103.0 503.0 103.0 531.0 54.0 531.0 large-vehicle 0
107.0 526.0 156.0 526.0 156.0 555.0 107.0 555.0 large-vehicle 0
155.0 547.0 204.0 547.0 204.0 577.0 155.0 577.0 large-vehicle 0
247.0 180.0 268.0 180.0 268.0 210.0 247.0 210.0 small-vehicle 0
273.0 199.0 296.0 199.0 296.0 230.0 273.0 230.0 small-vehicle 0
1051.0 871.0 1080.0 871.0 1080.0 919.0 1051.0 919.0 large-vehicle 0
631.0 75.0 640.0 75.0 640.0 101.0 631.0 101.0 small-vehicle 1
582.0 140.0 592.0 140.0 592.0 162.0 582.0 162.0 small-vehicle 0
605.0 138.0 619.0 138.0 619.0 159.0 605.0 159.0 small-vehicle 0
625.0 134.0 635.0 134.0 635.0 153.0 625.0 153.0 small-vehicle 0
644.0 155.0 657.0 155.0 657.0 179.0 644.0 179.0 small-vehicle 0
604.0 161.0 617.0 161.0 617.0 182.0 604.0 182.0 small-vehicle 0
663.0 175.0 687.0 175.0 687.0 193.0 663.0 193.0 small-vehicle 0
318.0 8.0 334.0 8.0 334.0 29.0 318.0 29.0 small-vehicle 1
627.0 158.0 637.0 158.0 637.0 179.0 627.0 179.0 small-vehicle 1
286.0 203.0 311.0 203.0 311.0 237.0 286.0 237.0 small-vehicle 0
5.0 292.0 18.0 292.0 18.0 318.0 5.0 318.0 small-vehicle 1
20.0 298.0 36.0 298.0 36.0 322.0 20.0 322.0 small-vehicle 1
32.0 303.0 45.0 303.0 45.0 327.0 32.0 327.0 small-vehicle 1
42.0 304.0 58.0 304.0 58.0 330.0 42.0 330.0 small-vehicle 1
53.0 315.0 68.0 315.0 68.0 338.0 53.0 338.0 small-vehicle 1
46.0 366.0 64.0 366.0 64.0 387.0 46.0 387.0 small-vehicle 1
700.0 390.0 714.0 390.0 714.0 411.0 700.0 411.0 small-vehicle 0
519.0 99.0 534.0 99.0 534.0 125.0 519.0 125.0 small-vehicle 0
613.0 80.0 626.0 80.0 626.0 102.0 613.0 102.0 small-vehicle 0
692.0 703.0 722.0 703.0 722.0 744.0 692.0 744.0 small-vehicle 0
384.0 545.0 420.0 545.0 420.0 571.0 384.0 571.0 small-vehicle 0
79.0 255.0 111.0 255.0 111.0 279.0 79.0 279.0 small-vehicle 0
70.0 246.0 101.0 246.0 101.0 268.0 70.0 268.0 small-vehicle 0
71.0 226.0 103.0 226.0 103.0 248.0 71.0 248.0 small-vehicle 0
39.0 238.0 70.0 238.0 70.0 262.0 39.0 262.0 small-vehicle 0
59.0 215.0 90.0 215.0 90.0 238.0 59.0 238.0 small-vehicle 0
25.0 227.0 56.0 227.0 56.0 250.0 25.0 250.0 small-vehicle 0
36.0 207.0 65.0 207.0 65.0 227.0 36.0 227.0 small-vehicle 0
31.0 193.0 63.0 193.0 63.0 215.0 31.0 215.0 small-vehicle 0
31.0 143.0 62.0 143.0 62.0 164.0 31.0 164.0 small-vehicle 0
43.0 123.0 76.0 123.0 76.0 145.0 43.0 145.0 small-vehicle 0
26.0 113.0 57.0 113.0 57.0 134.0 26.0 134.0 small-vehicle 0
17.0 94.0 48.0 94.0 48.0 116.0 17.0 116.0 small-vehicle 0
274.0 496.0 311.0 496.0 311.0 522.0 274.0 522.0 small-vehicle 0
310.0 514.0 345.0 514.0 345.0 539.0 310.0 539.0 small-vehicle 0
347.0 530.0 382.0 530.0 382.0 554.0 347.0 554.0 small-vehicle 0
962.0 832.0 992.0 832.0 992.0 879.0 962.0 879.0 large-vehicle 0
410.0 649.0 462.0 649.0 462.0 680.0 410.0 680.0 large-vehicle 0
257.0 299.0 296.0 299.0 296.0 327.0 257.0 327.0 large-vehicle 0
415.0 430.0 463.0 430.0 463.0 461.0 415.0 461.0 large-vehicle 0
471.0 440.0 519.0 440.0 519.0 470.0 471.0 470.0 large-vehicle 0
524.0 463.0 573.0 463.0 573.0 493.0 524.0 493.0 large-vehicle 0
572.0 484.0 620.0 484.0 620.0 515.0 572.0 515.0 large-vehicle 0
221.0 343.0 269.0 343.0 269.0 372.0 221.0 372.0 large-vehicle 0
271.0 364.0 319.0 364.0 319.0 393.0 271.0 393.0 large-vehicle 0
317.0 386.0 366.0 386.0 366.0 413.0 317.0 413.0 large-vehicle 0
368.0 410.0 416.0 410.0 416.0 439.0 368.0 439.0 large-vehicle 0
468.0 453.0 516.0 453.0 516.0 481.0 468.0 481.0 large-vehicle 0
537.0 565.0 587.0 565.0 587.0 595.0 537.0 595.0 large-vehicle 0
478.0 473.0 521.0 473.0 521.0 500.0 478.0 500.0 large-vehicle 0
539.0 551.0 587.0 551.0 587.0 580.0 539.0 580.0 large-vehicle 0
251.0 434.0 298.0 434.0 298.0 465.0 251.0 465.0 large-vehicle 0
297.0 456.0 345.0 456.0 345.0 486.0 297.0 486.0 large-vehicle 0
343.0 478.0 393.0 478.0 393.0 508.0 343.0 508.0 large-vehicle 0
392.0 500.0 441.0 500.0 441.0 530.0 392.0 530.0 large-vehicle 0
442.0 522.0 491.0 522.0 491.0 551.0 442.0 551.0 large-vehicle 0
424.0 420.0 473.0 420.0 473.0 449.0 424.0 449.0 large-vehicle 0
375.0 397.0 423.0 397.0 423.0 427.0 375.0 427.0 large-vehicle 0
320.0 372.0 368.0 372.0 368.0 400.0 320.0 400.0 large-vehicle 0
273.0 350.0 320.0 350.0 320.0 379.0 273.0 379.0 large-vehicle 0
300.0 320.0 348.0 320.0 348.0 349.0 300.0 349.0 large-vehicle 0
350.0 341.0 397.0 341.0 397.0 371.0 350.0 371.0 large-vehicle 0
398.0 363.0 447.0 363.0 447.0 394.0 398.0 394.0 large-vehicle 0
411.0 330.0 460.0 330.0 460.0 360.0 411.0 360.0 large-vehicle 0
466.0 356.0 514.0 356.0 514.0 385.0 466.0 385.0 large-vehicle 0
515.0 377.0 563.0 377.0 563.0 406.0 515.0 406.0 large-vehicle 0
566.0 399.0 610.0 399.0 610.0 427.0 566.0 427.0 large-vehicle 0
499.0 385.0 547.0 385.0 547.0 414.0 499.0 414.0 large-vehicle 0
546.0 406.0 595.0 406.0 595.0 436.0 546.0 436.0 large-vehicle 0
593.0 427.0 643.0 427.0 643.0 458.0 593.0 458.0 large-vehicle 0
244.0 323.0 293.0 323.0 293.0 353.0 244.0 353.0 large-vehicle 0
291.0 344.0 339.0 344.0 339.0 374.0 291.0 374.0 large-vehicle 0
337.0 364.0 386.0 364.0 386.0 395.0 337.0 395.0 large-vehicle 0
384.0 387.0 432.0 387.0 432.0 418.0 384.0 418.0 large-vehicle 0
225.0 329.0 273.0 329.0 273.0 359.0 225.0 359.0 large-vehicle 0
489.0 543.0 538.0 543.0 538.0 573.0 489.0 573.0 large-vehicle 0
532.0 576.0 581.0 576.0 581.0 606.0 532.0 606.0 large-vehicle 0
419.0 637.0 467.0 637.0 467.0 668.0 419.0 668.0 large-vehicle 0
50.0 455.0 99.0 455.0 99.0 488.0 50.0 488.0 large-vehicle 0
361.0 568.0 410.0 568.0 410.0 598.0 361.0 598.0 large-vehicle 0
454.0 593.0 507.0 593.0 507.0 627.0 454.0 627.0 large-vehicle 0
507.0 618.0 559.0 618.0 559.0 650.0 507.0 650.0 large-vehicle 0
354.0 579.0 403.0 579.0 403.0 609.0 354.0 609.0 large-vehicle 0
403.0 600.0 451.0 600.0 451.0 631.0 403.0 631.0 large-vehicle 0
451.0 622.0 500.0 622.0 500.0 653.0 451.0 653.0 large-vehicle 0
499.0 643.0 550.0 643.0 550.0 674.0 499.0 674.0 large-vehicle 0
33.0 462.0 80.0 462.0 80.0 493.0 33.0 493.0 large-vehicle 0
525.0 588.0 575.0 588.0 575.0 619.0 525.0 619.0 large-vehicle 0
80.0 485.0 128.0 485.0 128.0 514.0 80.0 514.0 large-vehicle 0
98.0 479.0 147.0 479.0 147.0 509.0 98.0 509.0 large-vehicle 0
42.0 482.0 89.0 482.0 89.0 512.0 42.0 512.0 large-vehicle 0
127.0 507.0 175.0 507.0 175.0 535.0 127.0 535.0 large-vehicle 0
90.0 503.0 138.0 503.0 138.0 532.0 90.0 532.0 large-vehicle 0
138.0 526.0 186.0 526.0 186.0 554.0 138.0 554.0 large-vehicle 0
371.0 616.0 419.0 616.0 419.0 645.0 371.0 645.0 large-vehicle 0
400.0 570.0 453.0 570.0 453.0 602.0 400.0 602.0 large-vehicle 0
350.0 546.0 402.0 546.0 402.0 578.0 350.0 578.0 large-vehicle 0
313.0 546.0 361.0 546.0 361.0 575.0 313.0 575.0 large-vehicle 0
296.0 523.0 348.0 523.0 348.0 555.0 296.0 555.0 large-vehicle 0
483.0 555.0 533.0 555.0 533.0 586.0 483.0 586.0 large-vehicle 0
478.0 568.0 526.0 568.0 526.0 597.0 478.0 597.0 large-vehicle 0
436.0 533.0 485.0 533.0 485.0 563.0 436.0 563.0 large-vehicle 0
388.0 512.0 437.0 512.0 437.0 542.0 388.0 542.0 large-vehicle 0
429.0 546.0 479.0 546.0 479.0 577.0 429.0 577.0 large-vehicle 0
381.0 524.0 431.0 524.0 431.0 555.0 381.0 555.0 large-vehicle 0
341.0 490.0 390.0 490.0 390.0 521.0 341.0 521.0 large-vehicle 0
243.0 447.0 291.0 447.0 291.0 477.0 243.0 477.0 large-vehicle 0
290.0 470.0 339.0 470.0 339.0 497.0 290.0 497.0 large-vehicle 0
334.0 503.0 383.0 503.0 383.0 533.0 334.0 533.0 large-vehicle 0
286.0 481.0 336.0 481.0 336.0 510.0 286.0 510.0 large-vehicle 0
212.0 516.0 260.0 516.0 260.0 546.0 212.0 546.0 large-vehicle 0
217.0 503.0 266.0 503.0 266.0 533.0 217.0 533.0 large-vehicle 0
243.0 499.0 296.0 499.0 296.0 530.0 243.0 530.0 large-vehicle 0
266.0 525.0 313.0 525.0 313.0 554.0 266.0 554.0 large-vehicle 0
709.0 392.0 727.0 392.0 727.0 418.0 709.0 418.0 small-vehicle 0
668.0 501.0 686.0 501.0 686.0 526.0 668.0 526.0 small-vehicle 0
674.0 508.0 699.0 508.0 699.0 548.0 674.0 548.0 small-vehicle 0
1241.0 815.0 1263.0 815.0 1263.0 826.0 1241.0 826.0 small-vehicle 0
1305.0 1051.0 1322.0 1051.0 1322.0 1074.0 1305.0 1074.0 small-vehicle 0
1316.0 1055.0 1333.0 1055.0 1333.0 1080.0 1316.0 1080.0 small-vehicle 0
1286.0 1043.0 1301.0 1043.0 1301.0 1067.0 1286.0 1067.0 small-vehicle 0
1311.0 995.0 1329.0 995.0 1329.0 1020.0 1311.0 1020.0 small-vehicle 0
1331.0 1007.0 1346.0 1007.0 1346.0 1031.0 1331.0 1031.0 small-vehicle 0
1284.0 982.0 1299.0 982.0 1299.0 1004.0 1284.0 1004.0 small-vehicle 0
1303.0 992.0 1319.0 992.0 1319.0 1015.0 1303.0 1015.0 small-vehicle 0
1237.0 873.0 1260.0 873.0 1260.0 884.0 1237.0 884.0 small-vehicle 0
1350.0 989.0 1367.0 989.0 1367.0 1013.0 1350.0 1013.0 small-vehicle 1
1353.0 836.0 1370.0 836.0 1370.0 859.0 1353.0 859.0 small-vehicle 0
1306.0 840.0 1324.0 840.0 1324.0 862.0 1306.0 862.0 small-vehicle 0
1300.0 914.0 1318.0 914.0 1318.0 941.0 1300.0 941.0 small-vehicle 0
1317.0 923.0 1334.0 923.0 1334.0 947.0 1317.0 947.0 small-vehicle 0
1367.0 946.0 1384.0 946.0 1384.0 970.0 1367.0 970.0 small-vehicle 0
1293.0 989.0 1307.0 989.0 1307.0 1009.0 1293.0 1009.0 small-vehicle 1
1320.0 1003.0 1336.0 1003.0 1336.0 1026.0 1320.0 1026.0 small-vehicle 1
1297.0 1047.0 1312.0 1047.0 1312.0 1068.0 1297.0 1068.0 small-vehicle 0
1277.0 1038.0 1292.0 1038.0 1292.0 1060.0 1277.0 1060.0 small-vehicle 0
982.0 837.0 1000.0 837.0 1000.0 863.0 982.0 863.0 small-vehicle 0
951.0 821.0 969.0 821.0 969.0 848.0 951.0 848.0 small-vehicle 0
948.0 1002.0 968.0 1002.0 968.0 1027.0 948.0 1027.0 small-vehicle 1
916.0 989.0 930.0 989.0 930.0 1011.0 916.0 1011.0 small-vehicle 1
908.0 978.0 925.0 978.0 925.0 1005.0 908.0 1005.0 small-vehicle 1
889.0 969.0 907.0 969.0 907.0 995.0 889.0 995.0 small-vehicle 1
903.0 969.0 918.0 969.0 918.0 989.0 903.0 989.0 small-vehicle 1
913.0 946.0 931.0 946.0 931.0 971.0 913.0 971.0 small-vehicle 1
902.0 940.0 921.0 940.0 921.0 969.0 902.0 969.0 ship 0
967.0 977.0 996.0 977.0 996.0 1010.0 967.0 1010.0 ship 0
991.0 976.0 1017.0 976.0 1017.0 1021.0 991.0 1021.0 ship 0
951.0 1081.0 974.0 1081.0 974.0 1096.0 951.0 1096.0 small-vehicle 0
932.0 1076.0 958.0 1076.0 958.0 1089.0 932.0 1089.0 small-vehicle 0
943.0 1059.0 978.0 1059.0 978.0 1076.0 943.0 1076.0 small-vehicle 0
951.0 1036.0 973.0 1036.0 973.0 1052.0 951.0 1052.0 small-vehicle 0
927.0 1131.0 948.0 1131.0 948.0 1141.0 927.0 1141.0 small-vehicle 0
937.0 820.0 956.0 820.0 956.0 846.0 937.0 846.0 small-vehicle 0
1349.0 1013.0 1366.0 1013.0 1366.0 1036.0 1349.0 1036.0 small-vehicle 1
1326.0 983.0 1346.0 983.0 1346.0 1004.0 1326.0 1004.0 small-vehicle 1
790.0 742.0 799.0 742.0 799.0 758.0 790.0 758.0 small-vehicle 1
1280.0 31.0 1298.0 31.0 1298.0 40.0 1280.0 40.0 small-vehicle 1
1246.0 782.0 1264.0 782.0 1264.0 792.0 1246.0 792.0 small-vehicle 1
1243.0 797.0 1263.0 797.0 1263.0 806.0 1243.0 806.0 small-vehicle 1
1240.0 857.0 1260.0 857.0 1260.0 866.0 1240.0 866.0 small-vehicle 1
1228.0 926.0 1248.0 926.0 1248.0 936.0 1228.0 936.0 small-vehicle 1
1226.0 940.0 1249.0 940.0 1249.0 954.0 1226.0 954.0 small-vehicle 1
1222.0 976.0 1244.0 976.0 1244.0 988.0 1222.0 988.0 small-vehicle 1
1141.0 145.0 1160.0 145.0 1160.0 157.0 1141.0 157.0 small-vehicle 1
1196.0 58.0 1206.0 58.0 1206.0 81.0 1196.0 81.0 small-vehicle 1
1313.0 972.0 1325.0 972.0 1325.0 993.0 1313.0 993.0 small-vehicle 1
1139.0 154.0 1164.0 154.0 1164.0 170.0 1139.0 170.0 small-vehicle 1
1146.0 177.0 1168.0 177.0 1168.0 188.0 1146.0 188.0 small-vehicle 1
1148.0 189.0 1169.0 189.0 1169.0 201.0 1148.0 201.0 small-vehicle 1
1293.0 252.0 1302.0 252.0 1302.0 274.0 1293.0 274.0 small-vehicle 1
659.0 556.0 678.0 556.0 678.0 586.0 659.0 586.0 large-vehicle 0
639.0 590.0 661.0 590.0 661.0 626.0 639.0 626.0 large-vehicle 0
624.0 626.0 650.0 626.0 650.0 665.0 624.0 665.0 large-vehicle 0
1248.0 766.0 1270.0 766.0 1270.0 775.0 1248.0 775.0 small-vehicle 1
1344.0 779.0 1357.0 779.0 1357.0 802.0 1344.0 802.0 small-vehicle 1
1328.0 774.0 1342.0 774.0 1342.0 796.0 1328.0 796.0 small-vehicle 1
1318.0 770.0 1334.0 770.0 1334.0 792.0 1318.0 792.0 small-vehicle 1
1299.0 969.0 1315.0 969.0 1315.0 990.0 1299.0 990.0 small-vehicle 1
1338.0 932.0 1356.0 932.0 1356.0 956.0 1338.0 956.0 small-vehicle 1
1358.0 942.0 1376.0 942.0 1376.0 965.0 1358.0 965.0 small-vehicle 1
1326.0 927.0 1344.0 927.0 1344.0 951.0 1326.0 951.0 small-vehicle 1
1357.0 919.0 1372.0 919.0 1372.0 938.0 1357.0 938.0 small-vehicle 1
1328.0 902.0 1344.0 902.0 1344.0 923.0 1328.0 923.0 small-vehicle 1
1341.0 908.0 1354.0 908.0 1354.0 931.0 1341.0 931.0 small-vehicle 1
1349.0 909.0 1365.0 909.0 1365.0 934.0 1349.0 934.0 small-vehicle 1
1310.0 895.0 1326.0 895.0 1326.0 916.0 1310.0 916.0 small-vehicle 1
1324.0 844.0 1344.0 844.0 1344.0 874.0 1324.0 874.0 small-vehicle 1
1335.0 756.0 1351.0 756.0 1351.0 778.0 1335.0 778.0 small-vehicle 1
1353.0 763.0 1369.0 763.0 1369.0 784.0 1353.0 784.0 small-vehicle 1
1355.0 784.0 1369.0 784.0 1369.0 808.0 1355.0 808.0 small-vehicle 1
1310.0 767.0 1326.0 767.0 1326.0 789.0 1310.0 789.0 small-vehicle 1
1316.0 744.0 1331.0 744.0 1331.0 766.0 1316.0 766.0 small-vehicle 1
958.0 1009.0 976.0 1009.0 976.0 1030.0 958.0 1030.0 small-vehicle 1
1000.0 964.0 1011.0 964.0 1011.0 983.0 1000.0 983.0 small-vehicle 1
965.0 969.0 977.0 969.0 977.0 992.0 965.0 992.0 small-vehicle 1
92.0 698.0 116.0 698.0 116.0 718.0 92.0 718.0 small-vehicle 1
330.0 682.0 346.0 682.0 346.0 706.0 330.0 706.0 small-vehicle 1
90.0 655.0 107.0 655.0 107.0 681.0 90.0 681.0 small-vehicle 1
132.0 676.0 147.0 676.0 147.0 700.0 132.0 700.0 small-vehicle 1
142.0 681.0 157.0 681.0 157.0 704.0 142.0 704.0 small-vehicle 1
153.0 686.0 165.0 686.0 165.0 706.0 153.0 706.0 small-vehicle 1
171.0 669.0 184.0 669.0 184.0 690.0 171.0 690.0 small-vehicle 1
13.0 715.0 35.0 715.0 35.0 733.0 13.0 733.0 small-vehicle 1
122.0 728.0 136.0 728.0 136.0 750.0 122.0 750.0 small-vehicle 1
957.0 966.0 968.0 966.0 968.0 988.0 957.0 988.0 small-vehicle 1
141.0 737.0 154.0 737.0 154.0 761.0 141.0 761.0 small-vehicle 1
228.0 718.0 243.0 718.0 243.0 742.0 228.0 742.0 small-vehicle 1
300.0 719.0 317.0 719.0 317.0 749.0 300.0 749.0 small-vehicle 1
288.0 744.0 302.0 744.0 302.0 765.0 288.0 765.0 small-vehicle 1
310.0 755.0 324.0 755.0 324.0 776.0 310.0 776.0 small-vehicle 1
391.0 820.0 413.0 820.0 413.0 833.0 391.0 833.0 small-vehicle 1
385.0 837.0 406.0 837.0 406.0 851.0 385.0 851.0 small-vehicle 1
293.0 664.0 309.0 664.0 309.0 689.0 293.0 689.0 small-vehicle 1
281.0 662.0 296.0 662.0 296.0 682.0 281.0 682.0 small-vehicle 1
255.0 647.0 270.0 647.0 270.0 669.0 255.0 669.0 small-vehicle 1
245.0 644.0 260.0 644.0 260.0 666.0 245.0 666.0 small-vehicle 1
777.0 756.0 793.0 756.0 793.0 778.0 777.0 778.0 small-vehicle 0
821.0 778.0 840.0 778.0 840.0 801.0 821.0 801.0 small-vehicle 0
101.0 663.0 118.0 663.0 118.0 687.0 101.0 687.0 small-vehicle 0
161.0 664.0 175.0 664.0 175.0 686.0 161.0 686.0 small-vehicle 0
249.0 729.0 263.0 729.0 263.0 751.0 249.0 751.0 small-vehicle 0
259.0 708.0 275.0 708.0 275.0 732.0 259.0 732.0 small-vehicle 0
269.0 740.0 287.0 740.0 287.0 762.0 269.0 762.0 small-vehicle 0
346.0 753.0 358.0 753.0 358.0 773.0 346.0 773.0 small-vehicle 0
354.0 753.0 372.0 753.0 372.0 779.0 354.0 779.0 small-vehicle 0
219.0 774.0 234.0 774.0 234.0 797.0 219.0 797.0 small-vehicle 0
249.0 785.0 265.0 785.0 265.0 809.0 249.0 809.0 small-vehicle 0
283.0 802.0 302.0 802.0 302.0 828.0 283.0 828.0 small-vehicle 0
359.0 899.0 380.0 899.0 380.0 916.0 359.0 916.0 small-vehicle 0
45.0 646.0 66.0 646.0 66.0 663.0 45.0 663.0 small-vehicle 1
234.0 642.0 246.0 642.0 246.0 662.0 234.0 662.0 small-vehicle 1
225.0 774.0 242.0 774.0 242.0 798.0 225.0 798.0 small-vehicle 1
262.0 790.0 277.0 790.0 277.0 812.0 262.0 812.0 small-vehicle 1
295.0 805.0 312.0 805.0 312.0 828.0 295.0 828.0 small-vehicle 1
821.0 984.0 839.0 984.0 839.0 1010.0 821.0 1010.0 small-vehicle 1
841.0 1024.0 857.0 1024.0 857.0 1048.0 841.0 1048.0 small-vehicle 1
865.0 977.0 886.0 977.0 886.0 997.0 865.0 997.0 small-vehicle 1
877.0 963.0 897.0 963.0 897.0 978.0 877.0 978.0 small-vehicle 1
883.0 952.0 902.0 952.0 902.0 964.0 883.0 964.0 small-vehicle 1
914.0 924.0 931.0 924.0 931.0 947.0 914.0 947.0 small-vehicle 1
928.0 928.0 941.0 928.0 941.0 948.0 928.0 948.0 small-vehicle 1
964.0 946.0 980.0 946.0 980.0 968.0 964.0 968.0 small-vehicle 1
979.0 955.0 994.0 955.0 994.0 978.0 979.0 978.0 small-vehicle 1
989.0 980.0 1002.0 980.0 1002.0 1000.0 989.0 1000.0 small-vehicle 1
981.0 999.0 995.0 999.0 995.0 1021.0 981.0 1021.0 small-vehicle 1
946.0 988.0 961.0 988.0 961.0 1012.0 946.0 1012.0 small-vehicle 1
934.0 996.0 947.0 996.0 947.0 1014.0 934.0 1014.0 small-vehicle 1
918.0 952.0 936.0 952.0 936.0 980.0 918.0 980.0 small-vehicle 1
934.0 952.0 949.0 952.0 949.0 974.0 934.0 974.0 small-vehicle 1
937.0 966.0 948.0 966.0 948.0 989.0 937.0 989.0 small-vehicle 1
785.0 1037.0 802.0 1037.0 802.0 1064.0 785.0 1064.0 small-vehicle 1
870.0 910.0 884.0 910.0 884.0 933.0 870.0 933.0 small-vehicle 1
305.0 810.0 322.0 810.0 322.0 834.0 305.0 834.0 small-vehicle 1
860.0 910.0 874.0 910.0 874.0 934.0 860.0 934.0 small-vehicle 1
314.0 815.0 331.0 815.0 331.0 839.0 314.0 839.0 small-vehicle 1
333.0 959.0 354.0 959.0 354.0 971.0 333.0 971.0 small-vehicle 1
321.0 975.0 347.0 975.0 347.0 993.0 321.0 993.0 small-vehicle 1
94.0 1012.0 114.0 1012.0 114.0 1028.0 94.0 1028.0 small-vehicle 1
46.0 1070.0 71.0 1070.0 71.0 1081.0 46.0 1081.0 small-vehicle 1
34.0 1102.0 59.0 1102.0 59.0 1113.0 34.0 1113.0 small-vehicle 1
35.0 1119.0 56.0 1119.0 56.0 1127.0 35.0 1127.0 small-vehicle 1
172.0 1121.0 193.0 1121.0 193.0 1133.0 172.0 1133.0 small-vehicle 1
790.0 1095.0 803.0 1095.0 803.0 1115.0 790.0 1115.0 small-vehicle 1
799.0 1074.0 814.0 1074.0 814.0 1096.0 799.0 1096.0 small-vehicle 1
805.0 1052.0 818.0 1052.0 818.0 1075.0 805.0 1075.0 small-vehicle 1
832.0 964.0 854.0 964.0 854.0 988.0 832.0 988.0 small-vehicle 1
839.0 957.0 857.0 957.0 857.0 980.0 839.0 980.0 small-vehicle 1
846.0 950.0 862.0 950.0 862.0 969.0 846.0 969.0 small-vehicle 1
850.0 938.0 869.0 938.0 869.0 960.0 850.0 960.0 small-vehicle 1
208.0 279.0 256.0 279.0 256.0 309.0 208.0 309.0 large-vehicle 0
