imagesource:GoogleEarth
gsd:0.13165619481
523.0 2231.0 571.0 2231.0 571.0 2281.0 523.0 2281.0 small-vehicle 0
2643.0 538.0 2679.0 538.0 2679.0 575.0 2643.0 575.0 small-vehicle 0
1542.0 2399.0 1640.0 2399.0 1640.0 2497.0 1542.0 2497.0 storage-tank 0
450.0 152.0 467.0 152.0 467.0 189.0 450.0 189.0 small-vehicle 0
689.0 2820.0 724.0 2820.0 724.0 2856.0 689.0 2856.0 small-vehicle 0
1360.0 1459.0 1398.0 1459.0 1398.0 1494.0 1360.0 1494.0 small-vehicle 0
1580.0 1538.0 1615.0 1538.0 1615.0 1572.0 1580.0 1572.0 small-vehicle 0
1528.0 1588.0 1561.0 1588.0 1561.0 1621.0 1528.0 1621.0 small-vehicle 0
1390.0 1707.0 1425.0 1707.0 1425.0 1742.0 1390.0 1742.0 small-vehicle 0
1418.0 3369.0 1462.0 3369.0 1462.0 3412.0 1418.0 3412.0 small-vehicle 0
2613.0 507.0 2645.0 507.0 2645.0 538.0 2613.0 538.0 small-vehicle 0
2591.0 580.0 2629.0 580.0 2629.0 616.0 2591.0 616.0 small-vehicle 0
2766.0 298.0 2812.0 298.0 2812.0 315.0 2766.0 315.0 small-vehicle 0
2553.0 564.0 2587.0 564.0 2587.0 598.0 2553.0 598.0 small-vehicle 0
980.0 1961.0 1020.0 1961.0 1020.0 2000.0 980.0 2000.0 small-vehicle 0
994.0 1949.0 1033.0 1949.0 1033.0 1984.0 994.0 1984.0 small-vehicle 0
1556.0 1549.0 1594.0 1549.0 1594.0 1587.0 1556.0 1587.0 small-vehicle 0
2008.0 2033.0 2046.0 2033.0 2046.0 2071.0 2008.0 2071.0 small-vehicle 0
1881.0 1696.0 1916.0 1696.0 1916.0 1728.0 1881.0 1728.0 small-vehicle 1
2767.0 187.0 2810.0 187.0 2810.0 206.0 2767.0 206.0 small-vehicle 0
2766.0 211.0 2806.0 211.0 2806.0 229.0 2766.0 229.0 small-vehicle 0
2766.0 257.0 2808.0 257.0 2808.0 279.0 2766.0 279.0 small-vehicle 0
1679.0 2273.0 1772.0 2273.0 1772.0 2366.0 1679.0 2366.0 storage-tank 0
