imagesource:GoogleEarth
gsd:0.416047263418
170.0 94.0 183.0 94.0 183.0 102.0 170.0 102.0 small-vehicle 1
156.0 57.0 162.0 57.0 162.0 70.0 156.0 70.0 small-vehicle 1
115.0 59.0 128.0 59.0 128.0 65.0 115.0 65.0 small-vehicle 1
172.0 53.0 183.0 53.0 183.0 64.0 172.0 64.0 small-vehicle 1
26.0 235.0 63.0 235.0 63.0 298.0 26.0 298.0 tennis-court 0
64.0 240.0 100.0 240.0 100.0 302.0 64.0 302.0 tennis-court 0
102.0 245.0 139.0 245.0 139.0 306.0 102.0 306.0 tennis-court 0
140.0 249.0 176.0 249.0 176.0 311.0 140.0 311.0 tennis-court 0
178.0 253.0 213.0 253.0 213.0 315.0 178.0 315.0 tennis-court 0
216.0 257.0 251.0 257.0 251.0 320.0 216.0 320.0 tennis-court 0
