imagesource:GF
gsd:1
856.0 2231.0 872.0 2231.0 872.0 2251.0 856.0 2251.0 ship 0
526.0 3397.0 547.0 3397.0 547.0 3409.0 526.0 3409.0 ship 1
245.0 1746.0 280.0 1746.0 280.0 1770.0 245.0 1770.0 tennis-court 1
291.0 1761.0 325.0 1761.0 325.0 1784.0 291.0 1784.0 tennis-court 1
239.0 1766.0 273.0 1766.0 273.0 1789.0 239.0 1789.0 tennis-court 1
284.0 1781.0 317.0 1781.0 317.0 1803.0 284.0 1803.0 tennis-court 1
288.0 3467.0 306.0 3467.0 306.0 3484.0 288.0 3484.0 ship 0
291.0 3458.0 311.0 3458.0 311.0 3480.0 291.0 3480.0 ship 0
363.0 3450.0 392.0 3450.0 392.0 3463.0 363.0 3463.0 ship 0
378.0 3417.0 406.0 3417.0 406.0 3429.0 378.0 3429.0 ship 0
540.0 3441.0 557.0 3441.0 557.0 3452.0 540.0 3452.0 ship 1
455.0 3358.0 472.0 3358.0 472.0 3368.0 455.0 3368.0 ship 1
536.0 3437.0 554.0 3437.0 554.0 3447.0 536.0 3447.0 ship 1
540.0 3419.0 556.0 3419.0 556.0 3435.0 540.0 3435.0 ship 1
542.0 3416.0 554.0 3416.0 554.0 3425.0 542.0 3425.0 ship 1
535.0 3412.0 554.0 3412.0 554.0 3424.0 535.0 3424.0 ship 1
537.0 3406.0 553.0 3406.0 553.0 3417.0 537.0 3417.0 ship 1
276.0 1841.0 308.0 1841.0 308.0 1882.0 276.0 1882.0 basketball-court 0
254.0 1835.0 284.0 1835.0 284.0 1874.0 254.0 1874.0 basketball-court 0
231.0 1829.0 260.0 1829.0 260.0 1869.0 231.0 1869.0 basketball-court 0
230.0 731.0 341.0 731.0 341.0 828.0 230.0 828.0 bridge 0
617.0 3290.0 637.0 3290.0 637.0 3302.0 617.0 3302.0 ship 0
632.0 3256.0 655.0 3256.0 655.0 3273.0 632.0 3273.0 ship 0
638.0 3225.0 657.0 3225.0 657.0 3242.0 638.0 3242.0 ship 0
700.0 3086.0 771.0 3086.0 771.0 3241.0 700.0 3241.0 harbor 0
546.0 3310.0 587.0 3310.0 587.0 3506.0 546.0 3506.0 harbor 0
373.0 363.0 422.0 363.0 422.0 416.0 373.0 416.0 bridge 0
293.0 1769.0 425.0 1769.0 425.0 1929.0 293.0 1929.0 soccer-ball-field 0
209.0 1821.0 238.0 1821.0 238.0 1862.0 209.0 1862.0 basketball-court 0
218.0 1781.0 274.0 1781.0 274.0 1831.0 218.0 1831.0 soccer-ball-field 1
265.0 1795.0 321.0 1795.0 321.0 1845.0 265.0 1845.0 soccer-ball-field 1
195.0 1860.0 225.0 1860.0 225.0 1901.0 195.0 1901.0 basketball-court 0
219.0 1867.0 248.0 1867.0 248.0 1908.0 219.0 1908.0 basketball-court 0
241.0 1872.0 271.0 1872.0 271.0 1916.0 241.0 1916.0 basketball-court 0
265.0 1881.0 295.0 1881.0 295.0 1924.0 265.0 1924.0 basketball-court 0
530.0 3401.0 550.0 3401.0 550.0 3415.0 530.0 3415.0 ship 1
528.0 3393.0 548.0 3393.0 548.0 3402.0 528.0 3402.0 ship 1
849.0 2235.0 864.0 2235.0 864.0 2249.0 849.0 2249.0 ship 0
532.0 3386.0 550.0 3386.0 550.0 3396.0 532.0 3396.0 ship 1
944.0 2294.0 958.0 2294.0 958.0 2312.0 944.0 2312.0 ship 1
956.0 2302.0 967.0 2302.0 967.0 2316.0 956.0 2316.0 ship 1
958.0 2306.0 969.0 2306.0 969.0 2321.0 958.0 2321.0 ship 1
1010.0 2327.0 1065.0 2327.0 1065.0 2379.0 1010.0 2379.0 harbor 0
813.0 2197.0 836.0 2197.0 836.0 2218.0 813.0 2218.0 ship 0
877.0 2240.0 889.0 2240.0 889.0 2257.0 877.0 2257.0 ship 0
886.0 2239.0 895.0 2239.0 895.0 2255.0 886.0 2255.0 ship 1
891.0 2241.0 900.0 2241.0 900.0 2255.0 891.0 2255.0 ship 1
895.0 2241.0 905.0 2241.0 905.0 2259.0 895.0 2259.0 ship 0
902.0 2241.0 911.0 2241.0 911.0 2257.0 902.0 2257.0 ship 1
915.0 2266.0 929.0 2266.0 929.0 2282.0 915.0 2282.0 ship 0
912.0 2262.0 924.0 2262.0 924.0 2279.0 912.0 2279.0 ship 0
827.0 2214.0 840.0 2214.0 840.0 2230.0 827.0 2230.0 ship 0
835.0 2221.0 852.0 2221.0 852.0 2238.0 835.0 2238.0 ship 0
845.0 2229.0 861.0 2229.0 861.0 2245.0 845.0 2245.0 ship 0
934.0 2286.0 950.0 2286.0 950.0 2306.0 934.0 2306.0 ship 1
929.0 2278.0 946.0 2278.0 946.0 2294.0 929.0 2294.0 ship 1
612.0 3235.0 631.0 3235.0 631.0 3252.0 612.0 3252.0 ship 1
525.0 3332.0 545.0 3332.0 545.0 3345.0 525.0 3345.0 ship 1
527.0 3382.0 545.0 3382.0 545.0 3394.0 527.0 3394.0 ship 1
531.0 3379.0 546.0 3379.0 546.0 3387.0 531.0 3387.0 ship 1
530.0 3372.0 548.0 3372.0 548.0 3383.0 530.0 3383.0 ship 1
519.0 3348.0 542.0 3348.0 542.0 3357.0 519.0 3357.0 ship 1
533.0 3339.0 549.0 3339.0 549.0 3350.0 533.0 3350.0 ship 1
528.0 3336.0 545.0 3336.0 545.0 3347.0 528.0 3347.0 ship 1
522.0 3319.0 540.0 3319.0 540.0 3333.0 522.0 3333.0 ship 1
520.0 3301.0 537.0 3301.0 537.0 3307.0 520.0 3307.0 ship 1
319.0 3431.0 336.0 3431.0 336.0 3452.0 319.0 3452.0 ship 1
357.0 3374.0 374.0 3374.0 374.0 3390.0 357.0 3390.0 ship 1
357.0 3367.0 378.0 3367.0 378.0 3387.0 357.0 3387.0 ship 1
514.0 3319.0 531.0 3319.0 531.0 3328.0 514.0 3328.0 ship 1
517.0 3312.0 532.0 3312.0 532.0 3320.0 517.0 3320.0 ship 1
514.0 3305.0 535.0 3305.0 535.0 3314.0 514.0 3314.0 ship 1
637.0 3312.0 663.0 3312.0 663.0 3326.0 637.0 3326.0 ship 0
