imagesource:GF
gsd:1
3270.0 2071.0 3281.0 2071.0 3281.0 2081.0 3270.0 2081.0 ship 1
3206.0 2022.0 3324.0 2022.0 3324.0 2163.0 3206.0 2163.0 harbor 0
1309.0 893.0 1335.0 893.0 1335.0 921.0 1309.0 921.0 bridge 0
1139.0 1281.0 1251.0 1281.0 1251.0 1361.0 1139.0 1361.0 ground-track-field 0
1708.0 2314.0 1815.0 2314.0 1815.0 2425.0 1708.0 2425.0 ground-track-field 0
3602.0 3040.0 3633.0 3040.0 3633.0 3071.0 3602.0 3071.0 bridge 0
3169.0 128.0 3215.0 128.0 3215.0 178.0 3169.0 178.0 ship 1
2685.0 2197.0 2753.0 2197.0 2753.0 2273.0 2685.0 2273.0 bridge 0
1719.0 367.0 1795.0 367.0 1795.0 440.0 1719.0 440.0 ship 0
1599.0 12.0 1659.0 12.0 1659.0 74.0 1599.0 74.0 ship 1
3311.0 2177.0 3528.0 2177.0 3528.0 2355.0 3311.0 2355.0 harbor 0
3385.0 2116.0 3519.0 2116.0 3519.0 2274.0 3385.0 2274.0 harbor 0
3308.0 2061.0 3440.0 2061.0 3440.0 2211.0 3308.0 2211.0 harbor 0
2628.0 1422.0 2691.0 1422.0 2691.0 1486.0 2628.0 1486.0 harbor 0
3260.0 2089.0 3272.0 2089.0 3272.0 2098.0 3260.0 2098.0 ship 1
1866.0 1148.0 1914.0 1148.0 1914.0 1195.0 1866.0 1195.0 ship 0
1945.0 1022.0 1993.0 1022.0 1993.0 1091.0 1945.0 1091.0 ship 0
1910.0 1052.0 1940.0 1052.0 1940.0 1103.0 1910.0 1103.0 ship 0
1848.0 1100.0 1908.0 1100.0 1908.0 1169.0 1848.0 1169.0 ship 0
1834.0 1076.0 1892.0 1076.0 1892.0 1144.0 1834.0 1144.0 ship 0
1737.0 163.0 1803.0 163.0 1803.0 244.0 1737.0 244.0 ship 0
1695.0 162.0 1774.0 162.0 1774.0 251.0 1695.0 251.0 ship 0
1658.0 162.0 1745.0 162.0 1745.0 243.0 1658.0 243.0 ship 0
1665.0 125.0 1758.0 125.0 1758.0 197.0 1665.0 197.0 ship 0
1656.0 99.0 1746.0 99.0 1746.0 176.0 1656.0 176.0 ship 0
1578.0 33.0 1636.0 33.0 1636.0 92.0 1578.0 92.0 ship 0
1051.0 1218.0 1066.0 1218.0 1066.0 1232.0 1051.0 1232.0 bridge 1
1376.0 1171.0 1387.0 1171.0 1387.0 1183.0 1376.0 1183.0 bridge 1
3896.0 2585.0 3952.0 2585.0 3952.0 2649.0 3896.0 2649.0 bridge 1
3846.0 2695.0 3875.0 2695.0 3875.0 2723.0 3846.0 2723.0 bridge 1
3248.0 2091.0 3258.0 2091.0 3258.0 2101.0 3248.0 2101.0 ship 1
3245.0 2115.0 3254.0 2115.0 3254.0 2124.0 3245.0 2124.0 ship 1
3420.0 2235.0 3438.0 2235.0 3438.0 2250.0 3420.0 2250.0 ship 0
3415.0 2243.0 3433.0 2243.0 3433.0 2257.0 3415.0 2257.0 ship 0
3341.0 2217.0 3352.0 2217.0 3352.0 2226.0 3341.0 2226.0 ship 1
3350.0 2225.0 3361.0 2225.0 3361.0 2236.0 3350.0 2236.0 ship 1
3355.0 2229.0 3367.0 2229.0 3367.0 2242.0 3355.0 2242.0 ship 1
3360.0 2234.0 3371.0 2234.0 3371.0 2247.0 3360.0 2247.0 ship 1
3372.0 2244.0 3384.0 2244.0 3384.0 2256.0 3372.0 2256.0 ship 1
3377.0 2246.0 3390.0 2246.0 3390.0 2261.0 3377.0 2261.0 ship 1
3392.0 2260.0 3405.0 2260.0 3405.0 2273.0 3392.0 2273.0 ship 1
3403.0 2268.0 3419.0 2268.0 3419.0 2284.0 3403.0 2284.0 ship 0
3417.0 2279.0 3431.0 2279.0 3431.0 2293.0 3417.0 2293.0 ship 1
3441.0 2275.0 3463.0 2275.0 3463.0 2294.0 3441.0 2294.0 ship 0
3423.0 2185.0 3443.0 2185.0 3443.0 2202.0 3423.0 2202.0 ship 0
3403.0 2205.0 3426.0 2205.0 3426.0 2226.0 3403.0 2226.0 ship 0
3335.0 2162.0 3354.0 2162.0 3354.0 2180.0 3335.0 2180.0 ship 0
3297.0 2151.0 3313.0 2151.0 3313.0 2166.0 3297.0 2166.0 ship 0
3239.0 2138.0 3252.0 2138.0 3252.0 2150.0 3239.0 2150.0 ship 1
3102.0 2196.0 3119.0 2196.0 3119.0 2210.0 3102.0 2210.0 ship 0
3079.0 2169.0 3097.0 2169.0 3097.0 2192.0 3079.0 2192.0 ship 0
3673.0 2905.0 3729.0 2905.0 3729.0 2978.0 3673.0 2978.0 bridge 0
3749.0 2838.0 3774.0 2838.0 3774.0 2863.0 3749.0 2863.0 bridge 1
2034.0 430.0 2094.0 430.0 2094.0 579.0 2034.0 579.0 ship 0
