imagesource:GF
gsd:1
2754.0 3758.0 2763.0 3758.0 2763.0 3771.0 2754.0 3771.0 ship 1
2676.0 3524.0 2696.0 3524.0 2696.0 3546.0 2676.0 3546.0 ship 1
2748.0 3591.0 2768.0 3591.0 2768.0 3613.0 2748.0 3613.0 ship 1
2743.0 3587.0 2762.0 3587.0 2762.0 3610.0 2743.0 3610.0 ship 1
2735.0 3580.0 2755.0 3580.0 2755.0 3603.0 2735.0 3603.0 ship 1
2730.0 3575.0 2749.0 3575.0 2749.0 3596.0 2730.0 3596.0 ship 1
2721.0 3566.0 2743.0 3566.0 2743.0 3590.0 2721.0 3590.0 ship 1
2715.0 3560.0 2738.0 3560.0 2738.0 3585.0 2715.0 3585.0 ship 1
2709.0 3555.0 2730.0 3555.0 2730.0 3578.0 2709.0 3578.0 ship 1
2702.0 3549.0 2724.0 3549.0 2724.0 3572.0 2702.0 3572.0 ship 1
2696.0 3543.0 2717.0 3543.0 2717.0 3565.0 2696.0 3565.0 ship 1
2689.0 3538.0 2710.0 3538.0 2710.0 3559.0 2689.0 3559.0 ship 1
2682.0 3532.0 2703.0 3532.0 2703.0 3555.0 2682.0 3555.0 ship 1
2671.0 3520.0 2688.0 3520.0 2688.0 3538.0 2671.0 3538.0 ship 1
2762.0 3606.0 2781.0 3606.0 2781.0 3627.0 2762.0 3627.0 ship 1
2664.0 3513.0 2685.0 3513.0 2685.0 3534.0 2664.0 3534.0 ship 1
2656.0 3505.0 2678.0 3505.0 2678.0 3528.0 2656.0 3528.0 ship 1
2649.0 3502.0 2669.0 3502.0 2669.0 3523.0 2649.0 3523.0 ship 1
2641.0 3498.0 2660.0 3498.0 2660.0 3518.0 2641.0 3518.0 ship 1
2637.0 3489.0 2656.0 3489.0 2656.0 3508.0 2637.0 3508.0 ship 1
2629.0 3481.0 2650.0 3481.0 2650.0 3505.0 2629.0 3505.0 ship 1
2624.0 3477.0 2643.0 3477.0 2643.0 3497.0 2624.0 3497.0 ship 1
2617.0 3469.0 2636.0 3469.0 2636.0 3489.0 2617.0 3489.0 ship 1
2610.0 3464.0 2631.0 3464.0 2631.0 3486.0 2610.0 3486.0 ship 1
2603.0 3458.0 2623.0 3458.0 2623.0 3478.0 2603.0 3478.0 ship 1
2596.0 3450.0 2616.0 3450.0 2616.0 3474.0 2596.0 3474.0 ship 1
2757.0 3600.0 2777.0 3600.0 2777.0 3620.0 2757.0 3620.0 ship 1
2770.0 3612.0 2788.0 3612.0 2788.0 3633.0 2770.0 3633.0 ship 1
2453.0 3889.0 2462.0 3889.0 2462.0 3907.0 2453.0 3907.0 ship 1
2579.0 3539.0 2604.0 3539.0 2604.0 3562.0 2579.0 3562.0 ship 1
2509.0 3440.0 2527.0 3440.0 2527.0 3459.0 2509.0 3459.0 ship 1
2514.0 3446.0 2533.0 3446.0 2533.0 3466.0 2514.0 3466.0 ship 1
2522.0 3450.0 2540.0 3450.0 2540.0 3471.0 2522.0 3471.0 ship 1
2527.0 3457.0 2546.0 3457.0 2546.0 3476.0 2527.0 3476.0 ship 1
2534.0 3463.0 2552.0 3463.0 2552.0 3481.0 2534.0 3481.0 ship 1
2541.0 3467.0 2558.0 3467.0 2558.0 3485.0 2541.0 3485.0 ship 1
2548.0 3471.0 2568.0 3471.0 2568.0 3491.0 2548.0 3491.0 ship 1
2552.0 3511.0 2574.0 3511.0 2574.0 3534.0 2552.0 3534.0 ship 1
2558.0 3518.0 2581.0 3518.0 2581.0 3541.0 2558.0 3541.0 ship 1
2565.0 3526.0 2588.0 3526.0 2588.0 3548.0 2565.0 3548.0 ship 1
2573.0 3532.0 2597.0 3532.0 2597.0 3555.0 2573.0 3555.0 ship 1
2591.0 3545.0 2614.0 3545.0 2614.0 3569.0 2591.0 3569.0 ship 1
2776.0 3617.0 2797.0 3617.0 2797.0 3639.0 2776.0 3639.0 ship 1
2598.0 3552.0 2620.0 3552.0 2620.0 3576.0 2598.0 3576.0 ship 1
2604.0 3560.0 2627.0 3560.0 2627.0 3585.0 2604.0 3585.0 ship 1
2611.0 3569.0 2632.0 3569.0 2632.0 3591.0 2611.0 3591.0 ship 1
2621.0 3576.0 2642.0 3576.0 2642.0 3599.0 2621.0 3599.0 ship 1
2627.0 3581.0 2648.0 3581.0 2648.0 3607.0 2627.0 3607.0 ship 1
2635.0 3592.0 2655.0 3592.0 2655.0 3614.0 2635.0 3614.0 ship 1
2641.0 3599.0 2661.0 3599.0 2661.0 3620.0 2641.0 3620.0 ship 1
2646.0 3605.0 2666.0 3605.0 2666.0 3627.0 2646.0 3627.0 ship 1
2654.0 3612.0 2672.0 3612.0 2672.0 3633.0 2654.0 3633.0 ship 1
2661.0 3619.0 2680.0 3619.0 2680.0 3639.0 2661.0 3639.0 ship 1
2675.0 3629.0 2695.0 3629.0 2695.0 3649.0 2675.0 3649.0 ship 1
2589.0 3445.0 2610.0 3445.0 2610.0 3467.0 2589.0 3467.0 ship 1
2585.0 3438.0 2603.0 3438.0 2603.0 3458.0 2585.0 3458.0 ship 1
2579.0 3432.0 2597.0 3432.0 2597.0 3452.0 2579.0 3452.0 ship 1
2176.0 3830.0 2192.0 3830.0 2192.0 3847.0 2176.0 3847.0 ship 0
1948.0 3716.0 1960.0 3716.0 1960.0 3727.0 1948.0 3727.0 ship 1
1981.0 3733.0 1991.0 3733.0 1991.0 3745.0 1981.0 3745.0 ship 1
2035.0 3809.0 2047.0 3809.0 2047.0 3819.0 2035.0 3819.0 ship 1
2065.0 3789.0 2076.0 3789.0 2076.0 3802.0 2065.0 3802.0 ship 1
2103.0 3777.0 2113.0 3777.0 2113.0 3791.0 2103.0 3791.0 ship 1
1471.0 3244.0 1515.0 3244.0 1515.0 3274.0 1471.0 3274.0 ship 1
1406.0 3173.0 1494.0 3173.0 1494.0 3236.0 1406.0 3236.0 harbor 0
973.0 1804.0 991.0 1804.0 991.0 1823.0 973.0 1823.0 roundabout 0
3908.0 3897.0 3923.0 3897.0 3923.0 3917.0 3908.0 3917.0 bridge 0
3665.0 3750.0 3842.0 3750.0 3842.0 3803.0 3665.0 3803.0 bridge 0
2116.0 3822.0 2133.0 3822.0 2133.0 3839.0 2116.0 3839.0 ship 0
1759.0 3204.0 1774.0 3204.0 1774.0 3228.0 1759.0 3228.0 ship 0
2573.0 3425.0 2591.0 3425.0 2591.0 3445.0 2573.0 3445.0 ship 1
1754.0 3197.0 1769.0 3197.0 1769.0 3220.0 1754.0 3220.0 ship 0
1746.0 3197.0 1761.0 3197.0 1761.0 3217.0 1746.0 3217.0 ship 0
1738.0 3192.0 1753.0 3192.0 1753.0 3214.0 1738.0 3214.0 ship 0
1667.0 3152.0 1704.0 3152.0 1704.0 3196.0 1667.0 3196.0 ship 0
1771.0 3087.0 1811.0 3087.0 1811.0 3124.0 1771.0 3124.0 ship 0
1823.0 3008.0 1877.0 3008.0 1877.0 3051.0 1823.0 3051.0 ship 0
1721.0 3158.0 1750.0 3158.0 1750.0 3204.0 1721.0 3204.0 ship 0
1423.0 3157.0 1478.0 3157.0 1478.0 3195.0 1423.0 3195.0 ship 0
1489.0 3168.0 1535.0 3168.0 1535.0 3222.0 1489.0 3222.0 ship 0
1431.0 3252.0 1448.0 3252.0 1448.0 3270.0 1431.0 3270.0 ship 0
1476.0 3260.0 1511.0 3260.0 1511.0 3287.0 1476.0 3287.0 ship 0
1887.0 3723.0 1897.0 3723.0 1897.0 3732.0 1887.0 3732.0 ship 1
2261.0 3360.0 2284.0 3360.0 2284.0 3381.0 2261.0 3381.0 ship 1
2268.0 3353.0 2288.0 3353.0 2288.0 3374.0 2268.0 3374.0 ship 1
2275.0 3347.0 2296.0 3347.0 2296.0 3370.0 2275.0 3370.0 ship 1
2566.0 3419.0 2583.0 3419.0 2583.0 3438.0 2566.0 3438.0 ship 1
2559.0 3414.0 2577.0 3414.0 2577.0 3432.0 2559.0 3432.0 ship 1
2552.0 3407.0 2572.0 3407.0 2572.0 3428.0 2552.0 3428.0 ship 1
2547.0 3401.0 2565.0 3401.0 2565.0 3420.0 2547.0 3420.0 ship 1
2540.0 3395.0 2558.0 3395.0 2558.0 3415.0 2540.0 3415.0 ship 1
2512.0 3394.0 2527.0 3394.0 2527.0 3401.0 2512.0 3401.0 ship 1
2453.0 3398.0 2465.0 3398.0 2465.0 3410.0 2453.0 3410.0 ship 1
2440.0 3384.0 2449.0 3384.0 2449.0 3394.0 2440.0 3394.0 ship 1
2437.0 3379.0 2445.0 3379.0 2445.0 3389.0 2437.0 3389.0 ship 1
2431.0 3375.0 2440.0 3375.0 2440.0 3386.0 2431.0 3386.0 ship 1
2423.0 3368.0 2432.0 3368.0 2432.0 3380.0 2423.0 3380.0 ship 1
2416.0 3363.0 2426.0 3363.0 2426.0 3375.0 2416.0 3375.0 ship 1
2397.0 3345.0 2407.0 3345.0 2407.0 3356.0 2397.0 3356.0 ship 1
2389.0 3337.0 2399.0 3337.0 2399.0 3348.0 2389.0 3348.0 ship 1
2363.0 3324.0 2370.0 3324.0 2370.0 3337.0 2363.0 3337.0 ship 1
2351.0 3319.0 2358.0 3319.0 2358.0 3333.0 2351.0 3333.0 ship 1
2340.0 3317.0 2347.0 3317.0 2347.0 3329.0 2340.0 3329.0 ship 1
2334.0 3314.0 2341.0 3314.0 2341.0 3328.0 2334.0 3328.0 ship 1
2305.0 3314.0 2325.0 3314.0 2325.0 3334.0 2305.0 3334.0 ship 1
2299.0 3321.0 2320.0 3321.0 2320.0 3340.0 2299.0 3340.0 ship 1
2292.0 3328.0 2313.0 3328.0 2313.0 3347.0 2292.0 3347.0 ship 1
2286.0 3333.0 2308.0 3333.0 2308.0 3354.0 2286.0 3354.0 ship 1
2280.0 3339.0 2303.0 3339.0 2303.0 3363.0 2280.0 3363.0 ship 1
2504.0 3435.0 2522.0 3435.0 2522.0 3455.0 2504.0 3455.0 ship 1
2498.0 3429.0 2517.0 3429.0 2517.0 3448.0 2498.0 3448.0 ship 1
2492.0 3424.0 2511.0 3424.0 2511.0 3442.0 2492.0 3442.0 ship 1
2462.0 3589.0 2475.0 3589.0 2475.0 3604.0 2462.0 3604.0 ship 1
2417.0 3514.0 2434.0 3514.0 2434.0 3535.0 2417.0 3535.0 ship 1
2423.0 3522.0 2440.0 3522.0 2440.0 3539.0 2423.0 3539.0 ship 1
2428.0 3527.0 2447.0 3527.0 2447.0 3546.0 2428.0 3546.0 ship 1
2435.0 3530.0 2454.0 3530.0 2454.0 3551.0 2435.0 3551.0 ship 1
2441.0 3536.0 2458.0 3536.0 2458.0 3557.0 2441.0 3557.0 ship 1
2452.0 3549.0 2469.0 3549.0 2469.0 3569.0 2452.0 3569.0 ship 1
2458.0 3554.0 2476.0 3554.0 2476.0 3573.0 2458.0 3573.0 ship 1
2465.0 3560.0 2482.0 3560.0 2482.0 3581.0 2465.0 3581.0 ship 1
2471.0 3565.0 2489.0 3565.0 2489.0 3583.0 2471.0 3583.0 ship 1
2474.0 3572.0 2494.0 3572.0 2494.0 3590.0 2474.0 3590.0 ship 1
2481.0 3578.0 2499.0 3578.0 2499.0 3597.0 2481.0 3597.0 ship 1
2462.0 3596.0 2480.0 3596.0 2480.0 3616.0 2462.0 3616.0 ship 1
2449.0 3445.0 2466.0 3445.0 2466.0 3463.0 2449.0 3463.0 ship 1
2470.0 3604.0 2494.0 3604.0 2494.0 3629.0 2470.0 3629.0 ship 1
2511.0 3597.0 2531.0 3597.0 2531.0 3614.0 2511.0 3614.0 ship 1
2489.0 3604.0 2509.0 3604.0 2509.0 3621.0 2489.0 3621.0 ship 1
2479.0 3624.0 2497.0 3624.0 2497.0 3641.0 2479.0 3641.0 ship 1
2490.0 3613.0 2518.0 3613.0 2518.0 3645.0 2490.0 3645.0 ship 1
2495.0 3638.0 2514.0 3638.0 2514.0 3659.0 2495.0 3659.0 ship 1
2513.0 3621.0 2529.0 3621.0 2529.0 3639.0 2513.0 3639.0 ship 1
2420.0 3423.0 2433.0 3423.0 2433.0 3436.0 2420.0 3436.0 ship 1
2426.0 3427.0 2439.0 3427.0 2439.0 3442.0 2426.0 3442.0 ship 1
2432.0 3431.0 2444.0 3431.0 2444.0 3447.0 2432.0 3447.0 ship 1
2437.0 3432.0 2455.0 3432.0 2455.0 3450.0 2437.0 3450.0 ship 1
2412.0 3509.0 2429.0 3509.0 2429.0 3527.0 2412.0 3527.0 ship 1
2404.0 3504.0 2424.0 3504.0 2424.0 3523.0 2404.0 3523.0 ship 1
2400.0 3497.0 2417.0 3497.0 2417.0 3519.0 2400.0 3519.0 ship 1
2392.0 3493.0 2411.0 3493.0 2411.0 3512.0 2392.0 3512.0 ship 1
2305.0 3413.0 2322.0 3413.0 2322.0 3432.0 2305.0 3432.0 ship 1
2309.0 3405.0 2331.0 3405.0 2331.0 3426.0 2309.0 3426.0 ship 1
2316.0 3401.0 2337.0 3401.0 2337.0 3420.0 2316.0 3420.0 ship 1
2322.0 3394.0 2343.0 3394.0 2343.0 3412.0 2322.0 3412.0 ship 1
2330.0 3386.0 2350.0 3386.0 2350.0 3408.0 2330.0 3408.0 ship 1
2334.0 3379.0 2356.0 3379.0 2356.0 3400.0 2334.0 3400.0 ship 1
2342.0 3374.0 2361.0 3374.0 2361.0 3395.0 2342.0 3395.0 ship 1
2344.0 3365.0 2366.0 3365.0 2366.0 3388.0 2344.0 3388.0 ship 1
2354.0 3358.0 2373.0 3358.0 2373.0 3379.0 2354.0 3379.0 ship 1
2335.0 3421.0 2351.0 3421.0 2351.0 3436.0 2335.0 3436.0 ship 1
2341.0 3415.0 2359.0 3415.0 2359.0 3431.0 2341.0 3431.0 ship 1
2346.0 3410.0 2363.0 3410.0 2363.0 3424.0 2346.0 3424.0 ship 1
2350.0 3404.0 2369.0 3404.0 2369.0 3419.0 2350.0 3419.0 ship 1
2357.0 3398.0 2375.0 3398.0 2375.0 3413.0 2357.0 3413.0 ship 1
2362.0 3392.0 2380.0 3392.0 2380.0 3407.0 2362.0 3407.0 ship 1
2372.0 3379.0 2388.0 3379.0 2388.0 3396.0 2372.0 3396.0 ship 1
2375.0 3371.0 2395.0 3371.0 2395.0 3389.0 2375.0 3389.0 ship 1
2357.0 3461.0 2375.0 3461.0 2375.0 3479.0 2357.0 3479.0 ship 1
2364.0 3466.0 2381.0 3466.0 2381.0 3484.0 2364.0 3484.0 ship 1
2371.0 3470.0 2389.0 3470.0 2389.0 3488.0 2371.0 3488.0 ship 1
2376.0 3476.0 2393.0 3476.0 2393.0 3495.0 2376.0 3495.0 ship 1
2381.0 3480.0 2399.0 3480.0 2399.0 3502.0 2381.0 3502.0 ship 1
2384.0 3489.0 2404.0 3489.0 2404.0 3507.0 2384.0 3507.0 ship 1
2443.0 3438.0 2461.0 3438.0 2461.0 3457.0 2443.0 3457.0 ship 1
2455.0 3450.0 2471.0 3450.0 2471.0 3468.0 2455.0 3468.0 ship 1
2487.0 3418.0 2505.0 3418.0 2505.0 3438.0 2487.0 3438.0 ship 1
2589.0 3590.0 2611.0 3590.0 2611.0 3616.0 2589.0 3616.0 ship 1
2512.0 3541.0 2532.0 3541.0 2532.0 3559.0 2512.0 3559.0 ship 1
2524.0 3518.0 2542.0 3518.0 2542.0 3537.0 2524.0 3537.0 ship 1
2530.0 3522.0 2551.0 3522.0 2551.0 3541.0 2530.0 3541.0 ship 1
2522.0 3542.0 2543.0 3542.0 2543.0 3566.0 2522.0 3566.0 ship 1
2536.0 3540.0 2558.0 3540.0 2558.0 3566.0 2536.0 3566.0 ship 1
2544.0 3548.0 2566.0 3548.0 2566.0 3572.0 2544.0 3572.0 ship 1
2552.0 3554.0 2573.0 3554.0 2573.0 3580.0 2552.0 3580.0 ship 1
2559.0 3562.0 2581.0 3562.0 2581.0 3586.0 2559.0 3586.0 ship 1
2569.0 3569.0 2590.0 3569.0 2590.0 3592.0 2569.0 3592.0 ship 1
2575.0 3577.0 2596.0 3577.0 2596.0 3599.0 2575.0 3599.0 ship 1
2583.0 3584.0 2603.0 3584.0 2603.0 3607.0 2583.0 3607.0 ship 1
2599.0 3601.0 2618.0 3601.0 2618.0 3621.0 2599.0 3621.0 ship 1
2460.0 3455.0 2478.0 3455.0 2478.0 3474.0 2460.0 3474.0 ship 1
2605.0 3606.0 2625.0 3606.0 2625.0 3629.0 2605.0 3629.0 ship 1
2617.0 3613.0 2635.0 3613.0 2635.0 3633.0 2617.0 3633.0 ship 1
2624.0 3621.0 2641.0 3621.0 2641.0 3638.0 2624.0 3638.0 ship 1
2629.0 3627.0 2647.0 3627.0 2647.0 3646.0 2629.0 3646.0 ship 1
2637.0 3632.0 2654.0 3632.0 2654.0 3652.0 2637.0 3652.0 ship 1
2644.0 3638.0 2661.0 3638.0 2661.0 3658.0 2644.0 3658.0 ship 1
2651.0 3646.0 2667.0 3646.0 2667.0 3664.0 2651.0 3664.0 ship 1
2656.0 3650.0 2675.0 3650.0 2675.0 3670.0 2656.0 3670.0 ship 1
2470.0 3401.0 2487.0 3401.0 2487.0 3419.0 2470.0 3419.0 ship 1
2475.0 3408.0 2492.0 3408.0 2492.0 3427.0 2475.0 3427.0 ship 1
2481.0 3413.0 2498.0 3413.0 2498.0 3431.0 2481.0 3431.0 ship 1
2507.0 3535.0 2526.0 3535.0 2526.0 3555.0 2507.0 3555.0 ship 1
2500.0 3529.0 2521.0 3529.0 2521.0 3550.0 2500.0 3550.0 ship 1
2496.0 3524.0 2513.0 3524.0 2513.0 3544.0 2496.0 3544.0 ship 1
2489.0 3520.0 2506.0 3520.0 2506.0 3539.0 2489.0 3539.0 ship 1
2466.0 3462.0 2485.0 3462.0 2485.0 3480.0 2466.0 3480.0 ship 1
2472.0 3468.0 2489.0 3468.0 2489.0 3485.0 2472.0 3485.0 ship 1
2478.0 3473.0 2497.0 3473.0 2497.0 3491.0 2478.0 3491.0 ship 1
2485.0 3477.0 2502.0 3477.0 2502.0 3496.0 2485.0 3496.0 ship 1
2490.0 3482.0 2508.0 3482.0 2508.0 3502.0 2490.0 3502.0 ship 1
2494.0 3489.0 2513.0 3489.0 2513.0 3508.0 2494.0 3508.0 ship 1
2499.0 3493.0 2519.0 3493.0 2519.0 3514.0 2499.0 3514.0 ship 1
2506.0 3500.0 2524.0 3500.0 2524.0 3519.0 2506.0 3519.0 ship 1
2394.0 3426.0 2410.0 3426.0 2410.0 3444.0 2394.0 3444.0 ship 1
2404.0 3439.0 2418.0 3439.0 2418.0 3453.0 2404.0 3453.0 ship 1
2408.0 3443.0 2424.0 3443.0 2424.0 3460.0 2408.0 3460.0 ship 1
2416.0 3448.0 2430.0 3448.0 2430.0 3464.0 2416.0 3464.0 ship 1
2420.0 3452.0 2435.0 3452.0 2435.0 3469.0 2420.0 3469.0 ship 1
2426.0 3458.0 2440.0 3458.0 2440.0 3474.0 2426.0 3474.0 ship 1
2428.0 3461.0 2449.0 3461.0 2449.0 3484.0 2428.0 3484.0 ship 1
2441.0 3475.0 2459.0 3475.0 2459.0 3494.0 2441.0 3494.0 ship 1
2446.0 3482.0 2466.0 3482.0 2466.0 3500.0 2446.0 3500.0 ship 1
2453.0 3486.0 2473.0 3486.0 2473.0 3505.0 2453.0 3505.0 ship 1
2460.0 3491.0 2477.0 3491.0 2477.0 3510.0 2460.0 3510.0 ship 1
2464.0 3498.0 2482.0 3498.0 2482.0 3518.0 2464.0 3518.0 ship 1
2473.0 3504.0 2488.0 3504.0 2488.0 3523.0 2473.0 3523.0 ship 1
2477.0 3509.0 2496.0 3509.0 2496.0 3528.0 2477.0 3528.0 ship 1
2483.0 3513.0 2500.0 3513.0 2500.0 3532.0 2483.0 3532.0 ship 1
1481.0 3261.0 1536.0 3261.0 1536.0 3302.0 1481.0 3302.0 ship 0
