imagesource:GF
gsd:1
2821.0 1479.0 2851.0 1479.0 2851.0 1499.0 2821.0 1499.0 ship 1
2395.0 1648.0 2429.0 1648.0 2429.0 1675.0 2395.0 1675.0 ship 1
2482.0 3796.0 2509.0 3796.0 2509.0 3824.0 2482.0 3824.0 ship 1
2179.0 1582.0 2209.0 1582.0 2209.0 1658.0 2179.0 1658.0 harbor 0
3137.0 1436.0 3153.0 1436.0 3153.0 1450.0 3137.0 1450.0 ship 1
2977.0 1613.0 2998.0 1613.0 2998.0 1661.0 2977.0 1661.0 ship 0
3127.0 1290.0 3161.0 1290.0 3161.0 1319.0 3127.0 1319.0 ship 0
3121.0 1282.0 3152.0 1282.0 3152.0 1310.0 3121.0 1310.0 ship 0
2002.0 1491.0 2013.0 1491.0 2013.0 1505.0 2002.0 1505.0 ship 1
1284.0 2437.0 1307.0 2437.0 1307.0 2461.0 1284.0 2461.0 ship 0
70.0 832.0 82.0 832.0 82.0 877.0 70.0 877.0 ship 0
252.0 329.0 270.0 329.0 270.0 372.0 252.0 372.0 ship 0
