imagesource:GoogleEarth
gsd:1.05328333502
1674.0 88.0 1698.0 88.0 1698.0 112.0 1674.0 112.0 plane 0
1635.0 543.0 1684.0 543.0 1684.0 594.0 1635.0 594.0 plane 0
983.0 932.0 1063.0 932.0 1063.0 1016.0 983.0 1016.0 plane 0
1320.0 1006.0 1388.0 1006.0 1388.0 1076.0 1320.0 1076.0 plane 0
1529.0 855.0 1605.0 855.0 1605.0 935.0 1529.0 935.0 plane 0
1599.0 805.0 1657.0 805.0 1657.0 873.0 1599.0 873.0 plane 0
1664.0 808.0 1705.0 808.0 1705.0 854.0 1664.0 854.0 plane 0
1710.0 720.0 1775.0 720.0 1775.0 785.0 1710.0 785.0 plane 0
1700.0 776.0 1738.0 776.0 1738.0 817.0 1700.0 817.0 plane 0
1710.0 643.0 1799.0 643.0 1799.0 725.0 1710.0 725.0 plane 0
1715.0 589.0 1794.0 589.0 1794.0 660.0 1715.0 660.0 plane 0
1669.0 525.0 1757.0 525.0 1757.0 605.0 1669.0 605.0 plane 0
1676.0 147.0 1764.0 147.0 1764.0 224.0 1676.0 224.0 plane 0
1700.0 223.0 1769.0 223.0 1769.0 291.0 1700.0 291.0 plane 0
1727.0 297.0 1773.0 297.0 1773.0 334.0 1727.0 334.0 plane 0
1907.0 1094.0 1983.0 1094.0 1983.0 1168.0 1907.0 1168.0 plane 0
1793.0 971.0 1837.0 971.0 1837.0 1014.0 1793.0 1014.0 plane 0
1833.0 828.0 1920.0 828.0 1920.0 912.0 1833.0 912.0 plane 0
1865.0 770.0 1937.0 770.0 1937.0 835.0 1865.0 835.0 plane 0
1268.0 1719.0 1341.0 1719.0 1341.0 1788.0 1268.0 1788.0 plane 0
