imagesource:GoogleEarth
gsd:0.140526395012
2418.0 6513.0 2471.0 6513.0 2471.0 6555.0 2418.0 6555.0 ship 0
2763.0 5221.0 2837.0 5221.0 2837.0 5276.0 2763.0 5276.0 ship 0
2762.0 4901.0 2838.0 4901.0 2838.0 4961.0 2762.0 4961.0 ship 0
2748.0 4881.0 2822.0 4881.0 2822.0 4940.0 2748.0 4940.0 ship 0
2818.0 4839.0 2878.0 4839.0 2878.0 4887.0 2818.0 4887.0 ship 0
2702.0 4820.0 2766.0 4820.0 2766.0 4900.0 2702.0 4900.0 ship 0
2474.0 4778.0 2881.0 4778.0 2881.0 5457.0 2474.0 5457.0 harbor 0
2860.0 5391.0 2936.0 5391.0 2936.0 5445.0 2860.0 5445.0 ship 0
2851.0 5369.0 2919.0 5369.0 2919.0 5423.0 2851.0 5423.0 ship 0
2822.0 5314.0 2896.0 5314.0 2896.0 5381.0 2822.0 5381.0 ship 0
2806.0 5295.0 2873.0 5295.0 2873.0 5358.0 2806.0 5358.0 ship 0
2796.0 5281.0 2851.0 5281.0 2851.0 5322.0 2796.0 5322.0 ship 0
2752.0 5190.0 2824.0 5190.0 2824.0 5249.0 2752.0 5249.0 ship 0
2800.0 4858.0 3090.0 4858.0 3090.0 5321.0 2800.0 5321.0 harbor 0
2734.0 5164.0 2805.0 5164.0 2805.0 5232.0 2734.0 5232.0 ship 0
2719.0 5146.0 2793.0 5146.0 2793.0 5198.0 2719.0 5198.0 ship 0
2707.0 5125.0 2770.0 5125.0 2770.0 5178.0 2707.0 5178.0 ship 0
2694.0 5108.0 2758.0 5108.0 2758.0 5157.0 2694.0 5157.0 ship 0
2680.0 5076.0 2748.0 5076.0 2748.0 5132.0 2680.0 5132.0 ship 0
2669.0 5053.0 2733.0 5053.0 2733.0 5113.0 2669.0 5113.0 ship 0
2661.0 5038.0 2716.0 5038.0 2716.0 5088.0 2661.0 5088.0 ship 0
2648.0 5010.0 2707.0 5010.0 2707.0 5062.0 2648.0 5062.0 ship 0
2629.0 4997.0 2689.0 4997.0 2689.0 5051.0 2629.0 5051.0 ship 0
2618.0 4960.0 2682.0 4960.0 2682.0 5017.0 2618.0 5017.0 ship 0
2802.0 4950.0 2865.0 4950.0 2865.0 5010.0 2802.0 5010.0 ship 0
2825.0 5002.0 2894.0 5002.0 2894.0 5057.0 2825.0 5057.0 ship 0
2830.0 5026.0 2907.0 5026.0 2907.0 5089.0 2830.0 5089.0 ship 0
2853.0 5051.0 2921.0 5051.0 2921.0 5105.0 2853.0 5105.0 ship 0
3053.0 5226.0 3131.0 5226.0 3131.0 5287.0 3053.0 5287.0 ship 0
3041.0 5202.0 3118.0 5202.0 3118.0 5265.0 3041.0 5265.0 ship 0
3024.0 5176.0 3099.0 5176.0 3099.0 5237.0 3024.0 5237.0 ship 0
3010.0 5144.0 3084.0 5144.0 3084.0 5214.0 3010.0 5214.0 ship 0
2996.0 5117.0 3064.0 5117.0 3064.0 5179.0 2996.0 5179.0 ship 0
2981.0 5095.0 3048.0 5095.0 3048.0 5158.0 2981.0 5158.0 ship 0
2944.0 5037.0 3019.0 5037.0 3019.0 5106.0 2944.0 5106.0 ship 0
2936.0 5022.0 2998.0 5022.0 2998.0 5077.0 2936.0 5077.0 ship 0
2918.0 4993.0 2992.0 4993.0 2992.0 5054.0 2918.0 5054.0 ship 0
2879.0 4930.0 2941.0 4930.0 2941.0 4986.0 2879.0 4986.0 ship 0
2866.0 4896.0 2934.0 4896.0 2934.0 4960.0 2866.0 4960.0 ship 0
3014.0 5302.0 3072.0 5302.0 3072.0 5358.0 3014.0 5358.0 ship 0
3000.0 5289.0 3059.0 5289.0 3059.0 5339.0 3000.0 5339.0 ship 0
2982.0 5265.0 3049.0 5265.0 3049.0 5323.0 2982.0 5323.0 ship 0
2970.0 5238.0 3033.0 5238.0 3033.0 5293.0 2970.0 5293.0 ship 0
2956.0 5218.0 3024.0 5218.0 3024.0 5269.0 2956.0 5269.0 ship 0
2932.0 5196.0 3007.0 5196.0 3007.0 5254.0 2932.0 5254.0 ship 0
2924.0 5172.0 2990.0 5172.0 2990.0 5230.0 2924.0 5230.0 ship 0
2918.0 5155.0 2980.0 5155.0 2980.0 5199.0 2918.0 5199.0 ship 0
2902.0 5126.0 2965.0 5126.0 2965.0 5179.0 2902.0 5179.0 ship 0
2861.0 5074.0 2936.0 5074.0 2936.0 5132.0 2861.0 5132.0 ship 0
2598.0 4930.0 2656.0 4930.0 2656.0 4978.0 2598.0 4978.0 ship 0
2580.0 4906.0 2636.0 4906.0 2636.0 4956.0 2580.0 4956.0 ship 0
2569.0 4884.0 2627.0 4884.0 2627.0 4937.0 2569.0 4937.0 ship 0
2482.0 4881.0 2539.0 4881.0 2539.0 4936.0 2482.0 4936.0 ship 0
2436.0 4808.0 2493.0 4808.0 2493.0 4858.0 2436.0 4858.0 ship 0
2792.0 5988.0 2906.0 5988.0 2906.0 6150.0 2792.0 6150.0 harbor 0
2892.0 6140.0 3058.0 6140.0 3058.0 6380.0 2892.0 6380.0 harbor 0
2920.0 6268.0 2974.0 6268.0 2974.0 6309.0 2920.0 6309.0 ship 0
2919.0 6284.0 2992.0 6284.0 2992.0 6346.0 2919.0 6346.0 ship 0
2945.0 6310.0 3004.0 6310.0 3004.0 6362.0 2945.0 6362.0 ship 0
2951.0 6341.0 3019.0 6341.0 3019.0 6404.0 2951.0 6404.0 ship 0
3027.0 6267.0 3123.0 6267.0 3123.0 6343.0 3027.0 6343.0 ship 0
3006.0 6256.0 3071.0 6256.0 3071.0 6307.0 3006.0 6307.0 ship 0
2993.0 6228.0 3055.0 6228.0 3055.0 6282.0 2993.0 6282.0 ship 0
2942.0 6156.0 3021.0 6156.0 3021.0 6225.0 2942.0 6225.0 ship 0
2918.0 6130.0 2997.0 6130.0 2997.0 6197.0 2918.0 6197.0 ship 0
2906.0 6106.0 2979.0 6106.0 2979.0 6166.0 2906.0 6166.0 ship 0
2894.0 6085.0 2968.0 6085.0 2968.0 6145.0 2894.0 6145.0 ship 0
2876.0 6061.0 2947.0 6061.0 2947.0 6125.0 2876.0 6125.0 ship 0
2861.0 6035.0 2939.0 6035.0 2939.0 6101.0 2861.0 6101.0 ship 0
2849.0 6006.0 2928.0 6006.0 2928.0 6076.0 2849.0 6076.0 ship 0
2832.0 6005.0 2887.0 6005.0 2887.0 6054.0 2832.0 6054.0 ship 0
2863.0 5936.0 2907.0 5936.0 2907.0 5995.0 2863.0 5995.0 ship 0
2846.0 5948.0 2890.0 5948.0 2890.0 6003.0 2846.0 6003.0 ship 0
2826.0 5964.0 2871.0 5964.0 2871.0 6019.0 2826.0 6019.0 ship 0
2439.0 4828.0 2502.0 4828.0 2502.0 4881.0 2439.0 4881.0 ship 0
2501.0 4904.0 2551.0 4904.0 2551.0 4948.0 2501.0 4948.0 ship 0
2554.0 4862.0 2617.0 4862.0 2617.0 4912.0 2554.0 4912.0 ship 0
2506.0 4927.0 2563.0 4927.0 2563.0 4976.0 2506.0 4976.0 ship 0
2541.0 4834.0 2601.0 4834.0 2601.0 4889.0 2541.0 4889.0 ship 0
2501.0 4780.0 2550.0 4780.0 2550.0 4824.0 2501.0 4824.0 ship 0
2487.0 4750.0 2554.0 4750.0 2554.0 4804.0 2487.0 4804.0 ship 0
2763.0 5396.0 2842.0 5396.0 2842.0 5463.0 2763.0 5463.0 ship 0
2748.0 5372.0 2829.0 5372.0 2829.0 5440.0 2748.0 5440.0 ship 0
2738.0 5348.0 2811.0 5348.0 2811.0 5408.0 2738.0 5408.0 ship 0
2721.0 5320.0 2798.0 5320.0 2798.0 5381.0 2721.0 5381.0 ship 0
2706.0 5295.0 2781.0 5295.0 2781.0 5356.0 2706.0 5356.0 ship 0
2690.0 5269.0 2763.0 5269.0 2763.0 5333.0 2690.0 5333.0 ship 0
2679.0 5238.0 2752.0 5238.0 2752.0 5308.0 2679.0 5308.0 ship 0
2660.0 5219.0 2739.0 5219.0 2739.0 5277.0 2660.0 5277.0 ship 0
2644.0 5189.0 2726.0 5189.0 2726.0 5258.0 2644.0 5258.0 ship 0
2640.0 5175.0 2707.0 5175.0 2707.0 5226.0 2640.0 5226.0 ship 0
2607.0 5126.0 2681.0 5126.0 2681.0 5183.0 2607.0 5183.0 ship 0
2603.0 5102.0 2668.0 5102.0 2668.0 5153.0 2603.0 5153.0 ship 0
2596.0 5076.0 2655.0 5076.0 2655.0 5132.0 2596.0 5132.0 ship 0
2571.0 5033.0 2624.0 5033.0 2624.0 5085.0 2571.0 5085.0 ship 0
2560.0 5012.0 2611.0 5012.0 2611.0 5060.0 2560.0 5060.0 ship 0
2545.0 4993.0 2600.0 4993.0 2600.0 5040.0 2545.0 5040.0 ship 0
2528.0 4968.0 2587.0 4968.0 2587.0 5018.0 2528.0 5018.0 ship 0
2518.0 4945.0 2575.0 4945.0 2575.0 4996.0 2518.0 4996.0 ship 0
3066.0 5256.0 3138.0 5256.0 3138.0 5315.0 3066.0 5315.0 ship 0
2866.0 5634.0 2925.0 5634.0 2925.0 5708.0 2866.0 5708.0 ship 0
2829.0 6115.0 2881.0 6115.0 2881.0 6162.0 2829.0 6162.0 ship 0
3317.0 5681.0 3550.0 5681.0 3550.0 6019.0 3317.0 6019.0 harbor 0
3960.0 5618.0 3992.0 5618.0 3992.0 5695.0 3960.0 5695.0 ship 0
3940.0 5627.0 3968.0 5627.0 3968.0 5692.0 3940.0 5692.0 ship 0
3920.0 5630.0 3946.0 5630.0 3946.0 5700.0 3920.0 5700.0 ship 0
3877.0 5660.0 3911.0 5660.0 3911.0 5724.0 3877.0 5724.0 ship 0
4021.0 5718.0 4076.0 5718.0 4076.0 5746.0 4021.0 5746.0 ship 0
4008.0 5670.0 4061.0 5670.0 4061.0 5716.0 4008.0 5716.0 ship 0
4009.0 5642.0 4071.0 5642.0 4071.0 5693.0 4009.0 5693.0 ship 0
3990.0 5604.0 4016.0 5604.0 4016.0 5664.0 3990.0 5664.0 ship 0
3617.0 5187.0 3805.0 5187.0 3805.0 5412.0 3617.0 5412.0 swimming-pool 0
3392.0 5855.0 3465.0 5855.0 3465.0 5951.0 3392.0 5951.0 ship 0
3180.0 5928.0 3484.0 5928.0 3484.0 6135.0 3180.0 6135.0 harbor 0
2928.0 5589.0 2988.0 5589.0 2988.0 5666.0 2928.0 5666.0 ship 0
3461.0 5865.0 3502.0 5865.0 3502.0 5916.0 3461.0 5916.0 ship 0
3312.0 5872.0 3407.0 5872.0 3407.0 5990.0 3312.0 5990.0 ship 0
3245.0 5917.0 3339.0 5917.0 3339.0 6034.0 3245.0 6034.0 ship 0
3234.0 5957.0 3307.0 5957.0 3307.0 6051.0 3234.0 6051.0 ship 0
3170.0 5993.0 3238.0 5993.0 3238.0 6087.0 3170.0 6087.0 ship 0
3134.0 6017.0 3204.0 6017.0 3204.0 6110.0 3134.0 6110.0 ship 0
3380.0 5999.0 3443.0 5999.0 3443.0 6077.0 3380.0 6077.0 ship 0
3351.0 6015.0 3414.0 6015.0 3414.0 6096.0 3351.0 6096.0 ship 0
3326.0 6037.0 3391.0 6037.0 3391.0 6111.0 3326.0 6111.0 ship 0
3223.0 6104.0 3263.0 6104.0 3263.0 6165.0 3223.0 6165.0 ship 0
1367.0 4862.0 1472.0 4862.0 1472.0 4969.0 1367.0 4969.0 swimming-pool 0
211.0 1681.0 239.0 1681.0 239.0 1720.0 211.0 1720.0 small-vehicle 1
205.0 1720.0 225.0 1720.0 225.0 1754.0 205.0 1754.0 small-vehicle 1
723.0 1731.0 762.0 1731.0 762.0 1760.0 723.0 1760.0 small-vehicle 1
743.0 4498.0 772.0 4498.0 772.0 4545.0 743.0 4545.0 large-vehicle 1
692.0 4522.0 729.0 4522.0 729.0 4552.0 692.0 4552.0 small-vehicle 1
645.0 4541.0 682.0 4541.0 682.0 4570.0 645.0 4570.0 small-vehicle 1
695.0 4545.0 732.0 4545.0 732.0 4569.0 695.0 4569.0 small-vehicle 1
678.0 4555.0 714.0 4555.0 714.0 4585.0 678.0 4585.0 small-vehicle 1
659.0 4568.0 696.0 4568.0 696.0 4592.0 659.0 4592.0 small-vehicle 1
615.0 4569.0 652.0 4569.0 652.0 4594.0 615.0 4594.0 small-vehicle 1
646.0 4577.0 675.0 4577.0 675.0 4607.0 646.0 4607.0 small-vehicle 1
626.0 4593.0 656.0 4593.0 656.0 4611.0 626.0 4611.0 small-vehicle 1
762.0 4576.0 788.0 4576.0 788.0 4612.0 762.0 4612.0 small-vehicle 1
748.0 4580.0 778.0 4580.0 778.0 4618.0 748.0 4618.0 small-vehicle 1
735.0 4589.0 763.0 4589.0 763.0 4625.0 735.0 4625.0 small-vehicle 1
719.0 4600.0 749.0 4600.0 749.0 4633.0 719.0 4633.0 small-vehicle 1
704.0 4611.0 730.0 4611.0 730.0 4643.0 704.0 4643.0 small-vehicle 1
688.0 4623.0 720.0 4623.0 720.0 4652.0 688.0 4652.0 small-vehicle 1
672.0 4629.0 702.0 4629.0 702.0 4662.0 672.0 4662.0 small-vehicle 1
657.0 4641.0 685.0 4641.0 685.0 4671.0 657.0 4671.0 small-vehicle 1
640.0 4648.0 670.0 4648.0 670.0 4683.0 640.0 4683.0 small-vehicle 1
623.0 4652.0 656.0 4652.0 656.0 4691.0 623.0 4691.0 small-vehicle 1
1039.0 1702.0 1073.0 1702.0 1073.0 1742.0 1039.0 1742.0 small-vehicle 1
1029.0 1678.0 1063.0 1678.0 1063.0 1720.0 1029.0 1720.0 small-vehicle 1
3191.0 6126.0 3237.0 6126.0 3237.0 6179.0 3191.0 6179.0 ship 0
3030.0 5560.0 3502.0 5560.0 3502.0 5866.0 3030.0 5866.0 harbor 0
3444.0 5612.0 3504.0 5612.0 3504.0 5674.0 3444.0 5674.0 ship 0
3213.0 5310.0 3273.0 5310.0 3273.0 5376.0 3213.0 5376.0 ship 0
3157.0 5357.0 3210.0 5357.0 3210.0 5419.0 3157.0 5419.0 ship 0
3134.0 5370.0 3184.0 5370.0 3184.0 5430.0 3134.0 5430.0 ship 0
3106.0 5381.0 3160.0 5381.0 3160.0 5451.0 3106.0 5451.0 ship 0
3043.0 5419.0 3100.0 5419.0 3100.0 5488.0 3043.0 5488.0 ship 0
3020.0 5436.0 3076.0 5436.0 3076.0 5504.0 3020.0 5504.0 ship 0
3000.0 5453.0 3050.0 5453.0 3050.0 5518.0 3000.0 5518.0 ship 0
2977.0 5469.0 3027.0 5469.0 3027.0 5531.0 2977.0 5531.0 ship 0
2959.0 5489.0 3001.0 5489.0 3001.0 5549.0 2959.0 5549.0 ship 0
2922.0 5491.0 2984.0 5491.0 2984.0 5565.0 2922.0 5565.0 ship 0
2906.0 5515.0 2958.0 5515.0 2958.0 5579.0 2906.0 5579.0 ship 0
2880.0 5530.0 2929.0 5530.0 2929.0 5591.0 2880.0 5591.0 ship 0
3256.0 5378.0 3320.0 5378.0 3320.0 5453.0 3256.0 5453.0 ship 0
3221.0 5395.0 3287.0 5395.0 3287.0 5477.0 3221.0 5477.0 ship 0
3196.0 5418.0 3259.0 5418.0 3259.0 5495.0 3196.0 5495.0 ship 0
3168.0 5433.0 3234.0 5433.0 3234.0 5515.0 3168.0 5515.0 ship 0
3132.0 5454.0 3201.0 5454.0 3201.0 5536.0 3132.0 5536.0 ship 0
3103.0 5473.0 3164.0 5473.0 3164.0 5552.0 3103.0 5552.0 ship 0
3075.0 5493.0 3139.0 5493.0 3139.0 5574.0 3075.0 5574.0 ship 0
3015.0 5534.0 3082.0 5534.0 3082.0 5618.0 3015.0 5618.0 ship 0
2982.0 5558.0 3052.0 5558.0 3052.0 5634.0 2982.0 5634.0 ship 0
2954.0 5570.0 3010.0 5570.0 3010.0 5648.0 2954.0 5648.0 ship 0
3186.0 5335.0 3241.0 5335.0 3241.0 5396.0 3186.0 5396.0 ship 0
2855.0 5355.0 3288.0 5355.0 3288.0 5643.0 2855.0 5643.0 harbor 0
3417.0 5624.0 3480.0 5624.0 3480.0 5697.0 3417.0 5697.0 ship 0
3025.0 5868.0 3082.0 5868.0 3082.0 5943.0 3025.0 5943.0 ship 0
3390.0 5636.0 3456.0 5636.0 3456.0 5713.0 3390.0 5713.0 ship 0
3362.0 5652.0 3426.0 5652.0 3426.0 5726.0 3362.0 5726.0 ship 0
3341.0 5668.0 3402.0 5668.0 3402.0 5737.0 3341.0 5737.0 ship 0
3386.0 5509.0 3469.0 5509.0 3469.0 5589.0 3386.0 5589.0 ship 0
3351.0 5531.0 3436.0 5531.0 3436.0 5615.0 3351.0 5615.0 ship 0
3299.0 5573.0 3376.0 5573.0 3376.0 5647.0 3299.0 5647.0 ship 0
3252.0 5584.0 3342.0 5584.0 3342.0 5669.0 3252.0 5669.0 ship 0
3221.0 5613.0 3307.0 5613.0 3307.0 5685.0 3221.0 5685.0 ship 0
3178.0 5653.0 3251.0 5653.0 3251.0 5724.0 3178.0 5724.0 ship 0
3118.0 5691.0 3193.0 5691.0 3193.0 5761.0 3118.0 5761.0 ship 0
3088.0 5709.0 3158.0 5709.0 3158.0 5776.0 3088.0 5776.0 ship 0
3042.0 5721.0 3128.0 5721.0 3128.0 5801.0 3042.0 5801.0 ship 0
2993.0 5761.0 3077.0 5761.0 3077.0 5841.0 2993.0 5841.0 ship 0
3294.0 5697.0 3355.0 5697.0 3355.0 5770.0 3294.0 5770.0 ship 0
3240.0 5728.0 3307.0 5728.0 3307.0 5802.0 3240.0 5802.0 ship 0
3215.0 5745.0 3283.0 5745.0 3283.0 5824.0 3215.0 5824.0 ship 0
3168.0 5774.0 3237.0 5774.0 3237.0 5855.0 3168.0 5855.0 ship 0
3139.0 5789.0 3211.0 5789.0 3211.0 5871.0 3139.0 5871.0 ship 0
3097.0 5820.0 3162.0 5820.0 3162.0 5902.0 3097.0 5902.0 ship 0
3069.0 5835.0 3134.0 5835.0 3134.0 5916.0 3069.0 5916.0 ship 0
3046.0 5852.0 3109.0 5852.0 3109.0 5920.0 3046.0 5920.0 ship 0
2807.0 5979.0 2849.0 5979.0 2849.0 6028.0 2807.0 6028.0 ship 0
2816.0 6096.0 2870.0 6096.0 2870.0 6146.0 2816.0 6146.0 ship 0
578.0 4520.0 609.0 4520.0 609.0 4544.0 578.0 4544.0 small-vehicle 1
2022.0 4726.0 2078.0 4726.0 2078.0 4760.0 2022.0 4760.0 ship 0
2011.0 4915.0 2060.0 4915.0 2060.0 4952.0 2011.0 4952.0 ship 0
1847.0 4954.0 1892.0 4954.0 1892.0 5012.0 1847.0 5012.0 ship 0
1864.0 4940.0 1917.0 4940.0 1917.0 4996.0 1864.0 4996.0 ship 0
1884.0 4921.0 1939.0 4921.0 1939.0 4979.0 1884.0 4979.0 ship 0
1812.0 4736.0 1872.0 4736.0 1872.0 4791.0 1812.0 4791.0 ship 0
1800.0 4724.0 1853.0 4724.0 1853.0 4769.0 1800.0 4769.0 ship 0
1797.0 4707.0 1845.0 4707.0 1845.0 4748.0 1797.0 4748.0 ship 0
1781.0 4687.0 1828.0 4687.0 1828.0 4733.0 1781.0 4733.0 ship 0
2020.0 4765.0 2065.0 4765.0 2065.0 4802.0 2020.0 4802.0 ship 0
2000.0 4734.0 2057.0 4734.0 2057.0 4773.0 2000.0 4773.0 ship 0
2038.0 4709.0 2095.0 4709.0 2095.0 4759.0 2038.0 4759.0 ship 0
2232.0 5435.0 2299.0 5435.0 2299.0 5479.0 2232.0 5479.0 ship 0
2060.0 4692.0 2117.0 4692.0 2117.0 4750.0 2060.0 4750.0 ship 0
2080.0 4687.0 2130.0 4687.0 2130.0 4739.0 2080.0 4739.0 ship 0
2088.0 4665.0 2142.0 4665.0 2142.0 4716.0 2088.0 4716.0 ship 0
1898.0 4712.0 1930.0 4712.0 1930.0 4762.0 1898.0 4762.0 ship 0
1918.0 4704.0 1942.0 4704.0 1942.0 4751.0 1918.0 4751.0 ship 0
1934.0 4690.0 1959.0 4690.0 1959.0 4740.0 1934.0 4740.0 ship 0
1881.0 4679.0 1933.0 4679.0 1933.0 4706.0 1881.0 4706.0 ship 0
1900.0 4656.0 1954.0 4656.0 1954.0 4692.0 1900.0 4692.0 ship 0
1928.0 4643.0 1971.0 4643.0 1971.0 4674.0 1928.0 4674.0 ship 0
1949.0 4624.0 1990.0 4624.0 1990.0 4670.0 1949.0 4670.0 ship 0
2042.0 4807.0 2084.0 4807.0 2084.0 4858.0 2042.0 4858.0 ship 0
2023.0 4819.0 2067.0 4819.0 2067.0 4870.0 2023.0 4870.0 ship 0
1508.0 3297.0 1604.0 3297.0 1604.0 3384.0 1508.0 3384.0 roundabout 0
2180.0 4949.0 2245.0 4949.0 2245.0 5008.0 2180.0 5008.0 ship 0
2220.0 5382.0 2290.0 5382.0 2290.0 5422.0 2220.0 5422.0 ship 0
2215.0 5358.0 2269.0 5358.0 2269.0 5392.0 2215.0 5392.0 ship 0
2589.0 5637.0 2664.0 5637.0 2664.0 5699.0 2589.0 5699.0 ship 0
2558.0 5602.0 2642.0 5602.0 2642.0 5679.0 2558.0 5679.0 ship 0
2507.0 5517.0 2590.0 5517.0 2590.0 5578.0 2507.0 5578.0 ship 0
2492.0 5478.0 2571.0 5478.0 2571.0 5544.0 2492.0 5544.0 ship 0
2475.0 5451.0 2547.0 5451.0 2547.0 5512.0 2475.0 5512.0 ship 0
2431.0 5387.0 2516.0 5387.0 2516.0 5450.0 2431.0 5450.0 ship 0
2414.0 5350.0 2499.0 5350.0 2499.0 5425.0 2414.0 5425.0 ship 0
2402.0 5327.0 2479.0 5327.0 2479.0 5389.0 2402.0 5389.0 ship 0
2379.0 5279.0 2448.0 5279.0 2448.0 5333.0 2379.0 5333.0 ship 0
2356.0 5222.0 2406.0 5222.0 2406.0 5260.0 2356.0 5260.0 ship 0
2348.0 5205.0 2398.0 5205.0 2398.0 5241.0 2348.0 5241.0 ship 0
2305.0 5179.0 2384.0 5179.0 2384.0 5240.0 2305.0 5240.0 ship 0
2311.0 5150.0 2366.0 5150.0 2366.0 5200.0 2311.0 5200.0 ship 0
2288.0 5125.0 2352.0 5125.0 2352.0 5182.0 2288.0 5182.0 ship 0
2275.0 5092.0 2336.0 5092.0 2336.0 5149.0 2275.0 5149.0 ship 0
2250.0 5050.0 2302.0 5050.0 2302.0 5096.0 2250.0 5096.0 ship 0
2233.0 5028.0 2289.0 5028.0 2289.0 5074.0 2233.0 5074.0 ship 0
2223.0 5003.0 2275.0 5003.0 2275.0 5050.0 2223.0 5050.0 ship 0
2207.0 4976.0 2266.0 4976.0 2266.0 5024.0 2207.0 5024.0 ship 0
1958.0 4616.0 2007.0 4616.0 2007.0 4652.0 1958.0 4652.0 ship 0
1974.0 4604.0 2024.0 4604.0 2024.0 4640.0 1974.0 4640.0 ship 0
1994.0 4477.0 2039.0 4477.0 2039.0 4528.0 1994.0 4528.0 ship 0
1876.0 7262.0 1967.0 7262.0 1967.0 7385.0 1876.0 7385.0 swimming-pool 0
1744.0 1097.0 1820.0 1097.0 1820.0 1179.0 1744.0 1179.0 roundabout 0
927.0 6187.0 1000.0 6187.0 1000.0 6260.0 927.0 6260.0 swimming-pool 0
736.0 4426.0 789.0 4426.0 789.0 4479.0 736.0 4479.0 roundabout 0
863.0 3747.0 958.0 3747.0 958.0 3852.0 863.0 3852.0 swimming-pool 0
845.0 3684.0 957.0 3684.0 957.0 3787.0 845.0 3787.0 swimming-pool 0
504.0 3753.0 911.0 3753.0 911.0 4096.0 504.0 4096.0 swimming-pool 0
2102.0 3911.0 2223.0 3911.0 2223.0 4102.0 2102.0 4102.0 tennis-court 0
1997.0 3894.0 2110.0 3894.0 2110.0 4080.0 1997.0 4080.0 tennis-court 0
1887.0 3872.0 2003.0 3872.0 2003.0 4054.0 1887.0 4054.0 tennis-court 0
1775.0 3845.0 1897.0 3845.0 1897.0 4033.0 1775.0 4033.0 tennis-court 0
912.0 2926.0 1328.0 2926.0 1328.0 3377.0 912.0 3377.0 soccer-ball-field 0
1524.0 2525.0 2029.0 2525.0 2029.0 2984.0 1524.0 2984.0 soccer-ball-field 0
1616.0 2254.0 1773.0 2254.0 1773.0 2441.0 1616.0 2441.0 tennis-court 0
1521.0 2316.0 1682.0 2316.0 1682.0 2504.0 1521.0 2504.0 tennis-court 0
1420.0 2380.0 1583.0 2380.0 1583.0 2564.0 1420.0 2564.0 tennis-court 0
1321.0 2443.0 1483.0 2443.0 1483.0 2634.0 1321.0 2634.0 tennis-court 0
1219.0 2511.0 1382.0 2511.0 1382.0 2692.0 1219.0 2692.0 tennis-court 0
1118.0 2571.0 1282.0 2571.0 1282.0 2763.0 1118.0 2763.0 tennis-court 0
1013.0 2634.0 1175.0 2634.0 1175.0 2820.0 1013.0 2820.0 tennis-court 0
559.0 880.0 600.0 880.0 600.0 947.0 559.0 947.0 swimming-pool 0
840.0 787.0 1088.0 787.0 1088.0 1015.0 840.0 1015.0 swimming-pool 0
2125.0 3578.0 2168.0 3578.0 2168.0 3627.0 2125.0 3627.0 storage-tank 0
2876.0 6800.0 3064.0 6800.0 3064.0 6933.0 2876.0 6933.0 ship 0
1933.0 4530.0 1980.0 4530.0 1980.0 4572.0 1933.0 4572.0 ship 0
2050.0 4423.0 2108.0 4423.0 2108.0 4492.0 2050.0 4492.0 ship 0
1923.0 4544.0 1973.0 4544.0 1973.0 4584.0 1923.0 4584.0 ship 0
1892.0 4557.0 1946.0 4557.0 1946.0 4600.0 1892.0 4600.0 ship 0
1883.0 4570.0 1926.0 4570.0 1926.0 4617.0 1883.0 4617.0 ship 0
1818.0 4576.0 1866.0 4576.0 1866.0 4624.0 1818.0 4624.0 ship 0
1851.0 4606.0 1885.0 4606.0 1885.0 4655.0 1851.0 4655.0 ship 0
1834.0 4613.0 1868.0 4613.0 1868.0 4665.0 1834.0 4665.0 ship 0
1953.0 4682.0 1972.0 4682.0 1972.0 4729.0 1953.0 4729.0 ship 0
1972.0 4670.0 1990.0 4670.0 1990.0 4716.0 1972.0 4716.0 ship 0
2008.0 4639.0 2027.0 4639.0 2027.0 4687.0 2008.0 4687.0 ship 0
1999.0 4592.0 2044.0 4592.0 2044.0 4633.0 1999.0 4633.0 ship 0
2028.0 4632.0 2053.0 4632.0 2053.0 4685.0 2028.0 4685.0 ship 0
2035.0 4591.0 2080.0 4591.0 2080.0 4660.0 2035.0 4660.0 ship 0
2002.0 4528.0 2063.0 4528.0 2063.0 4581.0 2002.0 4581.0 ship 0
2203.0 4444.0 2263.0 4444.0 2263.0 4515.0 2203.0 4515.0 ship 0
2187.0 4472.0 2231.0 4472.0 2231.0 4528.0 2187.0 4528.0 ship 0
2155.0 4487.0 2208.0 4487.0 2208.0 4548.0 2155.0 4548.0 ship 0
2090.0 4420.0 2129.0 4420.0 2129.0 4472.0 2090.0 4472.0 ship 0
2113.0 4396.0 2161.0 4396.0 2161.0 4460.0 2113.0 4460.0 ship 0
2152.0 4370.0 2206.0 4370.0 2206.0 4440.0 2152.0 4440.0 ship 0
2105.0 4336.0 2148.0 4336.0 2148.0 4392.0 2105.0 4392.0 ship 0
2059.0 4339.0 2105.0 4339.0 2105.0 4416.0 2059.0 4416.0 ship 0
2228.0 5413.0 2288.0 5413.0 2288.0 5452.0 2228.0 5452.0 ship 0
2241.0 5472.0 2297.0 5472.0 2297.0 5504.0 2241.0 5504.0 ship 0
2796.0 6075.0 2855.0 6075.0 2855.0 6129.0 2796.0 6129.0 ship 0
2528.0 6272.0 2594.0 6272.0 2594.0 6330.0 2528.0 6330.0 ship 0
2771.0 6218.0 2826.0 6218.0 2826.0 6284.0 2771.0 6284.0 ship 0
2744.0 6228.0 2807.0 6228.0 2807.0 6306.0 2744.0 6306.0 ship 0
2728.0 6252.0 2795.0 6252.0 2795.0 6343.0 2728.0 6343.0 ship 0
2692.0 6272.0 2760.0 6272.0 2760.0 6347.0 2692.0 6347.0 ship 0
2683.0 6297.0 2741.0 6297.0 2741.0 6377.0 2683.0 6377.0 ship 0
2678.0 6349.0 2728.0 6349.0 2728.0 6410.0 2678.0 6410.0 ship 0
2658.0 6362.0 2717.0 6362.0 2717.0 6434.0 2658.0 6434.0 ship 0
2643.0 6379.0 2687.0 6379.0 2687.0 6437.0 2643.0 6437.0 ship 0
2622.0 6389.0 2674.0 6389.0 2674.0 6457.0 2622.0 6457.0 ship 0
2547.0 6298.0 2607.0 6298.0 2607.0 6353.0 2547.0 6353.0 ship 0
2518.0 6261.0 2573.0 6261.0 2573.0 6307.0 2518.0 6307.0 ship 0
2259.0 5527.0 2316.0 5527.0 2316.0 5566.0 2259.0 5566.0 ship 0
2505.0 6235.0 2564.0 6235.0 2564.0 6295.0 2505.0 6295.0 ship 0
2478.0 6205.0 2530.0 6205.0 2530.0 6252.0 2478.0 6252.0 ship 0
2470.0 6189.0 2518.0 6189.0 2518.0 6234.0 2470.0 6234.0 ship 0
2452.0 6189.0 2484.0 6189.0 2484.0 6225.0 2452.0 6225.0 ship 0
2148.0 5215.0 2346.0 5215.0 2346.0 5888.0 2148.0 5888.0 harbor 0
2234.0 4933.0 2698.0 4933.0 2698.0 5695.0 2234.0 5695.0 harbor 0
2665.0 5592.0 2734.0 5592.0 2734.0 5653.0 2665.0 5653.0 ship 0
2648.0 5554.0 2722.0 5554.0 2722.0 5622.0 2648.0 5622.0 ship 0
2633.0 5529.0 2704.0 5529.0 2704.0 5594.0 2633.0 5594.0 ship 0
2614.0 5502.0 2684.0 5502.0 2684.0 5567.0 2614.0 5567.0 ship 0
2789.0 6204.0 2839.0 6204.0 2839.0 6262.0 2789.0 6262.0 ship 0
2809.0 6186.0 2862.0 6186.0 2862.0 6257.0 2809.0 6257.0 ship 0
2832.0 6173.0 2886.0 6173.0 2886.0 6242.0 2832.0 6242.0 ship 0
2851.0 6160.0 2905.0 6160.0 2905.0 6226.0 2851.0 6226.0 ship 0
2787.0 6052.0 2841.0 6052.0 2841.0 6106.0 2787.0 6106.0 ship 0
2771.0 6033.0 2826.0 6033.0 2826.0 6087.0 2771.0 6087.0 ship 0
2772.0 6020.0 2814.0 6020.0 2814.0 6061.0 2772.0 6061.0 ship 0
2744.0 5999.0 2804.0 5999.0 2804.0 6052.0 2744.0 6052.0 ship 0
2632.0 6108.0 2728.0 6108.0 2728.0 6265.0 2632.0 6265.0 harbor 0
2712.0 6188.0 2774.0 6188.0 2774.0 6243.0 2712.0 6243.0 ship 0
2702.0 6171.0 2763.0 6171.0 2763.0 6223.0 2702.0 6223.0 ship 0
2686.0 6151.0 2744.0 6151.0 2744.0 6197.0 2686.0 6197.0 ship 0
2678.0 6139.0 2729.0 6139.0 2729.0 6180.0 2678.0 6180.0 ship 0
2661.0 6115.0 2719.0 6115.0 2719.0 6160.0 2661.0 6160.0 ship 0
2651.0 6091.0 2710.0 6091.0 2710.0 6141.0 2651.0 6141.0 ship 0
2643.0 6072.0 2697.0 6072.0 2697.0 6120.0 2643.0 6120.0 ship 0
2658.0 6230.0 2710.0 6230.0 2710.0 6280.0 2658.0 6280.0 ship 0
2650.0 6211.0 2700.0 6211.0 2700.0 6258.0 2650.0 6258.0 ship 0
2637.0 6191.0 2688.0 6191.0 2688.0 6239.0 2637.0 6239.0 ship 0
2624.0 6173.0 2676.0 6173.0 2676.0 6221.0 2624.0 6221.0 ship 0
2614.0 6156.0 2661.0 6156.0 2661.0 6195.0 2614.0 6195.0 ship 0
2591.0 6132.0 2653.0 6132.0 2653.0 6185.0 2591.0 6185.0 ship 0
2587.0 6114.0 2638.0 6114.0 2638.0 6157.0 2587.0 6157.0 ship 0
2598.0 6072.0 2649.0 6072.0 2649.0 6119.0 2598.0 6119.0 ship 0
2878.0 6151.0 2929.0 6151.0 2929.0 6217.0 2878.0 6217.0 ship 0
2599.0 5477.0 2664.0 5477.0 2664.0 5540.0 2599.0 5540.0 ship 0
2576.0 5444.0 2655.0 5444.0 2655.0 5506.0 2576.0 5506.0 ship 0
2563.0 5419.0 2631.0 5419.0 2631.0 5477.0 2563.0 5477.0 ship 0
2606.0 5946.0 2646.0 5946.0 2646.0 6000.0 2606.0 6000.0 ship 0
2646.0 5920.0 2688.0 5920.0 2688.0 5975.0 2646.0 5975.0 ship 0
2660.0 5902.0 2711.0 5902.0 2711.0 5966.0 2660.0 5966.0 ship 0
2682.0 5886.0 2729.0 5886.0 2729.0 5942.0 2682.0 5942.0 ship 0
2722.0 5862.0 2765.0 5862.0 2765.0 5914.0 2722.0 5914.0 ship 0
2744.0 5849.0 2794.0 5849.0 2794.0 5911.0 2744.0 5911.0 ship 0
2767.0 5837.0 2800.0 5837.0 2800.0 5878.0 2767.0 5878.0 ship 0
2695.0 5756.0 2764.0 5756.0 2764.0 5844.0 2695.0 5844.0 ship 0
2676.0 5784.0 2735.0 5784.0 2735.0 5855.0 2676.0 5855.0 ship 0
2653.0 5806.0 2706.0 5806.0 2706.0 5872.0 2653.0 5872.0 ship 0
2626.0 5815.0 2691.0 5815.0 2691.0 5894.0 2626.0 5894.0 ship 0
2604.0 5836.0 2661.0 5836.0 2661.0 5905.0 2604.0 5905.0 ship 0
2579.0 5855.0 2630.0 5855.0 2630.0 5923.0 2579.0 5923.0 ship 0
2557.0 5875.0 2605.0 5875.0 2605.0 5940.0 2557.0 5940.0 ship 0
2529.0 5879.0 2584.0 5879.0 2584.0 5962.0 2529.0 5962.0 ship 0
2505.0 5904.0 2555.0 5904.0 2555.0 5974.0 2505.0 5974.0 ship 0
2441.0 5936.0 2499.0 5936.0 2499.0 6013.0 2441.0 6013.0 ship 0
2421.0 5953.0 2471.0 5953.0 2471.0 6023.0 2421.0 6023.0 ship 0
2376.0 5941.0 2450.0 5941.0 2450.0 6045.0 2376.0 6045.0 ship 0
2316.0 5740.0 2380.0 5740.0 2380.0 5781.0 2316.0 5781.0 ship 0
2273.0 5601.0 2328.0 5601.0 2328.0 5637.0 2273.0 5637.0 ship 0
2265.0 5561.0 2317.0 5561.0 2317.0 5597.0 2265.0 5597.0 ship 0
2624.0 5933.0 2668.0 5933.0 2668.0 5995.0 2624.0 5995.0 ship 0
2580.0 5953.0 2631.0 5953.0 2631.0 6018.0 2580.0 6018.0 ship 0
2547.0 5387.0 2614.0 5387.0 2614.0 5454.0 2547.0 5454.0 ship 0
2564.0 5967.0 2606.0 5967.0 2606.0 6024.0 2564.0 6024.0 ship 0
2510.0 5326.0 2585.0 5326.0 2585.0 5395.0 2510.0 5395.0 ship 0
2495.0 5302.0 2567.0 5302.0 2567.0 5362.0 2495.0 5362.0 ship 0
2481.0 5284.0 2537.0 5284.0 2537.0 5335.0 2481.0 5335.0 ship 0
2459.0 5252.0 2532.0 5252.0 2532.0 5308.0 2459.0 5308.0 ship 0
2440.0 5212.0 2518.0 5212.0 2518.0 5275.0 2440.0 5275.0 ship 0
2427.0 5186.0 2494.0 5186.0 2494.0 5245.0 2427.0 5245.0 ship 0
2395.0 5142.0 2462.0 5142.0 2462.0 5203.0 2395.0 5203.0 ship 0
2379.0 5121.0 2447.0 5121.0 2447.0 5177.0 2379.0 5177.0 ship 0
2367.0 5103.0 2427.0 5103.0 2427.0 5152.0 2367.0 5152.0 ship 0
2339.0 5054.0 2406.0 5054.0 2406.0 5110.0 2339.0 5110.0 ship 0
2326.0 5038.0 2385.0 5038.0 2385.0 5087.0 2326.0 5087.0 ship 0
2316.0 5011.0 2383.0 5011.0 2383.0 5062.0 2316.0 5062.0 ship 0
2275.0 4941.0 2341.0 4941.0 2341.0 4996.0 2275.0 4996.0 ship 0
2287.0 4964.0 2353.0 4964.0 2353.0 5023.0 2287.0 5023.0 ship 0
2355.0 5808.0 2800.0 5808.0 2800.0 6105.0 2355.0 6105.0 harbor 0
2434.0 6049.0 2475.0 6049.0 2475.0 6108.0 2434.0 6108.0 ship 0
2453.0 6040.0 2498.0 6040.0 2498.0 6101.0 2453.0 6101.0 ship 0
2470.0 6027.0 2512.0 6027.0 2512.0 6082.0 2470.0 6082.0 ship 0
2491.0 6017.0 2531.0 6017.0 2531.0 6070.0 2491.0 6070.0 ship 0
2508.0 6006.0 2554.0 6006.0 2554.0 6059.0 2508.0 6059.0 ship 0
2547.0 5983.0 2589.0 5983.0 2589.0 6034.0 2547.0 6034.0 ship 0
438.0 4626.0 481.0 4626.0 481.0 4660.0 438.0 4660.0 small-vehicle 1
518.0 4503.0 549.0 4503.0 549.0 4538.0 518.0 4538.0 small-vehicle 1
2263.0 4603.0 2289.0 4603.0 2289.0 4628.0 2263.0 4628.0 ship 1
2485.0 6607.0 2513.0 6607.0 2513.0 6649.0 2485.0 6649.0 small-vehicle 1
2602.0 6606.0 2637.0 6606.0 2637.0 6636.0 2602.0 6636.0 small-vehicle 1
2590.0 6586.0 2628.0 6586.0 2628.0 6617.0 2590.0 6617.0 small-vehicle 1
2555.0 6534.0 2588.0 6534.0 2588.0 6564.0 2555.0 6564.0 small-vehicle 1
2579.0 6774.0 2603.0 6774.0 2603.0 6817.0 2579.0 6817.0 small-vehicle 1
2560.0 6755.0 2592.0 6755.0 2592.0 6796.0 2560.0 6796.0 small-vehicle 1
2539.0 6716.0 2566.0 6716.0 2566.0 6749.0 2539.0 6749.0 small-vehicle 1
2532.0 6688.0 2562.0 6688.0 2562.0 6727.0 2532.0 6727.0 small-vehicle 1
2517.0 6677.0 2547.0 6677.0 2547.0 6716.0 2517.0 6716.0 small-vehicle 1
2510.0 6646.0 2536.0 6646.0 2536.0 6692.0 2510.0 6692.0 small-vehicle 1
2499.0 6631.0 2524.0 6631.0 2524.0 6668.0 2499.0 6668.0 small-vehicle 1
2468.0 6583.0 2500.0 6583.0 2500.0 6630.0 2468.0 6630.0 small-vehicle 1
2585.0 7204.0 2604.0 7204.0 2604.0 7231.0 2585.0 7231.0 small-vehicle 1
2438.0 6543.0 2477.0 6543.0 2477.0 6571.0 2438.0 6571.0 small-vehicle 1
2523.0 6482.0 2562.0 6482.0 2562.0 6511.0 2523.0 6511.0 small-vehicle 1
2506.0 6464.0 2544.0 6464.0 2544.0 6497.0 2506.0 6497.0 small-vehicle 1
2500.0 6446.0 2535.0 6446.0 2535.0 6474.0 2500.0 6474.0 small-vehicle 1
2484.0 6429.0 2521.0 6429.0 2521.0 6457.0 2484.0 6457.0 small-vehicle 1
2470.0 6408.0 2509.0 6408.0 2509.0 6443.0 2470.0 6443.0 small-vehicle 1
2404.0 6294.0 2447.0 6294.0 2447.0 6325.0 2404.0 6325.0 small-vehicle 1
2399.0 6283.0 2432.0 6283.0 2432.0 6301.0 2399.0 6301.0 small-vehicle 1
3119.0 4999.0 3156.0 4999.0 3156.0 5039.0 3119.0 5039.0 small-vehicle 1
3106.0 4972.0 3134.0 4972.0 3134.0 5004.0 3106.0 5004.0 small-vehicle 1
2617.0 6636.0 2650.0 6636.0 2650.0 6666.0 2617.0 6666.0 small-vehicle 1
2629.0 6653.0 2661.0 6653.0 2661.0 6681.0 2629.0 6681.0 small-vehicle 1
2646.0 6689.0 2680.0 6689.0 2680.0 6719.0 2646.0 6719.0 small-vehicle 1
2657.0 6702.0 2694.0 6702.0 2694.0 6734.0 2657.0 6734.0 small-vehicle 1
2622.0 7201.0 2648.0 7201.0 2648.0 7233.0 2622.0 7233.0 small-vehicle 1
2642.0 7197.0 2668.0 7197.0 2668.0 7223.0 2642.0 7223.0 small-vehicle 1
2656.0 7182.0 2685.0 7182.0 2685.0 7213.0 2656.0 7213.0 small-vehicle 1
2676.0 7171.0 2706.0 7171.0 2706.0 7203.0 2676.0 7203.0 small-vehicle 1
2696.0 7158.0 2724.0 7158.0 2724.0 7189.0 2696.0 7189.0 small-vehicle 1
2712.0 7147.0 2743.0 7147.0 2743.0 7176.0 2712.0 7176.0 small-vehicle 1
2727.0 7133.0 2756.0 7133.0 2756.0 7168.0 2727.0 7168.0 small-vehicle 1
2750.0 7096.0 2784.0 7096.0 2784.0 7122.0 2750.0 7122.0 small-vehicle 1
2758.0 7076.0 2785.0 7076.0 2785.0 7098.0 2758.0 7098.0 small-vehicle 1
2762.0 7057.0 2794.0 7057.0 2794.0 7071.0 2762.0 7071.0 small-vehicle 1
2757.0 7032.0 2787.0 7032.0 2787.0 7057.0 2757.0 7057.0 small-vehicle 1
2745.0 7016.0 2777.0 7016.0 2777.0 7044.0 2745.0 7044.0 small-vehicle 1
2827.0 6956.0 2867.0 6956.0 2867.0 6987.0 2827.0 6987.0 small-vehicle 1
2817.0 6938.0 2852.0 6938.0 2852.0 6968.0 2817.0 6968.0 small-vehicle 1
2807.0 6925.0 2843.0 6925.0 2843.0 6955.0 2807.0 6955.0 small-vehicle 1
2688.0 6916.0 2712.0 6916.0 2712.0 6953.0 2688.0 6953.0 small-vehicle 1
2669.0 6894.0 2694.0 6894.0 2694.0 6931.0 2669.0 6931.0 small-vehicle 1
2622.0 6825.0 2651.0 6825.0 2651.0 6868.0 2622.0 6868.0 small-vehicle 1
2602.0 6819.0 2632.0 6819.0 2632.0 6854.0 2602.0 6854.0 small-vehicle 1
2596.0 6802.0 2621.0 6802.0 2621.0 6833.0 2596.0 6833.0 small-vehicle 1
2647.0 6759.0 2684.0 6759.0 2684.0 6781.0 2647.0 6781.0 small-vehicle 1
3101.0 4847.0 3137.0 4847.0 3137.0 4876.0 3101.0 4876.0 small-vehicle 1
3072.0 4805.0 3114.0 4805.0 3114.0 4838.0 3072.0 4838.0 small-vehicle 1
3065.0 4791.0 3099.0 4791.0 3099.0 4818.0 3065.0 4818.0 small-vehicle 1
2098.0 4857.0 2126.0 4857.0 2126.0 4894.0 2098.0 4894.0 small-vehicle 1
2065.0 4880.0 2099.0 4880.0 2099.0 4915.0 2065.0 4915.0 small-vehicle 1
2053.0 4893.0 2083.0 4893.0 2083.0 4925.0 2053.0 4925.0 small-vehicle 1
2043.0 4910.0 2073.0 4910.0 2073.0 4941.0 2043.0 4941.0 small-vehicle 1
2273.0 4826.0 2305.0 4826.0 2305.0 4855.0 2273.0 4855.0 small-vehicle 1
2243.0 4841.0 2277.0 4841.0 2277.0 4873.0 2243.0 4873.0 small-vehicle 1
2138.0 4917.0 2174.0 4917.0 2174.0 4950.0 2138.0 4950.0 small-vehicle 1
2105.0 4939.0 2144.0 4939.0 2144.0 4972.0 2105.0 4972.0 small-vehicle 1
2082.0 4964.0 2115.0 4964.0 2115.0 4989.0 2082.0 4989.0 small-vehicle 1
2057.0 4982.0 2093.0 4982.0 2093.0 5008.0 2057.0 5008.0 small-vehicle 1
2033.0 4999.0 2064.0 4999.0 2064.0 5027.0 2033.0 5027.0 small-vehicle 1
1764.0 5132.0 1799.0 5132.0 1799.0 5163.0 1764.0 5163.0 small-vehicle 1
1734.0 5162.0 1767.0 5162.0 1767.0 5199.0 1734.0 5199.0 small-vehicle 1
1712.0 5190.0 1744.0 5190.0 1744.0 5223.0 1712.0 5223.0 small-vehicle 1
2079.0 5268.0 2119.0 5268.0 2119.0 5288.0 2079.0 5288.0 small-vehicle 1
2115.0 5363.0 2150.0 5363.0 2150.0 5383.0 2115.0 5383.0 small-vehicle 1
2118.0 5378.0 2155.0 5378.0 2155.0 5402.0 2118.0 5402.0 small-vehicle 1
2126.0 5399.0 2159.0 5399.0 2159.0 5417.0 2126.0 5417.0 small-vehicle 1
2130.0 5412.0 2166.0 5412.0 2166.0 5436.0 2130.0 5436.0 small-vehicle 1
2134.0 5430.0 2170.0 5430.0 2170.0 5452.0 2134.0 5452.0 small-vehicle 1
2143.0 5450.0 2174.0 5450.0 2174.0 5471.0 2143.0 5471.0 small-vehicle 1
2141.0 5473.0 2178.0 5473.0 2178.0 5490.0 2141.0 5490.0 small-vehicle 1
2083.0 4868.0 2113.0 4868.0 2113.0 4904.0 2083.0 4904.0 small-vehicle 1
2113.0 4850.0 2139.0 4850.0 2139.0 4884.0 2113.0 4884.0 small-vehicle 1
3040.0 4748.0 3080.0 4748.0 3080.0 4780.0 3040.0 4780.0 small-vehicle 1
2122.0 4839.0 2152.0 4839.0 2152.0 4872.0 2122.0 4872.0 small-vehicle 1
2948.0 4691.0 2980.0 4691.0 2980.0 4725.0 2948.0 4725.0 small-vehicle 1
2213.0 2783.0 2251.0 2783.0 2251.0 2814.0 2213.0 2814.0 small-vehicle 1
1991.0 4862.0 2026.0 4862.0 2026.0 4901.0 1991.0 4901.0 ship 1
1985.0 4761.0 2031.0 4761.0 2031.0 4784.0 1985.0 4784.0 ship 1
1959.0 4777.0 2009.0 4777.0 2009.0 4815.0 1959.0 4815.0 ship 1
1948.0 4790.0 2000.0 4790.0 2000.0 4827.0 1948.0 4827.0 ship 1
1734.0 4744.0 1775.0 4744.0 1775.0 4784.0 1734.0 4784.0 ship 1
1725.0 4766.0 1755.0 4766.0 1755.0 4803.0 1725.0 4803.0 ship 1
1699.0 4776.0 1745.0 4776.0 1745.0 4822.0 1699.0 4822.0 ship 1
1767.0 4828.0 1825.0 4828.0 1825.0 4886.0 1767.0 4886.0 ship 1
1814.0 4821.0 1853.0 4821.0 1853.0 4865.0 1814.0 4865.0 ship 1
1839.0 4813.0 1877.0 4813.0 1877.0 4864.0 1839.0 4864.0 ship 1
2303.0 4708.0 2332.0 4708.0 2332.0 4748.0 2303.0 4748.0 small-vehicle 1
2254.0 4742.0 2289.0 4742.0 2289.0 4780.0 2254.0 4780.0 small-vehicle 1
2241.0 4753.0 2276.0 4753.0 2276.0 4793.0 2241.0 4793.0 small-vehicle 1
2227.0 4766.0 2262.0 4766.0 2262.0 4803.0 2227.0 4803.0 small-vehicle 1
2197.0 4784.0 2228.0 4784.0 2228.0 4820.0 2197.0 4820.0 small-vehicle 1
2215.0 4775.0 2243.0 4775.0 2243.0 4811.0 2215.0 4811.0 small-vehicle 1
2182.0 4797.0 2213.0 4797.0 2213.0 4832.0 2182.0 4832.0 small-vehicle 1
2159.0 4823.0 2186.0 4823.0 2186.0 4854.0 2159.0 4854.0 small-vehicle 1
2138.0 4828.0 2168.0 4828.0 2168.0 4864.0 2138.0 4864.0 small-vehicle 1
2606.0 7208.0 2632.0 7208.0 2632.0 7240.0 2606.0 7240.0 small-vehicle 1
2563.0 7203.0 2592.0 7203.0 2592.0 7238.0 2563.0 7238.0 small-vehicle 1
2153.0 5508.0 2190.0 5508.0 2190.0 5530.0 2153.0 5530.0 small-vehicle 1
2361.0 4361.0 2382.0 4361.0 2382.0 4385.0 2361.0 4385.0 ship 1
2368.0 4177.0 2393.0 4177.0 2393.0 4206.0 2368.0 4206.0 ship 1
2355.0 4182.0 2382.0 4182.0 2382.0 4208.0 2355.0 4208.0 ship 1
2345.0 4189.0 2364.0 4189.0 2364.0 4214.0 2345.0 4214.0 ship 1
2328.0 4200.0 2351.0 4200.0 2351.0 4230.0 2328.0 4230.0 ship 1
2314.0 4210.0 2337.0 4210.0 2337.0 4235.0 2314.0 4235.0 ship 1
2298.0 4216.0 2319.0 4216.0 2319.0 4244.0 2298.0 4244.0 ship 1
2281.0 4219.0 2310.0 4219.0 2310.0 4256.0 2281.0 4256.0 ship 1
2259.0 4225.0 2287.0 4225.0 2287.0 4256.0 2259.0 4256.0 ship 1
2233.0 4242.0 2259.0 4242.0 2259.0 4273.0 2233.0 4273.0 ship 1
2226.0 4258.0 2249.0 4258.0 2249.0 4285.0 2226.0 4285.0 ship 1
2339.0 4363.0 2365.0 4363.0 2365.0 4386.0 2339.0 4386.0 ship 1
2548.0 7212.0 2574.0 7212.0 2574.0 7243.0 2548.0 7243.0 small-vehicle 1
2314.0 4376.0 2339.0 4376.0 2339.0 4401.0 2314.0 4401.0 ship 1
2331.0 4387.0 2350.0 4387.0 2350.0 4414.0 2331.0 4414.0 ship 1
2258.0 4404.0 2291.0 4404.0 2291.0 4437.0 2258.0 4437.0 ship 1
2264.0 4429.0 2299.0 4429.0 2299.0 4459.0 2264.0 4459.0 ship 1
2272.0 4446.0 2311.0 4446.0 2311.0 4474.0 2272.0 4474.0 ship 1
2278.0 4459.0 2315.0 4459.0 2315.0 4489.0 2278.0 4489.0 ship 1
2256.0 4498.0 2286.0 4498.0 2286.0 4525.0 2256.0 4525.0 ship 1
2261.0 4509.0 2296.0 4509.0 2296.0 4536.0 2261.0 4536.0 ship 1
2174.0 5249.0 2213.0 5249.0 2213.0 5274.0 2174.0 5274.0 ship 1
2177.0 5267.0 2219.0 5267.0 2219.0 5293.0 2177.0 5293.0 ship 1
2379.0 4167.0 2404.0 4167.0 2404.0 4195.0 2379.0 4195.0 ship 1
2399.0 4153.0 2420.0 4153.0 2420.0 4181.0 2399.0 4181.0 ship 1
2412.0 4152.0 2434.0 4152.0 2434.0 4179.0 2412.0 4179.0 ship 1
2418.0 4145.0 2442.0 4145.0 2442.0 4171.0 2418.0 4171.0 ship 1
2252.0 4593.0 2281.0 4593.0 2281.0 4621.0 2252.0 4621.0 ship 1
2244.0 4581.0 2270.0 4581.0 2270.0 4610.0 2244.0 4610.0 ship 1
2288.0 4630.0 2314.0 4630.0 2314.0 4650.0 2288.0 4650.0 ship 1
2252.0 4640.0 2277.0 4640.0 2277.0 4661.0 2252.0 4661.0 ship 1
2263.0 4650.0 2284.0 4650.0 2284.0 4672.0 2263.0 4672.0 ship 1
2208.0 4613.0 2233.0 4613.0 2233.0 4634.0 2208.0 4634.0 ship 1
2215.0 4621.0 2240.0 4621.0 2240.0 4641.0 2215.0 4641.0 ship 1
2221.0 4632.0 2245.0 4632.0 2245.0 4651.0 2221.0 4651.0 ship 1
2229.0 4643.0 2250.0 4643.0 2250.0 4659.0 2229.0 4659.0 ship 1
2232.0 4650.0 2254.0 4650.0 2254.0 4667.0 2232.0 4667.0 ship 1
2238.0 4660.0 2262.0 4660.0 2262.0 4681.0 2238.0 4681.0 ship 1
2245.0 4668.0 2268.0 4668.0 2268.0 4690.0 2245.0 4690.0 ship 1
2252.0 4675.0 2272.0 4675.0 2272.0 4696.0 2252.0 4696.0 ship 1
2261.0 4684.0 2280.0 4684.0 2280.0 4704.0 2261.0 4704.0 ship 1
2266.0 4690.0 2284.0 4690.0 2284.0 4710.0 2266.0 4710.0 ship 1
2267.0 4701.0 2285.0 4701.0 2285.0 4719.0 2267.0 4719.0 ship 1
2193.0 4639.0 2219.0 4639.0 2219.0 4661.0 2193.0 4661.0 ship 1
2201.0 4650.0 2224.0 4650.0 2224.0 4672.0 2201.0 4672.0 ship 1
2448.0 4174.0 2472.0 4174.0 2472.0 4198.0 2448.0 4198.0 ship 1
2455.0 4126.0 2481.0 4126.0 2481.0 4158.0 2455.0 4158.0 ship 1
2447.0 4141.0 2473.0 4141.0 2473.0 4170.0 2447.0 4170.0 ship 1
2186.0 5287.0 2229.0 5287.0 2229.0 5318.0 2186.0 5318.0 ship 1
2189.0 5305.0 2225.0 5305.0 2225.0 5338.0 2189.0 5338.0 ship 1
2197.0 5330.0 2237.0 5330.0 2237.0 5370.0 2197.0 5370.0 ship 1
3279.0 6898.0 3320.0 6898.0 3320.0 6941.0 3279.0 6941.0 small-vehicle 1
3180.0 6955.0 3213.0 6955.0 3213.0 6989.0 3180.0 6989.0 small-vehicle 1
3098.0 7002.0 3136.0 7002.0 3136.0 7043.0 3098.0 7043.0 small-vehicle 1
3080.0 7019.0 3112.0 7019.0 3112.0 7053.0 3080.0 7053.0 small-vehicle 1
3065.0 7030.0 3097.0 7030.0 3097.0 7064.0 3065.0 7064.0 small-vehicle 1
3046.0 7039.0 3079.0 7039.0 3079.0 7071.0 3046.0 7071.0 small-vehicle 1
2880.0 7057.0 2919.0 7057.0 2919.0 7084.0 2880.0 7084.0 small-vehicle 1
2871.0 7042.0 2908.0 7042.0 2908.0 7072.0 2871.0 7072.0 small-vehicle 1
2865.0 7025.0 2902.0 7025.0 2902.0 7056.0 2865.0 7056.0 small-vehicle 1
2907.0 7126.0 2945.0 7126.0 2945.0 7159.0 2907.0 7159.0 small-vehicle 1
2894.0 7138.0 2922.0 7138.0 2922.0 7165.0 2894.0 7165.0 small-vehicle 1
2879.0 7146.0 2909.0 7146.0 2909.0 7176.0 2879.0 7176.0 small-vehicle 1
2862.0 7155.0 2894.0 7155.0 2894.0 7186.0 2862.0 7186.0 small-vehicle 1
2848.0 7166.0 2879.0 7166.0 2879.0 7197.0 2848.0 7197.0 small-vehicle 1
2831.0 7177.0 2864.0 7177.0 2864.0 7207.0 2831.0 7207.0 small-vehicle 1
2809.0 7190.0 2843.0 7190.0 2843.0 7220.0 2809.0 7220.0 small-vehicle 1
2733.0 7229.0 2774.0 7229.0 2774.0 7250.0 2733.0 7250.0 small-vehicle 1
2698.0 7240.0 2728.0 7240.0 2728.0 7252.0 2698.0 7252.0 small-vehicle 1
2436.0 7150.0 2467.0 7150.0 2467.0 7180.0 2436.0 7180.0 small-vehicle 1
2423.0 7138.0 2458.0 7138.0 2458.0 7171.0 2423.0 7171.0 small-vehicle 1
2417.0 7094.0 2436.0 7094.0 2436.0 7131.0 2417.0 7131.0 small-vehicle 1
2392.0 7025.0 2415.0 7025.0 2415.0 7056.0 2392.0 7056.0 small-vehicle 1
3234.0 6932.0 3269.0 6932.0 3269.0 6969.0 3234.0 6969.0 small-vehicle 1
3283.0 6871.0 3333.0 6871.0 3333.0 6928.0 3283.0 6928.0 small-vehicle 1
2608.0 6266.0 2672.0 6266.0 2672.0 6320.0 2608.0 6320.0 ship 1
3360.0 6860.0 3391.0 6860.0 3391.0 6893.0 3360.0 6893.0 small-vehicle 1
527.0 7449.0 563.0 7449.0 563.0 7477.0 527.0 7477.0 small-vehicle 1
286.0 568.0 298.0 568.0 298.0 594.0 286.0 594.0 small-vehicle 1
1848.0 3604.0 2042.0 3604.0 2042.0 3753.0 1848.0 3753.0 swimming-pool 1
1871.0 3517.0 1950.0 3517.0 1950.0 3573.0 1871.0 3573.0 swimming-pool 1
1125.0 2378.0 2224.0 2378.0 2224.0 3252.0 1125.0 3252.0 ground-track-field 1
490.0 1657.0 550.0 1657.0 550.0 1694.0 490.0 1694.0 swimming-pool 1
3315.0 3531.0 4641.0 3531.0 4641.0 4743.0 3315.0 4743.0 harbor 0
2017.0 4837.0 2056.0 4837.0 2056.0 4884.0 2017.0 4884.0 ship 1
2006.0 4851.0 2044.0 4851.0 2044.0 4894.0 2006.0 4894.0 ship 1
2516.0 4649.0 2557.0 4649.0 2557.0 4675.0 2516.0 4675.0 small-vehicle 1
3079.0 6760.0 3163.0 6760.0 3163.0 6830.0 3079.0 6830.0 ship 1
3333.0 6724.0 3359.0 6724.0 3359.0 6758.0 3333.0 6758.0 small-vehicle 1
3316.0 6735.0 3345.0 6735.0 3345.0 6768.0 3316.0 6768.0 small-vehicle 1
3301.0 6748.0 3329.0 6748.0 3329.0 6778.0 3301.0 6778.0 small-vehicle 1
3286.0 6760.0 3315.0 6760.0 3315.0 6793.0 3286.0 6793.0 small-vehicle 1
3266.0 6771.0 3295.0 6771.0 3295.0 6804.0 3266.0 6804.0 small-vehicle 1
3247.0 6783.0 3277.0 6783.0 3277.0 6820.0 3247.0 6820.0 small-vehicle 1
3232.0 6799.0 3260.0 6799.0 3260.0 6829.0 3232.0 6829.0 small-vehicle 1
3210.0 6799.0 3239.0 6799.0 3239.0 6837.0 3210.0 6837.0 small-vehicle 1
3168.0 6828.0 3196.0 6828.0 3196.0 6857.0 3168.0 6857.0 small-vehicle 1
3152.0 6833.0 3179.0 6833.0 3179.0 6861.0 3152.0 6861.0 small-vehicle 1
2149.0 5490.0 2187.0 5490.0 2187.0 5511.0 2149.0 5511.0 small-vehicle 1
2161.0 5526.0 2194.0 5526.0 2194.0 5552.0 2161.0 5552.0 small-vehicle 1
533.0 4492.0 560.0 4492.0 560.0 4523.0 533.0 4523.0 small-vehicle 1
600.0 5054.0 635.0 5054.0 635.0 5088.0 600.0 5088.0 small-vehicle 1
248.0 5265.0 274.0 5265.0 274.0 5292.0 248.0 5292.0 small-vehicle 1
262.0 5247.0 288.0 5247.0 288.0 5279.0 262.0 5279.0 small-vehicle 1
278.0 5236.0 306.0 5236.0 306.0 5272.0 278.0 5272.0 small-vehicle 1
324.0 5206.0 356.0 5206.0 356.0 5238.0 324.0 5238.0 small-vehicle 1
342.0 5191.0 371.0 5191.0 371.0 5226.0 342.0 5226.0 small-vehicle 1
372.0 5179.0 398.0 5179.0 398.0 5213.0 372.0 5213.0 small-vehicle 1
565.0 5130.0 601.0 5130.0 601.0 5161.0 565.0 5161.0 small-vehicle 1
465.0 5145.0 503.0 5145.0 503.0 5181.0 465.0 5181.0 small-vehicle 1
458.0 4898.0 488.0 4898.0 488.0 4933.0 458.0 4933.0 small-vehicle 1
520.0 5051.0 556.0 5051.0 556.0 5085.0 520.0 5085.0 small-vehicle 1
608.0 5067.0 652.0 5067.0 652.0 5101.0 608.0 5101.0 small-vehicle 1
378.0 6313.0 408.0 6313.0 408.0 6358.0 378.0 6358.0 small-vehicle 1
625.0 5083.0 667.0 5083.0 667.0 5120.0 625.0 5120.0 small-vehicle 1
541.0 5082.0 573.0 5082.0 573.0 5109.0 541.0 5109.0 small-vehicle 1
534.0 4929.0 572.0 4929.0 572.0 4957.0 534.0 4957.0 small-vehicle 1
523.0 4914.0 559.0 4914.0 559.0 4939.0 523.0 4939.0 small-vehicle 1
513.0 4898.0 547.0 4898.0 547.0 4926.0 513.0 4926.0 small-vehicle 1
481.0 4325.0 514.0 4325.0 514.0 4364.0 481.0 4364.0 small-vehicle 1
498.0 4317.0 533.0 4317.0 533.0 4354.0 498.0 4354.0 small-vehicle 1
515.0 4309.0 542.0 4309.0 542.0 4344.0 515.0 4344.0 small-vehicle 1
586.0 4205.0 610.0 4205.0 610.0 4233.0 586.0 4233.0 small-vehicle 1
601.0 4197.0 627.0 4197.0 627.0 4225.0 601.0 4225.0 small-vehicle 1
1136.0 4864.0 1338.0 4864.0 1338.0 5031.0 1136.0 5031.0 swimming-pool 0
245.0 5340.0 274.0 5340.0 274.0 5378.0 245.0 5378.0 small-vehicle 1
260.0 5333.0 288.0 5333.0 288.0 5369.0 260.0 5369.0 small-vehicle 1
276.0 5326.0 302.0 5326.0 302.0 5359.0 276.0 5359.0 small-vehicle 1
448.0 6088.0 485.0 6088.0 485.0 6123.0 448.0 6123.0 small-vehicle 1
462.0 6131.0 497.0 6131.0 497.0 6161.0 462.0 6161.0 small-vehicle 1
548.0 6022.0 583.0 6022.0 583.0 6038.0 548.0 6038.0 small-vehicle 1
636.0 5919.0 667.0 5919.0 667.0 5954.0 636.0 5954.0 small-vehicle 1
575.0 5999.0 615.0 5999.0 615.0 6029.0 575.0 6029.0 small-vehicle 1
639.0 6002.0 675.0 6002.0 675.0 6035.0 639.0 6035.0 small-vehicle 1
739.0 5891.0 775.0 5891.0 775.0 5924.0 739.0 5924.0 small-vehicle 1
769.0 5868.0 809.0 5868.0 809.0 5900.0 769.0 5900.0 small-vehicle 1
802.0 5850.0 839.0 5850.0 839.0 5879.0 802.0 5879.0 small-vehicle 1
830.0 5821.0 870.0 5821.0 870.0 5855.0 830.0 5855.0 small-vehicle 1
841.0 5861.0 881.0 5861.0 881.0 5897.0 841.0 5897.0 small-vehicle 1
890.0 5831.0 925.0 5831.0 925.0 5859.0 890.0 5859.0 small-vehicle 1
942.0 5794.0 977.0 5794.0 977.0 5826.0 942.0 5826.0 small-vehicle 1
977.0 5731.0 1010.0 5731.0 1010.0 5757.0 977.0 5757.0 small-vehicle 1
1001.0 5747.0 1043.0 5747.0 1043.0 5782.0 1001.0 5782.0 small-vehicle 1
406.0 5242.0 438.0 5242.0 438.0 5275.0 406.0 5275.0 small-vehicle 1
362.0 5267.0 393.0 5267.0 393.0 5302.0 362.0 5302.0 small-vehicle 1
332.0 5285.0 362.0 5285.0 362.0 5319.0 332.0 5319.0 small-vehicle 1
318.0 5304.0 343.0 5304.0 343.0 5333.0 318.0 5333.0 small-vehicle 1
304.0 5311.0 331.0 5311.0 331.0 5342.0 304.0 5342.0 small-vehicle 1
292.0 5322.0 317.0 5322.0 317.0 5349.0 292.0 5349.0 small-vehicle 1
614.0 4180.0 640.0 4180.0 640.0 4213.0 614.0 4213.0 small-vehicle 1
631.0 4173.0 656.0 4173.0 656.0 4204.0 631.0 4204.0 small-vehicle 1
646.0 4165.0 670.0 4165.0 670.0 4194.0 646.0 4194.0 small-vehicle 1
500.0 4387.0 533.0 4387.0 533.0 4428.0 500.0 4428.0 small-vehicle 1
532.0 4368.0 564.0 4368.0 564.0 4405.0 532.0 4405.0 small-vehicle 1
545.0 4360.0 576.0 4360.0 576.0 4396.0 545.0 4396.0 small-vehicle 1
559.0 4349.0 590.0 4349.0 590.0 4385.0 559.0 4385.0 small-vehicle 1
572.0 4342.0 605.0 4342.0 605.0 4375.0 572.0 4375.0 small-vehicle 1
585.0 4331.0 619.0 4331.0 619.0 4369.0 585.0 4369.0 small-vehicle 1
605.0 4358.0 638.0 4358.0 638.0 4390.0 605.0 4390.0 small-vehicle 1
590.0 4367.0 625.0 4367.0 625.0 4402.0 590.0 4402.0 small-vehicle 1
580.0 4382.0 611.0 4382.0 611.0 4414.0 580.0 4414.0 small-vehicle 1
561.0 4392.0 595.0 4392.0 595.0 4423.0 561.0 4423.0 small-vehicle 1
547.0 4400.0 581.0 4400.0 581.0 4433.0 547.0 4433.0 small-vehicle 1
533.0 4411.0 564.0 4411.0 564.0 4440.0 533.0 4440.0 small-vehicle 1
519.0 4420.0 550.0 4420.0 550.0 4451.0 519.0 4451.0 small-vehicle 1
503.0 4425.0 537.0 4425.0 537.0 4460.0 503.0 4460.0 small-vehicle 1
492.0 4436.0 524.0 4436.0 524.0 4469.0 492.0 4469.0 small-vehicle 1
696.0 4350.0 731.0 4350.0 731.0 4379.0 696.0 4379.0 small-vehicle 1
656.0 4397.0 685.0 4397.0 685.0 4427.0 656.0 4427.0 small-vehicle 1
641.0 4409.0 678.0 4409.0 678.0 4440.0 641.0 4440.0 small-vehicle 1
616.0 4427.0 645.0 4427.0 645.0 4458.0 616.0 4458.0 small-vehicle 1
605.0 4440.0 635.0 4440.0 635.0 4471.0 605.0 4471.0 small-vehicle 1
562.0 4471.0 591.0 4471.0 591.0 4505.0 562.0 4505.0 small-vehicle 1
546.0 4482.0 572.0 4482.0 572.0 4513.0 546.0 4513.0 small-vehicle 1
513.0 4376.0 552.0 4376.0 552.0 4418.0 513.0 4418.0 small-vehicle 1
620.0 4350.0 652.0 4350.0 652.0 4379.0 620.0 4379.0 small-vehicle 1
728.0 4211.0 762.0 4211.0 762.0 4241.0 728.0 4241.0 small-vehicle 1
629.0 4339.0 663.0 4339.0 663.0 4373.0 629.0 4373.0 small-vehicle 1
720.0 4201.0 754.0 4201.0 754.0 4228.0 720.0 4228.0 small-vehicle 1
709.0 4183.0 746.0 4183.0 746.0 4214.0 709.0 4214.0 small-vehicle 1
703.0 4168.0 732.0 4168.0 732.0 4194.0 703.0 4194.0 small-vehicle 1
688.0 4135.0 705.0 4135.0 705.0 4175.0 688.0 4175.0 small-vehicle 1
659.0 4151.0 686.0 4151.0 686.0 4190.0 659.0 4190.0 small-vehicle 1
776.0 4299.0 808.0 4299.0 808.0 4315.0 776.0 4315.0 small-vehicle 1
526.0 4300.0 557.0 4300.0 557.0 4336.0 526.0 4336.0 small-vehicle 1
541.0 4292.0 569.0 4292.0 569.0 4324.0 541.0 4324.0 small-vehicle 1
551.0 4278.0 586.0 4278.0 586.0 4318.0 551.0 4318.0 small-vehicle 1
572.0 4275.0 601.0 4275.0 601.0 4311.0 572.0 4311.0 small-vehicle 1
584.0 4266.0 615.0 4266.0 615.0 4300.0 584.0 4300.0 small-vehicle 1
597.0 4256.0 630.0 4256.0 630.0 4288.0 597.0 4288.0 small-vehicle 1
612.0 4247.0 643.0 4247.0 643.0 4279.0 612.0 4279.0 small-vehicle 1
632.0 4244.0 662.0 4244.0 662.0 4270.0 632.0 4270.0 small-vehicle 1
649.0 4234.0 674.0 4234.0 674.0 4264.0 649.0 4264.0 small-vehicle 1
662.0 4223.0 688.0 4223.0 688.0 4254.0 662.0 4254.0 small-vehicle 1
600.0 4321.0 634.0 4321.0 634.0 4357.0 600.0 4357.0 small-vehicle 1
615.0 4314.0 649.0 4314.0 649.0 4346.0 615.0 4346.0 small-vehicle 1
645.0 4297.0 678.0 4297.0 678.0 4331.0 645.0 4331.0 small-vehicle 1
629.0 4303.0 662.0 4303.0 662.0 4335.0 629.0 4335.0 small-vehicle 1
645.0 4331.0 680.0 4331.0 680.0 4365.0 645.0 4365.0 small-vehicle 1
398.0 6285.0 430.0 6285.0 430.0 6323.0 398.0 6323.0 small-vehicle 1
402.0 6684.0 440.0 6684.0 440.0 6722.0 402.0 6722.0 small-vehicle 1
2164.0 5544.0 2202.0 5544.0 2202.0 5570.0 2164.0 5570.0 small-vehicle 1
1481.0 6220.0 1521.0 6220.0 1521.0 6249.0 1481.0 6249.0 small-vehicle 1
1814.0 6000.0 1854.0 6000.0 1854.0 6029.0 1814.0 6029.0 small-vehicle 1
1788.0 6018.0 1826.0 6018.0 1826.0 6047.0 1788.0 6047.0 small-vehicle 1
1758.0 6037.0 1795.0 6037.0 1795.0 6070.0 1758.0 6070.0 small-vehicle 1
1727.0 6056.0 1765.0 6056.0 1765.0 6084.0 1727.0 6084.0 small-vehicle 1
1700.0 6072.0 1737.0 6072.0 1737.0 6107.0 1700.0 6107.0 small-vehicle 1
1669.0 6094.0 1707.0 6094.0 1707.0 6121.0 1669.0 6121.0 small-vehicle 1
1636.0 6111.0 1679.0 6111.0 1679.0 6143.0 1636.0 6143.0 small-vehicle 1
1581.0 6151.0 1622.0 6151.0 1622.0 6182.0 1581.0 6182.0 small-vehicle 1
1543.0 6175.0 1583.0 6175.0 1583.0 6207.0 1543.0 6207.0 small-vehicle 1
1512.0 6200.0 1554.0 6200.0 1554.0 6230.0 1512.0 6230.0 small-vehicle 1
2235.0 5805.0 2272.0 5805.0 2272.0 5832.0 2235.0 5832.0 small-vehicle 1
382.0 6630.0 416.0 6630.0 416.0 6662.0 382.0 6662.0 small-vehicle 1
2267.0 5927.0 2305.0 5927.0 2305.0 5948.0 2267.0 5948.0 small-vehicle 1
2300.0 6043.0 2339.0 6043.0 2339.0 6067.0 2300.0 6067.0 small-vehicle 1
2312.0 6065.0 2344.0 6065.0 2344.0 6086.0 2312.0 6086.0 small-vehicle 1
2325.0 6116.0 2359.0 6116.0 2359.0 6138.0 2325.0 6138.0 small-vehicle 1
2330.0 6130.0 2363.0 6130.0 2363.0 6156.0 2330.0 6156.0 small-vehicle 1
2344.0 6154.0 2374.0 6154.0 2374.0 6171.0 2344.0 6171.0 small-vehicle 1
2343.0 6437.0 2368.0 6437.0 2368.0 6474.0 2343.0 6474.0 small-vehicle 1
2325.0 6435.0 2349.0 6435.0 2349.0 6470.0 2325.0 6470.0 small-vehicle 1
2062.0 6434.0 2107.0 6434.0 2107.0 6465.0 2062.0 6465.0 small-vehicle 1
2025.0 6456.0 2068.0 6456.0 2068.0 6489.0 2025.0 6489.0 small-vehicle 1
1845.0 5987.0 1878.0 5987.0 1878.0 6012.0 1845.0 6012.0 small-vehicle 1
1866.0 5965.0 1911.0 5965.0 1911.0 5998.0 1866.0 5998.0 small-vehicle 1
1901.0 5946.0 1937.0 5946.0 1937.0 5977.0 1901.0 5977.0 small-vehicle 1
1415.0 6148.0 1454.0 6148.0 1454.0 6180.0 1415.0 6180.0 small-vehicle 1
2169.0 5568.0 2206.0 5568.0 2206.0 5593.0 2169.0 5593.0 small-vehicle 1
2177.0 5587.0 2210.0 5587.0 2210.0 5606.0 2177.0 5606.0 small-vehicle 1
2185.0 5604.0 2216.0 5604.0 2216.0 5624.0 2185.0 5624.0 small-vehicle 1
2188.0 5624.0 2225.0 5624.0 2225.0 5645.0 2188.0 5645.0 small-vehicle 1
2195.0 5642.0 2231.0 5642.0 2231.0 5664.0 2195.0 5664.0 small-vehicle 1
2183.0 5739.0 2207.0 5739.0 2207.0 5776.0 2183.0 5776.0 small-vehicle 1
2224.0 5741.0 2254.0 5741.0 2254.0 5758.0 2224.0 5758.0 small-vehicle 1
2225.0 5758.0 2262.0 5758.0 2262.0 5781.0 2225.0 5781.0 small-vehicle 1
1663.0 5668.0 1697.0 5668.0 1697.0 5700.0 1663.0 5700.0 small-vehicle 1
1614.0 5662.0 1658.0 5662.0 1658.0 5701.0 1614.0 5701.0 small-vehicle 1
1496.0 5733.0 1531.0 5733.0 1531.0 5769.0 1496.0 5769.0 small-vehicle 1
1486.0 5790.0 1521.0 5790.0 1521.0 5819.0 1486.0 5819.0 small-vehicle 1
1468.0 5754.0 1496.0 5754.0 1496.0 5789.0 1468.0 5789.0 small-vehicle 1
1448.0 5768.0 1476.0 5768.0 1476.0 5793.0 1448.0 5793.0 small-vehicle 1
1408.0 5796.0 1435.0 5796.0 1435.0 5825.0 1408.0 5825.0 small-vehicle 1
1291.0 5869.0 1319.0 5869.0 1319.0 5900.0 1291.0 5900.0 small-vehicle 1
1376.0 5811.0 1406.0 5811.0 1406.0 5843.0 1376.0 5843.0 small-vehicle 1
1579.0 6046.0 1617.0 6046.0 1617.0 6075.0 1579.0 6075.0 small-vehicle 1
1545.0 6066.0 1583.0 6066.0 1583.0 6097.0 1545.0 6097.0 small-vehicle 1
1489.0 6099.0 1528.0 6099.0 1528.0 6131.0 1489.0 6131.0 small-vehicle 1
1452.0 6122.0 1488.0 6122.0 1488.0 6152.0 1452.0 6152.0 small-vehicle 1
1948.0 6507.0 1988.0 6507.0 1988.0 6540.0 1948.0 6540.0 small-vehicle 1
1925.0 6530.0 1959.0 6530.0 1959.0 6558.0 1925.0 6558.0 small-vehicle 1
1892.0 6546.0 1929.0 6546.0 1929.0 6576.0 1892.0 6576.0 small-vehicle 1
1271.0 6351.0 1307.0 6351.0 1307.0 6380.0 1271.0 6380.0 small-vehicle 1
1215.0 6387.0 1253.0 6387.0 1253.0 6421.0 1215.0 6421.0 small-vehicle 1
1179.0 6407.0 1220.0 6407.0 1220.0 6440.0 1179.0 6440.0 small-vehicle 1
1150.0 6430.0 1190.0 6430.0 1190.0 6459.0 1150.0 6459.0 small-vehicle 1
1123.0 6449.0 1158.0 6449.0 1158.0 6477.0 1123.0 6477.0 small-vehicle 1
1096.0 6466.0 1128.0 6466.0 1128.0 6494.0 1096.0 6494.0 small-vehicle 1
1067.0 6481.0 1103.0 6481.0 1103.0 6513.0 1067.0 6513.0 small-vehicle 1
1034.0 6502.0 1073.0 6502.0 1073.0 6534.0 1034.0 6534.0 small-vehicle 1
994.0 6419.0 1027.0 6419.0 1027.0 6440.0 994.0 6440.0 small-vehicle 1
983.0 6539.0 1016.0 6539.0 1016.0 6565.0 983.0 6565.0 small-vehicle 1
956.0 6557.0 992.0 6557.0 992.0 6585.0 956.0 6585.0 small-vehicle 1
930.0 6572.0 963.0 6572.0 963.0 6605.0 930.0 6605.0 small-vehicle 1
899.0 6588.0 936.0 6588.0 936.0 6619.0 899.0 6619.0 small-vehicle 1
868.0 6607.0 908.0 6607.0 908.0 6644.0 868.0 6644.0 small-vehicle 1
841.0 6626.0 881.0 6626.0 881.0 6663.0 841.0 6663.0 small-vehicle 1
810.0 6648.0 848.0 6648.0 848.0 6680.0 810.0 6680.0 small-vehicle 1
641.0 6643.0 679.0 6643.0 679.0 6677.0 641.0 6677.0 small-vehicle 1
772.0 6671.0 810.0 6671.0 810.0 6706.0 772.0 6706.0 small-vehicle 1
739.0 6695.0 775.0 6695.0 775.0 6727.0 739.0 6727.0 small-vehicle 1
708.0 6711.0 746.0 6711.0 746.0 6742.0 708.0 6742.0 small-vehicle 1
683.0 6732.0 716.0 6732.0 716.0 6763.0 683.0 6763.0 small-vehicle 1
368.0 6604.0 404.0 6604.0 404.0 6637.0 368.0 6637.0 small-vehicle 1
1246.0 6369.0 1283.0 6369.0 1283.0 6399.0 1246.0 6399.0 small-vehicle 1
1253.0 6252.0 1289.0 6252.0 1289.0 6282.0 1253.0 6282.0 small-vehicle 1
1857.0 6569.0 1896.0 6569.0 1896.0 6596.0 1857.0 6596.0 small-vehicle 1
1302.0 6328.0 1339.0 6328.0 1339.0 6362.0 1302.0 6362.0 small-vehicle 1
1825.0 6590.0 1862.0 6590.0 1862.0 6621.0 1825.0 6621.0 small-vehicle 1
2279.0 6819.0 2300.0 6819.0 2300.0 6850.0 2279.0 6850.0 small-vehicle 1
2230.0 6659.0 2256.0 6659.0 2256.0 6694.0 2230.0 6694.0 small-vehicle 1
2056.0 6704.0 2086.0 6704.0 2086.0 6740.0 2056.0 6740.0 small-vehicle 1
2041.0 6716.0 2068.0 6716.0 2068.0 6747.0 2041.0 6747.0 small-vehicle 1
1993.0 6793.0 2035.0 6793.0 2035.0 6824.0 1993.0 6824.0 small-vehicle 1
2004.0 6811.0 2042.0 6811.0 2042.0 6837.0 2004.0 6837.0 small-vehicle 1
2010.0 6828.0 2049.0 6828.0 2049.0 6856.0 2010.0 6856.0 small-vehicle 1
1929.0 7018.0 1958.0 7018.0 1958.0 7043.0 1929.0 7043.0 small-vehicle 1
2288.0 6871.0 2315.0 6871.0 2315.0 6904.0 2288.0 6904.0 small-vehicle 1
2312.0 6932.0 2342.0 6932.0 2342.0 6972.0 2312.0 6972.0 small-vehicle 1
2323.0 6968.0 2349.0 6968.0 2349.0 7002.0 2323.0 7002.0 small-vehicle 1
2337.0 7003.0 2360.0 7003.0 2360.0 7040.0 2337.0 7040.0 small-vehicle 1
2349.0 7039.0 2373.0 7039.0 2373.0 7073.0 2349.0 7073.0 small-vehicle 1
2361.0 7068.0 2382.0 7068.0 2382.0 7101.0 2361.0 7101.0 small-vehicle 1
656.0 7411.0 693.0 7411.0 693.0 7444.0 656.0 7444.0 small-vehicle 1
1429.0 6251.0 1468.0 6251.0 1468.0 6285.0 1429.0 6285.0 small-vehicle 1
1324.0 6206.0 1364.0 6206.0 1364.0 6235.0 1324.0 6235.0 small-vehicle 1
1394.0 6270.0 1436.0 6270.0 1436.0 6304.0 1394.0 6304.0 small-vehicle 1
1364.0 6295.0 1402.0 6295.0 1402.0 6325.0 1364.0 6325.0 small-vehicle 1
1334.0 6311.0 1374.0 6311.0 1374.0 6341.0 1334.0 6341.0 small-vehicle 1
840.0 173.0 973.0 173.0 973.0 304.0 840.0 304.0 swimming-pool 0
