imagesource:GoogleEarth
gsd:0.133214449369
1158.0 2578.0 1200.0 2578.0 1200.0 2624.0 1158.0 2624.0 small-vehicle 1
624.0 1686.0 654.0 1686.0 654.0 1713.0 624.0 1713.0 small-vehicle 1
893.0 1364.0 926.0 1364.0 926.0 1380.0 893.0 1380.0 small-vehicle 1
900.0 1345.0 940.0 1345.0 940.0 1364.0 900.0 1364.0 small-vehicle 1
916.0 1328.0 948.0 1328.0 948.0 1342.0 916.0 1342.0 small-vehicle 1
921.0 1307.0 957.0 1307.0 957.0 1326.0 921.0 1326.0 small-vehicle 1
932.0 1289.0 972.0 1289.0 972.0 1305.0 932.0 1305.0 small-vehicle 1
945.0 1268.0 978.0 1268.0 978.0 1287.0 945.0 1287.0 small-vehicle 1
951.0 1248.0 986.0 1248.0 986.0 1268.0 951.0 1268.0 small-vehicle 1
960.0 1232.0 993.0 1232.0 993.0 1251.0 960.0 1251.0 small-vehicle 1
967.0 1208.0 1006.0 1208.0 1006.0 1234.0 967.0 1234.0 small-vehicle 1
983.0 1184.0 1017.0 1184.0 1017.0 1207.0 983.0 1207.0 small-vehicle 1
997.0 1165.0 1029.0 1165.0 1029.0 1190.0 997.0 1190.0 small-vehicle 1
1000.0 1147.0 1036.0 1147.0 1036.0 1171.0 1000.0 1171.0 small-vehicle 1
1015.0 1133.0 1053.0 1133.0 1053.0 1157.0 1015.0 1157.0 small-vehicle 1
1020.0 1117.0 1056.0 1117.0 1056.0 1137.0 1020.0 1137.0 small-vehicle 1
1025.0 1097.0 1064.0 1097.0 1064.0 1124.0 1025.0 1124.0 small-vehicle 1
1033.0 1079.0 1072.0 1079.0 1072.0 1109.0 1033.0 1109.0 small-vehicle 1
1035.0 1061.0 1084.0 1061.0 1084.0 1096.0 1035.0 1096.0 small-vehicle 1
573.0 1849.0 608.0 1849.0 608.0 1895.0 573.0 1895.0 small-vehicle 1
529.0 1834.0 572.0 1834.0 572.0 1880.0 529.0 1880.0 small-vehicle 1
542.0 1814.0 580.0 1814.0 580.0 1850.0 542.0 1850.0 small-vehicle 1
561.0 1793.0 598.0 1793.0 598.0 1832.0 561.0 1832.0 small-vehicle 1
572.0 1776.0 606.0 1776.0 606.0 1809.0 572.0 1809.0 small-vehicle 1
581.0 1755.0 612.0 1755.0 612.0 1787.0 581.0 1787.0 small-vehicle 1
590.0 1744.0 621.0 1744.0 621.0 1776.0 590.0 1776.0 small-vehicle 1
595.0 1722.0 630.0 1722.0 630.0 1754.0 595.0 1754.0 small-vehicle 1
878.0 1382.0 918.0 1382.0 918.0 1406.0 878.0 1406.0 small-vehicle 1
870.0 1405.0 908.0 1405.0 908.0 1425.0 870.0 1425.0 small-vehicle 1
859.0 1425.0 893.0 1425.0 893.0 1440.0 859.0 1440.0 small-vehicle 1
140.0 1485.0 174.0 1485.0 174.0 1510.0 140.0 1510.0 small-vehicle 1
324.0 1705.0 371.0 1705.0 371.0 1733.0 324.0 1733.0 small-vehicle 1
339.0 1722.0 379.0 1722.0 379.0 1748.0 339.0 1748.0 small-vehicle 1
708.0 1680.0 749.0 1680.0 749.0 1730.0 708.0 1730.0 small-vehicle 1
215.0 1653.0 253.0 1653.0 253.0 1687.0 215.0 1687.0 small-vehicle 1
240.0 1609.0 287.0 1609.0 287.0 1642.0 240.0 1642.0 small-vehicle 1
227.0 1596.0 269.0 1596.0 269.0 1624.0 227.0 1624.0 small-vehicle 1
157.0 1575.0 191.0 1575.0 191.0 1614.0 157.0 1614.0 small-vehicle 1
200.0 1553.0 240.0 1553.0 240.0 1582.0 200.0 1582.0 small-vehicle 1
186.0 1540.0 227.0 1540.0 227.0 1564.0 186.0 1564.0 small-vehicle 1
175.0 1524.0 212.0 1524.0 212.0 1548.0 175.0 1548.0 small-vehicle 1
158.0 1502.0 197.0 1502.0 197.0 1527.0 158.0 1527.0 small-vehicle 1
55.0 1377.0 75.0 1377.0 75.0 1426.0 55.0 1426.0 small-vehicle 1
837.0 1445.0 879.0 1445.0 879.0 1470.0 837.0 1470.0 small-vehicle 1
26.0 1371.0 55.0 1371.0 55.0 1413.0 26.0 1413.0 small-vehicle 1
725.0 1660.0 764.0 1660.0 764.0 1680.0 725.0 1680.0 small-vehicle 1
740.0 1640.0 777.0 1640.0 777.0 1658.0 740.0 1658.0 small-vehicle 1
749.0 1622.0 783.0 1622.0 783.0 1641.0 749.0 1641.0 small-vehicle 1
760.0 1599.0 796.0 1599.0 796.0 1623.0 760.0 1623.0 small-vehicle 1
773.0 1577.0 811.0 1577.0 811.0 1597.0 773.0 1597.0 small-vehicle 1
785.0 1558.0 822.0 1558.0 822.0 1579.0 785.0 1579.0 small-vehicle 1
801.0 1539.0 834.0 1539.0 834.0 1557.0 801.0 1557.0 small-vehicle 1
806.0 1519.0 845.0 1519.0 845.0 1539.0 806.0 1539.0 small-vehicle 1
810.0 1493.0 858.0 1493.0 858.0 1520.0 810.0 1520.0 small-vehicle 1
825.0 1467.0 867.0 1467.0 867.0 1494.0 825.0 1494.0 small-vehicle 1
609.0 1700.0 644.0 1700.0 644.0 1739.0 609.0 1739.0 small-vehicle 1
630.0 1658.0 664.0 1658.0 664.0 1696.0 630.0 1696.0 small-vehicle 1
456.0 1851.0 499.0 1851.0 499.0 1880.0 456.0 1880.0 small-vehicle 1
646.0 1647.0 669.0 1647.0 669.0 1680.0 646.0 1680.0 small-vehicle 1
876.0 1227.0 906.0 1227.0 906.0 1259.0 876.0 1259.0 small-vehicle 1
883.0 1204.0 913.0 1204.0 913.0 1236.0 883.0 1236.0 small-vehicle 1
960.0 1153.0 994.0 1153.0 994.0 1192.0 960.0 1192.0 small-vehicle 1
902.0 1171.0 939.0 1171.0 939.0 1218.0 902.0 1218.0 small-vehicle 1
917.0 1144.0 954.0 1144.0 954.0 1174.0 917.0 1174.0 small-vehicle 1
921.0 1117.0 957.0 1117.0 957.0 1152.0 921.0 1152.0 small-vehicle 1
940.0 1109.0 969.0 1109.0 969.0 1139.0 940.0 1139.0 small-vehicle 1
944.0 1081.0 985.0 1081.0 985.0 1117.0 944.0 1117.0 small-vehicle 1
997.0 1073.0 1025.0 1073.0 1025.0 1112.0 997.0 1112.0 small-vehicle 1
1038.0 1009.0 1071.0 1009.0 1071.0 1045.0 1038.0 1045.0 small-vehicle 1
963.0 1052.0 984.0 1052.0 984.0 1089.0 963.0 1089.0 small-vehicle 1
959.0 1009.0 976.0 1009.0 976.0 1043.0 959.0 1043.0 small-vehicle 1
998.0 1016.0 1019.0 1016.0 1019.0 1052.0 998.0 1052.0 small-vehicle 1
1193.0 703.0 1231.0 703.0 1231.0 746.0 1193.0 746.0 small-vehicle 1
1180.0 744.0 1210.0 744.0 1210.0 780.0 1180.0 780.0 small-vehicle 1
182.0 996.0 214.0 996.0 214.0 1035.0 182.0 1035.0 small-vehicle 1
147.0 1057.0 177.0 1057.0 177.0 1095.0 147.0 1095.0 small-vehicle 1
65.0 1124.0 99.0 1124.0 99.0 1163.0 65.0 1163.0 small-vehicle 1
96.0 1098.0 139.0 1098.0 139.0 1137.0 96.0 1137.0 small-vehicle 1
31.0 1296.0 53.0 1296.0 53.0 1332.0 31.0 1332.0 small-vehicle 1
35.0 1251.0 53.0 1251.0 53.0 1291.0 35.0 1291.0 small-vehicle 1
143.0 1171.0 180.0 1171.0 180.0 1211.0 143.0 1211.0 small-vehicle 1
734.0 851.0 777.0 851.0 777.0 888.0 734.0 888.0 small-vehicle 1
774.0 875.0 814.0 875.0 814.0 909.0 774.0 909.0 small-vehicle 1
805.0 859.0 842.0 859.0 842.0 891.0 805.0 891.0 small-vehicle 1
862.0 1243.0 900.0 1243.0 900.0 1282.0 862.0 1282.0 small-vehicle 1
860.0 1262.0 886.0 1262.0 886.0 1289.0 860.0 1289.0 small-vehicle 1
848.0 1276.0 878.0 1276.0 878.0 1307.0 848.0 1307.0 small-vehicle 1
747.0 1453.0 779.0 1453.0 779.0 1487.0 747.0 1487.0 small-vehicle 1
647.0 1626.0 681.0 1626.0 681.0 1662.0 647.0 1662.0 small-vehicle 1
661.0 1610.0 690.0 1610.0 690.0 1645.0 661.0 1645.0 small-vehicle 1
669.0 1598.0 698.0 1598.0 698.0 1629.0 669.0 1629.0 small-vehicle 1
677.0 1580.0 708.0 1580.0 708.0 1611.0 677.0 1611.0 small-vehicle 1
690.0 1563.0 720.0 1563.0 720.0 1599.0 690.0 1599.0 small-vehicle 1
697.0 1542.0 729.0 1542.0 729.0 1579.0 697.0 1579.0 small-vehicle 1
718.0 1550.0 752.0 1550.0 752.0 1589.0 718.0 1589.0 small-vehicle 1
711.0 1530.0 738.0 1530.0 738.0 1561.0 711.0 1561.0 small-vehicle 1
722.0 1503.0 751.0 1503.0 751.0 1540.0 722.0 1540.0 small-vehicle 1
729.0 1489.0 758.0 1489.0 758.0 1523.0 729.0 1523.0 small-vehicle 1
726.0 1463.0 772.0 1463.0 772.0 1509.0 726.0 1509.0 small-vehicle 1
752.0 1433.0 794.0 1433.0 794.0 1475.0 752.0 1475.0 small-vehicle 1
885.0 1311.0 915.0 1311.0 915.0 1347.0 885.0 1347.0 small-vehicle 1
771.0 1422.0 805.0 1422.0 805.0 1457.0 771.0 1457.0 small-vehicle 1
781.0 1401.0 813.0 1401.0 813.0 1434.0 781.0 1434.0 small-vehicle 1
790.0 1383.0 819.0 1383.0 819.0 1415.0 790.0 1415.0 small-vehicle 1
802.0 1367.0 830.0 1367.0 830.0 1395.0 802.0 1395.0 small-vehicle 1
810.0 1344.0 840.0 1344.0 840.0 1380.0 810.0 1380.0 small-vehicle 1
817.0 1331.0 854.0 1331.0 854.0 1367.0 817.0 1367.0 small-vehicle 1
824.0 1313.0 856.0 1313.0 856.0 1346.0 824.0 1346.0 small-vehicle 1
837.0 1291.0 870.0 1291.0 870.0 1327.0 837.0 1327.0 small-vehicle 1
1052.0 1045.0 1093.0 1045.0 1093.0 1073.0 1052.0 1073.0 small-vehicle 1
903.0 1223.0 931.0 1223.0 931.0 1260.0 903.0 1260.0 small-vehicle 1
918.0 1238.0 949.0 1238.0 949.0 1274.0 918.0 1274.0 small-vehicle 1
314.0 1687.0 358.0 1687.0 358.0 1712.0 314.0 1712.0 small-vehicle 1
359.0 1756.0 410.0 1756.0 410.0 1790.0 359.0 1790.0 small-vehicle 1
1690.0 1064.0 1737.0 1064.0 1737.0 1096.0 1690.0 1096.0 small-vehicle 1
2029.0 513.0 2063.0 513.0 2063.0 546.0 2029.0 546.0 small-vehicle 1
1838.0 844.0 1865.0 844.0 1865.0 874.0 1838.0 874.0 small-vehicle 1
1841.0 824.0 1875.0 824.0 1875.0 858.0 1841.0 858.0 small-vehicle 1
1807.0 667.0 1843.0 667.0 1843.0 693.0 1807.0 693.0 small-vehicle 1
1831.0 709.0 1862.0 709.0 1862.0 746.0 1831.0 746.0 small-vehicle 1
1812.0 741.0 1841.0 741.0 1841.0 773.0 1812.0 773.0 small-vehicle 1
1791.0 771.0 1821.0 771.0 1821.0 809.0 1791.0 809.0 small-vehicle 1
1685.0 814.0 1721.0 814.0 1721.0 842.0 1685.0 842.0 small-vehicle 1
1692.0 798.0 1729.0 798.0 1729.0 823.0 1692.0 823.0 small-vehicle 1
1851.0 806.0 1885.0 806.0 1885.0 839.0 1851.0 839.0 small-vehicle 1
1863.0 792.0 1895.0 792.0 1895.0 822.0 1863.0 822.0 small-vehicle 1
1874.0 773.0 1907.0 773.0 1907.0 807.0 1874.0 807.0 small-vehicle 1
1881.0 750.0 1922.0 750.0 1922.0 786.0 1881.0 786.0 small-vehicle 1
1898.0 738.0 1931.0 738.0 1931.0 768.0 1898.0 768.0 small-vehicle 1
1904.0 716.0 1940.0 716.0 1940.0 750.0 1904.0 750.0 small-vehicle 1
1918.0 702.0 1953.0 702.0 1953.0 732.0 1918.0 732.0 small-vehicle 1
1926.0 682.0 1959.0 682.0 1959.0 714.0 1926.0 714.0 small-vehicle 1
1940.0 669.0 1972.0 669.0 1972.0 699.0 1940.0 699.0 small-vehicle 1
1948.0 651.0 1982.0 651.0 1982.0 682.0 1948.0 682.0 small-vehicle 1
1879.0 630.0 1906.0 630.0 1906.0 667.0 1879.0 667.0 small-vehicle 1
1959.0 633.0 1993.0 633.0 1993.0 661.0 1959.0 661.0 small-vehicle 1
1972.0 615.0 2004.0 615.0 2004.0 644.0 1972.0 644.0 small-vehicle 1
1977.0 597.0 2014.0 597.0 2014.0 626.0 1977.0 626.0 small-vehicle 1
1990.0 584.0 2021.0 584.0 2021.0 613.0 1990.0 613.0 small-vehicle 1
1999.0 565.0 2032.0 565.0 2032.0 597.0 1999.0 597.0 small-vehicle 1
2003.0 545.0 2042.0 545.0 2042.0 581.0 2003.0 581.0 small-vehicle 1
1818.0 856.0 1855.0 856.0 1855.0 888.0 1818.0 888.0 small-vehicle 1
1812.0 874.0 1848.0 874.0 1848.0 908.0 1812.0 908.0 small-vehicle 1
1752.0 789.0 1786.0 789.0 1786.0 830.0 1752.0 830.0 small-vehicle 1
1933.0 827.0 1972.0 827.0 1972.0 848.0 1933.0 848.0 small-vehicle 1
1717.0 1030.0 1757.0 1030.0 1757.0 1063.0 1717.0 1063.0 small-vehicle 1
1732.0 1013.0 1765.0 1013.0 1765.0 1044.0 1732.0 1044.0 small-vehicle 1
1738.0 1001.0 1772.0 1001.0 1772.0 1032.0 1738.0 1032.0 small-vehicle 1
1745.0 982.0 1782.0 982.0 1782.0 1012.0 1745.0 1012.0 small-vehicle 1
1755.0 967.0 1792.0 967.0 1792.0 995.0 1755.0 995.0 small-vehicle 1
1867.0 930.0 1901.0 930.0 1901.0 957.0 1867.0 957.0 small-vehicle 1
1877.0 913.0 1913.0 913.0 1913.0 935.0 1877.0 935.0 small-vehicle 1
1888.0 894.0 1926.0 894.0 1926.0 918.0 1888.0 918.0 small-vehicle 1
1902.0 879.0 1938.0 879.0 1938.0 899.0 1902.0 899.0 small-vehicle 1
1912.0 861.0 1947.0 861.0 1947.0 883.0 1912.0 883.0 small-vehicle 1
1922.0 842.0 1960.0 842.0 1960.0 863.0 1922.0 863.0 small-vehicle 1
1949.0 811.0 1980.0 811.0 1980.0 831.0 1949.0 831.0 small-vehicle 1
1678.0 834.0 1716.0 834.0 1716.0 861.0 1678.0 861.0 small-vehicle 1
1961.0 790.0 1997.0 790.0 1997.0 808.0 1961.0 808.0 small-vehicle 1
1970.0 768.0 2005.0 768.0 2005.0 789.0 1970.0 789.0 small-vehicle 1
1981.0 741.0 2019.0 741.0 2019.0 767.0 1981.0 767.0 small-vehicle 1
1998.0 727.0 2034.0 727.0 2034.0 746.0 1998.0 746.0 small-vehicle 1
2012.0 706.0 2042.0 706.0 2042.0 724.0 2012.0 724.0 small-vehicle 1
2019.0 686.0 2054.0 686.0 2054.0 706.0 2019.0 706.0 small-vehicle 1
2033.0 667.0 2069.0 667.0 2069.0 691.0 2033.0 691.0 small-vehicle 1
2044.0 649.0 2079.0 649.0 2079.0 674.0 2044.0 674.0 small-vehicle 1
1771.0 809.0 1802.0 809.0 1802.0 846.0 1771.0 846.0 small-vehicle 1
1667.0 870.0 1699.0 870.0 1699.0 898.0 1667.0 898.0 small-vehicle 1
1671.0 853.0 1705.0 853.0 1705.0 880.0 1671.0 880.0 small-vehicle 1
2021.0 530.0 2056.0 530.0 2056.0 561.0 2021.0 561.0 small-vehicle 1
2042.0 496.0 2076.0 496.0 2076.0 530.0 2042.0 530.0 small-vehicle 1
346.0 1735.0 392.0 1735.0 392.0 1763.0 346.0 1763.0 small-vehicle 1
2053.0 483.0 2083.0 483.0 2083.0 511.0 2053.0 511.0 small-vehicle 1
175.0 2996.0 216.0 2996.0 216.0 3036.0 175.0 3036.0 small-vehicle 1
87.0 2494.0 120.0 2494.0 120.0 2529.0 87.0 2529.0 small-vehicle 1
73.0 2489.0 104.0 2489.0 104.0 2521.0 73.0 2521.0 small-vehicle 1
60.0 2475.0 95.0 2475.0 95.0 2512.0 60.0 2512.0 small-vehicle 1
205.0 2494.0 241.0 2494.0 241.0 2530.0 205.0 2530.0 small-vehicle 1
404.0 2764.0 454.0 2764.0 454.0 2785.0 404.0 2785.0 small-vehicle 1
609.0 2783.0 651.0 2783.0 651.0 2803.0 609.0 2803.0 small-vehicle 1
678.0 2783.0 725.0 2783.0 725.0 2805.0 678.0 2805.0 small-vehicle 1
742.0 2777.0 790.0 2777.0 790.0 2801.0 742.0 2801.0 small-vehicle 1
726.0 2096.0 744.0 2096.0 744.0 2136.0 726.0 2136.0 small-vehicle 1
707.0 2092.0 724.0 2092.0 724.0 2131.0 707.0 2131.0 small-vehicle 1
683.0 2077.0 707.0 2077.0 707.0 2113.0 683.0 2113.0 small-vehicle 1
672.0 2069.0 688.0 2069.0 688.0 2106.0 672.0 2106.0 small-vehicle 1
648.0 2056.0 668.0 2056.0 668.0 2098.0 648.0 2098.0 small-vehicle 1
634.0 2045.0 650.0 2045.0 650.0 2085.0 634.0 2085.0 small-vehicle 1
616.0 2037.0 635.0 2037.0 635.0 2070.0 616.0 2070.0 small-vehicle 1
533.0 1986.0 561.0 1986.0 561.0 2027.0 533.0 2027.0 small-vehicle 1
520.0 1979.0 548.0 1979.0 548.0 2017.0 520.0 2017.0 small-vehicle 1
498.0 1966.0 532.0 1966.0 532.0 2008.0 498.0 2008.0 small-vehicle 1
487.0 1956.0 516.0 1956.0 516.0 1991.0 487.0 1991.0 small-vehicle 1
485.0 1922.0 525.0 1922.0 525.0 1957.0 485.0 1957.0 small-vehicle 1
420.0 1903.0 461.0 1903.0 461.0 1940.0 420.0 1940.0 small-vehicle 1
117.0 2074.0 162.0 2074.0 162.0 2113.0 117.0 2113.0 small-vehicle 1
385.0 1794.0 439.0 1794.0 439.0 1825.0 385.0 1825.0 small-vehicle 1
370.0 1776.0 424.0 1776.0 424.0 1807.0 370.0 1807.0 small-vehicle 1
202.0 3006.0 230.0 3006.0 230.0 3041.0 202.0 3041.0 small-vehicle 1
127.0 3060.0 164.0 3060.0 164.0 3103.0 127.0 3103.0 small-vehicle 1
96.0 3106.0 130.0 3106.0 130.0 3143.0 96.0 3143.0 small-vehicle 1
813.0 3539.0 848.0 3539.0 848.0 3573.0 813.0 3573.0 small-vehicle 1
2062.0 465.0 2097.0 465.0 2097.0 493.0 2062.0 493.0 small-vehicle 1
1956.0 462.0 1989.0 462.0 1989.0 491.0 1956.0 491.0 small-vehicle 1
2072.0 444.0 2106.0 444.0 2106.0 475.0 2072.0 475.0 small-vehicle 1
2054.0 354.0 2086.0 354.0 2086.0 396.0 2054.0 396.0 small-vehicle 1
1058.0 3761.0 1091.0 3761.0 1091.0 3788.0 1058.0 3788.0 small-vehicle 1
682.0 3573.0 715.0 3573.0 715.0 3608.0 682.0 3608.0 small-vehicle 1
634.0 3709.0 666.0 3709.0 666.0 3750.0 634.0 3750.0 small-vehicle 1
608.0 3738.0 643.0 3738.0 643.0 3777.0 608.0 3777.0 small-vehicle 1
393.0 3534.0 432.0 3534.0 432.0 3577.0 393.0 3577.0 small-vehicle 1
816.0 3587.0 851.0 3587.0 851.0 3615.0 816.0 3615.0 small-vehicle 1
839.0 3559.0 878.0 3559.0 878.0 3591.0 839.0 3591.0 small-vehicle 1
1040.0 2346.0 1074.0 2346.0 1074.0 2386.0 1040.0 2386.0 small-vehicle 1
64.0 3144.0 105.0 3144.0 105.0 3182.0 64.0 3182.0 small-vehicle 1
971.0 2195.0 1008.0 2195.0 1008.0 2227.0 971.0 2227.0 small-vehicle 1
461.0 3065.0 496.0 3065.0 496.0 3104.0 461.0 3104.0 small-vehicle 1
480.0 2992.0 519.0 2992.0 519.0 3025.0 480.0 3025.0 small-vehicle 1
500.0 3366.0 536.0 3366.0 536.0 3395.0 500.0 3395.0 small-vehicle 1
400.0 3304.0 439.0 3304.0 439.0 3337.0 400.0 3337.0 small-vehicle 1
438.0 3319.0 460.0 3319.0 460.0 3362.0 438.0 3362.0 small-vehicle 1
302.0 3236.0 346.0 3236.0 346.0 3273.0 302.0 3273.0 small-vehicle 1
255.0 3196.0 292.0 3196.0 292.0 3229.0 255.0 3229.0 small-vehicle 1
187.0 3144.0 229.0 3144.0 229.0 3182.0 187.0 3182.0 small-vehicle 1
58.0 3189.0 101.0 3189.0 101.0 3234.0 58.0 3234.0 small-vehicle 1
103.0 3134.0 141.0 3134.0 141.0 3175.0 103.0 3175.0 small-vehicle 1
661.0 812.0 693.0 812.0 693.0 841.0 661.0 841.0 small-vehicle 1
1127.0 774.0 1168.0 774.0 1168.0 829.0 1127.0 829.0 small-vehicle 1
1157.0 788.0 1189.0 788.0 1189.0 831.0 1157.0 831.0 small-vehicle 1
1452.0 482.0 1538.0 482.0 1538.0 604.0 1452.0 604.0 ship 0
3378.0 4730.0 3450.0 4730.0 3450.0 4787.0 3378.0 4787.0 ship 0
2802.0 4189.0 2864.0 4189.0 2864.0 4241.0 2802.0 4241.0 ship 0
3256.0 2394.0 3334.0 2394.0 3334.0 2482.0 3256.0 2482.0 ship 0
2594.0 5169.0 2642.0 5169.0 2642.0 5218.0 2594.0 5218.0 swimming-pool 0
1854.0 4916.0 1912.0 4916.0 1912.0 4981.0 1854.0 4981.0 swimming-pool 0
2290.0 4954.0 2342.0 4954.0 2342.0 5009.0 2290.0 5009.0 swimming-pool 0
2026.0 4675.0 2078.0 4675.0 2078.0 4731.0 2026.0 4731.0 swimming-pool 0
2061.0 4640.0 2102.0 4640.0 2102.0 4683.0 2061.0 4683.0 swimming-pool 0
2096.0 4586.0 2171.0 4586.0 2171.0 4659.0 2096.0 4659.0 swimming-pool 0
2043.0 4560.0 2100.0 4560.0 2100.0 4622.0 2043.0 4622.0 swimming-pool 0
1821.0 251.0 1955.0 251.0 1955.0 422.0 1821.0 422.0 ship 0
1937.0 99.0 2040.0 99.0 2040.0 240.0 1937.0 240.0 ship 0
1907.0 84.0 2010.0 84.0 2010.0 215.0 1907.0 215.0 ship 0
1709.0 108.0 1756.0 108.0 1756.0 170.0 1709.0 170.0 ship 0
1686.0 65.0 1759.0 65.0 1759.0 161.0 1686.0 161.0 ship 0
1671.0 57.0 1732.0 57.0 1732.0 140.0 1671.0 140.0 ship 0
1646.0 186.0 1752.0 186.0 1752.0 331.0 1646.0 331.0 ship 0
1604.0 166.0 1724.0 166.0 1724.0 321.0 1604.0 321.0 ship 0
1564.0 140.0 1691.0 140.0 1691.0 306.0 1564.0 306.0 ship 0
1536.0 134.0 1645.0 134.0 1645.0 281.0 1536.0 281.0 ship 0
1578.0 357.0 1705.0 357.0 1705.0 518.0 1578.0 518.0 ship 0
1536.0 346.0 1669.0 346.0 1669.0 505.0 1536.0 505.0 ship 0
1524.0 327.0 1634.0 327.0 1634.0 474.0 1524.0 474.0 ship 0
1581.0 296.0 1622.0 296.0 1622.0 352.0 1581.0 352.0 ship 0
1473.0 292.0 1605.0 292.0 1605.0 469.0 1473.0 469.0 ship 0
3434.0 4767.0 3506.0 4767.0 3506.0 4824.0 3434.0 4824.0 ship 0
3501.0 4800.0 3606.0 4800.0 3606.0 4886.0 3501.0 4886.0 ship 0
3546.0 4784.0 3624.0 4784.0 3624.0 4846.0 3546.0 4846.0 ship 0
3797.0 4388.0 3876.0 4388.0 3876.0 4449.0 3797.0 4449.0 ship 0
4134.0 2444.0 4192.0 2444.0 4192.0 2536.0 4134.0 2536.0 ship 0
4100.0 2418.0 4178.0 2418.0 4178.0 2527.0 4100.0 2527.0 ship 0
4077.0 2435.0 4131.0 2435.0 4131.0 2516.0 4077.0 2516.0 ship 0
4047.0 2423.0 4102.0 2423.0 4102.0 2505.0 4047.0 2505.0 ship 0
4024.0 2498.0 4089.0 2498.0 4089.0 2553.0 4024.0 2553.0 ship 0
4031.0 2518.0 4072.0 2518.0 4072.0 2559.0 4031.0 2559.0 ship 0
3982.0 2499.0 4042.0 2499.0 4042.0 2536.0 3982.0 2536.0 ship 0
3992.0 2376.0 4093.0 2376.0 4093.0 2504.0 3992.0 2504.0 ship 0
3752.0 2384.0 3799.0 2384.0 3799.0 2439.0 3752.0 2439.0 ship 0
3555.0 2290.0 3590.0 2290.0 3590.0 2339.0 3555.0 2339.0 ship 0
3718.0 3608.0 3768.0 3608.0 3768.0 3663.0 3718.0 3663.0 ship 0
3770.0 4404.0 3865.0 4404.0 3865.0 4476.0 3770.0 4476.0 ship 0
3551.0 4746.0 3648.0 4746.0 3648.0 4825.0 3551.0 4825.0 ship 0
3762.0 4430.0 3851.0 4430.0 3851.0 4498.0 3762.0 4498.0 ship 0
3754.0 4460.0 3833.0 4460.0 3833.0 4520.0 3754.0 4520.0 ship 0
3734.0 4478.0 3822.0 4478.0 3822.0 4543.0 3734.0 4543.0 ship 0
3726.0 4503.0 3808.0 4503.0 3808.0 4565.0 3726.0 4565.0 ship 0
3706.0 4524.0 3791.0 4524.0 3791.0 4587.0 3706.0 4587.0 ship 0
3699.0 4551.0 3779.0 4551.0 3779.0 4604.0 3699.0 4604.0 ship 0
3656.0 4553.0 3768.0 4553.0 3768.0 4642.0 3656.0 4642.0 ship 0
3623.0 4577.0 3744.0 4577.0 3744.0 4674.0 3623.0 4674.0 ship 0
3617.0 4625.0 3722.0 4625.0 3722.0 4701.0 3617.0 4701.0 ship 0
3586.0 4688.0 3685.0 4688.0 3685.0 4765.0 3586.0 4765.0 ship 0
3556.0 4708.0 3658.0 4708.0 3658.0 4785.0 3556.0 4785.0 ship 0
1454.0 279.0 1559.0 279.0 1559.0 432.0 1454.0 432.0 ship 0
1418.0 478.0 1504.0 478.0 1504.0 596.0 1418.0 596.0 ship 0
1164.0 703.0 1198.0 703.0 1198.0 733.0 1164.0 733.0 small-vehicle 1
1578.0 764.0 1681.0 764.0 1681.0 888.0 1578.0 888.0 ship 0
1059.0 1129.0 1166.0 1129.0 1166.0 1271.0 1059.0 1271.0 ship 0
1084.0 983.0 1192.0 983.0 1192.0 1111.0 1084.0 1111.0 ship 0
897.0 622.0 987.0 622.0 987.0 738.0 897.0 738.0 ship 0
921.0 638.0 1016.0 638.0 1016.0 765.0 921.0 765.0 ship 0
998.0 506.0 1089.0 506.0 1089.0 624.0 998.0 624.0 ship 0
1057.0 367.0 1158.0 367.0 1158.0 499.0 1057.0 499.0 ship 0
1021.0 371.0 1112.0 371.0 1112.0 491.0 1021.0 491.0 ship 0
1147.0 264.0 1218.0 264.0 1218.0 363.0 1147.0 363.0 ship 0
1120.0 243.0 1203.0 243.0 1203.0 356.0 1120.0 356.0 ship 0
1095.0 234.0 1184.0 234.0 1184.0 348.0 1095.0 348.0 ship 0
1069.0 216.0 1164.0 216.0 1164.0 336.0 1069.0 336.0 ship 0
1184.0 167.0 1253.0 167.0 1253.0 269.0 1184.0 269.0 ship 0
1083.0 237.0 1124.0 237.0 1124.0 288.0 1083.0 288.0 ship 0
922.0 108.0 1030.0 108.0 1030.0 259.0 922.0 259.0 ship 0
887.0 94.0 993.0 94.0 993.0 239.0 887.0 239.0 ship 0
739.0 611.0 802.0 611.0 802.0 659.0 739.0 659.0 ship 0
665.0 520.0 746.0 520.0 746.0 621.0 665.0 621.0 ship 0
714.0 414.0 802.0 414.0 802.0 535.0 714.0 535.0 ship 0
777.0 319.0 858.0 319.0 858.0 418.0 777.0 418.0 ship 0
827.0 228.0 904.0 228.0 904.0 333.0 827.0 333.0 ship 0
675.0 3171.0 717.0 3171.0 717.0 3212.0 675.0 3212.0 swimming-pool 0
510.0 3459.0 574.0 3459.0 574.0 3519.0 510.0 3519.0 swimming-pool 0
544.0 4621.0 610.0 4621.0 610.0 4678.0 544.0 4678.0 swimming-pool 0
176.0 5184.0 274.0 5184.0 274.0 5258.0 176.0 5258.0 swimming-pool 0
100.0 4958.0 148.0 4958.0 148.0 5012.0 100.0 5012.0 swimming-pool 0
1004.0 1090.0 1141.0 1090.0 1141.0 1279.0 1004.0 1279.0 ship 0
912.0 1291.0 1024.0 1291.0 1024.0 1437.0 912.0 1437.0 ship 0
1071.0 1648.0 1159.0 1648.0 1159.0 1758.0 1071.0 1758.0 ship 0
1228.0 788.0 1350.0 788.0 1350.0 956.0 1228.0 956.0 ship 0
1545.0 742.0 1656.0 742.0 1656.0 870.0 1545.0 870.0 ship 0
1544.0 716.0 1631.0 716.0 1631.0 825.0 1544.0 825.0 ship 0
1487.0 874.0 1618.0 874.0 1618.0 1041.0 1487.0 1041.0 ship 0
1412.0 1100.0 1479.0 1100.0 1479.0 1227.0 1412.0 1227.0 ship 0
1357.0 433.0 1496.0 433.0 1496.0 622.0 1357.0 622.0 ship 0
1391.0 654.0 1476.0 654.0 1476.0 769.0 1391.0 769.0 ship 0
1356.0 619.0 1458.0 619.0 1458.0 759.0 1356.0 759.0 ship 0
1319.0 607.0 1426.0 607.0 1426.0 750.0 1319.0 750.0 ship 0
1292.0 598.0 1385.0 598.0 1385.0 728.0 1292.0 728.0 ship 0
1323.0 854.0 1408.0 854.0 1408.0 982.0 1323.0 982.0 ship 0
1262.0 801.0 1397.0 801.0 1397.0 984.0 1262.0 984.0 ship 0
1173.0 730.0 1336.0 730.0 1336.0 958.0 1173.0 958.0 ship 0
1088.0 1652.0 1195.0 1652.0 1195.0 1794.0 1088.0 1794.0 ship 0
1560.0 4479.0 1676.0 4479.0 1676.0 4587.0 1560.0 4587.0 swimming-pool 0
1471.0 5208.0 1531.0 5208.0 1531.0 5266.0 1471.0 5266.0 swimming-pool 0
1406.0 5174.0 1490.0 5174.0 1490.0 5269.0 1406.0 5269.0 swimming-pool 0
1463.0 5418.0 1519.0 5418.0 1519.0 5460.0 1463.0 5460.0 swimming-pool 0
1002.0 5023.0 1065.0 5023.0 1065.0 5084.0 1002.0 5084.0 swimming-pool 0
781.0 4130.0 905.0 4130.0 905.0 4259.0 781.0 4259.0 storage-tank 0
811.0 1963.0 950.0 1963.0 950.0 2096.0 811.0 2096.0 ship 0
1167.0 1511.0 1270.0 1511.0 1270.0 1647.0 1167.0 1647.0 ship 0
1010.0 1782.0 1122.0 1782.0 1122.0 1939.0 1010.0 1939.0 ship 0
975.0 1764.0 1091.0 1764.0 1091.0 1920.0 975.0 1920.0 ship 0
946.0 1747.0 1053.0 1747.0 1053.0 1899.0 946.0 1899.0 ship 0
4174.0 2450.0 4238.0 2450.0 4238.0 2557.0 4174.0 2557.0 ship 0
4210.0 2452.0 4279.0 2452.0 4279.0 2565.0 4210.0 2565.0 ship 0
4246.0 2474.0 4322.0 2474.0 4322.0 2583.0 4246.0 2583.0 ship 0
4282.0 2518.0 4334.0 2518.0 4334.0 2595.0 4282.0 2595.0 ship 0
538.0 751.0 573.0 751.0 573.0 782.0 538.0 782.0 small-vehicle 1
635.0 772.0 675.0 772.0 675.0 803.0 635.0 803.0 small-vehicle 1
579.0 732.0 612.0 732.0 612.0 763.0 579.0 763.0 small-vehicle 1
535.0 707.0 566.0 707.0 566.0 732.0 535.0 732.0 small-vehicle 1
495.0 685.0 529.0 685.0 529.0 714.0 495.0 714.0 small-vehicle 1
366.0 764.0 400.0 764.0 400.0 800.0 366.0 800.0 small-vehicle 1
372.0 671.0 409.0 671.0 409.0 705.0 372.0 705.0 small-vehicle 1
508.0 448.0 525.0 448.0 525.0 484.0 508.0 484.0 small-vehicle 1
90.0 434.0 121.0 434.0 121.0 470.0 90.0 470.0 small-vehicle 1
79.0 446.0 111.0 446.0 111.0 488.0 79.0 488.0 small-vehicle 1
70.0 465.0 101.0 465.0 101.0 501.0 70.0 501.0 small-vehicle 1
64.0 489.0 93.0 489.0 93.0 520.0 64.0 520.0 small-vehicle 1
51.0 503.0 82.0 503.0 82.0 537.0 51.0 537.0 small-vehicle 1
32.0 534.0 71.0 534.0 71.0 571.0 32.0 571.0 small-vehicle 1
9.0 517.0 37.0 517.0 37.0 556.0 9.0 556.0 small-vehicle 1
5388.0 1287.0 5444.0 1287.0 5444.0 1353.0 5388.0 1353.0 ship 0
5018.0 1866.0 5064.0 1866.0 5064.0 1923.0 5018.0 1923.0 ship 0
4832.0 173.0 4917.0 173.0 4917.0 451.0 4832.0 451.0 ship 0
4952.0 2775.0 5041.0 2775.0 5041.0 2881.0 4952.0 2881.0 ship 0
4932.0 2792.0 4994.0 2792.0 4994.0 2863.0 4932.0 2863.0 ship 0
4888.0 2760.0 4947.0 2760.0 4947.0 2835.0 4888.0 2835.0 ship 0
4865.0 2752.0 4920.0 2752.0 4920.0 2820.0 4865.0 2820.0 ship 0
4838.0 2734.0 4899.0 2734.0 4899.0 2810.0 4838.0 2810.0 ship 0
4814.0 2732.0 4873.0 2732.0 4873.0 2792.0 4814.0 2792.0 ship 0
4789.0 2699.0 4857.0 2699.0 4857.0 2773.0 4789.0 2773.0 ship 0
575.0 770.0 611.0 770.0 611.0 799.0 575.0 799.0 small-vehicle 1
626.0 800.0 657.0 800.0 657.0 820.0 626.0 820.0 small-vehicle 1
1518.0 67.0 1557.0 67.0 1557.0 96.0 1518.0 96.0 small-vehicle 1
1289.0 489.0 1320.0 489.0 1320.0 517.0 1289.0 517.0 small-vehicle 1
1172.0 688.0 1212.0 688.0 1212.0 718.0 1172.0 718.0 small-vehicle 1
1184.0 674.0 1221.0 674.0 1221.0 700.0 1184.0 700.0 small-vehicle 1
1195.0 658.0 1228.0 658.0 1228.0 683.0 1195.0 683.0 small-vehicle 1
1210.0 624.0 1247.0 624.0 1247.0 654.0 1210.0 654.0 small-vehicle 1
1223.0 610.0 1260.0 610.0 1260.0 638.0 1223.0 638.0 small-vehicle 1
1228.0 592.0 1267.0 592.0 1267.0 621.0 1228.0 621.0 small-vehicle 1
1238.0 577.0 1276.0 577.0 1276.0 607.0 1238.0 607.0 small-vehicle 1
1248.0 554.0 1289.0 554.0 1289.0 590.0 1248.0 590.0 small-vehicle 1
1305.0 575.0 1337.0 575.0 1337.0 612.0 1305.0 612.0 small-vehicle 1
1257.0 539.0 1295.0 539.0 1295.0 568.0 1257.0 568.0 small-vehicle 1
1278.0 504.0 1310.0 504.0 1310.0 534.0 1278.0 534.0 small-vehicle 1
1298.0 468.0 1330.0 468.0 1330.0 494.0 1298.0 494.0 small-vehicle 1
1498.0 79.0 1549.0 79.0 1549.0 110.0 1498.0 110.0 small-vehicle 1
1310.0 442.0 1342.0 442.0 1342.0 471.0 1310.0 471.0 small-vehicle 1
1319.0 423.0 1352.0 423.0 1352.0 451.0 1319.0 451.0 small-vehicle 1
1338.0 394.0 1372.0 394.0 1372.0 419.0 1338.0 419.0 small-vehicle 1
1342.0 373.0 1389.0 373.0 1389.0 408.0 1342.0 408.0 small-vehicle 1
1356.0 426.0 1385.0 426.0 1385.0 463.0 1356.0 463.0 small-vehicle 1
1401.0 401.0 1435.0 401.0 1435.0 438.0 1401.0 438.0 small-vehicle 1
1460.0 166.0 1498.0 166.0 1498.0 192.0 1460.0 192.0 small-vehicle 1
1467.0 151.0 1505.0 151.0 1505.0 173.0 1467.0 173.0 small-vehicle 1
1478.0 132.0 1511.0 132.0 1511.0 159.0 1478.0 159.0 small-vehicle 1
1488.0 113.0 1524.0 113.0 1524.0 142.0 1488.0 142.0 small-vehicle 1
1499.0 100.0 1531.0 100.0 1531.0 120.0 1499.0 120.0 small-vehicle 1
4615.0 2667.0 4645.0 2667.0 4645.0 2707.0 4615.0 2707.0 ship 0
4569.0 2560.0 4680.0 2560.0 4680.0 2708.0 4569.0 2708.0 ship 0
4489.0 2521.0 4587.0 2521.0 4587.0 2680.0 4489.0 2680.0 ship 0
3926.0 4160.0 4024.0 4160.0 4024.0 4226.0 3926.0 4226.0 ship 0
3898.0 3863.0 3952.0 3863.0 3952.0 3933.0 3898.0 3933.0 ship 0
3918.0 3876.0 3966.0 3876.0 3966.0 3938.0 3918.0 3938.0 ship 0
3894.0 3929.0 3952.0 3929.0 3952.0 3965.0 3894.0 3965.0 ship 0
4079.0 3880.0 4188.0 3880.0 4188.0 3964.0 4079.0 3964.0 ship 0
4060.0 3904.0 4172.0 3904.0 4172.0 3994.0 4060.0 3994.0 ship 0
4044.0 3932.0 4151.0 3932.0 4151.0 4022.0 4044.0 4022.0 ship 0
4010.0 3981.0 4120.0 3981.0 4120.0 4072.0 4010.0 4072.0 ship 0
4011.0 4030.0 4102.0 4030.0 4102.0 4097.0 4011.0 4097.0 ship 0
3994.0 4058.0 4086.0 4058.0 4086.0 4125.0 3994.0 4125.0 ship 0
3968.0 4110.0 4058.0 4110.0 4058.0 4174.0 3968.0 4174.0 ship 0
3935.0 4121.0 4043.0 4121.0 4043.0 4200.0 3935.0 4200.0 ship 0
3904.0 4175.0 4010.0 4175.0 4010.0 4255.0 3904.0 4255.0 ship 0
4138.0 3845.0 4218.0 3845.0 4218.0 3908.0 4138.0 3908.0 ship 0
3905.0 4211.0 3993.0 4211.0 3993.0 4280.0 3905.0 4280.0 ship 0
3894.0 4240.0 3976.0 4240.0 3976.0 4304.0 3894.0 4304.0 ship 0
3849.0 4286.0 3939.0 4286.0 3939.0 4351.0 3849.0 4351.0 ship 0
3848.0 4312.0 3929.0 4312.0 3929.0 4374.0 3848.0 4374.0 ship 0
3802.0 4354.0 3893.0 4354.0 3893.0 4425.0 3802.0 4425.0 ship 0
4452.0 2530.0 4534.0 2530.0 4534.0 2658.0 4452.0 2658.0 ship 0
4430.0 2563.0 4483.0 2563.0 4483.0 2644.0 4430.0 2644.0 ship 0
4404.0 2544.0 4457.0 2544.0 4457.0 2629.0 4404.0 2629.0 ship 0
4364.0 2517.0 4436.0 2517.0 4436.0 2625.0 4364.0 2625.0 ship 0
4338.0 2530.0 4391.0 2530.0 4391.0 2612.0 4338.0 2612.0 ship 0
4306.0 2518.0 4365.0 2518.0 4365.0 2607.0 4306.0 2607.0 ship 0
4122.0 3871.0 4205.0 3871.0 4205.0 3936.0 4122.0 3936.0 ship 0
4155.0 3782.0 4256.0 3782.0 4256.0 3856.0 4155.0 3856.0 ship 0
4732.0 2756.0 4865.0 2756.0 4865.0 2859.0 4732.0 2859.0 ship 0
4432.0 3249.0 4568.0 3249.0 4568.0 3358.0 4432.0 3358.0 ship 0
4699.0 2788.0 4847.0 2788.0 4847.0 2899.0 4699.0 2899.0 ship 0
4673.0 2831.0 4824.0 2831.0 4824.0 2940.0 4673.0 2940.0 ship 0
4669.0 2876.0 4807.0 2876.0 4807.0 2970.0 4669.0 2970.0 ship 0
4669.0 2955.0 4767.0 2955.0 4767.0 3030.0 4669.0 3030.0 ship 0
4631.0 2971.0 4748.0 2971.0 4748.0 3059.0 4631.0 3059.0 ship 0
4616.0 3002.0 4726.0 3002.0 4726.0 3088.0 4616.0 3088.0 ship 0
4615.0 3040.0 4710.0 3040.0 4710.0 3113.0 4615.0 3113.0 ship 0
4593.0 3063.0 4697.0 3063.0 4697.0 3142.0 4593.0 3142.0 ship 0
4532.0 3137.0 4644.0 3137.0 4644.0 3230.0 4532.0 3230.0 ship 0
4513.0 3172.0 4625.0 3172.0 4625.0 3261.0 4513.0 3261.0 ship 0
4488.0 3202.0 4609.0 3202.0 4609.0 3291.0 4488.0 3291.0 ship 0
4430.0 3308.0 4550.0 3308.0 4550.0 3395.0 4430.0 3395.0 ship 0
4160.0 3741.0 4274.0 3741.0 4274.0 3829.0 4160.0 3829.0 ship 0
4401.0 3341.0 4525.0 3341.0 4525.0 3432.0 4401.0 3432.0 ship 0
4366.0 3367.0 4504.0 3367.0 4504.0 3470.0 4366.0 3470.0 ship 0
4363.0 3419.0 4479.0 3419.0 4479.0 3505.0 4363.0 3505.0 ship 0
4304.0 3474.0 4436.0 3474.0 4436.0 3576.0 4304.0 3576.0 ship 0
4285.0 3518.0 4413.0 3518.0 4413.0 3616.0 4285.0 3616.0 ship 0
4272.0 3558.0 4388.0 3558.0 4388.0 3643.0 4272.0 3643.0 ship 0
4252.0 3588.0 4366.0 3588.0 4366.0 3676.0 4252.0 3676.0 ship 0
4244.0 3624.0 4351.0 3624.0 4351.0 3712.0 4244.0 3712.0 ship 0
4220.0 3652.0 4331.0 3652.0 4331.0 3743.0 4220.0 3743.0 ship 0
4186.0 3676.0 4314.0 3676.0 4314.0 3772.0 4186.0 3772.0 ship 0
4173.0 3709.0 4292.0 3709.0 4292.0 3800.0 4173.0 3800.0 ship 0
1702.0 1048.0 1743.0 1048.0 1743.0 1078.0 1702.0 1078.0 small-vehicle 1
1684.0 1087.0 1720.0 1087.0 1720.0 1108.0 1684.0 1108.0 small-vehicle 1
1182.0 2587.0 1217.0 2587.0 1217.0 2634.0 1182.0 2634.0 small-vehicle 1
1261.0 2877.0 1295.0 2877.0 1295.0 2913.0 1261.0 2913.0 small-vehicle 1
1319.0 3094.0 1359.0 3094.0 1359.0 3133.0 1319.0 3133.0 small-vehicle 1
1309.0 3086.0 1346.0 3086.0 1346.0 3118.0 1309.0 3118.0 small-vehicle 1
1294.0 3070.0 1331.0 3070.0 1331.0 3103.0 1294.0 3103.0 small-vehicle 1
1280.0 3060.0 1317.0 3060.0 1317.0 3094.0 1280.0 3094.0 small-vehicle 1
1268.0 3044.0 1309.0 3044.0 1309.0 3082.0 1268.0 3082.0 small-vehicle 1
1253.0 3033.0 1292.0 3033.0 1292.0 3067.0 1253.0 3067.0 small-vehicle 1
1242.0 3015.0 1278.0 3015.0 1278.0 3054.0 1242.0 3054.0 small-vehicle 1
1229.0 3004.0 1268.0 3004.0 1268.0 3042.0 1229.0 3042.0 small-vehicle 1
1214.0 2988.0 1251.0 2988.0 1251.0 3028.0 1214.0 3028.0 small-vehicle 1
1201.0 2977.0 1240.0 2977.0 1240.0 3014.0 1201.0 3014.0 small-vehicle 1
1191.0 2969.0 1223.0 2969.0 1223.0 3006.0 1191.0 3006.0 small-vehicle 1
1176.0 2952.0 1212.0 2952.0 1212.0 2993.0 1176.0 2993.0 small-vehicle 1
1347.0 2921.0 1378.0 2921.0 1378.0 2962.0 1347.0 2962.0 small-vehicle 1
1329.0 2913.0 1357.0 2913.0 1357.0 2950.0 1329.0 2950.0 small-vehicle 1
1376.0 2940.0 1410.0 2940.0 1410.0 2981.0 1376.0 2981.0 small-vehicle 1
1409.0 2961.0 1444.0 2961.0 1444.0 3001.0 1409.0 3001.0 small-vehicle 1
1392.0 2991.0 1420.0 2991.0 1420.0 3032.0 1392.0 3032.0 small-vehicle 1
1372.0 2991.0 1400.0 2991.0 1400.0 3025.0 1372.0 3025.0 small-vehicle 1
1359.0 2974.0 1390.0 2974.0 1390.0 3011.0 1359.0 3011.0 small-vehicle 1
1338.0 2960.0 1373.0 2960.0 1373.0 2999.0 1338.0 2999.0 small-vehicle 1
1324.0 2953.0 1354.0 2953.0 1354.0 2989.0 1324.0 2989.0 small-vehicle 1
1308.0 2943.0 1343.0 2943.0 1343.0 2984.0 1308.0 2984.0 small-vehicle 1
1295.0 2936.0 1325.0 2936.0 1325.0 2972.0 1295.0 2972.0 small-vehicle 1
1285.0 2926.0 1310.0 2926.0 1310.0 2960.0 1285.0 2960.0 small-vehicle 1
1267.0 2920.0 1292.0 2920.0 1292.0 2953.0 1267.0 2953.0 small-vehicle 1
1942.0 2990.0 1979.0 2990.0 1979.0 3017.0 1942.0 3017.0 small-vehicle 1
1941.0 3008.0 1979.0 3008.0 1979.0 3035.0 1941.0 3035.0 small-vehicle 1
1916.0 3037.0 1966.0 3037.0 1966.0 3066.0 1916.0 3066.0 small-vehicle 1
1823.0 3332.0 1858.0 3332.0 1858.0 3359.0 1823.0 3359.0 small-vehicle 1
2053.0 3269.0 2089.0 3269.0 2089.0 3304.0 2053.0 3304.0 small-vehicle 1
2017.0 3269.0 2048.0 3269.0 2048.0 3299.0 2017.0 3299.0 small-vehicle 1
1996.0 3275.0 2028.0 3275.0 2028.0 3310.0 1996.0 3310.0 small-vehicle 1
1979.0 3292.0 2017.0 3292.0 2017.0 3326.0 1979.0 3326.0 small-vehicle 1
1974.0 3305.0 2011.0 3305.0 2011.0 3339.0 1974.0 3339.0 small-vehicle 1
1955.0 3321.0 1995.0 3321.0 1995.0 3357.0 1955.0 3357.0 small-vehicle 1
1985.0 3338.0 2022.0 3338.0 2022.0 3373.0 1985.0 3373.0 small-vehicle 1
1995.0 3321.0 2035.0 3321.0 2035.0 3358.0 1995.0 3358.0 small-vehicle 1
2010.0 3310.0 2048.0 3310.0 2048.0 3346.0 2010.0 3346.0 small-vehicle 1
2021.0 3291.0 2062.0 3291.0 2062.0 3328.0 2021.0 3328.0 small-vehicle 1
1820.0 3352.0 1856.0 3352.0 1856.0 3377.0 1820.0 3377.0 small-vehicle 1
1831.0 3302.0 1865.0 3302.0 1865.0 3334.0 1831.0 3334.0 small-vehicle 1
1912.0 3059.0 1951.0 3059.0 1951.0 3081.0 1912.0 3081.0 small-vehicle 1
1836.0 3275.0 1875.0 3275.0 1875.0 3310.0 1836.0 3310.0 small-vehicle 1
1847.0 3258.0 1887.0 3258.0 1887.0 3289.0 1847.0 3289.0 small-vehicle 1
1851.0 3232.0 1892.0 3232.0 1892.0 3267.0 1851.0 3267.0 small-vehicle 1
1861.0 3214.0 1898.0 3214.0 1898.0 3245.0 1861.0 3245.0 small-vehicle 1
1869.0 3196.0 1908.0 3196.0 1908.0 3228.0 1869.0 3228.0 small-vehicle 1
1878.0 3185.0 1915.0 3185.0 1915.0 3207.0 1878.0 3207.0 small-vehicle 1
1871.0 3158.0 1912.0 3158.0 1912.0 3188.0 1871.0 3188.0 small-vehicle 1
1887.0 3135.0 1929.0 3135.0 1929.0 3164.0 1887.0 3164.0 small-vehicle 1
1893.0 3116.0 1933.0 3116.0 1933.0 3143.0 1893.0 3143.0 small-vehicle 1
1903.0 3096.0 1940.0 3096.0 1940.0 3123.0 1903.0 3123.0 small-vehicle 1
1902.0 3075.0 1941.0 3075.0 1941.0 3107.0 1902.0 3107.0 small-vehicle 1
1278.0 2884.0 1308.0 2884.0 1308.0 2920.0 1278.0 2920.0 small-vehicle 1
1240.0 2868.0 1275.0 2868.0 1275.0 2911.0 1240.0 2911.0 small-vehicle 1
2027.0 3234.0 2063.0 3234.0 2063.0 3266.0 2027.0 3266.0 small-vehicle 1
1232.0 2852.0 1267.0 2852.0 1267.0 2892.0 1232.0 2892.0 small-vehicle 1
1389.0 2838.0 1422.0 2838.0 1422.0 2873.0 1389.0 2873.0 small-vehicle 1
1360.0 2786.0 1387.0 2786.0 1387.0 2820.0 1360.0 2820.0 small-vehicle 1
1324.0 2809.0 1356.0 2809.0 1356.0 2846.0 1324.0 2846.0 small-vehicle 1
1263.0 2724.0 1292.0 2724.0 1292.0 2757.0 1263.0 2757.0 small-vehicle 1
1222.0 2704.0 1260.0 2704.0 1260.0 2751.0 1222.0 2751.0 small-vehicle 1
1193.0 2683.0 1231.0 2683.0 1231.0 2727.0 1193.0 2727.0 small-vehicle 1
1172.0 2727.0 1207.0 2727.0 1207.0 2767.0 1172.0 2767.0 small-vehicle 1
1156.0 2717.0 1190.0 2717.0 1190.0 2756.0 1156.0 2756.0 small-vehicle 1
1141.0 2705.0 1172.0 2705.0 1172.0 2748.0 1141.0 2748.0 small-vehicle 1
1159.0 2669.0 1194.0 2669.0 1194.0 2708.0 1159.0 2708.0 small-vehicle 1
1141.0 2657.0 1175.0 2657.0 1175.0 2701.0 1141.0 2701.0 small-vehicle 1
1598.0 2778.0 1635.0 2778.0 1635.0 2821.0 1598.0 2821.0 small-vehicle 1
1537.0 2740.0 1569.0 2740.0 1569.0 2781.0 1537.0 2781.0 small-vehicle 1
1524.0 2777.0 1555.0 2777.0 1555.0 2813.0 1524.0 2813.0 small-vehicle 1
1383.0 2701.0 1416.0 2701.0 1416.0 2740.0 1383.0 2740.0 small-vehicle 1
1332.0 2676.0 1363.0 2676.0 1363.0 2715.0 1332.0 2715.0 small-vehicle 1
1317.0 2666.0 1348.0 2666.0 1348.0 2702.0 1317.0 2702.0 small-vehicle 1
1282.0 2644.0 1316.0 2644.0 1316.0 2682.0 1282.0 2682.0 small-vehicle 1
1338.0 2637.0 1365.0 2637.0 1365.0 2670.0 1338.0 2670.0 small-vehicle 1
1322.0 2621.0 1350.0 2621.0 1350.0 2658.0 1322.0 2658.0 small-vehicle 1
1284.0 2603.0 1317.0 2603.0 1317.0 2640.0 1284.0 2640.0 small-vehicle 1
1247.0 2587.0 1282.0 2587.0 1282.0 2628.0 1247.0 2628.0 small-vehicle 1
1235.0 2580.0 1267.0 2580.0 1267.0 2620.0 1235.0 2620.0 small-vehicle 1
1183.0 2550.0 1216.0 2550.0 1216.0 2584.0 1183.0 2584.0 small-vehicle 1
1583.0 2671.0 1618.0 2671.0 1618.0 2714.0 1583.0 2714.0 small-vehicle 1
1406.0 2855.0 1441.0 2855.0 1441.0 2893.0 1406.0 2893.0 small-vehicle 1
1418.0 2813.0 1460.0 2813.0 1460.0 2863.0 1418.0 2863.0 small-vehicle 1
1424.0 2861.0 1455.0 2861.0 1455.0 2897.0 1424.0 2897.0 small-vehicle 1
1033.0 2809.0 1077.0 2809.0 1077.0 2839.0 1033.0 2839.0 small-vehicle 1
1215.0 2846.0 1246.0 2846.0 1246.0 2885.0 1215.0 2885.0 small-vehicle 1
1175.0 2833.0 1209.0 2833.0 1209.0 2868.0 1175.0 2868.0 small-vehicle 1
1162.0 2940.0 1199.0 2940.0 1199.0 2978.0 1162.0 2978.0 small-vehicle 1
1134.0 2908.0 1175.0 2908.0 1175.0 2949.0 1134.0 2949.0 small-vehicle 1
1121.0 2902.0 1158.0 2902.0 1158.0 2940.0 1121.0 2940.0 small-vehicle 1
1039.0 2954.0 1071.0 2954.0 1071.0 2987.0 1039.0 2987.0 small-vehicle 1
1104.0 2886.0 1144.0 2886.0 1144.0 2923.0 1104.0 2923.0 small-vehicle 1
1095.0 2867.0 1134.0 2867.0 1134.0 2906.0 1095.0 2906.0 small-vehicle 1
1078.0 2861.0 1114.0 2861.0 1114.0 2898.0 1078.0 2898.0 small-vehicle 1
1061.0 2844.0 1102.0 2844.0 1102.0 2889.0 1061.0 2889.0 small-vehicle 1
1043.0 2826.0 1085.0 2826.0 1085.0 2856.0 1043.0 2856.0 small-vehicle 1
1025.0 2791.0 1067.0 2791.0 1067.0 2825.0 1025.0 2825.0 small-vehicle 1
1458.0 2880.0 1484.0 2880.0 1484.0 2914.0 1458.0 2914.0 small-vehicle 1
1011.0 2778.0 1055.0 2778.0 1055.0 2807.0 1011.0 2807.0 small-vehicle 1
1777.0 2920.0 1810.0 2920.0 1810.0 2960.0 1777.0 2960.0 small-vehicle 1
1746.0 2999.0 1774.0 2999.0 1774.0 3039.0 1746.0 3039.0 small-vehicle 1
1724.0 2987.0 1754.0 2987.0 1754.0 3025.0 1724.0 3025.0 small-vehicle 1
1707.0 2972.0 1737.0 2972.0 1737.0 3014.0 1707.0 3014.0 small-vehicle 1
1689.0 2963.0 1719.0 2963.0 1719.0 3004.0 1689.0 3004.0 small-vehicle 1
1674.0 2957.0 1701.0 2957.0 1701.0 2993.0 1674.0 2993.0 small-vehicle 1
1657.0 2948.0 1686.0 2948.0 1686.0 2983.0 1657.0 2983.0 small-vehicle 1
1626.0 2930.0 1655.0 2930.0 1655.0 2965.0 1626.0 2965.0 small-vehicle 1
1541.0 2884.0 1574.0 2884.0 1574.0 2922.0 1541.0 2922.0 small-vehicle 1
1469.0 2892.0 1497.0 2892.0 1497.0 2929.0 1469.0 2929.0 small-vehicle 1
2021.0 3254.0 2056.0 3254.0 2056.0 3281.0 2021.0 3281.0 small-vehicle 1
2056.0 3207.0 2090.0 3207.0 2090.0 3235.0 2056.0 3235.0 small-vehicle 1
1673.0 1100.0 1709.0 1100.0 1709.0 1126.0 1673.0 1126.0 small-vehicle 1
3228.0 2707.0 3271.0 2707.0 3271.0 2744.0 3228.0 2744.0 small-vehicle 1
3145.0 4293.0 3169.0 4293.0 3169.0 4338.0 3145.0 4338.0 small-vehicle 1
3129.0 4281.0 3155.0 4281.0 3155.0 4324.0 3129.0 4324.0 small-vehicle 1
3099.0 4264.0 3130.0 4264.0 3130.0 4308.0 3099.0 4308.0 small-vehicle 1
3083.0 4251.0 3112.0 4251.0 3112.0 4290.0 3083.0 4290.0 small-vehicle 1
3057.0 4234.0 3087.0 4234.0 3087.0 4272.0 3057.0 4272.0 small-vehicle 1
3037.0 4219.0 3070.0 4219.0 3070.0 4255.0 3037.0 4255.0 small-vehicle 1
3015.0 4197.0 3044.0 4197.0 3044.0 4238.0 3015.0 4238.0 small-vehicle 1
2993.0 4186.0 3028.0 4186.0 3028.0 4225.0 2993.0 4225.0 small-vehicle 1
2966.0 4163.0 2997.0 4163.0 2997.0 4206.0 2966.0 4206.0 small-vehicle 1
2947.0 4155.0 2975.0 4155.0 2975.0 4189.0 2947.0 4189.0 small-vehicle 1
2856.0 4124.0 2894.0 4124.0 2894.0 4156.0 2856.0 4156.0 ship 1
3583.0 3488.0 3623.0 3488.0 3623.0 3534.0 3583.0 3534.0 small-vehicle 1
3131.0 3739.0 3167.0 3739.0 3167.0 3791.0 3131.0 3791.0 small-vehicle 1
3163.0 3696.0 3198.0 3696.0 3198.0 3745.0 3163.0 3745.0 small-vehicle 1
3394.0 2478.0 3436.0 2478.0 3436.0 2511.0 3394.0 2511.0 small-vehicle 1
3383.0 2496.0 3422.0 2496.0 3422.0 2535.0 3383.0 2535.0 small-vehicle 1
3376.0 2514.0 3409.0 2514.0 3409.0 2542.0 3376.0 2542.0 small-vehicle 1
3363.0 2527.0 3403.0 2527.0 3403.0 2560.0 3363.0 2560.0 small-vehicle 1
3350.0 2542.0 3391.0 2542.0 3391.0 2575.0 3350.0 2575.0 small-vehicle 1
3340.0 2557.0 3379.0 2557.0 3379.0 2590.0 3340.0 2590.0 small-vehicle 1
3329.0 2570.0 3368.0 2570.0 3368.0 2606.0 3329.0 2606.0 small-vehicle 1
3318.0 2590.0 3356.0 2590.0 3356.0 2625.0 3318.0 2625.0 small-vehicle 1
3308.0 2605.0 3349.0 2605.0 3349.0 2638.0 3308.0 2638.0 small-vehicle 1
3295.0 2617.0 3333.0 2617.0 3333.0 2653.0 3295.0 2653.0 small-vehicle 1
3287.0 2632.0 3324.0 2632.0 3324.0 2670.0 3287.0 2670.0 small-vehicle 1
3173.0 4321.0 3194.0 4321.0 3194.0 4356.0 3173.0 4356.0 small-vehicle 1
3188.0 4323.0 3227.0 4323.0 3227.0 4370.0 3188.0 4370.0 small-vehicle 1
3216.0 4340.0 3241.0 4340.0 3241.0 4382.0 3216.0 4382.0 small-vehicle 1
2363.0 4743.0 2396.0 4743.0 2396.0 4765.0 2363.0 4765.0 small-vehicle 1
649.0 752.0 681.0 752.0 681.0 785.0 649.0 785.0 small-vehicle 1
250.0 2061.0 279.0 2061.0 279.0 2090.0 250.0 2090.0 storage-tank 0
222.0 2010.0 241.0 2010.0 241.0 2029.0 222.0 2029.0 storage-tank 0
204.0 2015.0 228.0 2015.0 228.0 2045.0 204.0 2045.0 storage-tank 0
382.0 1957.0 406.0 1957.0 406.0 1980.0 382.0 1980.0 storage-tank 0
393.0 1939.0 413.0 1939.0 413.0 1962.0 393.0 1962.0 storage-tank 0
376.0 1902.0 400.0 1902.0 400.0 1931.0 376.0 1931.0 storage-tank 0
340.0 1876.0 365.0 1876.0 365.0 1904.0 340.0 1904.0 storage-tank 0
313.0 1884.0 337.0 1884.0 337.0 1907.0 313.0 1907.0 storage-tank 0
241.0 1787.0 267.0 1787.0 267.0 1814.0 241.0 1814.0 storage-tank 0
168.0 1738.0 245.0 1738.0 245.0 1818.0 168.0 1818.0 storage-tank 0
2357.0 4757.0 2395.0 4757.0 2395.0 4779.0 2357.0 4779.0 small-vehicle 1
3228.0 4356.0 3258.0 4356.0 3258.0 4397.0 3228.0 4397.0 small-vehicle 1
2439.0 4527.0 2473.0 4527.0 2473.0 4563.0 2439.0 4563.0 small-vehicle 1
2431.0 4579.0 2465.0 4579.0 2465.0 4621.0 2431.0 4621.0 small-vehicle 1
2390.0 4643.0 2425.0 4643.0 2425.0 4679.0 2390.0 4679.0 small-vehicle 1
2386.0 4600.0 2420.0 4600.0 2420.0 4638.0 2386.0 4638.0 small-vehicle 1
2353.0 4572.0 2390.0 4572.0 2390.0 4606.0 2353.0 4606.0 small-vehicle 1
4723.0 4128.0 4759.0 4128.0 4759.0 4172.0 4723.0 4172.0 small-vehicle 1
3949.0 5223.0 3981.0 5223.0 3981.0 5263.0 3949.0 5263.0 small-vehicle 1
3298.0 4410.0 3333.0 4410.0 3333.0 4449.0 3298.0 4449.0 small-vehicle 1
3279.0 4389.0 3307.0 4389.0 3307.0 4430.0 3279.0 4430.0 small-vehicle 1
3261.0 4381.0 3290.0 4381.0 3290.0 4416.0 3261.0 4416.0 small-vehicle 1
3246.0 4368.0 3270.0 4368.0 3270.0 4407.0 3246.0 4407.0 small-vehicle 1
3276.0 2646.0 3310.0 2646.0 3310.0 2678.0 3276.0 2678.0 small-vehicle 1
3261.0 2657.0 3301.0 2657.0 3301.0 2695.0 3261.0 2695.0 small-vehicle 1
1976.0 3167.0 2019.0 3167.0 2019.0 3199.0 1976.0 3199.0 small-vehicle 1
3250.0 2674.0 3289.0 2674.0 3289.0 2716.0 3250.0 2716.0 small-vehicle 1
144.0 3988.0 178.0 3988.0 178.0 4027.0 144.0 4027.0 small-vehicle 1
155.0 3999.0 193.0 3999.0 193.0 4038.0 155.0 4038.0 small-vehicle 1
189.0 3959.0 229.0 3959.0 229.0 3995.0 189.0 3995.0 small-vehicle 1
97.0 3963.0 133.0 3963.0 133.0 4007.0 97.0 4007.0 small-vehicle 1
82.0 3937.0 123.0 3937.0 123.0 3987.0 82.0 3987.0 small-vehicle 1
55.0 3920.0 93.0 3920.0 93.0 3959.0 55.0 3959.0 small-vehicle 1
69.0 3936.0 102.0 3936.0 102.0 3971.0 69.0 3971.0 small-vehicle 1
411.0 3955.0 445.0 3955.0 445.0 3997.0 411.0 3997.0 small-vehicle 1
512.0 3876.0 548.0 3876.0 548.0 3903.0 512.0 3903.0 small-vehicle 1
514.0 3798.0 555.0 3798.0 555.0 3838.0 514.0 3838.0 small-vehicle 1
149.0 2052.0 187.0 2052.0 187.0 2096.0 149.0 2096.0 small-vehicle 1
2705.0 1980.0 2764.0 1980.0 2764.0 2045.0 2705.0 2045.0 large-vehicle 1
2509.0 1958.0 2584.0 1958.0 2584.0 2049.0 2509.0 2049.0 large-vehicle 1
2478.0 1915.0 2571.0 1915.0 2571.0 2028.0 2478.0 2028.0 large-vehicle 1
2455.0 1901.0 2542.0 1901.0 2542.0 2016.0 2455.0 2016.0 large-vehicle 1
2121.0 1300.0 2201.0 1300.0 2201.0 1408.0 2121.0 1408.0 large-vehicle 1
2115.0 1295.0 2162.0 1295.0 2162.0 1353.0 2115.0 1353.0 large-vehicle 1
2046.0 1271.0 2128.0 1271.0 2128.0 1378.0 2046.0 1378.0 large-vehicle 1
2016.0 1252.0 2095.0 1252.0 2095.0 1367.0 2016.0 1367.0 large-vehicle 1
1980.0 1231.0 2066.0 1231.0 2066.0 1345.0 1980.0 1345.0 large-vehicle 1
1958.0 1219.0 2037.0 1219.0 2037.0 1333.0 1958.0 1333.0 large-vehicle 1
1907.0 1204.0 1977.0 1204.0 1977.0 1304.0 1907.0 1304.0 large-vehicle 1
1908.0 1197.0 1956.0 1197.0 1956.0 1258.0 1908.0 1258.0 large-vehicle 1
1853.0 1179.0 1923.0 1179.0 1923.0 1270.0 1853.0 1270.0 large-vehicle 1
2086.0 3795.0 2145.0 3795.0 2145.0 3846.0 2086.0 3846.0 small-vehicle 1
124.0 3981.0 157.0 3981.0 157.0 4021.0 124.0 4021.0 small-vehicle 1
244.0 4110.0 281.0 4110.0 281.0 4138.0 244.0 4138.0 small-vehicle 1
467.0 4192.0 497.0 4192.0 497.0 4225.0 467.0 4225.0 small-vehicle 1
740.0 4387.0 778.0 4387.0 778.0 4431.0 740.0 4431.0 small-vehicle 1
3239.0 2691.0 3274.0 2691.0 3274.0 2726.0 3239.0 2726.0 small-vehicle 1
3217.0 2724.0 3257.0 2724.0 3257.0 2757.0 3217.0 2757.0 small-vehicle 1
2930.0 1845.0 2979.0 1845.0 2979.0 1894.0 2930.0 1894.0 small-vehicle 1
1716.0 5175.0 1761.0 5175.0 1761.0 5194.0 1716.0 5194.0 small-vehicle 1
1731.0 5103.0 1771.0 5103.0 1771.0 5132.0 1731.0 5132.0 small-vehicle 1
231.0 4821.0 269.0 4821.0 269.0 4861.0 231.0 4861.0 small-vehicle 1
1268.0 4782.0 1307.0 4782.0 1307.0 4817.0 1268.0 4817.0 small-vehicle 1
1413.0 3902.0 1454.0 3902.0 1454.0 3946.0 1413.0 3946.0 small-vehicle 1
1293.0 4077.0 1331.0 4077.0 1331.0 4114.0 1293.0 4114.0 small-vehicle 1
774.0 4413.0 810.0 4413.0 810.0 4449.0 774.0 4449.0 small-vehicle 1
755.0 4400.0 791.0 4400.0 791.0 4440.0 755.0 4440.0 small-vehicle 1
696.0 4361.0 735.0 4361.0 735.0 4402.0 696.0 4402.0 small-vehicle 1
483.0 4202.0 513.0 4202.0 513.0 4240.0 483.0 4240.0 small-vehicle 1
683.0 4348.0 722.0 4348.0 722.0 4396.0 683.0 4396.0 small-vehicle 1
634.0 4322.0 670.0 4322.0 670.0 4362.0 634.0 4362.0 small-vehicle 1
619.0 4314.0 652.0 4314.0 652.0 4352.0 619.0 4352.0 small-vehicle 1
602.0 4295.0 640.0 4295.0 640.0 4340.0 602.0 4340.0 small-vehicle 1
586.0 4274.0 618.0 4274.0 618.0 4313.0 586.0 4313.0 small-vehicle 1
570.0 4265.0 602.0 4265.0 602.0 4299.0 570.0 4299.0 small-vehicle 1
540.0 4264.0 581.0 4264.0 581.0 4303.0 540.0 4303.0 small-vehicle 1
486.0 4243.0 524.0 4243.0 524.0 4276.0 486.0 4276.0 small-vehicle 1
499.0 4212.0 527.0 4212.0 527.0 4248.0 499.0 4248.0 small-vehicle 1
513.0 4220.0 545.0 4220.0 545.0 4253.0 513.0 4253.0 small-vehicle 1
461.0 4223.0 498.0 4223.0 498.0 4253.0 461.0 4253.0 small-vehicle 1
1566.0 2664.0 1599.0 2664.0 1599.0 2701.0 1566.0 2701.0 small-vehicle 1
1491.0 2624.0 1523.0 2624.0 1523.0 2663.0 1491.0 2663.0 small-vehicle 1
1421.0 2583.0 1457.0 2583.0 1457.0 2629.0 1421.0 2629.0 small-vehicle 1
1441.0 1668.0 1472.0 1668.0 1472.0 1685.0 1441.0 1685.0 small-vehicle 1
1413.0 1293.0 1453.0 1293.0 1453.0 1329.0 1413.0 1329.0 small-vehicle 1
1426.0 1269.0 1484.0 1269.0 1484.0 1316.0 1426.0 1316.0 small-vehicle 1
1426.0 1234.0 1494.0 1234.0 1494.0 1286.0 1426.0 1286.0 small-vehicle 1
1466.0 1233.0 1505.0 1233.0 1505.0 1268.0 1466.0 1268.0 small-vehicle 1
1489.0 1226.0 1528.0 1226.0 1528.0 1256.0 1489.0 1256.0 small-vehicle 1
1501.0 1203.0 1542.0 1203.0 1542.0 1237.0 1501.0 1237.0 small-vehicle 1
1516.0 1185.0 1551.0 1185.0 1551.0 1216.0 1516.0 1216.0 small-vehicle 1
1520.0 1162.0 1567.0 1162.0 1567.0 1193.0 1520.0 1193.0 small-vehicle 1
1527.0 1139.0 1575.0 1139.0 1575.0 1176.0 1527.0 1176.0 small-vehicle 1
1552.0 1130.0 1586.0 1130.0 1586.0 1156.0 1552.0 1156.0 small-vehicle 1
1558.0 1116.0 1595.0 1116.0 1595.0 1142.0 1558.0 1142.0 small-vehicle 1
1569.0 1099.0 1603.0 1099.0 1603.0 1130.0 1569.0 1130.0 small-vehicle 1
1618.0 1018.0 1648.0 1018.0 1648.0 1053.0 1618.0 1053.0 large-vehicle 1
1581.0 1083.0 1626.0 1083.0 1626.0 1120.0 1581.0 1120.0 small-vehicle 1
1291.0 1924.0 1319.0 1924.0 1319.0 1945.0 1291.0 1945.0 small-vehicle 1
1300.0 1900.0 1336.0 1900.0 1336.0 1923.0 1300.0 1923.0 small-vehicle 1
1324.0 1882.0 1364.0 1882.0 1364.0 1900.0 1324.0 1900.0 small-vehicle 1
1326.0 1862.0 1359.0 1862.0 1359.0 1883.0 1326.0 1883.0 small-vehicle 1
1335.0 1841.0 1375.0 1841.0 1375.0 1859.0 1335.0 1859.0 small-vehicle 1
1348.0 1819.0 1386.0 1819.0 1386.0 1844.0 1348.0 1844.0 small-vehicle 1
1356.0 1802.0 1395.0 1802.0 1395.0 1819.0 1356.0 1819.0 small-vehicle 1
1384.0 1762.0 1417.0 1762.0 1417.0 1782.0 1384.0 1782.0 small-vehicle 1
1394.0 1749.0 1430.0 1749.0 1430.0 1767.0 1394.0 1767.0 small-vehicle 1
1408.0 1729.0 1438.0 1729.0 1438.0 1748.0 1408.0 1748.0 small-vehicle 1
1412.0 1709.0 1448.0 1709.0 1448.0 1727.0 1412.0 1727.0 small-vehicle 1
1403.0 1312.0 1441.0 1312.0 1441.0 1342.0 1403.0 1342.0 small-vehicle 1
1393.0 1333.0 1431.0 1333.0 1431.0 1360.0 1393.0 1360.0 small-vehicle 1
1386.0 1348.0 1424.0 1348.0 1424.0 1379.0 1386.0 1379.0 small-vehicle 1
1525.0 1927.0 1558.0 1927.0 1558.0 1967.0 1525.0 1967.0 small-vehicle 1
1342.0 1507.0 1377.0 1507.0 1377.0 1536.0 1342.0 1536.0 small-vehicle 1
1329.0 1518.0 1368.0 1518.0 1368.0 1546.0 1329.0 1546.0 small-vehicle 1
1315.0 1532.0 1358.0 1532.0 1358.0 1566.0 1315.0 1566.0 small-vehicle 1
1309.0 1549.0 1346.0 1549.0 1346.0 1582.0 1309.0 1582.0 small-vehicle 1
1304.0 1566.0 1344.0 1566.0 1344.0 1590.0 1304.0 1590.0 small-vehicle 1
1292.0 1576.0 1334.0 1576.0 1334.0 1605.0 1292.0 1605.0 small-vehicle 1
1286.0 1592.0 1323.0 1592.0 1323.0 1623.0 1286.0 1623.0 small-vehicle 1
1271.0 1605.0 1312.0 1605.0 1312.0 1640.0 1271.0 1640.0 small-vehicle 1
1265.0 1622.0 1300.0 1622.0 1300.0 1650.0 1265.0 1650.0 small-vehicle 1
1249.0 1636.0 1289.0 1636.0 1289.0 1665.0 1249.0 1665.0 small-vehicle 1
1242.0 1678.0 1280.0 1678.0 1280.0 1725.0 1242.0 1725.0 small-vehicle 1
1332.0 1600.0 1363.0 1600.0 1363.0 1635.0 1332.0 1635.0 small-vehicle 1
1373.0 1366.0 1408.0 1366.0 1408.0 1396.0 1373.0 1396.0 small-vehicle 1
1374.0 1620.0 1410.0 1620.0 1410.0 1646.0 1374.0 1646.0 small-vehicle 1
1380.0 1600.0 1420.0 1600.0 1420.0 1628.0 1380.0 1628.0 small-vehicle 1
1384.0 1582.0 1429.0 1582.0 1429.0 1610.0 1384.0 1610.0 small-vehicle 1
1395.0 1565.0 1437.0 1565.0 1437.0 1597.0 1395.0 1597.0 small-vehicle 1
1414.0 1536.0 1457.0 1536.0 1457.0 1567.0 1414.0 1567.0 small-vehicle 1
1417.0 1512.0 1464.0 1512.0 1464.0 1540.0 1417.0 1540.0 small-vehicle 1
1426.0 1458.0 1452.0 1458.0 1452.0 1498.0 1426.0 1498.0 small-vehicle 1
1319.0 1422.0 1355.0 1422.0 1355.0 1443.0 1319.0 1443.0 small-vehicle 1
1368.0 1781.0 1407.0 1781.0 1407.0 1805.0 1368.0 1805.0 small-vehicle 1
1348.0 1393.0 1383.0 1393.0 1383.0 1423.0 1348.0 1423.0 small-vehicle 1
1358.0 1379.0 1396.0 1379.0 1396.0 1410.0 1358.0 1410.0 large-vehicle 1
1416.0 1686.0 1458.0 1686.0 1458.0 1707.0 1416.0 1707.0 small-vehicle 1
1451.0 1647.0 1486.0 1647.0 1486.0 1668.0 1451.0 1668.0 small-vehicle 1
1404.0 2578.0 1440.0 2578.0 1440.0 2621.0 1404.0 2621.0 small-vehicle 1
1456.0 1628.0 1498.0 1628.0 1498.0 1649.0 1456.0 1649.0 small-vehicle 1
1518.0 1359.0 1553.0 1359.0 1553.0 1387.0 1518.0 1387.0 small-vehicle 1
1530.0 1340.0 1567.0 1340.0 1567.0 1375.0 1530.0 1375.0 small-vehicle 1
1538.0 1323.0 1579.0 1323.0 1579.0 1356.0 1538.0 1356.0 small-vehicle 1
1551.0 1304.0 1589.0 1304.0 1589.0 1338.0 1551.0 1338.0 small-vehicle 1
1562.0 1289.0 1597.0 1289.0 1597.0 1320.0 1562.0 1320.0 small-vehicle 1
1567.0 1273.0 1604.0 1273.0 1604.0 1304.0 1567.0 1304.0 small-vehicle 1
1583.0 1261.0 1623.0 1261.0 1623.0 1292.0 1583.0 1292.0 small-vehicle 1
1601.0 1247.0 1641.0 1247.0 1641.0 1280.0 1601.0 1280.0 small-vehicle 1
1611.0 1233.0 1649.0 1233.0 1649.0 1262.0 1611.0 1262.0 large-vehicle 1
1623.0 1218.0 1659.0 1218.0 1659.0 1246.0 1623.0 1246.0 small-vehicle 1
1627.0 1196.0 1665.0 1196.0 1665.0 1230.0 1627.0 1230.0 small-vehicle 1
1638.0 1180.0 1675.0 1180.0 1675.0 1214.0 1638.0 1214.0 small-vehicle 1
1643.0 1166.0 1684.0 1166.0 1684.0 1199.0 1643.0 1199.0 small-vehicle 1
1621.0 1029.0 1664.0 1029.0 1664.0 1086.0 1621.0 1086.0 large-vehicle 1
1648.0 977.0 1697.0 977.0 1697.0 1036.0 1648.0 1036.0 large-vehicle 1
1629.0 926.0 1680.0 926.0 1680.0 966.0 1629.0 966.0 small-vehicle 1
1648.0 912.0 1683.0 912.0 1683.0 941.0 1648.0 941.0 small-vehicle 1
1783.0 1063.0 1820.0 1063.0 1820.0 1085.0 1783.0 1085.0 small-vehicle 1
1793.0 1047.0 1827.0 1047.0 1827.0 1067.0 1793.0 1067.0 small-vehicle 1
1809.0 1031.0 1839.0 1031.0 1839.0 1055.0 1809.0 1055.0 small-vehicle 1
1814.0 1012.0 1852.0 1012.0 1852.0 1031.0 1814.0 1031.0 small-vehicle 1
1827.0 994.0 1862.0 994.0 1862.0 1011.0 1827.0 1011.0 small-vehicle 1
1640.0 1146.0 1684.0 1146.0 1684.0 1177.0 1640.0 1177.0 small-vehicle 1
1654.0 1131.0 1691.0 1131.0 1691.0 1161.0 1654.0 1161.0 small-vehicle 1
1664.0 1116.0 1700.0 1116.0 1700.0 1145.0 1664.0 1145.0 small-vehicle 1
1769.0 1080.0 1809.0 1080.0 1809.0 1100.0 1769.0 1100.0 small-vehicle 1
1760.0 1098.0 1795.0 1098.0 1795.0 1117.0 1760.0 1117.0 small-vehicle 1
1752.0 1116.0 1786.0 1116.0 1786.0 1135.0 1752.0 1135.0 small-vehicle 1
1597.0 1392.0 1629.0 1392.0 1629.0 1409.0 1597.0 1409.0 small-vehicle 1
1466.0 1612.0 1509.0 1612.0 1509.0 1627.0 1466.0 1627.0 small-vehicle 1
1474.0 1591.0 1513.0 1591.0 1513.0 1607.0 1474.0 1607.0 small-vehicle 1
1494.0 1571.0 1531.0 1571.0 1531.0 1593.0 1494.0 1593.0 small-vehicle 1
1502.0 1547.0 1537.0 1547.0 1537.0 1569.0 1502.0 1569.0 small-vehicle 1
1510.0 1529.0 1550.0 1529.0 1550.0 1546.0 1510.0 1546.0 small-vehicle 1
1520.0 1510.0 1559.0 1510.0 1559.0 1529.0 1520.0 1529.0 small-vehicle 1
1534.0 1492.0 1570.0 1492.0 1570.0 1512.0 1534.0 1512.0 small-vehicle 1
1552.0 1474.0 1587.0 1474.0 1587.0 1493.0 1552.0 1493.0 small-vehicle 1
1556.0 1454.0 1598.0 1454.0 1598.0 1476.0 1556.0 1476.0 small-vehicle 1
1562.0 1434.0 1603.0 1434.0 1603.0 1452.0 1562.0 1452.0 small-vehicle 1
1575.0 1411.0 1616.0 1411.0 1616.0 1433.0 1575.0 1433.0 small-vehicle 1
1603.0 1371.0 1643.0 1371.0 1643.0 1393.0 1603.0 1393.0 small-vehicle 1
1742.0 1137.0 1775.0 1137.0 1775.0 1154.0 1742.0 1154.0 small-vehicle 1
1616.0 1351.0 1650.0 1351.0 1650.0 1371.0 1616.0 1371.0 small-vehicle 1
1631.0 1329.0 1666.0 1329.0 1666.0 1350.0 1631.0 1350.0 small-vehicle 1
1640.0 1307.0 1677.0 1307.0 1677.0 1325.0 1640.0 1325.0 small-vehicle 1
1656.0 1289.0 1688.0 1289.0 1688.0 1308.0 1656.0 1308.0 small-vehicle 1
1661.0 1269.0 1700.0 1269.0 1700.0 1294.0 1661.0 1294.0 small-vehicle 1
1669.0 1252.0 1706.0 1252.0 1706.0 1274.0 1669.0 1274.0 small-vehicle 1
1681.0 1234.0 1720.0 1234.0 1720.0 1255.0 1681.0 1255.0 small-vehicle 1
1691.0 1213.0 1727.0 1213.0 1727.0 1234.0 1691.0 1234.0 small-vehicle 1
1705.0 1192.0 1744.0 1192.0 1744.0 1209.0 1705.0 1209.0 small-vehicle 1
1720.0 1173.0 1756.0 1173.0 1756.0 1188.0 1720.0 1188.0 small-vehicle 1
1727.0 1154.0 1765.0 1154.0 1765.0 1174.0 1727.0 1174.0 small-vehicle 1
1349.0 1477.0 1386.0 1477.0 1386.0 1501.0 1349.0 1501.0 small-vehicle 1
1366.0 1464.0 1399.0 1464.0 1399.0 1484.0 1366.0 1484.0 small-vehicle 1
1374.0 1445.0 1406.0 1445.0 1406.0 1471.0 1374.0 1471.0 small-vehicle 1
1674.0 1361.0 1715.0 1361.0 1715.0 1396.0 1674.0 1396.0 small-vehicle 1
1607.0 2500.0 1637.0 2500.0 1637.0 2537.0 1607.0 2537.0 small-vehicle 1
1588.0 2489.0 1620.0 2489.0 1620.0 2529.0 1588.0 2529.0 small-vehicle 1
1567.0 2483.0 1600.0 2483.0 1600.0 2522.0 1567.0 2522.0 small-vehicle 1
1550.0 2475.0 1582.0 2475.0 1582.0 2514.0 1550.0 2514.0 small-vehicle 1
1535.0 2467.0 1566.0 2467.0 1566.0 2507.0 1535.0 2507.0 small-vehicle 1
1519.0 2459.0 1551.0 2459.0 1551.0 2498.0 1519.0 2498.0 small-vehicle 1
1499.0 2448.0 1533.0 2448.0 1533.0 2491.0 1499.0 2491.0 small-vehicle 1
1481.0 2440.0 1517.0 2440.0 1517.0 2483.0 1481.0 2483.0 small-vehicle 1
1465.0 2428.0 1499.0 2428.0 1499.0 2470.0 1465.0 2470.0 small-vehicle 1
1450.0 2420.0 1482.0 2420.0 1482.0 2457.0 1450.0 2457.0 small-vehicle 1
1437.0 2405.0 1470.0 2405.0 1470.0 2449.0 1437.0 2449.0 small-vehicle 1
1418.0 2390.0 1458.0 2390.0 1458.0 2444.0 1418.0 2444.0 small-vehicle 1
1386.0 2383.0 1418.0 2383.0 1418.0 2423.0 1386.0 2423.0 small-vehicle 1
1367.0 2376.0 1396.0 2376.0 1396.0 2420.0 1367.0 2420.0 small-vehicle 1
1346.0 2368.0 1383.0 2368.0 1383.0 2411.0 1346.0 2411.0 small-vehicle 1
1627.0 2423.0 1660.0 2423.0 1660.0 2463.0 1627.0 2463.0 small-vehicle 1
1608.0 2411.0 1642.0 2411.0 1642.0 2451.0 1608.0 2451.0 small-vehicle 1
1581.0 2394.0 1614.0 2394.0 1614.0 2439.0 1581.0 2439.0 small-vehicle 1
1556.0 2384.0 1596.0 2384.0 1596.0 2431.0 1556.0 2431.0 small-vehicle 1
1539.0 2377.0 1572.0 2377.0 1572.0 2416.0 1539.0 2416.0 small-vehicle 1
1523.0 2371.0 1556.0 2371.0 1556.0 2410.0 1523.0 2410.0 small-vehicle 1
1508.0 2362.0 1545.0 2362.0 1545.0 2402.0 1508.0 2402.0 small-vehicle 1
1491.0 2352.0 1525.0 2352.0 1525.0 2392.0 1491.0 2392.0 small-vehicle 1
1476.0 2343.0 1510.0 2343.0 1510.0 2383.0 1476.0 2383.0 small-vehicle 1
1456.0 2331.0 1491.0 2331.0 1491.0 2375.0 1456.0 2375.0 small-vehicle 1
1227.0 2431.0 1260.0 2431.0 1260.0 2470.0 1227.0 2470.0 small-vehicle 1
1249.0 2440.0 1278.0 2440.0 1278.0 2476.0 1249.0 2476.0 small-vehicle 1
1268.0 2443.0 1300.0 2443.0 1300.0 2484.0 1268.0 2484.0 small-vehicle 1
1529.0 2594.0 1561.0 2594.0 1561.0 2638.0 1529.0 2638.0 small-vehicle 1
1322.0 2534.0 1355.0 2534.0 1355.0 2573.0 1322.0 2573.0 small-vehicle 1
1303.0 2522.0 1341.0 2522.0 1341.0 2560.0 1303.0 2560.0 small-vehicle 1
1289.0 2512.0 1322.0 2512.0 1322.0 2554.0 1289.0 2554.0 small-vehicle 1
1272.0 2503.0 1304.0 2503.0 1304.0 2542.0 1272.0 2542.0 small-vehicle 1
1258.0 2491.0 1296.0 2491.0 1296.0 2530.0 1258.0 2530.0 small-vehicle 1
1242.0 2489.0 1270.0 2489.0 1270.0 2524.0 1242.0 2524.0 small-vehicle 1
1229.0 2478.0 1258.0 2478.0 1258.0 2514.0 1229.0 2514.0 small-vehicle 1
1208.0 2468.0 1243.0 2468.0 1243.0 2508.0 1208.0 2508.0 small-vehicle 1
1583.0 2629.0 1609.0 2629.0 1609.0 2665.0 1583.0 2665.0 small-vehicle 1
1561.0 2620.0 1593.0 2620.0 1593.0 2657.0 1561.0 2657.0 small-vehicle 1
1542.0 2608.0 1578.0 2608.0 1578.0 2648.0 1542.0 2648.0 small-vehicle 1
1508.0 2588.0 1544.0 2588.0 1544.0 2628.0 1508.0 2628.0 small-vehicle 1
1280.0 2453.0 1315.0 2453.0 1315.0 2499.0 1280.0 2499.0 small-vehicle 1
1494.0 2578.0 1526.0 2578.0 1526.0 2620.0 1494.0 2620.0 small-vehicle 1
1481.0 2571.0 1510.0 2571.0 1510.0 2606.0 1481.0 2606.0 small-vehicle 1
1461.0 2560.0 1497.0 2560.0 1497.0 2601.0 1461.0 2601.0 small-vehicle 1
1443.0 2551.0 1477.0 2551.0 1477.0 2590.0 1443.0 2590.0 small-vehicle 1
1423.0 2539.0 1462.0 2539.0 1462.0 2584.0 1423.0 2584.0 small-vehicle 1
1411.0 2531.0 1444.0 2531.0 1444.0 2570.0 1411.0 2570.0 small-vehicle 1
1359.0 2505.0 1394.0 2505.0 1394.0 2543.0 1359.0 2543.0 small-vehicle 1
1346.0 2500.0 1374.0 2500.0 1374.0 2536.0 1346.0 2536.0 small-vehicle 1
1329.0 2487.0 1358.0 2487.0 1358.0 2528.0 1329.0 2528.0 small-vehicle 1
1312.0 2482.0 1343.0 2482.0 1343.0 2518.0 1312.0 2518.0 small-vehicle 1
1297.0 2466.0 1328.0 2466.0 1328.0 2506.0 1297.0 2506.0 small-vehicle 1
1442.0 2323.0 1473.0 2323.0 1473.0 2365.0 1442.0 2365.0 small-vehicle 1
1422.0 2311.0 1452.0 2311.0 1452.0 2352.0 1422.0 2352.0 small-vehicle 1
1407.0 2305.0 1438.0 2305.0 1438.0 2344.0 1407.0 2344.0 small-vehicle 1
1166.0 1712.0 1205.0 1712.0 1205.0 1738.0 1166.0 1738.0 small-vehicle 1
1507.0 2168.0 1543.0 2168.0 1543.0 2210.0 1507.0 2210.0 small-vehicle 1
1493.0 2157.0 1526.0 2157.0 1526.0 2197.0 1493.0 2197.0 small-vehicle 1
1477.0 2144.0 1512.0 2144.0 1512.0 2187.0 1477.0 2187.0 small-vehicle 1
1615.0 2135.0 1647.0 2135.0 1647.0 2174.0 1615.0 2174.0 small-vehicle 1
1597.0 2121.0 1632.0 2121.0 1632.0 2165.0 1597.0 2165.0 small-vehicle 1
1580.0 2112.0 1614.0 2112.0 1614.0 2153.0 1580.0 2153.0 small-vehicle 1
1547.0 2098.0 1578.0 2098.0 1578.0 2138.0 1547.0 2138.0 small-vehicle 1
1567.0 2063.0 1597.0 2063.0 1597.0 2101.0 1567.0 2101.0 small-vehicle 1
780.0 2127.0 821.0 2127.0 821.0 2163.0 780.0 2163.0 small-vehicle 1
1230.0 1596.0 1260.0 1596.0 1260.0 1635.0 1230.0 1635.0 small-vehicle 1
1210.0 1629.0 1243.0 1629.0 1243.0 1664.0 1210.0 1664.0 small-vehicle 1
1176.0 1694.0 1210.0 1694.0 1210.0 1723.0 1176.0 1723.0 small-vehicle 1
1543.0 2183.0 1577.0 2183.0 1577.0 2225.0 1543.0 2225.0 small-vehicle 1
1186.0 1662.0 1220.0 1662.0 1220.0 1698.0 1186.0 1698.0 small-vehicle 1
1115.0 1832.0 1148.0 1832.0 1148.0 1851.0 1115.0 1851.0 small-vehicle 1
1119.0 1806.0 1163.0 1806.0 1163.0 1838.0 1119.0 1838.0 small-vehicle 1
1157.0 1732.0 1196.0 1732.0 1196.0 1760.0 1157.0 1760.0 small-vehicle 1
1306.0 1443.0 1341.0 1443.0 1341.0 1466.0 1306.0 1466.0 small-vehicle 1
1300.0 1464.0 1336.0 1464.0 1336.0 1489.0 1300.0 1489.0 small-vehicle 1
1288.0 1485.0 1324.0 1485.0 1324.0 1503.0 1288.0 1503.0 small-vehicle 1
1282.0 1504.0 1314.0 1504.0 1314.0 1519.0 1282.0 1519.0 small-vehicle 1
1268.0 1522.0 1303.0 1522.0 1303.0 1538.0 1268.0 1538.0 small-vehicle 1
1256.0 1539.0 1295.0 1539.0 1295.0 1557.0 1256.0 1557.0 small-vehicle 1
1250.0 1558.0 1288.0 1558.0 1288.0 1578.0 1250.0 1578.0 small-vehicle 1
1526.0 2178.0 1558.0 2178.0 1558.0 2219.0 1526.0 2219.0 small-vehicle 1
1555.0 2194.0 1593.0 2194.0 1593.0 2235.0 1555.0 2235.0 small-vehicle 1
1658.0 2399.0 1696.0 2399.0 1696.0 2440.0 1658.0 2440.0 small-vehicle 1
1409.0 2259.0 1446.0 2259.0 1446.0 2302.0 1409.0 2302.0 small-vehicle 1
1616.0 2375.0 1646.0 2375.0 1646.0 2412.0 1616.0 2412.0 small-vehicle 1
1600.0 2368.0 1630.0 2368.0 1630.0 2403.0 1600.0 2403.0 small-vehicle 1
1579.0 2354.0 1611.0 2354.0 1611.0 2391.0 1579.0 2391.0 small-vehicle 1
1542.0 2335.0 1574.0 2335.0 1574.0 2379.0 1542.0 2379.0 small-vehicle 1
1529.0 2327.0 1560.0 2327.0 1560.0 2367.0 1529.0 2367.0 small-vehicle 1
1515.0 2321.0 1544.0 2321.0 1544.0 2358.0 1515.0 2358.0 small-vehicle 1
1492.0 2307.0 1526.0 2307.0 1526.0 2351.0 1492.0 2351.0 small-vehicle 1
1478.0 2299.0 1510.0 2299.0 1510.0 2340.0 1478.0 2340.0 small-vehicle 1
1455.0 2285.0 1488.0 2285.0 1488.0 2329.0 1455.0 2329.0 small-vehicle 1
1443.0 2279.0 1474.0 2279.0 1474.0 2320.0 1443.0 2320.0 small-vehicle 1
1428.0 2270.0 1458.0 2270.0 1458.0 2308.0 1428.0 2308.0 small-vehicle 1
1819.0 2345.0 1854.0 2345.0 1854.0 2384.0 1819.0 2384.0 small-vehicle 1
1575.0 2198.0 1613.0 2198.0 1613.0 2240.0 1575.0 2240.0 small-vehicle 1
1577.0 2242.0 1611.0 2242.0 1611.0 2287.0 1577.0 2287.0 small-vehicle 1
1560.0 2237.0 1592.0 2237.0 1592.0 2276.0 1560.0 2276.0 small-vehicle 1
1542.0 2224.0 1575.0 2224.0 1575.0 2269.0 1542.0 2269.0 small-vehicle 1
1527.0 2218.0 1560.0 2218.0 1560.0 2259.0 1527.0 2259.0 small-vehicle 1
1509.0 2211.0 1537.0 2211.0 1537.0 2246.0 1509.0 2246.0 small-vehicle 1
1489.0 2198.0 1523.0 2198.0 1523.0 2240.0 1489.0 2240.0 small-vehicle 1
1471.0 2194.0 1505.0 2194.0 1505.0 2235.0 1471.0 2235.0 small-vehicle 1
1454.0 2184.0 1492.0 2184.0 1492.0 2225.0 1454.0 2225.0 small-vehicle 1
1656.0 2254.0 1688.0 2254.0 1688.0 2291.0 1656.0 2291.0 small-vehicle 1
1614.0 2223.0 1643.0 2223.0 1643.0 2260.0 1614.0 2260.0 small-vehicle 1
1594.0 2207.0 1629.0 2207.0 1629.0 2250.0 1594.0 2250.0 small-vehicle 1
374.0 4462.0 425.0 4462.0 425.0 4512.0 374.0 4512.0 swimming-pool 0
