imagesource:GoogleEarth
gsd:0.265743103173
3749.0 2481.0 3763.0 2481.0 3763.0 2520.0 3749.0 2520.0 large-vehicle 0
3772.0 1847.0 3817.0 1847.0 3817.0 1888.0 3772.0 1888.0 plane 0
3683.0 2052.0 3744.0 2052.0 3744.0 2110.0 3683.0 2110.0 plane 0
3746.0 2044.0 3809.0 2044.0 3809.0 2110.0 3746.0 2110.0 plane 0
3814.0 2050.0 3873.0 2050.0 3873.0 2109.0 3814.0 2109.0 plane 0
3876.0 2048.0 3935.0 2048.0 3935.0 2108.0 3876.0 2108.0 plane 0
3848.0 2001.0 3905.0 2001.0 3905.0 2061.0 3848.0 2061.0 plane 0
3781.0 1998.0 3840.0 1998.0 3840.0 2060.0 3781.0 2060.0 plane 0
3715.0 1998.0 3773.0 1998.0 3773.0 2061.0 3715.0 2061.0 plane 0
3651.0 2001.0 3709.0 2001.0 3709.0 2062.0 3651.0 2062.0 plane 0
3586.0 1999.0 3645.0 1999.0 3645.0 2061.0 3586.0 2061.0 plane 0
3519.0 2001.0 3580.0 2001.0 3580.0 2060.0 3519.0 2060.0 plane 0
3861.0 1876.0 3906.0 1876.0 3906.0 1918.0 3861.0 1918.0 plane 0
3800.0 1876.0 3846.0 1876.0 3846.0 1919.0 3800.0 1919.0 plane 0
3738.0 1877.0 3786.0 1877.0 3786.0 1917.0 3738.0 1917.0 plane 0
3551.0 2051.0 3613.0 2051.0 3613.0 2112.0 3551.0 2112.0 plane 0
3708.0 1847.0 3754.0 1847.0 3754.0 1886.0 3708.0 1886.0 plane 0
3680.0 1878.0 3724.0 1878.0 3724.0 1919.0 3680.0 1919.0 plane 0
3650.0 1848.0 3695.0 1848.0 3695.0 1888.0 3650.0 1888.0 plane 0
3617.0 1872.0 3665.0 1872.0 3665.0 1919.0 3617.0 1919.0 plane 0
3589.0 1848.0 3635.0 1848.0 3635.0 1889.0 3589.0 1889.0 plane 0
3557.0 1878.0 3604.0 1878.0 3604.0 1919.0 3557.0 1919.0 plane 0
3529.0 1846.0 3574.0 1846.0 3574.0 1888.0 3529.0 1888.0 plane 0
3501.0 1880.0 3545.0 1880.0 3545.0 1920.0 3501.0 1920.0 plane 0
3886.0 1709.0 3944.0 1709.0 3944.0 1767.0 3886.0 1767.0 plane 0
3822.0 1711.0 3880.0 1711.0 3880.0 1766.0 3822.0 1766.0 plane 0
3758.0 1709.0 3818.0 1709.0 3818.0 1765.0 3758.0 1765.0 plane 0
3693.0 1707.0 3756.0 1707.0 3756.0 1767.0 3693.0 1767.0 plane 0
3616.0 2050.0 3678.0 2050.0 3678.0 2109.0 3616.0 2109.0 plane 0
3481.0 2049.0 3547.0 2049.0 3547.0 2112.0 3481.0 2112.0 plane 0
3772.0 2480.0 3785.0 2480.0 3785.0 2523.0 3772.0 2523.0 large-vehicle 0
3440.0 2327.0 3504.0 2327.0 3504.0 2385.0 3440.0 2385.0 plane 0
3259.0 2734.0 3316.0 2734.0 3316.0 2786.0 3259.0 2786.0 plane 0
3524.0 2589.0 3586.0 2589.0 3586.0 2653.0 3524.0 2653.0 plane 0
3457.0 2590.0 3516.0 2590.0 3516.0 2652.0 3457.0 2652.0 plane 0
3352.0 2592.0 3402.0 2592.0 3402.0 2657.0 3352.0 2657.0 plane 0
3284.0 2596.0 3342.0 2596.0 3342.0 2650.0 3284.0 2650.0 plane 0
3218.0 2599.0 3278.0 2599.0 3278.0 2651.0 3218.0 2651.0 plane 0
3261.0 2490.0 3317.0 2490.0 3317.0 2547.0 3261.0 2547.0 plane 0
3324.0 2486.0 3388.0 2486.0 3388.0 2545.0 3324.0 2545.0 plane 0
3390.0 2485.0 3451.0 2485.0 3451.0 2543.0 3390.0 2543.0 plane 0
3456.0 2483.0 3516.0 2483.0 3516.0 2542.0 3456.0 2542.0 plane 0
3520.0 2487.0 3582.0 2487.0 3582.0 2543.0 3520.0 2543.0 plane 0
3364.0 2317.0 3437.0 2317.0 3437.0 2381.0 3364.0 2381.0 plane 0
3524.0 2335.0 3560.0 2335.0 3560.0 2391.0 3524.0 2391.0 plane 0
3462.0 2178.0 3529.0 2178.0 3529.0 2242.0 3462.0 2242.0 plane 0
3570.0 2332.0 3609.0 2332.0 3609.0 2388.0 3570.0 2388.0 plane 0
3615.0 2338.0 3657.0 2338.0 3657.0 2392.0 3615.0 2392.0 plane 0
3660.0 2343.0 3708.0 2343.0 3708.0 2395.0 3660.0 2395.0 plane 0
3717.0 2340.0 3768.0 2340.0 3768.0 2398.0 3717.0 2398.0 plane 0
3770.0 2331.0 3822.0 2331.0 3822.0 2398.0 3770.0 2398.0 plane 0
3827.0 2336.0 3883.0 2336.0 3883.0 2402.0 3827.0 2402.0 plane 0
3871.0 2177.0 3936.0 2177.0 3936.0 2235.0 3871.0 2235.0 plane 0
3784.0 2170.0 3822.0 2170.0 3822.0 2227.0 3784.0 2227.0 plane 0
3735.0 2172.0 3773.0 2172.0 3773.0 2226.0 3735.0 2226.0 plane 0
3662.0 2176.0 3728.0 2176.0 3728.0 2235.0 3662.0 2235.0 plane 0
3598.0 2182.0 3657.0 2182.0 3657.0 2240.0 3598.0 2240.0 plane 0
3532.0 2182.0 3590.0 2182.0 3590.0 2241.0 3532.0 2241.0 plane 0
3631.0 1706.0 3690.0 1706.0 3690.0 1763.0 3631.0 1763.0 plane 0
3568.0 1702.0 3625.0 1702.0 3625.0 1760.0 3568.0 1760.0 plane 0
3180.0 1382.0 3300.0 1382.0 3300.0 1508.0 3180.0 1508.0 plane 0
2629.0 774.0 2907.0 774.0 2907.0 1074.0 2629.0 1074.0 plane 0
3389.0 893.0 3492.0 893.0 3492.0 1002.0 3389.0 1002.0 plane 0
3288.0 889.0 3385.0 889.0 3385.0 998.0 3288.0 998.0 plane 0
3059.0 1124.0 3173.0 1124.0 3173.0 1245.0 3059.0 1245.0 plane 0
2906.0 1084.0 3045.0 1084.0 3045.0 1247.0 2906.0 1247.0 plane 0
2994.0 794.0 3110.0 794.0 3110.0 913.0 2994.0 913.0 plane 0
2480.0 1622.0 2744.0 1622.0 2744.0 1913.0 2480.0 1913.0 plane 0
2351.0 1396.0 2624.0 1396.0 2624.0 1687.0 2351.0 1687.0 plane 0
2202.0 1621.0 2478.0 1621.0 2478.0 1924.0 2202.0 1924.0 plane 0
2080.0 1392.0 2352.0 1392.0 2352.0 1691.0 2080.0 1691.0 plane 0
1934.0 1612.0 2210.0 1612.0 2210.0 1923.0 1934.0 1923.0 plane 0
1800.0 1391.0 2083.0 1391.0 2083.0 1693.0 1800.0 1693.0 plane 0
1537.0 1396.0 1803.0 1396.0 1803.0 1693.0 1537.0 1693.0 plane 0
2354.0 775.0 2632.0 775.0 2632.0 1069.0 2354.0 1069.0 plane 0
3308.0 1388.0 3420.0 1388.0 3420.0 1507.0 3308.0 1507.0 plane 0
2228.0 561.0 2498.0 561.0 2498.0 862.0 2228.0 862.0 plane 0
2082.0 775.0 2352.0 775.0 2352.0 1068.0 2082.0 1068.0 plane 0
1952.0 559.0 2230.0 559.0 2230.0 858.0 1952.0 858.0 plane 0
1810.0 772.0 2081.0 772.0 2081.0 1068.0 1810.0 1068.0 plane 0
1676.0 559.0 1953.0 559.0 1953.0 856.0 1676.0 856.0 plane 0
1543.0 780.0 1804.0 780.0 1804.0 1072.0 1543.0 1072.0 plane 0
1401.0 558.0 1678.0 558.0 1678.0 857.0 1401.0 857.0 plane 0
1259.0 781.0 1534.0 781.0 1534.0 1077.0 1259.0 1077.0 plane 0
1128.0 559.0 1405.0 559.0 1405.0 864.0 1128.0 864.0 plane 0
844.0 553.0 1117.0 553.0 1117.0 856.0 844.0 856.0 plane 0
981.0 776.0 1253.0 776.0 1253.0 1072.0 981.0 1072.0 plane 0
715.0 775.0 982.0 775.0 982.0 1072.0 715.0 1072.0 plane 0
3496.0 896.0 3594.0 896.0 3594.0 1001.0 3496.0 1001.0 plane 0
3601.0 896.0 3694.0 896.0 3694.0 999.0 3601.0 999.0 plane 0
3702.0 899.0 3797.0 899.0 3797.0 1003.0 3702.0 1003.0 plane 0
3808.0 915.0 3906.0 915.0 3906.0 1008.0 3808.0 1008.0 plane 0
3427.0 1389.0 3538.0 1389.0 3538.0 1509.0 3427.0 1509.0 plane 0
3549.0 1390.0 3669.0 1390.0 3669.0 1514.0 3549.0 1514.0 plane 0
3798.0 1394.0 3910.0 1394.0 3910.0 1515.0 3798.0 1515.0 plane 0
3660.0 1174.0 3712.0 1174.0 3712.0 1238.0 3660.0 1238.0 plane 0
3724.0 1172.0 3773.0 1172.0 3773.0 1237.0 3724.0 1237.0 plane 0
3790.0 1175.0 3839.0 1175.0 3839.0 1238.0 3790.0 1238.0 plane 0
3837.0 773.0 3887.0 773.0 3887.0 834.0 3837.0 834.0 plane 0
3804.0 736.0 3854.0 736.0 3854.0 802.0 3804.0 802.0 plane 0
3772.0 772.0 3823.0 772.0 3823.0 837.0 3772.0 837.0 plane 0
3740.0 735.0 3793.0 735.0 3793.0 800.0 3740.0 800.0 plane 0
3709.0 771.0 3760.0 771.0 3760.0 839.0 3709.0 839.0 plane 0
3678.0 737.0 3728.0 737.0 3728.0 801.0 3678.0 801.0 plane 0
3644.0 769.0 3694.0 769.0 3694.0 835.0 3644.0 835.0 plane 0
3612.0 735.0 3665.0 735.0 3665.0 800.0 3612.0 800.0 plane 0
3580.0 769.0 3631.0 769.0 3631.0 833.0 3580.0 833.0 plane 0
3548.0 734.0 3600.0 734.0 3600.0 797.0 3548.0 797.0 plane 0
3518.0 769.0 3568.0 769.0 3568.0 833.0 3518.0 833.0 plane 0
3486.0 735.0 3538.0 735.0 3538.0 800.0 3486.0 800.0 plane 0
3454.0 771.0 3503.0 771.0 3503.0 831.0 3454.0 831.0 plane 0
3421.0 733.0 3474.0 733.0 3474.0 798.0 3421.0 798.0 plane 0
3388.0 770.0 3442.0 770.0 3442.0 833.0 3388.0 833.0 plane 0
3357.0 732.0 3409.0 732.0 3409.0 796.0 3357.0 796.0 plane 0
3325.0 768.0 3377.0 768.0 3377.0 832.0 3325.0 832.0 plane 0
3295.0 731.0 3345.0 731.0 3345.0 797.0 3295.0 797.0 plane 0
3261.0 765.0 3312.0 765.0 3312.0 831.0 3261.0 831.0 plane 0
3327.0 2736.0 3382.0 2736.0 3382.0 2795.0 3327.0 2795.0 plane 0
3391.0 2738.0 3449.0 2738.0 3449.0 2799.0 3391.0 2799.0 plane 0
3458.0 2739.0 3516.0 2739.0 3516.0 2800.0 3458.0 2800.0 plane 0
881.0 3099.0 898.0 3099.0 898.0 3114.0 881.0 3114.0 small-vehicle 0
2749.0 2882.0 2775.0 2882.0 2775.0 2900.0 2749.0 2900.0 small-vehicle 0
2747.0 2898.0 2769.0 2898.0 2769.0 2912.0 2747.0 2912.0 small-vehicle 0
2579.0 2901.0 2600.0 2901.0 2600.0 2925.0 2579.0 2925.0 small-vehicle 0
2489.0 2994.0 2508.0 2994.0 2508.0 3021.0 2489.0 3021.0 small-vehicle 0
782.0 3141.0 801.0 3141.0 801.0 3154.0 782.0 3154.0 small-vehicle 0
779.0 3163.0 802.0 3163.0 802.0 3176.0 779.0 3176.0 small-vehicle 0
829.0 3180.0 856.0 3180.0 856.0 3194.0 829.0 3194.0 small-vehicle 0
832.0 3170.0 855.0 3170.0 855.0 3180.0 832.0 3180.0 small-vehicle 0
832.0 3160.0 854.0 3160.0 854.0 3170.0 832.0 3170.0 small-vehicle 0
834.0 3144.0 857.0 3144.0 857.0 3158.0 834.0 3158.0 small-vehicle 0
854.0 3095.0 866.0 3095.0 866.0 3116.0 854.0 3116.0 small-vehicle 0
835.0 3091.0 846.0 3091.0 846.0 3110.0 835.0 3110.0 small-vehicle 0
878.0 3124.0 898.0 3124.0 898.0 3138.0 878.0 3138.0 small-vehicle 0
899.0 3214.0 908.0 3214.0 908.0 3231.0 899.0 3231.0 small-vehicle 0
881.0 3154.0 898.0 3154.0 898.0 3163.0 881.0 3163.0 small-vehicle 0
876.0 3164.0 896.0 3164.0 896.0 3177.0 876.0 3177.0 small-vehicle 0
875.0 3178.0 895.0 3178.0 895.0 3188.0 875.0 3188.0 small-vehicle 0
873.0 3190.0 890.0 3190.0 890.0 3199.0 873.0 3199.0 small-vehicle 0
868.0 3197.0 893.0 3197.0 893.0 3207.0 868.0 3207.0 small-vehicle 0
804.0 3211.0 814.0 3211.0 814.0 3230.0 804.0 3230.0 small-vehicle 0
817.0 3215.0 827.0 3215.0 827.0 3234.0 817.0 3234.0 small-vehicle 0
828.0 3210.0 840.0 3210.0 840.0 3233.0 828.0 3233.0 small-vehicle 0
839.0 3209.0 848.0 3209.0 848.0 3233.0 839.0 3233.0 small-vehicle 0
848.0 3214.0 861.0 3214.0 861.0 3232.0 848.0 3232.0 small-vehicle 0
865.0 3214.0 876.0 3214.0 876.0 3238.0 865.0 3238.0 small-vehicle 0
879.0 3216.0 890.0 3216.0 890.0 3239.0 879.0 3239.0 small-vehicle 0
2525.0 2831.0 2543.0 2831.0 2543.0 2854.0 2525.0 2854.0 small-vehicle 0
2512.0 2828.0 2528.0 2828.0 2528.0 2852.0 2512.0 2852.0 small-vehicle 0
3139.0 2997.0 3161.0 2997.0 3161.0 3025.0 3139.0 3025.0 small-vehicle 0
2629.0 2928.0 2648.0 2928.0 2648.0 2950.0 2629.0 2950.0 small-vehicle 0
3796.0 2480.0 3812.0 2480.0 3812.0 2522.0 3796.0 2522.0 large-vehicle 0
3812.0 2479.0 3826.0 2479.0 3826.0 2522.0 3812.0 2522.0 large-vehicle 0
3828.0 2479.0 3843.0 2479.0 3843.0 2522.0 3828.0 2522.0 large-vehicle 0
3845.0 2480.0 3860.0 2480.0 3860.0 2523.0 3845.0 2523.0 large-vehicle 0
3862.0 2481.0 3879.0 2481.0 3879.0 2523.0 3862.0 2523.0 large-vehicle 0
3898.0 2485.0 3913.0 2485.0 3913.0 2527.0 3898.0 2527.0 large-vehicle 0
4898.0 196.0 4909.0 196.0 4909.0 219.0 4898.0 219.0 small-vehicle 1
4703.0 1499.0 4714.0 1499.0 4714.0 1523.0 4703.0 1523.0 small-vehicle 1
4866.0 1567.0 4874.0 1567.0 4874.0 1587.0 4866.0 1587.0 small-vehicle 1
4841.0 1927.0 4850.0 1927.0 4850.0 1951.0 4841.0 1951.0 small-vehicle 1
4833.0 2058.0 4843.0 2058.0 4843.0 2081.0 4833.0 2081.0 small-vehicle 1
4793.0 2205.0 4803.0 2205.0 4803.0 2230.0 4793.0 2230.0 small-vehicle 1
4789.0 2305.0 4799.0 2305.0 4799.0 2327.0 4789.0 2327.0 small-vehicle 1
4770.0 2310.0 4782.0 2310.0 4782.0 2337.0 4770.0 2337.0 small-vehicle 1
4825.0 2468.0 4837.0 2468.0 4837.0 2495.0 4825.0 2495.0 small-vehicle 1
4783.0 2450.0 4793.0 2450.0 4793.0 2469.0 4783.0 2469.0 small-vehicle 1
4762.0 2491.0 4776.0 2491.0 4776.0 2536.0 4762.0 2536.0 large-vehicle 0
4834.0 2580.0 4844.0 2580.0 4844.0 2601.0 4834.0 2601.0 small-vehicle 1
1998.0 2747.0 2024.0 2747.0 2024.0 2769.0 1998.0 2769.0 small-vehicle 1
1985.0 2552.0 2015.0 2552.0 2015.0 2589.0 1985.0 2589.0 small-vehicle 1
1847.0 2634.0 1871.0 2634.0 1871.0 2649.0 1847.0 2649.0 small-vehicle 1
961.0 3039.0 976.0 3039.0 976.0 3101.0 961.0 3101.0 large-vehicle 0
987.0 3101.0 1018.0 3101.0 1018.0 3113.0 987.0 3113.0 small-vehicle 1
955.0 1697.0 977.0 1697.0 977.0 1716.0 955.0 1716.0 small-vehicle 1
2617.0 2919.0 2633.0 2919.0 2633.0 2942.0 2617.0 2942.0 small-vehicle 0
890.0 3212.0 902.0 3212.0 902.0 3228.0 890.0 3228.0 small-vehicle 0
907.0 3219.0 918.0 3219.0 918.0 3244.0 907.0 3244.0 small-vehicle 0
3525.0 2742.0 3584.0 2742.0 3584.0 2806.0 3525.0 2806.0 plane 0
4405.0 1068.0 4454.0 1068.0 4454.0 1107.0 4405.0 1107.0 plane 0
4116.0 1609.0 4175.0 1609.0 4175.0 1685.0 4116.0 1685.0 plane 0
4505.0 1217.0 4529.0 1217.0 4529.0 1273.0 4505.0 1273.0 helicopter 0
4489.0 1216.0 4511.0 1216.0 4511.0 1272.0 4489.0 1272.0 helicopter 0
4446.0 1214.0 4475.0 1214.0 4475.0 1273.0 4446.0 1273.0 helicopter 0
4245.0 1217.0 4270.0 1217.0 4270.0 1271.0 4245.0 1271.0 helicopter 0
4229.0 1214.0 4252.0 1214.0 4252.0 1268.0 4229.0 1268.0 helicopter 0
4215.0 1214.0 4236.0 1214.0 4236.0 1267.0 4215.0 1267.0 helicopter 0
4107.0 1268.0 4157.0 1268.0 4157.0 1337.0 4107.0 1337.0 plane 0
4048.0 1265.0 4101.0 1265.0 4101.0 1339.0 4048.0 1339.0 plane 0
4135.0 1207.0 4184.0 1207.0 4184.0 1286.0 4135.0 1286.0 plane 0
4078.0 1210.0 4128.0 1210.0 4128.0 1284.0 4078.0 1284.0 plane 0
4459.0 1069.0 4510.0 1069.0 4510.0 1108.0 4459.0 1108.0 plane 0
4429.0 1029.0 4486.0 1029.0 4486.0 1077.0 4429.0 1077.0 plane 0
995.0 3220.0 1004.0 3220.0 1004.0 3238.0 995.0 3238.0 small-vehicle 0
4365.0 1044.0 4406.0 1044.0 4406.0 1103.0 4365.0 1103.0 plane 0
4302.0 1069.0 4356.0 1069.0 4356.0 1111.0 4302.0 1111.0 plane 0
4320.0 1029.0 4370.0 1029.0 4370.0 1070.0 4320.0 1070.0 plane 0
4249.0 1028.0 4299.0 1028.0 4299.0 1107.0 4249.0 1107.0 plane 0
4179.0 1065.0 4235.0 1065.0 4235.0 1111.0 4179.0 1111.0 plane 0
4126.0 1064.0 4176.0 1064.0 4176.0 1106.0 4126.0 1106.0 plane 0
4039.0 1010.0 4121.0 1010.0 4121.0 1104.0 4039.0 1104.0 plane 0
3471.0 2860.0 3504.0 2860.0 3504.0 2924.0 3471.0 2924.0 plane 0
3383.0 2856.0 3420.0 2856.0 3420.0 2914.0 3383.0 2914.0 plane 0
3338.0 2853.0 3378.0 2853.0 3378.0 2910.0 3338.0 2910.0 plane 0
3657.0 2748.0 3715.0 2748.0 3715.0 2806.0 3657.0 2806.0 plane 0
3593.0 2747.0 3648.0 2747.0 3648.0 2803.0 3593.0 2803.0 plane 0
4178.0 1612.0 4235.0 1612.0 4235.0 1690.0 4178.0 1690.0 plane 0
4239.0 1612.0 4289.0 1612.0 4289.0 1692.0 4239.0 1692.0 plane 0
4298.0 1618.0 4350.0 1618.0 4350.0 1696.0 4298.0 1696.0 plane 0
4418.0 1630.0 4469.0 1630.0 4469.0 1704.0 4418.0 1704.0 plane 0
1009.0 3219.0 1018.0 3219.0 1018.0 3238.0 1009.0 3238.0 small-vehicle 0
1034.0 3224.0 1046.0 3224.0 1046.0 3244.0 1034.0 3244.0 small-vehicle 0
1044.0 3224.0 1055.0 3224.0 1055.0 3247.0 1044.0 3247.0 small-vehicle 0
1076.0 3225.0 1087.0 3225.0 1087.0 3249.0 1076.0 3249.0 small-vehicle 0
1101.0 3223.0 1115.0 3223.0 1115.0 3249.0 1101.0 3249.0 small-vehicle 0
1318.0 3124.0 1339.0 3124.0 1339.0 3137.0 1318.0 3137.0 small-vehicle 0
1294.0 3077.0 1309.0 3077.0 1309.0 3101.0 1294.0 3101.0 small-vehicle 0
1026.0 3169.0 1056.0 3169.0 1056.0 3198.0 1026.0 3198.0 small-vehicle 0
1051.0 3175.0 1079.0 3175.0 1079.0 3187.0 1051.0 3187.0 small-vehicle 0
1056.0 3159.0 1078.0 3159.0 1078.0 3175.0 1056.0 3175.0 small-vehicle 0
1055.0 3150.0 1080.0 3150.0 1080.0 3161.0 1055.0 3161.0 small-vehicle 0
1060.0 3129.0 1079.0 3129.0 1079.0 3141.0 1060.0 3141.0 small-vehicle 0
1057.0 3108.0 1081.0 3108.0 1081.0 3118.0 1057.0 3118.0 small-vehicle 0
750.0 2984.0 765.0 2984.0 765.0 3004.0 750.0 3004.0 small-vehicle 0
750.0 2965.0 765.0 2965.0 765.0 2984.0 750.0 2984.0 small-vehicle 0
751.0 2943.0 763.0 2943.0 763.0 2966.0 751.0 2966.0 small-vehicle 0
1228.0 2276.0 1249.0 2276.0 1249.0 2304.0 1228.0 2304.0 small-vehicle 0
1240.0 2285.0 1260.0 2285.0 1260.0 2309.0 1240.0 2309.0 small-vehicle 0
882.0 2022.0 905.0 2022.0 905.0 2051.0 882.0 2051.0 small-vehicle 0
833.0 1829.0 859.0 1829.0 859.0 1854.0 833.0 1854.0 small-vehicle 0
4772.0 258.0 4966.0 258.0 4966.0 491.0 4772.0 491.0 bridge 0
4019.0 1696.0 4070.0 1696.0 4070.0 1764.0 4019.0 1764.0 plane 0
4120.0 1708.0 4168.0 1708.0 4168.0 1770.0 4120.0 1770.0 plane 0
4320.0 1715.0 4375.0 1715.0 4375.0 1784.0 4320.0 1784.0 plane 0
4474.0 1730.0 4520.0 1730.0 4520.0 1791.0 4474.0 1791.0 plane 0
447.0 2805.0 500.0 2805.0 500.0 2902.0 447.0 2902.0 plane 0
