imagesource:GoogleEarth
gsd:0.262714474116
3409.0 2336.0 3427.0 2336.0 3427.0 2351.0 3409.0 2351.0 small-vehicle 1
4917.0 2757.0 4966.0 2757.0 4966.0 2829.0 4917.0 2829.0 plane 0
4358.0 2362.0 4399.0 2362.0 4399.0 2422.0 4358.0 2422.0 plane 0
4304.0 2361.0 4351.0 2361.0 4351.0 2423.0 4304.0 2423.0 plane 0
4255.0 2358.0 4299.0 2358.0 4299.0 2423.0 4255.0 2423.0 plane 0
4103.0 2358.0 4146.0 2358.0 4146.0 2420.0 4103.0 2420.0 plane 0
4214.0 2184.0 4257.0 2184.0 4257.0 2246.0 4214.0 2246.0 plane 0
5466.0 3246.0 5629.0 3246.0 5629.0 3373.0 5466.0 3373.0 plane 0
5636.0 2490.0 5794.0 2490.0 5794.0 2616.0 5636.0 2616.0 plane 0
4871.0 2758.0 4921.0 2758.0 4921.0 2829.0 4871.0 2829.0 plane 0
4985.0 2747.0 5035.0 2747.0 5035.0 2819.0 4985.0 2819.0 plane 0
4330.0 2396.0 4376.0 2396.0 4376.0 2457.0 4330.0 2457.0 plane 0
4796.0 2073.0 4960.0 2073.0 4960.0 2205.0 4796.0 2205.0 plane 0
4968.0 2079.0 5131.0 2079.0 5131.0 2209.0 4968.0 2209.0 plane 0
5137.0 2083.0 5302.0 2083.0 5302.0 2215.0 5137.0 2215.0 plane 0
5303.0 2090.0 5471.0 2090.0 5471.0 2225.0 5303.0 2225.0 plane 0
5475.0 2098.0 5640.0 2098.0 5640.0 2231.0 5475.0 2231.0 plane 0
5647.0 2107.0 5807.0 2107.0 5807.0 2235.0 5647.0 2235.0 plane 0
5731.0 2018.0 5889.0 2018.0 5889.0 2143.0 5731.0 2143.0 plane 0
5560.0 2008.0 5726.0 2008.0 5726.0 2137.0 5560.0 2137.0 plane 0
4404.0 2363.0 4450.0 2363.0 4450.0 2426.0 4404.0 2426.0 plane 0
4278.0 2397.0 4323.0 2397.0 4323.0 2456.0 4278.0 2456.0 plane 0
5224.0 1996.0 5388.0 1996.0 5388.0 2121.0 5224.0 2121.0 plane 0
4404.0 2540.0 4448.0 2540.0 4448.0 2602.0 4404.0 2602.0 plane 0
3995.0 2532.0 4038.0 2532.0 4038.0 2592.0 3995.0 2592.0 plane 0
4046.0 2532.0 4090.0 2532.0 4090.0 2593.0 4046.0 2593.0 plane 0
4098.0 2535.0 4140.0 2535.0 4140.0 2596.0 4098.0 2596.0 plane 0
4148.0 2536.0 4192.0 2536.0 4192.0 2598.0 4148.0 2598.0 plane 0
4200.0 2538.0 4243.0 2538.0 4243.0 2598.0 4200.0 2598.0 plane 0
4249.0 2537.0 4293.0 2537.0 4293.0 2597.0 4249.0 2597.0 plane 0
4300.0 2539.0 4344.0 2539.0 4344.0 2598.0 4300.0 2598.0 plane 0
4352.0 2540.0 4397.0 2540.0 4397.0 2599.0 4352.0 2599.0 plane 0
4457.0 2541.0 4500.0 2541.0 4500.0 2604.0 4457.0 2604.0 plane 0
4230.0 2395.0 4274.0 2395.0 4274.0 2456.0 4230.0 2456.0 plane 0
4506.0 2542.0 4550.0 2542.0 4550.0 2605.0 4506.0 2605.0 plane 0
4486.0 2400.0 4529.0 2400.0 4529.0 2461.0 4486.0 2461.0 plane 0
4534.0 2400.0 4582.0 2400.0 4582.0 2464.0 4534.0 2464.0 plane 0
4512.0 2367.0 4556.0 2367.0 4556.0 2427.0 4512.0 2427.0 plane 0
4459.0 2365.0 4504.0 2365.0 4504.0 2427.0 4459.0 2427.0 plane 0
4078.0 2391.0 4120.0 2391.0 4120.0 2451.0 4078.0 2451.0 plane 0
4127.0 2392.0 4172.0 2392.0 4172.0 2455.0 4127.0 2455.0 plane 0
4178.0 2394.0 4222.0 2394.0 4222.0 2455.0 4178.0 2455.0 plane 0
5392.0 2004.0 5556.0 2004.0 5556.0 2129.0 5392.0 2129.0 plane 0
5054.0 1990.0 5218.0 1990.0 5218.0 2114.0 5054.0 2114.0 plane 0
4070.0 2570.0 4113.0 2570.0 4113.0 2629.0 4070.0 2629.0 plane 0
5754.0 807.0 5913.0 807.0 5913.0 924.0 5754.0 924.0 plane 0
5067.0 1183.0 5229.0 1183.0 5229.0 1306.0 5067.0 1306.0 plane 0
4893.0 1178.0 5059.0 1178.0 5059.0 1301.0 4893.0 1301.0 plane 0
4814.0 864.0 4980.0 864.0 4980.0 992.0 4814.0 992.0 plane 0
4987.0 866.0 5150.0 866.0 5150.0 994.0 4987.0 994.0 plane 0
5153.0 868.0 5320.0 868.0 5320.0 1006.0 5153.0 1006.0 plane 0
5323.0 879.0 5490.0 879.0 5490.0 1010.0 5323.0 1010.0 plane 0
5490.0 887.0 5660.0 887.0 5660.0 1022.0 5490.0 1022.0 plane 0
5660.0 897.0 5828.0 897.0 5828.0 1025.0 5660.0 1025.0 plane 0
5580.0 795.0 5743.0 795.0 5743.0 924.0 5580.0 924.0 plane 0
5408.0 1186.0 5569.0 1186.0 5569.0 1316.0 5408.0 1316.0 plane 0
5408.0 794.0 5575.0 794.0 5575.0 915.0 5408.0 915.0 plane 0
5240.0 782.0 5405.0 782.0 5405.0 908.0 5240.0 908.0 plane 0
5076.0 776.0 5240.0 776.0 5240.0 903.0 5076.0 903.0 plane 0
4902.0 774.0 5068.0 774.0 5068.0 896.0 4902.0 896.0 plane 0
4823.0 366.0 4989.0 366.0 4989.0 490.0 4823.0 490.0 plane 0
4998.0 372.0 5164.0 372.0 5164.0 501.0 4998.0 501.0 plane 0
5164.0 373.0 5328.0 373.0 5328.0 507.0 5164.0 507.0 plane 0
5327.0 388.0 5502.0 388.0 5502.0 512.0 5327.0 512.0 plane 0
5236.0 1178.0 5404.0 1178.0 5404.0 1310.0 5236.0 1310.0 plane 0
5574.0 1188.0 5741.0 1188.0 5741.0 1318.0 5574.0 1318.0 plane 0
4876.0 1979.0 5051.0 1979.0 5051.0 2114.0 4876.0 2114.0 plane 0
5400.0 1589.0 5560.0 1589.0 5560.0 1714.0 5400.0 1714.0 plane 0
4802.0 1673.0 4966.0 1673.0 4966.0 1800.0 4802.0 1800.0 plane 0
4970.0 1676.0 5135.0 1676.0 5135.0 1802.0 4970.0 1802.0 plane 0
5143.0 1680.0 5304.0 1680.0 5304.0 1806.0 5143.0 1806.0 plane 0
5310.0 1681.0 5474.0 1681.0 5474.0 1814.0 5310.0 1814.0 plane 0
5479.0 1685.0 5641.0 1685.0 5641.0 1812.0 5479.0 1812.0 plane 0
5651.0 1689.0 5811.0 1689.0 5811.0 1816.0 5651.0 1816.0 plane 0
5737.0 1598.0 5896.0 1598.0 5896.0 1721.0 5737.0 1721.0 plane 0
5567.0 1592.0 5729.0 1592.0 5729.0 1715.0 5567.0 1715.0 plane 0
5228.0 1586.0 5392.0 1586.0 5392.0 1711.0 5228.0 1711.0 plane 0
5746.0 1194.0 5909.0 1194.0 5909.0 1317.0 5746.0 1317.0 plane 0
5060.0 1582.0 5220.0 1582.0 5220.0 1708.0 5060.0 1708.0 plane 0
4889.0 1577.0 5054.0 1577.0 5054.0 1705.0 4889.0 1705.0 plane 0
4807.0 1272.0 4975.0 1272.0 4975.0 1401.0 4807.0 1401.0 plane 0
4981.0 1274.0 5146.0 1274.0 5146.0 1402.0 4981.0 1402.0 plane 0
5149.0 1278.0 5313.0 1278.0 5313.0 1402.0 5149.0 1402.0 plane 0
5319.0 1281.0 5479.0 1281.0 5479.0 1407.0 5319.0 1407.0 plane 0
5487.0 1284.0 5651.0 1284.0 5651.0 1412.0 5487.0 1412.0 plane 0
5656.0 1286.0 5825.0 1286.0 5825.0 1417.0 5656.0 1417.0 plane 0
4020.0 2569.0 4062.0 2569.0 4062.0 2627.0 4020.0 2627.0 plane 0
4121.0 2569.0 4163.0 2569.0 4163.0 2630.0 4121.0 2630.0 plane 0
6248.0 3860.0 6258.0 3860.0 6258.0 3885.0 6248.0 3885.0 small-vehicle 1
3256.0 205.0 3309.0 205.0 3309.0 284.0 3256.0 284.0 plane 0
6204.0 3175.0 6219.0 3175.0 6219.0 3209.0 6204.0 3209.0 small-vehicle 0
6287.0 2912.0 6299.0 2912.0 6299.0 2935.0 6287.0 2935.0 small-vehicle 0
6228.0 3011.0 6241.0 3011.0 6241.0 3036.0 6228.0 3036.0 small-vehicle 0
6218.0 2746.0 6232.0 2746.0 6232.0 2769.0 6218.0 2769.0 small-vehicle 0
6234.0 2702.0 6246.0 2702.0 6246.0 2727.0 6234.0 2727.0 small-vehicle 0
4023.0 230.0 4068.0 230.0 4068.0 274.0 4023.0 274.0 plane 0
165.0 883.0 179.0 883.0 179.0 909.0 165.0 909.0 small-vehicle 1
3323.0 208.0 3374.0 208.0 3374.0 288.0 3323.0 288.0 plane 0
3202.0 199.0 3252.0 199.0 3252.0 268.0 3202.0 268.0 plane 0
6221.0 3267.0 6236.0 3267.0 6236.0 3298.0 6221.0 3298.0 small-vehicle 0
3138.0 203.0 3187.0 203.0 3187.0 278.0 3138.0 278.0 plane 0
3056.0 210.0 3108.0 210.0 3108.0 276.0 3056.0 276.0 plane 0
2986.0 190.0 3049.0 190.0 3049.0 258.0 2986.0 258.0 plane 0
2924.0 212.0 2974.0 212.0 2974.0 286.0 2924.0 286.0 plane 0
2878.0 204.0 2918.0 204.0 2918.0 262.0 2878.0 262.0 plane 0
2780.0 204.0 2858.0 204.0 2858.0 282.0 2780.0 282.0 plane 0
2682.0 185.0 2751.0 185.0 2751.0 264.0 2682.0 264.0 plane 0
2595.0 186.0 2667.0 186.0 2667.0 262.0 2595.0 262.0 plane 0
6205.0 3259.0 6219.0 3259.0 6219.0 3283.0 6205.0 3283.0 small-vehicle 0
6221.0 3315.0 6232.0 3315.0 6232.0 3342.0 6221.0 3342.0 small-vehicle 0
2475.0 190.0 2534.0 190.0 2534.0 258.0 2475.0 258.0 plane 0
6216.0 3588.0 6228.0 3588.0 6228.0 3616.0 6216.0 3616.0 small-vehicle 0
6203.0 3515.0 6215.0 3515.0 6215.0 3541.0 6203.0 3541.0 small-vehicle 1
6203.0 3549.0 6212.0 3549.0 6212.0 3573.0 6203.0 3573.0 small-vehicle 1
6203.0 3593.0 6213.0 3593.0 6213.0 3617.0 6203.0 3617.0 small-vehicle 1
6193.0 3667.0 6211.0 3667.0 6211.0 3709.0 6193.0 3709.0 large-vehicle 0
6231.0 3678.0 6243.0 3678.0 6243.0 3701.0 6231.0 3701.0 small-vehicle 0
6213.0 3682.0 6225.0 3682.0 6225.0 3705.0 6213.0 3705.0 small-vehicle 0
6215.0 3653.0 6227.0 3653.0 6227.0 3680.0 6215.0 3680.0 small-vehicle 0
6216.0 3617.0 6228.0 3617.0 6228.0 3641.0 6216.0 3641.0 small-vehicle 0
6215.0 3562.0 6228.0 3562.0 6228.0 3584.0 6215.0 3584.0 small-vehicle 0
6203.0 3319.0 6219.0 3319.0 6219.0 3359.0 6203.0 3359.0 small-vehicle 0
6217.0 3525.0 6229.0 3525.0 6229.0 3548.0 6217.0 3548.0 small-vehicle 0
6217.0 3495.0 6229.0 3495.0 6229.0 3520.0 6217.0 3520.0 small-vehicle 0
6232.0 3484.0 6243.0 3484.0 6243.0 3507.0 6232.0 3507.0 small-vehicle 0
6220.0 3443.0 6230.0 3443.0 6230.0 3475.0 6220.0 3475.0 small-vehicle 0
6204.0 3436.0 6215.0 3436.0 6215.0 3461.0 6204.0 3461.0 small-vehicle 0
6272.0 3433.0 6288.0 3433.0 6288.0 3457.0 6272.0 3457.0 small-vehicle 0
6265.0 3349.0 6275.0 3349.0 6275.0 3371.0 6265.0 3371.0 small-vehicle 0
6217.0 3397.0 6233.0 3397.0 6233.0 3424.0 6217.0 3424.0 small-vehicle 0
2547.0 190.0 2587.0 190.0 2587.0 244.0 2547.0 244.0 plane 0
2398.0 192.0 2462.0 192.0 2462.0 258.0 2398.0 258.0 plane 0
4172.0 2571.0 4217.0 2571.0 4217.0 2630.0 4172.0 2630.0 plane 0
4400.0 2717.0 4443.0 2717.0 4443.0 2778.0 4400.0 2778.0 plane 0
3989.0 2707.0 4036.0 2707.0 4036.0 2770.0 3989.0 2770.0 plane 0
4042.0 2711.0 4086.0 2711.0 4086.0 2772.0 4042.0 2772.0 plane 0
4090.0 2711.0 4135.0 2711.0 4135.0 2770.0 4090.0 2770.0 plane 0
4142.0 2710.0 4188.0 2710.0 4188.0 2774.0 4142.0 2774.0 plane 0
4196.0 2713.0 4239.0 2713.0 4239.0 2775.0 4196.0 2775.0 plane 0
4248.0 2714.0 4288.0 2714.0 4288.0 2775.0 4248.0 2775.0 plane 0
4295.0 2715.0 4342.0 2715.0 4342.0 2775.0 4295.0 2775.0 plane 0
4348.0 2715.0 4391.0 2715.0 4391.0 2776.0 4348.0 2776.0 plane 0
4449.0 2718.0 4495.0 2718.0 4495.0 2780.0 4449.0 2780.0 plane 0
4067.0 2747.0 4108.0 2747.0 4108.0 2805.0 4067.0 2805.0 plane 0
4500.0 2719.0 4545.0 2719.0 4545.0 2779.0 4500.0 2779.0 plane 0
4530.0 2579.0 4573.0 2579.0 4573.0 2638.0 4530.0 2638.0 plane 0
4481.0 2579.0 4522.0 2579.0 4522.0 2637.0 4481.0 2637.0 plane 0
4430.0 2576.0 4475.0 2576.0 4475.0 2640.0 4430.0 2640.0 plane 0
4377.0 2576.0 4421.0 2576.0 4421.0 2638.0 4377.0 2638.0 plane 0
4326.0 2574.0 4369.0 2574.0 4369.0 2636.0 4326.0 2636.0 plane 0
4276.0 2573.0 4317.0 2573.0 4317.0 2635.0 4276.0 2635.0 plane 0
4224.0 2571.0 4268.0 2571.0 4268.0 2632.0 4224.0 2632.0 plane 0
4016.0 2744.0 4058.0 2744.0 4058.0 2805.0 4016.0 2805.0 plane 0
4117.0 2747.0 4159.0 2747.0 4159.0 2807.0 4117.0 2807.0 plane 0
2294.0 170.0 2380.0 170.0 2380.0 263.0 2294.0 263.0 plane 0
1032.0 152.0 1069.0 152.0 1069.0 189.0 1032.0 189.0 plane 0
2194.0 170.0 2241.0 170.0 2241.0 233.0 2194.0 233.0 plane 0
2133.0 181.0 2184.0 181.0 2184.0 240.0 2133.0 240.0 plane 0
1667.0 161.0 1715.0 161.0 1715.0 245.0 1667.0 245.0 plane 0
1533.0 161.0 1651.0 161.0 1651.0 287.0 1533.0 287.0 plane 0
1397.0 155.0 1528.0 155.0 1528.0 280.0 1397.0 280.0 plane 0
1268.0 152.0 1397.0 152.0 1397.0 250.0 1268.0 250.0 plane 0
1168.0 152.0 1252.0 152.0 1252.0 247.0 1168.0 247.0 plane 0
1084.0 150.0 1166.0 150.0 1166.0 200.0 1084.0 200.0 plane 0
990.0 152.0 1016.0 152.0 1016.0 202.0 990.0 202.0 plane 0
4169.0 2747.0 4212.0 2747.0 4212.0 2807.0 4169.0 2807.0 plane 0
931.0 158.0 974.0 158.0 974.0 194.0 931.0 194.0 plane 0
847.0 161.0 893.0 161.0 893.0 207.0 847.0 207.0 plane 0
4525.0 2754.0 4571.0 2754.0 4571.0 2817.0 4525.0 2817.0 plane 0
4475.0 2752.0 4518.0 2752.0 4518.0 2814.0 4475.0 2814.0 plane 0
4424.0 2752.0 4467.0 2752.0 4467.0 2812.0 4424.0 2812.0 plane 0
4321.0 2751.0 4366.0 2751.0 4366.0 2810.0 4321.0 2810.0 plane 0
4270.0 2750.0 4312.0 2750.0 4312.0 2808.0 4270.0 2808.0 plane 0
4220.0 2747.0 4264.0 2747.0 4264.0 2809.0 4220.0 2809.0 plane 0
5507.0 391.0 5668.0 391.0 5668.0 518.0 5507.0 518.0 plane 0
5672.0 395.0 5846.0 395.0 5846.0 530.0 5672.0 530.0 plane 0
5759.0 301.0 5926.0 301.0 5926.0 438.0 5759.0 438.0 plane 0
191.0 2988.0 213.0 2988.0 213.0 3046.0 191.0 3046.0 helicopter 0
314.0 2990.0 328.0 2990.0 328.0 3047.0 314.0 3047.0 helicopter 0
296.0 2988.0 317.0 2988.0 317.0 3046.0 296.0 3046.0 helicopter 0
283.0 2988.0 305.0 2988.0 305.0 3047.0 283.0 3047.0 helicopter 0
269.0 2993.0 287.0 2993.0 287.0 3049.0 269.0 3049.0 helicopter 0
252.0 2994.0 268.0 2994.0 268.0 3050.0 252.0 3050.0 helicopter 0
234.0 2994.0 250.0 2994.0 250.0 3049.0 234.0 3049.0 helicopter 0
220.0 2992.0 237.0 2992.0 237.0 3047.0 220.0 3047.0 helicopter 0
209.0 2992.0 223.0 2992.0 223.0 3047.0 209.0 3047.0 helicopter 0
202.0 2727.0 224.0 2727.0 224.0 2784.0 202.0 2784.0 helicopter 0
345.0 2991.0 355.0 2991.0 355.0 3049.0 345.0 3049.0 helicopter 0
220.0 2733.0 237.0 2733.0 237.0 2785.0 220.0 2785.0 helicopter 0
254.0 2729.0 274.0 2729.0 274.0 2786.0 254.0 2786.0 helicopter 0
270.0 2730.0 291.0 2730.0 291.0 2787.0 270.0 2787.0 helicopter 0
287.0 2729.0 304.0 2729.0 304.0 2788.0 287.0 2788.0 helicopter 0
302.0 2727.0 325.0 2727.0 325.0 2788.0 302.0 2788.0 helicopter 0
320.0 2724.0 338.0 2724.0 338.0 2786.0 320.0 2786.0 helicopter 0
338.0 2733.0 356.0 2733.0 356.0 2788.0 338.0 2788.0 helicopter 0
353.0 2731.0 369.0 2731.0 369.0 2787.0 353.0 2787.0 helicopter 0
329.0 2991.0 341.0 2991.0 341.0 3046.0 329.0 3046.0 helicopter 0
360.0 2990.0 371.0 2990.0 371.0 3047.0 360.0 3047.0 helicopter 0
228.0 2608.0 242.0 2608.0 242.0 2661.0 228.0 2661.0 helicopter 0
209.0 3121.0 226.0 3121.0 226.0 3184.0 209.0 3184.0 helicopter 0
365.0 3121.0 382.0 3121.0 382.0 3186.0 365.0 3186.0 helicopter 0
351.0 3118.0 366.0 3118.0 366.0 3188.0 351.0 3188.0 helicopter 0
333.0 3119.0 349.0 3119.0 349.0 3189.0 333.0 3189.0 helicopter 0
318.0 3118.0 336.0 3118.0 336.0 3186.0 318.0 3186.0 helicopter 0
302.0 3120.0 318.0 3120.0 318.0 3185.0 302.0 3185.0 helicopter 0
290.0 3119.0 303.0 3119.0 303.0 3187.0 290.0 3187.0 helicopter 0
271.0 3119.0 286.0 3119.0 286.0 3185.0 271.0 3185.0 helicopter 0
236.0 3120.0 259.0 3120.0 259.0 3185.0 236.0 3185.0 helicopter 0
194.0 3119.0 211.0 3119.0 211.0 3184.0 194.0 3184.0 helicopter 0
373.0 2991.0 384.0 2991.0 384.0 3050.0 373.0 3050.0 helicopter 0
178.0 3116.0 195.0 3116.0 195.0 3184.0 178.0 3184.0 helicopter 0
525.0 2995.0 544.0 2995.0 544.0 3051.0 525.0 3051.0 helicopter 0
506.0 2996.0 525.0 2996.0 525.0 3052.0 506.0 3052.0 helicopter 0
492.0 2998.0 509.0 2998.0 509.0 3054.0 492.0 3054.0 helicopter 0
476.0 2998.0 494.0 2998.0 494.0 3055.0 476.0 3055.0 helicopter 0
460.0 2994.0 477.0 2994.0 477.0 3051.0 460.0 3051.0 helicopter 0
433.0 2991.0 448.0 2991.0 448.0 3051.0 433.0 3051.0 helicopter 0
388.0 2990.0 401.0 2990.0 401.0 3050.0 388.0 3050.0 helicopter 0
207.0 2605.0 231.0 2605.0 231.0 2661.0 207.0 2661.0 helicopter 0
246.0 2608.0 262.0 2608.0 262.0 2663.0 246.0 2663.0 helicopter 0
5593.0 297.0 5750.0 297.0 5750.0 421.0 5593.0 421.0 plane 0
918.0 934.0 1080.0 934.0 1080.0 1105.0 918.0 1105.0 plane 0
591.0 1864.0 752.0 1864.0 752.0 2031.0 591.0 2031.0 plane 0
499.0 1038.0 659.0 1038.0 659.0 1199.0 499.0 1199.0 plane 0
670.0 1042.0 826.0 1042.0 826.0 1206.0 670.0 1206.0 plane 0
832.0 1046.0 992.0 1046.0 992.0 1211.0 832.0 1211.0 plane 0
998.0 1051.0 1166.0 1051.0 1166.0 1217.0 998.0 1217.0 plane 0
1421.0 948.0 1583.0 948.0 1583.0 1110.0 1421.0 1110.0 plane 0
1251.0 943.0 1413.0 943.0 1413.0 1114.0 1251.0 1114.0 plane 0
1086.0 938.0 1254.0 938.0 1254.0 1108.0 1086.0 1108.0 plane 0
751.0 931.0 919.0 931.0 919.0 1098.0 751.0 1098.0 plane 0
926.0 1875.0 1083.0 1875.0 1083.0 2046.0 926.0 2046.0 plane 0
588.0 925.0 752.0 925.0 752.0 1098.0 588.0 1098.0 plane 0
418.0 919.0 583.0 919.0 583.0 1093.0 418.0 1093.0 plane 0
1477.0 585.0 1635.0 585.0 1635.0 748.0 1477.0 748.0 plane 0
1309.0 580.0 1468.0 580.0 1468.0 744.0 1309.0 744.0 plane 0
1140.0 577.0 1304.0 577.0 1304.0 739.0 1140.0 739.0 plane 0
975.0 571.0 1128.0 571.0 1128.0 734.0 975.0 734.0 plane 0
808.0 570.0 964.0 570.0 964.0 733.0 808.0 733.0 plane 0
638.0 561.0 800.0 561.0 800.0 729.0 638.0 729.0 plane 0
758.0 1867.0 918.0 1867.0 918.0 2035.0 758.0 2035.0 plane 0
1091.0 1880.0 1253.0 1880.0 1253.0 2049.0 1091.0 2049.0 plane 0
263.0 2607.0 282.0 2607.0 282.0 2664.0 263.0 2664.0 helicopter 0
300.0 2853.0 314.0 2853.0 314.0 2916.0 300.0 2916.0 helicopter 0
279.0 2609.0 303.0 2609.0 303.0 2667.0 279.0 2667.0 helicopter 0
195.0 2847.0 215.0 2847.0 215.0 2916.0 195.0 2916.0 helicopter 0
209.0 2848.0 228.0 2848.0 228.0 2915.0 209.0 2915.0 helicopter 0
226.0 2847.0 241.0 2847.0 241.0 2915.0 226.0 2915.0 helicopter 0
239.0 2848.0 257.0 2848.0 257.0 2916.0 239.0 2916.0 helicopter 0
254.0 2849.0 271.0 2849.0 271.0 2915.0 254.0 2915.0 helicopter 0
270.0 2850.0 284.0 2850.0 284.0 2916.0 270.0 2916.0 helicopter 0
283.0 2851.0 300.0 2851.0 300.0 2916.0 283.0 2916.0 helicopter 0
314.0 2851.0 330.0 2851.0 330.0 2917.0 314.0 2917.0 helicopter 0
1261.0 1884.0 1418.0 1884.0 1418.0 2055.0 1261.0 2055.0 plane 0
328.0 2854.0 344.0 2854.0 344.0 2918.0 328.0 2918.0 helicopter 0
342.0 2853.0 356.0 2853.0 356.0 2918.0 342.0 2918.0 helicopter 0
356.0 2855.0 372.0 2855.0 372.0 2918.0 356.0 2918.0 helicopter 0
370.0 2855.0 386.0 2855.0 386.0 2919.0 370.0 2919.0 helicopter 0
386.0 2853.0 406.0 2853.0 406.0 2918.0 386.0 2918.0 helicopter 0
1422.0 2931.0 1591.0 2931.0 1591.0 3102.0 1422.0 3102.0 plane 0
440.0 2324.0 607.0 2324.0 607.0 2498.0 440.0 2498.0 plane 0
1109.0 2345.0 1272.0 2345.0 1272.0 2511.0 1109.0 2511.0 plane 0
379.0 3123.0 398.0 3123.0 398.0 3188.0 379.0 3188.0 helicopter 0
396.0 3124.0 411.0 3124.0 411.0 3187.0 396.0 3187.0 helicopter 0
415.0 3128.0 429.0 3128.0 429.0 3186.0 415.0 3186.0 helicopter 0
2669.0 1291.0 2790.0 1291.0 2790.0 1437.0 2669.0 1437.0 plane 0
2562.0 1583.0 2685.0 1583.0 2685.0 1725.0 2562.0 1725.0 plane 0
2432.0 1582.0 2558.0 1582.0 2558.0 1724.0 2432.0 1724.0 plane 0
2300.0 1577.0 2434.0 1577.0 2434.0 1725.0 2300.0 1725.0 plane 0
2174.0 1579.0 2298.0 1579.0 2298.0 1717.0 2174.0 1717.0 plane 0
2318.0 1463.0 2362.0 1463.0 2362.0 1482.0 2318.0 1482.0 helicopter 0
2142.0 1281.0 2266.0 1281.0 2266.0 1424.0 2142.0 1424.0 plane 0
2271.0 1290.0 2395.0 1290.0 2395.0 1428.0 2271.0 1428.0 plane 0
2402.0 1289.0 2528.0 1289.0 2528.0 1432.0 2402.0 1432.0 plane 0
2937.0 1294.0 3061.0 1294.0 3061.0 1439.0 2937.0 1439.0 plane 0
2822.0 1583.0 2943.0 1583.0 2943.0 1730.0 2822.0 1730.0 plane 0
3069.0 1299.0 3195.0 1299.0 3195.0 1444.0 3069.0 1444.0 plane 0
3205.0 1300.0 3332.0 1300.0 3332.0 1448.0 3205.0 1448.0 plane 0
3142.0 1178.0 3266.0 1178.0 3266.0 1324.0 3142.0 1324.0 plane 0
3007.0 1176.0 3129.0 1176.0 3129.0 1321.0 3007.0 1321.0 plane 0
2871.0 1195.0 2997.0 1195.0 2997.0 1319.0 2871.0 1319.0 plane 0
2740.0 1174.0 2860.0 1174.0 2860.0 1315.0 2740.0 1315.0 plane 0
2607.0 1170.0 2739.0 1170.0 2739.0 1318.0 2607.0 1318.0 plane 0
2474.0 1165.0 2599.0 1165.0 2599.0 1314.0 2474.0 1314.0 plane 0
2694.0 1583.0 2813.0 1583.0 2813.0 1727.0 2694.0 1727.0 plane 0
2951.0 1585.0 3073.0 1585.0 3073.0 1733.0 2951.0 1733.0 plane 0
427.0 3131.0 443.0 3131.0 443.0 3188.0 427.0 3188.0 helicopter 0
2180.0 3041.0 2201.0 3041.0 2201.0 3077.0 2180.0 3077.0 helicopter 0
5419.0 288.0 5592.0 288.0 5592.0 422.0 5419.0 422.0 plane 0
5251.0 284.0 5424.0 284.0 5424.0 417.0 5251.0 417.0 plane 0
5081.0 272.0 5256.0 272.0 5256.0 412.0 5081.0 412.0 plane 0
4917.0 272.0 5078.0 272.0 5078.0 398.0 4917.0 398.0 plane 0
5288.0 3809.0 5357.0 3809.0 5357.0 3879.0 5288.0 3879.0 plane 0
5206.0 3794.0 5304.0 3794.0 5304.0 3885.0 5206.0 3885.0 plane 0
2198.0 2787.0 2257.0 2787.0 2257.0 2808.0 2198.0 2808.0 helicopter 0
2167.0 3035.0 2182.0 3035.0 2182.0 3072.0 2167.0 3072.0 helicopter 0
2226.0 3092.0 2268.0 3092.0 2268.0 3113.0 2226.0 3113.0 helicopter 0
3081.0 1600.0 3203.0 1600.0 3203.0 1733.0 3081.0 1733.0 plane 0
2224.0 3105.0 2267.0 3105.0 2267.0 3124.0 2224.0 3124.0 helicopter 0
2222.0 3118.0 2268.0 3118.0 2268.0 3137.0 2222.0 3137.0 helicopter 0
2221.0 3143.0 2265.0 3143.0 2265.0 3164.0 2221.0 3164.0 helicopter 0
2914.0 879.0 3037.0 879.0 3037.0 1024.0 2914.0 1024.0 plane 0
3043.0 883.0 3169.0 883.0 3169.0 1026.0 3043.0 1026.0 plane 0
3014.0 1687.0 3139.0 1687.0 3139.0 1835.0 3014.0 1835.0 plane 0
3144.0 1690.0 3265.0 1690.0 3265.0 1835.0 3144.0 1835.0 plane 0
3209.0 1589.0 3339.0 1589.0 3339.0 1736.0 3209.0 1736.0 plane 0
2341.0 1166.0 2460.0 1166.0 2460.0 1309.0 2341.0 1309.0 plane 0
2206.0 1164.0 2328.0 1164.0 2328.0 1310.0 2206.0 1310.0 plane 0
3313.0 2090.0 3434.0 2090.0 3434.0 2205.0 3313.0 2205.0 plane 0
582.0 3130.0 599.0 3130.0 599.0 3188.0 582.0 3188.0 helicopter 0
3055.0 430.0 3170.0 430.0 3170.0 577.0 3055.0 577.0 plane 0
2928.0 426.0 3040.0 426.0 3040.0 573.0 2928.0 573.0 plane 0
2803.0 425.0 2919.0 425.0 2919.0 570.0 2803.0 570.0 plane 0
2676.0 424.0 2791.0 424.0 2791.0 566.0 2676.0 566.0 plane 0
2551.0 422.0 2665.0 422.0 2665.0 566.0 2551.0 566.0 plane 0
2422.0 421.0 2540.0 421.0 2540.0 563.0 2422.0 563.0 plane 0
613.0 3131.0 631.0 3131.0 631.0 3187.0 613.0 3187.0 helicopter 0
598.0 3130.0 614.0 3130.0 614.0 3187.0 598.0 3187.0 helicopter 0
569.0 3130.0 584.0 3130.0 584.0 3187.0 569.0 3187.0 helicopter 0
3818.0 2421.0 3866.0 2421.0 3866.0 2438.0 3818.0 2438.0 helicopter 0
553.0 3130.0 567.0 3130.0 567.0 3187.0 553.0 3187.0 helicopter 0
538.0 3128.0 552.0 3128.0 552.0 3186.0 538.0 3186.0 helicopter 0
521.0 3127.0 535.0 3127.0 535.0 3186.0 521.0 3186.0 helicopter 0
505.0 3125.0 521.0 3125.0 521.0 3186.0 505.0 3186.0 helicopter 0
489.0 3126.0 507.0 3126.0 507.0 3186.0 489.0 3186.0 helicopter 0
473.0 3127.0 491.0 3127.0 491.0 3187.0 473.0 3187.0 helicopter 0
459.0 3127.0 475.0 3127.0 475.0 3188.0 459.0 3188.0 helicopter 0
443.0 3127.0 460.0 3127.0 460.0 3188.0 443.0 3188.0 helicopter 0
3179.0 432.0 3293.0 432.0 3293.0 579.0 3179.0 579.0 plane 0
3234.0 750.0 3369.0 750.0 3369.0 902.0 3234.0 902.0 plane 0
3106.0 749.0 3229.0 749.0 3229.0 895.0 3106.0 895.0 plane 0
2977.0 744.0 3096.0 744.0 3096.0 892.0 2977.0 892.0 plane 0
3817.0 2406.0 3867.0 2406.0 3867.0 2425.0 3817.0 2425.0 helicopter 0
3721.0 2387.0 3769.0 2387.0 3769.0 2406.0 3721.0 2406.0 helicopter 0
3722.0 2373.0 3769.0 2373.0 3769.0 2393.0 3722.0 2393.0 helicopter 0
3724.0 2305.0 3769.0 2305.0 3769.0 2327.0 3724.0 2327.0 helicopter 0
3356.0 2415.0 3423.0 2415.0 3423.0 2466.0 3356.0 2466.0 helicopter 0
2705.0 2291.0 2806.0 2291.0 2806.0 2372.0 2705.0 2372.0 plane 0
2583.0 2283.0 2697.0 2283.0 2697.0 2403.0 2583.0 2403.0 plane 0
2315.0 2194.0 2417.0 2194.0 2417.0 2304.0 2315.0 2304.0 plane 0
2370.0 2282.0 2471.0 2282.0 2471.0 2363.0 2370.0 2363.0 plane 0
2258.0 2283.0 2357.0 2283.0 2357.0 2361.0 2258.0 2361.0 plane 0
2146.0 2282.0 2247.0 2282.0 2247.0 2357.0 2146.0 2357.0 plane 0
2192.0 745.0 2327.0 745.0 2327.0 884.0 2192.0 884.0 plane 0
2319.0 740.0 2447.0 740.0 2447.0 880.0 2319.0 880.0 plane 0
2450.0 743.0 2577.0 743.0 2577.0 884.0 2450.0 884.0 plane 0
2587.0 745.0 2707.0 745.0 2707.0 883.0 2587.0 883.0 plane 0
2718.0 742.0 2838.0 742.0 2838.0 888.0 2718.0 888.0 plane 0
2844.0 742.0 2975.0 742.0 2975.0 895.0 2844.0 895.0 plane 0
6203.0 3477.0 6217.0 3477.0 6217.0 3502.0 6203.0 3502.0 small-vehicle 1
6261.0 3852.0 6273.0 3852.0 6273.0 3877.0 6261.0 3877.0 small-vehicle 1
3773.0 2547.0 3788.0 2547.0 3788.0 2625.0 3773.0 2625.0 large-vehicle 0
3516.0 2580.0 3549.0 2580.0 3549.0 2593.0 3516.0 2593.0 small-vehicle 0
3544.0 3749.0 3564.0 3749.0 3564.0 3759.0 3544.0 3759.0 small-vehicle 0
3829.0 2709.0 3843.0 2709.0 3843.0 2733.0 3829.0 2733.0 small-vehicle 0
3723.0 2733.0 3737.0 2733.0 3737.0 2758.0 3723.0 2758.0 small-vehicle 0
3700.0 2729.0 3715.0 2729.0 3715.0 2755.0 3700.0 2755.0 small-vehicle 0
3677.0 2729.0 3687.0 2729.0 3687.0 2754.0 3677.0 2754.0 small-vehicle 0
3644.0 2730.0 3676.0 2730.0 3676.0 2743.0 3644.0 2743.0 small-vehicle 0
3644.0 2717.0 3671.0 2717.0 3671.0 2732.0 3644.0 2732.0 small-vehicle 0
3652.0 2706.0 3674.0 2706.0 3674.0 2718.0 3652.0 2718.0 small-vehicle 0
3511.0 2569.0 3544.0 2569.0 3544.0 2582.0 3511.0 2582.0 small-vehicle 0
3268.0 3568.0 3281.0 3568.0 3281.0 3587.0 3268.0 3587.0 small-vehicle 0
2380.0 3438.0 2408.0 3438.0 2408.0 3457.0 2380.0 3457.0 small-vehicle 0
2342.0 3475.0 2354.0 3475.0 2354.0 3498.0 2342.0 3498.0 small-vehicle 0
2326.0 3473.0 2338.0 3473.0 2338.0 3498.0 2326.0 3498.0 small-vehicle 0
2314.0 3474.0 2328.0 3474.0 2328.0 3497.0 2314.0 3497.0 small-vehicle 0
2383.0 3449.0 2405.0 3449.0 2405.0 3470.0 2383.0 3470.0 small-vehicle 0
2237.0 3408.0 2260.0 3408.0 2260.0 3420.0 2237.0 3420.0 small-vehicle 0
2240.0 3340.0 2261.0 3340.0 2261.0 3361.0 2240.0 3361.0 small-vehicle 0
2250.0 3345.0 2274.0 3345.0 2274.0 3367.0 2250.0 3367.0 small-vehicle 0
3284.0 3565.0 3297.0 3565.0 3297.0 3587.0 3284.0 3587.0 small-vehicle 0
3241.0 3564.0 3254.0 3564.0 3254.0 3587.0 3241.0 3587.0 small-vehicle 0
2280.0 3344.0 2299.0 3344.0 2299.0 3367.0 2280.0 3367.0 small-vehicle 0
3249.0 3771.0 3272.0 3771.0 3272.0 3784.0 3249.0 3784.0 small-vehicle 0
3200.0 3747.0 3221.0 3747.0 3221.0 3760.0 3200.0 3760.0 small-vehicle 0
3175.0 3747.0 3198.0 3747.0 3198.0 3759.0 3175.0 3759.0 small-vehicle 0
3173.0 3760.0 3195.0 3760.0 3195.0 3770.0 3173.0 3770.0 small-vehicle 0
3197.0 3761.0 3223.0 3761.0 3223.0 3771.0 3197.0 3771.0 small-vehicle 0
3197.0 3771.0 3218.0 3771.0 3218.0 3783.0 3197.0 3783.0 small-vehicle 0
3174.0 3772.0 3195.0 3772.0 3195.0 3781.0 3174.0 3781.0 small-vehicle 0
3173.0 3783.0 3193.0 3783.0 3193.0 3795.0 3173.0 3795.0 small-vehicle 0
3194.0 3784.0 3216.0 3784.0 3216.0 3794.0 3194.0 3794.0 small-vehicle 0
3248.0 3762.0 3272.0 3762.0 3272.0 3773.0 3248.0 3773.0 small-vehicle 0
3402.0 2369.0 3428.0 2369.0 3428.0 2392.0 3402.0 2392.0 small-vehicle 0
3268.0 3748.0 3294.0 3748.0 3294.0 3762.0 3268.0 3762.0 small-vehicle 0
3273.0 3760.0 3292.0 3760.0 3292.0 3773.0 3273.0 3773.0 small-vehicle 0
3273.0 3773.0 3297.0 3773.0 3297.0 3785.0 3273.0 3785.0 small-vehicle 0
3250.0 3786.0 3270.0 3786.0 3270.0 3798.0 3250.0 3798.0 small-vehicle 0
3333.0 2253.0 3346.0 2253.0 3346.0 2281.0 3333.0 2281.0 small-vehicle 0
3306.0 2254.0 3322.0 2254.0 3322.0 2281.0 3306.0 2281.0 small-vehicle 0
3273.0 2418.0 3286.0 2418.0 3286.0 2445.0 3273.0 2445.0 small-vehicle 0
3354.0 2366.0 3379.0 2366.0 3379.0 2387.0 3354.0 2387.0 small-vehicle 0
2267.0 3346.0 2286.0 3346.0 2286.0 3367.0 2267.0 3367.0 small-vehicle 0
2293.0 3347.0 2314.0 3347.0 2314.0 3369.0 2293.0 3369.0 small-vehicle 0
3166.0 3734.0 3195.0 3734.0 3195.0 3746.0 3166.0 3746.0 small-vehicle 0
3773.0 3121.0 3791.0 3121.0 3791.0 3131.0 3773.0 3131.0 small-vehicle 1
3796.0 3155.0 3816.0 3155.0 3816.0 3167.0 3796.0 3167.0 small-vehicle 1
3795.0 3140.0 3816.0 3140.0 3816.0 3155.0 3795.0 3155.0 small-vehicle 1
3710.0 3256.0 3730.0 3256.0 3730.0 3267.0 3710.0 3267.0 small-vehicle 1
3714.0 3172.0 3739.0 3172.0 3739.0 3184.0 3714.0 3184.0 small-vehicle 1
3714.0 3161.0 3736.0 3161.0 3736.0 3173.0 3714.0 3173.0 small-vehicle 1
3714.0 3148.0 3744.0 3148.0 3744.0 3158.0 3714.0 3158.0 small-vehicle 1
3710.0 3138.0 3742.0 3138.0 3742.0 3150.0 3710.0 3150.0 small-vehicle 1
3714.0 3125.0 3739.0 3125.0 3739.0 3137.0 3714.0 3137.0 small-vehicle 1
3795.0 3118.0 3820.0 3118.0 3820.0 3133.0 3795.0 3133.0 small-vehicle 1
3794.0 3177.0 3813.0 3177.0 3813.0 3188.0 3794.0 3188.0 small-vehicle 1
3774.0 3129.0 3794.0 3129.0 3794.0 3140.0 3774.0 3140.0 small-vehicle 1
3772.0 3142.0 3795.0 3142.0 3795.0 3156.0 3772.0 3156.0 small-vehicle 1
3772.0 3153.0 3794.0 3153.0 3794.0 3164.0 3772.0 3164.0 small-vehicle 1
3769.0 3167.0 3794.0 3167.0 3794.0 3176.0 3769.0 3176.0 small-vehicle 1
3768.0 3176.0 3791.0 3176.0 3791.0 3186.0 3768.0 3186.0 small-vehicle 1
3768.0 3186.0 3791.0 3186.0 3791.0 3198.0 3768.0 3198.0 small-vehicle 1
3791.0 3189.0 3812.0 3189.0 3812.0 3199.0 3791.0 3199.0 small-vehicle 1
3794.0 3202.0 3813.0 3202.0 3813.0 3215.0 3794.0 3215.0 small-vehicle 1
3797.0 3166.0 3816.0 3166.0 3816.0 3178.0 3797.0 3178.0 small-vehicle 1
3711.0 3220.0 3735.0 3220.0 3735.0 3232.0 3711.0 3232.0 small-vehicle 1
2231.0 3453.0 2257.0 3453.0 2257.0 3467.0 2231.0 3467.0 small-vehicle 0
3478.0 3816.0 3498.0 3816.0 3498.0 3829.0 3478.0 3829.0 small-vehicle 1
2303.0 3475.0 2314.0 3475.0 2314.0 3498.0 2303.0 3498.0 small-vehicle 0
2277.0 3472.0 2290.0 3472.0 2290.0 3497.0 2277.0 3497.0 small-vehicle 0
2267.0 3478.0 2278.0 3478.0 2278.0 3504.0 2267.0 3504.0 small-vehicle 0
2251.0 3476.0 2265.0 3476.0 2265.0 3499.0 2251.0 3499.0 small-vehicle 0
2246.0 3535.0 2274.0 3535.0 2274.0 3549.0 2246.0 3549.0 small-vehicle 0
2203.0 3533.0 2230.0 3533.0 2230.0 3545.0 2203.0 3545.0 small-vehicle 0
2168.0 3575.0 2195.0 3575.0 2195.0 3589.0 2168.0 3589.0 small-vehicle 0
3495.0 3728.0 3517.0 3728.0 3517.0 3742.0 3495.0 3742.0 small-vehicle 1
3433.0 3749.0 3447.0 3749.0 3447.0 3778.0 3433.0 3778.0 small-vehicle 1
3710.0 3209.0 3732.0 3209.0 3732.0 3219.0 3710.0 3219.0 small-vehicle 1
3663.0 3844.0 3684.0 3844.0 3684.0 3863.0 3663.0 3863.0 small-vehicle 1
3662.0 3828.0 3687.0 3828.0 3687.0 3849.0 3662.0 3849.0 small-vehicle 1
3509.0 3298.0 3531.0 3298.0 3531.0 3306.0 3509.0 3306.0 small-vehicle 1
3520.0 3257.0 3545.0 3257.0 3545.0 3268.0 3520.0 3268.0 small-vehicle 1
3525.0 3243.0 3550.0 3243.0 3550.0 3253.0 3525.0 3253.0 small-vehicle 1
3531.0 3213.0 3553.0 3213.0 3553.0 3223.0 3531.0 3223.0 small-vehicle 1
3716.0 3184.0 3742.0 3184.0 3742.0 3198.0 3716.0 3198.0 small-vehicle 1
3715.0 3198.0 3734.0 3198.0 3734.0 3209.0 3715.0 3209.0 small-vehicle 1
3199.0 3736.0 3221.0 3736.0 3221.0 3746.0 3199.0 3746.0 small-vehicle 0
3196.0 3725.0 3225.0 3725.0 3225.0 3737.0 3196.0 3737.0 small-vehicle 0
6263.0 3885.0 6274.0 3885.0 6274.0 3907.0 6263.0 3907.0 small-vehicle 1
2888.0 3421.0 2898.0 3421.0 2898.0 3448.0 2888.0 3448.0 small-vehicle 0
2434.0 3431.0 2455.0 3431.0 2455.0 3451.0 2434.0 3451.0 small-vehicle 0
2435.0 3446.0 2458.0 3446.0 2458.0 3466.0 2435.0 3466.0 small-vehicle 0
2453.0 3439.0 2479.0 3439.0 2479.0 3465.0 2453.0 3465.0 small-vehicle 0
2454.0 3454.0 2477.0 3454.0 2477.0 3479.0 2454.0 3479.0 small-vehicle 0
2434.0 3471.0 2455.0 3471.0 2455.0 3492.0 2434.0 3492.0 small-vehicle 0
2452.0 3483.0 2473.0 3483.0 2473.0 3502.0 2452.0 3502.0 small-vehicle 0
2782.0 3399.0 2809.0 3399.0 2809.0 3420.0 2782.0 3420.0 small-vehicle 0
2748.0 3497.0 2761.0 3497.0 2761.0 3522.0 2748.0 3522.0 small-vehicle 0
2867.0 3427.0 2878.0 3427.0 2878.0 3449.0 2867.0 3449.0 small-vehicle 0
2457.0 3415.0 2477.0 3415.0 2477.0 3436.0 2457.0 3436.0 small-vehicle 0
2791.0 3421.0 2805.0 3421.0 2805.0 3448.0 2791.0 3448.0 small-vehicle 0
2790.0 3478.0 2804.0 3478.0 2804.0 3506.0 2790.0 3506.0 small-vehicle 0
2812.0 3483.0 2823.0 3483.0 2823.0 3506.0 2812.0 3506.0 small-vehicle 0
2827.0 3486.0 2841.0 3486.0 2841.0 3507.0 2827.0 3507.0 small-vehicle 0
2840.0 3482.0 2855.0 3482.0 2855.0 3509.0 2840.0 3509.0 small-vehicle 0
2864.0 3482.0 2876.0 3482.0 2876.0 3505.0 2864.0 3505.0 small-vehicle 0
2928.0 3509.0 2939.0 3509.0 2939.0 3534.0 2928.0 3534.0 small-vehicle 0
2940.0 3488.0 2953.0 3488.0 2953.0 3510.0 2940.0 3510.0 small-vehicle 0
2434.0 3415.0 2456.0 3415.0 2456.0 3436.0 2434.0 3436.0 small-vehicle 0
2386.0 3422.0 2407.0 3422.0 2407.0 3442.0 2386.0 3442.0 small-vehicle 0
2993.0 3496.0 3015.0 3496.0 3015.0 3507.0 2993.0 3507.0 small-vehicle 0
2402.0 3296.0 2426.0 3296.0 2426.0 3321.0 2402.0 3321.0 small-vehicle 0
3507.0 2498.0 3588.0 2498.0 3588.0 2511.0 3507.0 2511.0 large-vehicle 0
3447.0 3186.0 3459.0 3186.0 3459.0 3204.0 3447.0 3204.0 small-vehicle 1
3206.0 2590.0 3216.0 2590.0 3216.0 2615.0 3206.0 2615.0 small-vehicle 0
2485.0 3296.0 2505.0 3296.0 2505.0 3322.0 2485.0 3322.0 small-vehicle 0
2470.0 3296.0 2492.0 3296.0 2492.0 3321.0 2470.0 3321.0 small-vehicle 0
2454.0 3295.0 2476.0 3295.0 2476.0 3319.0 2454.0 3319.0 small-vehicle 0
2427.0 3292.0 2448.0 3292.0 2448.0 3319.0 2427.0 3319.0 small-vehicle 0
2419.0 3297.0 2440.0 3297.0 2440.0 3320.0 2419.0 3320.0 small-vehicle 0
2370.0 3293.0 2397.0 3293.0 2397.0 3321.0 2370.0 3321.0 small-vehicle 0
2385.0 3396.0 2408.0 3396.0 2408.0 3416.0 2385.0 3416.0 small-vehicle 0
2377.0 3310.0 2400.0 3310.0 2400.0 3328.0 2377.0 3328.0 small-vehicle 0
2383.0 3320.0 2405.0 3320.0 2405.0 3340.0 2383.0 3340.0 small-vehicle 0
2505.0 3365.0 2533.0 3365.0 2533.0 3385.0 2505.0 3385.0 small-vehicle 0
2457.0 3346.0 2485.0 3346.0 2485.0 3371.0 2457.0 3371.0 small-vehicle 0
2437.0 3349.0 2464.0 3349.0 2464.0 3371.0 2437.0 3371.0 small-vehicle 0
2435.0 3361.0 2464.0 3361.0 2464.0 3384.0 2435.0 3384.0 small-vehicle 0
2434.0 3371.0 2458.0 3371.0 2458.0 3397.0 2434.0 3397.0 small-vehicle 0
2433.0 3386.0 2460.0 3386.0 2460.0 3411.0 2433.0 3411.0 small-vehicle 0
2942.0 3512.0 2955.0 3512.0 2955.0 3533.0 2942.0 3533.0 small-vehicle 0
2990.0 3536.0 3015.0 3536.0 3015.0 3551.0 2990.0 3551.0 small-vehicle 0
3192.0 3709.0 3219.0 3709.0 3219.0 3722.0 3192.0 3722.0 small-vehicle 0
3093.0 3771.0 3115.0 3771.0 3115.0 3784.0 3093.0 3784.0 small-vehicle 0
3035.0 3780.0 3056.0 3780.0 3056.0 3791.0 3035.0 3791.0 small-vehicle 0
3068.0 3707.0 3083.0 3707.0 3083.0 3733.0 3068.0 3733.0 small-vehicle 0
3082.0 3708.0 3095.0 3708.0 3095.0 3733.0 3082.0 3733.0 small-vehicle 0
3104.0 3709.0 3120.0 3709.0 3120.0 3731.0 3104.0 3731.0 small-vehicle 0
3119.0 3710.0 3129.0 3710.0 3129.0 3733.0 3119.0 3733.0 small-vehicle 0
3129.0 3710.0 3141.0 3710.0 3141.0 3733.0 3129.0 3733.0 small-vehicle 0
3141.0 3711.0 3154.0 3711.0 3154.0 3736.0 3141.0 3736.0 small-vehicle 0
3033.0 3806.0 3058.0 3806.0 3058.0 3825.0 3033.0 3825.0 small-vehicle 0
3095.0 3784.0 3115.0 3784.0 3115.0 3792.0 3095.0 3792.0 small-vehicle 0
3364.0 2913.0 3374.0 2913.0 3374.0 2942.0 3364.0 2942.0 small-vehicle 0
3090.0 3792.0 3112.0 3792.0 3112.0 3804.0 3090.0 3804.0 small-vehicle 0
3090.0 3809.0 3112.0 3809.0 3112.0 3818.0 3090.0 3818.0 small-vehicle 0
3095.0 3831.0 3122.0 3831.0 3122.0 3842.0 3095.0 3842.0 small-vehicle 0
3092.0 3817.0 3112.0 3817.0 3112.0 3829.0 3092.0 3829.0 small-vehicle 0
3113.0 3804.0 3137.0 3804.0 3137.0 3818.0 3113.0 3818.0 small-vehicle 0
3119.0 3797.0 3139.0 3797.0 3139.0 3804.0 3119.0 3804.0 small-vehicle 0
3119.0 3783.0 3141.0 3783.0 3141.0 3795.0 3119.0 3795.0 small-vehicle 0
3117.0 3773.0 3138.0 3773.0 3138.0 3783.0 3117.0 3783.0 small-vehicle 0
3038.0 3753.0 3063.0 3753.0 3063.0 3765.0 3038.0 3765.0 small-vehicle 0
3333.0 2911.0 3343.0 2911.0 3343.0 2936.0 3333.0 2936.0 small-vehicle 0
2988.0 3569.0 3014.0 3569.0 3014.0 3583.0 2988.0 3583.0 small-vehicle 0
3398.0 2837.0 3410.0 2837.0 3410.0 2865.0 3398.0 2865.0 small-vehicle 0
3260.0 1752.0 3281.0 1752.0 3281.0 1766.0 3260.0 1766.0 small-vehicle 0
3155.0 1725.0 3181.0 1725.0 3181.0 1745.0 3155.0 1745.0 small-vehicle 0
3208.0 2784.0 3220.0 2784.0 3220.0 2808.0 3208.0 2808.0 small-vehicle 0
3272.0 2781.0 3285.0 2781.0 3285.0 2809.0 3272.0 2809.0 small-vehicle 0
3293.0 2784.0 3303.0 2784.0 3303.0 2808.0 3293.0 2808.0 small-vehicle 0
3346.0 2788.0 3359.0 2788.0 3359.0 2811.0 3346.0 2811.0 small-vehicle 0
3358.0 2785.0 3367.0 2785.0 3367.0 2807.0 3358.0 2807.0 small-vehicle 0
3379.0 2786.0 3392.0 2786.0 3392.0 2814.0 3379.0 2814.0 small-vehicle 0
3344.0 2861.0 3355.0 2861.0 3355.0 2883.0 3344.0 2883.0 small-vehicle 0
3314.0 2914.0 3326.0 2914.0 3326.0 2938.0 3314.0 2938.0 small-vehicle 0
3334.0 2861.0 3344.0 2861.0 3344.0 2881.0 3334.0 2881.0 small-vehicle 0
3322.0 2857.0 3333.0 2857.0 3333.0 2883.0 3322.0 2883.0 small-vehicle 0
3309.0 2859.0 3319.0 2859.0 3319.0 2882.0 3309.0 2882.0 small-vehicle 0
3282.0 2857.0 3294.0 2857.0 3294.0 2878.0 3282.0 2878.0 small-vehicle 0
3228.0 2911.0 3240.0 2911.0 3240.0 2943.0 3228.0 2943.0 small-vehicle 0
3247.0 2910.0 3257.0 2910.0 3257.0 2939.0 3247.0 2939.0 small-vehicle 0
3269.0 2913.0 3280.0 2913.0 3280.0 2944.0 3269.0 2944.0 small-vehicle 0
3291.0 2913.0 3302.0 2913.0 3302.0 2937.0 3291.0 2937.0 small-vehicle 0
3773.0 3199.0 3791.0 3199.0 3791.0 3209.0 3773.0 3209.0 small-vehicle 1
3774.0 3212.0 3792.0 3212.0 3792.0 3224.0 3774.0 3224.0 small-vehicle 1
3794.0 3215.0 3814.0 3215.0 3814.0 3227.0 3794.0 3227.0 small-vehicle 1
4412.0 3509.0 4433.0 3509.0 4433.0 3531.0 4412.0 3531.0 small-vehicle 0
4521.0 3137.0 4545.0 3137.0 4545.0 3162.0 4521.0 3162.0 small-vehicle 0
4507.0 3137.0 4528.0 3137.0 4528.0 3160.0 4507.0 3160.0 small-vehicle 0
4516.0 3188.0 4532.0 3188.0 4532.0 3212.0 4516.0 3212.0 small-vehicle 0
4424.0 3187.0 4446.0 3187.0 4446.0 3211.0 4424.0 3211.0 small-vehicle 0
4507.0 3325.0 4525.0 3325.0 4525.0 3349.0 4507.0 3349.0 small-vehicle 0
4429.0 3324.0 4452.0 3324.0 4452.0 3346.0 4429.0 3346.0 small-vehicle 0
4367.0 3324.0 4391.0 3324.0 4391.0 3346.0 4367.0 3346.0 small-vehicle 0
4343.0 3321.0 4362.0 3321.0 4362.0 3343.0 4343.0 3343.0 small-vehicle 0
4390.0 3511.0 4409.0 3511.0 4409.0 3534.0 4390.0 3534.0 large-vehicle 0
4411.0 3135.0 4441.0 3135.0 4441.0 3161.0 4411.0 3161.0 small-vehicle 0
4376.0 3508.0 4398.0 3508.0 4398.0 3533.0 4376.0 3533.0 small-vehicle 0
4364.0 3510.0 4380.0 3510.0 4380.0 3526.0 4364.0 3526.0 small-vehicle 1
4815.0 3144.0 4829.0 3144.0 4829.0 3161.0 4815.0 3161.0 small-vehicle 0
4838.0 3143.0 4853.0 3143.0 4853.0 3165.0 4838.0 3165.0 small-vehicle 0
4865.0 3140.0 4876.0 3140.0 4876.0 3165.0 4865.0 3165.0 small-vehicle 0
4896.0 3146.0 4910.0 3146.0 4910.0 3169.0 4896.0 3169.0 small-vehicle 0
4860.0 3202.0 4878.0 3202.0 4878.0 3235.0 4860.0 3235.0 small-vehicle 0
4841.0 3201.0 4855.0 3201.0 4855.0 3238.0 4841.0 3238.0 small-vehicle 0
4428.0 3137.0 4448.0 3137.0 4448.0 3157.0 4428.0 3157.0 small-vehicle 0
4386.0 3135.0 4408.0 3135.0 4408.0 3157.0 4386.0 3157.0 small-vehicle 0
4712.0 3239.0 4741.0 3239.0 4741.0 3251.0 4712.0 3251.0 small-vehicle 0
4788.0 2964.0 4799.0 2964.0 4799.0 2986.0 4788.0 2986.0 small-vehicle 0
3806.0 2064.0 3818.0 2064.0 3818.0 2086.0 3806.0 2086.0 large-vehicle 0
3750.0 2068.0 3765.0 2068.0 3765.0 2089.0 3750.0 2089.0 large-vehicle 0
3739.0 2070.0 3750.0 2070.0 3750.0 2093.0 3739.0 2093.0 large-vehicle 0
3719.0 2068.0 3733.0 2068.0 3733.0 2096.0 3719.0 2096.0 large-vehicle 0
3634.0 1966.0 3654.0 1966.0 3654.0 1979.0 3634.0 1979.0 large-vehicle 0
5154.0 3153.0 5171.0 3153.0 5171.0 3171.0 5154.0 3171.0 small-vehicle 0
4845.0 3016.0 4867.0 3016.0 4867.0 3029.0 4845.0 3029.0 large-vehicle 0
4844.0 2989.0 4867.0 2989.0 4867.0 3002.0 4844.0 3002.0 small-vehicle 0
4776.0 2963.0 4787.0 2963.0 4787.0 2990.0 4776.0 2990.0 small-vehicle 0
4547.0 3108.0 4567.0 3108.0 4567.0 3119.0 4547.0 3119.0 small-vehicle 0
4765.0 2963.0 4777.0 2963.0 4777.0 2988.0 4765.0 2988.0 small-vehicle 0
4750.0 2963.0 4765.0 2963.0 4765.0 2989.0 4750.0 2989.0 small-vehicle 0
4437.0 3035.0 4448.0 3035.0 4448.0 3056.0 4437.0 3056.0 small-vehicle 0
4456.0 3023.0 4470.0 3023.0 4470.0 3049.0 4456.0 3049.0 small-vehicle 0
4550.0 3048.0 4576.0 3048.0 4576.0 3060.0 4550.0 3060.0 small-vehicle 0
4548.0 3075.0 4571.0 3075.0 4571.0 3086.0 4548.0 3086.0 small-vehicle 0
4547.0 3088.0 4571.0 3088.0 4571.0 3098.0 4547.0 3098.0 small-vehicle 0
4548.0 3096.0 4568.0 3096.0 4568.0 3107.0 4548.0 3107.0 small-vehicle 0
4792.0 3198.0 4805.0 3198.0 4805.0 3236.0 4792.0 3236.0 small-vehicle 0
4714.0 3253.0 4740.0 3253.0 4740.0 3260.0 4714.0 3260.0 small-vehicle 0
3771.0 3224.0 3792.0 3224.0 3792.0 3235.0 3771.0 3235.0 small-vehicle 1
5060.0 3203.0 5073.0 3203.0 5073.0 3224.0 5060.0 3224.0 small-vehicle 0
4749.0 3607.0 4763.0 3607.0 4763.0 3629.0 4749.0 3629.0 small-vehicle 0
4777.0 3606.0 4790.0 3606.0 4790.0 3633.0 4777.0 3633.0 small-vehicle 0
4787.0 3611.0 4800.0 3611.0 4800.0 3635.0 4787.0 3635.0 small-vehicle 0
4799.0 3612.0 4812.0 3612.0 4812.0 3634.0 4799.0 3634.0 small-vehicle 0
4812.0 3611.0 4825.0 3611.0 4825.0 3636.0 4812.0 3636.0 small-vehicle 0
4825.0 3613.0 4834.0 3613.0 4834.0 3634.0 4825.0 3634.0 small-vehicle 0
4837.0 3616.0 4847.0 3616.0 4847.0 3636.0 4837.0 3636.0 small-vehicle 0
4846.0 3612.0 4859.0 3612.0 4859.0 3637.0 4846.0 3637.0 small-vehicle 0
4906.0 3691.0 4925.0 3691.0 4925.0 3717.0 4906.0 3717.0 small-vehicle 0
4783.0 3552.0 4795.0 3552.0 4795.0 3578.0 4783.0 3578.0 small-vehicle 0
5052.0 3061.0 5090.0 3061.0 5090.0 3077.0 5052.0 3077.0 small-vehicle 0
4960.0 3039.0 4992.0 3039.0 4992.0 3050.0 4960.0 3050.0 small-vehicle 1
4986.0 3145.0 4998.0 3145.0 4998.0 3165.0 4986.0 3165.0 small-vehicle 1
5002.0 3522.0 5014.0 3522.0 5014.0 3544.0 5002.0 3544.0 small-vehicle 1
5014.0 3518.0 5027.0 3518.0 5027.0 3544.0 5014.0 3544.0 small-vehicle 1
5043.0 3522.0 5057.0 3522.0 5057.0 3546.0 5043.0 3546.0 small-vehicle 1
5062.0 3522.0 5079.0 3522.0 5079.0 3549.0 5062.0 3549.0 small-vehicle 1
6247.0 3896.0 6258.0 3896.0 6258.0 3921.0 6247.0 3921.0 small-vehicle 1
4709.0 3559.0 4729.0 3559.0 4729.0 3572.0 4709.0 3572.0 small-vehicle 0
4863.0 3596.0 4885.0 3596.0 4885.0 3611.0 4863.0 3611.0 small-vehicle 0
4723.0 3263.0 4739.0 3263.0 4739.0 3275.0 4723.0 3275.0 small-vehicle 1
4809.0 3487.0 4826.0 3487.0 4826.0 3500.0 4809.0 3500.0 small-vehicle 0
4713.0 3275.0 4737.0 3275.0 4737.0 3286.0 4713.0 3286.0 small-vehicle 0
4710.0 3300.0 4738.0 3300.0 4738.0 3310.0 4710.0 3310.0 small-vehicle 0
4710.0 3317.0 4738.0 3317.0 4738.0 3332.0 4710.0 3332.0 small-vehicle 0
4707.0 3546.0 4732.0 3546.0 4732.0 3560.0 4707.0 3560.0 small-vehicle 0
4762.0 3481.0 4791.0 3481.0 4791.0 3495.0 4762.0 3495.0 small-vehicle 0
4768.0 3509.0 4788.0 3509.0 4788.0 3524.0 4768.0 3524.0 small-vehicle 0
4765.0 3534.0 4788.0 3534.0 4788.0 3543.0 4765.0 3543.0 small-vehicle 0
4764.0 3545.0 4787.0 3545.0 4787.0 3554.0 4764.0 3554.0 small-vehicle 0
4808.0 3531.0 4826.0 3531.0 4826.0 3546.0 4808.0 3546.0 small-vehicle 0
4863.0 3586.0 4887.0 3586.0 4887.0 3598.0 4863.0 3598.0 small-vehicle 0
4806.0 3543.0 4824.0 3543.0 4824.0 3556.0 4806.0 3556.0 small-vehicle 0
4861.0 3461.0 4884.0 3461.0 4884.0 3473.0 4861.0 3473.0 small-vehicle 0
4861.0 3480.0 4889.0 3480.0 4889.0 3494.0 4861.0 3494.0 small-vehicle 0
4858.0 3493.0 4885.0 3493.0 4885.0 3503.0 4858.0 3503.0 small-vehicle 0
4861.0 3515.0 4886.0 3515.0 4886.0 3530.0 4861.0 3530.0 small-vehicle 0
4860.0 3542.0 4885.0 3542.0 4885.0 3553.0 4860.0 3553.0 small-vehicle 0
4860.0 3565.0 4881.0 3565.0 4881.0 3577.0 4860.0 3577.0 small-vehicle 0
4860.0 3573.0 4885.0 3573.0 4885.0 3586.0 4860.0 3586.0 small-vehicle 0
3820.0 2064.0 3832.0 2064.0 3832.0 2089.0 3820.0 2089.0 large-vehicle 0
3839.0 2067.0 3852.0 2067.0 3852.0 2090.0 3839.0 2090.0 large-vehicle 0
3860.0 2070.0 3872.0 2070.0 3872.0 2093.0 3860.0 2093.0 large-vehicle 0
3905.0 3183.0 3932.0 3183.0 3932.0 3198.0 3905.0 3198.0 small-vehicle 1
3973.0 2972.0 3985.0 2972.0 3985.0 2994.0 3973.0 2994.0 small-vehicle 1
3912.0 3103.0 3936.0 3103.0 3936.0 3115.0 3912.0 3115.0 small-vehicle 1
3909.0 3115.0 3938.0 3115.0 3938.0 3129.0 3909.0 3129.0 small-vehicle 1
3908.0 3126.0 3930.0 3126.0 3930.0 3140.0 3908.0 3140.0 small-vehicle 1
3905.0 3139.0 3929.0 3139.0 3929.0 3151.0 3905.0 3151.0 small-vehicle 1
3907.0 3151.0 3929.0 3151.0 3929.0 3161.0 3907.0 3161.0 small-vehicle 1
3911.0 3160.0 3932.0 3160.0 3932.0 3170.0 3911.0 3170.0 small-vehicle 1
3908.0 3172.0 3932.0 3172.0 3932.0 3184.0 3908.0 3184.0 small-vehicle 1
3906.0 3196.0 3929.0 3196.0 3929.0 3209.0 3906.0 3209.0 small-vehicle 1
3936.0 2968.0 3950.0 2968.0 3950.0 2995.0 3936.0 2995.0 small-vehicle 1
3906.0 3210.0 3932.0 3210.0 3932.0 3222.0 3906.0 3222.0 small-vehicle 1
3961.0 3214.0 3983.0 3214.0 3983.0 3224.0 3961.0 3224.0 small-vehicle 1
3960.0 3200.0 3986.0 3200.0 3986.0 3209.0 3960.0 3209.0 small-vehicle 1
3963.0 3189.0 3988.0 3189.0 3988.0 3199.0 3963.0 3199.0 small-vehicle 1
3963.0 3177.0 3989.0 3177.0 3989.0 3188.0 3963.0 3188.0 small-vehicle 1
3962.0 3162.0 3987.0 3162.0 3987.0 3176.0 3962.0 3176.0 small-vehicle 1
3963.0 3154.0 3988.0 3154.0 3988.0 3164.0 3963.0 3164.0 small-vehicle 1
3962.0 3142.0 3986.0 3142.0 3986.0 3155.0 3962.0 3155.0 small-vehicle 1
3950.0 2970.0 3961.0 2970.0 3961.0 2991.0 3950.0 2991.0 small-vehicle 1
3926.0 2970.0 3938.0 2970.0 3938.0 2994.0 3926.0 2994.0 small-vehicle 1
3615.0 2075.0 3634.0 2075.0 3634.0 2085.0 3615.0 2085.0 large-vehicle 0
3716.0 3114.0 3739.0 3114.0 3739.0 3126.0 3716.0 3126.0 small-vehicle 1
3773.0 3235.0 3794.0 3235.0 3794.0 3246.0 3773.0 3246.0 small-vehicle 1
3768.0 3246.0 3789.0 3246.0 3789.0 3258.0 3768.0 3258.0 small-vehicle 1
3768.0 3258.0 3790.0 3258.0 3790.0 3271.0 3768.0 3271.0 small-vehicle 1
3792.0 3235.0 3816.0 3235.0 3816.0 3246.0 3792.0 3246.0 small-vehicle 1
3788.0 3247.0 3814.0 3247.0 3814.0 3260.0 3788.0 3260.0 small-vehicle 1
3789.0 3261.0 3814.0 3261.0 3814.0 3270.0 3789.0 3270.0 small-vehicle 1
3712.0 3289.0 3736.0 3289.0 3736.0 3300.0 3712.0 3300.0 small-vehicle 1
3773.0 3310.0 3798.0 3310.0 3798.0 3322.0 3773.0 3322.0 small-vehicle 1
3717.0 3099.0 3739.0 3099.0 3739.0 3114.0 3717.0 3114.0 small-vehicle 1
3914.0 2967.0 3927.0 2967.0 3927.0 2991.0 3914.0 2991.0 small-vehicle 1
3741.0 3046.0 3753.0 3046.0 3753.0 3064.0 3741.0 3064.0 small-vehicle 1
3765.0 3043.0 3779.0 3043.0 3779.0 3065.0 3765.0 3065.0 small-vehicle 1
3777.0 3046.0 3789.0 3046.0 3789.0 3065.0 3777.0 3065.0 small-vehicle 1
3790.0 3045.0 3802.0 3045.0 3802.0 3064.0 3790.0 3064.0 small-vehicle 1
3800.0 3044.0 3813.0 3044.0 3813.0 3064.0 3800.0 3064.0 small-vehicle 1
3814.0 3044.0 3826.0 3044.0 3826.0 3066.0 3814.0 3066.0 small-vehicle 1
3826.0 3044.0 3837.0 3044.0 3837.0 3067.0 3826.0 3067.0 small-vehicle 1
3838.0 3045.0 3851.0 3045.0 3851.0 3071.0 3838.0 3071.0 small-vehicle 1
3968.0 3126.0 3990.0 3126.0 3990.0 3144.0 3968.0 3144.0 small-vehicle 1
3961.0 3115.0 3990.0 3115.0 3990.0 3130.0 3961.0 3130.0 small-vehicle 1
3962.0 3100.0 3990.0 3100.0 3990.0 3122.0 3962.0 3122.0 small-vehicle 1
6227.0 2513.0 6236.0 2513.0 6236.0 2538.0 6227.0 2538.0 small-vehicle 1
4096.0 3240.0 4122.0 3240.0 4122.0 3252.0 4096.0 3252.0 small-vehicle 1
4095.0 3285.0 4117.0 3285.0 4117.0 3297.0 4095.0 3297.0 small-vehicle 1
4096.0 3298.0 4115.0 3298.0 4115.0 3310.0 4096.0 3310.0 small-vehicle 1
4110.0 3330.0 4132.0 3330.0 4132.0 3344.0 4110.0 3344.0 small-vehicle 1
4091.0 3343.0 4114.0 3343.0 4114.0 3353.0 4091.0 3353.0 small-vehicle 1
4088.0 3354.0 4108.0 3354.0 4108.0 3366.0 4088.0 3366.0 small-vehicle 1
4082.0 3602.0 4104.0 3602.0 4104.0 3615.0 4082.0 3615.0 small-vehicle 1
6223.0 3207.0 6236.0 3207.0 6236.0 3236.0 6223.0 3236.0 small-vehicle 1
6229.0 2361.0 6240.0 2361.0 6240.0 2380.0 6229.0 2380.0 small-vehicle 1
3989.0 3122.0 4010.0 3122.0 4010.0 3132.0 3989.0 3132.0 small-vehicle 1
6315.0 289.0 6325.0 289.0 6325.0 311.0 6315.0 311.0 small-vehicle 1
6330.0 362.0 6342.0 362.0 6342.0 384.0 6330.0 384.0 small-vehicle 1
3345.0 2255.0 3359.0 2255.0 3359.0 2282.0 3345.0 2282.0 small-vehicle 0
3355.0 2280.0 3379.0 2280.0 3379.0 2291.0 3355.0 2291.0 small-vehicle 0
3353.0 2312.0 3385.0 2312.0 3385.0 2334.0 3353.0 2334.0 small-vehicle 0
3707.0 2233.0 3723.0 2233.0 3723.0 2255.0 3707.0 2255.0 small-vehicle 0
3580.0 2169.0 3596.0 2169.0 3596.0 2197.0 3580.0 2197.0 small-vehicle 0
3598.0 2075.0 3615.0 2075.0 3615.0 2086.0 3598.0 2086.0 large-vehicle 0
4175.0 3145.0 4200.0 3145.0 4200.0 3161.0 4175.0 3161.0 small-vehicle 1
4178.0 3115.0 4199.0 3115.0 4199.0 3128.0 4178.0 3128.0 small-vehicle 1
4037.0 3213.0 4060.0 3213.0 4060.0 3230.0 4037.0 3230.0 small-vehicle 1
4039.0 3156.0 4061.0 3156.0 4061.0 3169.0 4039.0 3169.0 small-vehicle 1
3986.0 3133.0 4008.0 3133.0 4008.0 3143.0 3986.0 3143.0 small-vehicle 1
3990.0 3166.0 4009.0 3166.0 4009.0 3177.0 3990.0 3177.0 small-vehicle 1
3985.0 3213.0 4011.0 3213.0 4011.0 3226.0 3985.0 3226.0 small-vehicle 1
3897.0 3363.0 3924.0 3363.0 3924.0 3377.0 3897.0 3377.0 small-vehicle 1
3540.0 3781.0 3568.0 3781.0 3568.0 3795.0 3540.0 3795.0 small-vehicle 1
3577.0 3833.0 3598.0 3833.0 3598.0 3855.0 3577.0 3855.0 small-vehicle 1
3592.0 3834.0 3611.0 3834.0 3611.0 3859.0 3592.0 3859.0 small-vehicle 1
3605.0 3834.0 3627.0 3834.0 3627.0 3857.0 3605.0 3857.0 small-vehicle 1
3666.0 3743.0 3688.0 3743.0 3688.0 3762.0 3666.0 3762.0 small-vehicle 1
3667.0 3757.0 3692.0 3757.0 3692.0 3777.0 3667.0 3777.0 small-vehicle 1
3666.0 3773.0 3689.0 3773.0 3689.0 3791.0 3666.0 3791.0 small-vehicle 1
3664.0 3788.0 3687.0 3788.0 3687.0 3809.0 3664.0 3809.0 small-vehicle 1
3664.0 3803.0 3689.0 3803.0 3689.0 3824.0 3664.0 3824.0 small-vehicle 1
3939.0 3026.0 3950.0 3026.0 3950.0 3050.0 3939.0 3050.0 small-vehicle 1
3953.0 3026.0 3965.0 3026.0 3965.0 3050.0 3953.0 3050.0 small-vehicle 1
3989.0 3032.0 3999.0 3032.0 3999.0 3055.0 3989.0 3055.0 small-vehicle 1
4037.0 3107.0 4059.0 3107.0 4059.0 3120.0 4037.0 3120.0 small-vehicle 1
472.0 559.0 633.0 559.0 633.0 727.0 472.0 727.0 plane 0
