imagesource:GoogleEarth
gsd:0.28050031785
2537.0 2765.0 2555.0 2765.0 2555.0 2781.0 2537.0 2781.0 small-vehicle 1
107.0 2747.0 126.0 2747.0 126.0 2758.0 107.0 2758.0 small-vehicle 1
225.0 2817.0 245.0 2817.0 245.0 2827.0 225.0 2827.0 small-vehicle 1
218.0 2827.0 238.0 2827.0 238.0 2837.0 218.0 2837.0 small-vehicle 1
87.0 2768.0 99.0 2768.0 99.0 2785.0 87.0 2785.0 small-vehicle 1
103.0 2757.0 114.0 2757.0 114.0 2774.0 103.0 2774.0 small-vehicle 1
120.0 2764.0 133.0 2764.0 133.0 2782.0 120.0 2782.0 small-vehicle 1
132.0 2776.0 146.0 2776.0 146.0 2792.0 132.0 2792.0 small-vehicle 1
96.0 2749.0 107.0 2749.0 107.0 2767.0 96.0 2767.0 small-vehicle 1
358.0 2821.0 367.0 2821.0 367.0 2840.0 358.0 2840.0 small-vehicle 1
88.0 2749.0 100.0 2749.0 100.0 2764.0 88.0 2764.0 small-vehicle 1
108.0 2784.0 121.0 2784.0 121.0 2797.0 108.0 2797.0 small-vehicle 1
118.0 2787.0 130.0 2787.0 130.0 2803.0 118.0 2803.0 small-vehicle 1
123.0 2792.0 135.0 2792.0 135.0 2808.0 123.0 2808.0 small-vehicle 1
131.0 2794.0 146.0 2794.0 146.0 2813.0 131.0 2813.0 small-vehicle 1
140.0 2803.0 152.0 2803.0 152.0 2815.0 140.0 2815.0 small-vehicle 1
230.0 2805.0 249.0 2805.0 249.0 2817.0 230.0 2817.0 small-vehicle 1
368.0 2829.0 376.0 2829.0 376.0 2846.0 368.0 2846.0 small-vehicle 1
211.0 2839.0 228.0 2839.0 228.0 2849.0 211.0 2849.0 small-vehicle 1
471.0 2894.0 481.0 2894.0 481.0 2911.0 471.0 2911.0 small-vehicle 1
119.0 2868.0 140.0 2868.0 140.0 2892.0 119.0 2892.0 small-vehicle 1
499.0 2908.0 509.0 2908.0 509.0 2924.0 499.0 2924.0 small-vehicle 1
442.0 2872.0 451.0 2872.0 451.0 2891.0 442.0 2891.0 small-vehicle 1
432.0 2869.0 441.0 2869.0 441.0 2885.0 432.0 2885.0 small-vehicle 1
443.0 2891.0 457.0 2891.0 457.0 2910.0 443.0 2910.0 small-vehicle 1
451.0 2878.0 459.0 2878.0 459.0 2890.0 451.0 2890.0 small-vehicle 1
407.0 2851.0 422.0 2851.0 422.0 2867.0 407.0 2867.0 small-vehicle 1
374.0 2834.0 384.0 2834.0 384.0 2850.0 374.0 2850.0 small-vehicle 1
393.0 2860.0 407.0 2860.0 407.0 2876.0 393.0 2876.0 small-vehicle 1
399.0 2846.0 412.0 2846.0 412.0 2860.0 399.0 2860.0 small-vehicle 1
296.0 2779.0 308.0 2779.0 308.0 2792.0 296.0 2792.0 small-vehicle 1
319.0 2808.0 331.0 2808.0 331.0 2826.0 319.0 2826.0 small-vehicle 1
331.0 2811.0 343.0 2811.0 343.0 2827.0 331.0 2827.0 small-vehicle 1
349.0 2815.0 360.0 2815.0 360.0 2833.0 349.0 2833.0 small-vehicle 1
144.0 2802.0 159.0 2802.0 159.0 2822.0 144.0 2822.0 small-vehicle 1
205.0 2849.0 220.0 2849.0 220.0 2859.0 205.0 2859.0 small-vehicle 1
30.0 3080.0 49.0 3080.0 49.0 3095.0 30.0 3095.0 small-vehicle 1
174.0 2746.0 187.0 2746.0 187.0 2763.0 174.0 2763.0 small-vehicle 1
128.0 2720.0 141.0 2720.0 141.0 2739.0 128.0 2739.0 small-vehicle 1
135.0 2726.0 149.0 2726.0 149.0 2743.0 135.0 2743.0 small-vehicle 1
142.0 2728.0 158.0 2728.0 158.0 2747.0 142.0 2747.0 small-vehicle 1
152.0 2734.0 162.0 2734.0 162.0 2751.0 152.0 2751.0 small-vehicle 1
158.0 2738.0 170.0 2738.0 170.0 2756.0 158.0 2756.0 small-vehicle 1
166.0 2741.0 181.0 2741.0 181.0 2762.0 166.0 2762.0 small-vehicle 1
184.0 2751.0 194.0 2751.0 194.0 2765.0 184.0 2765.0 small-vehicle 1
113.0 2713.0 128.0 2713.0 128.0 2730.0 113.0 2730.0 small-vehicle 1
188.0 2758.0 201.0 2758.0 201.0 2773.0 188.0 2773.0 small-vehicle 1
200.0 2765.0 215.0 2765.0 215.0 2778.0 200.0 2778.0 small-vehicle 1
97.0 2668.0 106.0 2668.0 106.0 2685.0 97.0 2685.0 small-vehicle 1
140.0 2695.0 151.0 2695.0 151.0 2712.0 140.0 2712.0 small-vehicle 1
151.0 2697.0 159.0 2697.0 159.0 2715.0 151.0 2715.0 small-vehicle 1
212.0 2731.0 220.0 2731.0 220.0 2752.0 212.0 2752.0 small-vehicle 1
122.0 2713.0 134.0 2713.0 134.0 2732.0 122.0 2732.0 small-vehicle 1
103.0 2704.0 120.0 2704.0 120.0 2727.0 103.0 2727.0 small-vehicle 1
199.0 2862.0 214.0 2862.0 214.0 2869.0 199.0 2869.0 small-vehicle 1
167.0 2815.0 185.0 2815.0 185.0 2829.0 167.0 2829.0 small-vehicle 1
162.0 2923.0 179.0 2923.0 179.0 2933.0 162.0 2933.0 small-vehicle 1
168.0 2912.0 187.0 2912.0 187.0 2926.0 168.0 2926.0 small-vehicle 1
174.0 2902.0 193.0 2902.0 193.0 2916.0 174.0 2916.0 small-vehicle 1
193.0 2873.0 210.0 2873.0 210.0 2881.0 193.0 2881.0 small-vehicle 1
183.0 2792.0 200.0 2792.0 200.0 2806.0 183.0 2806.0 small-vehicle 1
171.0 2807.0 191.0 2807.0 191.0 2822.0 171.0 2822.0 small-vehicle 1
34.0 2759.0 52.0 2759.0 52.0 2774.0 34.0 2774.0 small-vehicle 1
103.0 2865.0 118.0 2865.0 118.0 2881.0 103.0 2881.0 small-vehicle 1
62.0 2805.0 81.0 2805.0 81.0 2818.0 62.0 2818.0 small-vehicle 1
83.0 2832.0 102.0 2832.0 102.0 2849.0 83.0 2849.0 small-vehicle 1
88.0 2843.0 106.0 2843.0 106.0 2859.0 88.0 2859.0 small-vehicle 1
96.0 2860.0 111.0 2860.0 111.0 2876.0 96.0 2876.0 small-vehicle 1
121.0 2851.0 136.0 2851.0 136.0 2868.0 121.0 2868.0 small-vehicle 1
111.0 2868.0 127.0 2868.0 127.0 2886.0 111.0 2886.0 small-vehicle 1
558.0 2883.0 579.0 2883.0 579.0 2896.0 558.0 2896.0 small-vehicle 1
547.0 2876.0 564.0 2876.0 564.0 2890.0 547.0 2890.0 small-vehicle 1
532.0 2864.0 548.0 2864.0 548.0 2874.0 532.0 2874.0 small-vehicle 1
315.0 2622.0 340.0 2622.0 340.0 2641.0 315.0 2641.0 large-vehicle 1
642.0 2836.0 665.0 2836.0 665.0 2864.0 642.0 2864.0 large-vehicle 1
636.0 2818.0 657.0 2818.0 657.0 2842.0 636.0 2842.0 large-vehicle 1
640.0 2799.0 659.0 2799.0 659.0 2821.0 640.0 2821.0 large-vehicle 1
609.0 2819.0 624.0 2819.0 624.0 2838.0 609.0 2838.0 large-vehicle 1
586.0 2797.0 604.0 2797.0 604.0 2817.0 586.0 2817.0 large-vehicle 1
523.0 2752.0 544.0 2752.0 544.0 2778.0 523.0 2778.0 large-vehicle 1
356.0 2638.0 372.0 2638.0 372.0 2659.0 356.0 2659.0 large-vehicle 1
670.0 2853.0 688.0 2853.0 688.0 2878.0 670.0 2878.0 large-vehicle 1
451.0 2713.0 476.0 2713.0 476.0 2748.0 451.0 2748.0 large-vehicle 1
508.0 2746.0 530.0 2746.0 530.0 2770.0 508.0 2770.0 large-vehicle 1
497.0 2742.0 518.0 2742.0 518.0 2764.0 497.0 2764.0 large-vehicle 1
432.0 2767.0 467.0 2767.0 467.0 2793.0 432.0 2793.0 large-vehicle 1
408.0 2749.0 434.0 2749.0 434.0 2770.0 408.0 2770.0 large-vehicle 1
325.0 2696.0 385.0 2696.0 385.0 2740.0 325.0 2740.0 large-vehicle 1
654.0 2841.0 674.0 2841.0 674.0 2864.0 654.0 2864.0 large-vehicle 1
58.0 2672.0 78.0 2672.0 78.0 2698.0 58.0 2698.0 large-vehicle 1
412.0 2792.0 432.0 2792.0 432.0 2804.0 412.0 2804.0 small-vehicle 1
637.0 2522.0 645.0 2522.0 645.0 2546.0 637.0 2546.0 large-vehicle 1
701.0 2560.0 714.0 2560.0 714.0 2583.0 701.0 2583.0 large-vehicle 1
690.0 2556.0 701.0 2556.0 701.0 2579.0 690.0 2579.0 large-vehicle 1
680.0 2549.0 691.0 2549.0 691.0 2574.0 680.0 2574.0 large-vehicle 1
670.0 2545.0 679.0 2545.0 679.0 2566.0 670.0 2566.0 large-vehicle 1
659.0 2535.0 671.0 2535.0 671.0 2560.0 659.0 2560.0 large-vehicle 1
647.0 2531.0 659.0 2531.0 659.0 2555.0 647.0 2555.0 large-vehicle 1
626.0 2515.0 637.0 2515.0 637.0 2537.0 626.0 2537.0 large-vehicle 1
69.0 2677.0 84.0 2677.0 84.0 2698.0 69.0 2698.0 large-vehicle 1
593.0 2497.0 607.0 2497.0 607.0 2523.0 593.0 2523.0 large-vehicle 1
686.0 2451.0 747.0 2451.0 747.0 2496.0 686.0 2496.0 large-vehicle 1
828.0 2976.0 854.0 2976.0 854.0 2996.0 828.0 2996.0 large-vehicle 1
735.0 2952.0 760.0 2952.0 760.0 2972.0 735.0 2972.0 large-vehicle 1
750.0 2900.0 773.0 2900.0 773.0 2926.0 750.0 2926.0 large-vehicle 1
75.0 2682.0 93.0 2682.0 93.0 2712.0 75.0 2712.0 large-vehicle 1
352.0 2767.0 397.0 2767.0 397.0 2796.0 352.0 2796.0 large-vehicle 1
167.0 2566.0 183.0 2566.0 183.0 2584.0 167.0 2584.0 small-vehicle 1
386.0 2817.0 398.0 2817.0 398.0 2834.0 386.0 2834.0 small-vehicle 1
574.0 2891.0 590.0 2891.0 590.0 2901.0 574.0 2901.0 small-vehicle 1
648.0 2934.0 666.0 2934.0 666.0 2947.0 648.0 2947.0 small-vehicle 1
636.0 2929.0 650.0 2929.0 650.0 2941.0 636.0 2941.0 small-vehicle 1
624.0 2923.0 642.0 2923.0 642.0 2935.0 624.0 2935.0 small-vehicle 1
617.0 2916.0 633.0 2916.0 633.0 2926.0 617.0 2926.0 small-vehicle 1
590.0 2903.0 610.0 2903.0 610.0 2915.0 590.0 2915.0 small-vehicle 1
584.0 2896.0 602.0 2896.0 602.0 2907.0 584.0 2907.0 small-vehicle 1
519.0 2858.0 536.0 2858.0 536.0 2870.0 519.0 2870.0 small-vehicle 1
395.0 2809.0 414.0 2809.0 414.0 2823.0 395.0 2823.0 small-vehicle 1
508.0 2850.0 524.0 2850.0 524.0 2862.0 508.0 2862.0 small-vehicle 1
498.0 2844.0 514.0 2844.0 514.0 2857.0 498.0 2857.0 small-vehicle 1
487.0 2837.0 503.0 2837.0 503.0 2849.0 487.0 2849.0 small-vehicle 1
477.0 2831.0 492.0 2831.0 492.0 2842.0 477.0 2842.0 small-vehicle 1
459.0 2818.0 474.0 2818.0 474.0 2830.0 459.0 2830.0 small-vehicle 1
444.0 2811.0 462.0 2811.0 462.0 2821.0 444.0 2821.0 small-vehicle 1
667.0 2948.0 683.0 2948.0 683.0 2958.0 667.0 2958.0 small-vehicle 1
675.0 2953.0 694.0 2953.0 694.0 2967.0 675.0 2967.0 small-vehicle 1
399.0 2784.0 420.0 2784.0 420.0 2797.0 399.0 2797.0 small-vehicle 1
390.0 2778.0 408.0 2778.0 408.0 2790.0 390.0 2790.0 small-vehicle 1
379.0 2772.0 395.0 2772.0 395.0 2783.0 379.0 2783.0 small-vehicle 1
368.0 2767.0 385.0 2767.0 385.0 2778.0 368.0 2778.0 small-vehicle 1
357.0 2756.0 375.0 2756.0 375.0 2770.0 357.0 2770.0 small-vehicle 1
345.0 2751.0 367.0 2751.0 367.0 2764.0 345.0 2764.0 small-vehicle 1
335.0 2744.0 353.0 2744.0 353.0 2759.0 335.0 2759.0 small-vehicle 1
324.0 2739.0 342.0 2739.0 342.0 2752.0 324.0 2752.0 small-vehicle 1
316.0 2732.0 333.0 2732.0 333.0 2746.0 316.0 2746.0 small-vehicle 1
273.0 2706.0 291.0 2706.0 291.0 2721.0 273.0 2721.0 small-vehicle 1
249.0 2693.0 270.0 2693.0 270.0 2707.0 249.0 2707.0 small-vehicle 1
174.0 2649.0 195.0 2649.0 195.0 2659.0 174.0 2659.0 small-vehicle 1
120.0 2617.0 140.0 2617.0 140.0 2628.0 120.0 2628.0 small-vehicle 1
65.0 2729.0 79.0 2729.0 79.0 2747.0 65.0 2747.0 small-vehicle 1
90.0 2733.0 109.0 2733.0 109.0 2750.0 90.0 2750.0 small-vehicle 1
166.0 2707.0 177.0 2707.0 177.0 2728.0 166.0 2728.0 small-vehicle 1
359.0 3193.0 377.0 3193.0 377.0 3208.0 359.0 3208.0 small-vehicle 1
723.0 2578.0 733.0 2578.0 733.0 2600.0 723.0 2600.0 large-vehicle 1
430.0 2230.0 449.0 2230.0 449.0 2248.0 430.0 2248.0 large-vehicle 1
122.0 3486.0 142.0 3486.0 142.0 3502.0 122.0 3502.0 small-vehicle 1
495.0 2537.0 519.0 2537.0 519.0 2554.0 495.0 2554.0 small-vehicle 1
610.0 2569.0 636.0 2569.0 636.0 2589.0 610.0 2589.0 large-vehicle 1
544.0 2532.0 571.0 2532.0 571.0 2556.0 544.0 2556.0 large-vehicle 1
482.0 2275.0 502.0 2275.0 502.0 2300.0 482.0 2300.0 large-vehicle 1
471.0 2266.0 492.0 2266.0 492.0 2292.0 471.0 2292.0 large-vehicle 1
346.0 2376.0 361.0 2376.0 361.0 2393.0 346.0 2393.0 small-vehicle 1
186.0 3532.0 201.0 3532.0 201.0 3547.0 186.0 3547.0 small-vehicle 1
338.0 2371.0 354.0 2371.0 354.0 2390.0 338.0 2390.0 small-vehicle 1
323.0 2103.0 341.0 2103.0 341.0 2122.0 323.0 2122.0 small-vehicle 1
23.0 1859.0 43.0 1859.0 43.0 1875.0 23.0 1875.0 small-vehicle 1
826.0 1639.0 841.0 1639.0 841.0 1656.0 826.0 1656.0 small-vehicle 1
922.0 1557.0 938.0 1557.0 938.0 1576.0 922.0 1576.0 small-vehicle 1
845.0 1599.0 863.0 1599.0 863.0 1614.0 845.0 1614.0 small-vehicle 1
177.0 3526.0 189.0 3526.0 189.0 3541.0 177.0 3541.0 small-vehicle 1
196.0 3518.0 209.0 3518.0 209.0 3533.0 196.0 3533.0 small-vehicle 1
662.0 1616.0 679.0 1616.0 679.0 1632.0 662.0 1632.0 small-vehicle 1
73.0 3440.0 85.0 3440.0 85.0 3456.0 73.0 3456.0 small-vehicle 1
80.0 3470.0 94.0 3470.0 94.0 3482.0 80.0 3482.0 small-vehicle 1
75.0 3477.0 89.0 3477.0 89.0 3492.0 75.0 3492.0 small-vehicle 1
144.0 3493.0 160.0 3493.0 160.0 3510.0 144.0 3510.0 small-vehicle 1
42.0 3415.0 59.0 3415.0 59.0 3435.0 42.0 3435.0 small-vehicle 1
56.0 3429.0 69.0 3429.0 69.0 3447.0 56.0 3447.0 small-vehicle 1
62.0 3435.0 77.0 3435.0 77.0 3455.0 62.0 3455.0 small-vehicle 1
215.0 3545.0 228.0 3545.0 228.0 3558.0 215.0 3558.0 small-vehicle 1
203.0 3520.0 218.0 3520.0 218.0 3537.0 203.0 3537.0 small-vehicle 1
197.0 3544.0 214.0 3544.0 214.0 3557.0 197.0 3557.0 small-vehicle 1
357.0 3352.0 370.0 3352.0 370.0 3369.0 357.0 3369.0 small-vehicle 1
333.0 3394.0 345.0 3394.0 345.0 3409.0 333.0 3409.0 small-vehicle 1
274.0 3493.0 286.0 3493.0 286.0 3509.0 274.0 3509.0 small-vehicle 1
223.0 3538.0 238.0 3538.0 238.0 3552.0 223.0 3552.0 small-vehicle 1
225.0 3530.0 242.0 3530.0 242.0 3543.0 225.0 3543.0 small-vehicle 1
852.0 1590.0 872.0 1590.0 872.0 1604.0 852.0 1604.0 small-vehicle 1
260.0 1393.0 276.0 1393.0 276.0 1412.0 260.0 1412.0 small-vehicle 1
245.0 3094.0 266.0 3094.0 266.0 3112.0 245.0 3112.0 small-vehicle 1
2028.0 1516.0 2218.0 1516.0 2218.0 1709.0 2028.0 1709.0 plane 0
2474.0 386.0 2838.0 386.0 2838.0 744.0 2474.0 744.0 plane 0
2373.0 794.0 2565.0 794.0 2565.0 988.0 2373.0 988.0 plane 0
2839.0 1904.0 3058.0 1904.0 3058.0 2135.0 2839.0 2135.0 plane 0
2626.0 1779.0 2824.0 1779.0 2824.0 1982.0 2626.0 1982.0 plane 0
2400.0 1660.0 2596.0 1660.0 2596.0 1848.0 2400.0 1848.0 plane 0
2215.0 1489.0 2406.0 1489.0 2406.0 1678.0 2215.0 1678.0 plane 0
1927.0 1323.0 2116.0 1323.0 2116.0 1512.0 1927.0 1512.0 plane 0
3308.0 2182.0 3484.0 2182.0 3484.0 2368.0 3308.0 2368.0 plane 0
1848.0 507.0 1994.0 507.0 1994.0 646.0 1848.0 646.0 plane 0
1648.0 1151.0 1836.0 1151.0 1836.0 1349.0 1648.0 1349.0 plane 0
1457.0 1172.0 1651.0 1172.0 1651.0 1373.0 1457.0 1373.0 plane 0
654.0 1199.0 984.0 1199.0 984.0 1508.0 654.0 1508.0 plane 0
977.0 742.0 1268.0 742.0 1268.0 1077.0 977.0 1077.0 plane 0
380.0 562.0 571.0 562.0 571.0 746.0 380.0 746.0 plane 0
3080.0 2045.0 3268.0 2045.0 3268.0 2236.0 3080.0 2236.0 plane 0
3177.0 2894.0 3550.0 2894.0 3550.0 3234.0 3177.0 3234.0 plane 0
15.0 1321.0 33.0 1321.0 33.0 1331.0 15.0 1331.0 small-vehicle 1
25.0 1184.0 42.0 1184.0 42.0 1193.0 25.0 1193.0 small-vehicle 1
17.0 1312.0 38.0 1312.0 38.0 1323.0 17.0 1323.0 small-vehicle 1
30.0 1249.0 48.0 1249.0 48.0 1261.0 30.0 1261.0 small-vehicle 1
32.0 1241.0 50.0 1241.0 50.0 1248.0 32.0 1248.0 small-vehicle 1
31.0 1221.0 48.0 1221.0 48.0 1230.0 31.0 1230.0 small-vehicle 1
28.0 1202.0 46.0 1202.0 46.0 1212.0 28.0 1212.0 small-vehicle 1
26.0 1193.0 42.0 1193.0 42.0 1203.0 26.0 1203.0 small-vehicle 1
21.0 1174.0 41.0 1174.0 41.0 1183.0 21.0 1183.0 small-vehicle 1
3506.0 2522.0 3716.0 2522.0 3716.0 2715.0 3506.0 2715.0 plane 0
322.0 628.0 344.0 628.0 344.0 646.0 322.0 646.0 small-vehicle 1
416.0 407.0 449.0 407.0 449.0 451.0 416.0 451.0 large-vehicle 1
255.0 681.0 285.0 681.0 285.0 717.0 255.0 717.0 large-vehicle 1
400.0 595.0 425.0 595.0 425.0 613.0 400.0 613.0 large-vehicle 1
667.0 37.0 705.0 37.0 705.0 59.0 667.0 59.0 large-vehicle 1
3493.0 2238.0 3771.0 2238.0 3771.0 2494.0 3493.0 2494.0 plane 0
85.0 3462.0 99.0 3462.0 99.0 3475.0 85.0 3475.0 small-vehicle 1
90.0 3456.0 104.0 3456.0 104.0 3464.0 90.0 3464.0 small-vehicle 1
69.0 3454.0 86.0 3454.0 86.0 3467.0 69.0 3467.0 small-vehicle 1
566.0 3253.0 587.0 3253.0 587.0 3269.0 566.0 3269.0 small-vehicle 1
510.0 3220.0 527.0 3220.0 527.0 3233.0 510.0 3233.0 small-vehicle 1
497.0 3225.0 516.0 3225.0 516.0 3239.0 497.0 3239.0 small-vehicle 1
544.0 3284.0 561.0 3284.0 561.0 3299.0 544.0 3299.0 small-vehicle 1
498.0 3256.0 516.0 3256.0 516.0 3268.0 498.0 3268.0 small-vehicle 1
513.0 3235.0 531.0 3235.0 531.0 3250.0 513.0 3250.0 small-vehicle 1
531.0 3244.0 553.0 3244.0 553.0 3261.0 531.0 3261.0 small-vehicle 1
560.0 3277.0 579.0 3277.0 579.0 3286.0 560.0 3286.0 small-vehicle 1
458.0 3203.0 481.0 3203.0 481.0 3217.0 458.0 3217.0 small-vehicle 1
575.0 3282.0 595.0 3282.0 595.0 3294.0 575.0 3294.0 small-vehicle 1
592.0 3288.0 611.0 3288.0 611.0 3303.0 592.0 3303.0 small-vehicle 1
600.0 3298.0 619.0 3298.0 619.0 3308.0 600.0 3308.0 small-vehicle 1
610.0 3303.0 631.0 3303.0 631.0 3315.0 610.0 3315.0 small-vehicle 1
619.0 3311.0 641.0 3311.0 641.0 3323.0 619.0 3323.0 small-vehicle 1
632.0 3316.0 652.0 3316.0 652.0 3328.0 632.0 3328.0 small-vehicle 1
480.0 3217.0 500.0 3217.0 500.0 3230.0 480.0 3230.0 small-vehicle 1
259.0 3267.0 278.0 3267.0 278.0 3283.0 259.0 3283.0 small-vehicle 1
95.0 3447.0 109.0 3447.0 109.0 3458.0 95.0 3458.0 small-vehicle 1
320.0 3119.0 342.0 3119.0 342.0 3135.0 320.0 3135.0 small-vehicle 1
261.0 3072.0 280.0 3072.0 280.0 3087.0 261.0 3087.0 small-vehicle 1
245.0 3078.0 264.0 3078.0 264.0 3091.0 245.0 3091.0 small-vehicle 1
132.0 2990.0 153.0 2990.0 153.0 3007.0 132.0 3007.0 small-vehicle 1
266.0 3089.0 283.0 3089.0 283.0 3101.0 266.0 3101.0 small-vehicle 1
284.0 3099.0 301.0 3099.0 301.0 3114.0 284.0 3114.0 small-vehicle 1
301.0 3108.0 324.0 3108.0 324.0 3126.0 301.0 3126.0 small-vehicle 1
163.0 3061.0 189.0 3061.0 189.0 3084.0 163.0 3084.0 large-vehicle 1
209.0 3239.0 231.0 3239.0 231.0 3253.0 209.0 3253.0 small-vehicle 1
127.0 3067.0 148.0 3067.0 148.0 3085.0 127.0 3085.0 small-vehicle 1
268.0 3135.0 290.0 3135.0 290.0 3154.0 268.0 3154.0 small-vehicle 1
148.0 3111.0 169.0 3111.0 169.0 3128.0 148.0 3128.0 small-vehicle 1
105.0 3134.0 131.0 3134.0 131.0 3151.0 105.0 3151.0 small-vehicle 1
309.0 3199.0 329.0 3199.0 329.0 3215.0 309.0 3215.0 small-vehicle 1
320.0 3224.0 338.0 3224.0 338.0 3239.0 320.0 3239.0 small-vehicle 1
642.0 3323.0 666.0 3323.0 666.0 3336.0 642.0 3336.0 small-vehicle 1
750.0 3386.0 765.0 3386.0 765.0 3400.0 750.0 3400.0 small-vehicle 1
737.0 3382.0 755.0 3382.0 755.0 3394.0 737.0 3394.0 small-vehicle 1
491.0 3392.0 511.0 3392.0 511.0 3409.0 491.0 3409.0 small-vehicle 1
185.0 3169.0 204.0 3169.0 204.0 3184.0 185.0 3184.0 small-vehicle 1
167.0 3212.0 188.0 3212.0 188.0 3226.0 167.0 3226.0 small-vehicle 1
611.0 3383.0 632.0 3383.0 632.0 3402.0 611.0 3402.0 small-vehicle 1
650.0 3435.0 672.0 3435.0 672.0 3451.0 650.0 3451.0 small-vehicle 1
572.0 3391.0 593.0 3391.0 593.0 3409.0 572.0 3409.0 small-vehicle 1
453.0 3326.0 471.0 3326.0 471.0 3342.0 453.0 3342.0 small-vehicle 1
530.0 3414.0 547.0 3414.0 547.0 3428.0 530.0 3428.0 small-vehicle 1
728.0 3374.0 745.0 3374.0 745.0 3385.0 728.0 3385.0 small-vehicle 1
548.0 3425.0 567.0 3425.0 567.0 3444.0 548.0 3444.0 small-vehicle 1
567.0 3439.0 588.0 3439.0 588.0 3455.0 567.0 3455.0 small-vehicle 1
586.0 3450.0 603.0 3450.0 603.0 3463.0 586.0 3463.0 small-vehicle 1
602.0 3458.0 623.0 3458.0 623.0 3475.0 602.0 3475.0 small-vehicle 1
622.0 3472.0 641.0 3472.0 641.0 3485.0 622.0 3485.0 small-vehicle 1
659.0 3493.0 678.0 3493.0 678.0 3509.0 659.0 3509.0 small-vehicle 1
404.0 3275.0 423.0 3275.0 423.0 3291.0 404.0 3291.0 small-vehicle 1
427.0 3272.0 445.0 3272.0 445.0 3287.0 427.0 3287.0 small-vehicle 1
483.0 3306.0 503.0 3306.0 503.0 3323.0 483.0 3323.0 small-vehicle 1
685.0 3433.0 704.0 3433.0 704.0 3451.0 685.0 3451.0 small-vehicle 1
621.0 3409.0 642.0 3409.0 642.0 3423.0 621.0 3423.0 small-vehicle 1
736.0 3434.0 760.0 3434.0 760.0 3451.0 736.0 3451.0 small-vehicle 1
649.0 3383.0 670.0 3383.0 670.0 3400.0 649.0 3400.0 small-vehicle 1
575.0 3336.0 592.0 3336.0 592.0 3351.0 575.0 3351.0 small-vehicle 1
513.0 3302.0 531.0 3302.0 531.0 3317.0 513.0 3317.0 small-vehicle 1
414.0 3234.0 437.0 3234.0 437.0 3252.0 414.0 3252.0 small-vehicle 1
679.0 3387.0 700.0 3387.0 700.0 3401.0 679.0 3401.0 small-vehicle 1
706.0 3388.0 725.0 3388.0 725.0 3405.0 706.0 3405.0 small-vehicle 1
656.0 3330.0 674.0 3330.0 674.0 3341.0 656.0 3341.0 small-vehicle 1
691.0 3348.0 707.0 3348.0 707.0 3361.0 691.0 3361.0 small-vehicle 1
712.0 3330.0 729.0 3330.0 729.0 3348.0 712.0 3348.0 small-vehicle 1
730.0 3287.0 744.0 3287.0 744.0 3304.0 730.0 3304.0 small-vehicle 1
720.0 3368.0 737.0 3368.0 737.0 3379.0 720.0 3379.0 small-vehicle 1
713.0 2566.0 723.0 2566.0 723.0 2590.0 713.0 2590.0 large-vehicle 1
732.0 2580.0 742.0 2580.0 742.0 2601.0 732.0 2601.0 large-vehicle 1
1053.0 1952.0 1064.0 1952.0 1064.0 1969.0 1053.0 1969.0 small-vehicle 1
1430.0 2876.0 1444.0 2876.0 1444.0 2894.0 1430.0 2894.0 small-vehicle 1
1578.0 2984.0 1601.0 2984.0 1601.0 2999.0 1578.0 2999.0 small-vehicle 1
1552.0 3189.0 1571.0 3189.0 1571.0 3201.0 1552.0 3201.0 small-vehicle 1
1540.0 2942.0 1554.0 2942.0 1554.0 2961.0 1540.0 2961.0 small-vehicle 1
1494.0 2911.0 1508.0 2911.0 1508.0 2931.0 1494.0 2931.0 small-vehicle 1
1448.0 2883.0 1461.0 2883.0 1461.0 2901.0 1448.0 2901.0 small-vehicle 1
1436.0 2881.0 1452.0 2881.0 1452.0 2898.0 1436.0 2898.0 small-vehicle 1
1407.0 2862.0 1423.0 2862.0 1423.0 2881.0 1407.0 2881.0 small-vehicle 1
1800.0 2278.0 1815.0 2278.0 1815.0 2294.0 1800.0 2294.0 small-vehicle 1
1545.0 2965.0 1571.0 2965.0 1571.0 2982.0 1545.0 2982.0 large-vehicle 1
1740.0 3039.0 1757.0 3039.0 1757.0 3062.0 1740.0 3062.0 large-vehicle 1
1764.0 3069.0 1785.0 3069.0 1785.0 3081.0 1764.0 3081.0 large-vehicle 1
1522.0 2921.0 1540.0 2921.0 1540.0 2949.0 1522.0 2949.0 large-vehicle 1
1532.0 2927.0 1552.0 2927.0 1552.0 2953.0 1532.0 2953.0 large-vehicle 1
1457.0 2885.0 1476.0 2885.0 1476.0 2910.0 1457.0 2910.0 large-vehicle 1
1792.0 2270.0 1808.0 2270.0 1808.0 2289.0 1792.0 2289.0 small-vehicle 1
1808.0 2281.0 1824.0 2281.0 1824.0 2299.0 1808.0 2299.0 small-vehicle 1
1476.0 2891.0 1500.0 2891.0 1500.0 2919.0 1476.0 2919.0 large-vehicle 1
1598.0 2234.0 1616.0 2234.0 1616.0 2249.0 1598.0 2249.0 small-vehicle 1
1336.0 2073.0 1355.0 2073.0 1355.0 2089.0 1336.0 2089.0 small-vehicle 1
1348.0 2009.0 1361.0 2009.0 1361.0 2024.0 1348.0 2024.0 small-vehicle 1
1355.0 2014.0 1368.0 2014.0 1368.0 2028.0 1355.0 2028.0 small-vehicle 1
1447.0 2170.0 1460.0 2170.0 1460.0 2187.0 1447.0 2187.0 small-vehicle 1
1467.0 2181.0 1481.0 2181.0 1481.0 2201.0 1467.0 2201.0 small-vehicle 1
1579.0 2222.0 1595.0 2222.0 1595.0 2235.0 1579.0 2235.0 small-vehicle 1
1871.0 2317.0 1886.0 2317.0 1886.0 2338.0 1871.0 2338.0 small-vehicle 1
1817.0 2285.0 1832.0 2285.0 1832.0 2306.0 1817.0 2306.0 small-vehicle 1
1864.0 2312.0 1877.0 2312.0 1877.0 2333.0 1864.0 2333.0 small-vehicle 1
1854.0 2309.0 1868.0 2309.0 1868.0 2326.0 1854.0 2326.0 small-vehicle 1
1847.0 2305.0 1862.0 2305.0 1862.0 2322.0 1847.0 2322.0 small-vehicle 1
1841.0 2298.0 1855.0 2298.0 1855.0 2315.0 1841.0 2315.0 small-vehicle 1
1832.0 2297.0 1844.0 2297.0 1844.0 2313.0 1832.0 2313.0 small-vehicle 1
1822.0 2293.0 1837.0 2293.0 1837.0 2309.0 1822.0 2309.0 small-vehicle 1
1468.0 2889.0 1488.0 2889.0 1488.0 2913.0 1468.0 2913.0 large-vehicle 1
1485.0 2901.0 1504.0 2901.0 1504.0 2925.0 1485.0 2925.0 large-vehicle 1
1244.0 2999.0 1267.0 2999.0 1267.0 3016.0 1244.0 3016.0 large-vehicle 1
965.0 2564.0 984.0 2564.0 984.0 2588.0 965.0 2588.0 large-vehicle 1
943.0 1772.0 988.0 1772.0 988.0 1789.0 943.0 1789.0 large-vehicle 1
923.0 1761.0 965.0 1761.0 965.0 1778.0 923.0 1778.0 large-vehicle 1
902.0 1748.0 942.0 1748.0 942.0 1763.0 902.0 1763.0 large-vehicle 1
895.0 1717.0 935.0 1717.0 935.0 1744.0 895.0 1744.0 large-vehicle 1
593.0 2591.0 615.0 2591.0 615.0 2608.0 593.0 2608.0 large-vehicle 1
885.0 2521.0 908.0 2521.0 908.0 2553.0 885.0 2553.0 large-vehicle 1
1111.0 2605.0 1136.0 2605.0 1136.0 2635.0 1111.0 2635.0 large-vehicle 1
987.0 1798.0 1030.0 1798.0 1030.0 1816.0 987.0 1816.0 large-vehicle 1
973.0 2574.0 999.0 2574.0 999.0 2606.0 973.0 2606.0 large-vehicle 1
823.0 2697.0 861.0 2697.0 861.0 2725.0 823.0 2725.0 large-vehicle 1
911.0 2751.0 944.0 2751.0 944.0 2779.0 911.0 2779.0 large-vehicle 1
1208.0 2908.0 1234.0 2908.0 1234.0 2923.0 1208.0 2923.0 large-vehicle 1
1074.0 2860.0 1135.0 2860.0 1135.0 2899.0 1074.0 2899.0 large-vehicle 1
1336.0 3009.0 1361.0 3009.0 1361.0 3031.0 1336.0 3031.0 large-vehicle 1
964.0 1788.0 1007.0 1788.0 1007.0 1801.0 964.0 1801.0 large-vehicle 1
1092.0 1863.0 1166.0 1863.0 1166.0 1913.0 1092.0 1913.0 large-vehicle 1
1505.0 2915.0 1520.0 2915.0 1520.0 2936.0 1505.0 2936.0 large-vehicle 1
1480.0 3341.0 1499.0 3341.0 1499.0 3364.0 1480.0 3364.0 large-vehicle 1
1560.0 3479.0 1584.0 3479.0 1584.0 3500.0 1560.0 3500.0 large-vehicle 1
1533.0 3371.0 1556.0 3371.0 1556.0 3400.0 1533.0 3400.0 large-vehicle 1
1217.0 3193.0 1237.0 3193.0 1237.0 3215.0 1217.0 3215.0 large-vehicle 1
1408.0 3318.0 1432.0 3318.0 1432.0 3336.0 1408.0 3336.0 large-vehicle 1
1460.0 3331.0 1478.0 3331.0 1478.0 3353.0 1460.0 3353.0 large-vehicle 1
1470.0 3335.0 1488.0 3335.0 1488.0 3360.0 1470.0 3360.0 large-vehicle 1
1507.0 3380.0 1531.0 3380.0 1531.0 3399.0 1507.0 3399.0 large-vehicle 1
750.0 1634.0 789.0 1634.0 789.0 1662.0 750.0 1662.0 large-vehicle 1
1497.0 3353.0 1519.0 3353.0 1519.0 3376.0 1497.0 3376.0 large-vehicle 1
1451.0 3325.0 1470.0 3325.0 1470.0 3349.0 1451.0 3349.0 large-vehicle 1
1440.0 3316.0 1456.0 3316.0 1456.0 3343.0 1440.0 3343.0 large-vehicle 1
1004.0 1461.0 1025.0 1461.0 1025.0 1477.0 1004.0 1477.0 small-vehicle 1
978.0 1381.0 999.0 1381.0 999.0 1407.0 978.0 1407.0 large-vehicle 1
1123.0 1298.0 1160.0 1298.0 1160.0 1324.0 1123.0 1324.0 large-vehicle 1
1725.0 1988.0 1740.0 1988.0 1740.0 2006.0 1725.0 2006.0 small-vehicle 1
1686.0 1966.0 1701.0 1966.0 1701.0 1985.0 1686.0 1985.0 small-vehicle 1
1714.0 1957.0 1726.0 1957.0 1726.0 1973.0 1714.0 1973.0 small-vehicle 1
2188.0 2487.0 2204.0 2487.0 2204.0 2506.0 2188.0 2506.0 small-vehicle 1
2443.0 2446.0 2457.0 2446.0 2457.0 2465.0 2443.0 2465.0 small-vehicle 1
2230.0 2516.0 2248.0 2516.0 2248.0 2536.0 2230.0 2536.0 small-vehicle 1
2222.0 2511.0 2239.0 2511.0 2239.0 2530.0 2222.0 2530.0 small-vehicle 1
2209.0 2502.0 2227.0 2502.0 2227.0 2523.0 2209.0 2523.0 small-vehicle 1
2201.0 2498.0 2218.0 2498.0 2218.0 2516.0 2201.0 2516.0 small-vehicle 1
2195.0 2494.0 2208.0 2494.0 2208.0 2512.0 2195.0 2512.0 small-vehicle 1
2180.0 2483.0 2195.0 2483.0 2195.0 2501.0 2180.0 2501.0 small-vehicle 1
2429.0 2600.0 2475.0 2600.0 2475.0 2645.0 2429.0 2645.0 large-vehicle 1
2172.0 2479.0 2186.0 2479.0 2186.0 2495.0 2172.0 2495.0 small-vehicle 1
2165.0 2473.0 2178.0 2473.0 2178.0 2490.0 2165.0 2490.0 small-vehicle 1
2157.0 2472.0 2169.0 2472.0 2169.0 2489.0 2157.0 2489.0 small-vehicle 1
2068.0 2515.0 2084.0 2515.0 2084.0 2530.0 2068.0 2530.0 small-vehicle 1
2062.0 2428.0 2077.0 2428.0 2077.0 2446.0 2062.0 2446.0 small-vehicle 1
2052.0 2427.0 2065.0 2427.0 2065.0 2445.0 2052.0 2445.0 small-vehicle 1
2427.0 2452.0 2436.0 2452.0 2436.0 2467.0 2427.0 2467.0 small-vehicle 1
2430.0 2688.0 2445.0 2688.0 2445.0 2718.0 2430.0 2718.0 large-vehicle 1
1672.0 1956.0 1686.0 1956.0 1686.0 1973.0 1672.0 1973.0 small-vehicle 1
3431.0 2667.0 3455.0 2667.0 3455.0 2698.0 3431.0 2698.0 large-vehicle 1
1065.0 1958.0 1076.0 1958.0 1076.0 1976.0 1065.0 1976.0 small-vehicle 1
1134.0 2001.0 1149.0 2001.0 1149.0 2021.0 1134.0 2021.0 small-vehicle 1
1089.0 1975.0 1099.0 1975.0 1099.0 1995.0 1089.0 1995.0 small-vehicle 1
431.0 1944.0 458.0 1944.0 458.0 1977.0 431.0 1977.0 large-vehicle 1
891.0 1670.0 916.0 1670.0 916.0 1711.0 891.0 1711.0 large-vehicle 1
3811.0 1549.0 3834.0 1549.0 3834.0 1566.0 3811.0 1566.0 small-vehicle 1
3221.0 2421.0 3269.0 2421.0 3269.0 2459.0 3221.0 2459.0 large-vehicle 1
2775.0 472.0 2791.0 472.0 2791.0 492.0 2775.0 492.0 small-vehicle 1
3090.0 2338.0 3115.0 2338.0 3115.0 2360.0 3090.0 2360.0 large-vehicle 1
2962.0 2252.0 3015.0 2252.0 3015.0 2294.0 2962.0 2294.0 large-vehicle 1
3044.0 2215.0 3061.0 2215.0 3061.0 2239.0 3044.0 2239.0 small-vehicle 1
2597.0 1969.0 2617.0 1969.0 2617.0 1994.0 2597.0 1994.0 small-vehicle 1
2814.0 2088.0 2832.0 2088.0 2832.0 2108.0 2814.0 2108.0 small-vehicle 1
2625.0 462.0 2643.0 462.0 2643.0 480.0 2625.0 480.0 small-vehicle 1
2044.0 2425.0 2058.0 2425.0 2058.0 2441.0 2044.0 2441.0 small-vehicle 1
2054.0 2410.0 2068.0 2410.0 2068.0 2427.0 2054.0 2427.0 small-vehicle 1
2168.0 1761.0 2200.0 1761.0 2200.0 1784.0 2168.0 1784.0 large-vehicle 1
1685.0 1882.0 1699.0 1882.0 1699.0 1901.0 1685.0 1901.0 small-vehicle 1
1494.0 1376.0 1512.0 1376.0 1512.0 1391.0 1494.0 1391.0 small-vehicle 1
1709.0 1482.0 1724.0 1482.0 1724.0 1501.0 1709.0 1501.0 small-vehicle 1
1698.0 1484.0 1713.0 1484.0 1713.0 1505.0 1698.0 1505.0 small-vehicle 1
1825.0 1580.0 1846.0 1580.0 1846.0 1593.0 1825.0 1593.0 small-vehicle 1
1532.0 1765.0 1559.0 1765.0 1559.0 1778.0 1532.0 1778.0 small-vehicle 1
1677.0 1877.0 1692.0 1877.0 1692.0 1898.0 1677.0 1898.0 small-vehicle 1
1737.0 1916.0 1752.0 1916.0 1752.0 1933.0 1737.0 1933.0 small-vehicle 1
1800.0 1558.0 1827.0 1558.0 1827.0 1575.0 1800.0 1575.0 large-vehicle 1
1706.0 1898.0 1722.0 1898.0 1722.0 1916.0 1706.0 1916.0 small-vehicle 1
1658.0 1923.0 1673.0 1923.0 1673.0 1943.0 1658.0 1943.0 small-vehicle 1
1639.0 1937.0 1656.0 1937.0 1656.0 1959.0 1639.0 1959.0 small-vehicle 1
1647.0 1941.0 1662.0 1941.0 1662.0 1963.0 1647.0 1963.0 small-vehicle 1
1655.0 1946.0 1672.0 1946.0 1672.0 1966.0 1655.0 1966.0 small-vehicle 1
1664.0 1951.0 1677.0 1951.0 1677.0 1971.0 1664.0 1971.0 small-vehicle 1
1556.0 1780.0 1597.0 1780.0 1597.0 1801.0 1556.0 1801.0 large-vehicle 1
1499.0 1744.0 1536.0 1744.0 1536.0 1763.0 1499.0 1763.0 large-vehicle 1
1480.0 1732.0 1525.0 1732.0 1525.0 1755.0 1480.0 1755.0 large-vehicle 1
1469.0 1725.0 1505.0 1725.0 1505.0 1746.0 1469.0 1746.0 large-vehicle 1
1449.0 1711.0 1496.0 1711.0 1496.0 1736.0 1449.0 1736.0 large-vehicle 1
1425.0 1700.0 1460.0 1700.0 1460.0 1717.0 1425.0 1717.0 large-vehicle 1
1406.0 1688.0 1450.0 1688.0 1450.0 1710.0 1406.0 1710.0 large-vehicle 1
1390.0 1678.0 1436.0 1678.0 1436.0 1703.0 1390.0 1703.0 large-vehicle 1
1374.0 1671.0 1419.0 1671.0 1419.0 1693.0 1374.0 1693.0 large-vehicle 1
1357.0 1663.0 1396.0 1663.0 1396.0 1680.0 1357.0 1680.0 large-vehicle 1
1343.0 1654.0 1382.0 1654.0 1382.0 1672.0 1343.0 1672.0 large-vehicle 1
1329.0 1645.0 1370.0 1645.0 1370.0 1665.0 1329.0 1665.0 large-vehicle 1
1311.0 1633.0 1358.0 1633.0 1358.0 1657.0 1311.0 1657.0 large-vehicle 1
1884.0 1592.0 1916.0 1592.0 1916.0 1616.0 1884.0 1616.0 large-vehicle 1
1602.0 1425.0 1632.0 1425.0 1632.0 1448.0 1602.0 1448.0 large-vehicle 1
2122.0 1732.0 2137.0 1732.0 2137.0 1752.0 2122.0 1752.0 small-vehicle 1
2115.0 1726.0 2130.0 1726.0 2130.0 1742.0 2115.0 1742.0 small-vehicle 1
1286.0 2997.0 1343.0 2997.0 1343.0 3037.0 1286.0 3037.0 large-vehicle 1
1191.0 2969.0 1213.0 2969.0 1213.0 2994.0 1191.0 2994.0 large-vehicle 1
724.0 2608.0 751.0 2608.0 751.0 2629.0 724.0 2629.0 large-vehicle 1
973.0 3496.0 992.0 3496.0 992.0 3509.0 973.0 3509.0 small-vehicle 1
1013.0 3544.0 1033.0 3544.0 1033.0 3557.0 1013.0 3557.0 small-vehicle 1
1001.0 3536.0 1019.0 3536.0 1019.0 3550.0 1001.0 3550.0 small-vehicle 1
979.0 3526.0 999.0 3526.0 999.0 3538.0 979.0 3538.0 small-vehicle 1
992.0 3531.0 1011.0 3531.0 1011.0 3542.0 992.0 3542.0 small-vehicle 1
969.0 3522.0 986.0 3522.0 986.0 3532.0 969.0 3532.0 small-vehicle 1
982.0 3511.0 997.0 3511.0 997.0 3521.0 982.0 3521.0 small-vehicle 1
960.0 3513.0 977.0 3513.0 977.0 3525.0 960.0 3525.0 small-vehicle 1
1352.0 3417.0 1359.0 3417.0 1359.0 3434.0 1352.0 3434.0 small-vehicle 1
949.0 3505.0 969.0 3505.0 969.0 3519.0 949.0 3519.0 small-vehicle 1
941.0 3501.0 962.0 3501.0 962.0 3512.0 941.0 3512.0 small-vehicle 1
929.0 3495.0 947.0 3495.0 947.0 3506.0 929.0 3506.0 small-vehicle 1
920.0 3529.0 938.0 3529.0 938.0 3542.0 920.0 3542.0 small-vehicle 1
878.0 3464.0 896.0 3464.0 896.0 3475.0 878.0 3475.0 small-vehicle 1
868.0 3457.0 885.0 3457.0 885.0 3470.0 868.0 3470.0 small-vehicle 1
1358.0 3418.0 1368.0 3418.0 1368.0 3435.0 1358.0 3435.0 small-vehicle 1
1341.0 3414.0 1352.0 3414.0 1352.0 3433.0 1341.0 3433.0 small-vehicle 1
844.0 3444.0 864.0 3444.0 864.0 3458.0 844.0 3458.0 small-vehicle 1
1222.0 3347.0 1231.0 3347.0 1231.0 3361.0 1222.0 3361.0 small-vehicle 1
1144.0 3299.0 1153.0 3299.0 1153.0 3318.0 1144.0 3318.0 small-vehicle 1
1155.0 3305.0 1165.0 3305.0 1165.0 3324.0 1155.0 3324.0 small-vehicle 1
1162.0 3310.0 1173.0 3310.0 1173.0 3328.0 1162.0 3328.0 small-vehicle 1
1187.0 3324.0 1194.0 3324.0 1194.0 3346.0 1187.0 3346.0 small-vehicle 1
1194.0 3328.0 1207.0 3328.0 1207.0 3350.0 1194.0 3350.0 small-vehicle 1
1215.0 3339.0 1224.0 3339.0 1224.0 3358.0 1215.0 3358.0 small-vehicle 1
1245.0 3360.0 1252.0 3360.0 1252.0 3374.0 1245.0 3374.0 small-vehicle 1
1331.0 3409.0 1338.0 3409.0 1338.0 3426.0 1331.0 3426.0 small-vehicle 1
1261.0 3368.0 1271.0 3368.0 1271.0 3383.0 1261.0 3383.0 small-vehicle 1
1272.0 3375.0 1280.0 3375.0 1280.0 3390.0 1272.0 3390.0 small-vehicle 1
1287.0 3380.0 1297.0 3380.0 1297.0 3399.0 1287.0 3399.0 small-vehicle 1
1295.0 3386.0 1305.0 3386.0 1305.0 3404.0 1295.0 3404.0 small-vehicle 1
1313.0 3402.0 1322.0 3402.0 1322.0 3416.0 1313.0 3416.0 small-vehicle 1
1324.0 3409.0 1331.0 3409.0 1331.0 3423.0 1324.0 3423.0 small-vehicle 1
856.0 3450.0 874.0 3450.0 874.0 3464.0 856.0 3464.0 small-vehicle 1
837.0 3437.0 854.0 3437.0 854.0 3451.0 837.0 3451.0 small-vehicle 1
1031.0 3100.0 1055.0 3100.0 1055.0 3126.0 1031.0 3126.0 large-vehicle 1
457.0 2206.0 480.0 2206.0 480.0 2237.0 457.0 2237.0 large-vehicle 1
138.0 2637.0 181.0 2637.0 181.0 2666.0 138.0 2666.0 large-vehicle 1
285.0 2718.0 318.0 2718.0 318.0 2729.0 285.0 2729.0 large-vehicle 1
194.0 2658.0 239.0 2658.0 239.0 2688.0 194.0 2688.0 large-vehicle 1
713.0 2675.0 735.0 2675.0 735.0 2694.0 713.0 2694.0 large-vehicle 1
517.0 2238.0 536.0 2238.0 536.0 2264.0 517.0 2264.0 large-vehicle 1
482.0 2220.0 500.0 2220.0 500.0 2245.0 482.0 2245.0 large-vehicle 1
803.0 2623.0 816.0 2623.0 816.0 2646.0 803.0 2646.0 large-vehicle 1
149.0 2783.0 159.0 2783.0 159.0 2797.0 149.0 2797.0 small-vehicle 1
795.0 2619.0 805.0 2619.0 805.0 2639.0 795.0 2639.0 large-vehicle 1
786.0 2611.0 795.0 2611.0 795.0 2631.0 786.0 2631.0 large-vehicle 1
776.0 2601.0 785.0 2601.0 785.0 2623.0 776.0 2623.0 large-vehicle 1
766.0 2600.0 776.0 2600.0 776.0 2623.0 766.0 2623.0 large-vehicle 1
754.0 2593.0 763.0 2593.0 763.0 2613.0 754.0 2613.0 large-vehicle 1
745.0 2588.0 754.0 2588.0 754.0 2609.0 745.0 2609.0 large-vehicle 1
38.0 2657.0 54.0 2657.0 54.0 2680.0 38.0 2680.0 large-vehicle 1
127.0 2765.0 141.0 2765.0 141.0 2782.0 127.0 2782.0 small-vehicle 1
804.0 3475.0 824.0 3475.0 824.0 3491.0 804.0 3491.0 small-vehicle 1
762.0 3393.0 779.0 3393.0 779.0 3405.0 762.0 3405.0 small-vehicle 1
825.0 3430.0 842.0 3430.0 842.0 3444.0 825.0 3444.0 small-vehicle 1
815.0 3425.0 830.0 3425.0 830.0 3438.0 815.0 3438.0 small-vehicle 1
805.0 3418.0 821.0 3418.0 821.0 3432.0 805.0 3432.0 small-vehicle 1
791.0 3413.0 809.0 3413.0 809.0 3426.0 791.0 3426.0 small-vehicle 1
784.0 3406.0 805.0 3406.0 805.0 3418.0 784.0 3418.0 small-vehicle 1
771.0 3399.0 791.0 3399.0 791.0 3413.0 771.0 3413.0 small-vehicle 1
193.0 2778.0 209.0 2778.0 209.0 2790.0 193.0 2790.0 small-vehicle 1
74.0 2757.0 85.0 2757.0 85.0 2772.0 74.0 2772.0 small-vehicle 1
679.0 2868.0 693.0 2868.0 693.0 2884.0 679.0 2884.0 small-vehicle 1
550.0 2767.0 564.0 2767.0 564.0 2785.0 550.0 2785.0 small-vehicle 1
536.0 2768.0 549.0 2768.0 549.0 2784.0 536.0 2784.0 small-vehicle 1
676.0 2820.0 692.0 2820.0 692.0 2838.0 676.0 2838.0 small-vehicle 1
692.0 2850.0 707.0 2850.0 707.0 2869.0 692.0 2869.0 small-vehicle 1
630.0 2639.0 649.0 2639.0 649.0 2653.0 630.0 2653.0 small-vehicle 1
1143.0 3437.0 1156.0 3437.0 1156.0 3457.0 1143.0 3457.0 small-vehicle 1
1034.0 3229.0 1044.0 3229.0 1044.0 3247.0 1034.0 3247.0 small-vehicle 1
1028.0 3225.0 1036.0 3225.0 1036.0 3245.0 1028.0 3245.0 small-vehicle 1
847.0 3060.0 869.0 3060.0 869.0 3071.0 847.0 3071.0 small-vehicle 1
743.0 2992.0 761.0 2992.0 761.0 3004.0 743.0 3004.0 small-vehicle 1
751.0 3000.0 768.0 3000.0 768.0 3011.0 751.0 3011.0 small-vehicle 1
760.0 3006.0 776.0 3006.0 776.0 3016.0 760.0 3016.0 small-vehicle 1
813.0 3038.0 832.0 3038.0 832.0 3051.0 813.0 3051.0 small-vehicle 1
824.0 3046.0 843.0 3046.0 843.0 3057.0 824.0 3057.0 small-vehicle 1
835.0 3052.0 854.0 3052.0 854.0 3063.0 835.0 3063.0 small-vehicle 1
857.0 3065.0 877.0 3065.0 877.0 3078.0 857.0 3078.0 small-vehicle 1
707.0 2975.0 724.0 2975.0 724.0 2986.0 707.0 2986.0 small-vehicle 1
868.0 3072.0 886.0 3072.0 886.0 3084.0 868.0 3084.0 small-vehicle 1
879.0 3076.0 897.0 3076.0 897.0 3089.0 879.0 3089.0 small-vehicle 1
900.0 3091.0 921.0 3091.0 921.0 3103.0 900.0 3103.0 small-vehicle 1
911.0 3098.0 928.0 3098.0 928.0 3110.0 911.0 3110.0 small-vehicle 1
919.0 3104.0 938.0 3104.0 938.0 3118.0 919.0 3118.0 small-vehicle 1
930.0 3111.0 946.0 3111.0 946.0 3124.0 930.0 3124.0 small-vehicle 1
729.0 2987.0 745.0 2987.0 745.0 2997.0 729.0 2997.0 small-vehicle 1
697.0 2967.0 713.0 2967.0 713.0 2980.0 697.0 2980.0 small-vehicle 1
1016.0 3227.0 1024.0 3227.0 1024.0 3242.0 1016.0 3242.0 small-vehicle 1
1130.0 3133.0 1144.0 3133.0 1144.0 3153.0 1130.0 3153.0 small-vehicle 1
1313.0 3293.0 1372.0 3293.0 1372.0 3334.0 1313.0 3334.0 large-vehicle 1
1179.0 3212.0 1215.0 3212.0 1215.0 3241.0 1179.0 3241.0 large-vehicle 1
1095.0 2992.0 1112.0 2992.0 1112.0 3007.0 1095.0 3007.0 small-vehicle 1
1101.0 2606.0 1118.0 2606.0 1118.0 2630.0 1101.0 2630.0 small-vehicle 1
1089.0 3108.0 1102.0 3108.0 1102.0 3126.0 1089.0 3126.0 small-vehicle 1
1113.0 3124.0 1129.0 3124.0 1129.0 3146.0 1113.0 3146.0 small-vehicle 1
923.0 3051.0 946.0 3051.0 946.0 3068.0 923.0 3068.0 small-vehicle 1
687.0 2961.0 705.0 2961.0 705.0 2973.0 687.0 2973.0 small-vehicle 1
679.0 3136.0 694.0 3136.0 694.0 3153.0 679.0 3153.0 small-vehicle 1
712.0 3110.0 730.0 3110.0 730.0 3131.0 712.0 3131.0 small-vehicle 1
725.0 3095.0 740.0 3095.0 740.0 3114.0 725.0 3114.0 small-vehicle 1
710.0 3079.0 724.0 3079.0 724.0 3096.0 710.0 3096.0 small-vehicle 1
784.0 3018.0 798.0 3018.0 798.0 3030.0 784.0 3030.0 small-vehicle 1
794.0 3025.0 811.0 3025.0 811.0 3039.0 794.0 3039.0 small-vehicle 1
945.0 3115.0 962.0 3115.0 962.0 3128.0 945.0 3128.0 small-vehicle 1
1035.0 3167.0 1051.0 3167.0 1051.0 3181.0 1035.0 3181.0 small-vehicle 1
956.0 3121.0 973.0 3121.0 973.0 3134.0 956.0 3134.0 small-vehicle 1
1313.0 3338.0 1331.0 3338.0 1331.0 3352.0 1313.0 3352.0 small-vehicle 1
1452.0 3420.0 1469.0 3420.0 1469.0 3432.0 1452.0 3432.0 small-vehicle 1
1390.0 3381.0 1406.0 3381.0 1406.0 3394.0 1390.0 3394.0 small-vehicle 1
1364.0 3369.0 1382.0 3369.0 1382.0 3382.0 1364.0 3382.0 small-vehicle 1
1346.0 3357.0 1364.0 3357.0 1364.0 3369.0 1346.0 3369.0 small-vehicle 1
1336.0 3349.0 1352.0 3349.0 1352.0 3364.0 1336.0 3364.0 small-vehicle 1
1322.0 3343.0 1340.0 3343.0 1340.0 3357.0 1322.0 3357.0 small-vehicle 1
1231.0 3277.0 1240.0 3277.0 1240.0 3298.0 1231.0 3298.0 small-vehicle 1
964.0 3131.0 982.0 3131.0 982.0 3145.0 964.0 3145.0 small-vehicle 1
904.0 3135.0 924.0 3135.0 924.0 3154.0 904.0 3154.0 small-vehicle 1
924.0 3164.0 932.0 3164.0 932.0 3184.0 924.0 3184.0 small-vehicle 1
912.0 3162.0 922.0 3162.0 922.0 3180.0 912.0 3180.0 small-vehicle 1
931.0 3170.0 941.0 3170.0 941.0 3190.0 931.0 3190.0 small-vehicle 1
939.0 3176.0 949.0 3176.0 949.0 3197.0 939.0 3197.0 small-vehicle 1
950.0 3184.0 960.0 3184.0 960.0 3203.0 950.0 3203.0 small-vehicle 1
1464.0 3428.0 1482.0 3428.0 1482.0 3440.0 1464.0 3440.0 small-vehicle 1
1573.0 3525.0 1594.0 3525.0 1594.0 3542.0 1573.0 3542.0 small-vehicle 1
1457.0 3479.0 1475.0 3479.0 1475.0 3498.0 1457.0 3498.0 small-vehicle 1
1425.0 3467.0 1441.0 3467.0 1441.0 3487.0 1425.0 3487.0 small-vehicle 1
1603.0 3512.0 1621.0 3512.0 1621.0 3526.0 1603.0 3526.0 small-vehicle 1
1653.0 3529.0 1671.0 3529.0 1671.0 3543.0 1653.0 3543.0 small-vehicle 1
721.0 3046.0 731.0 3046.0 731.0 3068.0 721.0 3068.0 small-vehicle 1
712.0 3041.0 723.0 3041.0 723.0 3060.0 712.0 3060.0 small-vehicle 1
703.0 3035.0 713.0 3035.0 713.0 3056.0 703.0 3056.0 small-vehicle 1
750.0 3065.0 759.0 3065.0 759.0 3085.0 750.0 3085.0 small-vehicle 1
757.0 3066.0 766.0 3066.0 766.0 3088.0 757.0 3088.0 small-vehicle 1
768.0 3074.0 777.0 3074.0 777.0 3095.0 768.0 3095.0 small-vehicle 1
776.0 3078.0 785.0 3078.0 785.0 3100.0 776.0 3100.0 small-vehicle 1
792.0 3090.0 799.0 3090.0 799.0 3109.0 792.0 3109.0 small-vehicle 1
799.0 3094.0 809.0 3094.0 809.0 3113.0 799.0 3113.0 small-vehicle 1
820.0 3100.0 827.0 3100.0 827.0 3119.0 820.0 3119.0 small-vehicle 1
811.0 3100.0 819.0 3100.0 819.0 3120.0 811.0 3120.0 small-vehicle 1
244.0 784.0 447.0 784.0 447.0 976.0 244.0 976.0 plane 0
