imagesource:GoogleEarth
gsd:0.139309939608
6891.0 2049.0 6945.0 2049.0 6945.0 2096.0 6891.0 2096.0 large-vehicle 1
4520.0 735.0 4559.0 735.0 4559.0 765.0 4520.0 765.0 small-vehicle 1
4107.0 720.0 4134.0 720.0 4134.0 754.0 4107.0 754.0 small-vehicle 1
4125.0 677.0 4158.0 677.0 4158.0 715.0 4125.0 715.0 small-vehicle 1
4163.0 625.0 4193.0 625.0 4193.0 659.0 4163.0 659.0 small-vehicle 1
4181.0 586.0 4217.0 586.0 4217.0 628.0 4181.0 628.0 small-vehicle 1
4228.0 511.0 4261.0 511.0 4261.0 549.0 4228.0 549.0 small-vehicle 1
4247.0 479.0 4276.0 479.0 4276.0 514.0 4247.0 514.0 small-vehicle 1
4268.0 441.0 4300.0 441.0 4300.0 478.0 4268.0 478.0 small-vehicle 1
4345.0 382.0 4380.0 382.0 4380.0 422.0 4345.0 422.0 small-vehicle 1
4331.0 371.0 4360.0 371.0 4360.0 408.0 4331.0 408.0 small-vehicle 1
4311.0 369.0 4341.0 369.0 4341.0 409.0 4311.0 409.0 small-vehicle 1
4178.0 136.0 4213.0 136.0 4213.0 167.0 4178.0 167.0 small-vehicle 1
3802.0 36.0 3833.0 36.0 3833.0 72.0 3802.0 72.0 small-vehicle 1
3817.0 43.0 3849.0 43.0 3849.0 80.0 3817.0 80.0 small-vehicle 1
3834.0 50.0 3862.0 50.0 3862.0 88.0 3834.0 88.0 small-vehicle 1
3850.0 56.0 3886.0 56.0 3886.0 98.0 3850.0 98.0 small-vehicle 1
4093.0 754.0 4118.0 754.0 4118.0 788.0 4093.0 788.0 small-vehicle 1
4540.0 684.0 4572.0 684.0 4572.0 711.0 4540.0 711.0 small-vehicle 1
3882.0 79.0 3913.0 79.0 3913.0 116.0 3882.0 116.0 small-vehicle 1
4064.0 789.0 4093.0 789.0 4093.0 824.0 4064.0 824.0 small-vehicle 1
3809.0 957.0 3847.0 957.0 3847.0 972.0 3809.0 972.0 small-vehicle 1
3748.0 1031.0 3770.0 1031.0 3770.0 1059.0 3748.0 1059.0 small-vehicle 1
3733.0 1049.0 3764.0 1049.0 3764.0 1082.0 3733.0 1082.0 small-vehicle 1
3613.0 1064.0 3652.0 1064.0 3652.0 1092.0 3613.0 1092.0 small-vehicle 1
3852.0 1150.0 3877.0 1150.0 3877.0 1185.0 3852.0 1185.0 small-vehicle 1
3873.0 1111.0 3901.0 1111.0 3901.0 1145.0 3873.0 1145.0 small-vehicle 1
3894.0 1072.0 3921.0 1072.0 3921.0 1105.0 3894.0 1105.0 small-vehicle 1
3913.0 1039.0 3942.0 1039.0 3942.0 1073.0 3913.0 1073.0 small-vehicle 1
3932.0 1010.0 3956.0 1010.0 3956.0 1040.0 3932.0 1040.0 small-vehicle 1
3769.0 997.0 3796.0 997.0 3796.0 1039.0 3769.0 1039.0 small-vehicle 1
3988.0 997.0 4011.0 997.0 4011.0 1026.0 3988.0 1026.0 small-vehicle 1
3974.0 936.0 4006.0 936.0 4006.0 971.0 3974.0 971.0 small-vehicle 1
3998.0 902.0 4025.0 902.0 4025.0 937.0 3998.0 937.0 small-vehicle 1
4021.0 862.0 4047.0 862.0 4047.0 892.0 4021.0 892.0 small-vehicle 1
4043.0 826.0 4071.0 826.0 4071.0 860.0 4043.0 860.0 small-vehicle 1
3865.0 70.0 3897.0 70.0 3897.0 109.0 3865.0 109.0 small-vehicle 1
3898.0 84.0 3928.0 84.0 3928.0 124.0 3898.0 124.0 small-vehicle 1
3667.0 1172.0 3694.0 1172.0 3694.0 1198.0 3667.0 1198.0 small-vehicle 1
3712.0 69.0 3741.0 69.0 3741.0 107.0 3712.0 107.0 small-vehicle 1
3746.0 88.0 3777.0 88.0 3777.0 125.0 3746.0 125.0 small-vehicle 1
3763.0 96.0 3793.0 96.0 3793.0 139.0 3763.0 139.0 small-vehicle 1
3779.0 108.0 3809.0 108.0 3809.0 146.0 3779.0 146.0 small-vehicle 1
3794.0 116.0 3826.0 116.0 3826.0 154.0 3794.0 154.0 small-vehicle 1
3812.0 125.0 3842.0 125.0 3842.0 164.0 3812.0 164.0 small-vehicle 1
3827.0 132.0 3863.0 132.0 3863.0 172.0 3827.0 172.0 small-vehicle 1
3838.0 144.0 3871.0 144.0 3871.0 184.0 3838.0 184.0 small-vehicle 1
3858.0 157.0 3894.0 157.0 3894.0 195.0 3858.0 195.0 small-vehicle 1
3878.0 165.0 3910.0 165.0 3910.0 211.0 3878.0 211.0 small-vehicle 1
3897.0 178.0 3925.0 178.0 3925.0 217.0 3897.0 217.0 small-vehicle 1
3911.0 185.0 3941.0 185.0 3941.0 221.0 3911.0 221.0 small-vehicle 1
3929.0 196.0 3960.0 196.0 3960.0 235.0 3929.0 235.0 small-vehicle 1
3950.0 212.0 3974.0 212.0 3974.0 244.0 3950.0 244.0 small-vehicle 1
4004.0 240.0 4030.0 240.0 4030.0 276.0 4004.0 276.0 small-vehicle 1
4017.0 250.0 4047.0 250.0 4047.0 286.0 4017.0 286.0 small-vehicle 1
3729.0 74.0 3765.0 74.0 3765.0 115.0 3729.0 115.0 small-vehicle 1
3698.0 59.0 3728.0 59.0 3728.0 96.0 3698.0 96.0 small-vehicle 1
3911.0 96.0 3941.0 96.0 3941.0 134.0 3911.0 134.0 small-vehicle 1
3666.0 39.0 3699.0 39.0 3699.0 76.0 3666.0 76.0 small-vehicle 1
3942.0 116.0 3977.0 116.0 3977.0 158.0 3942.0 158.0 small-vehicle 1
3958.0 123.0 3991.0 123.0 3991.0 165.0 3958.0 165.0 small-vehicle 1
3976.0 130.0 4006.0 130.0 4006.0 173.0 3976.0 173.0 small-vehicle 1
3991.0 149.0 4016.0 149.0 4016.0 185.0 3991.0 185.0 small-vehicle 1
4005.0 155.0 4035.0 155.0 4035.0 189.0 4005.0 189.0 small-vehicle 1
4020.0 160.0 4051.0 160.0 4051.0 199.0 4020.0 199.0 small-vehicle 1
4035.0 169.0 4062.0 169.0 4062.0 205.0 4035.0 205.0 small-vehicle 1
4054.0 185.0 4084.0 185.0 4084.0 216.0 4054.0 216.0 small-vehicle 1
4066.0 190.0 4101.0 190.0 4101.0 227.0 4066.0 227.0 small-vehicle 1
4081.0 203.0 4113.0 203.0 4113.0 239.0 4081.0 239.0 small-vehicle 1
4098.0 214.0 4130.0 214.0 4130.0 251.0 4098.0 251.0 small-vehicle 1
4112.0 221.0 4143.0 221.0 4143.0 259.0 4112.0 259.0 small-vehicle 1
4128.0 232.0 4159.0 232.0 4159.0 268.0 4128.0 268.0 small-vehicle 1
4145.0 240.0 4172.0 240.0 4172.0 277.0 4145.0 277.0 small-vehicle 1
4159.0 247.0 4191.0 247.0 4191.0 288.0 4159.0 288.0 small-vehicle 1
3717.0 1104.0 3739.0 1104.0 3739.0 1133.0 3717.0 1133.0 small-vehicle 1
3668.0 1226.0 3692.0 1226.0 3692.0 1258.0 3668.0 1258.0 small-vehicle 1
4024.0 2057.0 4067.0 2057.0 4067.0 2087.0 4024.0 2087.0 small-vehicle 1
4309.0 2214.0 4345.0 2214.0 4345.0 2242.0 4309.0 2242.0 small-vehicle 1
4289.0 2234.0 4322.0 2234.0 4322.0 2273.0 4289.0 2273.0 small-vehicle 1
4270.0 2245.0 4299.0 2245.0 4299.0 2282.0 4270.0 2282.0 small-vehicle 1
4256.0 2254.0 4289.0 2254.0 4289.0 2295.0 4256.0 2295.0 small-vehicle 1
4242.0 2255.0 4260.0 2255.0 4260.0 2291.0 4242.0 2291.0 small-vehicle 1
4221.0 2250.0 4238.0 2250.0 4238.0 2287.0 4221.0 2287.0 small-vehicle 1
4165.0 2172.0 4198.0 2172.0 4198.0 2192.0 4165.0 2192.0 small-vehicle 1
4167.0 2153.0 4207.0 2153.0 4207.0 2172.0 4167.0 2172.0 small-vehicle 1
4179.0 2137.0 4212.0 2137.0 4212.0 2157.0 4179.0 2157.0 small-vehicle 1
4209.0 2109.0 4246.0 2109.0 4246.0 2128.0 4209.0 2128.0 small-vehicle 1
4233.0 2128.0 4269.0 2128.0 4269.0 2160.0 4233.0 2160.0 small-vehicle 1
4230.0 2099.0 4267.0 2099.0 4267.0 2116.0 4230.0 2116.0 small-vehicle 1
4192.0 2593.0 4236.0 2593.0 4236.0 2615.0 4192.0 2615.0 small-vehicle 1
4375.0 2951.0 4412.0 2951.0 4412.0 2983.0 4375.0 2983.0 small-vehicle 1
4407.0 1207.0 4447.0 1207.0 4447.0 1232.0 4407.0 1232.0 small-vehicle 1
4366.0 1242.0 4410.0 1242.0 4410.0 1273.0 4366.0 1273.0 small-vehicle 1
4300.0 2226.0 4333.0 2226.0 4333.0 2259.0 4300.0 2259.0 small-vehicle 1
4171.0 1986.0 4203.0 1986.0 4203.0 2016.0 4171.0 2016.0 small-vehicle 1
4359.0 1285.0 4396.0 1285.0 4396.0 1310.0 4359.0 1310.0 small-vehicle 1
4153.0 2017.0 4188.0 2017.0 4188.0 2046.0 4153.0 2046.0 small-vehicle 1
4005.0 2087.0 4048.0 2087.0 4048.0 2127.0 4005.0 2127.0 small-vehicle 1
4103.0 2094.0 4138.0 2094.0 4138.0 2119.0 4103.0 2119.0 small-vehicle 1
4113.0 2079.0 4149.0 2079.0 4149.0 2105.0 4113.0 2105.0 small-vehicle 1
4037.0 2043.0 4074.0 2043.0 4074.0 2068.0 4037.0 2068.0 small-vehicle 1
4044.0 2024.0 4082.0 2024.0 4082.0 2049.0 4044.0 2049.0 small-vehicle 1
4056.0 2008.0 4091.0 2008.0 4091.0 2036.0 4056.0 2036.0 small-vehicle 1
4064.0 1993.0 4100.0 1993.0 4100.0 2027.0 4064.0 2027.0 small-vehicle 1
4073.0 1979.0 4111.0 1979.0 4111.0 2007.0 4073.0 2007.0 small-vehicle 1
4083.0 1965.0 4119.0 1965.0 4119.0 1990.0 4083.0 1990.0 small-vehicle 1
4091.0 1948.0 4129.0 1948.0 4129.0 1979.0 4091.0 1979.0 small-vehicle 1
4100.0 1934.0 4136.0 1934.0 4136.0 1962.0 4100.0 1962.0 small-vehicle 1
4112.0 1923.0 4151.0 1923.0 4151.0 1954.0 4112.0 1954.0 small-vehicle 1
4125.0 2067.0 4157.0 2067.0 4157.0 2093.0 4125.0 2093.0 small-vehicle 1
4133.0 2053.0 4164.0 2053.0 4164.0 2078.0 4133.0 2078.0 small-vehicle 1
4138.0 2034.0 4175.0 2034.0 4175.0 2062.0 4138.0 2062.0 small-vehicle 1
4360.0 1263.0 4402.0 1263.0 4402.0 1292.0 4360.0 1292.0 small-vehicle 1
4329.0 1312.0 4362.0 1312.0 4362.0 1341.0 4329.0 1341.0 small-vehicle 1
3695.0 1265.0 3721.0 1265.0 3721.0 1301.0 3695.0 1301.0 small-vehicle 1
3735.0 1516.0 3758.0 1516.0 3758.0 1553.0 3735.0 1553.0 small-vehicle 1
3718.0 1484.0 3738.0 1484.0 3738.0 1513.0 3718.0 1513.0 small-vehicle 1
3696.0 1475.0 3717.0 1475.0 3717.0 1508.0 3696.0 1508.0 small-vehicle 1
3679.0 1465.0 3703.0 1465.0 3703.0 1503.0 3679.0 1503.0 small-vehicle 1
3643.0 1422.0 3672.0 1422.0 3672.0 1450.0 3643.0 1450.0 small-vehicle 1
3655.0 1431.0 3686.0 1431.0 3686.0 1463.0 3655.0 1463.0 small-vehicle 1
3663.0 1447.0 3692.0 1447.0 3692.0 1480.0 3663.0 1480.0 small-vehicle 1
3721.0 1402.0 3744.0 1402.0 3744.0 1432.0 3721.0 1432.0 small-vehicle 1
3649.0 1400.0 3676.0 1400.0 3676.0 1426.0 3649.0 1426.0 small-vehicle 1
3636.0 1349.0 3667.0 1349.0 3667.0 1377.0 3636.0 1377.0 small-vehicle 1
3626.0 1340.0 3662.0 1340.0 3662.0 1365.0 3626.0 1365.0 small-vehicle 1
3732.0 1380.0 3764.0 1380.0 3764.0 1405.0 3732.0 1405.0 small-vehicle 1
3722.0 1359.0 3765.0 1359.0 3765.0 1386.0 3722.0 1386.0 small-vehicle 1
3710.0 1349.0 3746.0 1349.0 3746.0 1376.0 3710.0 1376.0 small-vehicle 1
3618.0 1268.0 3654.0 1268.0 3654.0 1301.0 3618.0 1301.0 small-vehicle 1
3627.0 1253.0 3665.0 1253.0 3665.0 1285.0 3627.0 1285.0 small-vehicle 1
3741.0 1478.0 3760.0 1478.0 3760.0 1514.0 3741.0 1514.0 small-vehicle 1
3976.0 1500.0 4014.0 1500.0 4014.0 1527.0 3976.0 1527.0 small-vehicle 1
4298.0 1352.0 4337.0 1352.0 4337.0 1387.0 4298.0 1387.0 small-vehicle 1
4180.0 1327.0 4216.0 1327.0 4216.0 1359.0 4180.0 1359.0 small-vehicle 1
4273.0 1382.0 4308.0 1382.0 4308.0 1408.0 4273.0 1408.0 small-vehicle 1
4267.0 1397.0 4301.0 1397.0 4301.0 1424.0 4267.0 1424.0 small-vehicle 1
4254.0 1432.0 4286.0 1432.0 4286.0 1462.0 4254.0 1462.0 small-vehicle 1
4300.0 1411.0 4338.0 1411.0 4338.0 1448.0 4300.0 1448.0 small-vehicle 1
4305.0 1397.0 4343.0 1397.0 4343.0 1427.0 4305.0 1427.0 small-vehicle 1
4236.0 1199.0 4268.0 1199.0 4268.0 1226.0 4236.0 1226.0 small-vehicle 1
4259.0 1236.0 4294.0 1236.0 4294.0 1266.0 4259.0 1266.0 small-vehicle 1
4223.0 1215.0 4260.0 1215.0 4260.0 1246.0 4223.0 1246.0 small-vehicle 1
4273.0 1199.0 4307.0 1199.0 4307.0 1225.0 4273.0 1225.0 small-vehicle 1
4282.0 1182.0 4316.0 1182.0 4316.0 1210.0 4282.0 1210.0 small-vehicle 1
4242.0 1180.0 4278.0 1180.0 4278.0 1206.0 4242.0 1206.0 small-vehicle 1
4252.0 1164.0 4291.0 1164.0 4291.0 1190.0 4252.0 1190.0 small-vehicle 1
4294.0 1163.0 4331.0 1163.0 4331.0 1192.0 4294.0 1192.0 small-vehicle 1
4282.0 1108.0 4327.0 1108.0 4327.0 1138.0 4282.0 1138.0 small-vehicle 1
4186.0 1310.0 4226.0 1310.0 4226.0 1341.0 4186.0 1341.0 small-vehicle 1
4030.0 259.0 4061.0 259.0 4061.0 297.0 4030.0 297.0 small-vehicle 1
4044.0 268.0 4077.0 268.0 4077.0 306.0 4044.0 306.0 small-vehicle 1
4062.0 278.0 4090.0 278.0 4090.0 313.0 4062.0 313.0 small-vehicle 1
2802.0 886.0 2830.0 886.0 2830.0 924.0 2802.0 924.0 small-vehicle 1
2982.0 700.0 3014.0 700.0 3014.0 738.0 2982.0 738.0 small-vehicle 1
2947.0 838.0 2976.0 838.0 2976.0 873.0 2947.0 873.0 small-vehicle 1
2963.0 848.0 2993.0 848.0 2993.0 885.0 2963.0 885.0 small-vehicle 1
2980.0 855.0 3011.0 855.0 3011.0 892.0 2980.0 892.0 small-vehicle 1
2998.0 866.0 3026.0 866.0 3026.0 900.0 2998.0 900.0 small-vehicle 1
3027.0 920.0 3065.0 920.0 3065.0 950.0 3027.0 950.0 small-vehicle 1
3040.0 907.0 3072.0 907.0 3072.0 931.0 3040.0 931.0 small-vehicle 1
3046.0 884.0 3079.0 884.0 3079.0 911.0 3046.0 911.0 small-vehicle 1
3058.0 871.0 3087.0 871.0 3087.0 895.0 3058.0 895.0 small-vehicle 1
3065.0 861.0 3097.0 861.0 3097.0 887.0 3065.0 887.0 small-vehicle 1
3076.0 841.0 3111.0 841.0 3111.0 870.0 3076.0 870.0 small-vehicle 1
3087.0 822.0 3118.0 822.0 3118.0 850.0 3087.0 850.0 small-vehicle 1
3100.0 807.0 3133.0 807.0 3133.0 834.0 3100.0 834.0 small-vehicle 1
3109.0 788.0 3144.0 788.0 3144.0 815.0 3109.0 815.0 small-vehicle 1
3116.0 767.0 3149.0 767.0 3149.0 793.0 3116.0 793.0 small-vehicle 1
2778.0 876.0 2808.0 876.0 2808.0 911.0 2778.0 911.0 small-vehicle 1
2817.0 899.0 2845.0 899.0 2845.0 939.0 2817.0 939.0 small-vehicle 1
2943.0 676.0 2974.0 676.0 2974.0 711.0 2943.0 711.0 small-vehicle 1
2838.0 913.0 2868.0 913.0 2868.0 950.0 2838.0 950.0 small-vehicle 1
3374.0 72.0 3398.0 72.0 3398.0 105.0 3374.0 105.0 small-vehicle 1
3355.0 61.0 3381.0 61.0 3381.0 95.0 3355.0 95.0 small-vehicle 1
2705.0 583.0 2739.0 583.0 2739.0 608.0 2705.0 608.0 small-vehicle 1
2626.0 534.0 2670.0 534.0 2670.0 565.0 2626.0 565.0 small-vehicle 1
2919.0 1098.0 2953.0 1098.0 2953.0 1127.0 2919.0 1127.0 small-vehicle 1
2934.0 1083.0 2966.0 1083.0 2966.0 1111.0 2934.0 1111.0 small-vehicle 1
3301.0 1185.0 3328.0 1185.0 3328.0 1218.0 3301.0 1218.0 small-vehicle 1
3284.0 1177.0 3310.0 1177.0 3310.0 1211.0 3284.0 1211.0 small-vehicle 1
3032.0 1001.0 3064.0 1001.0 3064.0 1032.0 3032.0 1032.0 small-vehicle 1
2758.0 905.0 2787.0 905.0 2787.0 943.0 2758.0 943.0 small-vehicle 1
2901.0 952.0 2931.0 952.0 2931.0 988.0 2901.0 988.0 small-vehicle 1
2888.0 944.0 2916.0 944.0 2916.0 976.0 2888.0 976.0 small-vehicle 1
2874.0 937.0 2896.0 937.0 2896.0 965.0 2874.0 965.0 small-vehicle 1
2854.0 926.0 2881.0 926.0 2881.0 958.0 2854.0 958.0 small-vehicle 1
2871.0 887.0 2903.0 887.0 2903.0 923.0 2871.0 923.0 small-vehicle 1
3034.0 769.0 3054.0 769.0 3054.0 802.0 3034.0 802.0 small-vehicle 1
2959.0 682.0 2988.0 682.0 2988.0 722.0 2959.0 722.0 small-vehicle 1
4077.0 285.0 4107.0 285.0 4107.0 322.0 4077.0 322.0 small-vehicle 1
3182.0 804.0 3210.0 804.0 3210.0 840.0 3182.0 840.0 small-vehicle 1
5426.0 3811.0 6044.0 3811.0 6044.0 4410.0 5426.0 4410.0 plane 0
2366.0 2759.0 3171.0 2759.0 3171.0 3567.0 2366.0 3567.0 plane 0
1050.0 1302.0 1740.0 1302.0 1740.0 1948.0 1050.0 1948.0 plane 0
6449.0 4468.0 6813.0 4468.0 6813.0 4833.0 6449.0 4833.0 plane 0
6497.0 973.0 6593.0 973.0 6593.0 1102.0 6497.0 1102.0 large-vehicle 0
6474.0 962.0 6569.0 962.0 6569.0 1091.0 6474.0 1091.0 large-vehicle 0
6450.0 953.0 6551.0 953.0 6551.0 1085.0 6450.0 1085.0 large-vehicle 0
5774.0 405.0 5866.0 405.0 5866.0 533.0 5774.0 533.0 large-vehicle 0
3388.0 1134.0 3480.0 1134.0 3480.0 1263.0 3388.0 1263.0 large-vehicle 0
3008.0 2401.0 3519.0 2401.0 3519.0 2902.0 3008.0 2902.0 plane 0
2497.0 2140.0 3014.0 2140.0 3014.0 2638.0 2497.0 2638.0 plane 0
2767.0 1592.0 2842.0 1592.0 2842.0 1691.0 2767.0 1691.0 plane 0
2693.0 759.0 2786.0 759.0 2786.0 895.0 2693.0 895.0 large-vehicle 0
1740.0 1384.0 1887.0 1384.0 1887.0 1529.0 1740.0 1529.0 roundabout 0
285.0 3734.0 661.0 3734.0 661.0 4112.0 285.0 4112.0 plane 0
3222.0 735.0 3250.0 735.0 3250.0 769.0 3222.0 769.0 small-vehicle 1
3154.0 848.0 3183.0 848.0 3183.0 883.0 3154.0 883.0 small-vehicle 1
3006.0 710.0 3036.0 710.0 3036.0 748.0 3006.0 748.0 small-vehicle 1
3131.0 888.0 3158.0 888.0 3158.0 921.0 3131.0 921.0 small-vehicle 1
3001.0 824.0 3026.0 824.0 3026.0 850.0 3001.0 850.0 small-vehicle 1
2983.0 814.0 3008.0 814.0 3008.0 846.0 2983.0 846.0 small-vehicle 1
2966.0 804.0 2993.0 804.0 2993.0 836.0 2966.0 836.0 small-vehicle 1
2935.0 825.0 2959.0 825.0 2959.0 854.0 2935.0 854.0 small-vehicle 1
2922.0 818.0 2945.0 818.0 2945.0 846.0 2922.0 846.0 small-vehicle 1
2902.0 808.0 2926.0 808.0 2926.0 838.0 2902.0 838.0 small-vehicle 1
2884.0 800.0 2908.0 800.0 2908.0 832.0 2884.0 832.0 small-vehicle 1
2868.0 790.0 2892.0 790.0 2892.0 818.0 2868.0 818.0 small-vehicle 1
2852.0 783.0 2874.0 783.0 2874.0 814.0 2852.0 814.0 small-vehicle 1
2950.0 795.0 2976.0 795.0 2976.0 826.0 2950.0 826.0 small-vehicle 1
2935.0 784.0 2962.0 784.0 2962.0 816.0 2935.0 816.0 small-vehicle 1
2918.0 773.0 2944.0 773.0 2944.0 806.0 2918.0 806.0 small-vehicle 1
2902.0 766.0 2926.0 766.0 2926.0 799.0 2902.0 799.0 small-vehicle 1
2887.0 752.0 2912.0 752.0 2912.0 786.0 2887.0 786.0 small-vehicle 1
2869.0 744.0 2895.0 744.0 2895.0 779.0 2869.0 779.0 small-vehicle 1
2990.0 621.0 3070.0 621.0 3070.0 676.0 2990.0 676.0 large-vehicle 1
3112.0 665.0 3162.0 665.0 3162.0 701.0 3112.0 701.0 large-vehicle 1
3176.0 673.0 3213.0 673.0 3213.0 701.0 3176.0 701.0 large-vehicle 1
263.0 380.0 286.0 380.0 286.0 416.0 263.0 416.0 small-vehicle 1
2264.0 1736.0 2289.0 1736.0 2289.0 1768.0 2264.0 1768.0 small-vehicle 1
2172.0 1695.0 2201.0 1695.0 2201.0 1729.0 2172.0 1729.0 small-vehicle 1
2239.0 1730.0 2265.0 1730.0 2265.0 1759.0 2239.0 1759.0 small-vehicle 1
1913.0 1144.0 1947.0 1144.0 1947.0 1171.0 1913.0 1171.0 small-vehicle 1
1855.0 1236.0 1893.0 1236.0 1893.0 1265.0 1855.0 1265.0 small-vehicle 1
1827.0 1251.0 1867.0 1251.0 1867.0 1283.0 1827.0 1283.0 small-vehicle 1
1963.0 662.0 1997.0 662.0 1997.0 686.0 1963.0 686.0 small-vehicle 1
1920.0 640.0 1956.0 640.0 1956.0 665.0 1920.0 665.0 small-vehicle 1
1874.0 613.0 1912.0 613.0 1912.0 644.0 1874.0 644.0 small-vehicle 1
1846.0 582.0 1880.0 582.0 1880.0 608.0 1846.0 608.0 small-vehicle 1
1798.0 557.0 1831.0 557.0 1831.0 583.0 1798.0 583.0 small-vehicle 1
1759.0 532.0 1790.0 532.0 1790.0 558.0 1759.0 558.0 small-vehicle 1
1927.0 598.0 1966.0 598.0 1966.0 631.0 1927.0 631.0 small-vehicle 1
1849.0 550.0 1885.0 550.0 1885.0 579.0 1849.0 579.0 small-vehicle 1
1809.0 527.0 1845.0 527.0 1845.0 554.0 1809.0 554.0 small-vehicle 1
238.0 368.0 266.0 368.0 266.0 398.0 238.0 398.0 small-vehicle 1
283.0 388.0 311.0 388.0 311.0 426.0 283.0 426.0 small-vehicle 1
3194.0 654.0 3234.0 654.0 3234.0 689.0 3194.0 689.0 large-vehicle 1
81.0 442.0 121.0 442.0 121.0 470.0 81.0 470.0 small-vehicle 1
4096.0 296.0 4126.0 296.0 4126.0 332.0 4096.0 332.0 small-vehicle 1
4109.0 306.0 4141.0 306.0 4141.0 344.0 4109.0 344.0 small-vehicle 1
4128.0 320.0 4157.0 320.0 4157.0 355.0 4128.0 355.0 small-vehicle 1
3678.0 211.0 3715.0 211.0 3715.0 243.0 3678.0 243.0 small-vehicle 1
3642.0 191.0 3681.0 191.0 3681.0 222.0 3642.0 222.0 small-vehicle 1
3603.0 168.0 3639.0 168.0 3639.0 195.0 3603.0 195.0 small-vehicle 1
3661.0 248.0 3701.0 248.0 3701.0 277.0 3661.0 277.0 small-vehicle 1
3625.0 229.0 3656.0 229.0 3656.0 256.0 3625.0 256.0 small-vehicle 1
3593.0 205.0 3628.0 205.0 3628.0 234.0 3593.0 234.0 small-vehicle 1
3554.0 182.0 3591.0 182.0 3591.0 212.0 3554.0 212.0 small-vehicle 1
3501.0 154.0 3537.0 154.0 3537.0 184.0 3501.0 184.0 small-vehicle 1
3414.0 104.0 3457.0 104.0 3457.0 139.0 3414.0 139.0 small-vehicle 1
1442.0 124.0 1478.0 124.0 1478.0 152.0 1442.0 152.0 small-vehicle 1
1015.0 1243.0 1048.0 1243.0 1048.0 1280.0 1015.0 1280.0 small-vehicle 1
642.0 1000.0 671.0 1000.0 671.0 1039.0 642.0 1039.0 small-vehicle 1
1770.0 502.0 1806.0 502.0 1806.0 532.0 1770.0 532.0 small-vehicle 1
1926.0 564.0 1958.0 564.0 1958.0 592.0 1926.0 592.0 small-vehicle 1
1890.0 538.0 1927.0 538.0 1927.0 570.0 1890.0 570.0 small-vehicle 1
1853.0 514.0 1888.0 514.0 1888.0 546.0 1853.0 546.0 small-vehicle 1
1486.0 144.0 1523.0 144.0 1523.0 173.0 1486.0 173.0 small-vehicle 1
1552.0 185.0 1593.0 185.0 1593.0 217.0 1552.0 217.0 small-vehicle 1
1429.0 164.0 1469.0 164.0 1469.0 191.0 1429.0 191.0 small-vehicle 1
1570.0 294.0 1620.0 294.0 1620.0 332.0 1570.0 332.0 large-vehicle 1
1880.0 375.0 1928.0 375.0 1928.0 411.0 1880.0 411.0 large-vehicle 1
1123.0 72.0 1175.0 72.0 1175.0 112.0 1123.0 112.0 large-vehicle 1
2796.0 1015.0 2845.0 1015.0 2845.0 1057.0 2796.0 1057.0 large-vehicle 1
2785.0 936.0 2836.0 936.0 2836.0 1001.0 2785.0 1001.0 large-vehicle 1
2830.0 750.0 2874.0 750.0 2874.0 812.0 2830.0 812.0 large-vehicle 1
2837.0 722.0 2868.0 722.0 2868.0 759.0 2837.0 759.0 large-vehicle 1
2983.0 529.0 3018.0 529.0 3018.0 578.0 2983.0 578.0 large-vehicle 1
2959.0 522.0 3003.0 522.0 3003.0 569.0 2959.0 569.0 large-vehicle 1
3002.0 536.0 3044.0 536.0 3044.0 593.0 3002.0 593.0 large-vehicle 1
3042.0 558.0 3090.0 558.0 3090.0 620.0 3042.0 620.0 large-vehicle 1
3028.0 704.0 3072.0 704.0 3072.0 759.0 3028.0 759.0 large-vehicle 1
1592.0 205.0 1628.0 205.0 1628.0 237.0 1592.0 237.0 small-vehicle 1
1456.0 230.0 1498.0 230.0 1498.0 260.0 1456.0 260.0 small-vehicle 1
1299.0 157.0 1337.0 157.0 1337.0 177.0 1299.0 177.0 small-vehicle 1
1623.0 416.0 1658.0 416.0 1658.0 444.0 1623.0 444.0 small-vehicle 1
1813.0 492.0 1844.0 492.0 1844.0 519.0 1813.0 519.0 small-vehicle 1
1776.0 471.0 1810.0 471.0 1810.0 497.0 1776.0 497.0 small-vehicle 1
1736.0 449.0 1771.0 449.0 1771.0 477.0 1736.0 477.0 small-vehicle 1
1626.0 380.0 1662.0 380.0 1662.0 409.0 1626.0 409.0 small-vehicle 1
1592.0 356.0 1626.0 356.0 1626.0 387.0 1592.0 387.0 small-vehicle 1
1722.0 467.0 1758.0 467.0 1758.0 502.0 1722.0 502.0 small-vehicle 1
1577.0 390.0 1612.0 390.0 1612.0 420.0 1577.0 420.0 small-vehicle 1
1122.0 123.0 1164.0 123.0 1164.0 155.0 1122.0 155.0 small-vehicle 1
1533.0 370.0 1568.0 370.0 1568.0 397.0 1533.0 397.0 small-vehicle 1
1490.0 338.0 1526.0 338.0 1526.0 369.0 1490.0 369.0 small-vehicle 1
1444.0 314.0 1484.0 314.0 1484.0 346.0 1444.0 346.0 small-vehicle 1
1395.0 291.0 1442.0 291.0 1442.0 324.0 1395.0 324.0 small-vehicle 1
1362.0 268.0 1401.0 268.0 1401.0 297.0 1362.0 297.0 small-vehicle 1
1074.0 99.0 1112.0 99.0 1112.0 126.0 1074.0 126.0 small-vehicle 1
4019.0 2071.0 4058.0 2071.0 4058.0 2101.0 4019.0 2101.0 small-vehicle 1
4758.0 1332.0 4778.0 1332.0 4778.0 1372.0 4758.0 1372.0 small-vehicle 1
6751.0 1996.0 6806.0 1996.0 6806.0 2037.0 6751.0 2037.0 large-vehicle 1
6019.0 1234.0 6057.0 1234.0 6057.0 1263.0 6019.0 1263.0 small-vehicle 1
5945.0 1229.0 5982.0 1229.0 5982.0 1254.0 5945.0 1254.0 small-vehicle 1
5986.0 1209.0 6020.0 1209.0 6020.0 1241.0 5986.0 1241.0 small-vehicle 1
5967.0 1203.0 6002.0 1203.0 6002.0 1232.0 5967.0 1232.0 small-vehicle 1
5948.0 1191.0 5983.0 1191.0 5983.0 1219.0 5948.0 1219.0 small-vehicle 1
5918.0 1120.0 5952.0 1120.0 5952.0 1155.0 5918.0 1155.0 small-vehicle 1
5944.0 1081.0 5973.0 1081.0 5973.0 1120.0 5944.0 1120.0 small-vehicle 1
6311.0 1029.0 6355.0 1029.0 6355.0 1067.0 6311.0 1067.0 small-vehicle 1
5954.0 1069.0 5983.0 1069.0 5983.0 1101.0 5954.0 1101.0 small-vehicle 1
5965.0 1049.0 5995.0 1049.0 5995.0 1082.0 5965.0 1082.0 small-vehicle 1
5973.0 1029.0 6005.0 1029.0 6005.0 1065.0 5973.0 1065.0 small-vehicle 1
5988.0 1015.0 6018.0 1015.0 6018.0 1051.0 5988.0 1051.0 small-vehicle 1
5997.0 994.0 6026.0 994.0 6026.0 1025.0 5997.0 1025.0 small-vehicle 1
6005.0 970.0 6037.0 970.0 6037.0 1006.0 6005.0 1006.0 small-vehicle 1
5905.0 1173.0 5935.0 1173.0 5935.0 1193.0 5905.0 1193.0 small-vehicle 1
5931.0 1174.0 5968.0 1174.0 5968.0 1208.0 5931.0 1208.0 small-vehicle 1
6001.0 1219.0 6044.0 1219.0 6044.0 1253.0 6001.0 1253.0 small-vehicle 1
6036.0 1244.0 6071.0 1244.0 6071.0 1272.0 6036.0 1272.0 small-vehicle 1
6302.0 1129.0 6340.0 1129.0 6340.0 1156.0 6302.0 1156.0 small-vehicle 1
5994.0 1266.0 6033.0 1266.0 6033.0 1293.0 5994.0 1293.0 small-vehicle 1
6506.0 747.0 6547.0 747.0 6547.0 781.0 6506.0 781.0 large-vehicle 1
6478.0 767.0 6539.0 767.0 6539.0 803.0 6478.0 803.0 large-vehicle 1
6472.0 793.0 6519.0 793.0 6519.0 829.0 6472.0 829.0 large-vehicle 1
6454.0 804.0 6512.0 804.0 6512.0 850.0 6454.0 850.0 large-vehicle 1
6431.0 843.0 6485.0 843.0 6485.0 886.0 6431.0 886.0 large-vehicle 1
6062.0 1023.0 6104.0 1023.0 6104.0 1047.0 6062.0 1047.0 small-vehicle 1
6053.0 1048.0 6088.0 1048.0 6088.0 1068.0 6053.0 1068.0 small-vehicle 1
6041.0 1063.0 6075.0 1063.0 6075.0 1084.0 6041.0 1084.0 small-vehicle 1
6028.0 1085.0 6056.0 1085.0 6056.0 1098.0 6028.0 1098.0 small-vehicle 1
6020.0 1101.0 6053.0 1101.0 6053.0 1116.0 6020.0 1116.0 small-vehicle 1
6009.0 1116.0 6046.0 1116.0 6046.0 1138.0 6009.0 1138.0 small-vehicle 1
5975.0 1253.0 6014.0 1253.0 6014.0 1278.0 5975.0 1278.0 small-vehicle 1
6002.0 1137.0 6018.0 1137.0 6018.0 1167.0 6002.0 1167.0 small-vehicle 1
6022.0 1150.0 6039.0 1150.0 6039.0 1182.0 6022.0 1182.0 small-vehicle 1
5960.0 1240.0 5996.0 1240.0 5996.0 1267.0 5960.0 1267.0 small-vehicle 1
6278.0 1167.0 6306.0 1167.0 6306.0 1186.0 6278.0 1186.0 small-vehicle 1
6406.0 862.0 6448.0 862.0 6448.0 892.0 6406.0 892.0 small-vehicle 1
6354.0 966.0 6408.0 966.0 6408.0 1004.0 6354.0 1004.0 large-vehicle 1
5982.0 1664.0 6021.0 1664.0 6021.0 1701.0 5982.0 1701.0 small-vehicle 1
5985.0 1776.0 6012.0 1776.0 6012.0 1814.0 5985.0 1814.0 small-vehicle 1
5886.0 1798.0 5932.0 1798.0 5932.0 1828.0 5886.0 1828.0 small-vehicle 1
5745.0 2038.0 5783.0 2038.0 5783.0 2065.0 5745.0 2065.0 small-vehicle 1
5916.0 2013.0 5951.0 2013.0 5951.0 2042.0 5916.0 2042.0 small-vehicle 1
5897.0 2045.0 5937.0 2045.0 5937.0 2074.0 5897.0 2074.0 small-vehicle 1
5885.0 2065.0 5925.0 2065.0 5925.0 2097.0 5885.0 2097.0 small-vehicle 1
6200.0 523.0 6226.0 523.0 6226.0 554.0 6200.0 554.0 large-vehicle 1
6229.0 121.0 6302.0 121.0 6302.0 162.0 6229.0 162.0 large-vehicle 1
6296.0 413.0 6339.0 413.0 6339.0 469.0 6296.0 469.0 large-vehicle 1
5716.0 381.0 5780.0 381.0 5780.0 428.0 5716.0 428.0 large-vehicle 1
5197.0 1510.0 5253.0 1510.0 5253.0 1557.0 5197.0 1557.0 large-vehicle 1
5847.0 1829.0 5890.0 1829.0 5890.0 1863.0 5847.0 1863.0 large-vehicle 1
5884.0 1763.0 5941.0 1763.0 5941.0 1802.0 5884.0 1802.0 large-vehicle 1
5824.0 1877.0 5874.0 1877.0 5874.0 1918.0 5824.0 1918.0 large-vehicle 1
5804.0 1906.0 5849.0 1906.0 5849.0 1944.0 5804.0 1944.0 large-vehicle 1
5929.0 1744.0 5967.0 1744.0 5967.0 1777.0 5929.0 1777.0 small-vehicle 1
6005.0 1616.0 6042.0 1616.0 6042.0 1643.0 6005.0 1643.0 small-vehicle 1
6672.0 752.0 6711.0 752.0 6711.0 784.0 6672.0 784.0 small-vehicle 1
6086.0 1660.0 6127.0 1660.0 6127.0 1693.0 6086.0 1693.0 small-vehicle 1
6674.0 477.0 6713.0 477.0 6713.0 511.0 6674.0 511.0 small-vehicle 1
6850.0 401.0 6895.0 401.0 6895.0 436.0 6850.0 436.0 small-vehicle 1
5971.0 1684.0 6006.0 1684.0 6006.0 1715.0 5971.0 1715.0 small-vehicle 1
5936.0 1727.0 5976.0 1727.0 5976.0 1754.0 5936.0 1754.0 small-vehicle 1
5910.0 1686.0 5947.0 1686.0 5947.0 1720.0 5910.0 1720.0 small-vehicle 1
6029.0 1527.0 6069.0 1527.0 6069.0 1556.0 6029.0 1556.0 small-vehicle 1
6038.0 1490.0 6080.0 1490.0 6080.0 1521.0 6038.0 1521.0 small-vehicle 1
6058.0 1479.0 6093.0 1479.0 6093.0 1511.0 6058.0 1511.0 small-vehicle 1
6091.0 1482.0 6118.0 1482.0 6118.0 1517.0 6091.0 1517.0 small-vehicle 1
6055.0 1457.0 6099.0 1457.0 6099.0 1486.0 6055.0 1486.0 small-vehicle 1
6147.0 1553.0 6187.0 1553.0 6187.0 1589.0 6147.0 1589.0 small-vehicle 1
6184.0 1572.0 6222.0 1572.0 6222.0 1607.0 6184.0 1607.0 small-vehicle 1
6220.0 1507.0 6259.0 1507.0 6259.0 1538.0 6220.0 1538.0 small-vehicle 1
6071.0 1690.0 6101.0 1690.0 6101.0 1719.0 6071.0 1719.0 small-vehicle 1
6127.0 1685.0 6158.0 1685.0 6158.0 1715.0 6127.0 1715.0 small-vehicle 1
6397.0 909.0 6453.0 909.0 6453.0 948.0 6397.0 948.0 large-vehicle 1
6342.0 983.0 6396.0 983.0 6396.0 1018.0 6342.0 1018.0 large-vehicle 1
4177.0 1648.0 4217.0 1648.0 4217.0 1682.0 4177.0 1682.0 small-vehicle 1
6860.0 2090.0 6897.0 2090.0 6897.0 2126.0 6860.0 2126.0 small-vehicle 1
6737.0 2277.0 6785.0 2277.0 6785.0 2311.0 6737.0 2311.0 small-vehicle 1
6668.0 2201.0 6712.0 2201.0 6712.0 2235.0 6668.0 2235.0 small-vehicle 1
6616.0 2228.0 6657.0 2228.0 6657.0 2258.0 6616.0 2258.0 small-vehicle 1
6692.0 2232.0 6722.0 2232.0 6722.0 2274.0 6692.0 2274.0 small-vehicle 1
6653.0 2250.0 6690.0 2250.0 6690.0 2278.0 6653.0 2278.0 small-vehicle 1
6633.0 2264.0 6670.0 2264.0 6670.0 2300.0 6633.0 2300.0 small-vehicle 1
6597.0 2248.0 6639.0 2248.0 6639.0 2277.0 6597.0 2277.0 small-vehicle 1
6616.0 2300.0 6650.0 2300.0 6650.0 2340.0 6616.0 2340.0 small-vehicle 1
6580.0 2285.0 6623.0 2285.0 6623.0 2315.0 6580.0 2315.0 small-vehicle 1
6594.0 2331.0 6632.0 2331.0 6632.0 2363.0 6594.0 2363.0 small-vehicle 1
6575.0 2364.0 6612.0 2364.0 6612.0 2391.0 6575.0 2391.0 small-vehicle 1
6545.0 2342.0 6587.0 2342.0 6587.0 2371.0 6545.0 2371.0 small-vehicle 1
6542.0 2372.0 6579.0 2372.0 6579.0 2399.0 6542.0 2399.0 small-vehicle 1
6581.0 2387.0 6619.0 2387.0 6619.0 2419.0 6581.0 2419.0 small-vehicle 1
6539.0 2390.0 6574.0 2390.0 6574.0 2415.0 6539.0 2415.0 small-vehicle 1
6798.0 2107.0 6830.0 2107.0 6830.0 2146.0 6798.0 2146.0 small-vehicle 1
6905.0 1821.0 6942.0 1821.0 6942.0 1863.0 6905.0 1863.0 small-vehicle 1
6651.0 2435.0 6690.0 2435.0 6690.0 2461.0 6651.0 2461.0 small-vehicle 1
7094.0 793.0 7126.0 793.0 7126.0 832.0 7094.0 832.0 small-vehicle 1
6669.0 2170.0 6719.0 2170.0 6719.0 2209.0 6669.0 2209.0 large-vehicle 1
6826.0 2156.0 6891.0 2156.0 6891.0 2205.0 6826.0 2205.0 large-vehicle 1
6656.0 2142.0 6715.0 2142.0 6715.0 2182.0 6656.0 2182.0 large-vehicle 1
6687.0 2095.0 6758.0 2095.0 6758.0 2142.0 6687.0 2142.0 large-vehicle 1
6766.0 1975.0 6813.0 1975.0 6813.0 2011.0 6766.0 2011.0 small-vehicle 1
6938.0 1834.0 6976.0 1834.0 6976.0 1889.0 6938.0 1889.0 small-vehicle 1
7106.0 1656.0 7142.0 1656.0 7142.0 1688.0 7106.0 1688.0 small-vehicle 1
7105.0 1674.0 7142.0 1674.0 7142.0 1705.0 7105.0 1705.0 small-vehicle 1
6928.0 1700.0 6956.0 1700.0 6956.0 1732.0 6928.0 1732.0 small-vehicle 1
6976.0 1656.0 7016.0 1656.0 7016.0 1688.0 6976.0 1688.0 small-vehicle 1
7000.0 1615.0 7040.0 1615.0 7040.0 1644.0 7000.0 1644.0 small-vehicle 1
7000.0 1590.0 7032.0 1590.0 7032.0 1617.0 7000.0 1617.0 small-vehicle 1
7015.0 1563.0 7054.0 1563.0 7054.0 1592.0 7015.0 1592.0 small-vehicle 1
7110.0 1407.0 7151.0 1407.0 7151.0 1433.0 7110.0 1433.0 small-vehicle 1
7150.0 1336.0 7193.0 1336.0 7193.0 1371.0 7150.0 1371.0 small-vehicle 1
6694.0 2439.0 6727.0 2439.0 6727.0 2466.0 6694.0 2466.0 small-vehicle 1
6647.0 2452.0 6682.0 2452.0 6682.0 2479.0 6647.0 2479.0 small-vehicle 1
6342.0 1008.0 6388.0 1008.0 6388.0 1040.0 6342.0 1040.0 large-vehicle 1
6485.0 2594.0 6526.0 2594.0 6526.0 2628.0 6485.0 2628.0 large-vehicle 1
7095.0 2959.0 7147.0 2959.0 7147.0 2997.0 7095.0 2997.0 large-vehicle 1
6903.0 2834.0 6958.0 2834.0 6958.0 2879.0 6903.0 2879.0 large-vehicle 1
6046.0 711.0 6087.0 711.0 6087.0 740.0 6046.0 740.0 large-vehicle 1
6609.0 537.0 6659.0 537.0 6659.0 573.0 6609.0 573.0 large-vehicle 1
6539.0 684.0 6587.0 684.0 6587.0 725.0 6539.0 725.0 large-vehicle 1
6734.0 619.0 6783.0 619.0 6783.0 657.0 6734.0 657.0 large-vehicle 1
6785.0 555.0 6836.0 555.0 6836.0 597.0 6785.0 597.0 large-vehicle 1
6795.0 498.0 6851.0 498.0 6851.0 542.0 6795.0 542.0 large-vehicle 1
6695.0 685.0 6753.0 685.0 6753.0 734.0 6695.0 734.0 large-vehicle 1
6553.0 902.0 6622.0 902.0 6622.0 955.0 6553.0 955.0 large-vehicle 1
6593.0 872.0 6640.0 872.0 6640.0 908.0 6593.0 908.0 large-vehicle 1
6610.0 828.0 6661.0 828.0 6661.0 868.0 6610.0 868.0 large-vehicle 1
6642.0 799.0 6693.0 799.0 6693.0 836.0 6642.0 836.0 large-vehicle 1
6437.0 1125.0 6472.0 1125.0 6472.0 1158.0 6437.0 1158.0 large-vehicle 1
6451.0 1100.0 6506.0 1100.0 6506.0 1140.0 6451.0 1140.0 large-vehicle 1
6607.0 2670.0 6652.0 2670.0 6652.0 2697.0 6607.0 2697.0 large-vehicle 1
6844.0 4498.0 6885.0 4498.0 6885.0 4515.0 6844.0 4515.0 small-vehicle 1
6616.0 2407.0 6640.0 2407.0 6640.0 2442.0 6616.0 2442.0 small-vehicle 1
6845.0 4308.0 6882.0 4308.0 6882.0 4354.0 6845.0 4354.0 small-vehicle 1
6594.0 2424.0 6621.0 2424.0 6621.0 2464.0 6594.0 2464.0 small-vehicle 1
6540.0 2413.0 6578.0 2413.0 6578.0 2442.0 6540.0 2442.0 small-vehicle 1
6510.0 2401.0 6545.0 2401.0 6545.0 2429.0 6510.0 2429.0 small-vehicle 1
6254.0 2196.0 6284.0 2196.0 6284.0 2233.0 6254.0 2233.0 small-vehicle 1
7088.0 3041.0 7121.0 3041.0 7121.0 3073.0 7088.0 3073.0 small-vehicle 1
7048.0 3022.0 7080.0 3022.0 7080.0 3049.0 7048.0 3049.0 small-vehicle 1
6921.0 2947.0 6954.0 2947.0 6954.0 2980.0 6921.0 2980.0 small-vehicle 1
6878.0 2921.0 6915.0 2921.0 6915.0 2954.0 6878.0 2954.0 small-vehicle 1
6769.0 2862.0 6813.0 2862.0 6813.0 2893.0 6769.0 2893.0 small-vehicle 1
6840.0 2902.0 6878.0 2902.0 6878.0 2934.0 6840.0 2934.0 small-vehicle 1
6744.0 2841.0 6777.0 2841.0 6777.0 2872.0 6744.0 2872.0 small-vehicle 1
6669.0 2801.0 6703.0 2801.0 6703.0 2829.0 6669.0 2829.0 small-vehicle 1
6707.0 2820.0 6739.0 2820.0 6739.0 2850.0 6707.0 2850.0 small-vehicle 1
6540.0 2714.0 6581.0 2714.0 6581.0 2750.0 6540.0 2750.0 small-vehicle 1
5931.0 2915.0 5972.0 2915.0 5972.0 2945.0 5931.0 2945.0 small-vehicle 1
5658.0 2123.0 5704.0 2123.0 5704.0 2152.0 5658.0 2152.0 large-vehicle 1
5802.0 2002.0 5842.0 2002.0 5842.0 2053.0 5802.0 2053.0 large-vehicle 1
5719.0 2137.0 5763.0 2137.0 5763.0 2196.0 5719.0 2196.0 large-vehicle 1
116.0 587.0 211.0 587.0 211.0 658.0 116.0 658.0 large-vehicle 1
4230.0 2692.0 4303.0 2692.0 4303.0 2737.0 4230.0 2737.0 large-vehicle 1
4225.0 1589.0 4264.0 1589.0 4264.0 1621.0 4225.0 1621.0 large-vehicle 1
4003.0 1760.0 4037.0 1760.0 4037.0 1802.0 4003.0 1802.0 large-vehicle 1
3935.0 1761.0 3971.0 1761.0 3971.0 1809.0 3935.0 1809.0 large-vehicle 1
4890.0 1797.0 4930.0 1797.0 4930.0 1829.0 4890.0 1829.0 large-vehicle 1
5068.0 1761.0 5116.0 1761.0 5116.0 1805.0 5068.0 1805.0 large-vehicle 1
5386.0 1912.0 5424.0 1912.0 5424.0 1955.0 5386.0 1955.0 large-vehicle 1
4955.0 1651.0 4997.0 1651.0 4997.0 1684.0 4955.0 1684.0 large-vehicle 1
4918.0 1692.0 4973.0 1692.0 4973.0 1736.0 4918.0 1736.0 large-vehicle 1
5264.0 1410.0 5328.0 1410.0 5328.0 1457.0 5264.0 1457.0 large-vehicle 1
5393.0 1222.0 5440.0 1222.0 5440.0 1260.0 5393.0 1260.0 large-vehicle 1
5420.0 1176.0 5468.0 1176.0 5468.0 1216.0 5420.0 1216.0 large-vehicle 1
5440.0 1138.0 5490.0 1138.0 5490.0 1177.0 5440.0 1177.0 large-vehicle 1
5454.0 1118.0 5505.0 1118.0 5505.0 1156.0 5454.0 1156.0 large-vehicle 1
5492.0 1065.0 5543.0 1065.0 5543.0 1098.0 5492.0 1098.0 large-vehicle 1
178.0 366.0 223.0 366.0 223.0 451.0 178.0 451.0 large-vehicle 1
348.0 590.0 414.0 590.0 414.0 641.0 348.0 641.0 large-vehicle 1
5245.0 1188.0 5295.0 1188.0 5295.0 1229.0 5245.0 1229.0 large-vehicle 1
24.0 236.0 88.0 236.0 88.0 285.0 24.0 285.0 large-vehicle 1
3121.0 1153.0 3158.0 1153.0 3158.0 1188.0 3121.0 1188.0 small-vehicle 1
2510.0 486.0 2538.0 486.0 2538.0 508.0 2510.0 508.0 small-vehicle 1
2517.0 465.0 2555.0 465.0 2555.0 497.0 2517.0 497.0 small-vehicle 1
2479.0 442.0 2516.0 442.0 2516.0 473.0 2479.0 473.0 small-vehicle 1
2482.0 1820.0 2529.0 1820.0 2529.0 1858.0 2482.0 1858.0 small-vehicle 1
2022.0 1727.0 2091.0 1727.0 2091.0 1769.0 2022.0 1769.0 large-vehicle 1
2285.0 1770.0 2331.0 1770.0 2331.0 1829.0 2285.0 1829.0 large-vehicle 1
2125.0 1671.0 2171.0 1671.0 2171.0 1736.0 2125.0 1736.0 large-vehicle 1
2048.0 1930.0 2085.0 1930.0 2085.0 1973.0 2048.0 1973.0 small-vehicle 1
799.0 1071.0 822.0 1071.0 822.0 1105.0 799.0 1105.0 small-vehicle 1
595.0 953.0 627.0 953.0 627.0 997.0 595.0 997.0 small-vehicle 1
1281.0 965.0 1314.0 965.0 1314.0 999.0 1281.0 999.0 large-vehicle 1
1749.0 124.0 1793.0 124.0 1793.0 175.0 1749.0 175.0 large-vehicle 1
1206.0 1282.0 1294.0 1282.0 1294.0 1317.0 1206.0 1317.0 large-vehicle 1
1092.0 1141.0 1194.0 1141.0 1194.0 1218.0 1092.0 1218.0 large-vehicle 1
5267.0 1157.0 5312.0 1157.0 5312.0 1192.0 5267.0 1192.0 large-vehicle 1
5209.0 1229.0 5251.0 1229.0 5251.0 1260.0 5209.0 1260.0 large-vehicle 1
6055.0 2587.0 6112.0 2587.0 6112.0 2648.0 6055.0 2648.0 large-vehicle 1
4965.0 286.0 5002.0 286.0 5002.0 317.0 4965.0 317.0 small-vehicle 1
5356.0 345.0 5389.0 345.0 5389.0 386.0 5356.0 386.0 small-vehicle 1
4824.0 533.0 4861.0 533.0 4861.0 562.0 4824.0 562.0 small-vehicle 1
4921.0 1022.0 4953.0 1022.0 4953.0 1061.0 4921.0 1061.0 small-vehicle 1
5331.0 1028.0 5370.0 1028.0 5370.0 1055.0 5331.0 1055.0 small-vehicle 1
5299.0 1087.0 5342.0 1087.0 5342.0 1120.0 5299.0 1120.0 small-vehicle 1
5107.0 1404.0 5147.0 1404.0 5147.0 1438.0 5107.0 1438.0 small-vehicle 1
5293.0 1339.0 5337.0 1339.0 5337.0 1371.0 5293.0 1371.0 small-vehicle 1
5216.0 1286.0 5252.0 1286.0 5252.0 1314.0 5216.0 1314.0 small-vehicle 1
5200.0 1296.0 5235.0 1296.0 5235.0 1326.0 5200.0 1326.0 small-vehicle 1
5202.0 1545.0 5237.0 1545.0 5237.0 1574.0 5202.0 1574.0 small-vehicle 1
5107.0 1466.0 5144.0 1466.0 5144.0 1498.0 5107.0 1498.0 small-vehicle 1
4883.0 1764.0 4921.0 1764.0 4921.0 1790.0 4883.0 1790.0 small-vehicle 1
4999.0 1802.0 5021.0 1802.0 5021.0 1838.0 4999.0 1838.0 small-vehicle 1
4918.0 1782.0 4950.0 1782.0 4950.0 1808.0 4918.0 1808.0 small-vehicle 1
4900.0 1752.0 4931.0 1752.0 4931.0 1781.0 4900.0 1781.0 small-vehicle 1
4979.0 220.0 5019.0 220.0 5019.0 252.0 4979.0 252.0 small-vehicle 1
5023.0 144.0 5060.0 144.0 5060.0 173.0 5023.0 173.0 small-vehicle 1
4240.0 1255.0 4284.0 1255.0 4284.0 1284.0 4240.0 1284.0 large-vehicle 1
5045.0 185.0 5078.0 185.0 5078.0 210.0 5045.0 210.0 small-vehicle 1
4423.0 1181.0 4463.0 1181.0 4463.0 1214.0 4423.0 1214.0 large-vehicle 1
4425.0 1161.0 4475.0 1161.0 4475.0 1195.0 4425.0 1195.0 large-vehicle 1
4489.0 765.0 4535.0 765.0 4535.0 806.0 4489.0 806.0 large-vehicle 1
4704.0 719.0 4756.0 719.0 4756.0 753.0 4704.0 753.0 large-vehicle 1
4743.0 676.0 4779.0 676.0 4779.0 706.0 4743.0 706.0 large-vehicle 1
5305.0 352.0 5340.0 352.0 5340.0 396.0 5305.0 396.0 large-vehicle 1
5313.0 365.0 5357.0 365.0 5357.0 419.0 5313.0 419.0 large-vehicle 1
5322.0 399.0 5354.0 399.0 5354.0 439.0 5322.0 439.0 large-vehicle 1
5073.0 131.0 5107.0 131.0 5107.0 161.0 5073.0 161.0 large-vehicle 1
4917.0 356.0 4953.0 356.0 4953.0 379.0 4917.0 379.0 large-vehicle 1
4978.0 272.0 5028.0 272.0 5028.0 302.0 4978.0 302.0 large-vehicle 1
4993.0 253.0 5034.0 253.0 5034.0 279.0 4993.0 279.0 large-vehicle 1
4239.0 166.0 4287.0 166.0 4287.0 203.0 4239.0 203.0 large-vehicle 1
4557.0 980.0 4596.0 980.0 4596.0 1012.0 4557.0 1012.0 small-vehicle 1
4517.0 1020.0 4558.0 1020.0 4558.0 1054.0 4517.0 1054.0 small-vehicle 1
3327.0 4166.0 3349.0 4166.0 3349.0 4203.0 3327.0 4203.0 small-vehicle 1
3356.0 4154.0 3396.0 4154.0 3396.0 4180.0 3356.0 4180.0 small-vehicle 1
3827.0 2673.0 3858.0 2673.0 3858.0 2712.0 3827.0 2712.0 small-vehicle 1
5490.0 759.0 5539.0 759.0 5539.0 794.0 5490.0 794.0 large-vehicle 1
5709.0 682.0 5761.0 682.0 5761.0 721.0 5709.0 721.0 large-vehicle 1
5706.0 658.0 5758.0 658.0 5758.0 697.0 5706.0 697.0 large-vehicle 1
5741.0 649.0 5786.0 649.0 5786.0 690.0 5741.0 690.0 large-vehicle 1
5735.0 623.0 5787.0 623.0 5787.0 665.0 5735.0 665.0 large-vehicle 1
5577.0 647.0 5621.0 647.0 5621.0 682.0 5577.0 682.0 large-vehicle 1
5579.0 612.0 5621.0 612.0 5621.0 650.0 5579.0 650.0 large-vehicle 1
5601.0 601.0 5647.0 601.0 5647.0 633.0 5601.0 633.0 large-vehicle 1
5597.0 573.0 5652.0 573.0 5652.0 609.0 5597.0 609.0 large-vehicle 1
5623.0 538.0 5674.0 538.0 5674.0 581.0 5623.0 581.0 large-vehicle 1
5661.0 481.0 5707.0 481.0 5707.0 519.0 5661.0 519.0 large-vehicle 1
5699.0 459.0 5743.0 459.0 5743.0 497.0 5699.0 497.0 large-vehicle 1
5660.0 457.0 5708.0 457.0 5708.0 494.0 5660.0 494.0 large-vehicle 1
5845.0 443.0 5881.0 443.0 5881.0 479.0 5845.0 479.0 large-vehicle 1
5860.0 415.0 5900.0 415.0 5900.0 452.0 5860.0 452.0 large-vehicle 1
5934.0 264.0 5983.0 264.0 5983.0 308.0 5934.0 308.0 large-vehicle 1
5711.0 720.0 5762.0 720.0 5762.0 756.0 5711.0 756.0 large-vehicle 1
5500.0 784.0 5548.0 784.0 5548.0 822.0 5500.0 822.0 large-vehicle 1
4248.0 378.0 4285.0 378.0 4285.0 426.0 4248.0 426.0 large-vehicle 1
5411.0 896.0 5459.0 896.0 5459.0 929.0 5411.0 929.0 large-vehicle 1
5484.0 2194.0 5539.0 2194.0 5539.0 2214.0 5484.0 2214.0 large-vehicle 1
6401.0 2637.0 6443.0 2637.0 6443.0 2664.0 6401.0 2664.0 small-vehicle 1
6337.0 2592.0 6376.0 2592.0 6376.0 2626.0 6337.0 2626.0 small-vehicle 1
5947.0 2945.0 5994.0 2945.0 5994.0 2985.0 5947.0 2985.0 small-vehicle 1
5646.0 2895.0 5687.0 2895.0 5687.0 2935.0 5646.0 2935.0 small-vehicle 1
5711.0 3632.0 5757.0 3632.0 5757.0 3678.0 5711.0 3678.0 small-vehicle 1
5279.0 3474.0 5327.0 3474.0 5327.0 3510.0 5279.0 3510.0 large-vehicle 1
5485.0 3534.0 5533.0 3534.0 5533.0 3570.0 5485.0 3570.0 large-vehicle 1
6126.0 3940.0 6179.0 3940.0 6179.0 3981.0 6126.0 3981.0 large-vehicle 1
5955.0 3840.0 6039.0 3840.0 6039.0 3898.0 5955.0 3898.0 large-vehicle 1
5936.0 2287.0 5977.0 2287.0 5977.0 2311.0 5936.0 2311.0 small-vehicle 1
5710.0 2270.0 5755.0 2270.0 5755.0 2297.0 5710.0 2297.0 small-vehicle 1
5961.0 214.0 6001.0 214.0 6001.0 246.0 5961.0 246.0 small-vehicle 1
5508.0 719.0 5582.0 719.0 5582.0 769.0 5508.0 769.0 large-vehicle 1
5457.0 833.0 5508.0 833.0 5508.0 872.0 5457.0 872.0 large-vehicle 1
5772.0 327.0 5823.0 327.0 5823.0 361.0 5772.0 361.0 large-vehicle 1
6344.0 184.0 6376.0 184.0 6376.0 216.0 6344.0 216.0 small-vehicle 1
6039.0 732.0 6075.0 732.0 6075.0 757.0 6039.0 757.0 small-vehicle 1
6031.0 747.0 6067.0 747.0 6067.0 780.0 6031.0 780.0 small-vehicle 1
4581.0 2893.0 4645.0 2893.0 4645.0 2946.0 4581.0 2946.0 large-vehicle 1
4265.0 2862.0 4332.0 2862.0 4332.0 2916.0 4265.0 2916.0 large-vehicle 1
3242.0 2220.0 3282.0 2220.0 3282.0 2254.0 3242.0 2254.0 small-vehicle 1
3953.0 2560.0 3996.0 2560.0 3996.0 2604.0 3953.0 2604.0 large-vehicle 1
3889.0 2525.0 3936.0 2525.0 3936.0 2571.0 3889.0 2571.0 large-vehicle 1
3797.0 2468.0 3834.0 2468.0 3834.0 2508.0 3797.0 2508.0 large-vehicle 1
3751.0 2448.0 3789.0 2448.0 3789.0 2483.0 3751.0 2483.0 large-vehicle 1
3732.0 2430.0 3768.0 2430.0 3768.0 2464.0 3732.0 2464.0 large-vehicle 1
3709.0 2420.0 3744.0 2420.0 3744.0 2456.0 3709.0 2456.0 large-vehicle 1
3681.0 2402.0 3726.0 2402.0 3726.0 2440.0 3681.0 2440.0 large-vehicle 1
3598.0 1538.0 3657.0 1538.0 3657.0 1576.0 3598.0 1576.0 large-vehicle 1
3637.0 1374.0 3680.0 1374.0 3680.0 1408.0 3637.0 1408.0 large-vehicle 1
3595.0 1299.0 3646.0 1299.0 3646.0 1331.0 3595.0 1331.0 large-vehicle 1
3683.0 1141.0 3716.0 1141.0 3716.0 1184.0 3683.0 1184.0 large-vehicle 1
3703.0 1109.0 3730.0 1109.0 3730.0 1157.0 3703.0 1157.0 large-vehicle 1
4802.0 3089.0 4843.0 3089.0 4843.0 3127.0 4802.0 3127.0 large-vehicle 1
4860.0 3119.0 4901.0 3119.0 4901.0 3163.0 4860.0 3163.0 large-vehicle 1
4771.0 3004.0 4817.0 3004.0 4817.0 3050.0 4771.0 3050.0 large-vehicle 1
5854.0 197.0 5896.0 197.0 5896.0 226.0 5854.0 226.0 small-vehicle 1
5742.0 341.0 5777.0 341.0 5777.0 369.0 5742.0 369.0 small-vehicle 1
5801.0 299.0 5838.0 299.0 5838.0 328.0 5801.0 328.0 small-vehicle 1
5866.0 174.0 5901.0 174.0 5901.0 201.0 5866.0 201.0 small-vehicle 1
5973.0 161.0 5997.0 161.0 5997.0 196.0 5973.0 196.0 small-vehicle 1
5814.0 214.0 5849.0 214.0 5849.0 241.0 5814.0 241.0 small-vehicle 1
5847.0 235.0 5883.0 235.0 5883.0 257.0 5847.0 257.0 small-vehicle 1
6101.0 71.0 6140.0 71.0 6140.0 94.0 6101.0 94.0 small-vehicle 1
4826.0 3042.0 4868.0 3042.0 4868.0 3079.0 4826.0 3079.0 large-vehicle 1
4272.0 2066.0 4303.0 2066.0 4303.0 2099.0 4272.0 2099.0 small-vehicle 1
5069.0 1525.0 5105.0 1525.0 5105.0 1560.0 5069.0 1560.0 small-vehicle 1
5035.0 1508.0 5073.0 1508.0 5073.0 1535.0 5035.0 1535.0 small-vehicle 1
4137.0 1359.0 4181.0 1359.0 4181.0 1399.0 4137.0 1399.0 small-vehicle 1
4632.0 810.0 4697.0 810.0 4697.0 851.0 4632.0 851.0 large-vehicle 1
4614.0 826.0 4691.0 826.0 4691.0 875.0 4614.0 875.0 large-vehicle 1
450.0 962.0 832.0 962.0 832.0 1335.0 450.0 1335.0 plane 0
