imagesource:GoogleEarth
gsd:0.267745580661
3298.0 852.0 3350.0 852.0 3350.0 881.0 3298.0 881.0 large-vehicle 1
2415.0 1687.0 2619.0 1687.0 2619.0 1921.0 2415.0 1921.0 plane 0
350.0 283.0 357.0 283.0 357.0 301.0 350.0 301.0 small-vehicle 1
339.0 284.0 347.0 284.0 347.0 302.0 339.0 302.0 small-vehicle 1
329.0 282.0 336.0 282.0 336.0 302.0 329.0 302.0 small-vehicle 1
318.0 280.0 326.0 280.0 326.0 301.0 318.0 301.0 small-vehicle 1
306.0 283.0 314.0 283.0 314.0 304.0 306.0 304.0 small-vehicle 1
677.0 242.0 687.0 242.0 687.0 263.0 677.0 263.0 small-vehicle 1
664.0 243.0 674.0 243.0 674.0 262.0 664.0 262.0 small-vehicle 1
656.0 242.0 664.0 242.0 664.0 261.0 656.0 261.0 small-vehicle 1
647.0 241.0 653.0 241.0 653.0 262.0 647.0 262.0 small-vehicle 1
636.0 240.0 643.0 240.0 643.0 260.0 636.0 260.0 small-vehicle 1
616.0 243.0 624.0 243.0 624.0 262.0 616.0 262.0 small-vehicle 1
604.0 239.0 614.0 239.0 614.0 264.0 604.0 264.0 small-vehicle 1
595.0 242.0 603.0 242.0 603.0 261.0 595.0 261.0 small-vehicle 1
583.0 241.0 592.0 241.0 592.0 262.0 583.0 262.0 small-vehicle 1
563.0 241.0 572.0 241.0 572.0 260.0 563.0 260.0 small-vehicle 1
553.0 237.0 562.0 237.0 562.0 263.0 553.0 263.0 small-vehicle 1
544.0 240.0 551.0 240.0 551.0 259.0 544.0 259.0 small-vehicle 1
362.0 281.0 370.0 281.0 370.0 301.0 362.0 301.0 small-vehicle 1
372.0 283.0 380.0 283.0 380.0 303.0 372.0 303.0 small-vehicle 1
382.0 286.0 390.0 286.0 390.0 305.0 382.0 305.0 small-vehicle 1
498.0 287.0 509.0 287.0 509.0 306.0 498.0 306.0 small-vehicle 1
611.0 290.0 619.0 290.0 619.0 309.0 611.0 309.0 small-vehicle 1
602.0 288.0 610.0 288.0 610.0 310.0 602.0 310.0 small-vehicle 1
592.0 289.0 602.0 289.0 602.0 308.0 592.0 308.0 small-vehicle 1
561.0 287.0 569.0 287.0 569.0 307.0 561.0 307.0 small-vehicle 1
551.0 288.0 560.0 288.0 560.0 308.0 551.0 308.0 small-vehicle 1
540.0 286.0 549.0 286.0 549.0 308.0 540.0 308.0 small-vehicle 1
519.0 283.0 528.0 283.0 528.0 308.0 519.0 308.0 small-vehicle 1
488.0 285.0 496.0 285.0 496.0 304.0 488.0 304.0 small-vehicle 1
393.0 283.0 402.0 283.0 402.0 304.0 393.0 304.0 small-vehicle 1
469.0 285.0 479.0 285.0 479.0 303.0 469.0 303.0 small-vehicle 1
457.0 281.0 466.0 281.0 466.0 304.0 457.0 304.0 small-vehicle 1
448.0 284.0 457.0 284.0 457.0 304.0 448.0 304.0 small-vehicle 1
437.0 284.0 446.0 284.0 446.0 303.0 437.0 303.0 small-vehicle 1
425.0 282.0 434.0 282.0 434.0 302.0 425.0 302.0 small-vehicle 1
416.0 283.0 423.0 283.0 423.0 304.0 416.0 304.0 small-vehicle 1
403.0 285.0 412.0 285.0 412.0 305.0 403.0 305.0 small-vehicle 1
532.0 241.0 540.0 241.0 540.0 258.0 532.0 258.0 small-vehicle 1
522.0 238.0 530.0 238.0 530.0 258.0 522.0 258.0 small-vehicle 1
511.0 237.0 520.0 237.0 520.0 256.0 511.0 256.0 small-vehicle 1
2590.0 2236.0 2655.0 2236.0 2655.0 2312.0 2590.0 2312.0 plane 0
3129.0 1877.0 3369.0 1877.0 3369.0 2112.0 3129.0 2112.0 plane 0
3117.0 2022.0 3209.0 2022.0 3209.0 2108.0 3117.0 2108.0 plane 0
3088.0 2088.0 3141.0 2088.0 3141.0 2134.0 3088.0 2134.0 plane 0
2971.0 2055.0 3121.0 2055.0 3121.0 2197.0 2971.0 2197.0 plane 0
2843.0 2053.0 3012.0 2053.0 3012.0 2202.0 2843.0 2202.0 plane 0
2608.0 2153.0 2746.0 2153.0 2746.0 2304.0 2608.0 2304.0 plane 0
2613.0 2272.0 2686.0 2272.0 2686.0 2345.0 2613.0 2345.0 plane 0
2567.0 2165.0 2658.0 2165.0 2658.0 2250.0 2567.0 2250.0 plane 0
3464.0 1774.0 3580.0 1774.0 3580.0 1908.0 3464.0 1908.0 plane 0
2680.0 2041.0 2873.0 2041.0 2873.0 2238.0 2680.0 2238.0 plane 0
2511.0 2023.0 2695.0 2023.0 2695.0 2188.0 2511.0 2188.0 plane 0
2326.0 2333.0 2478.0 2333.0 2478.0 2478.0 2326.0 2478.0 plane 0
2239.0 2187.0 2322.0 2187.0 2322.0 2289.0 2239.0 2289.0 plane 0
2061.0 2162.0 2218.0 2162.0 2218.0 2303.0 2061.0 2303.0 plane 0
2112.0 2044.0 2300.0 2044.0 2300.0 2244.0 2112.0 2244.0 plane 0
2674.0 1913.0 2845.0 1913.0 2845.0 2080.0 2674.0 2080.0 plane 0
3365.0 1841.0 3478.0 1841.0 3478.0 1970.0 3365.0 1970.0 plane 0
3546.0 1707.0 3658.0 1707.0 3658.0 1838.0 3546.0 1838.0 plane 0
492.0 241.0 500.0 241.0 500.0 259.0 492.0 259.0 small-vehicle 1
395.0 234.0 403.0 234.0 403.0 251.0 395.0 251.0 small-vehicle 1
470.0 237.0 479.0 237.0 479.0 256.0 470.0 256.0 small-vehicle 1
461.0 234.0 468.0 234.0 468.0 254.0 461.0 254.0 small-vehicle 1
450.0 237.0 458.0 237.0 458.0 255.0 450.0 255.0 small-vehicle 1
439.0 234.0 447.0 234.0 447.0 254.0 439.0 254.0 small-vehicle 1
426.0 238.0 436.0 238.0 436.0 258.0 426.0 258.0 small-vehicle 1
418.0 235.0 425.0 235.0 425.0 255.0 418.0 255.0 small-vehicle 1
405.0 239.0 414.0 239.0 414.0 258.0 405.0 258.0 small-vehicle 1
374.0 235.0 382.0 235.0 382.0 253.0 374.0 253.0 small-vehicle 1
1742.0 1492.0 1840.0 1492.0 1840.0 1578.0 1742.0 1578.0 plane 0
352.0 234.0 362.0 234.0 362.0 254.0 352.0 254.0 small-vehicle 1
342.0 234.0 350.0 234.0 350.0 253.0 342.0 253.0 small-vehicle 1
709.0 142.0 725.0 142.0 725.0 163.0 709.0 163.0 small-vehicle 1
516.0 81.0 539.0 81.0 539.0 90.0 516.0 90.0 small-vehicle 1
285.0 231.0 295.0 231.0 295.0 248.0 285.0 248.0 small-vehicle 1
3758.0 789.0 3860.0 789.0 3860.0 888.0 3758.0 888.0 roundabout 0
3781.0 812.0 3839.0 812.0 3839.0 859.0 3781.0 859.0 plane 0
622.0 288.0 631.0 288.0 631.0 309.0 622.0 309.0 small-vehicle 1
633.0 287.0 642.0 287.0 642.0 309.0 633.0 309.0 small-vehicle 1
650.0 289.0 662.0 289.0 662.0 309.0 650.0 309.0 small-vehicle 1
576.0 361.0 585.0 361.0 585.0 384.0 576.0 384.0 small-vehicle 1
469.0 362.0 480.0 362.0 480.0 381.0 469.0 381.0 small-vehicle 1
482.0 362.0 490.0 362.0 490.0 381.0 482.0 381.0 small-vehicle 1
493.0 358.0 501.0 358.0 501.0 382.0 493.0 382.0 small-vehicle 1
503.0 362.0 512.0 362.0 512.0 382.0 503.0 382.0 small-vehicle 1
513.0 357.0 521.0 357.0 521.0 377.0 513.0 377.0 small-vehicle 1
537.0 361.0 544.0 361.0 544.0 384.0 537.0 384.0 small-vehicle 1
554.0 363.0 563.0 363.0 563.0 382.0 554.0 382.0 small-vehicle 1
597.0 363.0 606.0 363.0 606.0 384.0 597.0 384.0 small-vehicle 1
430.0 360.0 440.0 360.0 440.0 381.0 430.0 381.0 small-vehicle 1
607.0 364.0 618.0 364.0 618.0 388.0 607.0 388.0 small-vehicle 1
617.0 363.0 629.0 363.0 629.0 387.0 617.0 387.0 small-vehicle 1
630.0 365.0 639.0 365.0 639.0 387.0 630.0 387.0 small-vehicle 1
687.0 401.0 710.0 401.0 710.0 411.0 687.0 411.0 small-vehicle 1
741.0 384.0 762.0 384.0 762.0 400.0 741.0 400.0 small-vehicle 1
689.0 389.0 709.0 389.0 709.0 401.0 689.0 401.0 small-vehicle 1
637.0 366.0 649.0 366.0 649.0 387.0 637.0 387.0 small-vehicle 1
461.0 361.0 470.0 361.0 470.0 381.0 461.0 381.0 small-vehicle 1
410.0 358.0 419.0 358.0 419.0 379.0 410.0 379.0 small-vehicle 1
658.0 365.0 669.0 365.0 669.0 382.0 658.0 382.0 small-vehicle 1
290.0 441.0 311.0 441.0 311.0 450.0 290.0 450.0 small-vehicle 1
298.0 3326.0 308.0 3326.0 308.0 3345.0 298.0 3345.0 small-vehicle 1
284.0 517.0 303.0 517.0 303.0 527.0 284.0 527.0 small-vehicle 1
286.0 503.0 310.0 503.0 310.0 516.0 286.0 516.0 small-vehicle 1
287.0 489.0 311.0 489.0 311.0 503.0 287.0 503.0 small-vehicle 1
290.0 478.0 310.0 478.0 310.0 490.0 290.0 490.0 small-vehicle 1
288.0 465.0 313.0 465.0 313.0 475.0 288.0 475.0 small-vehicle 1
289.0 456.0 312.0 456.0 312.0 464.0 289.0 464.0 small-vehicle 1
287.0 432.0 311.0 432.0 311.0 440.0 287.0 440.0 small-vehicle 1
399.0 357.0 407.0 357.0 407.0 378.0 399.0 378.0 small-vehicle 1
289.0 421.0 312.0 421.0 312.0 430.0 289.0 430.0 small-vehicle 1
289.0 387.0 313.0 387.0 313.0 397.0 289.0 397.0 small-vehicle 1
293.0 354.0 303.0 354.0 303.0 376.0 293.0 376.0 small-vehicle 1
315.0 356.0 323.0 356.0 323.0 378.0 315.0 378.0 small-vehicle 1
328.0 354.0 338.0 354.0 338.0 376.0 328.0 376.0 small-vehicle 1
349.0 354.0 357.0 354.0 357.0 380.0 349.0 380.0 small-vehicle 1
362.0 353.0 370.0 353.0 370.0 377.0 362.0 377.0 small-vehicle 1
649.0 366.0 657.0 366.0 657.0 389.0 649.0 389.0 small-vehicle 1
670.0 366.0 680.0 366.0 680.0 383.0 670.0 383.0 small-vehicle 1
663.0 290.0 673.0 290.0 673.0 311.0 663.0 311.0 small-vehicle 1
394.0 307.0 401.0 307.0 401.0 326.0 394.0 326.0 small-vehicle 1
499.0 312.0 508.0 312.0 508.0 329.0 499.0 329.0 small-vehicle 1
487.0 308.0 496.0 308.0 496.0 328.0 487.0 328.0 small-vehicle 1
467.0 306.0 478.0 306.0 478.0 327.0 467.0 327.0 small-vehicle 1
456.0 308.0 467.0 308.0 467.0 327.0 456.0 327.0 small-vehicle 1
445.0 308.0 455.0 308.0 455.0 327.0 445.0 327.0 small-vehicle 1
413.0 308.0 424.0 308.0 424.0 328.0 413.0 328.0 small-vehicle 1
403.0 308.0 413.0 308.0 413.0 329.0 403.0 329.0 small-vehicle 1
381.0 306.0 391.0 306.0 391.0 326.0 381.0 326.0 small-vehicle 1
520.0 311.0 528.0 311.0 528.0 329.0 520.0 329.0 small-vehicle 1
370.0 309.0 378.0 309.0 378.0 327.0 370.0 327.0 small-vehicle 1
349.0 306.0 358.0 306.0 358.0 326.0 349.0 326.0 small-vehicle 1
327.0 304.0 336.0 304.0 336.0 325.0 327.0 325.0 small-vehicle 1
305.0 307.0 315.0 307.0 315.0 325.0 305.0 325.0 small-vehicle 1
683.0 311.0 694.0 311.0 694.0 332.0 683.0 332.0 small-vehicle 1
684.0 289.0 694.0 289.0 694.0 310.0 684.0 310.0 small-vehicle 1
674.0 289.0 681.0 289.0 681.0 308.0 674.0 308.0 small-vehicle 1
509.0 310.0 518.0 310.0 518.0 330.0 509.0 330.0 small-vehicle 1
539.0 308.0 547.0 308.0 547.0 328.0 539.0 328.0 small-vehicle 1
681.0 366.0 691.0 366.0 691.0 385.0 681.0 385.0 small-vehicle 1
672.0 312.0 681.0 312.0 681.0 332.0 672.0 332.0 small-vehicle 1
817.0 371.0 827.0 371.0 827.0 394.0 817.0 394.0 small-vehicle 1
782.0 369.0 791.0 369.0 791.0 391.0 782.0 391.0 small-vehicle 1
768.0 362.0 777.0 362.0 777.0 383.0 768.0 383.0 small-vehicle 1
756.0 343.0 778.0 343.0 778.0 359.0 756.0 359.0 small-vehicle 1
780.0 342.0 799.0 342.0 799.0 366.0 780.0 366.0 small-vehicle 1
805.0 287.0 813.0 287.0 813.0 309.0 805.0 309.0 small-vehicle 1
760.0 304.0 779.0 304.0 779.0 311.0 760.0 311.0 small-vehicle 1
660.0 312.0 670.0 312.0 670.0 331.0 660.0 331.0 small-vehicle 1
557.0 313.0 567.0 313.0 567.0 333.0 557.0 333.0 small-vehicle 1
652.0 313.0 660.0 313.0 660.0 331.0 652.0 331.0 small-vehicle 1
643.0 311.0 651.0 311.0 651.0 331.0 643.0 331.0 small-vehicle 1
633.0 313.0 642.0 313.0 642.0 335.0 633.0 335.0 small-vehicle 1
622.0 310.0 632.0 310.0 632.0 332.0 622.0 332.0 small-vehicle 1
611.0 314.0 620.0 314.0 620.0 332.0 611.0 332.0 small-vehicle 1
599.0 314.0 609.0 314.0 609.0 332.0 599.0 332.0 small-vehicle 1
579.0 311.0 591.0 311.0 591.0 330.0 579.0 330.0 small-vehicle 1
2734.0 1657.0 2980.0 1657.0 2980.0 1918.0 2734.0 1918.0 plane 0
1575.0 1785.0 1736.0 1785.0 1736.0 1936.0 1575.0 1936.0 plane 0
273.0 3361.0 294.0 3361.0 294.0 3370.0 273.0 3370.0 small-vehicle 1
3006.0 1450.0 3066.0 1450.0 3066.0 1514.0 3006.0 1514.0 plane 0
2436.0 602.0 2490.0 602.0 2490.0 656.0 2436.0 656.0 plane 0
2491.0 544.0 2540.0 544.0 2540.0 602.0 2491.0 602.0 plane 0
2495.0 597.0 2550.0 597.0 2550.0 655.0 2495.0 655.0 plane 0
2543.0 592.0 2580.0 592.0 2580.0 649.0 2543.0 649.0 plane 0
2543.0 537.0 2597.0 537.0 2597.0 588.0 2543.0 588.0 plane 0
2572.0 601.0 2624.0 601.0 2624.0 651.0 2572.0 651.0 plane 0
2612.0 544.0 2665.0 544.0 2665.0 602.0 2612.0 602.0 plane 0
2681.0 522.0 2767.0 522.0 2767.0 606.0 2681.0 606.0 plane 0
2616.0 600.0 2668.0 600.0 2668.0 648.0 2616.0 648.0 plane 0
2669.0 599.0 2718.0 599.0 2718.0 641.0 2669.0 641.0 plane 0
2722.0 582.0 2774.0 582.0 2774.0 631.0 2722.0 631.0 plane 0
2776.0 594.0 2827.0 594.0 2827.0 640.0 2776.0 640.0 plane 0
2830.0 578.0 2879.0 578.0 2879.0 641.0 2830.0 641.0 plane 0
2809.0 520.0 2869.0 520.0 2869.0 592.0 2809.0 592.0 plane 0
2857.0 523.0 2915.0 523.0 2915.0 590.0 2857.0 590.0 plane 0
2878.0 580.0 2933.0 580.0 2933.0 640.0 2878.0 640.0 plane 0
2927.0 592.0 2980.0 592.0 2980.0 647.0 2927.0 647.0 plane 0
2450.0 548.0 2484.0 548.0 2484.0 592.0 2450.0 592.0 plane 0
2378.0 603.0 2433.0 603.0 2433.0 663.0 2378.0 663.0 plane 0
2408.0 546.0 2461.0 546.0 2461.0 620.0 2408.0 620.0 plane 0
2902.0 789.0 2970.0 789.0 2970.0 857.0 2902.0 857.0 plane 0
1629.0 1073.0 1824.0 1073.0 1824.0 1272.0 1629.0 1272.0 plane 0
1623.0 1089.0 1699.0 1089.0 1699.0 1163.0 1623.0 1163.0 plane 0
1412.0 955.0 1695.0 955.0 1695.0 1229.0 1412.0 1229.0 plane 0
1443.0 893.0 1595.0 893.0 1595.0 1040.0 1443.0 1040.0 plane 0
1301.0 740.0 1554.0 740.0 1554.0 996.0 1301.0 996.0 plane 0
2777.0 890.0 2831.0 890.0 2831.0 927.0 2777.0 927.0 plane 0
2771.0 816.0 2855.0 816.0 2855.0 896.0 2771.0 896.0 plane 0
2861.0 757.0 2940.0 757.0 2940.0 836.0 2861.0 836.0 plane 0
2367.0 545.0 2412.0 545.0 2412.0 592.0 2367.0 592.0 plane 0
2826.0 723.0 2884.0 723.0 2884.0 786.0 2826.0 786.0 plane 0
2779.0 713.0 2827.0 713.0 2827.0 781.0 2779.0 781.0 plane 0
2711.0 699.0 2785.0 699.0 2785.0 791.0 2711.0 791.0 plane 0
2623.0 707.0 2703.0 707.0 2703.0 798.0 2623.0 798.0 plane 0
2542.0 709.0 2629.0 709.0 2629.0 805.0 2542.0 805.0 plane 0
2491.0 710.0 2567.0 710.0 2567.0 788.0 2491.0 788.0 plane 0
2436.0 719.0 2500.0 719.0 2500.0 790.0 2436.0 790.0 plane 0
2993.0 600.0 3041.0 600.0 3041.0 658.0 2993.0 658.0 plane 0
3033.0 605.0 3085.0 605.0 3085.0 671.0 3033.0 671.0 plane 0
2907.0 525.0 2961.0 525.0 2961.0 580.0 2907.0 580.0 plane 0
1852.0 211.0 2189.0 211.0 2189.0 504.0 1852.0 504.0 plane 0
3033.0 340.0 3062.0 340.0 3062.0 409.0 3033.0 409.0 helicopter 0
2938.0 322.0 3050.0 322.0 3050.0 433.0 2938.0 433.0 plane 0
2840.0 320.0 2967.0 320.0 2967.0 444.0 2840.0 444.0 plane 0
2761.0 318.0 2890.0 318.0 2890.0 454.0 2761.0 454.0 plane 0
2698.0 362.0 2805.0 362.0 2805.0 462.0 2698.0 462.0 plane 0
2448.0 244.0 2756.0 244.0 2756.0 529.0 2448.0 529.0 plane 0
2195.0 236.0 2498.0 236.0 2498.0 525.0 2195.0 525.0 plane 0
1691.0 236.0 1888.0 236.0 1888.0 428.0 1691.0 428.0 plane 0
3082.0 339.0 3104.0 339.0 3104.0 408.0 3082.0 408.0 helicopter 0
1485.0 213.0 1724.0 213.0 1724.0 446.0 1485.0 446.0 plane 0
1350.0 585.0 1497.0 585.0 1497.0 762.0 1350.0 762.0 plane 0
1345.0 418.0 1495.0 418.0 1495.0 594.0 1345.0 594.0 plane 0
1337.0 208.0 1548.0 208.0 1548.0 423.0 1337.0 423.0 plane 0
875.0 2984.0 999.0 2984.0 999.0 3112.0 875.0 3112.0 baseball-diamond 0
465.0 1935.0 646.0 1935.0 646.0 2136.0 465.0 2136.0 baseball-diamond 0
381.0 2727.0 525.0 2727.0 525.0 2866.0 381.0 2866.0 baseball-diamond 0
3064.0 359.0 3084.0 359.0 3084.0 415.0 3064.0 415.0 helicopter 0
3100.0 359.0 3122.0 359.0 3122.0 402.0 3100.0 402.0 helicopter 0
2946.0 514.0 3003.0 514.0 3003.0 577.0 2946.0 577.0 plane 0
3348.0 353.0 3469.0 353.0 3469.0 463.0 3348.0 463.0 helicopter 0
2989.0 504.0 3035.0 504.0 3035.0 574.0 2989.0 574.0 plane 0
3026.0 490.0 3096.0 490.0 3096.0 576.0 3026.0 576.0 plane 0
3249.0 464.0 3353.0 464.0 3353.0 543.0 3249.0 543.0 helicopter 0
3516.0 323.0 3574.0 323.0 3574.0 365.0 3516.0 365.0 plane 0
3575.0 312.0 3670.0 312.0 3670.0 404.0 3575.0 404.0 plane 0
3424.0 306.0 3524.0 306.0 3524.0 400.0 3424.0 400.0 plane 0
3342.0 270.0 3484.0 270.0 3484.0 407.0 3342.0 407.0 helicopter 0
3389.0 417.0 3491.0 417.0 3491.0 511.0 3389.0 511.0 helicopter 0
3117.0 358.0 3146.0 358.0 3146.0 404.0 3117.0 404.0 helicopter 0
3286.0 326.0 3315.0 326.0 3315.0 395.0 3286.0 395.0 helicopter 0
3257.0 326.0 3287.0 326.0 3287.0 395.0 3257.0 395.0 helicopter 0
3250.0 341.0 3269.0 341.0 3269.0 394.0 3250.0 394.0 helicopter 0
3220.0 345.0 3241.0 345.0 3241.0 396.0 3220.0 396.0 helicopter 0
3194.0 325.0 3220.0 325.0 3220.0 398.0 3194.0 398.0 helicopter 0
3169.0 321.0 3199.0 321.0 3199.0 398.0 3169.0 398.0 helicopter 0
3142.0 328.0 3167.0 328.0 3167.0 397.0 3142.0 397.0 helicopter 0
1752.0 1140.0 1948.0 1140.0 1948.0 1332.0 1752.0 1332.0 plane 0
1752.0 478.0 1910.0 478.0 1910.0 606.0 1752.0 606.0 plane 0
1684.0 471.0 1752.0 471.0 1752.0 538.0 1684.0 538.0 plane 0
3044.0 1152.0 3116.0 1152.0 3116.0 1243.0 3044.0 1243.0 plane 0
2770.0 1277.0 2857.0 1277.0 2857.0 1385.0 2770.0 1385.0 plane 0
2850.0 1241.0 2935.0 1241.0 2935.0 1338.0 2850.0 1338.0 plane 0
3144.0 1215.0 3217.0 1215.0 3217.0 1286.0 3144.0 1286.0 plane 0
3038.0 1257.0 3111.0 1257.0 3111.0 1329.0 3038.0 1329.0 plane 0
2906.0 1345.0 2942.0 1345.0 2942.0 1385.0 2906.0 1385.0 plane 0
2976.0 1279.0 3052.0 1279.0 3052.0 1354.0 2976.0 1354.0 plane 0
2980.0 1185.0 3059.0 1185.0 3059.0 1273.0 2980.0 1273.0 plane 0
3108.0 1130.0 3158.0 1130.0 3158.0 1211.0 3108.0 1211.0 plane 0
2663.0 1295.0 2748.0 1295.0 2748.0 1383.0 2663.0 1383.0 plane 0
3151.0 1093.0 3216.0 1093.0 3216.0 1175.0 3151.0 1175.0 plane 0
3032.0 1007.0 3120.0 1007.0 3120.0 1076.0 3032.0 1076.0 plane 0
3037.0 963.0 3100.0 963.0 3100.0 1029.0 3037.0 1029.0 plane 0
2994.0 1039.0 3081.0 1039.0 3081.0 1107.0 2994.0 1107.0 plane 0
2986.0 971.0 3060.0 971.0 3060.0 1045.0 2986.0 1045.0 plane 0
2941.0 1052.0 3025.0 1052.0 3025.0 1136.0 2941.0 1136.0 plane 0
2912.0 998.0 3000.0 998.0 3000.0 1082.0 2912.0 1082.0 plane 0
2729.0 1297.0 2804.0 1297.0 2804.0 1379.0 2729.0 1379.0 plane 0
2613.0 1336.0 2691.0 1336.0 2691.0 1402.0 2613.0 1402.0 plane 0
2846.0 1012.0 2946.0 1012.0 2946.0 1122.0 2846.0 1122.0 plane 0
2803.0 1447.0 2851.0 1447.0 2851.0 1489.0 2803.0 1489.0 plane 0
2974.0 1480.0 3031.0 1480.0 3031.0 1541.0 2974.0 1541.0 plane 0
2919.0 1496.0 3021.0 1496.0 3021.0 1595.0 2919.0 1595.0 plane 0
2828.0 1498.0 2961.0 1498.0 2961.0 1641.0 2828.0 1641.0 plane 0
2740.0 1538.0 2888.0 1538.0 2888.0 1678.0 2740.0 1678.0 plane 0
2619.0 1563.0 2768.0 1563.0 2768.0 1711.0 2619.0 1711.0 plane 0
2466.0 1540.0 2640.0 1540.0 2640.0 1718.0 2466.0 1718.0 plane 0
2416.0 1563.0 2502.0 1563.0 2502.0 1650.0 2416.0 1650.0 plane 0
2756.0 1456.0 2803.0 1456.0 2803.0 1493.0 2756.0 1493.0 plane 0
2562.0 1305.0 2640.0 1305.0 2640.0 1367.0 2562.0 1367.0 plane 0
2719.0 1461.0 2764.0 1461.0 2764.0 1505.0 2719.0 1505.0 plane 0
2660.0 1465.0 2730.0 1465.0 2730.0 1530.0 2660.0 1530.0 plane 0
2617.0 1478.0 2671.0 1478.0 2671.0 1527.0 2617.0 1527.0 plane 0
2568.0 1476.0 2629.0 1476.0 2629.0 1534.0 2568.0 1534.0 plane 0
2475.0 1428.0 2606.0 1428.0 2606.0 1542.0 2475.0 1542.0 plane 0
2458.0 1432.0 2514.0 1432.0 2514.0 1484.0 2458.0 1484.0 plane 0
2488.0 1310.0 2623.0 1310.0 2623.0 1462.0 2488.0 1462.0 plane 0
2908.0 1084.0 2975.0 1084.0 2975.0 1148.0 2908.0 1148.0 plane 0
2858.0 1102.0 2930.0 1102.0 2930.0 1172.0 2858.0 1172.0 plane 0
1613.0 485.0 1704.0 485.0 1704.0 571.0 1613.0 571.0 plane 0
1642.0 884.0 1796.0 884.0 1796.0 1028.0 1642.0 1028.0 plane 0
1951.0 900.0 2148.0 900.0 2148.0 1089.0 1951.0 1089.0 plane 0
1834.0 1048.0 1907.0 1048.0 1907.0 1115.0 1834.0 1115.0 plane 0
2019.0 891.0 2083.0 891.0 2083.0 945.0 2019.0 945.0 helicopter 0
1875.0 816.0 2053.0 816.0 2053.0 989.0 1875.0 989.0 plane 0
1973.0 717.0 2123.0 717.0 2123.0 891.0 1973.0 891.0 plane 0
1717.0 766.0 1961.0 766.0 1961.0 996.0 1717.0 996.0 plane 0
1766.0 932.0 1906.0 932.0 1906.0 1061.0 1766.0 1061.0 plane 0
1565.0 785.0 1715.0 785.0 1715.0 946.0 1565.0 946.0 plane 0
1967.0 1101.0 2078.0 1101.0 2078.0 1204.0 1967.0 1204.0 plane 0
1893.0 648.0 1974.0 648.0 1974.0 714.0 1893.0 714.0 plane 0
1795.0 617.0 1912.0 617.0 1912.0 700.0 1795.0 700.0 plane 0
1658.0 732.0 1772.0 732.0 1772.0 831.0 1658.0 831.0 plane 0
1591.0 542.0 1834.0 542.0 1834.0 777.0 1591.0 777.0 plane 0
1552.0 687.0 1662.0 687.0 1662.0 819.0 1552.0 819.0 plane 0
1557.0 621.0 1609.0 621.0 1609.0 706.0 1557.0 706.0 plane 0
1575.0 535.0 1664.0 535.0 1664.0 640.0 1575.0 640.0 plane 0
1890.0 1020.0 2007.0 1020.0 2007.0 1133.0 1890.0 1133.0 plane 0
2052.0 1142.0 2162.0 1142.0 2162.0 1242.0 2052.0 1242.0 plane 0
2815.0 1124.0 2885.0 1124.0 2885.0 1193.0 2815.0 1193.0 plane 0
2605.0 1163.0 2667.0 1163.0 2667.0 1206.0 2605.0 1206.0 plane 0
2792.0 1072.0 2860.0 1072.0 2860.0 1136.0 2792.0 1136.0 plane 0
2738.0 1159.0 2804.0 1159.0 2804.0 1228.0 2738.0 1228.0 plane 0
2699.0 1175.0 2772.0 1175.0 2772.0 1246.0 2699.0 1246.0 plane 0
2640.0 1172.0 2726.0 1172.0 2726.0 1263.0 2640.0 1263.0 plane 0
2731.0 1107.0 2794.0 1107.0 2794.0 1171.0 2731.0 1171.0 plane 0
2699.0 1125.0 2744.0 1125.0 2744.0 1188.0 2699.0 1188.0 plane 0
2657.0 1126.0 2712.0 1126.0 2712.0 1194.0 2657.0 1194.0 plane 0
2420.0 996.0 2600.0 996.0 2600.0 1174.0 2420.0 1174.0 plane 0
2129.0 1189.0 2212.0 1189.0 2212.0 1269.0 2129.0 1269.0 plane 0
2291.0 736.0 2621.0 736.0 2621.0 1058.0 2291.0 1058.0 plane 0
2046.0 1301.0 2316.0 1301.0 2316.0 1556.0 2046.0 1556.0 plane 0
1957.0 1253.0 2144.0 1253.0 2144.0 1431.0 1957.0 1431.0 plane 0
1868.0 1220.0 2038.0 1220.0 2038.0 1382.0 1868.0 1382.0 plane 0
2191.0 1184.0 2292.0 1184.0 2292.0 1288.0 2191.0 1288.0 plane 0
2193.0 1073.0 2353.0 1073.0 2353.0 1234.0 2193.0 1234.0 plane 0
2029.0 969.0 2280.0 969.0 2280.0 1204.0 2029.0 1204.0 plane 0
295.0 3362.0 313.0 3362.0 313.0 3372.0 295.0 3372.0 small-vehicle 1
330.0 3372.0 348.0 3372.0 348.0 3381.0 330.0 3381.0 small-vehicle 1
777.0 3053.0 799.0 3053.0 799.0 3061.0 777.0 3061.0 small-vehicle 1
4167.0 847.0 4186.0 847.0 4186.0 865.0 4167.0 865.0 small-vehicle 1
3778.0 578.0 3799.0 578.0 3799.0 598.0 3778.0 598.0 small-vehicle 1
3775.0 590.0 3797.0 590.0 3797.0 608.0 3775.0 608.0 small-vehicle 1
3774.0 602.0 3796.0 602.0 3796.0 619.0 3774.0 619.0 small-vehicle 1
3777.0 616.0 3797.0 616.0 3797.0 632.0 3777.0 632.0 small-vehicle 1
3774.0 625.0 3794.0 625.0 3794.0 643.0 3774.0 643.0 small-vehicle 1
3774.0 641.0 3794.0 641.0 3794.0 655.0 3774.0 655.0 small-vehicle 1
3771.0 649.0 3791.0 649.0 3791.0 666.0 3771.0 666.0 small-vehicle 1
3776.0 664.0 3795.0 664.0 3795.0 678.0 3776.0 678.0 small-vehicle 1
3795.0 651.0 3815.0 651.0 3815.0 669.0 3795.0 669.0 small-vehicle 1
3794.0 639.0 3814.0 639.0 3814.0 653.0 3794.0 653.0 small-vehicle 1
3796.0 628.0 3818.0 628.0 3818.0 645.0 3796.0 645.0 small-vehicle 1
3795.0 614.0 3819.0 614.0 3819.0 632.0 3795.0 632.0 small-vehicle 1
3796.0 601.0 3818.0 601.0 3818.0 619.0 3796.0 619.0 small-vehicle 1
3794.0 590.0 3818.0 590.0 3818.0 609.0 3794.0 609.0 small-vehicle 1
3799.0 581.0 3818.0 581.0 3818.0 596.0 3799.0 596.0 small-vehicle 1
3795.0 567.0 3814.0 567.0 3814.0 584.0 3795.0 584.0 small-vehicle 1
3796.0 554.0 3816.0 554.0 3816.0 570.0 3796.0 570.0 small-vehicle 1
3775.0 567.0 3795.0 567.0 3795.0 580.0 3775.0 580.0 small-vehicle 1
3777.0 554.0 3796.0 554.0 3796.0 570.0 3777.0 570.0 small-vehicle 1
3779.0 542.0 3795.0 542.0 3795.0 559.0 3779.0 559.0 small-vehicle 1
3721.0 638.0 3744.0 638.0 3744.0 646.0 3721.0 646.0 small-vehicle 1
3774.0 773.0 3795.0 773.0 3795.0 786.0 3774.0 786.0 small-vehicle 1
3718.0 699.0 3737.0 699.0 3737.0 710.0 3718.0 710.0 small-vehicle 1
3718.0 689.0 3738.0 689.0 3738.0 697.0 3718.0 697.0 small-vehicle 1
3718.0 679.0 3738.0 679.0 3738.0 687.0 3718.0 687.0 small-vehicle 1
3720.0 668.0 3742.0 668.0 3742.0 677.0 3720.0 677.0 small-vehicle 1
3722.0 658.0 3743.0 658.0 3743.0 667.0 3722.0 667.0 small-vehicle 1
3723.0 649.0 3745.0 649.0 3745.0 656.0 3723.0 656.0 small-vehicle 1
3722.0 616.0 3740.0 616.0 3740.0 625.0 3722.0 625.0 small-vehicle 1
3723.0 514.0 3745.0 514.0 3745.0 524.0 3723.0 524.0 small-vehicle 1
3720.0 605.0 3742.0 605.0 3742.0 615.0 3720.0 615.0 small-vehicle 1
3721.0 596.0 3739.0 596.0 3739.0 604.0 3721.0 604.0 small-vehicle 1
3722.0 586.0 3740.0 586.0 3740.0 594.0 3722.0 594.0 small-vehicle 1
3722.0 576.0 3741.0 576.0 3741.0 584.0 3722.0 584.0 small-vehicle 1
3723.0 565.0 3747.0 565.0 3747.0 574.0 3723.0 574.0 small-vehicle 1
3722.0 542.0 3742.0 542.0 3742.0 552.0 3722.0 552.0 small-vehicle 1
3726.0 535.0 3742.0 535.0 3742.0 543.0 3726.0 543.0 small-vehicle 1
3799.0 540.0 3822.0 540.0 3822.0 561.0 3799.0 561.0 small-vehicle 1
3847.0 578.0 3866.0 578.0 3866.0 598.0 3847.0 598.0 small-vehicle 1
3844.0 554.0 3863.0 554.0 3863.0 573.0 3844.0 573.0 small-vehicle 1
4144.0 845.0 4161.0 845.0 4161.0 859.0 4144.0 859.0 small-vehicle 1
4185.0 733.0 4205.0 733.0 4205.0 749.0 4185.0 749.0 small-vehicle 1
4177.0 723.0 4198.0 723.0 4198.0 739.0 4177.0 739.0 small-vehicle 1
4116.0 764.0 4138.0 764.0 4138.0 783.0 4116.0 783.0 small-vehicle 1
4116.0 776.0 4142.0 776.0 4142.0 796.0 4116.0 796.0 small-vehicle 1
4126.0 792.0 4147.0 792.0 4147.0 807.0 4126.0 807.0 small-vehicle 1
4137.0 825.0 4156.0 825.0 4156.0 837.0 4137.0 837.0 small-vehicle 1
4140.0 835.0 4161.0 835.0 4161.0 850.0 4140.0 850.0 small-vehicle 1
4144.0 857.0 4166.0 857.0 4166.0 875.0 4144.0 875.0 small-vehicle 1
4207.0 725.0 4227.0 725.0 4227.0 741.0 4207.0 741.0 small-vehicle 1
4147.0 867.0 4169.0 867.0 4169.0 885.0 4147.0 885.0 small-vehicle 1
4153.0 880.0 4174.0 880.0 4174.0 901.0 4153.0 901.0 small-vehicle 1
4158.0 894.0 4177.0 894.0 4177.0 912.0 4158.0 912.0 small-vehicle 1
4162.0 905.0 4183.0 905.0 4183.0 921.0 4162.0 921.0 small-vehicle 1
4166.0 919.0 4184.0 919.0 4184.0 933.0 4166.0 933.0 small-vehicle 1
4181.0 883.0 4200.0 883.0 4200.0 901.0 4181.0 901.0 small-vehicle 1
4175.0 869.0 4196.0 869.0 4196.0 889.0 4175.0 889.0 small-vehicle 1
4211.0 735.0 4232.0 735.0 4232.0 748.0 4211.0 748.0 small-vehicle 1
4200.0 712.0 4219.0 712.0 4219.0 728.0 4200.0 728.0 small-vehicle 1
3843.0 542.0 3862.0 542.0 3862.0 563.0 3843.0 563.0 small-vehicle 1
3782.0 721.0 3798.0 721.0 3798.0 745.0 3782.0 745.0 small-vehicle 1
3830.0 492.0 3842.0 492.0 3842.0 513.0 3830.0 513.0 small-vehicle 1
3820.0 493.0 3830.0 493.0 3830.0 513.0 3820.0 513.0 small-vehicle 1
3799.0 489.0 3809.0 489.0 3809.0 511.0 3799.0 511.0 small-vehicle 1
3786.0 489.0 3796.0 489.0 3796.0 508.0 3786.0 508.0 small-vehicle 1
3767.0 489.0 3778.0 489.0 3778.0 510.0 3767.0 510.0 small-vehicle 1
3761.0 732.0 3780.0 732.0 3780.0 754.0 3761.0 754.0 small-vehicle 1
3771.0 724.0 3789.0 724.0 3789.0 746.0 3771.0 746.0 small-vehicle 1
3792.0 716.0 3807.0 716.0 3807.0 738.0 3792.0 738.0 small-vehicle 1
4050.0 714.0 4066.0 714.0 4066.0 736.0 4050.0 736.0 small-vehicle 1
3799.0 711.0 3817.0 711.0 3817.0 734.0 3799.0 734.0 small-vehicle 1
3818.0 699.0 3835.0 699.0 3835.0 723.0 3818.0 723.0 small-vehicle 1
3830.0 698.0 3846.0 698.0 3846.0 719.0 3830.0 719.0 small-vehicle 1
3837.0 691.0 3855.0 691.0 3855.0 715.0 3837.0 715.0 small-vehicle 1
3853.0 679.0 3873.0 679.0 3873.0 705.0 3853.0 705.0 small-vehicle 1
3863.0 676.0 3881.0 676.0 3881.0 697.0 3863.0 697.0 small-vehicle 1
4088.0 884.0 4103.0 884.0 4103.0 908.0 4088.0 908.0 small-vehicle 1
4157.0 560.0 4185.0 560.0 4185.0 580.0 4157.0 580.0 large-vehicle 1
4163.0 576.0 4190.0 576.0 4190.0 597.0 4163.0 597.0 large-vehicle 1
4176.0 665.0 4223.0 665.0 4223.0 694.0 4176.0 694.0 large-vehicle 1
1850.0 1685.0 1864.0 1685.0 1864.0 1709.0 1850.0 1709.0 small-vehicle 1
1753.0 1704.0 1765.0 1704.0 1765.0 1726.0 1753.0 1726.0 small-vehicle 1
1763.0 1686.0 1774.0 1686.0 1774.0 1705.0 1763.0 1705.0 small-vehicle 1
1779.0 1689.0 1791.0 1689.0 1791.0 1709.0 1779.0 1709.0 small-vehicle 1
1792.0 1690.0 1805.0 1690.0 1805.0 1708.0 1792.0 1708.0 small-vehicle 1
1807.0 1688.0 1819.0 1688.0 1819.0 1708.0 1807.0 1708.0 small-vehicle 1
1817.0 1684.0 1829.0 1684.0 1829.0 1708.0 1817.0 1708.0 small-vehicle 1
1834.0 1680.0 1844.0 1680.0 1844.0 1700.0 1834.0 1700.0 small-vehicle 1
1232.0 630.0 1245.0 630.0 1245.0 651.0 1232.0 651.0 large-vehicle 1
1707.0 1716.0 1723.0 1716.0 1723.0 1736.0 1707.0 1736.0 small-vehicle 1
1221.0 632.0 1231.0 632.0 1231.0 653.0 1221.0 653.0 large-vehicle 1
1496.0 427.0 1540.0 427.0 1540.0 482.0 1496.0 482.0 large-vehicle 1
1170.0 627.0 1183.0 627.0 1183.0 650.0 1170.0 650.0 large-vehicle 1
1155.0 630.0 1166.0 630.0 1166.0 650.0 1155.0 650.0 large-vehicle 1
1140.0 630.0 1151.0 630.0 1151.0 652.0 1140.0 652.0 large-vehicle 1
212.0 3406.0 230.0 3406.0 230.0 3417.0 212.0 3417.0 small-vehicle 1
213.0 3390.0 232.0 3390.0 232.0 3398.0 213.0 3398.0 small-vehicle 1
1741.0 1708.0 1753.0 1708.0 1753.0 1730.0 1741.0 1730.0 small-vehicle 1
1793.0 1710.0 1808.0 1710.0 1808.0 1735.0 1793.0 1735.0 small-vehicle 1
215.0 3370.0 234.0 3370.0 234.0 3379.0 215.0 3379.0 small-vehicle 1
1488.0 3205.0 1506.0 3205.0 1506.0 3216.0 1488.0 3216.0 small-vehicle 1
289.0 2936.0 308.0 2936.0 308.0 2948.0 289.0 2948.0 small-vehicle 1
300.0 2820.0 318.0 2820.0 318.0 2834.0 300.0 2834.0 small-vehicle 1
1143.0 515.0 1153.0 515.0 1153.0 546.0 1143.0 546.0 small-vehicle 1
751.0 360.0 762.0 360.0 762.0 382.0 751.0 382.0 small-vehicle 1
742.0 352.0 750.0 352.0 750.0 374.0 742.0 374.0 small-vehicle 1
1363.0 3397.0 1383.0 3397.0 1383.0 3406.0 1363.0 3406.0 small-vehicle 1
1343.0 3429.0 1359.0 3429.0 1359.0 3444.0 1343.0 3444.0 small-vehicle 1
1077.0 498.0 1091.0 498.0 1091.0 570.0 1077.0 570.0 large-vehicle 1
1784.0 1708.0 1795.0 1708.0 1795.0 1727.0 1784.0 1727.0 small-vehicle 1
4276.0 268.0 4302.0 268.0 4302.0 276.0 4276.0 276.0 small-vehicle 1
3956.0 260.0 3979.0 260.0 3979.0 269.0 3956.0 269.0 small-vehicle 1
1842.0 1701.0 1853.0 1701.0 1853.0 1718.0 1842.0 1718.0 small-vehicle 1
1832.0 1703.0 1844.0 1703.0 1844.0 1725.0 1832.0 1725.0 small-vehicle 1
1822.0 1708.0 1833.0 1708.0 1833.0 1729.0 1822.0 1729.0 small-vehicle 1
1810.0 1711.0 1821.0 1711.0 1821.0 1731.0 1810.0 1731.0 small-vehicle 1
1765.0 1705.0 1777.0 1705.0 1777.0 1724.0 1765.0 1724.0 small-vehicle 1
214.0 3380.0 232.0 3380.0 232.0 3391.0 214.0 3391.0 small-vehicle 1
236.0 3364.0 258.0 3364.0 258.0 3373.0 236.0 3373.0 small-vehicle 1
4084.0 707.0 4109.0 707.0 4109.0 740.0 4084.0 740.0 large-vehicle 1
3508.0 812.0 3523.0 812.0 3523.0 831.0 3508.0 831.0 small-vehicle 1
2270.0 1954.0 2284.0 1954.0 2284.0 1977.0 2270.0 1977.0 small-vehicle 1
2281.0 1952.0 2293.0 1952.0 2293.0 1973.0 2281.0 1973.0 small-vehicle 1
3585.0 592.0 3609.0 592.0 3609.0 605.0 3585.0 605.0 small-vehicle 1
3258.0 783.0 3279.0 783.0 3279.0 800.0 3258.0 800.0 small-vehicle 1
3477.0 806.0 3489.0 806.0 3489.0 824.0 3477.0 824.0 small-vehicle 1
3488.0 799.0 3502.0 799.0 3502.0 819.0 3488.0 819.0 small-vehicle 1
3499.0 794.0 3512.0 794.0 3512.0 811.0 3499.0 811.0 small-vehicle 1
3519.0 805.0 3538.0 805.0 3538.0 823.0 3519.0 823.0 small-vehicle 1
2258.0 1959.0 2274.0 1959.0 2274.0 1981.0 2258.0 1981.0 small-vehicle 1
3508.0 785.0 3522.0 785.0 3522.0 805.0 3508.0 805.0 small-vehicle 1
3522.0 785.0 3535.0 785.0 3535.0 803.0 3522.0 803.0 small-vehicle 1
3532.0 779.0 3547.0 779.0 3547.0 799.0 3532.0 799.0 small-vehicle 1
3539.0 770.0 3553.0 770.0 3553.0 789.0 3539.0 789.0 small-vehicle 1
3556.0 766.0 3572.0 766.0 3572.0 785.0 3556.0 785.0 small-vehicle 1
4054.0 591.0 4093.0 591.0 4093.0 611.0 4054.0 611.0 large-vehicle 1
4068.0 715.0 4097.0 715.0 4097.0 758.0 4068.0 758.0 large-vehicle 1
2405.0 2025.0 2432.0 2025.0 2432.0 2043.0 2405.0 2043.0 small-vehicle 1
2250.0 1961.0 2262.0 1961.0 2262.0 1979.0 2250.0 1979.0 small-vehicle 1
235.0 3376.0 254.0 3376.0 254.0 3384.0 235.0 3384.0 small-vehicle 1
842.0 513.0 855.0 513.0 855.0 536.0 842.0 536.0 small-vehicle 1
234.0 3385.0 254.0 3385.0 254.0 3393.0 234.0 3393.0 small-vehicle 1
252.0 3394.0 262.0 3394.0 262.0 3411.0 252.0 3411.0 small-vehicle 1
232.0 3393.0 253.0 3393.0 253.0 3408.0 232.0 3408.0 small-vehicle 1
201.0 3328.0 225.0 3328.0 225.0 3338.0 201.0 3338.0 small-vehicle 1
219.0 3269.0 240.0 3269.0 240.0 3280.0 219.0 3280.0 small-vehicle 1
240.0 1976.0 263.0 1976.0 263.0 1988.0 240.0 1988.0 small-vehicle 1
366.0 1850.0 387.0 1850.0 387.0 1859.0 366.0 1859.0 small-vehicle 1
889.0 126.0 913.0 126.0 913.0 136.0 889.0 136.0 small-vehicle 1
2235.0 1962.0 2250.0 1962.0 2250.0 1985.0 2235.0 1985.0 small-vehicle 1
360.0 98.0 377.0 98.0 377.0 108.0 360.0 108.0 small-vehicle 1
126.0 93.0 145.0 93.0 145.0 103.0 126.0 103.0 small-vehicle 1
2156.0 1899.0 2212.0 1899.0 2212.0 1917.0 2156.0 1917.0 large-vehicle 1
2135.0 1960.0 2147.0 1960.0 2147.0 1987.0 2135.0 1987.0 small-vehicle 1
2181.0 1969.0 2192.0 1969.0 2192.0 1987.0 2181.0 1987.0 small-vehicle 1
2212.0 1969.0 2224.0 1969.0 2224.0 1990.0 2212.0 1990.0 small-vehicle 1
2224.0 1965.0 2239.0 1965.0 2239.0 1986.0 2224.0 1986.0 small-vehicle 1
4170.0 860.0 4189.0 860.0 4189.0 878.0 4170.0 878.0 small-vehicle 1
4164.0 838.0 4183.0 838.0 4183.0 853.0 4164.0 853.0 small-vehicle 1
328.0 3382.0 348.0 3382.0 348.0 3390.0 328.0 3390.0 small-vehicle 1
4161.0 830.0 4181.0 830.0 4181.0 844.0 4161.0 844.0 small-vehicle 1
3841.0 1146.0 3856.0 1146.0 3856.0 1166.0 3841.0 1166.0 small-vehicle 1
3849.0 1140.0 3863.0 1140.0 3863.0 1161.0 3849.0 1161.0 small-vehicle 1
3860.0 1137.0 3873.0 1137.0 3873.0 1157.0 3860.0 1157.0 small-vehicle 1
3869.0 1132.0 3881.0 1132.0 3881.0 1153.0 3869.0 1153.0 small-vehicle 1
3879.0 1128.0 3892.0 1128.0 3892.0 1148.0 3879.0 1148.0 small-vehicle 1
3887.0 1124.0 3902.0 1124.0 3902.0 1149.0 3887.0 1149.0 small-vehicle 1
3900.0 1123.0 3912.0 1123.0 3912.0 1144.0 3900.0 1144.0 small-vehicle 1
3907.0 1120.0 3923.0 1120.0 3923.0 1139.0 3907.0 1139.0 small-vehicle 1
3917.0 1116.0 3933.0 1116.0 3933.0 1134.0 3917.0 1134.0 small-vehicle 1
3926.0 1108.0 3939.0 1108.0 3939.0 1128.0 3926.0 1128.0 small-vehicle 1
3937.0 1107.0 3949.0 1107.0 3949.0 1125.0 3937.0 1125.0 small-vehicle 1
3947.0 1102.0 3960.0 1102.0 3960.0 1122.0 3947.0 1122.0 small-vehicle 1
4012.0 1054.0 4031.0 1054.0 4031.0 1067.0 4012.0 1067.0 small-vehicle 1
3960.0 1059.0 3980.0 1059.0 3980.0 1076.0 3960.0 1076.0 small-vehicle 1
3953.0 1097.0 3969.0 1097.0 3969.0 1121.0 3953.0 1121.0 small-vehicle 1
3964.0 1095.0 3979.0 1095.0 3979.0 1116.0 3964.0 1116.0 small-vehicle 1
3972.0 1089.0 3988.0 1089.0 3988.0 1110.0 3972.0 1110.0 small-vehicle 1
3830.0 1147.0 3846.0 1147.0 3846.0 1170.0 3830.0 1170.0 small-vehicle 1
3822.0 1152.0 3836.0 1152.0 3836.0 1173.0 3822.0 1173.0 small-vehicle 1
3812.0 1160.0 3830.0 1160.0 3830.0 1182.0 3812.0 1182.0 small-vehicle 1
3897.0 1063.0 3910.0 1063.0 3910.0 1081.0 3897.0 1081.0 small-vehicle 1
3829.0 1087.0 3843.0 1087.0 3843.0 1105.0 3829.0 1105.0 small-vehicle 1
3840.0 1084.0 3854.0 1084.0 3854.0 1105.0 3840.0 1105.0 small-vehicle 1
3849.0 1083.0 3863.0 1083.0 3863.0 1100.0 3849.0 1100.0 small-vehicle 1
3858.0 1079.0 3873.0 1079.0 3873.0 1097.0 3858.0 1097.0 small-vehicle 1
3868.0 1075.0 3883.0 1075.0 3883.0 1095.0 3868.0 1095.0 small-vehicle 1
3879.0 1072.0 3892.0 1072.0 3892.0 1092.0 3879.0 1092.0 small-vehicle 1
3886.0 1067.0 3900.0 1067.0 3900.0 1084.0 3886.0 1084.0 small-vehicle 1
3906.0 1058.0 3917.0 1058.0 3917.0 1078.0 3906.0 1078.0 small-vehicle 1
3804.0 1163.0 3817.0 1163.0 3817.0 1184.0 3804.0 1184.0 small-vehicle 1
3924.0 1052.0 3938.0 1052.0 3938.0 1071.0 3924.0 1071.0 small-vehicle 1
3914.0 1051.0 3930.0 1051.0 3930.0 1076.0 3914.0 1076.0 small-vehicle 1
3868.0 1025.0 3890.0 1025.0 3890.0 1039.0 3868.0 1039.0 small-vehicle 1
3761.0 1174.0 3778.0 1174.0 3778.0 1196.0 3761.0 1196.0 small-vehicle 1
3774.0 1173.0 3788.0 1173.0 3788.0 1193.0 3774.0 1193.0 small-vehicle 1
3783.0 1167.0 3798.0 1167.0 3798.0 1190.0 3783.0 1190.0 small-vehicle 1
3794.0 1161.0 3808.0 1161.0 3808.0 1187.0 3794.0 1187.0 small-vehicle 1
3982.0 1084.0 3997.0 1084.0 3997.0 1105.0 3982.0 1105.0 small-vehicle 1
3992.0 1082.0 4006.0 1082.0 4006.0 1101.0 3992.0 1101.0 small-vehicle 1
4001.0 1077.0 4016.0 1077.0 4016.0 1099.0 4001.0 1099.0 small-vehicle 1
453.0 3280.0 477.0 3280.0 477.0 3290.0 453.0 3290.0 small-vehicle 1
1337.0 3323.0 1359.0 3323.0 1359.0 3333.0 1337.0 3333.0 small-vehicle 1
1358.0 3256.0 1378.0 3256.0 1378.0 3266.0 1358.0 3266.0 small-vehicle 1
1321.0 3285.0 1332.0 3285.0 1332.0 3305.0 1321.0 3305.0 small-vehicle 1
1278.0 3344.0 1288.0 3344.0 1288.0 3369.0 1278.0 3369.0 small-vehicle 1
1209.0 3251.0 1231.0 3251.0 1231.0 3260.0 1209.0 3260.0 small-vehicle 1
887.0 3352.0 899.0 3352.0 899.0 3377.0 887.0 3377.0 small-vehicle 1
561.0 3370.0 576.0 3370.0 576.0 3394.0 561.0 3394.0 small-vehicle 1
390.0 3272.0 411.0 3272.0 411.0 3281.0 390.0 3281.0 small-vehicle 1
1384.0 3325.0 1402.0 3325.0 1402.0 3337.0 1384.0 3337.0 small-vehicle 1
318.0 3403.0 337.0 3403.0 337.0 3412.0 318.0 3412.0 small-vehicle 1
266.0 3390.0 275.0 3390.0 275.0 3408.0 266.0 3408.0 small-vehicle 1
274.0 3393.0 286.0 3393.0 286.0 3412.0 274.0 3412.0 small-vehicle 1
284.0 3390.0 296.0 3390.0 296.0 3409.0 284.0 3409.0 small-vehicle 1
294.0 3393.0 312.0 3393.0 312.0 3400.0 294.0 3400.0 small-vehicle 1
286.0 3381.0 307.0 3381.0 307.0 3390.0 286.0 3390.0 small-vehicle 1
310.0 3380.0 328.0 3380.0 328.0 3389.0 310.0 3389.0 small-vehicle 1
1365.0 3325.0 1383.0 3325.0 1383.0 3334.0 1365.0 3334.0 small-vehicle 1
1402.0 3328.0 1423.0 3328.0 1423.0 3338.0 1402.0 3338.0 small-vehicle 1
4009.0 1074.0 4023.0 1074.0 4023.0 1095.0 4009.0 1095.0 small-vehicle 1
4087.0 1043.0 4103.0 1043.0 4103.0 1065.0 4087.0 1065.0 small-vehicle 1
4019.0 1072.0 4036.0 1072.0 4036.0 1094.0 4019.0 1094.0 small-vehicle 1
4030.0 1065.0 4048.0 1065.0 4048.0 1091.0 4030.0 1091.0 small-vehicle 1
4042.0 1066.0 4056.0 1066.0 4056.0 1086.0 4042.0 1086.0 small-vehicle 1
4050.0 1061.0 4065.0 1061.0 4065.0 1083.0 4050.0 1083.0 small-vehicle 1
4059.0 1054.0 4074.0 1054.0 4074.0 1079.0 4059.0 1079.0 small-vehicle 1
4068.0 1050.0 4083.0 1050.0 4083.0 1072.0 4068.0 1072.0 small-vehicle 1
4078.0 1046.0 4093.0 1046.0 4093.0 1068.0 4078.0 1068.0 small-vehicle 1
4101.0 1039.0 4116.0 1039.0 4116.0 1060.0 4101.0 1060.0 small-vehicle 1
1423.0 3327.0 1447.0 3327.0 1447.0 3336.0 1423.0 3336.0 small-vehicle 1
4110.0 1033.0 4127.0 1033.0 4127.0 1055.0 4110.0 1055.0 small-vehicle 1
4111.0 1069.0 4136.0 1069.0 4136.0 1084.0 4111.0 1084.0 small-vehicle 1
4113.0 1082.0 4134.0 1082.0 4134.0 1098.0 4113.0 1098.0 small-vehicle 1
4115.0 1093.0 4139.0 1093.0 4139.0 1109.0 4115.0 1109.0 small-vehicle 1
4122.0 1106.0 4144.0 1106.0 4144.0 1122.0 4122.0 1122.0 small-vehicle 1
4125.0 1117.0 4148.0 1117.0 4148.0 1135.0 4125.0 1135.0 small-vehicle 1
1568.0 3278.0 1597.0 3278.0 1597.0 3292.0 1568.0 3292.0 small-vehicle 1
3820.0 1089.0 3834.0 1089.0 3834.0 1110.0 3820.0 1110.0 small-vehicle 1
3811.0 1095.0 3825.0 1095.0 3825.0 1115.0 3811.0 1115.0 small-vehicle 1
3802.0 1100.0 3818.0 1100.0 3818.0 1122.0 3802.0 1122.0 small-vehicle 1
4248.0 952.0 4269.0 952.0 4269.0 965.0 4248.0 965.0 small-vehicle 1
4185.0 899.0 4207.0 899.0 4207.0 913.0 4185.0 913.0 small-vehicle 1
4187.0 909.0 4210.0 909.0 4210.0 926.0 4187.0 926.0 small-vehicle 1
4192.0 921.0 4210.0 921.0 4210.0 936.0 4192.0 936.0 small-vehicle 1
4167.0 928.0 4189.0 928.0 4189.0 944.0 4167.0 944.0 small-vehicle 1
4240.0 914.0 4262.0 914.0 4262.0 926.0 4240.0 926.0 small-vehicle 1
4243.0 926.0 4265.0 926.0 4265.0 940.0 4243.0 940.0 small-vehicle 1
4245.0 939.0 4267.0 939.0 4267.0 952.0 4245.0 952.0 small-vehicle 1
4248.0 964.0 4271.0 964.0 4271.0 979.0 4248.0 979.0 small-vehicle 1
4235.0 876.0 4256.0 876.0 4256.0 892.0 4235.0 892.0 small-vehicle 1
4197.0 933.0 4218.0 933.0 4218.0 949.0 4197.0 949.0 small-vehicle 1
4198.0 944.0 4218.0 944.0 4218.0 958.0 4198.0 958.0 small-vehicle 1
4202.0 957.0 4222.0 957.0 4222.0 971.0 4202.0 971.0 small-vehicle 1
4206.0 964.0 4226.0 964.0 4226.0 983.0 4206.0 983.0 small-vehicle 1
4174.0 941.0 4196.0 941.0 4196.0 960.0 4174.0 960.0 small-vehicle 1
4177.0 955.0 4198.0 955.0 4198.0 973.0 4177.0 973.0 small-vehicle 1
4179.0 966.0 4201.0 966.0 4201.0 983.0 4179.0 983.0 small-vehicle 1
4234.0 889.0 4258.0 889.0 4258.0 904.0 4234.0 904.0 small-vehicle 1
4231.0 867.0 4253.0 867.0 4253.0 881.0 4231.0 881.0 small-vehicle 1
4210.0 981.0 4230.0 981.0 4230.0 997.0 4210.0 997.0 small-vehicle 1
4225.0 776.0 4246.0 776.0 4246.0 794.0 4225.0 794.0 small-vehicle 1
4156.0 819.0 4176.0 819.0 4176.0 833.0 4156.0 833.0 small-vehicle 1
4152.0 794.0 4174.0 794.0 4174.0 810.0 4152.0 810.0 small-vehicle 1
4144.0 779.0 4166.0 779.0 4166.0 799.0 4144.0 799.0 small-vehicle 1
4142.0 768.0 4160.0 768.0 4160.0 782.0 4142.0 782.0 small-vehicle 1
4136.0 758.0 4154.0 758.0 4154.0 773.0 4136.0 773.0 small-vehicle 1
4215.0 753.0 4236.0 753.0 4236.0 767.0 4215.0 767.0 small-vehicle 1
4224.0 768.0 4243.0 768.0 4243.0 782.0 4224.0 782.0 small-vehicle 1
4192.0 762.0 4213.0 762.0 4213.0 779.0 4192.0 779.0 small-vehicle 1
4228.0 855.0 4251.0 855.0 4251.0 870.0 4228.0 870.0 small-vehicle 1
4201.0 771.0 4220.0 771.0 4220.0 787.0 4201.0 787.0 small-vehicle 1
4207.0 785.0 4228.0 785.0 4228.0 800.0 4207.0 800.0 small-vehicle 1
4210.0 794.0 4235.0 794.0 4235.0 812.0 4210.0 812.0 small-vehicle 1
4215.0 809.0 4235.0 809.0 4235.0 825.0 4215.0 825.0 small-vehicle 1
4214.0 821.0 4235.0 821.0 4235.0 836.0 4214.0 836.0 small-vehicle 1
4221.0 829.0 4245.0 829.0 4245.0 849.0 4221.0 849.0 small-vehicle 1
4227.0 842.0 4248.0 842.0 4248.0 857.0 4227.0 857.0 small-vehicle 1
4183.0 982.0 4206.0 982.0 4206.0 996.0 4183.0 996.0 small-vehicle 1
4188.0 990.0 4208.0 990.0 4208.0 1008.0 4188.0 1008.0 small-vehicle 1
3793.0 1105.0 3805.0 1105.0 3805.0 1127.0 3793.0 1127.0 small-vehicle 1
3830.0 1062.0 3846.0 1062.0 3846.0 1083.0 3830.0 1083.0 small-vehicle 1
3898.0 1037.0 3912.0 1037.0 3912.0 1059.0 3898.0 1059.0 small-vehicle 1
3888.0 1042.0 3902.0 1042.0 3902.0 1063.0 3888.0 1063.0 small-vehicle 1
3877.0 1043.0 3893.0 1043.0 3893.0 1067.0 3877.0 1067.0 small-vehicle 1
3870.0 1048.0 3884.0 1048.0 3884.0 1070.0 3870.0 1070.0 small-vehicle 1
3859.0 1051.0 3874.0 1051.0 3874.0 1073.0 3859.0 1073.0 small-vehicle 1
3850.0 1056.0 3866.0 1056.0 3866.0 1078.0 3850.0 1078.0 small-vehicle 1
3838.0 1060.0 3855.0 1060.0 3855.0 1082.0 3838.0 1082.0 small-vehicle 1
3819.0 1066.0 3837.0 1066.0 3837.0 1087.0 3819.0 1087.0 small-vehicle 1
3770.0 1025.0 3786.0 1025.0 3786.0 1048.0 3770.0 1048.0 small-vehicle 1
3810.0 1069.0 3825.0 1069.0 3825.0 1089.0 3810.0 1089.0 small-vehicle 1
3799.0 1074.0 3817.0 1074.0 3817.0 1095.0 3799.0 1095.0 small-vehicle 1
3792.0 1078.0 3808.0 1078.0 3808.0 1101.0 3792.0 1101.0 small-vehicle 1
3785.0 1086.0 3799.0 1086.0 3799.0 1106.0 3785.0 1106.0 small-vehicle 1
3771.0 1086.0 3790.0 1086.0 3790.0 1110.0 3771.0 1110.0 small-vehicle 1
3770.0 1113.0 3785.0 1113.0 3785.0 1134.0 3770.0 1134.0 small-vehicle 1
3783.0 1110.0 3798.0 1110.0 3798.0 1130.0 3783.0 1130.0 small-vehicle 1
3907.0 1030.0 3922.0 1030.0 3922.0 1055.0 3907.0 1055.0 small-vehicle 1
3744.0 1043.0 3764.0 1043.0 3764.0 1067.0 3744.0 1067.0 small-vehicle 1
4211.0 991.0 4234.0 991.0 4234.0 1009.0 4211.0 1009.0 small-vehicle 1
4223.0 1046.0 4243.0 1046.0 4243.0 1057.0 4223.0 1057.0 small-vehicle 1
4192.0 1001.0 4211.0 1001.0 4211.0 1016.0 4192.0 1016.0 small-vehicle 1
4218.0 1009.0 4236.0 1009.0 4236.0 1021.0 4218.0 1021.0 small-vehicle 1
4195.0 1015.0 4214.0 1015.0 4214.0 1029.0 4195.0 1029.0 small-vehicle 1
4218.0 1019.0 4237.0 1019.0 4237.0 1033.0 4218.0 1033.0 small-vehicle 1
4197.0 1028.0 4217.0 1028.0 4217.0 1039.0 4197.0 1039.0 small-vehicle 1
4202.0 1038.0 4219.0 1038.0 4219.0 1048.0 4202.0 1048.0 small-vehicle 1
4219.0 1031.0 4241.0 1031.0 4241.0 1046.0 4219.0 1046.0 small-vehicle 1
4227.0 1057.0 4244.0 1057.0 4244.0 1069.0 4227.0 1069.0 small-vehicle 1
3708.0 1101.0 3728.0 1101.0 3728.0 1109.0 3708.0 1109.0 small-vehicle 1
4205.0 1048.0 4223.0 1048.0 4223.0 1061.0 4205.0 1061.0 small-vehicle 1
4209.0 1062.0 4228.0 1062.0 4228.0 1074.0 4209.0 1074.0 small-vehicle 1
4209.0 1074.0 4229.0 1074.0 4229.0 1086.0 4209.0 1086.0 small-vehicle 1
3705.0 1143.0 3725.0 1143.0 3725.0 1151.0 3705.0 1151.0 small-vehicle 1
3704.0 1132.0 3724.0 1132.0 3724.0 1141.0 3704.0 1141.0 small-vehicle 1
3704.0 1122.0 3725.0 1122.0 3725.0 1131.0 3704.0 1131.0 small-vehicle 1
3707.0 1110.0 3726.0 1110.0 3726.0 1120.0 3707.0 1120.0 small-vehicle 1
226.0 2282.0 308.0 2282.0 308.0 2392.0 226.0 2392.0 bridge 0
