imagesource:GoogleEarth
gsd:0.233782668783
318.0 113.0 347.0 113.0 347.0 144.0 318.0 144.0 small-vehicle 1
541.0 579.0 595.0 579.0 595.0 635.0 541.0 635.0 large-vehicle 1
3052.0 1859.0 3061.0 1859.0 3061.0 1881.0 3052.0 1881.0 small-vehicle 1
3064.0 1854.0 3076.0 1854.0 3076.0 1873.0 3064.0 1873.0 small-vehicle 1
3066.0 1832.0 3075.0 1832.0 3075.0 1852.0 3066.0 1852.0 small-vehicle 1
2998.0 1832.0 3011.0 1832.0 3011.0 1854.0 2998.0 1854.0 small-vehicle 0
2989.0 1833.0 2999.0 1833.0 2999.0 1853.0 2989.0 1853.0 small-vehicle 0
2978.0 1830.0 2988.0 1830.0 2988.0 1851.0 2978.0 1851.0 small-vehicle 0
2864.0 1844.0 2878.0 1844.0 2878.0 1868.0 2864.0 1868.0 small-vehicle 0
2785.0 1835.0 2805.0 1835.0 2805.0 1845.0 2785.0 1845.0 small-vehicle 0
2921.0 1850.0 2931.0 1850.0 2931.0 1871.0 2921.0 1871.0 small-vehicle 0
2966.0 1850.0 2975.0 1850.0 2975.0 1873.0 2966.0 1873.0 small-vehicle 0
2975.0 1852.0 2986.0 1852.0 2986.0 1874.0 2975.0 1874.0 small-vehicle 0
2987.0 1855.0 2997.0 1855.0 2997.0 1877.0 2987.0 1877.0 small-vehicle 0
2997.0 1855.0 3009.0 1855.0 3009.0 1877.0 2997.0 1877.0 small-vehicle 0
3010.0 1856.0 3020.0 1856.0 3020.0 1876.0 3010.0 1876.0 small-vehicle 0
3097.0 1839.0 3108.0 1839.0 3108.0 1861.0 3097.0 1861.0 small-vehicle 0
3110.0 1839.0 3121.0 1839.0 3121.0 1859.0 3110.0 1859.0 small-vehicle 0
3087.0 1862.0 3096.0 1862.0 3096.0 1884.0 3087.0 1884.0 small-vehicle 0
2944.0 1852.0 2954.0 1852.0 2954.0 1873.0 2944.0 1873.0 small-vehicle 1
2954.0 1851.0 2964.0 1851.0 2964.0 1870.0 2954.0 1870.0 small-vehicle 1
3031.0 1856.0 3041.0 1856.0 3041.0 1877.0 3031.0 1877.0 small-vehicle 1
3091.0 1608.0 3118.0 1608.0 3118.0 1620.0 3091.0 1620.0 small-vehicle 1
2932.0 1827.0 2944.0 1827.0 2944.0 1846.0 2932.0 1846.0 small-vehicle 1
2865.0 1823.0 2876.0 1823.0 2876.0 1840.0 2865.0 1840.0 small-vehicle 1
2855.0 1823.0 2865.0 1823.0 2865.0 1842.0 2855.0 1842.0 small-vehicle 1
2790.0 1811.0 2809.0 1811.0 2809.0 1821.0 2790.0 1821.0 small-vehicle 1
2789.0 1821.0 2806.0 1821.0 2806.0 1833.0 2789.0 1833.0 small-vehicle 1
2978.0 1812.0 3005.0 1812.0 3005.0 1825.0 2978.0 1825.0 small-vehicle 1
2889.0 1823.0 2899.0 1823.0 2899.0 1843.0 2889.0 1843.0 small-vehicle 1
2994.0 1910.0 3004.0 1910.0 3004.0 1931.0 2994.0 1931.0 small-vehicle 1
3022.0 1855.0 3030.0 1855.0 3030.0 1876.0 3022.0 1876.0 small-vehicle 1
2949.0 1909.0 2960.0 1909.0 2960.0 1930.0 2949.0 1930.0 small-vehicle 1
2930.0 1910.0 2943.0 1910.0 2943.0 1933.0 2930.0 1933.0 small-vehicle 1
3060.0 1914.0 3072.0 1914.0 3072.0 1935.0 3060.0 1935.0 small-vehicle 1
3149.0 1920.0 3158.0 1920.0 3158.0 1941.0 3149.0 1941.0 small-vehicle 1
3076.0 1860.0 3087.0 1860.0 3087.0 1879.0 3076.0 1879.0 small-vehicle 1
3121.0 1864.0 3130.0 1864.0 3130.0 1884.0 3121.0 1884.0 small-vehicle 1
3041.0 1858.0 3050.0 1858.0 3050.0 1877.0 3041.0 1877.0 small-vehicle 1
3098.0 1862.0 3107.0 1862.0 3107.0 1882.0 3098.0 1882.0 small-vehicle 1
3110.0 1864.0 3120.0 1864.0 3120.0 1885.0 3110.0 1885.0 small-vehicle 1
2788.0 1789.0 2819.0 1789.0 2819.0 1803.0 2788.0 1803.0 large-vehicle 1
2440.0 152.0 2449.0 152.0 2449.0 175.0 2440.0 175.0 small-vehicle 1
2359.0 148.0 2368.0 148.0 2368.0 170.0 2359.0 170.0 small-vehicle 1
2371.0 148.0 2381.0 148.0 2381.0 168.0 2371.0 168.0 small-vehicle 1
2383.0 149.0 2392.0 149.0 2392.0 172.0 2383.0 172.0 small-vehicle 1
2394.0 151.0 2404.0 151.0 2404.0 174.0 2394.0 174.0 small-vehicle 1
2405.0 150.0 2415.0 150.0 2415.0 170.0 2405.0 170.0 small-vehicle 1
2418.0 150.0 2427.0 150.0 2427.0 169.0 2418.0 169.0 small-vehicle 1
2427.0 152.0 2437.0 152.0 2437.0 174.0 2427.0 174.0 small-vehicle 1
2451.0 153.0 2459.0 153.0 2459.0 173.0 2451.0 173.0 small-vehicle 1
2338.0 152.0 2346.0 152.0 2346.0 170.0 2338.0 170.0 small-vehicle 1
2461.0 150.0 2471.0 150.0 2471.0 170.0 2461.0 170.0 small-vehicle 1
2473.0 153.0 2483.0 153.0 2483.0 173.0 2473.0 173.0 small-vehicle 1
2485.0 152.0 2495.0 152.0 2495.0 172.0 2485.0 172.0 small-vehicle 1
2496.0 152.0 2507.0 152.0 2507.0 176.0 2496.0 176.0 small-vehicle 1
2520.0 152.0 2530.0 152.0 2530.0 173.0 2520.0 173.0 small-vehicle 1
2531.0 152.0 2541.0 152.0 2541.0 172.0 2531.0 172.0 small-vehicle 1
2541.0 151.0 2552.0 151.0 2552.0 173.0 2541.0 173.0 small-vehicle 1
2349.0 150.0 2358.0 150.0 2358.0 169.0 2349.0 169.0 small-vehicle 1
2325.0 150.0 2335.0 150.0 2335.0 170.0 2325.0 170.0 small-vehicle 1
3078.0 1657.0 3106.0 1657.0 3106.0 1670.0 3078.0 1670.0 large-vehicle 1
3235.0 1101.0 3250.0 1101.0 3250.0 1143.0 3235.0 1143.0 large-vehicle 1
3083.0 1625.0 3112.0 1625.0 3112.0 1634.0 3083.0 1634.0 large-vehicle 1
3207.0 1631.0 3219.0 1631.0 3219.0 1655.0 3207.0 1655.0 large-vehicle 1
3208.0 1600.0 3220.0 1600.0 3220.0 1625.0 3208.0 1625.0 large-vehicle 1
3208.0 1548.0 3222.0 1548.0 3222.0 1575.0 3208.0 1575.0 large-vehicle 1
3281.0 1530.0 3292.0 1530.0 3292.0 1557.0 3281.0 1557.0 large-vehicle 1
3251.0 1435.0 3265.0 1435.0 3265.0 1484.0 3251.0 1484.0 large-vehicle 1
3253.0 1353.0 3270.0 1353.0 3270.0 1398.0 3253.0 1398.0 large-vehicle 1
3068.0 1507.0 3133.0 1507.0 3133.0 1523.0 3068.0 1523.0 large-vehicle 1
2315.0 150.0 2324.0 150.0 2324.0 169.0 2315.0 169.0 small-vehicle 1
3071.0 1525.0 3098.0 1525.0 3098.0 1536.0 3071.0 1536.0 large-vehicle 1
3291.0 1339.0 3303.0 1339.0 3303.0 1362.0 3291.0 1362.0 large-vehicle 1
3136.0 1924.0 3148.0 1924.0 3148.0 1945.0 3136.0 1945.0 small-vehicle 1
3125.0 1922.0 3136.0 1922.0 3136.0 1944.0 3125.0 1944.0 small-vehicle 1
3050.0 1914.0 3059.0 1914.0 3059.0 1936.0 3050.0 1936.0 small-vehicle 1
3037.0 1914.0 3048.0 1914.0 3048.0 1936.0 3037.0 1936.0 small-vehicle 1
3016.0 1913.0 3026.0 1913.0 3026.0 1934.0 3016.0 1934.0 small-vehicle 1
2954.0 1828.0 2966.0 1828.0 2966.0 1848.0 2954.0 1848.0 small-vehicle 1
2966.0 1827.0 2978.0 1827.0 2978.0 1849.0 2966.0 1849.0 small-vehicle 1
3012.0 1832.0 3022.0 1832.0 3022.0 1852.0 3012.0 1852.0 small-vehicle 1
3180.0 1832.0 3203.0 1832.0 3203.0 1841.0 3180.0 1841.0 small-vehicle 1
3307.0 1832.0 3328.0 1832.0 3328.0 1840.0 3307.0 1840.0 small-vehicle 1
3306.0 1842.0 3324.0 1842.0 3324.0 1851.0 3306.0 1851.0 small-vehicle 1
3305.0 1854.0 3326.0 1854.0 3326.0 1863.0 3305.0 1863.0 small-vehicle 1
3305.0 1864.0 3324.0 1864.0 3324.0 1875.0 3305.0 1875.0 small-vehicle 1
3246.0 1828.0 3257.0 1828.0 3257.0 1848.0 3246.0 1848.0 small-vehicle 1
3210.0 1762.0 3231.0 1762.0 3231.0 1778.0 3210.0 1778.0 small-vehicle 1
3183.0 1810.0 3205.0 1810.0 3205.0 1821.0 3183.0 1821.0 small-vehicle 1
3176.0 1844.0 3202.0 1844.0 3202.0 1855.0 3176.0 1855.0 small-vehicle 1
3309.0 1807.0 3330.0 1807.0 3330.0 1816.0 3309.0 1816.0 small-vehicle 1
3181.0 1855.0 3200.0 1855.0 3200.0 1863.0 3181.0 1863.0 small-vehicle 1
3180.0 1866.0 3200.0 1866.0 3200.0 1875.0 3180.0 1875.0 small-vehicle 1
3180.0 1875.0 3200.0 1875.0 3200.0 1885.0 3180.0 1885.0 small-vehicle 1
3179.0 1899.0 3198.0 1899.0 3198.0 1908.0 3179.0 1908.0 small-vehicle 1
3176.0 1909.0 3197.0 1909.0 3197.0 1919.0 3176.0 1919.0 small-vehicle 1
3167.0 1404.0 3177.0 1404.0 3177.0 1427.0 3167.0 1427.0 small-vehicle 1
3154.0 1404.0 3167.0 1404.0 3167.0 1427.0 3154.0 1427.0 small-vehicle 1
3307.0 1818.0 3326.0 1818.0 3326.0 1827.0 3307.0 1827.0 small-vehicle 1
3309.0 1794.0 3329.0 1794.0 3329.0 1805.0 3309.0 1805.0 small-vehicle 1
3131.0 1427.0 3151.0 1427.0 3151.0 1438.0 3131.0 1438.0 small-vehicle 1
3362.0 1809.0 3382.0 1809.0 3382.0 1818.0 3362.0 1818.0 small-vehicle 1
3391.0 1742.0 3412.0 1742.0 3412.0 1751.0 3391.0 1751.0 small-vehicle 1
3369.0 1738.0 3389.0 1738.0 3389.0 1750.0 3369.0 1750.0 small-vehicle 1
3367.0 1752.0 3386.0 1752.0 3386.0 1762.0 3367.0 1762.0 small-vehicle 1
3365.0 1762.0 3388.0 1762.0 3388.0 1773.0 3365.0 1773.0 small-vehicle 1
3364.0 1775.0 3387.0 1775.0 3387.0 1784.0 3364.0 1784.0 small-vehicle 1
3365.0 1785.0 3384.0 1785.0 3384.0 1796.0 3365.0 1796.0 small-vehicle 1
3362.0 1798.0 3383.0 1798.0 3383.0 1807.0 3362.0 1807.0 small-vehicle 1
3359.0 1833.0 3379.0 1833.0 3379.0 1842.0 3359.0 1842.0 small-vehicle 1
3309.0 1782.0 3329.0 1782.0 3329.0 1792.0 3309.0 1792.0 small-vehicle 1
3361.0 1846.0 3380.0 1846.0 3380.0 1854.0 3361.0 1854.0 small-vehicle 1
3360.0 1857.0 3381.0 1857.0 3381.0 1867.0 3360.0 1867.0 small-vehicle 1
3358.0 1869.0 3379.0 1869.0 3379.0 1877.0 3358.0 1877.0 small-vehicle 1
3357.0 1880.0 3378.0 1880.0 3378.0 1889.0 3357.0 1889.0 small-vehicle 1
3309.0 1746.0 3332.0 1746.0 3332.0 1757.0 3309.0 1757.0 small-vehicle 1
3310.0 1760.0 3333.0 1760.0 3333.0 1770.0 3310.0 1770.0 small-vehicle 1
3311.0 1771.0 3331.0 1771.0 3331.0 1780.0 3311.0 1780.0 small-vehicle 1
3142.0 1404.0 3153.0 1404.0 3153.0 1424.0 3142.0 1424.0 small-vehicle 1
3129.0 1401.0 3140.0 1401.0 3140.0 1421.0 3129.0 1421.0 small-vehicle 1
3023.0 1832.0 3034.0 1832.0 3034.0 1852.0 3023.0 1852.0 small-vehicle 1
3090.0 1782.0 3100.0 1782.0 3100.0 1802.0 3090.0 1802.0 small-vehicle 1
2994.0 1773.0 3003.0 1773.0 3003.0 1795.0 2994.0 1795.0 small-vehicle 1
3026.0 1778.0 3036.0 1778.0 3036.0 1799.0 3026.0 1799.0 small-vehicle 1
3037.0 1778.0 3048.0 1778.0 3048.0 1799.0 3037.0 1799.0 small-vehicle 1
3046.0 1779.0 3057.0 1779.0 3057.0 1799.0 3046.0 1799.0 small-vehicle 1
3056.0 1777.0 3069.0 1777.0 3069.0 1800.0 3056.0 1800.0 small-vehicle 1
3070.0 1778.0 3078.0 1778.0 3078.0 1798.0 3070.0 1798.0 small-vehicle 1
3080.0 1779.0 3091.0 1779.0 3091.0 1801.0 3080.0 1801.0 small-vehicle 1
3100.0 1782.0 3110.0 1782.0 3110.0 1805.0 3100.0 1805.0 small-vehicle 1
2971.0 1775.0 2980.0 1775.0 2980.0 1796.0 2971.0 1796.0 small-vehicle 1
3112.0 1781.0 3122.0 1781.0 3122.0 1801.0 3112.0 1801.0 small-vehicle 1
3122.0 1841.0 3131.0 1841.0 3131.0 1862.0 3122.0 1862.0 small-vehicle 1
3088.0 1838.0 3099.0 1838.0 3099.0 1859.0 3088.0 1859.0 small-vehicle 1
3043.0 1832.0 3051.0 1832.0 3051.0 1854.0 3043.0 1854.0 small-vehicle 1
3056.0 1829.0 3065.0 1829.0 3065.0 1852.0 3056.0 1852.0 small-vehicle 1
3076.0 1836.0 3087.0 1836.0 3087.0 1858.0 3076.0 1858.0 small-vehicle 1
3032.0 1833.0 3044.0 1833.0 3044.0 1853.0 3032.0 1853.0 small-vehicle 1
2981.0 1771.0 2993.0 1771.0 2993.0 1796.0 2981.0 1796.0 small-vehicle 1
2960.0 1770.0 2970.0 1770.0 2970.0 1790.0 2960.0 1790.0 small-vehicle 1
3117.0 1401.0 3127.0 1401.0 3127.0 1423.0 3117.0 1423.0 small-vehicle 1
2823.0 1760.0 2834.0 1760.0 2834.0 1782.0 2823.0 1782.0 small-vehicle 1
3103.0 1400.0 3113.0 1400.0 3113.0 1424.0 3103.0 1424.0 small-vehicle 1
3090.0 1399.0 3102.0 1399.0 3102.0 1423.0 3090.0 1423.0 small-vehicle 1
3067.0 1399.0 3078.0 1399.0 3078.0 1419.0 3067.0 1419.0 small-vehicle 1
3095.0 1463.0 3119.0 1463.0 3119.0 1475.0 3095.0 1475.0 small-vehicle 1
3067.0 1722.0 3090.0 1722.0 3090.0 1731.0 3067.0 1731.0 small-vehicle 1
3107.0 1725.0 3129.0 1725.0 3129.0 1737.0 3107.0 1737.0 small-vehicle 1
3124.0 1782.0 3135.0 1782.0 3135.0 1805.0 3124.0 1805.0 small-vehicle 1
2838.0 1763.0 2847.0 1763.0 2847.0 1785.0 2838.0 1785.0 small-vehicle 1
2947.0 1772.0 2959.0 1772.0 2959.0 1795.0 2947.0 1795.0 small-vehicle 1
2849.0 1763.0 2859.0 1763.0 2859.0 1787.0 2849.0 1787.0 small-vehicle 1
2870.0 1764.0 2879.0 1764.0 2879.0 1783.0 2870.0 1783.0 small-vehicle 1
2883.0 1766.0 2892.0 1766.0 2892.0 1786.0 2883.0 1786.0 small-vehicle 1
2893.0 1768.0 2904.0 1768.0 2904.0 1789.0 2893.0 1789.0 small-vehicle 1
2904.0 1768.0 2914.0 1768.0 2914.0 1789.0 2904.0 1789.0 small-vehicle 1
2914.0 1769.0 2926.0 1769.0 2926.0 1791.0 2914.0 1791.0 small-vehicle 1
2931.0 1770.0 2941.0 1770.0 2941.0 1792.0 2931.0 1792.0 small-vehicle 1
2553.0 152.0 2564.0 152.0 2564.0 172.0 2553.0 172.0 small-vehicle 1
2566.0 153.0 2577.0 153.0 2577.0 171.0 2566.0 171.0 small-vehicle 1
2577.0 152.0 2587.0 152.0 2587.0 173.0 2577.0 173.0 small-vehicle 1
1582.0 728.0 1599.0 728.0 1599.0 753.0 1582.0 753.0 small-vehicle 1
1504.0 780.0 1520.0 780.0 1520.0 801.0 1504.0 801.0 small-vehicle 1
1521.0 791.0 1539.0 791.0 1539.0 813.0 1521.0 813.0 small-vehicle 1
1530.0 797.0 1549.0 797.0 1549.0 820.0 1530.0 820.0 small-vehicle 1
1544.0 801.0 1558.0 801.0 1558.0 821.0 1544.0 821.0 small-vehicle 1
1557.0 807.0 1572.0 807.0 1572.0 830.0 1557.0 830.0 small-vehicle 1
1568.0 815.0 1583.0 815.0 1583.0 835.0 1568.0 835.0 small-vehicle 1
1561.0 720.0 1582.0 720.0 1582.0 746.0 1561.0 746.0 small-vehicle 1
1593.0 737.0 1611.0 737.0 1611.0 757.0 1593.0 757.0 small-vehicle 1
1534.0 730.0 1552.0 730.0 1552.0 754.0 1534.0 754.0 small-vehicle 1
1602.0 745.0 1619.0 745.0 1619.0 765.0 1602.0 765.0 small-vehicle 1
1612.0 749.0 1628.0 749.0 1628.0 771.0 1612.0 771.0 small-vehicle 1
1633.0 757.0 1649.0 757.0 1649.0 778.0 1633.0 778.0 small-vehicle 1
1570.0 750.0 1586.0 750.0 1586.0 774.0 1570.0 774.0 small-vehicle 1
1581.0 757.0 1597.0 757.0 1597.0 779.0 1581.0 779.0 small-vehicle 1
1600.0 771.0 1615.0 771.0 1615.0 790.0 1600.0 790.0 small-vehicle 1
1611.0 774.0 1628.0 774.0 1628.0 795.0 1611.0 795.0 small-vehicle 1
1493.0 776.0 1509.0 776.0 1509.0 798.0 1493.0 798.0 small-vehicle 1
1556.0 715.0 1572.0 715.0 1572.0 736.0 1556.0 736.0 small-vehicle 1
1630.0 786.0 1647.0 786.0 1647.0 807.0 1630.0 807.0 small-vehicle 1
1694.0 507.0 1713.0 507.0 1713.0 520.0 1694.0 520.0 small-vehicle 1
1633.0 461.0 1656.0 461.0 1656.0 477.0 1633.0 477.0 small-vehicle 1
1623.0 470.0 1644.0 470.0 1644.0 488.0 1623.0 488.0 small-vehicle 1
1619.0 480.0 1639.0 480.0 1639.0 497.0 1619.0 497.0 small-vehicle 1
1609.0 492.0 1630.0 492.0 1630.0 508.0 1609.0 508.0 small-vehicle 1
1601.0 504.0 1627.0 504.0 1627.0 525.0 1601.0 525.0 small-vehicle 1
1598.0 518.0 1618.0 518.0 1618.0 536.0 1598.0 536.0 small-vehicle 1
1701.0 490.0 1720.0 490.0 1720.0 499.0 1701.0 499.0 small-vehicle 1
1690.0 523.0 1711.0 523.0 1711.0 535.0 1690.0 535.0 small-vehicle 1
1524.0 702.0 1541.0 702.0 1541.0 721.0 1524.0 721.0 small-vehicle 1
1676.0 496.0 1697.0 496.0 1697.0 504.0 1676.0 504.0 small-vehicle 1
1668.0 506.0 1695.0 506.0 1695.0 519.0 1668.0 519.0 small-vehicle 1
1662.0 519.0 1687.0 519.0 1687.0 531.0 1662.0 531.0 small-vehicle 1
1663.0 533.0 1686.0 533.0 1686.0 544.0 1663.0 544.0 small-vehicle 1
1740.0 530.0 1758.0 530.0 1758.0 542.0 1740.0 542.0 small-vehicle 1
1739.0 518.0 1759.0 518.0 1759.0 529.0 1739.0 529.0 small-vehicle 1
1747.0 510.0 1766.0 510.0 1766.0 518.0 1747.0 518.0 small-vehicle 1
1621.0 778.0 1638.0 778.0 1638.0 802.0 1621.0 802.0 small-vehicle 1
1679.0 817.0 1691.0 817.0 1691.0 839.0 1679.0 839.0 small-vehicle 1
1655.0 433.0 1667.0 433.0 1667.0 458.0 1655.0 458.0 small-vehicle 1
1650.0 671.0 1670.0 671.0 1670.0 683.0 1650.0 683.0 small-vehicle 1
1645.0 695.0 1668.0 695.0 1668.0 703.0 1645.0 703.0 small-vehicle 1
1647.0 684.0 1669.0 684.0 1669.0 694.0 1647.0 694.0 small-vehicle 1
1650.0 613.0 1673.0 613.0 1673.0 625.0 1650.0 625.0 small-vehicle 1
1650.0 627.0 1670.0 627.0 1670.0 638.0 1650.0 638.0 small-vehicle 1
1649.0 638.0 1671.0 638.0 1671.0 649.0 1649.0 649.0 small-vehicle 1
1649.0 650.0 1670.0 650.0 1670.0 660.0 1649.0 660.0 small-vehicle 1
1651.0 664.0 1672.0 664.0 1672.0 672.0 1651.0 672.0 small-vehicle 1
90.0 211.0 112.0 211.0 112.0 230.0 90.0 230.0 small-vehicle 1
1659.0 602.0 1688.0 602.0 1688.0 614.0 1659.0 614.0 small-vehicle 1
515.0 248.0 536.0 248.0 536.0 275.0 515.0 275.0 small-vehicle 1
985.0 157.0 1001.0 157.0 1001.0 181.0 985.0 181.0 small-vehicle 1
1042.0 246.0 1058.0 246.0 1058.0 270.0 1042.0 270.0 small-vehicle 1
1084.0 248.0 1099.0 248.0 1099.0 273.0 1084.0 273.0 small-vehicle 1
853.0 228.0 867.0 228.0 867.0 247.0 853.0 247.0 small-vehicle 1
789.0 356.0 804.0 356.0 804.0 378.0 789.0 378.0 small-vehicle 1
748.0 371.0 767.0 371.0 767.0 392.0 748.0 392.0 small-vehicle 1
1647.0 706.0 1665.0 706.0 1665.0 716.0 1647.0 716.0 small-vehicle 1
1673.0 617.0 1698.0 617.0 1698.0 630.0 1673.0 630.0 small-vehicle 1
1694.0 826.0 1705.0 826.0 1705.0 846.0 1694.0 846.0 small-vehicle 1
1734.0 669.0 1750.0 669.0 1750.0 678.0 1734.0 678.0 small-vehicle 1
1696.0 767.0 1708.0 767.0 1708.0 792.0 1696.0 792.0 small-vehicle 1
1710.0 766.0 1721.0 766.0 1721.0 789.0 1710.0 789.0 small-vehicle 1
1614.0 841.0 1630.0 841.0 1630.0 864.0 1614.0 864.0 small-vehicle 1
1623.0 847.0 1641.0 847.0 1641.0 871.0 1623.0 871.0 small-vehicle 1
1638.0 856.0 1653.0 856.0 1653.0 879.0 1638.0 879.0 small-vehicle 1
1720.0 645.0 1745.0 645.0 1745.0 655.0 1720.0 655.0 small-vehicle 1
1732.0 680.0 1746.0 680.0 1746.0 690.0 1732.0 690.0 small-vehicle 1
1728.0 657.0 1749.0 657.0 1749.0 668.0 1728.0 668.0 small-vehicle 1
1673.0 629.0 1695.0 629.0 1695.0 640.0 1673.0 640.0 small-vehicle 1
1668.0 707.0 1690.0 707.0 1690.0 717.0 1668.0 717.0 small-vehicle 1
1670.0 695.0 1692.0 695.0 1692.0 706.0 1670.0 706.0 small-vehicle 1
1674.0 685.0 1695.0 685.0 1695.0 695.0 1674.0 695.0 small-vehicle 1
1674.0 674.0 1695.0 674.0 1695.0 682.0 1674.0 682.0 small-vehicle 1
1676.0 665.0 1697.0 665.0 1697.0 674.0 1676.0 674.0 small-vehicle 1
1675.0 655.0 1695.0 655.0 1695.0 662.0 1675.0 662.0 small-vehicle 1
1674.0 641.0 1696.0 641.0 1696.0 649.0 1674.0 649.0 small-vehicle 1
1643.0 435.0 1653.0 435.0 1653.0 456.0 1643.0 456.0 small-vehicle 1
1667.0 435.0 1678.0 435.0 1678.0 459.0 1667.0 459.0 small-vehicle 1
2589.0 150.0 2599.0 150.0 2599.0 169.0 2589.0 169.0 small-vehicle 1
2191.0 275.0 2211.0 275.0 2211.0 285.0 2191.0 285.0 small-vehicle 1
2663.0 316.0 2680.0 316.0 2680.0 361.0 2663.0 361.0 large-vehicle 1
2361.0 310.0 2374.0 310.0 2374.0 341.0 2361.0 341.0 large-vehicle 1
2192.0 185.0 2212.0 185.0 2212.0 194.0 2192.0 194.0 small-vehicle 1
2194.0 199.0 2214.0 199.0 2214.0 209.0 2194.0 209.0 small-vehicle 1
2193.0 213.0 2214.0 213.0 2214.0 223.0 2193.0 223.0 small-vehicle 1
2212.0 250.0 2222.0 250.0 2222.0 271.0 2212.0 271.0 small-vehicle 1
2189.0 253.0 2210.0 253.0 2210.0 263.0 2189.0 263.0 small-vehicle 1
2188.0 287.0 2210.0 287.0 2210.0 297.0 2188.0 297.0 small-vehicle 1
2560.0 315.0 2580.0 315.0 2580.0 351.0 2560.0 351.0 large-vehicle 1
951.0 1707.0 979.0 1707.0 979.0 1731.0 951.0 1731.0 small-vehicle 1
983.0 919.0 1012.0 919.0 1012.0 938.0 983.0 938.0 small-vehicle 1
1069.0 886.0 1095.0 886.0 1095.0 902.0 1069.0 902.0 small-vehicle 1
1106.0 1164.0 1120.0 1164.0 1120.0 1188.0 1106.0 1188.0 small-vehicle 1
1114.0 1142.0 1140.0 1142.0 1140.0 1162.0 1114.0 1162.0 large-vehicle 1
1108.0 838.0 1134.0 838.0 1134.0 857.0 1108.0 857.0 large-vehicle 1
1095.0 1270.0 1114.0 1270.0 1114.0 1299.0 1095.0 1299.0 large-vehicle 1
2643.0 317.0 2659.0 317.0 2659.0 354.0 2643.0 354.0 large-vehicle 1
2514.0 184.0 2565.0 184.0 2565.0 207.0 2514.0 207.0 large-vehicle 1
1209.0 1148.0 1231.0 1148.0 1231.0 1174.0 1209.0 1174.0 small-vehicle 1
2755.0 171.0 2766.0 171.0 2766.0 193.0 2755.0 193.0 small-vehicle 1
2601.0 152.0 2613.0 152.0 2613.0 171.0 2601.0 171.0 small-vehicle 1
2612.0 152.0 2624.0 152.0 2624.0 173.0 2612.0 173.0 small-vehicle 1
2622.0 154.0 2634.0 154.0 2634.0 177.0 2622.0 177.0 small-vehicle 1
2636.0 154.0 2647.0 154.0 2647.0 173.0 2636.0 173.0 small-vehicle 1
2648.0 152.0 2658.0 152.0 2658.0 172.0 2648.0 172.0 small-vehicle 1
2610.0 199.0 2633.0 199.0 2633.0 213.0 2610.0 213.0 small-vehicle 1
2785.0 171.0 2795.0 171.0 2795.0 194.0 2785.0 194.0 small-vehicle 1
2819.0 178.0 2830.0 178.0 2830.0 199.0 2819.0 199.0 small-vehicle 1
2685.0 314.0 2701.0 314.0 2701.0 342.0 2685.0 342.0 large-vehicle 1
2831.0 181.0 2842.0 181.0 2842.0 200.0 2831.0 200.0 small-vehicle 1
2831.0 229.0 2840.0 229.0 2840.0 245.0 2831.0 245.0 small-vehicle 1
2806.0 225.0 2815.0 225.0 2815.0 246.0 2806.0 246.0 small-vehicle 1
2793.0 225.0 2804.0 225.0 2804.0 243.0 2793.0 243.0 small-vehicle 1
2769.0 221.0 2779.0 221.0 2779.0 245.0 2769.0 245.0 small-vehicle 1
2704.0 332.0 2715.0 332.0 2715.0 353.0 2704.0 353.0 small-vehicle 1
2726.0 217.0 2738.0 217.0 2738.0 241.0 2726.0 241.0 large-vehicle 1
1188.0 1137.0 1208.0 1137.0 1208.0 1159.0 1188.0 1159.0 small-vehicle 1
1252.0 1127.0 1272.0 1127.0 1272.0 1147.0 1252.0 1147.0 small-vehicle 1
1711.0 440.0 1720.0 440.0 1720.0 463.0 1711.0 463.0 small-vehicle 1
1704.0 387.0 1713.0 387.0 1713.0 408.0 1704.0 408.0 small-vehicle 1
1650.0 345.0 1673.0 345.0 1673.0 367.0 1650.0 367.0 small-vehicle 1
1645.0 358.0 1665.0 358.0 1665.0 377.0 1645.0 377.0 small-vehicle 1
1634.0 368.0 1658.0 368.0 1658.0 387.0 1634.0 387.0 small-vehicle 1
1692.0 364.0 1704.0 364.0 1704.0 386.0 1692.0 386.0 small-vehicle 1
1705.0 367.0 1714.0 367.0 1714.0 388.0 1705.0 388.0 small-vehicle 1
1718.0 368.0 1729.0 368.0 1729.0 389.0 1718.0 389.0 small-vehicle 1
1690.0 386.0 1701.0 386.0 1701.0 407.0 1690.0 407.0 small-vehicle 1
1715.0 386.0 1726.0 386.0 1726.0 411.0 1715.0 411.0 small-vehicle 1
1675.0 325.0 1695.0 325.0 1695.0 347.0 1675.0 347.0 small-vehicle 1
1757.0 362.0 1770.0 362.0 1770.0 371.0 1757.0 371.0 small-vehicle 1
1754.0 371.0 1769.0 371.0 1769.0 382.0 1754.0 382.0 small-vehicle 1
1748.0 421.0 1766.0 421.0 1766.0 431.0 1748.0 431.0 small-vehicle 1
1750.0 412.0 1768.0 412.0 1768.0 421.0 1750.0 421.0 small-vehicle 1
1750.0 397.0 1773.0 397.0 1773.0 409.0 1750.0 409.0 small-vehicle 1
1752.0 384.0 1775.0 384.0 1775.0 396.0 1752.0 396.0 small-vehicle 1
1725.0 445.0 1734.0 445.0 1734.0 466.0 1725.0 466.0 small-vehicle 1
1661.0 333.0 1684.0 333.0 1684.0 354.0 1661.0 354.0 small-vehicle 1
1686.0 316.0 1706.0 316.0 1706.0 339.0 1686.0 339.0 small-vehicle 1
1379.0 815.0 1397.0 815.0 1397.0 838.0 1379.0 838.0 small-vehicle 1
1639.0 173.0 1657.0 173.0 1657.0 197.0 1639.0 197.0 small-vehicle 1
1395.0 817.0 1410.0 817.0 1410.0 837.0 1395.0 837.0 small-vehicle 1
1386.0 926.0 1411.0 926.0 1411.0 935.0 1386.0 935.0 small-vehicle 1
1318.0 889.0 1338.0 889.0 1338.0 914.0 1318.0 914.0 small-vehicle 1
1338.0 855.0 1358.0 855.0 1358.0 879.0 1338.0 879.0 small-vehicle 1
1305.0 916.0 1322.0 916.0 1322.0 938.0 1305.0 938.0 small-vehicle 1
1292.0 939.0 1311.0 939.0 1311.0 962.0 1292.0 962.0 small-vehicle 1
1450.0 753.0 1469.0 753.0 1469.0 779.0 1450.0 779.0 small-vehicle 1
1550.0 158.0 1567.0 158.0 1567.0 177.0 1550.0 177.0 small-vehicle 1
1695.0 310.0 1714.0 310.0 1714.0 331.0 1695.0 331.0 small-vehicle 1
1484.0 277.0 1503.0 277.0 1503.0 305.0 1484.0 305.0 small-vehicle 1
1446.0 406.0 1467.0 406.0 1467.0 431.0 1446.0 431.0 small-vehicle 1
1611.0 420.0 1635.0 420.0 1635.0 433.0 1611.0 433.0 small-vehicle 1
1616.0 406.0 1638.0 406.0 1638.0 420.0 1616.0 420.0 small-vehicle 1
1621.0 390.0 1645.0 390.0 1645.0 407.0 1621.0 407.0 small-vehicle 1
1627.0 379.0 1651.0 379.0 1651.0 398.0 1627.0 398.0 small-vehicle 1
1705.0 301.0 1725.0 301.0 1725.0 324.0 1705.0 324.0 small-vehicle 1
3390.0 1754.0 3412.0 1754.0 3412.0 1765.0 3390.0 1765.0 small-vehicle 1
3388.0 1764.0 3409.0 1764.0 3409.0 1773.0 3388.0 1773.0 small-vehicle 1
3388.0 1777.0 3410.0 1777.0 3410.0 1786.0 3388.0 1786.0 small-vehicle 1
3059.0 817.0 3082.0 817.0 3082.0 828.0 3059.0 828.0 small-vehicle 1
3072.0 636.0 3094.0 636.0 3094.0 646.0 3072.0 646.0 small-vehicle 1
3070.0 662.0 3092.0 662.0 3092.0 671.0 3070.0 671.0 small-vehicle 1
3069.0 674.0 3091.0 674.0 3091.0 683.0 3069.0 683.0 small-vehicle 1
3065.0 686.0 3089.0 686.0 3089.0 696.0 3065.0 696.0 small-vehicle 1
3066.0 728.0 3088.0 728.0 3088.0 738.0 3066.0 738.0 small-vehicle 1
3064.0 775.0 3088.0 775.0 3088.0 787.0 3064.0 787.0 small-vehicle 1
3063.0 788.0 3084.0 788.0 3084.0 800.0 3063.0 800.0 small-vehicle 1
3128.0 666.0 3151.0 666.0 3151.0 676.0 3128.0 676.0 small-vehicle 1
3071.0 610.0 3093.0 610.0 3093.0 620.0 3071.0 620.0 small-vehicle 1
3150.0 668.0 3174.0 668.0 3174.0 679.0 3150.0 679.0 small-vehicle 1
3148.0 681.0 3167.0 681.0 3167.0 691.0 3148.0 691.0 small-vehicle 1
3150.0 695.0 3171.0 695.0 3171.0 705.0 3150.0 705.0 small-vehicle 1
3146.0 708.0 3169.0 708.0 3169.0 718.0 3146.0 718.0 small-vehicle 1
3145.0 721.0 3169.0 721.0 3169.0 733.0 3145.0 733.0 small-vehicle 1
3145.0 732.0 3166.0 732.0 3166.0 743.0 3145.0 743.0 small-vehicle 1
3144.0 746.0 3165.0 746.0 3165.0 757.0 3144.0 757.0 small-vehicle 1
3071.0 621.0 3094.0 621.0 3094.0 631.0 3071.0 631.0 small-vehicle 1
3403.0 513.0 3421.0 513.0 3421.0 554.0 3403.0 554.0 large-vehicle 1
3171.0 765.0 3182.0 765.0 3182.0 791.0 3171.0 791.0 large-vehicle 1
3445.0 325.0 3471.0 325.0 3471.0 334.0 3445.0 334.0 small-vehicle 1
3390.0 294.0 3417.0 294.0 3417.0 305.0 3390.0 305.0 small-vehicle 1
3392.0 318.0 3412.0 318.0 3412.0 327.0 3392.0 327.0 small-vehicle 1
3389.0 330.0 3411.0 330.0 3411.0 339.0 3389.0 339.0 small-vehicle 1
3387.0 341.0 3409.0 341.0 3409.0 351.0 3387.0 351.0 small-vehicle 1
3387.0 351.0 3410.0 351.0 3410.0 362.0 3387.0 362.0 small-vehicle 1
3386.0 374.0 3417.0 374.0 3417.0 391.0 3386.0 391.0 small-vehicle 1
3449.0 312.0 3473.0 312.0 3473.0 324.0 3449.0 324.0 small-vehicle 1
3446.0 336.0 3470.0 336.0 3470.0 347.0 3446.0 347.0 small-vehicle 1
3426.0 520.0 3441.0 520.0 3441.0 560.0 3426.0 560.0 large-vehicle 1
3528.0 88.0 3543.0 88.0 3543.0 110.0 3528.0 110.0 small-vehicle 1
3553.0 92.0 3566.0 92.0 3566.0 115.0 3553.0 115.0 small-vehicle 1
3576.0 174.0 3588.0 174.0 3588.0 196.0 3576.0 196.0 small-vehicle 1
3590.0 176.0 3603.0 176.0 3603.0 197.0 3590.0 197.0 small-vehicle 1
3519.0 540.0 3552.0 540.0 3552.0 556.0 3519.0 556.0 large-vehicle 1
3454.0 525.0 3466.0 525.0 3466.0 552.0 3454.0 552.0 large-vehicle 1
3395.0 525.0 3406.0 525.0 3406.0 546.0 3395.0 546.0 small-vehicle 1
3143.0 761.0 3164.0 761.0 3164.0 770.0 3143.0 770.0 small-vehicle 1
3141.0 772.0 3163.0 772.0 3163.0 783.0 3141.0 783.0 small-vehicle 1
3399.0 245.0 3424.0 245.0 3424.0 258.0 3399.0 258.0 small-vehicle 1
3165.0 875.0 3177.0 875.0 3177.0 898.0 3165.0 898.0 small-vehicle 1
3242.0 801.0 3266.0 801.0 3266.0 811.0 3242.0 811.0 small-vehicle 1
3244.0 814.0 3268.0 814.0 3268.0 825.0 3244.0 825.0 small-vehicle 1
3245.0 831.0 3267.0 831.0 3267.0 842.0 3245.0 842.0 small-vehicle 1
3243.0 843.0 3267.0 843.0 3267.0 854.0 3243.0 854.0 small-vehicle 1
3056.0 869.0 3068.0 869.0 3068.0 891.0 3056.0 891.0 small-vehicle 1
3072.0 871.0 3081.0 871.0 3081.0 890.0 3072.0 890.0 small-vehicle 1
3154.0 875.0 3166.0 875.0 3166.0 898.0 3154.0 898.0 small-vehicle 1
3178.0 879.0 3188.0 879.0 3188.0 899.0 3178.0 899.0 small-vehicle 1
3244.0 777.0 3266.0 777.0 3266.0 786.0 3244.0 786.0 small-vehicle 1
3188.0 876.0 3199.0 876.0 3199.0 900.0 3188.0 900.0 small-vehicle 1
3212.0 881.0 3224.0 881.0 3224.0 903.0 3212.0 903.0 small-vehicle 1
3198.0 878.0 3212.0 878.0 3212.0 900.0 3198.0 900.0 small-vehicle 1
2869.0 925.0 2897.0 925.0 2897.0 938.0 2869.0 938.0 small-vehicle 1
3133.0 1126.0 3143.0 1126.0 3143.0 1146.0 3133.0 1146.0 small-vehicle 1
3112.0 1127.0 3122.0 1127.0 3122.0 1149.0 3112.0 1149.0 small-vehicle 1
3124.0 1330.0 3134.0 1330.0 3134.0 1356.0 3124.0 1356.0 small-vehicle 1
3243.0 789.0 3266.0 789.0 3266.0 799.0 3243.0 799.0 small-vehicle 1
3248.0 765.0 3268.0 765.0 3268.0 775.0 3248.0 775.0 small-vehicle 1
3140.0 786.0 3162.0 786.0 3162.0 795.0 3140.0 795.0 small-vehicle 1
3115.0 768.0 3139.0 768.0 3139.0 780.0 3115.0 780.0 small-vehicle 1
3123.0 679.0 3147.0 679.0 3147.0 690.0 3123.0 690.0 small-vehicle 1
3125.0 693.0 3148.0 693.0 3148.0 703.0 3125.0 703.0 small-vehicle 1
3124.0 706.0 3147.0 706.0 3147.0 715.0 3124.0 715.0 small-vehicle 1
3124.0 716.0 3144.0 716.0 3144.0 728.0 3124.0 728.0 small-vehicle 1
3121.0 730.0 3143.0 730.0 3143.0 740.0 3121.0 740.0 small-vehicle 1
3121.0 743.0 3142.0 743.0 3142.0 753.0 3121.0 753.0 small-vehicle 1
3119.0 757.0 3141.0 757.0 3141.0 768.0 3119.0 768.0 small-vehicle 1
3115.0 782.0 3138.0 782.0 3138.0 795.0 3115.0 795.0 small-vehicle 1
3247.0 749.0 3268.0 749.0 3268.0 759.0 3247.0 759.0 small-vehicle 1
3124.0 801.0 3145.0 801.0 3145.0 810.0 3124.0 810.0 small-vehicle 1
3144.0 800.0 3164.0 800.0 3164.0 811.0 3144.0 811.0 small-vehicle 1
3118.0 810.0 3140.0 810.0 3140.0 821.0 3118.0 821.0 small-vehicle 1
3141.0 812.0 3163.0 812.0 3163.0 822.0 3141.0 822.0 small-vehicle 1
3139.0 825.0 3160.0 825.0 3160.0 836.0 3139.0 836.0 small-vehicle 1
3116.0 823.0 3138.0 823.0 3138.0 831.0 3116.0 831.0 small-vehicle 1
3248.0 736.0 3267.0 736.0 3267.0 746.0 3248.0 746.0 small-vehicle 1
3394.0 281.0 3417.0 281.0 3417.0 293.0 3394.0 293.0 small-vehicle 1
3397.0 235.0 3423.0 235.0 3423.0 246.0 3397.0 246.0 small-vehicle 1
3146.0 1334.0 3158.0 1334.0 3158.0 1357.0 3146.0 1357.0 small-vehicle 1
5926.0 1725.0 6002.0 1725.0 6002.0 1748.0 5926.0 1748.0 large-vehicle 0
4628.0 2336.0 4826.0 2336.0 4826.0 2519.0 4628.0 2519.0 plane 0
5161.0 1921.0 5464.0 1921.0 5464.0 2213.0 5161.0 2213.0 plane 0
5965.0 1098.0 6048.0 1098.0 6048.0 1120.0 5965.0 1120.0 large-vehicle 0
5962.0 1152.0 6052.0 1152.0 6052.0 1175.0 5962.0 1175.0 large-vehicle 0
6087.0 1318.0 6180.0 1318.0 6180.0 1394.0 6087.0 1394.0 large-vehicle 0
6208.0 1351.0 6234.0 1351.0 6234.0 1451.0 6208.0 1451.0 large-vehicle 0
6078.0 1410.0 6171.0 1410.0 6171.0 1483.0 6078.0 1483.0 large-vehicle 0
6044.0 1868.0 6146.0 1868.0 6146.0 1888.0 6044.0 1888.0 large-vehicle 0
4640.0 1575.0 4795.0 1575.0 4795.0 1730.0 4640.0 1730.0 plane 0
5913.0 1914.0 5991.0 1914.0 5991.0 1935.0 5913.0 1935.0 large-vehicle 0
5912.0 1931.0 5995.0 1931.0 5995.0 1954.0 5912.0 1954.0 large-vehicle 0
5910.0 1968.0 5992.0 1968.0 5992.0 1993.0 5910.0 1993.0 large-vehicle 0
5910.0 1985.0 5985.0 1985.0 5985.0 2009.0 5910.0 2009.0 large-vehicle 0
6064.0 1959.0 6159.0 1959.0 6159.0 2010.0 6064.0 2010.0 large-vehicle 0
518.0 667.0 573.0 667.0 573.0 726.0 518.0 726.0 large-vehicle 0
158.0 132.0 215.0 132.0 215.0 185.0 158.0 185.0 large-vehicle 0
4620.0 1738.0 4783.0 1738.0 4783.0 1907.0 4620.0 1907.0 plane 0
4078.0 882.0 4128.0 882.0 4128.0 944.0 4078.0 944.0 large-vehicle 0
3095.0 137.0 3107.0 137.0 3107.0 159.0 3095.0 159.0 small-vehicle 1
2337.0 240.0 2362.0 240.0 2362.0 335.0 2337.0 335.0 large-vehicle 1
322.0 1496.0 600.0 1496.0 600.0 1774.0 322.0 1774.0 plane 0
1360.0 679.0 1411.0 679.0 1411.0 732.0 1360.0 732.0 large-vehicle 0
1479.0 1556.0 1755.0 1556.0 1755.0 1802.0 1479.0 1802.0 plane 0
2378.0 172.0 2479.0 172.0 2479.0 204.0 2378.0 204.0 large-vehicle 0
2352.0 192.0 2443.0 192.0 2443.0 282.0 2352.0 282.0 large-vehicle 0
2362.0 1206.0 2606.0 1206.0 2606.0 1439.0 2362.0 1439.0 plane 0
2360.0 1527.0 2644.0 1527.0 2644.0 1782.0 2360.0 1782.0 plane 0
2478.0 250.0 2502.0 250.0 2502.0 343.0 2478.0 343.0 large-vehicle 1
4076.0 930.0 4127.0 930.0 4127.0 997.0 4076.0 997.0 large-vehicle 0
2582.0 255.0 2608.0 255.0 2608.0 351.0 2582.0 351.0 large-vehicle 1
2495.0 254.0 2520.0 254.0 2520.0 345.0 2495.0 345.0 large-vehicle 1
3500.0 864.0 3612.0 864.0 3612.0 972.0 3500.0 972.0 plane 0
3628.0 874.0 3745.0 874.0 3745.0 1008.0 3628.0 1008.0 plane 0
3692.0 858.0 3760.0 858.0 3760.0 888.0 3692.0 888.0 large-vehicle 0
3803.0 664.0 3863.0 664.0 3863.0 732.0 3803.0 732.0 helicopter 0
3675.0 1127.0 3846.0 1127.0 3846.0 1290.0 3675.0 1290.0 plane 0
3081.0 139.0 3095.0 139.0 3095.0 161.0 3081.0 161.0 small-vehicle 1
3107.0 138.0 3117.0 138.0 3117.0 158.0 3107.0 158.0 small-vehicle 1
3398.0 222.0 3422.0 222.0 3422.0 231.0 3398.0 231.0 small-vehicle 1
3140.0 379.0 3160.0 379.0 3160.0 390.0 3140.0 390.0 small-vehicle 1
3251.0 426.0 3273.0 426.0 3273.0 437.0 3251.0 437.0 small-vehicle 1
3251.0 441.0 3273.0 441.0 3273.0 452.0 3251.0 452.0 small-vehicle 1
3163.0 248.0 3189.0 248.0 3189.0 258.0 3163.0 258.0 small-vehicle 1
3163.0 270.0 3184.0 270.0 3184.0 281.0 3163.0 281.0 small-vehicle 1
3148.0 321.0 3169.0 321.0 3169.0 332.0 3148.0 332.0 small-vehicle 1
3148.0 346.0 3170.0 346.0 3170.0 358.0 3148.0 358.0 small-vehicle 1
3141.0 367.0 3163.0 367.0 3163.0 379.0 3141.0 379.0 small-vehicle 1
3138.0 389.0 3165.0 389.0 3165.0 404.0 3138.0 404.0 small-vehicle 1
3251.0 399.0 3276.0 399.0 3276.0 410.0 3251.0 410.0 small-vehicle 1
3140.0 407.0 3169.0 407.0 3169.0 418.0 3140.0 418.0 small-vehicle 1
3159.0 224.0 3186.0 224.0 3186.0 234.0 3159.0 234.0 small-vehicle 1
3161.0 207.0 3187.0 207.0 3187.0 215.0 3161.0 215.0 small-vehicle 1
3348.0 88.0 3360.0 88.0 3360.0 108.0 3348.0 108.0 small-vehicle 1
3425.0 145.0 3450.0 145.0 3450.0 156.0 3425.0 156.0 small-vehicle 1
3461.0 202.0 3473.0 202.0 3473.0 222.0 3461.0 222.0 small-vehicle 1
3439.0 201.0 3449.0 201.0 3449.0 221.0 3439.0 221.0 small-vehicle 1
3253.0 410.0 3274.0 410.0 3274.0 422.0 3253.0 422.0 small-vehicle 1
3255.0 380.0 3277.0 380.0 3277.0 390.0 3255.0 390.0 small-vehicle 1
3118.0 135.0 3129.0 135.0 3129.0 157.0 3118.0 157.0 small-vehicle 1
3263.0 258.0 3285.0 258.0 3285.0 268.0 3263.0 268.0 small-vehicle 1
3274.0 102.0 3296.0 102.0 3296.0 113.0 3274.0 113.0 small-vehicle 1
3268.0 156.0 3289.0 156.0 3289.0 166.0 3268.0 166.0 small-vehicle 1
3270.0 171.0 3292.0 171.0 3292.0 182.0 3270.0 182.0 small-vehicle 1
3268.0 186.0 3291.0 186.0 3291.0 197.0 3268.0 197.0 small-vehicle 1
3270.0 199.0 3292.0 199.0 3292.0 213.0 3270.0 213.0 small-vehicle 1
3263.0 225.0 3287.0 225.0 3287.0 237.0 3263.0 237.0 small-vehicle 1
3265.0 248.0 3285.0 248.0 3285.0 258.0 3265.0 258.0 small-vehicle 1
3258.0 270.0 3284.0 270.0 3284.0 282.0 3258.0 282.0 small-vehicle 1
3255.0 367.0 3278.0 367.0 3278.0 377.0 3255.0 377.0 small-vehicle 1
3262.0 281.0 3283.0 281.0 3283.0 293.0 3262.0 293.0 small-vehicle 1
3260.0 294.0 3283.0 294.0 3283.0 307.0 3260.0 307.0 small-vehicle 1
3254.0 306.0 3281.0 306.0 3281.0 320.0 3254.0 320.0 small-vehicle 1
3251.0 318.0 3282.0 318.0 3282.0 331.0 3251.0 331.0 small-vehicle 1
3257.0 332.0 3282.0 332.0 3282.0 343.0 3257.0 343.0 small-vehicle 1
3254.0 342.0 3278.0 342.0 3278.0 353.0 3254.0 353.0 small-vehicle 1
3259.0 353.0 3278.0 353.0 3278.0 364.0 3259.0 364.0 small-vehicle 1
3134.0 1334.0 3146.0 1334.0 3146.0 1358.0 3134.0 1358.0 small-vehicle 1
3111.0 1330.0 3123.0 1330.0 3123.0 1356.0 3111.0 1356.0 small-vehicle 1
3386.0 1801.0 3407.0 1801.0 3407.0 1811.0 3386.0 1811.0 small-vehicle 1
3395.0 1650.0 3416.0 1650.0 3416.0 1660.0 3395.0 1660.0 small-vehicle 1
3401.0 1603.0 3421.0 1603.0 3421.0 1613.0 3401.0 1613.0 small-vehicle 1
3397.0 1614.0 3418.0 1614.0 3418.0 1623.0 3397.0 1623.0 small-vehicle 1
3396.0 1626.0 3416.0 1626.0 3416.0 1635.0 3396.0 1635.0 small-vehicle 1
3372.0 1624.0 3392.0 1624.0 3392.0 1633.0 3372.0 1633.0 small-vehicle 1
3371.0 1636.0 3393.0 1636.0 3393.0 1647.0 3371.0 1647.0 small-vehicle 1
3396.0 1638.0 3417.0 1638.0 3417.0 1648.0 3396.0 1648.0 small-vehicle 1
3372.0 1649.0 3394.0 1649.0 3394.0 1658.0 3372.0 1658.0 small-vehicle 1
3395.0 1662.0 3416.0 1662.0 3416.0 1673.0 3395.0 1673.0 small-vehicle 1
3379.0 1589.0 3399.0 1589.0 3399.0 1598.0 3379.0 1598.0 small-vehicle 1
3372.0 1660.0 3394.0 1660.0 3394.0 1670.0 3372.0 1670.0 small-vehicle 1
3450.0 1651.0 3462.0 1651.0 3462.0 1672.0 3450.0 1672.0 small-vehicle 1
3333.0 1444.0 3354.0 1444.0 3354.0 1454.0 3333.0 1454.0 small-vehicle 1
3332.0 1456.0 3353.0 1456.0 3353.0 1466.0 3332.0 1466.0 small-vehicle 1
3328.0 1481.0 3350.0 1481.0 3350.0 1489.0 3328.0 1489.0 small-vehicle 1
3329.0 1493.0 3353.0 1493.0 3353.0 1502.0 3329.0 1502.0 small-vehicle 1
3326.0 1503.0 3348.0 1503.0 3348.0 1513.0 3326.0 1513.0 small-vehicle 1
3377.0 1602.0 3399.0 1602.0 3399.0 1612.0 3377.0 1612.0 small-vehicle 1
3379.0 1578.0 3401.0 1578.0 3401.0 1588.0 3379.0 1588.0 small-vehicle 1
3326.0 1540.0 3346.0 1540.0 3346.0 1549.0 3326.0 1549.0 small-vehicle 1
3404.0 1581.0 3425.0 1581.0 3425.0 1590.0 3404.0 1590.0 small-vehicle 1
3405.0 1497.0 3428.0 1497.0 3428.0 1509.0 3405.0 1509.0 small-vehicle 1
3403.0 1509.0 3429.0 1509.0 3429.0 1522.0 3403.0 1522.0 small-vehicle 1
3404.0 1520.0 3423.0 1520.0 3423.0 1530.0 3404.0 1530.0 small-vehicle 1
3403.0 1530.0 3424.0 1530.0 3424.0 1541.0 3403.0 1541.0 small-vehicle 1
3402.0 1542.0 3422.0 1542.0 3422.0 1551.0 3402.0 1551.0 small-vehicle 1
3402.0 1554.0 3425.0 1554.0 3425.0 1565.0 3402.0 1565.0 small-vehicle 1
3400.0 1568.0 3422.0 1568.0 3422.0 1577.0 3400.0 1577.0 small-vehicle 1
3384.0 1437.0 3408.0 1437.0 3408.0 1448.0 3384.0 1448.0 small-vehicle 1
3381.0 1543.0 3400.0 1543.0 3400.0 1551.0 3381.0 1551.0 small-vehicle 1
3386.0 1448.0 3409.0 1448.0 3409.0 1458.0 3386.0 1458.0 small-vehicle 1
3386.0 1459.0 3406.0 1459.0 3406.0 1469.0 3386.0 1469.0 small-vehicle 1
3386.0 1472.0 3405.0 1472.0 3405.0 1482.0 3386.0 1482.0 small-vehicle 1
3384.0 1485.0 3404.0 1485.0 3404.0 1493.0 3384.0 1493.0 small-vehicle 1
3384.0 1495.0 3404.0 1495.0 3404.0 1504.0 3384.0 1504.0 small-vehicle 1
3383.0 1508.0 3400.0 1508.0 3400.0 1516.0 3383.0 1516.0 small-vehicle 1
3381.0 1520.0 3401.0 1520.0 3401.0 1530.0 3381.0 1530.0 small-vehicle 1
3324.0 1527.0 3346.0 1527.0 3346.0 1537.0 3324.0 1537.0 small-vehicle 1
3322.0 1550.0 3346.0 1550.0 3346.0 1563.0 3322.0 1563.0 small-vehicle 1
3409.0 1462.0 3430.0 1462.0 3430.0 1473.0 3409.0 1473.0 small-vehicle 1
3390.0 1971.0 3398.0 1971.0 3398.0 1994.0 3390.0 1994.0 small-vehicle 1
3515.0 1833.0 3530.0 1833.0 3530.0 1858.0 3515.0 1858.0 small-vehicle 1
3435.0 1898.0 3454.0 1898.0 3454.0 1909.0 3435.0 1909.0 small-vehicle 1
3435.0 1909.0 3452.0 1909.0 3452.0 1919.0 3435.0 1919.0 small-vehicle 1
3432.0 1934.0 3453.0 1934.0 3453.0 1943.0 3432.0 1943.0 small-vehicle 1
3427.0 1957.0 3449.0 1957.0 3449.0 1967.0 3427.0 1967.0 small-vehicle 1
3414.0 1975.0 3426.0 1975.0 3426.0 1996.0 3414.0 1996.0 small-vehicle 1
3401.0 1972.0 3413.0 1972.0 3413.0 1995.0 3401.0 1995.0 small-vehicle 1
3354.0 1971.0 3366.0 1971.0 3366.0 1991.0 3354.0 1991.0 small-vehicle 1
3435.0 1864.0 3456.0 1864.0 3456.0 1873.0 3435.0 1873.0 small-vehicle 1
3356.0 1906.0 3379.0 1906.0 3379.0 1916.0 3356.0 1916.0 small-vehicle 1
3380.0 1894.0 3401.0 1894.0 3401.0 1905.0 3380.0 1905.0 small-vehicle 1
3381.0 1881.0 3402.0 1881.0 3402.0 1892.0 3381.0 1892.0 small-vehicle 1
3381.0 1870.0 3403.0 1870.0 3403.0 1879.0 3381.0 1879.0 small-vehicle 1
3383.0 1836.0 3405.0 1836.0 3405.0 1844.0 3383.0 1844.0 small-vehicle 1
3386.0 1824.0 3407.0 1824.0 3407.0 1833.0 3386.0 1833.0 small-vehicle 1
3385.0 1810.0 3405.0 1810.0 3405.0 1822.0 3385.0 1822.0 small-vehicle 1
3435.0 1874.0 3456.0 1874.0 3456.0 1884.0 3435.0 1884.0 small-vehicle 1
3434.0 1850.0 3455.0 1850.0 3455.0 1861.0 3434.0 1861.0 small-vehicle 1
3320.0 1572.0 3345.0 1572.0 3345.0 1585.0 3320.0 1585.0 small-vehicle 1
3504.0 1693.0 3525.0 1693.0 3525.0 1715.0 3504.0 1715.0 small-vehicle 1
3321.0 1585.0 3343.0 1585.0 3343.0 1595.0 3321.0 1595.0 small-vehicle 1
3319.0 1597.0 3343.0 1597.0 3343.0 1609.0 3319.0 1609.0 small-vehicle 1
3317.0 1610.0 3338.0 1610.0 3338.0 1620.0 3317.0 1620.0 small-vehicle 1
3319.0 1622.0 3343.0 1622.0 3343.0 1631.0 3319.0 1631.0 small-vehicle 1
3316.0 1644.0 3341.0 1644.0 3341.0 1654.0 3316.0 1654.0 small-vehicle 1
3463.0 1689.0 3486.0 1689.0 3486.0 1710.0 3463.0 1710.0 small-vehicle 1
3484.0 1691.0 3506.0 1691.0 3506.0 1714.0 3484.0 1714.0 small-vehicle 1
3513.0 1697.0 3543.0 1697.0 3543.0 1721.0 3513.0 1721.0 small-vehicle 1
3435.0 1840.0 3456.0 1840.0 3456.0 1849.0 3435.0 1849.0 small-vehicle 1
3452.0 1735.0 3476.0 1735.0 3476.0 1754.0 3452.0 1754.0 small-vehicle 1
3444.0 1769.0 3463.0 1769.0 3463.0 1778.0 3444.0 1778.0 small-vehicle 1
3443.0 1778.0 3462.0 1778.0 3462.0 1789.0 3443.0 1789.0 small-vehicle 1
3443.0 1793.0 3464.0 1793.0 3464.0 1802.0 3443.0 1802.0 small-vehicle 1
3438.0 1803.0 3460.0 1803.0 3460.0 1813.0 3438.0 1813.0 small-vehicle 1
3438.0 1814.0 3458.0 1814.0 3458.0 1825.0 3438.0 1825.0 small-vehicle 1
3437.0 1828.0 3458.0 1828.0 3458.0 1839.0 3437.0 1839.0 small-vehicle 1
3408.0 1474.0 3428.0 1474.0 3428.0 1485.0 3408.0 1485.0 small-vehicle 1
3409.0 1438.0 3431.0 1438.0 3431.0 1447.0 3409.0 1447.0 small-vehicle 1
3100.0 1330.0 3110.0 1330.0 3110.0 1351.0 3100.0 1351.0 small-vehicle 1
3432.0 1339.0 3441.0 1339.0 3441.0 1358.0 3432.0 1358.0 small-vehicle 1
3697.0 1293.0 3706.0 1293.0 3706.0 1315.0 3697.0 1315.0 small-vehicle 1
3707.0 1296.0 3719.0 1296.0 3719.0 1319.0 3707.0 1319.0 small-vehicle 1
3718.0 1296.0 3729.0 1296.0 3729.0 1318.0 3718.0 1318.0 small-vehicle 1
3729.0 1299.0 3740.0 1299.0 3740.0 1321.0 3729.0 1321.0 small-vehicle 1
3740.0 1299.0 3750.0 1299.0 3750.0 1320.0 3740.0 1320.0 small-vehicle 1
3341.0 1300.0 3365.0 1300.0 3365.0 1311.0 3341.0 1311.0 small-vehicle 1
3341.0 1313.0 3363.0 1313.0 3363.0 1324.0 3341.0 1324.0 small-vehicle 1
3453.0 1340.0 3463.0 1340.0 3463.0 1362.0 3453.0 1362.0 small-vehicle 1
3686.0 1295.0 3695.0 1295.0 3695.0 1315.0 3686.0 1315.0 small-vehicle 1
3476.0 1341.0 3486.0 1341.0 3486.0 1361.0 3476.0 1361.0 small-vehicle 1
3487.0 1341.0 3498.0 1341.0 3498.0 1362.0 3487.0 1362.0 small-vehicle 1
3688.0 1354.0 3698.0 1354.0 3698.0 1378.0 3688.0 1378.0 small-vehicle 1
3664.0 1352.0 3676.0 1352.0 3676.0 1375.0 3664.0 1375.0 small-vehicle 1
3652.0 1346.0 3662.0 1346.0 3662.0 1372.0 3652.0 1372.0 small-vehicle 1
3640.0 1350.0 3650.0 1350.0 3650.0 1373.0 3640.0 1373.0 small-vehicle 1
3629.0 1349.0 3640.0 1349.0 3640.0 1372.0 3629.0 1372.0 small-vehicle 1
3664.0 1293.0 3673.0 1293.0 3673.0 1313.0 3664.0 1313.0 small-vehicle 1
3673.0 1293.0 3684.0 1293.0 3684.0 1316.0 3673.0 1316.0 small-vehicle 1
3594.0 1346.0 3606.0 1346.0 3606.0 1368.0 3594.0 1368.0 small-vehicle 1
3488.0 1284.0 3497.0 1284.0 3497.0 1304.0 3488.0 1304.0 small-vehicle 1
3374.0 1273.0 3386.0 1273.0 3386.0 1300.0 3374.0 1300.0 small-vehicle 1
3388.0 1273.0 3399.0 1273.0 3399.0 1295.0 3388.0 1295.0 small-vehicle 1
3399.0 1277.0 3411.0 1277.0 3411.0 1297.0 3399.0 1297.0 small-vehicle 1
3411.0 1277.0 3422.0 1277.0 3422.0 1297.0 3411.0 1297.0 small-vehicle 1
3429.0 1278.0 3440.0 1278.0 3440.0 1300.0 3429.0 1300.0 small-vehicle 1
3453.0 1278.0 3465.0 1278.0 3465.0 1301.0 3453.0 1301.0 small-vehicle 1
3474.0 1281.0 3487.0 1281.0 3487.0 1303.0 3474.0 1303.0 small-vehicle 1
3498.0 1282.0 3510.0 1282.0 3510.0 1305.0 3498.0 1305.0 small-vehicle 1
3644.0 1291.0 3657.0 1291.0 3657.0 1322.0 3644.0 1322.0 large-vehicle 1
3515.0 1285.0 3525.0 1285.0 3525.0 1306.0 3515.0 1306.0 small-vehicle 1
3553.0 1288.0 3565.0 1288.0 3565.0 1311.0 3553.0 1311.0 small-vehicle 1
3563.0 1288.0 3575.0 1288.0 3575.0 1310.0 3563.0 1310.0 small-vehicle 1
3585.0 1288.0 3598.0 1288.0 3598.0 1311.0 3585.0 1311.0 small-vehicle 1
3608.0 1292.0 3618.0 1292.0 3618.0 1312.0 3608.0 1312.0 small-vehicle 1
3620.0 1293.0 3631.0 1293.0 3631.0 1313.0 3620.0 1313.0 small-vehicle 1
3632.0 1295.0 3641.0 1295.0 3641.0 1320.0 3632.0 1320.0 small-vehicle 1
3617.0 1348.0 3629.0 1348.0 3629.0 1373.0 3617.0 1373.0 small-vehicle 1
3581.0 1347.0 3592.0 1347.0 3592.0 1368.0 3581.0 1368.0 small-vehicle 1
3456.0 1549.0 3477.0 1549.0 3477.0 1559.0 3456.0 1559.0 small-vehicle 1
3712.0 1438.0 3739.0 1438.0 3739.0 1455.0 3712.0 1455.0 small-vehicle 1
3532.0 1376.0 3542.0 1376.0 3542.0 1396.0 3532.0 1396.0 small-vehicle 1
3544.0 1375.0 3556.0 1375.0 3556.0 1394.0 3544.0 1394.0 small-vehicle 1
3556.0 1375.0 3567.0 1375.0 3567.0 1394.0 3556.0 1394.0 small-vehicle 1
3566.0 1374.0 3578.0 1374.0 3578.0 1395.0 3566.0 1395.0 small-vehicle 1
3579.0 1375.0 3591.0 1375.0 3591.0 1398.0 3579.0 1398.0 small-vehicle 1
3592.0 1375.0 3603.0 1375.0 3603.0 1395.0 3592.0 1395.0 small-vehicle 1
3621.0 1421.0 3649.0 1421.0 3649.0 1433.0 3621.0 1433.0 small-vehicle 1
3546.0 1415.0 3570.0 1415.0 3570.0 1426.0 3546.0 1426.0 small-vehicle 1
3509.0 1371.0 3520.0 1371.0 3520.0 1394.0 3509.0 1394.0 small-vehicle 1
3462.0 1442.0 3485.0 1442.0 3485.0 1453.0 3462.0 1453.0 small-vehicle 1
3459.0 1454.0 3481.0 1454.0 3481.0 1464.0 3459.0 1464.0 small-vehicle 1
3459.0 1489.0 3481.0 1489.0 3481.0 1500.0 3459.0 1500.0 small-vehicle 1
3458.0 1502.0 3478.0 1502.0 3478.0 1511.0 3458.0 1511.0 small-vehicle 1
3458.0 1515.0 3479.0 1515.0 3479.0 1525.0 3458.0 1525.0 small-vehicle 1
3456.0 1526.0 3477.0 1526.0 3477.0 1535.0 3456.0 1535.0 small-vehicle 1
3453.0 1536.0 3479.0 1536.0 3479.0 1549.0 3453.0 1549.0 small-vehicle 1
3521.0 1377.0 3532.0 1377.0 3532.0 1396.0 3521.0 1396.0 small-vehicle 1
3496.0 1373.0 3508.0 1373.0 3508.0 1394.0 3496.0 1394.0 small-vehicle 1
3571.0 1345.0 3581.0 1345.0 3581.0 1368.0 3571.0 1368.0 small-vehicle 1
3662.0 1383.0 3673.0 1383.0 3673.0 1404.0 3662.0 1404.0 small-vehicle 1
3559.0 1343.0 3570.0 1343.0 3570.0 1364.0 3559.0 1364.0 small-vehicle 1
3545.0 1344.0 3557.0 1344.0 3557.0 1366.0 3545.0 1366.0 small-vehicle 1
3534.0 1344.0 3546.0 1344.0 3546.0 1365.0 3534.0 1365.0 small-vehicle 1
3523.0 1343.0 3534.0 1343.0 3534.0 1367.0 3523.0 1367.0 small-vehicle 1
3511.0 1342.0 3523.0 1342.0 3523.0 1364.0 3511.0 1364.0 small-vehicle 1
3706.0 1383.0 3716.0 1383.0 3716.0 1408.0 3706.0 1408.0 small-vehicle 1
3674.0 1382.0 3685.0 1382.0 3685.0 1405.0 3674.0 1405.0 small-vehicle 1
3649.0 1382.0 3663.0 1382.0 3663.0 1403.0 3649.0 1403.0 small-vehicle 1
3473.0 1370.0 3485.0 1370.0 3485.0 1393.0 3473.0 1393.0 small-vehicle 1
3639.0 1381.0 3650.0 1381.0 3650.0 1402.0 3639.0 1402.0 small-vehicle 1
3628.0 1381.0 3639.0 1381.0 3639.0 1402.0 3628.0 1402.0 small-vehicle 1
3604.0 1378.0 3616.0 1378.0 3616.0 1402.0 3604.0 1402.0 small-vehicle 1
3418.0 1360.0 3429.0 1360.0 3429.0 1382.0 3418.0 1382.0 small-vehicle 1
3430.0 1367.0 3440.0 1367.0 3440.0 1385.0 3430.0 1385.0 small-vehicle 1
3451.0 1369.0 3462.0 1369.0 3462.0 1390.0 3451.0 1390.0 small-vehicle 1
3463.0 1371.0 3471.0 1371.0 3471.0 1391.0 3463.0 1391.0 small-vehicle 1
895.0 115.0 913.0 115.0 913.0 148.0 895.0 148.0 large-vehicle 1
630.0 533.0 651.0 533.0 651.0 556.0 630.0 556.0 small-vehicle 1
3242.0 211.0 3260.0 211.0 3260.0 243.0 3242.0 243.0 large-vehicle 1
670.0 527.0 695.0 527.0 695.0 553.0 670.0 553.0 small-vehicle 1
5757.0 284.0 5778.0 284.0 5778.0 293.0 5757.0 293.0 small-vehicle 1
5793.0 298.0 5810.0 298.0 5810.0 319.0 5793.0 319.0 small-vehicle 1
5754.0 295.0 5776.0 295.0 5776.0 305.0 5754.0 305.0 small-vehicle 1
5752.0 505.0 5779.0 505.0 5779.0 515.0 5752.0 515.0 small-vehicle 1
5760.0 533.0 5782.0 533.0 5782.0 544.0 5760.0 544.0 small-vehicle 1
5755.0 665.0 5780.0 665.0 5780.0 675.0 5755.0 675.0 large-vehicle 1
5755.0 653.0 5779.0 653.0 5779.0 661.0 5755.0 661.0 large-vehicle 1
5640.0 2107.0 5651.0 2107.0 5651.0 2131.0 5640.0 2131.0 small-vehicle 1
5749.0 2114.0 5758.0 2114.0 5758.0 2135.0 5749.0 2135.0 small-vehicle 1
5770.0 2117.0 5781.0 2117.0 5781.0 2139.0 5770.0 2139.0 small-vehicle 1
5793.0 2114.0 5804.0 2114.0 5804.0 2136.0 5793.0 2136.0 small-vehicle 1
5815.0 2121.0 5825.0 2121.0 5825.0 2144.0 5815.0 2144.0 small-vehicle 1
5849.0 2120.0 5859.0 2120.0 5859.0 2144.0 5849.0 2144.0 small-vehicle 1
5664.0 2158.0 5677.0 2158.0 5677.0 2185.0 5664.0 2185.0 small-vehicle 1
5658.0 2185.0 5665.0 2185.0 5665.0 2206.0 5658.0 2206.0 small-vehicle 1
5685.0 2167.0 5697.0 2167.0 5697.0 2190.0 5685.0 2190.0 small-vehicle 1
5668.0 2184.0 5680.0 2184.0 5680.0 2207.0 5668.0 2207.0 small-vehicle 1
5760.0 272.0 5780.0 272.0 5780.0 282.0 5760.0 282.0 small-vehicle 1
5612.0 151.0 5637.0 151.0 5637.0 163.0 5612.0 163.0 small-vehicle 1
5587.0 147.0 5608.0 147.0 5608.0 157.0 5587.0 157.0 small-vehicle 1
5631.0 2184.0 5642.0 2184.0 5642.0 2208.0 5631.0 2208.0 large-vehicle 1
4612.0 635.0 4626.0 635.0 4626.0 672.0 4612.0 672.0 large-vehicle 1
4861.0 560.0 4885.0 560.0 4885.0 570.0 4861.0 570.0 large-vehicle 1
5333.0 138.0 5354.0 138.0 5354.0 149.0 5333.0 149.0 large-vehicle 1
5516.0 2055.0 5529.0 2055.0 5529.0 2085.0 5516.0 2085.0 large-vehicle 1
5532.0 2055.0 5544.0 2055.0 5544.0 2079.0 5532.0 2079.0 large-vehicle 1
5507.0 2023.0 5534.0 2023.0 5534.0 2037.0 5507.0 2037.0 large-vehicle 1
5528.0 1977.0 5554.0 1977.0 5554.0 1991.0 5528.0 1991.0 large-vehicle 1
5614.0 996.0 5633.0 996.0 5633.0 1022.0 5614.0 1022.0 large-vehicle 1
5553.0 141.0 5576.0 141.0 5576.0 153.0 5553.0 153.0 small-vehicle 1
5596.0 1023.0 5614.0 1023.0 5614.0 1048.0 5596.0 1048.0 large-vehicle 1
5570.0 998.0 5591.0 998.0 5591.0 1025.0 5570.0 1025.0 large-vehicle 1
5569.0 1023.0 5588.0 1023.0 5588.0 1050.0 5569.0 1050.0 large-vehicle 1
5611.0 1081.0 5637.0 1081.0 5637.0 1094.0 5611.0 1094.0 large-vehicle 1
5471.0 134.0 5491.0 134.0 5491.0 144.0 5471.0 144.0 small-vehicle 1
5494.0 138.0 5516.0 138.0 5516.0 147.0 5494.0 147.0 small-vehicle 1
5529.0 142.0 5549.0 142.0 5549.0 150.0 5529.0 150.0 small-vehicle 1
5684.0 2189.0 5695.0 2189.0 5695.0 2211.0 5684.0 2211.0 small-vehicle 1
5709.0 2166.0 5721.0 2166.0 5721.0 2189.0 5709.0 2189.0 small-vehicle 1
5705.0 2193.0 5716.0 2193.0 5716.0 2216.0 5705.0 2216.0 small-vehicle 1
5878.0 2204.0 5888.0 2204.0 5888.0 2228.0 5878.0 2228.0 small-vehicle 1
6004.0 2131.0 6014.0 2131.0 6014.0 2153.0 6004.0 2153.0 small-vehicle 1
5856.0 2178.0 5866.0 2178.0 5866.0 2200.0 5856.0 2200.0 small-vehicle 1
5866.0 2179.0 5876.0 2179.0 5876.0 2201.0 5866.0 2201.0 small-vehicle 1
5898.0 2180.0 5911.0 2180.0 5911.0 2203.0 5898.0 2203.0 small-vehicle 1
5954.0 2187.0 5965.0 2187.0 5965.0 2206.0 5954.0 2206.0 small-vehicle 1
5952.0 2206.0 5965.0 2206.0 5965.0 2229.0 5952.0 2229.0 small-vehicle 1
5896.0 2202.0 5907.0 2202.0 5907.0 2223.0 5896.0 2223.0 small-vehicle 1
5865.0 2202.0 5876.0 2202.0 5876.0 2224.0 5865.0 2224.0 small-vehicle 1
5969.0 2126.0 5979.0 2126.0 5979.0 2147.0 5969.0 2147.0 small-vehicle 1
5950.0 1785.0 5973.0 1785.0 5973.0 1795.0 5950.0 1795.0 small-vehicle 1
6065.0 1943.0 6112.0 1943.0 6112.0 1970.0 6065.0 1970.0 large-vehicle 1
6053.0 2026.0 6102.0 2026.0 6102.0 2041.0 6053.0 2041.0 large-vehicle 1
6083.0 1640.0 6106.0 1640.0 6106.0 1651.0 6083.0 1651.0 small-vehicle 1
6080.0 1626.0 6103.0 1626.0 6103.0 1636.0 6080.0 1636.0 small-vehicle 1
5970.0 1505.0 5992.0 1505.0 5992.0 1515.0 5970.0 1515.0 small-vehicle 1
5953.0 1398.0 5980.0 1398.0 5980.0 1410.0 5953.0 1410.0 large-vehicle 1
5993.0 2131.0 6003.0 2131.0 6003.0 2153.0 5993.0 2153.0 small-vehicle 1
5958.0 2127.0 5969.0 2127.0 5969.0 2150.0 5958.0 2150.0 small-vehicle 1
5719.0 2192.0 5729.0 2192.0 5729.0 2215.0 5719.0 2215.0 small-vehicle 1
5808.0 2173.0 5821.0 2173.0 5821.0 2196.0 5808.0 2196.0 small-vehicle 1
5728.0 2169.0 5742.0 2169.0 5742.0 2195.0 5728.0 2195.0 small-vehicle 1
5743.0 2172.0 5754.0 2172.0 5754.0 2192.0 5743.0 2192.0 small-vehicle 1
5754.0 2171.0 5766.0 2171.0 5766.0 2194.0 5754.0 2194.0 small-vehicle 1
5765.0 2175.0 5777.0 2175.0 5777.0 2193.0 5765.0 2193.0 small-vehicle 1
5776.0 2170.0 5786.0 2170.0 5786.0 2195.0 5776.0 2195.0 small-vehicle 1
5787.0 2174.0 5798.0 2174.0 5798.0 2194.0 5787.0 2194.0 small-vehicle 1
5797.0 2174.0 5809.0 2174.0 5809.0 2195.0 5797.0 2195.0 small-vehicle 1
5832.0 2177.0 5841.0 2177.0 5841.0 2198.0 5832.0 2198.0 small-vehicle 1
5942.0 2125.0 5954.0 2125.0 5954.0 2151.0 5942.0 2151.0 small-vehicle 1
5739.0 2195.0 5751.0 2195.0 5751.0 2217.0 5739.0 2217.0 small-vehicle 1
5751.0 2195.0 5763.0 2195.0 5763.0 2219.0 5751.0 2219.0 small-vehicle 1
5772.0 2199.0 5785.0 2199.0 5785.0 2223.0 5772.0 2223.0 small-vehicle 1
5795.0 2197.0 5807.0 2197.0 5807.0 2219.0 5795.0 2219.0 small-vehicle 1
5872.0 2124.0 5881.0 2124.0 5881.0 2144.0 5872.0 2144.0 small-vehicle 1
5894.0 2124.0 5901.0 2124.0 5901.0 2144.0 5894.0 2144.0 small-vehicle 1
5908.0 2122.0 5918.0 2122.0 5918.0 2143.0 5908.0 2143.0 small-vehicle 1
4494.0 319.0 4507.0 319.0 4507.0 353.0 4494.0 353.0 large-vehicle 1
4510.0 319.0 4525.0 319.0 4525.0 345.0 4510.0 345.0 large-vehicle 1
4605.0 333.0 4617.0 333.0 4617.0 363.0 4605.0 363.0 large-vehicle 1
4072.0 1783.0 4095.0 1783.0 4095.0 1793.0 4072.0 1793.0 small-vehicle 1
4120.0 1804.0 4130.0 1804.0 4130.0 1826.0 4120.0 1826.0 small-vehicle 1
4078.0 1710.0 4100.0 1710.0 4100.0 1718.0 4078.0 1718.0 small-vehicle 1
4077.0 1722.0 4099.0 1722.0 4099.0 1732.0 4077.0 1732.0 small-vehicle 1
4076.0 1734.0 4099.0 1734.0 4099.0 1746.0 4076.0 1746.0 small-vehicle 1
4075.0 1745.0 4096.0 1745.0 4096.0 1755.0 4075.0 1755.0 small-vehicle 1
4072.0 1755.0 4098.0 1755.0 4098.0 1768.0 4072.0 1768.0 small-vehicle 1
4070.0 1769.0 4095.0 1769.0 4095.0 1778.0 4070.0 1778.0 small-vehicle 1
4094.0 1806.0 4105.0 1806.0 4105.0 1828.0 4094.0 1828.0 small-vehicle 1
4176.0 1804.0 4187.0 1804.0 4187.0 1831.0 4176.0 1831.0 small-vehicle 1
4107.0 1808.0 4118.0 1808.0 4118.0 1830.0 4107.0 1830.0 small-vehicle 1
4043.0 1717.0 4069.0 1717.0 4069.0 1731.0 4043.0 1731.0 small-vehicle 1
4045.0 1745.0 4066.0 1745.0 4066.0 1756.0 4045.0 1756.0 small-vehicle 1
4038.0 1813.0 4063.0 1813.0 4063.0 1834.0 4038.0 1834.0 small-vehicle 1
4033.0 1832.0 4061.0 1832.0 4061.0 1853.0 4033.0 1853.0 small-vehicle 1
3988.0 1727.0 4012.0 1727.0 4012.0 1737.0 3988.0 1737.0 small-vehicle 1
3987.0 1751.0 4011.0 1751.0 4011.0 1761.0 3987.0 1761.0 small-vehicle 1
4152.0 1808.0 4165.0 1808.0 4165.0 1835.0 4152.0 1835.0 small-vehicle 1
4191.0 1812.0 4199.0 1812.0 4199.0 1834.0 4191.0 1834.0 small-vehicle 1
3980.0 1831.0 4004.0 1831.0 4004.0 1843.0 3980.0 1843.0 small-vehicle 1
4134.0 1730.0 4145.0 1730.0 4145.0 1752.0 4134.0 1752.0 small-vehicle 1
4216.0 1737.0 4226.0 1737.0 4226.0 1757.0 4216.0 1757.0 small-vehicle 1
4204.0 1739.0 4215.0 1739.0 4215.0 1758.0 4204.0 1758.0 small-vehicle 1
4193.0 1739.0 4202.0 1739.0 4202.0 1757.0 4193.0 1757.0 small-vehicle 1
4180.0 1734.0 4192.0 1734.0 4192.0 1756.0 4180.0 1756.0 small-vehicle 1
4170.0 1732.0 4179.0 1732.0 4179.0 1756.0 4170.0 1756.0 small-vehicle 1
4157.0 1731.0 4168.0 1731.0 4168.0 1755.0 4157.0 1755.0 small-vehicle 1
4146.0 1729.0 4155.0 1729.0 4155.0 1750.0 4146.0 1750.0 small-vehicle 1
4130.0 1754.0 4141.0 1754.0 4141.0 1776.0 4130.0 1776.0 small-vehicle 1
4212.0 1814.0 4223.0 1814.0 4223.0 1837.0 4212.0 1837.0 small-vehicle 1
4145.0 1752.0 4154.0 1752.0 4154.0 1773.0 4145.0 1773.0 small-vehicle 1
4156.0 1755.0 4167.0 1755.0 4167.0 1777.0 4156.0 1777.0 small-vehicle 1
4190.0 1759.0 4201.0 1759.0 4201.0 1780.0 4190.0 1780.0 small-vehicle 1
4215.0 1762.0 4226.0 1762.0 4226.0 1783.0 4215.0 1783.0 small-vehicle 1
4249.0 1762.0 4262.0 1762.0 4262.0 1784.0 4249.0 1784.0 small-vehicle 1
4258.0 1814.0 4268.0 1814.0 4268.0 1840.0 4258.0 1840.0 small-vehicle 1
4234.0 1813.0 4244.0 1813.0 4244.0 1838.0 4234.0 1838.0 small-vehicle 1
3983.0 1808.0 4008.0 1808.0 4008.0 1818.0 3983.0 1818.0 small-vehicle 1
3980.0 1843.0 4003.0 1843.0 4003.0 1854.0 3980.0 1854.0 small-vehicle 1
4806.0 339.0 4818.0 339.0 4818.0 363.0 4806.0 363.0 large-vehicle 1
4575.0 589.0 4605.0 589.0 4605.0 599.0 4575.0 599.0 large-vehicle 1
4529.0 1485.0 4553.0 1485.0 4553.0 1503.0 4529.0 1503.0 large-vehicle 1
5247.0 2106.0 5267.0 2106.0 5267.0 2134.0 5247.0 2134.0 large-vehicle 1
5287.0 705.0 5316.0 705.0 5316.0 715.0 5287.0 715.0 large-vehicle 1
5282.0 720.0 5310.0 720.0 5310.0 729.0 5282.0 729.0 large-vehicle 1
5282.0 733.0 5311.0 733.0 5311.0 742.0 5282.0 742.0 large-vehicle 1
5212.0 698.0 5235.0 698.0 5235.0 721.0 5212.0 721.0 large-vehicle 1
5194.0 657.0 5207.0 657.0 5207.0 685.0 5194.0 685.0 large-vehicle 1
4758.0 525.0 4787.0 525.0 4787.0 536.0 4758.0 536.0 large-vehicle 1
4613.0 1477.0 4622.0 1477.0 4622.0 1499.0 4613.0 1499.0 large-vehicle 1
4865.0 475.0 4892.0 475.0 4892.0 487.0 4865.0 487.0 large-vehicle 1
4768.0 489.0 4793.0 489.0 4793.0 501.0 4768.0 501.0 large-vehicle 1
4768.0 466.0 4793.0 466.0 4793.0 477.0 4768.0 477.0 large-vehicle 1
4861.0 448.0 4889.0 448.0 4889.0 462.0 4861.0 462.0 large-vehicle 1
4852.0 377.0 4875.0 377.0 4875.0 386.0 4852.0 386.0 large-vehicle 1
4857.0 404.0 4884.0 404.0 4884.0 413.0 4857.0 413.0 large-vehicle 1
4832.0 339.0 4843.0 339.0 4843.0 366.0 4832.0 366.0 large-vehicle 1
4537.0 1472.0 4562.0 1472.0 4562.0 1490.0 4537.0 1490.0 large-vehicle 1
4586.0 1478.0 4599.0 1478.0 4599.0 1503.0 4586.0 1503.0 large-vehicle 1
3981.0 1856.0 4003.0 1856.0 4003.0 1865.0 3981.0 1865.0 small-vehicle 1
3860.0 1883.0 3871.0 1883.0 3871.0 1913.0 3860.0 1913.0 large-vehicle 1
3977.0 1879.0 4001.0 1879.0 4001.0 1889.0 3977.0 1889.0 small-vehicle 1
4032.0 1886.0 4059.0 1886.0 4059.0 1906.0 4032.0 1906.0 large-vehicle 1
4032.0 1936.0 4058.0 1936.0 4058.0 1958.0 4032.0 1958.0 large-vehicle 1
4069.0 1955.0 4080.0 1955.0 4080.0 1986.0 4069.0 1986.0 large-vehicle 1
4030.0 1971.0 4059.0 1971.0 4059.0 1994.0 4030.0 1994.0 large-vehicle 1
4034.0 1983.0 4065.0 1983.0 4065.0 2006.0 4034.0 2006.0 large-vehicle 1
4042.0 2014.0 4068.0 2014.0 4068.0 2029.0 4042.0 2029.0 large-vehicle 1
3974.0 1915.0 4001.0 1915.0 4001.0 1924.0 3974.0 1924.0 large-vehicle 1
4627.0 1480.0 4636.0 1480.0 4636.0 1504.0 4627.0 1504.0 large-vehicle 1
3961.0 1929.0 3990.0 1929.0 3990.0 1941.0 3961.0 1941.0 large-vehicle 1
3961.0 1941.0 3989.0 1941.0 3989.0 1952.0 3961.0 1952.0 large-vehicle 1
3951.0 1886.0 3962.0 1886.0 3962.0 1911.0 3951.0 1911.0 large-vehicle 1
3940.0 1882.0 3952.0 1882.0 3952.0 1907.0 3940.0 1907.0 large-vehicle 1
3916.0 1882.0 3929.0 1882.0 3929.0 1907.0 3916.0 1907.0 small-vehicle 1
3904.0 1884.0 3916.0 1884.0 3916.0 1903.0 3904.0 1903.0 small-vehicle 1
4707.0 1484.0 4719.0 1484.0 4719.0 1512.0 4707.0 1512.0 large-vehicle 1
5953.0 1225.0 5996.0 1225.0 5996.0 1241.0 5953.0 1241.0 large-vehicle 1
5956.0 1187.0 5996.0 1187.0 5996.0 1202.0 5956.0 1202.0 large-vehicle 1
5957.0 1121.0 6003.0 1121.0 6003.0 1138.0 5957.0 1138.0 large-vehicle 1
6287.0 1028.0 6311.0 1028.0 6311.0 1042.0 6287.0 1042.0 small-vehicle 1
6194.0 226.0 6206.0 226.0 6206.0 249.0 6194.0 249.0 small-vehicle 1
6207.0 226.0 6217.0 226.0 6217.0 249.0 6207.0 249.0 small-vehicle 1
6225.0 226.0 6238.0 226.0 6238.0 250.0 6225.0 250.0 small-vehicle 1
6244.0 231.0 6252.0 231.0 6252.0 249.0 6244.0 249.0 small-vehicle 1
6382.0 239.0 6394.0 239.0 6394.0 260.0 6382.0 260.0 small-vehicle 1
6475.0 881.0 6500.0 881.0 6500.0 896.0 6475.0 896.0 small-vehicle 1
6467.0 911.0 6493.0 911.0 6493.0 928.0 6467.0 928.0 small-vehicle 1
6425.0 1025.0 6452.0 1025.0 6452.0 1043.0 6425.0 1043.0 small-vehicle 1
6157.0 220.0 6168.0 220.0 6168.0 245.0 6157.0 245.0 small-vehicle 1
6420.0 1038.0 6445.0 1038.0 6445.0 1053.0 6420.0 1053.0 small-vehicle 1
6418.0 1050.0 6441.0 1050.0 6441.0 1065.0 6418.0 1065.0 small-vehicle 1
6411.0 1068.0 6435.0 1068.0 6435.0 1085.0 6411.0 1085.0 small-vehicle 1
6399.0 1101.0 6423.0 1101.0 6423.0 1117.0 6399.0 1117.0 small-vehicle 1
6318.0 1083.0 6339.0 1083.0 6339.0 1093.0 6318.0 1093.0 small-vehicle 1
6317.0 1106.0 6338.0 1106.0 6338.0 1115.0 6317.0 1115.0 small-vehicle 1
6258.0 1101.0 6281.0 1101.0 6281.0 1110.0 6258.0 1110.0 small-vehicle 1
6181.0 224.0 6194.0 224.0 6194.0 243.0 6181.0 243.0 small-vehicle 1
6133.0 220.0 6144.0 220.0 6144.0 240.0 6133.0 240.0 small-vehicle 1
6316.0 1128.0 6338.0 1128.0 6338.0 1138.0 6316.0 1138.0 small-vehicle 1
6201.0 280.0 6211.0 280.0 6211.0 304.0 6201.0 304.0 small-vehicle 1
6107.0 273.0 6117.0 273.0 6117.0 299.0 6107.0 299.0 small-vehicle 1
6118.0 278.0 6129.0 278.0 6129.0 298.0 6118.0 298.0 small-vehicle 1
6130.0 276.0 6143.0 276.0 6143.0 298.0 6130.0 298.0 small-vehicle 1
6144.0 278.0 6154.0 278.0 6154.0 300.0 6144.0 300.0 small-vehicle 1
6156.0 277.0 6164.0 277.0 6164.0 299.0 6156.0 299.0 small-vehicle 1
6165.0 277.0 6177.0 277.0 6177.0 299.0 6165.0 299.0 small-vehicle 1
6177.0 279.0 6191.0 279.0 6191.0 304.0 6177.0 304.0 small-vehicle 1
6214.0 280.0 6226.0 280.0 6226.0 307.0 6214.0 307.0 small-vehicle 1
6119.0 218.0 6133.0 218.0 6133.0 241.0 6119.0 241.0 small-vehicle 1
6224.0 285.0 6234.0 285.0 6234.0 307.0 6224.0 307.0 small-vehicle 1
6235.0 283.0 6246.0 283.0 6246.0 305.0 6235.0 305.0 small-vehicle 1
6247.0 282.0 6258.0 282.0 6258.0 306.0 6247.0 306.0 small-vehicle 1
6271.0 287.0 6281.0 287.0 6281.0 311.0 6271.0 311.0 small-vehicle 1
6294.0 289.0 6305.0 289.0 6305.0 312.0 6294.0 312.0 small-vehicle 1
6261.0 238.0 6295.0 238.0 6295.0 249.0 6261.0 249.0 large-vehicle 1
6281.0 187.0 6329.0 187.0 6329.0 198.0 6281.0 198.0 large-vehicle 1
6259.0 1110.0 6279.0 1110.0 6279.0 1120.0 6259.0 1120.0 small-vehicle 1
6257.0 1124.0 6278.0 1124.0 6278.0 1133.0 6257.0 1133.0 small-vehicle 1
6061.0 276.0 6069.0 276.0 6069.0 294.0 6061.0 294.0 small-vehicle 1
6290.0 1549.0 6309.0 1549.0 6309.0 1560.0 6290.0 1560.0 small-vehicle 1
6238.0 1432.0 6258.0 1432.0 6258.0 1442.0 6238.0 1442.0 small-vehicle 1
6236.0 1446.0 6258.0 1446.0 6258.0 1456.0 6236.0 1456.0 small-vehicle 1
6236.0 1458.0 6255.0 1458.0 6255.0 1468.0 6236.0 1468.0 small-vehicle 1
6234.0 1482.0 6257.0 1482.0 6257.0 1491.0 6234.0 1491.0 small-vehicle 1
6232.0 1512.0 6253.0 1512.0 6253.0 1520.0 6232.0 1520.0 small-vehicle 1
6231.0 1533.0 6252.0 1533.0 6252.0 1543.0 6231.0 1543.0 small-vehicle 1
6289.0 1524.0 6308.0 1524.0 6308.0 1534.0 6289.0 1534.0 small-vehicle 1
1632.0 434.0 1645.0 434.0 1645.0 459.0 1632.0 459.0 small-vehicle 1
6239.0 1409.0 6260.0 1409.0 6260.0 1420.0 6239.0 1420.0 small-vehicle 1
2123.0 283.0 2159.0 283.0 2159.0 295.0 2123.0 295.0 large-vehicle 1
1360.0 811.0 1383.0 811.0 1383.0 840.0 1360.0 840.0 small-vehicle 1
5480.0 1896.0 5490.0 1896.0 5490.0 1916.0 5480.0 1916.0 small-vehicle 1
5913.0 1952.0 5953.0 1952.0 5953.0 1966.0 5913.0 1966.0 large-vehicle 1
4079.0 833.0 4101.0 833.0 4101.0 861.0 4079.0 861.0 small-vehicle 1
4098.0 980.0 4124.0 980.0 4124.0 1009.0 4098.0 1009.0 small-vehicle 1
3979.0 1903.0 3998.0 1903.0 3998.0 1911.0 3979.0 1911.0 small-vehicle 1
6240.0 1420.0 6261.0 1420.0 6261.0 1430.0 6240.0 1430.0 small-vehicle 1
6291.0 1471.0 6314.0 1471.0 6314.0 1480.0 6291.0 1480.0 small-vehicle 1
6397.0 1142.0 6418.0 1142.0 6418.0 1150.0 6397.0 1150.0 small-vehicle 1
6307.0 1273.0 6328.0 1273.0 6328.0 1281.0 6307.0 1281.0 small-vehicle 1
6395.0 1163.0 6417.0 1163.0 6417.0 1173.0 6395.0 1173.0 small-vehicle 1
6453.0 1154.0 6467.0 1154.0 6467.0 1183.0 6453.0 1183.0 small-vehicle 1
6311.0 1183.0 6334.0 1183.0 6334.0 1191.0 6311.0 1191.0 small-vehicle 1
6253.0 1213.0 6273.0 1213.0 6273.0 1222.0 6253.0 1222.0 small-vehicle 1
6309.0 1214.0 6332.0 1214.0 6332.0 1224.0 6309.0 1224.0 small-vehicle 1
6310.0 1237.0 6331.0 1237.0 6331.0 1247.0 6310.0 1247.0 small-vehicle 1
6310.0 1260.0 6331.0 1260.0 6331.0 1269.0 6310.0 1269.0 small-vehicle 1
6301.0 1289.0 6327.0 1289.0 6327.0 1301.0 6301.0 1301.0 small-vehicle 1
6294.0 1458.0 6315.0 1458.0 6315.0 1467.0 6294.0 1467.0 small-vehicle 1
6302.0 1303.0 6324.0 1303.0 6324.0 1313.0 6302.0 1313.0 small-vehicle 1
6304.0 1324.0 6323.0 1324.0 6323.0 1335.0 6304.0 1335.0 small-vehicle 1
6244.0 1291.0 6267.0 1291.0 6267.0 1299.0 6244.0 1299.0 small-vehicle 1
6241.0 1347.0 6261.0 1347.0 6261.0 1355.0 6241.0 1355.0 small-vehicle 1
6439.0 1338.0 6465.0 1338.0 6465.0 1347.0 6439.0 1347.0 small-vehicle 1
6300.0 1393.0 6320.0 1393.0 6320.0 1402.0 6300.0 1402.0 small-vehicle 1
6297.0 1415.0 6317.0 1415.0 6317.0 1423.0 6297.0 1423.0 small-vehicle 1
6094.0 274.0 6104.0 274.0 6104.0 295.0 6094.0 295.0 small-vehicle 1
5965.0 268.0 5975.0 268.0 5975.0 289.0 5965.0 289.0 small-vehicle 1
5959.0 1062.0 5987.0 1062.0 5987.0 1073.0 5959.0 1073.0 large-vehicle 1
6206.0 918.0 6217.0 918.0 6217.0 939.0 6206.0 939.0 small-vehicle 1
5964.0 956.0 5980.0 956.0 5980.0 980.0 5964.0 980.0 small-vehicle 1
5943.0 963.0 5958.0 963.0 5958.0 987.0 5943.0 987.0 small-vehicle 1
5912.0 959.0 5926.0 959.0 5926.0 984.0 5912.0 984.0 small-vehicle 1
5900.0 959.0 5913.0 959.0 5913.0 985.0 5900.0 985.0 small-vehicle 1
5888.0 961.0 5901.0 961.0 5901.0 982.0 5888.0 982.0 small-vehicle 1
5876.0 958.0 5888.0 958.0 5888.0 980.0 5876.0 980.0 small-vehicle 1
5861.0 958.0 5870.0 958.0 5870.0 976.0 5861.0 976.0 small-vehicle 1
6144.0 912.0 6157.0 912.0 6157.0 935.0 6144.0 935.0 small-vehicle 1
5988.0 957.0 6004.0 957.0 6004.0 981.0 5988.0 981.0 small-vehicle 1
6130.0 911.0 6146.0 911.0 6146.0 933.0 6130.0 933.0 small-vehicle 1
6094.0 913.0 6109.0 913.0 6109.0 938.0 6094.0 938.0 small-vehicle 1
6060.0 909.0 6074.0 909.0 6074.0 932.0 6060.0 932.0 small-vehicle 1
6047.0 908.0 6062.0 908.0 6062.0 933.0 6047.0 933.0 small-vehicle 1
6036.0 906.0 6051.0 906.0 6051.0 931.0 6036.0 931.0 small-vehicle 1
6024.0 906.0 6038.0 906.0 6038.0 929.0 6024.0 929.0 small-vehicle 1
6013.0 906.0 6026.0 906.0 6026.0 927.0 6013.0 927.0 small-vehicle 1
5975.0 955.0 5993.0 955.0 5993.0 982.0 5975.0 982.0 small-vehicle 1
6002.0 956.0 6020.0 956.0 6020.0 981.0 6002.0 981.0 small-vehicle 1
5989.0 904.0 6005.0 904.0 6005.0 927.0 5989.0 927.0 small-vehicle 1
6127.0 968.0 6140.0 968.0 6140.0 989.0 6127.0 989.0 small-vehicle 1
6060.0 1062.0 6097.0 1062.0 6097.0 1078.0 6060.0 1078.0 large-vehicle 1
5869.0 816.0 5883.0 816.0 5883.0 843.0 5869.0 843.0 large-vehicle 1
5884.0 820.0 5898.0 820.0 5898.0 843.0 5884.0 843.0 large-vehicle 1
6202.0 968.0 6218.0 968.0 6218.0 995.0 6202.0 995.0 small-vehicle 1
6139.0 1035.0 6162.0 1035.0 6162.0 1054.0 6139.0 1054.0 small-vehicle 1
6170.0 967.0 6186.0 967.0 6186.0 991.0 6170.0 991.0 small-vehicle 1
6149.0 969.0 6164.0 969.0 6164.0 993.0 6149.0 993.0 small-vehicle 1
6114.0 964.0 6129.0 964.0 6129.0 986.0 6114.0 986.0 small-vehicle 1
6014.0 957.0 6031.0 957.0 6031.0 982.0 6014.0 982.0 small-vehicle 1
6104.0 964.0 6118.0 964.0 6118.0 985.0 6104.0 985.0 small-vehicle 1
6092.0 964.0 6107.0 964.0 6107.0 987.0 6092.0 987.0 small-vehicle 1
6079.0 964.0 6092.0 964.0 6092.0 986.0 6079.0 986.0 small-vehicle 1
6065.0 960.0 6082.0 960.0 6082.0 985.0 6065.0 985.0 small-vehicle 1
6052.0 962.0 6069.0 962.0 6069.0 987.0 6052.0 987.0 small-vehicle 1
6040.0 962.0 6056.0 962.0 6056.0 984.0 6040.0 984.0 small-vehicle 1
6026.0 957.0 6044.0 957.0 6044.0 986.0 6026.0 986.0 small-vehicle 1
6001.0 905.0 6015.0 905.0 6015.0 927.0 6001.0 927.0 small-vehicle 1
5978.0 903.0 5992.0 903.0 5992.0 926.0 5978.0 926.0 small-vehicle 1
5954.0 267.0 5964.0 267.0 5964.0 290.0 5954.0 290.0 small-vehicle 1
6207.0 898.0 6221.0 898.0 6221.0 919.0 6207.0 919.0 small-vehicle 1
6065.0 882.0 6081.0 882.0 6081.0 908.0 6065.0 908.0 small-vehicle 1
6089.0 888.0 6104.0 888.0 6104.0 911.0 6089.0 911.0 small-vehicle 1
6101.0 887.0 6117.0 887.0 6117.0 914.0 6101.0 914.0 small-vehicle 1
6110.0 890.0 6126.0 890.0 6126.0 913.0 6110.0 913.0 small-vehicle 1
6124.0 888.0 6138.0 888.0 6138.0 911.0 6124.0 911.0 small-vehicle 1
6169.0 894.0 6184.0 894.0 6184.0 919.0 6169.0 919.0 small-vehicle 1
6192.0 893.0 6209.0 893.0 6209.0 918.0 6192.0 918.0 small-vehicle 1
6178.0 597.0 6203.0 597.0 6203.0 610.0 6178.0 610.0 small-vehicle 1
6031.0 884.0 6046.0 884.0 6046.0 907.0 6031.0 907.0 small-vehicle 1
6186.0 382.0 6205.0 382.0 6205.0 393.0 6186.0 393.0 small-vehicle 1
5934.0 316.0 5960.0 316.0 5960.0 328.0 5934.0 328.0 small-vehicle 1
5897.0 264.0 5907.0 264.0 5907.0 283.0 5897.0 283.0 small-vehicle 1
5907.0 264.0 5918.0 264.0 5918.0 285.0 5907.0 285.0 small-vehicle 1
5919.0 260.0 5931.0 260.0 5931.0 285.0 5919.0 285.0 small-vehicle 1
5930.0 266.0 5943.0 266.0 5943.0 284.0 5930.0 284.0 small-vehicle 1
5943.0 266.0 5954.0 266.0 5954.0 291.0 5943.0 291.0 small-vehicle 1
6041.0 883.0 6057.0 883.0 6057.0 909.0 6041.0 909.0 small-vehicle 1
6019.0 882.0 6033.0 882.0 6033.0 906.0 6019.0 906.0 small-vehicle 1
5965.0 902.0 5981.0 902.0 5981.0 928.0 5965.0 928.0 small-vehicle 1
5902.0 875.0 5918.0 875.0 5918.0 898.0 5902.0 898.0 small-vehicle 1
5957.0 903.0 5972.0 903.0 5972.0 927.0 5957.0 927.0 small-vehicle 1
5943.0 901.0 5957.0 901.0 5957.0 925.0 5943.0 925.0 small-vehicle 1
5932.0 901.0 5947.0 901.0 5947.0 926.0 5932.0 926.0 small-vehicle 1
5921.0 901.0 5935.0 901.0 5935.0 922.0 5921.0 922.0 small-vehicle 1
5909.0 898.0 5925.0 898.0 5925.0 919.0 5909.0 919.0 small-vehicle 1
5896.0 899.0 5913.0 899.0 5913.0 923.0 5896.0 923.0 small-vehicle 1
5891.0 874.0 5904.0 874.0 5904.0 898.0 5891.0 898.0 small-vehicle 1
5915.0 875.0 5931.0 875.0 5931.0 899.0 5915.0 899.0 small-vehicle 1
5996.0 881.0 6010.0 881.0 6010.0 905.0 5996.0 905.0 small-vehicle 1
5927.0 876.0 5943.0 876.0 5943.0 903.0 5927.0 903.0 small-vehicle 1
5951.0 879.0 5966.0 879.0 5966.0 903.0 5951.0 903.0 small-vehicle 1
5962.0 884.0 5975.0 884.0 5975.0 903.0 5962.0 903.0 small-vehicle 1
5909.0 822.0 5921.0 822.0 5921.0 846.0 5909.0 846.0 small-vehicle 1
6035.0 832.0 6048.0 832.0 6048.0 857.0 6035.0 857.0 small-vehicle 1
6092.0 838.0 6104.0 838.0 6104.0 859.0 6092.0 859.0 small-vehicle 1
5983.0 879.0 5998.0 879.0 5998.0 903.0 5983.0 903.0 small-vehicle 1
4228.0 1733.0 4239.0 1733.0 4239.0 1757.0 4228.0 1757.0 small-vehicle 1
4239.0 1736.0 4249.0 1736.0 4249.0 1757.0 4239.0 1757.0 small-vehicle 1
4253.0 1738.0 4263.0 1738.0 4263.0 1760.0 4253.0 1760.0 small-vehicle 1
3746.0 220.0 3756.0 220.0 3756.0 241.0 3746.0 241.0 small-vehicle 1
3714.0 185.0 3726.0 185.0 3726.0 208.0 3714.0 208.0 small-vehicle 1
3736.0 190.0 3746.0 190.0 3746.0 212.0 3736.0 212.0 small-vehicle 1
3769.0 192.0 3781.0 192.0 3781.0 214.0 3769.0 214.0 small-vehicle 1
3803.0 192.0 3815.0 192.0 3815.0 215.0 3803.0 215.0 small-vehicle 1
3699.0 214.0 3711.0 214.0 3711.0 238.0 3699.0 238.0 small-vehicle 1
3710.0 218.0 3722.0 218.0 3722.0 239.0 3710.0 239.0 small-vehicle 1
3723.0 217.0 3735.0 217.0 3735.0 238.0 3723.0 238.0 small-vehicle 1
3779.0 221.0 3791.0 221.0 3791.0 245.0 3779.0 245.0 small-vehicle 1
3663.0 212.0 3674.0 212.0 3674.0 237.0 3663.0 237.0 small-vehicle 1
3792.0 221.0 3805.0 221.0 3805.0 245.0 3792.0 245.0 small-vehicle 1
3830.0 191.0 3842.0 191.0 3842.0 217.0 3830.0 217.0 large-vehicle 1
3981.0 164.0 4007.0 164.0 4007.0 173.0 3981.0 173.0 large-vehicle 1
4027.0 177.0 4048.0 177.0 4048.0 185.0 4027.0 185.0 large-vehicle 1
3847.0 193.0 3858.0 193.0 3858.0 215.0 3847.0 215.0 small-vehicle 1
3814.0 224.0 3825.0 224.0 3825.0 245.0 3814.0 245.0 small-vehicle 1
3839.0 223.0 3851.0 223.0 3851.0 249.0 3839.0 249.0 small-vehicle 1
3687.0 213.0 3700.0 213.0 3700.0 239.0 3687.0 239.0 small-vehicle 1
3651.0 213.0 3660.0 213.0 3660.0 236.0 3651.0 236.0 small-vehicle 1
3886.0 230.0 3897.0 230.0 3897.0 252.0 3886.0 252.0 small-vehicle 1
3806.0 129.0 3817.0 129.0 3817.0 152.0 3806.0 152.0 small-vehicle 1
3717.0 121.0 3729.0 121.0 3729.0 145.0 3717.0 145.0 small-vehicle 1
3730.0 121.0 3741.0 121.0 3741.0 145.0 3730.0 145.0 small-vehicle 1
3751.0 126.0 3761.0 126.0 3761.0 149.0 3751.0 149.0 small-vehicle 1
3762.0 127.0 3773.0 127.0 3773.0 148.0 3762.0 148.0 small-vehicle 1
3773.0 127.0 3784.0 127.0 3784.0 151.0 3773.0 151.0 small-vehicle 1
3784.0 129.0 3795.0 129.0 3795.0 150.0 3784.0 150.0 small-vehicle 1
3795.0 130.0 3806.0 130.0 3806.0 152.0 3795.0 152.0 small-vehicle 1
3816.0 131.0 3829.0 131.0 3829.0 152.0 3816.0 152.0 small-vehicle 1
3640.0 214.0 3650.0 214.0 3650.0 235.0 3640.0 235.0 small-vehicle 1
3828.0 131.0 3840.0 131.0 3840.0 155.0 3828.0 155.0 small-vehicle 1
3839.0 131.0 3851.0 131.0 3851.0 154.0 3839.0 154.0 small-vehicle 1
3849.0 134.0 3861.0 134.0 3861.0 157.0 3849.0 157.0 small-vehicle 1
3872.0 127.0 3881.0 127.0 3881.0 149.0 3872.0 149.0 small-vehicle 1
3613.0 177.0 3624.0 177.0 3624.0 198.0 3613.0 198.0 small-vehicle 1
3626.0 177.0 3635.0 177.0 3635.0 198.0 3626.0 198.0 small-vehicle 1
3627.0 210.0 3638.0 210.0 3638.0 232.0 3627.0 232.0 small-vehicle 1
3873.0 228.0 3884.0 228.0 3884.0 251.0 3873.0 251.0 small-vehicle 1
3898.0 229.0 3910.0 229.0 3910.0 252.0 3898.0 252.0 small-vehicle 1
3683.0 117.0 3697.0 117.0 3697.0 144.0 3683.0 144.0 small-vehicle 1
4013.0 238.0 4023.0 238.0 4023.0 259.0 4013.0 259.0 small-vehicle 1
4096.0 221.0 4116.0 221.0 4116.0 235.0 4096.0 235.0 small-vehicle 1
4107.0 243.0 4120.0 243.0 4120.0 270.0 4107.0 270.0 large-vehicle 1
4084.0 243.0 4095.0 243.0 4095.0 265.0 4084.0 265.0 small-vehicle 1
3944.0 234.0 3955.0 234.0 3955.0 255.0 3944.0 255.0 small-vehicle 1
3956.0 234.0 3966.0 234.0 3966.0 256.0 3956.0 256.0 small-vehicle 1
3968.0 236.0 3978.0 236.0 3978.0 257.0 3968.0 257.0 small-vehicle 1
3989.0 238.0 4003.0 238.0 4003.0 258.0 3989.0 258.0 small-vehicle 1
4049.0 241.0 4059.0 241.0 4059.0 261.0 4049.0 261.0 small-vehicle 1
4176.0 248.0 4187.0 248.0 4187.0 273.0 4176.0 273.0 small-vehicle 1
4060.0 241.0 4072.0 241.0 4072.0 262.0 4060.0 262.0 small-vehicle 1
4074.0 242.0 4083.0 242.0 4083.0 262.0 4074.0 262.0 small-vehicle 1
3846.0 285.0 3856.0 285.0 3856.0 306.0 3846.0 306.0 small-vehicle 1
3622.0 273.0 3633.0 273.0 3633.0 292.0 3622.0 292.0 small-vehicle 1
3646.0 269.0 3658.0 269.0 3658.0 294.0 3646.0 294.0 small-vehicle 1
3671.0 274.0 3682.0 274.0 3682.0 294.0 3671.0 294.0 small-vehicle 1
3741.0 277.0 3752.0 277.0 3752.0 302.0 3741.0 302.0 small-vehicle 1
4126.0 225.0 4148.0 225.0 4148.0 238.0 4126.0 238.0 small-vehicle 1
4183.0 125.0 4193.0 125.0 4193.0 147.0 4183.0 147.0 small-vehicle 1
3909.0 230.0 3921.0 230.0 3921.0 253.0 3909.0 253.0 small-vehicle 1
3996.0 206.0 4006.0 206.0 4006.0 228.0 3996.0 228.0 small-vehicle 1
3914.0 202.0 3925.0 202.0 3925.0 223.0 3914.0 223.0 small-vehicle 1
3924.0 202.0 3938.0 202.0 3938.0 226.0 3924.0 226.0 small-vehicle 1
3939.0 205.0 3950.0 205.0 3950.0 226.0 3939.0 226.0 small-vehicle 1
3949.0 203.0 3962.0 203.0 3962.0 225.0 3949.0 225.0 small-vehicle 1
3960.0 201.0 3970.0 201.0 3970.0 225.0 3960.0 225.0 small-vehicle 1
3971.0 202.0 3983.0 202.0 3983.0 226.0 3971.0 226.0 small-vehicle 1
3984.0 204.0 3995.0 204.0 3995.0 227.0 3984.0 227.0 small-vehicle 1
4028.0 209.0 4048.0 209.0 4048.0 219.0 4028.0 219.0 small-vehicle 1
4185.0 153.0 4197.0 153.0 4197.0 176.0 4185.0 176.0 small-vehicle 1
4015.0 219.0 4036.0 219.0 4036.0 229.0 4015.0 229.0 small-vehicle 1
4042.0 219.0 4062.0 219.0 4062.0 230.0 4042.0 230.0 small-vehicle 1
4071.0 219.0 4092.0 219.0 4092.0 230.0 4071.0 230.0 small-vehicle 1
4074.0 169.0 4084.0 169.0 4084.0 192.0 4074.0 192.0 small-vehicle 1
4089.0 170.0 4099.0 170.0 4099.0 193.0 4089.0 193.0 small-vehicle 1
4125.0 173.0 4136.0 173.0 4136.0 197.0 4125.0 197.0 small-vehicle 1
4157.0 175.0 4168.0 175.0 4168.0 197.0 4157.0 197.0 small-vehicle 1
3706.0 121.0 3718.0 121.0 3718.0 143.0 3706.0 143.0 small-vehicle 1
3662.0 120.0 3673.0 120.0 3673.0 142.0 3662.0 142.0 small-vehicle 1
3766.0 278.0 3779.0 278.0 3779.0 302.0 3766.0 302.0 small-vehicle 1
1942.0 450.0 1967.0 450.0 1967.0 462.0 1942.0 462.0 large-vehicle 1
1962.0 386.0 1986.0 386.0 1986.0 398.0 1962.0 398.0 large-vehicle 1
1993.0 390.0 2017.0 390.0 2017.0 401.0 1993.0 401.0 large-vehicle 1
2031.0 367.0 2044.0 367.0 2044.0 393.0 2031.0 393.0 large-vehicle 1
2044.0 368.0 2056.0 368.0 2056.0 395.0 2044.0 395.0 large-vehicle 1
2063.0 369.0 2076.0 369.0 2076.0 393.0 2063.0 393.0 large-vehicle 1
1995.0 362.0 2005.0 362.0 2005.0 387.0 1995.0 387.0 large-vehicle 1
1940.0 417.0 1966.0 417.0 1966.0 426.0 1940.0 426.0 large-vehicle 1
1942.0 465.0 1971.0 465.0 1971.0 477.0 1942.0 477.0 large-vehicle 1
343.0 1472.0 372.0 1472.0 372.0 1483.0 343.0 1483.0 small-vehicle 1
2002.0 477.0 2012.0 477.0 2012.0 496.0 2002.0 496.0 large-vehicle 1
1972.0 476.0 1981.0 476.0 1981.0 494.0 1972.0 494.0 large-vehicle 1
1794.0 283.0 1816.0 283.0 1816.0 298.0 1794.0 298.0 large-vehicle 1
2060.0 333.0 2072.0 333.0 2072.0 358.0 2060.0 358.0 large-vehicle 1
2042.0 794.0 2053.0 794.0 2053.0 823.0 2042.0 823.0 large-vehicle 1
2057.0 770.0 2067.0 770.0 2067.0 794.0 2057.0 794.0 large-vehicle 1
2038.0 834.0 2050.0 834.0 2050.0 859.0 2038.0 859.0 large-vehicle 1
1166.0 850.0 1191.0 850.0 1191.0 866.0 1166.0 866.0 small-vehicle 1
253.0 1311.0 283.0 1311.0 283.0 1323.0 253.0 1323.0 small-vehicle 1
1870.0 1890.0 1898.0 1890.0 1898.0 1903.0 1870.0 1903.0 large-vehicle 1
704.0 1018.0 733.0 1018.0 733.0 1037.0 704.0 1037.0 large-vehicle 1
809.0 580.0 828.0 580.0 828.0 606.0 809.0 606.0 small-vehicle 1
913.0 557.0 933.0 557.0 933.0 581.0 913.0 581.0 small-vehicle 1
766.0 749.0 787.0 749.0 787.0 772.0 766.0 772.0 small-vehicle 1
632.0 874.0 656.0 874.0 656.0 896.0 632.0 896.0 small-vehicle 1
610.0 868.0 629.0 868.0 629.0 885.0 610.0 885.0 small-vehicle 1
583.0 823.0 624.0 823.0 624.0 861.0 583.0 861.0 large-vehicle 1
660.0 742.0 726.0 742.0 726.0 812.0 660.0 812.0 large-vehicle 1
317.0 405.0 332.0 405.0 332.0 426.0 317.0 426.0 small-vehicle 1
497.0 930.0 518.0 930.0 518.0 949.0 497.0 949.0 small-vehicle 1
350.0 507.0 371.0 507.0 371.0 529.0 350.0 529.0 small-vehicle 1
365.0 789.0 387.0 789.0 387.0 810.0 365.0 810.0 small-vehicle 1
139.0 970.0 160.0 970.0 160.0 987.0 139.0 987.0 small-vehicle 1
44.0 1011.0 68.0 1011.0 68.0 1031.0 44.0 1031.0 small-vehicle 1
211.0 1059.0 234.0 1059.0 234.0 1077.0 211.0 1077.0 small-vehicle 1
377.0 1023.0 402.0 1023.0 402.0 1040.0 377.0 1040.0 small-vehicle 1
494.0 963.0 518.0 963.0 518.0 984.0 494.0 984.0 small-vehicle 1
2055.0 821.0 2069.0 821.0 2069.0 848.0 2055.0 848.0 large-vehicle 1
1730.0 1888.0 1808.0 1888.0 1808.0 1906.0 1730.0 1906.0 large-vehicle 1
3651.0 119.0 3661.0 119.0 3661.0 141.0 3651.0 141.0 small-vehicle 1
3787.0 102.0 3797.0 102.0 3797.0 127.0 3787.0 127.0 small-vehicle 1
3630.0 91.0 3639.0 91.0 3639.0 114.0 3630.0 114.0 small-vehicle 1
3854.0 108.0 3864.0 108.0 3864.0 129.0 3854.0 129.0 small-vehicle 1
3841.0 106.0 3855.0 106.0 3855.0 130.0 3841.0 130.0 small-vehicle 1
3830.0 104.0 3842.0 104.0 3842.0 127.0 3830.0 127.0 small-vehicle 1
3820.0 107.0 3830.0 107.0 3830.0 129.0 3820.0 129.0 small-vehicle 1
3809.0 106.0 3821.0 106.0 3821.0 128.0 3809.0 128.0 small-vehicle 1
3798.0 104.0 3807.0 104.0 3807.0 128.0 3798.0 128.0 small-vehicle 1
3773.0 102.0 3786.0 102.0 3786.0 126.0 3773.0 126.0 small-vehicle 1
3627.0 544.0 3653.0 544.0 3653.0 555.0 3627.0 555.0 large-vehicle 1
3763.0 101.0 3774.0 101.0 3774.0 124.0 3763.0 124.0 small-vehicle 1
3741.0 99.0 3751.0 99.0 3751.0 122.0 3741.0 122.0 small-vehicle 1
3730.0 99.0 3740.0 99.0 3740.0 122.0 3730.0 122.0 small-vehicle 1
3719.0 98.0 3730.0 98.0 3730.0 120.0 3719.0 120.0 small-vehicle 1
3707.0 97.0 3720.0 97.0 3720.0 120.0 3707.0 120.0 small-vehicle 1
3697.0 96.0 3711.0 96.0 3711.0 120.0 3697.0 120.0 small-vehicle 1
3627.0 115.0 3637.0 115.0 3637.0 137.0 3627.0 137.0 small-vehicle 1
3642.0 93.0 3653.0 93.0 3653.0 116.0 3642.0 116.0 small-vehicle 1
3609.0 532.0 3636.0 532.0 3636.0 542.0 3609.0 542.0 large-vehicle 1
2818.0 532.0 2840.0 532.0 2840.0 543.0 2818.0 543.0 large-vehicle 1
2733.0 1342.0 2760.0 1342.0 2760.0 1354.0 2733.0 1354.0 large-vehicle 1
2816.0 545.0 2837.0 545.0 2837.0 558.0 2816.0 558.0 large-vehicle 1
2822.0 562.0 2845.0 562.0 2845.0 572.0 2822.0 572.0 large-vehicle 1
2818.0 576.0 2843.0 576.0 2843.0 589.0 2818.0 589.0 large-vehicle 1
2737.0 1284.0 2762.0 1284.0 2762.0 1296.0 2737.0 1296.0 large-vehicle 1
2743.0 1312.0 2771.0 1312.0 2771.0 1324.0 2743.0 1324.0 large-vehicle 1
2714.0 1311.0 2738.0 1311.0 2738.0 1322.0 2714.0 1322.0 large-vehicle 1
2778.0 1316.0 2802.0 1316.0 2802.0 1327.0 2778.0 1327.0 large-vehicle 1
2639.0 1403.0 2665.0 1403.0 2665.0 1418.0 2639.0 1418.0 large-vehicle 1
2907.0 568.0 2934.0 568.0 2934.0 579.0 2907.0 579.0 large-vehicle 1
2720.0 1701.0 2744.0 1701.0 2744.0 1717.0 2720.0 1717.0 large-vehicle 1
2700.0 1814.0 2724.0 1814.0 2724.0 1829.0 2700.0 1829.0 large-vehicle 1
2751.0 1820.0 2772.0 1820.0 2772.0 1828.0 2751.0 1828.0 large-vehicle 1
2627.0 1867.0 2651.0 1867.0 2651.0 1881.0 2627.0 1881.0 large-vehicle 1
2707.0 1892.0 2719.0 1892.0 2719.0 1919.0 2707.0 1919.0 large-vehicle 1
3112.0 1696.0 3133.0 1696.0 3133.0 1708.0 3112.0 1708.0 small-vehicle 1
2907.0 549.0 2931.0 549.0 2931.0 562.0 2907.0 562.0 large-vehicle 1
3716.0 273.0 3729.0 273.0 3729.0 297.0 3716.0 297.0 small-vehicle 1
3799.0 283.0 3811.0 283.0 3811.0 303.0 3799.0 303.0 small-vehicle 1
4305.0 1798.0 4329.0 1798.0 4329.0 1808.0 4305.0 1808.0 small-vehicle 1
4141.0 1539.0 4163.0 1539.0 4163.0 1558.0 4141.0 1558.0 small-vehicle 1
4162.0 1431.0 4189.0 1431.0 4189.0 1455.0 4162.0 1455.0 small-vehicle 1
4182.0 1462.0 4209.0 1462.0 4209.0 1483.0 4182.0 1483.0 small-vehicle 1
4188.0 1474.0 4213.0 1474.0 4213.0 1492.0 4188.0 1492.0 small-vehicle 1
4204.0 1493.0 4224.0 1493.0 4224.0 1511.0 4204.0 1511.0 small-vehicle 1
4214.0 1513.0 4237.0 1513.0 4237.0 1532.0 4214.0 1532.0 small-vehicle 1
4221.0 1522.0 4243.0 1522.0 4243.0 1541.0 4221.0 1541.0 small-vehicle 1
4145.0 1509.0 4168.0 1509.0 4168.0 1530.0 4145.0 1530.0 small-vehicle 1
4085.0 1532.0 4106.0 1532.0 4106.0 1542.0 4085.0 1542.0 small-vehicle 1
4089.0 1508.0 4110.0 1508.0 4110.0 1518.0 4089.0 1518.0 small-vehicle 1
4083.0 1557.0 4107.0 1557.0 4107.0 1566.0 4083.0 1566.0 small-vehicle 1
4060.0 1533.0 4082.0 1533.0 4082.0 1542.0 4060.0 1542.0 small-vehicle 1
4059.0 1518.0 4083.0 1518.0 4083.0 1527.0 4059.0 1527.0 small-vehicle 1
4004.0 1534.0 4025.0 1534.0 4025.0 1544.0 4004.0 1544.0 small-vehicle 1
3999.0 1571.0 4022.0 1571.0 4022.0 1580.0 3999.0 1580.0 small-vehicle 1
4000.0 1581.0 4022.0 1581.0 4022.0 1591.0 4000.0 1591.0 small-vehicle 1
3995.0 1594.0 4016.0 1594.0 4016.0 1603.0 3995.0 1603.0 small-vehicle 1
4153.0 1411.0 4178.0 1411.0 4178.0 1431.0 4153.0 1431.0 small-vehicle 1
4090.0 1499.0 4111.0 1499.0 4111.0 1507.0 4090.0 1507.0 small-vehicle 1
3995.0 1629.0 4016.0 1629.0 4016.0 1640.0 3995.0 1640.0 small-vehicle 1
4067.0 1417.0 4089.0 1417.0 4089.0 1427.0 4067.0 1427.0 small-vehicle 1
3882.0 1395.0 3893.0 1395.0 3893.0 1418.0 3882.0 1418.0 small-vehicle 1
3894.0 1399.0 3905.0 1399.0 3905.0 1419.0 3894.0 1419.0 small-vehicle 1
3949.0 1400.0 3960.0 1400.0 3960.0 1421.0 3949.0 1421.0 small-vehicle 1
3959.0 1402.0 3971.0 1402.0 3971.0 1423.0 3959.0 1423.0 small-vehicle 1
3972.0 1403.0 3982.0 1403.0 3982.0 1424.0 3972.0 1424.0 small-vehicle 1
3982.0 1401.0 3993.0 1401.0 3993.0 1424.0 3982.0 1424.0 small-vehicle 1
4069.0 1405.0 4090.0 1405.0 4090.0 1415.0 4069.0 1415.0 small-vehicle 1
4065.0 1427.0 4086.0 1427.0 4086.0 1439.0 4065.0 1439.0 small-vehicle 1
4089.0 1486.0 4110.0 1486.0 4110.0 1496.0 4089.0 1496.0 small-vehicle 1
4096.0 1390.0 4119.0 1390.0 4119.0 1401.0 4096.0 1401.0 small-vehicle 1
4095.0 1402.0 4117.0 1402.0 4117.0 1412.0 4095.0 1412.0 small-vehicle 1
4094.0 1415.0 4116.0 1415.0 4116.0 1424.0 4094.0 1424.0 small-vehicle 1
4092.0 1427.0 4116.0 1427.0 4116.0 1437.0 4092.0 1437.0 small-vehicle 1
4092.0 1439.0 4114.0 1439.0 4114.0 1447.0 4092.0 1447.0 small-vehicle 1
4090.0 1451.0 4113.0 1451.0 4113.0 1460.0 4090.0 1460.0 small-vehicle 1
4090.0 1475.0 4112.0 1475.0 4112.0 1484.0 4090.0 1484.0 small-vehicle 1
3995.0 1618.0 4017.0 1618.0 4017.0 1628.0 3995.0 1628.0 small-vehicle 1
4058.0 1576.0 4077.0 1576.0 4077.0 1585.0 4058.0 1585.0 small-vehicle 1
3859.0 1394.0 3870.0 1394.0 3870.0 1417.0 3859.0 1417.0 small-vehicle 1
4219.0 1647.0 4243.0 1647.0 4243.0 1660.0 4219.0 1660.0 small-vehicle 1
4176.0 1597.0 4200.0 1597.0 4200.0 1614.0 4176.0 1614.0 small-vehicle 1
4203.0 1589.0 4225.0 1589.0 4225.0 1603.0 4203.0 1603.0 small-vehicle 1
4204.0 1600.0 4224.0 1600.0 4224.0 1614.0 4204.0 1614.0 small-vehicle 1
4212.0 1626.0 4233.0 1626.0 4233.0 1639.0 4212.0 1639.0 small-vehicle 1
4156.0 1666.0 4166.0 1666.0 4166.0 1690.0 4156.0 1690.0 small-vehicle 1
4191.0 1643.0 4215.0 1643.0 4215.0 1660.0 4191.0 1660.0 small-vehicle 1
4218.0 1637.0 4238.0 1637.0 4238.0 1650.0 4218.0 1650.0 small-vehicle 1
4223.0 1660.0 4244.0 1660.0 4244.0 1674.0 4223.0 1674.0 small-vehicle 1
4273.0 1649.0 4295.0 1649.0 4295.0 1664.0 4273.0 1664.0 small-vehicle 1
4226.0 1673.0 4247.0 1673.0 4247.0 1686.0 4226.0 1686.0 small-vehicle 1
4227.0 1685.0 4249.0 1685.0 4249.0 1700.0 4227.0 1700.0 small-vehicle 1
4195.0 1677.0 4223.0 1677.0 4223.0 1695.0 4195.0 1695.0 small-vehicle 1
4201.0 1692.0 4224.0 1692.0 4224.0 1706.0 4201.0 1706.0 small-vehicle 1
4288.0 1706.0 4312.0 1706.0 4312.0 1720.0 4288.0 1720.0 small-vehicle 1
4291.0 1730.0 4317.0 1730.0 4317.0 1746.0 4291.0 1746.0 small-vehicle 1
4302.0 1750.0 4328.0 1750.0 4328.0 1767.0 4302.0 1767.0 small-vehicle 1
4280.0 1685.0 4306.0 1685.0 4306.0 1700.0 4280.0 1700.0 small-vehicle 1
4263.0 1614.0 4286.0 1614.0 4286.0 1630.0 4263.0 1630.0 small-vehicle 1
4053.0 1588.0 4076.0 1588.0 4076.0 1596.0 4053.0 1596.0 small-vehicle 1
4049.0 1676.0 4072.0 1676.0 4072.0 1687.0 4049.0 1687.0 small-vehicle 1
4055.0 1598.0 4078.0 1598.0 4078.0 1608.0 4055.0 1608.0 small-vehicle 1
4051.0 1619.0 4077.0 1619.0 4077.0 1632.0 4051.0 1632.0 small-vehicle 1
4049.0 1638.0 4073.0 1638.0 4073.0 1647.0 4049.0 1647.0 small-vehicle 1
3993.0 1656.0 4018.0 1656.0 4018.0 1666.0 3993.0 1666.0 small-vehicle 1
3993.0 1681.0 4016.0 1681.0 4016.0 1691.0 3993.0 1691.0 small-vehicle 1
3992.0 1694.0 4013.0 1694.0 4013.0 1703.0 3992.0 1703.0 small-vehicle 1
4050.0 1663.0 4074.0 1663.0 4074.0 1672.0 4050.0 1672.0 small-vehicle 1
4042.0 1709.0 4068.0 1709.0 4068.0 1718.0 4042.0 1718.0 small-vehicle 1
4253.0 1582.0 4275.0 1582.0 4275.0 1598.0 4253.0 1598.0 small-vehicle 1
4169.0 1540.0 4188.0 1540.0 4188.0 1556.0 4169.0 1556.0 small-vehicle 1
4175.0 1549.0 4195.0 1549.0 4195.0 1566.0 4175.0 1566.0 small-vehicle 1
4183.0 1560.0 4201.0 1560.0 4201.0 1576.0 4183.0 1576.0 small-vehicle 1
4158.0 1571.0 4180.0 1571.0 4180.0 1588.0 4158.0 1588.0 small-vehicle 1
4167.0 1581.0 4190.0 1581.0 4190.0 1598.0 4167.0 1598.0 small-vehicle 1
4188.0 1570.0 4209.0 1570.0 4209.0 1588.0 4188.0 1588.0 small-vehicle 1
4253.0 1571.0 4271.0 1571.0 4271.0 1585.0 4253.0 1585.0 small-vehicle 1
3871.0 1397.0 3882.0 1397.0 3882.0 1418.0 3871.0 1418.0 small-vehicle 1
3962.0 1371.0 3973.0 1371.0 3973.0 1392.0 3962.0 1392.0 small-vehicle 1
3787.0 283.0 3799.0 283.0 3799.0 301.0 3787.0 301.0 small-vehicle 1
4259.0 274.0 4283.0 274.0 4283.0 287.0 4259.0 287.0 small-vehicle 1
4239.0 242.0 4260.0 242.0 4260.0 251.0 4239.0 251.0 small-vehicle 1
4238.0 252.0 4258.0 252.0 4258.0 261.0 4238.0 261.0 small-vehicle 1
4235.0 264.0 4256.0 264.0 4256.0 274.0 4235.0 274.0 small-vehicle 1
4236.0 273.0 4255.0 273.0 4255.0 284.0 4236.0 284.0 small-vehicle 1
4233.0 285.0 4252.0 285.0 4252.0 293.0 4233.0 293.0 small-vehicle 1
4266.0 199.0 4285.0 199.0 4285.0 209.0 4266.0 209.0 small-vehicle 1
4253.0 288.0 4272.0 288.0 4272.0 298.0 4253.0 298.0 small-vehicle 1
4258.0 265.0 4280.0 265.0 4280.0 275.0 4258.0 275.0 small-vehicle 1
4241.0 221.0 4259.0 221.0 4259.0 230.0 4241.0 230.0 small-vehicle 1
4261.0 254.0 4282.0 254.0 4282.0 263.0 4261.0 263.0 small-vehicle 1
4262.0 243.0 4281.0 243.0 4281.0 254.0 4262.0 254.0 small-vehicle 1
4262.0 233.0 4283.0 233.0 4283.0 244.0 4262.0 244.0 small-vehicle 1
4259.0 222.0 4281.0 222.0 4281.0 233.0 4259.0 233.0 small-vehicle 1
4263.0 211.0 4283.0 211.0 4283.0 223.0 4263.0 223.0 small-vehicle 1
4204.0 314.0 4214.0 314.0 4214.0 336.0 4204.0 336.0 small-vehicle 1
4215.0 315.0 4225.0 315.0 4225.0 337.0 4215.0 337.0 small-vehicle 1
4240.0 232.0 4259.0 232.0 4259.0 243.0 4240.0 243.0 small-vehicle 1
4240.0 209.0 4261.0 209.0 4261.0 222.0 4240.0 222.0 small-vehicle 1
4245.0 320.0 4257.0 320.0 4257.0 341.0 4245.0 341.0 small-vehicle 1
3988.0 295.0 3999.0 295.0 3999.0 316.0 3988.0 316.0 small-vehicle 1
3810.0 281.0 3824.0 281.0 3824.0 303.0 3810.0 303.0 small-vehicle 1
3823.0 280.0 3833.0 280.0 3833.0 304.0 3823.0 304.0 small-vehicle 1
3836.0 281.0 3846.0 281.0 3846.0 305.0 3836.0 305.0 small-vehicle 1
3893.0 284.0 3906.0 284.0 3906.0 311.0 3893.0 311.0 small-vehicle 1
3931.0 289.0 3941.0 289.0 3941.0 313.0 3931.0 313.0 small-vehicle 1
3950.0 289.0 3962.0 289.0 3962.0 312.0 3950.0 312.0 small-vehicle 1
3963.0 291.0 3974.0 291.0 3974.0 313.0 3963.0 313.0 small-vehicle 1
4039.0 297.0 4049.0 297.0 4049.0 318.0 4039.0 318.0 small-vehicle 1
4241.0 200.0 4261.0 200.0 4261.0 210.0 4241.0 210.0 small-vehicle 1
4055.0 296.0 4065.0 296.0 4065.0 320.0 4055.0 320.0 small-vehicle 1
4071.0 297.0 4081.0 297.0 4081.0 319.0 4071.0 319.0 small-vehicle 1
4094.0 303.0 4104.0 303.0 4104.0 324.0 4094.0 324.0 small-vehicle 1
4116.0 306.0 4126.0 306.0 4126.0 327.0 4116.0 327.0 small-vehicle 1
4174.0 307.0 4183.0 307.0 4183.0 329.0 4174.0 329.0 small-vehicle 1
4185.0 317.0 4193.0 317.0 4193.0 340.0 4185.0 340.0 small-vehicle 1
4241.0 188.0 4263.0 188.0 4263.0 200.0 4241.0 200.0 small-vehicle 1
4225.0 315.0 4236.0 315.0 4236.0 336.0 4225.0 336.0 small-vehicle 1
4256.0 319.0 4268.0 319.0 4268.0 340.0 4256.0 340.0 small-vehicle 1
3941.0 1368.0 3951.0 1368.0 3951.0 1391.0 3941.0 1391.0 small-vehicle 1
3951.0 1314.0 3962.0 1314.0 3962.0 1336.0 3951.0 1336.0 small-vehicle 1
3873.0 1307.0 3883.0 1307.0 3883.0 1329.0 3873.0 1329.0 small-vehicle 1
3884.0 1310.0 3895.0 1310.0 3895.0 1330.0 3884.0 1330.0 small-vehicle 1
3896.0 1310.0 3905.0 1310.0 3905.0 1331.0 3896.0 1331.0 large-vehicle 1
3907.0 1309.0 3916.0 1309.0 3916.0 1331.0 3907.0 1331.0 small-vehicle 1
3919.0 1312.0 3929.0 1312.0 3929.0 1331.0 3919.0 1331.0 small-vehicle 1
3929.0 1315.0 3940.0 1315.0 3940.0 1336.0 3929.0 1336.0 small-vehicle 1
3940.0 1314.0 3950.0 1314.0 3950.0 1338.0 3940.0 1338.0 small-vehicle 1
3851.0 1366.0 3861.0 1366.0 3861.0 1388.0 3851.0 1388.0 small-vehicle 1
3841.0 1307.0 3852.0 1307.0 3852.0 1326.0 3841.0 1326.0 small-vehicle 1
3865.0 1367.0 3873.0 1367.0 3873.0 1389.0 3865.0 1389.0 small-vehicle 1
3875.0 1365.0 3884.0 1365.0 3884.0 1387.0 3875.0 1387.0 small-vehicle 1
3884.0 1371.0 3895.0 1371.0 3895.0 1392.0 3884.0 1392.0 small-vehicle 1
3895.0 1371.0 3906.0 1371.0 3906.0 1391.0 3895.0 1391.0 small-vehicle 1
3908.0 1370.0 3916.0 1370.0 3916.0 1393.0 3908.0 1393.0 small-vehicle 1
3919.0 1369.0 3928.0 1369.0 3928.0 1390.0 3919.0 1390.0 small-vehicle 1
3929.0 1369.0 3941.0 1369.0 3941.0 1392.0 3929.0 1392.0 small-vehicle 1
3861.0 1307.0 3872.0 1307.0 3872.0 1331.0 3861.0 1331.0 small-vehicle 1
3828.0 1304.0 3841.0 1304.0 3841.0 1329.0 3828.0 1329.0 small-vehicle 1
4276.0 322.0 4288.0 322.0 4288.0 344.0 4276.0 344.0 small-vehicle 1
4311.0 245.0 4333.0 245.0 4333.0 256.0 4311.0 256.0 small-vehicle 1
4288.0 326.0 4298.0 326.0 4298.0 345.0 4288.0 345.0 small-vehicle 1
4306.0 327.0 4328.0 327.0 4328.0 350.0 4306.0 350.0 small-vehicle 1
4308.0 314.0 4329.0 314.0 4329.0 325.0 4308.0 325.0 small-vehicle 1
4309.0 304.0 4330.0 304.0 4330.0 314.0 4309.0 314.0 small-vehicle 1
4308.0 291.0 4330.0 291.0 4330.0 301.0 4308.0 301.0 small-vehicle 1
4306.0 268.0 4331.0 268.0 4331.0 279.0 4306.0 279.0 small-vehicle 1
4307.0 255.0 4332.0 255.0 4332.0 268.0 4307.0 268.0 small-vehicle 1
4311.0 234.0 4333.0 234.0 4333.0 245.0 4311.0 245.0 small-vehicle 1
3805.0 1307.0 3816.0 1307.0 3816.0 1327.0 3805.0 1327.0 small-vehicle 1
4311.0 220.0 4333.0 220.0 4333.0 233.0 4311.0 233.0 small-vehicle 1
4315.0 210.0 4336.0 210.0 4336.0 220.0 4315.0 220.0 small-vehicle 1
4314.0 198.0 4337.0 198.0 4337.0 208.0 4314.0 208.0 small-vehicle 1
4306.0 153.0 4344.0 153.0 4344.0 167.0 4306.0 167.0 large-vehicle 1
4116.0 444.0 4127.0 444.0 4127.0 468.0 4116.0 468.0 large-vehicle 1
4160.0 558.0 4190.0 558.0 4190.0 571.0 4160.0 571.0 large-vehicle 1
4156.0 904.0 4173.0 904.0 4173.0 933.0 4156.0 933.0 large-vehicle 1
176.0 1541.0 339.0 1541.0 339.0 1707.0 176.0 1707.0 plane 0
