imagesource:GoogleEarth
gsd:0.144001801966
1488.0 2117.0 1517.0 2117.0 1517.0 2156.0 1488.0 2156.0 small-vehicle 1
568.0 3330.0 604.0 3330.0 604.0 3363.0 568.0 3363.0 small-vehicle 1
701.0 3214.0 733.0 3214.0 733.0 3245.0 701.0 3245.0 small-vehicle 1
741.0 3185.0 774.0 3185.0 774.0 3217.0 741.0 3217.0 small-vehicle 1
823.0 3129.0 857.0 3129.0 857.0 3158.0 823.0 3158.0 large-vehicle 1
722.0 2174.0 756.0 2174.0 756.0 2200.0 722.0 2200.0 small-vehicle 1
684.0 2157.0 720.0 2157.0 720.0 2182.0 684.0 2182.0 small-vehicle 1
649.0 2131.0 680.0 2131.0 680.0 2160.0 649.0 2160.0 small-vehicle 1
589.0 2095.0 620.0 2095.0 620.0 2126.0 589.0 2126.0 small-vehicle 1
550.0 2052.0 574.0 2052.0 574.0 2079.0 550.0 2079.0 small-vehicle 1
143.0 1643.0 174.0 1643.0 174.0 1668.0 143.0 1668.0 small-vehicle 1
151.0 1543.0 176.0 1543.0 176.0 1580.0 151.0 1580.0 small-vehicle 1
999.0 454.0 1074.0 454.0 1074.0 490.0 999.0 490.0 large-vehicle 1
912.0 441.0 983.0 441.0 983.0 467.0 912.0 467.0 large-vehicle 1
1218.0 3287.0 1259.0 3287.0 1259.0 3381.0 1218.0 3381.0 tennis-court 1
1290.0 3288.0 1327.0 3288.0 1327.0 3379.0 1290.0 3379.0 tennis-court 1
1106.0 3197.0 1164.0 3197.0 1164.0 3349.0 1106.0 3349.0 tennis-court 0
1104.0 1345.0 1288.0 1345.0 1288.0 1434.0 1104.0 1434.0 basketball-court 0
1104.0 1230.0 1294.0 1230.0 1294.0 1332.0 1104.0 1332.0 basketball-court 0
1216.0 1013.0 1318.0 1013.0 1318.0 1202.0 1216.0 1202.0 basketball-court 0
1217.0 800.0 1316.0 800.0 1316.0 991.0 1217.0 991.0 basketball-court 0
1094.0 797.0 1198.0 797.0 1198.0 986.0 1094.0 986.0 basketball-court 0
480.0 799.0 951.0 799.0 951.0 1462.0 480.0 1462.0 soccer-ball-field 0
644.0 3322.0 681.0 3322.0 681.0 3351.0 644.0 3351.0 small-vehicle 1
446.0 3405.0 470.0 3405.0 470.0 3437.0 446.0 3437.0 small-vehicle 1
2054.0 1953.0 2082.0 1953.0 2082.0 1971.0 2054.0 1971.0 small-vehicle 1
1112.0 2223.0 1144.0 2223.0 1144.0 2239.0 1112.0 2239.0 small-vehicle 1
1994.0 1929.0 2029.0 1929.0 2029.0 1952.0 1994.0 1952.0 small-vehicle 1
1950.0 1921.0 1979.0 1921.0 1979.0 1935.0 1950.0 1935.0 small-vehicle 1
1831.0 1908.0 1862.0 1908.0 1862.0 1923.0 1831.0 1923.0 small-vehicle 1
1728.0 1919.0 1754.0 1919.0 1754.0 1935.0 1728.0 1935.0 small-vehicle 1
1680.0 1930.0 1710.0 1930.0 1710.0 1948.0 1680.0 1948.0 small-vehicle 1
1633.0 1942.0 1666.0 1942.0 1666.0 1963.0 1633.0 1963.0 small-vehicle 1
1585.0 1966.0 1617.0 1966.0 1617.0 1984.0 1585.0 1984.0 small-vehicle 1
1547.0 1972.0 1580.0 1972.0 1580.0 1998.0 1547.0 1998.0 small-vehicle 1
1511.0 1990.0 1545.0 1990.0 1545.0 2019.0 1511.0 2019.0 small-vehicle 1
1473.0 2021.0 1506.0 2021.0 1506.0 2048.0 1473.0 2048.0 small-vehicle 1
2008.0 104.0 2045.0 104.0 2045.0 129.0 2008.0 129.0 small-vehicle 1
1202.0 1674.0 1220.0 1674.0 1220.0 1711.0 1202.0 1711.0 small-vehicle 1
1181.0 1673.0 1196.0 1673.0 1196.0 1706.0 1181.0 1706.0 small-vehicle 1
1444.0 2044.0 1474.0 2044.0 1474.0 2073.0 1444.0 2073.0 small-vehicle 1
1413.0 2072.0 1438.0 2072.0 1438.0 2099.0 1413.0 2099.0 small-vehicle 1
1359.0 2119.0 1389.0 2119.0 1389.0 2148.0 1359.0 2148.0 small-vehicle 1
1315.0 2147.0 1352.0 2147.0 1352.0 2182.0 1315.0 2182.0 small-vehicle 1
1273.0 2178.0 1306.0 2178.0 1306.0 2203.0 1273.0 2203.0 small-vehicle 1
1233.0 2195.0 1264.0 2195.0 1264.0 2213.0 1233.0 2213.0 small-vehicle 1
1188.0 2206.0 1221.0 2206.0 1221.0 2228.0 1188.0 2228.0 small-vehicle 1
1150.0 2219.0 1182.0 2219.0 1182.0 2240.0 1150.0 2240.0 small-vehicle 1
373.0 473.0 1061.0 473.0 1061.0 1780.0 373.0 1780.0 ground-track-field 0
