imagesource:GoogleEarth
gsd:0.284597113968
3154.0 533.0 3167.0 533.0 3167.0 564.0 3154.0 564.0 large-vehicle 1
2724.0 2200.0 2743.0 2200.0 2743.0 2215.0 2724.0 2215.0 small-vehicle 1
1452.0 1086.0 1473.0 1086.0 1473.0 1112.0 1452.0 1112.0 small-vehicle 1
1596.0 1186.0 1617.0 1186.0 1617.0 1207.0 1596.0 1207.0 small-vehicle 1
2219.0 1459.0 2245.0 1459.0 2245.0 1482.0 2219.0 1482.0 small-vehicle 1
1943.0 1560.0 1961.0 1560.0 1961.0 1583.0 1943.0 1583.0 small-vehicle 1
2074.0 1679.0 2090.0 1679.0 2090.0 1702.0 2074.0 1702.0 small-vehicle 1
2133.0 1666.0 2155.0 1666.0 2155.0 1680.0 2133.0 1680.0 small-vehicle 1
2093.0 1690.0 2112.0 1690.0 2112.0 1714.0 2093.0 1714.0 small-vehicle 1
2106.0 1697.0 2123.0 1697.0 2123.0 1721.0 2106.0 1721.0 small-vehicle 1
2126.0 1702.0 2148.0 1702.0 2148.0 1726.0 2126.0 1726.0 small-vehicle 1
2143.0 1689.0 2161.0 1689.0 2161.0 1708.0 2143.0 1708.0 small-vehicle 1
2159.0 1813.0 2179.0 1813.0 2179.0 1828.0 2159.0 1828.0 small-vehicle 1
2227.0 1752.0 2258.0 1752.0 2258.0 1789.0 2227.0 1789.0 large-vehicle 1
2215.0 1828.0 2253.0 1828.0 2253.0 1854.0 2215.0 1854.0 large-vehicle 1
2033.0 1807.0 2071.0 1807.0 2071.0 1832.0 2033.0 1832.0 large-vehicle 1
2125.0 2898.0 2140.0 2898.0 2140.0 2925.0 2125.0 2925.0 small-vehicle 1
2144.0 3157.0 2166.0 3157.0 2166.0 3182.0 2144.0 3182.0 small-vehicle 1
1101.0 361.0 1139.0 361.0 1139.0 374.0 1101.0 374.0 large-vehicle 1
1103.0 388.0 1146.0 388.0 1146.0 403.0 1103.0 403.0 large-vehicle 1
1108.0 143.0 1126.0 143.0 1126.0 154.0 1108.0 154.0 small-vehicle 1
1104.0 155.0 1123.0 155.0 1123.0 164.0 1104.0 164.0 small-vehicle 1
1105.0 163.0 1122.0 163.0 1122.0 174.0 1105.0 174.0 small-vehicle 1
1065.0 143.0 1089.0 143.0 1089.0 160.0 1065.0 160.0 small-vehicle 1
908.0 43.0 930.0 43.0 930.0 56.0 908.0 56.0 small-vehicle 1
1434.0 1075.0 1453.0 1075.0 1453.0 1101.0 1434.0 1101.0 small-vehicle 1
1660.0 1054.0 1682.0 1054.0 1682.0 1076.0 1660.0 1076.0 small-vehicle 1
1748.0 266.0 1767.0 266.0 1767.0 280.0 1748.0 280.0 small-vehicle 1
2610.0 1513.0 2634.0 1513.0 2634.0 1538.0 2610.0 1538.0 small-vehicle 1
2825.0 2109.0 2838.0 2109.0 2838.0 2131.0 2825.0 2131.0 small-vehicle 1
2835.0 2110.0 2848.0 2110.0 2848.0 2131.0 2835.0 2131.0 small-vehicle 1
2609.0 2152.0 2632.0 2152.0 2632.0 2178.0 2609.0 2178.0 small-vehicle 1
2188.0 1519.0 2211.0 1519.0 2211.0 1544.0 2188.0 1544.0 small-vehicle 1
2366.0 1419.0 2386.0 1419.0 2386.0 1442.0 2366.0 1442.0 small-vehicle 1
2606.0 1574.0 2626.0 1574.0 2626.0 1594.0 2606.0 1594.0 small-vehicle 1
2539.0 1620.0 2565.0 1620.0 2565.0 1643.0 2539.0 1643.0 small-vehicle 1
2496.0 1654.0 2519.0 1654.0 2519.0 1676.0 2496.0 1676.0 small-vehicle 1
2383.0 1692.0 2405.0 1692.0 2405.0 1715.0 2383.0 1715.0 small-vehicle 1
2472.0 1623.0 2494.0 1623.0 2494.0 1642.0 2472.0 1642.0 small-vehicle 1
2149.0 1522.0 2171.0 1522.0 2171.0 1544.0 2149.0 1544.0 small-vehicle 1
1717.0 267.0 1735.0 267.0 1735.0 280.0 1717.0 280.0 small-vehicle 1
2789.0 855.0 2800.0 855.0 2800.0 877.0 2789.0 877.0 small-vehicle 1
2791.0 833.0 2802.0 833.0 2802.0 852.0 2791.0 852.0 small-vehicle 1
2743.0 862.0 2760.0 862.0 2760.0 887.0 2743.0 887.0 small-vehicle 1
2748.0 830.0 2759.0 830.0 2759.0 851.0 2748.0 851.0 small-vehicle 1
2750.0 804.0 2762.0 804.0 2762.0 823.0 2750.0 823.0 small-vehicle 1
2752.0 781.0 2764.0 781.0 2764.0 800.0 2752.0 800.0 small-vehicle 1
2768.0 138.0 2779.0 138.0 2779.0 160.0 2768.0 160.0 small-vehicle 1
2805.0 58.0 2818.0 58.0 2818.0 79.0 2805.0 79.0 small-vehicle 1
2808.0 41.0 2818.0 41.0 2818.0 58.0 2808.0 58.0 small-vehicle 1
1695.0 266.0 1715.0 266.0 1715.0 280.0 1695.0 280.0 small-vehicle 1
886.0 45.0 908.0 45.0 908.0 60.0 886.0 60.0 small-vehicle 1
755.0 46.0 777.0 46.0 777.0 60.0 755.0 60.0 small-vehicle 1
733.0 47.0 751.0 47.0 751.0 60.0 733.0 60.0 small-vehicle 1
1720.0 1781.0 1814.0 1781.0 1814.0 1887.0 1720.0 1887.0 basketball-court 0
3212.0 1915.0 3578.0 1915.0 3578.0 2552.0 3212.0 2552.0 ground-track-field 0
3278.0 2051.0 3518.0 2051.0 3518.0 2422.0 3278.0 2422.0 soccer-ball-field 0
2170.0 2059.0 2262.0 2059.0 2262.0 2168.0 2170.0 2168.0 basketball-court 0
2119.0 2030.0 2210.0 2030.0 2210.0 2135.0 2119.0 2135.0 basketball-court 0
2070.0 1997.0 2160.0 1997.0 2160.0 2104.0 2070.0 2104.0 basketball-court 0
2162.0 1908.0 2253.0 1908.0 2253.0 2015.0 2162.0 2015.0 basketball-court 0
1975.0 1942.0 2071.0 1942.0 2071.0 2047.0 1975.0 2047.0 basketball-court 0
1923.0 1909.0 2022.0 1909.0 2022.0 2015.0 1923.0 2015.0 basketball-court 0
1871.0 1877.0 1969.0 1877.0 1969.0 1983.0 1871.0 1983.0 basketball-court 0
1771.0 1814.0 1867.0 1814.0 1867.0 1920.0 1771.0 1920.0 basketball-court 0
1667.0 1750.0 1765.0 1750.0 1765.0 1856.0 1667.0 1856.0 basketball-court 0
3679.0 2114.0 3728.0 2114.0 3728.0 2214.0 3679.0 2214.0 basketball-court 0
1573.0 1691.0 1671.0 1691.0 1671.0 1797.0 1573.0 1797.0 basketball-court 0
1520.0 1658.0 1620.0 1658.0 1620.0 1765.0 1520.0 1765.0 basketball-court 0
1467.0 1626.0 1567.0 1626.0 1567.0 1733.0 1467.0 1733.0 basketball-court 0
1370.0 1565.0 1473.0 1565.0 1473.0 1674.0 1370.0 1674.0 basketball-court 0
1322.0 1535.0 1420.0 1535.0 1420.0 1640.0 1322.0 1640.0 basketball-court 0
880.0 709.0 1129.0 709.0 1129.0 1082.0 880.0 1082.0 soccer-ball-field 0
820.0 580.0 1177.0 580.0 1177.0 1210.0 820.0 1210.0 ground-track-field 0
420.0 781.0 458.0 781.0 458.0 860.0 420.0 860.0 tennis-court 0
356.0 781.0 394.0 781.0 394.0 858.0 356.0 858.0 tennis-court 0
242.0 761.0 309.0 761.0 309.0 848.0 242.0 848.0 tennis-court 0
3622.0 2114.0 3673.0 2114.0 3673.0 2212.0 3622.0 2212.0 basketball-court 0
3619.0 2226.0 3671.0 2226.0 3671.0 2326.0 3619.0 2326.0 basketball-court 0
705.0 47.0 725.0 47.0 725.0 61.0 705.0 61.0 small-vehicle 1
3675.0 1683.0 3729.0 1683.0 3729.0 1783.0 3675.0 1783.0 basketball-court 0
666.0 47.0 684.0 47.0 684.0 59.0 666.0 59.0 small-vehicle 1
643.0 44.0 665.0 44.0 665.0 60.0 643.0 60.0 small-vehicle 1
622.0 45.0 640.0 45.0 640.0 57.0 622.0 57.0 small-vehicle 1
598.0 45.0 617.0 45.0 617.0 57.0 598.0 57.0 small-vehicle 1
678.0 154.0 688.0 154.0 688.0 178.0 678.0 178.0 small-vehicle 1
3200.0 1341.0 3607.0 1341.0 3607.0 1783.0 3200.0 1783.0 storage-tank 0
2704.0 4167.0 3056.0 4167.0 3056.0 4794.0 2704.0 4794.0 ground-track-field 0
2755.0 4293.0 3001.0 4293.0 3001.0 4662.0 2755.0 4662.0 soccer-ball-field 0
3078.0 2063.0 3130.0 2063.0 3130.0 2153.0 3078.0 2153.0 tennis-court 0
3096.0 1936.0 3150.0 1936.0 3150.0 2025.0 3096.0 2025.0 tennis-court 0
3621.0 1683.0 3671.0 1683.0 3671.0 1784.0 3621.0 1784.0 basketball-court 0
3678.0 2227.0 3726.0 2227.0 3726.0 2325.0 3678.0 2325.0 basketball-court 0
3677.0 1571.0 3731.0 1571.0 3731.0 1676.0 3677.0 1676.0 basketball-court 0
3619.0 1572.0 3671.0 1572.0 3671.0 1673.0 3619.0 1673.0 basketball-court 0
3678.0 1441.0 3732.0 1441.0 3732.0 1541.0 3678.0 1541.0 basketball-court 0
3620.0 1440.0 3674.0 1440.0 3674.0 1541.0 3620.0 1541.0 basketball-court 0
3678.0 1329.0 3733.0 1329.0 3733.0 1431.0 3678.0 1431.0 basketball-court 0
3619.0 1328.0 3674.0 1328.0 3674.0 1429.0 3619.0 1429.0 basketball-court 0
3674.0 2456.0 3724.0 2456.0 3724.0 2548.0 3674.0 2548.0 basketball-court 1
3615.0 2455.0 3670.0 2455.0 3670.0 2545.0 3615.0 2545.0 basketball-court 1
3675.0 2338.0 3728.0 2338.0 3728.0 2440.0 3675.0 2440.0 basketball-court 0
3616.0 2338.0 3672.0 2338.0 3672.0 2438.0 3616.0 2438.0 basketball-court 0
2743.0 2192.0 2760.0 2192.0 2760.0 2205.0 2743.0 2205.0 small-vehicle 1
2717.0 2224.0 2738.0 2224.0 2738.0 2242.0 2717.0 2242.0 small-vehicle 1
3436.0 592.0 3448.0 592.0 3448.0 615.0 3436.0 615.0 small-vehicle 1
2762.0 2191.0 2779.0 2191.0 2779.0 2236.0 2762.0 2236.0 large-vehicle 1
3507.0 1133.0 3527.0 1133.0 3527.0 1155.0 3507.0 1155.0 small-vehicle 1
3518.0 1147.0 3538.0 1147.0 3538.0 1168.0 3518.0 1168.0 small-vehicle 1
3524.0 1157.0 3546.0 1157.0 3546.0 1177.0 3524.0 1177.0 small-vehicle 1
3538.0 1175.0 3560.0 1175.0 3560.0 1196.0 3538.0 1196.0 small-vehicle 1
3613.0 1052.0 3637.0 1052.0 3637.0 1076.0 3613.0 1076.0 small-vehicle 1
3580.0 1014.0 3604.0 1014.0 3604.0 1037.0 3580.0 1037.0 small-vehicle 1
3446.0 541.0 3459.0 541.0 3459.0 563.0 3446.0 563.0 small-vehicle 1
3445.0 459.0 3460.0 459.0 3460.0 483.0 3445.0 483.0 small-vehicle 1
3406.0 440.0 3432.0 440.0 3432.0 454.0 3406.0 454.0 small-vehicle 1
3407.0 414.0 3429.0 414.0 3429.0 428.0 3407.0 428.0 small-vehicle 1
3402.0 390.0 3424.0 390.0 3424.0 402.0 3402.0 402.0 small-vehicle 1
3358.0 365.0 3380.0 365.0 3380.0 379.0 3358.0 379.0 small-vehicle 1
3363.0 342.0 3384.0 342.0 3384.0 354.0 3363.0 354.0 small-vehicle 1
3359.0 223.0 3382.0 223.0 3382.0 235.0 3359.0 235.0 small-vehicle 1
3360.0 209.0 3383.0 209.0 3383.0 223.0 3360.0 223.0 small-vehicle 1
3361.0 183.0 3385.0 183.0 3385.0 196.0 3361.0 196.0 small-vehicle 1
3362.0 124.0 3388.0 124.0 3388.0 145.0 3362.0 145.0 small-vehicle 1
3426.0 90.0 3449.0 90.0 3449.0 113.0 3426.0 113.0 small-vehicle 1
3391.0 61.0 3417.0 61.0 3417.0 82.0 3391.0 82.0 small-vehicle 1
3395.0 47.0 3422.0 47.0 3422.0 68.0 3395.0 68.0 small-vehicle 1
3489.0 58.0 3511.0 58.0 3511.0 83.0 3489.0 83.0 small-vehicle 1
3116.0 265.0 3133.0 265.0 3133.0 300.0 3116.0 300.0 large-vehicle 1
3126.0 350.0 3138.0 350.0 3138.0 372.0 3126.0 372.0 small-vehicle 1
3499.0 1125.0 3519.0 1125.0 3519.0 1147.0 3499.0 1147.0 small-vehicle 1
3510.0 1098.0 3522.0 1098.0 3522.0 1117.0 3510.0 1117.0 small-vehicle 1
3553.0 1106.0 3577.0 1106.0 3577.0 1128.0 3553.0 1128.0 small-vehicle 1
3460.0 3050.0 3479.0 3050.0 3479.0 3062.0 3460.0 3062.0 small-vehicle 1
3476.0 1100.0 3501.0 1100.0 3501.0 1123.0 3476.0 1123.0 small-vehicle 1
3071.0 4755.0 3092.0 4755.0 3092.0 4781.0 3071.0 4781.0 small-vehicle 1
3127.0 3811.0 3148.0 3811.0 3148.0 3826.0 3127.0 3826.0 small-vehicle 1
3398.0 3310.0 3420.0 3310.0 3420.0 3329.0 3398.0 3329.0 small-vehicle 1
3454.0 3279.0 3475.0 3279.0 3475.0 3299.0 3454.0 3299.0 small-vehicle 1
3472.0 3270.0 3494.0 3270.0 3494.0 3289.0 3472.0 3289.0 small-vehicle 1
3494.0 3260.0 3514.0 3260.0 3514.0 3277.0 3494.0 3277.0 small-vehicle 1
3578.0 3189.0 3592.0 3189.0 3592.0 3209.0 3578.0 3209.0 small-vehicle 1
3446.0 3023.0 3472.0 3023.0 3472.0 3041.0 3446.0 3041.0 small-vehicle 1
3453.0 3036.0 3476.0 3036.0 3476.0 3051.0 3453.0 3051.0 small-vehicle 1
3523.0 3072.0 3544.0 3072.0 3544.0 3089.0 3523.0 3089.0 small-vehicle 1
3571.0 1127.0 3593.0 1127.0 3593.0 1148.0 3571.0 1148.0 small-vehicle 1
3533.0 3011.0 3557.0 3011.0 3557.0 3026.0 3533.0 3026.0 small-vehicle 1
3394.0 2950.0 3419.0 2950.0 3419.0 2963.0 3394.0 2963.0 small-vehicle 1
3254.0 2733.0 3279.0 2733.0 3279.0 2751.0 3254.0 2751.0 small-vehicle 1
3303.0 2729.0 3325.0 2729.0 3325.0 2745.0 3303.0 2745.0 small-vehicle 1
3651.0 1924.0 3665.0 1924.0 3665.0 1951.0 3651.0 1951.0 small-vehicle 1
3453.0 1054.0 3491.0 1054.0 3491.0 1097.0 3453.0 1097.0 large-vehicle 1
3462.0 1046.0 3499.0 1046.0 3499.0 1083.0 3462.0 1083.0 large-vehicle 1
3477.0 1040.0 3513.0 1040.0 3513.0 1078.0 3477.0 1078.0 large-vehicle 1
3592.0 1208.0 3630.0 1208.0 3630.0 1250.0 3592.0 1250.0 large-vehicle 1
3579.0 1138.0 3603.0 1138.0 3603.0 1160.0 3579.0 1160.0 small-vehicle 1
3114.0 429.0 3130.0 429.0 3130.0 464.0 3114.0 464.0 small-vehicle 1
3108.0 947.0 3126.0 947.0 3126.0 981.0 3108.0 981.0 small-vehicle 1
3009.0 1404.0 3024.0 1404.0 3024.0 1428.0 3009.0 1428.0 small-vehicle 1
2507.0 3683.0 2527.0 3683.0 2527.0 3702.0 2507.0 3702.0 small-vehicle 1
3105.0 4767.0 3117.0 4767.0 3117.0 4786.0 3105.0 4786.0 small-vehicle 1
3108.0 4745.0 3121.0 4745.0 3121.0 4764.0 3108.0 4764.0 small-vehicle 1
3118.0 4702.0 3134.0 4702.0 3134.0 4724.0 3118.0 4724.0 small-vehicle 1
3089.0 4682.0 3109.0 4682.0 3109.0 4706.0 3089.0 4706.0 small-vehicle 1
2509.0 4501.0 2529.0 4501.0 2529.0 4530.0 2509.0 4530.0 small-vehicle 1
2379.0 4023.0 2391.0 4023.0 2391.0 4051.0 2379.0 4051.0 small-vehicle 1
2433.0 4036.0 2446.0 4036.0 2446.0 4060.0 2433.0 4060.0 small-vehicle 1
2397.0 3808.0 2409.0 3808.0 2409.0 3826.0 2397.0 3826.0 small-vehicle 1
2674.0 3750.0 2696.0 3750.0 2696.0 3763.0 2674.0 3763.0 small-vehicle 1
2624.0 3742.0 2648.0 3742.0 2648.0 3760.0 2624.0 3760.0 small-vehicle 1
2565.0 3543.0 2580.0 3543.0 2580.0 3563.0 2565.0 3563.0 small-vehicle 1
2947.0 4068.0 2968.0 4068.0 2968.0 4090.0 2947.0 4090.0 small-vehicle 1
2596.0 3220.0 2612.0 3220.0 2612.0 3240.0 2596.0 3240.0 small-vehicle 1
2262.0 3217.0 2283.0 3217.0 2283.0 3238.0 2262.0 3238.0 small-vehicle 1
2764.0 3348.0 2782.0 3348.0 2782.0 3372.0 2764.0 3372.0 small-vehicle 1
2782.0 3298.0 2799.0 3298.0 2799.0 3321.0 2782.0 3321.0 small-vehicle 1
2706.0 2433.0 2727.0 2433.0 2727.0 2443.0 2706.0 2443.0 small-vehicle 1
2705.0 2423.0 2728.0 2423.0 2728.0 2433.0 2705.0 2433.0 small-vehicle 1
2699.0 2295.0 2747.0 2295.0 2747.0 2332.0 2699.0 2332.0 large-vehicle 1
2706.0 2268.0 2752.0 2268.0 2752.0 2302.0 2706.0 2302.0 large-vehicle 1
2754.0 2250.0 2779.0 2250.0 2779.0 2297.0 2754.0 2297.0 large-vehicle 1
2784.0 2254.0 2809.0 2254.0 2809.0 2303.0 2784.0 2303.0 large-vehicle 1
2933.0 4055.0 2956.0 4055.0 2956.0 4079.0 2933.0 4079.0 small-vehicle 1
2882.0 3957.0 2902.0 3957.0 2902.0 3977.0 2882.0 3977.0 small-vehicle 1
2982.0 1619.0 2997.0 1619.0 2997.0 1642.0 2982.0 1642.0 small-vehicle 1
3082.0 3645.0 3100.0 3645.0 3100.0 3662.0 3082.0 3662.0 small-vehicle 1
3128.0 2692.0 3151.0 2692.0 3151.0 2711.0 3128.0 2711.0 small-vehicle 1
2911.0 2689.0 2933.0 2689.0 2933.0 2711.0 2911.0 2711.0 small-vehicle 1
2884.0 2725.0 2905.0 2725.0 2905.0 2746.0 2884.0 2746.0 small-vehicle 1
2826.0 3352.0 2848.0 3352.0 2848.0 3371.0 2826.0 3371.0 small-vehicle 1
2998.0 3374.0 3016.0 3374.0 3016.0 3400.0 2998.0 3400.0 small-vehicle 1
3246.0 3616.0 3257.0 3616.0 3257.0 3639.0 3246.0 3639.0 small-vehicle 1
3246.0 3642.0 3257.0 3642.0 3257.0 3663.0 3246.0 3663.0 small-vehicle 1
3236.0 3726.0 3247.0 3726.0 3247.0 3744.0 3236.0 3744.0 small-vehicle 1
3236.0 3747.0 3244.0 3747.0 3244.0 3764.0 3236.0 3764.0 small-vehicle 1
3232.0 3769.0 3243.0 3769.0 3243.0 3790.0 3232.0 3790.0 small-vehicle 1
3078.0 3637.0 3099.0 3637.0 3099.0 3652.0 3078.0 3652.0 small-vehicle 1
2919.0 3912.0 2939.0 3912.0 2939.0 3933.0 2919.0 3933.0 small-vehicle 1
3074.0 3627.0 3096.0 3627.0 3096.0 3644.0 3074.0 3644.0 small-vehicle 1
3071.0 3619.0 3092.0 3619.0 3092.0 3634.0 3071.0 3634.0 small-vehicle 1
3066.0 3606.0 3089.0 3606.0 3089.0 3627.0 3066.0 3627.0 small-vehicle 1
3086.0 3663.0 3108.0 3663.0 3108.0 3679.0 3086.0 3679.0 small-vehicle 1
3086.0 3675.0 3107.0 3675.0 3107.0 3689.0 3086.0 3689.0 small-vehicle 1
3087.0 3685.0 3108.0 3685.0 3108.0 3698.0 3087.0 3698.0 small-vehicle 1
3088.0 3733.0 3110.0 3733.0 3110.0 3747.0 3088.0 3747.0 small-vehicle 1
3089.0 3745.0 3112.0 3745.0 3112.0 3759.0 3089.0 3759.0 small-vehicle 1
2891.0 3990.0 2913.0 3990.0 2913.0 4013.0 2891.0 4013.0 small-vehicle 1
2909.0 3922.0 2932.0 3922.0 2932.0 3943.0 2909.0 3943.0 small-vehicle 1
188.0 732.0 252.0 732.0 252.0 816.0 188.0 816.0 tennis-court 0
