imagesource:GoogleEarth
gsd:0.263668802986
436.0 2482.0 449.0 2482.0 449.0 2498.0 436.0 2498.0 small-vehicle 1
978.0 839.0 993.0 839.0 993.0 862.0 978.0 862.0 small-vehicle 1
979.0 920.0 994.0 920.0 994.0 944.0 979.0 944.0 small-vehicle 1
962.0 1355.0 978.0 1355.0 978.0 1380.0 962.0 1380.0 small-vehicle 1
1302.0 2312.0 1333.0 2312.0 1333.0 2331.0 1302.0 2331.0 small-vehicle 1
1202.0 2297.0 1229.0 2297.0 1229.0 2312.0 1202.0 2312.0 small-vehicle 1
1135.0 2298.0 1157.0 2298.0 1157.0 2310.0 1135.0 2310.0 small-vehicle 1
1028.0 2197.0 1045.0 2197.0 1045.0 2223.0 1028.0 2223.0 small-vehicle 1
978.0 2195.0 991.0 2195.0 991.0 2222.0 978.0 2222.0 small-vehicle 1
1005.0 2218.0 1021.0 2218.0 1021.0 2244.0 1005.0 2244.0 small-vehicle 1
1041.0 2285.0 1067.0 2285.0 1067.0 2302.0 1041.0 2302.0 small-vehicle 1
997.0 2296.0 1027.0 2296.0 1027.0 2317.0 997.0 2317.0 small-vehicle 1
972.0 2285.0 1002.0 2285.0 1002.0 2304.0 972.0 2304.0 small-vehicle 1
668.0 2741.0 785.0 2741.0 785.0 2862.0 668.0 2862.0 storage-tank 0
1255.0 3050.0 1278.0 3050.0 1278.0 3080.0 1255.0 3080.0 small-vehicle 1
1277.0 3123.0 1302.0 3123.0 1302.0 3137.0 1277.0 3137.0 small-vehicle 1
1320.0 3113.0 1344.0 3113.0 1344.0 3128.0 1320.0 3128.0 small-vehicle 1
1323.0 3099.0 1346.0 3099.0 1346.0 3115.0 1323.0 3115.0 small-vehicle 1
1313.0 3076.0 1339.0 3076.0 1339.0 3093.0 1313.0 3093.0 small-vehicle 1
1306.0 3053.0 1324.0 3053.0 1324.0 3071.0 1306.0 3071.0 small-vehicle 1
1315.0 3523.0 1325.0 3523.0 1325.0 3544.0 1315.0 3544.0 small-vehicle 1
979.0 880.0 996.0 880.0 996.0 908.0 979.0 908.0 small-vehicle 1
982.0 810.0 996.0 810.0 996.0 833.0 982.0 833.0 small-vehicle 1
1262.0 3564.0 1272.0 3564.0 1272.0 3583.0 1262.0 3583.0 small-vehicle 1
976.0 786.0 990.0 786.0 990.0 809.0 976.0 809.0 small-vehicle 1
2316.0 3312.0 2331.0 3312.0 2331.0 3332.0 2316.0 3332.0 small-vehicle 1
2316.0 3334.0 2330.0 3334.0 2330.0 3356.0 2316.0 3356.0 small-vehicle 1
2231.0 2788.0 2253.0 2788.0 2253.0 2815.0 2231.0 2815.0 small-vehicle 1
2252.0 2772.0 2275.0 2772.0 2275.0 2794.0 2252.0 2794.0 small-vehicle 1
2263.0 2762.0 2283.0 2762.0 2283.0 2784.0 2263.0 2784.0 small-vehicle 1
2271.0 2748.0 2296.0 2748.0 2296.0 2776.0 2271.0 2776.0 small-vehicle 1
2287.0 2735.0 2313.0 2735.0 2313.0 2765.0 2287.0 2765.0 small-vehicle 1
2318.0 2702.0 2344.0 2702.0 2344.0 2730.0 2318.0 2730.0 small-vehicle 1
2354.0 2696.0 2373.0 2696.0 2373.0 2710.0 2354.0 2710.0 small-vehicle 1
2374.0 2687.0 2392.0 2687.0 2392.0 2702.0 2374.0 2702.0 small-vehicle 1
2187.0 2334.0 2215.0 2334.0 2215.0 2353.0 2187.0 2353.0 small-vehicle 1
2179.0 2251.0 2207.0 2251.0 2207.0 2263.0 2179.0 2263.0 small-vehicle 1
2190.0 2268.0 2219.0 2268.0 2219.0 2282.0 2190.0 2282.0 small-vehicle 1
968.0 503.0 981.0 503.0 981.0 529.0 968.0 529.0 small-vehicle 1
967.0 531.0 983.0 531.0 983.0 558.0 967.0 558.0 small-vehicle 1
972.0 650.0 987.0 650.0 987.0 675.0 972.0 675.0 small-vehicle 1
974.0 676.0 988.0 676.0 988.0 702.0 974.0 702.0 small-vehicle 1
975.0 707.0 991.0 707.0 991.0 736.0 975.0 736.0 small-vehicle 1
981.0 762.0 994.0 762.0 994.0 782.0 981.0 782.0 small-vehicle 1
1340.0 3581.0 1352.0 3581.0 1352.0 3599.0 1340.0 3599.0 small-vehicle 1
1274.0 3561.0 1282.0 3561.0 1282.0 3583.0 1274.0 3583.0 small-vehicle 1
2324.0 3577.0 2337.0 3577.0 2337.0 3597.0 2324.0 3597.0 small-vehicle 1
1162.0 4535.0 1176.0 4535.0 1176.0 4553.0 1162.0 4553.0 small-vehicle 1
1190.0 4548.0 1213.0 4548.0 1213.0 4562.0 1190.0 4562.0 small-vehicle 1
1187.0 4566.0 1212.0 4566.0 1212.0 4578.0 1187.0 4578.0 small-vehicle 1
148.0 4454.0 175.0 4454.0 175.0 4464.0 148.0 4464.0 small-vehicle 1
41.0 4364.0 55.0 4364.0 55.0 4387.0 41.0 4387.0 small-vehicle 1
61.0 4360.0 75.0 4360.0 75.0 4383.0 61.0 4383.0 small-vehicle 1
102.0 4416.0 121.0 4416.0 121.0 4427.0 102.0 4427.0 small-vehicle 1
102.0 4404.0 125.0 4404.0 125.0 4417.0 102.0 4417.0 small-vehicle 1
107.0 4434.0 129.0 4434.0 129.0 4446.0 107.0 4446.0 small-vehicle 1
149.0 4410.0 167.0 4410.0 167.0 4425.0 149.0 4425.0 small-vehicle 1
918.0 4165.0 933.0 4165.0 933.0 4187.0 918.0 4187.0 small-vehicle 1
943.0 4169.0 960.0 4169.0 960.0 4190.0 943.0 4190.0 small-vehicle 1
873.0 4118.0 897.0 4118.0 897.0 4135.0 873.0 4135.0 small-vehicle 1
952.0 4267.0 972.0 4267.0 972.0 4283.0 952.0 4283.0 small-vehicle 1
930.0 4241.0 952.0 4241.0 952.0 4256.0 930.0 4256.0 small-vehicle 1
955.0 4249.0 972.0 4249.0 972.0 4264.0 955.0 4264.0 small-vehicle 1
951.0 4226.0 975.0 4226.0 975.0 4246.0 951.0 4246.0 small-vehicle 1
953.0 4210.0 974.0 4210.0 974.0 4223.0 953.0 4223.0 small-vehicle 1
557.0 3551.0 571.0 3551.0 571.0 3579.0 557.0 3579.0 small-vehicle 1
79.0 3463.0 91.0 3463.0 91.0 3482.0 79.0 3482.0 small-vehicle 1
1193.0 4528.0 1213.0 4528.0 1213.0 4541.0 1193.0 4541.0 small-vehicle 1
1130.0 4534.0 1147.0 4534.0 1147.0 4557.0 1130.0 4557.0 small-vehicle 1
1280.0 3559.0 1295.0 3559.0 1295.0 3582.0 1280.0 3582.0 small-vehicle 1
1054.0 4417.0 1068.0 4417.0 1068.0 4438.0 1054.0 4438.0 small-vehicle 1
1282.0 3584.0 1293.0 3584.0 1293.0 3602.0 1282.0 3602.0 small-vehicle 1
1292.0 3582.0 1303.0 3582.0 1303.0 3602.0 1292.0 3602.0 small-vehicle 1
1302.0 3581.0 1313.0 3581.0 1313.0 3601.0 1302.0 3601.0 small-vehicle 1
1318.0 3560.0 1330.0 3560.0 1330.0 3581.0 1318.0 3581.0 small-vehicle 1
1300.0 3560.0 1311.0 3560.0 1311.0 3581.0 1300.0 3581.0 small-vehicle 1
1001.0 4342.0 1024.0 4342.0 1024.0 4356.0 1001.0 4356.0 small-vehicle 1
1000.0 4354.0 1025.0 4354.0 1025.0 4369.0 1000.0 4369.0 small-vehicle 1
997.0 4330.0 1022.0 4330.0 1022.0 4344.0 997.0 4344.0 small-vehicle 1
997.0 4318.0 1020.0 4318.0 1020.0 4330.0 997.0 4330.0 small-vehicle 1
996.0 4308.0 1020.0 4308.0 1020.0 4320.0 996.0 4320.0 small-vehicle 1
996.0 4288.0 1021.0 4288.0 1021.0 4300.0 996.0 4300.0 small-vehicle 1
999.0 4278.0 1021.0 4278.0 1021.0 4288.0 999.0 4288.0 small-vehicle 1
996.0 4261.0 1020.0 4261.0 1020.0 4273.0 996.0 4273.0 small-vehicle 1
995.0 4250.0 1018.0 4250.0 1018.0 4261.0 995.0 4261.0 small-vehicle 1
992.0 4234.0 1012.0 4234.0 1012.0 4245.0 992.0 4245.0 small-vehicle 1
990.0 4222.0 1014.0 4222.0 1014.0 4233.0 990.0 4233.0 small-vehicle 1
1031.0 4353.0 1044.0 4353.0 1044.0 4375.0 1031.0 4375.0 small-vehicle 1
1042.0 4349.0 1054.0 4349.0 1054.0 4373.0 1042.0 4373.0 small-vehicle 1
1043.0 4383.0 1056.0 4383.0 1056.0 4404.0 1043.0 4404.0 small-vehicle 1
2322.0 3464.0 2335.0 3464.0 2335.0 3486.0 2322.0 3486.0 small-vehicle 1
2322.0 3597.0 2337.0 3597.0 2337.0 3617.0 2322.0 3617.0 small-vehicle 1
39.0 3092.0 56.0 3092.0 56.0 3114.0 39.0 3114.0 small-vehicle 1
2157.0 4571.0 2183.0 4571.0 2183.0 4584.0 2157.0 4584.0 small-vehicle 1
2180.0 4627.0 2200.0 4627.0 2200.0 4641.0 2180.0 4641.0 small-vehicle 1
2199.0 4625.0 2223.0 4625.0 2223.0 4640.0 2199.0 4640.0 small-vehicle 1
2242.0 4625.0 2265.0 4625.0 2265.0 4637.0 2242.0 4637.0 small-vehicle 1
2279.0 4622.0 2302.0 4622.0 2302.0 4637.0 2279.0 4637.0 small-vehicle 1
2092.0 4613.0 2115.0 4613.0 2115.0 4626.0 2092.0 4626.0 small-vehicle 1
2004.0 4619.0 2027.0 4619.0 2027.0 4630.0 2004.0 4630.0 small-vehicle 1
2039.0 4604.0 2060.0 4604.0 2060.0 4618.0 2039.0 4618.0 small-vehicle 1
1878.0 4609.0 1904.0 4609.0 1904.0 4625.0 1878.0 4625.0 small-vehicle 1
1752.0 4388.0 1769.0 4388.0 1769.0 4411.0 1752.0 4411.0 small-vehicle 1
1754.0 4459.0 1768.0 4459.0 1768.0 4479.0 1754.0 4479.0 small-vehicle 1
1754.0 4437.0 1767.0 4437.0 1767.0 4460.0 1754.0 4460.0 small-vehicle 1
1773.0 4168.0 1793.0 4168.0 1793.0 4183.0 1773.0 4183.0 small-vehicle 1
1722.0 4195.0 1734.0 4195.0 1734.0 4215.0 1722.0 4215.0 small-vehicle 1
1719.0 4171.0 1734.0 4171.0 1734.0 4194.0 1719.0 4194.0 small-vehicle 1
1733.0 4176.0 1743.0 4176.0 1743.0 4196.0 1733.0 4196.0 small-vehicle 1
1971.0 3989.0 1987.0 3989.0 1987.0 4009.0 1971.0 4009.0 small-vehicle 1
1983.0 3989.0 2000.0 3989.0 2000.0 4009.0 1983.0 4009.0 small-vehicle 1
1938.0 3988.0 1956.0 3988.0 1956.0 4011.0 1938.0 4011.0 small-vehicle 1
1950.0 3988.0 1967.0 3988.0 1967.0 4010.0 1950.0 4010.0 small-vehicle 1
2159.0 4629.0 2181.0 4629.0 2181.0 4641.0 2159.0 4641.0 small-vehicle 1
2458.0 4614.0 2480.0 4614.0 2480.0 4630.0 2458.0 4630.0 small-vehicle 1
1880.0 3996.0 1895.0 3996.0 1895.0 4016.0 1880.0 4016.0 small-vehicle 1
2438.0 4615.0 2457.0 4615.0 2457.0 4631.0 2438.0 4631.0 small-vehicle 1
2587.0 4079.0 2616.0 4079.0 2616.0 4093.0 2587.0 4093.0 small-vehicle 1
2540.0 4239.0 2557.0 4239.0 2557.0 4267.0 2540.0 4267.0 small-vehicle 1
2560.0 4241.0 2573.0 4241.0 2573.0 4265.0 2560.0 4265.0 small-vehicle 1
2471.0 4323.0 2485.0 4323.0 2485.0 4347.0 2471.0 4347.0 small-vehicle 1
2499.0 4321.0 2511.0 4321.0 2511.0 4344.0 2499.0 4344.0 small-vehicle 1
2545.0 4291.0 2571.0 4291.0 2571.0 4305.0 2545.0 4305.0 small-vehicle 1
2544.0 4351.0 2570.0 4351.0 2570.0 4368.0 2544.0 4368.0 small-vehicle 1
2550.0 4366.0 2570.0 4366.0 2570.0 4378.0 2550.0 4378.0 small-vehicle 1
2425.0 4451.0 2443.0 4451.0 2443.0 4475.0 2425.0 4475.0 small-vehicle 1
2399.0 4451.0 2419.0 4451.0 2419.0 4475.0 2399.0 4475.0 small-vehicle 1
2545.0 4434.0 2567.0 4434.0 2567.0 4449.0 2545.0 4449.0 small-vehicle 1
2570.0 4447.0 2592.0 4447.0 2592.0 4468.0 2570.0 4468.0 small-vehicle 1
2656.0 4440.0 2675.0 4440.0 2675.0 4462.0 2656.0 4462.0 small-vehicle 1
2602.0 4489.0 2622.0 4489.0 2622.0 4512.0 2602.0 4512.0 small-vehicle 1
2656.0 4495.0 2668.0 4495.0 2668.0 4513.0 2656.0 4513.0 small-vehicle 1
2659.0 4550.0 2677.0 4550.0 2677.0 4569.0 2659.0 4569.0 small-vehicle 1
2596.0 4607.0 2619.0 4607.0 2619.0 4623.0 2596.0 4623.0 small-vehicle 1
2554.0 4608.0 2580.0 4608.0 2580.0 4625.0 2554.0 4625.0 small-vehicle 1
2417.0 4617.0 2437.0 4617.0 2437.0 4631.0 2417.0 4631.0 small-vehicle 1
1899.0 3993.0 1917.0 3993.0 1917.0 4015.0 1899.0 4015.0 small-vehicle 1
1862.0 3997.0 1874.0 3997.0 1874.0 4017.0 1862.0 4017.0 small-vehicle 1
1671.0 3429.0 1712.0 3429.0 1712.0 3456.0 1671.0 3456.0 small-vehicle 1
1824.0 3822.0 1835.0 3822.0 1835.0 3841.0 1824.0 3841.0 small-vehicle 1
1869.0 3797.0 1881.0 3797.0 1881.0 3820.0 1869.0 3820.0 small-vehicle 1
1843.0 3798.0 1854.0 3798.0 1854.0 3818.0 1843.0 3818.0 small-vehicle 1
1824.0 3798.0 1838.0 3798.0 1838.0 3820.0 1824.0 3820.0 small-vehicle 1
1783.0 3795.0 1804.0 3795.0 1804.0 3821.0 1783.0 3821.0 small-vehicle 1
1877.0 3746.0 1887.0 3746.0 1887.0 3764.0 1877.0 3764.0 small-vehicle 1
1860.0 3744.0 1870.0 3744.0 1870.0 3763.0 1860.0 3763.0 small-vehicle 1
1849.0 3746.0 1862.0 3746.0 1862.0 3765.0 1849.0 3765.0 small-vehicle 1
1838.0 3745.0 1848.0 3745.0 1848.0 3765.0 1838.0 3765.0 small-vehicle 1
1826.0 3745.0 1835.0 3745.0 1835.0 3766.0 1826.0 3766.0 small-vehicle 1
1710.0 3757.0 1722.0 3757.0 1722.0 3781.0 1710.0 3781.0 small-vehicle 1
1696.0 3760.0 1708.0 3760.0 1708.0 3778.0 1696.0 3778.0 small-vehicle 1
1681.0 3764.0 1694.0 3764.0 1694.0 3785.0 1681.0 3785.0 small-vehicle 1
1668.0 3762.0 1683.0 3762.0 1683.0 3784.0 1668.0 3784.0 small-vehicle 1
1924.0 3706.0 1937.0 3706.0 1937.0 3727.0 1924.0 3727.0 small-vehicle 1
1904.0 3709.0 1918.0 3709.0 1918.0 3730.0 1904.0 3730.0 small-vehicle 1
1885.0 3709.0 1899.0 3709.0 1899.0 3727.0 1885.0 3727.0 small-vehicle 1
1876.0 3710.0 1887.0 3710.0 1887.0 3731.0 1876.0 3731.0 small-vehicle 1
1841.0 3709.0 1851.0 3709.0 1851.0 3727.0 1841.0 3727.0 small-vehicle 1
2289.0 3746.0 2305.0 3746.0 2305.0 3772.0 2289.0 3772.0 small-vehicle 1
1881.0 3797.0 1892.0 3797.0 1892.0 3819.0 1881.0 3819.0 small-vehicle 1
1836.0 3824.0 1845.0 3824.0 1845.0 3840.0 1836.0 3840.0 small-vehicle 1
1828.0 3995.0 1844.0 3995.0 1844.0 4017.0 1828.0 4017.0 small-vehicle 1
1844.0 3820.0 1854.0 3820.0 1854.0 3840.0 1844.0 3840.0 small-vehicle 1
1569.0 4451.0 1604.0 4451.0 1604.0 4504.0 1569.0 4504.0 swimming-pool 0
2032.0 4466.0 2063.0 4466.0 2063.0 4510.0 2032.0 4510.0 swimming-pool 0
1643.0 4325.0 1677.0 4325.0 1677.0 4370.0 1643.0 4370.0 swimming-pool 0
1806.0 4332.0 1827.0 4332.0 1827.0 4343.0 1806.0 4343.0 small-vehicle 1
1754.0 4314.0 1769.0 4314.0 1769.0 4334.0 1754.0 4334.0 small-vehicle 1
1718.0 4324.0 1743.0 4324.0 1743.0 4342.0 1718.0 4342.0 small-vehicle 1
1750.0 4247.0 1763.0 4247.0 1763.0 4266.0 1750.0 4266.0 small-vehicle 1
1754.0 4266.0 1767.0 4266.0 1767.0 4285.0 1754.0 4285.0 small-vehicle 1
1755.0 4288.0 1768.0 4288.0 1768.0 4309.0 1755.0 4309.0 small-vehicle 1
1925.0 3739.0 1937.0 3739.0 1937.0 3760.0 1925.0 3760.0 small-vehicle 1
1914.0 3740.0 1927.0 3740.0 1927.0 3761.0 1914.0 3761.0 small-vehicle 1
1894.0 3742.0 1907.0 3742.0 1907.0 3762.0 1894.0 3762.0 small-vehicle 1
1952.0 3818.0 1965.0 3818.0 1965.0 3843.0 1952.0 3843.0 small-vehicle 1
1924.0 3822.0 1937.0 3822.0 1937.0 3843.0 1924.0 3843.0 small-vehicle 1
1913.0 3822.0 1923.0 3822.0 1923.0 3843.0 1913.0 3843.0 small-vehicle 1
1887.0 3820.0 1896.0 3820.0 1896.0 3841.0 1887.0 3841.0 small-vehicle 1
1878.0 3819.0 1887.0 3819.0 1887.0 3840.0 1878.0 3840.0 small-vehicle 1
1868.0 3820.0 1878.0 3820.0 1878.0 3839.0 1868.0 3839.0 small-vehicle 1
1855.0 3820.0 1867.0 3820.0 1867.0 3840.0 1855.0 3840.0 small-vehicle 1
80.0 3441.0 90.0 3441.0 90.0 3462.0 80.0 3462.0 small-vehicle 1
199.0 3050.0 211.0 3050.0 211.0 3066.0 199.0 3066.0 small-vehicle 1
2492.0 4049.0 2505.0 4049.0 2505.0 4070.0 2492.0 4070.0 small-vehicle 1
915.0 207.0 928.0 207.0 928.0 227.0 915.0 227.0 small-vehicle 1
872.0 246.0 884.0 246.0 884.0 267.0 872.0 267.0 small-vehicle 1
871.0 227.0 883.0 227.0 883.0 247.0 871.0 247.0 small-vehicle 1
868.0 203.0 882.0 203.0 882.0 226.0 868.0 226.0 small-vehicle 1
866.0 171.0 880.0 171.0 880.0 194.0 866.0 194.0 small-vehicle 1
859.0 81.0 872.0 81.0 872.0 104.0 859.0 104.0 small-vehicle 1
758.0 11.0 780.0 11.0 780.0 24.0 758.0 24.0 small-vehicle 1
759.0 23.0 781.0 23.0 781.0 32.0 759.0 32.0 small-vehicle 1
758.0 32.0 781.0 32.0 781.0 44.0 758.0 44.0 small-vehicle 1
757.0 49.0 783.0 49.0 783.0 62.0 757.0 62.0 small-vehicle 1
760.0 68.0 783.0 68.0 783.0 82.0 760.0 82.0 small-vehicle 1
763.0 79.0 785.0 79.0 785.0 88.0 763.0 88.0 small-vehicle 1
763.0 89.0 785.0 89.0 785.0 98.0 763.0 98.0 small-vehicle 1
760.0 99.0 783.0 99.0 783.0 107.0 760.0 107.0 small-vehicle 1
763.0 108.0 784.0 108.0 784.0 119.0 763.0 119.0 small-vehicle 1
762.0 119.0 784.0 119.0 784.0 130.0 762.0 130.0 small-vehicle 1
450.0 187.0 473.0 187.0 473.0 200.0 450.0 200.0 small-vehicle 1
387.0 212.0 404.0 212.0 404.0 222.0 387.0 222.0 small-vehicle 1
397.0 190.0 417.0 190.0 417.0 202.0 397.0 202.0 small-vehicle 1
378.0 191.0 395.0 191.0 395.0 204.0 378.0 204.0 small-vehicle 1
917.0 235.0 932.0 235.0 932.0 260.0 917.0 260.0 small-vehicle 1
918.0 179.0 929.0 179.0 929.0 199.0 918.0 199.0 small-vehicle 1
310.0 193.0 330.0 193.0 330.0 206.0 310.0 206.0 small-vehicle 1
914.0 154.0 930.0 154.0 930.0 176.0 914.0 176.0 small-vehicle 1
142.0 561.0 159.0 561.0 159.0 580.0 142.0 580.0 small-vehicle 1
129.0 430.0 143.0 430.0 143.0 454.0 129.0 454.0 small-vehicle 1
385.0 493.0 397.0 493.0 397.0 514.0 385.0 514.0 small-vehicle 1
397.0 492.0 408.0 492.0 408.0 513.0 397.0 513.0 small-vehicle 1
504.0 482.0 521.0 482.0 521.0 509.0 504.0 509.0 small-vehicle 1
518.0 483.0 529.0 483.0 529.0 506.0 518.0 506.0 small-vehicle 1
528.0 482.0 540.0 482.0 540.0 503.0 528.0 503.0 small-vehicle 1
543.0 487.0 559.0 487.0 559.0 509.0 543.0 509.0 small-vehicle 1
502.0 18.0 516.0 18.0 516.0 39.0 502.0 39.0 small-vehicle 1
585.0 196.0 609.0 196.0 609.0 210.0 585.0 210.0 small-vehicle 1
562.0 196.0 583.0 196.0 583.0 212.0 562.0 212.0 small-vehicle 1
540.0 198.0 561.0 198.0 561.0 213.0 540.0 213.0 small-vehicle 1
507.0 195.0 529.0 195.0 529.0 213.0 507.0 213.0 small-vehicle 1
954.0 281.0 974.0 281.0 974.0 312.0 954.0 312.0 small-vehicle 1
919.0 272.0 935.0 272.0 935.0 292.0 919.0 292.0 small-vehicle 1
945.0 194.0 959.0 194.0 959.0 223.0 945.0 223.0 small-vehicle 1
938.0 86.0 952.0 86.0 952.0 111.0 938.0 111.0 small-vehicle 1
913.0 84.0 924.0 84.0 924.0 107.0 913.0 107.0 small-vehicle 1
912.0 116.0 927.0 116.0 927.0 138.0 912.0 138.0 small-vehicle 1
331.0 191.0 352.0 191.0 352.0 205.0 331.0 205.0 small-vehicle 1
111.0 326.0 131.0 326.0 131.0 342.0 111.0 342.0 small-vehicle 1
307.0 541.0 329.0 541.0 329.0 553.0 307.0 553.0 small-vehicle 1
721.0 2080.0 804.0 2080.0 804.0 2130.0 721.0 2130.0 basketball-court 1
721.0 1976.0 801.0 1976.0 801.0 2028.0 721.0 2028.0 basketball-court 1
721.0 1927.0 801.0 1927.0 801.0 1976.0 721.0 1976.0 basketball-court 1
720.0 1870.0 800.0 1870.0 800.0 1927.0 720.0 1927.0 basketball-court 1
685.0 1825.0 831.0 1825.0 831.0 2165.0 685.0 2165.0 ground-track-field 0
512.0 1027.0 781.0 1027.0 781.0 1428.0 512.0 1428.0 soccer-ball-field 0
477.0 334.0 543.0 334.0 543.0 430.0 477.0 430.0 basketball-court 0
411.0 337.0 471.0 337.0 471.0 430.0 411.0 430.0 basketball-court 0
341.0 340.0 406.0 340.0 406.0 434.0 341.0 434.0 basketball-court 0
273.0 343.0 332.0 343.0 332.0 440.0 273.0 440.0 basketball-court 0
200.0 343.0 268.0 343.0 268.0 430.0 200.0 430.0 basketball-court 0
474.0 222.0 538.0 222.0 538.0 330.0 474.0 330.0 basketball-court 0
405.0 222.0 469.0 222.0 469.0 329.0 405.0 329.0 basketball-court 0
340.0 224.0 401.0 224.0 401.0 333.0 340.0 333.0 basketball-court 0
273.0 227.0 337.0 227.0 337.0 336.0 273.0 336.0 basketball-court 0
571.0 388.0 665.0 388.0 665.0 431.0 571.0 431.0 tennis-court 0
569.0 335.0 663.0 335.0 663.0 376.0 569.0 376.0 tennis-court 0
569.0 280.0 660.0 280.0 660.0 324.0 569.0 324.0 tennis-court 0
567.0 228.0 657.0 228.0 657.0 267.0 567.0 267.0 tennis-court 0
195.0 236.0 268.0 236.0 268.0 336.0 195.0 336.0 basketball-court 0
721.0 2027.0 802.0 2027.0 802.0 2080.0 721.0 2080.0 basketball-court 1
576.0 3399.0 725.0 3399.0 725.0 3473.0 576.0 3473.0 soccer-ball-field 0
116.0 225.0 137.0 225.0 137.0 237.0 116.0 237.0 small-vehicle 1
493.0 3364.0 802.0 3364.0 802.0 3502.0 493.0 3502.0 ground-track-field 0
113.0 183.0 136.0 183.0 136.0 197.0 113.0 197.0 small-vehicle 1
3322.0 69.0 3379.0 69.0 3379.0 170.0 3322.0 170.0 basketball-court 0
3248.0 71.0 3308.0 71.0 3308.0 180.0 3248.0 180.0 basketball-court 0
3453.0 30.0 3575.0 30.0 3575.0 221.0 3453.0 221.0 soccer-ball-field 0
2730.0 4360.0 2835.0 4360.0 2835.0 4419.0 2730.0 4419.0 basketball-court 0
2678.0 4301.0 2954.0 4301.0 2954.0 4453.0 2678.0 4453.0 ground-track-field 0
2207.0 1219.0 2360.0 1219.0 2360.0 1295.0 2207.0 1295.0 soccer-ball-field 0
2093.0 1190.0 2152.0 1190.0 2152.0 1303.0 2093.0 1303.0 basketball-court 1
2027.0 1199.0 2083.0 1199.0 2083.0 1314.0 2027.0 1314.0 basketball-court 0
1954.0 1199.0 2007.0 1199.0 2007.0 1313.0 1954.0 1313.0 basketball-court 0
1888.0 1198.0 1945.0 1198.0 1945.0 1311.0 1888.0 1311.0 basketball-court 0
1812.0 1199.0 1867.0 1199.0 1867.0 1309.0 1812.0 1309.0 basketball-court 0
1750.0 1200.0 1805.0 1200.0 1805.0 1306.0 1750.0 1306.0 basketball-court 0
1712.0 488.0 2147.0 488.0 2147.0 1176.0 1712.0 1176.0 ground-track-field 0
1359.0 634.0 1627.0 634.0 1627.0 1027.0 1359.0 1027.0 soccer-ball-field 0
1288.0 491.0 1708.0 491.0 1708.0 1176.0 1288.0 1176.0 ground-track-field 0
1311.0 4193.0 1360.0 4193.0 1360.0 4285.0 1311.0 4285.0 basketball-court 1
1256.0 4194.0 1307.0 4194.0 1307.0 4286.0 1256.0 4286.0 basketball-court 1
1144.0 4173.0 1432.0 4173.0 1432.0 4312.0 1144.0 4312.0 ground-track-field 0
302.0 530.0 324.0 530.0 324.0 547.0 302.0 547.0 small-vehicle 1
308.0 553.0 329.0 553.0 329.0 564.0 308.0 564.0 small-vehicle 1
102.0 3135.0 119.0 3135.0 119.0 3156.0 102.0 3156.0 small-vehicle 1
613.0 2825.0 637.0 2825.0 637.0 2839.0 613.0 2839.0 small-vehicle 1
626.0 2844.0 646.0 2844.0 646.0 2857.0 626.0 2857.0 small-vehicle 1
592.0 2854.0 604.0 2854.0 604.0 2879.0 592.0 2879.0 small-vehicle 1
538.0 2854.0 554.0 2854.0 554.0 2879.0 538.0 2879.0 small-vehicle 1
527.0 2852.0 540.0 2852.0 540.0 2880.0 527.0 2880.0 small-vehicle 1
588.0 2769.0 600.0 2769.0 600.0 2792.0 588.0 2792.0 small-vehicle 1
586.0 2743.0 599.0 2743.0 599.0 2765.0 586.0 2765.0 small-vehicle 1
807.0 2250.0 827.0 2250.0 827.0 2263.0 807.0 2263.0 small-vehicle 1
886.0 2284.0 912.0 2284.0 912.0 2298.0 886.0 2298.0 small-vehicle 1
645.0 2337.0 667.0 2337.0 667.0 2352.0 645.0 2352.0 small-vehicle 1
670.0 2356.0 691.0 2356.0 691.0 2373.0 670.0 2373.0 small-vehicle 1
644.0 2357.0 668.0 2357.0 668.0 2376.0 644.0 2376.0 small-vehicle 1
563.0 2546.0 582.0 2546.0 582.0 2569.0 563.0 2569.0 small-vehicle 1
433.0 2508.0 460.0 2508.0 460.0 2534.0 433.0 2534.0 small-vehicle 1
436.0 2533.0 461.0 2533.0 461.0 2549.0 436.0 2549.0 small-vehicle 1
837.0 1992.0 854.0 1992.0 854.0 2014.0 837.0 2014.0 small-vehicle 1
834.0 1956.0 848.0 1956.0 848.0 1978.0 834.0 1978.0 small-vehicle 1
836.0 1916.0 849.0 1916.0 849.0 1943.0 836.0 1943.0 small-vehicle 1
860.0 1679.0 881.0 1679.0 881.0 1691.0 860.0 1691.0 small-vehicle 1
857.0 1669.0 879.0 1669.0 879.0 1682.0 857.0 1682.0 small-vehicle 1
629.0 2852.0 654.0 2852.0 654.0 2868.0 629.0 2868.0 small-vehicle 1
597.0 3003.0 611.0 3003.0 611.0 3027.0 597.0 3027.0 small-vehicle 1
180.0 1819.0 201.0 1819.0 201.0 1830.0 180.0 1830.0 small-vehicle 1
309.0 3052.0 328.0 3052.0 328.0 3068.0 309.0 3068.0 small-vehicle 1
891.0 3228.0 909.0 3228.0 909.0 3249.0 891.0 3249.0 small-vehicle 1
859.0 3205.0 882.0 3205.0 882.0 3217.0 859.0 3217.0 small-vehicle 1
859.0 3215.0 882.0 3215.0 882.0 3228.0 859.0 3228.0 small-vehicle 1
859.0 3243.0 881.0 3243.0 881.0 3254.0 859.0 3254.0 small-vehicle 1
857.0 3274.0 880.0 3274.0 880.0 3287.0 857.0 3287.0 small-vehicle 1
859.0 3286.0 882.0 3286.0 882.0 3298.0 859.0 3298.0 small-vehicle 1
81.0 3356.0 100.0 3356.0 100.0 3380.0 81.0 3380.0 small-vehicle 1
70.0 3347.0 83.0 3347.0 83.0 3367.0 70.0 3367.0 small-vehicle 1
67.0 3310.0 81.0 3310.0 81.0 3330.0 67.0 3330.0 small-vehicle 1
64.0 3289.0 75.0 3289.0 75.0 3308.0 64.0 3308.0 small-vehicle 1
58.0 3265.0 73.0 3265.0 73.0 3286.0 58.0 3286.0 small-vehicle 1
52.0 3225.0 69.0 3225.0 69.0 3250.0 52.0 3250.0 small-vehicle 1
49.0 3203.0 64.0 3203.0 64.0 3226.0 49.0 3226.0 small-vehicle 1
70.0 3195.0 88.0 3195.0 88.0 3219.0 70.0 3219.0 small-vehicle 1
45.0 3182.0 61.0 3182.0 61.0 3202.0 45.0 3202.0 small-vehicle 1
38.0 3159.0 55.0 3159.0 55.0 3179.0 38.0 3179.0 small-vehicle 1
29.0 3135.0 49.0 3135.0 49.0 3157.0 29.0 3157.0 small-vehicle 1
97.0 3160.0 107.0 3160.0 107.0 3177.0 97.0 3177.0 small-vehicle 1
293.0 3049.0 313.0 3049.0 313.0 3072.0 293.0 3072.0 small-vehicle 1
180.0 1830.0 199.0 1830.0 199.0 1840.0 180.0 1840.0 small-vehicle 1
181.0 1811.0 199.0 1811.0 199.0 1821.0 181.0 1821.0 small-vehicle 1
310.0 562.0 334.0 562.0 334.0 577.0 310.0 577.0 small-vehicle 1
252.0 675.0 271.0 675.0 271.0 687.0 252.0 687.0 small-vehicle 1
354.0 686.0 375.0 686.0 375.0 699.0 354.0 699.0 small-vehicle 1
305.0 706.0 330.0 706.0 330.0 722.0 305.0 722.0 small-vehicle 1
306.0 695.0 326.0 695.0 326.0 707.0 306.0 707.0 small-vehicle 1
308.0 683.0 334.0 683.0 334.0 696.0 308.0 696.0 small-vehicle 1
302.0 674.0 325.0 674.0 325.0 686.0 302.0 686.0 small-vehicle 1
303.0 663.0 327.0 663.0 327.0 676.0 303.0 676.0 small-vehicle 1
310.0 635.0 334.0 635.0 334.0 648.0 310.0 648.0 small-vehicle 1
311.0 622.0 334.0 622.0 334.0 635.0 311.0 635.0 small-vehicle 1
356.0 664.0 381.0 664.0 381.0 677.0 356.0 677.0 small-vehicle 1
356.0 652.0 380.0 652.0 380.0 662.0 356.0 662.0 small-vehicle 1
354.0 635.0 376.0 635.0 376.0 648.0 354.0 648.0 small-vehicle 1
353.0 624.0 375.0 624.0 375.0 636.0 353.0 636.0 small-vehicle 1
354.0 609.0 376.0 609.0 376.0 623.0 354.0 623.0 small-vehicle 1
353.0 596.0 374.0 596.0 374.0 612.0 353.0 612.0 small-vehicle 1
354.0 585.0 377.0 585.0 377.0 599.0 354.0 599.0 small-vehicle 1
355.0 573.0 377.0 573.0 377.0 589.0 355.0 589.0 small-vehicle 1
360.0 563.0 382.0 563.0 382.0 584.0 360.0 584.0 small-vehicle 1
384.0 549.0 397.0 549.0 397.0 570.0 384.0 570.0 small-vehicle 1
394.0 546.0 408.0 546.0 408.0 568.0 394.0 568.0 small-vehicle 1
250.0 686.0 271.0 686.0 271.0 696.0 250.0 696.0 small-vehicle 1
250.0 664.0 271.0 664.0 271.0 676.0 250.0 676.0 small-vehicle 1
181.0 1799.0 199.0 1799.0 199.0 1811.0 181.0 1811.0 small-vehicle 1
246.0 654.0 269.0 654.0 269.0 666.0 246.0 666.0 small-vehicle 1
128.0 1766.0 152.0 1766.0 152.0 1790.0 128.0 1790.0 small-vehicle 1
216.0 1122.0 243.0 1122.0 243.0 1137.0 216.0 1137.0 small-vehicle 1
216.0 1105.0 240.0 1105.0 240.0 1115.0 216.0 1115.0 small-vehicle 1
218.0 1092.0 238.0 1092.0 238.0 1105.0 218.0 1105.0 small-vehicle 1
384.0 859.0 398.0 859.0 398.0 886.0 384.0 886.0 small-vehicle 1
385.0 834.0 398.0 834.0 398.0 857.0 385.0 857.0 small-vehicle 1
913.0 514.0 930.0 514.0 930.0 539.0 913.0 539.0 small-vehicle 1
783.0 486.0 795.0 486.0 795.0 505.0 783.0 505.0 small-vehicle 1
764.0 488.0 776.0 488.0 776.0 505.0 764.0 505.0 small-vehicle 1
745.0 488.0 758.0 488.0 758.0 505.0 745.0 505.0 small-vehicle 1
735.0 492.0 747.0 492.0 747.0 508.0 735.0 508.0 small-vehicle 1
723.0 493.0 735.0 493.0 735.0 510.0 723.0 510.0 small-vehicle 1
713.0 417.0 724.0 417.0 724.0 433.0 713.0 433.0 small-vehicle 1
749.0 463.0 773.0 463.0 773.0 475.0 749.0 475.0 small-vehicle 1
711.0 462.0 729.0 462.0 729.0 477.0 711.0 477.0 small-vehicle 1
131.0 708.0 154.0 708.0 154.0 728.0 131.0 728.0 small-vehicle 1
145.0 652.0 158.0 652.0 158.0 673.0 145.0 673.0 small-vehicle 1
247.0 632.0 271.0 632.0 271.0 644.0 247.0 644.0 small-vehicle 1
247.0 642.0 270.0 642.0 270.0 656.0 247.0 656.0 small-vehicle 1
2543.0 4078.0 2570.0 4078.0 2570.0 4093.0 2543.0 4093.0 small-vehicle 1
2474.0 4055.0 2490.0 4055.0 2490.0 4076.0 2474.0 4076.0 small-vehicle 1
425.0 2482.0 438.0 2482.0 438.0 2498.0 425.0 2498.0 small-vehicle 1
3265.0 3879.0 3286.0 3879.0 3286.0 3891.0 3265.0 3891.0 small-vehicle 1
3647.0 4022.0 3672.0 4022.0 3672.0 4038.0 3647.0 4038.0 small-vehicle 1
3696.0 3918.0 3711.0 3918.0 3711.0 3940.0 3696.0 3940.0 small-vehicle 1
3701.0 3959.0 3713.0 3959.0 3713.0 3982.0 3701.0 3982.0 small-vehicle 1
3698.0 3997.0 3713.0 3997.0 3713.0 4021.0 3698.0 4021.0 small-vehicle 1
3706.0 4177.0 3735.0 4177.0 3735.0 4195.0 3706.0 4195.0 small-vehicle 1
3698.0 4476.0 3722.0 4476.0 3722.0 4492.0 3698.0 4492.0 small-vehicle 1
3742.0 4556.0 3768.0 4556.0 3768.0 4572.0 3742.0 4572.0 small-vehicle 1
3703.0 4558.0 3726.0 4558.0 3726.0 4572.0 3703.0 4572.0 small-vehicle 1
3008.0 4592.0 3030.0 4592.0 3030.0 4606.0 3008.0 4606.0 small-vehicle 1
2930.0 4594.0 2953.0 4594.0 2953.0 4610.0 2930.0 4610.0 small-vehicle 1
3031.0 4592.0 3052.0 4592.0 3052.0 4604.0 3031.0 4604.0 small-vehicle 1
3091.0 4590.0 3112.0 4590.0 3112.0 4602.0 3091.0 4602.0 small-vehicle 1
3144.0 4586.0 3161.0 4586.0 3161.0 4599.0 3144.0 4599.0 small-vehicle 1
3185.0 4582.0 3206.0 4582.0 3206.0 4595.0 3185.0 4595.0 small-vehicle 1
3245.0 4579.0 3269.0 4579.0 3269.0 4593.0 3245.0 4593.0 small-vehicle 1
3288.0 4580.0 3310.0 4580.0 3310.0 4591.0 3288.0 4591.0 small-vehicle 1
3324.0 4575.0 3347.0 4575.0 3347.0 4588.0 3324.0 4588.0 small-vehicle 1
3379.0 4571.0 3404.0 4571.0 3404.0 4585.0 3379.0 4585.0 small-vehicle 1
3403.0 4571.0 3426.0 4571.0 3426.0 4583.0 3403.0 4583.0 small-vehicle 1
3264.0 3891.0 3282.0 3891.0 3282.0 3904.0 3264.0 3904.0 small-vehicle 1
3381.0 4043.0 3404.0 4043.0 3404.0 4062.0 3381.0 4062.0 small-vehicle 1
3433.0 4541.0 3458.0 4541.0 3458.0 4555.0 3433.0 4555.0 small-vehicle 1
3464.0 4111.0 3487.0 4111.0 3487.0 4127.0 3464.0 4127.0 small-vehicle 1
3429.0 2463.0 3449.0 2463.0 3449.0 2476.0 3429.0 2476.0 small-vehicle 1
3594.0 2504.0 3605.0 2504.0 3605.0 2526.0 3594.0 2526.0 small-vehicle 1
3584.0 2504.0 3594.0 2504.0 3594.0 2526.0 3584.0 2526.0 small-vehicle 1
3563.0 2505.0 3576.0 2505.0 3576.0 2528.0 3563.0 2528.0 small-vehicle 1
3371.0 2756.0 3384.0 2756.0 3384.0 2780.0 3371.0 2780.0 small-vehicle 1
3688.0 3322.0 3708.0 3322.0 3708.0 3336.0 3688.0 3336.0 small-vehicle 1
3685.0 3305.0 3707.0 3305.0 3707.0 3317.0 3685.0 3317.0 small-vehicle 1
3682.0 3296.0 3703.0 3296.0 3703.0 3307.0 3682.0 3307.0 small-vehicle 1
3685.0 3281.0 3706.0 3281.0 3706.0 3297.0 3685.0 3297.0 small-vehicle 1
3362.0 3319.0 3388.0 3319.0 3388.0 3335.0 3362.0 3335.0 small-vehicle 1
3364.0 3355.0 3389.0 3355.0 3389.0 3368.0 3364.0 3368.0 small-vehicle 1
3307.0 3459.0 3318.0 3459.0 3318.0 3477.0 3307.0 3477.0 small-vehicle 1
3261.0 3553.0 3284.0 3553.0 3284.0 3564.0 3261.0 3564.0 small-vehicle 1
3261.0 3541.0 3286.0 3541.0 3286.0 3552.0 3261.0 3552.0 small-vehicle 1
3261.0 3528.0 3284.0 3528.0 3284.0 3541.0 3261.0 3541.0 small-vehicle 1
3262.0 3515.0 3284.0 3515.0 3284.0 3528.0 3262.0 3528.0 small-vehicle 1
3302.0 3508.0 3325.0 3508.0 3325.0 3519.0 3302.0 3519.0 small-vehicle 1
3303.0 3521.0 3325.0 3521.0 3325.0 3532.0 3303.0 3532.0 small-vehicle 1
3303.0 3543.0 3324.0 3543.0 3324.0 3555.0 3303.0 3555.0 small-vehicle 1
3401.0 4543.0 3426.0 4543.0 3426.0 4557.0 3401.0 4557.0 small-vehicle 1
3016.0 3862.0 3028.0 3862.0 3028.0 3886.0 3016.0 3886.0 small-vehicle 1
3616.0 2333.0 3645.0 2333.0 3645.0 2348.0 3616.0 2348.0 small-vehicle 1
2762.0 3371.0 2775.0 3371.0 2775.0 3391.0 2762.0 3391.0 small-vehicle 1
2733.0 3373.0 2743.0 3373.0 2743.0 3395.0 2733.0 3395.0 small-vehicle 1
2723.0 3374.0 2733.0 3374.0 2733.0 3394.0 2723.0 3394.0 small-vehicle 1
2711.0 3374.0 2723.0 3374.0 2723.0 3393.0 2711.0 3393.0 small-vehicle 1
2703.0 3377.0 2712.0 3377.0 2712.0 3395.0 2703.0 3395.0 small-vehicle 1
2693.0 3376.0 2703.0 3376.0 2703.0 3395.0 2693.0 3395.0 small-vehicle 1
2692.0 3398.0 2703.0 3398.0 2703.0 3418.0 2692.0 3418.0 small-vehicle 1
2682.0 3398.0 2693.0 3398.0 2693.0 3418.0 2682.0 3418.0 small-vehicle 1
2648.0 3400.0 2661.0 3400.0 2661.0 3420.0 2648.0 3420.0 small-vehicle 1
2635.0 3398.0 2647.0 3398.0 2647.0 3418.0 2635.0 3418.0 small-vehicle 1
2627.0 3400.0 2637.0 3400.0 2637.0 3420.0 2627.0 3420.0 small-vehicle 1
2614.0 3399.0 2625.0 3399.0 2625.0 3422.0 2614.0 3422.0 small-vehicle 1
2594.0 3402.0 2606.0 3402.0 2606.0 3423.0 2594.0 3423.0 small-vehicle 1
2585.0 3402.0 2594.0 3402.0 2594.0 3425.0 2585.0 3425.0 small-vehicle 1
2575.0 3402.0 2585.0 3402.0 2585.0 3425.0 2575.0 3425.0 small-vehicle 1
2563.0 3404.0 2574.0 3404.0 2574.0 3425.0 2563.0 3425.0 small-vehicle 1
2684.0 3378.0 2693.0 3378.0 2693.0 3397.0 2684.0 3397.0 small-vehicle 1
2646.0 3374.0 2659.0 3374.0 2659.0 3398.0 2646.0 3398.0 small-vehicle 1
2625.0 3377.0 2637.0 3377.0 2637.0 3396.0 2625.0 3396.0 small-vehicle 1
2615.0 3378.0 2625.0 3378.0 2625.0 3397.0 2615.0 3397.0 small-vehicle 1
2743.0 3374.0 2755.0 3374.0 2755.0 3394.0 2743.0 3394.0 small-vehicle 1
2713.0 3394.0 2723.0 3394.0 2723.0 3415.0 2713.0 3415.0 small-vehicle 1
3013.0 3879.0 3036.0 3879.0 3036.0 3905.0 3013.0 3905.0 small-vehicle 1
2725.0 3397.0 2735.0 3397.0 2735.0 3416.0 2725.0 3416.0 small-vehicle 1
3083.0 3849.0 3107.0 3849.0 3107.0 3861.0 3083.0 3861.0 small-vehicle 1
3039.0 3847.0 3066.0 3847.0 3066.0 3859.0 3039.0 3859.0 small-vehicle 1
2814.0 3369.0 2827.0 3369.0 2827.0 3390.0 2814.0 3390.0 small-vehicle 1
2799.0 3435.0 2810.0 3435.0 2810.0 3457.0 2799.0 3457.0 small-vehicle 1
2786.0 3436.0 2798.0 3436.0 2798.0 3456.0 2786.0 3456.0 small-vehicle 1
2735.0 3436.0 2747.0 3436.0 2747.0 3455.0 2735.0 3455.0 small-vehicle 1
2707.0 3439.0 2716.0 3439.0 2716.0 3459.0 2707.0 3459.0 small-vehicle 1
2694.0 3440.0 2704.0 3440.0 2704.0 3461.0 2694.0 3461.0 small-vehicle 1
2666.0 3442.0 2678.0 3442.0 2678.0 3460.0 2666.0 3460.0 small-vehicle 1
2646.0 3443.0 2656.0 3443.0 2656.0 3464.0 2646.0 3464.0 small-vehicle 1
2635.0 3444.0 2644.0 3444.0 2644.0 3463.0 2635.0 3463.0 small-vehicle 1
2594.0 3444.0 2605.0 3444.0 2605.0 3463.0 2594.0 3463.0 small-vehicle 1
2583.0 3445.0 2594.0 3445.0 2594.0 3464.0 2583.0 3464.0 small-vehicle 1
2570.0 3442.0 2583.0 3442.0 2583.0 3464.0 2570.0 3464.0 small-vehicle 1
2808.0 3391.0 2818.0 3391.0 2818.0 3410.0 2808.0 3410.0 small-vehicle 1
2798.0 3391.0 2807.0 3391.0 2807.0 3410.0 2798.0 3410.0 small-vehicle 1
2787.0 3391.0 2796.0 3391.0 2796.0 3410.0 2787.0 3410.0 small-vehicle 1
2765.0 3394.0 2777.0 3394.0 2777.0 3412.0 2765.0 3412.0 small-vehicle 1
2755.0 3393.0 2766.0 3393.0 2766.0 3412.0 2755.0 3412.0 small-vehicle 1
3429.0 2452.0 3451.0 2452.0 3451.0 2464.0 3429.0 2464.0 small-vehicle 1
3432.0 2365.0 3460.0 2365.0 3460.0 2384.0 3432.0 2384.0 small-vehicle 1
2591.0 3379.0 2604.0 3379.0 2604.0 3402.0 2591.0 3402.0 small-vehicle 1
3565.0 2848.0 3577.0 2848.0 3577.0 2876.0 3565.0 2876.0 small-vehicle 1
3533.0 2853.0 3546.0 2853.0 3546.0 2878.0 3533.0 2878.0 small-vehicle 1
3521.0 2851.0 3532.0 2851.0 3532.0 2877.0 3521.0 2877.0 small-vehicle 1
3509.0 2851.0 3523.0 2851.0 3523.0 2878.0 3509.0 2878.0 small-vehicle 1
3497.0 2850.0 3511.0 2850.0 3511.0 2878.0 3497.0 2878.0 small-vehicle 1
3369.0 3433.0 3389.0 3433.0 3389.0 3445.0 3369.0 3445.0 small-vehicle 1
3366.0 3421.0 3388.0 3421.0 3388.0 3434.0 3366.0 3434.0 small-vehicle 1
3366.0 3386.0 3386.0 3386.0 3386.0 3398.0 3366.0 3398.0 small-vehicle 1
3363.0 3338.0 3385.0 3338.0 3385.0 3351.0 3363.0 3351.0 small-vehicle 1
3589.0 4026.0 3608.0 4026.0 3608.0 4037.0 3589.0 4037.0 small-vehicle 1
3549.0 4028.0 3566.0 4028.0 3566.0 4039.0 3549.0 4039.0 small-vehicle 1
3763.0 4485.0 3778.0 4485.0 3778.0 4508.0 3763.0 4508.0 small-vehicle 1
3671.0 4440.0 3696.0 4440.0 3696.0 4457.0 3671.0 4457.0 small-vehicle 1
3532.0 4567.0 3555.0 4567.0 3555.0 4579.0 3532.0 4579.0 small-vehicle 1
3599.0 4562.0 3623.0 4562.0 3623.0 4577.0 3599.0 4577.0 small-vehicle 1
1764.0 4335.0 1789.0 4335.0 1789.0 4347.0 1764.0 4347.0 small-vehicle 1
1722.0 4341.0 1751.0 4341.0 1751.0 4364.0 1722.0 4364.0 small-vehicle 1
3464.0 478.0 3487.0 478.0 3487.0 499.0 3464.0 499.0 small-vehicle 1
3558.0 366.0 3584.0 366.0 3584.0 387.0 3558.0 387.0 small-vehicle 1
3558.0 379.0 3583.0 379.0 3583.0 395.0 3558.0 395.0 small-vehicle 1
3545.0 2849.0 3557.0 2849.0 3557.0 2876.0 3545.0 2876.0 small-vehicle 1
3577.0 2848.0 3592.0 2848.0 3592.0 2878.0 3577.0 2878.0 small-vehicle 1
3506.0 360.0 3523.0 360.0 3523.0 383.0 3506.0 383.0 small-vehicle 1
3592.0 2845.0 3608.0 2845.0 3608.0 2884.0 3592.0 2884.0 small-vehicle 1
410.0 2483.0 423.0 2483.0 423.0 2501.0 410.0 2501.0 small-vehicle 1
388.0 2480.0 402.0 2480.0 402.0 2499.0 388.0 2499.0 small-vehicle 1
2845.0 4599.0 2863.0 4599.0 2863.0 4611.0 2845.0 4611.0 small-vehicle 1
2861.0 4597.0 2884.0 4597.0 2884.0 4612.0 2861.0 4612.0 small-vehicle 1
2741.0 4601.0 2764.0 4601.0 2764.0 4617.0 2741.0 4617.0 small-vehicle 1
2326.0 4408.0 2339.0 4408.0 2339.0 4429.0 2326.0 4429.0 small-vehicle 1
2318.0 4452.0 2342.0 4452.0 2342.0 4477.0 2318.0 4477.0 small-vehicle 1
2413.0 2713.0 2435.0 2713.0 2435.0 2733.0 2413.0 2733.0 small-vehicle 1
2400.0 2728.0 2421.0 2728.0 2421.0 2751.0 2400.0 2751.0 small-vehicle 1
3507.0 403.0 3527.0 403.0 3527.0 429.0 3507.0 429.0 small-vehicle 1
3132.0 2058.0 3156.0 2058.0 3156.0 2075.0 3132.0 2075.0 small-vehicle 1
3129.0 2037.0 3152.0 2037.0 3152.0 2054.0 3129.0 2054.0 small-vehicle 1
3186.0 2182.0 3200.0 2182.0 3200.0 2208.0 3186.0 2208.0 small-vehicle 1
2905.0 2329.0 2930.0 2329.0 2930.0 2344.0 2905.0 2344.0 small-vehicle 1
3236.0 2331.0 3260.0 2331.0 3260.0 2345.0 3236.0 2345.0 small-vehicle 1
3361.0 2386.0 3383.0 2386.0 3383.0 2398.0 3361.0 2398.0 small-vehicle 1
3646.0 2844.0 3660.0 2844.0 3660.0 2882.0 3646.0 2882.0 small-vehicle 1
3629.0 2844.0 3643.0 2844.0 3643.0 2882.0 3629.0 2882.0 small-vehicle 1
3610.0 2845.0 3626.0 2845.0 3626.0 2885.0 3610.0 2885.0 small-vehicle 1
3577.0 406.0 3589.0 406.0 3589.0 427.0 3577.0 427.0 small-vehicle 1
3369.0 348.0 3391.0 348.0 3391.0 363.0 3369.0 363.0 small-vehicle 1
3210.0 2266.0 3233.0 2266.0 3233.0 2279.0 3210.0 2279.0 small-vehicle 1
3661.0 1396.0 3686.0 1396.0 3686.0 1410.0 3661.0 1410.0 small-vehicle 1
3622.0 1981.0 3642.0 1981.0 3642.0 1994.0 3622.0 1994.0 small-vehicle 1
3621.0 1967.0 3642.0 1967.0 3642.0 1981.0 3621.0 1981.0 small-vehicle 1
3619.0 1945.0 3639.0 1945.0 3639.0 1958.0 3619.0 1958.0 small-vehicle 1
3620.0 1933.0 3639.0 1933.0 3639.0 1945.0 3620.0 1945.0 small-vehicle 1
3618.0 1923.0 3638.0 1923.0 3638.0 1933.0 3618.0 1933.0 small-vehicle 1
3619.0 1911.0 3637.0 1911.0 3637.0 1924.0 3619.0 1924.0 small-vehicle 1
3618.0 1899.0 3638.0 1899.0 3638.0 1913.0 3618.0 1913.0 small-vehicle 1
3625.0 2036.0 3649.0 2036.0 3649.0 2047.0 3625.0 2047.0 small-vehicle 1
3625.0 2045.0 3646.0 2045.0 3646.0 2057.0 3625.0 2057.0 small-vehicle 1
3623.0 2069.0 3648.0 2069.0 3648.0 2081.0 3623.0 2081.0 small-vehicle 1
3627.0 2100.0 3651.0 2100.0 3651.0 2111.0 3627.0 2111.0 small-vehicle 1
3629.0 2113.0 3650.0 2113.0 3650.0 2125.0 3629.0 2125.0 small-vehicle 1
3665.0 2156.0 3690.0 2156.0 3690.0 2182.0 3665.0 2182.0 small-vehicle 1
3635.0 2270.0 3663.0 2270.0 3663.0 2288.0 3635.0 2288.0 small-vehicle 1
3679.0 2271.0 3703.0 2271.0 3703.0 2284.0 3679.0 2284.0 small-vehicle 1
3312.0 2267.0 3338.0 2267.0 3338.0 2286.0 3312.0 2286.0 small-vehicle 1
3338.0 2269.0 3360.0 2269.0 3360.0 2284.0 3338.0 2284.0 small-vehicle 1
3271.0 2269.0 3294.0 2269.0 3294.0 2281.0 3271.0 2281.0 small-vehicle 1
3207.0 2278.0 3233.0 2278.0 3233.0 2292.0 3207.0 2292.0 small-vehicle 1
3589.0 1401.0 3611.0 1401.0 3611.0 1417.0 3589.0 1417.0 small-vehicle 1
3712.0 1392.0 3732.0 1392.0 3732.0 1407.0 3712.0 1407.0 small-vehicle 1
3334.0 353.0 3357.0 353.0 3357.0 367.0 3334.0 367.0 small-vehicle 1
3735.0 1391.0 3756.0 1391.0 3756.0 1406.0 3735.0 1406.0 small-vehicle 1
3201.0 361.0 3226.0 361.0 3226.0 374.0 3201.0 374.0 small-vehicle 1
3331.0 403.0 3355.0 403.0 3355.0 415.0 3331.0 415.0 small-vehicle 1
3331.0 392.0 3352.0 392.0 3352.0 402.0 3331.0 402.0 small-vehicle 1
3467.0 399.0 3488.0 399.0 3488.0 426.0 3467.0 426.0 small-vehicle 1
3477.0 842.0 3491.0 842.0 3491.0 864.0 3477.0 864.0 small-vehicle 1
3475.0 815.0 3490.0 815.0 3490.0 837.0 3475.0 837.0 small-vehicle 1
3475.0 773.0 3493.0 773.0 3493.0 798.0 3475.0 798.0 small-vehicle 1
3458.0 771.0 3472.0 771.0 3472.0 793.0 3458.0 793.0 small-vehicle 1
3428.0 818.0 3452.0 818.0 3452.0 836.0 3428.0 836.0 small-vehicle 1
3528.0 1119.0 3548.0 1119.0 3548.0 1130.0 3528.0 1130.0 small-vehicle 1
3544.0 1220.0 3558.0 1220.0 3558.0 1244.0 3544.0 1244.0 small-vehicle 1
3545.0 1242.0 3559.0 1242.0 3559.0 1263.0 3545.0 1263.0 small-vehicle 1
3546.0 1275.0 3558.0 1275.0 3558.0 1292.0 3546.0 1292.0 small-vehicle 1
3550.0 1316.0 3563.0 1316.0 3563.0 1334.0 3550.0 1334.0 small-vehicle 1
3550.0 1335.0 3563.0 1335.0 3563.0 1353.0 3550.0 1353.0 small-vehicle 1
3552.0 1355.0 3565.0 1355.0 3565.0 1373.0 3552.0 1373.0 small-vehicle 1
3555.0 1378.0 3566.0 1378.0 3566.0 1395.0 3555.0 1395.0 small-vehicle 1
3648.0 1371.0 3660.0 1371.0 3660.0 1394.0 3648.0 1394.0 small-vehicle 1
3756.0 1388.0 3784.0 1388.0 3784.0 1404.0 3756.0 1404.0 small-vehicle 1
2603.0 3378.0 2614.0 3378.0 2614.0 3399.0 2603.0 3399.0 small-vehicle 1
2574.0 3381.0 2585.0 3381.0 2585.0 3401.0 2574.0 3401.0 small-vehicle 1
2510.0 4083.0 2530.0 4083.0 2530.0 4096.0 2510.0 4096.0 small-vehicle 1
2555.0 774.0 2573.0 774.0 2573.0 786.0 2555.0 786.0 small-vehicle 1
2557.0 747.0 2575.0 747.0 2575.0 758.0 2557.0 758.0 small-vehicle 1
2557.0 736.0 2577.0 736.0 2577.0 749.0 2557.0 749.0 small-vehicle 1
2556.0 727.0 2574.0 727.0 2574.0 739.0 2556.0 739.0 small-vehicle 1
2556.0 716.0 2573.0 716.0 2573.0 730.0 2556.0 730.0 small-vehicle 1
2628.0 1153.0 2646.0 1153.0 2646.0 1178.0 2628.0 1178.0 small-vehicle 1
2634.0 1197.0 2649.0 1197.0 2649.0 1219.0 2634.0 1219.0 small-vehicle 1
2634.0 1220.0 2651.0 1220.0 2651.0 1245.0 2634.0 1245.0 small-vehicle 1
2641.0 1283.0 2656.0 1283.0 2656.0 1307.0 2641.0 1307.0 small-vehicle 1
2406.0 1519.0 2422.0 1519.0 2422.0 1545.0 2406.0 1545.0 small-vehicle 1
2374.0 1538.0 2393.0 1538.0 2393.0 1556.0 2374.0 1556.0 small-vehicle 1
2371.0 1523.0 2400.0 1523.0 2400.0 1544.0 2371.0 1544.0 small-vehicle 1
2496.0 2362.0 2525.0 2362.0 2525.0 2380.0 2496.0 2380.0 small-vehicle 1
2392.0 2359.0 2420.0 2359.0 2420.0 2373.0 2392.0 2373.0 small-vehicle 1
2399.0 2338.0 2424.0 2338.0 2424.0 2355.0 2399.0 2355.0 small-vehicle 1
2374.0 2320.0 2401.0 2320.0 2401.0 2338.0 2374.0 2338.0 small-vehicle 1
2348.0 2357.0 2375.0 2357.0 2375.0 2377.0 2348.0 2377.0 small-vehicle 1
2351.0 2337.0 2378.0 2337.0 2378.0 2352.0 2351.0 2352.0 small-vehicle 1
2213.0 3102.0 2251.0 3102.0 2251.0 3152.0 2213.0 3152.0 swimming-pool 0
2571.0 2970.0 2611.0 2970.0 2611.0 3019.0 2571.0 3019.0 swimming-pool 0
2553.0 761.0 2577.0 761.0 2577.0 776.0 2553.0 776.0 small-vehicle 1
2555.0 791.0 2575.0 791.0 2575.0 806.0 2555.0 806.0 small-vehicle 1
2667.0 3503.0 2677.0 3503.0 2677.0 3522.0 2667.0 3522.0 small-vehicle 1
2558.0 813.0 2577.0 813.0 2577.0 828.0 2558.0 828.0 small-vehicle 1
3130.0 1995.0 3155.0 1995.0 3155.0 2010.0 3130.0 2010.0 small-vehicle 1
3134.0 1952.0 3156.0 1952.0 3156.0 1964.0 3134.0 1964.0 small-vehicle 1
3127.0 1936.0 3150.0 1936.0 3150.0 1950.0 3127.0 1950.0 small-vehicle 1
3175.0 1981.0 3195.0 1981.0 3195.0 1991.0 3175.0 1991.0 small-vehicle 1
3179.0 1964.0 3201.0 1964.0 3201.0 1977.0 3179.0 1977.0 small-vehicle 1
3173.0 1955.0 3196.0 1955.0 3196.0 1967.0 3173.0 1967.0 small-vehicle 1
3174.0 1936.0 3195.0 1936.0 3195.0 1946.0 3174.0 1946.0 small-vehicle 1
3172.0 1924.0 3193.0 1924.0 3193.0 1934.0 3172.0 1934.0 small-vehicle 1
3170.0 1899.0 3195.0 1899.0 3195.0 1912.0 3170.0 1912.0 small-vehicle 1
3130.0 1906.0 3157.0 1906.0 3157.0 1920.0 3130.0 1920.0 small-vehicle 1
2686.0 257.0 2698.0 257.0 2698.0 280.0 2686.0 280.0 small-vehicle 1
2667.0 280.0 2681.0 280.0 2681.0 305.0 2667.0 305.0 small-vehicle 1
2686.0 720.0 2703.0 720.0 2703.0 746.0 2686.0 746.0 small-vehicle 1
2631.0 759.0 2651.0 759.0 2651.0 772.0 2631.0 772.0 small-vehicle 1
2622.0 729.0 2644.0 729.0 2644.0 743.0 2622.0 743.0 small-vehicle 1
2602.0 741.0 2624.0 741.0 2624.0 754.0 2602.0 754.0 small-vehicle 1
2609.0 760.0 2629.0 760.0 2629.0 772.0 2609.0 772.0 small-vehicle 1
2602.0 804.0 2623.0 804.0 2623.0 817.0 2602.0 817.0 small-vehicle 1
2602.0 788.0 2628.0 788.0 2628.0 803.0 2602.0 803.0 small-vehicle 1
2409.0 3351.0 2433.0 3351.0 2433.0 3400.0 2409.0 3400.0 small-vehicle 1
2640.0 3502.0 2652.0 3502.0 2652.0 3523.0 2640.0 3523.0 small-vehicle 1
3128.0 2925.0 3140.0 2925.0 3140.0 2947.0 3128.0 2947.0 small-vehicle 1
2595.0 3978.0 2621.0 3978.0 2621.0 3992.0 2595.0 3992.0 small-vehicle 1
2457.0 3927.0 2485.0 3927.0 2485.0 3938.0 2457.0 3938.0 small-vehicle 1
2457.0 3938.0 2480.0 3938.0 2480.0 3949.0 2457.0 3949.0 small-vehicle 1
2457.0 3960.0 2483.0 3960.0 2483.0 3975.0 2457.0 3975.0 small-vehicle 1
2462.0 3973.0 2483.0 3973.0 2483.0 3984.0 2462.0 3984.0 small-vehicle 1
2433.0 3889.0 2446.0 3889.0 2446.0 3911.0 2433.0 3911.0 small-vehicle 1
2434.0 3910.0 2446.0 3910.0 2446.0 3929.0 2434.0 3929.0 small-vehicle 1
2434.0 3960.0 2452.0 3960.0 2452.0 3984.0 2434.0 3984.0 small-vehicle 1
2440.0 3984.0 2451.0 3984.0 2451.0 3999.0 2440.0 3999.0 small-vehicle 1
2461.0 4019.0 2481.0 4019.0 2481.0 4035.0 2461.0 4035.0 small-vehicle 1
2636.0 4030.0 2660.0 4030.0 2660.0 4048.0 2636.0 4048.0 small-vehicle 1
2589.0 4034.0 2612.0 4034.0 2612.0 4052.0 2589.0 4052.0 small-vehicle 1
2591.0 4048.0 2615.0 4048.0 2615.0 4060.0 2591.0 4060.0 small-vehicle 1
2590.0 4060.0 2613.0 4060.0 2613.0 4074.0 2590.0 4074.0 small-vehicle 1
2463.0 3991.0 2489.0 3991.0 2489.0 4006.0 2463.0 4006.0 small-vehicle 1
2428.0 4018.0 2450.0 4018.0 2450.0 4035.0 2428.0 4035.0 small-vehicle 1
2442.0 4036.0 2453.0 4036.0 2453.0 4060.0 2442.0 4060.0 small-vehicle 1
2427.0 4081.0 2456.0 4081.0 2456.0 4103.0 2427.0 4103.0 small-vehicle 1
2459.0 4116.0 2474.0 4116.0 2474.0 4139.0 2459.0 4139.0 small-vehicle 1
2469.0 4080.0 2495.0 4080.0 2495.0 4098.0 2469.0 4098.0 small-vehicle 1
2459.0 3915.0 2484.0 3915.0 2484.0 3928.0 2459.0 3928.0 small-vehicle 1
2592.0 3967.0 2618.0 3967.0 2618.0 3980.0 2592.0 3980.0 small-vehicle 1
2629.0 3502.0 2640.0 3502.0 2640.0 3522.0 2629.0 3522.0 small-vehicle 1
2596.0 3941.0 2614.0 3941.0 2614.0 3952.0 2596.0 3952.0 small-vehicle 1
2615.0 3501.0 2629.0 3501.0 2629.0 3523.0 2615.0 3523.0 small-vehicle 1
2559.0 3505.0 2573.0 3505.0 2573.0 3527.0 2559.0 3527.0 small-vehicle 1
2538.0 3503.0 2551.0 3503.0 2551.0 3528.0 2538.0 3528.0 small-vehicle 1
2529.0 3505.0 2537.0 3505.0 2537.0 3526.0 2529.0 3526.0 small-vehicle 1
2518.0 3506.0 2528.0 3506.0 2528.0 3526.0 2518.0 3526.0 small-vehicle 1
2508.0 3501.0 2518.0 3501.0 2518.0 3521.0 2508.0 3521.0 small-vehicle 1
2494.0 3502.0 2509.0 3502.0 2509.0 3524.0 2494.0 3524.0 small-vehicle 1
2418.0 3514.0 2441.0 3514.0 2441.0 3529.0 2418.0 3529.0 small-vehicle 1
2318.0 3375.0 2331.0 3375.0 2331.0 3399.0 2318.0 3399.0 small-vehicle 1
2289.0 3431.0 2310.0 3431.0 2310.0 3456.0 2289.0 3456.0 small-vehicle 1
2457.0 3833.0 2471.0 3833.0 2471.0 3852.0 2457.0 3852.0 small-vehicle 1
2605.0 3795.0 2617.0 3795.0 2617.0 3816.0 2605.0 3816.0 small-vehicle 1
2627.0 3779.0 2643.0 3779.0 2643.0 3802.0 2627.0 3802.0 small-vehicle 1
2597.0 4001.0 2612.0 4001.0 2612.0 4022.0 2597.0 4022.0 small-vehicle 1
2578.0 3838.0 2591.0 3838.0 2591.0 3858.0 2578.0 3858.0 small-vehicle 1
2590.0 3837.0 2603.0 3837.0 2603.0 3854.0 2590.0 3854.0 small-vehicle 1
2604.0 3835.0 2615.0 3835.0 2615.0 3856.0 2604.0 3856.0 small-vehicle 1
2625.0 3861.0 2648.0 3861.0 2648.0 3886.0 2625.0 3886.0 small-vehicle 1
2625.0 3888.0 2648.0 3888.0 2648.0 3913.0 2625.0 3913.0 small-vehicle 1
3125.0 2902.0 3138.0 2902.0 3138.0 2923.0 3125.0 2923.0 small-vehicle 1
3128.0 2948.0 3141.0 2948.0 3141.0 2970.0 3128.0 2970.0 small-vehicle 1
2562.0 3382.0 2574.0 3382.0 2574.0 3402.0 2562.0 3402.0 small-vehicle 1
2626.0 3352.0 2646.0 3352.0 2646.0 3364.0 2626.0 3364.0 small-vehicle 1
2623.0 3323.0 2644.0 3323.0 2644.0 3335.0 2623.0 3335.0 small-vehicle 1
2624.0 3291.0 2644.0 3291.0 2644.0 3302.0 2624.0 3302.0 small-vehicle 1
2623.0 3281.0 2641.0 3281.0 2641.0 3291.0 2623.0 3291.0 small-vehicle 1
2622.0 3270.0 2641.0 3270.0 2641.0 3282.0 2622.0 3282.0 small-vehicle 1
2620.0 3260.0 2639.0 3260.0 2639.0 3270.0 2620.0 3270.0 small-vehicle 1
2620.0 3250.0 2640.0 3250.0 2640.0 3261.0 2620.0 3261.0 small-vehicle 1
2621.0 3239.0 2638.0 3239.0 2638.0 3250.0 2621.0 3250.0 small-vehicle 1
2640.0 3220.0 2659.0 3220.0 2659.0 3234.0 2640.0 3234.0 small-vehicle 1
2515.0 3329.0 2535.0 3329.0 2535.0 3339.0 2515.0 3339.0 small-vehicle 1
2525.0 3357.0 2538.0 3357.0 2538.0 3380.0 2525.0 3380.0 small-vehicle 1
2543.0 3360.0 2557.0 3360.0 2557.0 3385.0 2543.0 3385.0 small-vehicle 1
2577.0 3355.0 2604.0 3355.0 2604.0 3365.0 2577.0 3365.0 small-vehicle 1
2581.0 3335.0 2602.0 3335.0 2602.0 3346.0 2581.0 3346.0 small-vehicle 1
2579.0 3325.0 2601.0 3325.0 2601.0 3335.0 2579.0 3335.0 small-vehicle 1
2538.0 3337.0 2557.0 3337.0 2557.0 3346.0 2538.0 3346.0 small-vehicle 1
2536.0 3326.0 2554.0 3326.0 2554.0 3336.0 2536.0 3336.0 small-vehicle 1
2515.0 3318.0 2535.0 3318.0 2535.0 3328.0 2515.0 3328.0 small-vehicle 1
2516.0 3307.0 2536.0 3307.0 2536.0 3316.0 2516.0 3316.0 small-vehicle 1
2516.0 3297.0 2536.0 3297.0 2536.0 3305.0 2516.0 3305.0 small-vehicle 1
2625.0 3335.0 2644.0 3335.0 2644.0 3345.0 2625.0 3345.0 small-vehicle 1
2647.0 3331.0 2665.0 3331.0 2665.0 3342.0 2647.0 3342.0 small-vehicle 1
2515.0 3276.0 2534.0 3276.0 2534.0 3286.0 2515.0 3286.0 small-vehicle 1
2643.0 3290.0 2664.0 3290.0 2664.0 3302.0 2643.0 3302.0 small-vehicle 1
2782.0 3335.0 2807.0 3335.0 2807.0 3360.0 2782.0 3360.0 small-vehicle 1
2743.0 3338.0 2763.0 3338.0 2763.0 3358.0 2743.0 3358.0 small-vehicle 1
2732.0 3338.0 2752.0 3338.0 2752.0 3357.0 2732.0 3357.0 small-vehicle 1
2715.0 3339.0 2735.0 3339.0 2735.0 3358.0 2715.0 3358.0 small-vehicle 1
2687.0 3331.0 2711.0 3331.0 2711.0 3343.0 2687.0 3343.0 small-vehicle 1
2687.0 3342.0 2711.0 3342.0 2711.0 3353.0 2687.0 3353.0 small-vehicle 1
2708.0 3268.0 2731.0 3268.0 2731.0 3279.0 2708.0 3279.0 small-vehicle 1
2711.0 3257.0 2731.0 3257.0 2731.0 3268.0 2711.0 3268.0 small-vehicle 1
2707.0 3228.0 2726.0 3228.0 2726.0 3239.0 2707.0 3239.0 small-vehicle 1
2707.0 3240.0 2725.0 3240.0 2725.0 3249.0 2707.0 3249.0 small-vehicle 1
2685.0 3267.0 2707.0 3267.0 2707.0 3279.0 2685.0 3279.0 small-vehicle 1
2684.0 3259.0 2704.0 3259.0 2704.0 3267.0 2684.0 3267.0 small-vehicle 1
2683.0 3246.0 2704.0 3246.0 2704.0 3257.0 2683.0 3257.0 small-vehicle 1
2683.0 3238.0 2704.0 3238.0 2704.0 3247.0 2683.0 3247.0 small-vehicle 1
2682.0 3226.0 2703.0 3226.0 2703.0 3238.0 2682.0 3238.0 small-vehicle 1
2642.0 3248.0 2662.0 3248.0 2662.0 3260.0 2642.0 3260.0 small-vehicle 1
2642.0 3260.0 2662.0 3260.0 2662.0 3270.0 2642.0 3270.0 small-vehicle 1
2643.0 3269.0 2664.0 3269.0 2664.0 3279.0 2643.0 3279.0 small-vehicle 1
2645.0 3280.0 2663.0 3280.0 2663.0 3290.0 2645.0 3290.0 small-vehicle 1
2515.0 3287.0 2535.0 3287.0 2535.0 3296.0 2515.0 3296.0 small-vehicle 1
2514.0 3267.0 2533.0 3267.0 2533.0 3277.0 2514.0 3277.0 small-vehicle 1
3129.0 2970.0 3141.0 2970.0 3141.0 2992.0 3129.0 2992.0 small-vehicle 1
2515.0 3242.0 2535.0 3242.0 2535.0 3252.0 2515.0 3252.0 small-vehicle 1
2464.0 3233.0 2488.0 3233.0 2488.0 3255.0 2464.0 3255.0 small-vehicle 1
2451.0 3204.0 2472.0 3204.0 2472.0 3217.0 2451.0 3217.0 small-vehicle 1
2509.0 3203.0 2531.0 3203.0 2531.0 3215.0 2509.0 3215.0 small-vehicle 1
2614.0 3198.0 2638.0 3198.0 2638.0 3210.0 2614.0 3210.0 small-vehicle 1
2665.0 2987.0 2675.0 2987.0 2675.0 3007.0 2665.0 3007.0 small-vehicle 1
2644.0 2986.0 2656.0 2986.0 2656.0 3005.0 2644.0 3005.0 small-vehicle 1
2635.0 2985.0 2646.0 2985.0 2646.0 3004.0 2635.0 3004.0 small-vehicle 1
2625.0 2985.0 2636.0 2985.0 2636.0 3005.0 2625.0 3005.0 small-vehicle 1
2817.0 3128.0 2851.0 3128.0 2851.0 3170.0 2817.0 3170.0 swimming-pool 0
3104.0 3174.0 3125.0 3174.0 3125.0 3190.0 3104.0 3190.0 small-vehicle 1
3133.0 3140.0 3145.0 3140.0 3145.0 3160.0 3133.0 3160.0 small-vehicle 1
3157.0 3083.0 3179.0 3083.0 3179.0 3096.0 3157.0 3096.0 small-vehicle 1
3160.0 3067.0 3180.0 3067.0 3180.0 3078.0 3160.0 3078.0 small-vehicle 1
3158.0 3049.0 3181.0 3049.0 3181.0 3060.0 3158.0 3060.0 small-vehicle 1
3158.0 3032.0 3180.0 3032.0 3180.0 3043.0 3158.0 3043.0 small-vehicle 1
3158.0 3021.0 3181.0 3021.0 3181.0 3031.0 3158.0 3031.0 small-vehicle 1
3159.0 3011.0 3179.0 3011.0 3179.0 3021.0 3159.0 3021.0 small-vehicle 1
3129.0 3016.0 3143.0 3016.0 3143.0 3034.0 3129.0 3034.0 small-vehicle 1
3129.0 2994.0 3142.0 2994.0 3142.0 3012.0 3129.0 3012.0 small-vehicle 1
2514.0 3224.0 2537.0 3224.0 2537.0 3236.0 2514.0 3236.0 small-vehicle 1
2564.0 3242.0 2577.0 3242.0 2577.0 3263.0 2564.0 3263.0 small-vehicle 1
2514.0 3255.0 2534.0 3255.0 2534.0 3266.0 2514.0 3266.0 small-vehicle 1
2592.0 3096.0 2607.0 3096.0 2607.0 3115.0 2592.0 3115.0 small-vehicle 1
2538.0 3305.0 2557.0 3305.0 2557.0 3318.0 2538.0 3318.0 small-vehicle 1
2539.0 3294.0 2557.0 3294.0 2557.0 3305.0 2539.0 3305.0 small-vehicle 1
2539.0 3271.0 2556.0 3271.0 2556.0 3284.0 2539.0 3284.0 small-vehicle 1
2580.0 3314.0 2600.0 3314.0 2600.0 3325.0 2580.0 3325.0 small-vehicle 1
2578.0 3292.0 2600.0 3292.0 2600.0 3303.0 2578.0 3303.0 small-vehicle 1
2578.0 3282.0 2601.0 3282.0 2601.0 3293.0 2578.0 3293.0 small-vehicle 1
2576.0 3273.0 2599.0 3273.0 2599.0 3281.0 2576.0 3281.0 small-vehicle 1
2576.0 3263.0 2597.0 3263.0 2597.0 3273.0 2576.0 3273.0 small-vehicle 1
2578.0 3253.0 2599.0 3253.0 2599.0 3263.0 2578.0 3263.0 small-vehicle 1
2579.0 3240.0 2597.0 3240.0 2597.0 3252.0 2579.0 3252.0 small-vehicle 1
2471.0 3351.0 2488.0 3351.0 2488.0 3360.0 2471.0 3360.0 small-vehicle 1
2471.0 3338.0 2491.0 3338.0 2491.0 3350.0 2471.0 3350.0 small-vehicle 1
2468.0 3329.0 2485.0 3329.0 2485.0 3339.0 2468.0 3339.0 small-vehicle 1
2470.0 3318.0 2485.0 3318.0 2485.0 3328.0 2470.0 3328.0 small-vehicle 1
2469.0 3306.0 2485.0 3306.0 2485.0 3316.0 2469.0 3316.0 small-vehicle 1
2464.0 3274.0 2489.0 3274.0 2489.0 3289.0 2464.0 3289.0 small-vehicle 1
2659.0 3091.0 2680.0 3091.0 2680.0 3104.0 2659.0 3104.0 small-vehicle 1
2641.0 3096.0 2654.0 3096.0 2654.0 3115.0 2641.0 3115.0 small-vehicle 1
2621.0 3096.0 2632.0 3096.0 2632.0 3117.0 2621.0 3117.0 small-vehicle 1
430.0 886.0 896.0 886.0 896.0 1570.0 430.0 1570.0 ground-track-field 0
