imagesource:GoogleEarth
gsd:0.140455328625
3438.0 565.0 3572.0 565.0 3572.0 731.0 3438.0 731.0 tennis-court 0
3365.0 532.0 3488.0 532.0 3488.0 684.0 3365.0 684.0 tennis-court 0
3001.0 1073.0 3197.0 1073.0 3197.0 1292.0 3001.0 1292.0 basketball-court 0
2903.0 1011.0 3092.0 1011.0 3092.0 1235.0 2903.0 1235.0 basketball-court 0
2791.0 955.0 2987.0 955.0 2987.0 1176.0 2791.0 1176.0 basketball-court 0
3233.0 929.0 3433.0 929.0 3433.0 1149.0 3233.0 1149.0 basketball-court 0
3127.0 871.0 3319.0 871.0 3319.0 1087.0 3127.0 1087.0 basketball-court 0
3351.0 732.0 3541.0 732.0 3541.0 945.0 3351.0 945.0 basketball-court 0
3241.0 674.0 3431.0 674.0 3431.0 893.0 3241.0 893.0 basketball-court 0
3139.0 615.0 3326.0 615.0 3326.0 828.0 3139.0 828.0 basketball-court 0
3027.0 553.0 3217.0 553.0 3217.0 777.0 3027.0 777.0 basketball-court 0
3022.0 813.0 3214.0 813.0 3214.0 1037.0 3022.0 1037.0 basketball-court 0
2908.0 746.0 3110.0 746.0 3110.0 972.0 2908.0 972.0 basketball-court 0
1884.0 2095.0 3214.0 2095.0 3214.0 3676.0 1884.0 3676.0 ground-track-field 0
2145.0 2427.0 2918.0 2427.0 2918.0 3305.0 2145.0 3305.0 soccer-ball-field 0
596.0 1493.0 747.0 1493.0 747.0 1677.0 596.0 1677.0 tennis-court 0
496.0 1425.0 658.0 1425.0 658.0 1611.0 496.0 1611.0 tennis-court 0
406.0 1367.0 569.0 1367.0 569.0 1550.0 406.0 1550.0 tennis-court 0
633.0 1283.0 860.0 1283.0 860.0 1478.0 633.0 1478.0 basketball-court 0
447.0 1138.0 673.0 1138.0 673.0 1341.0 447.0 1341.0 basketball-court 0
704.0 1184.0 922.0 1184.0 922.0 1381.0 704.0 1381.0 basketball-court 0
525.0 1048.0 739.0 1048.0 739.0 1241.0 525.0 1241.0 basketball-court 0
773.0 1085.0 996.0 1085.0 996.0 1290.0 773.0 1290.0 basketball-court 0
592.0 955.0 805.0 955.0 805.0 1144.0 592.0 1144.0 basketball-court 0
838.0 997.0 1057.0 997.0 1057.0 1193.0 838.0 1193.0 basketball-court 0
650.0 863.0 862.0 863.0 862.0 1052.0 650.0 1052.0 basketball-court 0
902.0 901.0 1115.0 901.0 1115.0 1089.0 902.0 1089.0 basketball-court 0
700.0 767.0 915.0 767.0 915.0 960.0 700.0 960.0 basketball-court 0
955.0 809.0 1177.0 809.0 1177.0 1004.0 955.0 1004.0 basketball-court 0
3109.0 1130.0 3306.0 1130.0 3306.0 1355.0 3109.0 1355.0 basketball-court 0
919.0 1978.0 949.0 1978.0 949.0 2015.0 919.0 2015.0 small-vehicle 1
942.0 1988.0 973.0 1988.0 973.0 2025.0 942.0 2025.0 small-vehicle 1
2862.0 3122.0 2896.0 3122.0 2896.0 3164.0 2862.0 3164.0 small-vehicle 1
3288.0 485.0 3422.0 485.0 3422.0 644.0 3288.0 644.0 tennis-court 0
3209.0 447.0 3342.0 447.0 3342.0 599.0 3209.0 599.0 tennis-court 0
3134.0 402.0 3262.0 402.0 3262.0 554.0 3134.0 554.0 tennis-court 0
3517.0 413.0 3651.0 413.0 3651.0 571.0 3517.0 571.0 tennis-court 0
3443.0 371.0 3577.0 371.0 3577.0 533.0 3443.0 533.0 tennis-court 0
3370.0 331.0 3507.0 331.0 3507.0 486.0 3370.0 486.0 tennis-court 0
3297.0 290.0 3430.0 290.0 3430.0 442.0 3297.0 442.0 tennis-court 0
3210.0 251.0 3351.0 251.0 3351.0 403.0 3210.0 403.0 tennis-court 0
3584.0 1218.0 3633.0 1218.0 3633.0 1261.0 3584.0 1261.0 small-vehicle 1
2791.0 1290.0 2842.0 1290.0 2842.0 1337.0 2791.0 1337.0 small-vehicle 1
2814.0 1505.0 2859.0 1505.0 2859.0 1556.0 2814.0 1556.0 small-vehicle 1
2741.0 3246.0 2780.0 3246.0 2780.0 3293.0 2741.0 3293.0 small-vehicle 1
3602.0 3699.0 3653.0 3699.0 3653.0 3740.0 3602.0 3740.0 small-vehicle 1
1002.0 2017.0 1023.0 2017.0 1023.0 2057.0 1002.0 2057.0 small-vehicle 1
1851.0 3273.0 1894.0 3273.0 1894.0 3321.0 1851.0 3321.0 small-vehicle 1
1454.0 2548.0 1486.0 2548.0 1486.0 2586.0 1454.0 2586.0 small-vehicle 1
1602.0 2522.0 1642.0 2522.0 1642.0 2562.0 1602.0 2562.0 small-vehicle 1
957.0 1868.0 999.0 1868.0 999.0 1898.0 957.0 1898.0 small-vehicle 1
946.0 1900.0 987.0 1900.0 987.0 1932.0 946.0 1932.0 small-vehicle 1
1558.0 1566.0 1593.0 1566.0 1593.0 1604.0 1558.0 1604.0 small-vehicle 1
1539.0 1552.0 1575.0 1552.0 1575.0 1593.0 1539.0 1593.0 small-vehicle 1
2426.0 121.0 2468.0 121.0 2468.0 168.0 2426.0 168.0 small-vehicle 1
2211.0 1880.0 2249.0 1880.0 2249.0 1929.0 2211.0 1929.0 small-vehicle 1
1212.0 2300.0 1249.0 2300.0 1249.0 2347.0 1212.0 2347.0 small-vehicle 1
1130.0 2253.0 1165.0 2253.0 1165.0 2305.0 1130.0 2305.0 small-vehicle 1
1118.0 2020.0 1166.0 2020.0 1166.0 2060.0 1118.0 2060.0 small-vehicle 1
750.0 672.0 976.0 672.0 976.0 865.0 750.0 865.0 basketball-court 0
