imagesource:GoogleEarth
gsd:0.278427745873
949.0 7.0 974.0 7.0 974.0 21.0 949.0 21.0 small-vehicle 1
53.0 468.0 75.0 468.0 75.0 481.0 53.0 481.0 small-vehicle 1
315.0 277.0 563.0 277.0 563.0 658.0 315.0 658.0 soccer-ball-field 0
715.0 142.0 765.0 142.0 765.0 243.0 715.0 243.0 basketball-court 0
775.0 140.0 828.0 140.0 828.0 241.0 775.0 241.0 basketball-court 0
833.0 140.0 888.0 140.0 888.0 239.0 833.0 239.0 basketball-court 0
723.0 315.0 778.0 315.0 778.0 412.0 723.0 412.0 basketball-court 0
782.0 313.0 836.0 313.0 836.0 411.0 782.0 411.0 basketball-court 0
843.0 311.0 903.0 311.0 903.0 410.0 843.0 410.0 basketball-court 0
727.0 432.0 784.0 432.0 784.0 532.0 727.0 532.0 basketball-court 0
790.0 434.0 845.0 434.0 845.0 532.0 790.0 532.0 basketball-court 0
852.0 432.0 908.0 432.0 908.0 533.0 852.0 533.0 basketball-court 0
729.0 551.0 780.0 551.0 780.0 656.0 729.0 656.0 basketball-court 0
792.0 552.0 848.0 552.0 848.0 650.0 792.0 650.0 basketball-court 0
856.0 548.0 913.0 548.0 913.0 647.0 856.0 647.0 basketball-court 0
29.0 47.0 53.0 47.0 53.0 61.0 29.0 61.0 small-vehicle 1
758.0 8.0 790.0 8.0 790.0 26.0 758.0 26.0 small-vehicle 1
806.0 64.0 827.0 64.0 827.0 78.0 806.0 78.0 small-vehicle 1
853.0 64.0 871.0 64.0 871.0 80.0 853.0 80.0 small-vehicle 1
879.0 57.0 900.0 57.0 900.0 70.0 879.0 70.0 small-vehicle 1
907.0 64.0 928.0 64.0 928.0 79.0 907.0 79.0 small-vehicle 1
884.0 8.0 906.0 8.0 906.0 20.0 884.0 20.0 small-vehicle 1
42.0 426.0 55.0 426.0 55.0 451.0 42.0 451.0 small-vehicle 1
27.0 428.0 42.0 428.0 42.0 449.0 27.0 449.0 small-vehicle 1
63.0 454.0 84.0 454.0 84.0 468.0 63.0 468.0 small-vehicle 1
268.0 140.0 611.0 140.0 611.0 801.0 268.0 801.0 ground-track-field 0
