imagesource:GoogleEarth
gsd:0.131289780305
2347.0 200.0 2370.0 200.0 2370.0 243.0 2347.0 243.0 small-vehicle 1
2277.0 311.0 2298.0 311.0 2298.0 351.0 2277.0 351.0 small-vehicle 1
1875.0 533.0 1894.0 533.0 1894.0 565.0 1875.0 565.0 small-vehicle 1
1847.0 531.0 1871.0 531.0 1871.0 568.0 1847.0 568.0 small-vehicle 1
1821.0 535.0 1844.0 535.0 1844.0 567.0 1821.0 567.0 small-vehicle 1
1799.0 535.0 1817.0 535.0 1817.0 569.0 1799.0 569.0 small-vehicle 1
1775.0 537.0 1794.0 537.0 1794.0 572.0 1775.0 572.0 small-vehicle 1
1755.0 537.0 1775.0 537.0 1775.0 575.0 1755.0 575.0 small-vehicle 1
1729.0 546.0 1752.0 546.0 1752.0 574.0 1729.0 574.0 small-vehicle 1
1692.0 486.0 1719.0 486.0 1719.0 523.0 1692.0 523.0 small-vehicle 1
1704.0 544.0 1726.0 544.0 1726.0 579.0 1704.0 579.0 small-vehicle 1
2379.0 1941.0 2404.0 1941.0 2404.0 1955.0 2379.0 1955.0 small-vehicle 0
2365.0 1840.0 2402.0 1840.0 2402.0 1861.0 2365.0 1861.0 small-vehicle 0
2361.0 1824.0 2396.0 1824.0 2396.0 1845.0 2361.0 1845.0 small-vehicle 0
2268.0 1663.0 2291.0 1663.0 2291.0 1702.0 2268.0 1702.0 small-vehicle 0
2246.0 1666.0 2272.0 1666.0 2272.0 1703.0 2246.0 1703.0 small-vehicle 0
2195.0 1670.0 2216.0 1670.0 2216.0 1708.0 2195.0 1708.0 small-vehicle 0
1271.0 876.0 1315.0 876.0 1315.0 905.0 1271.0 905.0 large-vehicle 0
1591.0 1632.0 1674.0 1632.0 1674.0 1758.0 1591.0 1758.0 helicopter 0
1338.0 1117.0 1619.0 1117.0 1619.0 1393.0 1338.0 1393.0 plane 0
1361.0 510.0 1571.0 510.0 1571.0 738.0 1361.0 738.0 plane 0
1897.0 533.0 1924.0 533.0 1924.0 564.0 1897.0 564.0 small-vehicle 1
1909.0 486.0 1933.0 486.0 1933.0 523.0 1909.0 523.0 small-vehicle 1
1884.0 493.0 1903.0 493.0 1903.0 528.0 1884.0 528.0 small-vehicle 1
1803.0 330.0 1830.0 330.0 1830.0 371.0 1803.0 371.0 small-vehicle 1
2255.0 327.0 2276.0 327.0 2276.0 359.0 2255.0 359.0 small-vehicle 1
2350.0 311.0 2374.0 311.0 2374.0 353.0 2350.0 353.0 small-vehicle 1
2327.0 313.0 2348.0 313.0 2348.0 350.0 2327.0 350.0 small-vehicle 1
2191.0 317.0 2218.0 317.0 2218.0 357.0 2191.0 357.0 small-vehicle 1
2169.0 315.0 2195.0 315.0 2195.0 352.0 2169.0 352.0 small-vehicle 1
1990.0 411.0 2012.0 411.0 2012.0 448.0 1990.0 448.0 small-vehicle 1
1899.0 401.0 1942.0 401.0 1942.0 422.0 1899.0 422.0 small-vehicle 1
1903.0 430.0 1942.0 430.0 1942.0 453.0 1903.0 453.0 small-vehicle 1
1785.0 336.0 1806.0 336.0 1806.0 372.0 1785.0 372.0 small-vehicle 1
1865.0 484.0 1885.0 484.0 1885.0 523.0 1865.0 523.0 small-vehicle 1
1761.0 334.0 1785.0 334.0 1785.0 370.0 1761.0 370.0 small-vehicle 1
1739.0 336.0 1759.0 336.0 1759.0 368.0 1739.0 368.0 small-vehicle 1
1711.0 334.0 1736.0 334.0 1736.0 377.0 1711.0 377.0 small-vehicle 1
1758.0 485.0 1779.0 485.0 1779.0 523.0 1758.0 523.0 small-vehicle 1
1779.0 483.0 1798.0 483.0 1798.0 521.0 1779.0 521.0 small-vehicle 1
1799.0 484.0 1821.0 484.0 1821.0 519.0 1799.0 519.0 small-vehicle 1
1820.0 486.0 1841.0 486.0 1841.0 523.0 1820.0 523.0 small-vehicle 1
1842.0 486.0 1859.0 486.0 1859.0 521.0 1842.0 521.0 small-vehicle 1
1055.0 235.0 1371.0 235.0 1371.0 478.0 1055.0 478.0 plane 0
