imagesource:GoogleEarth
gsd:0.128887501957
699.0 2689.0 743.0 2689.0 743.0 2719.0 699.0 2719.0 small-vehicle 1
668.0 4781.0 690.0 4781.0 690.0 4817.0 668.0 4817.0 small-vehicle 1
1127.0 4888.0 1147.0 4888.0 1147.0 4929.0 1127.0 4929.0 small-vehicle 1
1098.0 4889.0 1124.0 4889.0 1124.0 4932.0 1098.0 4932.0 small-vehicle 1
1104.0 4794.0 1130.0 4794.0 1130.0 4840.0 1104.0 4840.0 small-vehicle 1
1057.0 4798.0 1081.0 4798.0 1081.0 4840.0 1057.0 4840.0 small-vehicle 1
1036.0 4798.0 1052.0 4798.0 1052.0 4834.0 1036.0 4834.0 small-vehicle 1
1012.0 4799.0 1030.0 4799.0 1030.0 4837.0 1012.0 4837.0 small-vehicle 1
988.0 4801.0 1008.0 4801.0 1008.0 4842.0 988.0 4842.0 small-vehicle 1
958.0 4803.0 981.0 4803.0 981.0 4842.0 958.0 4842.0 small-vehicle 1
1023.0 4755.0 1071.0 4755.0 1071.0 4776.0 1023.0 4776.0 small-vehicle 1
970.0 4755.0 1013.0 4755.0 1013.0 4777.0 970.0 4777.0 small-vehicle 1
926.0 4755.0 966.0 4755.0 966.0 4775.0 926.0 4775.0 small-vehicle 1
872.0 4753.0 919.0 4753.0 919.0 4777.0 872.0 4777.0 small-vehicle 1
729.0 4776.0 755.0 4776.0 755.0 4815.0 729.0 4815.0 small-vehicle 1
752.0 4777.0 771.0 4777.0 771.0 4813.0 752.0 4813.0 small-vehicle 1
771.0 4783.0 788.0 4783.0 788.0 4818.0 771.0 4818.0 small-vehicle 1
1152.0 4887.0 1172.0 4887.0 1172.0 4928.0 1152.0 4928.0 small-vehicle 1
1200.0 4886.0 1226.0 4886.0 1226.0 4931.0 1200.0 4931.0 small-vehicle 1
822.0 4832.0 844.0 4832.0 844.0 4871.0 822.0 4871.0 small-vehicle 1
590.0 4850.0 615.0 4850.0 615.0 4895.0 590.0 4895.0 small-vehicle 1
2083.0 5480.0 2125.0 5480.0 2125.0 5504.0 2083.0 5504.0 small-vehicle 1
2085.0 5520.0 2125.0 5520.0 2125.0 5540.0 2085.0 5540.0 small-vehicle 1
2085.0 5540.0 2125.0 5540.0 2125.0 5564.0 2085.0 5564.0 small-vehicle 1
2088.0 5599.0 2126.0 5599.0 2126.0 5621.0 2088.0 5621.0 small-vehicle 1
1702.0 5474.0 1739.0 5474.0 1739.0 5523.0 1702.0 5523.0 small-vehicle 1
1703.0 5350.0 1737.0 5350.0 1737.0 5393.0 1703.0 5393.0 small-vehicle 1
612.0 4850.0 632.0 4850.0 632.0 4892.0 612.0 4892.0 small-vehicle 1
790.0 4844.0 813.0 4844.0 813.0 4882.0 790.0 4882.0 small-vehicle 1
635.0 4853.0 652.0 4853.0 652.0 4895.0 635.0 4895.0 small-vehicle 1
649.0 4852.0 672.0 4852.0 672.0 4892.0 649.0 4892.0 small-vehicle 1
670.0 4857.0 691.0 4857.0 691.0 4892.0 670.0 4892.0 small-vehicle 1
694.0 4854.0 710.0 4854.0 710.0 4893.0 694.0 4893.0 small-vehicle 1
710.0 4850.0 728.0 4850.0 728.0 4891.0 710.0 4891.0 small-vehicle 1
748.0 4848.0 770.0 4848.0 770.0 4892.0 748.0 4892.0 small-vehicle 1
750.0 4755.0 786.0 4755.0 786.0 4775.0 750.0 4775.0 small-vehicle 1
651.0 4782.0 671.0 4782.0 671.0 4822.0 651.0 4822.0 small-vehicle 1
1918.0 5457.0 1940.0 5457.0 1940.0 5496.0 1918.0 5496.0 small-vehicle 1
628.0 4766.0 652.0 4766.0 652.0 4813.0 628.0 4813.0 small-vehicle 1
153.0 4322.0 199.0 4322.0 199.0 4344.0 153.0 4344.0 small-vehicle 1
384.0 4120.0 409.0 4120.0 409.0 4166.0 384.0 4166.0 small-vehicle 1
364.0 4114.0 386.0 4114.0 386.0 4156.0 364.0 4156.0 small-vehicle 1
340.0 4119.0 360.0 4119.0 360.0 4160.0 340.0 4160.0 small-vehicle 1
321.0 4119.0 342.0 4119.0 342.0 4158.0 321.0 4158.0 small-vehicle 1
284.0 4124.0 305.0 4124.0 305.0 4162.0 284.0 4162.0 small-vehicle 1
242.0 4122.0 265.0 4122.0 265.0 4161.0 242.0 4161.0 small-vehicle 1
24.0 4125.0 49.0 4125.0 49.0 4168.0 24.0 4168.0 small-vehicle 1
1191.0 4241.0 1225.0 4241.0 1225.0 4278.0 1191.0 4278.0 small-vehicle 1
1132.0 4230.0 1168.0 4230.0 1168.0 4269.0 1132.0 4269.0 small-vehicle 1
1098.0 4153.0 1138.0 4153.0 1138.0 4195.0 1098.0 4195.0 small-vehicle 1
1023.0 4082.0 1070.0 4082.0 1070.0 4123.0 1023.0 4123.0 small-vehicle 1
1033.0 4146.0 1080.0 4146.0 1080.0 4190.0 1033.0 4190.0 small-vehicle 1
990.0 4104.0 1030.0 4104.0 1030.0 4139.0 990.0 4139.0 small-vehicle 1
940.0 4061.0 987.0 4061.0 987.0 4106.0 940.0 4106.0 small-vehicle 1
52.0 4451.0 93.0 4451.0 93.0 4476.0 52.0 4476.0 small-vehicle 1
140.0 4436.0 180.0 4436.0 180.0 4459.0 140.0 4459.0 small-vehicle 1
184.0 4497.0 238.0 4497.0 238.0 4525.0 184.0 4525.0 small-vehicle 1
795.0 4657.0 815.0 4657.0 815.0 4697.0 795.0 4697.0 small-vehicle 1
588.0 4774.0 614.0 4774.0 614.0 4813.0 588.0 4813.0 small-vehicle 1
580.0 4677.0 614.0 4677.0 614.0 4719.0 580.0 4719.0 small-vehicle 1
608.0 4680.0 648.0 4680.0 648.0 4723.0 608.0 4723.0 small-vehicle 1
630.0 4673.0 660.0 4673.0 660.0 4715.0 630.0 4715.0 small-vehicle 1
647.0 4673.0 684.0 4673.0 684.0 4714.0 647.0 4714.0 small-vehicle 1
832.0 4659.0 854.0 4659.0 854.0 4699.0 832.0 4699.0 small-vehicle 1
1171.0 4572.0 1214.0 4572.0 1214.0 4592.0 1171.0 4592.0 small-vehicle 1
976.0 4499.0 1026.0 4499.0 1026.0 4525.0 976.0 4525.0 small-vehicle 1
1087.0 4368.0 1136.0 4368.0 1136.0 4393.0 1087.0 4393.0 small-vehicle 1
1143.0 4362.0 1190.0 4362.0 1190.0 4387.0 1143.0 4387.0 small-vehicle 1
1122.0 4278.0 1160.0 4278.0 1160.0 4299.0 1122.0 4299.0 small-vehicle 1
1132.0 4311.0 1172.0 4311.0 1172.0 4332.0 1132.0 4332.0 small-vehicle 1
1158.0 4533.0 1204.0 4533.0 1204.0 4558.0 1158.0 4558.0 small-vehicle 1
1062.0 4459.0 1108.0 4459.0 1108.0 4481.0 1062.0 4481.0 small-vehicle 1
2086.0 5440.0 2126.0 5440.0 2126.0 5464.0 2086.0 5464.0 small-vehicle 1
2187.0 5588.0 2211.0 5588.0 2211.0 5627.0 2187.0 5627.0 small-vehicle 1
862.0 4001.0 903.0 4001.0 903.0 4040.0 862.0 4040.0 small-vehicle 1
1459.0 4323.0 1495.0 4323.0 1495.0 4363.0 1459.0 4363.0 small-vehicle 1
1530.0 433.0 1573.0 433.0 1573.0 457.0 1530.0 457.0 small-vehicle 1
1401.0 432.0 1458.0 432.0 1458.0 463.0 1401.0 463.0 small-vehicle 1
1391.0 527.0 1436.0 527.0 1436.0 553.0 1391.0 553.0 small-vehicle 1
1387.0 558.0 1433.0 558.0 1433.0 579.0 1387.0 579.0 small-vehicle 1
1370.0 587.0 1409.0 587.0 1409.0 612.0 1370.0 612.0 small-vehicle 1
1241.0 870.0 1290.0 870.0 1290.0 901.0 1241.0 901.0 small-vehicle 1
1333.0 913.0 1379.0 913.0 1379.0 938.0 1333.0 938.0 small-vehicle 1
2195.0 3878.0 2245.0 3878.0 2245.0 3921.0 2195.0 3921.0 small-vehicle 1
2189.0 3900.0 2232.0 3900.0 2232.0 3931.0 2189.0 3931.0 small-vehicle 1
2179.0 3922.0 2229.0 3922.0 2229.0 3954.0 2179.0 3954.0 small-vehicle 1
2185.0 3950.0 2227.0 3950.0 2227.0 3970.0 2185.0 3970.0 small-vehicle 1
2005.0 4354.0 2049.0 4354.0 2049.0 4382.0 2005.0 4382.0 small-vehicle 1
1899.0 4340.0 1940.0 4340.0 1940.0 4361.0 1899.0 4361.0 small-vehicle 1
1665.0 4247.0 1701.0 4247.0 1701.0 4291.0 1665.0 4291.0 small-vehicle 1
1247.0 4255.0 1287.0 4255.0 1287.0 4298.0 1247.0 4298.0 small-vehicle 1
1984.0 94.0 2027.0 94.0 2027.0 118.0 1984.0 118.0 small-vehicle 1
3184.0 236.0 3213.0 236.0 3213.0 286.0 3184.0 286.0 small-vehicle 1
2403.0 582.0 2421.0 582.0 2421.0 620.0 2403.0 620.0 small-vehicle 1
2394.0 1044.0 2435.0 1044.0 2435.0 1068.0 2394.0 1068.0 small-vehicle 1
2293.0 1118.0 2333.0 1118.0 2333.0 1137.0 2293.0 1137.0 small-vehicle 1
2301.0 1174.0 2342.0 1174.0 2342.0 1199.0 2301.0 1199.0 small-vehicle 1
2303.0 1194.0 2347.0 1194.0 2347.0 1220.0 2303.0 1220.0 small-vehicle 1
2306.0 1220.0 2347.0 1220.0 2347.0 1242.0 2306.0 1242.0 small-vehicle 1
2303.0 1255.0 2343.0 1255.0 2343.0 1278.0 2303.0 1278.0 small-vehicle 1
2390.0 1067.0 2429.0 1067.0 2429.0 1092.0 2390.0 1092.0 small-vehicle 1
2395.0 1021.0 2432.0 1021.0 2432.0 1041.0 2395.0 1041.0 small-vehicle 1
2390.0 620.0 2423.0 620.0 2423.0 654.0 2390.0 654.0 small-vehicle 1
2391.0 998.0 2433.0 998.0 2433.0 1020.0 2391.0 1020.0 small-vehicle 1
2393.0 974.0 2433.0 974.0 2433.0 996.0 2393.0 996.0 small-vehicle 1
2387.0 852.0 2429.0 852.0 2429.0 879.0 2387.0 879.0 small-vehicle 1
2386.0 699.0 2425.0 699.0 2425.0 720.0 2386.0 720.0 small-vehicle 1
2384.0 677.0 2420.0 677.0 2420.0 698.0 2384.0 698.0 small-vehicle 1
2387.0 644.0 2428.0 644.0 2428.0 677.0 2387.0 677.0 small-vehicle 1
1289.0 4299.0 1333.0 4299.0 1333.0 4343.0 1289.0 4343.0 small-vehicle 1
1431.0 4318.0 1471.0 4318.0 1471.0 4363.0 1431.0 4363.0 small-vehicle 1
2186.0 5546.0 2210.0 5546.0 2210.0 5584.0 2186.0 5584.0 small-vehicle 1
1371.0 4346.0 1415.0 4346.0 1415.0 4378.0 1371.0 4378.0 small-vehicle 1
1250.0 4751.0 1299.0 4751.0 1299.0 4778.0 1250.0 4778.0 small-vehicle 1
1353.0 4859.0 1395.0 4859.0 1395.0 4894.0 1353.0 4894.0 small-vehicle 1
1242.0 4888.0 1273.0 4888.0 1273.0 4932.0 1242.0 4932.0 small-vehicle 1
1337.0 4890.0 1360.0 4890.0 1360.0 4926.0 1337.0 4926.0 small-vehicle 1
2044.0 4831.0 2084.0 4831.0 2084.0 4855.0 2044.0 4855.0 small-vehicle 1
1965.0 4902.0 1987.0 4902.0 1987.0 4941.0 1965.0 4941.0 small-vehicle 1
1904.0 4914.0 1933.0 4914.0 1933.0 4937.0 1904.0 4937.0 small-vehicle 1
1653.0 4772.0 1677.0 4772.0 1677.0 4807.0 1653.0 4807.0 small-vehicle 1
1658.0 4814.0 1677.0 4814.0 1677.0 4851.0 1658.0 4851.0 small-vehicle 1
1657.0 4857.0 1675.0 4857.0 1675.0 4891.0 1657.0 4891.0 small-vehicle 1
1659.0 4900.0 1675.0 4900.0 1675.0 4932.0 1659.0 4932.0 small-vehicle 1
1655.0 4986.0 1674.0 4986.0 1674.0 5019.0 1655.0 5019.0 small-vehicle 1
2181.0 5377.0 2203.0 5377.0 2203.0 5416.0 2181.0 5416.0 small-vehicle 1
2183.0 5464.0 2208.0 5464.0 2208.0 5503.0 2183.0 5503.0 small-vehicle 1
2188.0 5504.0 2212.0 5504.0 2212.0 5542.0 2188.0 5542.0 small-vehicle 1
1329.0 4728.0 1369.0 4728.0 1369.0 4748.0 1329.0 4748.0 small-vehicle 1
1324.0 4710.0 1365.0 4710.0 1365.0 4729.0 1324.0 4729.0 small-vehicle 1
1326.0 4688.0 1365.0 4688.0 1365.0 4706.0 1326.0 4706.0 small-vehicle 1
1643.0 4695.0 1665.0 4695.0 1665.0 4730.0 1643.0 4730.0 small-vehicle 1
1349.0 4374.0 1394.0 4374.0 1394.0 4406.0 1349.0 4406.0 small-vehicle 1
1445.0 4427.0 1509.0 4427.0 1509.0 4455.0 1445.0 4455.0 small-vehicle 1
1261.0 4462.0 1307.0 4462.0 1307.0 4487.0 1261.0 4487.0 small-vehicle 1
1224.0 4557.0 1271.0 4557.0 1271.0 4583.0 1224.0 4583.0 small-vehicle 1
1841.0 4486.0 1886.0 4486.0 1886.0 4510.0 1841.0 4510.0 small-vehicle 1
1819.0 4617.0 1861.0 4617.0 1861.0 4642.0 1819.0 4642.0 small-vehicle 1
1650.0 4734.0 1668.0 4734.0 1668.0 4766.0 1650.0 4766.0 small-vehicle 1
1321.0 4668.0 1364.0 4668.0 1364.0 4684.0 1321.0 4684.0 small-vehicle 1
1401.0 4654.0 1437.0 4654.0 1437.0 4672.0 1401.0 4672.0 small-vehicle 1
1396.0 4674.0 1436.0 4674.0 1436.0 4692.0 1396.0 4692.0 small-vehicle 1
1394.0 4691.0 1437.0 4691.0 1437.0 4710.0 1394.0 4710.0 small-vehicle 1
1401.0 4712.0 1443.0 4712.0 1443.0 4731.0 1401.0 4731.0 small-vehicle 1
1401.0 4733.0 1439.0 4733.0 1439.0 4754.0 1401.0 4754.0 small-vehicle 1
1327.0 4648.0 1365.0 4648.0 1365.0 4668.0 1327.0 4668.0 small-vehicle 1
893.0 4025.0 942.0 4025.0 942.0 4069.0 893.0 4069.0 small-vehicle 1
810.0 3992.0 856.0 3992.0 856.0 4019.0 810.0 4019.0 small-vehicle 1
5302.0 3882.0 5323.0 3882.0 5323.0 3921.0 5302.0 3921.0 small-vehicle 1
674.0 295.0 694.0 295.0 694.0 338.0 674.0 338.0 small-vehicle 1
411.0 1280.0 446.0 1280.0 446.0 1321.0 411.0 1321.0 small-vehicle 1
50.0 919.0 97.0 919.0 97.0 951.0 50.0 951.0 small-vehicle 1
67.0 813.0 113.0 813.0 113.0 841.0 67.0 841.0 small-vehicle 1
66.0 789.0 111.0 789.0 111.0 815.0 66.0 815.0 small-vehicle 1
56.0 766.0 100.0 766.0 100.0 793.0 56.0 793.0 small-vehicle 1
54.0 743.0 92.0 743.0 92.0 769.0 54.0 769.0 small-vehicle 1
260.0 428.0 306.0 428.0 306.0 461.0 260.0 461.0 small-vehicle 1
354.0 424.0 390.0 424.0 390.0 451.0 354.0 451.0 small-vehicle 1
635.0 282.0 655.0 282.0 655.0 320.0 635.0 320.0 small-vehicle 1
574.0 305.0 611.0 305.0 611.0 327.0 574.0 327.0 small-vehicle 1
350.0 349.0 385.0 349.0 385.0 371.0 350.0 371.0 small-vehicle 1
390.0 362.0 430.0 362.0 430.0 388.0 390.0 388.0 small-vehicle 1
526.0 361.0 566.0 361.0 566.0 382.0 526.0 382.0 small-vehicle 1
569.0 361.0 607.0 361.0 607.0 384.0 569.0 384.0 small-vehicle 1
677.0 392.0 702.0 392.0 702.0 427.0 677.0 427.0 small-vehicle 1
136.0 1287.0 180.0 1287.0 180.0 1327.0 136.0 1327.0 small-vehicle 1
111.0 1221.0 162.0 1221.0 162.0 1249.0 111.0 1249.0 large-vehicle 1
109.0 1201.0 160.0 1201.0 160.0 1220.0 109.0 1220.0 large-vehicle 1
134.0 1414.0 190.0 1414.0 190.0 1440.0 134.0 1440.0 large-vehicle 1
69.0 1448.0 102.0 1448.0 102.0 1530.0 69.0 1530.0 large-vehicle 1
63.0 1362.0 99.0 1362.0 99.0 1444.0 63.0 1444.0 large-vehicle 1
148.0 1514.0 206.0 1514.0 206.0 1544.0 148.0 1544.0 large-vehicle 1
142.0 1488.0 204.0 1488.0 204.0 1515.0 142.0 1515.0 large-vehicle 1
138.0 1466.0 194.0 1466.0 194.0 1492.0 138.0 1492.0 large-vehicle 1
138.0 1438.0 195.0 1438.0 195.0 1468.0 138.0 1468.0 large-vehicle 1
136.0 1391.0 184.0 1391.0 184.0 1414.0 136.0 1414.0 large-vehicle 1
103.0 1172.0 162.0 1172.0 162.0 1197.0 103.0 1197.0 large-vehicle 1
131.0 1369.0 182.0 1369.0 182.0 1392.0 131.0 1392.0 large-vehicle 1
128.0 1338.0 182.0 1338.0 182.0 1368.0 128.0 1368.0 large-vehicle 1
78.0 1074.0 148.0 1074.0 148.0 1105.0 78.0 1105.0 large-vehicle 1
84.0 1103.0 150.0 1103.0 150.0 1135.0 84.0 1135.0 large-vehicle 1
103.0 1128.0 154.0 1128.0 154.0 1146.0 103.0 1146.0 large-vehicle 1
103.0 1148.0 153.0 1148.0 153.0 1170.0 103.0 1170.0 large-vehicle 1
637.0 350.0 659.0 350.0 659.0 392.0 637.0 392.0 small-vehicle 1
636.0 214.0 656.0 214.0 656.0 252.0 636.0 252.0 small-vehicle 1
120.0 1561.0 152.0 1561.0 152.0 1645.0 120.0 1645.0 large-vehicle 1
629.0 160.0 656.0 160.0 656.0 210.0 629.0 210.0 small-vehicle 1
3543.0 1667.0 3948.0 1667.0 3948.0 1936.0 3543.0 1936.0 soccer-ball-field 1
3546.0 1387.0 3949.0 1387.0 3949.0 1643.0 3546.0 1643.0 soccer-ball-field 1
3829.0 845.0 3921.0 845.0 3921.0 1027.0 3829.0 1027.0 tennis-court 0
3730.0 851.0 3822.0 851.0 3822.0 1032.0 3730.0 1032.0 tennis-court 0
3621.0 852.0 3717.0 852.0 3717.0 1034.0 3621.0 1034.0 tennis-court 0
3518.0 861.0 3612.0 861.0 3612.0 1045.0 3518.0 1045.0 tennis-court 0
3816.0 584.0 3907.0 584.0 3907.0 756.0 3816.0 756.0 tennis-court 0
3716.0 591.0 3800.0 591.0 3800.0 761.0 3716.0 761.0 tennis-court 0
3610.0 593.0 3695.0 593.0 3695.0 769.0 3610.0 769.0 tennis-court 0
3502.0 590.0 3593.0 590.0 3593.0 765.0 3502.0 765.0 tennis-court 0
936.0 4957.0 1469.0 4957.0 1469.0 5624.0 936.0 5624.0 soccer-ball-field 0
2412.0 2311.0 2532.0 2311.0 2532.0 2540.0 2412.0 2540.0 basketball-court 0
2282.0 2311.0 2400.0 2311.0 2400.0 2532.0 2282.0 2532.0 basketball-court 0
2162.0 2307.0 2269.0 2307.0 2269.0 2530.0 2162.0 2530.0 basketball-court 0
2760.0 861.0 3300.0 861.0 3300.0 1671.0 2760.0 1671.0 soccer-ball-field 0
3534.0 1095.0 3943.0 1095.0 3943.0 1348.0 3534.0 1348.0 soccer-ball-field 1
3944.0 715.0 4061.0 715.0 4061.0 917.0 3944.0 917.0 basketball-court 1
4067.0 708.0 4185.0 708.0 4185.0 916.0 4067.0 916.0 basketball-court 1
4089.0 1425.0 4218.0 1425.0 4218.0 1647.0 4089.0 1647.0 basketball-court 1
2322.0 4897.0 2441.0 4897.0 2441.0 5120.0 2322.0 5120.0 basketball-court 0
4734.0 3365.0 5028.0 3365.0 5028.0 3673.0 4734.0 3673.0 soccer-ball-field 0
4223.0 1667.0 4343.0 1667.0 4343.0 1881.0 4223.0 1881.0 basketball-court 1
4096.0 1669.0 4220.0 1669.0 4220.0 1883.0 4096.0 1883.0 basketball-court 1
3971.0 1669.0 4094.0 1669.0 4094.0 1883.0 3971.0 1883.0 basketball-court 1
4218.0 1425.0 4340.0 1425.0 4340.0 1646.0 4218.0 1646.0 basketball-court 1
3969.0 1427.0 4088.0 1427.0 4088.0 1645.0 3969.0 1645.0 basketball-court 1
4192.0 701.0 4313.0 701.0 4313.0 917.0 4192.0 917.0 basketball-court 1
4209.0 1189.0 4332.0 1189.0 4332.0 1409.0 4209.0 1409.0 basketball-court 1
4084.0 1192.0 4207.0 1192.0 4207.0 1410.0 4084.0 1410.0 basketball-court 1
3962.0 1196.0 4082.0 1196.0 4082.0 1410.0 3962.0 1410.0 basketball-court 1
4203.0 946.0 4321.0 946.0 4321.0 1168.0 4203.0 1168.0 basketball-court 1
4076.0 951.0 4197.0 951.0 4197.0 1164.0 4076.0 1164.0 basketball-court 1
3955.0 953.0 4072.0 953.0 4072.0 1166.0 3955.0 1166.0 basketball-court 1
149.0 1560.0 180.0 1560.0 180.0 1643.0 149.0 1643.0 large-vehicle 1
95.0 1564.0 128.0 1564.0 128.0 1647.0 95.0 1647.0 large-vehicle 1
709.0 3852.0 753.0 3852.0 753.0 3897.0 709.0 3897.0 small-vehicle 1
38.0 3510.0 82.0 3510.0 82.0 3535.0 38.0 3535.0 small-vehicle 1
605.0 3842.0 630.0 3842.0 630.0 3882.0 605.0 3882.0 small-vehicle 1
581.0 3828.0 612.0 3828.0 612.0 3870.0 581.0 3870.0 small-vehicle 1
551.0 3802.0 582.0 3802.0 582.0 3845.0 551.0 3845.0 small-vehicle 1
534.0 3790.0 561.0 3790.0 561.0 3830.0 534.0 3830.0 small-vehicle 1
516.0 3770.0 546.0 3770.0 546.0 3812.0 516.0 3812.0 small-vehicle 1
475.0 3742.0 514.0 3742.0 514.0 3794.0 475.0 3794.0 small-vehicle 1
462.0 3718.0 495.0 3718.0 495.0 3764.0 462.0 3764.0 small-vehicle 1
440.0 3704.0 475.0 3704.0 475.0 3752.0 440.0 3752.0 small-vehicle 1
413.0 3690.0 451.0 3690.0 451.0 3742.0 413.0 3742.0 small-vehicle 1
377.0 3662.0 395.0 3662.0 395.0 3698.0 377.0 3698.0 small-vehicle 1
354.0 3643.0 377.0 3643.0 377.0 3686.0 354.0 3686.0 small-vehicle 1
313.0 3635.0 336.0 3635.0 336.0 3675.0 313.0 3675.0 small-vehicle 1
156.0 3628.0 209.0 3628.0 209.0 3684.0 156.0 3684.0 small-vehicle 1
112.0 3620.0 162.0 3620.0 162.0 3666.0 112.0 3666.0 small-vehicle 1
100.0 3596.0 150.0 3596.0 150.0 3640.0 100.0 3640.0 small-vehicle 1
621.0 3864.0 647.0 3864.0 647.0 3904.0 621.0 3904.0 small-vehicle 1
654.0 3884.0 686.0 3884.0 686.0 3932.0 654.0 3932.0 small-vehicle 1
345.0 3737.0 389.0 3737.0 389.0 3783.0 345.0 3783.0 small-vehicle 1
567.0 3922.0 615.0 3922.0 615.0 3974.0 567.0 3974.0 small-vehicle 1
732.0 3821.0 778.0 3821.0 778.0 3862.0 732.0 3862.0 small-vehicle 1
580.0 3680.0 625.0 3680.0 625.0 3726.0 580.0 3726.0 small-vehicle 1
554.0 3718.0 598.0 3718.0 598.0 3761.0 554.0 3761.0 small-vehicle 1
526.0 3636.0 564.0 3636.0 564.0 3675.0 526.0 3675.0 small-vehicle 1
512.0 3682.0 555.0 3682.0 555.0 3719.0 512.0 3719.0 small-vehicle 1
460.0 3628.0 504.0 3628.0 504.0 3671.0 460.0 3671.0 small-vehicle 1
551.0 3871.0 588.0 3871.0 588.0 3913.0 551.0 3913.0 small-vehicle 1
369.0 3752.0 409.0 3752.0 409.0 3798.0 369.0 3798.0 small-vehicle 1
516.0 3880.0 556.0 3880.0 556.0 3919.0 516.0 3919.0 small-vehicle 1
499.0 3868.0 541.0 3868.0 541.0 3910.0 499.0 3910.0 small-vehicle 1
481.0 3854.0 524.0 3854.0 524.0 3898.0 481.0 3898.0 small-vehicle 1
447.0 3834.0 488.0 3834.0 488.0 3877.0 447.0 3877.0 small-vehicle 1
428.0 3826.0 468.0 3826.0 468.0 3865.0 428.0 3865.0 small-vehicle 1
411.0 3814.0 450.0 3814.0 450.0 3853.0 411.0 3853.0 small-vehicle 1
45.0 3524.0 92.0 3524.0 92.0 3564.0 45.0 3564.0 small-vehicle 1
30.0 3470.0 69.0 3470.0 69.0 3493.0 30.0 3493.0 small-vehicle 1
72.0 1565.0 101.0 1565.0 101.0 1650.0 72.0 1650.0 large-vehicle 1
140.0 3039.0 184.0 3039.0 184.0 3120.0 140.0 3120.0 large-vehicle 1
137.0 1964.0 168.0 1964.0 168.0 2018.0 137.0 2018.0 large-vehicle 1
165.0 1961.0 196.0 1961.0 196.0 2014.0 165.0 2014.0 large-vehicle 1
192.0 1946.0 221.0 1946.0 221.0 2008.0 192.0 2008.0 large-vehicle 1
36.0 1900.0 74.0 1900.0 74.0 1955.0 36.0 1955.0 large-vehicle 1
30.0 1828.0 65.0 1828.0 65.0 1886.0 30.0 1886.0 large-vehicle 1
28.0 1745.0 62.0 1745.0 62.0 1812.0 28.0 1812.0 large-vehicle 1
144.0 1864.0 180.0 1864.0 180.0 1918.0 144.0 1918.0 large-vehicle 1
115.0 1886.0 149.0 1886.0 149.0 1955.0 115.0 1955.0 large-vehicle 1
102.0 1784.0 142.0 1784.0 142.0 1864.0 102.0 1864.0 large-vehicle 1
129.0 1778.0 172.0 1778.0 172.0 1857.0 129.0 1857.0 large-vehicle 1
163.0 1767.0 202.0 1767.0 202.0 1852.0 163.0 1852.0 large-vehicle 1
92.0 1693.0 135.0 1693.0 135.0 1781.0 92.0 1781.0 large-vehicle 1
116.0 1687.0 154.0 1687.0 154.0 1771.0 116.0 1771.0 large-vehicle 1
144.0 1665.0 182.0 1665.0 182.0 1749.0 144.0 1749.0 large-vehicle 1
179.0 1682.0 212.0 1682.0 212.0 1763.0 179.0 1763.0 large-vehicle 1
20.0 1960.0 54.0 1960.0 54.0 2016.0 20.0 2016.0 large-vehicle 1
180.0 2146.0 212.0 2146.0 212.0 2204.0 180.0 2204.0 large-vehicle 1
147.0 2143.0 180.0 2143.0 180.0 2214.0 147.0 2214.0 large-vehicle 1
21.0 2859.0 54.0 2859.0 54.0 2898.0 21.0 2898.0 small-vehicle 1
208.0 3245.0 272.0 3245.0 272.0 3338.0 208.0 3338.0 large-vehicle 1
162.0 3139.0 198.0 3139.0 198.0 3185.0 162.0 3185.0 small-vehicle 1
89.0 3179.0 141.0 3179.0 141.0 3219.0 89.0 3219.0 small-vehicle 1
104.0 3219.0 154.0 3219.0 154.0 3261.0 104.0 3261.0 small-vehicle 1
32.0 3292.0 76.0 3292.0 76.0 3324.0 32.0 3324.0 small-vehicle 1
30.0 3235.0 72.0 3235.0 72.0 3268.0 30.0 3268.0 small-vehicle 1
360.0 1840.0 385.0 1840.0 385.0 1880.0 360.0 1880.0 small-vehicle 1
117.0 2148.0 153.0 2148.0 153.0 2222.0 117.0 2222.0 large-vehicle 1
1162.0 2092.0 1206.0 2092.0 1206.0 2127.0 1162.0 2127.0 small-vehicle 1
882.0 2375.0 924.0 2375.0 924.0 2398.0 882.0 2398.0 small-vehicle 1
645.0 2391.0 691.0 2391.0 691.0 2413.0 645.0 2413.0 small-vehicle 1
583.0 2391.0 624.0 2391.0 624.0 2413.0 583.0 2413.0 small-vehicle 1
540.0 2393.0 577.0 2393.0 577.0 2413.0 540.0 2413.0 small-vehicle 1
477.0 2394.0 515.0 2394.0 515.0 2414.0 477.0 2414.0 small-vehicle 1
2288.0 1139.0 2329.0 1139.0 2329.0 1159.0 2288.0 1159.0 small-vehicle 1
2419.0 1463.0 2453.0 1463.0 2453.0 1483.0 2419.0 1483.0 small-vehicle 1
2421.0 1549.0 2460.0 1549.0 2460.0 1569.0 2421.0 1569.0 small-vehicle 1
4696.0 479.0 4716.0 479.0 4716.0 514.0 4696.0 514.0 small-vehicle 1
4852.0 469.0 4871.0 469.0 4871.0 507.0 4852.0 507.0 small-vehicle 1
5014.0 597.0 5036.0 597.0 5036.0 641.0 5014.0 641.0 small-vehicle 1
4952.0 589.0 4969.0 589.0 4969.0 624.0 4952.0 624.0 small-vehicle 1
4910.0 612.0 4930.0 612.0 4930.0 655.0 4910.0 655.0 small-vehicle 1
4852.0 552.0 4873.0 552.0 4873.0 593.0 4852.0 593.0 small-vehicle 1
4831.0 551.0 4853.0 551.0 4853.0 595.0 4831.0 595.0 small-vehicle 1
4813.0 550.0 4833.0 550.0 4833.0 594.0 4813.0 594.0 small-vehicle 1
4779.0 552.0 4796.0 552.0 4796.0 594.0 4779.0 594.0 small-vehicle 1
4751.0 550.0 4770.0 550.0 4770.0 592.0 4751.0 592.0 small-vehicle 1
4638.0 555.0 4659.0 555.0 4659.0 593.0 4638.0 593.0 small-vehicle 1
4620.0 557.0 4640.0 557.0 4640.0 598.0 4620.0 598.0 small-vehicle 1
4602.0 562.0 4620.0 562.0 4620.0 601.0 4602.0 601.0 small-vehicle 1
4582.0 564.0 4602.0 564.0 4602.0 602.0 4582.0 602.0 small-vehicle 1
4558.0 562.0 4584.0 562.0 4584.0 606.0 4558.0 606.0 small-vehicle 1
4518.0 569.0 4543.0 569.0 4543.0 608.0 4518.0 608.0 small-vehicle 1
4814.0 473.0 4831.0 473.0 4831.0 505.0 4814.0 505.0 small-vehicle 1
4793.0 474.0 4811.0 474.0 4811.0 507.0 4793.0 507.0 small-vehicle 1
4772.0 474.0 4792.0 474.0 4792.0 509.0 4772.0 509.0 small-vehicle 1
5325.0 461.0 5346.0 461.0 5346.0 503.0 5325.0 503.0 small-vehicle 1
5382.0 565.0 5428.0 565.0 5428.0 588.0 5382.0 588.0 small-vehicle 1
5348.0 570.0 5390.0 570.0 5390.0 591.0 5348.0 591.0 small-vehicle 1
5078.0 576.0 5122.0 576.0 5122.0 603.0 5078.0 603.0 small-vehicle 1
5174.0 566.0 5220.0 566.0 5220.0 596.0 5174.0 596.0 small-vehicle 1
5251.0 567.0 5296.0 567.0 5296.0 591.0 5251.0 591.0 small-vehicle 1
5347.0 461.0 5366.0 461.0 5366.0 502.0 5347.0 502.0 small-vehicle 1
4946.0 473.0 4965.0 473.0 4965.0 517.0 4946.0 517.0 small-vehicle 1
4753.0 475.0 4771.0 475.0 4771.0 513.0 4753.0 513.0 small-vehicle 1
4809.0 429.0 4827.0 429.0 4827.0 470.0 4809.0 470.0 small-vehicle 1
4772.0 431.0 4792.0 431.0 4792.0 465.0 4772.0 465.0 small-vehicle 1
4748.0 431.0 4768.0 431.0 4768.0 468.0 4748.0 468.0 small-vehicle 1
4714.0 436.0 4734.0 436.0 4734.0 474.0 4714.0 474.0 small-vehicle 1
4690.0 437.0 4708.0 437.0 4708.0 475.0 4690.0 475.0 small-vehicle 1
4734.0 479.0 4752.0 479.0 4752.0 515.0 4734.0 515.0 small-vehicle 1
4501.0 570.0 4521.0 570.0 4521.0 611.0 4501.0 611.0 small-vehicle 1
4677.0 482.0 4696.0 482.0 4696.0 515.0 4677.0 515.0 small-vehicle 1
5178.0 472.0 5201.0 472.0 5201.0 510.0 5178.0 510.0 small-vehicle 1
4657.0 483.0 4676.0 483.0 4676.0 517.0 4657.0 517.0 small-vehicle 1
4433.0 2644.0 4453.0 2644.0 4453.0 2677.0 4433.0 2677.0 small-vehicle 1
4437.0 2737.0 4457.0 2737.0 4457.0 2777.0 4437.0 2777.0 small-vehicle 1
4441.0 2882.0 4465.0 2882.0 4465.0 2920.0 4441.0 2920.0 small-vehicle 1
3903.0 2845.0 3945.0 2845.0 3945.0 2872.0 3903.0 2872.0 small-vehicle 1
4004.0 2815.0 4049.0 2815.0 4049.0 2839.0 4004.0 2839.0 small-vehicle 1
4065.0 2876.0 4110.0 2876.0 4110.0 2907.0 4065.0 2907.0 small-vehicle 1
4061.0 2899.0 4109.0 2899.0 4109.0 2929.0 4061.0 2929.0 small-vehicle 1
4103.0 2981.0 4155.0 2981.0 4155.0 3032.0 4103.0 3032.0 small-vehicle 1
4307.0 3021.0 4356.0 3021.0 4356.0 3053.0 4307.0 3053.0 small-vehicle 1
4060.0 3209.0 4101.0 3209.0 4101.0 3250.0 4060.0 3250.0 small-vehicle 1
4078.0 3226.0 4117.0 3226.0 4117.0 3268.0 4078.0 3268.0 small-vehicle 1
4101.0 3230.0 4142.0 3230.0 4142.0 3274.0 4101.0 3274.0 small-vehicle 1
4163.0 3240.0 4204.0 3240.0 4204.0 3282.0 4163.0 3282.0 small-vehicle 1
4133.0 3233.0 4175.0 3233.0 4175.0 3275.0 4133.0 3275.0 small-vehicle 1
4191.0 3233.0 4229.0 3233.0 4229.0 3275.0 4191.0 3275.0 small-vehicle 1
4432.0 2609.0 4456.0 2609.0 4456.0 2641.0 4432.0 2641.0 small-vehicle 1
4430.0 2564.0 4453.0 2564.0 4453.0 2601.0 4430.0 2601.0 small-vehicle 1
4429.0 2521.0 4452.0 2521.0 4452.0 2558.0 4429.0 2558.0 small-vehicle 1
4563.0 486.0 4578.0 486.0 4578.0 519.0 4563.0 519.0 small-vehicle 1
4639.0 483.0 4658.0 483.0 4658.0 518.0 4639.0 518.0 small-vehicle 1
4658.0 440.0 4673.0 440.0 4673.0 473.0 4658.0 473.0 small-vehicle 1
4636.0 438.0 4656.0 438.0 4656.0 476.0 4636.0 476.0 small-vehicle 1
4616.0 484.0 4634.0 484.0 4634.0 515.0 4616.0 515.0 small-vehicle 1
4599.0 482.0 4613.0 482.0 4613.0 516.0 4599.0 516.0 small-vehicle 1
4582.0 488.0 4597.0 488.0 4597.0 521.0 4582.0 521.0 small-vehicle 1
4543.0 489.0 4561.0 489.0 4561.0 520.0 4543.0 520.0 small-vehicle 1
4428.0 2477.0 4451.0 2477.0 4451.0 2516.0 4428.0 2516.0 small-vehicle 1
4454.0 477.0 4476.0 477.0 4476.0 517.0 4454.0 517.0 small-vehicle 1
4470.0 1440.0 4510.0 1440.0 4510.0 1472.0 4470.0 1472.0 small-vehicle 1
4910.0 878.0 4930.0 878.0 4930.0 918.0 4910.0 918.0 small-vehicle 1
4175.0 2365.0 4221.0 2365.0 4221.0 2417.0 4175.0 2417.0 small-vehicle 1
4426.0 2384.0 4445.0 2384.0 4445.0 2420.0 4426.0 2420.0 small-vehicle 1
4422.0 2428.0 4448.0 2428.0 4448.0 2471.0 4422.0 2471.0 small-vehicle 1
5275.0 469.0 5296.0 469.0 5296.0 509.0 5275.0 509.0 small-vehicle 1
5122.0 471.0 5143.0 471.0 5143.0 511.0 5122.0 511.0 small-vehicle 1
2422.0 1569.0 2465.0 1569.0 2465.0 1591.0 2422.0 1591.0 small-vehicle 1
4556.0 2422.0 4597.0 2422.0 4597.0 2448.0 4556.0 2448.0 small-vehicle 1
4616.0 5094.0 4658.0 5094.0 4658.0 5116.0 4616.0 5116.0 small-vehicle 1
4614.0 5057.0 4657.0 5057.0 4657.0 5081.0 4614.0 5081.0 small-vehicle 1
5418.0 4788.0 5440.0 4788.0 5440.0 4824.0 5418.0 4824.0 small-vehicle 1
5377.0 4784.0 5402.0 4784.0 5402.0 4822.0 5377.0 4822.0 small-vehicle 1
5345.0 4688.0 5378.0 4688.0 5378.0 4727.0 5345.0 4727.0 small-vehicle 1
5325.0 4674.0 5351.0 4674.0 5351.0 4712.0 5325.0 4712.0 small-vehicle 1
5298.0 4675.0 5326.0 4675.0 5326.0 4716.0 5298.0 4716.0 small-vehicle 1
5298.0 4475.0 5348.0 4475.0 5348.0 4501.0 5298.0 4501.0 small-vehicle 1
5171.0 4443.0 5215.0 4443.0 5215.0 4466.0 5171.0 4466.0 small-vehicle 1
4931.0 4442.0 4978.0 4442.0 4978.0 4467.0 4931.0 4467.0 small-vehicle 1
4836.0 4443.0 4880.0 4443.0 4880.0 4465.0 4836.0 4465.0 small-vehicle 1
4777.0 4443.0 4819.0 4443.0 4819.0 4465.0 4777.0 4465.0 small-vehicle 1
5326.0 3879.0 5349.0 3879.0 5349.0 3915.0 5326.0 3915.0 small-vehicle 1
5262.0 3889.0 5285.0 3889.0 5285.0 3923.0 5262.0 3923.0 small-vehicle 1
5227.0 3881.0 5248.0 3881.0 5248.0 3921.0 5227.0 3921.0 small-vehicle 1
4614.0 5117.0 4654.0 5117.0 4654.0 5134.0 4614.0 5134.0 small-vehicle 1
4608.0 5136.0 4655.0 5136.0 4655.0 5156.0 4608.0 5156.0 small-vehicle 1
4490.0 5092.0 4512.0 5092.0 4512.0 5132.0 4490.0 5132.0 small-vehicle 1
2049.0 4545.0 2140.0 4545.0 2140.0 4577.0 2049.0 4577.0 large-vehicle 1
5285.0 3886.0 5300.0 3886.0 5300.0 3922.0 5285.0 3922.0 small-vehicle 1
5305.0 3963.0 5347.0 3963.0 5347.0 4005.0 5305.0 4005.0 small-vehicle 1
5306.0 4004.0 5328.0 4004.0 5328.0 4039.0 5306.0 4039.0 small-vehicle 1
4530.0 5505.0 4559.0 5505.0 4559.0 5557.0 4530.0 5557.0 small-vehicle 1
1939.0 4404.0 2026.0 4404.0 2026.0 4435.0 1939.0 4435.0 large-vehicle 1
1975.0 4546.0 2045.0 4546.0 2045.0 4580.0 1975.0 4580.0 large-vehicle 1
4581.0 5533.0 4608.0 5533.0 4608.0 5576.0 4581.0 5576.0 small-vehicle 1
4556.0 5042.0 4580.0 5042.0 4580.0 5081.0 4556.0 5081.0 small-vehicle 1
4478.0 5306.0 4519.0 5306.0 4519.0 5329.0 4478.0 5329.0 small-vehicle 1
4472.0 5270.0 4518.0 5270.0 4518.0 5292.0 4472.0 5292.0 small-vehicle 1
4565.0 5223.0 4587.0 5223.0 4587.0 5262.0 4565.0 5262.0 small-vehicle 1
4566.0 5182.0 4588.0 5182.0 4588.0 5220.0 4566.0 5220.0 small-vehicle 1
4564.0 5140.0 4588.0 5140.0 4588.0 5178.0 4564.0 5178.0 small-vehicle 1
4562.0 5090.0 4586.0 5090.0 4586.0 5130.0 4562.0 5130.0 small-vehicle 1
4446.0 2975.0 4471.0 2975.0 4471.0 3021.0 4446.0 3021.0 small-vehicle 1
4954.0 2411.0 4992.0 2411.0 4992.0 2431.0 4954.0 2431.0 small-vehicle 1
5046.0 393.0 5066.0 393.0 5066.0 435.0 5046.0 435.0 small-vehicle 1
5455.0 1631.0 5483.0 1631.0 5483.0 1667.0 5455.0 1667.0 small-vehicle 1
5426.0 507.0 5448.0 507.0 5448.0 545.0 5426.0 545.0 small-vehicle 1
5408.0 466.0 5425.0 466.0 5425.0 503.0 5408.0 503.0 small-vehicle 1
5384.0 467.0 5405.0 467.0 5405.0 507.0 5384.0 507.0 small-vehicle 1
5162.0 513.0 5184.0 513.0 5184.0 551.0 5162.0 551.0 small-vehicle 1
5202.0 509.0 5224.0 509.0 5224.0 547.0 5202.0 547.0 small-vehicle 1
5084.0 471.0 5104.0 471.0 5104.0 512.0 5084.0 512.0 small-vehicle 1
4965.0 477.0 4986.0 477.0 4986.0 514.0 4965.0 514.0 small-vehicle 1
4999.0 471.0 5026.0 471.0 5026.0 511.0 4999.0 511.0 small-vehicle 1
5006.0 517.0 5029.0 517.0 5029.0 559.0 5006.0 559.0 small-vehicle 1
5080.0 397.0 5102.0 397.0 5102.0 437.0 5080.0 437.0 small-vehicle 1
4904.0 401.0 4929.0 401.0 4929.0 438.0 4904.0 438.0 small-vehicle 1
4930.0 403.0 4948.0 403.0 4948.0 440.0 4930.0 440.0 small-vehicle 1
4950.0 398.0 4971.0 398.0 4971.0 438.0 4950.0 438.0 small-vehicle 1
5004.0 397.0 5024.0 397.0 5024.0 433.0 5004.0 433.0 small-vehicle 1
5024.0 393.0 5045.0 393.0 5045.0 433.0 5024.0 433.0 small-vehicle 1
5294.0 503.0 5314.0 503.0 5314.0 543.0 5294.0 543.0 small-vehicle 1
5274.0 511.0 5296.0 511.0 5296.0 547.0 5274.0 547.0 small-vehicle 1
5460.0 510.0 5483.0 510.0 5483.0 544.0 5460.0 544.0 small-vehicle 1
5190.0 1643.0 5211.0 1643.0 5211.0 1683.0 5190.0 1683.0 small-vehicle 1
5388.0 1637.0 5411.0 1637.0 5411.0 1672.0 5388.0 1672.0 small-vehicle 1
5342.0 1637.0 5364.0 1637.0 5364.0 1671.0 5342.0 1671.0 small-vehicle 1
5304.0 1639.0 5328.0 1639.0 5328.0 1675.0 5304.0 1675.0 small-vehicle 1
5285.0 1643.0 5304.0 1643.0 5304.0 1677.0 5285.0 1677.0 small-vehicle 1
5264.0 1643.0 5285.0 1643.0 5285.0 1679.0 5264.0 1679.0 small-vehicle 1
5227.0 1643.0 5247.0 1643.0 5247.0 1679.0 5227.0 1679.0 small-vehicle 1
5129.0 1641.0 5155.0 1641.0 5155.0 1681.0 5129.0 1681.0 small-vehicle 1
5442.0 465.0 5463.0 465.0 5463.0 503.0 5442.0 503.0 small-vehicle 1
5111.0 1633.0 5135.0 1633.0 5135.0 1674.0 5111.0 1674.0 small-vehicle 1
5120.0 514.0 5145.0 514.0 5145.0 553.0 5120.0 553.0 small-vehicle 1
4974.0 600.0 4995.0 600.0 4995.0 639.0 4974.0 639.0 small-vehicle 1
4930.0 609.0 4954.0 609.0 4954.0 647.0 4930.0 647.0 small-vehicle 1
5049.0 512.0 5066.0 512.0 5066.0 551.0 5049.0 551.0 small-vehicle 1
5467.0 466.0 5485.0 466.0 5485.0 505.0 5467.0 505.0 small-vehicle 1
4221.0 3231.0 4257.0 3231.0 4257.0 3274.0 4221.0 3274.0 small-vehicle 1
4249.0 3232.0 4283.0 3232.0 4283.0 3274.0 4249.0 3274.0 small-vehicle 1
4275.0 3234.0 4309.0 3234.0 4309.0 3278.0 4275.0 3278.0 small-vehicle 1
2331.0 4475.0 2370.0 4475.0 2370.0 4498.0 2331.0 4498.0 small-vehicle 1
2791.0 4799.0 2816.0 4799.0 2816.0 4843.0 2791.0 4843.0 small-vehicle 1
2871.0 4628.0 2912.0 4628.0 2912.0 4656.0 2871.0 4656.0 small-vehicle 1
2866.0 4604.0 2906.0 4604.0 2906.0 4630.0 2866.0 4630.0 small-vehicle 1
2867.0 4584.0 2905.0 4584.0 2905.0 4605.0 2867.0 4605.0 small-vehicle 1
2813.0 4760.0 2834.0 4760.0 2834.0 4800.0 2813.0 4800.0 small-vehicle 1
2786.0 4748.0 2805.0 4748.0 2805.0 4787.0 2786.0 4787.0 small-vehicle 1
2815.0 4712.0 2835.0 4712.0 2835.0 4748.0 2815.0 4748.0 small-vehicle 1
2791.0 4702.0 2809.0 4702.0 2809.0 4740.0 2791.0 4740.0 small-vehicle 1
2815.0 4665.0 2835.0 4665.0 2835.0 4709.0 2815.0 4709.0 small-vehicle 1
2790.0 4648.0 2809.0 4648.0 2809.0 4685.0 2790.0 4685.0 small-vehicle 1
2746.0 4738.0 2767.0 4738.0 2767.0 4776.0 2746.0 4776.0 small-vehicle 1
2744.0 4696.0 2764.0 4696.0 2764.0 4733.0 2744.0 4733.0 small-vehicle 1
2747.0 4650.0 2766.0 4650.0 2766.0 4688.0 2747.0 4688.0 small-vehicle 1
2713.0 4497.0 2755.0 4497.0 2755.0 4526.0 2713.0 4526.0 small-vehicle 1
2528.0 4493.0 2571.0 4493.0 2571.0 4516.0 2528.0 4516.0 small-vehicle 1
2815.0 4810.0 2839.0 4810.0 2839.0 4853.0 2815.0 4853.0 small-vehicle 1
2813.0 4854.0 2837.0 4854.0 2837.0 4897.0 2813.0 4897.0 small-vehicle 1
2787.0 4849.0 2809.0 4849.0 2809.0 4887.0 2787.0 4887.0 small-vehicle 1
2819.0 5237.0 2863.0 5237.0 2863.0 5270.0 2819.0 5270.0 small-vehicle 1
2830.0 5496.0 2867.0 5496.0 2867.0 5537.0 2830.0 5537.0 small-vehicle 1
3257.0 5206.0 3303.0 5206.0 3303.0 5227.0 3257.0 5227.0 small-vehicle 1
2763.0 5432.0 2787.0 5432.0 2787.0 5468.0 2763.0 5468.0 small-vehicle 1
2761.0 5380.0 2789.0 5380.0 2789.0 5420.0 2761.0 5420.0 small-vehicle 1
2295.0 5176.0 2319.0 5176.0 2319.0 5226.0 2295.0 5226.0 small-vehicle 1
2816.0 5260.0 2861.0 5260.0 2861.0 5290.0 2816.0 5290.0 small-vehicle 1
2820.0 5216.0 2861.0 5216.0 2861.0 5247.0 2820.0 5247.0 small-vehicle 1
2790.0 4892.0 2817.0 4892.0 2817.0 4942.0 2790.0 4942.0 small-vehicle 1
2822.0 5190.0 2861.0 5190.0 2861.0 5224.0 2822.0 5224.0 small-vehicle 1
2810.0 5138.0 2854.0 5138.0 2854.0 5166.0 2810.0 5166.0 small-vehicle 1
2821.0 5114.0 2861.0 5114.0 2861.0 5143.0 2821.0 5143.0 small-vehicle 1
2826.0 5073.0 2862.0 5073.0 2862.0 5096.0 2826.0 5096.0 small-vehicle 1
2793.0 5050.0 2815.0 5050.0 2815.0 5093.0 2793.0 5093.0 small-vehicle 1
2788.0 4955.0 2811.0 4955.0 2811.0 4995.0 2788.0 4995.0 small-vehicle 1
2273.0 4473.0 2314.0 4473.0 2314.0 4495.0 2273.0 4495.0 small-vehicle 1
2385.0 4473.0 2429.0 4473.0 2429.0 4494.0 2385.0 4494.0 small-vehicle 1
4311.0 3238.0 4354.0 3238.0 4354.0 3283.0 4311.0 3283.0 small-vehicle 1
2456.0 4469.0 2491.0 4469.0 2491.0 4492.0 2456.0 4492.0 small-vehicle 1
2978.0 3101.0 3000.0 3101.0 3000.0 3143.0 2978.0 3143.0 small-vehicle 1
2957.0 3102.0 2977.0 3102.0 2977.0 3142.0 2957.0 3142.0 small-vehicle 1
2867.0 3058.0 2910.0 3058.0 2910.0 3094.0 2867.0 3094.0 small-vehicle 1
3012.0 3006.0 3033.0 3006.0 3033.0 3042.0 3012.0 3042.0 small-vehicle 1
2989.0 3008.0 3010.0 3008.0 3010.0 3044.0 2989.0 3044.0 small-vehicle 1
2953.0 3008.0 2979.0 3008.0 2979.0 3044.0 2953.0 3044.0 small-vehicle 1
2919.0 3008.0 2943.0 3008.0 2943.0 3044.0 2919.0 3044.0 small-vehicle 1
2883.0 3008.0 2905.0 3008.0 2905.0 3046.0 2883.0 3046.0 small-vehicle 1
2424.0 1907.0 2466.0 1907.0 2466.0 1946.0 2424.0 1946.0 small-vehicle 1
2418.0 1641.0 2463.0 1641.0 2463.0 1665.0 2418.0 1665.0 small-vehicle 1
2414.0 1597.0 2452.0 1597.0 2452.0 1620.0 2414.0 1620.0 small-vehicle 1
2422.0 1727.0 2461.0 1727.0 2461.0 1745.0 2422.0 1745.0 small-vehicle 1
2423.0 1707.0 2463.0 1707.0 2463.0 1728.0 2423.0 1728.0 small-vehicle 1
2425.0 1685.0 2463.0 1685.0 2463.0 1706.0 2425.0 1706.0 small-vehicle 1
2425.0 1665.0 2462.0 1665.0 2462.0 1683.0 2425.0 1683.0 small-vehicle 1
2203.0 3342.0 2237.0 3342.0 2237.0 3365.0 2203.0 3365.0 small-vehicle 1
2585.0 3969.0 2624.0 3969.0 2624.0 3998.0 2585.0 3998.0 small-vehicle 1
2763.0 3989.0 2784.0 3989.0 2784.0 4023.0 2763.0 4023.0 small-vehicle 1
2921.0 4446.0 2963.0 4446.0 2963.0 4471.0 2921.0 4471.0 small-vehicle 1
2523.0 4467.0 2573.0 4467.0 2573.0 4495.0 2523.0 4495.0 small-vehicle 1
2586.0 4464.0 2629.0 4464.0 2629.0 4490.0 2586.0 4490.0 small-vehicle 1
2803.0 4519.0 2848.0 4519.0 2848.0 4566.0 2803.0 4566.0 small-vehicle 1
2790.0 4470.0 2830.0 4470.0 2830.0 4497.0 2790.0 4497.0 small-vehicle 1
2837.0 4473.0 2883.0 4473.0 2883.0 4510.0 2837.0 4510.0 small-vehicle 1
2873.0 4447.0 2911.0 4447.0 2911.0 4472.0 2873.0 4472.0 small-vehicle 1
3246.0 4479.0 3296.0 4479.0 3296.0 4513.0 3246.0 4513.0 small-vehicle 1
2758.0 4031.0 2780.0 4031.0 2780.0 4067.0 2758.0 4067.0 small-vehicle 1
2985.0 4314.0 3023.0 4314.0 3023.0 4335.0 2985.0 4335.0 small-vehicle 1
2752.0 4238.0 2775.0 4238.0 2775.0 4275.0 2752.0 4275.0 small-vehicle 1
2755.0 4197.0 2777.0 4197.0 2777.0 4232.0 2755.0 4232.0 small-vehicle 1
2757.0 4164.0 2773.0 4164.0 2773.0 4194.0 2757.0 4194.0 small-vehicle 1
2762.0 4121.0 2781.0 4121.0 2781.0 4156.0 2762.0 4156.0 small-vehicle 1
2759.0 4078.0 2779.0 4078.0 2779.0 4117.0 2759.0 4117.0 small-vehicle 1
3246.0 5561.0 3277.0 5561.0 3277.0 5599.0 3246.0 5599.0 small-vehicle 1
3272.0 5562.0 3298.0 5562.0 3298.0 5595.0 3272.0 5595.0 small-vehicle 1
3189.0 5552.0 3222.0 5552.0 3222.0 5595.0 3189.0 5595.0 small-vehicle 1
2825.0 5536.0 2859.0 5536.0 2859.0 5572.0 2825.0 5572.0 small-vehicle 1
4494.0 3404.0 4517.0 3404.0 4517.0 3449.0 4494.0 3449.0 small-vehicle 1
4592.0 4407.0 4641.0 4407.0 4641.0 4437.0 4592.0 4437.0 small-vehicle 1
4491.0 4489.0 4536.0 4489.0 4536.0 4517.0 4491.0 4517.0 small-vehicle 1
4394.0 4489.0 4441.0 4489.0 4441.0 4517.0 4394.0 4517.0 small-vehicle 1
4305.0 4484.0 4357.0 4484.0 4357.0 4513.0 4305.0 4513.0 small-vehicle 1
4099.0 4459.0 4143.0 4459.0 4143.0 4482.0 4099.0 4482.0 small-vehicle 1
3883.0 4480.0 3935.0 4480.0 3935.0 4510.0 3883.0 4510.0 small-vehicle 1
4121.0 4499.0 4169.0 4499.0 4169.0 4534.0 4121.0 4534.0 small-vehicle 1
4291.0 4564.0 4341.0 4564.0 4341.0 4591.0 4291.0 4591.0 small-vehicle 1
4391.0 4562.0 4442.0 4562.0 4442.0 4598.0 4391.0 4598.0 small-vehicle 1
4422.0 4630.0 4467.0 4630.0 4467.0 4653.0 4422.0 4653.0 small-vehicle 1
4423.0 4660.0 4473.0 4660.0 4473.0 4687.0 4423.0 4687.0 small-vehicle 1
4422.0 4702.0 4459.0 4702.0 4459.0 4724.0 4422.0 4724.0 small-vehicle 1
4423.0 4723.0 4459.0 4723.0 4459.0 4744.0 4423.0 4744.0 small-vehicle 1
4503.0 4630.0 4528.0 4630.0 4528.0 4670.0 4503.0 4670.0 small-vehicle 1
4467.0 3448.0 4489.0 3448.0 4489.0 3486.0 4467.0 3486.0 small-vehicle 1
4465.0 3412.0 4487.0 3412.0 4487.0 3446.0 4465.0 3446.0 small-vehicle 1
4460.0 3370.0 4486.0 3370.0 4486.0 3408.0 4460.0 3408.0 small-vehicle 1
4311.0 3300.0 4348.0 3300.0 4348.0 3337.0 4311.0 3337.0 small-vehicle 1
4058.0 3306.0 4093.0 3306.0 4093.0 3352.0 4058.0 3352.0 small-vehicle 1
4077.0 3303.0 4108.0 3303.0 4108.0 3341.0 4077.0 3341.0 small-vehicle 1
4097.0 3299.0 4129.0 3299.0 4129.0 3336.0 4097.0 3336.0 small-vehicle 1
4127.0 3304.0 4169.0 3304.0 4169.0 3347.0 4127.0 3347.0 small-vehicle 1
4197.0 3288.0 4235.0 3288.0 4235.0 3329.0 4197.0 3329.0 small-vehicle 1
4258.0 3295.0 4302.0 3295.0 4302.0 3336.0 4258.0 3336.0 small-vehicle 1
4340.0 3286.0 4383.0 3286.0 4383.0 3328.0 4340.0 3328.0 small-vehicle 1
4456.0 3285.0 4481.0 3285.0 4481.0 3322.0 4456.0 3322.0 small-vehicle 1
4343.0 3091.0 4363.0 3091.0 4363.0 3134.0 4343.0 3134.0 small-vehicle 1
4455.0 3078.0 4479.0 3078.0 4479.0 3121.0 4455.0 3121.0 small-vehicle 1
4457.0 3124.0 4478.0 3124.0 4478.0 3162.0 4457.0 3162.0 small-vehicle 1
4456.0 3168.0 4481.0 3168.0 4481.0 3205.0 4456.0 3205.0 small-vehicle 1
4459.0 3208.0 4479.0 3208.0 4479.0 3244.0 4459.0 3244.0 small-vehicle 1
4459.0 3249.0 4481.0 3249.0 4481.0 3285.0 4459.0 3285.0 small-vehicle 1
4534.0 4668.0 4562.0 4668.0 4562.0 4706.0 4534.0 4706.0 small-vehicle 1
4469.0 4728.0 4490.0 4728.0 4490.0 4767.0 4469.0 4767.0 small-vehicle 1
4473.0 4772.0 4495.0 4772.0 4495.0 4812.0 4473.0 4812.0 small-vehicle 1
3555.0 5216.0 3578.0 5216.0 3578.0 5256.0 3555.0 5256.0 small-vehicle 1
4229.0 4798.0 4269.0 4798.0 4269.0 4821.0 4229.0 4821.0 small-vehicle 1
4091.0 4737.0 4130.0 4737.0 4130.0 4755.0 4091.0 4755.0 small-vehicle 1
4042.0 4811.0 4089.0 4811.0 4089.0 4832.0 4042.0 4832.0 small-vehicle 1
4090.0 4837.0 4130.0 4837.0 4130.0 4857.0 4090.0 4857.0 small-vehicle 1
4048.0 4854.0 4089.0 4854.0 4089.0 4872.0 4048.0 4872.0 small-vehicle 1
4096.0 5243.0 4138.0 5243.0 4138.0 5263.0 4096.0 5263.0 small-vehicle 1
3555.0 5270.0 3579.0 5270.0 3579.0 5311.0 3555.0 5311.0 small-vehicle 1
4231.0 4860.0 4273.0 4860.0 4273.0 4882.0 4231.0 4882.0 small-vehicle 1
3561.0 5480.0 3586.0 5480.0 3586.0 5516.0 3561.0 5516.0 small-vehicle 1
3476.0 5548.0 3513.0 5548.0 3513.0 5591.0 3476.0 5591.0 small-vehicle 1
3418.0 5547.0 3451.0 5547.0 3451.0 5593.0 3418.0 5593.0 small-vehicle 1
3307.0 5553.0 3342.0 5553.0 3342.0 5594.0 3307.0 5594.0 small-vehicle 1
3351.0 5555.0 3384.0 5555.0 3384.0 5597.0 3351.0 5597.0 small-vehicle 1
2823.0 5585.0 2868.0 5585.0 2868.0 5630.0 2823.0 5630.0 small-vehicle 1
4233.0 4836.0 4272.0 4836.0 4272.0 4857.0 4233.0 4857.0 small-vehicle 1
4279.0 4858.0 4321.0 4858.0 4321.0 4881.0 4279.0 4881.0 small-vehicle 1
4543.0 4707.0 4569.0 4707.0 4569.0 4746.0 4543.0 4746.0 small-vehicle 1
4557.0 4944.0 4581.0 4944.0 4581.0 4984.0 4557.0 4984.0 small-vehicle 1
4544.0 4758.0 4569.0 4758.0 4569.0 4800.0 4544.0 4800.0 small-vehicle 1
4426.0 4800.0 4473.0 4800.0 4473.0 4832.0 4426.0 4832.0 small-vehicle 1
4427.0 4840.0 4471.0 4840.0 4471.0 4868.0 4427.0 4868.0 small-vehicle 1
4545.0 4810.0 4573.0 4810.0 4573.0 4850.0 4545.0 4850.0 small-vehicle 1
4551.0 4854.0 4574.0 4854.0 4574.0 4889.0 4551.0 4889.0 small-vehicle 1
4551.0 4899.0 4575.0 4899.0 4575.0 4940.0 4551.0 4940.0 small-vehicle 1
4561.0 4989.0 4583.0 4989.0 4583.0 5032.0 4561.0 5032.0 small-vehicle 1
4277.0 4834.0 4322.0 4834.0 4322.0 4858.0 4277.0 4858.0 small-vehicle 1
4485.0 4982.0 4506.0 4982.0 4506.0 5020.0 4485.0 5020.0 small-vehicle 1
4486.0 4939.0 4506.0 4939.0 4506.0 4979.0 4486.0 4979.0 small-vehicle 1
4272.0 4752.0 4315.0 4752.0 4315.0 4779.0 4272.0 4779.0 small-vehicle 1
4235.0 4776.0 4275.0 4776.0 4275.0 4799.0 4235.0 4799.0 small-vehicle 1
4277.0 4796.0 4318.0 4796.0 4318.0 4814.0 4277.0 4814.0 small-vehicle 1
4275.0 4816.0 4312.0 4816.0 4312.0 4834.0 4275.0 4834.0 small-vehicle 1
2627.0 553.0 3420.0 553.0 3420.0 1964.0 2627.0 1964.0 ground-track-field 0
