imagesource:GoogleEarth
gsd:0.140250429953
2448.0 977.0 2475.0 977.0 2475.0 1022.0 2448.0 1022.0 large-vehicle 0
2466.0 961.0 2495.0 961.0 2495.0 1013.0 2466.0 1013.0 large-vehicle 0
3117.0 755.0 3512.0 755.0 3512.0 1145.0 3117.0 1145.0 plane 0
2695.0 713.0 3019.0 713.0 3019.0 1126.0 2695.0 1126.0 plane 0
1267.0 999.0 1793.0 999.0 1793.0 1549.0 1267.0 1549.0 plane 0
966.0 1272.0 1473.0 1272.0 1473.0 1816.0 966.0 1816.0 plane 0
543.0 1544.0 1102.0 1544.0 1102.0 2089.0 543.0 2089.0 plane 0
1901.0 2225.0 2417.0 2225.0 2417.0 2732.0 1901.0 2732.0 plane 0
1600.0 2657.0 2098.0 2657.0 2098.0 3179.0 1600.0 3179.0 plane 0
1121.0 2864.0 1642.0 2864.0 1642.0 3376.0 1121.0 3376.0 plane 0
2446.0 3519.0 2943.0 3519.0 2943.0 4017.0 2446.0 4017.0 plane 0
2046.0 3852.0 2544.0 3852.0 2544.0 4345.0 2046.0 4345.0 plane 0
3953.0 2263.0 4451.0 2263.0 4451.0 2756.0 3953.0 2756.0 plane 0
4268.0 2023.0 4747.0 2023.0 4747.0 2540.0 4268.0 2540.0 plane 0
4456.0 46.0 4912.0 46.0 4912.0 384.0 4456.0 384.0 plane 0
784.0 4601.0 824.0 4601.0 824.0 4642.0 784.0 4642.0 small-vehicle 1
835.0 4557.0 875.0 4557.0 875.0 4601.0 835.0 4601.0 small-vehicle 1
2408.0 1046.0 2453.0 1046.0 2453.0 1077.0 2408.0 1077.0 small-vehicle 1
2418.0 1063.0 2455.0 1063.0 2455.0 1091.0 2418.0 1091.0 small-vehicle 1
2416.0 1081.0 2460.0 1081.0 2460.0 1109.0 2416.0 1109.0 small-vehicle 1
2512.0 1001.0 2551.0 1001.0 2551.0 1056.0 2512.0 1056.0 large-vehicle 0
3535.0 783.0 3958.0 783.0 3958.0 1187.0 3535.0 1187.0 plane 0
