imagesource:GoogleEarth
gsd:0.140763492043
2447.0 262.0 2463.0 262.0 2463.0 296.0 2447.0 296.0 small-vehicle 1
2083.0 2284.0 2099.0 2284.0 2099.0 2323.0 2083.0 2323.0 small-vehicle 1
2166.0 2278.0 2186.0 2278.0 2186.0 2317.0 2166.0 2317.0 small-vehicle 0
2132.0 2276.0 2151.0 2276.0 2151.0 2315.0 2132.0 2315.0 small-vehicle 0
1960.0 2283.0 1977.0 2283.0 1977.0 2323.0 1960.0 2323.0 small-vehicle 0
1943.0 2287.0 1960.0 2287.0 1960.0 2326.0 1943.0 2326.0 small-vehicle 0
1927.0 2294.0 1941.0 2294.0 1941.0 2326.0 1927.0 2326.0 small-vehicle 0
1910.0 2292.0 1924.0 2292.0 1924.0 2324.0 1910.0 2324.0 small-vehicle 0
1856.0 2288.0 1874.0 2288.0 1874.0 2327.0 1856.0 2327.0 small-vehicle 0
1992.0 2282.0 2013.0 2282.0 2013.0 2323.0 1992.0 2323.0 small-vehicle 1
2046.0 2284.0 2063.0 2284.0 2063.0 2321.0 2046.0 2321.0 small-vehicle 1
2064.0 2287.0 2082.0 2287.0 2082.0 2320.0 2064.0 2320.0 small-vehicle 1
2098.0 2282.0 2116.0 2282.0 2116.0 2320.0 2098.0 2320.0 small-vehicle 1
2206.0 2280.0 2222.0 2280.0 2222.0 2316.0 2206.0 2316.0 small-vehicle 0
2133.0 2370.0 2149.0 2370.0 2149.0 2411.0 2133.0 2411.0 small-vehicle 1
2204.0 2365.0 2223.0 2365.0 2223.0 2406.0 2204.0 2406.0 small-vehicle 1
2237.0 2361.0 2259.0 2361.0 2259.0 2405.0 2237.0 2405.0 small-vehicle 1
1786.0 2359.0 1819.0 2359.0 1819.0 2376.0 1786.0 2376.0 small-vehicle 1
1785.0 2412.0 1819.0 2412.0 1819.0 2433.0 1785.0 2433.0 small-vehicle 1
2321.0 2006.0 2412.0 2006.0 2412.0 2035.0 2321.0 2035.0 large-vehicle 0
1894.0 2026.0 1913.0 2026.0 1913.0 2066.0 1894.0 2066.0 large-vehicle 0
2118.0 1759.0 2154.0 1759.0 2154.0 1781.0 2118.0 1781.0 small-vehicle 0
2275.0 1592.0 2329.0 1592.0 2329.0 1616.0 2275.0 1616.0 large-vehicle 0
2273.0 1566.0 2329.0 1566.0 2329.0 1588.0 2273.0 1588.0 large-vehicle 0
2237.0 2281.0 2258.0 2281.0 2258.0 2319.0 2237.0 2319.0 small-vehicle 0
2116.0 2282.0 2134.0 2282.0 2134.0 2317.0 2116.0 2317.0 small-vehicle 0
2319.0 1373.0 2356.0 1373.0 2356.0 1394.0 2319.0 1394.0 small-vehicle 0
1034.0 171.0 1066.0 171.0 1066.0 192.0 1034.0 192.0 small-vehicle 1
1694.0 599.0 2025.0 599.0 2025.0 944.0 1694.0 944.0 plane 0
1051.0 360.0 1684.0 360.0 1684.0 1016.0 1051.0 1016.0 plane 0
502.0 302.0 1169.0 302.0 1169.0 964.0 502.0 964.0 plane 0
706.0 1310.0 935.0 1310.0 935.0 1575.0 706.0 1575.0 plane 0
1046.0 1708.0 1312.0 1708.0 1312.0 2004.0 1046.0 2004.0 plane 0
1461.0 1719.0 1727.0 1719.0 1727.0 1985.0 1461.0 1985.0 plane 0
861.0 2049.0 882.0 2049.0 882.0 2086.0 861.0 2086.0 small-vehicle 0
923.0 2196.0 945.0 2196.0 945.0 2236.0 923.0 2236.0 large-vehicle 0
1241.0 296.0 1262.0 296.0 1262.0 333.0 1241.0 333.0 large-vehicle 0
1087.0 261.0 1122.0 261.0 1122.0 297.0 1087.0 297.0 large-vehicle 0
1041.0 138.0 1068.0 138.0 1068.0 155.0 1041.0 155.0 small-vehicle 1
2011.0 2284.0 2028.0 2284.0 2028.0 2320.0 2011.0 2320.0 small-vehicle 0
1405.0 288.0 1426.0 288.0 1426.0 324.0 1405.0 324.0 large-vehicle 0
1448.0 289.0 1467.0 289.0 1467.0 327.0 1448.0 327.0 large-vehicle 0
2000.0 2372.0 2016.0 2372.0 2016.0 2409.0 2000.0 2409.0 small-vehicle 0
2017.0 2373.0 2034.0 2373.0 2034.0 2408.0 2017.0 2408.0 small-vehicle 0
2037.0 2374.0 2053.0 2374.0 2053.0 2414.0 2037.0 2414.0 small-vehicle 0
2056.0 2379.0 2071.0 2379.0 2071.0 2410.0 2056.0 2410.0 small-vehicle 0
2073.0 2379.0 2085.0 2379.0 2085.0 2411.0 2073.0 2411.0 small-vehicle 0
2152.0 2368.0 2172.0 2368.0 2172.0 2410.0 2152.0 2410.0 small-vehicle 0
2327.0 2291.0 2347.0 2291.0 2347.0 2327.0 2327.0 2327.0 small-vehicle 0
1890.0 2287.0 1908.0 2287.0 1908.0 2324.0 1890.0 2324.0 small-vehicle 0
2272.0 1542.0 2327.0 1542.0 2327.0 1565.0 2272.0 1565.0 large-vehicle 0
2315.0 1301.0 2351.0 1301.0 2351.0 1318.0 2315.0 1318.0 small-vehicle 0
2429.0 265.0 2444.0 265.0 2444.0 296.0 2429.0 296.0 small-vehicle 1
2397.0 895.0 2414.0 895.0 2414.0 929.0 2397.0 929.0 large-vehicle 0
2403.0 977.0 2422.0 977.0 2422.0 1013.0 2403.0 1013.0 small-vehicle 1
2421.0 979.0 2438.0 979.0 2438.0 1013.0 2421.0 1013.0 small-vehicle 1
2439.0 977.0 2456.0 977.0 2456.0 1010.0 2439.0 1010.0 small-vehicle 1
2306.0 1000.0 2336.0 1000.0 2336.0 1016.0 2306.0 1016.0 small-vehicle 1
2307.0 1017.0 2342.0 1017.0 2342.0 1035.0 2307.0 1035.0 small-vehicle 1
2305.0 983.0 2341.0 983.0 2341.0 995.0 2305.0 995.0 small-vehicle 1
2307.0 965.0 2336.0 965.0 2336.0 981.0 2307.0 981.0 small-vehicle 1
2307.0 947.0 2339.0 947.0 2339.0 963.0 2307.0 963.0 small-vehicle 1
2362.0 895.0 2377.0 895.0 2377.0 927.0 2362.0 927.0 small-vehicle 1
2378.0 895.0 2393.0 895.0 2393.0 927.0 2378.0 927.0 small-vehicle 1
2357.0 796.0 2375.0 796.0 2375.0 818.0 2357.0 818.0 small-vehicle 1
2443.0 1159.0 2459.0 1159.0 2459.0 1197.0 2443.0 1197.0 small-vehicle 1
2357.0 813.0 2376.0 813.0 2376.0 837.0 2357.0 837.0 small-vehicle 1
2358.0 828.0 2378.0 828.0 2378.0 852.0 2358.0 852.0 small-vehicle 1
2361.0 846.0 2378.0 846.0 2378.0 867.0 2361.0 867.0 small-vehicle 1
2348.0 473.0 2365.0 473.0 2365.0 514.0 2348.0 514.0 small-vehicle 1
2369.0 410.0 2405.0 410.0 2405.0 428.0 2369.0 428.0 small-vehicle 1
2366.0 360.0 2402.0 360.0 2402.0 379.0 2366.0 379.0 small-vehicle 1
2291.0 302.0 2321.0 302.0 2321.0 316.0 2291.0 316.0 small-vehicle 1
2373.0 269.0 2390.0 269.0 2390.0 297.0 2373.0 297.0 small-vehicle 1
2355.0 265.0 2371.0 265.0 2371.0 300.0 2355.0 300.0 small-vehicle 1
2410.0 264.0 2427.0 264.0 2427.0 297.0 2410.0 297.0 small-vehicle 1
2441.0 1078.0 2459.0 1078.0 2459.0 1110.0 2441.0 1110.0 small-vehicle 1
2425.0 1080.0 2443.0 1080.0 2443.0 1110.0 2425.0 1110.0 small-vehicle 1
2397.0 1304.0 2416.0 1304.0 2416.0 1339.0 2397.0 1339.0 small-vehicle 0
2429.0 1165.0 2441.0 1165.0 2441.0 1194.0 2429.0 1194.0 small-vehicle 1
2414.0 1306.0 2431.0 1306.0 2431.0 1341.0 2414.0 1341.0 small-vehicle 0
2396.0 1272.0 2412.0 1272.0 2412.0 1301.0 2396.0 1301.0 small-vehicle 0
2317.0 1268.0 2347.0 1268.0 2347.0 1283.0 2317.0 1283.0 small-vehicle 1
2317.0 1249.0 2346.0 1249.0 2346.0 1264.0 2317.0 1264.0 small-vehicle 1
2317.0 1230.0 2345.0 1230.0 2345.0 1245.0 2317.0 1245.0 small-vehicle 1
2318.0 1213.0 2345.0 1213.0 2345.0 1228.0 2318.0 1228.0 small-vehicle 1
2314.0 1195.0 2343.0 1195.0 2343.0 1209.0 2314.0 1209.0 small-vehicle 1
2316.0 1177.0 2351.0 1177.0 2351.0 1193.0 2316.0 1193.0 small-vehicle 1
2412.0 1198.0 2426.0 1198.0 2426.0 1226.0 2412.0 1226.0 small-vehicle 1
2430.0 1200.0 2444.0 1200.0 2444.0 1229.0 2430.0 1229.0 small-vehicle 1
2411.0 1163.0 2426.0 1163.0 2426.0 1195.0 2411.0 1195.0 small-vehicle 1
2406.0 1081.0 2424.0 1081.0 2424.0 1116.0 2406.0 1116.0 small-vehicle 1
2396.0 1196.0 2411.0 1196.0 2411.0 1230.0 2396.0 1230.0 small-vehicle 1
2394.0 1162.0 2411.0 1162.0 2411.0 1194.0 2394.0 1194.0 small-vehicle 1
2314.0 1160.0 2350.0 1160.0 2350.0 1178.0 2314.0 1178.0 small-vehicle 1
2316.0 1141.0 2350.0 1141.0 2350.0 1160.0 2316.0 1160.0 small-vehicle 1
2312.0 1125.0 2341.0 1125.0 2341.0 1141.0 2312.0 1141.0 small-vehicle 1
2308.0 1106.0 2345.0 1106.0 2345.0 1124.0 2308.0 1124.0 small-vehicle 1
2307.0 1087.0 2344.0 1087.0 2344.0 1106.0 2307.0 1106.0 small-vehicle 1
2308.0 1071.0 2339.0 1071.0 2339.0 1087.0 2308.0 1087.0 small-vehicle 1
2307.0 1052.0 2341.0 1052.0 2341.0 1071.0 2307.0 1071.0 small-vehicle 1
2388.0 1080.0 2406.0 1080.0 2406.0 1116.0 2388.0 1116.0 small-vehicle 1
1911.0 1718.0 2103.0 1718.0 2103.0 1881.0 1911.0 1881.0 plane 0
