imagesource:GoogleEarth
gsd:0.138714694104
1256.0 57.0 1295.0 57.0 1295.0 89.0 1256.0 89.0 small-vehicle 0
1435.0 23.0 1472.0 23.0 1472.0 53.0 1435.0 53.0 small-vehicle 1
392.0 585.0 520.0 585.0 520.0 785.0 392.0 785.0 helicopter 0
700.0 582.0 835.0 582.0 835.0 790.0 700.0 790.0 helicopter 0
1380.0 510.0 1395.0 510.0 1395.0 534.0 1380.0 534.0 small-vehicle 1
1471.0 511.0 1487.0 511.0 1487.0 539.0 1471.0 539.0 small-vehicle 1
1400.0 508.0 1414.0 508.0 1414.0 536.0 1400.0 536.0 large-vehicle 0
1417.0 504.0 1433.0 504.0 1433.0 536.0 1417.0 536.0 large-vehicle 0
1263.0 273.0 1298.0 273.0 1298.0 306.0 1263.0 306.0 small-vehicle 1
1193.0 38.0 1228.0 38.0 1228.0 68.0 1193.0 68.0 small-vehicle 1
1256.0 35.0 1292.0 35.0 1292.0 66.0 1256.0 66.0 small-vehicle 1
1254.0 76.0 1293.0 76.0 1293.0 110.0 1254.0 110.0 small-vehicle 1
1199.0 162.0 1235.0 162.0 1235.0 191.0 1199.0 191.0 small-vehicle 1
1261.0 163.0 1298.0 163.0 1298.0 196.0 1261.0 196.0 small-vehicle 1
1201.0 208.0 1235.0 208.0 1235.0 235.0 1201.0 235.0 small-vehicle 1
1196.0 81.0 1231.0 81.0 1231.0 110.0 1196.0 110.0 small-vehicle 0
1194.0 126.0 1230.0 126.0 1230.0 156.0 1194.0 156.0 small-vehicle 0
1259.0 102.0 1294.0 102.0 1294.0 133.0 1259.0 133.0 small-vehicle 0
1199.0 189.0 1233.0 189.0 1233.0 216.0 1199.0 216.0 small-vehicle 0
1265.0 190.0 1292.0 190.0 1292.0 216.0 1265.0 216.0 small-vehicle 0
1262.0 210.0 1298.0 210.0 1298.0 241.0 1262.0 241.0 small-vehicle 0
1262.0 231.0 1299.0 231.0 1299.0 261.0 1262.0 261.0 small-vehicle 0
1262.0 252.0 1299.0 252.0 1299.0 281.0 1262.0 281.0 small-vehicle 0
1204.0 232.0 1232.0 232.0 1232.0 257.0 1204.0 257.0 small-vehicle 0
1202.0 256.0 1233.0 256.0 1233.0 283.0 1202.0 283.0 small-vehicle 0
1205.0 274.0 1238.0 274.0 1238.0 302.0 1205.0 302.0 small-vehicle 0
1451.0 40.0 1481.0 40.0 1481.0 66.0 1451.0 66.0 small-vehicle 0
1424.0 11.0 1462.0 11.0 1462.0 40.0 1424.0 40.0 small-vehicle 0
1179.0 489.0 1216.0 489.0 1216.0 507.0 1179.0 507.0 small-vehicle 1
313.0 90.0 444.0 90.0 444.0 239.0 313.0 239.0 helicopter 0
