imagesource:GoogleEarth
gsd:0.139163352252
991.0 991.0 1035.0 991.0 1035.0 1012.0 991.0 1012.0 large-vehicle 0
1003.0 942.0 1032.0 942.0 1032.0 957.0 1003.0 957.0 small-vehicle 1
996.0 1048.0 1024.0 1048.0 1024.0 1065.0 996.0 1065.0 small-vehicle 1
1027.0 1065.0 1055.0 1065.0 1055.0 1081.0 1027.0 1081.0 small-vehicle 1
993.0 1013.0 1023.0 1013.0 1023.0 1026.0 993.0 1026.0 small-vehicle 1
993.0 1027.0 1030.0 1027.0 1030.0 1046.0 993.0 1046.0 small-vehicle 1
996.0 1080.0 1014.0 1080.0 1014.0 1109.0 996.0 1109.0 small-vehicle 1
1046.0 1183.0 1065.0 1183.0 1065.0 1219.0 1046.0 1219.0 small-vehicle 0
1150.0 365.0 1288.0 365.0 1288.0 580.0 1150.0 580.0 helicopter 0
950.0 365.0 1089.0 365.0 1089.0 588.0 950.0 588.0 helicopter 0
424.0 443.0 600.0 443.0 600.0 678.0 424.0 678.0 helicopter 0
