imagesource:GoogleEarth
gsd:0.142105828343
2849.0 414.0 2867.0 414.0 2867.0 447.0 2849.0 447.0 small-vehicle 1
2849.0 3207.0 2867.0 3207.0 2867.0 3248.0 2849.0 3248.0 small-vehicle 0
1721.0 2939.0 1739.0 2939.0 1739.0 2967.0 1721.0 2967.0 large-vehicle 0
1738.0 2935.0 1757.0 2935.0 1757.0 2963.0 1738.0 2963.0 large-vehicle 0
1927.0 2923.0 1949.0 2923.0 1949.0 2961.0 1927.0 2961.0 large-vehicle 0
1974.0 2925.0 1993.0 2925.0 1993.0 2957.0 1974.0 2957.0 large-vehicle 0
1892.0 2929.0 1913.0 2929.0 1913.0 2961.0 1892.0 2961.0 large-vehicle 0
2348.0 2907.0 2372.0 2907.0 2372.0 2942.0 2348.0 2942.0 small-vehicle 0
2732.0 3243.0 2766.0 3243.0 2766.0 3264.0 2732.0 3264.0 small-vehicle 0
2868.0 3207.0 2885.0 3207.0 2885.0 3244.0 2868.0 3244.0 small-vehicle 0
2039.0 1038.0 2061.0 1038.0 2061.0 1075.0 2039.0 1075.0 small-vehicle 1
2884.0 3206.0 2906.0 3206.0 2906.0 3248.0 2884.0 3248.0 small-vehicle 0
2787.0 3419.0 2807.0 3419.0 2807.0 3460.0 2787.0 3460.0 large-vehicle 0
2812.0 3211.0 2833.0 3211.0 2833.0 3245.0 2812.0 3245.0 small-vehicle 1
2793.0 3211.0 2811.0 3211.0 2811.0 3249.0 2793.0 3249.0 small-vehicle 1
1934.0 1039.0 1954.0 1039.0 1954.0 1078.0 1934.0 1078.0 small-vehicle 1
1982.0 1047.0 2001.0 1047.0 2001.0 1082.0 1982.0 1082.0 small-vehicle 1
2003.0 1046.0 2020.0 1046.0 2020.0 1083.0 2003.0 1083.0 small-vehicle 1
1701.0 2937.0 1721.0 2937.0 1721.0 2965.0 1701.0 2965.0 large-vehicle 0
2479.0 2908.0 2497.0 2908.0 2497.0 2941.0 2479.0 2941.0 large-vehicle 0
1691.0 3241.0 1713.0 3241.0 1713.0 3279.0 1691.0 3279.0 large-vehicle 0
1493.0 3084.0 1523.0 3084.0 1523.0 3102.0 1493.0 3102.0 large-vehicle 0
1388.0 1131.0 2103.0 1131.0 2103.0 1818.0 1388.0 1818.0 plane 0
2003.0 1360.0 2400.0 1360.0 2400.0 1746.0 2003.0 1746.0 plane 0
1223.0 1813.0 1620.0 1813.0 1620.0 2221.0 1223.0 2221.0 plane 0
1377.0 2137.0 2095.0 2137.0 2095.0 2894.0 1377.0 2894.0 plane 0
2106.0 2316.0 2481.0 2316.0 2481.0 2715.0 2106.0 2715.0 plane 0
267.0 2663.0 715.0 2663.0 715.0 3157.0 267.0 3157.0 plane 0
431.0 1125.0 568.0 1125.0 568.0 1368.0 431.0 1368.0 plane 0
1603.0 1056.0 1621.0 1056.0 1621.0 1096.0 1603.0 1096.0 large-vehicle 0
1623.0 1055.0 1645.0 1055.0 1645.0 1090.0 1623.0 1090.0 large-vehicle 0
1698.0 1045.0 1722.0 1045.0 1722.0 1092.0 1698.0 1092.0 large-vehicle 0
1766.0 1034.0 1788.0 1034.0 1788.0 1087.0 1766.0 1087.0 large-vehicle 0
1523.0 1044.0 1561.0 1044.0 1561.0 1071.0 1523.0 1071.0 large-vehicle 0
1853.0 3234.0 1875.0 3234.0 1875.0 3273.0 1853.0 3273.0 large-vehicle 0
1894.0 3235.0 1918.0 3235.0 1918.0 3274.0 1894.0 3274.0 large-vehicle 0
1488.0 3118.0 1521.0 3118.0 1521.0 3141.0 1488.0 3141.0 large-vehicle 0
2021.0 1038.0 2042.0 1038.0 2042.0 1073.0 2021.0 1073.0 small-vehicle 1
2063.0 1041.0 2080.0 1041.0 2080.0 1079.0 2063.0 1079.0 large-vehicle 0
2620.0 215.0 2637.0 215.0 2637.0 249.0 2620.0 249.0 small-vehicle 1
2868.0 405.0 2889.0 405.0 2889.0 445.0 2868.0 445.0 small-vehicle 0
2559.0 457.0 2593.0 457.0 2593.0 479.0 2559.0 479.0 small-vehicle 1
2770.0 506.0 2791.0 506.0 2791.0 550.0 2770.0 550.0 small-vehicle 0
2838.0 505.0 2876.0 505.0 2876.0 550.0 2838.0 550.0 small-vehicle 0
2884.0 528.0 2912.0 528.0 2912.0 560.0 2884.0 560.0 small-vehicle 0
2864.0 491.0 2885.0 491.0 2885.0 521.0 2864.0 521.0 small-vehicle 0
2887.0 490.0 2904.0 490.0 2904.0 522.0 2887.0 522.0 small-vehicle 0
2905.0 489.0 2924.0 489.0 2924.0 522.0 2905.0 522.0 small-vehicle 0
2889.0 416.0 2903.0 416.0 2903.0 447.0 2889.0 447.0 small-vehicle 0
2150.0 406.0 2169.0 406.0 2169.0 444.0 2150.0 444.0 large-vehicle 0
2904.0 408.0 2926.0 408.0 2926.0 445.0 2904.0 445.0 small-vehicle 1
2877.0 553.0 2918.0 553.0 2918.0 595.0 2877.0 595.0 small-vehicle 1
2762.0 357.0 2785.0 357.0 2785.0 398.0 2762.0 398.0 small-vehicle 1
2760.0 311.0 2782.0 311.0 2782.0 354.0 2760.0 354.0 small-vehicle 1
2824.0 253.0 2844.0 253.0 2844.0 295.0 2824.0 295.0 small-vehicle 1
2832.0 186.0 2857.0 186.0 2857.0 237.0 2832.0 237.0 small-vehicle 1
2637.0 244.0 2656.0 244.0 2656.0 280.0 2637.0 280.0 small-vehicle 1
2480.0 405.0 2499.0 405.0 2499.0 442.0 2480.0 442.0 small-vehicle 1
2188.0 385.0 2207.0 385.0 2207.0 414.0 2188.0 414.0 small-vehicle 1
2186.0 419.0 2205.0 419.0 2205.0 452.0 2186.0 452.0 small-vehicle 1
2169.0 387.0 2185.0 387.0 2185.0 414.0 2169.0 414.0 small-vehicle 1
2126.0 394.0 2149.0 394.0 2149.0 431.0 2126.0 431.0 large-vehicle 0
1604.0 750.0 1626.0 750.0 1626.0 787.0 1604.0 787.0 small-vehicle 1
1627.0 752.0 1646.0 752.0 1646.0 786.0 1627.0 786.0 small-vehicle 1
1738.0 752.0 1759.0 752.0 1759.0 782.0 1738.0 782.0 small-vehicle 1
1838.0 740.0 1859.0 740.0 1859.0 777.0 1838.0 777.0 small-vehicle 1
2234.0 591.0 2278.0 591.0 2278.0 609.0 2234.0 609.0 large-vehicle 0
2232.0 566.0 2275.0 566.0 2275.0 589.0 2232.0 589.0 large-vehicle 0
2233.0 541.0 2279.0 541.0 2279.0 563.0 2233.0 563.0 large-vehicle 0
2193.0 506.0 2262.0 506.0 2262.0 534.0 2193.0 534.0 large-vehicle 0
2438.0 402.0 2467.0 402.0 2467.0 450.0 2438.0 450.0 large-vehicle 0
2347.0 257.0 2405.0 257.0 2405.0 319.0 2347.0 319.0 large-vehicle 0
2479.0 310.0 2537.0 310.0 2537.0 336.0 2479.0 336.0 large-vehicle 0
2165.0 332.0 2189.0 332.0 2189.0 379.0 2165.0 379.0 large-vehicle 0
2063.0 131.0 2116.0 131.0 2116.0 217.0 2063.0 217.0 large-vehicle 0
2147.0 345.0 2170.0 345.0 2170.0 385.0 2147.0 385.0 small-vehicle 1
1469.0 276.0 1768.0 276.0 1768.0 583.0 1469.0 583.0 plane 0
