imagesource:GoogleEarth
gsd:0.142285502482
2128.0 2329.0 2164.0 2329.0 2164.0 2369.0 2128.0 2369.0 small-vehicle 1
2091.0 2643.0 2108.0 2643.0 2108.0 2674.0 2091.0 2674.0 large-vehicle 0
1332.0 519.0 1639.0 519.0 1639.0 812.0 1332.0 812.0 plane 0
743.0 1968.0 1183.0 1968.0 1183.0 2361.0 743.0 2361.0 plane 0
1218.0 2242.0 1250.0 2242.0 1250.0 2262.0 1218.0 2262.0 small-vehicle 1
1335.0 2325.0 1375.0 2325.0 1375.0 2364.0 1335.0 2364.0 small-vehicle 1
1417.0 2344.0 1451.0 2344.0 1451.0 2370.0 1417.0 2370.0 small-vehicle 1
1465.0 2388.0 1489.0 2388.0 1489.0 2432.0 1465.0 2432.0 large-vehicle 0
1702.0 753.0 1719.0 753.0 1719.0 784.0 1702.0 784.0 small-vehicle 0
1742.0 739.0 1773.0 739.0 1773.0 756.0 1742.0 756.0 small-vehicle 0
1739.0 713.0 1767.0 713.0 1767.0 731.0 1739.0 731.0 small-vehicle 0
1647.0 904.0 1679.0 904.0 1679.0 927.0 1647.0 927.0 small-vehicle 0
1656.0 871.0 1697.0 871.0 1697.0 892.0 1656.0 892.0 large-vehicle 0
1886.0 401.0 1910.0 401.0 1910.0 440.0 1886.0 440.0 large-vehicle 0
1675.0 812.0 1711.0 812.0 1711.0 833.0 1675.0 833.0 large-vehicle 0
1679.0 837.0 1707.0 837.0 1707.0 856.0 1679.0 856.0 large-vehicle 0
1903.0 1468.0 1922.0 1468.0 1922.0 1510.0 1903.0 1510.0 large-vehicle 0
2081.0 2489.0 2100.0 2489.0 2100.0 2520.0 2081.0 2520.0 large-vehicle 0
2082.0 2553.0 2103.0 2553.0 2103.0 2587.0 2082.0 2587.0 large-vehicle 0
1269.0 176.0 1600.0 176.0 1600.0 450.0 1269.0 450.0 plane 0
