imagesource:GoogleEarth
gsd:0.274355932463
1983.0 452.0 1999.0 452.0 1999.0 473.0 1983.0 473.0 small-vehicle 1
1499.0 233.0 1532.0 233.0 1532.0 268.0 1499.0 268.0 large-vehicle 0
1257.0 320.0 1277.0 320.0 1277.0 344.0 1257.0 344.0 small-vehicle 1
1098.0 190.0 1117.0 190.0 1117.0 208.0 1098.0 208.0 small-vehicle 1
1116.0 238.0 1159.0 238.0 1159.0 277.0 1116.0 277.0 large-vehicle 0
1210.0 314.0 1229.0 314.0 1229.0 335.0 1210.0 335.0 small-vehicle 1
1285.0 277.0 1306.0 277.0 1306.0 295.0 1285.0 295.0 small-vehicle 1
1266.0 361.0 1291.0 361.0 1291.0 391.0 1266.0 391.0 small-vehicle 1
1200.0 226.0 1255.0 226.0 1255.0 277.0 1200.0 277.0 large-vehicle 0
1298.0 233.0 1342.0 233.0 1342.0 275.0 1298.0 275.0 large-vehicle 0
1455.0 91.0 1479.0 91.0 1479.0 121.0 1455.0 121.0 large-vehicle 0
1416.0 107.0 1447.0 107.0 1447.0 133.0 1416.0 133.0 large-vehicle 0
1352.0 339.0 1387.0 339.0 1387.0 374.0 1352.0 374.0 large-vehicle 0
2201.0 1751.0 2225.0 1751.0 2225.0 1780.0 2201.0 1780.0 large-vehicle 0
1425.0 182.0 1446.0 182.0 1446.0 203.0 1425.0 203.0 small-vehicle 1
1487.0 182.0 1508.0 182.0 1508.0 204.0 1487.0 204.0 small-vehicle 1
1520.0 202.0 1537.0 202.0 1537.0 222.0 1520.0 222.0 small-vehicle 1
1504.0 174.0 1520.0 174.0 1520.0 194.0 1504.0 194.0 small-vehicle 1
1431.0 128.0 1453.0 128.0 1453.0 145.0 1431.0 145.0 small-vehicle 1
1446.0 141.0 1466.0 141.0 1466.0 159.0 1446.0 159.0 small-vehicle 1
1453.0 146.0 1474.0 146.0 1474.0 164.0 1453.0 164.0 small-vehicle 1
1469.0 162.0 1490.0 162.0 1490.0 178.0 1469.0 178.0 small-vehicle 1
1404.0 52.0 1425.0 52.0 1425.0 75.0 1404.0 75.0 small-vehicle 1
1420.0 45.0 1439.0 45.0 1439.0 66.0 1420.0 66.0 small-vehicle 1
1225.0 309.0 1244.0 309.0 1244.0 329.0 1225.0 329.0 small-vehicle 1
1081.0 434.0 1101.0 434.0 1101.0 454.0 1081.0 454.0 small-vehicle 1
1147.0 494.0 1167.0 494.0 1167.0 512.0 1147.0 512.0 small-vehicle 1
1226.0 609.0 1248.0 609.0 1248.0 629.0 1226.0 629.0 small-vehicle 1
1080.0 505.0 1127.0 505.0 1127.0 540.0 1080.0 540.0 large-vehicle 0
1089.0 517.0 1134.0 517.0 1134.0 550.0 1089.0 550.0 large-vehicle 0
1107.0 527.0 1143.0 527.0 1143.0 556.0 1107.0 556.0 large-vehicle 0
1113.0 539.0 1148.0 539.0 1148.0 566.0 1113.0 566.0 large-vehicle 0
1118.0 550.0 1152.0 550.0 1152.0 578.0 1118.0 578.0 large-vehicle 0
1126.0 562.0 1159.0 562.0 1159.0 588.0 1126.0 588.0 large-vehicle 0
1132.0 574.0 1164.0 574.0 1164.0 599.0 1132.0 599.0 large-vehicle 0
1137.0 585.0 1172.0 585.0 1172.0 611.0 1137.0 611.0 large-vehicle 0
1161.0 625.0 1199.0 625.0 1199.0 655.0 1161.0 655.0 large-vehicle 0
1181.0 645.0 1212.0 645.0 1212.0 673.0 1181.0 673.0 large-vehicle 0
1193.0 669.0 1226.0 669.0 1226.0 695.0 1193.0 695.0 large-vehicle 0
1264.0 603.0 1306.0 603.0 1306.0 642.0 1264.0 642.0 large-vehicle 0
1465.0 634.0 1508.0 634.0 1508.0 683.0 1465.0 683.0 large-vehicle 0
1431.0 521.0 1478.0 521.0 1478.0 568.0 1431.0 568.0 large-vehicle 0
1351.0 443.0 1394.0 443.0 1394.0 483.0 1351.0 483.0 large-vehicle 0
1408.0 411.0 1451.0 411.0 1451.0 451.0 1408.0 451.0 large-vehicle 0
1340.0 366.0 1397.0 366.0 1397.0 415.0 1340.0 415.0 large-vehicle 0
1003.0 372.0 1040.0 372.0 1040.0 404.0 1003.0 404.0 large-vehicle 0
1264.0 656.0 1286.0 656.0 1286.0 674.0 1264.0 674.0 small-vehicle 1
1258.0 651.0 1278.0 651.0 1278.0 665.0 1258.0 665.0 small-vehicle 1
1253.0 643.0 1276.0 643.0 1276.0 660.0 1253.0 660.0 small-vehicle 1
1429.0 38.0 1447.0 38.0 1447.0 59.0 1429.0 59.0 small-vehicle 1
1438.0 35.0 1455.0 35.0 1455.0 55.0 1438.0 55.0 small-vehicle 1
1444.0 29.0 1462.0 29.0 1462.0 49.0 1444.0 49.0 small-vehicle 1
1898.0 430.0 1925.0 430.0 1925.0 464.0 1898.0 464.0 large-vehicle 1
1567.0 564.0 1609.0 564.0 1609.0 606.0 1567.0 606.0 large-vehicle 1
1763.0 718.0 1792.0 718.0 1792.0 748.0 1763.0 748.0 large-vehicle 1
1828.0 696.0 1873.0 696.0 1873.0 740.0 1828.0 740.0 large-vehicle 1
1809.0 824.0 1851.0 824.0 1851.0 869.0 1809.0 869.0 large-vehicle 1
1785.0 873.0 1823.0 873.0 1823.0 915.0 1785.0 915.0 large-vehicle 1
1756.0 1295.0 1774.0 1295.0 1774.0 1317.0 1756.0 1317.0 large-vehicle 1
1763.0 1287.0 1782.0 1287.0 1782.0 1314.0 1763.0 1314.0 large-vehicle 1
1778.0 1280.0 1798.0 1280.0 1798.0 1305.0 1778.0 1305.0 large-vehicle 1
1783.0 1255.0 1798.0 1255.0 1798.0 1279.0 1783.0 1279.0 large-vehicle 1
1796.0 1244.0 1811.0 1244.0 1811.0 1270.0 1796.0 1270.0 large-vehicle 1
1773.0 1219.0 1796.0 1219.0 1796.0 1244.0 1773.0 1244.0 large-vehicle 1
1742.0 1240.0 1765.0 1240.0 1765.0 1267.0 1742.0 1267.0 large-vehicle 1
1752.0 1235.0 1773.0 1235.0 1773.0 1262.0 1752.0 1262.0 large-vehicle 1
1836.0 305.0 1855.0 305.0 1855.0 331.0 1836.0 331.0 large-vehicle 1
1900.0 277.0 1919.0 277.0 1919.0 299.0 1900.0 299.0 small-vehicle 1
1877.0 281.0 1895.0 281.0 1895.0 303.0 1877.0 303.0 small-vehicle 1
1869.0 286.0 1886.0 286.0 1886.0 309.0 1869.0 309.0 small-vehicle 1
1860.0 290.0 1878.0 290.0 1878.0 312.0 1860.0 312.0 small-vehicle 1
1828.0 316.0 1845.0 316.0 1845.0 338.0 1828.0 338.0 small-vehicle 1
1752.0 354.0 1771.0 354.0 1771.0 378.0 1752.0 378.0 small-vehicle 1
1768.0 401.0 1787.0 401.0 1787.0 424.0 1768.0 424.0 small-vehicle 1
1887.0 487.0 1923.0 487.0 1923.0 536.0 1887.0 536.0 large-vehicle 1
1798.0 532.0 1831.0 532.0 1831.0 564.0 1798.0 564.0 large-vehicle 1
1456.0 28.0 1472.0 28.0 1472.0 48.0 1456.0 48.0 small-vehicle 1
1722.0 452.0 1756.0 452.0 1756.0 487.0 1722.0 487.0 large-vehicle 1
1462.0 22.0 1478.0 22.0 1478.0 42.0 1462.0 42.0 small-vehicle 1
1470.0 18.0 1486.0 18.0 1486.0 38.0 1470.0 38.0 small-vehicle 1
1531.0 263.0 1555.0 263.0 1555.0 287.0 1531.0 287.0 small-vehicle 1
1670.0 502.0 1691.0 502.0 1691.0 520.0 1670.0 520.0 small-vehicle 1
1873.0 552.0 1892.0 552.0 1892.0 572.0 1873.0 572.0 small-vehicle 1
1871.0 460.0 1887.0 460.0 1887.0 479.0 1871.0 479.0 small-vehicle 1
1875.0 443.0 1896.0 443.0 1896.0 467.0 1875.0 467.0 small-vehicle 1
1514.0 17.0 1536.0 17.0 1536.0 35.0 1514.0 35.0 small-vehicle 1
1528.0 41.0 1556.0 41.0 1556.0 77.0 1528.0 77.0 large-vehicle 0
1577.0 14.0 1606.0 14.0 1606.0 49.0 1577.0 49.0 large-vehicle 0
1593.0 7.0 1620.0 7.0 1620.0 42.0 1593.0 42.0 large-vehicle 1
1839.0 101.0 1876.0 101.0 1876.0 130.0 1839.0 130.0 large-vehicle 1
1845.0 113.0 1882.0 113.0 1882.0 139.0 1845.0 139.0 large-vehicle 1
1851.0 123.0 1889.0 123.0 1889.0 152.0 1851.0 152.0 large-vehicle 1
1854.0 137.0 1893.0 137.0 1893.0 166.0 1854.0 166.0 large-vehicle 1
1889.0 189.0 1925.0 189.0 1925.0 218.0 1889.0 218.0 large-vehicle 1
1894.0 203.0 1932.0 203.0 1932.0 230.0 1894.0 230.0 large-vehicle 1
1667.0 316.0 1708.0 316.0 1708.0 358.0 1667.0 358.0 large-vehicle 1
1634.0 282.0 1671.0 282.0 1671.0 320.0 1634.0 320.0 large-vehicle 1
1782.0 335.0 1804.0 335.0 1804.0 364.0 1782.0 364.0 large-vehicle 1
1887.0 278.0 1909.0 278.0 1909.0 305.0 1887.0 305.0 large-vehicle 1
1076.0 499.0 1112.0 499.0 1112.0 525.0 1076.0 525.0 large-vehicle 0
1041.0 562.0 1065.0 562.0 1065.0 591.0 1041.0 591.0 large-vehicle 0
1226.0 755.0 1254.0 755.0 1254.0 779.0 1226.0 779.0 small-vehicle 1
1329.0 1738.0 1349.0 1738.0 1349.0 1759.0 1329.0 1759.0 small-vehicle 1
1128.0 1456.0 1148.0 1456.0 1148.0 1475.0 1128.0 1475.0 small-vehicle 1
987.0 1222.0 1009.0 1222.0 1009.0 1242.0 987.0 1242.0 small-vehicle 1
1448.0 1267.0 1461.0 1267.0 1461.0 1285.0 1448.0 1285.0 small-vehicle 1
1444.0 1309.0 1463.0 1309.0 1463.0 1325.0 1444.0 1325.0 small-vehicle 1
1442.0 1300.0 1457.0 1300.0 1457.0 1313.0 1442.0 1313.0 small-vehicle 1
1433.0 1293.0 1451.0 1293.0 1451.0 1310.0 1433.0 1310.0 small-vehicle 1
1422.0 1266.0 1443.0 1266.0 1443.0 1285.0 1422.0 1285.0 small-vehicle 1
1413.0 1251.0 1433.0 1251.0 1433.0 1269.0 1413.0 1269.0 small-vehicle 1
1409.0 1244.0 1428.0 1244.0 1428.0 1260.0 1409.0 1260.0 small-vehicle 1
1287.0 1375.0 1306.0 1375.0 1306.0 1391.0 1287.0 1391.0 small-vehicle 1
1282.0 1366.0 1304.0 1366.0 1304.0 1385.0 1282.0 1385.0 small-vehicle 1
1274.0 1356.0 1293.0 1356.0 1293.0 1372.0 1274.0 1372.0 small-vehicle 1
1270.0 1349.0 1290.0 1349.0 1290.0 1365.0 1270.0 1365.0 small-vehicle 1
1267.0 1342.0 1290.0 1342.0 1290.0 1358.0 1267.0 1358.0 small-vehicle 1
1265.0 1333.0 1286.0 1333.0 1286.0 1351.0 1265.0 1351.0 small-vehicle 1
1256.0 1322.0 1269.0 1322.0 1269.0 1339.0 1256.0 1339.0 small-vehicle 1
1250.0 1325.0 1263.0 1325.0 1263.0 1341.0 1250.0 1341.0 small-vehicle 1
1243.0 1328.0 1257.0 1328.0 1257.0 1345.0 1243.0 1345.0 small-vehicle 1
1236.0 1332.0 1249.0 1332.0 1249.0 1346.0 1236.0 1346.0 small-vehicle 1
1231.0 1335.0 1245.0 1335.0 1245.0 1351.0 1231.0 1351.0 small-vehicle 1
1227.0 1341.0 1239.0 1341.0 1239.0 1357.0 1227.0 1357.0 small-vehicle 1
1355.0 1651.0 1366.0 1651.0 1366.0 1669.0 1355.0 1669.0 small-vehicle 1
1329.0 1820.0 1358.0 1820.0 1358.0 1846.0 1329.0 1846.0 large-vehicle 0
1212.0 1348.0 1226.0 1348.0 1226.0 1362.0 1212.0 1362.0 small-vehicle 1
1286.0 1839.0 1322.0 1839.0 1322.0 1866.0 1286.0 1866.0 large-vehicle 0
590.0 1509.0 789.0 1509.0 789.0 1712.0 590.0 1712.0 plane 0
1200.0 1906.0 1435.0 1906.0 1435.0 2125.0 1200.0 2125.0 plane 0
1321.0 2133.0 1535.0 2133.0 1535.0 2336.0 1321.0 2336.0 plane 0
1454.0 2351.0 1667.0 2351.0 1667.0 2565.0 1454.0 2565.0 plane 0
757.0 245.0 779.0 245.0 779.0 266.0 757.0 266.0 small-vehicle 1
693.0 245.0 712.0 245.0 712.0 267.0 693.0 267.0 small-vehicle 1
923.0 277.0 939.0 277.0 939.0 299.0 923.0 299.0 small-vehicle 1
672.0 416.0 692.0 416.0 692.0 434.0 672.0 434.0 small-vehicle 1
744.0 487.0 761.0 487.0 761.0 508.0 744.0 508.0 small-vehicle 1
733.0 492.0 750.0 492.0 750.0 513.0 733.0 513.0 small-vehicle 1
724.0 496.0 742.0 496.0 742.0 519.0 724.0 519.0 small-vehicle 1
737.0 537.0 755.0 537.0 755.0 556.0 737.0 556.0 small-vehicle 1
757.0 525.0 774.0 525.0 774.0 544.0 757.0 544.0 small-vehicle 1
752.0 564.0 768.0 564.0 768.0 582.0 752.0 582.0 small-vehicle 1
761.0 560.0 775.0 560.0 775.0 578.0 761.0 578.0 small-vehicle 1
780.0 550.0 794.0 550.0 794.0 567.0 780.0 567.0 small-vehicle 1
789.0 562.0 801.0 562.0 801.0 578.0 789.0 578.0 small-vehicle 1
1503.0 2115.0 1529.0 2115.0 1529.0 2133.0 1503.0 2133.0 large-vehicle 0
1509.0 2126.0 1530.0 2126.0 1530.0 2145.0 1509.0 2145.0 small-vehicle 0
1364.0 1872.0 1386.0 1872.0 1386.0 1892.0 1364.0 1892.0 small-vehicle 0
1385.0 1832.0 1408.0 1832.0 1408.0 1861.0 1385.0 1861.0 large-vehicle 0
1218.0 1342.0 1231.0 1342.0 1231.0 1358.0 1218.0 1358.0 small-vehicle 1
1207.0 1350.0 1220.0 1350.0 1220.0 1366.0 1207.0 1366.0 small-vehicle 1
1213.0 646.0 1232.0 646.0 1232.0 662.0 1213.0 662.0 small-vehicle 1
1441.0 1128.0 1476.0 1128.0 1476.0 1154.0 1441.0 1154.0 large-vehicle 0
1477.0 1192.0 1512.0 1192.0 1512.0 1221.0 1477.0 1221.0 large-vehicle 0
1475.0 1180.0 1507.0 1180.0 1507.0 1206.0 1475.0 1206.0 large-vehicle 0
1461.0 1161.0 1494.0 1161.0 1494.0 1186.0 1461.0 1186.0 large-vehicle 0
1452.0 1150.0 1488.0 1150.0 1488.0 1178.0 1452.0 1178.0 large-vehicle 0
1444.0 1143.0 1477.0 1143.0 1477.0 1167.0 1444.0 1167.0 large-vehicle 0
1387.0 1060.0 1408.0 1060.0 1408.0 1080.0 1387.0 1080.0 small-vehicle 1
1459.0 1082.0 1480.0 1082.0 1480.0 1100.0 1459.0 1100.0 small-vehicle 1
1483.0 1122.0 1505.0 1122.0 1505.0 1142.0 1483.0 1142.0 small-vehicle 1
1486.0 1132.0 1506.0 1132.0 1506.0 1149.0 1486.0 1149.0 small-vehicle 1
1460.0 1022.0 1475.0 1022.0 1475.0 1041.0 1460.0 1041.0 small-vehicle 1
1481.0 1012.0 1497.0 1012.0 1497.0 1030.0 1481.0 1030.0 small-vehicle 1
1506.0 1038.0 1521.0 1038.0 1521.0 1058.0 1506.0 1058.0 small-vehicle 1
1485.0 1050.0 1501.0 1050.0 1501.0 1069.0 1485.0 1069.0 small-vehicle 1
1495.0 1070.0 1510.0 1070.0 1510.0 1088.0 1495.0 1088.0 small-vehicle 1
1519.0 1096.0 1534.0 1096.0 1534.0 1117.0 1519.0 1117.0 small-vehicle 1
1348.0 772.0 1368.0 772.0 1368.0 790.0 1348.0 790.0 small-vehicle 1
1337.0 789.0 1357.0 789.0 1357.0 806.0 1337.0 806.0 small-vehicle 1
1400.0 734.0 1418.0 734.0 1418.0 752.0 1400.0 752.0 small-vehicle 1
1272.0 672.0 1294.0 672.0 1294.0 688.0 1272.0 688.0 small-vehicle 1
1283.0 682.0 1304.0 682.0 1304.0 700.0 1283.0 700.0 small-vehicle 1
1300.0 683.0 1321.0 683.0 1321.0 701.0 1300.0 701.0 small-vehicle 1
1486.0 1230.0 1527.0 1230.0 1527.0 1260.0 1486.0 1260.0 large-vehicle 0
1433.0 1116.0 1472.0 1116.0 1472.0 1145.0 1433.0 1145.0 large-vehicle 0
1200.0 1353.0 1213.0 1353.0 1213.0 1369.0 1200.0 1369.0 small-vehicle 1
1467.0 1171.0 1499.0 1171.0 1499.0 1196.0 1467.0 1196.0 large-vehicle 0
1193.0 1358.0 1207.0 1358.0 1207.0 1372.0 1193.0 1372.0 small-vehicle 1
1187.0 1359.0 1202.0 1359.0 1202.0 1377.0 1187.0 1377.0 small-vehicle 1
1181.0 1363.0 1196.0 1363.0 1196.0 1379.0 1181.0 1379.0 small-vehicle 1
1176.0 1367.0 1188.0 1367.0 1188.0 1383.0 1176.0 1383.0 small-vehicle 1
1166.0 1371.0 1182.0 1371.0 1182.0 1388.0 1166.0 1388.0 small-vehicle 1
1215.0 1254.0 1241.0 1254.0 1241.0 1276.0 1215.0 1276.0 small-vehicle 1
1248.0 1298.0 1272.0 1298.0 1272.0 1319.0 1248.0 1319.0 small-vehicle 1
1239.0 1288.0 1265.0 1288.0 1265.0 1309.0 1239.0 1309.0 small-vehicle 1
1235.0 1279.0 1260.0 1279.0 1260.0 1302.0 1235.0 1302.0 small-vehicle 1
1212.0 1240.0 1239.0 1240.0 1239.0 1262.0 1212.0 1262.0 small-vehicle 1
1222.0 1408.0 1253.0 1408.0 1253.0 1433.0 1222.0 1433.0 large-vehicle 0
1194.0 1411.0 1223.0 1411.0 1223.0 1433.0 1194.0 1433.0 large-vehicle 0
1188.0 1400.0 1216.0 1400.0 1216.0 1421.0 1188.0 1421.0 large-vehicle 0
1184.0 1391.0 1210.0 1391.0 1210.0 1413.0 1184.0 1413.0 large-vehicle 0
1206.0 1375.0 1233.0 1375.0 1233.0 1400.0 1206.0 1400.0 large-vehicle 0
1173.0 1291.0 1196.0 1291.0 1196.0 1319.0 1173.0 1319.0 large-vehicle 0
1186.0 1286.0 1206.0 1286.0 1206.0 1313.0 1186.0 1313.0 large-vehicle 0
1146.0 1302.0 1171.0 1302.0 1171.0 1333.0 1146.0 1333.0 large-vehicle 0
1066.0 1247.0 1101.0 1247.0 1101.0 1297.0 1066.0 1297.0 large-vehicle 0
1130.0 1361.0 1168.0 1361.0 1168.0 1411.0 1130.0 1411.0 large-vehicle 0
1491.0 1213.0 1528.0 1213.0 1528.0 1241.0 1491.0 1241.0 large-vehicle 0
1786.0 392.0 1802.0 392.0 1802.0 414.0 1786.0 414.0 small-vehicle 1
1795.0 389.0 1811.0 389.0 1811.0 410.0 1795.0 410.0 small-vehicle 1
1811.0 383.0 1826.0 383.0 1826.0 400.0 1811.0 400.0 small-vehicle 1
2219.0 857.0 2238.0 857.0 2238.0 880.0 2219.0 880.0 small-vehicle 1
2271.0 892.0 2289.0 892.0 2289.0 911.0 2271.0 911.0 small-vehicle 1
2261.0 875.0 2279.0 875.0 2279.0 897.0 2261.0 897.0 small-vehicle 1
2081.0 897.0 2104.0 897.0 2104.0 923.0 2081.0 923.0 large-vehicle 0
2054.0 848.0 2079.0 848.0 2079.0 871.0 2054.0 871.0 large-vehicle 0
1994.0 1049.0 2043.0 1049.0 2043.0 1105.0 1994.0 1105.0 large-vehicle 0
2059.0 777.0 2078.0 777.0 2078.0 799.0 2059.0 799.0 small-vehicle 1
2025.0 737.0 2046.0 737.0 2046.0 760.0 2025.0 760.0 small-vehicle 1
1974.0 677.0 1994.0 677.0 1994.0 697.0 1974.0 697.0 small-vehicle 1
1954.0 654.0 1977.0 654.0 1977.0 676.0 1954.0 676.0 small-vehicle 1
2257.0 662.0 2295.0 662.0 2295.0 706.0 2257.0 706.0 large-vehicle 0
2240.0 588.0 2278.0 588.0 2278.0 636.0 2240.0 636.0 large-vehicle 0
2174.0 472.0 2204.0 472.0 2204.0 508.0 2174.0 508.0 large-vehicle 0
1940.0 582.0 1967.0 582.0 1967.0 619.0 1940.0 619.0 large-vehicle 0
1951.0 576.0 1979.0 576.0 1979.0 615.0 1951.0 615.0 large-vehicle 0
1984.0 541.0 2019.0 541.0 2019.0 586.0 1984.0 586.0 large-vehicle 0
2022.0 525.0 2053.0 525.0 2053.0 570.0 2022.0 570.0 large-vehicle 0
1926.0 477.0 1955.0 477.0 1955.0 515.0 1926.0 515.0 large-vehicle 0
2048.0 522.0 2079.0 522.0 2079.0 561.0 2048.0 561.0 large-vehicle 0
1973.0 389.0 2002.0 389.0 2002.0 429.0 1973.0 429.0 large-vehicle 0
1963.0 262.0 1995.0 262.0 1995.0 303.0 1963.0 303.0 large-vehicle 0
1974.0 251.0 2007.0 251.0 2007.0 294.0 1974.0 294.0 large-vehicle 0
2254.0 882.0 2270.0 882.0 2270.0 902.0 2254.0 902.0 small-vehicle 1
2238.0 889.0 2257.0 889.0 2257.0 911.0 2238.0 911.0 small-vehicle 1
1936.0 88.0 1965.0 88.0 1965.0 126.0 1936.0 126.0 large-vehicle 0
2191.0 877.0 2206.0 877.0 2206.0 899.0 2191.0 899.0 small-vehicle 1
2169.0 1312.0 2202.0 1312.0 2202.0 1349.0 2169.0 1349.0 large-vehicle 0
2190.0 1404.0 2219.0 1404.0 2219.0 1438.0 2190.0 1438.0 large-vehicle 0
2032.0 1157.0 2054.0 1157.0 2054.0 1184.0 2032.0 1184.0 small-vehicle 1
2209.0 1338.0 2229.0 1338.0 2229.0 1363.0 2209.0 1363.0 small-vehicle 1
2164.0 1093.0 2186.0 1093.0 2186.0 1115.0 2164.0 1115.0 small-vehicle 1
2087.0 1103.0 2110.0 1103.0 2110.0 1128.0 2087.0 1128.0 small-vehicle 1
1813.0 1381.0 1829.0 1381.0 1829.0 1400.0 1813.0 1400.0 small-vehicle 1
1828.0 1375.0 1843.0 1375.0 1843.0 1394.0 1828.0 1394.0 small-vehicle 1
1915.0 894.0 1958.0 894.0 1958.0 938.0 1915.0 938.0 large-vehicle 0
1925.0 817.0 1951.0 817.0 1951.0 844.0 1925.0 844.0 large-vehicle 0
1909.0 779.0 1959.0 779.0 1959.0 828.0 1909.0 828.0 large-vehicle 0
2059.0 945.0 2088.0 945.0 2088.0 974.0 2059.0 974.0 large-vehicle 0
2059.0 968.0 2094.0 968.0 2094.0 1005.0 2059.0 1005.0 large-vehicle 0
2107.0 900.0 2133.0 900.0 2133.0 927.0 2107.0 927.0 large-vehicle 0
2247.0 945.0 2267.0 945.0 2267.0 967.0 2247.0 967.0 small-vehicle 1
2236.0 849.0 2253.0 849.0 2253.0 869.0 2236.0 869.0 small-vehicle 1
2286.0 881.0 2304.0 881.0 2304.0 903.0 2286.0 903.0 small-vehicle 1
2162.0 873.0 2185.0 873.0 2185.0 890.0 2162.0 890.0 small-vehicle 1
1994.0 889.0 2014.0 889.0 2014.0 909.0 1994.0 909.0 small-vehicle 1
2007.0 803.0 2031.0 803.0 2031.0 826.0 2007.0 826.0 small-vehicle 1
1970.0 770.0 1992.0 770.0 1992.0 792.0 1970.0 792.0 small-vehicle 1
1978.0 229.0 2009.0 229.0 2009.0 271.0 1978.0 271.0 large-vehicle 0
1919.0 53.0 1945.0 53.0 1945.0 88.0 1919.0 88.0 large-vehicle 0
2011.0 1345.0 2041.0 1345.0 2041.0 1385.0 2011.0 1385.0 large-vehicle 0
2011.0 1828.0 2029.0 1828.0 2029.0 1848.0 2011.0 1848.0 small-vehicle 1
1883.0 2197.0 1903.0 2197.0 1903.0 2217.0 1883.0 2217.0 small-vehicle 1
2214.0 2238.0 2260.0 2238.0 2260.0 2269.0 2214.0 2269.0 large-vehicle 0
1854.0 2443.0 1893.0 2443.0 1893.0 2473.0 1854.0 2473.0 large-vehicle 0
2272.0 1359.0 2290.0 1359.0 2290.0 1382.0 2272.0 1382.0 small-vehicle 1
1955.0 1079.0 1980.0 1079.0 1980.0 1107.0 1955.0 1107.0 small-vehicle 1
1928.0 1095.0 1949.0 1095.0 1949.0 1119.0 1928.0 1119.0 small-vehicle 1
2258.0 1208.0 2279.0 1208.0 2279.0 1234.0 2258.0 1234.0 small-vehicle 1
1108.0 1233.0 1139.0 1233.0 1139.0 1260.0 1108.0 1260.0 large-vehicle 0
1527.0 1090.0 1545.0 1090.0 1545.0 1110.0 1527.0 1110.0 small-vehicle 1
1573.0 1002.0 1588.0 1002.0 1588.0 1021.0 1573.0 1021.0 small-vehicle 1
1416.0 103.0 1436.0 103.0 1436.0 120.0 1416.0 120.0 small-vehicle 1
945.0 85.0 984.0 85.0 984.0 126.0 945.0 126.0 large-vehicle 0
1591.0 1012.0 1606.0 1012.0 1606.0 1031.0 1591.0 1031.0 small-vehicle 1
1503.0 1060.0 1521.0 1060.0 1521.0 1083.0 1503.0 1083.0 small-vehicle 1
1453.0 1025.0 1469.0 1025.0 1469.0 1045.0 1453.0 1045.0 small-vehicle 1
1550.0 1147.0 1564.0 1147.0 1564.0 1164.0 1550.0 1164.0 small-vehicle 1
2046.0 426.0 2066.0 426.0 2066.0 447.0 2046.0 447.0 small-vehicle 1
1893.0 519.0 1909.0 519.0 1909.0 538.0 1893.0 538.0 small-vehicle 1
1837.0 1390.0 1853.0 1390.0 1853.0 1411.0 1837.0 1411.0 small-vehicle 1
2162.0 1689.0 2187.0 1689.0 2187.0 1718.0 2162.0 1718.0 large-vehicle 0
2182.0 1718.0 2205.0 1718.0 2205.0 1747.0 2182.0 1747.0 large-vehicle 0
2002.0 2145.0 2021.0 2145.0 2021.0 2161.0 2002.0 2161.0 small-vehicle 1
1691.0 646.0 1717.0 646.0 1717.0 674.0 1691.0 674.0 small-vehicle 1
1898.0 22.0 1924.0 22.0 1924.0 53.0 1898.0 53.0 large-vehicle 0
1730.0 685.0 1755.0 685.0 1755.0 711.0 1730.0 711.0 large-vehicle 1
1924.0 264.0 1944.0 264.0 1944.0 287.0 1924.0 287.0 small-vehicle 1
1890.0 333.0 1908.0 333.0 1908.0 354.0 1890.0 354.0 small-vehicle 1
1940.0 309.0 1955.0 309.0 1955.0 328.0 1940.0 328.0 small-vehicle 1
1948.0 303.0 1963.0 303.0 1963.0 322.0 1948.0 322.0 small-vehicle 1
1954.0 297.0 1971.0 297.0 1971.0 319.0 1954.0 319.0 small-vehicle 1
2008.0 364.0 2030.0 364.0 2030.0 381.0 2008.0 381.0 small-vehicle 1
2018.0 376.0 2037.0 376.0 2037.0 393.0 2018.0 393.0 small-vehicle 1
2028.0 393.0 2044.0 393.0 2044.0 407.0 2028.0 407.0 small-vehicle 1
2033.0 400.0 2049.0 400.0 2049.0 416.0 2033.0 416.0 small-vehicle 1
2041.0 413.0 2057.0 413.0 2057.0 429.0 2041.0 429.0 small-vehicle 1
1939.0 408.0 1954.0 408.0 1954.0 420.0 1939.0 420.0 small-vehicle 1
1942.0 421.0 1963.0 421.0 1963.0 436.0 1942.0 436.0 small-vehicle 1
1944.0 413.0 1959.0 413.0 1959.0 427.0 1944.0 427.0 small-vehicle 1
1969.0 470.0 1991.0 470.0 1991.0 488.0 1969.0 488.0 small-vehicle 1
1967.0 460.0 1986.0 460.0 1986.0 477.0 1967.0 477.0 small-vehicle 1
1958.0 445.0 1977.0 445.0 1977.0 460.0 1958.0 460.0 small-vehicle 1
2008.0 448.0 2028.0 448.0 2028.0 473.0 2008.0 473.0 small-vehicle 1
2074.0 424.0 2089.0 424.0 2089.0 444.0 2074.0 444.0 small-vehicle 1
2081.0 418.0 2099.0 418.0 2099.0 438.0 2081.0 438.0 small-vehicle 1
2090.0 413.0 2107.0 413.0 2107.0 434.0 2090.0 434.0 small-vehicle 1
2193.0 461.0 2205.0 461.0 2205.0 479.0 2193.0 479.0 small-vehicle 1
1951.0 1231.0 1994.0 1231.0 1994.0 1289.0 1951.0 1289.0 large-vehicle 0
2197.0 1542.0 2216.0 1542.0 2216.0 1557.0 2197.0 1557.0 small-vehicle 1
1817.0 374.0 1835.0 374.0 1835.0 397.0 1817.0 397.0 small-vehicle 1
1562.0 1070.0 1580.0 1070.0 1580.0 1093.0 1562.0 1093.0 small-vehicle 1
1579.0 1062.0 1595.0 1062.0 1595.0 1084.0 1579.0 1084.0 small-vehicle 1
1588.0 1058.0 1602.0 1058.0 1602.0 1079.0 1588.0 1079.0 small-vehicle 1
1595.0 1054.0 1611.0 1054.0 1611.0 1076.0 1595.0 1076.0 small-vehicle 1
1608.0 1044.0 1625.0 1044.0 1625.0 1066.0 1608.0 1066.0 small-vehicle 1
1596.0 1075.0 1613.0 1075.0 1613.0 1094.0 1596.0 1094.0 small-vehicle 1
1611.0 1066.0 1626.0 1066.0 1626.0 1086.0 1611.0 1086.0 small-vehicle 1
1619.0 1062.0 1636.0 1062.0 1636.0 1082.0 1619.0 1082.0 small-vehicle 1
1515.0 1033.0 1531.0 1033.0 1531.0 1053.0 1515.0 1053.0 small-vehicle 1
1504.0 994.0 1520.0 994.0 1520.0 1016.0 1504.0 1016.0 small-vehicle 1
1521.0 987.0 1537.0 987.0 1537.0 1008.0 1521.0 1008.0 small-vehicle 1
1652.0 1108.0 1669.0 1108.0 1669.0 1128.0 1652.0 1128.0 small-vehicle 1
1555.0 1141.0 1570.0 1141.0 1570.0 1159.0 1555.0 1159.0 small-vehicle 1
1562.0 1135.0 1578.0 1135.0 1578.0 1157.0 1562.0 1157.0 small-vehicle 1
1570.0 1131.0 1586.0 1131.0 1586.0 1152.0 1570.0 1152.0 small-vehicle 1
1550.0 1165.0 1567.0 1165.0 1567.0 1187.0 1550.0 1187.0 small-vehicle 1
1573.0 1155.0 1588.0 1155.0 1588.0 1172.0 1573.0 1172.0 small-vehicle 1
1587.0 1145.0 1603.0 1145.0 1603.0 1165.0 1587.0 1165.0 small-vehicle 1
1603.0 1136.0 1618.0 1136.0 1618.0 1156.0 1603.0 1156.0 small-vehicle 1
1643.0 1090.0 1661.0 1090.0 1661.0 1111.0 1643.0 1111.0 small-vehicle 1
1571.0 1198.0 1586.0 1198.0 1586.0 1221.0 1571.0 1221.0 small-vehicle 1
1585.0 1189.0 1601.0 1189.0 1601.0 1211.0 1585.0 1211.0 small-vehicle 1
1581.0 1081.0 1597.0 1081.0 1597.0 1104.0 1581.0 1104.0 small-vehicle 1
1551.0 1098.0 1569.0 1098.0 1569.0 1122.0 1551.0 1122.0 small-vehicle 1
1626.0 1167.0 1643.0 1167.0 1643.0 1189.0 1626.0 1189.0 small-vehicle 1
1492.0 1045.0 1508.0 1045.0 1508.0 1065.0 1492.0 1065.0 small-vehicle 1
1827.0 372.0 1842.0 372.0 1842.0 390.0 1827.0 390.0 small-vehicle 1
1835.0 367.0 1849.0 367.0 1849.0 386.0 1835.0 386.0 small-vehicle 1
1842.0 361.0 1860.0 361.0 1860.0 382.0 1842.0 382.0 small-vehicle 1
1849.0 357.0 1867.0 357.0 1867.0 379.0 1849.0 379.0 small-vehicle 1
1873.0 345.0 1890.0 345.0 1890.0 366.0 1873.0 366.0 small-vehicle 1
1880.0 336.0 1899.0 336.0 1899.0 359.0 1880.0 359.0 small-vehicle 1
1818.0 321.0 1835.0 321.0 1835.0 342.0 1818.0 342.0 small-vehicle 1
1888.0 433.0 1906.0 433.0 1906.0 454.0 1888.0 454.0 small-vehicle 1
1909.0 423.0 1929.0 423.0 1929.0 439.0 1909.0 439.0 small-vehicle 1
1744.0 614.0 1767.0 614.0 1767.0 637.0 1744.0 637.0 small-vehicle 1
1796.0 608.0 1820.0 608.0 1820.0 631.0 1796.0 631.0 small-vehicle 1
1580.0 558.0 1604.0 558.0 1604.0 582.0 1580.0 582.0 small-vehicle 1
1510.0 594.0 1534.0 594.0 1534.0 617.0 1510.0 617.0 small-vehicle 1
1659.0 662.0 1682.0 662.0 1682.0 684.0 1659.0 684.0 small-vehicle 1
1695.0 754.0 1718.0 754.0 1718.0 776.0 1695.0 776.0 small-vehicle 1
1703.0 1064.0 1721.0 1064.0 1721.0 1085.0 1703.0 1085.0 small-vehicle 1
1779.0 1161.0 1795.0 1161.0 1795.0 1178.0 1779.0 1178.0 small-vehicle 1
1539.0 1218.0 1556.0 1218.0 1556.0 1235.0 1539.0 1235.0 small-vehicle 1
1525.0 1150.0 1538.0 1150.0 1538.0 1173.0 1525.0 1173.0 small-vehicle 1
1520.0 1117.0 1539.0 1117.0 1539.0 1138.0 1520.0 1138.0 small-vehicle 1
1523.0 1048.0 1542.0 1048.0 1542.0 1070.0 1523.0 1070.0 small-vehicle 1
1593.0 1185.0 1611.0 1185.0 1611.0 1208.0 1593.0 1208.0 small-vehicle 1
1649.0 1153.0 1666.0 1153.0 1666.0 1175.0 1649.0 1175.0 small-vehicle 1
2107.0 1649.0 2127.0 1649.0 2127.0 1675.0 2107.0 1675.0 large-vehicle 0
1755.0 2121.0 1772.0 2121.0 1772.0 2143.0 1755.0 2143.0 small-vehicle 1
1792.0 2124.0 1811.0 2124.0 1811.0 2148.0 1792.0 2148.0 small-vehicle 1
1754.0 2170.0 1771.0 2170.0 1771.0 2192.0 1754.0 2192.0 small-vehicle 1
1761.0 2165.0 1781.0 2165.0 1781.0 2191.0 1761.0 2191.0 small-vehicle 1
1772.0 2162.0 1789.0 2162.0 1789.0 2184.0 1772.0 2184.0 small-vehicle 1
1782.0 2158.0 1801.0 2158.0 1801.0 2181.0 1782.0 2181.0 small-vehicle 1
1778.0 2214.0 1794.0 2214.0 1794.0 2235.0 1778.0 2235.0 small-vehicle 1
1786.0 2209.0 1803.0 2209.0 1803.0 2228.0 1786.0 2228.0 small-vehicle 1
1795.0 2203.0 1812.0 2203.0 1812.0 2225.0 1795.0 2225.0 small-vehicle 1
1806.0 2198.0 1823.0 2198.0 1823.0 2222.0 1806.0 2222.0 small-vehicle 1
1525.0 2270.0 1545.0 2270.0 1545.0 2289.0 1525.0 2289.0 small-vehicle 1
1594.0 2334.0 1614.0 2334.0 1614.0 2351.0 1594.0 2351.0 small-vehicle 1
1899.0 2369.0 1922.0 2369.0 1922.0 2389.0 1899.0 2389.0 small-vehicle 1
2229.0 2571.0 2252.0 2571.0 2252.0 2598.0 2229.0 2598.0 small-vehicle 1
2208.0 2528.0 2223.0 2528.0 2223.0 2547.0 2208.0 2547.0 small-vehicle 1
2203.0 2490.0 2230.0 2490.0 2230.0 2525.0 2203.0 2525.0 large-vehicle 0
2262.0 2528.0 2285.0 2528.0 2285.0 2548.0 2262.0 2548.0 small-vehicle 1
2268.0 2540.0 2289.0 2540.0 2289.0 2558.0 2268.0 2558.0 small-vehicle 1
2247.0 1825.0 2266.0 1825.0 2266.0 1848.0 2247.0 1848.0 small-vehicle 1
2219.0 1781.0 2236.0 1781.0 2236.0 1803.0 2219.0 1803.0 small-vehicle 1
2234.0 1803.0 2251.0 1803.0 2251.0 1822.0 2234.0 1822.0 small-vehicle 1
2138.0 1702.0 2159.0 1702.0 2159.0 1728.0 2138.0 1728.0 small-vehicle 1
1765.0 2116.0 1782.0 2116.0 1782.0 2139.0 1765.0 2139.0 small-vehicle 1
1719.0 2144.0 1739.0 2144.0 1739.0 2170.0 1719.0 2170.0 small-vehicle 1
1658.0 1150.0 1675.0 1150.0 1675.0 1172.0 1658.0 1172.0 small-vehicle 1
1710.0 2149.0 1729.0 2149.0 1729.0 2173.0 1710.0 2173.0 small-vehicle 1
1665.0 1144.0 1684.0 1144.0 1684.0 1166.0 1665.0 1166.0 small-vehicle 1
1675.0 1141.0 1692.0 1141.0 1692.0 1163.0 1675.0 1163.0 small-vehicle 1
1699.0 1150.0 1719.0 1150.0 1719.0 1174.0 1699.0 1174.0 small-vehicle 1
1651.0 1178.0 1670.0 1178.0 1670.0 1201.0 1651.0 1201.0 small-vehicle 1
1660.0 1172.0 1678.0 1172.0 1678.0 1198.0 1660.0 1198.0 small-vehicle 1
1667.0 1168.0 1687.0 1168.0 1687.0 1192.0 1667.0 1192.0 small-vehicle 1
1767.0 1227.0 1784.0 1227.0 1784.0 1247.0 1767.0 1247.0 small-vehicle 1
1742.0 1304.0 1759.0 1304.0 1759.0 1326.0 1742.0 1326.0 small-vehicle 1
1154.0 1236.0 1184.0 1236.0 1184.0 1261.0 1154.0 1261.0 large-vehicle 0
1117.0 1258.0 1147.0 1258.0 1147.0 1284.0 1117.0 1284.0 large-vehicle 0
1682.0 1607.0 1700.0 1607.0 1700.0 1628.0 1682.0 1628.0 small-vehicle 1
1694.0 1628.0 1715.0 1628.0 1715.0 1653.0 1694.0 1653.0 small-vehicle 1
1772.0 1705.0 1793.0 1705.0 1793.0 1721.0 1772.0 1721.0 small-vehicle 1
1766.0 1696.0 1786.0 1696.0 1786.0 1712.0 1766.0 1712.0 small-vehicle 1
1757.0 1679.0 1779.0 1679.0 1779.0 1698.0 1757.0 1698.0 small-vehicle 1
1823.0 1855.0 1841.0 1855.0 1841.0 1880.0 1823.0 1880.0 small-vehicle 1
1810.0 1836.0 1831.0 1836.0 1831.0 1858.0 1810.0 1858.0 small-vehicle 1
1889.0 1860.0 1908.0 1860.0 1908.0 1876.0 1889.0 1876.0 small-vehicle 1
1841.0 1904.0 1878.0 1904.0 1878.0 1932.0 1841.0 1932.0 large-vehicle 0
1734.0 1795.0 1757.0 1795.0 1757.0 1827.0 1734.0 1827.0 large-vehicle 0
1621.0 1605.0 1653.0 1605.0 1653.0 1641.0 1621.0 1641.0 large-vehicle 0
336.0 362.0 533.0 362.0 533.0 560.0 336.0 560.0 plane 0
