imagesource:GoogleEarth
gsd:0.26876766022
4228.0 5171.0 4263.0 5171.0 4263.0 5218.0 4228.0 5218.0 large-vehicle 0
4246.0 2076.0 4266.0 2076.0 4266.0 2100.0 4246.0 2100.0 small-vehicle 1
4301.0 2069.0 4319.0 2069.0 4319.0 2092.0 4301.0 2092.0 small-vehicle 1
4350.0 2086.0 4370.0 2086.0 4370.0 2110.0 4350.0 2110.0 small-vehicle 1
4316.0 2036.0 4336.0 2036.0 4336.0 2059.0 4316.0 2059.0 small-vehicle 1
4308.0 2042.0 4326.0 2042.0 4326.0 2065.0 4308.0 2065.0 small-vehicle 1
4302.0 2048.0 4317.0 2048.0 4317.0 2069.0 4302.0 2069.0 small-vehicle 1
4292.0 2052.0 4309.0 2052.0 4309.0 2074.0 4292.0 2074.0 small-vehicle 1
4281.0 2056.0 4300.0 2056.0 4300.0 2079.0 4281.0 2079.0 small-vehicle 1
4272.0 2062.0 4290.0 2062.0 4290.0 2086.0 4272.0 2086.0 small-vehicle 1
4283.0 2081.0 4302.0 2081.0 4302.0 2106.0 4283.0 2106.0 small-vehicle 1
4268.0 2090.0 4286.0 2090.0 4286.0 2114.0 4268.0 2114.0 small-vehicle 1
4256.0 2094.0 4273.0 2094.0 4273.0 2118.0 4256.0 2118.0 small-vehicle 1
4334.0 2097.0 4352.0 2097.0 4352.0 2120.0 4334.0 2120.0 small-vehicle 1
4321.0 2060.0 4336.0 2060.0 4336.0 2084.0 4321.0 2084.0 small-vehicle 1
4319.0 2105.0 4336.0 2105.0 4336.0 2128.0 4319.0 2128.0 small-vehicle 1
4312.0 2110.0 4328.0 2110.0 4328.0 2132.0 4312.0 2132.0 small-vehicle 1
4304.0 2114.0 4320.0 2114.0 4320.0 2137.0 4304.0 2137.0 small-vehicle 1
4295.0 2120.0 4312.0 2120.0 4312.0 2141.0 4295.0 2141.0 small-vehicle 1
4287.0 2126.0 4304.0 2126.0 4304.0 2148.0 4287.0 2148.0 small-vehicle 1
4277.0 2130.0 4294.0 2130.0 4294.0 2154.0 4277.0 2154.0 small-vehicle 1
4298.0 2140.0 4314.0 2140.0 4314.0 2163.0 4298.0 2163.0 small-vehicle 1
4288.0 2147.0 4304.0 2147.0 4304.0 2168.0 4288.0 2168.0 small-vehicle 1
4337.0 2118.0 4355.0 2118.0 4355.0 2140.0 4337.0 2140.0 small-vehicle 1
4368.0 2098.0 4388.0 2098.0 4388.0 2123.0 4368.0 2123.0 small-vehicle 1
4392.0 2132.0 4411.0 2132.0 4411.0 2158.0 4392.0 2158.0 small-vehicle 1
4312.0 2064.0 4327.0 2064.0 4327.0 2084.0 4312.0 2084.0 small-vehicle 1
4328.0 2056.0 4345.0 2056.0 4345.0 2078.0 4328.0 2078.0 small-vehicle 1
4344.0 2164.0 4362.0 2164.0 4362.0 2187.0 4344.0 2187.0 small-vehicle 1
4241.0 2008.0 4260.0 2008.0 4260.0 2034.0 4241.0 2034.0 small-vehicle 1
4294.0 2006.0 4312.0 2006.0 4312.0 2027.0 4294.0 2027.0 small-vehicle 1
4285.0 2012.0 4304.0 2012.0 4304.0 2032.0 4285.0 2032.0 small-vehicle 1
4278.0 2016.0 4294.0 2016.0 4294.0 2039.0 4278.0 2039.0 small-vehicle 1
4267.0 2018.0 4286.0 2018.0 4286.0 2041.0 4267.0 2041.0 small-vehicle 1
4262.0 2025.0 4276.0 2025.0 4276.0 2044.0 4262.0 2044.0 small-vehicle 1
4253.0 2029.0 4269.0 2029.0 4269.0 2051.0 4253.0 2051.0 small-vehicle 1
4245.0 2034.0 4262.0 2034.0 4262.0 2055.0 4245.0 2055.0 small-vehicle 1
4300.0 1978.0 4319.0 1978.0 4319.0 2002.0 4300.0 2002.0 small-vehicle 1
4282.0 1988.0 4301.0 1988.0 4301.0 2012.0 4282.0 2012.0 small-vehicle 1
4265.0 1994.0 4284.0 1994.0 4284.0 2020.0 4265.0 2020.0 small-vehicle 1
4248.0 2004.0 4268.0 2004.0 4268.0 2030.0 4248.0 2030.0 small-vehicle 1
4236.0 2036.0 4252.0 2036.0 4252.0 2058.0 4236.0 2058.0 small-vehicle 1
4337.0 2050.0 4354.0 2050.0 4354.0 2072.0 4337.0 2072.0 small-vehicle 1
4225.0 2018.0 4244.0 2018.0 4244.0 2042.0 4225.0 2042.0 small-vehicle 1
4224.0 2042.0 4244.0 2042.0 4244.0 2066.0 4224.0 2066.0 small-vehicle 1
4210.0 2055.0 4224.0 2055.0 4224.0 2076.0 4210.0 2076.0 small-vehicle 1
4201.0 2058.0 4218.0 2058.0 4218.0 2082.0 4201.0 2082.0 small-vehicle 1
4190.0 2062.0 4210.0 2062.0 4210.0 2088.0 4190.0 2088.0 small-vehicle 1
4207.0 2032.0 4226.0 2032.0 4226.0 2054.0 4207.0 2054.0 small-vehicle 1
4198.0 2034.0 4216.0 2034.0 4216.0 2058.0 4198.0 2058.0 small-vehicle 1
4189.0 2040.0 4207.0 2040.0 4207.0 2064.0 4189.0 2064.0 small-vehicle 1
4176.0 2045.0 4197.0 2045.0 4197.0 2070.0 4176.0 2070.0 small-vehicle 1
4345.0 2042.0 4363.0 2042.0 4363.0 2066.0 4345.0 2066.0 small-vehicle 1
4328.0 2030.0 4342.0 2030.0 4342.0 2054.0 4328.0 2054.0 small-vehicle 1
4369.0 2146.0 4388.0 2146.0 4388.0 2169.0 4369.0 2169.0 small-vehicle 1
4334.0 2170.0 4352.0 2170.0 4352.0 2193.0 4334.0 2193.0 small-vehicle 1
4026.0 2865.0 4048.0 2865.0 4048.0 2881.0 4026.0 2881.0 large-vehicle 0
3747.0 1449.0 3770.0 1449.0 3770.0 1467.0 3747.0 1467.0 small-vehicle 1
3928.0 1445.0 3948.0 1445.0 3948.0 1470.0 3928.0 1470.0 small-vehicle 1
3912.0 1454.0 3932.0 1454.0 3932.0 1478.0 3912.0 1478.0 small-vehicle 1
3906.0 1458.0 3923.0 1458.0 3923.0 1482.0 3906.0 1482.0 small-vehicle 1
3897.0 1462.0 3915.0 1462.0 3915.0 1488.0 3897.0 1488.0 small-vehicle 1
3889.0 1469.0 3908.0 1469.0 3908.0 1490.0 3889.0 1490.0 small-vehicle 1
3882.0 1473.0 3900.0 1473.0 3900.0 1494.0 3882.0 1494.0 small-vehicle 1
3873.0 1478.0 3892.0 1478.0 3892.0 1502.0 3873.0 1502.0 small-vehicle 1
3864.0 1481.0 3882.0 1481.0 3882.0 1507.0 3864.0 1507.0 small-vehicle 1
3848.0 1491.0 3869.0 1491.0 3869.0 1516.0 3848.0 1516.0 small-vehicle 1
3838.0 1496.0 3856.0 1496.0 3856.0 1523.0 3838.0 1523.0 small-vehicle 1
3751.0 1458.0 3777.0 1458.0 3777.0 1477.0 3751.0 1477.0 small-vehicle 1
3760.0 1429.0 3784.0 1429.0 3784.0 1448.0 3760.0 1448.0 small-vehicle 1
4466.0 1605.0 4483.0 1605.0 4483.0 1631.0 4466.0 1631.0 small-vehicle 1
3765.0 1439.0 3787.0 1439.0 3787.0 1458.0 3765.0 1458.0 small-vehicle 1
3777.0 1456.0 3797.0 1456.0 3797.0 1475.0 3777.0 1475.0 small-vehicle 1
3781.0 1464.0 3802.0 1464.0 3802.0 1482.0 3781.0 1482.0 small-vehicle 1
3799.0 1496.0 3818.0 1496.0 3818.0 1513.0 3799.0 1513.0 small-vehicle 1
3805.0 1504.0 3824.0 1504.0 3824.0 1522.0 3805.0 1522.0 small-vehicle 1
3778.0 1497.0 3798.0 1497.0 3798.0 1514.0 3778.0 1514.0 small-vehicle 1
3784.0 1507.0 3802.0 1507.0 3802.0 1520.0 3784.0 1520.0 small-vehicle 1
3790.0 1515.0 3807.0 1515.0 3807.0 1529.0 3790.0 1529.0 small-vehicle 1
3956.0 2900.0 3980.0 2900.0 3980.0 2916.0 3956.0 2916.0 large-vehicle 0
3973.0 2894.0 3994.0 2894.0 3994.0 2911.0 3973.0 2911.0 large-vehicle 0
3993.0 2882.0 4012.0 2882.0 4012.0 2898.0 3993.0 2898.0 large-vehicle 0
3938.0 1440.0 3958.0 1440.0 3958.0 1464.0 3938.0 1464.0 small-vehicle 1
4481.0 1595.0 4499.0 1595.0 4499.0 1620.0 4481.0 1620.0 small-vehicle 1
4317.0 2177.0 4333.0 2177.0 4333.0 2198.0 4317.0 2198.0 small-vehicle 1
3894.0 1401.0 3912.0 1401.0 3912.0 1424.0 3894.0 1424.0 small-vehicle 1
4307.0 2180.0 4325.0 2180.0 4325.0 2204.0 4307.0 2204.0 small-vehicle 1
4298.0 2189.0 4315.0 2189.0 4315.0 2208.0 4298.0 2208.0 small-vehicle 1
3782.0 1123.0 3804.0 1123.0 3804.0 1151.0 3782.0 1151.0 small-vehicle 1
3768.0 1133.0 3786.0 1133.0 3786.0 1158.0 3768.0 1158.0 small-vehicle 1
3750.0 1143.0 3771.0 1143.0 3771.0 1167.0 3750.0 1167.0 small-vehicle 1
3710.0 1165.0 3729.0 1165.0 3729.0 1190.0 3710.0 1190.0 small-vehicle 1
3794.0 1489.0 3815.0 1489.0 3815.0 1506.0 3794.0 1506.0 small-vehicle 1
3845.0 1454.0 3861.0 1454.0 3861.0 1472.0 3845.0 1472.0 small-vehicle 1
3855.0 1446.0 3870.0 1446.0 3870.0 1468.0 3855.0 1468.0 small-vehicle 1
3887.0 1426.0 3904.0 1426.0 3904.0 1449.0 3887.0 1449.0 small-vehicle 1
3878.0 1433.0 3895.0 1433.0 3895.0 1456.0 3878.0 1456.0 small-vehicle 1
3876.0 1411.0 3895.0 1411.0 3895.0 1433.0 3876.0 1433.0 small-vehicle 1
4496.0 1586.0 4516.0 1586.0 4516.0 1610.0 4496.0 1610.0 small-vehicle 1
3836.0 1435.0 3855.0 1435.0 3855.0 1458.0 3836.0 1458.0 small-vehicle 1
3820.0 1445.0 3838.0 1445.0 3838.0 1468.0 3820.0 1468.0 small-vehicle 1
3812.0 1448.0 3829.0 1448.0 3829.0 1470.0 3812.0 1470.0 small-vehicle 1
3892.0 1359.0 3909.0 1359.0 3909.0 1380.0 3892.0 1380.0 small-vehicle 1
3882.0 1364.0 3899.0 1364.0 3899.0 1387.0 3882.0 1387.0 small-vehicle 1
3864.0 1372.0 3884.0 1372.0 3884.0 1396.0 3864.0 1396.0 small-vehicle 1
3833.0 1389.0 3851.0 1389.0 3851.0 1414.0 3833.0 1414.0 small-vehicle 1
3825.0 1395.0 3842.0 1395.0 3842.0 1419.0 3825.0 1419.0 small-vehicle 1
3818.0 1402.0 3834.0 1402.0 3834.0 1424.0 3818.0 1424.0 small-vehicle 1
3810.0 1408.0 3826.0 1408.0 3826.0 1427.0 3810.0 1427.0 small-vehicle 1
3791.0 1416.0 3810.0 1416.0 3810.0 1438.0 3791.0 1438.0 small-vehicle 1
4302.0 2002.0 4317.0 2002.0 4317.0 2022.0 4302.0 2022.0 small-vehicle 1
4310.0 1998.0 4326.0 1998.0 4326.0 2018.0 4310.0 2018.0 small-vehicle 1
4156.0 1992.0 4175.0 1992.0 4175.0 2016.0 4156.0 2016.0 small-vehicle 1
4469.0 1880.0 4487.0 1880.0 4487.0 1902.0 4469.0 1902.0 small-vehicle 1
4380.0 1859.0 4399.0 1859.0 4399.0 1884.0 4380.0 1884.0 small-vehicle 1
4363.0 1868.0 4384.0 1868.0 4384.0 1891.0 4363.0 1891.0 small-vehicle 1
4430.0 1925.0 4450.0 1925.0 4450.0 1948.0 4430.0 1948.0 small-vehicle 1
4422.0 1932.0 4439.0 1932.0 4439.0 1953.0 4422.0 1953.0 small-vehicle 1
4414.0 1938.0 4431.0 1938.0 4431.0 1961.0 4414.0 1961.0 small-vehicle 1
4404.0 1942.0 4423.0 1942.0 4423.0 1966.0 4404.0 1966.0 small-vehicle 1
4394.0 1948.0 4412.0 1948.0 4412.0 1971.0 4394.0 1971.0 small-vehicle 1
4472.0 1904.0 4488.0 1904.0 4488.0 1924.0 4472.0 1924.0 small-vehicle 1
4479.0 1898.0 4496.0 1898.0 4496.0 1922.0 4479.0 1922.0 small-vehicle 1
4486.0 1896.0 4506.0 1896.0 4506.0 1917.0 4486.0 1917.0 small-vehicle 1
4476.0 1875.0 4498.0 1875.0 4498.0 1900.0 4476.0 1900.0 small-vehicle 1
4462.0 1888.0 4478.0 1888.0 4478.0 1908.0 4462.0 1908.0 small-vehicle 1
4403.0 1844.0 4424.0 1844.0 4424.0 1869.0 4403.0 1869.0 small-vehicle 1
4452.0 1891.0 4471.0 1891.0 4471.0 1913.0 4452.0 1913.0 small-vehicle 1
4445.0 1898.0 4462.0 1898.0 4462.0 1918.0 4445.0 1918.0 small-vehicle 1
4438.0 1900.0 4454.0 1900.0 4454.0 1922.0 4438.0 1922.0 small-vehicle 1
4428.0 1903.0 4446.0 1903.0 4446.0 1926.0 4428.0 1926.0 small-vehicle 1
4422.0 1910.0 4438.0 1910.0 4438.0 1931.0 4422.0 1931.0 small-vehicle 1
4412.0 1914.0 4430.0 1914.0 4430.0 1936.0 4412.0 1936.0 small-vehicle 1
4391.0 1926.0 4410.0 1926.0 4410.0 1946.0 4391.0 1946.0 small-vehicle 1
4383.0 1929.0 4402.0 1929.0 4402.0 1951.0 4383.0 1951.0 small-vehicle 1
4376.0 1934.0 4394.0 1934.0 4394.0 1956.0 4376.0 1956.0 small-vehicle 1
4365.0 1938.0 4384.0 1938.0 4384.0 1961.0 4365.0 1961.0 small-vehicle 1
4390.0 1881.0 4410.0 1881.0 4410.0 1901.0 4390.0 1901.0 small-vehicle 1
4392.0 1856.0 4409.0 1856.0 4409.0 1878.0 4392.0 1878.0 small-vehicle 1
4414.0 1838.0 4432.0 1838.0 4432.0 1862.0 4414.0 1862.0 small-vehicle 1
4166.0 2012.0 4184.0 2012.0 4184.0 2034.0 4166.0 2034.0 small-vehicle 1
4782.0 1766.0 4806.0 1766.0 4806.0 1786.0 4782.0 1786.0 small-vehicle 1
4364.0 1817.0 4384.0 1817.0 4384.0 1840.0 4364.0 1840.0 small-vehicle 1
4374.0 1811.0 4394.0 1811.0 4394.0 1835.0 4374.0 1835.0 small-vehicle 1
4383.0 1806.0 4402.0 1806.0 4402.0 1830.0 4383.0 1830.0 small-vehicle 1
4390.0 1802.0 4410.0 1802.0 4410.0 1826.0 4390.0 1826.0 small-vehicle 1
4399.0 1797.0 4418.0 1797.0 4418.0 1820.0 4399.0 1820.0 small-vehicle 1
4416.0 1790.0 4433.0 1790.0 4433.0 1812.0 4416.0 1812.0 small-vehicle 1
4422.0 1784.0 4444.0 1784.0 4444.0 1809.0 4422.0 1809.0 small-vehicle 1
4120.0 1960.0 4140.0 1960.0 4140.0 1987.0 4120.0 1987.0 small-vehicle 1
4773.0 1636.0 4796.0 1636.0 4796.0 1663.0 4773.0 1663.0 small-vehicle 1
4760.0 1644.0 4780.0 1644.0 4780.0 1670.0 4760.0 1670.0 small-vehicle 1
4748.0 1654.0 4769.0 1654.0 4769.0 1679.0 4748.0 1679.0 small-vehicle 1
4784.0 1804.0 4804.0 1804.0 4804.0 1827.0 4784.0 1827.0 small-vehicle 1
4422.0 1859.0 4444.0 1859.0 4444.0 1886.0 4422.0 1886.0 small-vehicle 1
4740.0 1709.0 4765.0 1709.0 4765.0 1724.0 4740.0 1724.0 small-vehicle 1
4738.0 1720.0 4765.0 1720.0 4765.0 1735.0 4738.0 1735.0 small-vehicle 1
4735.0 1742.0 4755.0 1742.0 4755.0 1758.0 4735.0 1758.0 small-vehicle 1
4734.0 1755.0 4754.0 1755.0 4754.0 1766.0 4734.0 1766.0 small-vehicle 1
4446.0 1916.0 4464.0 1916.0 4464.0 1940.0 4446.0 1940.0 small-vehicle 1
4461.0 1838.0 4482.0 1838.0 4482.0 1861.0 4461.0 1861.0 small-vehicle 1
4454.0 1845.0 4473.0 1845.0 4473.0 1867.0 4454.0 1867.0 small-vehicle 1
4443.0 1850.0 4462.0 1850.0 4462.0 1874.0 4443.0 1874.0 small-vehicle 1
4450.0 1820.0 4470.0 1820.0 4470.0 1844.0 4450.0 1844.0 small-vehicle 1
4441.0 1824.0 4462.0 1824.0 4462.0 1849.0 4441.0 1849.0 small-vehicle 1
4433.0 1830.0 4452.0 1830.0 4452.0 1854.0 4433.0 1854.0 small-vehicle 1
4382.0 1884.0 4401.0 1884.0 4401.0 1906.0 4382.0 1906.0 small-vehicle 1
4368.0 1894.0 4385.0 1894.0 4385.0 1914.0 4368.0 1914.0 small-vehicle 1
4360.0 1897.0 4375.0 1897.0 4375.0 1918.0 4360.0 1918.0 small-vehicle 1
4183.0 1999.0 4198.0 1999.0 4198.0 2020.0 4183.0 2020.0 small-vehicle 1
4393.0 1995.0 4412.0 1995.0 4412.0 2018.0 4393.0 2018.0 small-vehicle 1
4283.0 1942.0 4301.0 1942.0 4301.0 1964.0 4283.0 1964.0 small-vehicle 1
4274.0 1946.0 4292.0 1946.0 4292.0 1967.0 4274.0 1967.0 small-vehicle 1
4266.0 1949.0 4284.0 1949.0 4284.0 1974.0 4266.0 1974.0 small-vehicle 1
4259.0 1954.0 4276.0 1954.0 4276.0 1975.0 4259.0 1975.0 small-vehicle 1
4251.0 1962.0 4267.0 1962.0 4267.0 1982.0 4251.0 1982.0 small-vehicle 1
4241.0 1967.0 4258.0 1967.0 4258.0 1988.0 4241.0 1988.0 small-vehicle 1
4224.0 1976.0 4243.0 1976.0 4243.0 1999.0 4224.0 1999.0 small-vehicle 1
4216.0 1980.0 4232.0 1980.0 4232.0 2005.0 4216.0 2005.0 small-vehicle 1
4199.0 1990.0 4216.0 1990.0 4216.0 2012.0 4199.0 2012.0 small-vehicle 1
4191.0 1994.0 4208.0 1994.0 4208.0 2019.0 4191.0 2019.0 small-vehicle 1
4174.0 2004.0 4190.0 2004.0 4190.0 2025.0 4174.0 2025.0 small-vehicle 1
4354.0 1904.0 4368.0 1904.0 4368.0 1922.0 4354.0 1922.0 small-vehicle 1
4272.0 1921.0 4291.0 1921.0 4291.0 1944.0 4272.0 1944.0 small-vehicle 1
4256.0 1933.0 4274.0 1933.0 4274.0 1954.0 4256.0 1954.0 small-vehicle 1
4239.0 1942.0 4257.0 1942.0 4257.0 1962.0 4239.0 1962.0 small-vehicle 1
4229.0 1949.0 4248.0 1949.0 4248.0 1970.0 4229.0 1970.0 small-vehicle 1
4223.0 1954.0 4239.0 1954.0 4239.0 1974.0 4223.0 1974.0 small-vehicle 1
4213.0 1960.0 4231.0 1960.0 4231.0 1981.0 4213.0 1981.0 small-vehicle 1
4206.0 1965.0 4222.0 1965.0 4222.0 1984.0 4206.0 1984.0 small-vehicle 1
4196.0 1968.0 4214.0 1968.0 4214.0 1988.0 4196.0 1988.0 small-vehicle 1
4190.0 1974.0 4206.0 1974.0 4206.0 1995.0 4190.0 1995.0 small-vehicle 1
4181.0 1976.0 4198.0 1976.0 4198.0 1999.0 4181.0 1999.0 small-vehicle 1
4172.0 1984.0 4190.0 1984.0 4190.0 2004.0 4172.0 2004.0 small-vehicle 1
4402.0 1989.0 4420.0 1989.0 4420.0 2010.0 4402.0 2010.0 small-vehicle 1
4410.0 1984.0 4430.0 1984.0 4430.0 2007.0 4410.0 2007.0 small-vehicle 1
4419.0 1978.0 4436.0 1978.0 4436.0 2001.0 4419.0 2001.0 small-vehicle 1
4426.0 1974.0 4444.0 1974.0 4444.0 1996.0 4426.0 1996.0 small-vehicle 1
4346.0 1908.0 4361.0 1908.0 4361.0 1929.0 4346.0 1929.0 small-vehicle 1
4344.0 1886.0 4360.0 1886.0 4360.0 1907.0 4344.0 1907.0 small-vehicle 1
4334.0 1893.0 4351.0 1893.0 4351.0 1914.0 4334.0 1914.0 small-vehicle 1
4321.0 1894.0 4340.0 1894.0 4340.0 1919.0 4321.0 1919.0 small-vehicle 1
4312.0 1900.0 4332.0 1900.0 4332.0 1923.0 4312.0 1923.0 small-vehicle 1
4324.0 1917.0 4340.0 1917.0 4340.0 1940.0 4324.0 1940.0 small-vehicle 1
4314.0 1922.0 4333.0 1922.0 4333.0 1947.0 4314.0 1947.0 small-vehicle 1
4377.0 1959.0 4394.0 1959.0 4394.0 1981.0 4377.0 1981.0 small-vehicle 1
4498.0 1957.0 4516.0 1957.0 4516.0 1981.0 4498.0 1981.0 small-vehicle 1
4488.0 1960.0 4508.0 1960.0 4508.0 1984.0 4488.0 1984.0 small-vehicle 1
4477.0 1967.0 4496.0 1967.0 4496.0 1990.0 4477.0 1990.0 small-vehicle 1
4467.0 1974.0 4486.0 1974.0 4486.0 1998.0 4467.0 1998.0 small-vehicle 1
4461.0 1981.0 4478.0 1981.0 4478.0 2003.0 4461.0 2003.0 small-vehicle 1
4452.0 1982.0 4470.0 1982.0 4470.0 2005.0 4452.0 2005.0 small-vehicle 1
4443.0 1988.0 4462.0 1988.0 4462.0 2011.0 4443.0 2011.0 small-vehicle 1
4426.0 1998.0 4447.0 1998.0 4447.0 2021.0 4426.0 2021.0 small-vehicle 1
4396.0 2018.0 4412.0 2018.0 4412.0 2039.0 4396.0 2039.0 small-vehicle 1
4486.0 1939.0 4506.0 1939.0 4506.0 1960.0 4486.0 1960.0 small-vehicle 1
4478.0 1945.0 4496.0 1945.0 4496.0 1966.0 4478.0 1966.0 small-vehicle 1
4459.0 1954.0 4476.0 1954.0 4476.0 1975.0 4459.0 1975.0 small-vehicle 1
4450.0 1960.0 4466.0 1960.0 4466.0 1981.0 4450.0 1981.0 small-vehicle 1
4443.0 1966.0 4459.0 1966.0 4459.0 1986.0 4443.0 1986.0 small-vehicle 1
4434.0 1970.0 4451.0 1970.0 4451.0 1992.0 4434.0 1992.0 small-vehicle 1
4012.0 2871.0 4035.0 2871.0 4035.0 2888.0 4012.0 2888.0 large-vehicle 0
4034.0 2855.0 4056.0 2855.0 4056.0 2873.0 4034.0 2873.0 large-vehicle 0
4348.0 1828.0 4367.0 1828.0 4367.0 1852.0 4348.0 1852.0 small-vehicle 1
4046.0 4590.0 4068.0 4590.0 4068.0 4620.0 4046.0 4620.0 large-vehicle 0
4828.0 3714.0 4852.0 3714.0 4852.0 3735.0 4828.0 3735.0 small-vehicle 1
4834.0 3721.0 4858.0 3721.0 4858.0 3743.0 4834.0 3743.0 small-vehicle 1
4782.0 4623.0 4808.0 4623.0 4808.0 4644.0 4782.0 4644.0 large-vehicle 0
4778.0 4612.0 4806.0 4612.0 4806.0 4636.0 4778.0 4636.0 large-vehicle 0
4762.0 4586.0 4787.0 4586.0 4787.0 4610.0 4762.0 4610.0 large-vehicle 0
4758.0 4181.0 4787.0 4181.0 4787.0 4206.0 4758.0 4206.0 large-vehicle 0
4225.0 4518.0 4254.0 4518.0 4254.0 4552.0 4225.0 4552.0 large-vehicle 0
4066.0 4614.0 4096.0 4614.0 4096.0 4651.0 4066.0 4651.0 large-vehicle 0
4089.0 4606.0 4118.0 4606.0 4118.0 4643.0 4089.0 4643.0 large-vehicle 0
4072.0 4574.0 4097.0 4574.0 4097.0 4605.0 4072.0 4605.0 large-vehicle 0
4057.0 4584.0 4078.0 4584.0 4078.0 4612.0 4057.0 4612.0 large-vehicle 0
4762.0 4972.0 4789.0 4972.0 4789.0 4998.0 4762.0 4998.0 large-vehicle 0
4810.0 3684.0 4834.0 3684.0 4834.0 3703.0 4810.0 3703.0 small-vehicle 1
4694.0 5009.0 4720.0 5009.0 4720.0 5034.0 4694.0 5034.0 large-vehicle 0
4730.0 5031.0 4753.0 5031.0 4753.0 5054.0 4730.0 5054.0 large-vehicle 0
4804.0 4827.0 4848.0 4827.0 4848.0 4875.0 4804.0 4875.0 large-vehicle 0
4776.0 4840.0 4824.0 4840.0 4824.0 4897.0 4776.0 4897.0 large-vehicle 0
4756.0 4853.0 4800.0 4853.0 4800.0 4910.0 4756.0 4910.0 large-vehicle 0
4736.0 4866.0 4781.0 4866.0 4781.0 4923.0 4736.0 4923.0 large-vehicle 0
4702.0 4880.0 4750.0 4880.0 4750.0 4938.0 4702.0 4938.0 large-vehicle 0
4677.0 4896.0 4721.0 4896.0 4721.0 4956.0 4677.0 4956.0 large-vehicle 0
4654.0 4912.0 4700.0 4912.0 4700.0 4969.0 4654.0 4969.0 large-vehicle 0
4817.0 4944.0 4842.0 4944.0 4842.0 4966.0 4817.0 4966.0 small-vehicle 1
4798.0 4956.0 4823.0 4956.0 4823.0 4979.0 4798.0 4979.0 small-vehicle 1
4814.0 3691.0 4838.0 3691.0 4838.0 3713.0 4814.0 3713.0 small-vehicle 1
4803.0 3675.0 4828.0 3675.0 4828.0 3698.0 4803.0 3698.0 small-vehicle 1
4783.0 5044.0 4807.0 5044.0 4807.0 5065.0 4783.0 5065.0 small-vehicle 1
4658.0 3572.0 4679.0 3572.0 4679.0 3597.0 4658.0 3597.0 small-vehicle 1
4004.0 2924.0 4020.0 2924.0 4020.0 2943.0 4004.0 2943.0 small-vehicle 1
3992.0 2923.0 4011.0 2923.0 4011.0 2949.0 3992.0 2949.0 small-vehicle 1
3977.0 2935.0 3995.0 2935.0 3995.0 2957.0 3977.0 2957.0 small-vehicle 1
3967.0 2939.0 3986.0 2939.0 3986.0 2964.0 3967.0 2964.0 small-vehicle 1
4579.0 3168.0 4601.0 3168.0 4601.0 3193.0 4579.0 3193.0 small-vehicle 1
4772.0 3396.0 4792.0 3396.0 4792.0 3419.0 4772.0 3419.0 small-vehicle 1
4692.0 3478.0 4720.0 3478.0 4720.0 3501.0 4692.0 3501.0 small-vehicle 1
4697.0 3491.0 4724.0 3491.0 4724.0 3512.0 4697.0 3512.0 small-vehicle 1
4678.0 3563.0 4696.0 3563.0 4696.0 3586.0 4678.0 3586.0 small-vehicle 1
4630.0 3590.0 4648.0 3590.0 4648.0 3612.0 4630.0 3612.0 small-vehicle 1
4621.0 3597.0 4638.0 3597.0 4638.0 3619.0 4621.0 3619.0 small-vehicle 1
4664.0 3545.0 4684.0 3545.0 4684.0 3567.0 4664.0 3567.0 small-vehicle 1
4780.0 3635.0 4808.0 3635.0 4808.0 3659.0 4780.0 3659.0 small-vehicle 1
4633.0 3563.0 4654.0 3563.0 4654.0 3588.0 4633.0 3588.0 small-vehicle 1
4638.0 3517.0 4658.0 3517.0 4658.0 3538.0 4638.0 3538.0 small-vehicle 1
4623.0 3524.0 4645.0 3524.0 4645.0 3550.0 4623.0 3550.0 small-vehicle 1
4618.0 3531.0 4633.0 3531.0 4633.0 3552.0 4618.0 3552.0 small-vehicle 1
4608.0 3535.0 4626.0 3535.0 4626.0 3557.0 4608.0 3557.0 small-vehicle 1
4598.0 3541.0 4617.0 3541.0 4617.0 3563.0 4598.0 3563.0 small-vehicle 1
4566.0 3560.0 4586.0 3560.0 4586.0 3586.0 4566.0 3586.0 small-vehicle 1
4601.0 3579.0 4622.0 3579.0 4622.0 3604.0 4601.0 3604.0 small-vehicle 1
4755.0 3583.0 4781.0 3583.0 4781.0 3607.0 4755.0 3607.0 small-vehicle 1
4766.0 3611.0 4788.0 3611.0 4788.0 3631.0 4766.0 3631.0 small-vehicle 1
4770.0 3620.0 4796.0 3620.0 4796.0 3640.0 4770.0 3640.0 small-vehicle 1
4774.0 5030.0 4799.0 5030.0 4799.0 5052.0 4774.0 5052.0 small-vehicle 1
4577.0 4962.0 4600.0 4962.0 4600.0 4988.0 4577.0 4988.0 small-vehicle 1
4456.0 1612.0 4476.0 1612.0 4476.0 1637.0 4456.0 1637.0 small-vehicle 1
2594.0 2162.0 2926.0 2162.0 2926.0 2480.0 2594.0 2480.0 plane 0
2684.0 1848.0 2706.0 1848.0 2706.0 1876.0 2684.0 1876.0 large-vehicle 0
2284.0 1736.0 2311.0 1736.0 2311.0 1772.0 2284.0 1772.0 large-vehicle 0
2284.0 1702.0 2304.0 1702.0 2304.0 1729.0 2284.0 1729.0 large-vehicle 0
3042.0 2437.0 3070.0 2437.0 3070.0 2461.0 3042.0 2461.0 large-vehicle 0
2699.0 2639.0 2720.0 2639.0 2720.0 2665.0 2699.0 2665.0 large-vehicle 0
2680.0 2802.0 2710.0 2802.0 2710.0 2848.0 2680.0 2848.0 large-vehicle 0
2701.0 2792.0 2733.0 2792.0 2733.0 2836.0 2701.0 2836.0 large-vehicle 0
1999.0 1562.0 2036.0 1562.0 2036.0 1592.0 1999.0 1592.0 large-vehicle 0
915.0 5096.0 943.0 5096.0 943.0 5121.0 915.0 5121.0 small-vehicle 1
3106.0 433.0 3259.0 433.0 3259.0 553.0 3106.0 553.0 plane 0
2355.0 2599.0 2716.0 2599.0 2716.0 2975.0 2355.0 2975.0 plane 0
2463.0 1883.0 2788.0 1883.0 2788.0 2201.0 2463.0 2201.0 plane 0
2033.0 1232.0 2055.0 1232.0 2055.0 1253.0 2033.0 1253.0 large-vehicle 1
2148.0 1214.0 2367.0 1214.0 2367.0 1427.0 2148.0 1427.0 plane 0
2050.0 1037.0 2255.0 1037.0 2255.0 1239.0 2050.0 1239.0 plane 0
2590.0 564.0 2774.0 564.0 2774.0 769.0 2590.0 769.0 plane 0
1465.0 2594.0 1806.0 2594.0 1806.0 2941.0 1465.0 2941.0 plane 0
2138.0 3997.0 2512.0 3997.0 2512.0 4352.0 2138.0 4352.0 plane 0
1535.0 4184.0 1864.0 4184.0 1864.0 4513.0 1535.0 4513.0 plane 0
3848.0 4188.0 4243.0 4188.0 4243.0 4592.0 3848.0 4592.0 plane 0
3576.0 4325.0 3990.0 4325.0 3990.0 4748.0 3576.0 4748.0 plane 0
3405.0 3572.0 3771.0 3572.0 3771.0 3913.0 3405.0 3913.0 plane 0
3123.0 3076.0 3434.0 3076.0 3434.0 3363.0 3123.0 3363.0 plane 0
3229.0 3326.0 3612.0 3326.0 3612.0 3688.0 3229.0 3688.0 plane 0
3026.0 1717.0 3050.0 1717.0 3050.0 1740.0 3026.0 1740.0 small-vehicle 1
2311.0 1209.0 2334.0 1209.0 2334.0 1237.0 2311.0 1237.0 large-vehicle 1
4644.0 5030.0 4665.0 5030.0 4665.0 5057.0 4644.0 5057.0 small-vehicle 1
3157.0 5388.0 3176.0 5388.0 3176.0 5399.0 3157.0 5399.0 small-vehicle 1
4628.0 5038.0 4648.0 5038.0 4648.0 5064.0 4628.0 5064.0 small-vehicle 1
4620.0 5044.0 4640.0 5044.0 4640.0 5070.0 4620.0 5070.0 small-vehicle 1
4604.0 5054.0 4624.0 5054.0 4624.0 5080.0 4604.0 5080.0 small-vehicle 1
4446.0 5021.0 4470.0 5021.0 4470.0 5042.0 4446.0 5042.0 small-vehicle 1
4196.0 5105.0 4217.0 5105.0 4217.0 5122.0 4196.0 5122.0 small-vehicle 1
4337.0 5108.0 4355.0 5108.0 4355.0 5131.0 4337.0 5131.0 small-vehicle 1
4330.0 5113.0 4345.0 5113.0 4345.0 5138.0 4330.0 5138.0 small-vehicle 1
4320.0 5118.0 4336.0 5118.0 4336.0 5142.0 4320.0 5142.0 small-vehicle 1
4309.0 5122.0 4329.0 5122.0 4329.0 5148.0 4309.0 5148.0 small-vehicle 1
4447.0 5187.0 4470.0 5187.0 4470.0 5206.0 4447.0 5206.0 small-vehicle 1
3156.0 5396.0 3175.0 5396.0 3175.0 5410.0 3156.0 5410.0 small-vehicle 1
3156.0 5376.0 3178.0 5376.0 3178.0 5390.0 3156.0 5390.0 small-vehicle 1
2073.0 1097.0 2090.0 1097.0 2090.0 1125.0 2073.0 1125.0 large-vehicle 1
3160.0 5353.0 3180.0 5353.0 3180.0 5368.0 3160.0 5368.0 small-vehicle 1
3164.0 5320.0 3184.0 5320.0 3184.0 5336.0 3164.0 5336.0 small-vehicle 1
3332.0 5364.0 3345.0 5364.0 3345.0 5386.0 3332.0 5386.0 large-vehicle 1
3515.0 4828.0 3541.0 4828.0 3541.0 4861.0 3515.0 4861.0 large-vehicle 1
3908.0 4618.0 3930.0 4618.0 3930.0 4647.0 3908.0 4647.0 large-vehicle 1
3816.0 4643.0 3837.0 4643.0 3837.0 4668.0 3816.0 4668.0 large-vehicle 1
3833.0 56.0 3860.0 56.0 3860.0 80.0 3833.0 80.0 large-vehicle 1
2837.0 0.0 2860.0 0.0 2860.0 28.0 2837.0 28.0 large-vehicle 1
2840.0 792.0 2869.0 792.0 2869.0 820.0 2840.0 820.0 large-vehicle 1
2092.0 1100.0 2118.0 1100.0 2118.0 1129.0 2092.0 1129.0 large-vehicle 1
2059.0 1155.0 2088.0 1155.0 2088.0 1179.0 2059.0 1179.0 large-vehicle 1
4009.0 2915.0 4027.0 2915.0 4027.0 2937.0 4009.0 2937.0 small-vehicle 1
4019.0 2913.0 4036.0 2913.0 4036.0 2935.0 4019.0 2935.0 small-vehicle 1
4034.0 2903.0 4050.0 2903.0 4050.0 2927.0 4034.0 2927.0 small-vehicle 1
3939.0 1742.0 3960.0 1742.0 3960.0 1761.0 3939.0 1761.0 small-vehicle 1
3606.0 1599.0 3630.0 1599.0 3630.0 1619.0 3606.0 1619.0 small-vehicle 1
3614.0 1607.0 3636.0 1607.0 3636.0 1628.0 3614.0 1628.0 small-vehicle 1
3974.0 1639.0 3994.0 1639.0 3994.0 1664.0 3974.0 1664.0 small-vehicle 1
3929.0 1662.0 3949.0 1662.0 3949.0 1687.0 3929.0 1687.0 small-vehicle 1
4136.0 1768.0 4155.0 1768.0 4155.0 1793.0 4136.0 1793.0 small-vehicle 1
3980.0 1694.0 4000.0 1694.0 4000.0 1715.0 3980.0 1715.0 small-vehicle 1
4033.0 1686.0 4052.0 1686.0 4052.0 1711.0 4033.0 1711.0 small-vehicle 1
4051.0 1700.0 4068.0 1700.0 4068.0 1724.0 4051.0 1724.0 small-vehicle 1
3977.0 1734.0 3999.0 1734.0 3999.0 1754.0 3977.0 1754.0 small-vehicle 1
3982.0 1744.0 4005.0 1744.0 4005.0 1761.0 3982.0 1761.0 small-vehicle 1
3988.0 1752.0 4011.0 1752.0 4011.0 1769.0 3988.0 1769.0 small-vehicle 1
3934.0 1732.0 3956.0 1732.0 3956.0 1752.0 3934.0 1752.0 small-vehicle 1
3582.0 1561.0 3606.0 1561.0 3606.0 1581.0 3582.0 1581.0 small-vehicle 1
3927.0 1718.0 3950.0 1718.0 3950.0 1740.0 3927.0 1740.0 small-vehicle 1
3969.0 1718.0 3996.0 1718.0 3996.0 1741.0 3969.0 1741.0 small-vehicle 1
3960.0 1705.0 3984.0 1705.0 3984.0 1724.0 3960.0 1724.0 small-vehicle 1
3952.0 1689.0 3976.0 1689.0 3976.0 1710.0 3952.0 1710.0 small-vehicle 1
3904.0 1674.0 3926.0 1674.0 3926.0 1701.0 3904.0 1701.0 small-vehicle 1
3877.0 1674.0 3900.0 1674.0 3900.0 1696.0 3877.0 1696.0 small-vehicle 1
3883.0 1690.0 3903.0 1690.0 3903.0 1712.0 3883.0 1712.0 small-vehicle 1
3778.0 1648.0 3801.0 1648.0 3801.0 1669.0 3778.0 1669.0 small-vehicle 1
3794.0 1678.0 3817.0 1678.0 3817.0 1695.0 3794.0 1695.0 small-vehicle 1
3674.0 1719.0 3700.0 1719.0 3700.0 1741.0 3674.0 1741.0 small-vehicle 1
3694.0 1754.0 3718.0 1754.0 3718.0 1772.0 3694.0 1772.0 small-vehicle 1
3598.0 1583.0 3622.0 1583.0 3622.0 1605.0 3598.0 1605.0 small-vehicle 1
3568.0 1534.0 3594.0 1534.0 3594.0 1557.0 3568.0 1557.0 small-vehicle 1
4043.0 2898.0 4059.0 2898.0 4059.0 2921.0 4043.0 2921.0 small-vehicle 1
3564.0 1353.0 3591.0 1353.0 3591.0 1376.0 3564.0 1376.0 small-vehicle 1
4098.0 1716.0 4120.0 1716.0 4120.0 1739.0 4098.0 1739.0 small-vehicle 1
3860.0 1537.0 3882.0 1537.0 3882.0 1554.0 3860.0 1554.0 small-vehicle 1
3867.0 1552.0 3890.0 1552.0 3890.0 1573.0 3867.0 1573.0 small-vehicle 1
3876.0 1567.0 3901.0 1567.0 3901.0 1589.0 3876.0 1589.0 small-vehicle 1
3846.0 1621.0 3871.0 1621.0 3871.0 1643.0 3846.0 1643.0 small-vehicle 1
3836.0 1608.0 3861.0 1608.0 3861.0 1630.0 3836.0 1630.0 small-vehicle 1
3827.0 1593.0 3850.0 1593.0 3850.0 1613.0 3827.0 1613.0 small-vehicle 1
3812.0 1563.0 3836.0 1563.0 3836.0 1586.0 3812.0 1586.0 small-vehicle 1
3760.0 1618.0 3783.0 1618.0 3783.0 1640.0 3760.0 1640.0 small-vehicle 1
3624.0 1299.0 3644.0 1299.0 3644.0 1322.0 3624.0 1322.0 small-vehicle 1
3622.0 1340.0 3650.0 1340.0 3650.0 1361.0 3622.0 1361.0 small-vehicle 1
3560.0 1341.0 3582.0 1341.0 3582.0 1362.0 3560.0 1362.0 small-vehicle 1
3538.0 1489.0 3566.0 1489.0 3566.0 1513.0 3538.0 1513.0 small-vehicle 1
3606.0 1419.0 3627.0 1419.0 3627.0 1437.0 3606.0 1437.0 small-vehicle 1
3600.0 1411.0 3621.0 1411.0 3621.0 1428.0 3600.0 1428.0 small-vehicle 1
3596.0 1401.0 3619.0 1401.0 3619.0 1420.0 3596.0 1420.0 small-vehicle 1
3592.0 1393.0 3616.0 1393.0 3616.0 1410.0 3592.0 1410.0 small-vehicle 1
3481.0 1386.0 3508.0 1386.0 3508.0 1409.0 3481.0 1409.0 small-vehicle 1
3484.0 1397.0 3512.0 1397.0 3512.0 1416.0 3484.0 1416.0 small-vehicle 1
3500.0 1419.0 3528.0 1419.0 3528.0 1443.0 3500.0 1443.0 small-vehicle 1
3511.0 1442.0 3538.0 1442.0 3538.0 1463.0 3511.0 1463.0 small-vehicle 1
3516.0 1450.0 3543.0 1450.0 3543.0 1473.0 3516.0 1473.0 small-vehicle 1
3522.0 1461.0 3549.0 1461.0 3549.0 1483.0 3522.0 1483.0 small-vehicle 1
3534.0 1480.0 3560.0 1480.0 3560.0 1501.0 3534.0 1501.0 small-vehicle 1
3699.0 1763.0 3722.0 1763.0 3722.0 1782.0 3699.0 1782.0 small-vehicle 1
3845.0 1690.0 3868.0 1690.0 3868.0 1711.0 3845.0 1711.0 small-vehicle 1
3858.0 1712.0 3880.0 1712.0 3880.0 1730.0 3858.0 1730.0 small-vehicle 1
4164.0 2560.0 4190.0 2560.0 4190.0 2579.0 4164.0 2579.0 small-vehicle 1
3970.0 1867.0 3988.0 1867.0 3988.0 1890.0 3970.0 1890.0 small-vehicle 1
3801.0 1920.0 3822.0 1920.0 3822.0 1948.0 3801.0 1948.0 small-vehicle 1
3862.0 2008.0 3886.0 2008.0 3886.0 2035.0 3862.0 2035.0 small-vehicle 1
4087.0 2431.0 4112.0 2431.0 4112.0 2452.0 4087.0 2452.0 small-vehicle 1
4101.0 2525.0 4121.0 2525.0 4121.0 2543.0 4101.0 2543.0 small-vehicle 1
4108.0 2538.0 4130.0 2538.0 4130.0 2556.0 4108.0 2556.0 small-vehicle 1
4116.0 2554.0 4137.0 2554.0 4137.0 2570.0 4116.0 2570.0 small-vehicle 1
4126.0 2567.0 4147.0 2567.0 4147.0 2583.0 4126.0 2583.0 small-vehicle 1
4144.0 2527.0 4168.0 2527.0 4168.0 2547.0 4144.0 2547.0 small-vehicle 1
4133.0 2583.0 4154.0 2583.0 4154.0 2599.0 4133.0 2599.0 small-vehicle 1
4160.0 2553.0 4185.0 2553.0 4185.0 2573.0 4160.0 2573.0 small-vehicle 1
4166.0 2569.0 4194.0 2569.0 4194.0 2589.0 4166.0 2589.0 small-vehicle 1
3872.0 1756.0 3894.0 1756.0 3894.0 1775.0 3872.0 1775.0 small-vehicle 1
4173.0 2579.0 4198.0 2579.0 4198.0 2598.0 4173.0 2598.0 small-vehicle 1
4208.0 2622.0 4231.0 2622.0 4231.0 2633.0 4208.0 2633.0 small-vehicle 1
4206.0 2650.0 4226.0 2650.0 4226.0 2661.0 4206.0 2661.0 small-vehicle 1
4207.0 2697.0 4229.0 2697.0 4229.0 2709.0 4207.0 2709.0 small-vehicle 1
4110.0 2813.0 4129.0 2813.0 4129.0 2833.0 4110.0 2833.0 small-vehicle 1
4098.0 2863.0 4116.0 2863.0 4116.0 2887.0 4098.0 2887.0 small-vehicle 1
4090.0 2869.0 4108.0 2869.0 4108.0 2893.0 4090.0 2893.0 small-vehicle 1
4074.0 2879.0 4093.0 2879.0 4093.0 2903.0 4074.0 2903.0 small-vehicle 1
4066.0 2885.0 4083.0 2885.0 4083.0 2905.0 4066.0 2905.0 small-vehicle 1
4058.0 2890.0 4075.0 2890.0 4075.0 2911.0 4058.0 2911.0 small-vehicle 1
4052.0 2893.0 4066.0 2893.0 4066.0 2914.0 4052.0 2914.0 small-vehicle 1
3977.0 1859.0 3996.0 1859.0 3996.0 1884.0 3977.0 1884.0 small-vehicle 1
3986.0 1856.0 4005.0 1856.0 4005.0 1879.0 3986.0 1879.0 small-vehicle 1
3994.0 1853.0 4014.0 1853.0 4014.0 1875.0 3994.0 1875.0 small-vehicle 1
4009.0 1843.0 4029.0 1843.0 4029.0 1869.0 4009.0 1869.0 small-vehicle 1
4038.0 1711.0 4054.0 1711.0 4054.0 1734.0 4038.0 1734.0 small-vehicle 1
3996.0 1725.0 4018.0 1725.0 4018.0 1744.0 3996.0 1744.0 small-vehicle 1
4058.0 1759.0 4079.0 1759.0 4079.0 1777.0 4058.0 1777.0 small-vehicle 1
4086.0 1698.0 4108.0 1698.0 4108.0 1716.0 4086.0 1716.0 small-vehicle 1
4090.0 1706.0 4112.0 1706.0 4112.0 1724.0 4090.0 1724.0 small-vehicle 1
4106.0 1732.0 4132.0 1732.0 4132.0 1757.0 4106.0 1757.0 small-vehicle 1
4114.0 1749.0 4139.0 1749.0 4139.0 1773.0 4114.0 1773.0 small-vehicle 1
4098.0 1791.0 4118.0 1791.0 4118.0 1817.0 4098.0 1817.0 small-vehicle 1
3980.0 1811.0 3998.0 1811.0 3998.0 1825.0 3980.0 1825.0 small-vehicle 1
3919.0 1814.0 3938.0 1814.0 3938.0 1834.0 3919.0 1834.0 small-vehicle 1
3949.0 1794.0 3970.0 1794.0 3970.0 1814.0 3949.0 1814.0 small-vehicle 1
3957.0 1810.0 3980.0 1810.0 3980.0 1828.0 3957.0 1828.0 small-vehicle 1
3963.0 1817.0 3983.0 1817.0 3983.0 1834.0 3963.0 1834.0 small-vehicle 1
3966.0 1825.0 3986.0 1825.0 3986.0 1842.0 3966.0 1842.0 small-vehicle 1
3975.0 1800.0 3995.0 1800.0 3995.0 1818.0 3975.0 1818.0 small-vehicle 1
3966.0 1785.0 3986.0 1785.0 3986.0 1805.0 3966.0 1805.0 small-vehicle 1
3984.0 1817.0 4006.0 1817.0 4006.0 1836.0 3984.0 1836.0 small-vehicle 1
3999.0 1768.0 4020.0 1768.0 4020.0 1785.0 3999.0 1785.0 small-vehicle 1
4015.0 1796.0 4036.0 1796.0 4036.0 1814.0 4015.0 1814.0 small-vehicle 1
4020.0 1806.0 4041.0 1806.0 4041.0 1824.0 4020.0 1824.0 small-vehicle 1
4027.0 1780.0 4049.0 1780.0 4049.0 1798.0 4027.0 1798.0 small-vehicle 1
4038.0 1794.0 4058.0 1794.0 4058.0 1813.0 4038.0 1813.0 small-vehicle 1
3934.0 2173.0 3958.0 2173.0 3958.0 2197.0 3934.0 2197.0 small-vehicle 1
4358.0 1821.0 4377.0 1821.0 4377.0 1844.0 4358.0 1844.0 small-vehicle 1
4338.0 1832.0 4360.0 1832.0 4360.0 1856.0 4338.0 1856.0 small-vehicle 1
4702.0 4185.0 4736.0 4185.0 4736.0 4213.0 4702.0 4213.0 large-vehicle 0
4524.0 496.0 4542.0 496.0 4542.0 516.0 4524.0 516.0 small-vehicle 1
4599.0 498.0 4618.0 498.0 4618.0 523.0 4599.0 523.0 small-vehicle 1
4608.0 495.0 4627.0 495.0 4627.0 517.0 4608.0 517.0 small-vehicle 1
4615.0 491.0 4633.0 491.0 4633.0 511.0 4615.0 511.0 small-vehicle 1
4623.0 486.0 4640.0 486.0 4640.0 508.0 4623.0 508.0 small-vehicle 1
4631.0 482.0 4648.0 482.0 4648.0 505.0 4631.0 505.0 small-vehicle 1
4645.0 473.0 4664.0 473.0 4664.0 496.0 4645.0 496.0 small-vehicle 1
4652.0 469.0 4669.0 469.0 4669.0 493.0 4652.0 493.0 small-vehicle 1
4660.0 465.0 4679.0 465.0 4679.0 487.0 4660.0 487.0 small-vehicle 1
4652.0 447.0 4667.0 447.0 4667.0 468.0 4652.0 468.0 small-vehicle 1
4443.0 401.0 4466.0 401.0 4466.0 423.0 4443.0 423.0 small-vehicle 1
4176.0 241.0 4192.0 241.0 4192.0 261.0 4176.0 261.0 small-vehicle 1
4519.0 489.0 4538.0 489.0 4538.0 506.0 4519.0 506.0 small-vehicle 1
4636.0 458.0 4653.0 458.0 4653.0 479.0 4636.0 479.0 small-vehicle 1
4368.0 515.0 4392.0 515.0 4392.0 537.0 4368.0 537.0 small-vehicle 1
4360.0 521.0 4383.0 521.0 4383.0 543.0 4360.0 543.0 small-vehicle 1
4344.0 531.0 4368.0 531.0 4368.0 555.0 4344.0 555.0 small-vehicle 1
4868.0 621.0 4884.0 621.0 4884.0 643.0 4868.0 643.0 small-vehicle 1
4728.0 917.0 4758.0 917.0 4758.0 943.0 4728.0 943.0 small-vehicle 1
4718.0 905.0 4741.0 905.0 4741.0 926.0 4718.0 926.0 small-vehicle 1
4774.0 896.0 4795.0 896.0 4795.0 915.0 4774.0 915.0 small-vehicle 1
4768.0 887.0 4791.0 887.0 4791.0 907.0 4768.0 907.0 small-vehicle 1
4762.0 878.0 4786.0 878.0 4786.0 897.0 4762.0 897.0 small-vehicle 1
4752.0 865.0 4776.0 865.0 4776.0 885.0 4752.0 885.0 small-vehicle 1
4724.0 810.0 4744.0 810.0 4744.0 828.0 4724.0 828.0 small-vehicle 1
4644.0 451.0 4660.0 451.0 4660.0 474.0 4644.0 474.0 small-vehicle 1
4626.0 460.0 4646.0 460.0 4646.0 484.0 4626.0 484.0 small-vehicle 1
4324.0 839.0 4348.0 839.0 4348.0 859.0 4324.0 859.0 small-vehicle 1
4566.0 172.0 4590.0 172.0 4590.0 193.0 4566.0 193.0 small-vehicle 1
4687.0 374.0 4708.0 374.0 4708.0 393.0 4687.0 393.0 small-vehicle 1
4696.0 390.0 4717.0 390.0 4717.0 406.0 4696.0 406.0 small-vehicle 1
4700.0 397.0 4722.0 397.0 4722.0 416.0 4700.0 416.0 small-vehicle 1
4708.0 406.0 4731.0 406.0 4731.0 423.0 4708.0 423.0 small-vehicle 1
4714.0 412.0 4732.0 412.0 4732.0 429.0 4714.0 429.0 small-vehicle 1
4717.0 419.0 4734.0 419.0 4734.0 436.0 4717.0 436.0 small-vehicle 1
4733.0 410.0 4752.0 410.0 4752.0 429.0 4733.0 429.0 small-vehicle 1
4390.0 139.0 4411.0 139.0 4411.0 159.0 4390.0 159.0 small-vehicle 1
4408.0 128.0 4428.0 128.0 4428.0 148.0 4408.0 148.0 small-vehicle 1
4472.0 134.0 4493.0 134.0 4493.0 158.0 4472.0 158.0 small-vehicle 1
4514.0 159.0 4540.0 159.0 4540.0 186.0 4514.0 186.0 small-vehicle 1
4655.0 128.0 4680.0 128.0 4680.0 149.0 4655.0 149.0 small-vehicle 1
4612.0 467.0 4632.0 467.0 4632.0 491.0 4612.0 491.0 small-vehicle 1
4591.0 183.0 4613.0 183.0 4613.0 202.0 4591.0 202.0 small-vehicle 1
4695.0 246.0 4718.0 246.0 4718.0 264.0 4695.0 264.0 small-vehicle 1
4841.0 204.0 4867.0 204.0 4867.0 227.0 4841.0 227.0 small-vehicle 1
4498.0 132.0 4523.0 132.0 4523.0 158.0 4498.0 158.0 large-vehicle 0
4476.0 35.0 4527.0 35.0 4527.0 72.0 4476.0 72.0 large-vehicle 0
4625.0 92.0 4663.0 92.0 4663.0 126.0 4625.0 126.0 large-vehicle 0
3963.0 92.0 3982.0 92.0 3982.0 116.0 3963.0 116.0 large-vehicle 0
4094.0 144.0 4118.0 144.0 4118.0 175.0 4094.0 175.0 large-vehicle 0
4408.0 297.0 4435.0 297.0 4435.0 319.0 4408.0 319.0 small-vehicle 1
4808.0 363.0 4824.0 363.0 4824.0 389.0 4808.0 389.0 small-vehicle 1
4606.0 474.0 4623.0 474.0 4623.0 496.0 4606.0 496.0 small-vehicle 1
4712.0 799.0 4740.0 799.0 4740.0 821.0 4712.0 821.0 small-vehicle 1
4306.0 876.0 4330.0 876.0 4330.0 903.0 4306.0 903.0 small-vehicle 1
4125.0 998.0 4144.0 998.0 4144.0 1016.0 4125.0 1016.0 small-vehicle 1
4192.0 1047.0 4214.0 1047.0 4214.0 1066.0 4192.0 1066.0 small-vehicle 1
4228.0 1069.0 4248.0 1069.0 4248.0 1086.0 4228.0 1086.0 small-vehicle 1
4219.0 1052.0 4241.0 1052.0 4241.0 1071.0 4219.0 1071.0 small-vehicle 1
4166.0 1000.0 4188.0 1000.0 4188.0 1018.0 4166.0 1018.0 small-vehicle 1
4162.0 952.0 4183.0 952.0 4183.0 971.0 4162.0 971.0 small-vehicle 1
4142.0 962.0 4168.0 962.0 4168.0 984.0 4142.0 984.0 small-vehicle 1
4154.0 977.0 4178.0 977.0 4178.0 996.0 4154.0 996.0 small-vehicle 1
4170.0 1008.0 4194.0 1008.0 4194.0 1027.0 4170.0 1027.0 small-vehicle 1
4176.0 1015.0 4198.0 1015.0 4198.0 1034.0 4176.0 1034.0 small-vehicle 1
4178.0 1022.0 4205.0 1022.0 4205.0 1042.0 4178.0 1042.0 small-vehicle 1
4182.0 1029.0 4208.0 1029.0 4208.0 1051.0 4182.0 1051.0 small-vehicle 1
4188.0 1038.0 4211.0 1038.0 4211.0 1056.0 4188.0 1056.0 small-vehicle 1
4198.0 1054.0 4221.0 1054.0 4221.0 1074.0 4198.0 1074.0 small-vehicle 1
4237.0 1083.0 4258.0 1083.0 4258.0 1102.0 4237.0 1102.0 small-vehicle 1
4200.0 1061.0 4224.0 1061.0 4224.0 1080.0 4200.0 1080.0 small-vehicle 1
4211.0 1078.0 4232.0 1078.0 4232.0 1096.0 4211.0 1096.0 small-vehicle 1
4214.0 1085.0 4238.0 1085.0 4238.0 1104.0 4214.0 1104.0 small-vehicle 1
4220.0 1094.0 4240.0 1094.0 4240.0 1110.0 4220.0 1110.0 small-vehicle 1
4223.0 1100.0 4246.0 1100.0 4246.0 1122.0 4223.0 1122.0 small-vehicle 1
4157.0 1057.0 4177.0 1057.0 4177.0 1076.0 4157.0 1076.0 small-vehicle 1
4181.0 1096.0 4202.0 1096.0 4202.0 1113.0 4181.0 1113.0 small-vehicle 1
4176.0 1088.0 4196.0 1088.0 4196.0 1105.0 4176.0 1105.0 small-vehicle 1
4170.0 1080.0 4190.0 1080.0 4190.0 1098.0 4170.0 1098.0 small-vehicle 1
4148.0 1040.0 4172.0 1040.0 4172.0 1062.0 4148.0 1062.0 small-vehicle 1
4139.0 1026.0 4162.0 1026.0 4162.0 1046.0 4139.0 1046.0 small-vehicle 1
4234.0 1074.0 4252.0 1074.0 4252.0 1092.0 4234.0 1092.0 small-vehicle 1
4240.0 1090.0 4262.0 1090.0 4262.0 1108.0 4240.0 1108.0 small-vehicle 1
4284.0 866.0 4308.0 866.0 4308.0 888.0 4284.0 888.0 small-vehicle 1
4250.0 921.0 4274.0 921.0 4274.0 942.0 4250.0 942.0 small-vehicle 1
4257.0 895.0 4283.0 895.0 4283.0 918.0 4257.0 918.0 small-vehicle 1
4377.0 990.0 4402.0 990.0 4402.0 1012.0 4377.0 1012.0 small-vehicle 1
4364.0 1005.0 4392.0 1005.0 4392.0 1029.0 4364.0 1029.0 small-vehicle 1
4373.0 1024.0 4396.0 1024.0 4396.0 1044.0 4373.0 1044.0 small-vehicle 1
4310.0 917.0 4330.0 917.0 4330.0 945.0 4310.0 945.0 small-vehicle 1
4276.0 922.0 4300.0 922.0 4300.0 945.0 4276.0 945.0 small-vehicle 1
4328.0 938.0 4354.0 938.0 4354.0 960.0 4328.0 960.0 small-vehicle 1
4342.0 970.0 4366.0 970.0 4366.0 991.0 4342.0 991.0 small-vehicle 1
4222.0 986.0 4246.0 986.0 4246.0 1008.0 4222.0 1008.0 small-vehicle 1
4286.0 982.0 4308.0 982.0 4308.0 1002.0 4286.0 1002.0 small-vehicle 1
4291.0 948.0 4313.0 948.0 4313.0 972.0 4291.0 972.0 small-vehicle 1
4256.0 936.0 4282.0 936.0 4282.0 958.0 4256.0 958.0 small-vehicle 1
4197.0 942.0 4222.0 942.0 4222.0 965.0 4197.0 965.0 small-vehicle 1
4265.0 952.0 4292.0 952.0 4292.0 974.0 4265.0 974.0 small-vehicle 1
4311.0 1029.0 4336.0 1029.0 4336.0 1050.0 4311.0 1050.0 small-vehicle 1
4343.0 1042.0 4365.0 1042.0 4365.0 1061.0 4343.0 1061.0 small-vehicle 1
4325.0 1051.0 4349.0 1051.0 4349.0 1071.0 4325.0 1071.0 small-vehicle 1
4290.0 1062.0 4311.0 1062.0 4311.0 1080.0 4290.0 1080.0 small-vehicle 1
4272.0 1071.0 4293.0 1071.0 4293.0 1091.0 4272.0 1091.0 small-vehicle 1
4244.0 1024.0 4268.0 1024.0 4268.0 1046.0 4244.0 1046.0 small-vehicle 1
4231.0 1002.0 4256.0 1002.0 4256.0 1026.0 4231.0 1026.0 small-vehicle 1
4234.0 962.0 4256.0 962.0 4256.0 984.0 4234.0 984.0 small-vehicle 1
4217.0 975.0 4236.0 975.0 4236.0 992.0 4217.0 992.0 small-vehicle 1
4211.0 962.0 4234.0 962.0 4234.0 982.0 4211.0 982.0 small-vehicle 1
4682.0 365.0 4705.0 365.0 4705.0 383.0 4682.0 383.0 small-vehicle 1
4677.0 356.0 4698.0 356.0 4698.0 373.0 4677.0 373.0 small-vehicle 1
4673.0 348.0 4692.0 348.0 4692.0 366.0 4673.0 366.0 small-vehicle 1
4028.0 1713.0 4046.0 1713.0 4046.0 1737.0 4028.0 1737.0 small-vehicle 1
4811.0 1195.0 4859.0 1195.0 4859.0 1231.0 4811.0 1231.0 large-vehicle 0
4243.0 1398.0 4267.0 1398.0 4267.0 1427.0 4243.0 1427.0 large-vehicle 0
4756.0 1472.0 4802.0 1472.0 4802.0 1506.0 4756.0 1506.0 large-vehicle 0
4784.0 1561.0 4817.0 1561.0 4817.0 1600.0 4784.0 1600.0 large-vehicle 0
4646.0 1642.0 4667.0 1642.0 4667.0 1671.0 4646.0 1671.0 large-vehicle 0
4705.0 1774.0 4721.0 1774.0 4721.0 1795.0 4705.0 1795.0 small-vehicle 1
4712.0 1786.0 4726.0 1786.0 4726.0 1806.0 4712.0 1806.0 small-vehicle 1
4719.0 1799.0 4733.0 1799.0 4733.0 1817.0 4719.0 1817.0 small-vehicle 1
4734.0 1786.0 4752.0 1786.0 4752.0 1800.0 4734.0 1800.0 small-vehicle 1
4775.0 1857.0 4792.0 1857.0 4792.0 1877.0 4775.0 1877.0 small-vehicle 1
4757.0 1858.0 4771.0 1858.0 4771.0 1880.0 4757.0 1880.0 small-vehicle 1
4636.0 1958.0 4656.0 1958.0 4656.0 1983.0 4636.0 1983.0 small-vehicle 1
4725.0 819.0 4747.0 819.0 4747.0 839.0 4725.0 839.0 small-vehicle 1
4626.0 1964.0 4647.0 1964.0 4647.0 1988.0 4626.0 1988.0 small-vehicle 1
4713.0 4680.0 4737.0 4680.0 4737.0 4709.0 4713.0 4709.0 large-vehicle 0
4700.0 4656.0 4723.0 4656.0 4723.0 4684.0 4700.0 4684.0 large-vehicle 0
4677.0 4618.0 4707.0 4618.0 4707.0 4656.0 4677.0 4656.0 large-vehicle 0
4286.0 4745.0 4306.0 4745.0 4306.0 4770.0 4286.0 4770.0 small-vehicle 1
4748.0 4721.0 4789.0 4721.0 4789.0 4770.0 4748.0 4770.0 large-vehicle 0
4832.0 4685.0 4847.0 4685.0 4847.0 4697.0 4832.0 4697.0 small-vehicle 1
4830.0 4678.0 4844.0 4678.0 4844.0 4690.0 4830.0 4690.0 small-vehicle 1
4825.0 4671.0 4840.0 4671.0 4840.0 4684.0 4825.0 4684.0 small-vehicle 1
4821.0 4664.0 4836.0 4664.0 4836.0 4676.0 4821.0 4676.0 small-vehicle 1
4816.0 4659.0 4832.0 4659.0 4832.0 4672.0 4816.0 4672.0 small-vehicle 1
4277.0 1150.0 4298.0 1150.0 4298.0 1168.0 4277.0 1168.0 small-vehicle 1
4112.0 1096.0 4132.0 1096.0 4132.0 1111.0 4112.0 1111.0 small-vehicle 1
4669.0 340.0 4689.0 340.0 4689.0 356.0 4669.0 356.0 small-vehicle 1
4103.0 998.0 4123.0 998.0 4123.0 1016.0 4103.0 1016.0 small-vehicle 1
4692.0 4173.0 4728.0 4173.0 4728.0 4201.0 4692.0 4201.0 large-vehicle 0
4524.0 1993.0 4540.0 1993.0 4540.0 2013.0 4524.0 2013.0 small-vehicle 1
4515.0 1996.0 4530.0 1996.0 4530.0 2018.0 4515.0 2018.0 small-vehicle 1
4498.0 2006.0 4513.0 2006.0 4513.0 2025.0 4498.0 2025.0 small-vehicle 1
4491.0 2013.0 4507.0 2013.0 4507.0 2031.0 4491.0 2031.0 small-vehicle 1
4485.0 2018.0 4498.0 2018.0 4498.0 2035.0 4485.0 2035.0 small-vehicle 1
4476.0 2023.0 4489.0 2023.0 4489.0 2039.0 4476.0 2039.0 small-vehicle 1
4433.0 2049.0 4448.0 2049.0 4448.0 2067.0 4433.0 2067.0 small-vehicle 1
4421.0 2050.0 4440.0 2050.0 4440.0 2074.0 4421.0 2074.0 small-vehicle 1
4406.0 2064.0 4421.0 2064.0 4421.0 2082.0 4406.0 2082.0 small-vehicle 1
4462.0 1908.0 4480.0 1908.0 4480.0 1930.0 4462.0 1930.0 small-vehicle 1
4161.0 987.0 4182.0 987.0 4182.0 1004.0 4161.0 1004.0 small-vehicle 1
4194.0 1117.0 4215.0 1117.0 4215.0 1135.0 4194.0 1135.0 small-vehicle 1
4165.0 994.0 4184.0 994.0 4184.0 1009.0 4165.0 1009.0 small-vehicle 1
4126.0 1047.0 4148.0 1047.0 4148.0 1063.0 4126.0 1063.0 small-vehicle 1
4188.0 1110.0 4207.0 1110.0 4207.0 1125.0 4188.0 1125.0 small-vehicle 1
4180.0 1136.0 4198.0 1136.0 4198.0 1154.0 4180.0 1154.0 small-vehicle 1
4180.0 1210.0 4200.0 1210.0 4200.0 1224.0 4180.0 1224.0 small-vehicle 1
4256.0 1154.0 4277.0 1154.0 4277.0 1169.0 4256.0 1169.0 small-vehicle 1
4437.0 1089.0 4457.0 1089.0 4457.0 1105.0 4437.0 1105.0 small-vehicle 1
4424.0 1107.0 4444.0 1107.0 4444.0 1123.0 4424.0 1123.0 small-vehicle 1
4412.0 1085.0 4430.0 1085.0 4430.0 1100.0 4412.0 1100.0 small-vehicle 1
4108.0 300.0 4146.0 300.0 4146.0 331.0 4108.0 331.0 large-vehicle 0
4443.0 242.0 4467.0 242.0 4467.0 276.0 4443.0 276.0 large-vehicle 0
4812.0 4652.0 4829.0 4652.0 4829.0 4665.0 4812.0 4665.0 small-vehicle 1
4809.0 4645.0 4825.0 4645.0 4825.0 4659.0 4809.0 4659.0 small-vehicle 1
4804.0 4637.0 4820.0 4637.0 4820.0 4652.0 4804.0 4652.0 small-vehicle 1
4462.0 239.0 4480.0 239.0 4480.0 262.0 4462.0 262.0 small-vehicle 1
4416.0 92.0 4436.0 92.0 4436.0 117.0 4416.0 117.0 small-vehicle 1
4425.0 98.0 4444.0 98.0 4444.0 121.0 4425.0 121.0 small-vehicle 1
4406.0 90.0 4426.0 90.0 4426.0 114.0 4406.0 114.0 small-vehicle 1
4390.0 82.0 4412.0 82.0 4412.0 106.0 4390.0 106.0 small-vehicle 1
4366.0 66.0 4388.0 66.0 4388.0 94.0 4366.0 94.0 small-vehicle 1
4354.0 64.0 4374.0 64.0 4374.0 88.0 4354.0 88.0 small-vehicle 1
4345.0 58.0 4366.0 58.0 4366.0 82.0 4345.0 82.0 small-vehicle 1
4316.0 50.0 4341.0 50.0 4341.0 70.0 4316.0 70.0 small-vehicle 1
4312.0 65.0 4331.0 65.0 4331.0 88.0 4312.0 88.0 small-vehicle 1
4196.0 83.0 4218.0 83.0 4218.0 110.0 4196.0 110.0 small-vehicle 1
4544.0 161.0 4566.0 161.0 4566.0 182.0 4544.0 182.0 small-vehicle 1
4474.0 230.0 4494.0 230.0 4494.0 253.0 4474.0 253.0 small-vehicle 1
4801.0 4630.0 4816.0 4630.0 4816.0 4645.0 4801.0 4645.0 small-vehicle 1
4483.0 224.0 4501.0 224.0 4501.0 247.0 4483.0 247.0 small-vehicle 1
4724.0 390.0 4744.0 390.0 4744.0 411.0 4724.0 411.0 small-vehicle 1
4713.0 378.0 4734.0 378.0 4734.0 396.0 4713.0 396.0 small-vehicle 1
4707.0 360.0 4728.0 360.0 4728.0 379.0 4707.0 379.0 small-vehicle 1
4695.0 342.0 4720.0 342.0 4720.0 364.0 4695.0 364.0 small-vehicle 1
4683.0 320.0 4704.0 320.0 4704.0 341.0 4683.0 341.0 small-vehicle 1
4673.0 303.0 4694.0 303.0 4694.0 323.0 4673.0 323.0 small-vehicle 1
4634.0 281.0 4661.0 281.0 4661.0 304.0 4634.0 304.0 small-vehicle 1
4642.0 290.0 4664.0 290.0 4664.0 310.0 4642.0 310.0 small-vehicle 1
4644.0 299.0 4670.0 299.0 4670.0 320.0 4644.0 320.0 small-vehicle 1
4655.0 314.0 4677.0 314.0 4677.0 333.0 4655.0 333.0 small-vehicle 1
4539.0 40.0 4568.0 40.0 4568.0 67.0 4539.0 67.0 small-vehicle 1
4249.0 150.0 4289.0 150.0 4289.0 192.0 4249.0 192.0 large-vehicle 0
4102.0 133.0 4138.0 133.0 4138.0 179.0 4102.0 179.0 large-vehicle 0
2214.0 2105.0 2234.0 2105.0 2234.0 2124.0 2214.0 2124.0 small-vehicle 1
4835.0 4690.0 4850.0 4690.0 4850.0 4704.0 4835.0 4704.0 small-vehicle 1
4824.0 4695.0 4839.0 4695.0 4839.0 4710.0 4824.0 4710.0 small-vehicle 1
4818.0 4684.0 4831.0 4684.0 4831.0 4696.0 4818.0 4696.0 small-vehicle 1
4813.0 4678.0 4829.0 4678.0 4829.0 4690.0 4813.0 4690.0 small-vehicle 1
4809.0 4672.0 4824.0 4672.0 4824.0 4683.0 4809.0 4683.0 small-vehicle 1
4805.0 4665.0 4819.0 4665.0 4819.0 4678.0 4805.0 4678.0 small-vehicle 1
4801.0 4658.0 4816.0 4658.0 4816.0 4671.0 4801.0 4671.0 small-vehicle 1
4797.0 4652.0 4813.0 4652.0 4813.0 4665.0 4797.0 4665.0 small-vehicle 1
4793.0 4645.0 4809.0 4645.0 4809.0 4658.0 4793.0 4658.0 small-vehicle 1
4790.0 4637.0 4805.0 4637.0 4805.0 4651.0 4790.0 4651.0 small-vehicle 1
4363.0 5028.0 4410.0 5028.0 4410.0 5066.0 4363.0 5066.0 large-vehicle 1
4060.0 4540.0 4080.0 4540.0 4080.0 4562.0 4060.0 4562.0 small-vehicle 1
3267.0 3481.0 3294.0 3481.0 3294.0 3503.0 3267.0 3503.0 small-vehicle 1
3946.0 1037.0 3964.0 1037.0 3964.0 1057.0 3946.0 1057.0 small-vehicle 1
3834.0 1097.0 3853.0 1097.0 3853.0 1123.0 3834.0 1123.0 small-vehicle 1
3519.0 1282.0 3545.0 1282.0 3545.0 1315.0 3519.0 1315.0 large-vehicle 0
3554.0 1257.0 3586.0 1257.0 3586.0 1301.0 3554.0 1301.0 large-vehicle 0
3628.0 1217.0 3656.0 1217.0 3656.0 1255.0 3628.0 1255.0 large-vehicle 0
3660.0 1197.0 3688.0 1197.0 3688.0 1233.0 3660.0 1233.0 large-vehicle 0
3395.0 5051.0 3423.0 5051.0 3423.0 5075.0 3395.0 5075.0 large-vehicle 1
3358.0 5068.0 3395.0 5068.0 3395.0 5098.0 3358.0 5098.0 large-vehicle 1
3323.0 5087.0 3360.0 5087.0 3360.0 5117.0 3323.0 5117.0 large-vehicle 1
2243.0 2144.0 2266.0 2144.0 2266.0 2163.0 2243.0 2163.0 small-vehicle 1
4132.0 1012.0 4150.0 1012.0 4150.0 1029.0 4132.0 1029.0 small-vehicle 1
4120.0 989.0 4140.0 989.0 4140.0 1008.0 4120.0 1008.0 small-vehicle 1
4322.0 1838.0 4344.0 1838.0 4344.0 1868.0 4322.0 1868.0 small-vehicle 1
4250.0 1258.0 4270.0 1258.0 4270.0 1276.0 4250.0 1276.0 small-vehicle 1
4212.0 1147.0 4234.0 1147.0 4234.0 1166.0 4212.0 1166.0 small-vehicle 1
4192.0 1158.0 4214.0 1158.0 4214.0 1176.0 4192.0 1176.0 small-vehicle 1
4197.0 1166.0 4220.0 1166.0 4220.0 1185.0 4197.0 1185.0 small-vehicle 1
4202.0 1174.0 4225.0 1174.0 4225.0 1194.0 4202.0 1194.0 small-vehicle 1
4216.0 1197.0 4238.0 1197.0 4238.0 1216.0 4216.0 1216.0 small-vehicle 1
4222.0 1212.0 4246.0 1212.0 4246.0 1232.0 4222.0 1232.0 small-vehicle 1
4229.0 1222.0 4250.0 1222.0 4250.0 1237.0 4229.0 1237.0 small-vehicle 1
4230.0 1229.0 4253.0 1229.0 4253.0 1245.0 4230.0 1245.0 small-vehicle 1
4238.0 1236.0 4258.0 1236.0 4258.0 1252.0 4238.0 1252.0 small-vehicle 1
4242.0 1243.0 4263.0 1243.0 4263.0 1261.0 4242.0 1261.0 small-vehicle 1
4244.0 1250.0 4266.0 1250.0 4266.0 1267.0 4244.0 1267.0 small-vehicle 1
4254.0 1266.0 4277.0 1266.0 4277.0 1286.0 4254.0 1286.0 small-vehicle 1
4276.0 1263.0 4298.0 1263.0 4298.0 1282.0 4276.0 1282.0 small-vehicle 1
4160.0 1176.0 4184.0 1176.0 4184.0 1194.0 4160.0 1194.0 small-vehicle 1
4165.0 1185.0 4189.0 1185.0 4189.0 1203.0 4165.0 1203.0 small-vehicle 1
4170.0 1194.0 4194.0 1194.0 4194.0 1214.0 4170.0 1214.0 small-vehicle 1
4182.0 1214.0 4208.0 1214.0 4208.0 1234.0 4182.0 1234.0 small-vehicle 1
4186.0 1222.0 4213.0 1222.0 4213.0 1242.0 4186.0 1242.0 small-vehicle 1
4189.0 1231.0 4216.0 1231.0 4216.0 1250.0 4189.0 1250.0 small-vehicle 1
4196.0 1239.0 4220.0 1239.0 4220.0 1258.0 4196.0 1258.0 small-vehicle 1
4198.0 1246.0 4224.0 1246.0 4224.0 1265.0 4198.0 1265.0 small-vehicle 1
4203.0 1252.0 4231.0 1252.0 4231.0 1271.0 4203.0 1271.0 small-vehicle 1
4208.0 1262.0 4232.0 1262.0 4232.0 1282.0 4208.0 1282.0 small-vehicle 1
4217.0 1276.0 4241.0 1276.0 4241.0 1295.0 4217.0 1295.0 small-vehicle 1
4220.0 1162.0 4242.0 1162.0 4242.0 1182.0 4220.0 1182.0 small-vehicle 1
4270.0 1256.0 4289.0 1256.0 4289.0 1274.0 4270.0 1274.0 small-vehicle 1
4259.0 1274.0 4281.0 1274.0 4281.0 1294.0 4259.0 1294.0 small-vehicle 1
4278.0 1192.0 4298.0 1192.0 4298.0 1211.0 4278.0 1211.0 small-vehicle 1
4304.0 1199.0 4324.0 1199.0 4324.0 1216.0 4304.0 1216.0 small-vehicle 1
4295.0 1184.0 4314.0 1184.0 4314.0 1200.0 4295.0 1200.0 small-vehicle 1
4282.0 1158.0 4304.0 1158.0 4304.0 1176.0 4282.0 1176.0 small-vehicle 1
4269.0 1136.0 4293.0 1136.0 4293.0 1156.0 4269.0 1156.0 small-vehicle 1
4258.0 1118.0 4282.0 1118.0 4282.0 1139.0 4258.0 1139.0 small-vehicle 1
4248.0 1138.0 4269.0 1138.0 4269.0 1158.0 4248.0 1158.0 small-vehicle 1
4251.0 1148.0 4273.0 1148.0 4273.0 1164.0 4251.0 1164.0 small-vehicle 1
4260.0 1161.0 4284.0 1161.0 4284.0 1180.0 4260.0 1180.0 small-vehicle 1
4266.0 1171.0 4286.0 1171.0 4286.0 1187.0 4266.0 1187.0 small-vehicle 1
4268.0 1178.0 4291.0 1178.0 4291.0 1196.0 4268.0 1196.0 small-vehicle 1
4272.0 1186.0 4294.0 1186.0 4294.0 1202.0 4272.0 1202.0 small-vehicle 1
4286.0 1206.0 4307.0 1206.0 4307.0 1226.0 4286.0 1226.0 small-vehicle 1
4268.0 1248.0 4286.0 1248.0 4286.0 1266.0 4268.0 1266.0 small-vehicle 1
4290.0 1216.0 4313.0 1216.0 4313.0 1234.0 4290.0 1234.0 small-vehicle 1
4296.0 1223.0 4316.0 1223.0 4316.0 1240.0 4296.0 1240.0 small-vehicle 1
4298.0 1228.0 4324.0 1228.0 4324.0 1250.0 4298.0 1250.0 small-vehicle 1
4302.0 1238.0 4326.0 1238.0 4326.0 1256.0 4302.0 1256.0 small-vehicle 1
4228.0 1180.0 4250.0 1180.0 4250.0 1198.0 4228.0 1198.0 small-vehicle 1
4238.0 1195.0 4259.0 1195.0 4259.0 1212.0 4238.0 1212.0 small-vehicle 1
4244.0 1204.0 4263.0 1204.0 4263.0 1221.0 4244.0 1221.0 small-vehicle 1
4247.0 1213.0 4266.0 1213.0 4266.0 1228.0 4247.0 1228.0 small-vehicle 1
4252.0 1219.0 4268.0 1219.0 4268.0 1236.0 4252.0 1236.0 small-vehicle 1
4254.0 1227.0 4274.0 1227.0 4274.0 1245.0 4254.0 1245.0 small-vehicle 1
4258.0 1235.0 4279.0 1235.0 4279.0 1253.0 4258.0 1253.0 small-vehicle 1
4224.0 1284.0 4244.0 1284.0 4244.0 1301.0 4224.0 1301.0 small-vehicle 1
4332.0 1243.0 4352.0 1243.0 4352.0 1264.0 4332.0 1264.0 small-vehicle 1
4116.0 978.0 4137.0 978.0 4137.0 996.0 4116.0 996.0 small-vehicle 1
4163.0 1929.0 4186.0 1929.0 4186.0 1961.0 4163.0 1961.0 small-vehicle 1
4373.0 1252.0 4392.0 1252.0 4392.0 1276.0 4373.0 1276.0 small-vehicle 1
4365.0 1259.0 4381.0 1259.0 4381.0 1279.0 4365.0 1279.0 small-vehicle 1
4355.0 1263.0 4372.0 1263.0 4372.0 1285.0 4355.0 1285.0 small-vehicle 1
4348.0 1268.0 4365.0 1268.0 4365.0 1289.0 4348.0 1289.0 small-vehicle 1
4340.0 1272.0 4357.0 1272.0 4357.0 1293.0 4340.0 1293.0 small-vehicle 1
4316.0 1285.0 4334.0 1285.0 4334.0 1306.0 4316.0 1306.0 small-vehicle 1
4285.0 1301.0 4304.0 1301.0 4304.0 1325.0 4285.0 1325.0 small-vehicle 1
4278.0 1306.0 4295.0 1306.0 4295.0 1326.0 4278.0 1326.0 small-vehicle 1
4268.0 1310.0 4287.0 1310.0 4287.0 1333.0 4268.0 1333.0 small-vehicle 1
4252.0 1319.0 4272.0 1319.0 4272.0 1344.0 4252.0 1344.0 small-vehicle 1
4143.0 1945.0 4166.0 1945.0 4166.0 1973.0 4143.0 1973.0 small-vehicle 1
4178.0 1924.0 4203.0 1924.0 4203.0 1954.0 4178.0 1954.0 small-vehicle 1
4400.0 1237.0 4420.0 1237.0 4420.0 1262.0 4400.0 1262.0 small-vehicle 1
4204.0 1911.0 4223.0 1911.0 4223.0 1938.0 4204.0 1938.0 small-vehicle 1
4211.0 1905.0 4234.0 1905.0 4234.0 1934.0 4211.0 1934.0 small-vehicle 1
4231.0 1896.0 4249.0 1896.0 4249.0 1922.0 4231.0 1922.0 small-vehicle 1
4246.0 1887.0 4266.0 1887.0 4266.0 1912.0 4246.0 1912.0 small-vehicle 1
4258.0 1878.0 4278.0 1878.0 4278.0 1906.0 4258.0 1906.0 small-vehicle 1
4274.0 1872.0 4292.0 1872.0 4292.0 1896.0 4274.0 1896.0 small-vehicle 1
4282.0 1865.0 4302.0 1865.0 4302.0 1891.0 4282.0 1891.0 small-vehicle 1
4291.0 1858.0 4309.0 1858.0 4309.0 1884.0 4291.0 1884.0 small-vehicle 1
4300.0 1854.0 4319.0 1854.0 4319.0 1880.0 4300.0 1880.0 small-vehicle 1
4307.0 1851.0 4326.0 1851.0 4326.0 1876.0 4307.0 1876.0 small-vehicle 1
4316.0 1847.0 4333.0 1847.0 4333.0 1869.0 4316.0 1869.0 small-vehicle 1
4380.0 1250.0 4397.0 1250.0 4397.0 1270.0 4380.0 1270.0 small-vehicle 1
4408.0 1232.0 4429.0 1232.0 4429.0 1253.0 4408.0 1253.0 small-vehicle 1
4312.0 1254.0 4336.0 1254.0 4336.0 1272.0 4312.0 1272.0 small-vehicle 1
4475.0 1086.0 4500.0 1086.0 4500.0 1106.0 4475.0 1106.0 small-vehicle 1
4279.0 1271.0 4302.0 1271.0 4302.0 1290.0 4279.0 1290.0 small-vehicle 1
4468.0 960.0 4488.0 960.0 4488.0 984.0 4468.0 984.0 small-vehicle 1
4448.0 928.0 4470.0 928.0 4470.0 954.0 4448.0 954.0 small-vehicle 1
4391.0 949.0 4417.0 949.0 4417.0 970.0 4391.0 970.0 small-vehicle 1
4409.0 981.0 4434.0 981.0 4434.0 1002.0 4409.0 1002.0 small-vehicle 1
4421.0 994.0 4446.0 994.0 4446.0 1015.0 4421.0 1015.0 small-vehicle 1
4427.0 1011.0 4453.0 1011.0 4453.0 1032.0 4427.0 1032.0 small-vehicle 1
4438.0 1027.0 4461.0 1027.0 4461.0 1046.0 4438.0 1046.0 small-vehicle 1
4447.0 1042.0 4472.0 1042.0 4472.0 1062.0 4447.0 1062.0 small-vehicle 1
4456.0 1059.0 4485.0 1059.0 4485.0 1077.0 4456.0 1077.0 small-vehicle 1
4466.0 1070.0 4492.0 1070.0 4492.0 1090.0 4466.0 1090.0 small-vehicle 1
4485.0 1102.0 4508.0 1102.0 4508.0 1122.0 4485.0 1122.0 small-vehicle 1
4436.0 1214.0 4460.0 1214.0 4460.0 1239.0 4436.0 1239.0 small-vehicle 1
4490.0 1118.0 4518.0 1118.0 4518.0 1136.0 4490.0 1136.0 small-vehicle 1
4498.0 1126.0 4521.0 1126.0 4521.0 1144.0 4498.0 1144.0 small-vehicle 1
4499.0 1130.0 4526.0 1130.0 4526.0 1152.0 4499.0 1152.0 small-vehicle 1
4505.0 1140.0 4530.0 1140.0 4530.0 1158.0 4505.0 1158.0 small-vehicle 1
4509.0 1148.0 4533.0 1148.0 4533.0 1166.0 4509.0 1166.0 small-vehicle 1
4516.0 1155.0 4542.0 1155.0 4542.0 1176.0 4516.0 1176.0 small-vehicle 1
4503.0 1176.0 4524.0 1176.0 4524.0 1199.0 4503.0 1199.0 small-vehicle 1
4492.0 1186.0 4509.0 1186.0 4509.0 1206.0 4492.0 1206.0 small-vehicle 1
4486.0 1191.0 4502.0 1191.0 4502.0 1212.0 4486.0 1212.0 small-vehicle 1
4476.0 1194.0 4494.0 1194.0 4494.0 1214.0 4476.0 1214.0 small-vehicle 1
4466.0 1198.0 4487.0 1198.0 4487.0 1220.0 4466.0 1220.0 small-vehicle 1
4312.0 1212.0 4334.0 1212.0 4334.0 1230.0 4312.0 1230.0 small-vehicle 1
4362.0 1226.0 4383.0 1226.0 4383.0 1245.0 4362.0 1245.0 small-vehicle 1
4357.0 1218.0 4377.0 1218.0 4377.0 1233.0 4357.0 1233.0 small-vehicle 1
4724.0 1204.0 4746.0 1204.0 4746.0 1224.0 4724.0 1224.0 small-vehicle 1
4146.0 1154.0 4168.0 1154.0 4168.0 1170.0 4146.0 1170.0 small-vehicle 1
3948.0 1234.0 3969.0 1234.0 3969.0 1253.0 3948.0 1253.0 small-vehicle 1
3949.0 1244.0 3972.0 1244.0 3972.0 1264.0 3949.0 1264.0 small-vehicle 1
3956.0 1253.0 3979.0 1253.0 3979.0 1273.0 3956.0 1273.0 small-vehicle 1
4716.0 1036.0 4736.0 1036.0 4736.0 1060.0 4716.0 1060.0 small-vehicle 1
4705.0 1043.0 4725.0 1043.0 4725.0 1066.0 4705.0 1066.0 small-vehicle 1
4688.0 1142.0 4714.0 1142.0 4714.0 1163.0 4688.0 1163.0 small-vehicle 1
4812.0 1164.0 4835.0 1164.0 4835.0 1185.0 4812.0 1185.0 small-vehicle 1
4708.0 1180.0 4733.0 1180.0 4733.0 1199.0 4708.0 1199.0 small-vehicle 1
4716.0 1190.0 4738.0 1190.0 4738.0 1205.0 4716.0 1205.0 small-vehicle 1
4722.0 1194.0 4744.0 1194.0 4744.0 1213.0 4722.0 1213.0 small-vehicle 1
4853.0 1204.0 4872.0 1204.0 4872.0 1227.0 4853.0 1227.0 small-vehicle 1
4138.0 1136.0 4162.0 1136.0 4162.0 1156.0 4138.0 1156.0 small-vehicle 1
4850.0 1270.0 4868.0 1270.0 4868.0 1293.0 4850.0 1293.0 small-vehicle 1
4775.0 1256.0 4800.0 1256.0 4800.0 1278.0 4775.0 1278.0 small-vehicle 1
4784.0 1267.0 4803.0 1267.0 4803.0 1284.0 4784.0 1284.0 small-vehicle 1
4788.0 1276.0 4808.0 1276.0 4808.0 1293.0 4788.0 1293.0 small-vehicle 1
4788.0 1284.0 4810.0 1284.0 4810.0 1300.0 4788.0 1300.0 small-vehicle 1
4792.0 1292.0 4812.0 1292.0 4812.0 1310.0 4792.0 1310.0 small-vehicle 1
4798.0 1300.0 4818.0 1300.0 4818.0 1317.0 4798.0 1317.0 small-vehicle 1
4808.0 1316.0 4828.0 1316.0 4828.0 1332.0 4808.0 1332.0 small-vehicle 1
4813.0 1325.0 4834.0 1325.0 4834.0 1342.0 4813.0 1342.0 small-vehicle 1
4776.0 1385.0 4814.0 1385.0 4814.0 1429.0 4776.0 1429.0 large-vehicle 0
4841.0 1212.0 4860.0 1212.0 4860.0 1234.0 4841.0 1234.0 large-vehicle 0
4142.0 1148.0 4160.0 1148.0 4160.0 1166.0 4142.0 1166.0 small-vehicle 1
4129.0 1124.0 4150.0 1124.0 4150.0 1142.0 4129.0 1142.0 small-vehicle 1
4352.0 1210.0 4373.0 1210.0 4373.0 1228.0 4352.0 1228.0 small-vehicle 1
4166.0 1114.0 4187.0 1114.0 4187.0 1132.0 4166.0 1132.0 small-vehicle 1
4107.0 1006.0 4128.0 1006.0 4128.0 1024.0 4107.0 1024.0 small-vehicle 1
4112.0 1016.0 4128.0 1016.0 4128.0 1031.0 4112.0 1031.0 small-vehicle 1
4112.0 1022.0 4136.0 1022.0 4136.0 1040.0 4112.0 1040.0 small-vehicle 1
4118.0 1028.0 4139.0 1028.0 4139.0 1048.0 4118.0 1048.0 small-vehicle 1
4123.0 1037.0 4142.0 1037.0 4142.0 1054.0 4123.0 1054.0 small-vehicle 1
4132.0 1053.0 4152.0 1053.0 4152.0 1069.0 4132.0 1069.0 small-vehicle 1
4137.0 1060.0 4158.0 1060.0 4158.0 1077.0 4137.0 1077.0 small-vehicle 1
4138.0 1068.0 4161.0 1068.0 4161.0 1086.0 4138.0 1086.0 small-vehicle 1
4148.0 1080.0 4171.0 1080.0 4171.0 1102.0 4148.0 1102.0 small-vehicle 1
4159.0 1098.0 4180.0 1098.0 4180.0 1115.0 4159.0 1115.0 small-vehicle 1
4162.0 1106.0 4185.0 1106.0 4185.0 1122.0 4162.0 1122.0 small-vehicle 1
4170.0 1122.0 4191.0 1122.0 4191.0 1139.0 4170.0 1139.0 small-vehicle 1
4124.0 1115.0 4149.0 1115.0 4149.0 1134.0 4124.0 1134.0 small-vehicle 1
4174.0 1129.0 4194.0 1129.0 4194.0 1148.0 4174.0 1148.0 small-vehicle 1
4096.0 990.0 4118.0 990.0 4118.0 1008.0 4096.0 1008.0 small-vehicle 1
4068.0 1014.0 4094.0 1014.0 4094.0 1036.0 4068.0 1036.0 small-vehicle 1
4073.0 1024.0 4094.0 1024.0 4094.0 1042.0 4073.0 1042.0 small-vehicle 1
4078.0 1031.0 4100.0 1031.0 4100.0 1052.0 4078.0 1052.0 small-vehicle 1
4088.0 1048.0 4107.0 1048.0 4107.0 1064.0 4088.0 1064.0 small-vehicle 1
4091.0 1056.0 4112.0 1056.0 4112.0 1072.0 4091.0 1072.0 small-vehicle 1
4094.0 1062.0 4118.0 1062.0 4118.0 1082.0 4094.0 1082.0 small-vehicle 1
4100.0 1078.0 4128.0 1078.0 4128.0 1098.0 4100.0 1098.0 small-vehicle 1
4118.0 1102.0 4138.0 1102.0 4138.0 1119.0 4118.0 1119.0 small-vehicle 1
4122.0 1108.0 4144.0 1108.0 4144.0 1126.0 4122.0 1126.0 small-vehicle 1
4832.0 1223.0 4865.0 1223.0 4865.0 1264.0 4832.0 1264.0 large-vehicle 0
4818.0 1230.0 4842.0 1230.0 4842.0 1263.0 4818.0 1263.0 large-vehicle 0
4804.0 1259.0 4836.0 1259.0 4836.0 1303.0 4804.0 1303.0 large-vehicle 0
4314.0 1100.0 4334.0 1100.0 4334.0 1117.0 4314.0 1117.0 small-vehicle 1
4402.0 1182.0 4424.0 1182.0 4424.0 1198.0 4402.0 1198.0 small-vehicle 1
4404.0 1188.0 4427.0 1188.0 4427.0 1207.0 4404.0 1207.0 small-vehicle 1
4379.0 1216.0 4401.0 1216.0 4401.0 1234.0 4379.0 1234.0 small-vehicle 1
4376.0 1208.0 4396.0 1208.0 4396.0 1226.0 4376.0 1226.0 small-vehicle 1
4370.0 1199.0 4392.0 1199.0 4392.0 1217.0 4370.0 1217.0 small-vehicle 1
4365.0 1192.0 4386.0 1192.0 4386.0 1210.0 4365.0 1210.0 small-vehicle 1
4363.0 1185.0 4380.0 1185.0 4380.0 1202.0 4363.0 1202.0 small-vehicle 1
4358.0 1176.0 4378.0 1176.0 4378.0 1193.0 4358.0 1193.0 small-vehicle 1
4336.0 1140.0 4354.0 1140.0 4354.0 1156.0 4336.0 1156.0 small-vehicle 1
4326.0 1122.0 4348.0 1122.0 4348.0 1142.0 4326.0 1142.0 small-vehicle 1
4320.0 1108.0 4339.0 1108.0 4339.0 1126.0 4320.0 1126.0 small-vehicle 1
4308.0 1092.0 4329.0 1092.0 4329.0 1109.0 4308.0 1109.0 small-vehicle 1
4820.0 1329.0 4848.0 1329.0 4848.0 1351.0 4820.0 1351.0 large-vehicle 0
4290.0 1102.0 4312.0 1102.0 4312.0 1122.0 4290.0 1122.0 small-vehicle 1
4296.0 1116.0 4323.0 1116.0 4323.0 1138.0 4296.0 1138.0 small-vehicle 1
4304.0 1127.0 4325.0 1127.0 4325.0 1144.0 4304.0 1144.0 small-vehicle 1
4314.0 1138.0 4336.0 1138.0 4336.0 1158.0 4314.0 1158.0 small-vehicle 1
4317.0 1148.0 4338.0 1148.0 4338.0 1166.0 4317.0 1166.0 small-vehicle 1
4320.0 1156.0 4344.0 1156.0 4344.0 1174.0 4320.0 1174.0 small-vehicle 1
4325.0 1164.0 4349.0 1164.0 4349.0 1181.0 4325.0 1181.0 small-vehicle 1
4328.0 1174.0 4352.0 1174.0 4352.0 1191.0 4328.0 1191.0 small-vehicle 1
4339.0 1186.0 4362.0 1186.0 4362.0 1204.0 4339.0 1204.0 small-vehicle 1
4344.0 1195.0 4365.0 1195.0 4365.0 1213.0 4344.0 1213.0 small-vehicle 1
4349.0 1201.0 4369.0 1201.0 4369.0 1218.0 4349.0 1218.0 small-vehicle 1
4396.0 1175.0 4417.0 1175.0 4417.0 1192.0 4396.0 1192.0 small-vehicle 1
4394.0 1167.0 4416.0 1167.0 4416.0 1183.0 4394.0 1183.0 small-vehicle 1
4386.0 1159.0 4410.0 1159.0 4410.0 1175.0 4386.0 1175.0 small-vehicle 1
4378.0 1143.0 4400.0 1143.0 4400.0 1161.0 4378.0 1161.0 small-vehicle 1
4340.0 1149.0 4359.0 1149.0 4359.0 1164.0 4340.0 1164.0 small-vehicle 1
4388.0 1046.0 4412.0 1046.0 4412.0 1066.0 4388.0 1066.0 small-vehicle 1
4397.0 1062.0 4422.0 1062.0 4422.0 1081.0 4397.0 1081.0 small-vehicle 1
4427.0 1073.0 4450.0 1073.0 4450.0 1094.0 4427.0 1094.0 small-vehicle 1
4412.0 1091.0 4436.0 1091.0 4436.0 1113.0 4412.0 1113.0 small-vehicle 1
4444.0 1102.0 4468.0 1102.0 4468.0 1125.0 4444.0 1125.0 small-vehicle 1
4455.0 1120.0 4479.0 1120.0 4479.0 1140.0 4455.0 1140.0 small-vehicle 1
4429.0 1123.0 4454.0 1123.0 4454.0 1141.0 4429.0 1141.0 small-vehicle 1
4436.0 1132.0 4460.0 1132.0 4460.0 1151.0 4436.0 1151.0 small-vehicle 1
4458.0 1166.0 4479.0 1166.0 4479.0 1188.0 4458.0 1188.0 small-vehicle 1
4424.0 1187.0 4450.0 1187.0 4450.0 1209.0 4424.0 1209.0 small-vehicle 1
4417.0 1171.0 4442.0 1171.0 4442.0 1190.0 4417.0 1190.0 small-vehicle 1
4405.0 1148.0 4428.0 1148.0 4428.0 1168.0 4405.0 1168.0 small-vehicle 1
4386.0 1120.0 4409.0 1120.0 4409.0 1140.0 4386.0 1140.0 small-vehicle 1
4380.0 1110.0 4406.0 1110.0 4406.0 1130.0 4380.0 1130.0 small-vehicle 1
4350.0 1068.0 4376.0 1068.0 4376.0 1086.0 4350.0 1086.0 small-vehicle 1
4338.0 1076.0 4358.0 1076.0 4358.0 1093.0 4338.0 1093.0 small-vehicle 1
4344.0 1084.0 4364.0 1084.0 4364.0 1100.0 4344.0 1100.0 small-vehicle 1
4351.0 1098.0 4372.0 1098.0 4372.0 1114.0 4351.0 1114.0 small-vehicle 1
4356.0 1107.0 4377.0 1107.0 4377.0 1124.0 4356.0 1124.0 small-vehicle 1
4362.0 1114.0 4382.0 1114.0 4382.0 1131.0 4362.0 1131.0 small-vehicle 1
4364.0 1122.0 4386.0 1122.0 4386.0 1138.0 4364.0 1138.0 small-vehicle 1
4373.0 1136.0 4397.0 1136.0 4397.0 1154.0 4373.0 1154.0 small-vehicle 1
2721.0 3279.0 3097.0 3279.0 3097.0 3627.0 2721.0 3627.0 plane 0
