imagesource:GoogleEarth
gsd:0.269206040981
388.0 1502.0 403.0 1502.0 403.0 1522.0 388.0 1522.0 small-vehicle 1
356.0 2212.0 382.0 2212.0 382.0 2241.0 356.0 2241.0 large-vehicle 0
149.0 2370.0 169.0 2370.0 169.0 2397.0 149.0 2397.0 large-vehicle 0
179.0 2391.0 194.0 2391.0 194.0 2415.0 179.0 2415.0 large-vehicle 0
193.0 2380.0 208.0 2380.0 208.0 2406.0 193.0 2406.0 large-vehicle 0
169.0 2352.0 193.0 2352.0 193.0 2381.0 169.0 2381.0 large-vehicle 0
174.0 2416.0 196.0 2416.0 196.0 2443.0 174.0 2443.0 large-vehicle 0
160.0 2424.0 179.0 2424.0 179.0 2451.0 160.0 2451.0 large-vehicle 0
152.0 2432.0 172.0 2432.0 172.0 2457.0 152.0 2457.0 large-vehicle 0
55.0 2307.0 73.0 2307.0 73.0 2331.0 55.0 2331.0 large-vehicle 0
46.0 2312.0 65.0 2312.0 65.0 2335.0 46.0 2335.0 large-vehicle 0
62.0 2302.0 82.0 2302.0 82.0 2326.0 62.0 2326.0 large-vehicle 0
285.0 1394.0 308.0 1394.0 308.0 1423.0 285.0 1423.0 large-vehicle 0
324.0 1381.0 344.0 1381.0 344.0 1401.0 324.0 1401.0 small-vehicle 1
301.0 1395.0 317.0 1395.0 317.0 1418.0 301.0 1418.0 small-vehicle 1
353.0 1413.0 371.0 1413.0 371.0 1434.0 353.0 1434.0 small-vehicle 1
348.0 1422.0 363.0 1422.0 363.0 1440.0 348.0 1440.0 small-vehicle 1
139.0 2375.0 160.0 2375.0 160.0 2402.0 139.0 2402.0 large-vehicle 0
789.0 2781.0 824.0 2781.0 824.0 2822.0 789.0 2822.0 large-vehicle 0
291.0 1451.0 305.0 1451.0 305.0 1471.0 291.0 1471.0 small-vehicle 1
511.0 2791.0 532.0 2791.0 532.0 2818.0 511.0 2818.0 large-vehicle 0
208.0 1953.0 251.0 1953.0 251.0 1999.0 208.0 1999.0 large-vehicle 0
181.0 1999.0 224.0 1999.0 224.0 2044.0 181.0 2044.0 large-vehicle 0
510.0 2029.0 535.0 2029.0 535.0 2052.0 510.0 2052.0 large-vehicle 0
462.0 2073.0 491.0 2073.0 491.0 2103.0 462.0 2103.0 large-vehicle 0
396.0 2183.0 445.0 2183.0 445.0 2239.0 396.0 2239.0 large-vehicle 0
352.0 2368.0 398.0 2368.0 398.0 2428.0 352.0 2428.0 large-vehicle 0
412.0 2484.0 443.0 2484.0 443.0 2522.0 412.0 2522.0 large-vehicle 0
365.0 2511.0 389.0 2511.0 389.0 2540.0 365.0 2540.0 large-vehicle 0
573.0 2450.0 607.0 2450.0 607.0 2488.0 573.0 2488.0 large-vehicle 0
769.0 2390.0 800.0 2390.0 800.0 2427.0 769.0 2427.0 large-vehicle 0
873.0 2546.0 905.0 2546.0 905.0 2584.0 873.0 2584.0 large-vehicle 0
767.0 2565.0 804.0 2565.0 804.0 2596.0 767.0 2596.0 large-vehicle 0
730.0 2445.0 754.0 2445.0 754.0 2473.0 730.0 2473.0 large-vehicle 0
874.0 2662.0 901.0 2662.0 901.0 2692.0 874.0 2692.0 large-vehicle 0
13.0 2747.0 47.0 2747.0 47.0 2783.0 13.0 2783.0 large-vehicle 0
340.0 1426.0 356.0 1426.0 356.0 1445.0 340.0 1445.0 small-vehicle 1
279.0 1456.0 297.0 1456.0 297.0 1478.0 279.0 1478.0 small-vehicle 1
157.0 1842.0 190.0 1842.0 190.0 1874.0 157.0 1874.0 large-vehicle 0
65.0 1622.0 86.0 1622.0 86.0 1643.0 65.0 1643.0 small-vehicle 1
277.0 1566.0 294.0 1566.0 294.0 1587.0 277.0 1587.0 small-vehicle 1
287.0 1555.0 305.0 1555.0 305.0 1576.0 287.0 1576.0 small-vehicle 1
309.0 1543.0 329.0 1543.0 329.0 1561.0 309.0 1561.0 small-vehicle 1
370.0 1593.0 393.0 1593.0 393.0 1612.0 370.0 1612.0 small-vehicle 1
366.0 1583.0 387.0 1583.0 387.0 1600.0 366.0 1600.0 small-vehicle 1
363.0 1572.0 384.0 1572.0 384.0 1589.0 363.0 1589.0 small-vehicle 1
358.0 1564.0 380.0 1564.0 380.0 1582.0 358.0 1582.0 small-vehicle 1
343.0 1538.0 366.0 1538.0 366.0 1557.0 343.0 1557.0 small-vehicle 1
342.0 1533.0 362.0 1533.0 362.0 1547.0 342.0 1547.0 small-vehicle 1
338.0 1524.0 359.0 1524.0 359.0 1541.0 338.0 1541.0 small-vehicle 1
410.0 1481.0 432.0 1481.0 432.0 1501.0 410.0 1501.0 small-vehicle 1
419.0 1495.0 441.0 1495.0 441.0 1514.0 419.0 1514.0 small-vehicle 1
429.0 1511.0 449.0 1511.0 449.0 1526.0 429.0 1526.0 small-vehicle 1
434.0 1518.0 455.0 1518.0 455.0 1536.0 434.0 1536.0 small-vehicle 1
442.0 1531.0 464.0 1531.0 464.0 1549.0 442.0 1549.0 small-vehicle 1
268.0 1577.0 287.0 1577.0 287.0 1599.0 268.0 1599.0 small-vehicle 1
275.0 1399.0 293.0 1399.0 293.0 1422.0 275.0 1422.0 small-vehicle 1
272.0 1464.0 288.0 1464.0 288.0 1483.0 272.0 1483.0 small-vehicle 1
267.0 1403.0 285.0 1403.0 285.0 1426.0 267.0 1426.0 small-vehicle 1
247.0 1475.0 265.0 1475.0 265.0 1497.0 247.0 1497.0 small-vehicle 1
240.0 1482.0 256.0 1482.0 256.0 1501.0 240.0 1501.0 small-vehicle 1
231.0 1485.0 247.0 1485.0 247.0 1505.0 231.0 1505.0 small-vehicle 1
224.0 1490.0 241.0 1490.0 241.0 1511.0 224.0 1511.0 small-vehicle 1
215.0 1495.0 231.0 1495.0 231.0 1517.0 215.0 1517.0 small-vehicle 1
209.0 1500.0 224.0 1500.0 224.0 1519.0 209.0 1519.0 small-vehicle 1
202.0 1506.0 217.0 1506.0 217.0 1525.0 202.0 1525.0 small-vehicle 1
192.0 1508.0 207.0 1508.0 207.0 1530.0 192.0 1530.0 small-vehicle 1
182.0 1512.0 198.0 1512.0 198.0 1534.0 182.0 1534.0 small-vehicle 1
167.0 1521.0 185.0 1521.0 185.0 1546.0 167.0 1546.0 small-vehicle 1
148.0 1474.0 167.0 1474.0 167.0 1498.0 148.0 1498.0 small-vehicle 1
217.0 1440.0 232.0 1440.0 232.0 1460.0 217.0 1460.0 small-vehicle 1
226.0 1434.0 243.0 1434.0 243.0 1457.0 226.0 1457.0 small-vehicle 1
234.0 1423.0 252.0 1423.0 252.0 1449.0 234.0 1449.0 small-vehicle 1
257.0 1409.0 276.0 1409.0 276.0 1431.0 257.0 1431.0 small-vehicle 1
310.0 1905.0 360.0 1905.0 360.0 1956.0 310.0 1956.0 large-vehicle 0
226.0 1820.0 271.0 1820.0 271.0 1864.0 226.0 1864.0 large-vehicle 0
410.0 1567.0 431.0 1567.0 431.0 1594.0 410.0 1594.0 small-vehicle 1
248.0 1046.0 276.0 1046.0 276.0 1082.0 248.0 1082.0 large-vehicle 0
283.0 1102.0 312.0 1102.0 312.0 1142.0 283.0 1142.0 large-vehicle 0
303.0 1135.0 324.0 1135.0 324.0 1166.0 303.0 1166.0 large-vehicle 0
317.0 1167.0 343.0 1167.0 343.0 1203.0 317.0 1203.0 large-vehicle 0
169.0 997.0 197.0 997.0 197.0 1032.0 169.0 1032.0 large-vehicle 0
127.0 1039.0 155.0 1039.0 155.0 1073.0 127.0 1073.0 large-vehicle 0
76.0 1066.0 105.0 1066.0 105.0 1104.0 76.0 1104.0 large-vehicle 0
60.0 1073.0 89.0 1073.0 89.0 1110.0 60.0 1110.0 large-vehicle 0
82.0 934.0 120.0 934.0 120.0 950.0 82.0 950.0 large-vehicle 0
70.0 909.0 105.0 909.0 105.0 925.0 70.0 925.0 large-vehicle 0
64.0 896.0 104.0 896.0 104.0 913.0 64.0 913.0 large-vehicle 0
56.0 886.0 99.0 886.0 99.0 902.0 56.0 902.0 large-vehicle 0
50.0 873.0 90.0 873.0 90.0 890.0 50.0 890.0 large-vehicle 0
35.0 849.0 70.0 849.0 70.0 867.0 35.0 867.0 large-vehicle 0
35.0 838.0 66.0 838.0 66.0 851.0 35.0 851.0 large-vehicle 0
31.0 1055.0 56.0 1055.0 56.0 1095.0 31.0 1095.0 large-vehicle 0
269.0 1079.0 295.0 1079.0 295.0 1108.0 269.0 1108.0 large-vehicle 0
231.0 1013.0 257.0 1013.0 257.0 1050.0 231.0 1050.0 large-vehicle 0
59.0 999.0 100.0 999.0 100.0 1035.0 59.0 1035.0 large-vehicle 0
913.0 936.0 939.0 936.0 939.0 958.0 913.0 958.0 small-vehicle 1
1989.0 1265.0 2190.0 1265.0 2190.0 1471.0 1989.0 1471.0 plane 0
1585.0 1933.0 1985.0 1933.0 1985.0 2297.0 1585.0 2297.0 plane 0
534.0 537.0 586.0 537.0 586.0 574.0 534.0 574.0 large-vehicle 0
546.0 553.0 592.0 553.0 592.0 587.0 546.0 587.0 large-vehicle 0
553.0 567.0 604.0 567.0 604.0 603.0 553.0 603.0 large-vehicle 0
558.0 582.0 610.0 582.0 610.0 620.0 558.0 620.0 large-vehicle 0
465.0 604.0 502.0 604.0 502.0 654.0 465.0 654.0 large-vehicle 0
452.0 612.0 488.0 612.0 488.0 662.0 452.0 662.0 large-vehicle 0
438.0 618.0 476.0 618.0 476.0 669.0 438.0 669.0 large-vehicle 0
413.0 633.0 450.0 633.0 450.0 683.0 413.0 683.0 large-vehicle 0
400.0 640.0 437.0 640.0 437.0 691.0 400.0 691.0 large-vehicle 0
391.0 653.0 415.0 653.0 415.0 684.0 391.0 684.0 large-vehicle 0
190.0 737.0 214.0 737.0 214.0 759.0 190.0 759.0 large-vehicle 0
571.0 646.0 592.0 646.0 592.0 670.0 571.0 670.0 small-vehicle 1
385.0 724.0 405.0 724.0 405.0 742.0 385.0 742.0 small-vehicle 1
14.0 1027.0 54.0 1027.0 54.0 1059.0 14.0 1059.0 large-vehicle 0
102.0 990.0 125.0 990.0 125.0 1011.0 102.0 1011.0 small-vehicle 1
664.0 1786.0 702.0 1786.0 702.0 1833.0 664.0 1833.0 large-vehicle 0
62.0 1433.0 103.0 1433.0 103.0 1476.0 62.0 1476.0 large-vehicle 0
119.0 1573.0 154.0 1573.0 154.0 1609.0 119.0 1609.0 large-vehicle 0
297.0 1547.0 326.0 1547.0 326.0 1585.0 297.0 1585.0 large-vehicle 0
375.0 1510.0 404.0 1510.0 404.0 1548.0 375.0 1548.0 large-vehicle 0
327.0 1598.0 356.0 1598.0 356.0 1638.0 327.0 1638.0 large-vehicle 0
287.0 1606.0 321.0 1606.0 321.0 1658.0 287.0 1658.0 large-vehicle 0
196.0 1655.0 229.0 1655.0 229.0 1688.0 196.0 1688.0 large-vehicle 0
340.0 1705.0 368.0 1705.0 368.0 1743.0 340.0 1743.0 large-vehicle 0
352.0 1698.0 381.0 1698.0 381.0 1737.0 352.0 1737.0 large-vehicle 0
385.0 1663.0 421.0 1663.0 421.0 1710.0 385.0 1710.0 large-vehicle 0
424.0 1649.0 456.0 1649.0 456.0 1694.0 424.0 1694.0 large-vehicle 0
451.0 1645.0 478.0 1645.0 478.0 1680.0 451.0 1680.0 large-vehicle 0
581.0 1595.0 610.0 1595.0 610.0 1633.0 581.0 1633.0 large-vehicle 0
650.0 1710.0 684.0 1710.0 684.0 1760.0 650.0 1760.0 large-vehicle 0
853.0 1623.0 886.0 1623.0 886.0 1662.0 853.0 1662.0 large-vehicle 0
904.0 1719.0 942.0 1719.0 942.0 1770.0 904.0 1770.0 large-vehicle 0
28.0 1398.0 67.0 1398.0 67.0 1438.0 28.0 1438.0 large-vehicle 0
419.0 1308.0 450.0 1308.0 450.0 1355.0 419.0 1355.0 large-vehicle 0
587.0 1072.0 610.0 1072.0 610.0 1103.0 587.0 1103.0 large-vehicle 0
431.0 1254.0 471.0 1254.0 471.0 1284.0 431.0 1284.0 large-vehicle 1
591.0 1116.0 627.0 1116.0 627.0 1164.0 591.0 1164.0 large-vehicle 0
98.0 759.0 148.0 759.0 148.0 796.0 98.0 796.0 large-vehicle 0
178.0 1454.0 202.0 1454.0 202.0 1483.0 178.0 1483.0 large-vehicle 0
365.0 1378.0 397.0 1378.0 397.0 1421.0 365.0 1421.0 large-vehicle 0
378.0 1368.0 410.0 1368.0 410.0 1410.0 378.0 1410.0 large-vehicle 0
381.0 1346.0 413.0 1346.0 413.0 1389.0 381.0 1389.0 large-vehicle 0
288.0 1304.0 328.0 1304.0 328.0 1335.0 288.0 1335.0 large-vehicle 0
296.0 1318.0 334.0 1318.0 334.0 1344.0 296.0 1344.0 large-vehicle 0
303.0 1330.0 338.0 1330.0 338.0 1357.0 303.0 1357.0 large-vehicle 0
306.0 1341.0 345.0 1341.0 345.0 1372.0 306.0 1372.0 large-vehicle 0
240.0 1214.0 274.0 1214.0 274.0 1242.0 240.0 1242.0 large-vehicle 0
244.0 1228.0 279.0 1228.0 279.0 1253.0 244.0 1253.0 large-vehicle 0
249.0 1240.0 285.0 1240.0 285.0 1266.0 249.0 1266.0 large-vehicle 0
256.0 1251.0 290.0 1251.0 290.0 1281.0 256.0 1281.0 large-vehicle 0
335.0 1201.0 367.0 1201.0 367.0 1241.0 335.0 1241.0 large-vehicle 0
451.0 1545.0 471.0 1545.0 471.0 1564.0 451.0 1564.0 small-vehicle 1
293.0 1641.0 309.0 1641.0 309.0 1660.0 293.0 1660.0 small-vehicle 1
386.0 1574.0 400.0 1574.0 400.0 1596.0 386.0 1596.0 small-vehicle 1
228.0 2512.0 243.0 2512.0 243.0 2531.0 228.0 2531.0 small-vehicle 1
139.0 2442.0 158.0 2442.0 158.0 2464.0 139.0 2464.0 small-vehicle 1
80.0 2749.0 96.0 2749.0 96.0 2769.0 80.0 2769.0 small-vehicle 1
92.0 2772.0 109.0 2772.0 109.0 2795.0 92.0 2795.0 small-vehicle 1
798.0 2763.0 819.0 2763.0 819.0 2786.0 798.0 2786.0 small-vehicle 1
850.0 2755.0 869.0 2755.0 869.0 2778.0 850.0 2778.0 small-vehicle 1
781.0 2709.0 811.0 2709.0 811.0 2749.0 781.0 2749.0 large-vehicle 0
216.0 2614.0 244.0 2614.0 244.0 2646.0 216.0 2646.0 large-vehicle 0
190.0 2627.0 215.0 2627.0 215.0 2660.0 190.0 2660.0 large-vehicle 0
181.0 2639.0 206.0 2639.0 206.0 2672.0 181.0 2672.0 large-vehicle 0
101.0 2682.0 123.0 2682.0 123.0 2711.0 101.0 2711.0 large-vehicle 0
24.0 2581.0 49.0 2581.0 49.0 2606.0 24.0 2606.0 large-vehicle 0
966.0 2690.0 1003.0 2690.0 1003.0 2738.0 966.0 2738.0 large-vehicle 0
931.0 2725.0 963.0 2725.0 963.0 2763.0 931.0 2763.0 large-vehicle 0
946.0 2774.0 976.0 2774.0 976.0 2813.0 946.0 2813.0 large-vehicle 0
1125.0 2822.0 1165.0 2822.0 1165.0 2851.0 1125.0 2851.0 large-vehicle 0
236.0 2529.0 254.0 2529.0 254.0 2551.0 236.0 2551.0 small-vehicle 1
220.0 2516.0 235.0 2516.0 235.0 2534.0 220.0 2534.0 small-vehicle 1
1087.0 2790.0 1110.0 2790.0 1110.0 2810.0 1087.0 2810.0 large-vehicle 0
212.0 2519.0 227.0 2519.0 227.0 2538.0 212.0 2538.0 small-vehicle 1
722.0 2414.0 745.0 2414.0 745.0 2438.0 722.0 2438.0 small-vehicle 1
663.0 2345.0 688.0 2345.0 688.0 2370.0 663.0 2370.0 small-vehicle 1
883.0 2428.0 907.0 2428.0 907.0 2447.0 883.0 2447.0 small-vehicle 1
895.0 2447.0 917.0 2447.0 917.0 2465.0 895.0 2465.0 small-vehicle 1
908.0 2470.0 931.0 2470.0 931.0 2489.0 908.0 2489.0 small-vehicle 1
922.0 2504.0 946.0 2504.0 946.0 2523.0 922.0 2523.0 small-vehicle 1
859.0 2630.0 877.0 2630.0 877.0 2651.0 859.0 2651.0 small-vehicle 1
739.0 2592.0 762.0 2592.0 762.0 2611.0 739.0 2611.0 small-vehicle 1
716.0 2608.0 740.0 2608.0 740.0 2627.0 716.0 2627.0 small-vehicle 1
602.0 2684.0 620.0 2684.0 620.0 2701.0 602.0 2701.0 small-vehicle 1
515.0 2624.0 535.0 2624.0 535.0 2646.0 515.0 2646.0 small-vehicle 1
594.0 2541.0 625.0 2541.0 625.0 2578.0 594.0 2578.0 large-vehicle 0
585.0 2416.0 615.0 2416.0 615.0 2451.0 585.0 2451.0 large-vehicle 0
679.0 2500.0 698.0 2500.0 698.0 2519.0 679.0 2519.0 small-vehicle 1
613.0 2477.0 636.0 2477.0 636.0 2503.0 613.0 2503.0 small-vehicle 1
1100.0 2801.0 1140.0 2801.0 1140.0 2832.0 1100.0 2832.0 large-vehicle 0
1078.0 2772.0 1113.0 2772.0 1113.0 2799.0 1078.0 2799.0 large-vehicle 0
907.0 2104.0 932.0 2104.0 932.0 2121.0 907.0 2121.0 large-vehicle 1
973.0 2508.0 995.0 2508.0 995.0 2525.0 973.0 2525.0 small-vehicle 1
960.0 2485.0 982.0 2485.0 982.0 2500.0 960.0 2500.0 small-vehicle 1
955.0 2476.0 977.0 2476.0 977.0 2493.0 955.0 2493.0 small-vehicle 1
962.0 2422.0 1001.0 2422.0 1001.0 2450.0 962.0 2450.0 large-vehicle 0
958.0 2412.0 993.0 2412.0 993.0 2439.0 958.0 2439.0 large-vehicle 0
1042.0 2348.0 1080.0 2348.0 1080.0 2377.0 1042.0 2377.0 large-vehicle 1
951.0 1806.0 990.0 1806.0 990.0 1857.0 951.0 1857.0 large-vehicle 0
976.0 1809.0 1014.0 1809.0 1014.0 1862.0 976.0 1862.0 large-vehicle 0
940.0 1058.0 960.0 1058.0 960.0 1083.0 940.0 1083.0 large-vehicle 0
1621.0 348.0 1663.0 348.0 1663.0 393.0 1621.0 393.0 large-vehicle 0
1514.0 2268.0 1543.0 2268.0 1543.0 2293.0 1514.0 2293.0 large-vehicle 0
1537.0 2253.0 1565.0 2253.0 1565.0 2276.0 1537.0 2276.0 large-vehicle 0
1544.0 2265.0 1569.0 2265.0 1569.0 2286.0 1544.0 2286.0 large-vehicle 0
1557.0 2273.0 1576.0 2273.0 1576.0 2292.0 1557.0 2292.0 small-vehicle 1
1538.0 2285.0 1556.0 2285.0 1556.0 2303.0 1538.0 2303.0 small-vehicle 1
1523.0 2294.0 1542.0 2294.0 1542.0 2311.0 1523.0 2311.0 small-vehicle 1
963.0 2492.0 988.0 2492.0 988.0 2510.0 963.0 2510.0 small-vehicle 1
989.0 2540.0 1013.0 2540.0 1013.0 2560.0 989.0 2560.0 small-vehicle 1
1068.0 2759.0 1107.0 2759.0 1107.0 2789.0 1068.0 2789.0 large-vehicle 0
1138.0 2683.0 1156.0 2683.0 1156.0 2698.0 1138.0 2698.0 small-vehicle 1
1059.0 2743.0 1105.0 2743.0 1105.0 2778.0 1059.0 2778.0 large-vehicle 0
1123.0 2730.0 1158.0 2730.0 1158.0 2758.0 1123.0 2758.0 large-vehicle 0
1175.0 2786.0 1206.0 2786.0 1206.0 2811.0 1175.0 2811.0 large-vehicle 0
1232.0 2761.0 1256.0 2761.0 1256.0 2790.0 1232.0 2790.0 large-vehicle 0
1207.0 2716.0 1242.0 2716.0 1242.0 2766.0 1207.0 2766.0 large-vehicle 0
1217.0 2833.0 1244.0 2833.0 1244.0 2853.0 1217.0 2853.0 large-vehicle 0
1275.0 2800.0 1309.0 2800.0 1309.0 2825.0 1275.0 2825.0 large-vehicle 0
1146.0 2758.0 1163.0 2758.0 1163.0 2774.0 1146.0 2774.0 small-vehicle 1
1163.0 2750.0 1182.0 2750.0 1182.0 2767.0 1163.0 2767.0 small-vehicle 1
1173.0 2736.0 1189.0 2736.0 1189.0 2754.0 1173.0 2754.0 small-vehicle 1
1139.0 2748.0 1157.0 2748.0 1157.0 2763.0 1139.0 2763.0 small-vehicle 1
1159.0 2739.0 1175.0 2739.0 1175.0 2755.0 1159.0 2755.0 small-vehicle 1
1122.0 2710.0 1138.0 2710.0 1138.0 2722.0 1122.0 2722.0 small-vehicle 1
1120.0 2702.0 1135.0 2702.0 1135.0 2714.0 1120.0 2714.0 small-vehicle 1
1112.0 2692.0 1128.0 2692.0 1128.0 2706.0 1112.0 2706.0 small-vehicle 1
904.0 2095.0 926.0 2095.0 926.0 2112.0 904.0 2112.0 small-vehicle 1
909.0 2116.0 939.0 2116.0 939.0 2138.0 909.0 2138.0 large-vehicle 1
272.0 1673.0 296.0 1673.0 296.0 1697.0 272.0 1697.0 small-vehicle 1
461.0 1904.0 483.0 1904.0 483.0 1927.0 461.0 1927.0 small-vehicle 1
458.0 1976.0 480.0 1976.0 480.0 1999.0 458.0 1999.0 small-vehicle 1
483.0 2024.0 507.0 2024.0 507.0 2052.0 483.0 2052.0 small-vehicle 1
569.0 2002.0 588.0 2002.0 588.0 2019.0 569.0 2019.0 small-vehicle 1
91.0 1878.0 112.0 1878.0 112.0 1903.0 91.0 1903.0 small-vehicle 1
395.0 2018.0 418.0 2018.0 418.0 2042.0 395.0 2042.0 small-vehicle 1
326.0 1943.0 353.0 1943.0 353.0 1969.0 326.0 1969.0 small-vehicle 1
316.0 2023.0 360.0 2023.0 360.0 2068.0 316.0 2068.0 large-vehicle 0
100.0 2196.0 118.0 2196.0 118.0 2216.0 100.0 2216.0 small-vehicle 1
174.0 2293.0 193.0 2293.0 193.0 2315.0 174.0 2315.0 small-vehicle 1
435.0 2291.0 456.0 2291.0 456.0 2317.0 435.0 2317.0 small-vehicle 1
493.0 2239.0 515.0 2239.0 515.0 2263.0 493.0 2263.0 small-vehicle 1
572.0 2228.0 592.0 2228.0 592.0 2248.0 572.0 2248.0 small-vehicle 1
702.0 2195.0 724.0 2195.0 724.0 2212.0 702.0 2212.0 small-vehicle 1
709.0 2181.0 729.0 2181.0 729.0 2198.0 709.0 2198.0 small-vehicle 1
715.0 2168.0 735.0 2168.0 735.0 2185.0 715.0 2185.0 small-vehicle 1
411.0 1931.0 433.0 1931.0 433.0 1953.0 411.0 1953.0 small-vehicle 1
427.0 1863.0 449.0 1863.0 449.0 1889.0 427.0 1889.0 small-vehicle 1
731.0 2237.0 743.0 2237.0 743.0 2257.0 731.0 2257.0 small-vehicle 1
369.0 1894.0 394.0 1894.0 394.0 1921.0 369.0 1921.0 small-vehicle 1
468.0 1548.0 485.0 1548.0 485.0 1567.0 468.0 1567.0 small-vehicle 1
476.0 1542.0 493.0 1542.0 493.0 1565.0 476.0 1565.0 small-vehicle 1
485.0 1539.0 500.0 1539.0 500.0 1560.0 485.0 1560.0 small-vehicle 1
493.0 1534.0 509.0 1534.0 509.0 1555.0 493.0 1555.0 small-vehicle 1
598.0 1584.0 610.0 1584.0 610.0 1601.0 598.0 1601.0 small-vehicle 1
605.0 1565.0 624.0 1565.0 624.0 1580.0 605.0 1580.0 small-vehicle 1
888.0 1645.0 906.0 1645.0 906.0 1666.0 888.0 1666.0 small-vehicle 1
868.0 1619.0 886.0 1619.0 886.0 1640.0 868.0 1640.0 small-vehicle 1
356.0 1778.0 378.0 1778.0 378.0 1798.0 356.0 1798.0 small-vehicle 1
373.0 1798.0 400.0 1798.0 400.0 1824.0 373.0 1824.0 small-vehicle 1
194.0 1732.0 216.0 1732.0 216.0 1755.0 194.0 1755.0 small-vehicle 1
143.0 1740.0 163.0 1740.0 163.0 1760.0 143.0 1760.0 small-vehicle 1
57.0 1786.0 77.0 1786.0 77.0 1809.0 57.0 1809.0 small-vehicle 1
242.0 1776.0 263.0 1776.0 263.0 1798.0 242.0 1798.0 small-vehicle 1
317.0 1845.0 340.0 1845.0 340.0 1871.0 317.0 1871.0 small-vehicle 1
713.0 2221.0 735.0 2221.0 735.0 2241.0 713.0 2241.0 small-vehicle 1
740.0 2250.0 751.0 2250.0 751.0 2270.0 740.0 2270.0 small-vehicle 1
917.0 2127.0 949.0 2127.0 949.0 2152.0 917.0 2152.0 large-vehicle 1
626.0 1985.0 644.0 1985.0 644.0 2007.0 626.0 2007.0 small-vehicle 1
693.0 2011.0 712.0 2011.0 712.0 2035.0 693.0 2035.0 small-vehicle 1
726.0 1988.0 750.0 1988.0 750.0 2006.0 726.0 2006.0 small-vehicle 1
466.0 2100.0 496.0 2100.0 496.0 2131.0 466.0 2131.0 large-vehicle 0
768.0 1869.0 807.0 1869.0 807.0 1898.0 768.0 1898.0 large-vehicle 1
742.0 1811.0 784.0 1811.0 784.0 1841.0 742.0 1841.0 large-vehicle 1
653.0 2015.0 670.0 2015.0 670.0 2036.0 653.0 2036.0 small-vehicle 1
663.0 2010.0 679.0 2010.0 679.0 2029.0 663.0 2029.0 small-vehicle 1
671.0 2004.0 688.0 2004.0 688.0 2024.0 671.0 2024.0 small-vehicle 1
688.0 2058.0 706.0 2058.0 706.0 2079.0 688.0 2079.0 small-vehicle 1
697.0 2053.0 715.0 2053.0 715.0 2075.0 697.0 2075.0 small-vehicle 1
794.0 2161.0 815.0 2161.0 815.0 2177.0 794.0 2177.0 small-vehicle 1
789.0 2150.0 811.0 2150.0 811.0 2168.0 789.0 2168.0 small-vehicle 1
781.0 2141.0 806.0 2141.0 806.0 2162.0 781.0 2162.0 small-vehicle 1
771.0 2125.0 795.0 2125.0 795.0 2143.0 771.0 2143.0 small-vehicle 1
779.0 2133.0 802.0 2133.0 802.0 2151.0 779.0 2151.0 small-vehicle 1
641.0 1976.0 660.0 1976.0 660.0 1999.0 641.0 1999.0 small-vehicle 1
594.0 2005.0 611.0 2005.0 611.0 2026.0 594.0 2026.0 small-vehicle 1
750.0 2257.0 761.0 2257.0 761.0 2278.0 750.0 2278.0 small-vehicle 1
645.0 2018.0 661.0 2018.0 661.0 2039.0 645.0 2039.0 small-vehicle 1
332.0 2229.0 349.0 2229.0 349.0 2252.0 332.0 2252.0 small-vehicle 1
94.0 2286.0 113.0 2286.0 113.0 2308.0 94.0 2308.0 small-vehicle 1
44.0 2288.0 59.0 2288.0 59.0 2312.0 44.0 2312.0 small-vehicle 1
18.0 2302.0 38.0 2302.0 38.0 2326.0 18.0 2326.0 small-vehicle 1
53.0 2283.0 68.0 2283.0 68.0 2307.0 53.0 2307.0 small-vehicle 1
61.0 2279.0 78.0 2279.0 78.0 2302.0 61.0 2302.0 small-vehicle 1
69.0 2273.0 87.0 2273.0 87.0 2296.0 69.0 2296.0 small-vehicle 1
47.0 2239.0 64.0 2239.0 64.0 2262.0 47.0 2262.0 small-vehicle 1
2.0 2176.0 19.0 2176.0 19.0 2200.0 2.0 2200.0 small-vehicle 1
39.0 2225.0 55.0 2225.0 55.0 2245.0 39.0 2245.0 small-vehicle 1
838.0 1998.0 859.0 1998.0 859.0 2014.0 838.0 2014.0 small-vehicle 1
678.0 2019.0 696.0 2019.0 696.0 2043.0 678.0 2043.0 small-vehicle 1
656.0 2075.0 674.0 2075.0 674.0 2098.0 656.0 2098.0 small-vehicle 1
638.0 2079.0 653.0 2079.0 653.0 2100.0 638.0 2100.0 small-vehicle 1
621.0 2074.0 633.0 2074.0 633.0 2095.0 621.0 2095.0 small-vehicle 1
1592.0 448.0 1792.0 448.0 1792.0 649.0 1592.0 649.0 plane 0
