imagesource:GoogleEarth
gsd:0.27365910842
609.0 950.0 622.0 950.0 622.0 972.0 609.0 972.0 small-vehicle 1
1028.0 1176.0 1044.0 1176.0 1044.0 1201.0 1028.0 1201.0 small-vehicle 0
440.0 1020.0 462.0 1020.0 462.0 1041.0 440.0 1041.0 small-vehicle 0
432.0 1025.0 452.0 1025.0 452.0 1047.0 432.0 1047.0 small-vehicle 0
483.0 965.0 506.0 965.0 506.0 991.0 483.0 991.0 small-vehicle 0
462.0 979.0 482.0 979.0 482.0 1003.0 462.0 1003.0 small-vehicle 0
438.0 995.0 456.0 995.0 456.0 1016.0 438.0 1016.0 small-vehicle 0
447.0 987.0 463.0 987.0 463.0 1011.0 447.0 1011.0 small-vehicle 0
454.0 986.0 474.0 986.0 474.0 1009.0 454.0 1009.0 small-vehicle 0
818.0 853.0 834.0 853.0 834.0 874.0 818.0 874.0 small-vehicle 1
832.0 856.0 843.0 856.0 843.0 876.0 832.0 876.0 small-vehicle 1
838.0 858.0 854.0 858.0 854.0 878.0 838.0 878.0 small-vehicle 1
848.0 862.0 861.0 862.0 861.0 886.0 848.0 886.0 small-vehicle 1
856.0 866.0 870.0 866.0 870.0 885.0 856.0 885.0 small-vehicle 1
863.0 869.0 878.0 869.0 878.0 892.0 863.0 892.0 small-vehicle 1
874.0 871.0 888.0 871.0 888.0 894.0 874.0 894.0 small-vehicle 1
884.0 874.0 900.0 874.0 900.0 897.0 884.0 897.0 small-vehicle 1
957.0 836.0 992.0 836.0 992.0 863.0 957.0 863.0 large-vehicle 0
954.0 825.0 980.0 825.0 980.0 847.0 954.0 847.0 large-vehicle 0
946.0 813.0 976.0 813.0 976.0 837.0 946.0 837.0 large-vehicle 0
948.0 783.0 969.0 783.0 969.0 807.0 948.0 807.0 small-vehicle 1
896.0 813.0 913.0 813.0 913.0 834.0 896.0 834.0 small-vehicle 1
876.0 823.0 896.0 823.0 896.0 846.0 876.0 846.0 small-vehicle 1
883.0 818.0 903.0 818.0 903.0 839.0 883.0 839.0 small-vehicle 1
229.0 756.0 252.0 756.0 252.0 773.0 229.0 773.0 small-vehicle 1
451.0 1015.0 470.0 1015.0 470.0 1038.0 451.0 1038.0 small-vehicle 0
458.0 1011.0 480.0 1011.0 480.0 1034.0 458.0 1034.0 small-vehicle 0
475.0 1000.0 496.0 1000.0 496.0 1026.0 475.0 1026.0 small-vehicle 0
920.0 1150.0 934.0 1150.0 934.0 1169.0 920.0 1169.0 small-vehicle 0
1010.0 1172.0 1023.0 1172.0 1023.0 1194.0 1010.0 1194.0 small-vehicle 0
998.0 1168.0 1014.0 1168.0 1014.0 1193.0 998.0 1193.0 small-vehicle 0
990.0 1168.0 1004.0 1168.0 1004.0 1192.0 990.0 1192.0 small-vehicle 0
984.0 1166.0 998.0 1166.0 998.0 1187.0 984.0 1187.0 small-vehicle 0
972.0 1162.0 987.0 1162.0 987.0 1184.0 972.0 1184.0 small-vehicle 0
964.0 1158.0 977.0 1158.0 977.0 1180.0 964.0 1180.0 small-vehicle 0
956.0 1156.0 969.0 1156.0 969.0 1178.0 956.0 1178.0 small-vehicle 0
946.0 1152.0 961.0 1152.0 961.0 1175.0 946.0 1175.0 small-vehicle 0
937.0 1150.0 952.0 1150.0 952.0 1174.0 937.0 1174.0 small-vehicle 0
930.0 1152.0 944.0 1152.0 944.0 1170.0 930.0 1170.0 small-vehicle 0
912.0 1145.0 925.0 1145.0 925.0 1168.0 912.0 1168.0 small-vehicle 0
528.0 931.0 544.0 931.0 544.0 953.0 528.0 953.0 small-vehicle 0
904.0 1143.0 918.0 1143.0 918.0 1163.0 904.0 1163.0 small-vehicle 0
885.0 1138.0 898.0 1138.0 898.0 1160.0 885.0 1160.0 small-vehicle 0
580.0 1041.0 596.0 1041.0 596.0 1062.0 580.0 1062.0 small-vehicle 0
424.0 904.0 446.0 904.0 446.0 931.0 424.0 931.0 small-vehicle 0
455.0 909.0 473.0 909.0 473.0 935.0 455.0 935.0 small-vehicle 0
473.0 916.0 488.0 916.0 488.0 936.0 473.0 936.0 small-vehicle 0
485.0 920.0 497.0 920.0 497.0 940.0 485.0 940.0 small-vehicle 0
493.0 921.0 504.0 921.0 504.0 942.0 493.0 942.0 small-vehicle 0
502.0 922.0 514.0 922.0 514.0 942.0 502.0 942.0 small-vehicle 0
517.0 927.0 532.0 927.0 532.0 948.0 517.0 948.0 small-vehicle 0
225.0 748.0 246.0 748.0 246.0 766.0 225.0 766.0 small-vehicle 1
220.0 737.0 243.0 737.0 243.0 757.0 220.0 757.0 small-vehicle 1
332.0 780.0 354.0 780.0 354.0 807.0 332.0 807.0 small-vehicle 1
357.0 2920.0 404.0 2920.0 404.0 2987.0 357.0 2987.0 large-vehicle 1
45.0 2033.0 65.0 2033.0 65.0 2057.0 45.0 2057.0 small-vehicle 1
262.0 2473.0 300.0 2473.0 300.0 2523.0 262.0 2523.0 large-vehicle 0
312.0 2503.0 345.0 2503.0 345.0 2552.0 312.0 2552.0 large-vehicle 1
360.0 2592.0 395.0 2592.0 395.0 2637.0 360.0 2637.0 large-vehicle 1
378.0 2592.0 402.0 2592.0 402.0 2625.0 378.0 2625.0 large-vehicle 1
452.0 2726.0 484.0 2726.0 484.0 2766.0 452.0 2766.0 large-vehicle 1
459.0 2764.0 490.0 2764.0 490.0 2806.0 459.0 2806.0 large-vehicle 1
294.0 2833.0 330.0 2833.0 330.0 2880.0 294.0 2880.0 large-vehicle 1
534.0 2897.0 566.0 2897.0 566.0 2942.0 534.0 2942.0 large-vehicle 1
342.0 3003.0 374.0 3003.0 374.0 3043.0 342.0 3043.0 large-vehicle 1
368.0 2969.0 402.0 2969.0 402.0 3010.0 368.0 3010.0 large-vehicle 1
300.0 2183.0 331.0 2183.0 331.0 2223.0 300.0 2223.0 large-vehicle 0
440.0 3007.0 460.0 3007.0 460.0 3030.0 440.0 3030.0 small-vehicle 1
574.0 2933.0 594.0 2933.0 594.0 2960.0 574.0 2960.0 small-vehicle 1
660.0 2834.0 702.0 2834.0 702.0 2885.0 660.0 2885.0 large-vehicle 0
734.0 3001.0 779.0 3001.0 779.0 3055.0 734.0 3055.0 large-vehicle 0
645.0 3054.0 688.0 3054.0 688.0 3112.0 645.0 3112.0 large-vehicle 0
603.0 3122.0 654.0 3122.0 654.0 3190.0 603.0 3190.0 large-vehicle 0
516.0 3234.0 552.0 3234.0 552.0 3279.0 516.0 3279.0 large-vehicle 0
878.0 3216.0 904.0 3216.0 904.0 3248.0 878.0 3248.0 large-vehicle 0
764.0 3404.0 800.0 3404.0 800.0 3450.0 764.0 3450.0 large-vehicle 0
1104.0 3648.0 1140.0 3648.0 1140.0 3696.0 1104.0 3696.0 large-vehicle 0
308.0 2247.0 332.0 2247.0 332.0 2275.0 308.0 2275.0 small-vehicle 1
333.0 2213.0 354.0 2213.0 354.0 2242.0 333.0 2242.0 small-vehicle 1
303.0 755.0 325.0 755.0 325.0 784.0 303.0 784.0 small-vehicle 1
464.0 2390.0 480.0 2390.0 480.0 2415.0 464.0 2415.0 small-vehicle 1
321.0 758.0 339.0 758.0 339.0 781.0 321.0 781.0 small-vehicle 1
519.0 638.0 537.0 638.0 537.0 658.0 519.0 658.0 small-vehicle 1
503.0 636.0 522.0 636.0 522.0 660.0 503.0 660.0 small-vehicle 1
1103.0 683.0 1131.0 683.0 1131.0 706.0 1103.0 706.0 small-vehicle 1
66.0 2149.0 107.0 2149.0 107.0 2209.0 66.0 2209.0 large-vehicle 0
18.0 2088.0 52.0 2088.0 52.0 2140.0 18.0 2140.0 large-vehicle 0
276.0 2412.0 295.0 2412.0 295.0 2435.0 276.0 2435.0 small-vehicle 1
266.0 2399.0 288.0 2399.0 288.0 2422.0 266.0 2422.0 small-vehicle 1
255.0 2380.0 278.0 2380.0 278.0 2406.0 255.0 2406.0 small-vehicle 1
296.0 2425.0 320.0 2425.0 320.0 2452.0 296.0 2452.0 small-vehicle 1
543.0 2399.0 572.0 2399.0 572.0 2424.0 543.0 2424.0 small-vehicle 1
404.0 2197.0 420.0 2197.0 420.0 2221.0 404.0 2221.0 small-vehicle 1
78.0 2398.0 105.0 2398.0 105.0 2430.0 78.0 2430.0 small-vehicle 1
127.0 2619.0 147.0 2619.0 147.0 2643.0 127.0 2643.0 small-vehicle 1
178.0 2608.0 202.0 2608.0 202.0 2629.0 178.0 2629.0 small-vehicle 1
268.0 2559.0 290.0 2559.0 290.0 2579.0 268.0 2579.0 small-vehicle 1
224.0 2646.0 244.0 2646.0 244.0 2671.0 224.0 2671.0 small-vehicle 1
363.0 2647.0 384.0 2647.0 384.0 2674.0 363.0 2674.0 small-vehicle 1
400.0 2661.0 422.0 2661.0 422.0 2689.0 400.0 2689.0 small-vehicle 1
25.0 2351.0 65.0 2351.0 65.0 2406.0 25.0 2406.0 large-vehicle 0
62.0 2505.0 91.0 2505.0 91.0 2544.0 62.0 2544.0 large-vehicle 0
222.0 2578.0 258.0 2578.0 258.0 2609.0 222.0 2609.0 large-vehicle 1
1018.0 1173.0 1030.0 1173.0 1030.0 1196.0 1018.0 1196.0 small-vehicle 0
875.0 1136.0 890.0 1136.0 890.0 1158.0 875.0 1158.0 small-vehicle 0
599.0 948.0 613.0 948.0 613.0 970.0 599.0 970.0 small-vehicle 1
830.0 1125.0 845.0 1125.0 845.0 1147.0 830.0 1147.0 small-vehicle 0
1028.0 847.0 1066.0 847.0 1066.0 877.0 1028.0 877.0 large-vehicle 0
1059.0 813.0 1094.0 813.0 1094.0 843.0 1059.0 843.0 large-vehicle 0
1063.0 825.0 1104.0 825.0 1104.0 857.0 1063.0 857.0 large-vehicle 0
1201.0 760.0 1234.0 760.0 1234.0 785.0 1201.0 785.0 large-vehicle 0
395.0 899.0 421.0 899.0 421.0 932.0 395.0 932.0 large-vehicle 0
907.0 747.0 940.0 747.0 940.0 775.0 907.0 775.0 large-vehicle 0
1188.0 857.0 1232.0 857.0 1232.0 893.0 1188.0 893.0 large-vehicle 0
555.0 1660.0 592.0 1660.0 592.0 1708.0 555.0 1708.0 large-vehicle 0
184.0 1564.0 209.0 1564.0 209.0 1611.0 184.0 1611.0 large-vehicle 0
266.0 1515.0 311.0 1515.0 311.0 1539.0 266.0 1539.0 large-vehicle 0
262.0 1500.0 304.0 1500.0 304.0 1523.0 262.0 1523.0 large-vehicle 0
244.0 1469.0 292.0 1469.0 292.0 1495.0 244.0 1495.0 large-vehicle 0
240.0 1454.0 286.0 1454.0 286.0 1479.0 240.0 1479.0 large-vehicle 0
221.0 1425.0 265.0 1425.0 265.0 1449.0 221.0 1449.0 large-vehicle 0
315.0 1435.0 364.0 1435.0 364.0 1472.0 315.0 1472.0 large-vehicle 0
201.0 1397.0 247.0 1397.0 247.0 1419.0 201.0 1419.0 large-vehicle 0
289.0 1393.0 340.0 1393.0 340.0 1427.0 289.0 1427.0 large-vehicle 0
184.0 1365.0 228.0 1365.0 228.0 1389.0 184.0 1389.0 large-vehicle 0
178.0 1349.0 223.0 1349.0 223.0 1373.0 178.0 1373.0 large-vehicle 0
90.0 1399.0 116.0 1399.0 116.0 1443.0 90.0 1443.0 large-vehicle 0
100.0 1413.0 124.0 1413.0 124.0 1460.0 100.0 1460.0 large-vehicle 0
108.0 1431.0 133.0 1431.0 133.0 1481.0 108.0 1481.0 large-vehicle 0
473.0 1568.0 506.0 1568.0 506.0 1614.0 473.0 1614.0 large-vehicle 0
1024.0 834.0 1060.0 834.0 1060.0 863.0 1024.0 863.0 large-vehicle 0
1016.0 824.0 1052.0 824.0 1052.0 853.0 1016.0 853.0 large-vehicle 0
1013.0 814.0 1044.0 814.0 1044.0 841.0 1013.0 841.0 large-vehicle 0
2207.0 2838.0 2430.0 2838.0 2430.0 3051.0 2207.0 3051.0 plane 0
418.0 454.0 612.0 454.0 612.0 653.0 418.0 653.0 plane 0
646.0 341.0 836.0 341.0 836.0 531.0 646.0 531.0 plane 0
1035.0 100.0 1222.0 100.0 1222.0 286.0 1035.0 286.0 plane 0
1124.0 731.0 1308.0 731.0 1308.0 921.0 1124.0 921.0 plane 0
919.0 1198.0 1245.0 1198.0 1245.0 1531.0 919.0 1531.0 plane 0
1035.0 1426.0 1389.0 1426.0 1389.0 1769.0 1035.0 1769.0 plane 0
1152.0 1639.0 1506.0 1639.0 1506.0 1988.0 1152.0 1988.0 plane 0
1551.0 2308.0 1876.0 2308.0 1876.0 2620.0 1551.0 2620.0 plane 0
1687.0 2533.0 1996.0 2533.0 1996.0 2866.0 1687.0 2866.0 plane 0
1945.0 2875.0 2198.0 2875.0 2198.0 3129.0 1945.0 3129.0 plane 0
2470.0 2654.0 2688.0 2654.0 2688.0 2871.0 2470.0 2871.0 plane 0
352.0 938.0 380.0 938.0 380.0 975.0 352.0 975.0 large-vehicle 0
2727.0 3124.0 2980.0 3124.0 2980.0 3407.0 2727.0 3407.0 plane 0
2591.0 3286.0 2778.0 3286.0 2778.0 3500.0 2591.0 3500.0 plane 0
2419.0 3377.0 2615.0 3377.0 2615.0 3592.0 2419.0 3592.0 plane 0
2314.0 3672.0 2531.0 3672.0 2531.0 3866.0 2314.0 3866.0 plane 0
1976.0 3642.0 2158.0 3642.0 2158.0 3831.0 1976.0 3831.0 plane 0
2006.0 1891.0 2217.0 1891.0 2217.0 2093.0 2006.0 2093.0 plane 0
1488.0 276.0 1754.0 276.0 1754.0 564.0 1488.0 564.0 plane 0
254.0 738.0 278.0 738.0 278.0 769.0 254.0 769.0 large-vehicle 0
391.0 913.0 418.0 913.0 418.0 947.0 391.0 947.0 large-vehicle 0
373.0 928.0 400.0 928.0 400.0 961.0 373.0 961.0 large-vehicle 0
158.0 1927.0 200.0 1927.0 200.0 1987.0 158.0 1987.0 large-vehicle 0
264.0 2039.0 298.0 2039.0 298.0 2079.0 264.0 2079.0 large-vehicle 0
108.0 2087.0 137.0 2087.0 137.0 2126.0 108.0 2126.0 large-vehicle 0
945.0 1222.0 965.0 1222.0 965.0 1246.0 945.0 1246.0 small-vehicle 0
960.0 1288.0 980.0 1288.0 980.0 1311.0 960.0 1311.0 small-vehicle 0
952.0 1292.0 972.0 1292.0 972.0 1316.0 952.0 1316.0 small-vehicle 0
946.0 1296.0 961.0 1296.0 961.0 1318.0 946.0 1318.0 small-vehicle 0
345.0 1324.0 369.0 1324.0 369.0 1351.0 345.0 1351.0 small-vehicle 1
468.0 1116.0 490.0 1116.0 490.0 1141.0 468.0 1141.0 small-vehicle 0
897.0 1251.0 919.0 1251.0 919.0 1276.0 897.0 1276.0 small-vehicle 0
911.0 1242.0 933.0 1242.0 933.0 1265.0 911.0 1265.0 small-vehicle 0
920.0 1233.0 939.0 1233.0 939.0 1257.0 920.0 1257.0 small-vehicle 0
928.0 1230.0 947.0 1230.0 947.0 1254.0 928.0 1254.0 small-vehicle 0
937.0 1226.0 955.0 1226.0 955.0 1250.0 937.0 1250.0 small-vehicle 0
954.0 1217.0 974.0 1217.0 974.0 1242.0 954.0 1242.0 small-vehicle 0
976.0 1276.0 996.0 1276.0 996.0 1301.0 976.0 1301.0 small-vehicle 0
962.0 1213.0 982.0 1213.0 982.0 1235.0 962.0 1235.0 small-vehicle 0
971.0 1206.0 994.0 1206.0 994.0 1232.0 971.0 1232.0 small-vehicle 0
866.0 1219.0 883.0 1219.0 883.0 1240.0 866.0 1240.0 small-vehicle 0
871.0 1214.0 892.0 1214.0 892.0 1236.0 871.0 1236.0 small-vehicle 0
882.0 1208.0 900.0 1208.0 900.0 1234.0 882.0 1234.0 small-vehicle 0
888.0 1203.0 908.0 1203.0 908.0 1228.0 888.0 1228.0 small-vehicle 0
895.0 1200.0 915.0 1200.0 915.0 1225.0 895.0 1225.0 small-vehicle 0
902.0 1196.0 924.0 1196.0 924.0 1218.0 902.0 1218.0 small-vehicle 0
910.0 1191.0 931.0 1191.0 931.0 1215.0 910.0 1215.0 small-vehicle 0
920.0 1188.0 941.0 1188.0 941.0 1208.0 920.0 1208.0 small-vehicle 0
970.0 1284.0 987.0 1284.0 987.0 1304.0 970.0 1304.0 small-vehicle 0
985.0 1274.0 1004.0 1274.0 1004.0 1296.0 985.0 1296.0 small-vehicle 0
99.0 2104.0 132.0 2104.0 132.0 2143.0 99.0 2143.0 large-vehicle 0
566.0 2091.0 585.0 2091.0 585.0 2107.0 566.0 2107.0 small-vehicle 1
94.0 2119.0 132.0 2119.0 132.0 2175.0 94.0 2175.0 large-vehicle 0
185.0 2227.0 216.0 2227.0 216.0 2265.0 185.0 2265.0 large-vehicle 0
125.0 2228.0 166.0 2228.0 166.0 2283.0 125.0 2283.0 large-vehicle 0
118.0 2270.0 145.0 2270.0 145.0 2307.0 118.0 2307.0 large-vehicle 0
216.0 2335.0 248.0 2335.0 248.0 2376.0 216.0 2376.0 large-vehicle 0
234.0 2725.0 270.0 2725.0 270.0 2776.0 234.0 2776.0 large-vehicle 0
38.0 1994.0 64.0 1994.0 64.0 2023.0 38.0 2023.0 small-vehicle 1
25.0 1970.0 49.0 1970.0 49.0 1997.0 25.0 1997.0 small-vehicle 1
8.0 1945.0 36.0 1945.0 36.0 1976.0 8.0 1976.0 small-vehicle 1
516.0 2101.0 535.0 2101.0 535.0 2124.0 516.0 2124.0 small-vehicle 1
499.0 2067.0 519.0 2067.0 519.0 2093.0 499.0 2093.0 small-vehicle 1
994.0 1269.0 1014.0 1269.0 1014.0 1292.0 994.0 1292.0 small-vehicle 0
488.0 2072.0 510.0 2072.0 510.0 2099.0 488.0 2099.0 small-vehicle 1
486.0 2047.0 505.0 2047.0 505.0 2070.0 486.0 2070.0 small-vehicle 1
443.0 2029.0 464.0 2029.0 464.0 2055.0 443.0 2055.0 small-vehicle 1
358.0 1392.0 394.0 1392.0 394.0 1434.0 358.0 1434.0 large-vehicle 0
137.0 1286.0 185.0 1286.0 185.0 1302.0 137.0 1302.0 large-vehicle 0
274.0 1312.0 300.0 1312.0 300.0 1333.0 274.0 1333.0 small-vehicle 0
1182.0 1384.0 1206.0 1384.0 1206.0 1414.0 1182.0 1414.0 small-vehicle 0
901.0 1326.0 923.0 1326.0 923.0 1352.0 901.0 1352.0 small-vehicle 0
920.0 1308.0 944.0 1308.0 944.0 1339.0 920.0 1339.0 small-vehicle 0
936.0 1301.0 955.0 1301.0 955.0 1324.0 936.0 1324.0 small-vehicle 0
815.0 2383.0 851.0 2383.0 851.0 2434.0 815.0 2434.0 large-vehicle 0
794.0 2396.0 831.0 2396.0 831.0 2444.0 794.0 2444.0 large-vehicle 0
775.0 2411.0 810.0 2411.0 810.0 2456.0 775.0 2456.0 large-vehicle 0
719.0 2445.0 754.0 2445.0 754.0 2492.0 719.0 2492.0 large-vehicle 0
276.0 4140.0 296.0 4140.0 296.0 4159.0 276.0 4159.0 small-vehicle 1
299.0 4143.0 321.0 4143.0 321.0 4162.0 299.0 4162.0 small-vehicle 1
344.0 4140.0 363.0 4140.0 363.0 4158.0 344.0 4158.0 small-vehicle 1
238.0 4028.0 260.0 4028.0 260.0 4056.0 238.0 4056.0 large-vehicle 1
212.0 4038.0 241.0 4038.0 241.0 4077.0 212.0 4077.0 large-vehicle 1
418.0 4083.0 463.0 4083.0 463.0 4116.0 418.0 4116.0 large-vehicle 0
1158.0 4127.0 1189.0 4127.0 1189.0 4169.0 1158.0 4169.0 large-vehicle 0
1143.0 4076.0 1189.0 4076.0 1189.0 4132.0 1143.0 4132.0 large-vehicle 0
1087.0 3964.0 1107.0 3964.0 1107.0 3991.0 1087.0 3991.0 large-vehicle 0
1029.0 4096.0 1050.0 4096.0 1050.0 4123.0 1029.0 4123.0 large-vehicle 0
1041.0 4092.0 1062.0 4092.0 1062.0 4118.0 1041.0 4118.0 large-vehicle 0
1368.0 4077.0 1394.0 4077.0 1394.0 4108.0 1368.0 4108.0 small-vehicle 1
1539.0 3622.0 1558.0 3622.0 1558.0 3642.0 1539.0 3642.0 small-vehicle 1
1475.0 3575.0 1490.0 3575.0 1490.0 3591.0 1475.0 3591.0 small-vehicle 1
1466.0 3586.0 1480.0 3586.0 1480.0 3602.0 1466.0 3602.0 small-vehicle 1
1454.0 3595.0 1470.0 3595.0 1470.0 3614.0 1454.0 3614.0 small-vehicle 1
1443.0 3608.0 1459.0 3608.0 1459.0 3623.0 1443.0 3623.0 small-vehicle 1
1433.0 3618.0 1449.0 3618.0 1449.0 3632.0 1433.0 3632.0 small-vehicle 1
1420.0 3626.0 1436.0 3626.0 1436.0 3640.0 1420.0 3640.0 small-vehicle 1
1406.0 3635.0 1422.0 3635.0 1422.0 3649.0 1406.0 3649.0 small-vehicle 1
1394.0 3641.0 1408.0 3641.0 1408.0 3655.0 1394.0 3655.0 small-vehicle 1
1381.0 3648.0 1395.0 3648.0 1395.0 3662.0 1381.0 3662.0 small-vehicle 1
1367.0 3656.0 1383.0 3656.0 1383.0 3669.0 1367.0 3669.0 small-vehicle 1
272.0 4132.0 292.0 4132.0 292.0 4151.0 272.0 4151.0 small-vehicle 1
269.0 4126.0 286.0 4126.0 286.0 4143.0 269.0 4143.0 small-vehicle 1
261.0 4117.0 283.0 4117.0 283.0 4138.0 261.0 4138.0 small-vehicle 1
283.0 4030.0 304.0 4030.0 304.0 4047.0 283.0 4047.0 small-vehicle 1
535.0 4020.0 556.0 4020.0 556.0 4036.0 535.0 4036.0 small-vehicle 1
771.0 3935.0 786.0 3935.0 786.0 3953.0 771.0 3953.0 small-vehicle 1
776.0 3920.0 791.0 3920.0 791.0 3935.0 776.0 3935.0 small-vehicle 1
782.0 3904.0 793.0 3904.0 793.0 3919.0 782.0 3919.0 small-vehicle 1
783.0 3886.0 795.0 3886.0 795.0 3905.0 783.0 3905.0 small-vehicle 1
870.0 3976.0 893.0 3976.0 893.0 3997.0 870.0 3997.0 small-vehicle 1
899.0 4044.0 920.0 4044.0 920.0 4064.0 899.0 4064.0 small-vehicle 1
427.0 4160.0 448.0 4160.0 448.0 4178.0 427.0 4178.0 small-vehicle 1
292.0 4047.0 309.0 4047.0 309.0 4062.0 292.0 4062.0 small-vehicle 1
289.0 4039.0 307.0 4039.0 307.0 4054.0 289.0 4054.0 small-vehicle 1
281.0 4024.0 300.0 4024.0 300.0 4039.0 281.0 4039.0 small-vehicle 1
240.0 4076.0 258.0 4076.0 258.0 4091.0 240.0 4091.0 small-vehicle 1
276.0 4017.0 297.0 4017.0 297.0 4034.0 276.0 4034.0 small-vehicle 1
271.0 4007.0 291.0 4007.0 291.0 4025.0 271.0 4025.0 small-vehicle 1
253.0 3979.0 272.0 3979.0 272.0 3994.0 253.0 3994.0 small-vehicle 1
188.0 3991.0 205.0 3991.0 205.0 4013.0 188.0 4013.0 small-vehicle 1
161.0 4003.0 170.0 4003.0 170.0 4023.0 161.0 4023.0 small-vehicle 1
233.0 4067.0 253.0 4067.0 253.0 4083.0 233.0 4083.0 small-vehicle 1
254.0 4065.0 274.0 4065.0 274.0 4083.0 254.0 4083.0 small-vehicle 1
249.0 4097.0 269.0 4097.0 269.0 4116.0 249.0 4116.0 small-vehicle 1
246.0 4091.0 267.0 4091.0 267.0 4107.0 246.0 4107.0 small-vehicle 1
243.0 4084.0 262.0 4084.0 262.0 4099.0 243.0 4099.0 small-vehicle 1
1352.0 3663.0 1369.0 3663.0 1369.0 3676.0 1352.0 3676.0 small-vehicle 1
1493.0 3578.0 1514.0 3578.0 1514.0 3601.0 1493.0 3601.0 small-vehicle 1
1173.0 3544.0 1196.0 3544.0 1196.0 3569.0 1173.0 3569.0 small-vehicle 1
1783.0 3697.0 1811.0 3697.0 1811.0 3720.0 1783.0 3720.0 large-vehicle 1
1346.0 407.0 1382.0 407.0 1382.0 435.0 1346.0 435.0 large-vehicle 0
1441.0 549.0 1470.0 549.0 1470.0 576.0 1441.0 576.0 large-vehicle 1
1452.0 566.0 1479.0 566.0 1479.0 591.0 1452.0 591.0 large-vehicle 1
1460.0 578.0 1482.0 578.0 1482.0 597.0 1460.0 597.0 large-vehicle 1
1462.0 586.0 1492.0 586.0 1492.0 610.0 1462.0 610.0 large-vehicle 1
1914.0 3688.0 1938.0 3688.0 1938.0 3716.0 1914.0 3716.0 large-vehicle 1
1950.0 3838.0 1978.0 3838.0 1978.0 3868.0 1950.0 3868.0 large-vehicle 1
1770.0 3661.0 1798.0 3661.0 1798.0 3681.0 1770.0 3681.0 large-vehicle 1
1774.0 3671.0 1807.0 3671.0 1807.0 3697.0 1774.0 3697.0 large-vehicle 1
1781.0 3682.0 1812.0 3682.0 1812.0 3706.0 1781.0 3706.0 large-vehicle 1
1712.0 3741.0 1740.0 3741.0 1740.0 3763.0 1712.0 3763.0 large-vehicle 1
1241.0 2096.0 1264.0 2096.0 1264.0 2115.0 1241.0 2115.0 small-vehicle 1
1727.0 3770.0 1755.0 3770.0 1755.0 3791.0 1727.0 3791.0 large-vehicle 1
1724.0 3761.0 1749.0 3761.0 1749.0 3782.0 1724.0 3782.0 large-vehicle 1
2205.0 3702.0 2231.0 3702.0 2231.0 3732.0 2205.0 3732.0 large-vehicle 1
1852.0 4129.0 1873.0 4129.0 1873.0 4151.0 1852.0 4151.0 large-vehicle 1
1829.0 4133.0 1853.0 4133.0 1853.0 4161.0 1829.0 4161.0 large-vehicle 1
2226.0 3417.0 2254.0 3417.0 2254.0 3440.0 2226.0 3440.0 small-vehicle 1
2428.0 2916.0 2450.0 2916.0 2450.0 2937.0 2428.0 2937.0 small-vehicle 1
281.0 4156.0 301.0 4156.0 301.0 4171.0 281.0 4171.0 small-vehicle 1
581.0 945.0 594.0 945.0 594.0 965.0 581.0 965.0 small-vehicle 1
592.0 946.0 605.0 946.0 605.0 967.0 592.0 967.0 small-vehicle 1
1206.0 1894.0 1227.0 1894.0 1227.0 1918.0 1206.0 1918.0 large-vehicle 0
1249.0 2107.0 1271.0 2107.0 1271.0 2128.0 1249.0 2128.0 small-vehicle 1
1492.0 3518.0 1510.0 3518.0 1510.0 3546.0 1492.0 3546.0 small-vehicle 1
1091.0 2627.0 1118.0 2627.0 1118.0 2671.0 1091.0 2671.0 large-vehicle 1
1592.0 3384.0 1605.0 3384.0 1605.0 3403.0 1592.0 3403.0 small-vehicle 1
1096.0 3520.0 1128.0 3520.0 1128.0 3563.0 1096.0 3563.0 large-vehicle 1
1404.0 3329.0 1425.0 3329.0 1425.0 3356.0 1404.0 3356.0 small-vehicle 1
1036.0 3314.0 1054.0 3314.0 1054.0 3338.0 1036.0 3338.0 small-vehicle 1
1482.0 3227.0 1503.0 3227.0 1503.0 3252.0 1482.0 3252.0 small-vehicle 1
1356.0 3106.0 1373.0 3106.0 1373.0 3126.0 1356.0 3126.0 small-vehicle 1
1387.0 3179.0 1421.0 3179.0 1421.0 3227.0 1387.0 3227.0 large-vehicle 0
1259.0 2957.0 1300.0 2957.0 1300.0 3009.0 1259.0 3009.0 large-vehicle 0
1360.0 3086.0 1379.0 3086.0 1379.0 3111.0 1360.0 3111.0 small-vehicle 1
1117.0 2698.0 1150.0 2698.0 1150.0 2744.0 1117.0 2744.0 large-vehicle 1
1050.0 2557.0 1087.0 2557.0 1087.0 2603.0 1050.0 2603.0 large-vehicle 1
1259.0 2124.0 1280.0 2124.0 1280.0 2142.0 1259.0 2142.0 small-vehicle 1
1041.0 2511.0 1065.0 2511.0 1065.0 2537.0 1041.0 2537.0 small-vehicle 1
1129.0 2602.0 1150.0 2602.0 1150.0 2625.0 1129.0 2625.0 small-vehicle 1
1120.0 2624.0 1138.0 2624.0 1138.0 2645.0 1120.0 2645.0 small-vehicle 1
1113.0 2642.0 1131.0 2642.0 1131.0 2664.0 1113.0 2664.0 small-vehicle 1
1576.0 2561.0 1602.0 2561.0 1602.0 2587.0 1576.0 2587.0 small-vehicle 1
1525.0 2508.0 1545.0 2508.0 1545.0 2531.0 1525.0 2531.0 small-vehicle 1
1464.0 2354.0 1487.0 2354.0 1487.0 2378.0 1464.0 2378.0 small-vehicle 1
1315.0 2168.0 1333.0 2168.0 1333.0 2191.0 1315.0 2191.0 small-vehicle 1
1315.0 2142.0 1334.0 2142.0 1334.0 2163.0 1315.0 2163.0 small-vehicle 1
1332.0 2120.0 1351.0 2120.0 1351.0 2142.0 1332.0 2142.0 small-vehicle 1
573.0 3953.0 594.0 3953.0 594.0 3971.0 573.0 3971.0 small-vehicle 1
566.0 3944.0 589.0 3944.0 589.0 3963.0 566.0 3963.0 small-vehicle 1
560.0 3935.0 582.0 3935.0 582.0 3954.0 560.0 3954.0 small-vehicle 1
2.0 2972.0 31.0 2972.0 31.0 3015.0 2.0 3015.0 large-vehicle 1
1113.0 3023.0 1138.0 3023.0 1138.0 3044.0 1113.0 3044.0 small-vehicle 1
1048.0 3021.0 1071.0 3021.0 1071.0 3045.0 1048.0 3045.0 small-vehicle 1
1028.0 3033.0 1049.0 3033.0 1049.0 3057.0 1028.0 3057.0 small-vehicle 1
1060.0 3084.0 1083.0 3084.0 1083.0 3106.0 1060.0 3106.0 small-vehicle 1
1062.0 3051.0 1085.0 3051.0 1085.0 3077.0 1062.0 3077.0 small-vehicle 1
1113.0 3094.0 1133.0 3094.0 1133.0 3119.0 1113.0 3119.0 small-vehicle 1
1123.0 3089.0 1144.0 3089.0 1144.0 3112.0 1123.0 3112.0 small-vehicle 1
1225.0 2901.0 1250.0 2901.0 1250.0 2925.0 1225.0 2925.0 small-vehicle 1
25.0 2956.0 50.0 2956.0 50.0 2997.0 25.0 2997.0 large-vehicle 0
10.0 2960.0 41.0 2960.0 41.0 3005.0 10.0 3005.0 large-vehicle 0
820.0 3364.0 848.0 3364.0 848.0 3394.0 820.0 3394.0 small-vehicle 1
1138.0 3064.0 1162.0 3064.0 1162.0 3086.0 1138.0 3086.0 small-vehicle 1
494.0 2962.0 533.0 2962.0 533.0 3010.0 494.0 3010.0 large-vehicle 1
205.0 3074.0 222.0 3074.0 222.0 3095.0 205.0 3095.0 small-vehicle 1
56.0 3115.0 73.0 3115.0 73.0 3136.0 56.0 3136.0 small-vehicle 1
155.0 3193.0 173.0 3193.0 173.0 3216.0 155.0 3216.0 small-vehicle 1
205.0 3205.0 224.0 3205.0 224.0 3227.0 205.0 3227.0 small-vehicle 1
210.0 3231.0 228.0 3231.0 228.0 3253.0 210.0 3253.0 small-vehicle 1
316.0 3193.0 337.0 3193.0 337.0 3211.0 316.0 3211.0 small-vehicle 1
227.0 3262.0 246.0 3262.0 246.0 3285.0 227.0 3285.0 small-vehicle 1
243.0 3252.0 261.0 3252.0 261.0 3276.0 243.0 3276.0 small-vehicle 1
212.0 3295.0 231.0 3295.0 231.0 3319.0 212.0 3319.0 small-vehicle 1
1101.0 3001.0 1122.0 3001.0 1122.0 3019.0 1101.0 3019.0 small-vehicle 1
220.0 2987.0 245.0 2987.0 245.0 3003.0 220.0 3003.0 small-vehicle 1
189.0 3306.0 209.0 3306.0 209.0 3331.0 189.0 3331.0 small-vehicle 1
158.0 1848.0 180.0 1848.0 180.0 1873.0 158.0 1873.0 small-vehicle 1
707.0 2452.0 743.0 2452.0 743.0 2502.0 707.0 2502.0 large-vehicle 0
698.0 2458.0 731.0 2458.0 731.0 2502.0 698.0 2502.0 large-vehicle 0
686.0 2463.0 720.0 2463.0 720.0 2509.0 686.0 2509.0 large-vehicle 0
676.0 2470.0 709.0 2470.0 709.0 2514.0 676.0 2514.0 large-vehicle 0
696.0 2510.0 737.0 2510.0 737.0 2558.0 696.0 2558.0 large-vehicle 0
652.0 2429.0 685.0 2429.0 685.0 2476.0 652.0 2476.0 large-vehicle 0
664.0 2422.0 694.0 2422.0 694.0 2466.0 664.0 2466.0 large-vehicle 0
676.0 2414.0 706.0 2414.0 706.0 2462.0 676.0 2462.0 large-vehicle 0
687.0 2412.0 718.0 2412.0 718.0 2456.0 687.0 2456.0 large-vehicle 0
698.0 2403.0 733.0 2403.0 733.0 2450.0 698.0 2450.0 large-vehicle 0
786.0 2679.0 809.0 2679.0 809.0 2706.0 786.0 2706.0 small-vehicle 1
875.0 2999.0 902.0 2999.0 902.0 3025.0 875.0 3025.0 small-vehicle 1
851.0 2641.0 872.0 2641.0 872.0 2667.0 851.0 2667.0 small-vehicle 1
879.0 2628.0 900.0 2628.0 900.0 2656.0 879.0 2656.0 small-vehicle 1
904.0 2654.0 930.0 2654.0 930.0 2676.0 904.0 2676.0 small-vehicle 1
928.0 2693.0 954.0 2693.0 954.0 2717.0 928.0 2717.0 small-vehicle 1
748.0 2703.0 771.0 2703.0 771.0 2730.0 748.0 2730.0 small-vehicle 1
748.0 2769.0 775.0 2769.0 775.0 2793.0 748.0 2793.0 small-vehicle 1
806.0 2880.0 834.0 2880.0 834.0 2904.0 806.0 2904.0 small-vehicle 1
842.0 2945.0 868.0 2945.0 868.0 2969.0 842.0 2969.0 small-vehicle 1
859.0 2976.0 884.0 2976.0 884.0 2998.0 859.0 2998.0 small-vehicle 1
866.0 2988.0 892.0 2988.0 892.0 3008.0 866.0 3008.0 small-vehicle 1
384.0 3312.0 406.0 3312.0 406.0 3333.0 384.0 3333.0 small-vehicle 1
160.0 3347.0 183.0 3347.0 183.0 3367.0 160.0 3367.0 small-vehicle 1
556.0 3925.0 579.0 3925.0 579.0 3944.0 556.0 3944.0 small-vehicle 1
504.0 3894.0 528.0 3894.0 528.0 3913.0 504.0 3913.0 small-vehicle 1
563.0 3980.0 583.0 3980.0 583.0 4000.0 563.0 4000.0 small-vehicle 1
557.0 3973.0 578.0 3973.0 578.0 3991.0 557.0 3991.0 small-vehicle 1
552.0 3964.0 573.0 3964.0 573.0 3983.0 552.0 3983.0 small-vehicle 1
546.0 3956.0 568.0 3956.0 568.0 3973.0 546.0 3973.0 small-vehicle 1
540.0 3946.0 563.0 3946.0 563.0 3965.0 540.0 3965.0 small-vehicle 1
534.0 3937.0 555.0 3937.0 555.0 3955.0 534.0 3955.0 small-vehicle 1
525.0 3933.0 547.0 3933.0 547.0 3949.0 525.0 3949.0 small-vehicle 1
519.0 3922.0 544.0 3922.0 544.0 3943.0 519.0 3943.0 small-vehicle 1
516.0 3915.0 541.0 3915.0 541.0 3934.0 516.0 3934.0 small-vehicle 1
507.0 3903.0 532.0 3903.0 532.0 3921.0 507.0 3921.0 small-vehicle 1
500.0 3884.0 523.0 3884.0 523.0 3903.0 500.0 3903.0 small-vehicle 1
501.0 3781.0 523.0 3781.0 523.0 3801.0 501.0 3801.0 small-vehicle 1
495.0 3874.0 520.0 3874.0 520.0 3892.0 495.0 3892.0 small-vehicle 1
493.0 3865.0 517.0 3865.0 517.0 3884.0 493.0 3884.0 small-vehicle 1
485.0 3857.0 511.0 3857.0 511.0 3879.0 485.0 3879.0 small-vehicle 1
481.0 3851.0 506.0 3851.0 506.0 3870.0 481.0 3870.0 small-vehicle 1
476.0 3842.0 500.0 3842.0 500.0 3863.0 476.0 3863.0 small-vehicle 1
473.0 3835.0 496.0 3835.0 496.0 3854.0 473.0 3854.0 small-vehicle 1
468.0 3828.0 491.0 3828.0 491.0 3848.0 468.0 3848.0 small-vehicle 1
522.0 3873.0 544.0 3873.0 544.0 3891.0 522.0 3891.0 small-vehicle 1
527.0 3883.0 548.0 3883.0 548.0 3900.0 527.0 3900.0 small-vehicle 1
551.0 3916.0 573.0 3916.0 573.0 3935.0 551.0 3935.0 small-vehicle 1
463.0 3820.0 483.0 3820.0 483.0 3839.0 463.0 3839.0 small-vehicle 1
498.0 3769.0 520.0 3769.0 520.0 3789.0 498.0 3789.0 small-vehicle 1
174.0 3366.0 198.0 3366.0 198.0 3390.0 174.0 3390.0 small-vehicle 1
319.0 3483.0 339.0 3483.0 339.0 3501.0 319.0 3501.0 small-vehicle 1
895.0 3523.0 921.0 3523.0 921.0 3552.0 895.0 3552.0 small-vehicle 1
909.0 3649.0 931.0 3649.0 931.0 3677.0 909.0 3677.0 small-vehicle 1
700.0 3549.0 719.0 3549.0 719.0 3572.0 700.0 3572.0 small-vehicle 1
581.0 3508.0 601.0 3508.0 601.0 3531.0 581.0 3531.0 small-vehicle 1
425.0 3535.0 447.0 3535.0 447.0 3553.0 425.0 3553.0 small-vehicle 1
359.0 3592.0 377.0 3592.0 377.0 3614.0 359.0 3614.0 small-vehicle 1
295.0 3586.0 316.0 3586.0 316.0 3605.0 295.0 3605.0 small-vehicle 1
250.0 3506.0 273.0 3506.0 273.0 3526.0 250.0 3526.0 small-vehicle 1
242.0 3490.0 265.0 3490.0 265.0 3511.0 242.0 3511.0 small-vehicle 1
232.0 3471.0 255.0 3471.0 255.0 3492.0 232.0 3492.0 small-vehicle 1
328.0 3498.0 348.0 3498.0 348.0 3515.0 328.0 3515.0 small-vehicle 1
481.0 3779.0 502.0 3779.0 502.0 3798.0 481.0 3798.0 small-vehicle 1
7.0 3354.0 29.0 3354.0 29.0 3380.0 7.0 3380.0 small-vehicle 1
115.0 3544.0 134.0 3544.0 134.0 3569.0 115.0 3569.0 small-vehicle 1
27.0 3381.0 56.0 3381.0 56.0 3418.0 27.0 3418.0 large-vehicle 1
59.0 3446.0 96.0 3446.0 96.0 3491.0 59.0 3491.0 large-vehicle 1
175.0 3617.0 204.0 3617.0 204.0 3659.0 175.0 3659.0 large-vehicle 1
212.0 3686.0 233.0 3686.0 233.0 3714.0 212.0 3714.0 large-vehicle 1
85.0 3569.0 101.0 3569.0 101.0 3590.0 85.0 3590.0 small-vehicle 1
245.0 3702.0 263.0 3702.0 263.0 3727.0 245.0 3727.0 small-vehicle 1
467.0 3755.0 489.0 3755.0 489.0 3775.0 467.0 3775.0 small-vehicle 1
476.0 3770.0 495.0 3770.0 495.0 3787.0 476.0 3787.0 small-vehicle 1
210.0 540.0 393.0 540.0 393.0 736.0 210.0 736.0 plane 0
