imagesource:GoogleEarth
gsd:0.132192134491
2563.0 834.0 2578.0 834.0 2578.0 869.0 2563.0 869.0 small-vehicle 1
1084.0 2145.0 1100.0 2145.0 1100.0 2176.0 1084.0 2176.0 small-vehicle 1
988.0 2147.0 1005.0 2147.0 1005.0 2178.0 988.0 2178.0 small-vehicle 1
931.0 2150.0 949.0 2150.0 949.0 2176.0 931.0 2176.0 small-vehicle 1
82.0 1776.0 111.0 1776.0 111.0 1788.0 82.0 1788.0 small-vehicle 1
55.0 1691.0 69.0 1691.0 69.0 1724.0 55.0 1724.0 small-vehicle 1
83.0 1698.0 97.0 1698.0 97.0 1728.0 83.0 1728.0 small-vehicle 1
64.0 1651.0 101.0 1651.0 101.0 1667.0 64.0 1667.0 small-vehicle 1
65.0 1093.0 80.0 1093.0 80.0 1126.0 65.0 1126.0 small-vehicle 1
44.0 1094.0 61.0 1094.0 61.0 1125.0 44.0 1125.0 small-vehicle 0
81.0 1089.0 101.0 1089.0 101.0 1129.0 81.0 1129.0 small-vehicle 0
119.0 1096.0 135.0 1096.0 135.0 1129.0 119.0 1129.0 small-vehicle 1
138.0 1098.0 155.0 1098.0 155.0 1129.0 138.0 1129.0 small-vehicle 1
192.0 994.0 207.0 994.0 207.0 1028.0 192.0 1028.0 small-vehicle 1
213.0 997.0 226.0 997.0 226.0 1023.0 213.0 1023.0 small-vehicle 1
821.0 308.0 911.0 308.0 911.0 492.0 821.0 492.0 tennis-court 0
691.0 315.0 783.0 315.0 783.0 497.0 691.0 497.0 tennis-court 0
675.0 1299.0 2028.0 1299.0 2028.0 2007.0 675.0 2007.0 ground-track-field 0
1626.0 699.0 1913.0 699.0 1913.0 1009.0 1626.0 1009.0 baseball-diamond 0
1028.0 2143.0 1045.0 2143.0 1045.0 2174.0 1028.0 2174.0 small-vehicle 1
1102.0 2147.0 1119.0 2147.0 1119.0 2177.0 1102.0 2177.0 small-vehicle 1
2330.0 1659.0 2366.0 1659.0 2366.0 1678.0 2330.0 1678.0 small-vehicle 1
1120.0 2142.0 1136.0 2142.0 1136.0 2176.0 1120.0 2176.0 small-vehicle 1
1864.0 2188.0 1947.0 2188.0 1947.0 2265.0 1864.0 2265.0 roundabout 0
93.0 2227.0 109.0 2227.0 109.0 2263.0 93.0 2263.0 small-vehicle 0
21.0 1667.0 41.0 1667.0 41.0 1718.0 21.0 1718.0 large-vehicle 0
209.0 961.0 227.0 961.0 227.0 991.0 209.0 991.0 small-vehicle 1
177.0 996.0 192.0 996.0 192.0 1022.0 177.0 1022.0 small-vehicle 1
58.0 467.0 76.0 467.0 76.0 497.0 58.0 497.0 small-vehicle 1
2591.0 2202.0 2612.0 2202.0 2612.0 2233.0 2591.0 2233.0 small-vehicle 1
2395.0 2029.0 2408.0 2029.0 2408.0 2060.0 2395.0 2060.0 small-vehicle 1
2431.0 2003.0 2444.0 2003.0 2444.0 2034.0 2431.0 2034.0 small-vehicle 1
2536.0 2272.0 2565.0 2272.0 2565.0 2292.0 2536.0 2292.0 small-vehicle 1
1206.0 293.0 1298.0 293.0 1298.0 476.0 1206.0 476.0 tennis-court 0
1077.0 299.0 1168.0 299.0 1168.0 483.0 1077.0 483.0 tennis-court 0
949.0 302.0 1040.0 302.0 1040.0 487.0 949.0 487.0 tennis-court 0
1244.0 2222.0 1281.0 2222.0 1281.0 2238.0 1244.0 2238.0 small-vehicle 1
1196.0 2136.0 1214.0 2136.0 1214.0 2172.0 1196.0 2172.0 small-vehicle 0
1157.0 2144.0 1173.0 2144.0 1173.0 2170.0 1157.0 2170.0 small-vehicle 1
1139.0 2144.0 1156.0 2144.0 1156.0 2174.0 1139.0 2174.0 small-vehicle 1
717.0 576.0 1235.0 576.0 1235.0 1284.0 717.0 1284.0 soccer-ball-field 0
