imagesource:GoogleEarth
gsd:0.144360706989
1270.0 3628.0 1301.0 3628.0 1301.0 3644.0 1270.0 3644.0 small-vehicle 1
785.0 3718.0 815.0 3718.0 815.0 3732.0 785.0 3732.0 small-vehicle 0
1041.0 3910.0 1063.0 3910.0 1063.0 3941.0 1041.0 3941.0 small-vehicle 0
982.0 3878.0 1012.0 3878.0 1012.0 3913.0 982.0 3913.0 small-vehicle 0
1008.0 3872.0 1036.0 3872.0 1036.0 3912.0 1008.0 3912.0 small-vehicle 0
1033.0 3869.0 1066.0 3869.0 1066.0 3908.0 1033.0 3908.0 small-vehicle 0
1055.0 3876.0 1082.0 3876.0 1082.0 3907.0 1055.0 3907.0 small-vehicle 0
1074.0 3872.0 1105.0 3872.0 1105.0 3907.0 1074.0 3907.0 small-vehicle 0
1098.0 3872.0 1127.0 3872.0 1127.0 3910.0 1098.0 3910.0 small-vehicle 1
1120.0 3871.0 1148.0 3871.0 1148.0 3905.0 1120.0 3905.0 small-vehicle 0
1129.0 3913.0 1149.0 3913.0 1149.0 3937.0 1129.0 3937.0 small-vehicle 1
1147.0 3898.0 1176.0 3898.0 1176.0 3938.0 1147.0 3938.0 small-vehicle 0
1169.0 3792.0 1207.0 3792.0 1207.0 3824.0 1169.0 3824.0 small-vehicle 0
1165.0 3767.0 1200.0 3767.0 1200.0 3798.0 1165.0 3798.0 small-vehicle 0
1266.0 3761.0 1305.0 3761.0 1305.0 3780.0 1266.0 3780.0 small-vehicle 1
1212.0 3700.0 1242.0 3700.0 1242.0 3712.0 1212.0 3712.0 small-vehicle 1
1202.0 3650.0 1236.0 3650.0 1236.0 3665.0 1202.0 3665.0 small-vehicle 1
1160.0 3667.0 1195.0 3667.0 1195.0 3694.0 1160.0 3694.0 small-vehicle 1
1200.0 3620.0 1235.0 3620.0 1235.0 3638.0 1200.0 3638.0 small-vehicle 0
1153.0 3584.0 1190.0 3584.0 1190.0 3615.0 1153.0 3615.0 small-vehicle 0
1268.0 3647.0 1300.0 3647.0 1300.0 3661.0 1268.0 3661.0 small-vehicle 0
1269.0 3665.0 1306.0 3665.0 1306.0 3679.0 1269.0 3679.0 small-vehicle 0
1414.0 3661.0 1461.0 3661.0 1461.0 3685.0 1414.0 3685.0 small-vehicle 0
1405.0 3581.0 1438.0 3581.0 1438.0 3598.0 1405.0 3598.0 small-vehicle 0
1251.0 3407.0 1284.0 3407.0 1284.0 3423.0 1251.0 3423.0 small-vehicle 0
950.0 3913.0 974.0 3913.0 974.0 3945.0 950.0 3945.0 small-vehicle 0
769.0 3536.0 813.0 3536.0 813.0 3555.0 769.0 3555.0 small-vehicle 0
1396.0 3128.0 1414.0 3128.0 1414.0 3153.0 1396.0 3153.0 small-vehicle 0
470.0 3216.0 728.0 3216.0 728.0 3517.0 470.0 3517.0 plane 0
362.0 1126.0 619.0 1126.0 619.0 1373.0 362.0 1373.0 plane 0
752.0 227.0 772.0 227.0 772.0 260.0 752.0 260.0 small-vehicle 1
786.0 226.0 806.0 226.0 806.0 259.0 786.0 259.0 small-vehicle 1
802.0 226.0 821.0 226.0 821.0 258.0 802.0 258.0 small-vehicle 1
819.0 227.0 837.0 227.0 837.0 262.0 819.0 262.0 small-vehicle 1
879.0 226.0 900.0 226.0 900.0 260.0 879.0 260.0 small-vehicle 1
730.0 1003.0 769.0 1003.0 769.0 1017.0 730.0 1017.0 small-vehicle 0
662.0 1485.0 682.0 1485.0 682.0 1518.0 662.0 1518.0 small-vehicle 0
680.0 1481.0 696.0 1481.0 696.0 1517.0 680.0 1517.0 small-vehicle 0
717.0 1482.0 736.0 1482.0 736.0 1517.0 717.0 1517.0 small-vehicle 0
735.0 1481.0 750.0 1481.0 750.0 1508.0 735.0 1508.0 small-vehicle 0
751.0 1475.0 772.0 1475.0 772.0 1511.0 751.0 1511.0 small-vehicle 0
780.0 1475.0 799.0 1475.0 799.0 1515.0 780.0 1515.0 small-vehicle 0
798.0 1477.0 818.0 1477.0 818.0 1514.0 798.0 1514.0 small-vehicle 0
828.0 1480.0 849.0 1480.0 849.0 1518.0 828.0 1518.0 small-vehicle 0
713.0 1550.0 731.0 1550.0 731.0 1584.0 713.0 1584.0 small-vehicle 0
904.0 1546.0 925.0 1546.0 925.0 1580.0 904.0 1580.0 small-vehicle 1
887.0 1548.0 902.0 1548.0 902.0 1577.0 887.0 1577.0 small-vehicle 1
628.0 1600.0 668.0 1600.0 668.0 1615.0 628.0 1615.0 small-vehicle 1
375.0 1600.0 492.0 1600.0 492.0 1774.0 375.0 1774.0 plane 0
366.0 2310.0 396.0 2310.0 396.0 2347.0 366.0 2347.0 small-vehicle 0
501.0 2409.0 535.0 2409.0 535.0 2424.0 501.0 2424.0 small-vehicle 0
379.0 2254.0 621.0 2254.0 621.0 2469.0 379.0 2469.0 plane 0
1249.0 3373.0 1290.0 3373.0 1290.0 3392.0 1249.0 3392.0 small-vehicle 0
1221.0 2840.0 1264.0 2840.0 1264.0 2883.0 1221.0 2883.0 small-vehicle 0
1161.0 2696.0 1188.0 2696.0 1188.0 2735.0 1161.0 2735.0 small-vehicle 1
1050.0 680.0 1076.0 680.0 1076.0 693.0 1050.0 693.0 small-vehicle 0
1139.0 689.0 1174.0 689.0 1174.0 704.0 1139.0 704.0 small-vehicle 0
1143.0 725.0 1177.0 725.0 1177.0 741.0 1143.0 741.0 small-vehicle 0
1136.0 565.0 1167.0 565.0 1167.0 581.0 1136.0 581.0 small-vehicle 0
1133.0 511.0 1169.0 511.0 1169.0 529.0 1133.0 529.0 small-vehicle 0
1131.0 476.0 1164.0 476.0 1164.0 493.0 1131.0 493.0 small-vehicle 0
997.0 231.0 1015.0 231.0 1015.0 259.0 997.0 259.0 small-vehicle 0
943.0 223.0 966.0 223.0 966.0 259.0 943.0 259.0 small-vehicle 0
1205.0 222.0 1374.0 222.0 1374.0 350.0 1205.0 350.0 storage-tank 0
1485.0 916.0 1525.0 916.0 1525.0 946.0 1485.0 946.0 small-vehicle 0
1459.0 963.0 1494.0 963.0 1494.0 992.0 1459.0 992.0 small-vehicle 0
1453.0 981.0 1484.0 981.0 1484.0 1007.0 1453.0 1007.0 small-vehicle 0
1439.0 993.0 1480.0 993.0 1480.0 1022.0 1439.0 1022.0 small-vehicle 0
1435.0 1006.0 1477.0 1006.0 1477.0 1040.0 1435.0 1040.0 small-vehicle 0
1428.0 1024.0 1466.0 1024.0 1466.0 1053.0 1428.0 1053.0 small-vehicle 0
1418.0 1036.0 1464.0 1036.0 1464.0 1070.0 1418.0 1070.0 small-vehicle 0
1410.0 1053.0 1450.0 1053.0 1450.0 1087.0 1410.0 1087.0 small-vehicle 1
1465.0 2178.0 1501.0 2178.0 1501.0 2207.0 1465.0 2207.0 small-vehicle 0
1496.0 2366.0 1516.0 2366.0 1516.0 2399.0 1496.0 2399.0 small-vehicle 0
1473.0 2289.0 1491.0 2289.0 1491.0 2316.0 1473.0 2316.0 small-vehicle 0
1488.0 3380.0 1529.0 3380.0 1529.0 3394.0 1488.0 3394.0 small-vehicle 0
1496.0 3832.0 1525.0 3832.0 1525.0 3867.0 1496.0 3867.0 small-vehicle 0
1480.0 3828.0 1508.0 3828.0 1508.0 3859.0 1480.0 3859.0 small-vehicle 1
693.0 2747.0 730.0 2747.0 730.0 2759.0 693.0 2759.0 small-vehicle 1
1142.0 656.0 1174.0 656.0 1174.0 670.0 1142.0 670.0 small-vehicle 0
1050.0 698.0 1077.0 698.0 1077.0 710.0 1050.0 710.0 small-vehicle 0
1240.0 2788.0 1285.0 2788.0 1285.0 2818.0 1240.0 2818.0 small-vehicle 0
1045.0 714.0 1078.0 714.0 1078.0 728.0 1045.0 728.0 small-vehicle 0
1225.0 2758.0 1268.0 2758.0 1268.0 2786.0 1225.0 2786.0 small-vehicle 1
1216.0 2740.0 1255.0 2740.0 1255.0 2773.0 1216.0 2773.0 small-vehicle 1
1187.0 2696.0 1232.0 2696.0 1232.0 2724.0 1187.0 2724.0 small-vehicle 1
1066.0 2608.0 1101.0 2608.0 1101.0 2621.0 1066.0 2621.0 small-vehicle 1
1065.0 2586.0 1104.0 2586.0 1104.0 2599.0 1065.0 2599.0 small-vehicle 1
1075.0 2387.0 1110.0 2387.0 1110.0 2405.0 1075.0 2405.0 small-vehicle 0
1152.0 2092.0 1173.0 2092.0 1173.0 2127.0 1152.0 2127.0 small-vehicle 0
1429.0 1910.0 1464.0 1910.0 1464.0 1934.0 1429.0 1934.0 small-vehicle 0
1135.0 1913.0 1155.0 1913.0 1155.0 1947.0 1135.0 1947.0 small-vehicle 0
1067.0 2022.0 1109.0 2022.0 1109.0 2039.0 1067.0 2039.0 small-vehicle 0
1046.0 1854.0 1086.0 1854.0 1086.0 1870.0 1046.0 1870.0 small-vehicle 0
1043.0 1835.0 1085.0 1835.0 1085.0 1851.0 1043.0 1851.0 small-vehicle 0
1047.0 1820.0 1080.0 1820.0 1080.0 1834.0 1047.0 1834.0 small-vehicle 0
1039.0 1719.0 1071.0 1719.0 1071.0 1732.0 1039.0 1732.0 small-vehicle 0
1037.0 1700.0 1071.0 1700.0 1071.0 1713.0 1037.0 1713.0 small-vehicle 0
1037.0 1683.0 1072.0 1683.0 1072.0 1700.0 1037.0 1700.0 small-vehicle 0
1034.0 1652.0 1069.0 1652.0 1069.0 1667.0 1034.0 1667.0 small-vehicle 0
1034.0 1607.0 1068.0 1607.0 1068.0 1620.0 1034.0 1620.0 small-vehicle 0
1031.0 1589.0 1066.0 1589.0 1066.0 1603.0 1031.0 1603.0 small-vehicle 0
1031.0 1574.0 1066.0 1574.0 1066.0 1588.0 1031.0 1588.0 small-vehicle 0
1030.0 1557.0 1066.0 1557.0 1066.0 1572.0 1030.0 1572.0 small-vehicle 0
1048.0 766.0 1081.0 766.0 1081.0 781.0 1048.0 781.0 small-vehicle 0
1044.0 732.0 1081.0 732.0 1081.0 747.0 1044.0 747.0 small-vehicle 1
341.0 306.0 665.0 306.0 665.0 580.0 341.0 580.0 plane 0
