imagesource:GoogleEarth
gsd:0.266896174369
2913.0 194.0 2948.0 194.0 2948.0 222.0 2913.0 222.0 small-vehicle 0
3239.0 1610.0 3256.0 1610.0 3256.0 1631.0 3239.0 1631.0 small-vehicle 1
3224.0 1619.0 3238.0 1619.0 3238.0 1638.0 3224.0 1638.0 small-vehicle 1
3216.0 1625.0 3230.0 1625.0 3230.0 1643.0 3216.0 1643.0 small-vehicle 1
3208.0 1629.0 3225.0 1629.0 3225.0 1648.0 3208.0 1648.0 small-vehicle 1
3175.0 1624.0 3190.0 1624.0 3190.0 1643.0 3175.0 1643.0 small-vehicle 1
3168.0 1629.0 3181.0 1629.0 3181.0 1646.0 3168.0 1646.0 small-vehicle 1
3158.0 1636.0 3172.0 1636.0 3172.0 1652.0 3158.0 1652.0 small-vehicle 1
3149.0 1640.0 3164.0 1640.0 3164.0 1655.0 3149.0 1655.0 small-vehicle 1
3212.0 1602.0 3229.0 1602.0 3229.0 1623.0 3212.0 1623.0 small-vehicle 1
3231.0 1593.0 3245.0 1593.0 3245.0 1611.0 3231.0 1611.0 small-vehicle 1
3247.0 1585.0 3260.0 1585.0 3260.0 1604.0 3247.0 1604.0 small-vehicle 1
3263.0 1575.0 3278.0 1575.0 3278.0 1594.0 3263.0 1594.0 small-vehicle 1
3296.0 1573.0 3317.0 1573.0 3317.0 1588.0 3296.0 1588.0 small-vehicle 1
3291.0 1564.0 3312.0 1564.0 3312.0 1580.0 3291.0 1580.0 small-vehicle 1
3286.0 1556.0 3305.0 1556.0 3305.0 1572.0 3286.0 1572.0 small-vehicle 1
3282.0 1547.0 3303.0 1547.0 3303.0 1565.0 3282.0 1565.0 small-vehicle 1
3279.0 1539.0 3298.0 1539.0 3298.0 1554.0 3279.0 1554.0 small-vehicle 1
3266.0 1522.0 3287.0 1522.0 3287.0 1540.0 3266.0 1540.0 small-vehicle 1
3169.0 1446.0 3196.0 1446.0 3196.0 1476.0 3169.0 1476.0 small-vehicle 1
3670.0 1468.0 3687.0 1468.0 3687.0 1484.0 3670.0 1484.0 small-vehicle 1
3228.0 1611.0 3248.0 1611.0 3248.0 1634.0 3228.0 1634.0 small-vehicle 1
3249.0 1608.0 3265.0 1608.0 3265.0 1627.0 3249.0 1627.0 small-vehicle 1
3314.0 1605.0 3337.0 1605.0 3337.0 1622.0 3314.0 1622.0 small-vehicle 1
3255.0 1602.0 3272.0 1602.0 3272.0 1621.0 3255.0 1621.0 small-vehicle 1
3291.0 1646.0 3307.0 1646.0 3307.0 1666.0 3291.0 1666.0 small-vehicle 1
3282.0 1651.0 3298.0 1651.0 3298.0 1670.0 3282.0 1670.0 small-vehicle 1
3274.0 1658.0 3292.0 1658.0 3292.0 1677.0 3274.0 1677.0 small-vehicle 1
3267.0 1661.0 3283.0 1661.0 3283.0 1680.0 3267.0 1680.0 small-vehicle 1
3252.0 1668.0 3269.0 1668.0 3269.0 1690.0 3252.0 1690.0 small-vehicle 1
3243.0 1672.0 3261.0 1672.0 3261.0 1694.0 3243.0 1694.0 small-vehicle 1
3220.0 1686.0 3237.0 1686.0 3237.0 1705.0 3220.0 1705.0 small-vehicle 1
3195.0 1677.0 3210.0 1677.0 3210.0 1698.0 3195.0 1698.0 small-vehicle 1
3203.0 1673.0 3220.0 1673.0 3220.0 1695.0 3203.0 1695.0 small-vehicle 1
3210.0 1670.0 3227.0 1670.0 3227.0 1689.0 3210.0 1689.0 small-vehicle 1
3234.0 1659.0 3250.0 1659.0 3250.0 1677.0 3234.0 1677.0 small-vehicle 1
3242.0 1653.0 3256.0 1653.0 3256.0 1672.0 3242.0 1672.0 small-vehicle 1
3258.0 1642.0 3273.0 1642.0 3273.0 1662.0 3258.0 1662.0 small-vehicle 1
3266.0 1641.0 3281.0 1641.0 3281.0 1657.0 3266.0 1657.0 small-vehicle 1
3274.0 1635.0 3289.0 1635.0 3289.0 1652.0 3274.0 1652.0 small-vehicle 1
3281.0 1632.0 3296.0 1632.0 3296.0 1649.0 3281.0 1649.0 small-vehicle 1
3288.0 1626.0 3305.0 1626.0 3305.0 1642.0 3288.0 1642.0 small-vehicle 1
3270.0 1591.0 3289.0 1591.0 3289.0 1614.0 3270.0 1614.0 small-vehicle 1
3261.0 1597.0 3278.0 1597.0 3278.0 1615.0 3261.0 1615.0 small-vehicle 1
3785.0 1536.0 3801.0 1536.0 3801.0 1550.0 3785.0 1550.0 small-vehicle 1
3605.0 1716.0 3622.0 1716.0 3622.0 1735.0 3605.0 1735.0 small-vehicle 1
3591.0 1751.0 3605.0 1751.0 3605.0 1768.0 3591.0 1768.0 small-vehicle 1
3228.0 1446.0 3248.0 1446.0 3248.0 1463.0 3228.0 1463.0 small-vehicle 1
3572.0 603.0 3592.0 603.0 3592.0 625.0 3572.0 625.0 small-vehicle 1
3475.0 551.0 3522.0 551.0 3522.0 608.0 3475.0 608.0 large-vehicle 1
3163.0 618.0 3183.0 618.0 3183.0 633.0 3163.0 633.0 small-vehicle 1
3115.0 643.0 3137.0 643.0 3137.0 661.0 3115.0 661.0 small-vehicle 1
3159.0 552.0 3187.0 552.0 3187.0 573.0 3159.0 573.0 small-vehicle 1
3152.0 540.0 3181.0 540.0 3181.0 562.0 3152.0 562.0 small-vehicle 1
3132.0 460.0 3148.0 460.0 3148.0 482.0 3132.0 482.0 small-vehicle 1
3390.0 242.0 3410.0 242.0 3410.0 258.0 3390.0 258.0 small-vehicle 1
3590.0 249.0 3605.0 249.0 3605.0 271.0 3590.0 271.0 small-vehicle 1
3407.0 243.0 3435.0 243.0 3435.0 295.0 3407.0 295.0 large-vehicle 1
3971.0 119.0 3986.0 119.0 3986.0 137.0 3971.0 137.0 small-vehicle 1
3852.0 154.0 3867.0 154.0 3867.0 173.0 3852.0 173.0 small-vehicle 1
4066.0 130.0 4084.0 130.0 4084.0 144.0 4066.0 144.0 small-vehicle 1
4074.0 137.0 4095.0 137.0 4095.0 153.0 4074.0 153.0 small-vehicle 1
4081.0 149.0 4099.0 149.0 4099.0 164.0 4081.0 164.0 small-vehicle 1
4088.0 159.0 4106.0 159.0 4106.0 174.0 4088.0 174.0 small-vehicle 1
4092.0 169.0 4110.0 169.0 4110.0 183.0 4092.0 183.0 small-vehicle 1
3847.0 241.0 3862.0 241.0 3862.0 260.0 3847.0 260.0 small-vehicle 1
3829.0 251.0 3844.0 251.0 3844.0 268.0 3829.0 268.0 small-vehicle 1
3574.0 701.0 3624.0 701.0 3624.0 764.0 3574.0 764.0 large-vehicle 1
3652.0 855.0 3689.0 855.0 3689.0 898.0 3652.0 898.0 large-vehicle 1
3673.0 782.0 3691.0 782.0 3691.0 802.0 3673.0 802.0 small-vehicle 0
3874.0 1050.0 3907.0 1050.0 3907.0 1088.0 3874.0 1088.0 large-vehicle 0
3665.0 1223.0 3681.0 1223.0 3681.0 1243.0 3665.0 1243.0 small-vehicle 1
3894.0 1252.0 3916.0 1252.0 3916.0 1278.0 3894.0 1278.0 small-vehicle 1
3866.0 1122.0 3884.0 1122.0 3884.0 1143.0 3866.0 1143.0 small-vehicle 1
3585.0 1130.0 3603.0 1130.0 3603.0 1146.0 3585.0 1146.0 small-vehicle 1
3406.0 1091.0 3426.0 1091.0 3426.0 1107.0 3406.0 1107.0 small-vehicle 1
3259.0 1043.0 3278.0 1043.0 3278.0 1062.0 3259.0 1062.0 small-vehicle 1
3765.0 1042.0 3814.0 1042.0 3814.0 1105.0 3765.0 1105.0 large-vehicle 1
3479.0 1103.0 3511.0 1103.0 3511.0 1116.0 3479.0 1116.0 small-vehicle 1
3754.0 816.0 3791.0 816.0 3791.0 866.0 3754.0 866.0 large-vehicle 0
3214.0 983.0 3328.0 983.0 3328.0 1043.0 3214.0 1043.0 storage-tank 0
3841.0 974.0 3855.0 974.0 3855.0 993.0 3841.0 993.0 small-vehicle 1
3804.0 992.0 3823.0 992.0 3823.0 1014.0 3804.0 1014.0 small-vehicle 1
3342.0 873.0 3367.0 873.0 3367.0 890.0 3342.0 890.0 small-vehicle 1
3339.0 864.0 3360.0 864.0 3360.0 881.0 3339.0 881.0 small-vehicle 1
3258.0 869.0 3273.0 869.0 3273.0 888.0 3258.0 888.0 small-vehicle 1
3240.0 878.0 3258.0 878.0 3258.0 904.0 3240.0 904.0 small-vehicle 1
3215.0 896.0 3232.0 896.0 3232.0 919.0 3215.0 919.0 small-vehicle 1
3269.0 912.0 3374.0 912.0 3374.0 981.0 3269.0 981.0 storage-tank 0
3298.0 1643.0 3315.0 1643.0 3315.0 1663.0 3298.0 1663.0 small-vehicle 1
3320.0 1612.0 3342.0 1612.0 3342.0 1629.0 3320.0 1629.0 small-vehicle 1
3812.0 2676.0 3826.0 2676.0 3826.0 2693.0 3812.0 2693.0 small-vehicle 1
2499.0 1629.0 2532.0 1629.0 2532.0 1654.0 2499.0 1654.0 large-vehicle 1
2528.0 1667.0 2549.0 1667.0 2549.0 1687.0 2528.0 1687.0 small-vehicle 0
2570.0 1710.0 2591.0 1710.0 2591.0 1728.0 2570.0 1728.0 small-vehicle 0
2523.0 1724.0 2542.0 1724.0 2542.0 1740.0 2523.0 1740.0 small-vehicle 0
2462.0 1681.0 2482.0 1681.0 2482.0 1703.0 2462.0 1703.0 small-vehicle 0
2358.0 1683.0 2373.0 1683.0 2373.0 1703.0 2358.0 1703.0 small-vehicle 0
2290.0 1771.0 2518.0 1771.0 2518.0 1978.0 2290.0 1978.0 plane 0
2831.0 4089.0 2846.0 4089.0 2846.0 4106.0 2831.0 4106.0 small-vehicle 1
2835.0 4061.0 2856.0 4061.0 2856.0 4078.0 2835.0 4078.0 small-vehicle 1
2784.0 4011.0 2805.0 4011.0 2805.0 4027.0 2784.0 4027.0 small-vehicle 1
2805.0 3998.0 2835.0 3998.0 2835.0 4021.0 2805.0 4021.0 small-vehicle 1
2814.0 4010.0 2840.0 4010.0 2840.0 4028.0 2814.0 4028.0 small-vehicle 1
2812.0 4020.0 2841.0 4020.0 2841.0 4040.0 2812.0 4040.0 small-vehicle 1
2814.0 4028.0 2849.0 4028.0 2849.0 4051.0 2814.0 4051.0 small-vehicle 1
2819.0 4042.0 2845.0 4042.0 2845.0 4063.0 2819.0 4063.0 small-vehicle 1
3277.0 3002.0 3302.0 3002.0 3302.0 3034.0 3277.0 3034.0 large-vehicle 0
3270.0 3038.0 3297.0 3038.0 3297.0 3075.0 3270.0 3075.0 large-vehicle 0
3307.0 3035.0 3324.0 3035.0 3324.0 3054.0 3307.0 3054.0 small-vehicle 0
3316.0 3029.0 3333.0 3029.0 3333.0 3050.0 3316.0 3050.0 small-vehicle 0
3798.0 2509.0 3814.0 2509.0 3814.0 2526.0 3798.0 2526.0 small-vehicle 1
2520.0 1657.0 2544.0 1657.0 2544.0 1676.0 2520.0 1676.0 small-vehicle 0
2490.0 1616.0 2523.0 1616.0 2523.0 1641.0 2490.0 1641.0 large-vehicle 1
3325.0 1619.0 3347.0 1619.0 3347.0 1637.0 3325.0 1637.0 small-vehicle 1
2481.0 1604.0 2513.0 1604.0 2513.0 1628.0 2481.0 1628.0 large-vehicle 1
1875.0 933.0 2212.0 933.0 2212.0 1271.0 1875.0 1271.0 plane 0
2014.0 1190.0 2321.0 1190.0 2321.0 1477.0 2014.0 1477.0 plane 0
2872.0 2643.0 3091.0 2643.0 3091.0 2856.0 2872.0 2856.0 plane 0
3071.0 3067.0 3365.0 3067.0 3365.0 3360.0 3071.0 3360.0 plane 0
3318.0 3498.0 3654.0 3498.0 3654.0 3824.0 3318.0 3824.0 plane 0
3460.0 3733.0 3788.0 3733.0 3788.0 4068.0 3460.0 4068.0 plane 0
2607.0 94.0 2994.0 94.0 2994.0 446.0 2607.0 446.0 plane 0
1282.0 503.0 1555.0 503.0 1555.0 756.0 1282.0 756.0 plane 0
2196.0 1093.0 2219.0 1093.0 2219.0 1112.0 2196.0 1112.0 small-vehicle 0
2568.0 1520.0 2588.0 1520.0 2588.0 1535.0 2568.0 1535.0 small-vehicle 0
2526.0 1457.0 2554.0 1457.0 2554.0 1478.0 2526.0 1478.0 small-vehicle 0
2522.0 1445.0 2550.0 1445.0 2550.0 1465.0 2522.0 1465.0 small-vehicle 0
2537.0 1468.0 2563.0 1468.0 2563.0 1487.0 2537.0 1487.0 small-vehicle 0
2546.0 1487.0 2568.0 1487.0 2568.0 1505.0 2546.0 1505.0 small-vehicle 0
2553.0 1496.0 2572.0 1496.0 2572.0 1512.0 2553.0 1512.0 small-vehicle 0
2576.0 1535.0 2596.0 1535.0 2596.0 1551.0 2576.0 1551.0 small-vehicle 0
2591.0 1559.0 2613.0 1559.0 2613.0 1577.0 2591.0 1577.0 small-vehicle 0
2608.0 1592.0 2630.0 1592.0 2630.0 1609.0 2608.0 1609.0 small-vehicle 0
2480.0 1592.0 2508.0 1592.0 2508.0 1613.0 2480.0 1613.0 small-vehicle 0
3765.0 2513.0 3780.0 2513.0 3780.0 2534.0 3765.0 2534.0 small-vehicle 0
3779.0 2473.0 3795.0 2473.0 3795.0 2494.0 3779.0 2494.0 small-vehicle 1
3770.0 2457.0 3785.0 2457.0 3785.0 2476.0 3770.0 2476.0 small-vehicle 1
3780.0 2451.0 3796.0 2451.0 3796.0 2473.0 3780.0 2473.0 small-vehicle 1
3351.0 1740.0 3371.0 1740.0 3371.0 1764.0 3351.0 1764.0 small-vehicle 1
3344.0 1722.0 3362.0 1722.0 3362.0 1744.0 3344.0 1744.0 small-vehicle 1
3335.0 1728.0 3351.0 1728.0 3351.0 1748.0 3335.0 1748.0 small-vehicle 1
3329.0 1733.0 3346.0 1733.0 3346.0 1753.0 3329.0 1753.0 small-vehicle 1
3213.0 1732.0 3230.0 1732.0 3230.0 1752.0 3213.0 1752.0 small-vehicle 1
3268.0 1699.0 3287.0 1699.0 3287.0 1722.0 3268.0 1722.0 small-vehicle 1
3278.0 1697.0 3295.0 1697.0 3295.0 1717.0 3278.0 1717.0 small-vehicle 1
3286.0 1713.0 3306.0 1713.0 3306.0 1736.0 3286.0 1736.0 small-vehicle 1
3256.0 1733.0 3273.0 1733.0 3273.0 1753.0 3256.0 1753.0 small-vehicle 1
3311.0 1703.0 3328.0 1703.0 3328.0 1722.0 3311.0 1722.0 small-vehicle 1
3318.0 1695.0 3334.0 1695.0 3334.0 1714.0 3318.0 1714.0 small-vehicle 1
3326.0 1691.0 3344.0 1691.0 3344.0 1712.0 3326.0 1712.0 small-vehicle 1
3309.0 1679.0 3326.0 1679.0 3326.0 1699.0 3309.0 1699.0 small-vehicle 1
3318.0 1674.0 3334.0 1674.0 3334.0 1694.0 3318.0 1694.0 small-vehicle 1
3295.0 1687.0 3310.0 1687.0 3310.0 1707.0 3295.0 1707.0 small-vehicle 1
3303.0 1705.0 3318.0 1705.0 3318.0 1724.0 3303.0 1724.0 small-vehicle 1
3352.0 1669.0 3371.0 1669.0 3371.0 1685.0 3352.0 1685.0 small-vehicle 1
3341.0 1649.0 3358.0 1649.0 3358.0 1663.0 3341.0 1663.0 small-vehicle 1
3333.0 1639.0 3353.0 1639.0 3353.0 1654.0 3333.0 1654.0 small-vehicle 1
3346.0 1746.0 3362.0 1746.0 3362.0 1766.0 3346.0 1766.0 small-vehicle 1
3337.0 1752.0 3356.0 1752.0 3356.0 1772.0 3337.0 1772.0 small-vehicle 1
3291.0 1756.0 3307.0 1756.0 3307.0 1775.0 3291.0 1775.0 small-vehicle 1
3648.0 2197.0 3665.0 2197.0 3665.0 2217.0 3648.0 2217.0 small-vehicle 1
3787.0 2446.0 3805.0 2446.0 3805.0 2468.0 3787.0 2468.0 small-vehicle 1
3796.0 2442.0 3814.0 2442.0 3814.0 2462.0 3796.0 2462.0 small-vehicle 1
3752.0 2424.0 3768.0 2424.0 3768.0 2444.0 3752.0 2444.0 small-vehicle 1
3743.0 2407.0 3759.0 2407.0 3759.0 2426.0 3743.0 2426.0 small-vehicle 1
3751.0 2402.0 3769.0 2402.0 3769.0 2424.0 3751.0 2424.0 small-vehicle 1
3759.0 2398.0 3777.0 2398.0 3777.0 2418.0 3759.0 2418.0 small-vehicle 1
3664.0 2251.0 3682.0 2251.0 3682.0 2271.0 3664.0 2271.0 small-vehicle 1
3685.0 2242.0 3703.0 2242.0 3703.0 2263.0 3685.0 2263.0 small-vehicle 1
3632.0 2206.0 3648.0 2206.0 3648.0 2227.0 3632.0 2227.0 small-vehicle 1
3284.0 1781.0 3299.0 1781.0 3299.0 1799.0 3284.0 1799.0 small-vehicle 1
3700.0 2092.0 3719.0 2092.0 3719.0 2107.0 3700.0 2107.0 small-vehicle 1
3877.0 2298.0 3897.0 2298.0 3897.0 2319.0 3877.0 2319.0 small-vehicle 1
3886.0 2289.0 3904.0 2289.0 3904.0 2311.0 3886.0 2311.0 small-vehicle 1
3718.0 2081.0 3757.0 2081.0 3757.0 2108.0 3718.0 2108.0 large-vehicle 1
3743.0 1875.0 3763.0 1875.0 3763.0 1890.0 3743.0 1890.0 small-vehicle 1
3846.0 1805.0 3868.0 1805.0 3868.0 1823.0 3846.0 1823.0 small-vehicle 1
3328.0 1756.0 3349.0 1756.0 3349.0 1779.0 3328.0 1779.0 small-vehicle 1
3306.0 1767.0 3324.0 1767.0 3324.0 1789.0 3306.0 1789.0 small-vehicle 1
3819.0 253.0 3836.0 253.0 3836.0 273.0 3819.0 273.0 small-vehicle 1
3812.0 260.0 3827.0 260.0 3827.0 278.0 3812.0 278.0 small-vehicle 1
3805.0 264.0 3817.0 264.0 3817.0 281.0 3805.0 281.0 small-vehicle 1
3015.0 1085.0 3038.0 1085.0 3038.0 1106.0 3015.0 1106.0 small-vehicle 1
2975.0 1006.0 2992.0 1006.0 2992.0 1021.0 2975.0 1021.0 small-vehicle 1
2968.0 998.0 2989.0 998.0 2989.0 1014.0 2968.0 1014.0 small-vehicle 1
2967.0 991.0 2982.0 991.0 2982.0 1005.0 2967.0 1005.0 small-vehicle 1
2956.0 976.0 2975.0 976.0 2975.0 991.0 2956.0 991.0 small-vehicle 1
2951.0 960.0 2968.0 960.0 2968.0 976.0 2951.0 976.0 small-vehicle 1
2926.0 929.0 2948.0 929.0 2948.0 948.0 2926.0 948.0 small-vehicle 1
2905.0 891.0 2924.0 891.0 2924.0 907.0 2905.0 907.0 small-vehicle 1
2869.0 899.0 2885.0 899.0 2885.0 918.0 2869.0 918.0 small-vehicle 1
2880.0 850.0 2898.0 850.0 2898.0 864.0 2880.0 864.0 small-vehicle 1
2826.0 828.0 2849.0 828.0 2849.0 855.0 2826.0 855.0 small-vehicle 1
2810.0 804.0 2829.0 804.0 2829.0 824.0 2810.0 824.0 small-vehicle 1
2843.0 786.0 2863.0 786.0 2863.0 802.0 2843.0 802.0 small-vehicle 1
2840.0 857.0 2871.0 857.0 2871.0 893.0 2840.0 893.0 large-vehicle 0
3093.0 659.0 3113.0 659.0 3113.0 674.0 3093.0 674.0 small-vehicle 1
2801.0 697.0 2820.0 697.0 2820.0 712.0 2801.0 712.0 small-vehicle 1
2781.0 749.0 2798.0 749.0 2798.0 772.0 2781.0 772.0 small-vehicle 1
2798.0 690.0 2815.0 690.0 2815.0 704.0 2798.0 704.0 small-vehicle 1
2793.0 681.0 2811.0 681.0 2811.0 696.0 2793.0 696.0 small-vehicle 1
2789.0 674.0 2807.0 674.0 2807.0 688.0 2789.0 688.0 small-vehicle 1
2973.0 1015.0 2998.0 1015.0 2998.0 1034.0 2973.0 1034.0 small-vehicle 1
2963.0 1081.0 2981.0 1081.0 2981.0 1095.0 2963.0 1095.0 small-vehicle 1
3799.0 268.0 3811.0 268.0 3811.0 285.0 3799.0 285.0 small-vehicle 1
2813.0 1449.0 2840.0 1449.0 2840.0 1469.0 2813.0 1469.0 small-vehicle 1
4117.0 2298.0 4134.0 2298.0 4134.0 2317.0 4117.0 2317.0 small-vehicle 1
4165.0 2907.0 4188.0 2907.0 4188.0 2925.0 4165.0 2925.0 small-vehicle 1
4030.0 2900.0 4048.0 2900.0 4048.0 2915.0 4030.0 2915.0 small-vehicle 1
4002.0 2916.0 4022.0 2916.0 4022.0 2932.0 4002.0 2932.0 small-vehicle 1
4004.0 2928.0 4022.0 2928.0 4022.0 2941.0 4004.0 2941.0 small-vehicle 1
4016.0 2948.0 4038.0 2948.0 4038.0 2967.0 4016.0 2967.0 small-vehicle 1
4063.0 2934.0 4086.0 2934.0 4086.0 2952.0 4063.0 2952.0 small-vehicle 1
4160.0 3151.0 4185.0 3151.0 4185.0 3183.0 4160.0 3183.0 small-vehicle 1
4142.0 3170.0 4162.0 3170.0 4162.0 3182.0 4142.0 3182.0 small-vehicle 1
4124.0 3150.0 4147.0 3150.0 4147.0 3165.0 4124.0 3165.0 small-vehicle 1
2121.0 1015.0 2145.0 1015.0 2145.0 1034.0 2121.0 1034.0 small-vehicle 1
2361.0 1711.0 2386.0 1711.0 2386.0 1741.0 2361.0 1741.0 large-vehicle 0
2329.0 1727.0 2355.0 1727.0 2355.0 1760.0 2329.0 1760.0 large-vehicle 0
2320.0 1733.0 2342.0 1733.0 2342.0 1764.0 2320.0 1764.0 large-vehicle 0
2305.0 1708.0 2329.0 1708.0 2329.0 1739.0 2305.0 1739.0 large-vehicle 0
2897.0 2311.0 2930.0 2311.0 2930.0 2336.0 2897.0 2336.0 small-vehicle 1
2794.0 2201.0 2815.0 2201.0 2815.0 2219.0 2794.0 2219.0 small-vehicle 1
2469.0 1670.0 2499.0 1670.0 2499.0 1704.0 2469.0 1704.0 small-vehicle 1
2488.0 1659.0 2515.0 1659.0 2515.0 1693.0 2488.0 1693.0 small-vehicle 1
3145.0 628.0 3163.0 628.0 3163.0 641.0 3145.0 641.0 small-vehicle 1
2664.0 591.0 2685.0 591.0 2685.0 609.0 2664.0 609.0 small-vehicle 1
3173.0 574.0 3191.0 574.0 3191.0 590.0 3173.0 590.0 small-vehicle 1
3223.0 888.0 3239.0 888.0 3239.0 910.0 3223.0 910.0 small-vehicle 1
3658.0 2236.0 3673.0 2236.0 3673.0 2254.0 3658.0 2254.0 small-vehicle 1
3649.0 2240.0 3665.0 2240.0 3665.0 2261.0 3649.0 2261.0 small-vehicle 1
3739.0 2528.0 3755.0 2528.0 3755.0 2547.0 3739.0 2547.0 small-vehicle 1
3734.0 2535.0 3745.0 2535.0 3745.0 2548.0 3734.0 2548.0 small-vehicle 1
3520.0 2064.0 3536.0 2064.0 3536.0 2084.0 3520.0 2084.0 small-vehicle 1
3706.0 2642.0 3735.0 2642.0 3735.0 2662.0 3706.0 2662.0 small-vehicle 1
3732.0 2714.0 3758.0 2714.0 3758.0 2748.0 3732.0 2748.0 large-vehicle 0
3744.0 2708.0 3769.0 2708.0 3769.0 2737.0 3744.0 2737.0 large-vehicle 0
3282.0 3035.0 3311.0 3035.0 3311.0 3071.0 3282.0 3071.0 large-vehicle 0
4084.0 2968.0 4102.0 2968.0 4102.0 2982.0 4084.0 2982.0 small-vehicle 1
4194.0 2860.0 4217.0 2860.0 4217.0 2878.0 4194.0 2878.0 small-vehicle 1
4155.0 2881.0 4177.0 2881.0 4177.0 2897.0 4155.0 2897.0 small-vehicle 1
4011.0 2939.0 4031.0 2939.0 4031.0 2955.0 4011.0 2955.0 small-vehicle 1
4129.0 2974.0 4154.0 2974.0 4154.0 3002.0 4129.0 3002.0 large-vehicle 0
4106.0 2798.0 4130.0 2798.0 4130.0 2817.0 4106.0 2817.0 large-vehicle 0
4114.0 2814.0 4141.0 2814.0 4141.0 2835.0 4114.0 2835.0 large-vehicle 0
3801.0 2680.0 3824.0 2680.0 3824.0 2707.0 3801.0 2707.0 large-vehicle 0
3827.0 2658.0 3854.0 2658.0 3854.0 2687.0 3827.0 2687.0 large-vehicle 0
3817.0 2668.0 3844.0 2668.0 3844.0 2698.0 3817.0 2698.0 large-vehicle 0
3675.0 2249.0 3692.0 2249.0 3692.0 2267.0 3675.0 2267.0 small-vehicle 1
3657.0 2258.0 3674.0 2258.0 3674.0 2279.0 3657.0 2279.0 small-vehicle 1
3688.0 2099.0 3707.0 2099.0 3707.0 2120.0 3688.0 2120.0 small-vehicle 1
3185.0 1682.0 3202.0 1682.0 3202.0 1703.0 3185.0 1703.0 small-vehicle 1
3231.0 885.0 3246.0 885.0 3246.0 904.0 3231.0 904.0 small-vehicle 1
3240.0 766.0 3255.0 766.0 3255.0 785.0 3240.0 785.0 small-vehicle 1
3204.0 900.0 3223.0 900.0 3223.0 921.0 3204.0 921.0 small-vehicle 1
3195.0 903.0 3212.0 903.0 3212.0 924.0 3195.0 924.0 small-vehicle 1
3188.0 1613.0 3205.0 1613.0 3205.0 1632.0 3188.0 1632.0 small-vehicle 1
3198.0 1633.0 3216.0 1633.0 3216.0 1654.0 3198.0 1654.0 small-vehicle 1
3160.0 1654.0 3177.0 1654.0 3177.0 1675.0 3160.0 1675.0 small-vehicle 1
3186.0 1709.0 3202.0 1709.0 3202.0 1723.0 3186.0 1723.0 small-vehicle 1
3263.0 1725.0 3281.0 1725.0 3281.0 1747.0 3263.0 1747.0 small-vehicle 1
3384.0 2022.0 3411.0 2022.0 3411.0 2057.0 3384.0 2057.0 large-vehicle 0
3305.0 1746.0 3320.0 1746.0 3320.0 1765.0 3305.0 1765.0 small-vehicle 1
3313.0 1740.0 3328.0 1740.0 3328.0 1761.0 3313.0 1761.0 small-vehicle 1
3322.0 1738.0 3338.0 1738.0 3338.0 1757.0 3322.0 1757.0 small-vehicle 1
3228.0 1662.0 3241.0 1662.0 3241.0 1679.0 3228.0 1679.0 small-vehicle 1
3580.0 1728.0 3597.0 1728.0 3597.0 1748.0 3580.0 1748.0 small-vehicle 1
3418.0 1787.0 3438.0 1787.0 3438.0 1803.0 3418.0 1803.0 small-vehicle 1
3433.0 1815.0 3451.0 1815.0 3451.0 1828.0 3433.0 1828.0 small-vehicle 1
3369.0 2029.0 3396.0 2029.0 3396.0 2063.0 3369.0 2063.0 large-vehicle 0
4094.0 2311.0 4109.0 2311.0 4109.0 2331.0 4094.0 2331.0 small-vehicle 1
4073.0 2322.0 4088.0 2322.0 4088.0 2342.0 4073.0 2342.0 small-vehicle 1
4058.0 2290.0 4074.0 2290.0 4074.0 2305.0 4058.0 2305.0 small-vehicle 1
3830.0 429.0 3848.0 429.0 3848.0 449.0 3830.0 449.0 small-vehicle 1
3811.0 391.0 3828.0 391.0 3828.0 414.0 3811.0 414.0 small-vehicle 1
3803.0 396.0 3821.0 396.0 3821.0 419.0 3803.0 419.0 small-vehicle 1
3791.0 404.0 3807.0 404.0 3807.0 424.0 3791.0 424.0 small-vehicle 1
3783.0 407.0 3798.0 407.0 3798.0 428.0 3783.0 428.0 small-vehicle 1
3769.0 415.0 3784.0 415.0 3784.0 435.0 3769.0 435.0 small-vehicle 1
3749.0 402.0 3766.0 402.0 3766.0 422.0 3749.0 422.0 small-vehicle 1
3706.0 315.0 3723.0 315.0 3723.0 337.0 3706.0 337.0 small-vehicle 1
3756.0 396.0 3776.0 396.0 3776.0 419.0 3756.0 419.0 small-vehicle 1
3767.0 392.0 3784.0 392.0 3784.0 413.0 3767.0 413.0 small-vehicle 1
3774.0 384.0 3794.0 384.0 3794.0 408.0 3774.0 408.0 small-vehicle 1
3783.0 380.0 3802.0 380.0 3802.0 405.0 3783.0 405.0 small-vehicle 1
3792.0 377.0 3811.0 377.0 3811.0 401.0 3792.0 401.0 small-vehicle 1
3819.0 363.0 3836.0 363.0 3836.0 385.0 3819.0 385.0 small-vehicle 1
3835.0 355.0 3850.0 355.0 3850.0 374.0 3835.0 374.0 small-vehicle 1
3843.0 349.0 3862.0 349.0 3862.0 371.0 3843.0 371.0 small-vehicle 1
3854.0 345.0 3869.0 345.0 3869.0 367.0 3854.0 367.0 small-vehicle 1
3879.0 400.0 3898.0 400.0 3898.0 423.0 3879.0 423.0 small-vehicle 1
3872.0 407.0 3888.0 407.0 3888.0 428.0 3872.0 428.0 small-vehicle 1
3864.0 412.0 3880.0 412.0 3880.0 433.0 3864.0 433.0 small-vehicle 1
3825.0 382.0 3845.0 382.0 3845.0 404.0 3825.0 404.0 small-vehicle 1
3849.0 368.0 3869.0 368.0 3869.0 392.0 3849.0 392.0 small-vehicle 1
3860.0 364.0 3878.0 364.0 3878.0 386.0 3860.0 386.0 small-vehicle 1
3772.0 345.0 3791.0 345.0 3791.0 365.0 3772.0 365.0 small-vehicle 1
3781.0 277.0 3798.0 277.0 3798.0 297.0 3781.0 297.0 small-vehicle 1
3726.0 353.0 3740.0 353.0 3740.0 372.0 3726.0 372.0 small-vehicle 1
3733.0 348.0 3746.0 348.0 3746.0 365.0 3733.0 365.0 small-vehicle 1
3740.0 342.0 3755.0 342.0 3755.0 361.0 3740.0 361.0 small-vehicle 1
3749.0 337.0 3764.0 337.0 3764.0 357.0 3749.0 357.0 small-vehicle 1
3757.0 330.0 3772.0 330.0 3772.0 353.0 3757.0 353.0 small-vehicle 1
3765.0 327.0 3781.0 327.0 3781.0 347.0 3765.0 347.0 small-vehicle 1
3765.0 349.0 3785.0 349.0 3785.0 371.0 3765.0 371.0 small-vehicle 1
3780.0 339.0 3798.0 339.0 3798.0 362.0 3780.0 362.0 small-vehicle 1
3868.0 358.0 3887.0 358.0 3887.0 382.0 3868.0 382.0 small-vehicle 1
3788.0 335.0 3807.0 335.0 3807.0 356.0 3788.0 356.0 small-vehicle 1
3797.0 331.0 3817.0 331.0 3817.0 354.0 3797.0 354.0 small-vehicle 1
3807.0 327.0 3824.0 327.0 3824.0 349.0 3807.0 349.0 small-vehicle 1
3815.0 322.0 3832.0 322.0 3832.0 343.0 3815.0 343.0 small-vehicle 1
3823.0 319.0 3840.0 319.0 3840.0 340.0 3823.0 340.0 small-vehicle 1
3832.0 311.0 3847.0 311.0 3847.0 332.0 3832.0 332.0 small-vehicle 1
3840.0 308.0 3858.0 308.0 3858.0 329.0 3840.0 329.0 small-vehicle 1
3847.0 303.0 3866.0 303.0 3866.0 325.0 3847.0 325.0 small-vehicle 1
3857.0 416.0 3871.0 416.0 3871.0 435.0 3857.0 435.0 small-vehicle 1
3823.0 434.0 3838.0 434.0 3838.0 456.0 3823.0 456.0 small-vehicle 1
4047.0 2272.0 4068.0 2272.0 4068.0 2288.0 4047.0 2288.0 small-vehicle 1
3815.0 438.0 3830.0 438.0 3830.0 459.0 3815.0 459.0 small-vehicle 1
3970.0 1312.0 4008.0 1312.0 4008.0 1362.0 3970.0 1362.0 large-vehicle 1
4052.0 1475.0 4072.0 1475.0 4072.0 1498.0 4052.0 1498.0 small-vehicle 1
4102.0 1514.0 4125.0 1514.0 4125.0 1540.0 4102.0 1540.0 small-vehicle 1
4069.0 1603.0 4118.0 1603.0 4118.0 1665.0 4069.0 1665.0 large-vehicle 0
4023.0 1623.0 4070.0 1623.0 4070.0 1681.0 4023.0 1681.0 large-vehicle 0
4178.0 1695.0 4226.0 1695.0 4226.0 1756.0 4178.0 1756.0 large-vehicle 0
4165.0 1811.0 4198.0 1811.0 4198.0 1850.0 4165.0 1850.0 large-vehicle 0
3864.0 1913.0 3893.0 1913.0 3893.0 1933.0 3864.0 1933.0 small-vehicle 1
3972.0 1883.0 3995.0 1883.0 3995.0 1900.0 3972.0 1900.0 small-vehicle 1
3988.0 1929.0 4006.0 1929.0 4006.0 1950.0 3988.0 1950.0 small-vehicle 1
4001.0 1948.0 4017.0 1948.0 4017.0 1967.0 4001.0 1967.0 small-vehicle 1
4020.0 1983.0 4033.0 1983.0 4033.0 2001.0 4020.0 2001.0 small-vehicle 1
4040.0 2017.0 4054.0 2017.0 4054.0 2036.0 4040.0 2036.0 small-vehicle 1
3986.0 2239.0 4003.0 2239.0 4003.0 2259.0 3986.0 2259.0 small-vehicle 1
4023.0 2230.0 4045.0 2230.0 4045.0 2249.0 4023.0 2249.0 small-vehicle 1
4079.0 2211.0 4101.0 2211.0 4101.0 2229.0 4079.0 2229.0 small-vehicle 1
4094.0 2235.0 4115.0 2235.0 4115.0 2252.0 4094.0 2252.0 small-vehicle 1
4103.0 2251.0 4123.0 2251.0 4123.0 2269.0 4103.0 2269.0 small-vehicle 1
4107.0 2259.0 4129.0 2259.0 4129.0 2277.0 4107.0 2277.0 small-vehicle 1
3905.0 1483.0 3958.0 1483.0 3958.0 1534.0 3905.0 1534.0 large-vehicle 1
3962.0 1383.0 3999.0 1383.0 3999.0 1431.0 3962.0 1431.0 large-vehicle 1
4041.0 1407.0 4071.0 1407.0 4071.0 1444.0 4041.0 1444.0 large-vehicle 1
3894.0 577.0 3915.0 577.0 3915.0 593.0 3894.0 593.0 small-vehicle 1
3807.0 444.0 3822.0 444.0 3822.0 464.0 3807.0 464.0 small-vehicle 1
3798.0 446.0 3816.0 446.0 3816.0 468.0 3798.0 468.0 small-vehicle 1
3890.0 420.0 3910.0 420.0 3910.0 444.0 3890.0 444.0 small-vehicle 1
3848.0 558.0 3867.0 558.0 3867.0 572.0 3848.0 572.0 small-vehicle 1
3826.0 595.0 3848.0 595.0 3848.0 611.0 3826.0 611.0 small-vehicle 1
3851.0 585.0 3868.0 585.0 3868.0 598.0 3851.0 598.0 small-vehicle 1
3869.0 577.0 3885.0 577.0 3885.0 589.0 3869.0 589.0 small-vehicle 1
3888.0 561.0 3910.0 561.0 3910.0 579.0 3888.0 579.0 small-vehicle 1
3898.0 589.0 3922.0 589.0 3922.0 608.0 3898.0 608.0 small-vehicle 1
3983.0 1310.0 4016.0 1310.0 4016.0 1348.0 3983.0 1348.0 large-vehicle 1
3852.0 635.0 3869.0 635.0 3869.0 649.0 3852.0 649.0 small-vehicle 1
3855.0 643.0 3875.0 643.0 3875.0 657.0 3855.0 657.0 small-vehicle 1
3882.0 653.0 3901.0 653.0 3901.0 668.0 3882.0 668.0 small-vehicle 1
3912.0 610.0 3933.0 610.0 3933.0 628.0 3912.0 628.0 small-vehicle 1
3920.0 621.0 3938.0 621.0 3938.0 635.0 3920.0 635.0 small-vehicle 1
3921.0 633.0 3939.0 633.0 3939.0 647.0 3921.0 647.0 small-vehicle 1
3891.0 663.0 3910.0 663.0 3910.0 679.0 3891.0 679.0 small-vehicle 1
3936.0 1287.0 3978.0 1287.0 3978.0 1338.0 3936.0 1338.0 large-vehicle 1
231.0 1450.0 599.0 1450.0 599.0 1809.0 231.0 1809.0 plane 0
