imagesource:GoogleEarth
gsd:0.13861392011
944.0 1054.0 960.0 1054.0 960.0 1086.0 944.0 1086.0 small-vehicle 0
186.0 1409.0 236.0 1409.0 236.0 1428.0 186.0 1428.0 large-vehicle 0
499.0 1138.0 586.0 1138.0 586.0 1312.0 499.0 1312.0 tennis-court 0
617.0 1145.0 698.0 1145.0 698.0 1314.0 617.0 1314.0 tennis-court 0
730.0 1141.0 818.0 1141.0 818.0 1319.0 730.0 1319.0 tennis-court 0
732.0 168.0 748.0 168.0 748.0 197.0 732.0 197.0 small-vehicle 1
1003.0 114.0 1033.0 114.0 1033.0 128.0 1003.0 128.0 small-vehicle 1
116.0 250.0 132.0 250.0 132.0 279.0 116.0 279.0 small-vehicle 0
946.0 664.0 961.0 664.0 961.0 694.0 946.0 694.0 small-vehicle 0
11.0 236.0 82.0 236.0 82.0 262.0 11.0 262.0 large-vehicle 0
503.0 394.0 828.0 394.0 828.0 712.0 503.0 712.0 baseball-diamond 0
193.0 1452.0 239.0 1452.0 239.0 1472.0 193.0 1472.0 large-vehicle 0
1065.0 976.0 1086.0 976.0 1086.0 1004.0 1065.0 1004.0 small-vehicle 1
76.0 1418.0 129.0 1418.0 129.0 1480.0 76.0 1480.0 large-vehicle 0
850.0 1410.0 877.0 1410.0 877.0 1422.0 850.0 1422.0 small-vehicle 0
864.0 1623.0 895.0 1623.0 895.0 1643.0 864.0 1643.0 small-vehicle 0
955.0 1347.0 970.0 1347.0 970.0 1373.0 955.0 1373.0 small-vehicle 0
940.0 1272.0 954.0 1272.0 954.0 1305.0 940.0 1305.0 small-vehicle 0
1026.0 1104.0 1051.0 1104.0 1051.0 1119.0 1026.0 1119.0 small-vehicle 0
990.0 1104.0 1024.0 1104.0 1024.0 1119.0 990.0 1119.0 small-vehicle 0
940.0 1126.0 956.0 1126.0 956.0 1153.0 940.0 1153.0 small-vehicle 0
995.0 975.0 1016.0 975.0 1016.0 1007.0 995.0 1007.0 small-vehicle 1
383.0 1136.0 470.0 1136.0 470.0 1310.0 383.0 1310.0 tennis-court 0
