imagesource:JL
gsd:0.72
2098.0 4632.0 2132.0 4632.0 2132.0 4668.0 2098.0 4668.0 bridge 0
1821.0 4229.0 1852.0 4229.0 1852.0 4252.0 1821.0 4252.0 bridge 0
1633.0 25.0 1718.0 25.0 1718.0 107.0 1633.0 107.0 baseball-diamond 0
1552.0 41.0 1638.0 41.0 1638.0 125.0 1552.0 125.0 baseball-diamond 0
1588.0 3528.0 1670.0 3528.0 1670.0 3616.0 1588.0 3616.0 baseball-diamond 0
1679.0 3465.0 1772.0 3465.0 1772.0 3558.0 1679.0 3558.0 baseball-diamond 0
1537.0 3369.0 1631.0 3369.0 1631.0 3458.0 1537.0 3458.0 baseball-diamond 0
1552.0 3235.0 1660.0 3235.0 1660.0 3340.0 1552.0 3340.0 baseball-diamond 0
2166.0 3196.0 2241.0 3196.0 2241.0 3272.0 2166.0 3272.0 baseball-diamond 0
2208.0 3326.0 2275.0 3326.0 2275.0 3395.0 2208.0 3395.0 baseball-diamond 0
3837.0 465.0 3907.0 465.0 3907.0 538.0 3837.0 538.0 baseball-diamond 0
561.0 2410.0 589.0 2410.0 589.0 2441.0 561.0 2441.0 bridge 0
426.0 2526.0 443.0 2526.0 443.0 2547.0 426.0 2547.0 bridge 0
1517.0 1708.0 1575.0 1708.0 1575.0 1761.0 1517.0 1761.0 baseball-diamond 0
1534.0 1759.0 1597.0 1759.0 1597.0 1821.0 1534.0 1821.0 baseball-diamond 0
1446.0 1889.0 1508.0 1889.0 1508.0 1946.0 1446.0 1946.0 baseball-diamond 0
991.0 3194.0 1026.0 3194.0 1026.0 3226.0 991.0 3226.0 bridge 0
1056.0 3306.0 1089.0 3306.0 1089.0 3331.0 1056.0 3331.0 bridge 0
943.0 3129.0 969.0 3129.0 969.0 3147.0 943.0 3147.0 bridge 0
1538.0 1549.0 1613.0 1549.0 1613.0 1620.0 1538.0 1620.0 baseball-diamond 0
