imagesource:JL
gsd:0.72
3585.0 1629.0 3709.0 1629.0 3709.0 1748.0 3585.0 1748.0 baseball-diamond 0
616.0 2443.0 630.0 2443.0 630.0 2474.0 616.0 2474.0 bridge 0
1786.0 2865.0 1843.0 2865.0 1843.0 2920.0 1786.0 2920.0 bridge 0
3347.0 2410.0 3378.0 2410.0 3378.0 2439.0 3347.0 2439.0 bridge 0
3510.0 3933.0 3615.0 3933.0 3615.0 3993.0 3510.0 3993.0 ground-track-field 1
3516.0 2495.0 3572.0 2495.0 3572.0 2547.0 3516.0 2547.0 bridge 0
3811.0 2570.0 3853.0 2570.0 3853.0 2610.0 3811.0 2610.0 bridge 0
3826.0 2305.0 3955.0 2305.0 3955.0 2433.0 3826.0 2433.0 ground-track-field 0
3718.0 4793.0 3824.0 4793.0 3824.0 4897.0 3718.0 4897.0 baseball-diamond 0
1253.0 1555.0 1324.0 1555.0 1324.0 1608.0 1253.0 1608.0 bridge 0
254.0 2750.0 287.0 2750.0 287.0 2779.0 254.0 2779.0 bridge 0
3187.0 4169.0 3263.0 4169.0 3263.0 4215.0 3187.0 4215.0 bridge 0
19.0 2481.0 68.0 2481.0 68.0 2511.0 19.0 2511.0 bridge 0
1631.0 2745.0 1666.0 2745.0 1666.0 2780.0 1631.0 2780.0 bridge 0
1792.0 2484.0 1834.0 2484.0 1834.0 2525.0 1792.0 2525.0 bridge 0
2179.0 1589.0 2197.0 1589.0 2197.0 1613.0 2179.0 1613.0 bridge 0
2899.0 2217.0 2927.0 2217.0 2927.0 2244.0 2899.0 2244.0 bridge 0
2354.0 1864.0 2390.0 1864.0 2390.0 1900.0 2354.0 1900.0 bridge 0
2558.0 2050.0 2578.0 2050.0 2578.0 2070.0 2558.0 2070.0 bridge 0
3182.0 2679.0 3265.0 2679.0 3265.0 2810.0 3182.0 2810.0 ground-track-field 0
139.0 4173.0 260.0 4173.0 260.0 4282.0 139.0 4282.0 ground-track-field 1
