imagesource:JL
gsd:0.72
2501.0 1605.0 2601.0 1605.0 2601.0 1726.0 2501.0 1726.0 bridge 0
2324.0 2546.0 2374.0 2546.0 2374.0 2580.0 2324.0 2580.0 bridge 0
2834.0 1312.0 2909.0 1312.0 2909.0 1360.0 2834.0 1360.0 bridge 0
2847.0 1331.0 2932.0 1331.0 2932.0 1392.0 2847.0 1392.0 bridge 0
3597.0 2129.0 3646.0 2129.0 3646.0 2240.0 3597.0 2240.0 bridge 0
3221.0 3385.0 3268.0 3385.0 3268.0 3439.0 3221.0 3439.0 storage-tank 0
3255.0 3433.0 3303.0 3433.0 3303.0 3484.0 3255.0 3484.0 storage-tank 0
1982.0 3504.0 2051.0 3504.0 2051.0 3556.0 1982.0 3556.0 bridge 0
1810.0 2710.0 1855.0 2710.0 1855.0 2732.0 1810.0 2732.0 bridge 0
1762.0 2489.0 1801.0 2489.0 1801.0 2531.0 1762.0 2531.0 bridge 0
2131.0 2027.0 2172.0 2027.0 2172.0 2074.0 2131.0 2074.0 bridge 0
2144.0 2048.0 2183.0 2048.0 2183.0 2099.0 2144.0 2099.0 bridge 0
2152.0 2068.0 2196.0 2068.0 2196.0 2126.0 2152.0 2126.0 bridge 0
2164.0 2091.0 2207.0 2091.0 2207.0 2152.0 2164.0 2152.0 bridge 0
2173.0 2130.0 2211.0 2130.0 2211.0 2179.0 2173.0 2179.0 bridge 0
2255.0 2352.0 2301.0 2352.0 2301.0 2407.0 2255.0 2407.0 bridge 0
2471.0 2739.0 2514.0 2739.0 2514.0 2821.0 2471.0 2821.0 bridge 0
2477.0 1583.0 2583.0 1583.0 2583.0 1707.0 2477.0 1707.0 bridge 0
2815.0 2988.0 2851.0 2988.0 2851.0 3023.0 2815.0 3023.0 bridge 0
3054.0 3260.0 3090.0 3260.0 3090.0 3300.0 3054.0 3300.0 bridge 0
3131.0 3349.0 3189.0 3349.0 3189.0 3425.0 3131.0 3425.0 bridge 0
3102.0 3106.0 3204.0 3106.0 3204.0 3238.0 3102.0 3238.0 soccer-ball-field 0
3912.0 1494.0 3999.0 1494.0 3999.0 1645.0 3912.0 1645.0 soccer-ball-field 0
2928.0 3118.0 2997.0 3118.0 2997.0 3186.0 2928.0 3186.0 bridge 0
1036.0 3154.0 1079.0 3154.0 1079.0 3204.0 1036.0 3204.0 bridge 0
1050.0 3142.0 1092.0 3142.0 1092.0 3193.0 1050.0 3193.0 bridge 0
1759.0 2530.0 1839.0 2530.0 1839.0 2614.0 1759.0 2614.0 bridge 0
561.0 2658.0 583.0 2658.0 583.0 2696.0 561.0 2696.0 bridge 0
2230.0 1087.0 2250.0 1087.0 2250.0 1125.0 2230.0 1125.0 bridge 0
2159.0 1144.0 2174.0 1144.0 2174.0 1177.0 2159.0 1177.0 bridge 0
2294.0 1916.0 2355.0 1916.0 2355.0 1990.0 2294.0 1990.0 bridge 0
2287.0 1880.0 2352.0 1880.0 2352.0 1956.0 2287.0 1956.0 bridge 0
3591.0 404.0 3641.0 404.0 3641.0 456.0 3591.0 456.0 storage-tank 0
