imagesource:JL
gsd:0.72
589.0 2175.0 608.0 2175.0 608.0 2195.0 589.0 2195.0 ship 1
996.0 2731.0 1018.0 2731.0 1018.0 2761.0 996.0 2761.0 ship 1
846.0 3127.0 860.0 3127.0 860.0 3153.0 846.0 3153.0 ship 1
3524.0 414.0 3571.0 414.0 3571.0 459.0 3524.0 459.0 baseball-diamond 0
3868.0 1299.0 3930.0 1299.0 3930.0 1368.0 3868.0 1368.0 baseball-diamond 0
1779.0 2315.0 1990.0 2315.0 1990.0 2419.0 1779.0 2419.0 harbor 0
3484.0 522.0 3538.0 522.0 3538.0 574.0 3484.0 574.0 baseball-diamond 0
3821.0 985.0 3971.0 985.0 3971.0 1236.0 3821.0 1236.0 ground-track-field 0
3771.0 1383.0 3856.0 1383.0 3856.0 1466.0 3771.0 1466.0 baseball-diamond 0
1644.0 2395.0 1788.0 2395.0 1788.0 2463.0 1644.0 2463.0 ship 0
