imagesource:GoogleEarth
gsd:0.106819874547
1733.0 1038.0 1774.0 1038.0 1774.0 1062.0 1733.0 1062.0 small-vehicle 1
1578.0 592.0 1618.0 592.0 1618.0 616.0 1578.0 616.0 small-vehicle 1
712.0 678.0 741.0 678.0 741.0 739.0 712.0 739.0 large-vehicle 0
1154.0 782.0 1194.0 782.0 1194.0 881.0 1154.0 881.0 large-vehicle 0
1189.0 803.0 1228.0 803.0 1228.0 884.0 1189.0 884.0 large-vehicle 0
1535.0 584.0 1577.0 584.0 1577.0 681.0 1535.0 681.0 large-vehicle 0
1538.0 487.0 1578.0 487.0 1578.0 581.0 1538.0 581.0 large-vehicle 0
1503.0 497.0 1540.0 497.0 1540.0 583.0 1503.0 583.0 large-vehicle 0
1469.0 481.0 1512.0 481.0 1512.0 584.0 1469.0 584.0 large-vehicle 0
1425.0 580.0 1465.0 580.0 1465.0 668.0 1425.0 668.0 large-vehicle 0
1433.0 487.0 1474.0 487.0 1474.0 575.0 1433.0 575.0 large-vehicle 0
1245.0 461.0 1295.0 461.0 1295.0 624.0 1245.0 624.0 large-vehicle 0
896.0 437.0 946.0 437.0 946.0 600.0 896.0 600.0 large-vehicle 0
799.0 435.0 845.0 435.0 845.0 535.0 799.0 535.0 large-vehicle 0
518.0 402.0 574.0 402.0 574.0 567.0 518.0 567.0 large-vehicle 0
432.0 395.0 486.0 395.0 486.0 555.0 432.0 555.0 large-vehicle 0
248.0 687.0 289.0 687.0 289.0 709.0 248.0 709.0 small-vehicle 0
685.0 716.0 712.0 716.0 712.0 780.0 685.0 780.0 large-vehicle 0
710.0 739.0 740.0 739.0 740.0 801.0 710.0 801.0 large-vehicle 0
706.0 800.0 739.0 800.0 739.0 862.0 706.0 862.0 large-vehicle 0
451.0 782.0 481.0 782.0 481.0 844.0 451.0 844.0 large-vehicle 0
202.0 670.0 241.0 670.0 241.0 734.0 202.0 734.0 large-vehicle 0
169.0 728.0 206.0 728.0 206.0 822.0 169.0 822.0 large-vehicle 0
510.0 707.0 549.0 707.0 549.0 793.0 510.0 793.0 large-vehicle 0
517.0 650.0 544.0 650.0 544.0 708.0 517.0 708.0 large-vehicle 0
481.0 704.0 512.0 704.0 512.0 762.0 481.0 762.0 large-vehicle 0
476.0 786.0 504.0 786.0 504.0 846.0 476.0 846.0 large-vehicle 0
461.0 668.0 492.0 668.0 492.0 728.0 461.0 728.0 large-vehicle 0
651.0 791.0 682.0 791.0 682.0 856.0 651.0 856.0 large-vehicle 0
572.0 663.0 607.0 663.0 607.0 740.0 572.0 740.0 large-vehicle 0
602.0 699.0 637.0 699.0 637.0 764.0 602.0 764.0 large-vehicle 0
627.0 732.0 655.0 732.0 655.0 790.0 627.0 790.0 large-vehicle 0
633.0 666.0 664.0 666.0 664.0 732.0 633.0 732.0 large-vehicle 0
654.0 724.0 686.0 724.0 686.0 790.0 654.0 790.0 large-vehicle 0
623.0 795.0 655.0 795.0 655.0 859.0 623.0 859.0 large-vehicle 0
392.0 788.0 447.0 788.0 447.0 813.0 392.0 813.0 large-vehicle 0
409.0 656.0 457.0 656.0 457.0 681.0 409.0 681.0 small-vehicle 0
408.0 688.0 460.0 688.0 460.0 712.0 408.0 712.0 small-vehicle 0
233.0 796.0 269.0 796.0 269.0 815.0 233.0 815.0 small-vehicle 1
892.0 788.0 933.0 788.0 933.0 808.0 892.0 808.0 small-vehicle 1
883.0 811.0 930.0 811.0 930.0 836.0 883.0 836.0 small-vehicle 1
852.0 840.0 873.0 840.0 873.0 880.0 852.0 880.0 small-vehicle 1
399.0 767.0 434.0 767.0 434.0 789.0 399.0 789.0 small-vehicle 1
359.0 699.0 393.0 699.0 393.0 721.0 359.0 721.0 small-vehicle 1
239.0 731.0 288.0 731.0 288.0 754.0 239.0 754.0 small-vehicle 1
347.0 787.0 387.0 787.0 387.0 810.0 347.0 810.0 small-vehicle 1
891.0 693.0 938.0 693.0 938.0 720.0 891.0 720.0 small-vehicle 1
342.0 810.0 387.0 810.0 387.0 832.0 342.0 832.0 small-vehicle 1
489.0 658.0 511.0 658.0 511.0 695.0 489.0 695.0 small-vehicle 1
1417.0 820.0 1456.0 820.0 1456.0 842.0 1417.0 842.0 small-vehicle 1
1424.0 771.0 1469.0 771.0 1469.0 794.0 1424.0 794.0 small-vehicle 1
947.0 698.0 993.0 698.0 993.0 725.0 947.0 725.0 small-vehicle 1
1118.0 566.0 1155.0 566.0 1155.0 587.0 1118.0 587.0 small-vehicle 1
882.0 731.0 939.0 731.0 939.0 772.0 882.0 772.0 small-vehicle 1
789.0 709.0 835.0 709.0 835.0 737.0 789.0 737.0 small-vehicle 1
407.0 716.0 457.0 716.0 457.0 742.0 407.0 742.0 small-vehicle 0
786.0 758.0 822.0 758.0 822.0 775.0 786.0 775.0 small-vehicle 0
457.0 731.0 481.0 731.0 481.0 781.0 457.0 781.0 small-vehicle 0
659.0 675.0 684.0 675.0 684.0 723.0 659.0 723.0 small-vehicle 0
578.0 738.0 602.0 738.0 602.0 784.0 578.0 784.0 small-vehicle 0
940.0 726.0 990.0 726.0 990.0 753.0 940.0 753.0 small-vehicle 0
902.0 769.0 938.0 769.0 938.0 789.0 902.0 789.0 small-vehicle 0
789.0 782.0 826.0 782.0 826.0 799.0 789.0 799.0 small-vehicle 0
787.0 736.0 829.0 736.0 829.0 756.0 787.0 756.0 small-vehicle 0
1397.0 541.0 1413.0 541.0 1413.0 579.0 1397.0 579.0 small-vehicle 0
782.0 821.0 820.0 821.0 820.0 845.0 782.0 845.0 small-vehicle 1
934.0 809.0 975.0 809.0 975.0 832.0 934.0 832.0 small-vehicle 0
827.0 832.0 852.0 832.0 852.0 875.0 827.0 875.0 small-vehicle 0
968.0 473.0 1002.0 473.0 1002.0 493.0 968.0 493.0 small-vehicle 0
1125.0 486.0 1194.0 486.0 1194.0 515.0 1125.0 515.0 large-vehicle 0
1128.0 461.0 1199.0 461.0 1199.0 491.0 1128.0 491.0 large-vehicle 0
181.0 644.0 217.0 644.0 217.0 715.0 181.0 715.0 large-vehicle 0
