imagesource:GoogleEarth
gsd:0.111066945689
4865.0 156.0 4895.0 156.0 4895.0 206.0 4865.0 206.0 small-vehicle 1
1409.0 426.0 1450.0 426.0 1450.0 459.0 1409.0 459.0 small-vehicle 1
1272.0 331.0 1319.0 331.0 1319.0 365.0 1272.0 365.0 small-vehicle 0
1439.0 305.0 1480.0 305.0 1480.0 337.0 1439.0 337.0 small-vehicle 0
3541.0 946.0 3585.0 946.0 3585.0 972.0 3541.0 972.0 small-vehicle 0
2656.0 1204.0 2678.0 1204.0 2678.0 1238.0 2656.0 1238.0 small-vehicle 0
2760.0 1226.0 2784.0 1226.0 2784.0 1271.0 2760.0 1271.0 small-vehicle 0
2786.0 1237.0 2802.0 1237.0 2802.0 1267.0 2786.0 1267.0 small-vehicle 0
2696.0 1214.0 2721.0 1214.0 2721.0 1256.0 2696.0 1256.0 small-vehicle 0
1128.0 0.0 1159.0 0.0 1159.0 45.0 1128.0 45.0 small-vehicle 0
681.0 1586.0 738.0 1586.0 738.0 1641.0 681.0 1641.0 large-vehicle 0
1884.0 678.0 1907.0 678.0 1907.0 718.0 1884.0 718.0 small-vehicle 0
3113.0 872.0 3155.0 872.0 3155.0 903.0 3113.0 903.0 small-vehicle 0
3319.0 880.0 3344.0 880.0 3344.0 930.0 3319.0 930.0 large-vehicle 0
4231.0 978.0 4266.0 978.0 4266.0 1020.0 4231.0 1020.0 small-vehicle 0
4177.0 970.0 4199.0 970.0 4199.0 1012.0 4177.0 1012.0 small-vehicle 0
4429.0 947.0 4458.0 947.0 4458.0 992.0 4429.0 992.0 small-vehicle 0
4839.0 273.0 4880.0 273.0 4880.0 339.0 4839.0 339.0 large-vehicle 0
4685.0 36.0 4726.0 36.0 4726.0 55.0 4685.0 55.0 small-vehicle 0
4824.0 2668.0 4869.0 2668.0 4869.0 2730.0 4824.0 2730.0 large-vehicle 0
4389.0 4328.0 4432.0 4328.0 4432.0 4361.0 4389.0 4361.0 small-vehicle 0
4586.0 4373.0 4636.0 4373.0 4636.0 4407.0 4586.0 4407.0 small-vehicle 0
1080.0 130.0 1104.0 130.0 1104.0 176.0 1080.0 176.0 small-vehicle 1
1109.0 37.0 1142.0 37.0 1142.0 81.0 1109.0 81.0 small-vehicle 1
1402.0 284.0 1440.0 284.0 1440.0 316.0 1402.0 316.0 small-vehicle 1
1431.0 325.0 1475.0 325.0 1475.0 359.0 1431.0 359.0 small-vehicle 1
1638.0 176.0 1676.0 176.0 1676.0 228.0 1638.0 228.0 small-vehicle 1
1255.0 364.0 1300.0 364.0 1300.0 396.0 1255.0 396.0 small-vehicle 0
1307.0 274.0 1352.0 274.0 1352.0 308.0 1307.0 308.0 small-vehicle 0
1197.0 948.0 1233.0 948.0 1233.0 982.0 1197.0 982.0 small-vehicle 0
4257.0 3824.0 4292.0 3824.0 4292.0 3872.0 4257.0 3872.0 small-vehicle 0
768.0 3601.0 824.0 3601.0 824.0 3656.0 768.0 3656.0 small-vehicle 0
847.0 3390.0 888.0 3390.0 888.0 3433.0 847.0 3433.0 small-vehicle 0
3858.0 4538.0 3898.0 4538.0 3898.0 4593.0 3858.0 4593.0 large-vehicle 0
4529.0 4348.0 4576.0 4348.0 4576.0 4382.0 4529.0 4382.0 small-vehicle 0
3903.0 4503.0 3942.0 4503.0 3942.0 4557.0 3903.0 4557.0 large-vehicle 0
3850.0 4606.0 3889.0 4606.0 3889.0 4660.0 3850.0 4660.0 large-vehicle 0
4000.0 4289.0 4043.0 4289.0 4043.0 4343.0 4000.0 4343.0 large-vehicle 1
4209.0 3663.0 4246.0 3663.0 4246.0 3695.0 4209.0 3695.0 small-vehicle 0
4168.0 3861.0 4202.0 3861.0 4202.0 3906.0 4168.0 3906.0 small-vehicle 0
4284.0 3734.0 4320.0 3734.0 4320.0 3782.0 4284.0 3782.0 small-vehicle 0
4225.0 3888.0 4264.0 3888.0 4264.0 3935.0 4225.0 3935.0 small-vehicle 0
4243.0 3988.0 4292.0 3988.0 4292.0 4028.0 4243.0 4028.0 small-vehicle 0
658.0 33.0 693.0 33.0 693.0 75.0 658.0 75.0 small-vehicle 1
4191.0 3956.0 4220.0 3956.0 4220.0 4003.0 4191.0 4003.0 small-vehicle 1
4363.0 3352.0 4417.0 3352.0 4417.0 3401.0 4363.0 3401.0 large-vehicle 0
4412.0 3258.0 4466.0 3258.0 4466.0 3299.0 4412.0 3299.0 large-vehicle 0
4434.0 3238.0 4476.0 3238.0 4476.0 3270.0 4434.0 3270.0 small-vehicle 0
4398.0 3292.0 4443.0 3292.0 4443.0 3330.0 4398.0 3330.0 small-vehicle 0
318.0 416.0 362.0 416.0 362.0 459.0 318.0 459.0 large-vehicle 0
140.0 177.0 167.0 177.0 167.0 219.0 140.0 219.0 small-vehicle 0
160.0 187.0 186.0 187.0 186.0 225.0 160.0 225.0 small-vehicle 0
573.0 158.0 612.0 158.0 612.0 202.0 573.0 202.0 small-vehicle 0
465.0 358.0 505.0 358.0 505.0 400.0 465.0 400.0 small-vehicle 0
431.0 399.0 468.0 399.0 468.0 432.0 431.0 432.0 large-vehicle 0
1450.0 442.0 1489.0 442.0 1489.0 475.0 1450.0 475.0 small-vehicle 1
1370.0 410.0 1411.0 410.0 1411.0 441.0 1370.0 441.0 small-vehicle 1
1083.0 4328.0 1132.0 4328.0 1132.0 4370.0 1083.0 4370.0 small-vehicle 1
1330.0 394.0 1376.0 394.0 1376.0 427.0 1330.0 427.0 small-vehicle 1
1126.0 1182.0 1164.0 1182.0 1164.0 1222.0 1126.0 1222.0 small-vehicle 1
1075.0 1160.0 1116.0 1160.0 1116.0 1202.0 1075.0 1202.0 small-vehicle 1
1037.0 1191.0 1081.0 1191.0 1081.0 1230.0 1037.0 1230.0 small-vehicle 1
1042.0 1252.0 1090.0 1252.0 1090.0 1299.0 1042.0 1299.0 small-vehicle 1
955.0 1266.0 1001.0 1266.0 1001.0 1312.0 955.0 1312.0 small-vehicle 1
931.0 1354.0 982.0 1354.0 982.0 1401.0 931.0 1401.0 small-vehicle 1
127.0 3519.0 163.0 3519.0 163.0 3558.0 127.0 3558.0 small-vehicle 1
255.0 3541.0 300.0 3541.0 300.0 3583.0 255.0 3583.0 small-vehicle 1
184.0 3561.0 214.0 3561.0 214.0 3600.0 184.0 3600.0 small-vehicle 1
340.0 3684.0 383.0 3684.0 383.0 3729.0 340.0 3729.0 small-vehicle 1
358.0 3702.0 399.0 3702.0 399.0 3746.0 358.0 3746.0 small-vehicle 1
385.0 3718.0 424.0 3718.0 424.0 3762.0 385.0 3762.0 small-vehicle 1
556.0 3794.0 592.0 3794.0 592.0 3833.0 556.0 3833.0 small-vehicle 1
431.0 3760.0 464.0 3760.0 464.0 3801.0 431.0 3801.0 small-vehicle 1
608.0 3918.0 643.0 3918.0 643.0 3957.0 608.0 3957.0 small-vehicle 1
817.0 4022.0 859.0 4022.0 859.0 4060.0 817.0 4060.0 small-vehicle 1
873.0 3980.0 919.0 3980.0 919.0 4020.0 873.0 4020.0 small-vehicle 1
916.0 4019.0 963.0 4019.0 963.0 4058.0 916.0 4058.0 small-vehicle 1
963.0 4056.0 1007.0 4056.0 1007.0 4096.0 963.0 4096.0 small-vehicle 1
948.0 4129.0 998.0 4129.0 998.0 4177.0 948.0 4177.0 small-vehicle 1
1004.0 4133.0 1028.0 4133.0 1028.0 4180.0 1004.0 4180.0 small-vehicle 1
1046.0 4180.0 1093.0 4180.0 1093.0 4220.0 1046.0 4220.0 small-vehicle 1
740.0 4031.0 786.0 4031.0 786.0 4079.0 740.0 4079.0 small-vehicle 1
1160.0 4225.0 1203.0 4225.0 1203.0 4269.0 1160.0 4269.0 small-vehicle 1
1200.0 4263.0 1246.0 4263.0 1246.0 4303.0 1200.0 4303.0 small-vehicle 1
1158.0 1147.0 1198.0 1147.0 1198.0 1190.0 1158.0 1190.0 small-vehicle 1
1109.0 1119.0 1154.0 1119.0 1154.0 1164.0 1109.0 1164.0 small-vehicle 1
1085.0 909.0 1132.0 909.0 1132.0 954.0 1085.0 954.0 small-vehicle 1
136.0 659.0 177.0 659.0 177.0 696.0 136.0 696.0 small-vehicle 1
1292.0 378.0 1330.0 378.0 1330.0 409.0 1292.0 409.0 small-vehicle 1
157.0 92.0 205.0 92.0 205.0 123.0 157.0 123.0 small-vehicle 1
292.0 269.0 340.0 269.0 340.0 324.0 292.0 324.0 small-vehicle 1
506.0 229.0 544.0 229.0 544.0 268.0 506.0 268.0 small-vehicle 1
536.0 193.0 581.0 193.0 581.0 237.0 536.0 237.0 small-vehicle 1
582.0 229.0 625.0 229.0 625.0 276.0 582.0 276.0 small-vehicle 1
191.0 457.0 236.0 457.0 236.0 504.0 191.0 504.0 small-vehicle 1
161.0 470.0 203.0 470.0 203.0 521.0 161.0 521.0 small-vehicle 1
481.0 462.0 514.0 462.0 514.0 500.0 481.0 500.0 small-vehicle 1
441.0 490.0 481.0 490.0 481.0 531.0 441.0 531.0 small-vehicle 1
243.0 642.0 275.0 642.0 275.0 681.0 243.0 681.0 small-vehicle 1
161.0 694.0 207.0 694.0 207.0 748.0 161.0 748.0 small-vehicle 1
1144.0 928.0 1189.0 928.0 1189.0 972.0 1144.0 972.0 small-vehicle 1
189.0 710.0 220.0 710.0 220.0 751.0 189.0 751.0 small-vehicle 1
46.0 573.0 80.0 573.0 80.0 613.0 46.0 613.0 small-vehicle 1
138.0 740.0 170.0 740.0 170.0 781.0 138.0 781.0 small-vehicle 1
101.0 761.0 146.0 761.0 146.0 806.0 101.0 806.0 small-vehicle 1
1633.0 700.0 1670.0 700.0 1670.0 735.0 1633.0 735.0 small-vehicle 1
1596.0 735.0 1632.0 735.0 1632.0 771.0 1596.0 771.0 small-vehicle 1
1292.0 947.0 1333.0 947.0 1333.0 989.0 1292.0 989.0 small-vehicle 1
1319.0 986.0 1365.0 986.0 1365.0 1031.0 1319.0 1031.0 small-vehicle 1
1256.0 987.0 1299.0 987.0 1299.0 1030.0 1256.0 1030.0 small-vehicle 1
1248.0 1063.0 1288.0 1063.0 1288.0 1106.0 1248.0 1106.0 small-vehicle 1
1206.0 1098.0 1250.0 1098.0 1250.0 1141.0 1206.0 1141.0 small-vehicle 1
754.0 3588.0 804.0 3588.0 804.0 3641.0 754.0 3641.0 small-vehicle 0
402.0 4648.0 444.0 4648.0 444.0 4691.0 402.0 4691.0 small-vehicle 0
253.0 4587.0 301.0 4587.0 301.0 4635.0 253.0 4635.0 small-vehicle 0
311.0 4571.0 357.0 4571.0 357.0 4615.0 311.0 4615.0 small-vehicle 0
2323.0 1743.0 2364.0 1743.0 2364.0 1782.0 2323.0 1782.0 small-vehicle 0
2363.0 1777.0 2401.0 1777.0 2401.0 1812.0 2363.0 1812.0 small-vehicle 0
2397.0 1805.0 2440.0 1805.0 2440.0 1843.0 2397.0 1843.0 small-vehicle 0
2440.0 1842.0 2481.0 1842.0 2481.0 1880.0 2440.0 1880.0 small-vehicle 0
2483.0 1875.0 2524.0 1875.0 2524.0 1911.0 2483.0 1911.0 small-vehicle 1
2515.0 1900.0 2556.0 1900.0 2556.0 1940.0 2515.0 1940.0 small-vehicle 1
2507.0 2000.0 2547.0 2000.0 2547.0 2023.0 2507.0 2023.0 small-vehicle 0
2527.0 2020.0 2571.0 2020.0 2571.0 2045.0 2527.0 2045.0 small-vehicle 0
2709.0 1764.0 2744.0 1764.0 2744.0 1804.0 2709.0 1804.0 small-vehicle 0
2782.0 1739.0 2820.0 1739.0 2820.0 1779.0 2782.0 1779.0 small-vehicle 0
2638.0 1683.0 2664.0 1683.0 2664.0 1726.0 2638.0 1726.0 small-vehicle 0
2296.0 1512.0 2324.0 1512.0 2324.0 1556.0 2296.0 1556.0 small-vehicle 0
2371.0 1226.0 2404.0 1226.0 2404.0 1282.0 2371.0 1282.0 large-vehicle 1
2359.0 1284.0 2389.0 1284.0 2389.0 1330.0 2359.0 1330.0 small-vehicle 0
2348.0 1324.0 2376.0 1324.0 2376.0 1370.0 2348.0 1370.0 small-vehicle 1
2568.0 1288.0 2596.0 1288.0 2596.0 1331.0 2568.0 1331.0 small-vehicle 0
2526.0 1277.0 2551.0 1277.0 2551.0 1320.0 2526.0 1320.0 small-vehicle 0
2612.0 1298.0 2640.0 1298.0 2640.0 1336.0 2612.0 1336.0 small-vehicle 0
2854.0 1395.0 2884.0 1395.0 2884.0 1439.0 2854.0 1439.0 small-vehicle 0
2740.0 1228.0 2761.0 1228.0 2761.0 1264.0 2740.0 1264.0 small-vehicle 0
2430.0 1304.0 2456.0 1304.0 2456.0 1346.0 2430.0 1346.0 small-vehicle 0
2456.0 1307.0 2479.0 1307.0 2479.0 1349.0 2456.0 1349.0 small-vehicle 0
2517.0 1318.0 2542.0 1318.0 2542.0 1361.0 2517.0 1361.0 small-vehicle 0
2556.0 1333.0 2586.0 1333.0 2586.0 1377.0 2556.0 1377.0 small-vehicle 0
2580.0 1340.0 2606.0 1340.0 2606.0 1384.0 2580.0 1384.0 small-vehicle 0
2293.0 1712.0 2329.0 1712.0 2329.0 1750.0 2293.0 1750.0 small-vehicle 0
2600.0 1523.0 2629.0 1523.0 2629.0 1569.0 2600.0 1569.0 small-vehicle 0
166.0 1330.0 196.0 1330.0 196.0 1369.0 166.0 1369.0 small-vehicle 0
97.0 73.0 144.0 73.0 144.0 110.0 97.0 110.0 small-vehicle 0
1934.0 3281.0 2626.0 3281.0 2626.0 4032.0 1934.0 4032.0 soccer-ball-field 0
1621.0 1473.0 1839.0 1473.0 1839.0 1766.0 1621.0 1766.0 basketball-court 0
1372.0 1359.0 1537.0 1359.0 1537.0 1596.0 1372.0 1596.0 tennis-court 0
1508.0 1399.0 1667.0 1399.0 1667.0 1636.0 1508.0 1636.0 tennis-court 0
1471.0 1035.0 1635.0 1035.0 1635.0 1273.0 1471.0 1273.0 tennis-court 0
1604.0 1075.0 1765.0 1075.0 1765.0 1316.0 1604.0 1316.0 tennis-court 0
3335.0 1041.0 3432.0 1041.0 3432.0 1076.0 3335.0 1076.0 large-vehicle 0
3060.0 2752.0 3946.0 2752.0 3946.0 3828.0 3060.0 3828.0 soccer-ball-field 0
4560.0 1157.0 4789.0 1157.0 4789.0 1378.0 4560.0 1378.0 tennis-court 0
4645.0 1232.0 4859.0 1232.0 4859.0 1460.0 4645.0 1460.0 tennis-court 0
3041.0 1222.0 4717.0 1222.0 4717.0 2240.0 3041.0 2240.0 ground-track-field 0
287.0 159.0 325.0 159.0 325.0 203.0 287.0 203.0 small-vehicle 0
16.0 1455.0 54.0 1455.0 54.0 1506.0 16.0 1506.0 small-vehicle 0
319.0 201.0 359.0 201.0 359.0 248.0 319.0 248.0 small-vehicle 0
357.0 251.0 394.0 251.0 394.0 295.0 357.0 295.0 small-vehicle 0
113.0 3331.0 155.0 3331.0 155.0 3371.0 113.0 3371.0 small-vehicle 0
219.0 53.0 268.0 53.0 268.0 88.0 219.0 88.0 small-vehicle 0
532.0 1676.0 572.0 1676.0 572.0 1716.0 532.0 1716.0 small-vehicle 0
131.0 1351.0 159.0 1351.0 159.0 1399.0 131.0 1399.0 small-vehicle 0
92.0 1391.0 121.0 1391.0 121.0 1434.0 92.0 1434.0 small-vehicle 0
50.0 1420.0 87.0 1420.0 87.0 1473.0 50.0 1473.0 small-vehicle 0
68.0 1405.0 101.0 1405.0 101.0 1450.0 68.0 1450.0 small-vehicle 1
34.0 1438.0 68.0 1438.0 68.0 1486.0 34.0 1486.0 small-vehicle 1
0.0 1478.0 32.0 1478.0 32.0 1522.0 0.0 1522.0 small-vehicle 1
2409.0 1582.0 2433.0 1582.0 2433.0 1624.0 2409.0 1624.0 small-vehicle 0
2484.0 1645.0 2511.0 1645.0 2511.0 1684.0 2484.0 1684.0 small-vehicle 0
2474.0 1593.0 2502.0 1593.0 2502.0 1635.0 2474.0 1635.0 small-vehicle 0
2641.0 1349.0 2671.0 1349.0 2671.0 1394.0 2641.0 1394.0 small-vehicle 0
2823.0 1345.0 2849.0 1345.0 2849.0 1386.0 2823.0 1386.0 small-vehicle 0
2716.0 1324.0 2742.0 1324.0 2742.0 1372.0 2716.0 1372.0 small-vehicle 0
2662.0 1354.0 2692.0 1354.0 2692.0 1400.0 2662.0 1400.0 small-vehicle 0
2815.0 1385.0 2837.0 1385.0 2837.0 1431.0 2815.0 1431.0 small-vehicle 0
2832.0 1394.0 2861.0 1394.0 2861.0 1442.0 2832.0 1442.0 small-vehicle 0
2472.0 1306.0 2501.0 1306.0 2501.0 1352.0 2472.0 1352.0 small-vehicle 1
2546.0 1287.0 2573.0 1287.0 2573.0 1327.0 2546.0 1327.0 small-vehicle 0
2595.0 1446.0 2623.0 1446.0 2623.0 1490.0 2595.0 1490.0 small-vehicle 0
2463.0 1265.0 2485.0 1265.0 2485.0 1306.0 2463.0 1306.0 small-vehicle 0
2484.0 1263.0 2511.0 1263.0 2511.0 1308.0 2484.0 1308.0 small-vehicle 0
2674.0 1308.0 2702.0 1308.0 2702.0 1356.0 2674.0 1356.0 small-vehicle 0
2598.0 1341.0 2625.0 1341.0 2625.0 1384.0 2598.0 1384.0 small-vehicle 1
2633.0 1302.0 2659.0 1302.0 2659.0 1345.0 2633.0 1345.0 small-vehicle 0
2745.0 1371.0 2776.0 1371.0 2776.0 1416.0 2745.0 1416.0 small-vehicle 0
2787.0 1479.0 2818.0 1479.0 2818.0 1532.0 2787.0 1532.0 small-vehicle 0
2806.0 1487.0 2844.0 1487.0 2844.0 1546.0 2806.0 1546.0 small-vehicle 0
2434.0 1477.0 2462.0 1477.0 2462.0 1528.0 2434.0 1528.0 small-vehicle 0
2701.0 1467.0 2730.0 1467.0 2730.0 1515.0 2701.0 1515.0 small-vehicle 0
2620.0 1527.0 2648.0 1527.0 2648.0 1570.0 2620.0 1570.0 small-vehicle 0
2820.0 1556.0 2852.0 1556.0 2852.0 1607.0 2820.0 1607.0 small-vehicle 1
2843.0 1350.0 2873.0 1350.0 2873.0 1391.0 2843.0 1391.0 small-vehicle 0
2917.0 1416.0 2952.0 1416.0 2952.0 1469.0 2917.0 1469.0 small-vehicle 0
2686.0 1539.0 2711.0 1539.0 2711.0 1584.0 2686.0 1584.0 small-vehicle 1
310.0 4492.0 356.0 4492.0 356.0 4541.0 310.0 4541.0 small-vehicle 0
2757.0 1331.0 2793.0 1331.0 2793.0 1379.0 2757.0 1379.0 small-vehicle 0
2652.0 1305.0 2681.0 1305.0 2681.0 1352.0 2652.0 1352.0 small-vehicle 0
2496.0 1604.0 2522.0 1604.0 2522.0 1646.0 2496.0 1646.0 small-vehicle 0
2132.0 446.0 2163.0 446.0 2163.0 491.0 2132.0 491.0 small-vehicle 0
2837.0 1499.0 2866.0 1499.0 2866.0 1544.0 2837.0 1544.0 small-vehicle 0
2451.0 1407.0 2482.0 1407.0 2482.0 1456.0 2451.0 1456.0 small-vehicle 1
2693.0 1650.0 2720.0 1650.0 2720.0 1691.0 2693.0 1691.0 small-vehicle 0
2670.0 1653.0 2692.0 1653.0 2692.0 1688.0 2670.0 1688.0 small-vehicle 0
2650.0 1642.0 2671.0 1642.0 2671.0 1682.0 2650.0 1682.0 small-vehicle 0
2626.0 1634.0 2650.0 1634.0 2650.0 1677.0 2626.0 1677.0 small-vehicle 1
2606.0 1638.0 2628.0 1638.0 2628.0 1676.0 2606.0 1676.0 small-vehicle 0
2849.0 23.0 2897.0 23.0 2897.0 52.0 2849.0 52.0 small-vehicle 0
2904.0 38.0 2944.0 38.0 2944.0 64.0 2904.0 64.0 small-vehicle 0
2289.0 42.0 2321.0 42.0 2321.0 89.0 2289.0 89.0 small-vehicle 0
2609.0 52.0 2655.0 52.0 2655.0 82.0 2609.0 82.0 small-vehicle 0
2186.0 312.0 2218.0 312.0 2218.0 356.0 2186.0 356.0 small-vehicle 0
2794.0 1375.0 2819.0 1375.0 2819.0 1420.0 2794.0 1420.0 small-vehicle 0
2548.0 722.0 2579.0 722.0 2579.0 764.0 2548.0 764.0 small-vehicle 0
2298.0 744.0 2346.0 744.0 2346.0 775.0 2298.0 775.0 large-vehicle 0
2575.0 1772.0 2604.0 1772.0 2604.0 1818.0 2575.0 1818.0 small-vehicle 0
2561.0 1619.0 2586.0 1619.0 2586.0 1660.0 2561.0 1660.0 small-vehicle 0
2582.0 1626.0 2607.0 1626.0 2607.0 1670.0 2582.0 1670.0 small-vehicle 0
2418.0 1632.0 2450.0 1632.0 2450.0 1678.0 2418.0 1678.0 small-vehicle 0
2540.0 1614.0 2562.0 1614.0 2562.0 1653.0 2540.0 1653.0 small-vehicle 0
2451.0 1590.0 2478.0 1590.0 2478.0 1633.0 2451.0 1633.0 small-vehicle 1
2386.0 1574.0 2414.0 1574.0 2414.0 1622.0 2386.0 1622.0 small-vehicle 0
2378.0 1629.0 2400.0 1629.0 2400.0 1670.0 2378.0 1670.0 small-vehicle 0
2518.0 1608.0 2544.0 1608.0 2544.0 1652.0 2518.0 1652.0 small-vehicle 1
1083.0 4246.0 1132.0 4246.0 1132.0 4290.0 1083.0 4290.0 small-vehicle 1
1390.0 4423.0 1439.0 4423.0 1439.0 4466.0 1390.0 4466.0 small-vehicle 1
4512.0 4431.0 4541.0 4431.0 4541.0 4471.0 4512.0 4471.0 small-vehicle 1
4835.0 2716.0 4875.0 2716.0 4875.0 2768.0 4835.0 2768.0 small-vehicle 1
4300.0 3880.0 4346.0 3880.0 4346.0 3917.0 4300.0 3917.0 small-vehicle 1
4144.0 3762.0 4199.0 3762.0 4199.0 3800.0 4144.0 3800.0 small-vehicle 1
4182.0 3697.0 4233.0 3697.0 4233.0 3739.0 4182.0 3739.0 small-vehicle 1
4827.0 3750.0 4875.0 3750.0 4875.0 3777.0 4827.0 3777.0 small-vehicle 1
4785.0 3739.0 4828.0 3739.0 4828.0 3765.0 4785.0 3765.0 small-vehicle 1
4835.0 3653.0 4860.0 3653.0 4860.0 3695.0 4835.0 3695.0 small-vehicle 1
4814.0 3649.0 4836.0 3649.0 4836.0 3692.0 4814.0 3692.0 small-vehicle 1
4259.0 3558.0 4300.0 3558.0 4300.0 3593.0 4259.0 3593.0 small-vehicle 1
4643.0 3235.0 4679.0 3235.0 4679.0 3267.0 4643.0 3267.0 small-vehicle 1
4474.0 3255.0 4508.0 3255.0 4508.0 3299.0 4474.0 3299.0 small-vehicle 1
4472.0 3146.0 4518.0 3146.0 4518.0 3183.0 4472.0 3183.0 small-vehicle 1
4449.0 3213.0 4482.0 3213.0 4482.0 3242.0 4449.0 3242.0 small-vehicle 1
4291.0 3489.0 4336.0 3489.0 4336.0 3525.0 4291.0 3525.0 small-vehicle 1
4530.0 3429.0 4578.0 3429.0 4578.0 3463.0 4530.0 3463.0 small-vehicle 1
4689.0 3120.0 4734.0 3120.0 4734.0 3157.0 4689.0 3157.0 small-vehicle 1
4630.0 3120.0 4664.0 3120.0 4664.0 3165.0 4630.0 3165.0 small-vehicle 1
4874.0 3004.0 4914.0 3004.0 4914.0 3038.0 4874.0 3038.0 small-vehicle 1
4830.0 2983.0 4873.0 2983.0 4873.0 3023.0 4830.0 3023.0 small-vehicle 1
4786.0 2958.0 4830.0 2958.0 4830.0 2998.0 4786.0 2998.0 small-vehicle 1
4623.0 2902.0 4673.0 2902.0 4673.0 2945.0 4623.0 2945.0 small-vehicle 1
4570.0 2959.0 4613.0 2959.0 4613.0 2994.0 4570.0 2994.0 small-vehicle 1
4554.0 3006.0 4594.0 3006.0 4594.0 3037.0 4554.0 3037.0 small-vehicle 1
4647.0 2819.0 4682.0 2819.0 4682.0 2847.0 4647.0 2847.0 small-vehicle 1
4755.0 2872.0 4787.0 2872.0 4787.0 2925.0 4755.0 2925.0 small-vehicle 1
4789.0 2811.0 4827.0 2811.0 4827.0 2859.0 4789.0 2859.0 small-vehicle 1
4255.0 3967.0 4294.0 3967.0 4294.0 4001.0 4255.0 4001.0 small-vehicle 1
4096.0 3868.0 4142.0 3868.0 4142.0 3907.0 4096.0 3907.0 small-vehicle 1
4077.0 3911.0 4118.0 3911.0 4118.0 3944.0 4077.0 3944.0 small-vehicle 1
4416.0 4379.0 4460.0 4379.0 4460.0 4432.0 4416.0 4432.0 small-vehicle 1
3658.0 1088.0 3695.0 1088.0 3695.0 1110.0 3658.0 1110.0 small-vehicle 1
3797.0 1102.0 3840.0 1102.0 3840.0 1123.0 3797.0 1123.0 small-vehicle 1
3047.0 1374.0 3091.0 1374.0 3091.0 1425.0 3047.0 1425.0 small-vehicle 1
3061.0 1433.0 3103.0 1433.0 3103.0 1458.0 3061.0 1458.0 small-vehicle 1
3056.0 1461.0 3094.0 1461.0 3094.0 1490.0 3056.0 1490.0 small-vehicle 1
3834.0 4368.0 3879.0 4368.0 3879.0 4405.0 3834.0 4405.0 small-vehicle 1
3649.0 4717.0 3698.0 4717.0 3698.0 4759.0 3649.0 4759.0 small-vehicle 1
4339.0 4299.0 4385.0 4299.0 4385.0 4339.0 4339.0 4339.0 small-vehicle 1
4301.0 4281.0 4344.0 4281.0 4344.0 4319.0 4301.0 4319.0 small-vehicle 1
4235.0 4248.0 4278.0 4248.0 4278.0 4284.0 4235.0 4284.0 small-vehicle 1
4192.0 4224.0 4241.0 4224.0 4241.0 4264.0 4192.0 4264.0 small-vehicle 1
4445.0 4412.0 4492.0 4412.0 4492.0 4448.0 4445.0 4448.0 small-vehicle 1
4052.0 3947.0 4103.0 3947.0 4103.0 3984.0 4052.0 3984.0 small-vehicle 1
4608.0 4324.0 4643.0 4324.0 4643.0 4373.0 4608.0 4373.0 small-vehicle 1
4585.0 4315.0 4619.0 4315.0 4619.0 4362.0 4585.0 4362.0 small-vehicle 1
4515.0 4284.0 4550.0 4284.0 4550.0 4333.0 4515.0 4333.0 small-vehicle 1
4188.0 4130.0 4218.0 4130.0 4218.0 4169.0 4188.0 4169.0 small-vehicle 1
4829.0 4384.0 4857.0 4384.0 4857.0 4425.0 4829.0 4425.0 small-vehicle 1
4856.0 4443.0 4894.0 4443.0 4894.0 4469.0 4856.0 4469.0 small-vehicle 1
4633.0 4469.0 4661.0 4469.0 4661.0 4508.0 4633.0 4508.0 small-vehicle 1
3980.0 4493.0 4019.0 4493.0 4019.0 4522.0 3980.0 4522.0 small-vehicle 1
3974.0 4092.0 4022.0 4092.0 4022.0 4129.0 3974.0 4129.0 small-vehicle 1
3994.0 4054.0 4045.0 4054.0 4045.0 4091.0 3994.0 4091.0 small-vehicle 1
4024.0 3997.0 4073.0 3997.0 4073.0 4035.0 4024.0 4035.0 small-vehicle 1
4811.0 2769.0 4851.0 2769.0 4851.0 2814.0 4811.0 2814.0 small-vehicle 1
4857.0 2675.0 4897.0 2675.0 4897.0 2723.0 4857.0 2723.0 small-vehicle 1
1458.0 4478.0 1509.0 4478.0 1509.0 4525.0 1458.0 4525.0 small-vehicle 1
4685.0 2750.0 4727.0 2750.0 4727.0 2781.0 4685.0 2781.0 small-vehicle 1
4735.0 203.0 4764.0 203.0 4764.0 252.0 4735.0 252.0 small-vehicle 1
4172.0 344.0 4211.0 344.0 4211.0 373.0 4172.0 373.0 small-vehicle 1
4092.0 346.0 4111.0 346.0 4111.0 374.0 4092.0 374.0 small-vehicle 1
3896.0 334.0 3925.0 334.0 3925.0 378.0 3896.0 378.0 small-vehicle 1
4492.0 65.0 4520.0 65.0 4520.0 108.0 4492.0 108.0 small-vehicle 1
4469.0 97.0 4501.0 97.0 4501.0 150.0 4469.0 150.0 small-vehicle 1
4427.0 119.0 4470.0 119.0 4470.0 143.0 4427.0 143.0 small-vehicle 1
4360.0 114.0 4379.0 114.0 4379.0 148.0 4360.0 148.0 small-vehicle 1
4118.0 174.0 4138.0 174.0 4138.0 213.0 4118.0 213.0 small-vehicle 1
4072.0 173.0 4100.0 173.0 4100.0 219.0 4072.0 219.0 small-vehicle 1
606.0 117.0 644.0 117.0 644.0 160.0 606.0 160.0 small-vehicle 1
240.0 3606.0 286.0 3606.0 286.0 3647.0 240.0 3647.0 small-vehicle 1
18.0 4321.0 58.0 4321.0 58.0 4363.0 18.0 4363.0 small-vehicle 1
2428.0 1187.0 2468.0 1187.0 2468.0 1229.0 2428.0 1229.0 small-vehicle 1
2407.0 1404.0 2431.0 1404.0 2431.0 1443.0 2407.0 1443.0 small-vehicle 1
1705.0 4687.0 1754.0 4687.0 1754.0 4732.0 1705.0 4732.0 small-vehicle 1
2483.0 1748.0 2508.0 1748.0 2508.0 1791.0 2483.0 1791.0 small-vehicle 1
2729.0 1555.0 2753.0 1555.0 2753.0 1596.0 2729.0 1596.0 small-vehicle 1
2726.0 1470.0 2754.0 1470.0 2754.0 1515.0 2726.0 1515.0 small-vehicle 1
2584.0 1520.0 2606.0 1520.0 2606.0 1556.0 2584.0 1556.0 small-vehicle 1
2413.0 1480.0 2439.0 1480.0 2439.0 1523.0 2413.0 1523.0 small-vehicle 1
2579.0 1434.0 2607.0 1434.0 2607.0 1478.0 2579.0 1478.0 small-vehicle 1
2784.0 1339.0 2808.0 1339.0 2808.0 1375.0 2784.0 1375.0 small-vehicle 1
2812.0 116.0 2839.0 116.0 2839.0 160.0 2812.0 160.0 small-vehicle 1
4487.0 4420.0 4521.0 4420.0 4521.0 4467.0 4487.0 4467.0 small-vehicle 1
4658.0 221.0 4692.0 221.0 4692.0 269.0 4658.0 269.0 small-vehicle 1
4587.0 230.0 4626.0 230.0 4626.0 275.0 4587.0 275.0 small-vehicle 1
4460.0 224.0 4499.0 224.0 4499.0 251.0 4460.0 251.0 small-vehicle 1
4474.0 1083.0 4509.0 1083.0 4509.0 1103.0 4474.0 1103.0 small-vehicle 1
4880.0 2644.0 4912.0 2644.0 4912.0 2688.0 4880.0 2688.0 small-vehicle 1
4768.0 2593.0 4806.0 2593.0 4806.0 2622.0 4768.0 2622.0 small-vehicle 1
4730.0 2648.0 4778.0 2648.0 4778.0 2683.0 4730.0 2683.0 small-vehicle 1
4716.0 2688.0 4754.0 2688.0 4754.0 2721.0 4716.0 2721.0 small-vehicle 1
4834.0 2458.0 4881.0 2458.0 4881.0 2492.0 4834.0 2492.0 small-vehicle 1
4874.0 2386.0 4918.0 2386.0 4918.0 2421.0 4874.0 2421.0 small-vehicle 1
4794.0 1064.0 4834.0 1064.0 4834.0 1115.0 4794.0 1115.0 small-vehicle 1
4827.0 1059.0 4871.0 1059.0 4871.0 1075.0 4827.0 1075.0 small-vehicle 1
4816.0 992.0 4861.0 992.0 4861.0 1021.0 4816.0 1021.0 small-vehicle 1
4815.0 859.0 4863.0 859.0 4863.0 887.0 4815.0 887.0 small-vehicle 1
4703.0 976.0 4743.0 976.0 4743.0 1004.0 4703.0 1004.0 small-vehicle 1
4642.0 901.0 4674.0 901.0 4674.0 948.0 4642.0 948.0 small-vehicle 1
3875.0 1109.0 3914.0 1109.0 3914.0 1127.0 3875.0 1127.0 small-vehicle 1
4729.0 895.0 4756.0 895.0 4756.0 932.0 4729.0 932.0 small-vehicle 1
4562.0 924.0 4594.0 924.0 4594.0 972.0 4562.0 972.0 small-vehicle 1
4489.0 943.0 4516.0 943.0 4516.0 985.0 4489.0 985.0 small-vehicle 1
4462.0 942.0 4488.0 942.0 4488.0 993.0 4462.0 993.0 small-vehicle 1
4375.0 951.0 4409.0 951.0 4409.0 1011.0 4375.0 1011.0 small-vehicle 1
4334.0 946.0 4356.0 946.0 4356.0 985.0 4334.0 985.0 small-vehicle 1
4201.0 972.0 4229.0 972.0 4229.0 1017.0 4201.0 1017.0 small-vehicle 1
4138.0 975.0 4165.0 975.0 4165.0 1016.0 4138.0 1016.0 small-vehicle 1
4188.0 1114.0 4228.0 1114.0 4228.0 1135.0 4188.0 1135.0 small-vehicle 1
4036.0 1113.0 4082.0 1113.0 4082.0 1131.0 4036.0 1131.0 small-vehicle 1
3941.0 1050.0 3984.0 1050.0 3984.0 1071.0 3941.0 1071.0 small-vehicle 1
3567.0 1072.0 3613.0 1072.0 3613.0 1095.0 3567.0 1095.0 small-vehicle 1
3809.0 1038.0 3845.0 1038.0 3845.0 1061.0 3809.0 1061.0 small-vehicle 1
3674.0 1026.0 3714.0 1026.0 3714.0 1046.0 3674.0 1046.0 small-vehicle 1
3718.0 957.0 3749.0 957.0 3749.0 994.0 3718.0 994.0 small-vehicle 1
2320.0 1421.0 2353.0 1421.0 2353.0 1464.0 2320.0 1464.0 small-vehicle 1
2330.0 1368.0 2368.0 1368.0 2368.0 1421.0 2330.0 1421.0 small-vehicle 1
2441.0 1256.0 2467.0 1256.0 2467.0 1302.0 2441.0 1302.0 small-vehicle 1
2589.0 1291.0 2616.0 1291.0 2616.0 1338.0 2589.0 1338.0 small-vehicle 1
2695.0 1314.0 2725.0 1314.0 2725.0 1361.0 2695.0 1361.0 small-vehicle 1
2739.0 1325.0 2767.0 1325.0 2767.0 1369.0 2739.0 1369.0 small-vehicle 1
2802.0 1336.0 2828.0 1336.0 2828.0 1380.0 2802.0 1380.0 small-vehicle 1
2875.0 1396.0 2906.0 1396.0 2906.0 1446.0 2875.0 1446.0 small-vehicle 1
2768.0 1374.0 2799.0 1374.0 2799.0 1424.0 2768.0 1424.0 small-vehicle 1
2727.0 1364.0 2756.0 1364.0 2756.0 1413.0 2727.0 1413.0 small-vehicle 1
2701.0 1365.0 2735.0 1365.0 2735.0 1408.0 2701.0 1408.0 small-vehicle 1
2684.0 1355.0 2708.0 1355.0 2708.0 1401.0 2684.0 1401.0 small-vehicle 1
2621.0 1345.0 2647.0 1345.0 2647.0 1386.0 2621.0 1386.0 small-vehicle 1
2533.0 1324.0 2568.0 1324.0 2568.0 1373.0 2533.0 1373.0 small-vehicle 1
2493.0 1314.0 2518.0 1314.0 2518.0 1359.0 2493.0 1359.0 small-vehicle 1
2427.0 1398.0 2460.0 1398.0 2460.0 1454.0 2427.0 1454.0 small-vehicle 1
2475.0 1408.0 2503.0 1408.0 2503.0 1460.0 2475.0 1460.0 small-vehicle 1
2723.0 1433.0 2770.0 1433.0 2770.0 1460.0 2723.0 1460.0 small-vehicle 1
2765.0 1481.0 2793.0 1481.0 2793.0 1535.0 2765.0 1535.0 small-vehicle 1
2745.0 1476.0 2777.0 1476.0 2777.0 1527.0 2745.0 1527.0 small-vehicle 1
2678.0 1465.0 2712.0 1465.0 2712.0 1512.0 2678.0 1512.0 small-vehicle 1
2662.0 1460.0 2692.0 1460.0 2692.0 1509.0 2662.0 1509.0 small-vehicle 1
2495.0 1412.0 2522.0 1412.0 2522.0 1465.0 2495.0 1465.0 small-vehicle 1
2514.0 1415.0 2545.0 1415.0 2545.0 1469.0 2514.0 1469.0 small-vehicle 1
2536.0 1421.0 2567.0 1421.0 2567.0 1475.0 2536.0 1475.0 small-vehicle 1
2307.0 1465.0 2340.0 1465.0 2340.0 1512.0 2307.0 1512.0 small-vehicle 1
2427.0 1579.0 2458.0 1579.0 2458.0 1629.0 2427.0 1629.0 small-vehicle 1
2510.0 1752.0 2542.0 1752.0 2542.0 1800.0 2510.0 1800.0 small-vehicle 1
366.0 4684.0 417.0 4684.0 417.0 4732.0 366.0 4732.0 small-vehicle 1
1411.0 4526.0 1463.0 4526.0 1463.0 4569.0 1411.0 4569.0 small-vehicle 1
1489.0 4594.0 1534.0 4594.0 1534.0 4635.0 1489.0 4635.0 small-vehicle 1
1192.0 4493.0 1235.0 4493.0 1235.0 4537.0 1192.0 4537.0 small-vehicle 1
35.0 4403.0 81.0 4403.0 81.0 4450.0 35.0 4450.0 small-vehicle 1
161.0 4448.0 195.0 4448.0 195.0 4479.0 161.0 4479.0 small-vehicle 1
101.0 4311.0 142.0 4311.0 142.0 4351.0 101.0 4351.0 small-vehicle 1
143.0 4343.0 176.0 4343.0 176.0 4377.0 143.0 4377.0 small-vehicle 1
381.0 4560.0 426.0 4560.0 426.0 4603.0 381.0 4603.0 small-vehicle 1
98.0 4538.0 143.0 4538.0 143.0 4572.0 98.0 4572.0 small-vehicle 1
513.0 4666.0 556.0 4666.0 556.0 4711.0 513.0 4711.0 small-vehicle 1
439.0 4680.0 486.0 4680.0 486.0 4727.0 439.0 4727.0 small-vehicle 1
327.0 4645.0 366.0 4645.0 366.0 4684.0 327.0 4684.0 small-vehicle 1
2541.0 1759.0 2569.0 1759.0 2569.0 1808.0 2541.0 1808.0 small-vehicle 1
1123.0 4682.0 1162.0 4682.0 1162.0 4723.0 1123.0 4723.0 small-vehicle 1
969.0 4757.0 1008.0 4757.0 1008.0 4798.0 969.0 4798.0 small-vehicle 1
1595.0 4680.0 1638.0 4680.0 1638.0 4724.0 1595.0 4724.0 small-vehicle 1
1650.0 4640.0 1696.0 4640.0 1696.0 4684.0 1650.0 4684.0 small-vehicle 1
2749.0 1564.0 2777.0 1564.0 2777.0 1606.0 2749.0 1606.0 small-vehicle 1
2767.0 1557.0 2799.0 1557.0 2799.0 1608.0 2767.0 1608.0 small-vehicle 1
2788.0 1558.0 2823.0 1558.0 2823.0 1611.0 2788.0 1611.0 small-vehicle 1
2706.0 1545.0 2733.0 1545.0 2733.0 1590.0 2706.0 1590.0 small-vehicle 1
2279.0 1553.0 2313.0 1553.0 2313.0 1612.0 2279.0 1612.0 small-vehicle 1
2365.0 1574.0 2393.0 1574.0 2393.0 1620.0 2365.0 1620.0 small-vehicle 1
2350.0 1615.0 2383.0 1615.0 2383.0 1667.0 2350.0 1667.0 small-vehicle 1
2455.0 1478.0 2485.0 1478.0 2485.0 1533.0 2455.0 1533.0 small-vehicle 1
2476.0 1492.0 2504.0 1492.0 2504.0 1530.0 2476.0 1530.0 small-vehicle 1
2494.0 1500.0 2525.0 1500.0 2525.0 1548.0 2494.0 1548.0 small-vehicle 1
3713.0 127.0 3741.0 127.0 3741.0 181.0 3713.0 181.0 small-vehicle 1
2647.0 64.0 2677.0 64.0 2677.0 109.0 2647.0 109.0 small-vehicle 1
2357.0 43.0 2386.0 43.0 2386.0 87.0 2357.0 87.0 small-vehicle 1
3145.0 33.0 3171.0 33.0 3171.0 73.0 3145.0 73.0 small-vehicle 1
3190.0 55.0 3235.0 55.0 3235.0 83.0 3190.0 83.0 small-vehicle 1
3232.0 53.0 3256.0 53.0 3256.0 96.0 3232.0 96.0 small-vehicle 1
3284.0 59.0 3332.0 59.0 3332.0 91.0 3284.0 91.0 small-vehicle 1
3264.0 169.0 3314.0 169.0 3314.0 199.0 3264.0 199.0 small-vehicle 1
3167.0 102.0 3216.0 102.0 3216.0 133.0 3167.0 133.0 small-vehicle 1
3055.0 190.0 3083.0 190.0 3083.0 237.0 3055.0 237.0 small-vehicle 1
3238.0 248.0 3273.0 248.0 3273.0 291.0 3238.0 291.0 small-vehicle 1
3504.0 270.0 3533.0 270.0 3533.0 304.0 3504.0 304.0 small-vehicle 1
2577.0 41.0 2606.0 41.0 2606.0 84.0 2577.0 84.0 small-vehicle 1
2864.0 76.0 2913.0 76.0 2913.0 105.0 2864.0 105.0 small-vehicle 1
2996.0 838.0 3034.0 838.0 3034.0 864.0 2996.0 864.0 small-vehicle 1
3044.0 841.0 3070.0 841.0 3070.0 885.0 3044.0 885.0 small-vehicle 1
3125.0 849.0 3159.0 849.0 3159.0 878.0 3125.0 878.0 small-vehicle 1
3392.0 916.0 3443.0 916.0 3443.0 941.0 3392.0 941.0 small-vehicle 1
3498.0 921.0 3523.0 921.0 3523.0 965.0 3498.0 965.0 small-vehicle 1
3593.0 934.0 3618.0 934.0 3618.0 976.0 3593.0 976.0 small-vehicle 1
3192.0 844.0 3220.0 844.0 3220.0 885.0 3192.0 885.0 small-vehicle 1
3451.0 904.0 3471.0 904.0 3471.0 949.0 3451.0 949.0 small-vehicle 1
3349.0 881.0 3370.0 881.0 3370.0 920.0 3349.0 920.0 small-vehicle 1
3279.0 983.0 3322.0 983.0 3322.0 1012.0 3279.0 1012.0 small-vehicle 1
3529.0 1002.0 3574.0 1002.0 3574.0 1031.0 3529.0 1031.0 small-vehicle 1
2687.0 83.0 2714.0 83.0 2714.0 125.0 2687.0 125.0 small-vehicle 1
2170.0 353.0 2200.0 353.0 2200.0 382.0 2170.0 382.0 small-vehicle 1
2517.0 1504.0 2546.0 1504.0 2546.0 1545.0 2517.0 1545.0 small-vehicle 1
2718.0 1218.0 2742.0 1218.0 2742.0 1261.0 2718.0 1261.0 small-vehicle 1
2541.0 1508.0 2566.0 1508.0 2566.0 1552.0 2541.0 1552.0 small-vehicle 1
2561.0 1515.0 2587.0 1515.0 2587.0 1561.0 2561.0 1561.0 small-vehicle 1
2615.0 1445.0 2648.0 1445.0 2648.0 1495.0 2615.0 1495.0 small-vehicle 1
2647.0 1529.0 2674.0 1529.0 2674.0 1576.0 2647.0 1576.0 small-vehicle 1
2665.0 1535.0 2693.0 1535.0 2693.0 1581.0 2665.0 1581.0 small-vehicle 1
2937.0 1468.0 2988.0 1468.0 2988.0 1525.0 2937.0 1525.0 small-vehicle 1
2909.0 1263.0 2936.0 1263.0 2936.0 1305.0 2909.0 1305.0 small-vehicle 1
2885.0 1256.0 2913.0 1256.0 2913.0 1301.0 2885.0 1301.0 small-vehicle 1
2864.0 1249.0 2893.0 1249.0 2893.0 1295.0 2864.0 1295.0 small-vehicle 1
2841.0 1247.0 2870.0 1247.0 2870.0 1295.0 2841.0 1295.0 small-vehicle 1
2822.0 1241.0 2850.0 1241.0 2850.0 1289.0 2822.0 1289.0 small-vehicle 1
2673.0 1203.0 2704.0 1203.0 2704.0 1250.0 2673.0 1250.0 small-vehicle 1
2149.0 393.0 2181.0 393.0 2181.0 438.0 2149.0 438.0 small-vehicle 1
2634.0 1192.0 2661.0 1192.0 2661.0 1238.0 2634.0 1238.0 small-vehicle 1
2396.0 1627.0 2424.0 1627.0 2424.0 1674.0 2396.0 1674.0 small-vehicle 1
2959.0 1399.0 2987.0 1399.0 2987.0 1442.0 2959.0 1442.0 small-vehicle 1
2356.0 954.0 2393.0 954.0 2393.0 1011.0 2356.0 1011.0 small-vehicle 1
2912.0 958.0 2946.0 958.0 2946.0 977.0 2912.0 977.0 small-vehicle 1
2033.0 775.0 2075.0 775.0 2075.0 807.0 2033.0 807.0 small-vehicle 1
2441.0 694.0 2485.0 694.0 2485.0 726.0 2441.0 726.0 small-vehicle 1
2723.0 798.0 2767.0 798.0 2767.0 826.0 2723.0 826.0 small-vehicle 1
2392.0 673.0 2431.0 673.0 2431.0 719.0 2392.0 719.0 small-vehicle 1
1908.0 679.0 1926.0 679.0 1926.0 719.0 1908.0 719.0 small-vehicle 1
1925.0 695.0 1949.0 695.0 1949.0 742.0 1925.0 742.0 small-vehicle 1
308.0 1872.0 1350.0 1872.0 1350.0 2952.0 308.0 2952.0 soccer-ball-field 0
