imagesource:GoogleEarth
gsd:0.0989132017725
2048.0 300.0 2079.0 300.0 2079.0 342.0 2048.0 342.0 small-vehicle 1
1876.0 851.0 1981.0 851.0 1981.0 889.0 1876.0 889.0 large-vehicle 0
1106.0 597.0 1212.0 597.0 1212.0 639.0 1106.0 639.0 large-vehicle 0
1662.0 735.0 1772.0 735.0 1772.0 788.0 1662.0 788.0 large-vehicle 0
1657.0 771.0 1768.0 771.0 1768.0 819.0 1657.0 819.0 large-vehicle 0
1774.0 763.0 1880.0 763.0 1880.0 807.0 1774.0 807.0 large-vehicle 0
1773.0 799.0 1881.0 799.0 1881.0 845.0 1773.0 845.0 large-vehicle 0
1759.0 830.0 1866.0 830.0 1866.0 871.0 1759.0 871.0 large-vehicle 0
1758.0 869.0 1867.0 869.0 1867.0 906.0 1758.0 906.0 large-vehicle 0
1904.0 790.0 2012.0 790.0 2012.0 836.0 1904.0 836.0 large-vehicle 0
1912.0 827.0 2015.0 827.0 2015.0 862.0 1912.0 862.0 large-vehicle 0
1870.0 882.0 1975.0 882.0 1975.0 918.0 1870.0 918.0 large-vehicle 0
1742.0 211.0 1789.0 211.0 1789.0 240.0 1742.0 240.0 small-vehicle 1
1678.0 210.0 1749.0 210.0 1749.0 257.0 1678.0 257.0 large-vehicle 0
1151.0 26.0 1203.0 26.0 1203.0 55.0 1151.0 55.0 small-vehicle 1
1101.0 9.0 1157.0 9.0 1157.0 43.0 1101.0 43.0 small-vehicle 1
1208.0 43.0 1257.0 43.0 1257.0 74.0 1208.0 74.0 small-vehicle 1
1256.0 58.0 1310.0 58.0 1310.0 94.0 1256.0 94.0 small-vehicle 1
1305.0 38.0 1357.0 38.0 1357.0 69.0 1305.0 69.0 small-vehicle 1
1306.0 74.0 1362.0 74.0 1362.0 110.0 1306.0 110.0 small-vehicle 1
1305.0 57.0 1356.0 57.0 1356.0 86.0 1305.0 86.0 small-vehicle 1
1359.0 70.0 1408.0 70.0 1408.0 102.0 1359.0 102.0 small-vehicle 1
1825.0 229.0 1883.0 229.0 1883.0 269.0 1825.0 269.0 large-vehicle 0
1777.0 243.0 1836.0 243.0 1836.0 276.0 1777.0 276.0 large-vehicle 0
1497.0 33.0 1570.0 33.0 1570.0 81.0 1497.0 81.0 large-vehicle 0
1719.0 74.0 1820.0 74.0 1820.0 137.0 1719.0 137.0 large-vehicle 0
203.0 379.0 309.0 379.0 309.0 450.0 203.0 450.0 large-vehicle 0
188.0 419.0 299.0 419.0 299.0 490.0 188.0 490.0 large-vehicle 0
179.0 456.0 286.0 456.0 286.0 521.0 179.0 521.0 large-vehicle 0
148.0 499.0 257.0 499.0 257.0 572.0 148.0 572.0 large-vehicle 0
559.0 426.0 641.0 426.0 641.0 520.0 559.0 520.0 large-vehicle 0
361.0 660.0 409.0 660.0 409.0 685.0 361.0 685.0 small-vehicle 0
593.0 683.0 627.0 683.0 627.0 730.0 593.0 730.0 small-vehicle 0
649.0 683.0 680.0 683.0 680.0 726.0 649.0 726.0 small-vehicle 0
674.0 693.0 701.0 693.0 701.0 734.0 674.0 734.0 small-vehicle 0
448.0 404.0 505.0 404.0 505.0 444.0 448.0 444.0 small-vehicle 0
898.0 725.0 929.0 725.0 929.0 767.0 898.0 767.0 small-vehicle 0
955.0 731.0 987.0 731.0 987.0 783.0 955.0 783.0 small-vehicle 1
519.0 657.0 552.0 657.0 552.0 708.0 519.0 708.0 small-vehicle 1
544.0 671.0 573.0 671.0 573.0 712.0 544.0 712.0 small-vehicle 1
566.0 669.0 601.0 669.0 601.0 721.0 566.0 721.0 small-vehicle 1
1921.0 152.0 2007.0 152.0 2007.0 211.0 1921.0 211.0 large-vehicle 0
1861.0 157.0 1937.0 157.0 1937.0 208.0 1861.0 208.0 large-vehicle 0
1813.0 144.0 1870.0 144.0 1870.0 183.0 1813.0 183.0 large-vehicle 0
1687.0 96.0 1778.0 96.0 1778.0 156.0 1687.0 156.0 large-vehicle 0
1469.0 133.0 1522.0 133.0 1522.0 164.0 1469.0 164.0 small-vehicle 1
1522.0 148.0 1577.0 148.0 1577.0 184.0 1522.0 184.0 small-vehicle 1
1565.0 57.0 1615.0 57.0 1615.0 91.0 1565.0 91.0 small-vehicle 1
2108.0 904.0 2217.0 904.0 2217.0 940.0 2108.0 940.0 large-vehicle 0
2049.0 348.0 2078.0 348.0 2078.0 395.0 2049.0 395.0 small-vehicle 1
2110.0 264.0 2163.0 264.0 2163.0 298.0 2110.0 298.0 small-vehicle 1
2203.0 294.0 2251.0 294.0 2251.0 324.0 2203.0 324.0 small-vehicle 1
89.0 1067.0 138.0 1067.0 138.0 1102.0 89.0 1102.0 small-vehicle 1
332.0 1095.0 385.0 1095.0 385.0 1126.0 332.0 1126.0 small-vehicle 1
929.0 741.0 956.0 741.0 956.0 774.0 929.0 774.0 small-vehicle 1
834.0 700.0 864.0 700.0 864.0 730.0 834.0 730.0 storage-tank 0
1499.0 125.0 1545.0 125.0 1545.0 155.0 1499.0 155.0 small-vehicle 1
1409.0 0.0 1468.0 0.0 1468.0 35.0 1409.0 35.0 small-vehicle 1
1522.0 1.0 1568.0 1.0 1568.0 30.0 1522.0 30.0 small-vehicle 1
1461.0 94.0 1501.0 94.0 1501.0 121.0 1461.0 121.0 small-vehicle 1
1783.0 205.0 1831.0 205.0 1831.0 237.0 1783.0 237.0 small-vehicle 1
1738.0 190.0 1788.0 190.0 1788.0 222.0 1738.0 222.0 small-vehicle 1
1809.0 113.0 1859.0 113.0 1859.0 144.0 1809.0 144.0 small-vehicle 1
1462.0 1.0 1513.0 1.0 1513.0 31.0 1462.0 31.0 small-vehicle 1
1211.0 24.0 1248.0 24.0 1248.0 50.0 1211.0 50.0 small-vehicle 1
1638.0 88.0 1692.0 88.0 1692.0 124.0 1638.0 124.0 small-vehicle 1
1568.0 166.0 1632.0 166.0 1632.0 207.0 1568.0 207.0 small-vehicle 1
1625.0 189.0 1687.0 189.0 1687.0 231.0 1625.0 231.0 small-vehicle 1
2246.0 390.0 2274.0 390.0 2274.0 431.0 2246.0 431.0 small-vehicle 1
1986.0 886.0 2092.0 886.0 2092.0 926.0 1986.0 926.0 large-vehicle 0
1595.0 48.0 1647.0 48.0 1647.0 86.0 1595.0 86.0 small-vehicle 1
2024.0 838.0 2132.0 838.0 2132.0 886.0 2024.0 886.0 large-vehicle 0
1510.0 107.0 1555.0 107.0 1555.0 141.0 1510.0 141.0 small-vehicle 1
1701.0 199.0 1748.0 199.0 1748.0 229.0 1701.0 229.0 small-vehicle 1
1645.0 71.0 1691.0 71.0 1691.0 103.0 1645.0 103.0 small-vehicle 1
1676.0 56.0 1719.0 56.0 1719.0 89.0 1676.0 89.0 small-vehicle 1
1506.0 17.0 1546.0 17.0 1546.0 46.0 1506.0 46.0 small-vehicle 1
1605.0 78.0 1644.0 78.0 1644.0 104.0 1605.0 104.0 small-vehicle 1
2223.0 97.0 2372.0 97.0 2372.0 154.0 2223.0 154.0 large-vehicle 0
2242.0 60.0 2359.0 60.0 2359.0 110.0 2242.0 110.0 large-vehicle 0
2241.0 24.0 2358.0 24.0 2358.0 78.0 2241.0 78.0 large-vehicle 0
2198.0 1.0 2319.0 1.0 2319.0 42.0 2198.0 42.0 large-vehicle 0
1924.0 54.0 2041.0 54.0 2041.0 116.0 1924.0 116.0 large-vehicle 0
1929.0 188.0 2008.0 188.0 2008.0 242.0 1929.0 242.0 large-vehicle 0
2041.0 812.0 2151.0 812.0 2151.0 861.0 2041.0 861.0 large-vehicle 0
242.0 304.0 351.0 304.0 351.0 375.0 242.0 375.0 large-vehicle 0
