imagesource:GoogleEarth
gsd:0.118238046953
1976.0 1036.0 2012.0 1036.0 2012.0 1060.0 1976.0 1060.0 small-vehicle 1
788.0 2152.0 828.0 2152.0 828.0 2206.0 788.0 2206.0 large-vehicle 0
1604.0 2001.0 1658.0 2001.0 1658.0 2077.0 1604.0 2077.0 large-vehicle 0
1650.0 2090.0 1701.0 2090.0 1701.0 2169.0 1650.0 2169.0 large-vehicle 0
1691.0 2180.0 1741.0 2180.0 1741.0 2252.0 1691.0 2252.0 large-vehicle 0
1709.0 2164.0 1766.0 2164.0 1766.0 2240.0 1709.0 2240.0 large-vehicle 0
730.0 2541.0 789.0 2541.0 789.0 2576.0 730.0 2576.0 large-vehicle 0
271.0 2354.0 304.0 2354.0 304.0 2401.0 271.0 2401.0 large-vehicle 0
366.0 2321.0 398.0 2321.0 398.0 2367.0 366.0 2367.0 large-vehicle 0
385.0 2308.0 419.0 2308.0 419.0 2359.0 385.0 2359.0 large-vehicle 0
475.0 2266.0 519.0 2266.0 519.0 2331.0 475.0 2331.0 large-vehicle 0
512.0 2112.0 590.0 2112.0 590.0 2172.0 512.0 2172.0 large-vehicle 0
945.0 2232.0 1021.0 2232.0 1021.0 2301.0 945.0 2301.0 large-vehicle 0
1575.0 1944.0 1624.0 1944.0 1624.0 2009.0 1575.0 2009.0 large-vehicle 0
974.0 2205.0 1042.0 2205.0 1042.0 2247.0 974.0 2247.0 large-vehicle 0
917.0 2124.0 1002.0 2124.0 1002.0 2172.0 917.0 2172.0 large-vehicle 0
902.0 2097.0 989.0 2097.0 989.0 2145.0 902.0 2145.0 large-vehicle 0
897.0 2067.0 979.0 2067.0 979.0 2117.0 897.0 2117.0 large-vehicle 0
738.0 2030.0 797.0 2030.0 797.0 2059.0 738.0 2059.0 large-vehicle 0
737.0 2005.0 795.0 2005.0 795.0 2034.0 737.0 2034.0 large-vehicle 0
706.0 1979.0 786.0 1979.0 786.0 2018.0 706.0 2018.0 large-vehicle 0
735.0 1941.0 814.0 1941.0 814.0 1989.0 735.0 1989.0 large-vehicle 0
681.0 1936.0 736.0 1936.0 736.0 1975.0 681.0 1975.0 large-vehicle 0
610.0 1964.0 672.0 1964.0 672.0 2003.0 610.0 2003.0 large-vehicle 0
1633.0 2000.0 1688.0 2000.0 1688.0 2077.0 1633.0 2077.0 large-vehicle 0
1591.0 1921.0 1648.0 1921.0 1648.0 2000.0 1591.0 2000.0 large-vehicle 0
713.0 1852.0 785.0 1852.0 785.0 1898.0 713.0 1898.0 large-vehicle 0
1688.0 117.0 1744.0 117.0 1744.0 149.0 1688.0 149.0 large-vehicle 0
1568.0 2378.0 1593.0 2378.0 1593.0 2418.0 1568.0 2418.0 small-vehicle 0
1608.0 2370.0 1633.0 2370.0 1633.0 2411.0 1608.0 2411.0 small-vehicle 0
235.0 986.0 256.0 986.0 256.0 1018.0 235.0 1018.0 small-vehicle 0
10.0 2082.0 45.0 2082.0 45.0 2108.0 10.0 2108.0 small-vehicle 0
420.0 2138.0 450.0 2138.0 450.0 2178.0 420.0 2178.0 small-vehicle 0
541.0 2295.0 573.0 2295.0 573.0 2333.0 541.0 2333.0 small-vehicle 0
44.0 2539.0 73.0 2539.0 73.0 2581.0 44.0 2581.0 small-vehicle 0
69.0 2534.0 96.0 2534.0 96.0 2575.0 69.0 2575.0 small-vehicle 0
1003.0 202.0 1037.0 202.0 1037.0 247.0 1003.0 247.0 small-vehicle 0
886.0 661.0 932.0 661.0 932.0 728.0 886.0 728.0 large-vehicle 0
1387.0 1537.0 1436.0 1537.0 1436.0 1601.0 1387.0 1601.0 large-vehicle 0
1552.0 1962.0 1608.0 1962.0 1608.0 2041.0 1552.0 2041.0 large-vehicle 0
1390.0 1676.0 1429.0 1676.0 1429.0 1726.0 1390.0 1726.0 large-vehicle 0
1299.0 1820.0 1350.0 1820.0 1350.0 1864.0 1299.0 1864.0 large-vehicle 0
1299.0 1858.0 1345.0 1858.0 1345.0 1899.0 1299.0 1899.0 large-vehicle 0
1364.0 1848.0 1406.0 1848.0 1406.0 1901.0 1364.0 1901.0 large-vehicle 0
1430.0 1823.0 1464.0 1823.0 1464.0 1870.0 1430.0 1870.0 large-vehicle 0
1563.0 1861.0 1609.0 1861.0 1609.0 1924.0 1563.0 1924.0 large-vehicle 0
1453.0 2032.0 1501.0 2032.0 1501.0 2066.0 1453.0 2066.0 large-vehicle 0
1438.0 2123.0 1506.0 2123.0 1506.0 2172.0 1438.0 2172.0 large-vehicle 0
1523.0 2095.0 1578.0 2095.0 1578.0 2172.0 1523.0 2172.0 large-vehicle 0
1557.0 2020.0 1606.0 2020.0 1606.0 2095.0 1557.0 2095.0 large-vehicle 0
655.0 1876.0 721.0 1876.0 721.0 1917.0 655.0 1917.0 large-vehicle 0
491.0 1968.0 559.0 1968.0 559.0 2005.0 491.0 2005.0 large-vehicle 0
1810.0 2337.0 1831.0 2337.0 1831.0 2375.0 1810.0 2375.0 small-vehicle 0
883.0 328.0 946.0 328.0 946.0 374.0 883.0 374.0 large-vehicle 0
1041.0 699.0 1099.0 699.0 1099.0 741.0 1041.0 741.0 large-vehicle 0
1011.0 650.0 1061.0 650.0 1061.0 687.0 1011.0 687.0 large-vehicle 0
1001.0 624.0 1064.0 624.0 1064.0 671.0 1001.0 671.0 large-vehicle 0
985.0 587.0 1049.0 587.0 1049.0 635.0 985.0 635.0 large-vehicle 0
977.0 576.0 1026.0 576.0 1026.0 615.0 977.0 615.0 large-vehicle 0
970.0 558.0 1019.0 558.0 1019.0 594.0 970.0 594.0 large-vehicle 0
964.0 536.0 1015.0 536.0 1015.0 575.0 964.0 575.0 large-vehicle 0
963.0 510.0 1021.0 510.0 1021.0 552.0 963.0 552.0 large-vehicle 0
952.0 495.0 1000.0 495.0 1000.0 537.0 952.0 537.0 large-vehicle 0
928.0 464.0 978.0 464.0 978.0 501.0 928.0 501.0 large-vehicle 0
880.0 314.0 928.0 314.0 928.0 352.0 880.0 352.0 large-vehicle 0
1112.0 763.0 1151.0 763.0 1151.0 815.0 1112.0 815.0 large-vehicle 0
850.0 273.0 916.0 273.0 916.0 319.0 850.0 319.0 large-vehicle 0
295.0 1103.0 333.0 1103.0 333.0 1169.0 295.0 1169.0 large-vehicle 0
308.0 1039.0 350.0 1039.0 350.0 1108.0 308.0 1108.0 large-vehicle 0
339.0 1048.0 383.0 1048.0 383.0 1111.0 339.0 1111.0 large-vehicle 0
332.0 947.0 370.0 947.0 370.0 1016.0 332.0 1016.0 large-vehicle 0
1068.0 539.0 1113.0 539.0 1113.0 602.0 1068.0 602.0 large-vehicle 0
893.0 234.0 936.0 234.0 936.0 295.0 893.0 295.0 large-vehicle 0
941.0 219.0 1004.0 219.0 1004.0 317.0 941.0 317.0 large-vehicle 0
521.0 329.0 564.0 329.0 564.0 388.0 521.0 388.0 large-vehicle 0
540.0 320.0 584.0 320.0 584.0 381.0 540.0 381.0 large-vehicle 0
1069.0 759.0 1117.0 759.0 1117.0 795.0 1069.0 795.0 large-vehicle 0
1132.0 750.0 1174.0 750.0 1174.0 804.0 1132.0 804.0 large-vehicle 0
436.0 1915.0 506.0 1915.0 506.0 1970.0 436.0 1970.0 large-vehicle 0
261.0 1008.0 296.0 1008.0 296.0 1070.0 261.0 1070.0 large-vehicle 0
495.0 1897.0 544.0 1897.0 544.0 1968.0 495.0 1968.0 large-vehicle 0
337.0 1681.0 408.0 1681.0 408.0 1728.0 337.0 1728.0 large-vehicle 0
324.0 1653.0 395.0 1653.0 395.0 1702.0 324.0 1702.0 large-vehicle 0
310.0 1625.0 376.0 1625.0 376.0 1670.0 310.0 1670.0 large-vehicle 0
301.0 1601.0 364.0 1601.0 364.0 1645.0 301.0 1645.0 large-vehicle 0
306.0 1539.0 353.0 1539.0 353.0 1606.0 306.0 1606.0 large-vehicle 0
277.0 1476.0 325.0 1476.0 325.0 1537.0 277.0 1537.0 large-vehicle 0
290.0 913.0 355.0 913.0 355.0 1043.0 290.0 1043.0 large-vehicle 0
262.0 1039.0 321.0 1039.0 321.0 1188.0 262.0 1188.0 large-vehicle 0
308.0 813.0 349.0 813.0 349.0 887.0 308.0 887.0 large-vehicle 0
1092.0 538.0 1133.0 538.0 1133.0 592.0 1092.0 592.0 large-vehicle 0
1170.0 733.0 1208.0 733.0 1208.0 786.0 1170.0 786.0 large-vehicle 0
1115.0 583.0 1157.0 583.0 1157.0 637.0 1115.0 637.0 large-vehicle 0
1083.0 613.0 1125.0 613.0 1125.0 666.0 1083.0 666.0 large-vehicle 0
1104.0 658.0 1141.0 658.0 1141.0 710.0 1104.0 710.0 large-vehicle 0
1124.0 648.0 1163.0 648.0 1163.0 699.0 1124.0 699.0 large-vehicle 0
1145.0 640.0 1185.0 640.0 1185.0 693.0 1145.0 693.0 large-vehicle 0
1141.0 587.0 1191.0 587.0 1191.0 657.0 1141.0 657.0 large-vehicle 0
1161.0 577.0 1204.0 577.0 1204.0 635.0 1161.0 635.0 large-vehicle 0
1199.0 607.0 1244.0 607.0 1244.0 672.0 1199.0 672.0 large-vehicle 0
1241.0 705.0 1282.0 705.0 1282.0 751.0 1241.0 751.0 large-vehicle 0
1188.0 728.0 1227.0 728.0 1227.0 781.0 1188.0 781.0 large-vehicle 0
1685.0 2355.0 1711.0 2355.0 1711.0 2396.0 1685.0 2396.0 small-vehicle 1
1784.0 2432.0 1810.0 2432.0 1810.0 2471.0 1784.0 2471.0 small-vehicle 0
1969.0 1015.0 2010.0 1015.0 2010.0 1038.0 1969.0 1038.0 small-vehicle 1
1401.0 1191.0 1442.0 1191.0 1442.0 1240.0 1401.0 1240.0 small-vehicle 0
1894.0 899.0 1923.0 899.0 1923.0 937.0 1894.0 937.0 small-vehicle 1
1712.0 236.0 1738.0 236.0 1738.0 281.0 1712.0 281.0 small-vehicle 1
912.0 564.0 947.0 564.0 947.0 606.0 912.0 606.0 small-vehicle 1
1235.0 591.0 1278.0 591.0 1278.0 655.0 1235.0 655.0 large-vehicle 1
1262.0 656.0 1307.0 656.0 1307.0 716.0 1262.0 716.0 large-vehicle 1
1028.0 674.0 1064.0 674.0 1064.0 701.0 1028.0 701.0 small-vehicle 0
993.0 730.0 1027.0 730.0 1027.0 770.0 993.0 770.0 small-vehicle 0
1014.0 769.0 1048.0 769.0 1048.0 811.0 1014.0 811.0 small-vehicle 0
1296.0 746.0 1323.0 746.0 1323.0 779.0 1296.0 779.0 small-vehicle 0
1226.0 1207.0 1270.0 1207.0 1270.0 1266.0 1226.0 1266.0 small-vehicle 0
1477.0 1352.0 1510.0 1352.0 1510.0 1397.0 1477.0 1397.0 small-vehicle 0
1480.0 1283.0 1522.0 1283.0 1522.0 1337.0 1480.0 1337.0 small-vehicle 1
1444.0 1385.0 1473.0 1385.0 1473.0 1422.0 1444.0 1422.0 small-vehicle 0
1385.0 1360.0 1425.0 1360.0 1425.0 1416.0 1385.0 1416.0 small-vehicle 0
1319.0 1396.0 1350.0 1396.0 1350.0 1433.0 1319.0 1433.0 small-vehicle 0
1351.0 1455.0 1388.0 1455.0 1388.0 1506.0 1351.0 1506.0 small-vehicle 0
1284.0 1764.0 1311.0 1764.0 1311.0 1796.0 1284.0 1796.0 small-vehicle 0
1411.0 1841.0 1441.0 1841.0 1441.0 1877.0 1411.0 1877.0 small-vehicle 0
140.0 2515.0 170.0 2515.0 170.0 2558.0 140.0 2558.0 small-vehicle 0
624.0 2519.0 649.0 2519.0 649.0 2558.0 624.0 2558.0 small-vehicle 0
390.0 2414.0 415.0 2414.0 415.0 2447.0 390.0 2447.0 small-vehicle 1
436.0 2399.0 464.0 2399.0 464.0 2439.0 436.0 2439.0 small-vehicle 1
1603.0 1235.0 1635.0 1235.0 1635.0 1277.0 1603.0 1277.0 small-vehicle 1
1478.0 1562.0 1526.0 1562.0 1526.0 1597.0 1478.0 1597.0 small-vehicle 1
4.0 2263.0 30.0 2263.0 30.0 2302.0 4.0 2302.0 small-vehicle 1
1841.0 2114.0 1883.0 2114.0 1883.0 2146.0 1841.0 2146.0 small-vehicle 0
1540.0 2472.0 1571.0 2472.0 1571.0 2522.0 1540.0 2522.0 small-vehicle 0
1660.0 2446.0 1691.0 2446.0 1691.0 2489.0 1660.0 2489.0 small-vehicle 0
1703.0 2444.0 1730.0 2444.0 1730.0 2486.0 1703.0 2486.0 small-vehicle 0
1723.0 2442.0 1751.0 2442.0 1751.0 2483.0 1723.0 2483.0 small-vehicle 0
1810.0 2285.0 1850.0 2285.0 1850.0 2318.0 1810.0 2318.0 small-vehicle 0
1809.0 2265.0 1850.0 2265.0 1850.0 2296.0 1809.0 2296.0 small-vehicle 0
1819.0 2237.0 1860.0 2237.0 1860.0 2268.0 1819.0 2268.0 small-vehicle 0
1821.0 2190.0 1860.0 2190.0 1860.0 2221.0 1821.0 2221.0 small-vehicle 0
1825.0 2166.0 1866.0 2166.0 1866.0 2197.0 1825.0 2197.0 small-vehicle 0
1834.0 2140.0 1875.0 2140.0 1875.0 2171.0 1834.0 2171.0 small-vehicle 0
1808.0 2038.0 1850.0 2038.0 1850.0 2069.0 1808.0 2069.0 small-vehicle 0
1530.0 1538.0 1576.0 1538.0 1576.0 1572.0 1530.0 1572.0 small-vehicle 1
1880.0 1951.0 1925.0 1951.0 1925.0 1977.0 1880.0 1977.0 small-vehicle 0
1885.0 1932.0 1925.0 1932.0 1925.0 1955.0 1885.0 1955.0 small-vehicle 0
1890.0 1911.0 1930.0 1911.0 1930.0 1938.0 1890.0 1938.0 small-vehicle 0
1892.0 1892.0 1934.0 1892.0 1934.0 1918.0 1892.0 1918.0 small-vehicle 0
1904.0 1874.0 1938.0 1874.0 1938.0 1897.0 1904.0 1897.0 small-vehicle 0
1898.0 1848.0 1945.0 1848.0 1945.0 1879.0 1898.0 1879.0 small-vehicle 0
1902.0 1832.0 1943.0 1832.0 1943.0 1855.0 1902.0 1855.0 small-vehicle 0
1906.0 1811.0 1951.0 1811.0 1951.0 1838.0 1906.0 1838.0 small-vehicle 0
1910.0 1791.0 1955.0 1791.0 1955.0 1817.0 1910.0 1817.0 small-vehicle 0
1915.0 1772.0 1956.0 1772.0 1956.0 1795.0 1915.0 1795.0 small-vehicle 0
343.0 2426.0 373.0 2426.0 373.0 2469.0 343.0 2469.0 small-vehicle 1
561.0 2338.0 597.0 2338.0 597.0 2383.0 561.0 2383.0 small-vehicle 0
1604.0 2463.0 1632.0 2463.0 1632.0 2504.0 1604.0 2504.0 small-vehicle 0
1833.0 2097.0 1869.0 2097.0 1869.0 2124.0 1833.0 2124.0 small-vehicle 0
56.0 577.0 89.0 577.0 89.0 604.0 56.0 604.0 small-vehicle 1
40.0 549.0 83.0 549.0 83.0 579.0 40.0 579.0 small-vehicle 1
613.0 419.0 644.0 419.0 644.0 459.0 613.0 459.0 small-vehicle 1
17.0 215.0 52.0 215.0 52.0 264.0 17.0 264.0 small-vehicle 1
30.0 148.0 66.0 148.0 66.0 197.0 30.0 197.0 small-vehicle 1
616.0 286.0 649.0 286.0 649.0 328.0 616.0 328.0 small-vehicle 1
680.0 88.0 714.0 88.0 714.0 131.0 680.0 131.0 small-vehicle 1
1820.0 2215.0 1855.0 2215.0 1855.0 2243.0 1820.0 2243.0 small-vehicle 0
1817.0 2059.0 1856.0 2059.0 1856.0 2088.0 1817.0 2088.0 small-vehicle 0
1917.0 1750.0 1956.0 1750.0 1956.0 1774.0 1917.0 1774.0 small-vehicle 0
1929.0 1715.0 1965.0 1715.0 1965.0 1738.0 1929.0 1738.0 small-vehicle 0
76.0 617.0 110.0 617.0 110.0 642.0 76.0 642.0 small-vehicle 1
1944.0 1633.0 1982.0 1633.0 1982.0 1657.0 1944.0 1657.0 small-vehicle 0
1928.0 1668.0 1978.0 1668.0 1978.0 1697.0 1928.0 1697.0 large-vehicle 0
1954.0 938.0 1997.0 938.0 1997.0 960.0 1954.0 960.0 large-vehicle 0
1957.0 959.0 1997.0 959.0 1997.0 980.0 1957.0 980.0 large-vehicle 0
1964.0 977.0 2002.0 977.0 2002.0 999.0 1964.0 999.0 large-vehicle 0
1966.0 997.0 2008.0 997.0 2008.0 1017.0 1966.0 1017.0 large-vehicle 0
1985.0 1105.0 2009.0 1105.0 2009.0 1151.0 1985.0 1151.0 small-vehicle 0
1431.0 1179.0 1459.0 1179.0 1459.0 1215.0 1431.0 1215.0 small-vehicle 0
1447.0 1166.0 1483.0 1166.0 1483.0 1213.0 1447.0 1213.0 large-vehicle 0
1527.0 1131.0 1580.0 1131.0 1580.0 1169.0 1527.0 1169.0 large-vehicle 0
66.0 599.0 99.0 599.0 99.0 624.0 66.0 624.0 small-vehicle 1
249.0 668.0 274.0 668.0 274.0 702.0 249.0 702.0 small-vehicle 1
511.0 2339.0 550.0 2339.0 550.0 2391.0 511.0 2391.0 small-vehicle 0
24.0 1502.0 65.0 1502.0 65.0 1531.0 24.0 1531.0 small-vehicle 0
411.0 2308.0 438.0 2308.0 438.0 2344.0 411.0 2344.0 small-vehicle 0
324.0 2342.0 353.0 2342.0 353.0 2381.0 324.0 2381.0 small-vehicle 0
300.0 2348.0 329.0 2348.0 329.0 2386.0 300.0 2386.0 small-vehicle 0
223.0 2309.0 259.0 2309.0 259.0 2342.0 223.0 2342.0 small-vehicle 0
209.0 2278.0 250.0 2278.0 250.0 2318.0 209.0 2318.0 small-vehicle 0
493.0 2196.0 527.0 2196.0 527.0 2240.0 493.0 2240.0 small-vehicle 0
11.0 1825.0 50.0 1825.0 50.0 1853.0 11.0 1853.0 small-vehicle 0
191.0 1370.0 332.0 1370.0 332.0 1455.0 191.0 1455.0 large-vehicle 0
46.0 1559.0 89.0 1559.0 89.0 1585.0 46.0 1585.0 small-vehicle 1
34.0 1529.0 71.0 1529.0 71.0 1556.0 34.0 1556.0 small-vehicle 1
172.0 1253.0 192.0 1253.0 192.0 1286.0 172.0 1286.0 small-vehicle 0
5.0 744.0 44.0 744.0 44.0 766.0 5.0 766.0 small-vehicle 0
204.0 1083.0 231.0 1083.0 231.0 1127.0 204.0 1127.0 small-vehicle 0
190.0 1135.0 218.0 1135.0 218.0 1178.0 190.0 1178.0 small-vehicle 1
221.0 1023.0 246.0 1023.0 246.0 1063.0 221.0 1063.0 small-vehicle 1
30.0 893.0 64.0 893.0 64.0 917.0 30.0 917.0 small-vehicle 1
102.0 844.0 138.0 844.0 138.0 870.0 102.0 870.0 small-vehicle 1
107.0 874.0 151.0 874.0 151.0 901.0 107.0 901.0 small-vehicle 1
1.0 831.0 37.0 831.0 37.0 860.0 1.0 860.0 small-vehicle 0
32.0 910.0 72.0 910.0 72.0 941.0 32.0 941.0 small-vehicle 0
353.0 907.0 373.0 907.0 373.0 944.0 353.0 944.0 small-vehicle 0
261.0 866.0 284.0 866.0 284.0 907.0 261.0 907.0 small-vehicle 0
744.0 218.0 786.0 218.0 786.0 281.0 744.0 281.0 large-vehicle 0
