imagesource:GoogleEarth
gsd:0.102752909804
973.0 88.0 993.0 88.0 993.0 133.0 973.0 133.0 small-vehicle 1
73.0 363.0 177.0 363.0 177.0 393.0 73.0 393.0 large-vehicle 0
757.0 393.0 835.0 393.0 835.0 424.0 757.0 424.0 large-vehicle 0
678.0 397.0 754.0 397.0 754.0 425.0 678.0 425.0 large-vehicle 0
761.0 330.0 851.0 330.0 851.0 359.0 761.0 359.0 large-vehicle 0
647.0 331.0 743.0 331.0 743.0 360.0 647.0 360.0 large-vehicle 0
545.0 331.0 643.0 331.0 643.0 362.0 545.0 362.0 large-vehicle 0
248.0 336.0 349.0 336.0 349.0 367.0 248.0 367.0 large-vehicle 0
175.0 366.0 313.0 366.0 313.0 397.0 175.0 397.0 large-vehicle 0
127.0 482.0 148.0 482.0 148.0 523.0 127.0 523.0 small-vehicle 1
871.0 460.0 901.0 460.0 901.0 528.0 871.0 528.0 large-vehicle 0
124.0 420.0 152.0 420.0 152.0 465.0 124.0 465.0 small-vehicle 0
153.0 429.0 175.0 429.0 175.0 477.0 153.0 477.0 small-vehicle 0
176.0 424.0 198.0 424.0 198.0 470.0 176.0 470.0 small-vehicle 0
210.0 413.0 232.0 413.0 232.0 452.0 210.0 452.0 small-vehicle 0
201.0 393.0 239.0 393.0 239.0 414.0 201.0 414.0 small-vehicle 1
152.0 397.0 196.0 397.0 196.0 418.0 152.0 418.0 small-vehicle 1
106.0 393.0 146.0 393.0 146.0 415.0 106.0 415.0 small-vehicle 1
897.0 450.0 931.0 450.0 931.0 526.0 897.0 526.0 large-vehicle 0
815.0 436.0 841.0 436.0 841.0 510.0 815.0 510.0 large-vehicle 0
881.0 630.0 901.0 630.0 901.0 677.0 881.0 677.0 small-vehicle 0
595.0 460.0 619.0 460.0 619.0 509.0 595.0 509.0 small-vehicle 1
872.0 575.0 921.0 575.0 921.0 617.0 872.0 617.0 small-vehicle 0
900.0 272.0 931.0 272.0 931.0 333.0 900.0 333.0 large-vehicle 0
902.0 156.0 933.0 156.0 933.0 252.0 902.0 252.0 large-vehicle 0
813.0 107.0 851.0 107.0 851.0 127.0 813.0 127.0 small-vehicle 1
312.0 417.0 338.0 417.0 338.0 465.0 312.0 465.0 small-vehicle 1
346.0 420.0 368.0 420.0 368.0 463.0 346.0 463.0 small-vehicle 1
374.0 432.0 392.0 432.0 392.0 474.0 374.0 474.0 small-vehicle 1
564.0 440.0 598.0 440.0 598.0 506.0 564.0 506.0 large-vehicle 0
791.0 439.0 820.0 439.0 820.0 512.0 791.0 512.0 large-vehicle 0
507.0 440.0 536.0 440.0 536.0 510.0 507.0 510.0 large-vehicle 0
531.0 404.0 600.0 404.0 600.0 429.0 531.0 429.0 large-vehicle 0
616.0 446.0 644.0 446.0 644.0 513.0 616.0 513.0 large-vehicle 0
678.0 432.0 707.0 432.0 707.0 500.0 678.0 500.0 large-vehicle 0
707.0 440.0 737.0 440.0 737.0 509.0 707.0 509.0 large-vehicle 0
734.0 435.0 759.0 435.0 759.0 494.0 734.0 494.0 large-vehicle 0
759.0 441.0 790.0 441.0 790.0 510.0 759.0 510.0 large-vehicle 0
44.0 349.0 80.0 349.0 80.0 371.0 44.0 371.0 small-vehicle 0
