imagesource:GoogleEarth
gsd:0.124292662993
311.0 327.0 336.0 327.0 336.0 368.0 311.0 368.0 small-vehicle 1
221.0 657.0 263.0 657.0 263.0 733.0 221.0 733.0 large-vehicle 0
173.0 853.0 201.0 853.0 201.0 893.0 173.0 893.0 small-vehicle 0
70.0 803.0 109.0 803.0 109.0 830.0 70.0 830.0 small-vehicle 0
190.0 662.0 232.0 662.0 232.0 738.0 190.0 738.0 large-vehicle 0
226.0 832.0 262.0 832.0 262.0 881.0 226.0 881.0 large-vehicle 0
89.0 539.0 177.0 539.0 177.0 580.0 89.0 580.0 large-vehicle 0
49.0 603.0 130.0 603.0 130.0 646.0 49.0 646.0 large-vehicle 0
132.0 582.0 214.0 582.0 214.0 624.0 132.0 624.0 large-vehicle 0
103.0 654.0 182.0 654.0 182.0 699.0 103.0 699.0 large-vehicle 0
280.0 636.0 321.0 636.0 321.0 714.0 280.0 714.0 large-vehicle 0
302.0 808.0 335.0 808.0 335.0 851.0 302.0 851.0 small-vehicle 1
249.0 643.0 287.0 643.0 287.0 720.0 249.0 720.0 large-vehicle 0
307.0 631.0 346.0 631.0 346.0 705.0 307.0 705.0 large-vehicle 0
337.0 620.0 377.0 620.0 377.0 698.0 337.0 698.0 large-vehicle 0
361.0 599.0 410.0 599.0 410.0 681.0 361.0 681.0 large-vehicle 0
411.0 553.0 501.0 553.0 501.0 606.0 411.0 606.0 large-vehicle 0
402.0 531.0 493.0 531.0 493.0 576.0 402.0 576.0 large-vehicle 0
404.0 505.0 494.0 505.0 494.0 547.0 404.0 547.0 large-vehicle 0
372.0 486.0 457.0 486.0 457.0 528.0 372.0 528.0 large-vehicle 0
177.0 393.0 209.0 393.0 209.0 431.0 177.0 431.0 small-vehicle 0
155.0 392.0 183.0 392.0 183.0 428.0 155.0 428.0 small-vehicle 0
137.0 398.0 160.0 398.0 160.0 431.0 137.0 431.0 small-vehicle 0
117.0 403.0 144.0 403.0 144.0 441.0 117.0 441.0 small-vehicle 0
12.0 717.0 42.0 717.0 42.0 757.0 12.0 757.0 small-vehicle 1
37.0 711.0 63.0 711.0 63.0 748.0 37.0 748.0 small-vehicle 1
370.0 780.0 407.0 780.0 407.0 823.0 370.0 823.0 small-vehicle 1
282.0 816.0 316.0 816.0 316.0 858.0 282.0 858.0 small-vehicle 1
263.0 826.0 293.0 826.0 293.0 867.0 263.0 867.0 small-vehicle 0
141.0 870.0 173.0 870.0 173.0 915.0 141.0 915.0 small-vehicle 0
125.0 877.0 151.0 877.0 151.0 912.0 125.0 912.0 small-vehicle 0
78.0 823.0 114.0 823.0 114.0 850.0 78.0 850.0 small-vehicle 0
104.0 879.0 134.0 879.0 134.0 917.0 104.0 917.0 small-vehicle 0
82.0 394.0 117.0 394.0 117.0 437.0 82.0 437.0 small-vehicle 0
166.0 353.0 190.0 353.0 190.0 397.0 166.0 397.0 small-vehicle 0
127.0 354.0 151.0 354.0 151.0 393.0 127.0 393.0 small-vehicle 0
107.0 362.0 134.0 362.0 134.0 406.0 107.0 406.0 small-vehicle 0
91.0 364.0 113.0 364.0 113.0 398.0 91.0 398.0 small-vehicle 0
1.0 495.0 42.0 495.0 42.0 520.0 1.0 520.0 small-vehicle 0
117.0 502.0 156.0 502.0 156.0 525.0 117.0 525.0 small-vehicle 0
148.0 356.0 169.0 356.0 169.0 389.0 148.0 389.0 small-vehicle 0
357.0 459.0 444.0 459.0 444.0 503.0 357.0 503.0 large-vehicle 0
