imagesource:GoogleEarth
gsd:0.108914784693
1727.0 1235.0 1751.0 1235.0 1751.0 1281.0 1727.0 1281.0 small-vehicle 1
1079.0 805.0 1247.0 805.0 1247.0 845.0 1079.0 845.0 large-vehicle 0
827.0 670.0 901.0 670.0 901.0 696.0 827.0 696.0 large-vehicle 0
955.0 566.0 1039.0 566.0 1039.0 606.0 955.0 606.0 large-vehicle 0
955.0 598.0 1048.0 598.0 1048.0 638.0 955.0 638.0 large-vehicle 0
957.0 639.0 1052.0 639.0 1052.0 680.0 957.0 680.0 large-vehicle 0
961.0 684.0 1053.0 684.0 1053.0 717.0 961.0 717.0 large-vehicle 0
967.0 735.0 1059.0 735.0 1059.0 762.0 967.0 762.0 large-vehicle 0
981.0 768.0 1046.0 768.0 1046.0 799.0 981.0 799.0 large-vehicle 0
974.0 806.0 1064.0 806.0 1064.0 838.0 974.0 838.0 large-vehicle 0
967.0 841.0 1056.0 841.0 1056.0 875.0 967.0 875.0 large-vehicle 0
956.0 878.0 1015.0 878.0 1015.0 903.0 956.0 903.0 large-vehicle 0
953.0 915.0 1012.0 915.0 1012.0 941.0 953.0 941.0 large-vehicle 0
1112.0 1052.0 1244.0 1052.0 1244.0 1084.0 1112.0 1084.0 large-vehicle 0
1150.0 1109.0 1286.0 1109.0 1286.0 1144.0 1150.0 1144.0 large-vehicle 0
1104.0 944.0 1235.0 944.0 1235.0 987.0 1104.0 987.0 large-vehicle 0
1075.0 768.0 1241.0 768.0 1241.0 812.0 1075.0 812.0 large-vehicle 0
573.0 1552.0 629.0 1552.0 629.0 1590.0 573.0 1590.0 large-vehicle 0
1073.0 733.0 1237.0 733.0 1237.0 773.0 1073.0 773.0 large-vehicle 0
1085.0 692.0 1251.0 692.0 1251.0 735.0 1085.0 735.0 large-vehicle 0
1161.0 420.0 1249.0 420.0 1249.0 458.0 1161.0 458.0 large-vehicle 0
1278.0 405.0 1373.0 405.0 1373.0 444.0 1278.0 444.0 large-vehicle 0
1382.0 381.0 1469.0 381.0 1469.0 421.0 1382.0 421.0 large-vehicle 0
1390.0 402.0 1484.0 402.0 1484.0 448.0 1390.0 448.0 large-vehicle 0
1359.0 824.0 1442.0 824.0 1442.0 864.0 1359.0 864.0 large-vehicle 0
1382.0 958.0 1567.0 958.0 1567.0 1006.0 1382.0 1006.0 large-vehicle 0
1636.0 832.0 1662.0 832.0 1662.0 924.0 1636.0 924.0 large-vehicle 0
1638.0 718.0 1671.0 718.0 1671.0 808.0 1638.0 808.0 large-vehicle 0
1765.0 1415.0 1802.0 1415.0 1802.0 1513.0 1765.0 1513.0 large-vehicle 0
1872.0 1661.0 1899.0 1661.0 1899.0 1741.0 1872.0 1741.0 large-vehicle 0
698.0 1310.0 788.0 1310.0 788.0 1425.0 698.0 1425.0 tennis-court 0
818.0 1259.0 906.0 1259.0 906.0 1374.0 818.0 1374.0 tennis-court 0
879.0 731.0 917.0 731.0 917.0 839.0 879.0 839.0 large-vehicle 0
820.0 728.0 853.0 728.0 853.0 841.0 820.0 841.0 large-vehicle 0
789.0 1081.0 848.0 1081.0 848.0 1106.0 789.0 1106.0 large-vehicle 0
793.0 931.0 824.0 931.0 824.0 1070.0 793.0 1070.0 large-vehicle 0
276.0 632.0 312.0 632.0 312.0 705.0 276.0 705.0 large-vehicle 0
192.0 650.0 232.0 650.0 232.0 764.0 192.0 764.0 large-vehicle 0
221.0 648.0 255.0 648.0 255.0 712.0 221.0 712.0 large-vehicle 0
324.0 683.0 435.0 683.0 435.0 726.0 324.0 726.0 large-vehicle 0
326.0 715.0 398.0 715.0 398.0 753.0 326.0 753.0 large-vehicle 0
535.0 708.0 562.0 708.0 562.0 783.0 535.0 783.0 large-vehicle 0
486.0 588.0 546.0 588.0 546.0 624.0 486.0 624.0 large-vehicle 0
221.0 761.0 298.0 761.0 298.0 798.0 221.0 798.0 large-vehicle 0
310.0 752.0 386.0 752.0 386.0 789.0 310.0 789.0 large-vehicle 0
346.0 779.0 421.0 779.0 421.0 817.0 346.0 817.0 large-vehicle 0
370.0 810.0 440.0 810.0 440.0 846.0 370.0 846.0 large-vehicle 0
278.0 823.0 346.0 823.0 346.0 863.0 278.0 863.0 large-vehicle 0
275.0 852.0 367.0 852.0 367.0 892.0 275.0 892.0 large-vehicle 0
335.0 875.0 444.0 875.0 444.0 917.0 335.0 917.0 large-vehicle 0
359.0 906.0 473.0 906.0 473.0 952.0 359.0 952.0 large-vehicle 0
219.0 799.0 279.0 799.0 279.0 828.0 219.0 828.0 large-vehicle 0
928.0 395.0 1098.0 395.0 1098.0 450.0 928.0 450.0 large-vehicle 0
641.0 501.0 801.0 501.0 801.0 550.0 641.0 550.0 large-vehicle 0
630.0 539.0 790.0 539.0 790.0 582.0 630.0 582.0 large-vehicle 0
632.0 572.0 788.0 572.0 788.0 612.0 632.0 612.0 large-vehicle 0
637.0 606.0 798.0 606.0 798.0 645.0 637.0 645.0 large-vehicle 0
652.0 677.0 752.0 677.0 752.0 718.0 652.0 718.0 large-vehicle 0
637.0 715.0 730.0 715.0 730.0 757.0 637.0 757.0 large-vehicle 0
654.0 866.0 741.0 866.0 741.0 897.0 654.0 897.0 large-vehicle 0
661.0 901.0 784.0 901.0 784.0 933.0 661.0 933.0 large-vehicle 0
668.0 937.0 779.0 937.0 779.0 964.0 668.0 964.0 large-vehicle 0
664.0 965.0 784.0 965.0 784.0 994.0 664.0 994.0 large-vehicle 0
652.0 999.0 763.0 999.0 763.0 1028.0 652.0 1028.0 large-vehicle 0
898.0 868.0 939.0 868.0 939.0 941.0 898.0 941.0 large-vehicle 0
543.0 1493.0 617.0 1493.0 617.0 1541.0 543.0 1541.0 large-vehicle 0
1099.0 858.0 1138.0 858.0 1138.0 874.0 1099.0 874.0 small-vehicle 0
140.0 1392.0 174.0 1392.0 174.0 1415.0 140.0 1415.0 small-vehicle 1
1057.0 535.0 1102.0 535.0 1102.0 557.0 1057.0 557.0 small-vehicle 1
120.0 1491.0 162.0 1491.0 162.0 1514.0 120.0 1514.0 small-vehicle 1
117.0 1538.0 155.0 1538.0 155.0 1559.0 117.0 1559.0 small-vehicle 1
113.0 1563.0 150.0 1563.0 150.0 1583.0 113.0 1583.0 small-vehicle 1
102.0 1590.0 146.0 1590.0 146.0 1614.0 102.0 1614.0 small-vehicle 1
410.0 1647.0 453.0 1647.0 453.0 1670.0 410.0 1670.0 small-vehicle 0
629.0 1492.0 651.0 1492.0 651.0 1530.0 629.0 1530.0 small-vehicle 0
669.0 1555.0 702.0 1555.0 702.0 1598.0 669.0 1598.0 small-vehicle 0
658.0 1672.0 684.0 1672.0 684.0 1718.0 658.0 1718.0 small-vehicle 0
613.0 1718.0 657.0 1718.0 657.0 1737.0 613.0 1737.0 small-vehicle 0
570.0 1697.0 605.0 1697.0 605.0 1741.0 570.0 1741.0 small-vehicle 0
714.0 1645.0 748.0 1645.0 748.0 1690.0 714.0 1690.0 small-vehicle 0
749.0 1690.0 792.0 1690.0 792.0 1741.0 749.0 1741.0 small-vehicle 0
1441.0 705.0 1498.0 705.0 1498.0 733.0 1441.0 733.0 small-vehicle 1
1440.0 737.0 1498.0 737.0 1498.0 759.0 1440.0 759.0 small-vehicle 1
985.0 541.0 1026.0 541.0 1026.0 561.0 985.0 561.0 small-vehicle 1
1108.0 896.0 1152.0 896.0 1152.0 916.0 1108.0 916.0 small-vehicle 0
1065.0 433.0 1105.0 433.0 1105.0 456.0 1065.0 456.0 small-vehicle 1
1018.0 433.0 1065.0 433.0 1065.0 457.0 1018.0 457.0 small-vehicle 1
970.0 439.0 1014.0 439.0 1014.0 465.0 970.0 465.0 small-vehicle 1
926.0 447.0 968.0 447.0 968.0 473.0 926.0 473.0 small-vehicle 1
1822.0 965.0 1893.0 965.0 1893.0 1025.0 1822.0 1025.0 storage-tank 0
1822.0 1063.0 1900.0 1063.0 1900.0 1124.0 1822.0 1124.0 storage-tank 0
685.0 645.0 732.0 645.0 732.0 676.0 685.0 676.0 small-vehicle 1
679.0 833.0 724.0 833.0 724.0 854.0 679.0 854.0 small-vehicle 1
1370.0 882.0 1410.0 882.0 1410.0 912.0 1370.0 912.0 small-vehicle 1
1505.0 933.0 1551.0 933.0 1551.0 957.0 1505.0 957.0 small-vehicle 1
1421.0 598.0 1468.0 598.0 1468.0 630.0 1421.0 630.0 small-vehicle 1
698.0 1554.0 742.0 1554.0 742.0 1586.0 698.0 1586.0 small-vehicle 1
286.0 1412.0 324.0 1412.0 324.0 1434.0 286.0 1434.0 small-vehicle 1
239.0 1408.0 281.0 1408.0 281.0 1424.0 239.0 1424.0 small-vehicle 1
93.0 1434.0 118.0 1434.0 118.0 1477.0 93.0 1477.0 small-vehicle 1
609.0 1631.0 651.0 1631.0 651.0 1661.0 609.0 1661.0 small-vehicle 1
419.0 1619.0 461.0 1619.0 461.0 1642.0 419.0 1642.0 small-vehicle 1
334.0 1417.0 376.0 1417.0 376.0 1441.0 334.0 1441.0 small-vehicle 1
927.0 967.0 954.0 967.0 954.0 1019.0 927.0 1019.0 large-vehicle 0
1160.0 1165.0 1191.0 1165.0 1191.0 1222.0 1160.0 1222.0 large-vehicle 0
948.0 812.0 968.0 812.0 968.0 847.0 948.0 847.0 small-vehicle 0
1079.0 671.0 1116.0 671.0 1116.0 692.0 1079.0 692.0 small-vehicle 0
1104.0 568.0 1142.0 568.0 1142.0 588.0 1104.0 588.0 small-vehicle 0
808.0 528.0 848.0 528.0 848.0 563.0 808.0 563.0 small-vehicle 0
593.0 1580.0 634.0 1580.0 634.0 1610.0 593.0 1610.0 small-vehicle 0
620.0 1649.0 662.0 1649.0 662.0 1679.0 620.0 1679.0 small-vehicle 0
602.0 1609.0 642.0 1609.0 642.0 1638.0 602.0 1638.0 small-vehicle 0
500.0 1567.0 531.0 1567.0 531.0 1611.0 500.0 1611.0 small-vehicle 0
552.0 1652.0 583.0 1652.0 583.0 1698.0 552.0 1698.0 small-vehicle 0
694.0 1607.0 730.0 1607.0 730.0 1649.0 694.0 1649.0 small-vehicle 0
366.0 1641.0 407.0 1641.0 407.0 1666.0 366.0 1666.0 small-vehicle 0
403.0 1575.0 442.0 1575.0 442.0 1595.0 403.0 1595.0 small-vehicle 0
1680.0 1392.0 1698.0 1392.0 1698.0 1434.0 1680.0 1434.0 small-vehicle 0
1673.0 1102.0 1694.0 1102.0 1694.0 1140.0 1673.0 1140.0 small-vehicle 0
1827.0 379.0 1859.0 379.0 1859.0 424.0 1827.0 424.0 small-vehicle 0
1726.0 1427.0 1752.0 1427.0 1752.0 1475.0 1726.0 1475.0 small-vehicle 0
1677.0 1530.0 1699.0 1530.0 1699.0 1571.0 1677.0 1571.0 small-vehicle 1
120.0 1514.0 157.0 1514.0 157.0 1533.0 120.0 1533.0 small-vehicle 0
431.0 1409.0 471.0 1409.0 471.0 1454.0 431.0 1454.0 small-vehicle 0
885.0 995.0 907.0 995.0 907.0 1036.0 885.0 1036.0 small-vehicle 0
1460.0 939.0 1499.0 939.0 1499.0 956.0 1460.0 956.0 small-vehicle 0
825.0 430.0 873.0 430.0 873.0 455.0 825.0 455.0 small-vehicle 1
663.0 766.0 699.0 766.0 699.0 783.0 663.0 783.0 small-vehicle 1
833.0 1035.0 856.0 1035.0 856.0 1080.0 833.0 1080.0 small-vehicle 1
229.0 844.0 267.0 844.0 267.0 865.0 229.0 865.0 small-vehicle 1
422.0 1457.0 454.0 1457.0 454.0 1497.0 422.0 1497.0 small-vehicle 1
476.0 1513.0 514.0 1513.0 514.0 1559.0 476.0 1559.0 small-vehicle 1
346.0 649.0 419.0 649.0 419.0 686.0 346.0 686.0 large-vehicle 0
