imagesource:GoogleEarth
gsd:0.124333681605
458.0 1243.0 492.0 1243.0 492.0 1279.0 458.0 1279.0 small-vehicle 0
460.0 1609.0 504.0 1609.0 504.0 1678.0 460.0 1678.0 large-vehicle 0
520.0 535.0 588.0 535.0 588.0 607.0 520.0 607.0 large-vehicle 0
622.0 555.0 647.0 555.0 647.0 607.0 622.0 607.0 large-vehicle 0
333.0 807.0 376.0 807.0 376.0 884.0 333.0 884.0 large-vehicle 0
458.0 1200.0 518.0 1200.0 518.0 1250.0 458.0 1250.0 large-vehicle 0
483.0 1294.0 544.0 1294.0 544.0 1365.0 483.0 1365.0 large-vehicle 0
492.0 1334.0 544.0 1334.0 544.0 1393.0 492.0 1393.0 large-vehicle 0
493.0 1342.0 571.0 1342.0 571.0 1439.0 493.0 1439.0 large-vehicle 0
537.0 1338.0 604.0 1338.0 604.0 1427.0 537.0 1427.0 large-vehicle 0
446.0 1530.0 498.0 1530.0 498.0 1595.0 446.0 1595.0 large-vehicle 0
393.0 1637.0 455.0 1637.0 455.0 1714.0 393.0 1714.0 large-vehicle 0
939.0 780.0 975.0 780.0 975.0 825.0 939.0 825.0 small-vehicle 1
364.0 1631.0 428.0 1631.0 428.0 1709.0 364.0 1709.0 large-vehicle 0
511.0 667.0 559.0 667.0 559.0 725.0 511.0 725.0 large-vehicle 0
997.0 195.0 1042.0 195.0 1042.0 223.0 997.0 223.0 large-vehicle 0
962.0 136.0 996.0 136.0 996.0 157.0 962.0 157.0 small-vehicle 0
597.0 361.0 634.0 361.0 634.0 401.0 597.0 401.0 small-vehicle 0
935.0 89.0 970.0 89.0 970.0 109.0 935.0 109.0 small-vehicle 1
919.0 65.0 955.0 65.0 955.0 84.0 919.0 84.0 small-vehicle 1
1055.0 527.0 1098.0 527.0 1098.0 577.0 1055.0 577.0 small-vehicle 1
1032.0 365.0 1066.0 365.0 1066.0 402.0 1032.0 402.0 small-vehicle 1
572.0 296.0 626.0 296.0 626.0 347.0 572.0 347.0 large-vehicle 0
