imagesource:GoogleEarth
gsd:0.12670049388
1527.0 3441.0 1563.0 3441.0 1563.0 3471.0 1527.0 3471.0 small-vehicle 1
1635.0 2662.0 1656.0 2662.0 1656.0 2694.0 1635.0 2694.0 small-vehicle 0
603.0 3461.0 632.0 3461.0 632.0 3474.0 603.0 3474.0 small-vehicle 0
1718.0 3422.0 1735.0 3422.0 1735.0 3457.0 1718.0 3457.0 small-vehicle 0
1797.0 3377.0 1827.0 3377.0 1827.0 3404.0 1797.0 3404.0 small-vehicle 0
1625.0 3421.0 1661.0 3421.0 1661.0 3450.0 1625.0 3450.0 small-vehicle 0
1637.0 2476.0 1662.0 2476.0 1662.0 2517.0 1637.0 2517.0 small-vehicle 0
1598.0 2575.0 1623.0 2575.0 1623.0 2611.0 1598.0 2611.0 small-vehicle 0
1623.0 2568.0 1651.0 2568.0 1651.0 2604.0 1623.0 2604.0 small-vehicle 1
784.0 3558.0 806.0 3558.0 806.0 3595.0 784.0 3595.0 small-vehicle 0
1598.0 2490.0 1626.0 2490.0 1626.0 2531.0 1598.0 2531.0 small-vehicle 1
1544.0 2509.0 1571.0 2509.0 1571.0 2550.0 1544.0 2550.0 small-vehicle 1
1960.0 3140.0 1993.0 3140.0 1993.0 3160.0 1960.0 3160.0 small-vehicle 0
1817.0 3341.0 1850.0 3341.0 1850.0 3372.0 1817.0 3372.0 small-vehicle 0
240.0 1045.0 260.0 1045.0 260.0 1081.0 240.0 1081.0 small-vehicle 0
275.0 1243.0 290.0 1243.0 290.0 1277.0 275.0 1277.0 small-vehicle 0
293.0 3437.0 325.0 3437.0 325.0 3486.0 293.0 3486.0 large-vehicle 0
949.0 3255.0 987.0 3255.0 987.0 3282.0 949.0 3282.0 small-vehicle 0
1739.0 3446.0 1763.0 3446.0 1763.0 3479.0 1739.0 3479.0 small-vehicle 1
1234.0 2880.0 1378.0 2880.0 1378.0 3091.0 1234.0 3091.0 tennis-court 0
623.0 549.0 1187.0 549.0 1187.0 1366.0 623.0 1366.0 soccer-ball-field 0
1027.0 1581.0 1760.0 1581.0 1760.0 2510.0 1027.0 2510.0 soccer-ball-field 0
540.0 1809.0 1015.0 1809.0 1015.0 2124.0 540.0 2124.0 soccer-ball-field 0
712.0 2325.0 1184.0 2325.0 1184.0 2639.0 712.0 2639.0 soccer-ball-field 0
1007.0 2954.0 1153.0 2954.0 1153.0 3164.0 1007.0 3164.0 tennis-court 0
1120.0 2919.0 1264.0 2919.0 1264.0 3128.0 1120.0 3128.0 tennis-court 0
923.0 2693.0 1067.0 2693.0 1067.0 2904.0 923.0 2904.0 tennis-court 0
786.0 2887.0 820.0 2887.0 820.0 2912.0 786.0 2912.0 small-vehicle 0
1033.0 2657.0 1179.0 2657.0 1179.0 2867.0 1033.0 2867.0 tennis-court 0
1148.0 2623.0 1292.0 2623.0 1292.0 2830.0 1148.0 2830.0 tennis-court 0
1538.0 784.0 1644.0 784.0 1644.0 983.0 1538.0 983.0 tennis-court 0
793.0 2732.0 816.0 2732.0 816.0 2772.0 793.0 2772.0 small-vehicle 0
815.0 2854.0 853.0 2854.0 853.0 2881.0 815.0 2881.0 small-vehicle 0
832.0 2897.0 865.0 2897.0 865.0 2918.0 832.0 2918.0 small-vehicle 0
278.0 3260.0 309.0 3260.0 309.0 3290.0 278.0 3290.0 small-vehicle 0
304.0 3292.0 330.0 3292.0 330.0 3318.0 304.0 3318.0 small-vehicle 1
122.0 620.0 152.0 620.0 152.0 668.0 122.0 668.0 small-vehicle 1
1989.0 2970.0 2024.0 2970.0 2024.0 3008.0 1989.0 3008.0 small-vehicle 0
1370.0 3170.0 1399.0 3170.0 1399.0 3214.0 1370.0 3214.0 small-vehicle 1
913.0 3153.0 951.0 3153.0 951.0 3180.0 913.0 3180.0 small-vehicle 1
1985.0 1165.0 2030.0 1165.0 2030.0 1202.0 1985.0 1202.0 small-vehicle 1
1960.0 1327.0 1999.0 1327.0 1999.0 1348.0 1960.0 1348.0 small-vehicle 0
1664.0 2559.0 1688.0 2559.0 1688.0 2594.0 1664.0 2594.0 small-vehicle 0
1646.0 2566.0 1668.0 2566.0 1668.0 2602.0 1646.0 2602.0 small-vehicle 0
1991.0 3093.0 2026.0 3093.0 2026.0 3122.0 1991.0 3122.0 small-vehicle 1
312.0 1346.0 332.0 1346.0 332.0 1393.0 312.0 1393.0 small-vehicle 1
2012.0 3037.0 2043.0 3037.0 2043.0 3064.0 2012.0 3064.0 small-vehicle 1
1932.0 3151.0 1968.0 3151.0 1968.0 3183.0 1932.0 3183.0 small-vehicle 1
1897.0 3245.0 1929.0 3245.0 1929.0 3266.0 1897.0 3266.0 small-vehicle 1
1872.0 3227.0 1911.0 3227.0 1911.0 3252.0 1872.0 3252.0 small-vehicle 1
1768.0 3204.0 1810.0 3204.0 1810.0 3238.0 1768.0 3238.0 small-vehicle 1
1735.0 3284.0 1768.0 3284.0 1768.0 3303.0 1735.0 3303.0 small-vehicle 1
999.0 3261.0 1039.0 3261.0 1039.0 3291.0 999.0 3291.0 small-vehicle 1
1001.0 3321.0 1037.0 3321.0 1037.0 3359.0 1001.0 3359.0 small-vehicle 1
943.0 3230.0 975.0 3230.0 975.0 3254.0 943.0 3254.0 small-vehicle 1
925.0 3526.0 968.0 3526.0 968.0 3554.0 925.0 3554.0 small-vehicle 1
312.0 3498.0 336.0 3498.0 336.0 3533.0 312.0 3533.0 small-vehicle 1
573.0 3486.0 612.0 3486.0 612.0 3513.0 573.0 3513.0 small-vehicle 1
832.0 3311.0 870.0 3311.0 870.0 3339.0 832.0 3339.0 small-vehicle 1
777.0 3158.0 824.0 3158.0 824.0 3190.0 777.0 3190.0 small-vehicle 1
770.0 3142.0 812.0 3142.0 812.0 3167.0 770.0 3167.0 small-vehicle 1
883.0 3061.0 922.0 3061.0 922.0 3089.0 883.0 3089.0 small-vehicle 1
841.0 3052.0 878.0 3052.0 878.0 3078.0 841.0 3078.0 small-vehicle 1
865.0 2986.0 898.0 2986.0 898.0 3012.0 865.0 3012.0 small-vehicle 1
822.0 2875.0 861.0 2875.0 861.0 2902.0 822.0 2902.0 small-vehicle 1
818.0 2836.0 849.0 2836.0 849.0 2861.0 818.0 2861.0 small-vehicle 1
773.0 2848.0 810.0 2848.0 810.0 2877.0 773.0 2877.0 small-vehicle 1
172.0 1572.0 203.0 1572.0 203.0 1594.0 172.0 1594.0 small-vehicle 1
159.0 1537.0 191.0 1537.0 191.0 1559.0 159.0 1559.0 small-vehicle 1
535.0 283.0 1273.0 283.0 1273.0 1648.0 535.0 1648.0 ground-track-field 0
