imagesource:GoogleEarth
gsd:0.511295224814
3412.0 2879.0 3420.0 2879.0 3420.0 2905.0 3412.0 2905.0 large-vehicle 0
1879.0 2900.0 1993.0 2900.0 1993.0 3016.0 1879.0 3016.0 plane 0
2204.0 1900.0 2282.0 1900.0 2282.0 1997.0 2204.0 1997.0 plane 0
2094.0 2040.0 2177.0 2040.0 2177.0 2144.0 2094.0 2144.0 plane 0
2276.0 2202.0 2355.0 2202.0 2355.0 2274.0 2276.0 2274.0 plane 0
2074.0 2206.0 2142.0 2206.0 2142.0 2261.0 2074.0 2261.0 plane 0
1940.0 2368.0 1975.0 2368.0 1975.0 2408.0 1940.0 2408.0 plane 0
1640.0 1840.0 1776.0 1840.0 1776.0 1987.0 1640.0 1987.0 plane 0
1399.0 1866.0 1480.0 1866.0 1480.0 1966.0 1399.0 1966.0 plane 0
1313.0 1866.0 1385.0 1866.0 1385.0 1952.0 1313.0 1952.0 plane 0
1216.0 1865.0 1295.0 1865.0 1295.0 1947.0 1216.0 1947.0 plane 0
1106.0 1852.0 1181.0 1852.0 1181.0 1945.0 1106.0 1945.0 plane 0
1014.0 1845.0 1090.0 1845.0 1090.0 1944.0 1014.0 1944.0 plane 0
828.0 1825.0 926.0 1825.0 926.0 1947.0 828.0 1947.0 plane 0
1061.0 2856.0 1169.0 2856.0 1169.0 2955.0 1061.0 2955.0 plane 0
1217.0 2888.0 1319.0 2888.0 1319.0 2986.0 1217.0 2986.0 plane 0
1465.0 2885.0 1575.0 2885.0 1575.0 2993.0 1465.0 2993.0 plane 0
2311.0 1901.0 2387.0 1901.0 2387.0 2001.0 2311.0 2001.0 plane 0
2403.0 1910.0 2455.0 1910.0 2455.0 1979.0 2403.0 1979.0 plane 0
2468.0 1910.0 2521.0 1910.0 2521.0 1982.0 2468.0 1982.0 plane 0
3089.0 2026.0 3136.0 2026.0 3136.0 2103.0 3089.0 2103.0 plane 0
3170.0 1897.0 3242.0 1897.0 3242.0 1986.0 3170.0 1986.0 plane 0
3221.0 1908.0 3295.0 1908.0 3295.0 1983.0 3221.0 1983.0 plane 0
3224.0 1971.0 3289.0 1971.0 3289.0 2020.0 3224.0 2020.0 plane 0
3224.0 2005.0 3300.0 2005.0 3300.0 2080.0 3224.0 2080.0 plane 0
3192.0 2031.0 3251.0 2031.0 3251.0 2099.0 3192.0 2099.0 plane 0
3147.0 2032.0 3195.0 2032.0 3195.0 2106.0 3147.0 2106.0 plane 0
2977.0 2028.0 3025.0 2028.0 3025.0 2097.0 2977.0 2097.0 plane 0
2519.0 2177.0 2605.0 2177.0 2605.0 2268.0 2519.0 2268.0 plane 0
2922.0 2023.0 2965.0 2023.0 2965.0 2083.0 2922.0 2083.0 plane 0
2823.0 2107.0 2895.0 2107.0 2895.0 2194.0 2823.0 2194.0 plane 0
2806.0 1927.0 2854.0 1927.0 2854.0 2004.0 2806.0 2004.0 plane 0
2736.0 1932.0 2795.0 1932.0 2795.0 2005.0 2736.0 2005.0 plane 0
2673.0 1920.0 2727.0 1920.0 2727.0 1996.0 2673.0 1996.0 plane 0
2604.0 1921.0 2660.0 1921.0 2660.0 1993.0 2604.0 1993.0 plane 0
1558.0 2900.0 1634.0 2900.0 1634.0 2983.0 1558.0 2983.0 plane 0
1993.0 2916.0 2066.0 2916.0 2066.0 2997.0 1993.0 2997.0 plane 0
3415.0 2847.0 3423.0 2847.0 3423.0 2867.0 3415.0 2867.0 large-vehicle 0
2074.0 2915.0 2147.0 2915.0 2147.0 3000.0 2074.0 3000.0 plane 0
2684.0 2725.0 2743.0 2725.0 2743.0 2783.0 2684.0 2783.0 plane 0
2634.0 2727.0 2687.0 2727.0 2687.0 2776.0 2634.0 2776.0 plane 0
2685.0 2777.0 2740.0 2777.0 2740.0 2832.0 2685.0 2832.0 plane 0
2402.0 1202.0 2476.0 1202.0 2476.0 1260.0 2402.0 1260.0 plane 0
2760.0 1400.0 2834.0 1400.0 2834.0 1478.0 2760.0 1478.0 plane 0
602.0 1440.0 609.0 1440.0 609.0 1451.0 602.0 1451.0 small-vehicle 1
593.0 2443.0 608.0 2443.0 608.0 2452.0 593.0 2452.0 small-vehicle 1
581.0 2614.0 588.0 2614.0 588.0 2626.0 581.0 2626.0 small-vehicle 1
615.0 2654.0 626.0 2654.0 626.0 2659.0 615.0 2659.0 small-vehicle 1
587.0 3257.0 597.0 3257.0 597.0 3269.0 587.0 3269.0 small-vehicle 1
563.0 3269.0 574.0 3269.0 574.0 3281.0 563.0 3281.0 small-vehicle 1
603.0 3253.0 621.0 3253.0 621.0 3278.0 603.0 3278.0 large-vehicle 0
972.0 3302.0 986.0 3302.0 986.0 3308.0 972.0 3308.0 small-vehicle 1
1016.0 3251.0 1027.0 3251.0 1027.0 3257.0 1016.0 3257.0 small-vehicle 1
837.0 3299.0 848.0 3299.0 848.0 3305.0 837.0 3305.0 small-vehicle 1
2634.0 2673.0 2687.0 2673.0 2687.0 2726.0 2634.0 2726.0 plane 0
2635.0 2622.0 2693.0 2622.0 2693.0 2678.0 2635.0 2678.0 plane 0
2638.0 2573.0 2697.0 2573.0 2697.0 2628.0 2638.0 2628.0 plane 0
2781.0 2985.0 2822.0 2985.0 2822.0 3029.0 2781.0 3029.0 plane 0
2232.0 2905.0 2338.0 2905.0 2338.0 3033.0 2232.0 3033.0 plane 0
2416.0 2919.0 2484.0 2919.0 2484.0 2993.0 2416.0 2993.0 plane 0
2330.0 2916.0 2402.0 2916.0 2402.0 3020.0 2330.0 3020.0 plane 0
2379.0 2637.0 2487.0 2637.0 2487.0 2762.0 2379.0 2762.0 plane 0
3248.0 2732.0 3352.0 2732.0 3352.0 2831.0 3248.0 2831.0 plane 0
3271.0 2833.0 3349.0 2833.0 3349.0 2909.0 3271.0 2909.0 plane 0
2782.0 2938.0 2825.0 2938.0 2825.0 2980.0 2782.0 2980.0 plane 0
2794.0 2641.0 2840.0 2641.0 2840.0 2682.0 2794.0 2682.0 plane 0
2960.0 2695.0 3032.0 2695.0 3032.0 2754.0 2960.0 2754.0 plane 0
2784.0 2883.0 2826.0 2883.0 2826.0 2928.0 2784.0 2928.0 plane 0
2786.0 2838.0 2827.0 2838.0 2827.0 2880.0 2786.0 2880.0 plane 0
2789.0 2792.0 2831.0 2792.0 2831.0 2827.0 2789.0 2827.0 plane 0
2790.0 2740.0 2834.0 2740.0 2834.0 2777.0 2790.0 2777.0 plane 0
2792.0 2692.0 2838.0 2692.0 2838.0 2728.0 2792.0 2728.0 plane 0
3127.0 1899.0 3183.0 1899.0 3183.0 1974.0 3127.0 1974.0 plane 0
2955.0 1834.0 3015.0 1834.0 3015.0 1906.0 2955.0 1906.0 plane 0
3191.0 1842.0 3251.0 1842.0 3251.0 1893.0 3191.0 1893.0 plane 0
3265.0 1772.0 3343.0 1772.0 3343.0 1840.0 3265.0 1840.0 plane 0
3338.0 889.0 3413.0 889.0 3413.0 961.0 3338.0 961.0 plane 0
134.0 1142.0 212.0 1142.0 212.0 1223.0 134.0 1223.0 plane 0
1083.0 651.0 1162.0 651.0 1162.0 733.0 1083.0 733.0 plane 0
1166.0 657.0 1243.0 657.0 1243.0 730.0 1166.0 730.0 plane 0
1249.0 661.0 1326.0 661.0 1326.0 736.0 1249.0 736.0 plane 0
1337.0 667.0 1409.0 667.0 1409.0 733.0 1337.0 733.0 plane 0
1524.0 674.0 1600.0 674.0 1600.0 747.0 1524.0 747.0 plane 0
1613.0 665.0 1683.0 665.0 1683.0 742.0 1613.0 742.0 plane 0
1743.0 644.0 1873.0 644.0 1873.0 775.0 1743.0 775.0 plane 0
1960.0 683.0 2047.0 683.0 2047.0 765.0 1960.0 765.0 plane 0
2048.0 683.0 2125.0 683.0 2125.0 765.0 2048.0 765.0 plane 0
2114.0 673.0 2214.0 673.0 2214.0 777.0 2114.0 777.0 plane 0
2185.0 674.0 2303.0 674.0 2303.0 792.0 2185.0 792.0 plane 0
1159.0 877.0 1233.0 877.0 1233.0 966.0 1159.0 966.0 plane 0
1251.0 885.0 1316.0 885.0 1316.0 962.0 1251.0 962.0 plane 0
3341.0 807.0 3410.0 807.0 3410.0 855.0 3341.0 855.0 plane 0
3347.0 708.0 3420.0 708.0 3420.0 770.0 3347.0 770.0 plane 0
3364.0 607.0 3427.0 607.0 3427.0 657.0 3364.0 657.0 plane 0
1718.0 530.0 1794.0 530.0 1794.0 607.0 1718.0 607.0 plane 0
1144.0 220.0 1205.0 220.0 1205.0 293.0 1144.0 293.0 plane 0
1223.0 220.0 1288.0 220.0 1288.0 298.0 1223.0 298.0 plane 0
1618.0 333.0 1702.0 333.0 1702.0 420.0 1618.0 420.0 plane 0
1541.0 231.0 1609.0 231.0 1609.0 310.0 1541.0 310.0 plane 0
1398.0 415.0 1479.0 415.0 1479.0 483.0 1398.0 483.0 plane 0
1422.0 518.0 1537.0 518.0 1537.0 617.0 1422.0 617.0 plane 0
2206.0 255.0 2273.0 255.0 2273.0 337.0 2206.0 337.0 plane 0
2712.0 288.0 2788.0 288.0 2788.0 381.0 2712.0 381.0 plane 0
2299.0 265.0 2349.0 265.0 2349.0 342.0 2299.0 342.0 plane 0
2405.0 267.0 2456.0 267.0 2456.0 338.0 2405.0 338.0 plane 0
2489.0 274.0 2535.0 274.0 2535.0 346.0 2489.0 346.0 plane 0
2562.0 276.0 2627.0 276.0 2627.0 352.0 2562.0 352.0 plane 0
2637.0 240.0 2710.0 240.0 2710.0 338.0 2637.0 338.0 plane 0
2348.0 559.0 2445.0 559.0 2445.0 656.0 2348.0 656.0 plane 0
1329.0 892.0 1400.0 892.0 1400.0 967.0 1329.0 967.0 plane 0
1415.0 884.0 1498.0 884.0 1498.0 980.0 1415.0 980.0 plane 0
1499.0 879.0 1606.0 879.0 1606.0 994.0 1499.0 994.0 plane 0
2862.0 1517.0 2914.0 1517.0 2914.0 1585.0 2862.0 1585.0 plane 0
2317.0 1592.0 2398.0 1592.0 2398.0 1695.0 2317.0 1695.0 plane 0
2404.0 1606.0 2479.0 1606.0 2479.0 1693.0 2404.0 1693.0 plane 0
2535.0 1618.0 2595.0 1618.0 2595.0 1697.0 2535.0 1697.0 plane 0
2605.0 1620.0 2682.0 1620.0 2682.0 1699.0 2605.0 1699.0 plane 0
2687.0 1621.0 2737.0 1621.0 2737.0 1682.0 2687.0 1682.0 plane 0
2748.0 1628.0 2794.0 1628.0 2794.0 1686.0 2748.0 1686.0 plane 0
2920.0 1520.0 2969.0 1520.0 2969.0 1580.0 2920.0 1580.0 plane 0
2121.0 1584.0 2203.0 1584.0 2203.0 1691.0 2121.0 1691.0 plane 0
2987.0 1526.0 3032.0 1526.0 3032.0 1584.0 2987.0 1584.0 plane 0
3042.0 1621.0 3107.0 1621.0 3107.0 1699.0 3042.0 1699.0 plane 0
3110.0 1626.0 3174.0 1626.0 3174.0 1702.0 3110.0 1702.0 plane 0
3175.0 1625.0 3239.0 1625.0 3239.0 1705.0 3175.0 1705.0 plane 0
3215.0 1718.0 3276.0 1718.0 3276.0 1772.0 3215.0 1772.0 plane 0
3177.0 1782.0 3233.0 1782.0 3233.0 1835.0 3177.0 1835.0 plane 0
2229.0 1595.0 2308.0 1595.0 2308.0 1690.0 2229.0 1690.0 plane 0
2038.0 1591.0 2116.0 1591.0 2116.0 1678.0 2038.0 1678.0 plane 0
1594.0 892.0 1665.0 892.0 1665.0 981.0 1594.0 981.0 plane 0
866.0 1547.0 947.0 1547.0 947.0 1624.0 866.0 1624.0 plane 0
1673.0 895.0 1754.0 895.0 1754.0 993.0 1673.0 993.0 plane 0
1756.0 944.0 1833.0 944.0 1833.0 1036.0 1756.0 1036.0 plane 0
1942.0 923.0 2050.0 923.0 2050.0 1046.0 1942.0 1046.0 plane 0
2141.0 919.0 2193.0 919.0 2193.0 996.0 2141.0 996.0 plane 0
2216.0 923.0 2293.0 923.0 2293.0 1006.0 2216.0 1006.0 plane 0
2335.0 919.0 2406.0 919.0 2406.0 1004.0 2335.0 1004.0 plane 0
944.0 1559.0 1021.0 1559.0 1021.0 1631.0 944.0 1631.0 plane 0
1577.0 1562.0 1657.0 1562.0 1657.0 1662.0 1577.0 1662.0 plane 0
1052.0 1554.0 1128.0 1554.0 1128.0 1646.0 1052.0 1646.0 plane 0
1141.0 1550.0 1215.0 1550.0 1215.0 1637.0 1141.0 1637.0 plane 0
1221.0 1558.0 1300.0 1558.0 1300.0 1649.0 1221.0 1649.0 plane 0
1306.0 1563.0 1384.0 1563.0 1384.0 1657.0 1306.0 1657.0 plane 0
1391.0 1558.0 1470.0 1558.0 1470.0 1657.0 1391.0 1657.0 plane 0
1495.0 1566.0 1573.0 1566.0 1573.0 1656.0 1495.0 1656.0 plane 0
940.0 3177.0 953.0 3177.0 953.0 3183.0 940.0 3183.0 small-vehicle 1
1107.0 3291.0 1119.0 3291.0 1119.0 3298.0 1107.0 3298.0 small-vehicle 1
1139.0 3305.0 1152.0 3305.0 1152.0 3311.0 1139.0 3311.0 small-vehicle 1
1960.0 1664.0 1969.0 1664.0 1969.0 1677.0 1960.0 1677.0 small-vehicle 1
1927.0 669.0 1937.0 669.0 1937.0 673.0 1927.0 673.0 small-vehicle 1
2173.0 795.0 2180.0 795.0 2180.0 806.0 2173.0 806.0 small-vehicle 1
2099.0 888.0 2107.0 888.0 2107.0 905.0 2099.0 905.0 small-vehicle 1
2462.0 989.0 2474.0 989.0 2474.0 994.0 2462.0 994.0 small-vehicle 1
2459.0 995.0 2480.0 995.0 2480.0 1006.0 2459.0 1006.0 large-vehicle 0
2455.0 1000.0 2474.0 1000.0 2474.0 1023.0 2455.0 1023.0 large-vehicle 0
2310.0 1588.0 2317.0 1588.0 2317.0 1600.0 2310.0 1600.0 large-vehicle 1
2362.0 2006.0 2375.0 2006.0 2375.0 2012.0 2362.0 2012.0 large-vehicle 1
2458.0 1993.0 2471.0 1993.0 2471.0 2000.0 2458.0 2000.0 large-vehicle 1
2507.0 1976.0 2520.0 1976.0 2520.0 1985.0 2507.0 1985.0 large-vehicle 1
2622.0 2036.0 2636.0 2036.0 2636.0 2041.0 2622.0 2041.0 large-vehicle 1
2593.0 1871.0 2600.0 1871.0 2600.0 1882.0 2593.0 1882.0 large-vehicle 1
2497.0 2726.0 2512.0 2726.0 2512.0 2742.0 2497.0 2742.0 large-vehicle 0
2492.0 2743.0 2510.0 2743.0 2510.0 2760.0 2492.0 2760.0 large-vehicle 0
2484.0 2752.0 2502.0 2752.0 2502.0 2770.0 2484.0 2770.0 large-vehicle 0
1924.0 674.0 1938.0 674.0 1938.0 680.0 1924.0 680.0 small-vehicle 1
1926.0 680.0 1937.0 680.0 1937.0 685.0 1926.0 685.0 small-vehicle 1
1926.0 686.0 1938.0 686.0 1938.0 691.0 1926.0 691.0 small-vehicle 1
1798.0 910.0 1804.0 910.0 1804.0 922.0 1798.0 922.0 small-vehicle 1
1928.0 1619.0 1935.0 1619.0 1935.0 1633.0 1928.0 1633.0 small-vehicle 1
1950.0 1596.0 1956.0 1596.0 1956.0 1604.0 1950.0 1604.0 small-vehicle 1
1883.0 1570.0 1900.0 1570.0 1900.0 1575.0 1883.0 1575.0 small-vehicle 1
2108.0 1670.0 2115.0 1670.0 2115.0 1682.0 2108.0 1682.0 small-vehicle 1
1809.0 901.0 1815.0 901.0 1815.0 912.0 1809.0 912.0 small-vehicle 1
1797.0 901.0 1803.0 901.0 1803.0 911.0 1797.0 911.0 small-vehicle 1
1924.0 932.0 1930.0 932.0 1930.0 946.0 1924.0 946.0 small-vehicle 1
1913.0 685.0 1924.0 685.0 1924.0 690.0 1913.0 690.0 small-vehicle 1
1913.0 969.0 1926.0 969.0 1926.0 973.0 1913.0 973.0 small-vehicle 1
1946.0 921.0 1957.0 921.0 1957.0 933.0 1946.0 933.0 small-vehicle 1
1946.0 914.0 1956.0 914.0 1956.0 924.0 1946.0 924.0 small-vehicle 1
1950.0 908.0 1962.0 908.0 1962.0 921.0 1950.0 921.0 small-vehicle 1
1890.0 711.0 1894.0 711.0 1894.0 720.0 1890.0 720.0 small-vehicle 1
1911.0 692.0 1924.0 692.0 1924.0 698.0 1911.0 698.0 small-vehicle 1
2464.0 2771.0 2482.0 2771.0 2482.0 2788.0 2464.0 2788.0 large-vehicle 0
2615.0 2834.0 2635.0 2834.0 2635.0 2840.0 2615.0 2840.0 large-vehicle 0
2538.0 2847.0 2544.0 2847.0 2544.0 2857.0 2538.0 2857.0 small-vehicle 1
3492.0 194.0 3498.0 194.0 3498.0 203.0 3492.0 203.0 small-vehicle 1
2975.0 949.0 2988.0 949.0 2988.0 956.0 2975.0 956.0 small-vehicle 1
3025.0 934.0 3044.0 934.0 3044.0 941.0 3025.0 941.0 large-vehicle 0
2914.0 941.0 2927.0 941.0 2927.0 947.0 2914.0 947.0 small-vehicle 1
2952.0 943.0 2970.0 943.0 2970.0 949.0 2952.0 949.0 small-vehicle 1
2822.0 342.0 2836.0 342.0 2836.0 349.0 2822.0 349.0 small-vehicle 1
3080.0 296.0 3097.0 296.0 3097.0 302.0 3080.0 302.0 small-vehicle 1
3365.0 1070.0 3378.0 1070.0 3378.0 1075.0 3365.0 1075.0 small-vehicle 1
3100.0 1924.0 3106.0 1924.0 3106.0 1937.0 3100.0 1937.0 small-vehicle 1
3239.0 1672.0 3248.0 1672.0 3248.0 1684.0 3239.0 1684.0 small-vehicle 1
3303.0 1705.0 3310.0 1705.0 3310.0 1716.0 3303.0 1716.0 small-vehicle 1
3245.0 1635.0 3254.0 1635.0 3254.0 1654.0 3245.0 1654.0 small-vehicle 1
3216.0 1774.0 3229.0 1774.0 3229.0 1779.0 3216.0 1779.0 small-vehicle 1
3174.0 2091.0 3183.0 2091.0 3183.0 2104.0 3174.0 2104.0 small-vehicle 1
3323.0 2585.0 3334.0 2585.0 3334.0 2597.0 3323.0 2597.0 small-vehicle 1
3126.0 1957.0 3138.0 1957.0 3138.0 1963.0 3126.0 1963.0 small-vehicle 1
3069.0 1907.0 3075.0 1907.0 3075.0 1918.0 3069.0 1918.0 small-vehicle 1
2510.0 2845.0 2517.0 2845.0 2517.0 2857.0 2510.0 2857.0 small-vehicle 1
2244.0 2900.0 2250.0 2900.0 2250.0 2910.0 2244.0 2910.0 small-vehicle 1
2492.0 2846.0 2499.0 2846.0 2499.0 2857.0 2492.0 2857.0 small-vehicle 1
2437.0 2842.0 2444.0 2842.0 2444.0 2855.0 2437.0 2855.0 small-vehicle 1
2413.0 2841.0 2421.0 2841.0 2421.0 2854.0 2413.0 2854.0 small-vehicle 1
2389.0 2843.0 2395.0 2843.0 2395.0 2855.0 2389.0 2855.0 small-vehicle 1
2532.0 2888.0 2538.0 2888.0 2538.0 2899.0 2532.0 2899.0 small-vehicle 1
2238.0 2900.0 2244.0 2900.0 2244.0 2911.0 2238.0 2911.0 small-vehicle 1
2568.0 2979.0 2576.0 2979.0 2576.0 2999.0 2568.0 2999.0 small-vehicle 1
2892.0 1907.0 2904.0 1907.0 2904.0 1912.0 2892.0 1912.0 small-vehicle 1
2961.0 3037.0 2975.0 3037.0 2975.0 3044.0 2961.0 3044.0 small-vehicle 1
2922.0 2105.0 2937.0 2105.0 2937.0 2113.0 2922.0 2113.0 small-vehicle 1
2980.0 2101.0 2996.0 2101.0 2996.0 2107.0 2980.0 2107.0 small-vehicle 1
3082.0 2104.0 3090.0 2104.0 3090.0 2109.0 3082.0 2109.0 small-vehicle 1
2677.0 2031.0 2688.0 2031.0 2688.0 2037.0 2677.0 2037.0 small-vehicle 1
2869.0 1885.0 2874.0 1885.0 2874.0 1897.0 2869.0 1897.0 small-vehicle 1
1929.0 1604.0 1935.0 1604.0 1935.0 1615.0 1929.0 1615.0 small-vehicle 1
2189.0 1857.0 2194.0 1857.0 2194.0 1868.0 2189.0 1868.0 small-vehicle 1
614.0 2633.0 630.0 2633.0 630.0 2639.0 614.0 2639.0 small-vehicle 1
2228.0 1855.0 2235.0 1855.0 2235.0 1867.0 2228.0 1867.0 small-vehicle 1
1651.0 1949.0 1657.0 1949.0 1657.0 1960.0 1651.0 1960.0 small-vehicle 1
1666.0 1964.0 1673.0 1964.0 1673.0 1974.0 1666.0 1974.0 small-vehicle 1
1384.0 2741.0 1391.0 2741.0 1391.0 2754.0 1384.0 2754.0 small-vehicle 1
1391.0 2742.0 1396.0 2742.0 1396.0 2753.0 1391.0 2753.0 small-vehicle 1
1397.0 2740.0 1403.0 2740.0 1403.0 2753.0 1397.0 2753.0 small-vehicle 1
1374.0 2864.0 1380.0 2864.0 1380.0 2876.0 1374.0 2876.0 small-vehicle 1
1367.0 2865.0 1374.0 2865.0 1374.0 2878.0 1367.0 2878.0 small-vehicle 1
1500.0 2868.0 1513.0 2868.0 1513.0 2875.0 1500.0 2875.0 small-vehicle 1
1604.0 2872.0 1609.0 2872.0 1609.0 2882.0 1604.0 2882.0 small-vehicle 1
1609.0 2875.0 1615.0 2875.0 1615.0 2887.0 1609.0 2887.0 small-vehicle 1
1658.0 2890.0 1672.0 2890.0 1672.0 2901.0 1658.0 2901.0 small-vehicle 1
1599.0 3230.0 1605.0 3230.0 1605.0 3240.0 1599.0 3240.0 small-vehicle 1
1587.0 3230.0 1593.0 3230.0 1593.0 3239.0 1587.0 3239.0 small-vehicle 1
1534.0 3228.0 1540.0 3228.0 1540.0 3237.0 1534.0 3237.0 small-vehicle 1
1509.0 3225.0 1515.0 3225.0 1515.0 3236.0 1509.0 3236.0 small-vehicle 1
1612.0 1970.0 1625.0 1970.0 1625.0 1983.0 1612.0 1983.0 small-vehicle 1
1492.0 1955.0 1499.0 1955.0 1499.0 1968.0 1492.0 1968.0 small-vehicle 1
1296.0 1849.0 1304.0 1849.0 1304.0 1861.0 1296.0 1861.0 small-vehicle 1
740.0 1532.0 756.0 1532.0 756.0 1538.0 740.0 1538.0 small-vehicle 1
615.0 2624.0 629.0 2624.0 629.0 2629.0 615.0 2629.0 small-vehicle 1
618.0 2618.0 632.0 2618.0 632.0 2622.0 618.0 2622.0 small-vehicle 1
644.0 1879.0 659.0 1879.0 659.0 1885.0 644.0 1885.0 small-vehicle 1
795.0 1634.0 802.0 1634.0 802.0 1648.0 795.0 1648.0 small-vehicle 1
1042.0 1618.0 1050.0 1618.0 1050.0 1630.0 1042.0 1630.0 small-vehicle 1
931.0 1539.0 945.0 1539.0 945.0 1548.0 931.0 1548.0 small-vehicle 1
613.0 1247.0 620.0 1247.0 620.0 1259.0 613.0 1259.0 small-vehicle 1
1266.0 1791.0 1272.0 1791.0 1272.0 1801.0 1266.0 1801.0 small-vehicle 1
1059.0 810.0 1066.0 810.0 1066.0 824.0 1059.0 824.0 small-vehicle 1
1691.0 991.0 1709.0 991.0 1709.0 1006.0 1691.0 1006.0 small-vehicle 1
1158.0 967.0 1172.0 967.0 1172.0 980.0 1158.0 980.0 small-vehicle 1
1651.0 1550.0 1665.0 1550.0 1665.0 1555.0 1651.0 1555.0 small-vehicle 1
1574.0 1831.0 1581.0 1831.0 1581.0 1844.0 1574.0 1844.0 small-vehicle 1
1390.0 1827.0 1396.0 1827.0 1396.0 1840.0 1390.0 1840.0 small-vehicle 1
1502.0 3226.0 1509.0 3226.0 1509.0 3236.0 1502.0 3236.0 small-vehicle 1
1496.0 3226.0 1503.0 3226.0 1503.0 3235.0 1496.0 3235.0 small-vehicle 1
1478.0 3223.0 1485.0 3223.0 1485.0 3234.0 1478.0 3234.0 small-vehicle 1
1826.0 1963.0 1839.0 1963.0 1839.0 1970.0 1826.0 1970.0 small-vehicle 1
1868.0 2032.0 1879.0 2032.0 1879.0 2038.0 1868.0 2038.0 small-vehicle 1
1921.0 2035.0 1933.0 2035.0 1933.0 2040.0 1921.0 2040.0 small-vehicle 1
1937.0 2031.0 1948.0 2031.0 1948.0 2035.0 1937.0 2035.0 small-vehicle 1
1937.0 2037.0 1950.0 2037.0 1950.0 2042.0 1937.0 2042.0 small-vehicle 1
1956.0 2037.0 1969.0 2037.0 1969.0 2042.0 1956.0 2042.0 small-vehicle 1
1827.0 1937.0 1842.0 1937.0 1842.0 1945.0 1827.0 1945.0 small-vehicle 1
1828.0 1986.0 1840.0 1986.0 1840.0 1991.0 1828.0 1991.0 small-vehicle 1
2164.0 2781.0 2170.0 2781.0 2170.0 2792.0 2164.0 2792.0 small-vehicle 1
1829.0 1993.0 1839.0 1993.0 1839.0 1998.0 1829.0 1998.0 small-vehicle 1
1884.0 1882.0 1898.0 1882.0 1898.0 1887.0 1884.0 1887.0 small-vehicle 1
1884.0 1887.0 1898.0 1887.0 1898.0 1892.0 1884.0 1892.0 small-vehicle 1
1886.0 1893.0 1899.0 1893.0 1899.0 1899.0 1886.0 1899.0 small-vehicle 1
1910.0 1869.0 1919.0 1869.0 1919.0 1880.0 1910.0 1880.0 small-vehicle 1
2143.0 1863.0 2150.0 1863.0 2150.0 1875.0 2143.0 1875.0 small-vehicle 1
1707.0 2912.0 1716.0 2912.0 1716.0 2923.0 1707.0 2923.0 small-vehicle 1
1953.0 2880.0 1963.0 2880.0 1963.0 2894.0 1953.0 2894.0 small-vehicle 1
1461.0 3224.0 1467.0 3224.0 1467.0 3234.0 1461.0 3234.0 small-vehicle 1
1289.0 3219.0 1295.0 3219.0 1295.0 3230.0 1289.0 3230.0 small-vehicle 1
1414.0 3221.0 1420.0 3221.0 1420.0 3234.0 1414.0 3234.0 small-vehicle 1
1398.0 3221.0 1403.0 3221.0 1403.0 3232.0 1398.0 3232.0 small-vehicle 1
1392.0 3221.0 1397.0 3221.0 1397.0 3232.0 1392.0 3232.0 small-vehicle 1
1385.0 3220.0 1392.0 3220.0 1392.0 3233.0 1385.0 3233.0 small-vehicle 1
1322.0 3221.0 1327.0 3221.0 1327.0 3233.0 1322.0 3233.0 small-vehicle 1
1306.0 3221.0 1312.0 3221.0 1312.0 3230.0 1306.0 3230.0 small-vehicle 1
1284.0 3220.0 1289.0 3220.0 1289.0 3230.0 1284.0 3230.0 small-vehicle 1
2054.0 2908.0 2069.0 2908.0 2069.0 2913.0 2054.0 2913.0 small-vehicle 1
1274.0 3218.0 1279.0 3218.0 1279.0 3228.0 1274.0 3228.0 small-vehicle 1
1252.0 3216.0 1259.0 3216.0 1259.0 3226.0 1252.0 3226.0 small-vehicle 1
1242.0 3215.0 1248.0 3215.0 1248.0 3229.0 1242.0 3229.0 small-vehicle 1
1220.0 3216.0 1226.0 3216.0 1226.0 3227.0 1220.0 3227.0 small-vehicle 1
1198.0 3213.0 1205.0 3213.0 1205.0 3226.0 1198.0 3226.0 small-vehicle 1
1876.0 3297.0 1894.0 3297.0 1894.0 3304.0 1876.0 3304.0 small-vehicle 1
1056.0 214.0 1122.0 214.0 1122.0 291.0 1056.0 291.0 plane 0
