imagesource:GoogleEarth
gsd:0.401698962954
9008.0 300.0 9053.0 300.0 9053.0 323.0 9008.0 323.0 large-vehicle 0
1753.0 3044.0 1763.0 3044.0 1763.0 3058.0 1753.0 3058.0 small-vehicle 1
1893.0 3001.0 1903.0 3001.0 1903.0 3016.0 1893.0 3016.0 small-vehicle 1
1890.0 2994.0 1899.0 2994.0 1899.0 3008.0 1890.0 3008.0 small-vehicle 1
1887.0 2985.0 1897.0 2985.0 1897.0 3000.0 1887.0 3000.0 small-vehicle 1
1884.0 2978.0 1893.0 2978.0 1893.0 2990.0 1884.0 2990.0 small-vehicle 1
1857.0 2975.0 1872.0 2975.0 1872.0 2984.0 1857.0 2984.0 small-vehicle 1
1765.0 3056.0 1775.0 3056.0 1775.0 3069.0 1765.0 3069.0 small-vehicle 1
1704.0 3074.0 1716.0 3074.0 1716.0 3091.0 1704.0 3091.0 small-vehicle 1
1811.0 3079.0 1825.0 3079.0 1825.0 3099.0 1811.0 3099.0 small-vehicle 1
1696.0 3078.0 1705.0 3078.0 1705.0 3092.0 1696.0 3092.0 small-vehicle 1
1712.0 3103.0 1722.0 3103.0 1722.0 3117.0 1712.0 3117.0 small-vehicle 1
1610.0 3106.0 1623.0 3106.0 1623.0 3126.0 1610.0 3126.0 small-vehicle 1
1384.0 2777.0 1399.0 2777.0 1399.0 2792.0 1384.0 2792.0 small-vehicle 1
1441.0 2781.0 1457.0 2781.0 1457.0 2794.0 1441.0 2794.0 small-vehicle 1
1470.0 2738.0 1483.0 2738.0 1483.0 2751.0 1470.0 2751.0 small-vehicle 1
1817.0 3078.0 1832.0 3078.0 1832.0 3096.0 1817.0 3096.0 small-vehicle 1
1805.0 3084.0 1817.0 3084.0 1817.0 3100.0 1805.0 3100.0 small-vehicle 1
9013.0 320.0 9057.0 320.0 9057.0 346.0 9013.0 346.0 large-vehicle 0
1861.0 3271.0 1873.0 3271.0 1873.0 3288.0 1861.0 3288.0 small-vehicle 1
1783.0 3411.0 1797.0 3411.0 1797.0 3432.0 1783.0 3432.0 small-vehicle 1
1759.0 3385.0 1773.0 3385.0 1773.0 3395.0 1759.0 3395.0 small-vehicle 1
1759.0 3392.0 1773.0 3392.0 1773.0 3405.0 1759.0 3405.0 small-vehicle 1
1727.0 3289.0 1740.0 3289.0 1740.0 3312.0 1727.0 3312.0 small-vehicle 1
1847.0 3250.0 1859.0 3250.0 1859.0 3268.0 1847.0 3268.0 small-vehicle 1
1835.0 3250.0 1851.0 3250.0 1851.0 3275.0 1835.0 3275.0 small-vehicle 1
1706.0 3240.0 1719.0 3240.0 1719.0 3259.0 1706.0 3259.0 small-vehicle 1
1783.0 3092.0 1793.0 3092.0 1793.0 3114.0 1783.0 3114.0 small-vehicle 1
1692.0 3246.0 1706.0 3246.0 1706.0 3267.0 1692.0 3267.0 small-vehicle 1
1650.0 3160.0 1676.0 3160.0 1676.0 3176.0 1650.0 3176.0 small-vehicle 1
1684.0 3146.0 1703.0 3146.0 1703.0 3170.0 1684.0 3170.0 small-vehicle 1
1627.0 3146.0 1637.0 3146.0 1637.0 3168.0 1627.0 3168.0 small-vehicle 1
1766.0 3099.0 1781.0 3099.0 1781.0 3118.0 1766.0 3118.0 small-vehicle 1
1773.0 3094.0 1786.0 3094.0 1786.0 3114.0 1773.0 3114.0 small-vehicle 1
1466.0 2692.0 1482.0 2692.0 1482.0 2706.0 1466.0 2706.0 small-vehicle 1
1317.0 2842.0 1333.0 2842.0 1333.0 2854.0 1317.0 2854.0 small-vehicle 1
1375.0 2794.0 1389.0 2794.0 1389.0 2806.0 1375.0 2806.0 small-vehicle 1
1559.0 895.0 1572.0 895.0 1572.0 901.0 1559.0 901.0 small-vehicle 1
1833.0 1034.0 1841.0 1034.0 1841.0 1044.0 1833.0 1044.0 small-vehicle 1
1863.0 1032.0 1869.0 1032.0 1869.0 1045.0 1863.0 1045.0 small-vehicle 1
1764.0 873.0 1775.0 873.0 1775.0 889.0 1764.0 889.0 small-vehicle 1
1757.0 872.0 1762.0 872.0 1762.0 885.0 1757.0 885.0 small-vehicle 1
1595.0 898.0 1603.0 898.0 1603.0 911.0 1595.0 911.0 small-vehicle 1
1594.0 884.0 1601.0 884.0 1601.0 897.0 1594.0 897.0 small-vehicle 1
1629.0 924.0 1635.0 924.0 1635.0 938.0 1629.0 938.0 small-vehicle 1
1375.0 2808.0 1389.0 2808.0 1389.0 2817.0 1375.0 2817.0 small-vehicle 1
1634.0 926.0 1641.0 926.0 1641.0 940.0 1634.0 940.0 small-vehicle 1
1647.0 923.0 1655.0 923.0 1655.0 938.0 1647.0 938.0 small-vehicle 1
2776.0 228.0 2793.0 228.0 2793.0 237.0 2776.0 237.0 small-vehicle 1
3016.0 220.0 3023.0 220.0 3023.0 233.0 3016.0 233.0 small-vehicle 1
3033.0 230.0 3043.0 230.0 3043.0 245.0 3033.0 245.0 small-vehicle 1
3033.0 214.0 3042.0 214.0 3042.0 231.0 3033.0 231.0 small-vehicle 1
1477.0 1022.0 1498.0 1022.0 1498.0 1041.0 1477.0 1041.0 small-vehicle 1
1789.0 2509.0 1804.0 2509.0 1804.0 2523.0 1789.0 2523.0 small-vehicle 1
1793.0 2493.0 1810.0 2493.0 1810.0 2508.0 1793.0 2508.0 small-vehicle 1
1829.0 2463.0 1842.0 2463.0 1842.0 2474.0 1829.0 2474.0 small-vehicle 1
1825.0 2519.0 1839.0 2519.0 1839.0 2532.0 1825.0 2532.0 small-vehicle 1
1764.0 2567.0 1779.0 2567.0 1779.0 2580.0 1764.0 2580.0 small-vehicle 1
1642.0 2585.0 1659.0 2585.0 1659.0 2600.0 1642.0 2600.0 small-vehicle 1
1615.0 2592.0 1627.0 2592.0 1627.0 2605.0 1615.0 2605.0 small-vehicle 1
1578.0 2627.0 1591.0 2627.0 1591.0 2640.0 1578.0 2640.0 small-vehicle 1
1620.0 2633.0 1633.0 2633.0 1633.0 2647.0 1620.0 2647.0 small-vehicle 1
1669.0 2613.0 1688.0 2613.0 1688.0 2629.0 1669.0 2629.0 small-vehicle 1
1243.0 2822.0 1257.0 2822.0 1257.0 2834.0 1243.0 2834.0 small-vehicle 1
1059.0 2942.0 1074.0 2942.0 1074.0 2958.0 1059.0 2958.0 small-vehicle 1
1156.0 2926.0 1170.0 2926.0 1170.0 2940.0 1156.0 2940.0 small-vehicle 1
1102.0 2963.0 1117.0 2963.0 1117.0 2976.0 1102.0 2976.0 small-vehicle 1
1196.0 2914.0 1213.0 2914.0 1213.0 2929.0 1196.0 2929.0 small-vehicle 1
1254.0 2869.0 1269.0 2869.0 1269.0 2882.0 1254.0 2882.0 small-vehicle 1
1881.0 3324.0 1891.0 3324.0 1891.0 3341.0 1881.0 3341.0 small-vehicle 1
1873.0 3328.0 1883.0 3328.0 1883.0 3340.0 1873.0 3340.0 small-vehicle 1
1856.0 3334.0 1867.0 3334.0 1867.0 3347.0 1856.0 3347.0 small-vehicle 1
3425.0 593.0 3464.0 593.0 3464.0 621.0 3425.0 621.0 large-vehicle 0
3491.0 1227.0 3511.0 1227.0 3511.0 1240.0 3491.0 1240.0 large-vehicle 0
3501.0 1128.0 3510.0 1128.0 3510.0 1151.0 3501.0 1151.0 large-vehicle 0
3439.0 625.0 3477.0 625.0 3477.0 651.0 3439.0 651.0 large-vehicle 0
3437.0 619.0 3465.0 619.0 3465.0 641.0 3437.0 641.0 large-vehicle 0
3570.0 465.0 3611.0 465.0 3611.0 491.0 3570.0 491.0 large-vehicle 0
3575.0 483.0 3601.0 483.0 3601.0 501.0 3575.0 501.0 large-vehicle 0
3407.0 563.0 3447.0 563.0 3447.0 591.0 3407.0 591.0 large-vehicle 0
727.0 48.0 741.0 48.0 741.0 62.0 727.0 62.0 small-vehicle 1
3400.0 554.0 3442.0 554.0 3442.0 581.0 3400.0 581.0 large-vehicle 0
3395.0 542.0 3437.0 542.0 3437.0 569.0 3395.0 569.0 large-vehicle 0
3366.0 618.0 3397.0 618.0 3397.0 638.0 3366.0 638.0 large-vehicle 0
3372.0 633.0 3407.0 633.0 3407.0 659.0 3372.0 659.0 large-vehicle 0
3382.0 658.0 3421.0 658.0 3421.0 683.0 3382.0 683.0 large-vehicle 0
716.0 11.0 734.0 11.0 734.0 30.0 716.0 30.0 small-vehicle 1
3511.0 1217.0 3535.0 1217.0 3535.0 1232.0 3511.0 1232.0 large-vehicle 0
3516.0 1228.0 3538.0 1228.0 3538.0 1241.0 3516.0 1241.0 large-vehicle 0
3517.0 1236.0 3541.0 1236.0 3541.0 1248.0 3517.0 1248.0 large-vehicle 0
3495.0 1243.0 3520.0 1243.0 3520.0 1262.0 3495.0 1262.0 large-vehicle 0
4048.0 2062.0 4068.0 2062.0 4068.0 2092.0 4048.0 2092.0 large-vehicle 0
4059.0 2058.0 4075.0 2058.0 4075.0 2084.0 4059.0 2084.0 large-vehicle 0
3103.0 2419.0 3117.0 2419.0 3117.0 2439.0 3103.0 2439.0 small-vehicle 0
3249.0 2357.0 3267.0 2357.0 3267.0 2383.0 3249.0 2383.0 small-vehicle 0
3231.0 2356.0 3256.0 2356.0 3256.0 2397.0 3231.0 2397.0 large-vehicle 1
3210.0 2359.0 3235.0 2359.0 3235.0 2399.0 3210.0 2399.0 large-vehicle 1
3275.0 2413.0 3299.0 2413.0 3299.0 2449.0 3275.0 2449.0 large-vehicle 1
3219.0 2434.0 3242.0 2434.0 3242.0 2471.0 3219.0 2471.0 large-vehicle 1
3199.0 2413.0 3244.0 2413.0 3244.0 2431.0 3199.0 2431.0 large-vehicle 1
3158.0 2385.0 3181.0 2385.0 3181.0 2427.0 3158.0 2427.0 large-vehicle 1
3146.0 2385.0 3172.0 2385.0 3172.0 2429.0 3146.0 2429.0 large-vehicle 1
3133.0 2391.0 3158.0 2391.0 3158.0 2433.0 3133.0 2433.0 large-vehicle 1
3122.0 2392.0 3148.0 2392.0 3148.0 2434.0 3122.0 2434.0 large-vehicle 1
710.0 16.0 727.0 16.0 727.0 35.0 710.0 35.0 small-vehicle 1
678.0 536.0 691.0 536.0 691.0 548.0 678.0 548.0 small-vehicle 1
1851.0 3337.0 1860.0 3337.0 1860.0 3351.0 1851.0 3351.0 small-vehicle 1
648.0 3775.0 661.0 3775.0 661.0 3785.0 648.0 3785.0 small-vehicle 1
491.0 3337.0 504.0 3337.0 504.0 3348.0 491.0 3348.0 small-vehicle 1
719.0 3149.0 738.0 3149.0 738.0 3164.0 719.0 3164.0 small-vehicle 1
612.0 3216.0 626.0 3216.0 626.0 3228.0 612.0 3228.0 small-vehicle 1
502.0 3284.0 515.0 3284.0 515.0 3296.0 502.0 3296.0 small-vehicle 1
569.0 3233.0 580.0 3233.0 580.0 3245.0 569.0 3245.0 small-vehicle 1
654.0 3790.0 666.0 3790.0 666.0 3799.0 654.0 3799.0 small-vehicle 1
637.0 3773.0 650.0 3773.0 650.0 3781.0 637.0 3781.0 small-vehicle 1
687.0 550.0 699.0 550.0 699.0 562.0 687.0 562.0 small-vehicle 1
637.0 3785.0 652.0 3785.0 652.0 3797.0 637.0 3797.0 small-vehicle 1
1558.0 3503.0 1573.0 3503.0 1573.0 3527.0 1558.0 3527.0 small-vehicle 1
1620.0 3483.0 1634.0 3483.0 1634.0 3506.0 1620.0 3506.0 small-vehicle 1
1828.0 3346.0 1838.0 3346.0 1838.0 3357.0 1828.0 3357.0 small-vehicle 1
1835.0 3342.0 1844.0 3342.0 1844.0 3355.0 1835.0 3355.0 small-vehicle 1
1841.0 3339.0 1853.0 3339.0 1853.0 3353.0 1841.0 3353.0 small-vehicle 1
406.0 3354.0 420.0 3354.0 420.0 3364.0 406.0 3364.0 small-vehicle 1
373.0 3396.0 388.0 3396.0 388.0 3410.0 373.0 3410.0 small-vehicle 1
276.0 3466.0 290.0 3466.0 290.0 3480.0 276.0 3480.0 small-vehicle 1
382.0 3412.0 398.0 3412.0 398.0 3425.0 382.0 3425.0 small-vehicle 1
197.0 3516.0 212.0 3516.0 212.0 3528.0 197.0 3528.0 small-vehicle 1
118.0 3563.0 132.0 3563.0 132.0 3575.0 118.0 3575.0 small-vehicle 1
672.0 3190.0 687.0 3190.0 687.0 3204.0 672.0 3204.0 small-vehicle 1
1050.0 3002.0 1064.0 3002.0 1064.0 3016.0 1050.0 3016.0 small-vehicle 1
1036.0 3002.0 1051.0 3002.0 1051.0 3015.0 1036.0 3015.0 small-vehicle 1
996.0 3014.0 1013.0 3014.0 1013.0 3027.0 996.0 3027.0 small-vehicle 1
780.0 3102.0 798.0 3102.0 798.0 3116.0 780.0 3116.0 small-vehicle 1
766.0 3166.0 781.0 3166.0 781.0 3178.0 766.0 3178.0 small-vehicle 1
819.0 3122.0 836.0 3122.0 836.0 3138.0 819.0 3138.0 small-vehicle 1
780.0 3165.0 799.0 3165.0 799.0 3182.0 780.0 3182.0 small-vehicle 1
656.0 554.0 668.0 554.0 668.0 565.0 656.0 565.0 small-vehicle 1
653.0 550.0 666.0 550.0 666.0 561.0 653.0 561.0 small-vehicle 1
686.0 601.0 696.0 601.0 696.0 615.0 686.0 615.0 small-vehicle 1
2973.0 282.0 2988.0 282.0 2988.0 291.0 2973.0 291.0 small-vehicle 1
2973.0 294.0 2989.0 294.0 2989.0 304.0 2973.0 304.0 small-vehicle 1
2841.0 358.0 2849.0 358.0 2849.0 374.0 2841.0 374.0 small-vehicle 1
4582.0 3184.0 4598.0 3184.0 4598.0 3196.0 4582.0 3196.0 small-vehicle 1
4754.0 3563.0 4766.0 3563.0 4766.0 3575.0 4754.0 3575.0 small-vehicle 1
4736.0 3561.0 4746.0 3561.0 4746.0 3573.0 4736.0 3573.0 small-vehicle 1
4730.0 3542.0 4740.0 3542.0 4740.0 3557.0 4730.0 3557.0 small-vehicle 1
4726.0 3528.0 4736.0 3528.0 4736.0 3545.0 4726.0 3545.0 small-vehicle 1
4684.0 3508.0 4697.0 3508.0 4697.0 3520.0 4684.0 3520.0 small-vehicle 1
4530.0 3713.0 4550.0 3713.0 4550.0 3727.0 4530.0 3727.0 small-vehicle 1
4652.0 3164.0 4672.0 3164.0 4672.0 3178.0 4652.0 3178.0 small-vehicle 1
4578.0 1064.0 4598.0 1064.0 4598.0 1078.0 4578.0 1078.0 small-vehicle 1
3784.0 1331.0 3800.0 1331.0 3800.0 1346.0 3784.0 1346.0 small-vehicle 1
3742.0 1344.0 3754.0 1344.0 3754.0 1356.0 3742.0 1356.0 small-vehicle 1
4064.0 1240.0 4080.0 1240.0 4080.0 1254.0 4064.0 1254.0 small-vehicle 1
4208.0 1193.0 4226.0 1193.0 4226.0 1210.0 4208.0 1210.0 small-vehicle 1
4306.0 1149.0 4322.0 1149.0 4322.0 1161.0 4306.0 1161.0 small-vehicle 1
4224.0 1132.0 4244.0 1132.0 4244.0 1146.0 4224.0 1146.0 small-vehicle 1
4749.0 3587.0 4764.0 3587.0 4764.0 3600.0 4749.0 3600.0 small-vehicle 1
4718.0 3607.0 4734.0 3607.0 4734.0 3619.0 4718.0 3619.0 small-vehicle 1
4759.0 3616.0 4772.0 3616.0 4772.0 3627.0 4759.0 3627.0 small-vehicle 1
2591.0 1993.0 2607.0 1993.0 2607.0 2008.0 2591.0 2008.0 small-vehicle 1
2553.0 2076.0 2567.0 2076.0 2567.0 2088.0 2553.0 2088.0 small-vehicle 1
2567.0 2085.0 2584.0 2085.0 2584.0 2099.0 2567.0 2099.0 small-vehicle 1
2613.0 2036.0 2629.0 2036.0 2629.0 2051.0 2613.0 2051.0 small-vehicle 1
2655.0 2021.0 2670.0 2021.0 2670.0 2035.0 2655.0 2035.0 small-vehicle 1
2633.0 1980.0 2647.0 1980.0 2647.0 1993.0 2633.0 1993.0 small-vehicle 1
2637.0 1965.0 2653.0 1965.0 2653.0 1980.0 2637.0 1980.0 small-vehicle 1
2697.0 1925.0 2713.0 1925.0 2713.0 1940.0 2697.0 1940.0 small-vehicle 1
2711.0 1931.0 2727.0 1931.0 2727.0 1945.0 2711.0 1945.0 small-vehicle 1
2717.0 1961.0 2734.0 1961.0 2734.0 1975.0 2717.0 1975.0 small-vehicle 1
2702.0 1983.0 2719.0 1983.0 2719.0 1998.0 2702.0 1998.0 small-vehicle 1
2739.0 1905.0 2756.0 1905.0 2756.0 1919.0 2739.0 1919.0 small-vehicle 1
2765.0 1897.0 2781.0 1897.0 2781.0 1912.0 2765.0 1912.0 small-vehicle 1
2778.0 1870.0 2793.0 1870.0 2793.0 1883.0 2778.0 1883.0 small-vehicle 1
4492.0 1083.0 4508.0 1083.0 4508.0 1095.0 4492.0 1095.0 small-vehicle 1
4599.0 1049.0 4612.0 1049.0 4612.0 1060.0 4599.0 1060.0 small-vehicle 1
2831.0 1848.0 2844.0 1848.0 2844.0 1859.0 2831.0 1859.0 small-vehicle 1
5185.0 474.0 5200.0 474.0 5200.0 486.0 5185.0 486.0 small-vehicle 1
5226.0 308.0 5240.0 308.0 5240.0 321.0 5226.0 321.0 small-vehicle 1
5343.0 336.0 5357.0 336.0 5357.0 345.0 5343.0 345.0 small-vehicle 1
5385.0 328.0 5401.0 328.0 5401.0 339.0 5385.0 339.0 small-vehicle 1
5302.0 375.0 5315.0 375.0 5315.0 386.0 5302.0 386.0 small-vehicle 1
5213.0 439.0 5235.0 439.0 5235.0 454.0 5213.0 454.0 small-vehicle 1
5194.0 460.0 5209.0 460.0 5209.0 471.0 5194.0 471.0 small-vehicle 1
4835.0 589.0 4849.0 589.0 4849.0 603.0 4835.0 603.0 small-vehicle 1
4579.0 1010.0 4600.0 1010.0 4600.0 1025.0 4579.0 1025.0 small-vehicle 1
4829.0 597.0 4841.0 597.0 4841.0 614.0 4829.0 614.0 small-vehicle 1
4703.0 651.0 4720.0 651.0 4720.0 666.0 4703.0 666.0 small-vehicle 1
4873.0 705.0 4883.0 705.0 4883.0 720.0 4873.0 720.0 small-vehicle 1
4576.0 790.0 4587.0 790.0 4587.0 804.0 4576.0 804.0 small-vehicle 1
4869.0 796.0 4879.0 796.0 4879.0 808.0 4869.0 808.0 small-vehicle 1
4567.0 876.0 4580.0 876.0 4580.0 893.0 4567.0 893.0 small-vehicle 1
5151.0 272.0 5167.0 272.0 5167.0 281.0 5151.0 281.0 small-vehicle 1
5097.0 264.0 5111.0 264.0 5111.0 270.0 5097.0 270.0 small-vehicle 1
4721.0 376.0 4735.0 376.0 4735.0 392.0 4721.0 392.0 small-vehicle 1
4800.0 350.0 4816.0 350.0 4816.0 358.0 4800.0 358.0 small-vehicle 1
4773.0 336.0 4788.0 336.0 4788.0 348.0 4773.0 348.0 small-vehicle 1
4679.0 286.0 4694.0 286.0 4694.0 304.0 4679.0 304.0 small-vehicle 1
4713.0 248.0 4727.0 248.0 4727.0 268.0 4713.0 268.0 small-vehicle 1
4675.0 166.0 4689.0 166.0 4689.0 183.0 4675.0 183.0 small-vehicle 1
4575.0 75.0 4590.0 75.0 4590.0 94.0 4575.0 94.0 small-vehicle 1
3699.0 675.0 3718.0 675.0 3718.0 699.0 3699.0 699.0 large-vehicle 0
3708.0 671.0 3728.0 671.0 3728.0 695.0 3708.0 695.0 large-vehicle 0
3718.0 666.0 3734.0 666.0 3734.0 686.0 3718.0 686.0 large-vehicle 0
4760.0 940.0 4790.0 940.0 4790.0 959.0 4760.0 959.0 large-vehicle 0
4772.0 995.0 4818.0 995.0 4818.0 1018.0 4772.0 1018.0 large-vehicle 0
4630.0 1039.0 4678.0 1039.0 4678.0 1062.0 4630.0 1062.0 large-vehicle 0
4599.0 986.0 4643.0 986.0 4643.0 1010.0 4599.0 1010.0 large-vehicle 0
4081.0 1172.0 4116.0 1172.0 4116.0 1198.0 4081.0 1198.0 large-vehicle 0
2833.0 1855.0 2848.0 1855.0 2848.0 1869.0 2833.0 1869.0 small-vehicle 1
2819.0 1854.0 2831.0 1854.0 2831.0 1865.0 2819.0 1865.0 small-vehicle 1
2833.0 359.0 2842.0 359.0 2842.0 376.0 2833.0 376.0 small-vehicle 1
2563.0 720.0 2590.0 720.0 2590.0 733.0 2563.0 733.0 large-vehicle 1
2675.0 618.0 2701.0 618.0 2701.0 632.0 2675.0 632.0 large-vehicle 1
2674.0 626.0 2701.0 626.0 2701.0 639.0 2674.0 639.0 large-vehicle 1
2677.0 636.0 2705.0 636.0 2705.0 649.0 2677.0 649.0 large-vehicle 1
2673.0 647.0 2699.0 647.0 2699.0 660.0 2673.0 660.0 large-vehicle 1
2568.0 700.0 2590.0 700.0 2590.0 718.0 2568.0 718.0 large-vehicle 1
2566.0 708.0 2589.0 708.0 2589.0 725.0 2566.0 725.0 large-vehicle 1
2565.0 732.0 2591.0 732.0 2591.0 748.0 2565.0 748.0 large-vehicle 1
2669.0 705.0 2685.0 705.0 2685.0 736.0 2669.0 736.0 large-vehicle 1
2565.0 743.0 2593.0 743.0 2593.0 762.0 2565.0 762.0 large-vehicle 1
2567.0 761.0 2595.0 761.0 2595.0 770.0 2567.0 770.0 large-vehicle 1
2594.0 761.0 2621.0 761.0 2621.0 769.0 2594.0 769.0 large-vehicle 1
2594.0 768.0 2620.0 768.0 2620.0 777.0 2594.0 777.0 large-vehicle 1
2574.0 770.0 2596.0 770.0 2596.0 779.0 2574.0 779.0 large-vehicle 1
2589.0 787.0 2615.0 787.0 2615.0 795.0 2589.0 795.0 large-vehicle 1
3112.0 702.0 3123.0 702.0 3123.0 719.0 3112.0 719.0 small-vehicle 1
3107.0 708.0 3116.0 708.0 3116.0 722.0 3107.0 722.0 small-vehicle 1
3285.0 500.0 3309.0 500.0 3309.0 518.0 3285.0 518.0 small-vehicle 1
3450.0 356.0 3458.0 356.0 3458.0 369.0 3450.0 369.0 small-vehicle 1
3434.0 358.0 3445.0 358.0 3445.0 375.0 3434.0 375.0 small-vehicle 1
3231.0 208.0 3237.0 208.0 3237.0 220.0 3231.0 220.0 small-vehicle 1
3219.0 247.0 3233.0 247.0 3233.0 254.0 3219.0 254.0 small-vehicle 1
3217.0 272.0 3230.0 272.0 3230.0 280.0 3217.0 280.0 small-vehicle 1
3277.0 315.0 3291.0 315.0 3291.0 321.0 3277.0 321.0 small-vehicle 1
3408.0 289.0 3424.0 289.0 3424.0 296.0 3408.0 296.0 small-vehicle 1
3380.0 250.0 3392.0 250.0 3392.0 257.0 3380.0 257.0 small-vehicle 1
3300.0 242.0 3315.0 242.0 3315.0 248.0 3300.0 248.0 small-vehicle 1
2939.0 374.0 2956.0 374.0 2956.0 383.0 2939.0 383.0 small-vehicle 1
2770.0 412.0 2786.0 412.0 2786.0 423.0 2770.0 423.0 small-vehicle 1
2725.0 392.0 2740.0 392.0 2740.0 399.0 2725.0 399.0 small-vehicle 1
2710.0 394.0 2723.0 394.0 2723.0 400.0 2710.0 400.0 small-vehicle 1
2848.0 398.0 2862.0 398.0 2862.0 406.0 2848.0 406.0 small-vehicle 1
2681.0 714.0 2697.0 714.0 2697.0 742.0 2681.0 742.0 large-vehicle 1
2677.0 734.0 2691.0 734.0 2691.0 759.0 2677.0 759.0 large-vehicle 1
2769.0 1941.0 2788.0 1941.0 2788.0 1953.0 2769.0 1953.0 small-vehicle 1
3400.0 1042.0 3413.0 1042.0 3413.0 1060.0 3400.0 1060.0 small-vehicle 1
3375.0 1209.0 3390.0 1209.0 3390.0 1239.0 3375.0 1239.0 large-vehicle 1
3385.0 1209.0 3397.0 1209.0 3397.0 1237.0 3385.0 1237.0 large-vehicle 1
3246.0 1288.0 3256.0 1288.0 3256.0 1306.0 3246.0 1306.0 small-vehicle 1
3255.0 1286.0 3263.0 1286.0 3263.0 1306.0 3255.0 1306.0 small-vehicle 1
3277.0 1288.0 3285.0 1288.0 3285.0 1303.0 3277.0 1303.0 small-vehicle 1
3391.0 1269.0 3399.0 1269.0 3399.0 1284.0 3391.0 1284.0 small-vehicle 1
3435.0 1000.0 3446.0 1000.0 3446.0 1017.0 3435.0 1017.0 small-vehicle 1
2665.0 730.0 2679.0 730.0 2679.0 754.0 2665.0 754.0 large-vehicle 1
3436.0 1015.0 3448.0 1015.0 3448.0 1030.0 3436.0 1030.0 small-vehicle 1
3373.0 1574.0 3392.0 1574.0 3392.0 1591.0 3373.0 1591.0 small-vehicle 1
3360.0 1595.0 3376.0 1595.0 3376.0 1606.0 3360.0 1606.0 small-vehicle 1
3294.0 1621.0 3311.0 1621.0 3311.0 1637.0 3294.0 1637.0 small-vehicle 1
3272.0 1680.0 3287.0 1680.0 3287.0 1693.0 3272.0 1693.0 small-vehicle 1
3143.0 1709.0 3160.0 1709.0 3160.0 1725.0 3143.0 1725.0 small-vehicle 1
3331.0 1215.0 3346.0 1215.0 3346.0 1220.0 3331.0 1220.0 small-vehicle 1
3331.0 1208.0 3345.0 1208.0 3345.0 1214.0 3331.0 1214.0 small-vehicle 1
3330.0 1200.0 3346.0 1200.0 3346.0 1207.0 3330.0 1207.0 small-vehicle 1
3330.0 1185.0 3344.0 1185.0 3344.0 1194.0 3330.0 1194.0 small-vehicle 1
3274.0 877.0 3284.0 877.0 3284.0 891.0 3274.0 891.0 small-vehicle 1
3279.0 891.0 3288.0 891.0 3288.0 903.0 3279.0 903.0 small-vehicle 1
3285.0 914.0 3293.0 914.0 3293.0 929.0 3285.0 929.0 small-vehicle 1
3287.0 932.0 3297.0 932.0 3297.0 945.0 3287.0 945.0 small-vehicle 1
3329.0 1170.0 3343.0 1170.0 3343.0 1179.0 3329.0 1179.0 small-vehicle 1
3245.0 1123.0 3263.0 1123.0 3263.0 1151.0 3245.0 1151.0 large-vehicle 0
3239.0 1108.0 3258.0 1108.0 3258.0 1139.0 3239.0 1139.0 large-vehicle 0
3137.0 1086.0 3167.0 1086.0 3167.0 1095.0 3137.0 1095.0 large-vehicle 1
3044.0 1091.0 3087.0 1091.0 3087.0 1103.0 3044.0 1103.0 large-vehicle 1
3325.0 399.0 3346.0 399.0 3346.0 425.0 3325.0 425.0 large-vehicle 1
3333.0 337.0 3379.0 337.0 3379.0 350.0 3333.0 350.0 large-vehicle 1
2566.0 676.0 2591.0 676.0 2591.0 697.0 2566.0 697.0 large-vehicle 1
2659.0 704.0 2674.0 704.0 2674.0 732.0 2659.0 732.0 large-vehicle 1
2598.0 2685.0 2623.0 2685.0 2623.0 2730.0 2598.0 2730.0 large-vehicle 1
2510.0 2721.0 2553.0 2721.0 2553.0 2744.0 2510.0 2744.0 large-vehicle 1
3087.0 2404.0 3115.0 2404.0 3115.0 2447.0 3087.0 2447.0 large-vehicle 1
11306.0 1072.0 11436.0 1072.0 11436.0 1200.0 11306.0 1200.0 plane 0
11084.0 4652.0 11298.0 4652.0 11298.0 4850.0 11084.0 4850.0 plane 0
11012.0 4824.0 11192.0 4824.0 11192.0 4994.0 11012.0 4994.0 plane 0
10646.0 4666.0 10866.0 4666.0 10866.0 4862.0 10646.0 4862.0 plane 0
10542.0 4868.0 10786.0 4868.0 10786.0 5006.0 10542.0 5006.0 plane 1
11476.0 4934.0 11568.0 4934.0 11568.0 5008.0 11476.0 5008.0 plane 1
11232.0 876.0 11366.0 876.0 11366.0 1012.0 11232.0 1012.0 plane 0
7093.0 2060.0 7206.0 2060.0 7206.0 2171.0 7093.0 2171.0 plane 0
7179.0 1747.0 7382.0 1747.0 7382.0 1944.0 7179.0 1944.0 plane 0
4604.0 2000.0 4697.0 2000.0 4697.0 2100.0 4604.0 2100.0 plane 0
10164.0 734.0 10434.0 734.0 10434.0 967.0 10164.0 967.0 plane 0
10457.0 654.0 10627.0 654.0 10627.0 834.0 10457.0 834.0 plane 0
6547.0 2787.0 6754.0 2787.0 6754.0 2990.0 6547.0 2990.0 plane 0
7253.0 1585.0 7455.0 1585.0 7455.0 1789.0 7253.0 1789.0 plane 0
7485.0 1687.0 7711.0 1687.0 7711.0 1904.0 7485.0 1904.0 plane 0
9922.0 1056.0 10190.0 1056.0 10190.0 1322.0 9922.0 1322.0 plane 0
9864.0 1358.0 10076.0 1358.0 10076.0 1558.0 9864.0 1558.0 plane 0
10052.0 1270.0 10256.0 1270.0 10256.0 1480.0 10052.0 1480.0 plane 0
10282.0 1174.0 10506.0 1174.0 10506.0 1396.0 10282.0 1396.0 plane 0
10556.0 1080.0 10738.0 1080.0 10738.0 1272.0 10556.0 1272.0 plane 0
11362.0 816.0 11500.0 816.0 11500.0 962.0 11362.0 962.0 plane 0
11568.0 1000.0 11688.0 1000.0 11688.0 1114.0 11568.0 1114.0 plane 0
11590.0 204.0 11782.0 204.0 11782.0 418.0 11590.0 418.0 plane 0
11178.0 354.0 11410.0 354.0 11410.0 590.0 11178.0 590.0 plane 0
11036.0 462.0 11154.0 462.0 11154.0 574.0 11036.0 574.0 plane 0
10632.0 576.0 10826.0 576.0 10826.0 774.0 10632.0 774.0 plane 0
9602.0 906.0 9830.0 906.0 9830.0 1164.0 9602.0 1164.0 plane 0
9464.0 862.0 9602.0 862.0 9602.0 1016.0 9464.0 1016.0 plane 0
9094.0 1096.0 9392.0 1096.0 9392.0 1352.0 9094.0 1352.0 plane 0
9238.0 1252.0 9452.0 1252.0 9452.0 1468.0 9238.0 1468.0 plane 0
9010.0 1432.0 9160.0 1432.0 9160.0 1572.0 9010.0 1572.0 plane 0
8322.0 1570.0 8592.0 1570.0 8592.0 1820.0 8322.0 1820.0 plane 0
7400.0 1851.0 7647.0 1851.0 7647.0 2086.0 7400.0 2086.0 plane 0
4536.0 2746.0 4637.0 2746.0 4637.0 2847.0 4536.0 2847.0 storage-tank 0
8674.0 1286.0 8894.0 1286.0 8894.0 1508.0 8674.0 1508.0 plane 0
947.0 2982.0 992.0 2982.0 992.0 3014.0 947.0 3014.0 large-vehicle 0
1191.0 3466.0 1234.0 3466.0 1234.0 3492.0 1191.0 3492.0 large-vehicle 0
1201.0 3405.0 1247.0 3405.0 1247.0 3430.0 1201.0 3430.0 large-vehicle 0
1178.0 3413.0 1203.0 3413.0 1203.0 3430.0 1178.0 3430.0 large-vehicle 0
1134.0 3430.0 1176.0 3430.0 1176.0 3454.0 1134.0 3454.0 large-vehicle 0
1117.0 3434.0 1158.0 3434.0 1158.0 3457.0 1117.0 3457.0 large-vehicle 0
1101.0 3443.0 1142.0 3443.0 1142.0 3467.0 1101.0 3467.0 large-vehicle 0
397.0 3959.0 411.0 3959.0 411.0 3976.0 397.0 3976.0 small-vehicle 1
4571.0 2853.0 4663.0 2853.0 4663.0 2944.0 4571.0 2944.0 storage-tank 0
796.0 3759.0 810.0 3759.0 810.0 3769.0 796.0 3769.0 small-vehicle 1
676.0 3618.0 688.0 3618.0 688.0 3633.0 676.0 3633.0 small-vehicle 1
662.0 3624.0 672.0 3624.0 672.0 3637.0 662.0 3637.0 small-vehicle 1
645.0 3628.0 657.0 3628.0 657.0 3645.0 645.0 3645.0 small-vehicle 1
636.0 3632.0 645.0 3632.0 645.0 3649.0 636.0 3649.0 small-vehicle 1
624.0 3637.0 633.0 3637.0 633.0 3651.0 624.0 3651.0 small-vehicle 1
1159.0 3479.0 1202.0 3479.0 1202.0 3505.0 1159.0 3505.0 large-vehicle 0
1132.0 3488.0 1175.0 3488.0 1175.0 3513.0 1132.0 3513.0 large-vehicle 0
1118.0 3498.0 1160.0 3498.0 1160.0 3524.0 1118.0 3524.0 large-vehicle 0
1100.0 3501.0 1142.0 3501.0 1142.0 3526.0 1100.0 3526.0 large-vehicle 0
1090.0 3506.0 1132.0 3506.0 1132.0 3530.0 1090.0 3530.0 large-vehicle 0
958.0 3504.0 993.0 3504.0 993.0 3524.0 958.0 3524.0 large-vehicle 0
236.0 3418.0 278.0 3418.0 278.0 3448.0 236.0 3448.0 large-vehicle 0
395.0 3320.0 436.0 3320.0 436.0 3350.0 395.0 3350.0 large-vehicle 0
5060.0 2758.0 5168.0 2758.0 5168.0 2874.0 5060.0 2874.0 storage-tank 0
5017.0 2654.0 5126.0 2654.0 5126.0 2766.0 5017.0 2766.0 storage-tank 0
4985.0 2550.0 5094.0 2550.0 5094.0 2670.0 4985.0 2670.0 storage-tank 0
4844.0 2742.0 4977.0 2742.0 4977.0 2872.0 4844.0 2872.0 storage-tank 0
4807.0 2622.0 4932.0 2622.0 4932.0 2743.0 4807.0 2743.0 storage-tank 0
4739.0 2806.0 4850.0 2806.0 4850.0 2925.0 4739.0 2925.0 storage-tank 0
4680.0 2678.0 4806.0 2678.0 4806.0 2798.0 4680.0 2798.0 storage-tank 0
4607.0 2688.0 4667.0 2688.0 4667.0 2755.0 4607.0 2755.0 storage-tank 0
4606.0 2945.0 4699.0 2945.0 4699.0 3040.0 4606.0 3040.0 storage-tank 0
8394.0 1402.0 8624.0 1402.0 8624.0 1610.0 8394.0 1610.0 plane 0
8826.0 990.0 9014.0 990.0 9014.0 1184.0 8826.0 1184.0 plane 0
620.0 3689.0 630.0 3689.0 630.0 3704.0 620.0 3704.0 small-vehicle 1
5084.0 1360.0 5308.0 1360.0 5308.0 1558.0 5084.0 1558.0 plane 0
3896.0 3196.0 4080.0 3196.0 4080.0 3364.0 3896.0 3364.0 plane 0
4290.0 3020.0 4524.0 3020.0 4524.0 3238.0 4290.0 3238.0 plane 0
4258.0 2880.0 4460.0 2880.0 4460.0 3064.0 4258.0 3064.0 plane 0
4254.0 2058.0 4492.0 2058.0 4492.0 2290.0 4254.0 2290.0 plane 0
4044.0 2130.0 4288.0 2130.0 4288.0 2368.0 4044.0 2368.0 plane 0
5244.0 1342.0 5352.0 1342.0 5352.0 1446.0 5244.0 1446.0 plane 0
4844.0 1436.0 5072.0 1436.0 5072.0 1640.0 4844.0 1640.0 plane 0
4520.0 3204.0 4766.0 3204.0 4766.0 3436.0 4520.0 3436.0 plane 0
4636.0 2400.0 4870.0 2400.0 4870.0 2644.0 4636.0 2644.0 plane 0
5150.0 2564.0 5304.0 2564.0 5304.0 2702.0 5150.0 2702.0 plane 0
5674.0 2492.0 5912.0 2492.0 5912.0 2694.0 5674.0 2694.0 plane 0
5260.0 2632.0 5510.0 2632.0 5510.0 2862.0 5260.0 2862.0 plane 0
4490.0 3458.0 4702.0 3458.0 4702.0 3674.0 4490.0 3674.0 plane 0
4616.0 3758.0 4776.0 3758.0 4776.0 3892.0 4616.0 3892.0 plane 0
4068.0 3608.0 4278.0 3608.0 4278.0 3818.0 4068.0 3818.0 plane 0
3790.0 3542.0 3926.0 3542.0 3926.0 3666.0 3790.0 3666.0 plane 0
3734.0 3736.0 3944.0 3736.0 3944.0 3946.0 3734.0 3946.0 plane 0
3544.0 3808.0 3742.0 3808.0 3742.0 4012.0 3544.0 4012.0 plane 0
3406.0 4728.0 3558.0 4728.0 3558.0 4870.0 3406.0 4870.0 plane 0
3116.0 4502.0 3246.0 4502.0 3246.0 4636.0 3116.0 4636.0 plane 0
3196.0 4134.0 3442.0 4134.0 3442.0 4366.0 3196.0 4366.0 plane 0
2630.0 4246.0 2740.0 4246.0 2740.0 4366.0 2630.0 4366.0 plane 0
3488.0 3326.0 3698.0 3326.0 3698.0 3528.0 3488.0 3528.0 plane 0
3094.0 3246.0 3348.0 3246.0 3348.0 3482.0 3094.0 3482.0 plane 0
2736.0 3520.0 2888.0 3520.0 2888.0 3654.0 2736.0 3654.0 plane 0
2050.0 4458.0 2180.0 4458.0 2180.0 4586.0 2050.0 4586.0 plane 0
1594.0 4558.0 1846.0 4558.0 1846.0 4814.0 1594.0 4814.0 plane 0
1342.0 3926.0 1628.0 3926.0 1628.0 4190.0 1342.0 4190.0 plane 0
662.0 4188.0 902.0 4188.0 902.0 4420.0 662.0 4420.0 plane 0
322.0 4058.0 536.0 4058.0 536.0 4276.0 322.0 4276.0 plane 0
98.0 4144.0 318.0 4144.0 318.0 4366.0 98.0 4366.0 plane 0
5084.0 3526.0 5334.0 3526.0 5334.0 3764.0 5084.0 3764.0 plane 0
4816.0 3160.0 4968.0 3160.0 4968.0 3300.0 4816.0 3300.0 plane 0
9012.0 868.0 9232.0 868.0 9232.0 1076.0 9012.0 1076.0 plane 0
7940.0 1716.0 8176.0 1716.0 8176.0 1938.0 7940.0 1938.0 plane 0
7364.0 1478.0 7498.0 1478.0 7498.0 1612.0 7364.0 1612.0 plane 0
7490.0 1210.0 7622.0 1210.0 7622.0 1340.0 7490.0 1340.0 plane 0
8066.0 874.0 8182.0 874.0 8182.0 972.0 8066.0 972.0 plane 0
7700.0 1312.0 7850.0 1312.0 7850.0 1452.0 7700.0 1452.0 plane 0
7576.0 1406.0 7842.0 1406.0 7842.0 1644.0 7576.0 1644.0 plane 0
7688.0 2576.0 7956.0 2576.0 7956.0 2808.0 7688.0 2808.0 plane 0
7974.0 1570.0 8152.0 1570.0 8152.0 1740.0 7974.0 1740.0 plane 0
5062.0 3070.0 5210.0 3070.0 5210.0 3204.0 5062.0 3204.0 plane 0
8060.0 1460.0 8196.0 1460.0 8196.0 1586.0 8060.0 1586.0 plane 0
8094.0 1266.0 8310.0 1266.0 8310.0 1480.0 8094.0 1480.0 plane 0
8184.0 1098.0 8394.0 1098.0 8394.0 1306.0 8184.0 1306.0 plane 0
8670.0 628.0 8812.0 628.0 8812.0 764.0 8670.0 764.0 plane 0
8986.0 666.0 9112.0 666.0 9112.0 784.0 8986.0 784.0 plane 0
9090.0 704.0 9278.0 704.0 9278.0 886.0 9090.0 886.0 plane 0
7160.0 1914.0 7284.0 1914.0 7284.0 2034.0 7160.0 2034.0 plane 0
6988.0 2076.0 7114.0 2076.0 7114.0 2218.0 6988.0 2218.0 plane 0
6880.0 2106.0 7018.0 2106.0 7018.0 2264.0 6880.0 2264.0 plane 0
6700.0 2416.0 6934.0 2416.0 6934.0 2624.0 6700.0 2624.0 plane 0
7224.0 2770.0 7442.0 2770.0 7442.0 2972.0 7224.0 2972.0 plane 0
6430.0 2302.0 6546.0 2302.0 6546.0 2420.0 6430.0 2420.0 plane 0
6532.0 1608.0 6804.0 1608.0 6804.0 1852.0 6532.0 1852.0 plane 0
6578.0 1350.0 6808.0 1350.0 6808.0 1576.0 6578.0 1576.0 plane 0
6368.0 1414.0 6618.0 1414.0 6618.0 1664.0 6368.0 1664.0 plane 0
6154.0 1482.0 6424.0 1482.0 6424.0 1744.0 6154.0 1744.0 plane 0
5960.0 1548.0 6220.0 1548.0 6220.0 1802.0 5960.0 1802.0 plane 0
6200.0 2708.0 6326.0 2708.0 6326.0 2838.0 6200.0 2838.0 plane 0
5696.0 2760.0 5964.0 2760.0 5964.0 2998.0 5696.0 2998.0 plane 0
5950.0 3286.0 6086.0 3286.0 6086.0 3412.0 5950.0 3412.0 plane 0
5548.0 3152.0 5684.0 3152.0 5684.0 3298.0 5548.0 3298.0 plane 0
5440.0 3194.0 5562.0 3194.0 5562.0 3320.0 5440.0 3320.0 plane 0
5320.0 2978.0 5458.0 2978.0 5458.0 3110.0 5320.0 3110.0 plane 0
603.0 3696.0 614.0 3696.0 614.0 3712.0 603.0 3712.0 small-vehicle 1
652.0 3680.0 664.0 3680.0 664.0 3693.0 652.0 3693.0 small-vehicle 1
3074.0 2411.0 3099.0 2411.0 3099.0 2452.0 3074.0 2452.0 large-vehicle 1
2899.0 394.0 2916.0 394.0 2916.0 402.0 2899.0 402.0 small-vehicle 1
2827.0 486.0 2842.0 486.0 2842.0 501.0 2827.0 501.0 small-vehicle 1
2983.0 501.0 2991.0 501.0 2991.0 523.0 2983.0 523.0 small-vehicle 1
3014.0 491.0 3024.0 491.0 3024.0 510.0 3014.0 510.0 small-vehicle 1
3036.0 515.0 3056.0 515.0 3056.0 526.0 3036.0 526.0 small-vehicle 1
3088.0 495.0 3104.0 495.0 3104.0 518.0 3088.0 518.0 small-vehicle 1
2829.0 380.0 2849.0 380.0 2849.0 389.0 2829.0 389.0 small-vehicle 1
2833.0 500.0 2845.0 500.0 2845.0 526.0 2833.0 526.0 large-vehicle 0
2943.0 782.0 2953.0 782.0 2953.0 802.0 2943.0 802.0 small-vehicle 0
2836.0 527.0 2849.0 527.0 2849.0 550.0 2836.0 550.0 large-vehicle 0
2887.0 757.0 2931.0 757.0 2931.0 770.0 2887.0 770.0 large-vehicle 0
2730.0 783.0 2741.0 783.0 2741.0 823.0 2730.0 823.0 large-vehicle 0
3004.0 743.0 3024.0 743.0 3024.0 754.0 3004.0 754.0 small-vehicle 0
3024.0 781.0 3039.0 781.0 3039.0 802.0 3024.0 802.0 small-vehicle 0
2985.0 775.0 2997.0 775.0 2997.0 796.0 2985.0 796.0 small-vehicle 0
2678.0 490.0 2691.0 490.0 2691.0 507.0 2678.0 507.0 small-vehicle 1
2668.0 493.0 2680.0 493.0 2680.0 511.0 2668.0 511.0 small-vehicle 1
2590.0 425.0 2599.0 425.0 2599.0 442.0 2590.0 442.0 small-vehicle 1
2882.0 377.0 2899.0 377.0 2899.0 384.0 2882.0 384.0 small-vehicle 1
2978.0 354.0 2991.0 354.0 2991.0 361.0 2978.0 361.0 small-vehicle 1
2975.0 326.0 2991.0 326.0 2991.0 333.0 2975.0 333.0 small-vehicle 1
3002.0 344.0 3011.0 344.0 3011.0 362.0 3002.0 362.0 small-vehicle 1
2975.0 388.0 2999.0 388.0 2999.0 398.0 2975.0 398.0 large-vehicle 0
2807.0 400.0 2835.0 400.0 2835.0 409.0 2807.0 409.0 large-vehicle 0
2653.0 394.0 2677.0 394.0 2677.0 405.0 2653.0 405.0 large-vehicle 0
1457.0 860.0 1479.0 860.0 1479.0 878.0 1457.0 878.0 large-vehicle 0
1513.0 2634.0 1554.0 2634.0 1554.0 2665.0 1513.0 2665.0 large-vehicle 0
2147.0 3110.0 2187.0 3110.0 2187.0 3140.0 2147.0 3140.0 large-vehicle 0
2140.0 3092.0 2182.0 3092.0 2182.0 3126.0 2140.0 3126.0 large-vehicle 0
2134.0 3076.0 2175.0 3076.0 2175.0 3107.0 2134.0 3107.0 large-vehicle 0
2126.0 3058.0 2171.0 3058.0 2171.0 3095.0 2126.0 3095.0 large-vehicle 0
2122.0 3042.0 2163.0 3042.0 2163.0 3076.0 2122.0 3076.0 large-vehicle 0
2976.0 774.0 2990.0 774.0 2990.0 800.0 2976.0 800.0 small-vehicle 0
2932.0 778.0 2943.0 778.0 2943.0 800.0 2932.0 800.0 small-vehicle 0
2111.0 3012.0 2152.0 3012.0 2152.0 3046.0 2111.0 3046.0 large-vehicle 0
2791.0 2522.0 2835.0 2522.0 2835.0 2547.0 2791.0 2547.0 large-vehicle 1
2673.0 2566.0 2717.0 2566.0 2717.0 2593.0 2673.0 2593.0 large-vehicle 1
2661.0 2575.0 2705.0 2575.0 2705.0 2602.0 2661.0 2602.0 large-vehicle 1
2621.0 2580.0 2667.0 2580.0 2667.0 2608.0 2621.0 2608.0 large-vehicle 1
2607.0 2585.0 2649.0 2585.0 2649.0 2611.0 2607.0 2611.0 large-vehicle 1
2743.0 2537.0 2789.0 2537.0 2789.0 2564.0 2743.0 2564.0 large-vehicle 1
2765.0 2527.0 2815.0 2527.0 2815.0 2558.0 2765.0 2558.0 large-vehicle 1
2752.0 2499.0 2793.0 2499.0 2793.0 2520.0 2752.0 2520.0 large-vehicle 1
2901.0 780.0 2913.0 780.0 2913.0 803.0 2901.0 803.0 small-vehicle 0
2924.0 2462.0 2949.0 2462.0 2949.0 2503.0 2924.0 2503.0 large-vehicle 1
2935.0 2457.0 2960.0 2457.0 2960.0 2503.0 2935.0 2503.0 large-vehicle 1
2958.0 2449.0 2985.0 2449.0 2985.0 2494.0 2958.0 2494.0 large-vehicle 1
2991.0 2441.0 3014.0 2441.0 3014.0 2485.0 2991.0 2485.0 large-vehicle 1
3017.0 2430.0 3041.0 2430.0 3041.0 2471.0 3017.0 2471.0 large-vehicle 1
3049.0 2420.0 3075.0 2420.0 3075.0 2462.0 3049.0 2462.0 large-vehicle 1
2631.0 2527.0 2675.0 2527.0 2675.0 2550.0 2631.0 2550.0 large-vehicle 1
2579.0 2546.0 2619.0 2546.0 2619.0 2572.0 2579.0 2572.0 large-vehicle 1
2521.0 2568.0 2564.0 2568.0 2564.0 2592.0 2521.0 2592.0 large-vehicle 1
2459.0 2591.0 2500.0 2591.0 2500.0 2617.0 2459.0 2617.0 large-vehicle 1
2409.0 2613.0 2451.0 2613.0 2451.0 2638.0 2409.0 2638.0 large-vehicle 1
3037.0 1115.0 3079.0 1115.0 3079.0 1128.0 3037.0 1128.0 large-vehicle 1
3005.0 1061.0 3019.0 1061.0 3019.0 1103.0 3005.0 1103.0 large-vehicle 1
2726.0 1143.0 2757.0 1143.0 2757.0 1155.0 2726.0 1155.0 large-vehicle 1
2609.0 1082.0 2617.0 1082.0 2617.0 1099.0 2609.0 1099.0 small-vehicle 0
2541.0 1153.0 2566.0 1153.0 2566.0 1161.0 2541.0 1161.0 small-vehicle 0
2823.0 1135.0 2843.0 1135.0 2843.0 1145.0 2823.0 1145.0 small-vehicle 0
2847.0 1135.0 2865.0 1135.0 2865.0 1145.0 2847.0 1145.0 small-vehicle 0
2905.0 1131.0 2921.0 1131.0 2921.0 1139.0 2905.0 1139.0 small-vehicle 0
2983.0 1125.0 3001.0 1125.0 3001.0 1133.0 2983.0 1133.0 small-vehicle 0
2807.0 726.0 2821.0 726.0 2821.0 746.0 2807.0 746.0 small-vehicle 0
2883.0 782.0 2893.0 782.0 2893.0 804.0 2883.0 804.0 small-vehicle 0
2894.0 781.0 2904.0 781.0 2904.0 804.0 2894.0 804.0 small-vehicle 0
2119.0 3029.0 2160.0 3029.0 2160.0 3061.0 2119.0 3061.0 large-vehicle 0
2107.0 2998.0 2145.0 2998.0 2145.0 3030.0 2107.0 3030.0 large-vehicle 0
640.0 3684.0 653.0 3684.0 653.0 3699.0 640.0 3699.0 small-vehicle 1
2112.0 3394.0 2139.0 3394.0 2139.0 3435.0 2112.0 3435.0 large-vehicle 0
1598.0 3381.0 1639.0 3381.0 1639.0 3401.0 1598.0 3401.0 large-vehicle 0
1668.0 3280.0 1687.0 3280.0 1687.0 3307.0 1668.0 3307.0 large-vehicle 0
1791.0 3395.0 1813.0 3395.0 1813.0 3434.0 1791.0 3434.0 large-vehicle 0
2145.0 3479.0 2170.0 3479.0 2170.0 3524.0 2145.0 3524.0 large-vehicle 0
2139.0 3465.0 2165.0 3465.0 2165.0 3509.0 2139.0 3509.0 large-vehicle 0
2135.0 3449.0 2162.0 3449.0 2162.0 3491.0 2135.0 3491.0 large-vehicle 0
2111.0 3379.0 2136.0 3379.0 2136.0 3421.0 2111.0 3421.0 large-vehicle 0
2164.0 3274.0 2208.0 3274.0 2208.0 3299.0 2164.0 3299.0 large-vehicle 0
2104.0 3373.0 2131.0 3373.0 2131.0 3413.0 2104.0 3413.0 large-vehicle 0
2100.0 3355.0 2126.0 3355.0 2126.0 3404.0 2100.0 3404.0 large-vehicle 0
2095.0 3341.0 2126.0 3341.0 2126.0 3391.0 2095.0 3391.0 large-vehicle 0
2092.0 3337.0 2118.0 3337.0 2118.0 3377.0 2092.0 3377.0 large-vehicle 0
2085.0 3325.0 2113.0 3325.0 2113.0 3370.0 2085.0 3370.0 large-vehicle 0
2076.0 3289.0 2103.0 3289.0 2103.0 3331.0 2076.0 3331.0 large-vehicle 0
1557.0 3413.0 1600.0 3413.0 1600.0 3437.0 1557.0 3437.0 large-vehicle 0
1497.0 3509.0 1519.0 3509.0 1519.0 3545.0 1497.0 3545.0 large-vehicle 0
1455.0 3452.0 1496.0 3452.0 1496.0 3475.0 1455.0 3475.0 large-vehicle 0
1388.0 3492.0 1415.0 3492.0 1415.0 3536.0 1388.0 3536.0 large-vehicle 0
1341.0 3535.0 1383.0 3535.0 1383.0 3556.0 1341.0 3556.0 large-vehicle 0
1534.0 3696.0 1553.0 3696.0 1553.0 3711.0 1534.0 3711.0 small-vehicle 1
732.0 4191.0 744.0 4191.0 744.0 4208.0 732.0 4208.0 small-vehicle 1
748.0 4167.0 760.0 4167.0 760.0 4183.0 748.0 4183.0 small-vehicle 1
406.0 3953.0 418.0 3953.0 418.0 3971.0 406.0 3971.0 small-vehicle 1
307.0 3899.0 322.0 3899.0 322.0 3918.0 307.0 3918.0 small-vehicle 1
348.0 3881.0 363.0 3881.0 363.0 3901.0 348.0 3901.0 small-vehicle 1
368.0 3876.0 382.0 3876.0 382.0 3896.0 368.0 3896.0 small-vehicle 1
407.0 3863.0 423.0 3863.0 423.0 3884.0 407.0 3884.0 small-vehicle 1
694.0 3818.0 704.0 3818.0 704.0 3830.0 694.0 3830.0 small-vehicle 1
686.0 3803.0 700.0 3803.0 700.0 3817.0 686.0 3817.0 small-vehicle 1
678.0 3784.0 688.0 3784.0 688.0 3799.0 678.0 3799.0 small-vehicle 1
632.0 3687.0 642.0 3687.0 642.0 3702.0 632.0 3702.0 small-vehicle 1
2072.0 3273.0 2101.0 3273.0 2101.0 3318.0 2072.0 3318.0 large-vehicle 0
2166.0 3283.0 2211.0 3283.0 2211.0 3307.0 2166.0 3307.0 large-vehicle 0
2104.0 2983.0 2143.0 2983.0 2143.0 3016.0 2104.0 3016.0 large-vehicle 0
2047.0 2945.0 2065.0 2945.0 2065.0 2990.0 2047.0 2990.0 large-vehicle 0
2087.0 3056.0 2104.0 3056.0 2104.0 3100.0 2087.0 3100.0 large-vehicle 0
2081.0 3046.0 2098.0 3046.0 2098.0 3089.0 2081.0 3089.0 large-vehicle 0
2071.0 3000.0 2087.0 3000.0 2087.0 3051.0 2071.0 3051.0 large-vehicle 0
2065.0 2991.0 2081.0 2991.0 2081.0 3035.0 2065.0 3035.0 large-vehicle 0
2059.0 2978.0 2075.0 2978.0 2075.0 3025.0 2059.0 3025.0 large-vehicle 0
2055.0 2971.0 2067.0 2971.0 2067.0 2998.0 2055.0 2998.0 large-vehicle 0
2041.0 2926.0 2059.0 2926.0 2059.0 2971.0 2041.0 2971.0 large-vehicle 0
2172.0 3291.0 2214.0 3291.0 2214.0 3316.0 2172.0 3316.0 large-vehicle 0
2035.0 2909.0 2054.0 2909.0 2054.0 2953.0 2035.0 2953.0 large-vehicle 0
2031.0 2896.0 2047.0 2896.0 2047.0 2940.0 2031.0 2940.0 large-vehicle 0
2070.0 2888.0 2110.0 2888.0 2110.0 2922.0 2070.0 2922.0 large-vehicle 0
2073.0 2902.0 2112.0 2902.0 2112.0 2936.0 2073.0 2936.0 large-vehicle 0
2078.0 2918.0 2116.0 2918.0 2116.0 2951.0 2078.0 2951.0 large-vehicle 0
2083.0 2932.0 2126.0 2932.0 2126.0 2968.0 2083.0 2968.0 large-vehicle 0
1671.0 3028.0 1731.0 3028.0 1731.0 3070.0 1671.0 3070.0 large-vehicle 0
1808.0 2953.0 1849.0 2953.0 1849.0 2983.0 1808.0 2983.0 large-vehicle 0
1952.0 3012.0 1996.0 3012.0 1996.0 3042.0 1952.0 3042.0 large-vehicle 0
1746.0 3273.0 1763.0 3273.0 1763.0 3307.0 1746.0 3307.0 large-vehicle 0
1756.0 3268.0 1778.0 3268.0 1778.0 3304.0 1756.0 3304.0 large-vehicle 0
1631.0 3172.0 1653.0 3172.0 1653.0 3215.0 1631.0 3215.0 large-vehicle 0
2100.0 3085.0 2116.0 3085.0 2116.0 3130.0 2100.0 3130.0 large-vehicle 0
2211.0 3657.0 2237.0 3657.0 2237.0 3673.0 2211.0 3673.0 large-vehicle 0
2183.0 3653.0 2227.0 3653.0 2227.0 3681.0 2183.0 3681.0 large-vehicle 0
2175.0 3659.0 2217.0 3659.0 2217.0 3685.0 2175.0 3685.0 large-vehicle 0
2161.0 3661.0 2205.0 3661.0 2205.0 3689.0 2161.0 3689.0 large-vehicle 0
2136.0 3672.0 2182.0 3672.0 2182.0 3699.0 2136.0 3699.0 large-vehicle 0
2007.0 3739.0 2051.0 3739.0 2051.0 3762.0 2007.0 3762.0 large-vehicle 0
2031.0 3785.0 2073.0 3785.0 2073.0 3807.0 2031.0 3807.0 large-vehicle 0
2203.0 3779.0 2218.0 3779.0 2218.0 3804.0 2203.0 3804.0 large-vehicle 0
2211.0 3775.0 2227.0 3775.0 2227.0 3797.0 2211.0 3797.0 large-vehicle 0
2209.0 3745.0 2233.0 3745.0 2233.0 3787.0 2209.0 3787.0 large-vehicle 0
4603.0 913.0 4619.0 913.0 4619.0 923.0 4603.0 923.0 small-vehicle 1
4870.0 908.0 4889.0 908.0 4889.0 922.0 4870.0 922.0 small-vehicle 1
4813.0 949.0 4829.0 949.0 4829.0 962.0 4813.0 962.0 small-vehicle 1
7387.0 726.0 7405.0 726.0 7405.0 736.0 7387.0 736.0 small-vehicle 1
7310.0 780.0 7325.0 780.0 7325.0 786.0 7310.0 786.0 small-vehicle 1
7294.0 780.0 7309.0 780.0 7309.0 785.0 7294.0 785.0 small-vehicle 1
7336.0 783.0 7352.0 783.0 7352.0 792.0 7336.0 792.0 small-vehicle 1
7324.0 783.0 7339.0 783.0 7339.0 791.0 7324.0 791.0 small-vehicle 1
7313.0 782.0 7322.0 782.0 7322.0 792.0 7313.0 792.0 small-vehicle 1
7299.0 786.0 7313.0 786.0 7313.0 791.0 7299.0 791.0 small-vehicle 1
7287.0 730.0 7303.0 730.0 7303.0 738.0 7287.0 738.0 small-vehicle 1
6651.0 532.0 6659.0 532.0 6659.0 544.0 6651.0 544.0 small-vehicle 1
7142.0 710.0 7159.0 710.0 7159.0 722.0 7142.0 722.0 small-vehicle 1
7171.0 746.0 7187.0 746.0 7187.0 759.0 7171.0 759.0 small-vehicle 1
7454.0 774.0 7468.0 774.0 7468.0 782.0 7454.0 782.0 small-vehicle 1
7238.0 316.0 7255.0 316.0 7255.0 324.0 7238.0 324.0 small-vehicle 1
6863.0 312.0 6876.0 312.0 6876.0 329.0 6863.0 329.0 small-vehicle 1
6839.0 184.0 6845.0 184.0 6845.0 200.0 6839.0 200.0 small-vehicle 1
7323.0 778.0 7337.0 778.0 7337.0 786.0 7323.0 786.0 small-vehicle 1
7339.0 778.0 7352.0 778.0 7352.0 784.0 7339.0 784.0 small-vehicle 1
7267.0 775.0 7282.0 775.0 7282.0 782.0 7267.0 782.0 small-vehicle 1
7251.0 766.0 7263.0 766.0 7263.0 775.0 7251.0 775.0 small-vehicle 1
7262.0 768.0 7278.0 768.0 7278.0 776.0 7262.0 776.0 small-vehicle 1
7277.0 770.0 7290.0 770.0 7290.0 776.0 7277.0 776.0 small-vehicle 1
7291.0 772.0 7305.0 772.0 7305.0 779.0 7291.0 779.0 small-vehicle 1
7305.0 772.0 7319.0 772.0 7319.0 779.0 7305.0 779.0 small-vehicle 1
7319.0 772.0 7333.0 772.0 7333.0 779.0 7319.0 779.0 small-vehicle 1
7333.0 772.0 7347.0 772.0 7347.0 778.0 7333.0 778.0 small-vehicle 1
7237.0 758.0 7251.0 758.0 7251.0 766.0 7237.0 766.0 small-vehicle 1
7253.0 761.0 7265.0 761.0 7265.0 768.0 7253.0 768.0 small-vehicle 1
7265.0 762.0 7280.0 762.0 7280.0 770.0 7265.0 770.0 small-vehicle 1
7280.0 763.0 7293.0 763.0 7293.0 772.0 7280.0 772.0 small-vehicle 1
7293.0 764.0 7311.0 764.0 7311.0 773.0 7293.0 773.0 small-vehicle 1
7309.0 765.0 7325.0 765.0 7325.0 773.0 7309.0 773.0 small-vehicle 1
7327.0 766.0 7338.0 766.0 7338.0 774.0 7327.0 774.0 small-vehicle 1
6471.0 442.0 6487.0 442.0 6487.0 454.0 6471.0 454.0 small-vehicle 1
6656.0 523.0 6665.0 523.0 6665.0 540.0 6656.0 540.0 small-vehicle 1
6899.0 604.0 6913.0 604.0 6913.0 620.0 6899.0 620.0 small-vehicle 1
7975.0 524.0 7987.0 524.0 7987.0 535.0 7975.0 535.0 small-vehicle 1
7095.0 292.0 7107.0 292.0 7107.0 302.0 7095.0 302.0 small-vehicle 1
7906.0 525.0 7921.0 525.0 7921.0 535.0 7906.0 535.0 small-vehicle 1
7917.0 528.0 7929.0 528.0 7929.0 538.0 7917.0 538.0 small-vehicle 1
7987.0 500.0 8000.0 500.0 8000.0 511.0 7987.0 511.0 small-vehicle 1
7973.0 498.0 7985.0 498.0 7985.0 508.0 7973.0 508.0 small-vehicle 1
7990.0 519.0 8003.0 519.0 8003.0 530.0 7990.0 530.0 small-vehicle 1
8042.0 480.0 8057.0 480.0 8057.0 493.0 8042.0 493.0 small-vehicle 1
6663.0 519.0 6669.0 519.0 6669.0 535.0 6663.0 535.0 small-vehicle 1
8087.0 484.0 8099.0 484.0 8099.0 494.0 8087.0 494.0 small-vehicle 1
8061.0 504.0 8073.0 504.0 8073.0 514.0 8061.0 514.0 small-vehicle 1
7467.0 622.0 7477.0 622.0 7477.0 637.0 7467.0 637.0 small-vehicle 1
7361.0 844.0 7379.0 844.0 7379.0 861.0 7361.0 861.0 small-vehicle 1
7555.0 711.0 7566.0 711.0 7566.0 725.0 7555.0 725.0 small-vehicle 1
7509.0 729.0 7521.0 729.0 7521.0 741.0 7509.0 741.0 small-vehicle 1
7087.0 282.0 7103.0 282.0 7103.0 294.0 7087.0 294.0 small-vehicle 1
7234.0 260.0 7251.0 260.0 7251.0 271.0 7234.0 271.0 small-vehicle 1
7199.0 212.0 7214.0 212.0 7214.0 223.0 7199.0 223.0 small-vehicle 1
7432.0 204.0 7445.0 204.0 7445.0 215.0 7432.0 215.0 small-vehicle 1
7434.0 192.0 7452.0 192.0 7452.0 203.0 7434.0 203.0 small-vehicle 1
7499.0 165.0 7513.0 165.0 7513.0 176.0 7499.0 176.0 small-vehicle 1
7701.0 73.0 7717.0 73.0 7717.0 85.0 7701.0 85.0 small-vehicle 1
7655.0 68.0 7701.0 68.0 7701.0 91.0 7655.0 91.0 large-vehicle 0
6743.0 332.0 6789.0 332.0 6789.0 356.0 6743.0 356.0 large-vehicle 0
6720.0 518.0 6733.0 518.0 6733.0 530.0 6720.0 530.0 small-vehicle 1
6705.0 523.0 6722.0 523.0 6722.0 537.0 6705.0 537.0 small-vehicle 1
7031.0 318.0 7048.0 318.0 7048.0 331.0 7031.0 331.0 small-vehicle 1
7250.0 241.0 7267.0 241.0 7267.0 253.0 7250.0 253.0 small-vehicle 1
6747.0 469.0 6756.0 469.0 6756.0 484.0 6747.0 484.0 small-vehicle 1
6713.0 491.0 6721.0 491.0 6721.0 504.0 6713.0 504.0 small-vehicle 1
6682.0 508.0 6689.0 508.0 6689.0 524.0 6682.0 524.0 small-vehicle 1
6675.0 513.0 6680.0 513.0 6680.0 528.0 6675.0 528.0 small-vehicle 1
6865.0 560.0 6882.0 560.0 6882.0 571.0 6865.0 571.0 small-vehicle 1
6889.0 610.0 6905.0 610.0 6905.0 624.0 6889.0 624.0 small-vehicle 1
7571.0 732.0 7585.0 732.0 7585.0 741.0 7571.0 741.0 small-vehicle 1
7321.0 751.0 7336.0 751.0 7336.0 759.0 7321.0 759.0 small-vehicle 1
7351.0 773.0 7365.0 773.0 7365.0 783.0 7351.0 783.0 small-vehicle 1
7351.0 780.0 7368.0 780.0 7368.0 789.0 7351.0 789.0 small-vehicle 1
7354.0 788.0 7367.0 788.0 7367.0 795.0 7354.0 795.0 small-vehicle 1
7340.0 790.0 7355.0 790.0 7355.0 797.0 7340.0 797.0 small-vehicle 1
7327.0 789.0 7339.0 789.0 7339.0 795.0 7327.0 795.0 small-vehicle 1
7314.0 791.0 7328.0 791.0 7328.0 801.0 7314.0 801.0 small-vehicle 1
7309.0 751.0 7322.0 751.0 7322.0 760.0 7309.0 760.0 small-vehicle 1
7155.0 717.0 7173.0 717.0 7173.0 728.0 7155.0 728.0 small-vehicle 1
7295.0 754.0 7309.0 754.0 7309.0 759.0 7295.0 759.0 small-vehicle 1
7279.0 751.0 7294.0 751.0 7294.0 758.0 7279.0 758.0 small-vehicle 1
7263.0 749.0 7279.0 749.0 7279.0 757.0 7263.0 757.0 small-vehicle 1
7250.0 747.0 7264.0 747.0 7264.0 756.0 7250.0 756.0 small-vehicle 1
7236.0 744.0 7251.0 744.0 7251.0 753.0 7236.0 753.0 small-vehicle 1
7223.0 743.0 7237.0 743.0 7237.0 749.0 7223.0 749.0 small-vehicle 1
7347.0 771.0 7360.0 771.0 7360.0 777.0 7347.0 777.0 small-vehicle 1
7339.0 765.0 7354.0 765.0 7354.0 771.0 7339.0 771.0 small-vehicle 1
7337.0 758.0 7352.0 758.0 7352.0 765.0 7337.0 765.0 small-vehicle 1
7338.0 753.0 7349.0 753.0 7349.0 759.0 7338.0 759.0 small-vehicle 1
7350.0 751.0 7362.0 751.0 7362.0 757.0 7350.0 757.0 small-vehicle 1
7351.0 755.0 7365.0 755.0 7365.0 763.0 7351.0 763.0 small-vehicle 1
7353.0 761.0 7367.0 761.0 7367.0 769.0 7353.0 769.0 small-vehicle 1
7360.0 765.0 7373.0 765.0 7373.0 775.0 7360.0 775.0 small-vehicle 1
7364.0 771.0 7378.0 771.0 7378.0 781.0 7364.0 781.0 small-vehicle 1
7368.0 778.0 7381.0 778.0 7381.0 787.0 7368.0 787.0 small-vehicle 1
7367.0 783.0 7382.0 783.0 7382.0 793.0 7367.0 793.0 small-vehicle 1
7355.0 794.0 7369.0 794.0 7369.0 801.0 7355.0 801.0 small-vehicle 1
7370.0 792.0 7385.0 792.0 7385.0 800.0 7370.0 800.0 small-vehicle 1
7365.0 801.0 7379.0 801.0 7379.0 809.0 7365.0 809.0 small-vehicle 1
7197.0 736.0 7211.0 736.0 7211.0 744.0 7197.0 744.0 small-vehicle 1
7099.0 767.0 7105.0 767.0 7105.0 779.0 7099.0 779.0 small-vehicle 1
7111.0 774.0 7119.0 774.0 7119.0 787.0 7111.0 787.0 small-vehicle 1
7173.0 727.0 7188.0 727.0 7188.0 738.0 7173.0 738.0 small-vehicle 1
7046.0 733.0 7058.0 733.0 7058.0 749.0 7046.0 749.0 small-vehicle 1
6884.0 614.0 6899.0 614.0 6899.0 628.0 6884.0 628.0 small-vehicle 1
6835.0 658.0 6851.0 658.0 6851.0 671.0 6835.0 671.0 small-vehicle 1
6788.0 695.0 6802.0 695.0 6802.0 710.0 6788.0 710.0 small-vehicle 1
6791.0 692.0 6806.0 692.0 6806.0 706.0 6791.0 706.0 small-vehicle 1
6797.0 689.0 6811.0 689.0 6811.0 702.0 6797.0 702.0 small-vehicle 1
6801.0 684.0 6817.0 684.0 6817.0 697.0 6801.0 697.0 small-vehicle 1
6805.0 677.0 6821.0 677.0 6821.0 693.0 6805.0 693.0 small-vehicle 1
6831.0 660.0 6847.0 660.0 6847.0 674.0 6831.0 674.0 small-vehicle 1
6841.0 652.0 6855.0 652.0 6855.0 666.0 6841.0 666.0 small-vehicle 1
7058.0 759.0 7069.0 759.0 7069.0 777.0 7058.0 777.0 small-vehicle 1
6853.0 642.0 6867.0 642.0 6867.0 658.0 6853.0 658.0 small-vehicle 1
6859.0 637.0 6873.0 637.0 6873.0 651.0 6859.0 651.0 small-vehicle 1
6862.0 633.0 6879.0 633.0 6879.0 648.0 6862.0 648.0 small-vehicle 1
6869.0 629.0 6884.0 629.0 6884.0 644.0 6869.0 644.0 small-vehicle 1
6873.0 625.0 6889.0 625.0 6889.0 640.0 6873.0 640.0 small-vehicle 1
6879.0 619.0 6894.0 619.0 6894.0 635.0 6879.0 635.0 small-vehicle 1
6779.0 703.0 6795.0 703.0 6795.0 720.0 6779.0 720.0 small-vehicle 1
6771.0 713.0 6784.0 713.0 6784.0 726.0 6771.0 726.0 small-vehicle 1
6756.0 722.0 6772.0 722.0 6772.0 738.0 6756.0 738.0 small-vehicle 1
6752.0 729.0 6768.0 729.0 6768.0 743.0 6752.0 743.0 small-vehicle 1
6725.0 771.0 6738.0 771.0 6738.0 785.0 6725.0 785.0 small-vehicle 1
6715.0 763.0 6737.0 763.0 6737.0 784.0 6715.0 784.0 small-vehicle 1
6735.0 779.0 6747.0 779.0 6747.0 795.0 6735.0 795.0 small-vehicle 1
7459.0 856.0 7473.0 856.0 7473.0 868.0 7459.0 868.0 small-vehicle 1
7450.0 872.0 7469.0 872.0 7469.0 885.0 7450.0 885.0 small-vehicle 1
7220.0 749.0 7234.0 749.0 7234.0 757.0 7220.0 757.0 small-vehicle 1
7234.0 751.0 7249.0 751.0 7249.0 759.0 7234.0 759.0 small-vehicle 1
7249.0 755.0 7263.0 755.0 7263.0 762.0 7249.0 762.0 small-vehicle 1
7263.0 757.0 7280.0 757.0 7280.0 762.0 7263.0 762.0 small-vehicle 1
7281.0 759.0 7293.0 759.0 7293.0 765.0 7281.0 765.0 small-vehicle 1
7294.0 759.0 7310.0 759.0 7310.0 766.0 7294.0 766.0 small-vehicle 1
7309.0 759.0 7323.0 759.0 7323.0 765.0 7309.0 765.0 small-vehicle 1
7323.0 759.0 7337.0 759.0 7337.0 767.0 7323.0 767.0 small-vehicle 1
7512.0 751.0 7527.0 751.0 7527.0 763.0 7512.0 763.0 small-vehicle 1
7642.0 679.0 7652.0 679.0 7652.0 692.0 7642.0 692.0 small-vehicle 1
6625.0 974.0 6637.0 974.0 6637.0 988.0 6625.0 988.0 small-vehicle 1
1596.0 1020.0 1611.0 1020.0 1611.0 1026.0 1596.0 1026.0 small-vehicle 1
1525.0 3462.0 1538.0 3462.0 1538.0 3473.0 1525.0 3473.0 small-vehicle 1
1260.0 3543.0 1275.0 3543.0 1275.0 3554.0 1260.0 3554.0 small-vehicle 1
1277.0 3551.0 1291.0 3551.0 1291.0 3560.0 1277.0 3560.0 small-vehicle 1
1523.0 3313.0 1535.0 3313.0 1535.0 3323.0 1523.0 3323.0 small-vehicle 1
1518.0 3303.0 1530.0 3303.0 1530.0 3313.0 1518.0 3313.0 small-vehicle 1
1583.0 1018.0 1598.0 1018.0 1598.0 1026.0 1583.0 1026.0 small-vehicle 1
1622.0 1013.0 1637.0 1013.0 1637.0 1020.0 1622.0 1020.0 small-vehicle 1
1890.0 1031.0 1897.0 1031.0 1897.0 1044.0 1890.0 1044.0 small-vehicle 1
1596.0 1034.0 1604.0 1034.0 1604.0 1047.0 1596.0 1047.0 small-vehicle 1
1605.0 1034.0 1611.0 1034.0 1611.0 1046.0 1605.0 1046.0 small-vehicle 1
1624.0 1035.0 1630.0 1035.0 1630.0 1048.0 1624.0 1048.0 small-vehicle 1
1617.0 1034.0 1624.0 1034.0 1624.0 1045.0 1617.0 1045.0 small-vehicle 1
1655.0 918.0 1668.0 918.0 1668.0 924.0 1655.0 924.0 small-vehicle 1
1907.0 1030.0 1913.0 1030.0 1913.0 1043.0 1907.0 1043.0 small-vehicle 1
1586.0 3451.0 1601.0 3451.0 1601.0 3463.0 1586.0 3463.0 small-vehicle 1
1646.0 3424.0 1659.0 3424.0 1659.0 3435.0 1646.0 3435.0 small-vehicle 1
1627.0 3415.0 1640.0 3415.0 1640.0 3425.0 1627.0 3425.0 small-vehicle 1
1621.0 3319.0 1643.0 3319.0 1643.0 3335.0 1621.0 3335.0 small-vehicle 1
1640.0 3342.0 1647.0 3342.0 1647.0 3354.0 1640.0 3354.0 small-vehicle 1
1659.0 3368.0 1671.0 3368.0 1671.0 3379.0 1659.0 3379.0 small-vehicle 1
1636.0 3850.0 1653.0 3850.0 1653.0 3863.0 1636.0 3863.0 small-vehicle 1
1266.0 3971.0 1279.0 3971.0 1279.0 3990.0 1266.0 3990.0 small-vehicle 1
1259.0 3976.0 1273.0 3976.0 1273.0 3997.0 1259.0 3997.0 small-vehicle 1
1245.0 3986.0 1259.0 3986.0 1259.0 3996.0 1245.0 3996.0 small-vehicle 1
1249.0 3998.0 1265.0 3998.0 1265.0 4010.0 1249.0 4010.0 small-vehicle 1
662.0 3852.0 677.0 3852.0 677.0 3858.0 662.0 3858.0 small-vehicle 1
666.0 3860.0 678.0 3860.0 678.0 3866.0 666.0 3866.0 small-vehicle 1
641.0 3859.0 653.0 3859.0 653.0 3874.0 641.0 3874.0 small-vehicle 1
636.0 3846.0 648.0 3846.0 648.0 3860.0 636.0 3860.0 small-vehicle 1
635.0 3838.0 645.0 3838.0 645.0 3851.0 635.0 3851.0 small-vehicle 1
632.0 3832.0 644.0 3832.0 644.0 3844.0 632.0 3844.0 small-vehicle 1
1917.0 1032.0 1922.0 1032.0 1922.0 1045.0 1917.0 1045.0 small-vehicle 1
1923.0 1031.0 1929.0 1031.0 1929.0 1046.0 1923.0 1046.0 small-vehicle 1
626.0 3820.0 638.0 3820.0 638.0 3832.0 626.0 3832.0 small-vehicle 1
5940.0 205.0 5954.0 205.0 5954.0 216.0 5940.0 216.0 small-vehicle 1
5035.0 1180.0 5049.0 1180.0 5049.0 1192.0 5035.0 1192.0 small-vehicle 1
5542.0 295.0 5554.0 295.0 5554.0 306.0 5542.0 306.0 small-vehicle 1
5770.0 205.0 5790.0 205.0 5790.0 216.0 5770.0 216.0 small-vehicle 1
5786.0 192.0 5800.0 192.0 5800.0 204.0 5786.0 204.0 small-vehicle 1
5678.0 274.0 5693.0 274.0 5693.0 286.0 5678.0 286.0 small-vehicle 1
5803.0 246.0 5818.0 246.0 5818.0 256.0 5803.0 256.0 small-vehicle 1
6151.0 152.0 6164.0 152.0 6164.0 163.0 6151.0 163.0 small-vehicle 1
1929.0 1032.0 1936.0 1032.0 1936.0 1045.0 1929.0 1045.0 small-vehicle 1
6290.0 487.0 6305.0 487.0 6305.0 497.0 6290.0 497.0 small-vehicle 1
6340.0 480.0 6357.0 480.0 6357.0 492.0 6340.0 492.0 small-vehicle 1
6724.0 358.0 6736.0 358.0 6736.0 368.0 6724.0 368.0 small-vehicle 1
6710.0 360.0 6724.0 360.0 6724.0 368.0 6710.0 368.0 small-vehicle 1
6711.0 372.0 6724.0 372.0 6724.0 381.0 6711.0 381.0 small-vehicle 1
6572.0 443.0 6588.0 443.0 6588.0 453.0 6572.0 453.0 small-vehicle 1
5029.0 1296.0 5039.0 1296.0 5039.0 1309.0 5029.0 1309.0 small-vehicle 1
5045.0 1288.0 5055.0 1288.0 5055.0 1303.0 5045.0 1303.0 small-vehicle 1
5134.0 1258.0 5142.0 1258.0 5142.0 1272.0 5134.0 1272.0 small-vehicle 1
5155.0 1246.0 5166.0 1246.0 5166.0 1260.0 5155.0 1260.0 small-vehicle 1
5163.0 1258.0 5173.0 1258.0 5173.0 1271.0 5163.0 1271.0 small-vehicle 1
3656.0 672.0 3673.0 672.0 3673.0 688.0 3656.0 688.0 small-vehicle 1
3649.0 666.0 3669.0 666.0 3669.0 684.0 3649.0 684.0 small-vehicle 1
3507.0 344.0 3511.0 344.0 3511.0 357.0 3507.0 357.0 small-vehicle 1
3498.0 346.0 3505.0 346.0 3505.0 358.0 3498.0 358.0 small-vehicle 1
3495.0 348.0 3500.0 348.0 3500.0 360.0 3495.0 360.0 small-vehicle 1
3487.0 348.0 3493.0 348.0 3493.0 359.0 3487.0 359.0 small-vehicle 1
3481.0 350.0 3486.0 350.0 3486.0 360.0 3481.0 360.0 small-vehicle 1
3475.0 352.0 3481.0 352.0 3481.0 360.0 3475.0 360.0 small-vehicle 1
3470.0 354.0 3476.0 354.0 3476.0 364.0 3470.0 364.0 small-vehicle 1
2629.0 805.0 2639.0 805.0 2639.0 824.0 2629.0 824.0 small-vehicle 1
2593.0 803.0 2610.0 803.0 2610.0 811.0 2593.0 811.0 small-vehicle 1
2875.0 713.0 2886.0 713.0 2886.0 732.0 2875.0 732.0 small-vehicle 1
628.0 3826.0 642.0 3826.0 642.0 3840.0 628.0 3840.0 small-vehicle 1
626.0 3811.0 638.0 3811.0 638.0 3824.0 626.0 3824.0 small-vehicle 1
7690.0 727.0 7701.0 727.0 7701.0 739.0 7690.0 739.0 small-vehicle 1
7677.0 789.0 7684.0 789.0 7684.0 802.0 7677.0 802.0 small-vehicle 1
7703.0 763.0 7715.0 763.0 7715.0 777.0 7703.0 777.0 small-vehicle 1
7691.0 767.0 7702.0 767.0 7702.0 783.0 7691.0 783.0 small-vehicle 1
7598.0 815.0 7611.0 815.0 7611.0 831.0 7598.0 831.0 small-vehicle 1
7645.0 800.0 7657.0 800.0 7657.0 815.0 7645.0 815.0 small-vehicle 1
7657.0 795.0 7667.0 795.0 7667.0 809.0 7657.0 809.0 small-vehicle 1
7664.0 793.0 7673.0 793.0 7673.0 806.0 7664.0 806.0 small-vehicle 1
7684.0 785.0 7693.0 785.0 7693.0 801.0 7684.0 801.0 small-vehicle 1
8492.0 2070.0 8508.0 2070.0 8508.0 2082.0 8492.0 2082.0 small-vehicle 1
7678.0 773.0 7689.0 773.0 7689.0 785.0 7678.0 785.0 small-vehicle 1
7901.0 2256.0 7933.0 2256.0 7933.0 2277.0 7901.0 2277.0 large-vehicle 0
8598.0 2000.0 8623.0 2000.0 8623.0 2018.0 8598.0 2018.0 large-vehicle 0
8455.0 2087.0 8469.0 2087.0 8469.0 2098.0 8455.0 2098.0 small-vehicle 1
8569.0 2050.0 8580.0 2050.0 8580.0 2066.0 8569.0 2066.0 small-vehicle 1
8522.0 2058.0 8538.0 2058.0 8538.0 2070.0 8522.0 2070.0 small-vehicle 1
7711.0 761.0 7719.0 761.0 7719.0 774.0 7711.0 774.0 small-vehicle 1
7729.0 771.0 7736.0 771.0 7736.0 783.0 7729.0 783.0 small-vehicle 1
7724.0 759.0 7733.0 759.0 7733.0 771.0 7724.0 771.0 small-vehicle 1
7663.0 752.0 7673.0 752.0 7673.0 765.0 7663.0 765.0 small-vehicle 1
7645.0 744.0 7655.0 744.0 7655.0 755.0 7645.0 755.0 small-vehicle 1
7629.0 761.0 7641.0 761.0 7641.0 774.0 7629.0 774.0 small-vehicle 1
7672.0 713.0 7689.0 713.0 7689.0 725.0 7672.0 725.0 small-vehicle 1
7657.0 677.0 7667.0 677.0 7667.0 691.0 7657.0 691.0 small-vehicle 1
7658.0 738.0 7668.0 738.0 7668.0 751.0 7658.0 751.0 small-vehicle 1
7665.0 737.0 7675.0 737.0 7675.0 749.0 7665.0 749.0 small-vehicle 1
7677.0 734.0 7685.0 734.0 7685.0 747.0 7677.0 747.0 small-vehicle 1
7682.0 730.0 7691.0 730.0 7691.0 743.0 7682.0 743.0 small-vehicle 1
7687.0 741.0 7698.0 741.0 7698.0 757.0 7687.0 757.0 small-vehicle 1
7700.0 737.0 7710.0 737.0 7710.0 749.0 7700.0 749.0 small-vehicle 1
7714.0 734.0 7722.0 734.0 7722.0 746.0 7714.0 746.0 small-vehicle 1
7709.0 722.0 7720.0 722.0 7720.0 733.0 7709.0 733.0 small-vehicle 1
7696.0 724.0 7707.0 724.0 7707.0 736.0 7696.0 736.0 small-vehicle 1
8527.0 2067.0 8540.0 2067.0 8540.0 2078.0 8527.0 2078.0 small-vehicle 1
8537.0 1367.0 8553.0 1367.0 8553.0 1379.0 8537.0 1379.0 small-vehicle 1
622.0 3804.0 633.0 3804.0 633.0 3816.0 622.0 3816.0 small-vehicle 1
10439.0 177.0 10450.0 177.0 10450.0 192.0 10439.0 192.0 small-vehicle 1
10187.0 304.0 10194.0 304.0 10194.0 319.0 10187.0 319.0 small-vehicle 1
10195.0 305.0 10201.0 305.0 10201.0 315.0 10195.0 315.0 small-vehicle 1
10342.0 225.0 10355.0 225.0 10355.0 237.0 10342.0 237.0 small-vehicle 1
10325.0 186.0 10339.0 186.0 10339.0 198.0 10325.0 198.0 small-vehicle 1
10321.0 174.0 10337.0 174.0 10337.0 186.0 10321.0 186.0 small-vehicle 1
10455.0 159.0 10469.0 159.0 10469.0 174.0 10455.0 174.0 small-vehicle 1
843.0 98.0 849.0 98.0 849.0 110.0 843.0 110.0 small-vehicle 1
8577.0 1382.0 8592.0 1382.0 8592.0 1401.0 8577.0 1401.0 small-vehicle 1
708.0 83.0 721.0 83.0 721.0 99.0 708.0 99.0 small-vehicle 1
829.0 203.0 842.0 203.0 842.0 214.0 829.0 214.0 small-vehicle 1
837.0 215.0 848.0 215.0 848.0 225.0 837.0 225.0 small-vehicle 1
614.0 3784.0 623.0 3784.0 623.0 3798.0 614.0 3798.0 small-vehicle 1
616.0 3792.0 627.0 3792.0 627.0 3805.0 616.0 3805.0 small-vehicle 1
620.0 3798.0 632.0 3798.0 632.0 3811.0 620.0 3811.0 small-vehicle 1
10161.0 307.0 10169.0 307.0 10169.0 321.0 10161.0 321.0 small-vehicle 1
10154.0 309.0 10163.0 309.0 10163.0 323.0 10154.0 323.0 small-vehicle 1
10121.0 315.0 10129.0 315.0 10129.0 329.0 10121.0 329.0 small-vehicle 1
10114.0 312.0 10121.0 312.0 10121.0 328.0 10114.0 328.0 small-vehicle 1
10105.0 315.0 10116.0 315.0 10116.0 332.0 10105.0 332.0 small-vehicle 1
10007.0 353.0 10021.0 353.0 10021.0 360.0 10007.0 360.0 small-vehicle 1
10022.0 390.0 10036.0 390.0 10036.0 399.0 10022.0 399.0 small-vehicle 1
10290.0 1272.0 10302.0 1272.0 10302.0 1286.0 10290.0 1286.0 small-vehicle 1
10217.0 1250.0 10231.0 1250.0 10231.0 1257.0 10217.0 1257.0 small-vehicle 1
10263.0 1236.0 10273.0 1236.0 10273.0 1250.0 10263.0 1250.0 small-vehicle 1
9935.0 1568.0 9948.0 1568.0 9948.0 1577.0 9935.0 1577.0 small-vehicle 1
10251.0 1442.0 10265.0 1442.0 10265.0 1452.0 10251.0 1452.0 small-vehicle 1
10176.0 1420.0 10194.0 1420.0 10194.0 1431.0 10176.0 1431.0 small-vehicle 1
10192.0 1447.0 10205.0 1447.0 10205.0 1463.0 10192.0 1463.0 small-vehicle 1
8698.0 1333.0 8711.0 1333.0 8711.0 1343.0 8698.0 1343.0 small-vehicle 1
8705.0 1330.0 8721.0 1330.0 8721.0 1341.0 8705.0 1341.0 small-vehicle 1
8560.0 1391.0 8571.0 1391.0 8571.0 1403.0 8560.0 1403.0 small-vehicle 1
6621.0 960.0 6631.0 960.0 6631.0 974.0 6621.0 974.0 small-vehicle 1
6629.0 988.0 6639.0 988.0 6639.0 1000.0 6629.0 1000.0 small-vehicle 1
4950.0 941.0 4965.0 941.0 4965.0 950.0 4950.0 950.0 small-vehicle 1
5604.0 737.0 5653.0 737.0 5653.0 761.0 5604.0 761.0 large-vehicle 0
4600.0 3693.0 4625.0 3693.0 4625.0 3708.0 4600.0 3708.0 small-vehicle 1
4275.0 3825.0 4291.0 3825.0 4291.0 3839.0 4275.0 3839.0 small-vehicle 1
4249.0 3837.0 4263.0 3837.0 4263.0 3850.0 4249.0 3850.0 small-vehicle 1
5924.0 2551.0 5934.0 2551.0 5934.0 2563.0 5924.0 2563.0 small-vehicle 1
5892.0 2429.0 5899.0 2429.0 5899.0 2441.0 5892.0 2441.0 small-vehicle 1
5940.0 2605.0 5954.0 2605.0 5954.0 2639.0 5940.0 2639.0 large-vehicle 0
5952.0 580.0 5991.0 580.0 5991.0 600.0 5952.0 600.0 large-vehicle 0
6044.0 549.0 6058.0 549.0 6058.0 561.0 6044.0 561.0 small-vehicle 1
5906.0 583.0 5952.0 583.0 5952.0 603.0 5906.0 603.0 large-vehicle 0
5785.0 621.0 5822.0 621.0 5822.0 640.0 5785.0 640.0 large-vehicle 0
5586.0 734.0 5630.0 734.0 5630.0 755.0 5586.0 755.0 large-vehicle 0
6176.0 750.0 6188.0 750.0 6188.0 765.0 6176.0 765.0 small-vehicle 1
6138.0 533.0 6153.0 533.0 6153.0 542.0 6138.0 542.0 small-vehicle 1
6111.0 530.0 6126.0 530.0 6126.0 539.0 6111.0 539.0 small-vehicle 1
5009.0 2396.0 5023.0 2396.0 5023.0 2408.0 5009.0 2408.0 small-vehicle 1
4933.0 2173.0 4950.0 2173.0 4950.0 2186.0 4933.0 2186.0 small-vehicle 1
4991.0 2163.0 5007.0 2163.0 5007.0 2174.0 4991.0 2174.0 small-vehicle 1
5056.0 2109.0 5070.0 2109.0 5070.0 2118.0 5056.0 2118.0 small-vehicle 1
5053.0 2101.0 5065.0 2101.0 5065.0 2111.0 5053.0 2111.0 small-vehicle 1
4993.0 2088.0 5006.0 2088.0 5006.0 2099.0 4993.0 2099.0 small-vehicle 1
4965.0 2091.0 4983.0 2091.0 4983.0 2103.0 4965.0 2103.0 small-vehicle 1
4913.0 2086.0 4925.0 2086.0 4925.0 2097.0 4913.0 2097.0 small-vehicle 1
4883.0 2011.0 4897.0 2011.0 4897.0 2022.0 4883.0 2022.0 small-vehicle 1
4869.0 2016.0 4884.0 2016.0 4884.0 2027.0 4869.0 2027.0 small-vehicle 1
4874.0 1994.0 4890.0 1994.0 4890.0 2005.0 4874.0 2005.0 small-vehicle 1
4862.0 1995.0 4874.0 1995.0 4874.0 2004.0 4862.0 2004.0 small-vehicle 1
4857.0 1987.0 4872.0 1987.0 4872.0 1999.0 4857.0 1999.0 small-vehicle 1
4869.0 1977.0 4883.0 1977.0 4883.0 1987.0 4869.0 1987.0 small-vehicle 1
4764.0 1730.0 4777.0 1730.0 4777.0 1778.0 4764.0 1778.0 large-vehicle 0
4761.0 1781.0 4783.0 1781.0 4783.0 1826.0 4761.0 1826.0 large-vehicle 0
4749.0 1682.0 4773.0 1682.0 4773.0 1726.0 4749.0 1726.0 large-vehicle 0
6030.0 575.0 6045.0 575.0 6045.0 587.0 6030.0 587.0 small-vehicle 1
5863.0 615.0 5880.0 615.0 5880.0 629.0 5863.0 629.0 small-vehicle 1
4743.0 1819.0 4757.0 1819.0 4757.0 1829.0 4743.0 1829.0 small-vehicle 1
6431.0 660.0 6443.0 660.0 6443.0 673.0 6431.0 673.0 small-vehicle 1
6394.0 659.0 6405.0 659.0 6405.0 672.0 6394.0 672.0 small-vehicle 1
6402.0 657.0 6412.0 657.0 6412.0 669.0 6402.0 669.0 small-vehicle 1
6426.0 648.0 6438.0 648.0 6438.0 661.0 6426.0 661.0 small-vehicle 1
6422.0 649.0 6430.0 649.0 6430.0 663.0 6422.0 663.0 small-vehicle 1
6414.0 651.0 6425.0 651.0 6425.0 665.0 6414.0 665.0 small-vehicle 1
6408.0 653.0 6420.0 653.0 6420.0 667.0 6408.0 667.0 small-vehicle 1
6422.0 664.0 6432.0 664.0 6432.0 676.0 6422.0 676.0 small-vehicle 1
5579.0 735.0 5600.0 735.0 5600.0 748.0 5579.0 748.0 small-vehicle 1
6415.0 665.0 6424.0 665.0 6424.0 677.0 6415.0 677.0 small-vehicle 1
6395.0 673.0 6404.0 673.0 6404.0 687.0 6395.0 687.0 small-vehicle 1
6431.0 689.0 6440.0 689.0 6440.0 702.0 6431.0 702.0 small-vehicle 1
6424.0 692.0 6435.0 692.0 6435.0 704.0 6424.0 704.0 small-vehicle 1
6408.0 695.0 6418.0 695.0 6418.0 709.0 6408.0 709.0 small-vehicle 1
6404.0 699.0 6413.0 699.0 6413.0 711.0 6404.0 711.0 small-vehicle 1
6362.0 685.0 6371.0 685.0 6371.0 700.0 6362.0 700.0 small-vehicle 1
6356.0 689.0 6366.0 689.0 6366.0 701.0 6356.0 701.0 small-vehicle 1
6232.0 729.0 6242.0 729.0 6242.0 745.0 6232.0 745.0 small-vehicle 1
6390.0 662.0 6398.0 662.0 6398.0 676.0 6390.0 676.0 small-vehicle 1
6379.0 667.0 6387.0 667.0 6387.0 678.0 6379.0 678.0 small-vehicle 1
6382.0 677.0 6393.0 677.0 6393.0 689.0 6382.0 689.0 small-vehicle 1
6374.0 680.0 6381.0 680.0 6381.0 693.0 6374.0 693.0 small-vehicle 1
6368.0 669.0 6378.0 669.0 6378.0 681.0 6368.0 681.0 small-vehicle 1
6374.0 639.0 6383.0 639.0 6383.0 650.0 6374.0 650.0 small-vehicle 1
6385.0 633.0 6394.0 633.0 6394.0 647.0 6385.0 647.0 small-vehicle 1
6392.0 635.0 6400.0 635.0 6400.0 646.0 6392.0 646.0 small-vehicle 1
6396.0 629.0 6406.0 629.0 6406.0 643.0 6396.0 643.0 small-vehicle 1
6405.0 624.0 6416.0 624.0 6416.0 640.0 6405.0 640.0 small-vehicle 1
6413.0 625.0 6423.0 625.0 6423.0 637.0 6413.0 637.0 small-vehicle 1
6419.0 623.0 6428.0 623.0 6428.0 637.0 6419.0 637.0 small-vehicle 1
6424.0 620.0 6435.0 620.0 6435.0 633.0 6424.0 633.0 small-vehicle 1
6430.0 617.0 6440.0 617.0 6440.0 630.0 6430.0 630.0 small-vehicle 1
4745.0 1825.0 4759.0 1825.0 4759.0 1835.0 4745.0 1835.0 small-vehicle 1
4325.0 1692.0 4340.0 1692.0 4340.0 1703.0 4325.0 1703.0 small-vehicle 1
6327.0 700.0 6337.0 700.0 6337.0 712.0 6327.0 712.0 small-vehicle 1
4588.0 1124.0 4600.0 1124.0 4600.0 1135.0 4588.0 1135.0 small-vehicle 1
4699.0 1099.0 4711.0 1099.0 4711.0 1113.0 4699.0 1113.0 small-vehicle 1
4695.0 1101.0 4705.0 1101.0 4705.0 1115.0 4695.0 1115.0 small-vehicle 1
4689.0 1104.0 4697.0 1104.0 4697.0 1116.0 4689.0 1116.0 small-vehicle 1
4678.0 1107.0 4689.0 1107.0 4689.0 1121.0 4678.0 1121.0 small-vehicle 1
4627.0 1109.0 4640.0 1109.0 4640.0 1119.0 4627.0 1119.0 small-vehicle 1
4600.0 1113.0 4611.0 1113.0 4611.0 1121.0 4600.0 1121.0 small-vehicle 1
4550.0 1131.0 4562.0 1131.0 4562.0 1143.0 4550.0 1143.0 small-vehicle 1
4595.0 1141.0 4607.0 1141.0 4607.0 1151.0 4595.0 1151.0 small-vehicle 1
4987.0 1039.0 4999.0 1039.0 4999.0 1049.0 4987.0 1049.0 small-vehicle 1
4991.0 1049.0 5001.0 1049.0 5001.0 1061.0 4991.0 1061.0 small-vehicle 1
5009.0 1090.0 5019.0 1090.0 5019.0 1105.0 5009.0 1105.0 small-vehicle 1
4564.0 1137.0 4578.0 1137.0 4578.0 1147.0 4564.0 1147.0 small-vehicle 1
4566.0 1144.0 4580.0 1144.0 4580.0 1154.0 4566.0 1154.0 small-vehicle 1
4571.0 1151.0 4584.0 1151.0 4584.0 1159.0 4571.0 1159.0 small-vehicle 1
4707.0 1097.0 4715.0 1097.0 4715.0 1110.0 4707.0 1110.0 small-vehicle 1
4711.0 1096.0 4720.0 1096.0 4720.0 1107.0 4711.0 1107.0 small-vehicle 1
4717.0 1093.0 4726.0 1093.0 4726.0 1104.0 4717.0 1104.0 small-vehicle 1
4723.0 1090.0 4731.0 1090.0 4731.0 1103.0 4723.0 1103.0 small-vehicle 1
4729.0 1087.0 4737.0 1087.0 4737.0 1099.0 4729.0 1099.0 small-vehicle 1
4733.0 1086.0 4743.0 1086.0 4743.0 1097.0 4733.0 1097.0 small-vehicle 1
4740.0 1082.0 4747.0 1082.0 4747.0 1095.0 4740.0 1095.0 small-vehicle 1
4749.0 1079.0 4759.0 1079.0 4759.0 1091.0 4749.0 1091.0 small-vehicle 1
4763.0 1077.0 4771.0 1077.0 4771.0 1089.0 4763.0 1089.0 small-vehicle 1
5057.0 1079.0 5068.0 1079.0 5068.0 1092.0 5057.0 1092.0 small-vehicle 1
5215.0 813.0 5231.0 813.0 5231.0 826.0 5215.0 826.0 small-vehicle 1
5059.0 735.0 5073.0 735.0 5073.0 745.0 5059.0 745.0 small-vehicle 1
5369.0 797.0 5387.0 797.0 5387.0 809.0 5369.0 809.0 small-vehicle 1
5135.0 883.0 5178.0 883.0 5178.0 903.0 5135.0 903.0 large-vehicle 0
5061.0 952.0 5073.0 952.0 5073.0 969.0 5061.0 969.0 small-vehicle 1
5038.0 929.0 5052.0 929.0 5052.0 946.0 5038.0 946.0 small-vehicle 1
5017.0 908.0 5030.0 908.0 5030.0 925.0 5017.0 925.0 small-vehicle 1
4591.0 1137.0 4603.0 1137.0 4603.0 1147.0 4591.0 1147.0 small-vehicle 1
4527.0 1146.0 4539.0 1146.0 4539.0 1155.0 4527.0 1155.0 small-vehicle 1
4314.0 1697.0 4325.0 1697.0 4325.0 1708.0 4314.0 1708.0 small-vehicle 1
5229.0 845.0 5244.0 845.0 5244.0 855.0 5229.0 855.0 small-vehicle 1
4653.0 1323.0 4665.0 1323.0 4665.0 1331.0 4653.0 1331.0 small-vehicle 1
4648.0 1309.0 4663.0 1309.0 4663.0 1321.0 4648.0 1321.0 small-vehicle 1
4643.0 1299.0 4659.0 1299.0 4659.0 1309.0 4643.0 1309.0 small-vehicle 1
4637.0 1271.0 4652.0 1271.0 4652.0 1281.0 4637.0 1281.0 small-vehicle 1
4599.0 1286.0 4611.0 1286.0 4611.0 1296.0 4599.0 1296.0 small-vehicle 1
5271.0 849.0 5287.0 849.0 5287.0 859.0 5271.0 859.0 small-vehicle 1
5182.0 866.0 5198.0 866.0 5198.0 881.0 5182.0 881.0 small-vehicle 1
4534.0 1164.0 4545.0 1164.0 4545.0 1174.0 4534.0 1174.0 small-vehicle 1
5169.0 1067.0 5191.0 1067.0 5191.0 1085.0 5169.0 1085.0 storage-tank 0
5170.0 1087.0 5192.0 1087.0 5192.0 1105.0 5170.0 1105.0 storage-tank 0
5183.0 1103.0 5203.0 1103.0 5203.0 1122.0 5183.0 1122.0 storage-tank 0
4733.0 1788.0 4749.0 1788.0 4749.0 1800.0 4733.0 1800.0 small-vehicle 1
4276.0 1709.0 4291.0 1709.0 4291.0 1721.0 4276.0 1721.0 small-vehicle 1
4290.0 1705.0 4304.0 1705.0 4304.0 1717.0 4290.0 1717.0 small-vehicle 1
4654.0 1327.0 4669.0 1327.0 4669.0 1339.0 4654.0 1339.0 small-vehicle 1
4676.0 1286.0 4687.0 1286.0 4687.0 1295.0 4676.0 1295.0 small-vehicle 1
4675.0 1281.0 4687.0 1281.0 4687.0 1291.0 4675.0 1291.0 small-vehicle 1
4681.0 1299.0 4693.0 1299.0 4693.0 1308.0 4681.0 1308.0 small-vehicle 1
4687.0 1318.0 4700.0 1318.0 4700.0 1327.0 4687.0 1327.0 small-vehicle 1
4703.0 1379.0 4718.0 1379.0 4718.0 1389.0 4703.0 1389.0 small-vehicle 1
4455.0 1243.0 4466.0 1243.0 4466.0 1257.0 4455.0 1257.0 small-vehicle 1
4466.0 1267.0 4474.0 1267.0 4474.0 1280.0 4466.0 1280.0 small-vehicle 1
4475.0 1264.0 4486.0 1264.0 4486.0 1277.0 4475.0 1277.0 small-vehicle 1
4497.0 1302.0 4511.0 1302.0 4511.0 1313.0 4497.0 1313.0 small-vehicle 1
4495.0 1297.0 4509.0 1297.0 4509.0 1306.0 4495.0 1306.0 small-vehicle 1
4502.0 1315.0 4514.0 1315.0 4514.0 1325.0 4502.0 1325.0 small-vehicle 1
4980.0 1159.0 4987.0 1159.0 4987.0 1173.0 4980.0 1173.0 small-vehicle 1
4983.0 1155.0 4995.0 1155.0 4995.0 1170.0 4983.0 1170.0 small-vehicle 1
4450.0 1168.0 4462.0 1168.0 4462.0 1177.0 4450.0 1177.0 small-vehicle 1
4518.0 1161.0 4529.0 1161.0 4529.0 1172.0 4518.0 1172.0 small-vehicle 1
4515.0 1157.0 4529.0 1157.0 4529.0 1165.0 4515.0 1165.0 small-vehicle 1
6391.0 705.0 6402.0 705.0 6402.0 718.0 6391.0 718.0 small-vehicle 1
6324.0 683.0 6337.0 683.0 6337.0 698.0 6324.0 698.0 small-vehicle 1
6634.0 1002.0 6645.0 1002.0 6645.0 1014.0 6634.0 1014.0 small-vehicle 1
6303.0 1162.0 6312.0 1162.0 6312.0 1174.0 6303.0 1174.0 small-vehicle 1
6328.0 1195.0 6338.0 1195.0 6338.0 1208.0 6328.0 1208.0 small-vehicle 1
6343.0 1190.0 6354.0 1190.0 6354.0 1205.0 6343.0 1205.0 small-vehicle 1
6330.0 1128.0 6342.0 1128.0 6342.0 1136.0 6330.0 1136.0 small-vehicle 1
6326.0 1142.0 6340.0 1142.0 6340.0 1148.0 6326.0 1148.0 small-vehicle 1
6326.0 1154.0 6338.0 1154.0 6338.0 1160.0 6326.0 1160.0 small-vehicle 1
6308.0 1158.0 6320.0 1158.0 6320.0 1170.0 6308.0 1170.0 small-vehicle 1
6298.0 1164.0 6308.0 1164.0 6308.0 1176.0 6298.0 1176.0 small-vehicle 1
5785.0 1759.0 5798.0 1759.0 5798.0 1769.0 5785.0 1769.0 small-vehicle 1
6292.0 1166.0 6303.0 1166.0 6303.0 1180.0 6292.0 1180.0 small-vehicle 1
6186.0 1522.0 6196.0 1522.0 6196.0 1537.0 6186.0 1537.0 small-vehicle 1
6193.0 1520.0 6203.0 1520.0 6203.0 1536.0 6193.0 1536.0 small-vehicle 1
6200.0 1519.0 6214.0 1519.0 6214.0 1535.0 6200.0 1535.0 small-vehicle 1
6286.0 1516.0 6300.0 1516.0 6300.0 1530.0 6286.0 1530.0 small-vehicle 1
5776.0 1717.0 5792.0 1717.0 5792.0 1729.0 5776.0 1729.0 small-vehicle 1
6282.0 1102.0 6292.0 1102.0 6292.0 1109.0 6282.0 1109.0 small-vehicle 1
6280.0 1096.0 6293.0 1096.0 6293.0 1104.0 6280.0 1104.0 small-vehicle 1
6248.0 1134.0 6262.0 1134.0 6262.0 1140.0 6248.0 1140.0 small-vehicle 1
6244.0 1153.0 6257.0 1153.0 6257.0 1159.0 6244.0 1159.0 small-vehicle 1
6232.0 1162.0 6246.0 1162.0 6246.0 1169.0 6232.0 1169.0 small-vehicle 1
6260.0 1180.0 6271.0 1180.0 6271.0 1192.0 6260.0 1192.0 small-vehicle 1
6248.0 1182.0 6258.0 1182.0 6258.0 1196.0 6248.0 1196.0 small-vehicle 1
6242.0 1185.0 6252.0 1185.0 6252.0 1198.0 6242.0 1198.0 small-vehicle 1
6237.0 1186.0 6248.0 1186.0 6248.0 1200.0 6237.0 1200.0 small-vehicle 1
6149.0 1242.0 6160.0 1242.0 6160.0 1255.0 6149.0 1255.0 small-vehicle 1
6154.0 1238.0 6162.0 1238.0 6162.0 1254.0 6154.0 1254.0 small-vehicle 1
6167.0 1236.0 6177.0 1236.0 6177.0 1248.0 6167.0 1248.0 small-vehicle 1
6162.0 1237.0 6172.0 1237.0 6172.0 1249.0 6162.0 1249.0 small-vehicle 1
6193.0 1202.0 6200.0 1202.0 6200.0 1216.0 6193.0 1216.0 small-vehicle 1
6207.0 1196.0 6217.0 1196.0 6217.0 1212.0 6207.0 1212.0 small-vehicle 1
6224.0 1190.0 6234.0 1190.0 6234.0 1204.0 6224.0 1204.0 small-vehicle 1
6219.0 1194.0 6230.0 1194.0 6230.0 1206.0 6219.0 1206.0 small-vehicle 1
5780.0 1752.0 5794.0 1752.0 5794.0 1763.0 5780.0 1763.0 small-vehicle 1
5753.0 1854.0 5766.0 1854.0 5766.0 1864.0 5753.0 1864.0 small-vehicle 1
6350.0 1165.0 6364.0 1165.0 6364.0 1172.0 6350.0 1172.0 small-vehicle 1
6763.0 767.0 6777.0 767.0 6777.0 793.0 6763.0 793.0 large-vehicle 0
7074.0 1976.0 7085.0 1976.0 7085.0 2007.0 7074.0 2007.0 large-vehicle 0
6983.0 1080.0 7001.0 1080.0 7001.0 1108.0 6983.0 1108.0 large-vehicle 0
6826.0 731.0 6839.0 731.0 6839.0 760.0 6826.0 760.0 large-vehicle 0
6802.0 750.0 6816.0 750.0 6816.0 774.0 6802.0 774.0 large-vehicle 0
6793.0 751.0 6807.0 751.0 6807.0 776.0 6793.0 776.0 large-vehicle 0
6775.0 764.0 6786.0 764.0 6786.0 788.0 6775.0 788.0 large-vehicle 0
7349.0 876.0 7368.0 876.0 7368.0 890.0 7349.0 890.0 small-vehicle 1
5754.0 1860.0 5766.0 1860.0 5766.0 1872.0 5754.0 1872.0 small-vehicle 1
7301.0 815.0 7321.0 815.0 7321.0 826.0 7301.0 826.0 small-vehicle 1
6639.0 1168.0 6654.0 1168.0 6654.0 1180.0 6639.0 1180.0 small-vehicle 1
6595.0 1012.0 6605.0 1012.0 6605.0 1024.0 6595.0 1024.0 small-vehicle 1
6677.0 1015.0 6691.0 1015.0 6691.0 1028.0 6677.0 1028.0 small-vehicle 1
6664.0 1020.0 6677.0 1020.0 6677.0 1032.0 6664.0 1032.0 small-vehicle 1
6635.0 1012.0 6647.0 1012.0 6647.0 1025.0 6635.0 1025.0 small-vehicle 1
7168.0 1936.0 7179.0 1936.0 7179.0 1961.0 7168.0 1961.0 large-vehicle 0
7167.0 1984.0 7181.0 1984.0 7181.0 2012.0 7167.0 2012.0 large-vehicle 0
7109.0 2064.0 7123.0 2064.0 7123.0 2090.0 7109.0 2090.0 large-vehicle 0
7094.0 2054.0 7121.0 2054.0 7121.0 2061.0 7094.0 2061.0 large-vehicle 0
7040.0 2034.0 7070.0 2034.0 7070.0 2056.0 7040.0 2056.0 large-vehicle 0
6811.0 2363.0 6837.0 2363.0 6837.0 2381.0 6811.0 2381.0 large-vehicle 0
7451.0 2425.0 7483.0 2425.0 7483.0 2441.0 7451.0 2441.0 large-vehicle 0
7498.0 2407.0 7534.0 2407.0 7534.0 2425.0 7498.0 2425.0 large-vehicle 0
6146.0 3152.0 6158.0 3152.0 6158.0 3162.0 6146.0 3162.0 small-vehicle 1
6120.0 3160.0 6136.0 3160.0 6136.0 3172.0 6120.0 3172.0 small-vehicle 1
6082.0 3180.0 6098.0 3180.0 6098.0 3190.0 6082.0 3190.0 small-vehicle 1
6099.0 3168.0 6118.0 3168.0 6118.0 3182.0 6099.0 3182.0 small-vehicle 1
5780.0 1936.0 5798.0 1936.0 5798.0 1947.0 5780.0 1947.0 small-vehicle 1
5780.0 1930.0 5795.0 1930.0 5795.0 1941.0 5780.0 1941.0 small-vehicle 1
5774.0 1918.0 5790.0 1918.0 5790.0 1931.0 5774.0 1931.0 small-vehicle 1
5764.0 1891.0 5777.0 1891.0 5777.0 1902.0 5764.0 1902.0 small-vehicle 1
5762.0 1885.0 5774.0 1885.0 5774.0 1896.0 5762.0 1896.0 small-vehicle 1
6350.0 1172.0 6364.0 1172.0 6364.0 1178.0 6350.0 1178.0 small-vehicle 1
6311.0 1186.0 6324.0 1186.0 6324.0 1199.0 6311.0 1199.0 small-vehicle 1
6455.0 692.0 6464.0 692.0 6464.0 705.0 6455.0 705.0 small-vehicle 1
6352.0 730.0 6364.0 730.0 6364.0 743.0 6352.0 743.0 small-vehicle 1
5890.0 807.0 5911.0 807.0 5911.0 815.0 5890.0 815.0 small-vehicle 1
6224.0 763.0 6235.0 763.0 6235.0 777.0 6224.0 777.0 small-vehicle 1
6248.0 727.0 6258.0 727.0 6258.0 739.0 6248.0 739.0 small-vehicle 1
6289.0 755.0 6298.0 755.0 6298.0 768.0 6289.0 768.0 small-vehicle 1
6334.0 737.0 6347.0 737.0 6347.0 749.0 6334.0 749.0 small-vehicle 1
6340.0 731.0 6351.0 731.0 6351.0 746.0 6340.0 746.0 small-vehicle 1
6420.0 733.0 6434.0 733.0 6434.0 749.0 6420.0 749.0 small-vehicle 1
6323.0 799.0 6333.0 799.0 6333.0 812.0 6323.0 812.0 small-vehicle 1
6412.0 738.0 6422.0 738.0 6422.0 753.0 6412.0 753.0 small-vehicle 1
6404.0 769.0 6414.0 769.0 6414.0 783.0 6404.0 783.0 small-vehicle 1
6411.0 768.0 6421.0 768.0 6421.0 779.0 6411.0 779.0 small-vehicle 1
6396.0 785.0 6407.0 785.0 6407.0 799.0 6396.0 799.0 small-vehicle 1
6372.0 782.0 6382.0 782.0 6382.0 796.0 6372.0 796.0 small-vehicle 1
6382.0 777.0 6391.0 777.0 6391.0 791.0 6382.0 791.0 small-vehicle 1
6168.0 779.0 6182.0 779.0 6182.0 795.0 6168.0 795.0 small-vehicle 1
5836.0 667.0 5850.0 667.0 5850.0 679.0 5836.0 679.0 small-vehicle 1
6168.0 565.0 6184.0 565.0 6184.0 578.0 6168.0 578.0 small-vehicle 1
6244.0 682.0 6256.0 682.0 6256.0 699.0 6244.0 699.0 small-vehicle 1
6392.0 715.0 6400.0 715.0 6400.0 727.0 6392.0 727.0 small-vehicle 1
6420.0 708.0 6428.0 708.0 6428.0 719.0 6420.0 719.0 small-vehicle 1
6430.0 727.0 6443.0 727.0 6443.0 743.0 6430.0 743.0 small-vehicle 1
6442.0 726.0 6454.0 726.0 6454.0 741.0 6442.0 741.0 small-vehicle 1
6448.0 725.0 6460.0 725.0 6460.0 741.0 6448.0 741.0 small-vehicle 1
6454.0 722.0 6466.0 722.0 6466.0 739.0 6454.0 739.0 small-vehicle 1
6460.0 721.0 6470.0 721.0 6470.0 735.0 6460.0 735.0 small-vehicle 1
6467.0 719.0 6476.0 719.0 6476.0 733.0 6467.0 733.0 small-vehicle 1
6487.0 716.0 6501.0 716.0 6501.0 726.0 6487.0 726.0 small-vehicle 1
6486.0 711.0 6499.0 711.0 6499.0 722.0 6486.0 722.0 small-vehicle 1
6482.0 705.0 6495.0 705.0 6495.0 714.0 6482.0 714.0 small-vehicle 1
6476.0 698.0 6492.0 698.0 6492.0 711.0 6476.0 711.0 small-vehicle 1
6461.0 690.0 6472.0 690.0 6472.0 703.0 6461.0 703.0 small-vehicle 1
6387.0 775.0 6396.0 775.0 6396.0 789.0 6387.0 789.0 small-vehicle 1
6274.0 829.0 6285.0 829.0 6285.0 845.0 6274.0 845.0 small-vehicle 1
6287.0 1142.0 6302.0 1142.0 6302.0 1148.0 6287.0 1148.0 small-vehicle 1
6353.0 1110.0 6364.0 1110.0 6364.0 1122.0 6353.0 1122.0 small-vehicle 1
6323.0 1098.0 6335.0 1098.0 6335.0 1104.0 6323.0 1104.0 small-vehicle 1
6294.0 1094.0 6309.0 1094.0 6309.0 1101.0 6294.0 1101.0 small-vehicle 1
6289.0 1112.0 6308.0 1112.0 6308.0 1119.0 6289.0 1119.0 small-vehicle 1
6278.0 1128.0 6290.0 1128.0 6290.0 1134.0 6278.0 1134.0 small-vehicle 1
6285.0 1148.0 6296.0 1148.0 6296.0 1153.0 6285.0 1153.0 small-vehicle 1
6348.0 1105.0 6360.0 1105.0 6360.0 1116.0 6348.0 1116.0 small-vehicle 1
6360.0 1106.0 6375.0 1106.0 6375.0 1110.0 6360.0 1110.0 small-vehicle 1
6210.0 840.0 6220.0 840.0 6220.0 855.0 6210.0 855.0 small-vehicle 1
6359.0 1124.0 6372.0 1124.0 6372.0 1132.0 6359.0 1132.0 small-vehicle 1
6356.0 1134.0 6369.0 1134.0 6369.0 1140.0 6356.0 1140.0 small-vehicle 1
6357.0 1140.0 6368.0 1140.0 6368.0 1147.0 6357.0 1147.0 small-vehicle 1
6355.0 1149.0 6366.0 1149.0 6366.0 1155.0 6355.0 1155.0 small-vehicle 1
6368.0 1132.0 6380.0 1132.0 6380.0 1137.0 6368.0 1137.0 small-vehicle 1
6376.0 1076.0 6388.0 1076.0 6388.0 1090.0 6376.0 1090.0 small-vehicle 1
6320.0 1078.0 6329.0 1078.0 6329.0 1089.0 6320.0 1089.0 small-vehicle 1
6338.0 1098.0 6348.0 1098.0 6348.0 1111.0 6338.0 1111.0 small-vehicle 1
6249.0 1117.0 6263.0 1117.0 6263.0 1123.0 6249.0 1123.0 small-vehicle 1
6252.0 1104.0 6268.0 1104.0 6268.0 1111.0 6252.0 1111.0 small-vehicle 1
6254.0 1099.0 6268.0 1099.0 6268.0 1104.0 6254.0 1104.0 small-vehicle 1
6266.0 1036.0 6278.0 1036.0 6278.0 1052.0 6266.0 1052.0 small-vehicle 1
6260.0 1028.0 6271.0 1028.0 6271.0 1042.0 6260.0 1042.0 small-vehicle 1
6236.0 1028.0 6247.0 1028.0 6247.0 1042.0 6236.0 1042.0 small-vehicle 1
6244.0 1026.0 6253.0 1026.0 6253.0 1041.0 6244.0 1041.0 small-vehicle 1
6298.0 1012.0 6313.0 1012.0 6313.0 1026.0 6298.0 1026.0 small-vehicle 1
6452.0 751.0 6461.0 751.0 6461.0 764.0 6452.0 764.0 small-vehicle 1
6470.0 748.0 6480.0 748.0 6480.0 760.0 6470.0 760.0 small-vehicle 1
6436.0 759.0 6445.0 759.0 6445.0 772.0 6436.0 772.0 small-vehicle 1
6408.0 783.0 6418.0 783.0 6418.0 795.0 6408.0 795.0 small-vehicle 1
6426.0 777.0 6435.0 777.0 6435.0 789.0 6426.0 789.0 small-vehicle 1
6430.0 775.0 6440.0 775.0 6440.0 787.0 6430.0 787.0 small-vehicle 1
6426.0 763.0 6435.0 763.0 6435.0 777.0 6426.0 777.0 small-vehicle 1
178.0 2788.0 330.0 2788.0 330.0 2930.0 178.0 2930.0 plane 0
