imagesource:GoogleEarth
gsd:0.569769139736
2138.0 950.0 2147.0 950.0 2147.0 963.0 2138.0 963.0 small-vehicle 1
4602.0 1403.0 4718.0 1403.0 4718.0 1522.0 4602.0 1522.0 plane 0
4507.0 654.0 4618.0 654.0 4618.0 771.0 4507.0 771.0 plane 0
4531.0 576.0 4634.0 576.0 4634.0 685.0 4531.0 685.0 plane 0
4391.0 523.0 4494.0 523.0 4494.0 637.0 4391.0 637.0 plane 0
5235.0 1014.0 5395.0 1014.0 5395.0 1196.0 5235.0 1196.0 plane 0
4910.0 1207.0 5072.0 1207.0 5072.0 1376.0 4910.0 1376.0 plane 0
5027.0 1290.0 5215.0 1290.0 5215.0 1485.0 5027.0 1485.0 plane 0
4921.0 1354.0 5005.0 1354.0 5005.0 1425.0 4921.0 1425.0 plane 0
4495.0 1235.0 4591.0 1235.0 4591.0 1335.0 4495.0 1335.0 plane 0
4116.0 1777.0 4201.0 1777.0 4201.0 1857.0 4116.0 1857.0 plane 0
4361.0 1216.0 4481.0 1216.0 4481.0 1352.0 4361.0 1352.0 plane 0
4215.0 1200.0 4382.0 1200.0 4382.0 1372.0 4215.0 1372.0 plane 0
4105.0 1152.0 4290.0 1152.0 4290.0 1337.0 4105.0 1337.0 plane 0
4066.0 1103.0 4154.0 1103.0 4154.0 1196.0 4066.0 1196.0 plane 0
3665.0 1166.0 3860.0 1166.0 3860.0 1361.0 3665.0 1361.0 plane 0
3871.0 1355.0 4009.0 1355.0 4009.0 1504.0 3871.0 1504.0 plane 0
4395.0 2336.0 4456.0 2336.0 4456.0 2399.0 4395.0 2399.0 plane 0
4317.0 855.0 4428.0 855.0 4428.0 968.0 4317.0 968.0 plane 0
4597.0 1016.0 4761.0 1016.0 4761.0 1184.0 4597.0 1184.0 plane 0
4837.0 799.0 5001.0 799.0 5001.0 974.0 4837.0 974.0 plane 0
5333.0 1748.0 5423.0 1748.0 5423.0 1827.0 5333.0 1827.0 plane 0
932.0 817.0 940.0 817.0 940.0 827.0 932.0 827.0 small-vehicle 1
906.0 792.0 914.0 792.0 914.0 806.0 906.0 806.0 small-vehicle 1
5762.0 368.0 5874.0 368.0 5874.0 492.0 5762.0 492.0 plane 0
5502.0 4.0 5596.0 4.0 5596.0 94.0 5502.0 94.0 plane 0
5362.0 248.0 5450.0 248.0 5450.0 345.0 5362.0 345.0 plane 0
5270.0 316.0 5372.0 316.0 5372.0 419.0 5270.0 419.0 plane 0
5199.0 466.0 5284.0 466.0 5284.0 538.0 5199.0 538.0 plane 0
5275.0 603.0 5378.0 603.0 5378.0 712.0 5275.0 712.0 plane 0
5390.0 687.0 5487.0 687.0 5487.0 786.0 5390.0 786.0 plane 0
5494.0 813.0 5583.0 813.0 5583.0 903.0 5494.0 903.0 plane 0
5434.0 905.0 5534.0 905.0 5534.0 1013.0 5434.0 1013.0 plane 0
5381.0 1011.0 5463.0 1011.0 5463.0 1097.0 5381.0 1097.0 plane 0
5820.0 885.0 5885.0 885.0 5885.0 951.0 5820.0 951.0 plane 0
6060.0 1887.0 6099.0 1887.0 6099.0 1967.0 6060.0 1967.0 plane 1
5948.0 1733.0 6029.0 1733.0 6029.0 1821.0 5948.0 1821.0 plane 0
4738.0 1761.0 4835.0 1761.0 4835.0 1849.0 4738.0 1849.0 plane 0
3454.0 2112.0 3551.0 2112.0 3551.0 2181.0 3454.0 2181.0 plane 0
2610.0 2844.0 2628.0 2844.0 2628.0 2865.0 2610.0 2865.0 roundabout 0
2260.0 2481.0 2302.0 2481.0 2302.0 2529.0 2260.0 2529.0 plane 0
2799.0 2464.0 2838.0 2464.0 2838.0 2510.0 2799.0 2510.0 plane 0
2747.0 2469.0 2798.0 2469.0 2798.0 2527.0 2747.0 2527.0 plane 0
2617.0 2482.0 2666.0 2482.0 2666.0 2530.0 2617.0 2530.0 plane 0
2552.0 2457.0 2633.0 2457.0 2633.0 2541.0 2552.0 2541.0 plane 0
2388.0 2480.0 2426.0 2480.0 2426.0 2527.0 2388.0 2527.0 plane 0
2329.0 2493.0 2383.0 2493.0 2383.0 2545.0 2329.0 2545.0 plane 0
2332.0 2474.0 2377.0 2474.0 2377.0 2517.0 2332.0 2517.0 plane 0
2375.0 2422.0 2417.0 2422.0 2417.0 2466.0 2375.0 2466.0 plane 0
3594.0 2574.0 3750.0 2574.0 3750.0 2704.0 3594.0 2704.0 plane 0
2064.0 1810.0 2156.0 1810.0 2156.0 1896.0 2064.0 1896.0 plane 0
2148.0 1585.0 2243.0 1585.0 2243.0 1684.0 2148.0 1684.0 plane 0
2406.0 1632.0 2506.0 1632.0 2506.0 1737.0 2406.0 1737.0 plane 0
2549.0 1518.0 2653.0 1518.0 2653.0 1622.0 2549.0 1622.0 plane 0
2393.0 1366.0 2500.0 1366.0 2500.0 1478.0 2393.0 1478.0 plane 0
1708.0 1820.0 1790.0 1820.0 1790.0 1900.0 1708.0 1900.0 plane 0
1459.0 1580.0 1529.0 1580.0 1529.0 1659.0 1459.0 1659.0 plane 0
3304.0 2372.0 3330.0 2372.0 3330.0 2407.0 3304.0 2407.0 plane 0
2835.0 2464.0 2879.0 2464.0 2879.0 2511.0 2835.0 2511.0 plane 0
2868.0 2445.0 2944.0 2445.0 2944.0 2522.0 2868.0 2522.0 plane 0
2913.0 2460.0 2974.0 2460.0 2974.0 2523.0 2913.0 2523.0 plane 0
3396.0 2662.0 3541.0 2662.0 3541.0 2812.0 3396.0 2812.0 plane 0
3087.0 2644.0 3231.0 2644.0 3231.0 2764.0 3087.0 2764.0 plane 0
3281.0 2504.0 3405.0 2504.0 3405.0 2639.0 3281.0 2639.0 plane 0
3167.0 2515.0 3293.0 2515.0 3293.0 2647.0 3167.0 2647.0 plane 0
3047.0 2522.0 3169.0 2522.0 3169.0 2639.0 3047.0 2639.0 plane 0
3264.0 2471.0 3300.0 2471.0 3300.0 2504.0 3264.0 2504.0 plane 0
3215.0 2451.0 3259.0 2451.0 3259.0 2516.0 3215.0 2516.0 plane 0
3189.0 2464.0 3227.0 2464.0 3227.0 2499.0 3189.0 2499.0 plane 0
3134.0 2454.0 3189.0 2454.0 3189.0 2520.0 3134.0 2520.0 plane 0
3105.0 2454.0 3146.0 2454.0 3146.0 2501.0 3105.0 2501.0 plane 0
3042.0 2717.0 3201.0 2717.0 3201.0 2848.0 3042.0 2848.0 plane 1
3006.0 2457.0 3064.0 2457.0 3064.0 2520.0 3006.0 2520.0 plane 0
3034.0 2448.0 3078.0 2448.0 3078.0 2495.0 3034.0 2495.0 plane 0
3001.0 2452.0 3047.0 2452.0 3047.0 2493.0 3001.0 2493.0 plane 0
2963.0 2451.0 3015.0 2451.0 3015.0 2504.0 2963.0 2504.0 plane 0
902.0 763.0 910.0 763.0 910.0 773.0 902.0 773.0 small-vehicle 1
914.0 758.0 922.0 758.0 922.0 769.0 914.0 769.0 small-vehicle 1
924.0 757.0 931.0 757.0 931.0 766.0 924.0 766.0 small-vehicle 1
983.0 657.0 991.0 657.0 991.0 668.0 983.0 668.0 small-vehicle 1
1059.0 338.0 1067.0 338.0 1067.0 350.0 1059.0 350.0 small-vehicle 1
1052.0 371.0 1060.0 371.0 1060.0 382.0 1052.0 382.0 small-vehicle 1
1038.0 394.0 1047.0 394.0 1047.0 405.0 1038.0 405.0 small-vehicle 1
1007.0 499.0 1014.0 499.0 1014.0 509.0 1007.0 509.0 small-vehicle 1
1035.0 557.0 1041.0 557.0 1041.0 567.0 1035.0 567.0 small-vehicle 1
1025.0 561.0 1031.0 561.0 1031.0 570.0 1025.0 570.0 small-vehicle 1
977.0 562.0 985.0 562.0 985.0 573.0 977.0 573.0 small-vehicle 1
970.0 687.0 978.0 687.0 978.0 696.0 970.0 696.0 small-vehicle 1
922.0 739.0 932.0 739.0 932.0 751.0 922.0 751.0 small-vehicle 1
939.0 699.0 946.0 699.0 946.0 708.0 939.0 708.0 small-vehicle 1
973.0 762.0 981.0 762.0 981.0 773.0 973.0 773.0 small-vehicle 1
964.0 749.0 970.0 749.0 970.0 760.0 964.0 760.0 small-vehicle 1
977.0 885.0 988.0 885.0 988.0 890.0 977.0 890.0 small-vehicle 1
986.0 871.0 996.0 871.0 996.0 881.0 986.0 881.0 small-vehicle 1
992.0 865.0 1002.0 865.0 1002.0 874.0 992.0 874.0 small-vehicle 1
961.0 846.0 967.0 846.0 967.0 856.0 961.0 856.0 small-vehicle 1
1115.0 359.0 1123.0 359.0 1123.0 370.0 1115.0 370.0 small-vehicle 1
1028.0 427.0 1035.0 427.0 1035.0 438.0 1028.0 438.0 small-vehicle 1
1032.0 439.0 1038.0 439.0 1038.0 448.0 1032.0 448.0 small-vehicle 1
1134.0 201.0 1143.0 201.0 1143.0 211.0 1134.0 211.0 small-vehicle 1
1767.0 1605.0 1781.0 1605.0 1781.0 1627.0 1767.0 1627.0 large-vehicle 0
1975.0 1170.0 2002.0 1170.0 2002.0 1197.0 1975.0 1197.0 roundabout 0
1886.0 1424.0 1895.0 1424.0 1895.0 1434.0 1886.0 1434.0 small-vehicle 1
1881.0 1422.0 1888.0 1422.0 1888.0 1432.0 1881.0 1432.0 small-vehicle 1
1951.0 1329.0 1959.0 1329.0 1959.0 1340.0 1951.0 1340.0 small-vehicle 1
1968.0 1301.0 1976.0 1301.0 1976.0 1310.0 1968.0 1310.0 small-vehicle 1
1906.0 1244.0 1915.0 1244.0 1915.0 1255.0 1906.0 1255.0 small-vehicle 1
1935.0 1242.0 1943.0 1242.0 1943.0 1258.0 1935.0 1258.0 small-vehicle 1
1933.0 1227.0 1938.0 1227.0 1938.0 1239.0 1933.0 1239.0 small-vehicle 1
1925.0 1243.0 1936.0 1243.0 1936.0 1254.0 1925.0 1254.0 small-vehicle 1
1969.0 1194.0 1976.0 1194.0 1976.0 1207.0 1969.0 1207.0 small-vehicle 1
1938.0 1193.0 1950.0 1193.0 1950.0 1206.0 1938.0 1206.0 small-vehicle 1
1336.0 488.0 1363.0 488.0 1363.0 518.0 1336.0 518.0 swimming-pool 0
1152.0 156.0 1159.0 156.0 1159.0 167.0 1152.0 167.0 small-vehicle 1
1145.0 159.0 1153.0 159.0 1153.0 170.0 1145.0 170.0 small-vehicle 1
961.0 832.0 968.0 832.0 968.0 842.0 961.0 842.0 small-vehicle 1
948.0 812.0 956.0 812.0 956.0 821.0 948.0 821.0 small-vehicle 1
946.0 803.0 953.0 803.0 953.0 813.0 946.0 813.0 small-vehicle 1
438.0 1368.0 449.0 1368.0 449.0 1377.0 438.0 1377.0 small-vehicle 1
790.0 1159.0 801.0 1159.0 801.0 1172.0 790.0 1172.0 small-vehicle 1
752.0 1128.0 763.0 1128.0 763.0 1140.0 752.0 1140.0 small-vehicle 1
830.0 1061.0 839.0 1061.0 839.0 1071.0 830.0 1071.0 small-vehicle 1
831.0 1051.0 840.0 1051.0 840.0 1060.0 831.0 1060.0 small-vehicle 1
789.0 1014.0 798.0 1014.0 798.0 1023.0 789.0 1023.0 small-vehicle 1
804.0 1026.0 812.0 1026.0 812.0 1036.0 804.0 1036.0 small-vehicle 1
787.0 1052.0 795.0 1052.0 795.0 1062.0 787.0 1062.0 small-vehicle 1
810.0 978.0 819.0 978.0 819.0 990.0 810.0 990.0 small-vehicle 1
843.0 1038.0 851.0 1038.0 851.0 1048.0 843.0 1048.0 small-vehicle 1
874.0 1048.0 883.0 1048.0 883.0 1059.0 874.0 1059.0 small-vehicle 1
870.0 986.0 880.0 986.0 880.0 996.0 870.0 996.0 small-vehicle 1
848.0 991.0 858.0 991.0 858.0 1002.0 848.0 1002.0 small-vehicle 1
898.0 941.0 907.0 941.0 907.0 952.0 898.0 952.0 small-vehicle 1
920.0 879.0 928.0 879.0 928.0 891.0 920.0 891.0 small-vehicle 1
895.0 853.0 904.0 853.0 904.0 865.0 895.0 865.0 large-vehicle 1
876.0 1147.0 886.0 1147.0 886.0 1158.0 876.0 1158.0 small-vehicle 1
474.0 1307.0 485.0 1307.0 485.0 1317.0 474.0 1317.0 small-vehicle 1
955.0 807.0 962.0 807.0 962.0 817.0 955.0 817.0 small-vehicle 1
580.0 1260.0 591.0 1260.0 591.0 1270.0 580.0 1270.0 small-vehicle 1
945.0 773.0 954.0 773.0 954.0 782.0 945.0 782.0 small-vehicle 1
310.0 2595.0 350.0 2595.0 350.0 2634.0 310.0 2634.0 storage-tank 0
307.0 2542.0 350.0 2542.0 350.0 2583.0 307.0 2583.0 storage-tank 0
144.0 1733.0 179.0 1733.0 179.0 1777.0 144.0 1777.0 storage-tank 0
87.0 1736.0 125.0 1736.0 125.0 1778.0 87.0 1778.0 storage-tank 0
35.0 1741.0 75.0 1741.0 75.0 1778.0 35.0 1778.0 storage-tank 0
403.0 1701.0 468.0 1701.0 468.0 1765.0 403.0 1765.0 storage-tank 0
488.0 1613.0 553.0 1613.0 553.0 1675.0 488.0 1675.0 storage-tank 0
487.0 1521.0 552.0 1521.0 552.0 1588.0 487.0 1588.0 storage-tank 0
543.0 1327.0 555.0 1327.0 555.0 1337.0 543.0 1337.0 small-vehicle 1
132.0 1465.0 144.0 1465.0 144.0 1471.0 132.0 1471.0 small-vehicle 1
115.0 1454.0 125.0 1454.0 125.0 1461.0 115.0 1461.0 small-vehicle 1
91.0 1453.0 104.0 1453.0 104.0 1464.0 91.0 1464.0 small-vehicle 1
204.0 1439.0 214.0 1439.0 214.0 1447.0 204.0 1447.0 small-vehicle 1
216.0 1431.0 226.0 1431.0 226.0 1439.0 216.0 1439.0 small-vehicle 1
1317.0 1585.0 1385.0 1585.0 1385.0 1659.0 1317.0 1659.0 plane 0
