imagesource:GoogleEarth
gsd:0.276001654788
1209.0 1478.0 1217.0 1478.0 1217.0 1495.0 1209.0 1495.0 small-vehicle 1
1177.0 1473.0 1188.0 1473.0 1188.0 1494.0 1177.0 1494.0 small-vehicle 1
205.0 1121.0 462.0 1121.0 462.0 1516.0 205.0 1516.0 soccer-ball-field 0
137.0 300.0 470.0 300.0 470.0 976.0 137.0 976.0 ground-track-field 0
865.0 133.0 912.0 133.0 912.0 223.0 865.0 223.0 tennis-court 0
932.0 137.0 978.0 137.0 978.0 226.0 932.0 226.0 tennis-court 0
1009.0 181.0 1056.0 181.0 1056.0 271.0 1009.0 271.0 tennis-court 0
1076.0 184.0 1122.0 184.0 1122.0 274.0 1076.0 274.0 tennis-court 0
856.0 358.0 903.0 358.0 903.0 447.0 856.0 447.0 tennis-court 0
922.0 361.0 969.0 361.0 969.0 452.0 922.0 452.0 tennis-court 0
997.0 365.0 1046.0 365.0 1046.0 455.0 997.0 455.0 tennis-court 0
1064.0 369.0 1113.0 369.0 1113.0 460.0 1064.0 460.0 tennis-court 0
1151.0 374.0 1199.0 374.0 1199.0 465.0 1151.0 465.0 tennis-court 0
1218.0 378.0 1266.0 378.0 1266.0 468.0 1218.0 468.0 tennis-court 0
845.0 946.0 1006.0 946.0 1006.0 1108.0 845.0 1108.0 baseball-diamond 0
910.0 656.0 1035.0 656.0 1035.0 783.0 910.0 783.0 baseball-diamond 0
640.0 1492.0 659.0 1492.0 659.0 1500.0 640.0 1500.0 small-vehicle 0
832.0 1517.0 842.0 1517.0 842.0 1538.0 832.0 1538.0 small-vehicle 0
791.0 1536.0 809.0 1536.0 809.0 1545.0 791.0 1545.0 small-vehicle 0
688.0 1527.0 710.0 1527.0 710.0 1536.0 688.0 1536.0 small-vehicle 0
639.0 1523.0 660.0 1523.0 660.0 1532.0 639.0 1532.0 small-vehicle 0
690.0 1536.0 709.0 1536.0 709.0 1546.0 690.0 1546.0 small-vehicle 0
639.0 1501.0 658.0 1501.0 658.0 1510.0 639.0 1510.0 small-vehicle 1
884.0 1452.0 893.0 1452.0 893.0 1471.0 884.0 1471.0 small-vehicle 1
933.0 1457.0 943.0 1457.0 943.0 1479.0 933.0 1479.0 small-vehicle 1
1044.0 1466.0 1052.0 1466.0 1052.0 1482.0 1044.0 1482.0 small-vehicle 1
793.0 1496.0 814.0 1496.0 814.0 1504.0 793.0 1504.0 small-vehicle 1
788.0 1564.0 804.0 1564.0 804.0 1571.0 788.0 1571.0 small-vehicle 1
791.0 1527.0 808.0 1527.0 808.0 1534.0 791.0 1534.0 small-vehicle 1
203.0 426.0 402.0 426.0 402.0 857.0 203.0 857.0 soccer-ball-field 0
