imagesource:GoogleEarth
gsd:0.276005842997
523.0 447.0 543.0 447.0 543.0 458.0 523.0 458.0 small-vehicle 0
214.0 33.0 239.0 33.0 239.0 53.0 214.0 53.0 small-vehicle 0
179.0 231.0 224.0 231.0 224.0 321.0 179.0 321.0 tennis-court 0
233.0 231.0 276.0 231.0 276.0 320.0 233.0 320.0 tennis-court 0
285.0 231.0 330.0 231.0 330.0 321.0 285.0 321.0 tennis-court 0
339.0 230.0 382.0 230.0 382.0 320.0 339.0 320.0 tennis-court 0
404.0 231.0 450.0 231.0 450.0 320.0 404.0 320.0 tennis-court 0
457.0 229.0 502.0 229.0 502.0 321.0 457.0 321.0 tennis-court 0
189.0 376.0 234.0 376.0 234.0 467.0 189.0 467.0 tennis-court 0
277.0 378.0 322.0 378.0 322.0 467.0 277.0 467.0 tennis-court 0
330.0 378.0 374.0 378.0 374.0 466.0 330.0 466.0 tennis-court 0
276.0 513.0 321.0 513.0 321.0 601.0 276.0 601.0 tennis-court 0
330.0 513.0 373.0 513.0 373.0 603.0 330.0 603.0 tennis-court 0
464.0 516.0 506.0 516.0 506.0 539.0 464.0 539.0 tennis-court 0
464.0 545.0 507.0 545.0 507.0 567.0 464.0 567.0 tennis-court 0
88.0 4.0 97.0 4.0 97.0 20.0 88.0 20.0 small-vehicle 0
127.0 106.0 136.0 106.0 136.0 123.0 127.0 123.0 small-vehicle 0
522.0 426.0 542.0 426.0 542.0 436.0 522.0 436.0 small-vehicle 0
116.0 130.0 130.0 130.0 130.0 146.0 116.0 146.0 small-vehicle 1
55.0 28.0 72.0 28.0 72.0 38.0 55.0 38.0 small-vehicle 0
88.0 21.0 95.0 21.0 95.0 39.0 88.0 39.0 small-vehicle 0
99.0 9.0 109.0 9.0 109.0 29.0 99.0 29.0 small-vehicle 0
99.0 30.0 107.0 30.0 107.0 45.0 99.0 45.0 small-vehicle 0
86.0 40.0 95.0 40.0 95.0 57.0 86.0 57.0 small-vehicle 0
60.0 49.0 78.0 49.0 78.0 58.0 60.0 58.0 small-vehicle 0
97.0 86.0 107.0 86.0 107.0 108.0 97.0 108.0 small-vehicle 0
98.0 65.0 107.0 65.0 107.0 85.0 98.0 85.0 small-vehicle 0
98.0 46.0 106.0 46.0 106.0 63.0 98.0 63.0 small-vehicle 0
107.0 112.0 115.0 112.0 115.0 125.0 107.0 125.0 small-vehicle 1
97.0 108.0 105.0 108.0 105.0 123.0 97.0 123.0 small-vehicle 1
64.0 75.0 83.0 75.0 83.0 85.0 64.0 85.0 small-vehicle 1
608.0 372.0 629.0 372.0 629.0 381.0 608.0 381.0 small-vehicle 0
124.0 232.0 170.0 232.0 170.0 321.0 124.0 321.0 tennis-court 0
