imagesource:GoogleEarth
gsd:0.512183948351
476.0 279.0 481.0 279.0 481.0 288.0 476.0 288.0 small-vehicle 1
170.0 40.0 180.0 40.0 180.0 46.0 170.0 46.0 small-vehicle 1
104.0 74.0 116.0 74.0 116.0 81.0 104.0 81.0 small-vehicle 1
85.0 69.0 96.0 69.0 96.0 74.0 85.0 74.0 small-vehicle 1
90.0 48.0 102.0 48.0 102.0 54.0 90.0 54.0 small-vehicle 1
83.0 56.0 93.0 56.0 93.0 63.0 83.0 63.0 small-vehicle 1
57.0 71.0 67.0 71.0 67.0 77.0 57.0 77.0 small-vehicle 1
20.0 77.0 31.0 77.0 31.0 83.0 20.0 83.0 small-vehicle 1
429.0 231.0 456.0 231.0 456.0 281.0 429.0 281.0 tennis-court 0
292.0 334.0 318.0 334.0 318.0 383.0 292.0 383.0 tennis-court 0
373.0 236.0 398.0 236.0 398.0 286.0 373.0 286.0 tennis-court 0
402.0 235.0 428.0 235.0 428.0 284.0 402.0 284.0 tennis-court 0
344.0 238.0 370.0 238.0 370.0 287.0 344.0 287.0 tennis-court 0
316.0 240.0 341.0 240.0 341.0 289.0 316.0 289.0 tennis-court 0
287.0 243.0 312.0 243.0 312.0 291.0 287.0 291.0 tennis-court 0
279.0 452.0 352.0 452.0 352.0 524.0 279.0 524.0 baseball-diamond 0
476.0 624.0 682.0 624.0 682.0 870.0 476.0 870.0 soccer-ball-field 1
350.0 488.0 586.0 488.0 586.0 648.0 350.0 648.0 soccer-ball-field 1
488.0 426.0 546.0 426.0 546.0 488.0 488.0 488.0 baseball-diamond 0
152.0 50.0 159.0 50.0 159.0 55.0 152.0 55.0 small-vehicle 1
147.0 63.0 158.0 63.0 158.0 69.0 147.0 69.0 small-vehicle 1
210.0 758.0 221.0 758.0 221.0 773.0 210.0 773.0 small-vehicle 1
153.0 69.0 164.0 69.0 164.0 75.0 153.0 75.0 small-vehicle 1
204.0 725.0 212.0 725.0 212.0 735.0 204.0 735.0 small-vehicle 1
435.0 421.0 441.0 421.0 441.0 433.0 435.0 433.0 small-vehicle 1
78.0 313.0 82.0 313.0 82.0 321.0 78.0 321.0 small-vehicle 1
463.0 347.0 470.0 347.0 470.0 358.0 463.0 358.0 small-vehicle 1
374.0 353.0 385.0 353.0 385.0 359.0 374.0 359.0 small-vehicle 1
374.0 347.0 385.0 347.0 385.0 351.0 374.0 351.0 small-vehicle 1
417.0 320.0 422.0 320.0 422.0 331.0 417.0 331.0 small-vehicle 1
412.0 321.0 416.0 321.0 416.0 331.0 412.0 331.0 small-vehicle 1
404.0 321.0 411.0 321.0 411.0 334.0 404.0 334.0 small-vehicle 1
399.0 323.0 405.0 323.0 405.0 334.0 399.0 334.0 small-vehicle 1
64.0 224.0 69.0 224.0 69.0 234.0 64.0 234.0 small-vehicle 1
77.0 213.0 82.0 213.0 82.0 222.0 77.0 222.0 small-vehicle 1
381.0 20.0 392.0 20.0 392.0 27.0 381.0 27.0 small-vehicle 1
327.0 26.0 340.0 26.0 340.0 33.0 327.0 33.0 small-vehicle 1
255.0 34.0 266.0 34.0 266.0 41.0 255.0 41.0 small-vehicle 1
66.0 178.0 70.0 178.0 70.0 191.0 66.0 191.0 small-vehicle 1
66.0 128.0 71.0 128.0 71.0 141.0 66.0 141.0 small-vehicle 1
320.0 333.0 346.0 333.0 346.0 381.0 320.0 381.0 tennis-court 0
