imagesource:GoogleEarth
gsd:0.262992710744
87.0 831.0 109.0 831.0 109.0 840.0 87.0 840.0 small-vehicle 1
31.0 780.0 48.0 780.0 48.0 799.0 31.0 799.0 small-vehicle 1
281.0 274.0 328.0 274.0 328.0 369.0 281.0 369.0 tennis-court 0
352.0 278.0 399.0 278.0 399.0 371.0 352.0 371.0 tennis-court 0
423.0 279.0 470.0 279.0 470.0 374.0 423.0 374.0 tennis-court 0
494.0 282.0 540.0 282.0 540.0 376.0 494.0 376.0 tennis-court 0
276.0 450.0 323.0 450.0 323.0 542.0 276.0 542.0 tennis-court 0
346.0 451.0 394.0 451.0 394.0 545.0 346.0 545.0 tennis-court 0
417.0 455.0 464.0 455.0 464.0 547.0 417.0 547.0 tennis-court 0
488.0 457.0 535.0 457.0 535.0 551.0 488.0 551.0 tennis-court 0
559.0 458.0 605.0 458.0 605.0 552.0 559.0 552.0 tennis-court 0
786.0 395.0 818.0 395.0 818.0 440.0 786.0 440.0 swimming-pool 0
788.0 689.0 803.0 689.0 803.0 724.0 788.0 724.0 swimming-pool 0
841.0 215.0 881.0 215.0 881.0 254.0 841.0 254.0 swimming-pool 0
589.0 171.0 598.0 171.0 598.0 189.0 589.0 189.0 small-vehicle 1
598.0 222.0 608.0 222.0 608.0 242.0 598.0 242.0 small-vehicle 1
873.0 84.0 896.0 84.0 896.0 94.0 873.0 94.0 small-vehicle 1
842.0 767.0 866.0 767.0 866.0 781.0 842.0 781.0 small-vehicle 1
885.0 782.0 904.0 782.0 904.0 800.0 885.0 800.0 small-vehicle 1
885.0 796.0 902.0 796.0 902.0 811.0 885.0 811.0 small-vehicle 1
872.0 793.0 890.0 793.0 890.0 809.0 872.0 809.0 small-vehicle 1
4.0 781.0 21.0 781.0 21.0 801.0 4.0 801.0 small-vehicle 1
15.0 778.0 32.0 778.0 32.0 799.0 15.0 799.0 small-vehicle 1
211.0 273.0 258.0 273.0 258.0 366.0 211.0 366.0 tennis-court 0
