imagesource:GoogleEarth
gsd:0.279247866272
169.0 783.0 181.0 783.0 181.0 797.0 169.0 797.0 small-vehicle 1
633.0 661.0 653.0 661.0 653.0 676.0 633.0 676.0 small-vehicle 1
624.0 590.0 645.0 590.0 645.0 607.0 624.0 607.0 small-vehicle 1
603.0 588.0 622.0 588.0 622.0 603.0 603.0 603.0 small-vehicle 1
679.0 578.0 695.0 578.0 695.0 593.0 679.0 593.0 small-vehicle 1
666.0 559.0 687.0 559.0 687.0 575.0 666.0 575.0 small-vehicle 1
636.0 523.0 651.0 523.0 651.0 542.0 636.0 542.0 small-vehicle 1
624.0 523.0 638.0 523.0 638.0 544.0 624.0 544.0 small-vehicle 1
614.0 529.0 629.0 529.0 629.0 548.0 614.0 548.0 small-vehicle 1
570.0 548.0 584.0 548.0 584.0 568.0 570.0 568.0 small-vehicle 1
561.0 551.0 574.0 551.0 574.0 569.0 561.0 569.0 small-vehicle 1
551.0 555.0 566.0 555.0 566.0 575.0 551.0 575.0 small-vehicle 1
532.0 561.0 547.0 561.0 547.0 581.0 532.0 581.0 small-vehicle 1
526.0 567.0 539.0 567.0 539.0 584.0 526.0 584.0 small-vehicle 1
498.0 578.0 512.0 578.0 512.0 599.0 498.0 599.0 small-vehicle 1
487.0 582.0 503.0 582.0 503.0 601.0 487.0 601.0 small-vehicle 1
471.0 590.0 484.0 590.0 484.0 609.0 471.0 609.0 small-vehicle 1
478.0 641.0 497.0 641.0 497.0 655.0 478.0 655.0 small-vehicle 1
483.0 779.0 504.0 779.0 504.0 794.0 483.0 794.0 small-vehicle 1
466.0 787.0 484.0 787.0 484.0 801.0 466.0 801.0 small-vehicle 1
459.0 778.0 479.0 778.0 479.0 793.0 459.0 793.0 small-vehicle 1
346.0 782.0 365.0 782.0 365.0 797.0 346.0 797.0 small-vehicle 1
407.0 769.0 426.0 769.0 426.0 783.0 407.0 783.0 small-vehicle 1
454.0 759.0 473.0 759.0 473.0 772.0 454.0 772.0 small-vehicle 1
450.0 749.0 468.0 749.0 468.0 763.0 450.0 763.0 small-vehicle 1
445.0 742.0 463.0 742.0 463.0 756.0 445.0 756.0 small-vehicle 1
442.0 733.0 461.0 733.0 461.0 747.0 442.0 747.0 small-vehicle 1
433.0 713.0 451.0 713.0 451.0 727.0 433.0 727.0 small-vehicle 1
430.0 705.0 447.0 705.0 447.0 719.0 430.0 719.0 small-vehicle 1
655.0 661.0 673.0 661.0 673.0 677.0 655.0 677.0 small-vehicle 1
623.0 633.0 641.0 633.0 641.0 647.0 623.0 647.0 small-vehicle 1
464.0 733.0 483.0 733.0 483.0 749.0 464.0 749.0 small-vehicle 1
613.0 616.0 634.0 616.0 634.0 632.0 613.0 632.0 small-vehicle 1
582.0 713.0 602.0 713.0 602.0 728.0 582.0 728.0 small-vehicle 1
578.0 705.0 597.0 705.0 597.0 721.0 578.0 721.0 small-vehicle 1
572.0 696.0 592.0 696.0 592.0 712.0 572.0 712.0 small-vehicle 1
566.0 688.0 590.0 688.0 590.0 705.0 566.0 705.0 small-vehicle 1
558.0 661.0 578.0 661.0 578.0 676.0 558.0 676.0 small-vehicle 1
554.0 652.0 575.0 652.0 575.0 667.0 554.0 667.0 small-vehicle 1
553.0 641.0 572.0 641.0 572.0 656.0 553.0 656.0 small-vehicle 1
570.0 635.0 591.0 635.0 591.0 650.0 570.0 650.0 small-vehicle 1
566.0 625.0 586.0 625.0 586.0 640.0 566.0 640.0 small-vehicle 1
564.0 616.0 582.0 616.0 582.0 631.0 564.0 631.0 small-vehicle 1
546.0 624.0 564.0 624.0 564.0 638.0 546.0 638.0 small-vehicle 1
541.0 613.0 559.0 613.0 559.0 627.0 541.0 627.0 small-vehicle 1
502.0 641.0 521.0 641.0 521.0 657.0 502.0 657.0 small-vehicle 1
489.0 658.0 506.0 658.0 506.0 674.0 489.0 674.0 small-vehicle 1
326.0 650.0 343.0 650.0 343.0 674.0 326.0 674.0 small-vehicle 1
606.0 776.0 630.0 776.0 630.0 795.0 606.0 795.0 small-vehicle 1
625.0 769.0 651.0 769.0 651.0 788.0 625.0 788.0 small-vehicle 1
620.0 752.0 641.0 752.0 641.0 769.0 620.0 769.0 small-vehicle 1
614.0 733.0 634.0 733.0 634.0 749.0 614.0 749.0 small-vehicle 1
602.0 715.0 627.0 715.0 627.0 732.0 602.0 732.0 small-vehicle 1
596.0 697.0 618.0 697.0 618.0 714.0 596.0 714.0 small-vehicle 1
593.0 687.0 613.0 687.0 613.0 704.0 593.0 704.0 small-vehicle 1
580.0 662.0 602.0 662.0 602.0 677.0 580.0 677.0 small-vehicle 1
578.0 653.0 597.0 653.0 597.0 668.0 578.0 668.0 small-vehicle 1
573.0 641.0 598.0 641.0 598.0 659.0 573.0 659.0 small-vehicle 1
560.0 606.0 577.0 606.0 577.0 620.0 560.0 620.0 small-vehicle 1
628.0 601.0 646.0 601.0 646.0 614.0 628.0 614.0 small-vehicle 1
479.0 770.0 498.0 770.0 498.0 784.0 479.0 784.0 small-vehicle 1
460.0 723.0 480.0 723.0 480.0 739.0 460.0 739.0 small-vehicle 1
590.0 733.0 608.0 733.0 608.0 747.0 590.0 747.0 small-vehicle 1
183.0 765.0 198.0 765.0 198.0 786.0 183.0 786.0 small-vehicle 1
372.0 634.0 385.0 634.0 385.0 652.0 372.0 652.0 small-vehicle 1
452.0 597.0 466.0 597.0 466.0 617.0 452.0 617.0 small-vehicle 1
443.0 600.0 457.0 600.0 457.0 621.0 443.0 621.0 small-vehicle 1
434.0 605.0 449.0 605.0 449.0 625.0 434.0 625.0 small-vehicle 1
379.0 628.0 395.0 628.0 395.0 649.0 379.0 649.0 small-vehicle 1
363.0 640.0 376.0 640.0 376.0 657.0 363.0 657.0 small-vehicle 1
316.0 656.0 331.0 656.0 331.0 676.0 316.0 676.0 small-vehicle 1
275.0 671.0 292.0 671.0 292.0 690.0 275.0 690.0 small-vehicle 1
178.0 714.0 195.0 714.0 195.0 737.0 178.0 737.0 small-vehicle 1
93.0 769.0 109.0 769.0 109.0 793.0 93.0 793.0 small-vehicle 1
182.0 190.0 204.0 190.0 204.0 206.0 182.0 206.0 small-vehicle 1
142.0 145.0 160.0 145.0 160.0 161.0 142.0 161.0 small-vehicle 1
365.0 41.0 383.0 41.0 383.0 55.0 365.0 55.0 small-vehicle 1
22.0 22.0 65.0 22.0 65.0 52.0 22.0 52.0 swimming-pool 0
483.0 364.0 556.0 364.0 556.0 463.0 483.0 463.0 tennis-court 0
428.0 384.0 503.0 384.0 503.0 485.0 428.0 485.0 tennis-court 0
366.0 413.0 441.0 413.0 441.0 511.0 366.0 511.0 tennis-court 0
314.0 435.0 388.0 435.0 388.0 534.0 314.0 534.0 tennis-court 0
251.0 461.0 327.0 461.0 327.0 560.0 251.0 560.0 tennis-court 0
201.0 484.0 274.0 484.0 274.0 581.0 201.0 581.0 tennis-court 0
415.0 208.0 489.0 208.0 489.0 306.0 415.0 306.0 tennis-court 0
364.0 231.0 436.0 231.0 436.0 329.0 364.0 329.0 tennis-court 0
301.0 256.0 374.0 256.0 374.0 356.0 301.0 356.0 tennis-court 0
248.0 278.0 322.0 278.0 322.0 377.0 248.0 377.0 tennis-court 0
185.0 306.0 259.0 306.0 259.0 404.0 185.0 404.0 tennis-court 0
133.0 328.0 207.0 328.0 207.0 426.0 133.0 426.0 tennis-court 0
71.0 354.0 145.0 354.0 145.0 452.0 71.0 452.0 tennis-court 0
192.0 762.0 207.0 762.0 207.0 784.0 192.0 784.0 small-vehicle 1
174.0 769.0 188.0 769.0 188.0 790.0 174.0 790.0 small-vehicle 1
456.0 715.0 474.0 715.0 474.0 730.0 456.0 730.0 small-vehicle 1
236.0 742.0 256.0 742.0 256.0 757.0 236.0 757.0 small-vehicle 1
448.0 698.0 467.0 698.0 467.0 713.0 448.0 713.0 small-vehicle 1
446.0 690.0 462.0 690.0 462.0 701.0 446.0 701.0 small-vehicle 1
429.0 696.0 447.0 696.0 447.0 710.0 429.0 710.0 small-vehicle 1
377.0 749.0 396.0 749.0 396.0 763.0 377.0 763.0 small-vehicle 1
386.0 766.0 404.0 766.0 404.0 779.0 386.0 779.0 small-vehicle 1
400.0 749.0 418.0 749.0 418.0 763.0 400.0 763.0 small-vehicle 1
391.0 732.0 409.0 732.0 409.0 747.0 391.0 747.0 small-vehicle 1
371.0 729.0 388.0 729.0 388.0 743.0 371.0 743.0 small-vehicle 1
367.0 720.0 386.0 720.0 386.0 735.0 367.0 735.0 small-vehicle 1
387.0 722.0 405.0 722.0 405.0 737.0 387.0 737.0 small-vehicle 1
385.0 714.0 403.0 714.0 403.0 728.0 385.0 728.0 small-vehicle 1
381.0 704.0 399.0 704.0 399.0 719.0 381.0 719.0 small-vehicle 1
362.0 712.0 382.0 712.0 382.0 727.0 362.0 727.0 small-vehicle 1
358.0 703.0 378.0 703.0 378.0 718.0 358.0 718.0 small-vehicle 1
374.0 682.0 397.0 682.0 397.0 699.0 374.0 699.0 small-vehicle 1
352.0 692.0 376.0 692.0 376.0 711.0 352.0 711.0 small-vehicle 1
323.0 782.0 340.0 782.0 340.0 798.0 323.0 798.0 small-vehicle 1
340.0 775.0 359.0 775.0 359.0 788.0 340.0 788.0 small-vehicle 1
337.0 767.0 357.0 767.0 357.0 781.0 337.0 781.0 small-vehicle 1
335.0 756.0 353.0 756.0 353.0 770.0 335.0 770.0 small-vehicle 1
307.0 745.0 326.0 745.0 326.0 760.0 307.0 760.0 small-vehicle 1
313.0 710.0 331.0 710.0 331.0 726.0 313.0 726.0 small-vehicle 1
295.0 718.0 314.0 718.0 314.0 734.0 295.0 734.0 small-vehicle 1
260.0 745.0 277.0 745.0 277.0 760.0 260.0 760.0 small-vehicle 1
248.0 771.0 268.0 771.0 268.0 784.0 248.0 784.0 small-vehicle 1
268.0 764.0 285.0 764.0 285.0 777.0 268.0 777.0 small-vehicle 1
257.0 737.0 274.0 737.0 274.0 751.0 257.0 751.0 small-vehicle 1
586.0 724.0 605.0 724.0 605.0 740.0 586.0 740.0 small-vehicle 1
592.0 742.0 610.0 742.0 610.0 756.0 592.0 756.0 small-vehicle 1
158.0 784.0 173.0 784.0 173.0 802.0 158.0 802.0 small-vehicle 1
473.0 752.0 492.0 752.0 492.0 765.0 473.0 765.0 small-vehicle 0
451.0 707.0 472.0 707.0 472.0 722.0 451.0 722.0 small-vehicle 0
443.0 679.0 462.0 679.0 462.0 693.0 443.0 693.0 small-vehicle 0
439.0 669.0 460.0 669.0 460.0 684.0 439.0 684.0 small-vehicle 0
435.0 661.0 452.0 661.0 452.0 675.0 435.0 675.0 small-vehicle 0
482.0 650.0 502.0 650.0 502.0 665.0 482.0 665.0 small-vehicle 0
492.0 669.0 510.0 669.0 510.0 683.0 492.0 683.0 small-vehicle 0
493.0 678.0 512.0 678.0 512.0 693.0 493.0 693.0 small-vehicle 0
496.0 688.0 517.0 688.0 517.0 703.0 496.0 703.0 small-vehicle 0
501.0 696.0 519.0 696.0 519.0 710.0 501.0 710.0 small-vehicle 0
672.0 571.0 692.0 571.0 692.0 586.0 672.0 586.0 small-vehicle 0
663.0 552.0 681.0 552.0 681.0 567.0 663.0 567.0 small-vehicle 0
659.0 542.0 678.0 542.0 678.0 559.0 659.0 559.0 small-vehicle 0
655.0 533.0 674.0 533.0 674.0 548.0 655.0 548.0 small-vehicle 0
506.0 652.0 524.0 652.0 524.0 667.0 506.0 667.0 small-vehicle 0
498.0 634.0 516.0 634.0 516.0 648.0 498.0 648.0 small-vehicle 0
516.0 680.0 535.0 680.0 535.0 694.0 516.0 694.0 small-vehicle 0
522.0 688.0 539.0 688.0 539.0 702.0 522.0 702.0 small-vehicle 0
524.0 698.0 544.0 698.0 544.0 713.0 524.0 713.0 small-vehicle 0
537.0 726.0 555.0 726.0 555.0 738.0 537.0 738.0 small-vehicle 0
542.0 745.0 560.0 745.0 560.0 759.0 542.0 759.0 small-vehicle 0
547.0 751.0 567.0 751.0 567.0 766.0 547.0 766.0 small-vehicle 0
510.0 714.0 529.0 714.0 529.0 730.0 510.0 730.0 small-vehicle 0
513.0 722.0 534.0 722.0 534.0 737.0 513.0 737.0 small-vehicle 0
521.0 742.0 539.0 742.0 539.0 756.0 521.0 756.0 small-vehicle 0
524.0 753.0 541.0 753.0 541.0 765.0 524.0 765.0 small-vehicle 1
524.0 758.0 547.0 758.0 547.0 776.0 524.0 776.0 small-vehicle 0
531.0 770.0 550.0 770.0 550.0 784.0 531.0 784.0 small-vehicle 0
468.0 743.0 488.0 743.0 488.0 757.0 468.0 757.0 small-vehicle 0
475.0 760.0 494.0 760.0 494.0 775.0 475.0 775.0 small-vehicle 0
553.0 767.0 576.0 767.0 576.0 785.0 553.0 785.0 small-vehicle 0
457.0 769.0 476.0 769.0 476.0 782.0 457.0 782.0 small-vehicle 0
252.0 780.0 271.0 780.0 271.0 794.0 252.0 794.0 small-vehicle 0
243.0 752.0 263.0 752.0 263.0 768.0 243.0 768.0 small-vehicle 0
245.0 762.0 266.0 762.0 266.0 776.0 245.0 776.0 small-vehicle 0
275.0 784.0 292.0 784.0 292.0 796.0 275.0 796.0 small-vehicle 1
270.0 773.0 290.0 773.0 290.0 786.0 270.0 786.0 small-vehicle 0
263.0 754.0 281.0 754.0 281.0 770.0 263.0 770.0 small-vehicle 0
298.0 729.0 317.0 729.0 317.0 743.0 298.0 743.0 small-vehicle 0
311.0 755.0 331.0 755.0 331.0 769.0 311.0 769.0 small-vehicle 0
317.0 764.0 334.0 764.0 334.0 777.0 317.0 777.0 small-vehicle 0
319.0 775.0 337.0 775.0 337.0 788.0 319.0 788.0 small-vehicle 0
330.0 747.0 349.0 747.0 349.0 762.0 330.0 762.0 small-vehicle 0
327.0 738.0 346.0 738.0 346.0 753.0 327.0 753.0 small-vehicle 0
323.0 729.0 342.0 729.0 342.0 743.0 323.0 743.0 small-vehicle 0
319.0 720.0 337.0 720.0 337.0 735.0 319.0 735.0 small-vehicle 0
392.0 785.0 411.0 785.0 411.0 799.0 392.0 799.0 small-vehicle 0
413.0 787.0 431.0 787.0 431.0 800.0 413.0 800.0 small-vehicle 0
412.0 779.0 428.0 779.0 428.0 791.0 412.0 791.0 small-vehicle 1
390.0 775.0 410.0 775.0 410.0 790.0 390.0 790.0 small-vehicle 0
404.0 761.0 425.0 761.0 425.0 773.0 404.0 773.0 small-vehicle 0
380.0 757.0 400.0 757.0 400.0 772.0 380.0 772.0 small-vehicle 0
372.0 739.0 392.0 739.0 392.0 754.0 372.0 754.0 small-vehicle 0
395.0 744.0 411.0 744.0 411.0 756.0 395.0 756.0 small-vehicle 1
377.0 696.0 397.0 696.0 397.0 711.0 377.0 711.0 small-vehicle 0
415.0 669.0 433.0 669.0 433.0 683.0 415.0 683.0 small-vehicle 0
419.0 678.0 439.0 678.0 439.0 693.0 419.0 693.0 small-vehicle 0
424.0 686.0 444.0 686.0 444.0 702.0 424.0 702.0 small-vehicle 0
440.0 725.0 456.0 725.0 456.0 738.0 440.0 738.0 small-vehicle 1
537.0 778.0 554.0 778.0 554.0 791.0 537.0 791.0 small-vehicle 0
613.0 788.0 629.0 788.0 629.0 802.0 613.0 802.0 small-vehicle 1
598.0 749.0 618.0 749.0 618.0 767.0 598.0 767.0 small-vehicle 1
505.0 576.0 521.0 576.0 521.0 596.0 505.0 596.0 small-vehicle 0
425.0 609.0 441.0 609.0 441.0 630.0 425.0 630.0 small-vehicle 0
463.0 596.0 475.0 596.0 475.0 613.0 463.0 613.0 small-vehicle 0
417.0 616.0 431.0 616.0 431.0 636.0 417.0 636.0 small-vehicle 0
407.0 618.0 421.0 618.0 421.0 638.0 407.0 638.0 small-vehicle 0
398.0 621.0 412.0 621.0 412.0 640.0 398.0 640.0 small-vehicle 0
389.0 626.0 404.0 626.0 404.0 646.0 389.0 646.0 small-vehicle 0
352.0 639.0 370.0 639.0 370.0 662.0 352.0 662.0 small-vehicle 0
343.0 644.0 360.0 644.0 360.0 667.0 343.0 667.0 small-vehicle 0
335.0 648.0 349.0 648.0 349.0 670.0 335.0 670.0 small-vehicle 0
307.0 659.0 322.0 659.0 322.0 681.0 307.0 681.0 small-vehicle 0
299.0 664.0 314.0 664.0 314.0 685.0 299.0 685.0 small-vehicle 0
289.0 666.0 304.0 666.0 304.0 689.0 289.0 689.0 small-vehicle 0
267.0 715.0 285.0 715.0 285.0 730.0 267.0 730.0 small-vehicle 0
194.0 742.0 211.0 742.0 211.0 756.0 194.0 756.0 small-vehicle 0
196.0 704.0 213.0 704.0 213.0 728.0 196.0 728.0 small-vehicle 0
186.0 708.0 204.0 708.0 204.0 733.0 186.0 733.0 small-vehicle 0
540.0 787.0 559.0 787.0 559.0 801.0 540.0 801.0 small-vehicle 1
557.0 781.0 576.0 781.0 576.0 795.0 557.0 795.0 small-vehicle 1
548.0 760.0 566.0 760.0 566.0 775.0 548.0 775.0 small-vehicle 1
537.0 730.0 560.0 730.0 560.0 749.0 537.0 749.0 small-vehicle 1
526.0 707.0 546.0 707.0 546.0 722.0 526.0 722.0 small-vehicle 1
532.0 715.0 552.0 715.0 552.0 730.0 532.0 730.0 small-vehicle 1
517.0 733.0 535.0 733.0 535.0 747.0 517.0 747.0 small-vehicle 1
506.0 705.0 525.0 705.0 525.0 719.0 506.0 719.0 small-vehicle 1
511.0 671.0 530.0 671.0 530.0 686.0 511.0 686.0 small-vehicle 1
509.0 660.0 530.0 660.0 530.0 676.0 509.0 676.0 small-vehicle 1
604.0 768.0 624.0 768.0 624.0 784.0 604.0 784.0 small-vehicle 1
480.0 588.0 494.0 588.0 494.0 607.0 480.0 607.0 small-vehicle 0
515.0 571.0 531.0 571.0 531.0 591.0 515.0 591.0 small-vehicle 0
630.0 781.0 649.0 781.0 649.0 795.0 630.0 795.0 small-vehicle 0
543.0 560.0 560.0 560.0 560.0 581.0 543.0 581.0 small-vehicle 0
601.0 760.0 620.0 760.0 620.0 774.0 601.0 774.0 small-vehicle 0
622.0 762.0 643.0 762.0 643.0 777.0 622.0 777.0 small-vehicle 0
619.0 743.0 635.0 743.0 635.0 756.0 619.0 756.0 small-vehicle 1
609.0 723.0 630.0 723.0 630.0 738.0 609.0 738.0 small-vehicle 0
600.0 706.0 622.0 706.0 622.0 722.0 600.0 722.0 small-vehicle 0
587.0 680.0 609.0 680.0 609.0 694.0 587.0 694.0 small-vehicle 0
586.0 672.0 604.0 672.0 604.0 686.0 586.0 686.0 small-vehicle 0
568.0 679.0 587.0 679.0 587.0 692.0 568.0 692.0 small-vehicle 0
564.0 669.0 583.0 669.0 583.0 683.0 564.0 683.0 small-vehicle 0
549.0 633.0 568.0 633.0 568.0 647.0 549.0 647.0 small-vehicle 0
607.0 598.0 625.0 598.0 625.0 612.0 607.0 612.0 small-vehicle 0
610.0 607.0 629.0 607.0 629.0 622.0 610.0 622.0 small-vehicle 0
618.0 625.0 637.0 625.0 637.0 639.0 618.0 639.0 small-vehicle 0
625.0 643.0 645.0 643.0 645.0 657.0 625.0 657.0 small-vehicle 0
627.0 652.0 648.0 652.0 648.0 667.0 627.0 667.0 small-vehicle 0
635.0 670.0 655.0 670.0 655.0 686.0 635.0 686.0 small-vehicle 0
651.0 653.0 670.0 653.0 670.0 669.0 651.0 669.0 small-vehicle 0
645.0 646.0 665.0 646.0 665.0 661.0 645.0 661.0 small-vehicle 0
643.0 633.0 665.0 633.0 665.0 650.0 643.0 650.0 small-vehicle 0
641.0 626.0 659.0 626.0 659.0 640.0 641.0 640.0 small-vehicle 0
638.0 617.0 657.0 617.0 657.0 632.0 638.0 632.0 small-vehicle 0
632.0 609.0 650.0 609.0 650.0 623.0 632.0 623.0 small-vehicle 0
620.0 580.0 640.0 580.0 640.0 596.0 620.0 596.0 small-vehicle 0
604.0 533.0 620.0 533.0 620.0 554.0 604.0 554.0 small-vehicle 0
596.0 535.0 612.0 535.0 612.0 557.0 596.0 557.0 small-vehicle 0
588.0 542.0 605.0 542.0 605.0 562.0 588.0 562.0 small-vehicle 0
578.0 543.0 596.0 543.0 596.0 566.0 578.0 566.0 small-vehicle 0
20.0 376.0 93.0 376.0 93.0 474.0 20.0 474.0 tennis-court 0
