imagesource:GoogleEarth
gsd:0.274061121178
689.0 162.0 706.0 162.0 706.0 185.0 689.0 185.0 small-vehicle 1
337.0 622.0 407.0 622.0 407.0 719.0 337.0 719.0 tennis-court 0
118.0 354.0 187.0 354.0 187.0 452.0 118.0 452.0 tennis-court 0
175.0 334.0 244.0 334.0 244.0 432.0 175.0 432.0 tennis-court 0
232.0 314.0 301.0 314.0 301.0 412.0 232.0 412.0 tennis-court 0
289.0 295.0 357.0 295.0 357.0 393.0 289.0 393.0 tennis-court 0
170.0 506.0 239.0 506.0 239.0 604.0 170.0 604.0 tennis-court 0
227.0 487.0 296.0 487.0 296.0 585.0 227.0 585.0 tennis-court 0
284.0 468.0 353.0 468.0 353.0 566.0 284.0 566.0 tennis-court 0
341.0 449.0 410.0 449.0 410.0 547.0 341.0 547.0 tennis-court 0
165.0 680.0 234.0 680.0 234.0 778.0 165.0 778.0 tennis-court 0
223.0 660.0 293.0 660.0 293.0 760.0 223.0 760.0 tennis-court 0
279.0 642.0 350.0 642.0 350.0 742.0 279.0 742.0 tennis-court 0
395.0 603.0 463.0 603.0 463.0 700.0 395.0 700.0 tennis-court 0
31.0 57.0 49.0 57.0 49.0 70.0 31.0 70.0 small-vehicle 1
191.0 86.0 220.0 86.0 220.0 107.0 191.0 107.0 swimming-pool 0
133.0 170.0 163.0 170.0 163.0 206.0 133.0 206.0 swimming-pool 0
191.0 171.0 220.0 171.0 220.0 218.0 191.0 218.0 swimming-pool 0
158.0 113.0 186.0 113.0 186.0 150.0 158.0 150.0 swimming-pool 0
449.0 27.0 477.0 27.0 477.0 67.0 449.0 67.0 swimming-pool 1
475.0 244.0 515.0 244.0 515.0 276.0 475.0 276.0 swimming-pool 1
662.0 567.0 703.0 567.0 703.0 597.0 662.0 597.0 swimming-pool 1
639.0 491.0 687.0 491.0 687.0 524.0 639.0 524.0 swimming-pool 1
331.0 125.0 364.0 125.0 364.0 156.0 331.0 156.0 roundabout 0
88.0 25.0 105.0 25.0 105.0 48.0 88.0 48.0 small-vehicle 0
255.0 205.0 276.0 205.0 276.0 221.0 255.0 221.0 small-vehicle 0
61.0 373.0 130.0 373.0 130.0 470.0 61.0 470.0 tennis-court 0
