imagesource:GoogleEarth
gsd:0.560465468057
1118.0 890.0 1133.0 890.0 1133.0 904.0 1118.0 904.0 swimming-pool 1
137.0 2013.0 144.0 2013.0 144.0 2027.0 137.0 2027.0 ship 1
45.0 2025.0 54.0 2025.0 54.0 2040.0 45.0 2040.0 ship 1
53.0 2025.0 60.0 2025.0 60.0 2037.0 53.0 2037.0 ship 1
61.0 2023.0 68.0 2023.0 68.0 2038.0 61.0 2038.0 ship 1
67.0 2023.0 75.0 2023.0 75.0 2036.0 67.0 2036.0 ship 1
75.0 2022.0 82.0 2022.0 82.0 2035.0 75.0 2035.0 ship 1
81.0 2021.0 88.0 2021.0 88.0 2035.0 81.0 2035.0 ship 1
88.0 2020.0 96.0 2020.0 96.0 2033.0 88.0 2033.0 ship 1
117.0 2017.0 123.0 2017.0 123.0 2030.0 117.0 2030.0 ship 1
130.0 2014.0 137.0 2014.0 137.0 2028.0 130.0 2028.0 ship 1
144.0 2013.0 151.0 2013.0 151.0 2026.0 144.0 2026.0 ship 1
441.0 2203.0 462.0 2203.0 462.0 2212.0 441.0 2212.0 ship 0
152.0 2011.0 157.0 2011.0 157.0 2025.0 152.0 2025.0 ship 1
180.0 2008.0 187.0 2008.0 187.0 2021.0 180.0 2021.0 ship 1
178.0 1987.0 184.0 1987.0 184.0 2005.0 178.0 2005.0 ship 0
168.0 1988.0 177.0 1988.0 177.0 2007.0 168.0 2007.0 ship 0
145.0 1991.0 153.0 1991.0 153.0 2009.0 145.0 2009.0 ship 0
138.0 1992.0 147.0 1992.0 147.0 2011.0 138.0 2011.0 ship 0
130.0 1994.0 139.0 1994.0 139.0 2011.0 130.0 2011.0 ship 0
116.0 1996.0 124.0 1996.0 124.0 2014.0 116.0 2014.0 ship 0
108.0 1997.0 116.0 1997.0 116.0 2015.0 108.0 2015.0 ship 0
503.0 2228.0 517.0 2228.0 517.0 2235.0 503.0 2235.0 ship 1
488.0 2229.0 500.0 2229.0 500.0 2235.0 488.0 2235.0 ship 1
484.0 2236.0 501.0 2236.0 501.0 2244.0 484.0 2244.0 ship 0
503.0 2236.0 520.0 2236.0 520.0 2244.0 503.0 2244.0 ship 0
424.0 2214.0 441.0 2214.0 441.0 2222.0 424.0 2222.0 ship 0
443.0 2214.0 461.0 2214.0 461.0 2222.0 443.0 2222.0 ship 0
424.0 2223.0 443.0 2223.0 443.0 2232.0 424.0 2232.0 ship 0
444.0 2223.0 465.0 2223.0 465.0 2232.0 444.0 2232.0 ship 0
444.0 2233.0 463.0 2233.0 463.0 2241.0 444.0 2241.0 ship 0
425.0 2243.0 440.0 2243.0 440.0 2251.0 425.0 2251.0 ship 0
443.0 2243.0 464.0 2243.0 464.0 2252.0 443.0 2252.0 ship 0
444.0 2253.0 461.0 2253.0 461.0 2261.0 444.0 2261.0 ship 0
425.0 2253.0 442.0 2253.0 442.0 2261.0 425.0 2261.0 ship 0
444.0 2263.0 462.0 2263.0 462.0 2270.0 444.0 2270.0 ship 0
425.0 2263.0 440.0 2263.0 440.0 2273.0 425.0 2273.0 ship 1
449.0 2273.0 463.0 2273.0 463.0 2280.0 449.0 2280.0 ship 1
485.0 2282.0 497.0 2282.0 497.0 2289.0 485.0 2289.0 ship 1
488.0 2264.0 501.0 2264.0 501.0 2273.0 488.0 2273.0 ship 1
502.0 2264.0 520.0 2264.0 520.0 2271.0 502.0 2271.0 ship 0
503.0 2254.0 519.0 2254.0 519.0 2263.0 503.0 2263.0 ship 0
487.0 2256.0 501.0 2256.0 501.0 2263.0 487.0 2263.0 ship 1
483.0 2245.0 502.0 2245.0 502.0 2254.0 483.0 2254.0 ship 0
504.0 2245.0 518.0 2245.0 518.0 2253.0 504.0 2253.0 ship 1
101.0 1998.0 108.0 1998.0 108.0 2015.0 101.0 2015.0 ship 0
80.0 2003.0 87.0 2003.0 87.0 2018.0 80.0 2018.0 ship 0
179.0 2041.0 186.0 2041.0 186.0 2056.0 179.0 2056.0 ship 0
165.0 2407.0 172.0 2407.0 172.0 2423.0 165.0 2423.0 ship 0
124.0 2441.0 131.0 2441.0 131.0 2456.0 124.0 2456.0 ship 0
133.0 2444.0 138.0 2444.0 138.0 2456.0 133.0 2456.0 ship 1
141.0 2443.0 149.0 2443.0 149.0 2457.0 141.0 2457.0 ship 1
149.0 2444.0 155.0 2444.0 155.0 2458.0 149.0 2458.0 ship 1
158.0 2442.0 163.0 2442.0 163.0 2457.0 158.0 2457.0 ship 0
166.0 2444.0 173.0 2444.0 173.0 2458.0 166.0 2458.0 ship 1
182.0 2442.0 189.0 2442.0 189.0 2458.0 182.0 2458.0 ship 0
191.0 2442.0 198.0 2442.0 198.0 2459.0 191.0 2459.0 ship 0
199.0 2445.0 206.0 2445.0 206.0 2459.0 199.0 2459.0 ship 1
208.0 2446.0 214.0 2446.0 214.0 2459.0 208.0 2459.0 ship 1
224.0 2445.0 230.0 2445.0 230.0 2459.0 224.0 2459.0 ship 1
233.0 2442.0 239.0 2442.0 239.0 2460.0 233.0 2460.0 ship 0
219.0 2462.0 227.0 2462.0 227.0 2481.0 219.0 2481.0 ship 0
121.0 2458.0 128.0 2458.0 128.0 2477.0 121.0 2477.0 ship 0
129.0 2462.0 138.0 2462.0 138.0 2480.0 129.0 2480.0 ship 0
141.0 2461.0 147.0 2461.0 147.0 2478.0 141.0 2478.0 ship 0
151.0 2500.0 159.0 2500.0 159.0 2518.0 151.0 2518.0 ship 0
161.0 2503.0 168.0 2503.0 168.0 2519.0 161.0 2519.0 ship 0
168.0 2503.0 175.0 2503.0 175.0 2519.0 168.0 2519.0 ship 0
113.0 2409.0 120.0 2409.0 120.0 2425.0 113.0 2425.0 ship 0
186.0 2407.0 193.0 2407.0 193.0 2423.0 186.0 2423.0 ship 0
158.0 2056.0 175.0 2056.0 175.0 2065.0 158.0 2065.0 ship 0
193.0 2407.0 200.0 2407.0 200.0 2423.0 193.0 2423.0 ship 0
111.0 2046.0 119.0 2046.0 119.0 2062.0 111.0 2062.0 ship 0
124.0 2045.0 131.0 2045.0 131.0 2061.0 124.0 2061.0 ship 0
132.0 2045.0 138.0 2045.0 138.0 2058.0 132.0 2058.0 ship 1
145.0 2044.0 151.0 2044.0 151.0 2057.0 145.0 2057.0 ship 1
151.0 2044.0 156.0 2044.0 156.0 2057.0 151.0 2057.0 ship 1
158.0 2045.0 165.0 2045.0 165.0 2056.0 158.0 2056.0 ship 1
86.0 2050.0 91.0 2050.0 91.0 2064.0 86.0 2064.0 ship 1
161.0 2192.0 169.0 2192.0 169.0 2208.0 161.0 2208.0 ship 0
147.0 2194.0 154.0 2194.0 154.0 2209.0 147.0 2209.0 ship 1
127.0 2200.0 134.0 2200.0 134.0 2215.0 127.0 2215.0 ship 1
194.0 2206.0 204.0 2206.0 204.0 2224.0 194.0 2224.0 ship 0
206.0 2191.0 212.0 2191.0 212.0 2203.0 206.0 2203.0 ship 1
180.0 2314.0 190.0 2314.0 190.0 2332.0 180.0 2332.0 ship 0
195.0 2313.0 203.0 2313.0 203.0 2328.0 195.0 2328.0 ship 1
184.0 2341.0 192.0 2341.0 192.0 2356.0 184.0 2356.0 ship 1
192.0 2388.0 199.0 2388.0 199.0 2405.0 192.0 2405.0 ship 0
200.0 2386.0 206.0 2386.0 206.0 2404.0 200.0 2404.0 ship 0
210.0 2385.0 217.0 2385.0 217.0 2404.0 210.0 2404.0 ship 0
221.0 2407.0 228.0 2407.0 228.0 2422.0 221.0 2422.0 ship 0
423.0 2203.0 442.0 2203.0 442.0 2214.0 423.0 2214.0 ship 0
441.0 2194.0 462.0 2194.0 462.0 2201.0 441.0 2201.0 ship 0
186.0 2501.0 194.0 2501.0 194.0 2519.0 186.0 2519.0 ship 0
322.0 1759.0 333.0 1759.0 333.0 1780.0 322.0 1780.0 ship 0
572.0 1453.0 578.0 1453.0 578.0 1466.0 572.0 1466.0 ship 1
578.0 1453.0 585.0 1453.0 585.0 1467.0 578.0 1467.0 ship 1
585.0 1453.0 592.0 1453.0 592.0 1465.0 585.0 1465.0 ship 1
592.0 1454.0 599.0 1454.0 599.0 1465.0 592.0 1465.0 ship 1
446.0 1487.0 465.0 1487.0 465.0 1513.0 446.0 1513.0 ship 0
377.0 1584.0 388.0 1584.0 388.0 1601.0 377.0 1601.0 ship 0
343.0 1642.0 365.0 1642.0 365.0 1669.0 343.0 1669.0 ship 0
396.0 1658.0 414.0 1658.0 414.0 1680.0 396.0 1680.0 ship 0
307.0 1683.0 314.0 1683.0 314.0 1696.0 307.0 1696.0 ship 1
354.0 1886.0 365.0 1886.0 365.0 1907.0 354.0 1907.0 ship 0
423.0 2194.0 440.0 2194.0 440.0 2203.0 423.0 2203.0 ship 0
349.0 1894.0 357.0 1894.0 357.0 1911.0 349.0 1911.0 ship 0
366.0 1883.0 378.0 1883.0 378.0 1904.0 366.0 1904.0 ship 0
381.0 1977.0 394.0 1977.0 394.0 1997.0 381.0 1997.0 ship 0
376.0 1961.0 387.0 1961.0 387.0 1978.0 376.0 1978.0 ship 0
370.0 1968.0 381.0 1968.0 381.0 1987.0 370.0 1987.0 ship 0
370.0 2093.0 396.0 2093.0 396.0 2103.0 370.0 2103.0 ship 0
373.0 2105.0 394.0 2105.0 394.0 2112.0 373.0 2112.0 ship 0
341.0 2112.0 370.0 2112.0 370.0 2123.0 341.0 2123.0 ship 0
372.0 2114.0 395.0 2114.0 395.0 2123.0 372.0 2123.0 ship 0
557.0 1452.0 565.0 1452.0 565.0 1466.0 557.0 1466.0 ship 1
544.0 1452.0 550.0 1452.0 550.0 1465.0 544.0 1465.0 ship 1
534.0 1450.0 540.0 1450.0 540.0 1468.0 534.0 1468.0 ship 0
525.0 1451.0 532.0 1451.0 532.0 1467.0 525.0 1467.0 ship 0
502.0 1072.0 518.0 1072.0 518.0 1084.0 502.0 1084.0 ship 1
509.0 1058.0 524.0 1058.0 524.0 1071.0 509.0 1071.0 ship 0
549.0 1114.0 569.0 1114.0 569.0 1130.0 549.0 1130.0 ship 0
556.0 1099.0 575.0 1099.0 575.0 1114.0 556.0 1114.0 ship 0
576.0 1110.0 598.0 1110.0 598.0 1127.0 576.0 1127.0 ship 0
583.0 1106.0 598.0 1106.0 598.0 1118.0 583.0 1118.0 ship 1
548.0 1358.0 558.0 1358.0 558.0 1383.0 548.0 1383.0 ship 0
558.0 1359.0 568.0 1359.0 568.0 1383.0 558.0 1383.0 ship 0
569.0 1358.0 578.0 1358.0 578.0 1383.0 569.0 1383.0 ship 0
580.0 1359.0 589.0 1359.0 589.0 1383.0 580.0 1383.0 ship 0
591.0 1361.0 601.0 1361.0 601.0 1384.0 591.0 1384.0 ship 0
547.0 1384.0 556.0 1384.0 556.0 1407.0 547.0 1407.0 ship 0
557.0 1384.0 566.0 1384.0 566.0 1406.0 557.0 1406.0 ship 0
570.0 1384.0 578.0 1384.0 578.0 1406.0 570.0 1406.0 ship 0
579.0 1385.0 588.0 1385.0 588.0 1410.0 579.0 1410.0 ship 0
508.0 1431.0 515.0 1431.0 515.0 1448.0 508.0 1448.0 ship 0
525.0 1432.0 532.0 1432.0 532.0 1448.0 525.0 1448.0 ship 0
534.0 1433.0 541.0 1433.0 541.0 1449.0 534.0 1449.0 ship 0
507.0 1450.0 515.0 1450.0 515.0 1467.0 507.0 1467.0 ship 0
426.0 2094.0 455.0 2094.0 455.0 2104.0 426.0 2104.0 ship 0
421.0 2106.0 439.0 2106.0 439.0 2115.0 421.0 2115.0 ship 0
421.0 2117.0 437.0 2117.0 437.0 2125.0 421.0 2125.0 ship 0
375.0 2256.0 396.0 2256.0 396.0 2264.0 375.0 2264.0 ship 0
375.0 2267.0 399.0 2267.0 399.0 2275.0 375.0 2275.0 ship 0
375.0 2278.0 396.0 2278.0 396.0 2284.0 375.0 2284.0 ship 0
349.0 2267.0 373.0 2267.0 373.0 2277.0 349.0 2277.0 ship 0
346.0 2277.0 373.0 2277.0 373.0 2287.0 346.0 2287.0 ship 0
347.0 2288.0 372.0 2288.0 372.0 2300.0 347.0 2300.0 ship 0
421.0 2126.0 439.0 2126.0 439.0 2134.0 421.0 2134.0 ship 0
442.0 2125.0 461.0 2125.0 461.0 2133.0 442.0 2133.0 ship 0
421.0 2136.0 439.0 2136.0 439.0 2145.0 421.0 2145.0 ship 0
441.0 2134.0 461.0 2134.0 461.0 2144.0 441.0 2144.0 ship 0
421.0 2145.0 440.0 2145.0 440.0 2153.0 421.0 2153.0 ship 0
441.0 2145.0 461.0 2145.0 461.0 2152.0 441.0 2152.0 ship 0
420.0 2155.0 440.0 2155.0 440.0 2164.0 420.0 2164.0 ship 0
442.0 2155.0 462.0 2155.0 462.0 2164.0 442.0 2164.0 ship 0
424.0 2166.0 440.0 2166.0 440.0 2174.0 424.0 2174.0 ship 0
442.0 2166.0 462.0 2166.0 462.0 2173.0 442.0 2173.0 ship 0
425.0 2175.0 440.0 2175.0 440.0 2182.0 425.0 2182.0 ship 0
441.0 2175.0 462.0 2175.0 462.0 2182.0 441.0 2182.0 ship 0
421.0 2185.0 441.0 2185.0 441.0 2194.0 421.0 2194.0 ship 0
442.0 2184.0 463.0 2184.0 463.0 2192.0 442.0 2192.0 ship 0
348.0 2256.0 373.0 2256.0 373.0 2267.0 348.0 2267.0 ship 0
374.0 2245.0 398.0 2245.0 398.0 2254.0 374.0 2254.0 ship 0
374.0 2125.0 394.0 2125.0 394.0 2134.0 374.0 2134.0 ship 0
345.0 2246.0 371.0 2246.0 371.0 2255.0 345.0 2255.0 ship 0
344.0 2124.0 369.0 2124.0 369.0 2134.0 344.0 2134.0 ship 0
338.0 2137.0 370.0 2137.0 370.0 2146.0 338.0 2146.0 ship 0
374.0 2136.0 394.0 2136.0 394.0 2144.0 374.0 2144.0 ship 0
375.0 2146.0 396.0 2146.0 396.0 2156.0 375.0 2156.0 ship 0
347.0 2147.0 369.0 2147.0 369.0 2156.0 347.0 2156.0 ship 0
347.0 2156.0 369.0 2156.0 369.0 2167.0 347.0 2167.0 ship 0
373.0 2158.0 394.0 2158.0 394.0 2167.0 373.0 2167.0 ship 0
344.0 2169.0 371.0 2169.0 371.0 2179.0 344.0 2179.0 ship 0
374.0 2169.0 397.0 2169.0 397.0 2177.0 374.0 2177.0 ship 0
374.0 2180.0 396.0 2180.0 396.0 2188.0 374.0 2188.0 ship 0
344.0 2180.0 371.0 2180.0 371.0 2189.0 344.0 2189.0 ship 0
346.0 2190.0 371.0 2190.0 371.0 2200.0 346.0 2200.0 ship 0
346.0 2202.0 371.0 2202.0 371.0 2211.0 346.0 2211.0 ship 0
374.0 2202.0 399.0 2202.0 399.0 2211.0 374.0 2211.0 ship 0
374.0 2213.0 399.0 2213.0 399.0 2222.0 374.0 2222.0 ship 0
344.0 2212.0 371.0 2212.0 371.0 2222.0 344.0 2222.0 ship 0
348.0 2223.0 371.0 2223.0 371.0 2233.0 348.0 2233.0 ship 0
374.0 2224.0 396.0 2224.0 396.0 2233.0 374.0 2233.0 ship 0
345.0 2235.0 372.0 2235.0 372.0 2244.0 345.0 2244.0 ship 0
177.0 2503.0 186.0 2503.0 186.0 2520.0 177.0 2520.0 ship 0
194.0 2504.0 201.0 2504.0 201.0 2521.0 194.0 2521.0 ship 0
496.0 1084.0 511.0 1084.0 511.0 1097.0 496.0 1097.0 ship 1
586.0 1297.0 595.0 1297.0 595.0 1316.0 586.0 1316.0 ship 0
695.0 1392.0 701.0 1392.0 701.0 1404.0 695.0 1404.0 ship 1
702.0 1391.0 709.0 1391.0 709.0 1405.0 702.0 1405.0 ship 1
708.0 1392.0 717.0 1392.0 717.0 1406.0 708.0 1406.0 ship 1
716.0 1393.0 724.0 1393.0 724.0 1405.0 716.0 1405.0 ship 1
738.0 1394.0 744.0 1394.0 744.0 1405.0 738.0 1405.0 ship 1
710.0 1376.0 716.0 1376.0 716.0 1389.0 710.0 1389.0 ship 1
716.0 1375.0 724.0 1375.0 724.0 1389.0 716.0 1389.0 ship 1
725.0 1376.0 730.0 1376.0 730.0 1390.0 725.0 1390.0 ship 1
731.0 1377.0 737.0 1377.0 737.0 1390.0 731.0 1390.0 ship 1
595.0 1300.0 604.0 1300.0 604.0 1316.0 595.0 1316.0 ship 0
852.0 2112.0 870.0 2112.0 870.0 2130.0 852.0 2130.0 ship 0
586.0 1319.0 593.0 1319.0 593.0 1333.0 586.0 1333.0 ship 1
594.0 1318.0 601.0 1318.0 601.0 1335.0 594.0 1335.0 ship 0
605.0 1320.0 611.0 1320.0 611.0 1337.0 605.0 1337.0 ship 0
606.0 1300.0 613.0 1300.0 613.0 1317.0 606.0 1317.0 ship 0
656.0 1305.0 763.0 1305.0 763.0 1340.0 656.0 1340.0 ship 0
684.0 1181.0 696.0 1181.0 696.0 1203.0 684.0 1203.0 ship 0
573.0 920.0 653.0 920.0 653.0 1088.0 573.0 1088.0 ship 0
699.0 1088.0 714.0 1088.0 714.0 1108.0 699.0 1108.0 ship 0
704.0 1024.0 714.0 1024.0 714.0 1042.0 704.0 1042.0 ship 0
679.0 1391.0 686.0 1391.0 686.0 1404.0 679.0 1404.0 ship 1
670.0 1391.0 678.0 1391.0 678.0 1405.0 670.0 1405.0 ship 1
662.0 1389.0 671.0 1389.0 671.0 1404.0 662.0 1404.0 ship 1
696.0 1374.0 704.0 1374.0 704.0 1390.0 696.0 1390.0 ship 0
600.0 1452.0 606.0 1452.0 606.0 1467.0 600.0 1467.0 ship 0
607.0 1454.0 614.0 1454.0 614.0 1466.0 607.0 1466.0 ship 1
614.0 1454.0 621.0 1454.0 621.0 1465.0 614.0 1465.0 ship 1
664.0 1434.0 672.0 1434.0 672.0 1452.0 664.0 1452.0 ship 0
674.0 1438.0 680.0 1438.0 680.0 1453.0 674.0 1453.0 ship 1
682.0 1439.0 689.0 1439.0 689.0 1453.0 682.0 1453.0 ship 1
608.0 1386.0 618.0 1386.0 618.0 1411.0 608.0 1411.0 ship 0
618.0 1388.0 627.0 1388.0 627.0 1407.0 618.0 1407.0 ship 0
599.0 1387.0 607.0 1387.0 607.0 1405.0 599.0 1405.0 ship 0
645.0 1387.0 653.0 1387.0 653.0 1407.0 645.0 1407.0 ship 0
654.0 1388.0 662.0 1388.0 662.0 1407.0 654.0 1407.0 ship 0
610.0 1361.0 620.0 1361.0 620.0 1384.0 610.0 1384.0 ship 0
638.0 1364.0 647.0 1364.0 647.0 1387.0 638.0 1387.0 ship 0
648.0 1368.0 656.0 1368.0 656.0 1386.0 648.0 1386.0 ship 0
655.0 1372.0 662.0 1372.0 662.0 1386.0 655.0 1386.0 ship 1
663.0 1372.0 671.0 1372.0 671.0 1388.0 663.0 1388.0 ship 0
672.0 1372.0 679.0 1372.0 679.0 1387.0 672.0 1387.0 ship 0
681.0 1371.0 688.0 1371.0 688.0 1388.0 681.0 1388.0 ship 0
689.0 1374.0 696.0 1374.0 696.0 1389.0 689.0 1389.0 ship 0
734.0 994.0 742.0 994.0 742.0 1013.0 734.0 1013.0 ship 0
624.0 891.0 649.0 891.0 649.0 908.0 624.0 908.0 ship 0
606.0 883.0 623.0 883.0 623.0 897.0 606.0 897.0 ship 1
589.0 490.0 619.0 490.0 619.0 509.0 589.0 509.0 ship 0
670.0 474.0 683.0 474.0 683.0 496.0 670.0 496.0 ship 0
681.0 475.0 693.0 475.0 693.0 500.0 681.0 500.0 ship 0
690.0 470.0 699.0 470.0 699.0 490.0 690.0 490.0 ship 0
696.0 466.0 709.0 466.0 709.0 488.0 696.0 488.0 ship 0
705.0 462.0 717.0 462.0 717.0 485.0 705.0 485.0 ship 0
713.0 461.0 727.0 461.0 727.0 483.0 713.0 483.0 ship 0
656.0 464.0 678.0 464.0 678.0 477.0 656.0 477.0 ship 0
694.0 448.0 705.0 448.0 705.0 466.0 694.0 466.0 ship 0
705.0 446.0 713.0 446.0 713.0 463.0 705.0 463.0 ship 0
581.0 468.0 611.0 468.0 611.0 488.0 581.0 488.0 ship 0
579.0 460.0 603.0 460.0 603.0 476.0 579.0 476.0 ship 0
650.0 454.0 675.0 454.0 675.0 468.0 650.0 468.0 ship 0
650.0 445.0 672.0 445.0 672.0 457.0 650.0 457.0 ship 0
672.0 437.0 691.0 437.0 691.0 449.0 672.0 449.0 ship 0
572.0 446.0 602.0 446.0 602.0 465.0 572.0 465.0 ship 0
569.0 423.0 597.0 423.0 597.0 442.0 569.0 442.0 ship 0
649.0 435.0 669.0 435.0 669.0 447.0 649.0 447.0 ship 0
669.0 430.0 687.0 430.0 687.0 442.0 669.0 442.0 ship 0
647.0 428.0 666.0 428.0 666.0 439.0 647.0 439.0 ship 0
584.0 480.0 613.0 480.0 613.0 498.0 584.0 498.0 ship 0
594.0 501.0 622.0 501.0 622.0 520.0 594.0 520.0 ship 0
569.0 870.0 585.0 870.0 585.0 879.0 569.0 879.0 ship 1
592.0 512.0 630.0 512.0 630.0 534.0 592.0 534.0 ship 0
636.0 865.0 656.0 865.0 656.0 878.0 636.0 878.0 ship 0
637.0 855.0 661.0 855.0 661.0 867.0 637.0 867.0 ship 0
642.0 810.0 655.0 810.0 655.0 836.0 642.0 836.0 ship 0
623.0 809.0 635.0 809.0 635.0 828.0 623.0 828.0 ship 0
614.0 806.0 625.0 806.0 625.0 828.0 614.0 828.0 ship 0
606.0 806.0 615.0 806.0 615.0 825.0 606.0 825.0 ship 0
567.0 795.0 578.0 795.0 578.0 812.0 567.0 812.0 ship 0
619.0 757.0 634.0 757.0 634.0 778.0 619.0 778.0 ship 0
642.0 763.0 653.0 763.0 653.0 781.0 642.0 781.0 ship 0
603.0 751.0 613.0 751.0 613.0 768.0 603.0 768.0 ship 0
644.0 693.0 669.0 693.0 669.0 705.0 644.0 705.0 ship 0
639.0 646.0 656.0 646.0 656.0 655.0 639.0 655.0 ship 0
637.0 635.0 657.0 635.0 657.0 645.0 637.0 645.0 ship 0
634.0 615.0 657.0 615.0 657.0 625.0 634.0 625.0 ship 0
634.0 605.0 657.0 605.0 657.0 614.0 634.0 614.0 ship 0
589.0 622.0 604.0 622.0 604.0 630.0 589.0 630.0 ship 1
634.0 595.0 657.0 595.0 657.0 605.0 634.0 605.0 ship 0
631.0 575.0 658.0 575.0 658.0 585.0 631.0 585.0 ship 0
631.0 564.0 650.0 564.0 650.0 574.0 631.0 574.0 ship 0
849.0 2105.0 867.0 2105.0 867.0 2115.0 849.0 2115.0 ship 0
574.0 2093.0 586.0 2093.0 586.0 2115.0 574.0 2115.0 ship 0
202.0 2504.0 209.0 2504.0 209.0 2520.0 202.0 2520.0 ship 0
303.0 411.0 322.0 411.0 322.0 436.0 303.0 436.0 ship 0
481.0 2126.0 497.0 2126.0 497.0 2134.0 481.0 2134.0 ship 0
498.0 2116.0 513.0 2116.0 513.0 2124.0 498.0 2124.0 ship 1
482.0 2115.0 495.0 2115.0 495.0 2121.0 482.0 2121.0 ship 1
479.0 2107.0 496.0 2107.0 496.0 2115.0 479.0 2115.0 ship 0
496.0 2104.0 514.0 2104.0 514.0 2113.0 496.0 2113.0 ship 0
494.0 2095.0 516.0 2095.0 516.0 2103.0 494.0 2103.0 ship 0
385.0 459.0 412.0 459.0 412.0 480.0 385.0 480.0 ship 0
405.0 469.0 422.0 469.0 422.0 482.0 405.0 482.0 ship 0
435.0 411.0 446.0 411.0 446.0 427.0 435.0 427.0 ship 1
365.0 420.0 378.0 420.0 378.0 431.0 365.0 431.0 ship 1
583.0 2095.0 598.0 2095.0 598.0 2121.0 583.0 2121.0 ship 0
377.0 412.0 394.0 412.0 394.0 425.0 377.0 425.0 ship 0
537.0 1062.0 556.0 1062.0 556.0 1072.0 537.0 1072.0 ship 0
540.0 1050.0 557.0 1050.0 557.0 1058.0 540.0 1058.0 ship 0
520.0 1050.0 537.0 1050.0 537.0 1062.0 520.0 1062.0 ship 0
525.0 1036.0 541.0 1036.0 541.0 1047.0 525.0 1047.0 ship 1
542.0 1043.0 559.0 1043.0 559.0 1051.0 542.0 1051.0 ship 0
544.0 1032.0 558.0 1032.0 558.0 1042.0 544.0 1042.0 ship 1
547.0 1025.0 563.0 1025.0 563.0 1035.0 547.0 1035.0 ship 1
548.0 1017.0 566.0 1017.0 566.0 1027.0 548.0 1027.0 ship 0
498.0 2125.0 513.0 2125.0 513.0 2133.0 498.0 2133.0 ship 0
498.0 2135.0 516.0 2135.0 516.0 2142.0 498.0 2142.0 ship 0
480.0 2135.0 497.0 2135.0 497.0 2143.0 480.0 2143.0 ship 0
480.0 2146.0 497.0 2146.0 497.0 2153.0 480.0 2153.0 ship 0
210.0 2502.0 218.0 2502.0 218.0 2520.0 210.0 2520.0 ship 0
226.0 2504.0 233.0 2504.0 233.0 2522.0 226.0 2522.0 ship 0
235.0 2507.0 242.0 2507.0 242.0 2522.0 235.0 2522.0 ship 1
245.0 2506.0 250.0 2506.0 250.0 2522.0 245.0 2522.0 ship 0
485.0 2219.0 500.0 2219.0 500.0 2227.0 485.0 2227.0 ship 0
505.0 2219.0 518.0 2219.0 518.0 2226.0 505.0 2226.0 ship 1
501.0 2208.0 518.0 2208.0 518.0 2215.0 501.0 2215.0 ship 0
482.0 2209.0 499.0 2209.0 499.0 2216.0 482.0 2216.0 ship 0
502.0 2200.0 519.0 2200.0 519.0 2207.0 502.0 2207.0 ship 0
502.0 2191.0 516.0 2191.0 516.0 2198.0 502.0 2198.0 ship 1
482.0 2191.0 501.0 2191.0 501.0 2198.0 482.0 2198.0 ship 0
484.0 2182.0 499.0 2182.0 499.0 2189.0 484.0 2189.0 ship 0
500.0 2181.0 516.0 2181.0 516.0 2188.0 500.0 2188.0 ship 0
501.0 2172.0 518.0 2172.0 518.0 2180.0 501.0 2180.0 ship 0
482.0 2172.0 499.0 2172.0 499.0 2179.0 482.0 2179.0 ship 0
500.0 2161.0 518.0 2161.0 518.0 2170.0 500.0 2170.0 ship 0
483.0 2164.0 497.0 2164.0 497.0 2172.0 483.0 2172.0 ship 1
481.0 2155.0 497.0 2155.0 497.0 2162.0 481.0 2162.0 ship 0
501.0 2146.0 514.0 2146.0 514.0 2152.0 501.0 2152.0 ship 1
551.0 1010.0 565.0 1010.0 565.0 1017.0 551.0 1017.0 ship 1
530.0 1021.0 544.0 1021.0 544.0 1030.0 530.0 1030.0 ship 1
530.0 1014.0 546.0 1014.0 546.0 1023.0 530.0 1023.0 ship 0
648.0 2166.0 656.0 2166.0 656.0 2192.0 648.0 2192.0 ship 0
669.0 2163.0 680.0 2163.0 680.0 2193.0 669.0 2193.0 ship 0
680.0 2165.0 692.0 2165.0 692.0 2194.0 680.0 2194.0 ship 0
692.0 2171.0 700.0 2171.0 700.0 2193.0 692.0 2193.0 ship 0
704.0 2175.0 710.0 2175.0 710.0 2192.0 704.0 2192.0 ship 0
736.0 2130.0 744.0 2130.0 744.0 2142.0 736.0 2142.0 ship 1
771.0 2135.0 793.0 2135.0 793.0 2153.0 771.0 2153.0 ship 0
720.0 2122.0 729.0 2122.0 729.0 2140.0 720.0 2140.0 ship 0
711.0 2120.0 721.0 2120.0 721.0 2141.0 711.0 2141.0 ship 0
704.0 2120.0 710.0 2120.0 710.0 2137.0 704.0 2137.0 ship 0
690.0 2117.0 700.0 2117.0 700.0 2137.0 690.0 2137.0 ship 0
682.0 2115.0 690.0 2115.0 690.0 2133.0 682.0 2133.0 ship 0
672.0 2114.0 679.0 2114.0 679.0 2132.0 672.0 2132.0 ship 0
662.0 2112.0 672.0 2112.0 672.0 2133.0 662.0 2133.0 ship 0
651.0 2111.0 661.0 2111.0 661.0 2130.0 651.0 2130.0 ship 0
643.0 2109.0 651.0 2109.0 651.0 2127.0 643.0 2127.0 ship 0
631.0 2106.0 644.0 2106.0 644.0 2130.0 631.0 2130.0 ship 0
621.0 2104.0 635.0 2104.0 635.0 2128.0 621.0 2128.0 ship 0
612.0 2103.0 625.0 2103.0 625.0 2123.0 612.0 2123.0 ship 0
592.0 2097.0 607.0 2097.0 607.0 2123.0 592.0 2123.0 ship 0
659.0 2169.0 668.0 2169.0 668.0 2192.0 659.0 2192.0 ship 0
637.0 2171.0 645.0 2171.0 645.0 2192.0 637.0 2192.0 ship 0
495.0 885.0 548.0 885.0 548.0 1052.0 495.0 1052.0 ship 0
625.0 2168.0 634.0 2168.0 634.0 2191.0 625.0 2191.0 ship 0
535.0 2130.0 564.0 2130.0 564.0 2279.0 535.0 2279.0 ship 0
709.0 2287.0 739.0 2287.0 739.0 2304.0 709.0 2304.0 ship 0
741.0 2265.0 766.0 2265.0 766.0 2283.0 741.0 2283.0 ship 0
770.0 2236.0 795.0 2236.0 795.0 2255.0 770.0 2255.0 ship 0
583.0 2256.0 594.0 2256.0 594.0 2280.0 583.0 2280.0 ship 0
594.0 2255.0 604.0 2255.0 604.0 2280.0 594.0 2280.0 ship 0
605.0 2253.0 615.0 2253.0 615.0 2280.0 605.0 2280.0 ship 0
615.0 2251.0 626.0 2251.0 626.0 2280.0 615.0 2280.0 ship 0
627.0 2256.0 636.0 2256.0 636.0 2275.0 627.0 2275.0 ship 0
637.0 2258.0 647.0 2258.0 647.0 2280.0 637.0 2280.0 ship 0
659.0 2260.0 668.0 2260.0 668.0 2277.0 659.0 2277.0 ship 0
667.0 2195.0 679.0 2195.0 679.0 2222.0 667.0 2222.0 ship 0
646.0 2195.0 656.0 2195.0 656.0 2220.0 646.0 2220.0 ship 0
635.0 2195.0 644.0 2195.0 644.0 2218.0 635.0 2218.0 ship 0
625.0 2195.0 634.0 2195.0 634.0 2216.0 625.0 2216.0 ship 0
615.0 2193.0 623.0 2193.0 623.0 2216.0 615.0 2216.0 ship 0
602.0 2194.0 612.0 2194.0 612.0 2218.0 602.0 2218.0 ship 0
591.0 2164.0 602.0 2164.0 602.0 2191.0 591.0 2191.0 ship 0
602.0 2161.0 615.0 2161.0 615.0 2191.0 602.0 2191.0 ship 0
500.0 1078.0 515.0 1078.0 515.0 1092.0 500.0 1092.0 ship 1
510.0 1097.0 528.0 1097.0 528.0 1110.0 510.0 1110.0 ship 0
960.0 912.0 976.0 912.0 976.0 922.0 960.0 922.0 swimming-pool 1
120.0 1707.0 131.0 1707.0 131.0 1737.0 120.0 1737.0 ship 0
66.0 1653.0 73.0 1653.0 73.0 1667.0 66.0 1667.0 ship 1
56.0 1629.0 65.0 1629.0 65.0 1650.0 56.0 1650.0 ship 0
27.0 1627.0 36.0 1627.0 36.0 1649.0 27.0 1649.0 ship 0
10.0 1626.0 19.0 1626.0 19.0 1647.0 10.0 1647.0 ship 0
51.0 1705.0 62.0 1705.0 62.0 1731.0 51.0 1731.0 ship 0
70.0 1707.0 81.0 1707.0 81.0 1732.0 70.0 1732.0 ship 0
80.0 1707.0 91.0 1707.0 91.0 1732.0 80.0 1732.0 ship 0
101.0 1707.0 110.0 1707.0 110.0 1732.0 101.0 1732.0 ship 0
110.0 1708.0 121.0 1708.0 121.0 1738.0 110.0 1738.0 ship 0
133.0 1698.0 142.0 1698.0 142.0 1731.0 133.0 1731.0 ship 0
309.0 1266.0 318.0 1266.0 318.0 1288.0 309.0 1288.0 ship 0
14.0 1705.0 24.0 1705.0 24.0 1728.0 14.0 1728.0 ship 0
24.0 1706.0 34.0 1706.0 34.0 1731.0 24.0 1731.0 ship 0
33.0 1705.0 42.0 1705.0 42.0 1729.0 33.0 1729.0 ship 0
131.0 1875.0 150.0 1875.0 150.0 1885.0 131.0 1885.0 ship 0
152.0 1861.0 173.0 1861.0 173.0 1872.0 152.0 1872.0 ship 0
153.0 1873.0 173.0 1873.0 173.0 1883.0 153.0 1883.0 ship 0
155.0 1883.0 175.0 1883.0 175.0 1893.0 155.0 1893.0 ship 0
134.0 1883.0 152.0 1883.0 152.0 1893.0 134.0 1893.0 ship 0
133.0 1892.0 152.0 1892.0 152.0 1903.0 133.0 1903.0 ship 0
73.0 1653.0 78.0 1653.0 78.0 1666.0 73.0 1666.0 ship 1
65.0 1628.0 74.0 1628.0 74.0 1649.0 65.0 1649.0 ship 0
79.0 1653.0 85.0 1653.0 85.0 1668.0 79.0 1668.0 ship 0
86.0 1652.0 92.0 1652.0 92.0 1665.0 86.0 1665.0 ship 1
269.0 1511.0 280.0 1511.0 280.0 1538.0 269.0 1538.0 ship 0
134.0 1548.0 144.0 1548.0 144.0 1580.0 134.0 1580.0 ship 0
147.0 1564.0 158.0 1564.0 158.0 1601.0 147.0 1601.0 ship 0
112.0 1553.0 125.0 1553.0 125.0 1581.0 112.0 1581.0 ship 0
103.0 1556.0 112.0 1556.0 112.0 1579.0 103.0 1579.0 ship 0
75.0 1583.0 85.0 1583.0 85.0 1606.0 75.0 1606.0 ship 0
49.0 1583.0 56.0 1583.0 56.0 1602.0 49.0 1602.0 ship 0
94.0 1583.0 102.0 1583.0 102.0 1601.0 94.0 1601.0 ship 0
133.0 1631.0 143.0 1631.0 143.0 1666.0 133.0 1666.0 ship 0
106.0 1583.0 113.0 1583.0 113.0 1600.0 106.0 1600.0 ship 0
113.0 1584.0 120.0 1584.0 120.0 1599.0 113.0 1599.0 ship 0
127.0 1583.0 133.0 1583.0 133.0 1595.0 127.0 1595.0 ship 1
137.0 1583.0 145.0 1583.0 145.0 1598.0 137.0 1598.0 ship 1
87.0 1584.0 93.0 1584.0 93.0 1604.0 87.0 1604.0 ship 0
122.0 1625.0 132.0 1625.0 132.0 1649.0 122.0 1649.0 ship 0
117.0 1652.0 124.0 1652.0 124.0 1669.0 117.0 1669.0 ship 0
113.0 1628.0 120.0 1628.0 120.0 1648.0 113.0 1648.0 ship 0
103.0 1631.0 109.0 1631.0 109.0 1649.0 103.0 1649.0 ship 0
95.0 1632.0 101.0 1632.0 101.0 1650.0 95.0 1650.0 ship 0
156.0 1892.0 178.0 1892.0 178.0 1903.0 156.0 1903.0 ship 0
157.0 1901.0 178.0 1901.0 178.0 1913.0 157.0 1913.0 ship 0
135.0 1901.0 154.0 1901.0 154.0 1912.0 135.0 1912.0 ship 0
216.0 2331.0 228.0 2331.0 228.0 2359.0 216.0 2359.0 ship 0
114.0 2432.0 125.0 2432.0 125.0 2457.0 114.0 2457.0 ship 0
111.0 2458.0 120.0 2458.0 120.0 2479.0 111.0 2479.0 ship 0
241.0 2451.0 251.0 2451.0 251.0 2478.0 241.0 2478.0 ship 0
129.0 2106.0 141.0 2106.0 141.0 2130.0 129.0 2130.0 ship 0
142.0 2109.0 154.0 2109.0 154.0 2129.0 142.0 2129.0 ship 0
151.0 2108.0 161.0 2108.0 161.0 2129.0 151.0 2129.0 ship 0
159.0 2105.0 168.0 2105.0 168.0 2127.0 159.0 2127.0 ship 0
175.0 2101.0 183.0 2101.0 183.0 2118.0 175.0 2118.0 ship 0
107.0 2131.0 129.0 2131.0 129.0 2144.0 107.0 2144.0 ship 0
98.0 2113.0 108.0 2113.0 108.0 2134.0 98.0 2134.0 ship 0
159.0 2209.0 169.0 2209.0 169.0 2229.0 159.0 2229.0 ship 0
197.0 2334.0 206.0 2334.0 206.0 2354.0 197.0 2354.0 ship 0
165.0 2337.0 175.0 2337.0 175.0 2360.0 165.0 2360.0 ship 0
199.0 2461.0 208.0 2461.0 208.0 2483.0 199.0 2483.0 ship 0
210.0 2462.0 219.0 2462.0 219.0 2483.0 210.0 2483.0 ship 0
229.0 2463.0 238.0 2463.0 238.0 2484.0 229.0 2484.0 ship 0
189.0 2461.0 198.0 2461.0 198.0 2480.0 189.0 2480.0 ship 0
180.0 2460.0 188.0 2460.0 188.0 2477.0 180.0 2477.0 ship 0
171.0 2461.0 177.0 2461.0 177.0 2479.0 171.0 2479.0 ship 0
231.0 2389.0 241.0 2389.0 241.0 2414.0 231.0 2414.0 ship 0
206.0 2333.0 218.0 2333.0 218.0 2360.0 206.0 2360.0 ship 0
137.0 1910.0 156.0 1910.0 156.0 1920.0 137.0 1920.0 ship 0
224.0 2300.0 238.0 2300.0 238.0 2328.0 224.0 2328.0 ship 0
158.0 1912.0 180.0 1912.0 180.0 1922.0 158.0 1922.0 ship 0
134.0 1919.0 156.0 1919.0 156.0 1929.0 134.0 1929.0 ship 0
158.0 1922.0 181.0 1922.0 181.0 1933.0 158.0 1933.0 ship 0
139.0 1934.0 160.0 1934.0 160.0 1946.0 139.0 1946.0 ship 0
162.0 1931.0 182.0 1931.0 182.0 1943.0 162.0 1943.0 ship 0
142.0 1944.0 160.0 1944.0 160.0 1954.0 142.0 1954.0 ship 0
149.0 1956.0 157.0 1956.0 157.0 1972.0 149.0 1972.0 ship 0
157.0 1954.0 165.0 1954.0 165.0 1971.0 157.0 1971.0 ship 0
165.0 1954.0 171.0 1954.0 171.0 1971.0 165.0 1971.0 ship 0
172.0 1954.0 179.0 1954.0 179.0 1969.0 172.0 1969.0 ship 0
182.0 1950.0 191.0 1950.0 191.0 1970.0 182.0 1970.0 ship 0
112.0 2160.0 129.0 2160.0 129.0 2169.0 112.0 2169.0 ship 0
179.0 2149.0 197.0 2149.0 197.0 2161.0 179.0 2161.0 ship 0
206.0 2143.0 220.0 2143.0 220.0 2169.0 206.0 2169.0 ship 0
185.0 1985.0 197.0 1985.0 197.0 2009.0 185.0 2009.0 ship 0
214.0 2190.0 225.0 2190.0 225.0 2220.0 214.0 2220.0 ship 0
83.0 2195.0 98.0 2195.0 98.0 2222.0 83.0 2222.0 ship 0
201.0 2303.0 211.0 2303.0 211.0 2329.0 201.0 2329.0 ship 0
212.0 2303.0 224.0 2303.0 224.0 2328.0 212.0 2328.0 ship 0
234.0 1498.0 245.0 1498.0 245.0 1520.0 234.0 1520.0 ship 0
301.0 1266.0 309.0 1266.0 309.0 1287.0 301.0 1287.0 ship 0
148.0 2460.0 157.0 2460.0 157.0 2481.0 148.0 2481.0 ship 0
364.0 1761.0 438.0 1761.0 438.0 1800.0 364.0 1800.0 harbor 0
679.0 1174.0 784.0 1174.0 784.0 1227.0 679.0 1227.0 harbor 0
680.0 1235.0 776.0 1235.0 776.0 1293.0 680.0 1293.0 harbor 0
589.0 1295.0 770.0 1295.0 770.0 1349.0 589.0 1349.0 harbor 0
546.0 1356.0 758.0 1356.0 758.0 1419.0 546.0 1419.0 harbor 0
505.0 1427.0 747.0 1427.0 747.0 1476.0 505.0 1476.0 harbor 0
21.0 1552.0 164.0 1552.0 164.0 1608.0 21.0 1608.0 harbor 0
1.0 1620.0 144.0 1620.0 144.0 1673.0 1.0 1673.0 harbor 0
1.0 1681.0 146.0 1681.0 146.0 1732.0 1.0 1732.0 harbor 0
401.0 1654.0 480.0 1654.0 480.0 1718.0 401.0 1718.0 harbor 0
355.0 1814.0 436.0 1814.0 436.0 1843.0 355.0 1843.0 harbor 0
291.0 1268.0 300.0 1268.0 300.0 1290.0 291.0 1290.0 ship 0
130.0 1856.0 184.0 1856.0 184.0 1957.0 130.0 1957.0 harbor 0
18.0 1943.0 190.0 1943.0 190.0 1988.0 18.0 1988.0 harbor 0
28.0 1984.0 200.0 1984.0 200.0 2045.0 28.0 2045.0 harbor 0
353.0 1869.0 444.0 1869.0 444.0 1922.0 353.0 1922.0 harbor 0
372.0 1932.0 466.0 1932.0 466.0 1999.0 372.0 1999.0 harbor 0
30.0 2039.0 190.0 2039.0 190.0 2093.0 30.0 2093.0 harbor 0
71.0 2096.0 191.0 2096.0 191.0 2145.0 71.0 2145.0 harbor 0
80.0 2141.0 222.0 2141.0 222.0 2190.0 80.0 2190.0 harbor 0
92.0 2189.0 227.0 2189.0 227.0 2238.0 92.0 2238.0 harbor 0
262.0 1132.0 317.0 1132.0 317.0 1289.0 262.0 1289.0 harbor 0
334.0 1126.0 384.0 1126.0 384.0 1313.0 334.0 1313.0 harbor 0
400.0 1142.0 461.0 1142.0 461.0 1306.0 400.0 1306.0 harbor 0
476.0 1085.0 603.0 1085.0 603.0 1293.0 476.0 1293.0 harbor 0
650.0 438.0 736.0 438.0 736.0 509.0 650.0 509.0 harbor 0
665.0 311.0 798.0 311.0 798.0 482.0 665.0 482.0 harbor 0
735.0 279.0 849.0 279.0 849.0 442.0 735.0 442.0 harbor 0
796.0 252.0 906.0 252.0 906.0 412.0 796.0 412.0 harbor 0
836.0 176.0 925.0 176.0 925.0 356.0 836.0 356.0 harbor 0
864.0 154.0 983.0 154.0 983.0 346.0 864.0 346.0 harbor 0
922.0 138.0 1031.0 138.0 1031.0 312.0 922.0 312.0 harbor 0
978.0 109.0 1101.0 109.0 1101.0 282.0 978.0 282.0 harbor 0
1038.0 92.0 1147.0 92.0 1147.0 245.0 1038.0 245.0 harbor 0
626.0 551.0 659.0 551.0 659.0 665.0 626.0 665.0 harbor 0
555.0 668.0 672.0 668.0 672.0 712.0 555.0 712.0 harbor 0
574.0 721.0 670.0 721.0 670.0 789.0 574.0 789.0 harbor 0
560.0 785.0 677.0 785.0 677.0 846.0 560.0 846.0 harbor 0
600.0 830.0 667.0 830.0 667.0 908.0 600.0 908.0 harbor 0
550.0 812.0 604.0 812.0 604.0 878.0 550.0 878.0 harbor 0
486.0 879.0 551.0 879.0 551.0 1052.0 486.0 1052.0 harbor 0
519.0 919.0 592.0 919.0 592.0 1076.0 519.0 1076.0 harbor 0
570.0 917.0 656.0 917.0 656.0 1092.0 570.0 1092.0 harbor 0
459.0 1058.0 543.0 1058.0 543.0 1172.0 459.0 1172.0 harbor 0
340.0 2089.0 398.0 2089.0 398.0 2311.0 340.0 2311.0 harbor 0
418.0 2092.0 464.0 2092.0 464.0 2288.0 418.0 2288.0 harbor 0
478.0 2094.0 520.0 2094.0 520.0 2292.0 478.0 2292.0 harbor 0
322.0 908.0 333.0 908.0 333.0 928.0 322.0 928.0 ship 0
315.0 948.0 330.0 948.0 330.0 969.0 315.0 969.0 ship 0
314.0 969.0 333.0 969.0 333.0 990.0 314.0 990.0 ship 0
317.0 1002.0 331.0 1002.0 331.0 1022.0 317.0 1022.0 ship 0
292.0 1152.0 310.0 1152.0 310.0 1160.0 292.0 1160.0 ship 0
292.0 1171.0 315.0 1171.0 315.0 1180.0 292.0 1180.0 ship 0
264.0 1178.0 288.0 1178.0 288.0 1188.0 264.0 1188.0 ship 0
293.0 1180.0 312.0 1180.0 312.0 1188.0 293.0 1188.0 ship 0
292.0 1188.0 314.0 1188.0 314.0 1198.0 292.0 1198.0 ship 0
263.0 1199.0 288.0 1199.0 288.0 1209.0 263.0 1209.0 ship 0
294.0 1201.0 311.0 1201.0 311.0 1208.0 294.0 1208.0 ship 0
292.0 1208.0 315.0 1208.0 315.0 1217.0 292.0 1217.0 ship 0
293.0 1218.0 311.0 1218.0 311.0 1227.0 293.0 1227.0 ship 0
293.0 1227.0 313.0 1227.0 313.0 1235.0 293.0 1235.0 ship 0
270.0 1234.0 289.0 1234.0 289.0 1243.0 270.0 1243.0 ship 0
294.0 1236.0 315.0 1236.0 315.0 1245.0 294.0 1245.0 ship 0
267.0 1243.0 289.0 1243.0 289.0 1253.0 267.0 1253.0 ship 0
294.0 1246.0 313.0 1246.0 313.0 1254.0 294.0 1254.0 ship 0
295.0 1255.0 315.0 1255.0 315.0 1263.0 295.0 1263.0 ship 0
280.0 1267.0 289.0 1267.0 289.0 1290.0 280.0 1290.0 ship 0
306.0 946.0 320.0 946.0 320.0 967.0 306.0 967.0 ship 0
315.0 907.0 323.0 907.0 323.0 926.0 315.0 926.0 ship 0
534.0 2126.0 567.0 2126.0 567.0 2289.0 534.0 2289.0 harbor 0
34.0 901.0 43.0 901.0 43.0 920.0 34.0 920.0 ship 0
540.0 2077.0 750.0 2077.0 750.0 2150.0 540.0 2150.0 harbor 0
588.0 2162.0 717.0 2162.0 717.0 2224.0 588.0 2224.0 harbor 0
581.0 2251.0 681.0 2251.0 681.0 2285.0 581.0 2285.0 harbor 0
163.0 2303.0 245.0 2303.0 245.0 2360.0 163.0 2360.0 harbor 0
107.0 2387.0 243.0 2387.0 243.0 2426.0 107.0 2426.0 harbor 0
106.0 2438.0 253.0 2438.0 253.0 2488.0 106.0 2488.0 harbor 0
125.0 2495.0 274.0 2495.0 274.0 2556.0 125.0 2556.0 harbor 0
115.0 1333.0 193.0 1333.0 193.0 1346.0 115.0 1346.0 harbor 0
101.0 1262.0 191.0 1262.0 191.0 1287.0 101.0 1287.0 harbor 0
45.0 1162.0 141.0 1162.0 141.0 1219.0 45.0 1219.0 harbor 0
840.0 952.0 909.0 952.0 909.0 1003.0 840.0 1003.0 harbor 0
830.0 862.0 933.0 862.0 933.0 896.0 830.0 896.0 harbor 0
779.0 818.0 920.0 818.0 920.0 872.0 779.0 872.0 harbor 0
753.0 757.0 824.0 757.0 824.0 846.0 753.0 846.0 harbor 0
576.0 593.0 611.0 593.0 611.0 673.0 576.0 673.0 harbor 0
967.0 492.0 1013.0 492.0 1013.0 555.0 967.0 555.0 harbor 0
624.0 344.0 698.0 344.0 698.0 477.0 624.0 477.0 harbor 0
6.0 753.0 19.0 753.0 19.0 775.0 6.0 775.0 ship 0
16.0 755.0 28.0 755.0 28.0 775.0 16.0 775.0 ship 0
161.0 2460.0 168.0 2460.0 168.0 2480.0 161.0 2480.0 ship 0
131.0 2520.0 142.0 2520.0 142.0 2543.0 131.0 2543.0 ship 0
493.0 1091.0 508.0 1091.0 508.0 1103.0 493.0 1103.0 ship 1
403.0 1232.0 425.0 1232.0 425.0 1242.0 403.0 1242.0 ship 0
401.0 1185.0 423.0 1185.0 423.0 1193.0 401.0 1193.0 ship 0
425.0 1178.0 452.0 1178.0 452.0 1189.0 425.0 1189.0 ship 0
426.0 1189.0 453.0 1189.0 453.0 1198.0 426.0 1198.0 ship 0
426.0 1197.0 458.0 1197.0 458.0 1209.0 426.0 1209.0 ship 0
402.0 1203.0 424.0 1203.0 424.0 1212.0 402.0 1212.0 ship 0
426.0 1209.0 453.0 1209.0 453.0 1218.0 426.0 1218.0 ship 0
426.0 1218.0 456.0 1218.0 456.0 1230.0 426.0 1230.0 ship 0
402.0 1222.0 423.0 1222.0 423.0 1233.0 402.0 1233.0 ship 0
426.0 1230.0 455.0 1230.0 455.0 1239.0 426.0 1239.0 ship 0
426.0 1239.0 457.0 1239.0 457.0 1250.0 426.0 1250.0 ship 0
339.0 969.0 356.0 969.0 356.0 988.0 339.0 988.0 ship 0
403.0 1243.0 424.0 1243.0 424.0 1251.0 403.0 1251.0 ship 0
428.0 1248.0 457.0 1248.0 457.0 1258.0 428.0 1258.0 ship 0
406.0 1262.0 424.0 1262.0 424.0 1270.0 406.0 1270.0 ship 0
427.0 1259.0 454.0 1259.0 454.0 1269.0 427.0 1269.0 ship 0
427.0 1268.0 455.0 1268.0 455.0 1280.0 427.0 1280.0 ship 0
357.0 1247.0 378.0 1247.0 378.0 1256.0 357.0 1256.0 ship 0
337.0 1251.0 355.0 1251.0 355.0 1260.0 337.0 1260.0 ship 0
359.0 1258.0 381.0 1258.0 381.0 1265.0 359.0 1265.0 ship 0
335.0 1259.0 358.0 1259.0 358.0 1269.0 335.0 1269.0 ship 0
400.0 1174.0 422.0 1174.0 422.0 1183.0 400.0 1183.0 ship 0
402.0 1166.0 421.0 1166.0 421.0 1174.0 402.0 1174.0 ship 0
337.0 1235.0 356.0 1235.0 356.0 1243.0 337.0 1243.0 ship 0
337.0 1226.0 357.0 1226.0 357.0 1235.0 337.0 1235.0 ship 0
349.0 1018.0 366.0 1018.0 366.0 1036.0 349.0 1036.0 ship 0
359.0 1015.0 376.0 1015.0 376.0 1033.0 359.0 1033.0 ship 0
516.0 1081.0 536.0 1081.0 536.0 1097.0 516.0 1097.0 ship 0
334.0 1149.0 353.0 1149.0 353.0 1158.0 334.0 1158.0 ship 0
356.0 1152.0 377.0 1152.0 377.0 1160.0 356.0 1160.0 ship 0
356.0 1161.0 377.0 1161.0 377.0 1170.0 356.0 1170.0 ship 0
335.0 1158.0 353.0 1158.0 353.0 1167.0 335.0 1167.0 ship 0
399.0 1155.0 422.0 1155.0 422.0 1165.0 399.0 1165.0 ship 0
357.0 1171.0 381.0 1171.0 381.0 1180.0 357.0 1180.0 ship 0
335.0 1167.0 354.0 1167.0 354.0 1175.0 335.0 1175.0 ship 0
338.0 1184.0 353.0 1184.0 353.0 1191.0 338.0 1191.0 ship 0
358.0 1190.0 379.0 1190.0 379.0 1197.0 358.0 1197.0 ship 0
335.0 1193.0 355.0 1193.0 355.0 1201.0 335.0 1201.0 ship 0
336.0 1200.0 353.0 1200.0 353.0 1207.0 336.0 1207.0 ship 0
357.0 1199.0 380.0 1199.0 380.0 1208.0 357.0 1208.0 ship 0
358.0 1209.0 380.0 1209.0 380.0 1217.0 358.0 1217.0 ship 0
357.0 1218.0 381.0 1218.0 381.0 1226.0 357.0 1226.0 ship 0
337.0 1217.0 356.0 1217.0 356.0 1226.0 337.0 1226.0 ship 0
359.0 1228.0 380.0 1228.0 380.0 1236.0 359.0 1236.0 ship 0
359.0 1265.0 382.0 1265.0 382.0 1275.0 359.0 1275.0 ship 0
337.0 1268.0 356.0 1268.0 356.0 1276.0 337.0 1276.0 ship 0
360.0 1277.0 383.0 1277.0 383.0 1283.0 360.0 1283.0 ship 0
520.0 1174.0 539.0 1174.0 539.0 1191.0 520.0 1191.0 ship 0
546.0 1168.0 569.0 1168.0 569.0 1185.0 546.0 1185.0 ship 0
551.0 1160.0 573.0 1160.0 573.0 1177.0 551.0 1177.0 ship 0
529.0 1161.0 547.0 1161.0 547.0 1175.0 529.0 1175.0 ship 0
558.0 1143.0 581.0 1143.0 581.0 1162.0 558.0 1162.0 ship 0
545.0 1131.0 561.0 1131.0 561.0 1144.0 545.0 1144.0 ship 1
567.0 1127.0 589.0 1127.0 589.0 1145.0 567.0 1145.0 ship 0
477.0 1160.0 497.0 1160.0 497.0 1174.0 477.0 1174.0 ship 0
484.0 1151.0 502.0 1151.0 502.0 1164.0 484.0 1164.0 ship 0
473.0 1144.0 484.0 1144.0 484.0 1160.0 473.0 1160.0 ship 1
487.0 1142.0 506.0 1142.0 506.0 1156.0 487.0 1156.0 ship 0
474.0 1132.0 489.0 1132.0 489.0 1142.0 474.0 1142.0 ship 1
477.0 1123.0 492.0 1123.0 492.0 1135.0 477.0 1135.0 ship 1
480.0 1117.0 495.0 1117.0 495.0 1129.0 480.0 1129.0 ship 1
496.0 1127.0 513.0 1127.0 513.0 1141.0 496.0 1141.0 ship 0
500.0 1121.0 519.0 1121.0 519.0 1135.0 500.0 1135.0 ship 0
503.0 1112.0 521.0 1112.0 521.0 1125.0 503.0 1125.0 ship 0
484.0 1111.0 499.0 1111.0 499.0 1123.0 484.0 1123.0 ship 1
487.0 1105.0 502.0 1105.0 502.0 1116.0 487.0 1116.0 ship 1
489.0 1098.0 506.0 1098.0 506.0 1111.0 489.0 1111.0 ship 1
542.0 1176.0 564.0 1176.0 564.0 1195.0 542.0 1195.0 ship 0
535.0 1193.0 555.0 1193.0 555.0 1209.0 535.0 1209.0 ship 0
336.0 1289.0 344.0 1289.0 344.0 1311.0 336.0 1311.0 ship 0
512.0 1190.0 532.0 1190.0 532.0 1206.0 512.0 1206.0 ship 0
345.0 1288.0 356.0 1288.0 356.0 1313.0 345.0 1313.0 ship 0
356.0 1289.0 366.0 1289.0 366.0 1313.0 356.0 1313.0 ship 0
365.0 1287.0 373.0 1287.0 373.0 1312.0 365.0 1312.0 ship 0
375.0 1287.0 384.0 1287.0 384.0 1310.0 375.0 1310.0 ship 0
408.0 1284.0 417.0 1284.0 417.0 1306.0 408.0 1306.0 ship 0
420.0 1282.0 428.0 1282.0 428.0 1304.0 420.0 1304.0 ship 0
429.0 1281.0 437.0 1281.0 437.0 1306.0 429.0 1306.0 ship 0
440.0 1284.0 450.0 1284.0 450.0 1306.0 440.0 1306.0 ship 0
451.0 1279.0 461.0 1279.0 461.0 1305.0 451.0 1305.0 ship 0
493.0 1261.0 514.0 1261.0 514.0 1291.0 493.0 1291.0 ship 0
505.0 1266.0 523.0 1266.0 523.0 1292.0 505.0 1292.0 ship 0
485.0 1257.0 503.0 1257.0 503.0 1282.0 485.0 1282.0 ship 0
507.0 1252.0 528.0 1252.0 528.0 1269.0 507.0 1269.0 ship 0
510.0 1243.0 531.0 1243.0 531.0 1259.0 510.0 1259.0 ship 0
495.0 1229.0 512.0 1229.0 512.0 1243.0 495.0 1243.0 ship 0
498.0 1220.0 517.0 1220.0 517.0 1236.0 498.0 1236.0 ship 0
519.0 1227.0 536.0 1227.0 536.0 1241.0 519.0 1241.0 ship 0
506.0 1205.0 524.0 1205.0 524.0 1221.0 506.0 1221.0 ship 0
530.0 1203.0 548.0 1203.0 548.0 1217.0 530.0 1217.0 ship 0
325.0 967.0 346.0 967.0 346.0 990.0 325.0 990.0 ship 0
362.0 968.0 376.0 968.0 376.0 988.0 362.0 988.0 ship 0
158.0 2521.0 169.0 2521.0 169.0 2541.0 158.0 2541.0 ship 0
409.0 270.0 418.0 270.0 418.0 292.0 409.0 292.0 ship 0
459.0 202.0 483.0 202.0 483.0 220.0 459.0 220.0 ship 0
374.0 212.0 398.0 212.0 398.0 230.0 374.0 230.0 ship 0
506.0 176.0 526.0 176.0 526.0 189.0 506.0 189.0 ship 0
536.0 220.0 554.0 220.0 554.0 243.0 536.0 243.0 ship 0
548.0 215.0 567.0 215.0 567.0 241.0 548.0 241.0 ship 0
556.0 209.0 576.0 209.0 576.0 236.0 556.0 236.0 ship 0
575.0 200.0 594.0 200.0 594.0 227.0 575.0 227.0 ship 0
446.0 254.0 455.0 254.0 455.0 279.0 446.0 279.0 ship 0
510.0 250.0 533.0 250.0 533.0 270.0 510.0 270.0 ship 0
437.0 326.0 450.0 326.0 450.0 357.0 437.0 357.0 ship 0
359.0 952.0 372.0 952.0 372.0 971.0 359.0 971.0 ship 0
545.0 377.0 566.0 377.0 566.0 390.0 545.0 390.0 ship 0
548.0 384.0 570.0 384.0 570.0 399.0 548.0 399.0 ship 0
520.0 388.0 543.0 388.0 543.0 404.0 520.0 404.0 ship 0
526.0 398.0 550.0 398.0 550.0 416.0 526.0 416.0 ship 0
532.0 406.0 553.0 406.0 553.0 421.0 532.0 421.0 ship 0
557.0 403.0 587.0 403.0 587.0 421.0 557.0 421.0 ship 0
528.0 417.0 557.0 417.0 557.0 435.0 528.0 435.0 ship 0
560.0 415.0 587.0 415.0 587.0 433.0 560.0 433.0 ship 0
538.0 427.0 561.0 427.0 561.0 443.0 538.0 443.0 ship 0
446.0 209.0 472.0 209.0 472.0 230.0 446.0 230.0 ship 0
425.0 206.0 439.0 206.0 439.0 229.0 425.0 229.0 ship 0
397.0 181.0 420.0 181.0 420.0 199.0 397.0 199.0 ship 0
400.0 169.0 432.0 169.0 432.0 194.0 400.0 194.0 ship 0
143.0 2521.0 152.0 2521.0 152.0 2543.0 143.0 2543.0 ship 0
168.0 2521.0 175.0 2521.0 175.0 2540.0 168.0 2540.0 ship 0
177.0 2520.0 186.0 2520.0 186.0 2543.0 177.0 2543.0 ship 0
185.0 2522.0 196.0 2522.0 196.0 2545.0 185.0 2545.0 ship 0
194.0 2523.0 205.0 2523.0 205.0 2546.0 194.0 2546.0 ship 0
205.0 2524.0 215.0 2524.0 215.0 2546.0 205.0 2546.0 ship 0
215.0 2524.0 225.0 2524.0 225.0 2550.0 215.0 2550.0 ship 0
225.0 2524.0 236.0 2524.0 236.0 2549.0 225.0 2549.0 ship 0
236.0 2524.0 245.0 2524.0 245.0 2549.0 236.0 2549.0 ship 0
247.0 2525.0 257.0 2525.0 257.0 2550.0 247.0 2550.0 ship 0
259.0 2510.0 271.0 2510.0 271.0 2543.0 259.0 2543.0 ship 0
484.0 70.0 514.0 70.0 514.0 95.0 484.0 95.0 ship 0
468.0 106.0 482.0 106.0 482.0 130.0 468.0 130.0 ship 0
385.0 148.0 412.0 148.0 412.0 168.0 385.0 168.0 ship 0
371.0 176.0 390.0 176.0 390.0 204.0 371.0 204.0 ship 0
449.0 150.0 477.0 150.0 477.0 174.0 449.0 174.0 ship 0
437.0 153.0 466.0 153.0 466.0 179.0 437.0 179.0 ship 0
429.0 162.0 454.0 162.0 454.0 184.0 429.0 184.0 ship 0
418.0 168.0 439.0 168.0 439.0 187.0 418.0 187.0 ship 0
539.0 436.0 563.0 436.0 563.0 452.0 539.0 452.0 ship 0
543.0 447.0 567.0 447.0 567.0 463.0 543.0 463.0 ship 0
543.0 455.0 570.0 455.0 570.0 473.0 543.0 473.0 ship 0
358.0 767.0 382.0 767.0 382.0 786.0 358.0 786.0 ship 0
384.0 797.0 404.0 797.0 404.0 819.0 384.0 819.0 ship 0
392.0 818.0 402.0 818.0 402.0 836.0 392.0 836.0 ship 0
403.0 816.0 414.0 816.0 414.0 834.0 403.0 834.0 ship 0
432.0 811.0 447.0 811.0 447.0 828.0 432.0 828.0 ship 0
573.0 853.0 592.0 853.0 592.0 864.0 573.0 864.0 ship 0
388.0 852.0 405.0 852.0 405.0 874.0 388.0 874.0 ship 0
420.0 872.0 436.0 872.0 436.0 890.0 420.0 890.0 ship 0
532.0 886.0 552.0 886.0 552.0 897.0 532.0 897.0 ship 0
531.0 896.0 546.0 896.0 546.0 905.0 531.0 905.0 ship 1
571.0 916.0 586.0 916.0 586.0 926.0 571.0 926.0 ship 0
571.0 926.0 589.0 926.0 589.0 937.0 571.0 937.0 ship 0
569.0 935.0 586.0 935.0 586.0 946.0 569.0 946.0 ship 0
334.0 907.0 341.0 907.0 341.0 930.0 334.0 930.0 ship 0
343.0 905.0 353.0 905.0 353.0 929.0 343.0 929.0 ship 0
352.0 900.0 362.0 900.0 362.0 928.0 352.0 928.0 ship 0
363.0 901.0 374.0 901.0 374.0 926.0 363.0 926.0 ship 0
405.0 905.0 426.0 905.0 426.0 919.0 405.0 919.0 ship 0
402.0 915.0 425.0 915.0 425.0 930.0 402.0 930.0 ship 0
327.0 947.0 342.0 947.0 342.0 970.0 327.0 970.0 ship 0
424.0 788.0 444.0 788.0 444.0 810.0 424.0 810.0 ship 0
375.0 763.0 392.0 763.0 392.0 782.0 375.0 782.0 ship 0
558.0 485.0 580.0 485.0 580.0 500.0 558.0 500.0 ship 0
386.0 759.0 403.0 759.0 403.0 782.0 386.0 782.0 ship 0
561.0 493.0 585.0 493.0 585.0 510.0 561.0 510.0 ship 0
566.0 504.0 589.0 504.0 589.0 520.0 566.0 520.0 ship 0
567.0 512.0 592.0 512.0 592.0 530.0 567.0 530.0 ship 0
572.0 524.0 593.0 524.0 593.0 539.0 572.0 539.0 ship 0
535.0 667.0 549.0 667.0 549.0 677.0 535.0 677.0 ship 1
427.0 685.0 441.0 685.0 441.0 699.0 427.0 699.0 ship 1
436.0 685.0 449.0 685.0 449.0 697.0 436.0 697.0 ship 1
436.0 693.0 451.0 693.0 451.0 705.0 436.0 705.0 ship 1
434.0 701.0 449.0 701.0 449.0 713.0 434.0 713.0 ship 1
435.0 709.0 448.0 709.0 448.0 718.0 435.0 718.0 ship 1
407.0 705.0 417.0 705.0 417.0 723.0 407.0 723.0 ship 0
398.0 705.0 410.0 705.0 410.0 724.0 398.0 724.0 ship 0
391.0 707.0 400.0 707.0 400.0 726.0 391.0 726.0 ship 0
383.0 707.0 395.0 707.0 395.0 727.0 383.0 727.0 ship 0
370.0 710.0 383.0 710.0 383.0 730.0 370.0 730.0 ship 0
347.0 715.0 353.0 715.0 353.0 732.0 347.0 732.0 ship 0
395.0 737.0 416.0 737.0 416.0 757.0 395.0 757.0 ship 0
396.0 750.0 412.0 750.0 412.0 765.0 396.0 765.0 ship 0
396.0 759.0 413.0 759.0 413.0 778.0 396.0 778.0 ship 0
667.0 424.0 685.0 424.0 685.0 436.0 667.0 436.0 ship 0
664.0 410.0 683.0 410.0 683.0 423.0 664.0 423.0 ship 0
660.0 402.0 682.0 402.0 682.0 416.0 660.0 416.0 ship 0
777.0 2132.0 787.0 2132.0 787.0 2141.0 777.0 2141.0 small-vehicle 1
760.0 2172.0 770.0 2172.0 770.0 2179.0 760.0 2179.0 small-vehicle 1
764.0 2167.0 776.0 2167.0 776.0 2176.0 764.0 2176.0 small-vehicle 1
769.0 2164.0 778.0 2164.0 778.0 2172.0 769.0 2172.0 small-vehicle 1
769.0 2158.0 780.0 2158.0 780.0 2167.0 769.0 2167.0 small-vehicle 1
776.0 2154.0 786.0 2154.0 786.0 2160.0 776.0 2160.0 small-vehicle 1
773.0 2146.0 784.0 2146.0 784.0 2153.0 773.0 2153.0 small-vehicle 1
781.0 2119.0 790.0 2119.0 790.0 2125.0 781.0 2125.0 small-vehicle 1
780.0 2124.0 791.0 2124.0 791.0 2130.0 780.0 2130.0 small-vehicle 1
777.0 2128.0 789.0 2128.0 789.0 2135.0 777.0 2135.0 small-vehicle 1
680.0 2197.0 684.0 2197.0 684.0 2205.0 680.0 2205.0 ship 1
550.0 2135.0 564.0 2135.0 564.0 2140.0 550.0 2140.0 ship 1
679.0 2209.0 683.0 2209.0 683.0 2217.0 679.0 2217.0 ship 1
813.0 2009.0 825.0 2009.0 825.0 2015.0 813.0 2015.0 small-vehicle 1
365.0 1770.0 380.0 1770.0 380.0 1779.0 365.0 1779.0 ship 1
754.0 1458.0 765.0 1458.0 765.0 1464.0 754.0 1464.0 small-vehicle 1
844.0 1422.0 854.0 1422.0 854.0 1429.0 844.0 1429.0 small-vehicle 1
754.0 1448.0 763.0 1448.0 763.0 1453.0 754.0 1453.0 small-vehicle 1
760.0 1410.0 772.0 1410.0 772.0 1416.0 760.0 1416.0 small-vehicle 1
761.0 1402.0 772.0 1402.0 772.0 1409.0 761.0 1409.0 small-vehicle 1
765.0 1378.0 775.0 1378.0 775.0 1383.0 765.0 1383.0 small-vehicle 1
759.0 2178.0 768.0 2178.0 768.0 2184.0 759.0 2184.0 small-vehicle 1
755.0 2180.0 767.0 2180.0 767.0 2189.0 755.0 2189.0 small-vehicle 1
750.0 2184.0 762.0 2184.0 762.0 2194.0 750.0 2194.0 small-vehicle 1
747.0 2192.0 757.0 2192.0 757.0 2199.0 747.0 2199.0 small-vehicle 1
479.0 2097.0 491.0 2097.0 491.0 2104.0 479.0 2104.0 ship 1
429.0 2275.0 442.0 2275.0 442.0 2280.0 429.0 2280.0 ship 1
454.0 2281.0 461.0 2281.0 461.0 2285.0 454.0 2285.0 ship 1
440.0 2310.0 450.0 2310.0 450.0 2317.0 440.0 2317.0 small-vehicle 1
459.0 2317.0 467.0 2317.0 467.0 2324.0 459.0 2324.0 small-vehicle 1
457.0 2297.0 467.0 2297.0 467.0 2308.0 457.0 2308.0 small-vehicle 1
465.0 2297.0 475.0 2297.0 475.0 2307.0 465.0 2307.0 small-vehicle 1
481.0 2296.0 491.0 2296.0 491.0 2309.0 481.0 2309.0 small-vehicle 1
485.0 2320.0 496.0 2320.0 496.0 2332.0 485.0 2332.0 small-vehicle 1
492.0 2322.0 502.0 2322.0 502.0 2333.0 492.0 2333.0 small-vehicle 1
497.0 2324.0 508.0 2324.0 508.0 2338.0 497.0 2338.0 small-vehicle 1
511.0 2300.0 516.0 2300.0 516.0 2312.0 511.0 2312.0 small-vehicle 1
621.0 2340.0 629.0 2340.0 629.0 2344.0 621.0 2344.0 small-vehicle 1
613.0 2290.0 618.0 2290.0 618.0 2299.0 613.0 2299.0 small-vehicle 1
673.0 2290.0 678.0 2290.0 678.0 2301.0 673.0 2301.0 small-vehicle 1
708.0 2337.0 716.0 2337.0 716.0 2343.0 708.0 2343.0 small-vehicle 1
718.0 2312.0 728.0 2312.0 728.0 2319.0 718.0 2319.0 small-vehicle 1
722.0 2306.0 731.0 2306.0 731.0 2314.0 722.0 2314.0 small-vehicle 1
719.0 2270.0 730.0 2270.0 730.0 2280.0 719.0 2280.0 small-vehicle 1
796.0 1352.0 809.0 1352.0 809.0 1358.0 796.0 1358.0 small-vehicle 1
823.0 1369.0 832.0 1369.0 832.0 1374.0 823.0 1374.0 small-vehicle 1
767.0 1366.0 777.0 1366.0 777.0 1371.0 767.0 1371.0 small-vehicle 1
788.0 703.0 806.0 703.0 806.0 714.0 788.0 714.0 ship 1
636.0 679.0 642.0 679.0 642.0 689.0 636.0 689.0 ship 1
640.0 715.0 664.0 715.0 664.0 725.0 640.0 725.0 ship 0
613.0 711.0 641.0 711.0 641.0 728.0 613.0 728.0 ship 0
583.0 693.0 639.0 693.0 639.0 710.0 583.0 710.0 ship 0
588.0 595.0 602.0 595.0 602.0 601.0 588.0 601.0 ship 1
585.0 603.0 601.0 603.0 601.0 609.0 585.0 609.0 ship 1
587.0 610.0 600.0 610.0 600.0 616.0 587.0 616.0 ship 1
587.0 617.0 599.0 617.0 599.0 623.0 587.0 623.0 ship 1
638.0 655.0 659.0 655.0 659.0 663.0 638.0 663.0 ship 1
553.0 482.0 567.0 482.0 567.0 493.0 553.0 493.0 ship 1
657.0 387.0 671.0 387.0 671.0 395.0 657.0 395.0 ship 1
655.0 373.0 668.0 373.0 668.0 382.0 655.0 382.0 ship 1
652.0 366.0 665.0 366.0 665.0 376.0 652.0 376.0 ship 1
634.0 371.0 649.0 371.0 649.0 381.0 634.0 381.0 ship 1
672.0 333.0 683.0 333.0 683.0 342.0 672.0 342.0 ship 1
684.0 345.0 694.0 345.0 694.0 355.0 684.0 355.0 ship 1
687.0 352.0 701.0 352.0 701.0 364.0 687.0 364.0 ship 1
764.0 432.0 777.0 432.0 777.0 441.0 764.0 441.0 ship 1
760.0 422.0 774.0 422.0 774.0 433.0 760.0 433.0 ship 1
779.0 689.0 803.0 689.0 803.0 704.0 779.0 704.0 ship 1
610.0 760.0 616.0 760.0 616.0 770.0 610.0 770.0 ship 1
767.0 1360.0 779.0 1360.0 779.0 1365.0 767.0 1365.0 small-vehicle 1
593.0 749.0 600.0 749.0 600.0 761.0 593.0 761.0 ship 1
768.0 1355.0 780.0 1355.0 780.0 1360.0 768.0 1360.0 small-vehicle 1
770.0 1339.0 780.0 1339.0 780.0 1344.0 770.0 1344.0 small-vehicle 1
772.0 1330.0 782.0 1330.0 782.0 1335.0 772.0 1335.0 small-vehicle 1
782.0 1320.0 791.0 1320.0 791.0 1328.0 782.0 1328.0 small-vehicle 1
826.0 1314.0 837.0 1314.0 837.0 1320.0 826.0 1320.0 small-vehicle 1
823.0 1304.0 832.0 1304.0 832.0 1309.0 823.0 1309.0 small-vehicle 1
834.0 1255.0 845.0 1255.0 845.0 1262.0 834.0 1262.0 small-vehicle 1
701.0 1249.0 712.0 1249.0 712.0 1254.0 701.0 1254.0 ship 1
841.0 1147.0 857.0 1147.0 857.0 1153.0 841.0 1153.0 ship 1
705.0 1276.0 717.0 1276.0 717.0 1281.0 705.0 1281.0 ship 1
453.0 1149.0 458.0 1149.0 458.0 1158.0 453.0 1158.0 ship 1
768.0 778.0 781.0 778.0 781.0 792.0 768.0 792.0 ship 1
778.0 769.0 788.0 769.0 788.0 780.0 778.0 780.0 ship 1
788.0 788.0 798.0 788.0 798.0 799.0 788.0 799.0 ship 1
875.0 823.0 885.0 823.0 885.0 831.0 875.0 831.0 ship 1
787.0 817.0 802.0 817.0 802.0 830.0 787.0 830.0 ship 1
827.0 805.0 838.0 805.0 838.0 818.0 827.0 818.0 ship 1
634.0 922.0 650.0 922.0 650.0 932.0 634.0 932.0 ship 1
619.0 917.0 632.0 917.0 632.0 925.0 619.0 925.0 ship 1
551.0 2127.0 562.0 2127.0 562.0 2134.0 551.0 2134.0 ship 1
551.0 2142.0 564.0 2142.0 564.0 2149.0 551.0 2149.0 ship 1
753.0 412.0 765.0 412.0 765.0 421.0 753.0 421.0 ship 1
129.0 2408.0 134.0 2408.0 134.0 2420.0 129.0 2420.0 ship 1
207.0 2406.0 213.0 2406.0 213.0 2417.0 207.0 2417.0 ship 1
178.0 2411.0 183.0 2411.0 183.0 2419.0 178.0 2419.0 ship 1
170.0 2398.0 181.0 2398.0 181.0 2405.0 170.0 2405.0 ship 1
148.0 2393.0 156.0 2393.0 156.0 2405.0 148.0 2405.0 ship 1
128.0 2393.0 134.0 2393.0 134.0 2405.0 128.0 2405.0 ship 1
131.0 2369.0 141.0 2369.0 141.0 2373.0 131.0 2373.0 ship 1
121.0 2392.0 126.0 2392.0 126.0 2404.0 121.0 2404.0 ship 1
115.0 2392.0 120.0 2392.0 120.0 2402.0 115.0 2402.0 ship 1
121.0 2408.0 127.0 2408.0 127.0 2421.0 121.0 2421.0 ship 1
135.0 2408.0 141.0 2408.0 141.0 2420.0 135.0 2420.0 ship 1
552.0 2149.0 564.0 2149.0 564.0 2154.0 552.0 2154.0 ship 1
149.0 2409.0 155.0 2409.0 155.0 2419.0 149.0 2419.0 ship 1
156.0 2407.0 163.0 2407.0 163.0 2422.0 156.0 2422.0 ship 1
49.0 2407.0 58.0 2407.0 58.0 2424.0 49.0 2424.0 ship 1
41.0 2408.0 51.0 2408.0 51.0 2423.0 41.0 2423.0 ship 1
53.0 2427.0 66.0 2427.0 66.0 2446.0 53.0 2446.0 ship 1
40.0 2431.0 58.0 2431.0 58.0 2451.0 40.0 2451.0 ship 1
41.0 2444.0 62.0 2444.0 62.0 2463.0 41.0 2463.0 ship 1
47.0 2467.0 64.0 2467.0 64.0 2481.0 47.0 2481.0 ship 1
46.0 2475.0 66.0 2475.0 66.0 2489.0 46.0 2489.0 ship 1
215.0 2406.0 220.0 2406.0 220.0 2419.0 215.0 2419.0 ship 1
219.0 2392.0 224.0 2392.0 224.0 2405.0 219.0 2405.0 ship 1
289.0 2310.0 297.0 2310.0 297.0 2323.0 289.0 2323.0 ship 1
228.0 2331.0 234.0 2331.0 234.0 2342.0 228.0 2342.0 ship 1
33.0 2318.0 40.0 2318.0 40.0 2322.0 33.0 2322.0 small-vehicle 1
83.0 2333.0 93.0 2333.0 93.0 2339.0 83.0 2339.0 small-vehicle 1
129.0 2297.0 138.0 2297.0 138.0 2302.0 129.0 2302.0 small-vehicle 1
111.0 2296.0 123.0 2296.0 123.0 2302.0 111.0 2302.0 small-vehicle 1
92.0 2288.0 104.0 2288.0 104.0 2294.0 92.0 2294.0 small-vehicle 1
98.0 2384.0 103.0 2384.0 103.0 2395.0 98.0 2395.0 small-vehicle 1
88.0 2415.0 96.0 2415.0 96.0 2430.0 88.0 2430.0 small-vehicle 1
90.0 2441.0 99.0 2441.0 99.0 2447.0 90.0 2447.0 small-vehicle 1
89.0 2448.0 100.0 2448.0 100.0 2454.0 89.0 2454.0 small-vehicle 1
90.0 2459.0 100.0 2459.0 100.0 2463.0 90.0 2463.0 small-vehicle 1
91.0 2467.0 99.0 2467.0 99.0 2472.0 91.0 2472.0 small-vehicle 1
88.0 2473.0 98.0 2473.0 98.0 2477.0 88.0 2477.0 small-vehicle 1
90.0 2481.0 99.0 2481.0 99.0 2484.0 90.0 2484.0 small-vehicle 1
89.0 2486.0 101.0 2486.0 101.0 2491.0 89.0 2491.0 small-vehicle 1
90.0 2491.0 99.0 2491.0 99.0 2495.0 90.0 2495.0 small-vehicle 1
90.0 2498.0 99.0 2498.0 99.0 2501.0 90.0 2501.0 small-vehicle 1
90.0 2504.0 98.0 2504.0 98.0 2508.0 90.0 2508.0 small-vehicle 1
63.0 2510.0 76.0 2510.0 76.0 2515.0 63.0 2515.0 small-vehicle 1
72.0 2429.0 83.0 2429.0 83.0 2447.0 72.0 2447.0 small-vehicle 1
47.0 2483.0 66.0 2483.0 66.0 2495.0 47.0 2495.0 ship 1
4.0 2480.0 18.0 2480.0 18.0 2487.0 4.0 2487.0 ship 1
3.0 2487.0 20.0 2487.0 20.0 2493.0 3.0 2493.0 ship 1
536.0 2171.0 550.0 2171.0 550.0 2177.0 536.0 2177.0 ship 1
536.0 2150.0 548.0 2150.0 548.0 2155.0 536.0 2155.0 ship 1
535.0 2142.0 548.0 2142.0 548.0 2148.0 535.0 2148.0 ship 1
533.0 2136.0 547.0 2136.0 547.0 2142.0 533.0 2142.0 ship 1
535.0 2127.0 549.0 2127.0 549.0 2134.0 535.0 2134.0 ship 1
554.0 2269.0 567.0 2269.0 567.0 2275.0 554.0 2275.0 ship 1
553.0 2262.0 566.0 2262.0 566.0 2268.0 553.0 2268.0 ship 1
541.0 2276.0 551.0 2276.0 551.0 2282.0 541.0 2282.0 ship 1
553.0 2255.0 566.0 2255.0 566.0 2262.0 553.0 2262.0 ship 1
553.0 2248.0 566.0 2248.0 566.0 2254.0 553.0 2254.0 ship 1
553.0 2240.0 565.0 2240.0 565.0 2247.0 553.0 2247.0 ship 1
553.0 2234.0 565.0 2234.0 565.0 2239.0 553.0 2239.0 ship 1
553.0 2226.0 565.0 2226.0 565.0 2233.0 553.0 2233.0 ship 1
552.0 2206.0 566.0 2206.0 566.0 2211.0 552.0 2211.0 ship 1
552.0 2199.0 564.0 2199.0 564.0 2204.0 552.0 2204.0 ship 1
552.0 2191.0 565.0 2191.0 565.0 2197.0 552.0 2197.0 ship 1
551.0 2184.0 564.0 2184.0 564.0 2190.0 551.0 2190.0 ship 1
552.0 2170.0 564.0 2170.0 564.0 2176.0 552.0 2176.0 ship 1
550.0 2164.0 564.0 2164.0 564.0 2169.0 550.0 2169.0 ship 1
550.0 2155.0 564.0 2155.0 564.0 2162.0 550.0 2162.0 ship 1
537.0 2163.0 549.0 2163.0 549.0 2170.0 537.0 2170.0 ship 1
536.0 2177.0 549.0 2177.0 549.0 2183.0 536.0 2183.0 ship 1
3.0 2492.0 19.0 2492.0 19.0 2498.0 3.0 2498.0 ship 1
536.0 2185.0 548.0 2185.0 548.0 2190.0 536.0 2190.0 ship 1
218.0 2508.0 225.0 2508.0 225.0 2521.0 218.0 2521.0 ship 1
674.0 2243.0 687.0 2243.0 687.0 2266.0 674.0 2266.0 ship 1
670.0 2266.0 675.0 2266.0 675.0 2279.0 670.0 2279.0 ship 1
577.0 2268.0 582.0 2268.0 582.0 2280.0 577.0 2280.0 ship 1
745.0 2262.0 758.0 2262.0 758.0 2269.0 745.0 2269.0 ship 1
802.0 2304.0 838.0 2304.0 838.0 2335.0 802.0 2335.0 swimming-pool 0
684.0 2197.0 691.0 2197.0 691.0 2210.0 684.0 2210.0 ship 1
351.0 2300.0 362.0 2300.0 362.0 2305.0 351.0 2305.0 ship 1
539.0 2269.0 551.0 2269.0 551.0 2275.0 539.0 2275.0 ship 1
538.0 2262.0 551.0 2262.0 551.0 2269.0 538.0 2269.0 ship 1
538.0 2256.0 551.0 2256.0 551.0 2261.0 538.0 2261.0 ship 1
537.0 2248.0 551.0 2248.0 551.0 2255.0 537.0 2255.0 ship 1
538.0 2242.0 550.0 2242.0 550.0 2247.0 538.0 2247.0 ship 1
538.0 2234.0 550.0 2234.0 550.0 2241.0 538.0 2241.0 ship 1
537.0 2227.0 550.0 2227.0 550.0 2233.0 537.0 2233.0 ship 1
537.0 2213.0 550.0 2213.0 550.0 2220.0 537.0 2220.0 ship 1
534.0 2206.0 550.0 2206.0 550.0 2213.0 534.0 2213.0 ship 1
536.0 2199.0 549.0 2199.0 549.0 2206.0 536.0 2206.0 ship 1
536.0 2192.0 549.0 2192.0 549.0 2197.0 536.0 2197.0 ship 1
756.0 417.0 772.0 417.0 772.0 427.0 756.0 427.0 ship 1
750.0 403.0 765.0 403.0 765.0 414.0 750.0 414.0 ship 1
657.0 390.0 676.0 390.0 676.0 404.0 657.0 404.0 ship 0
1027.0 1763.0 1039.0 1763.0 1039.0 1770.0 1027.0 1770.0 small-vehicle 1
1014.0 1186.0 1024.0 1186.0 1024.0 1203.0 1014.0 1203.0 ship 1
919.0 1219.0 926.0 1219.0 926.0 1229.0 919.0 1229.0 small-vehicle 1
925.0 1220.0 931.0 1220.0 931.0 1229.0 925.0 1229.0 small-vehicle 1
947.0 1365.0 955.0 1365.0 955.0 1370.0 947.0 1370.0 small-vehicle 1
957.0 1362.0 967.0 1362.0 967.0 1368.0 957.0 1368.0 small-vehicle 1
968.0 1361.0 977.0 1361.0 977.0 1365.0 968.0 1365.0 small-vehicle 1
1018.0 1335.0 1024.0 1335.0 1024.0 1344.0 1018.0 1344.0 small-vehicle 1
1032.0 1448.0 1039.0 1448.0 1039.0 1457.0 1032.0 1457.0 small-vehicle 1
982.0 1569.0 991.0 1569.0 991.0 1575.0 982.0 1575.0 small-vehicle 1
1073.0 1972.0 1080.0 1972.0 1080.0 1982.0 1073.0 1982.0 small-vehicle 1
944.0 808.0 954.0 808.0 954.0 827.0 944.0 827.0 ship 1
1048.0 2021.0 1055.0 2021.0 1055.0 2030.0 1048.0 2030.0 small-vehicle 1
1014.0 2011.0 1024.0 2011.0 1024.0 2023.0 1014.0 2023.0 small-vehicle 1
1011.0 2081.0 1016.0 2081.0 1016.0 2090.0 1011.0 2090.0 small-vehicle 1
1000.0 2138.0 1010.0 2138.0 1010.0 2144.0 1000.0 2144.0 small-vehicle 1
980.0 2304.0 989.0 2304.0 989.0 2309.0 980.0 2309.0 small-vehicle 1
977.0 2311.0 988.0 2311.0 988.0 2316.0 977.0 2316.0 small-vehicle 1
977.0 2318.0 987.0 2318.0 987.0 2323.0 977.0 2323.0 small-vehicle 1
977.0 2335.0 986.0 2335.0 986.0 2340.0 977.0 2340.0 small-vehicle 1
979.0 2340.0 988.0 2340.0 988.0 2345.0 979.0 2345.0 small-vehicle 1
1129.0 1166.0 1137.0 1166.0 1137.0 1172.0 1129.0 1172.0 small-vehicle 1
1119.0 1169.0 1128.0 1169.0 1128.0 1175.0 1119.0 1175.0 small-vehicle 1
1105.0 1109.0 1116.0 1109.0 1116.0 1116.0 1105.0 1116.0 small-vehicle 1
1029.0 1011.0 1035.0 1011.0 1035.0 1022.0 1029.0 1022.0 small-vehicle 1
957.0 810.0 965.0 810.0 965.0 821.0 957.0 821.0 ship 1
961.0 809.0 971.0 809.0 971.0 821.0 961.0 821.0 ship 1
969.0 808.0 978.0 808.0 978.0 820.0 969.0 820.0 ship 1
1092.0 666.0 1116.0 666.0 1116.0 686.0 1092.0 686.0 swimming-pool 0
1118.0 707.0 1136.0 707.0 1136.0 734.0 1118.0 734.0 swimming-pool 0
970.0 833.0 992.0 833.0 992.0 848.0 970.0 848.0 swimming-pool 0
1059.0 784.0 1069.0 784.0 1069.0 792.0 1059.0 792.0 small-vehicle 1
841.0 654.0 848.0 654.0 848.0 665.0 841.0 665.0 small-vehicle 1
1088.0 824.0 1100.0 824.0 1100.0 829.0 1088.0 829.0 small-vehicle 1
1089.0 841.0 1098.0 841.0 1098.0 846.0 1089.0 846.0 small-vehicle 1
1077.0 842.0 1086.0 842.0 1086.0 847.0 1077.0 847.0 small-vehicle 1
1069.0 847.0 1080.0 847.0 1080.0 852.0 1069.0 852.0 small-vehicle 1
1054.0 881.0 1059.0 881.0 1059.0 891.0 1054.0 891.0 small-vehicle 1
1081.0 902.0 1091.0 902.0 1091.0 907.0 1081.0 907.0 small-vehicle 1
1072.0 903.0 1081.0 903.0 1081.0 908.0 1072.0 908.0 small-vehicle 1
1101.0 930.0 1111.0 930.0 1111.0 937.0 1101.0 937.0 small-vehicle 1
1075.0 944.0 1085.0 944.0 1085.0 948.0 1075.0 948.0 small-vehicle 1
1015.0 922.0 1026.0 922.0 1026.0 926.0 1015.0 926.0 small-vehicle 1
1019.0 1004.0 1025.0 1004.0 1025.0 1015.0 1019.0 1015.0 small-vehicle 1
977.0 2347.0 987.0 2347.0 987.0 2351.0 977.0 2351.0 small-vehicle 1
978.0 2352.0 987.0 2352.0 987.0 2357.0 978.0 2357.0 small-vehicle 1
977.0 2360.0 987.0 2360.0 987.0 2364.0 977.0 2364.0 small-vehicle 1
1026.0 2376.0 1038.0 2376.0 1038.0 2384.0 1026.0 2384.0 small-vehicle 1
1025.0 2394.0 1034.0 2394.0 1034.0 2399.0 1025.0 2399.0 small-vehicle 1
1023.0 2398.0 1033.0 2398.0 1033.0 2405.0 1023.0 2405.0 small-vehicle 1
1022.0 2404.0 1033.0 2404.0 1033.0 2411.0 1022.0 2411.0 small-vehicle 1
1021.0 2413.0 1033.0 2413.0 1033.0 2419.0 1021.0 2419.0 small-vehicle 1
1017.0 2418.0 1028.0 2418.0 1028.0 2424.0 1017.0 2424.0 small-vehicle 1
1016.0 2422.0 1028.0 2422.0 1028.0 2430.0 1016.0 2430.0 small-vehicle 1
1046.0 2406.0 1057.0 2406.0 1057.0 2413.0 1046.0 2413.0 small-vehicle 1
1045.0 2411.0 1057.0 2411.0 1057.0 2419.0 1045.0 2419.0 small-vehicle 1
1044.0 2417.0 1054.0 2417.0 1054.0 2423.0 1044.0 2423.0 small-vehicle 1
1045.0 2425.0 1054.0 2425.0 1054.0 2429.0 1045.0 2429.0 small-vehicle 1
1047.0 2428.0 1055.0 2428.0 1055.0 2433.0 1047.0 2433.0 small-vehicle 1
1040.0 2326.0 1050.0 2326.0 1050.0 2333.0 1040.0 2333.0 small-vehicle 1
1040.0 2333.0 1049.0 2333.0 1049.0 2338.0 1040.0 2338.0 small-vehicle 1
1036.0 2337.0 1047.0 2337.0 1047.0 2344.0 1036.0 2344.0 small-vehicle 1
984.0 1844.0 994.0 1844.0 994.0 1871.0 984.0 1871.0 swimming-pool 1
993.0 1784.0 1007.0 1784.0 1007.0 1805.0 993.0 1805.0 swimming-pool 1
977.0 1684.0 990.0 1684.0 990.0 1704.0 977.0 1704.0 swimming-pool 0
1052.0 1550.0 1073.0 1550.0 1073.0 1561.0 1052.0 1561.0 swimming-pool 1
1107.0 1541.0 1129.0 1541.0 1129.0 1554.0 1107.0 1554.0 swimming-pool 1
1028.0 2383.0 1039.0 2383.0 1039.0 2390.0 1028.0 2390.0 small-vehicle 1
1031.0 2371.0 1040.0 2371.0 1040.0 2377.0 1031.0 2377.0 small-vehicle 1
975.0 2369.0 985.0 2369.0 985.0 2373.0 975.0 2373.0 small-vehicle 1
1000.0 2376.0 1008.0 2376.0 1008.0 2381.0 1000.0 2381.0 small-vehicle 1
1000.0 2359.0 1009.0 2359.0 1009.0 2364.0 1000.0 2364.0 small-vehicle 1
1001.0 2350.0 1012.0 2350.0 1012.0 2355.0 1001.0 2355.0 small-vehicle 1
1002.0 2343.0 1012.0 2343.0 1012.0 2349.0 1002.0 2349.0 small-vehicle 1
1004.0 2337.0 1016.0 2337.0 1016.0 2343.0 1004.0 2343.0 small-vehicle 1
1007.0 2332.0 1017.0 2332.0 1017.0 2338.0 1007.0 2338.0 small-vehicle 1
1044.0 2308.0 1055.0 2308.0 1055.0 2313.0 1044.0 2313.0 small-vehicle 1
1044.0 2314.0 1054.0 2314.0 1054.0 2320.0 1044.0 2320.0 small-vehicle 1
1043.0 2320.0 1052.0 2320.0 1052.0 2326.0 1043.0 2326.0 small-vehicle 1
967.0 2393.0 977.0 2393.0 977.0 2398.0 967.0 2398.0 small-vehicle 1
969.0 2399.0 979.0 2399.0 979.0 2404.0 969.0 2404.0 small-vehicle 1
968.0 2405.0 979.0 2405.0 979.0 2409.0 968.0 2409.0 small-vehicle 1
970.0 2410.0 979.0 2410.0 979.0 2417.0 970.0 2417.0 small-vehicle 1
989.0 2428.0 998.0 2428.0 998.0 2432.0 989.0 2432.0 small-vehicle 1
990.0 2419.0 999.0 2419.0 999.0 2425.0 990.0 2425.0 small-vehicle 1
994.0 2409.0 1004.0 2409.0 1004.0 2414.0 994.0 2414.0 small-vehicle 1
993.0 2404.0 1002.0 2404.0 1002.0 2408.0 993.0 2408.0 small-vehicle 1
992.0 2396.0 1003.0 2396.0 1003.0 2401.0 992.0 2401.0 small-vehicle 1
994.0 2392.0 1002.0 2392.0 1002.0 2396.0 994.0 2396.0 small-vehicle 1
993.0 2385.0 1003.0 2385.0 1003.0 2391.0 993.0 2391.0 small-vehicle 1
951.0 808.0 959.0 808.0 959.0 823.0 951.0 823.0 ship 1
930.0 816.0 937.0 816.0 937.0 828.0 930.0 828.0 ship 1
746.0 399.0 760.0 399.0 760.0 409.0 746.0 409.0 ship 1
657.0 179.0 671.0 179.0 671.0 198.0 657.0 198.0 ship 1
808.0 282.0 822.0 282.0 822.0 293.0 808.0 293.0 ship 1
805.0 273.0 819.0 273.0 819.0 283.0 805.0 283.0 ship 1
842.0 191.0 855.0 191.0 855.0 201.0 842.0 201.0 ship 1
849.0 203.0 860.0 203.0 860.0 212.0 849.0 212.0 ship 1
885.0 203.0 899.0 203.0 899.0 213.0 885.0 213.0 ship 1
885.0 286.0 896.0 286.0 896.0 295.0 885.0 295.0 ship 1
886.0 172.0 895.0 172.0 895.0 185.0 886.0 185.0 ship 1
632.0 197.0 643.0 197.0 643.0 212.0 632.0 212.0 ship 1
635.0 204.0 646.0 204.0 646.0 223.0 635.0 223.0 ship 1
691.0 188.0 711.0 188.0 711.0 202.0 691.0 202.0 ship 1
915.0 807.0 932.0 807.0 932.0 823.0 915.0 823.0 ship 1
650.0 231.0 658.0 231.0 658.0 243.0 650.0 243.0 small-vehicle 1
636.0 302.0 646.0 302.0 646.0 309.0 636.0 309.0 small-vehicle 1
629.0 332.0 636.0 332.0 636.0 341.0 629.0 341.0 small-vehicle 1
626.0 335.0 632.0 335.0 632.0 345.0 626.0 345.0 small-vehicle 1
619.0 334.0 628.0 334.0 628.0 347.0 619.0 347.0 small-vehicle 1
737.0 282.0 745.0 282.0 745.0 292.0 737.0 292.0 small-vehicle 1
742.0 281.0 751.0 281.0 751.0 292.0 742.0 292.0 small-vehicle 1
715.0 265.0 724.0 265.0 724.0 276.0 715.0 276.0 small-vehicle 1
721.0 262.0 728.0 262.0 728.0 271.0 721.0 271.0 small-vehicle 1
810.0 288.0 825.0 288.0 825.0 300.0 810.0 300.0 ship 1
814.0 297.0 830.0 297.0 830.0 310.0 814.0 310.0 ship 1
824.0 314.0 836.0 314.0 836.0 324.0 824.0 324.0 ship 1
829.0 329.0 845.0 329.0 845.0 341.0 829.0 341.0 ship 1
745.0 391.0 758.0 391.0 758.0 402.0 745.0 402.0 ship 1
734.0 380.0 751.0 380.0 751.0 392.0 734.0 392.0 ship 1
730.0 374.0 747.0 374.0 747.0 386.0 730.0 386.0 ship 1
727.0 367.0 742.0 367.0 742.0 377.0 727.0 377.0 ship 1
725.0 361.0 740.0 361.0 740.0 371.0 725.0 371.0 ship 1
721.0 351.0 735.0 351.0 735.0 361.0 721.0 361.0 ship 1
715.0 342.0 732.0 342.0 732.0 354.0 715.0 354.0 ship 1
713.0 337.0 727.0 337.0 727.0 348.0 713.0 348.0 ship 1
706.0 327.0 722.0 327.0 722.0 339.0 706.0 339.0 ship 1
707.0 319.0 720.0 319.0 720.0 330.0 707.0 330.0 ship 1
728.0 304.0 737.0 304.0 737.0 318.0 728.0 318.0 ship 1
734.0 303.0 741.0 303.0 741.0 315.0 734.0 315.0 ship 1
739.0 299.0 749.0 299.0 749.0 313.0 739.0 313.0 ship 1
745.0 297.0 755.0 297.0 755.0 310.0 745.0 310.0 ship 1
757.0 301.0 765.0 301.0 765.0 313.0 757.0 313.0 ship 1
772.0 308.0 787.0 308.0 787.0 318.0 772.0 318.0 ship 1
774.0 293.0 783.0 293.0 783.0 302.0 774.0 302.0 ship 1
779.0 326.0 795.0 326.0 795.0 339.0 779.0 339.0 ship 1
842.0 303.0 855.0 303.0 855.0 315.0 842.0 315.0 ship 1
723.0 246.0 731.0 246.0 731.0 251.0 723.0 251.0 small-vehicle 1
699.0 259.0 707.0 259.0 707.0 270.0 699.0 270.0 small-vehicle 1
724.0 232.0 733.0 232.0 733.0 242.0 724.0 242.0 small-vehicle 1
1040.0 42.0 1049.0 42.0 1049.0 52.0 1040.0 52.0 small-vehicle 1
1060.0 69.0 1068.0 69.0 1068.0 80.0 1060.0 80.0 small-vehicle 1
1033.0 76.0 1042.0 76.0 1042.0 87.0 1033.0 87.0 small-vehicle 1
948.0 98.0 960.0 98.0 960.0 106.0 948.0 106.0 small-vehicle 1
950.0 104.0 961.0 104.0 961.0 113.0 950.0 113.0 small-vehicle 1
939.0 119.0 949.0 119.0 949.0 130.0 939.0 130.0 small-vehicle 1
915.0 129.0 922.0 129.0 922.0 139.0 915.0 139.0 small-vehicle 1
920.0 129.0 928.0 129.0 928.0 138.0 920.0 138.0 small-vehicle 1
924.0 127.0 932.0 127.0 932.0 135.0 924.0 135.0 small-vehicle 1
1083.0 254.0 1096.0 254.0 1096.0 265.0 1083.0 265.0 ship 1
1002.0 277.0 1011.0 277.0 1011.0 285.0 1002.0 285.0 ship 1
945.0 288.0 954.0 288.0 954.0 296.0 945.0 296.0 ship 1
930.0 296.0 939.0 296.0 939.0 303.0 930.0 303.0 ship 1
1057.0 255.0 1070.0 255.0 1070.0 266.0 1057.0 266.0 ship 1
1060.0 265.0 1073.0 265.0 1073.0 276.0 1060.0 276.0 ship 1
817.0 302.0 832.0 302.0 832.0 317.0 817.0 317.0 ship 1
661.0 480.0 671.0 480.0 671.0 493.0 661.0 493.0 ship 1
958.0 770.0 973.0 770.0 973.0 780.0 958.0 780.0 ship 1
951.0 779.0 966.0 779.0 966.0 785.0 951.0 785.0 ship 1
888.0 793.0 901.0 793.0 901.0 804.0 888.0 804.0 ship 1
1034.0 44.0 1041.0 44.0 1041.0 54.0 1034.0 54.0 small-vehicle 1
1034.0 34.0 1039.0 34.0 1039.0 43.0 1034.0 43.0 small-vehicle 1
726.0 228.0 735.0 228.0 735.0 236.0 726.0 236.0 small-vehicle 1
1028.0 34.0 1035.0 34.0 1035.0 45.0 1028.0 45.0 small-vehicle 1
734.0 224.0 742.0 224.0 742.0 232.0 734.0 232.0 small-vehicle 1
665.0 230.0 674.0 230.0 674.0 242.0 665.0 242.0 small-vehicle 1
674.0 233.0 679.0 233.0 679.0 241.0 674.0 241.0 small-vehicle 1
786.0 254.0 796.0 254.0 796.0 261.0 786.0 261.0 small-vehicle 1
768.0 219.0 779.0 219.0 779.0 227.0 768.0 227.0 small-vehicle 1
771.0 27.0 787.0 27.0 787.0 36.0 771.0 36.0 ship 1
580.0 63.0 595.0 63.0 595.0 79.0 580.0 79.0 ship 1
555.0 68.0 575.0 68.0 575.0 87.0 555.0 87.0 ship 1
651.0 125.0 660.0 125.0 660.0 145.0 651.0 145.0 ship 1
656.0 130.0 667.0 130.0 667.0 147.0 656.0 147.0 ship 1
725.0 151.0 737.0 151.0 737.0 167.0 725.0 167.0 ship 1
773.0 34.0 785.0 34.0 785.0 41.0 773.0 41.0 ship 1
797.0 85.0 811.0 85.0 811.0 94.0 797.0 94.0 ship 1
799.0 92.0 812.0 92.0 812.0 101.0 799.0 101.0 ship 1
533.0 230.0 542.0 230.0 542.0 240.0 533.0 240.0 small-vehicle 1
568.0 192.0 576.0 192.0 576.0 199.0 568.0 199.0 small-vehicle 1
566.0 186.0 575.0 186.0 575.0 193.0 566.0 193.0 small-vehicle 1
945.0 75.0 953.0 75.0 953.0 89.0 945.0 89.0 small-vehicle 1
1021.0 35.0 1029.0 35.0 1029.0 46.0 1021.0 46.0 small-vehicle 1
28.0 2311.0 38.0 2311.0 38.0 2315.0 28.0 2315.0 small-vehicle 1
28.0 2303.0 38.0 2303.0 38.0 2308.0 28.0 2308.0 small-vehicle 1
52.0 2179.0 61.0 2179.0 61.0 2190.0 52.0 2190.0 small-vehicle 1
955.0 215.0 970.0 215.0 970.0 227.0 955.0 227.0 ship 1
878.0 272.0 896.0 272.0 896.0 287.0 878.0 287.0 ship 0
875.0 266.0 892.0 266.0 892.0 278.0 875.0 278.0 ship 0
993.0 296.0 1007.0 296.0 1007.0 309.0 993.0 309.0 ship 1
989.0 288.0 1005.0 288.0 1005.0 301.0 989.0 301.0 ship 0
986.0 282.0 1001.0 282.0 1001.0 292.0 986.0 292.0 ship 1
978.0 266.0 993.0 266.0 993.0 279.0 978.0 279.0 ship 1
971.0 252.0 988.0 252.0 988.0 265.0 971.0 265.0 ship 0
970.0 245.0 984.0 245.0 984.0 255.0 970.0 255.0 ship 1
958.0 222.0 974.0 222.0 974.0 234.0 958.0 234.0 ship 0
1064.0 361.0 1071.0 361.0 1071.0 379.0 1064.0 379.0 ship 0
975.0 330.0 992.0 330.0 992.0 355.0 975.0 355.0 ship 0
965.0 500.0 979.0 500.0 979.0 516.0 965.0 516.0 ship 0
838.0 950.0 845.0 950.0 845.0 965.0 838.0 965.0 ship 1
826.0 874.0 836.0 874.0 836.0 893.0 826.0 893.0 ship 0
869.0 2090.0 884.0 2090.0 884.0 2100.0 869.0 2100.0 ship 1
864.0 2081.0 879.0 2081.0 879.0 2097.0 864.0 2097.0 ship 0
663.0 1323.0 671.0 1323.0 671.0 1336.0 663.0 1336.0 ship 1
656.0 1323.0 663.0 1323.0 663.0 1339.0 656.0 1339.0 ship 0
657.0 1304.0 663.0 1304.0 663.0 1319.0 657.0 1319.0 ship 0
671.0 1303.0 677.0 1303.0 677.0 1319.0 671.0 1319.0 ship 0
890.0 297.0 904.0 297.0 904.0 308.0 890.0 308.0 ship 1
895.0 309.0 909.0 309.0 909.0 318.0 895.0 318.0 ship 1
898.0 320.0 914.0 320.0 914.0 333.0 898.0 333.0 ship 1
904.0 335.0 919.0 335.0 919.0 345.0 904.0 345.0 ship 1
956.0 340.0 972.0 340.0 972.0 367.0 956.0 367.0 ship 0
945.0 343.0 962.0 343.0 962.0 366.0 945.0 366.0 ship 0
918.0 226.0 941.0 226.0 941.0 244.0 918.0 244.0 ship 0
826.0 276.0 858.0 276.0 858.0 291.0 826.0 291.0 ship 0
819.0 254.0 848.0 254.0 848.0 275.0 819.0 275.0 ship 0
831.0 288.0 853.0 288.0 853.0 301.0 831.0 301.0 ship 0
841.0 305.0 866.0 305.0 866.0 325.0 841.0 325.0 ship 0
846.0 314.0 870.0 314.0 870.0 332.0 846.0 332.0 ship 0
867.0 358.0 888.0 358.0 888.0 374.0 867.0 374.0 ship 0
862.0 350.0 883.0 350.0 883.0 367.0 862.0 367.0 ship 0
860.0 343.0 879.0 343.0 879.0 357.0 860.0 357.0 ship 0
856.0 335.0 875.0 335.0 875.0 349.0 856.0 349.0 ship 0
851.0 325.0 870.0 325.0 870.0 339.0 851.0 339.0 ship 0
847.0 368.0 866.0 368.0 866.0 382.0 847.0 382.0 ship 0
846.0 361.0 863.0 361.0 863.0 373.0 846.0 373.0 ship 0
840.0 351.0 859.0 351.0 859.0 366.0 840.0 366.0 ship 0
835.0 344.0 854.0 344.0 854.0 359.0 835.0 359.0 ship 0
834.0 334.0 851.0 334.0 851.0 349.0 834.0 349.0 ship 0
822.0 319.0 841.0 319.0 841.0 334.0 822.0 334.0 ship 0
679.0 1303.0 686.0 1303.0 686.0 1319.0 679.0 1319.0 ship 0
687.0 1306.0 694.0 1306.0 694.0 1321.0 687.0 1321.0 ship 0
679.0 1322.0 685.0 1322.0 685.0 1334.0 679.0 1334.0 ship 1
587.0 1023.0 604.0 1023.0 604.0 1035.0 587.0 1035.0 ship 0
608.0 1017.0 627.0 1017.0 627.0 1029.0 608.0 1029.0 ship 0
611.0 1006.0 629.0 1006.0 629.0 1016.0 611.0 1016.0 ship 0
595.0 1002.0 609.0 1002.0 609.0 1010.0 595.0 1010.0 ship 1
596.0 995.0 611.0 995.0 611.0 1003.0 596.0 1003.0 ship 1
614.0 998.0 633.0 998.0 633.0 1009.0 614.0 1009.0 ship 0
616.0 989.0 634.0 989.0 634.0 1000.0 616.0 1000.0 ship 0
617.0 981.0 638.0 981.0 638.0 991.0 617.0 991.0 ship 0
601.0 985.0 614.0 985.0 614.0 991.0 601.0 991.0 ship 1
603.0 980.0 615.0 980.0 615.0 987.0 603.0 987.0 ship 1
622.0 972.0 638.0 972.0 638.0 983.0 622.0 983.0 ship 1
622.0 965.0 641.0 965.0 641.0 976.0 622.0 976.0 ship 0
606.0 967.0 620.0 967.0 620.0 977.0 606.0 977.0 ship 1
608.0 960.0 622.0 960.0 622.0 969.0 608.0 969.0 ship 1
625.0 955.0 643.0 955.0 643.0 965.0 625.0 965.0 ship 0
612.0 949.0 623.0 949.0 623.0 957.0 612.0 957.0 ship 1
612.0 944.0 624.0 944.0 624.0 952.0 612.0 952.0 ship 1
612.0 938.0 627.0 938.0 627.0 946.0 612.0 946.0 ship 1
629.0 937.0 650.0 937.0 650.0 949.0 629.0 949.0 ship 0
532.0 1004.0 549.0 1004.0 549.0 1016.0 532.0 1016.0 ship 0
590.0 1018.0 605.0 1018.0 605.0 1025.0 590.0 1025.0 ship 1
605.0 1026.0 630.0 1026.0 630.0 1037.0 605.0 1037.0 ship 0
688.0 1322.0 693.0 1322.0 693.0 1335.0 688.0 1335.0 ship 1
603.0 1037.0 626.0 1037.0 626.0 1049.0 603.0 1049.0 ship 0
694.0 1325.0 700.0 1325.0 700.0 1336.0 694.0 1336.0 ship 1
701.0 1323.0 707.0 1323.0 707.0 1337.0 701.0 1337.0 ship 1
716.0 1325.0 722.0 1325.0 722.0 1338.0 716.0 1338.0 ship 1
722.0 1325.0 728.0 1325.0 728.0 1337.0 722.0 1337.0 ship 1
736.0 1326.0 741.0 1326.0 741.0 1338.0 736.0 1338.0 ship 1
695.0 1305.0 701.0 1305.0 701.0 1321.0 695.0 1321.0 ship 0
702.0 1306.0 707.0 1306.0 707.0 1322.0 702.0 1322.0 ship 0
709.0 1306.0 716.0 1306.0 716.0 1322.0 709.0 1322.0 ship 0
718.0 1307.0 723.0 1307.0 723.0 1322.0 718.0 1322.0 ship 0
732.0 1308.0 739.0 1308.0 739.0 1323.0 732.0 1323.0 ship 0
740.0 1309.0 745.0 1309.0 745.0 1323.0 740.0 1323.0 ship 1
747.0 1310.0 754.0 1310.0 754.0 1324.0 747.0 1324.0 ship 1
685.0 1238.0 693.0 1238.0 693.0 1253.0 685.0 1253.0 ship 0
588.0 1069.0 615.0 1069.0 615.0 1090.0 588.0 1090.0 ship 0
576.0 1060.0 590.0 1060.0 590.0 1069.0 576.0 1069.0 ship 1
596.0 1063.0 621.0 1063.0 621.0 1081.0 596.0 1081.0 ship 0
581.0 1048.0 596.0 1048.0 596.0 1057.0 581.0 1057.0 ship 1
603.0 1046.0 626.0 1046.0 626.0 1057.0 603.0 1057.0 ship 0
585.0 1036.0 599.0 1036.0 599.0 1045.0 585.0 1045.0 ship 1
964.0 335.0 984.0 335.0 984.0 364.0 964.0 364.0 ship 0
918.0 282.0 941.0 282.0 941.0 299.0 918.0 299.0 ship 0
58.0 2181.0 65.0 2181.0 65.0 2190.0 58.0 2190.0 small-vehicle 1
773.0 313.0 793.0 313.0 793.0 328.0 773.0 328.0 ship 0
769.0 440.0 784.0 440.0 784.0 462.0 769.0 462.0 ship 0
776.0 433.0 796.0 433.0 796.0 458.0 776.0 458.0 ship 0
753.0 456.0 766.0 456.0 766.0 473.0 753.0 473.0 ship 0
742.0 459.0 756.0 459.0 756.0 477.0 742.0 477.0 ship 0
736.0 440.0 752.0 440.0 752.0 453.0 736.0 453.0 ship 0
702.0 315.0 779.0 315.0 779.0 441.0 702.0 441.0 ship 0
725.0 296.0 756.0 296.0 756.0 320.0 725.0 320.0 ship 0
753.0 312.0 768.0 312.0 768.0 324.0 753.0 324.0 ship 1
757.0 319.0 771.0 319.0 771.0 330.0 757.0 330.0 ship 1
758.0 329.0 770.0 329.0 770.0 343.0 758.0 343.0 ship 1
939.0 271.0 963.0 271.0 963.0 291.0 939.0 291.0 ship 0
762.0 334.0 776.0 334.0 776.0 351.0 762.0 351.0 ship 0
782.0 332.0 802.0 332.0 802.0 347.0 782.0 347.0 ship 0
772.0 349.0 786.0 349.0 786.0 367.0 772.0 367.0 ship 0
771.0 363.0 787.0 363.0 787.0 381.0 771.0 381.0 ship 0
788.0 385.0 803.0 385.0 803.0 403.0 788.0 403.0 ship 0
793.0 399.0 809.0 399.0 809.0 420.0 793.0 420.0 ship 0
799.0 417.0 816.0 417.0 816.0 443.0 799.0 443.0 ship 0
807.0 411.0 824.0 411.0 824.0 435.0 807.0 435.0 ship 0
816.0 406.0 834.0 406.0 834.0 431.0 816.0 431.0 ship 0
751.0 433.0 770.0 433.0 770.0 459.0 751.0 459.0 ship 0
902.0 86.0 911.0 86.0 911.0 105.0 902.0 105.0 ship 0
924.0 83.0 935.0 83.0 935.0 101.0 924.0 101.0 ship 0
800.0 3.0 825.0 3.0 825.0 18.0 800.0 18.0 ship 0
642.0 415.0 663.0 415.0 663.0 430.0 642.0 430.0 ship 0
639.0 407.0 661.0 407.0 661.0 421.0 639.0 421.0 ship 0
636.0 396.0 658.0 396.0 658.0 411.0 636.0 411.0 ship 0
623.0 378.0 653.0 378.0 653.0 394.0 623.0 394.0 ship 0
647.0 357.0 668.0 357.0 668.0 372.0 647.0 372.0 ship 0
689.0 364.0 710.0 364.0 710.0 381.0 689.0 381.0 ship 0
695.0 372.0 713.0 372.0 713.0 387.0 695.0 387.0 ship 0
707.0 392.0 725.0 392.0 725.0 407.0 707.0 407.0 ship 0
709.0 399.0 730.0 399.0 730.0 415.0 709.0 415.0 ship 0
716.0 407.0 733.0 407.0 733.0 421.0 716.0 421.0 ship 0
721.0 414.0 736.0 414.0 736.0 426.0 721.0 426.0 ship 1
720.0 419.0 741.0 419.0 741.0 436.0 720.0 436.0 ship 0
728.0 427.0 745.0 427.0 745.0 440.0 728.0 440.0 ship 0
614.0 182.0 641.0 182.0 641.0 203.0 614.0 203.0 ship 0
608.0 170.0 633.0 170.0 633.0 187.0 608.0 187.0 ship 0
604.0 163.0 628.0 163.0 628.0 179.0 604.0 179.0 ship 0
594.0 151.0 621.0 151.0 621.0 165.0 594.0 165.0 ship 0
767.0 14.0 788.0 14.0 788.0 27.0 767.0 27.0 ship 0
804.0 12.0 828.0 12.0 828.0 28.0 804.0 28.0 ship 0
825.0 402.0 843.0 402.0 843.0 426.0 825.0 426.0 ship 0
810.0 390.0 834.0 390.0 834.0 409.0 810.0 409.0 ship 0
807.0 384.0 827.0 384.0 827.0 400.0 807.0 400.0 ship 0
955.0 170.0 978.0 170.0 978.0 187.0 955.0 187.0 ship 0
977.0 217.0 994.0 217.0 994.0 232.0 977.0 232.0 ship 0
983.0 234.0 1000.0 234.0 1000.0 248.0 983.0 248.0 ship 0
1096.0 180.0 1113.0 180.0 1113.0 194.0 1096.0 194.0 ship 0
1102.0 188.0 1118.0 188.0 1118.0 203.0 1102.0 203.0 ship 0
1111.0 205.0 1130.0 205.0 1130.0 222.0 1111.0 222.0 ship 0
1055.0 212.0 1079.0 212.0 1079.0 231.0 1055.0 231.0 ship 0
1034.0 227.0 1056.0 227.0 1056.0 242.0 1034.0 242.0 ship 0
1051.0 249.0 1066.0 249.0 1066.0 260.0 1051.0 260.0 ship 1
1072.0 242.0 1096.0 242.0 1096.0 260.0 1072.0 260.0 ship 0
1088.0 263.0 1109.0 263.0 1109.0 291.0 1088.0 291.0 ship 0
1095.0 256.0 1114.0 256.0 1114.0 282.0 1095.0 282.0 ship 0
1121.0 245.0 1138.0 245.0 1138.0 269.0 1121.0 269.0 ship 0
1128.0 237.0 1147.0 237.0 1147.0 262.0 1128.0 262.0 ship 0
1069.0 273.0 1088.0 273.0 1088.0 300.0 1069.0 300.0 ship 0
1048.0 280.0 1070.0 280.0 1070.0 311.0 1048.0 311.0 ship 0
990.0 247.0 1013.0 247.0 1013.0 263.0 990.0 263.0 ship 0
1013.0 300.0 1035.0 300.0 1035.0 327.0 1013.0 327.0 ship 0
1004.0 305.0 1021.0 305.0 1021.0 331.0 1004.0 331.0 ship 0
994.0 308.0 1014.0 308.0 1014.0 336.0 994.0 336.0 ship 0
964.0 187.0 981.0 187.0 981.0 198.0 964.0 198.0 ship 0
934.0 153.0 947.0 153.0 947.0 170.0 934.0 170.0 ship 0
802.0 374.0 822.0 374.0 822.0 389.0 802.0 389.0 ship 0
893.0 124.0 910.0 124.0 910.0 148.0 893.0 148.0 ship 0
798.0 368.0 817.0 368.0 817.0 384.0 798.0 384.0 ship 0
792.0 354.0 814.0 354.0 814.0 371.0 792.0 371.0 ship 0
788.0 346.0 809.0 346.0 809.0 363.0 788.0 363.0 ship 0
853.0 383.0 871.0 383.0 871.0 408.0 853.0 408.0 ship 0
864.0 379.0 880.0 379.0 880.0 401.0 864.0 401.0 ship 0
873.0 372.0 891.0 372.0 891.0 398.0 873.0 398.0 ship 0
905.0 352.0 925.0 352.0 925.0 380.0 905.0 380.0 ship 0
914.0 346.0 934.0 346.0 934.0 376.0 914.0 376.0 ship 0
1034.0 94.0 1062.0 94.0 1062.0 117.0 1034.0 117.0 ship 0
991.0 137.0 1007.0 137.0 1007.0 150.0 991.0 150.0 ship 1
1013.0 139.0 1037.0 139.0 1037.0 158.0 1013.0 158.0 ship 0
999.0 159.0 1019.0 159.0 1019.0 174.0 999.0 174.0 ship 0
1003.0 168.0 1023.0 168.0 1023.0 183.0 1003.0 183.0 ship 0
1022.0 157.0 1041.0 157.0 1041.0 172.0 1022.0 172.0 ship 0
1030.0 167.0 1055.0 167.0 1055.0 188.0 1030.0 188.0 ship 0
1078.0 146.0 1094.0 146.0 1094.0 160.0 1078.0 160.0 ship 0
1080.0 154.0 1101.0 154.0 1101.0 173.0 1080.0 173.0 ship 0
1038.0 182.0 1064.0 182.0 1064.0 201.0 1038.0 201.0 ship 0
1020.0 195.0 1040.0 195.0 1040.0 212.0 1020.0 212.0 ship 0
556.0 994.0 572.0 994.0 572.0 1004.0 556.0 1004.0 ship 1
542.0 977.0 555.0 977.0 555.0 982.0 542.0 982.0 ship 1
544.0 968.0 558.0 968.0 558.0 977.0 544.0 977.0 ship 1
505.0 1014.0 516.0 1014.0 516.0 1021.0 505.0 1021.0 ship 1
518.0 950.0 530.0 950.0 530.0 956.0 518.0 956.0 ship 1
515.0 963.0 529.0 963.0 529.0 970.0 515.0 970.0 ship 1
513.0 969.0 527.0 969.0 527.0 977.0 513.0 977.0 ship 1
512.0 975.0 525.0 975.0 525.0 982.0 512.0 982.0 ship 1
511.0 981.0 522.0 981.0 522.0 988.0 511.0 988.0 ship 1
508.0 987.0 521.0 987.0 521.0 996.0 508.0 996.0 ship 1
507.0 994.0 520.0 994.0 520.0 1002.0 507.0 1002.0 ship 1
507.0 1001.0 519.0 1001.0 519.0 1008.0 507.0 1008.0 ship 1
505.0 1007.0 517.0 1007.0 517.0 1014.0 505.0 1014.0 ship 1
502.0 1020.0 514.0 1020.0 514.0 1027.0 502.0 1027.0 ship 1
543.0 960.0 559.0 960.0 559.0 969.0 543.0 969.0 ship 1
501.0 1027.0 512.0 1027.0 512.0 1034.0 501.0 1034.0 ship 1
498.0 1033.0 511.0 1033.0 511.0 1040.0 498.0 1040.0 ship 1
499.0 1040.0 509.0 1040.0 509.0 1045.0 499.0 1045.0 ship 1
496.0 1044.0 507.0 1044.0 507.0 1050.0 496.0 1050.0 ship 1
617.0 925.0 630.0 925.0 630.0 933.0 617.0 933.0 ship 1
564.0 1085.0 578.0 1085.0 578.0 1095.0 564.0 1095.0 ship 1
300.0 1076.0 313.0 1076.0 313.0 1100.0 300.0 1100.0 swimming-pool 0
276.0 1221.0 288.0 1221.0 288.0 1227.0 276.0 1227.0 ship 1
407.0 1255.0 424.0 1255.0 424.0 1261.0 407.0 1261.0 ship 1
521.0 937.0 533.0 937.0 533.0 943.0 521.0 943.0 ship 1
526.0 923.0 536.0 923.0 536.0 928.0 526.0 928.0 ship 1
550.0 881.0 563.0 881.0 563.0 889.0 550.0 889.0 ship 1
528.0 907.0 542.0 907.0 542.0 915.0 528.0 915.0 ship 1
420.0 1671.0 430.0 1671.0 430.0 1679.0 420.0 1679.0 ship 1
45.0 1654.0 50.0 1654.0 50.0 1666.0 45.0 1666.0 ship 1
31.0 1655.0 37.0 1655.0 37.0 1666.0 31.0 1666.0 ship 1
9.0 1685.0 15.0 1685.0 15.0 1702.0 9.0 1702.0 ship 0
22.0 1687.0 28.0 1687.0 28.0 1702.0 22.0 1702.0 ship 0
29.0 1692.0 34.0 1692.0 34.0 1703.0 29.0 1703.0 ship 1
36.0 1691.0 41.0 1691.0 41.0 1703.0 36.0 1703.0 ship 1
41.0 1687.0 47.0 1687.0 47.0 1703.0 41.0 1703.0 ship 0
55.0 1690.0 61.0 1690.0 61.0 1703.0 55.0 1703.0 ship 1
466.0 359.0 494.0 359.0 494.0 379.0 466.0 379.0 swimming-pool 0
328.0 401.0 391.0 401.0 391.0 442.0 328.0 442.0 harbor 0
497.0 549.0 563.0 549.0 563.0 595.0 497.0 595.0 harbor 0
547.0 551.0 560.0 551.0 560.0 563.0 547.0 563.0 ship 1
552.0 558.0 564.0 558.0 564.0 567.0 552.0 567.0 ship 1
570.0 581.0 580.0 581.0 580.0 595.0 570.0 595.0 ship 1
449.0 696.0 461.0 696.0 461.0 701.0 449.0 701.0 small-vehicle 1
440.0 740.0 451.0 740.0 451.0 748.0 440.0 748.0 small-vehicle 1
430.0 735.0 440.0 735.0 440.0 742.0 430.0 742.0 small-vehicle 1
22.0 848.0 59.0 848.0 59.0 885.0 22.0 885.0 harbor 0
266.0 1266.0 277.0 1266.0 277.0 1273.0 266.0 1273.0 ship 1
266.0 1259.0 279.0 1259.0 279.0 1264.0 266.0 1264.0 ship 1
615.0 1301.0 623.0 1301.0 623.0 1315.0 615.0 1315.0 ship 1
118.0 2059.0 132.0 2059.0 132.0 2069.0 118.0 2069.0 ship 1
82.0 2065.0 96.0 2065.0 96.0 2070.0 82.0 2070.0 ship 1
91.0 2083.0 104.0 2083.0 104.0 2087.0 91.0 2087.0 ship 1
111.0 2075.0 124.0 2075.0 124.0 2079.0 111.0 2079.0 ship 1
67.0 2068.0 77.0 2068.0 77.0 2073.0 67.0 2073.0 ship 1
115.0 2119.0 122.0 2119.0 122.0 2131.0 115.0 2131.0 ship 1
121.0 2108.0 130.0 2108.0 130.0 2132.0 121.0 2132.0 ship 1
93.0 2116.0 99.0 2116.0 99.0 2128.0 93.0 2128.0 ship 1
1.0 1976.0 11.0 1976.0 11.0 1982.0 1.0 1982.0 small-vehicle 1
2.0 1994.0 11.0 1994.0 11.0 2000.0 2.0 2000.0 small-vehicle 1
1.0 2003.0 11.0 2003.0 11.0 2010.0 1.0 2010.0 small-vehicle 1
15.0 2068.0 26.0 2068.0 26.0 2081.0 15.0 2081.0 small-vehicle 1
58.0 2120.0 67.0 2120.0 67.0 2126.0 58.0 2126.0 small-vehicle 1
37.0 2123.0 44.0 2123.0 44.0 2135.0 37.0 2135.0 small-vehicle 1
40.0 2221.0 50.0 2221.0 50.0 2231.0 40.0 2231.0 small-vehicle 1
25.0 2221.0 35.0 2221.0 35.0 2233.0 25.0 2233.0 small-vehicle 1
15.0 2220.0 27.0 2220.0 27.0 2234.0 15.0 2234.0 small-vehicle 1
95.0 2173.0 101.0 2173.0 101.0 2185.0 95.0 2185.0 ship 1
102.0 2173.0 108.0 2173.0 108.0 2184.0 102.0 2184.0 ship 1
114.0 2172.0 121.0 2172.0 121.0 2184.0 114.0 2184.0 ship 1
100.0 2063.0 112.0 2063.0 112.0 2068.0 100.0 2068.0 ship 1
131.0 2059.0 142.0 2059.0 142.0 2066.0 131.0 2066.0 ship 1
38.0 1588.0 42.0 1588.0 42.0 1600.0 38.0 1600.0 ship 1
146.0 2077.0 158.0 2077.0 158.0 2083.0 146.0 2083.0 ship 1
109.0 1653.0 116.0 1653.0 116.0 1668.0 109.0 1668.0 ship 1
108.0 1692.0 113.0 1692.0 113.0 1702.0 108.0 1702.0 ship 1
100.0 1690.0 107.0 1690.0 107.0 1704.0 100.0 1704.0 ship 1
95.0 1691.0 99.0 1691.0 99.0 1704.0 95.0 1704.0 ship 1
88.0 1689.0 94.0 1689.0 94.0 1703.0 88.0 1703.0 ship 1
561.0 1877.0 578.0 1877.0 578.0 1884.0 561.0 1884.0 ship 1
21.0 1809.0 32.0 1809.0 32.0 1817.0 21.0 1817.0 ship 1
22.0 1812.0 37.0 1812.0 37.0 1824.0 22.0 1824.0 ship 1
358.0 1908.0 366.0 1908.0 366.0 1919.0 358.0 1919.0 ship 1
498.0 1852.0 508.0 1852.0 508.0 1858.0 498.0 1858.0 small-vehicle 1
509.0 1938.0 519.0 1938.0 519.0 1944.0 509.0 1944.0 small-vehicle 1
491.0 1962.0 509.0 1962.0 509.0 1971.0 491.0 1971.0 swimming-pool 0
91.0 1969.0 96.0 1969.0 96.0 1978.0 91.0 1978.0 ship 1
65.0 2007.0 72.0 2007.0 72.0 2019.0 65.0 2019.0 ship 1
58.0 2008.0 64.0 2008.0 64.0 2020.0 58.0 2020.0 ship 1
40.0 2025.0 46.0 2025.0 46.0 2039.0 40.0 2039.0 ship 1
79.0 2051.0 86.0 2051.0 86.0 2065.0 79.0 2065.0 ship 1
72.0 2054.0 78.0 2054.0 78.0 2065.0 72.0 2065.0 ship 1
164.0 2044.0 169.0 2044.0 169.0 2053.0 164.0 2053.0 ship 1
17.0 1543.0 27.0 1543.0 27.0 1563.0 17.0 1563.0 ship 0
183.0 1330.0 188.0 1330.0 188.0 1342.0 183.0 1342.0 ship 1
174.0 1330.0 180.0 1330.0 180.0 1343.0 174.0 1343.0 ship 1
592.0 142.0 611.0 142.0 611.0 151.0 592.0 151.0 ship 1
569.0 235.0 581.0 235.0 581.0 245.0 569.0 245.0 small-vehicle 1
35.0 302.0 54.0 302.0 54.0 321.0 35.0 321.0 swimming-pool 1
402.0 360.0 413.0 360.0 413.0 367.0 402.0 367.0 ship 1
405.0 366.0 415.0 366.0 415.0 373.0 405.0 373.0 ship 1
410.0 373.0 427.0 373.0 427.0 385.0 410.0 385.0 ship 1
417.0 386.0 432.0 386.0 432.0 397.0 417.0 397.0 ship 1
423.0 393.0 434.0 393.0 434.0 401.0 423.0 401.0 ship 1
423.0 398.0 435.0 398.0 435.0 409.0 423.0 409.0 ship 1
423.0 404.0 438.0 404.0 438.0 416.0 423.0 416.0 ship 1
452.0 422.0 459.0 422.0 459.0 432.0 452.0 432.0 ship 1
457.0 417.0 466.0 417.0 466.0 430.0 457.0 430.0 ship 1
462.0 414.0 472.0 414.0 472.0 430.0 462.0 430.0 ship 1
468.0 414.0 477.0 414.0 477.0 426.0 468.0 426.0 ship 1
481.0 410.0 488.0 410.0 488.0 420.0 481.0 420.0 ship 1
486.0 406.0 495.0 406.0 495.0 420.0 486.0 420.0 ship 1
493.0 405.0 502.0 405.0 502.0 418.0 493.0 418.0 ship 1
516.0 336.0 528.0 336.0 528.0 344.0 516.0 344.0 small-vehicle 1
519.0 343.0 528.0 343.0 528.0 351.0 519.0 351.0 small-vehicle 1
521.0 348.0 531.0 348.0 531.0 355.0 521.0 355.0 small-vehicle 1
600.0 161.0 618.0 161.0 618.0 171.0 600.0 171.0 ship 1
392.0 193.0 407.0 193.0 407.0 205.0 392.0 205.0 ship 1
561.0 355.0 569.0 355.0 569.0 364.0 561.0 364.0 small-vehicle 1
375.0 199.0 392.0 199.0 392.0 213.0 375.0 213.0 ship 1
550.0 946.0 563.0 946.0 563.0 954.0 550.0 954.0 ship 1
556.0 922.0 568.0 922.0 568.0 929.0 556.0 929.0 ship 1
779.0 858.0 794.0 858.0 794.0 866.0 779.0 866.0 ship 1
795.0 851.0 811.0 851.0 811.0 862.0 795.0 862.0 ship 1
815.0 851.0 829.0 851.0 829.0 857.0 815.0 857.0 ship 1
753.0 788.0 768.0 788.0 768.0 804.0 753.0 804.0 ship 0
756.0 778.0 771.0 778.0 771.0 795.0 756.0 795.0 ship 0
771.0 762.0 786.0 762.0 786.0 776.0 771.0 776.0 ship 1
745.0 775.0 757.0 775.0 757.0 789.0 745.0 789.0 ship 1
784.0 812.0 799.0 812.0 799.0 825.0 784.0 825.0 ship 0
781.0 806.0 795.0 806.0 795.0 818.0 781.0 818.0 ship 1
777.0 800.0 791.0 800.0 791.0 813.0 777.0 813.0 ship 1
769.0 794.0 782.0 794.0 782.0 807.0 769.0 807.0 ship 1
810.0 796.0 823.0 796.0 823.0 810.0 810.0 810.0 ship 1
769.0 986.0 780.0 986.0 780.0 1001.0 769.0 1001.0 ship 1
13.0 24.0 21.0 24.0 21.0 31.0 13.0 31.0 small-vehicle 1
88.0 41.0 97.0 41.0 97.0 53.0 88.0 53.0 small-vehicle 1
16.0 46.0 26.0 46.0 26.0 57.0 16.0 57.0 small-vehicle 1
591.0 136.0 609.0 136.0 609.0 143.0 591.0 143.0 ship 1
468.0 343.0 476.0 343.0 476.0 354.0 468.0 354.0 small-vehicle 1
568.0 353.0 576.0 353.0 576.0 365.0 568.0 365.0 small-vehicle 1
425.0 1143.0 437.0 1143.0 437.0 1148.0 425.0 1148.0 ship 1
57.0 898.0 69.0 898.0 69.0 903.0 57.0 903.0 ship 1
410.0 933.0 419.0 933.0 419.0 937.0 410.0 937.0 small-vehicle 1
409.0 1032.0 416.0 1032.0 416.0 1043.0 409.0 1043.0 small-vehicle 1
458.0 1047.0 469.0 1047.0 469.0 1053.0 458.0 1053.0 small-vehicle 1
452.0 1004.0 457.0 1004.0 457.0 1014.0 452.0 1014.0 small-vehicle 1
447.0 1003.0 451.0 1003.0 451.0 1012.0 447.0 1012.0 small-vehicle 1
442.0 999.0 447.0 999.0 447.0 1010.0 442.0 1010.0 small-vehicle 1
436.0 996.0 440.0 996.0 440.0 1006.0 436.0 1006.0 small-vehicle 1
418.0 988.0 425.0 988.0 425.0 1001.0 418.0 1001.0 small-vehicle 1
475.0 1004.0 486.0 1004.0 486.0 1011.0 475.0 1011.0 small-vehicle 1
337.0 1084.0 341.0 1084.0 341.0 1095.0 337.0 1095.0 small-vehicle 1
343.0 1083.0 348.0 1083.0 348.0 1093.0 343.0 1093.0 small-vehicle 1
367.0 1084.0 372.0 1084.0 372.0 1095.0 367.0 1095.0 small-vehicle 1
402.0 1078.0 407.0 1078.0 407.0 1091.0 402.0 1091.0 small-vehicle 1
408.0 1080.0 414.0 1080.0 414.0 1091.0 408.0 1091.0 small-vehicle 1
413.0 1078.0 419.0 1078.0 419.0 1089.0 413.0 1089.0 small-vehicle 1
293.0 1144.0 312.0 1144.0 312.0 1151.0 293.0 1151.0 ship 0
128.0 1169.0 140.0 1169.0 140.0 1184.0 128.0 1184.0 ship 1
264.0 1155.0 277.0 1155.0 277.0 1161.0 264.0 1161.0 ship 1
338.0 1144.0 350.0 1144.0 350.0 1149.0 338.0 1149.0 ship 1
46.0 903.0 54.0 903.0 54.0 922.0 46.0 922.0 ship 0
491.0 683.0 509.0 683.0 509.0 695.0 491.0 695.0 ship 1
573.0 352.0 581.0 352.0 581.0 363.0 573.0 363.0 small-vehicle 1
356.0 715.0 364.0 715.0 364.0 732.0 356.0 732.0 ship 1
579.0 350.0 587.0 350.0 587.0 363.0 579.0 363.0 small-vehicle 1
584.0 345.0 592.0 345.0 592.0 356.0 584.0 356.0 small-vehicle 1
132.0 327.0 139.0 327.0 139.0 339.0 132.0 339.0 small-vehicle 1
108.0 381.0 120.0 381.0 120.0 395.0 108.0 395.0 small-vehicle 1
172.0 409.0 184.0 409.0 184.0 419.0 172.0 419.0 small-vehicle 1
153.0 373.0 163.0 373.0 163.0 384.0 153.0 384.0 small-vehicle 1
218.0 446.0 226.0 446.0 226.0 456.0 218.0 456.0 small-vehicle 1
56.0 434.0 67.0 434.0 67.0 445.0 56.0 445.0 small-vehicle 1
322.0 494.0 331.0 494.0 331.0 505.0 322.0 505.0 small-vehicle 1
353.0 549.0 361.0 549.0 361.0 560.0 353.0 560.0 small-vehicle 1
40.0 491.0 56.0 491.0 56.0 507.0 40.0 507.0 swimming-pool 1
97.0 470.0 117.0 470.0 117.0 490.0 97.0 490.0 swimming-pool 0
124.0 458.0 145.0 458.0 145.0 478.0 124.0 478.0 swimming-pool 0
349.0 497.0 362.0 497.0 362.0 510.0 349.0 510.0 swimming-pool 1
101.0 627.0 113.0 627.0 113.0 639.0 101.0 639.0 small-vehicle 1
318.0 582.0 329.0 582.0 329.0 591.0 318.0 591.0 small-vehicle 1
238.0 644.0 255.0 644.0 255.0 659.0 238.0 659.0 ship 1
335.0 499.0 349.0 499.0 349.0 515.0 335.0 515.0 ship 1
363.0 714.0 372.0 714.0 372.0 730.0 363.0 730.0 ship 1
514.0 371.0 632.0 371.0 632.0 545.0 514.0 545.0 harbor 0
