imagesource:GoogleEarth
gsd:0.248684086218
1435.0 439.0 1455.0 439.0 1455.0 466.0 1435.0 466.0 small-vehicle 0
857.0 236.0 873.0 236.0 873.0 260.0 857.0 260.0 small-vehicle 1
1005.0 408.0 1055.0 408.0 1055.0 506.0 1005.0 506.0 tennis-court 0
1063.0 410.0 1116.0 410.0 1116.0 509.0 1063.0 509.0 tennis-court 0
1123.0 412.0 1174.0 412.0 1174.0 512.0 1123.0 512.0 tennis-court 0
1181.0 415.0 1233.0 415.0 1233.0 514.0 1181.0 514.0 tennis-court 0
1242.0 202.0 1293.0 202.0 1293.0 301.0 1242.0 301.0 tennis-court 0
1182.0 200.0 1233.0 200.0 1233.0 299.0 1182.0 299.0 tennis-court 0
1124.0 198.0 1174.0 198.0 1174.0 296.0 1124.0 296.0 tennis-court 0
1064.0 195.0 1117.0 195.0 1117.0 293.0 1064.0 293.0 tennis-court 0
1002.0 192.0 1054.0 192.0 1054.0 291.0 1002.0 291.0 tennis-court 0
692.0 356.0 743.0 356.0 743.0 453.0 692.0 453.0 tennis-court 0
422.0 389.0 474.0 389.0 474.0 486.0 422.0 486.0 tennis-court 0
363.0 386.0 414.0 386.0 414.0 484.0 363.0 484.0 tennis-court 0
305.0 384.0 355.0 384.0 355.0 482.0 305.0 482.0 tennis-court 0
245.0 381.0 297.0 381.0 297.0 481.0 245.0 481.0 tennis-court 0
187.0 379.0 238.0 379.0 238.0 478.0 187.0 478.0 tennis-court 0
128.0 376.0 179.0 376.0 179.0 474.0 128.0 474.0 tennis-court 0
430.0 211.0 481.0 211.0 481.0 309.0 430.0 309.0 tennis-court 0
371.0 207.0 422.0 207.0 422.0 307.0 371.0 307.0 tennis-court 0
312.0 205.0 364.0 205.0 364.0 304.0 312.0 304.0 tennis-court 0
253.0 202.0 304.0 202.0 304.0 302.0 253.0 302.0 tennis-court 0
159.0 199.0 213.0 199.0 213.0 300.0 159.0 300.0 tennis-court 0
945.0 405.0 998.0 405.0 998.0 504.0 945.0 504.0 tennis-court 0
887.0 402.0 939.0 402.0 939.0 501.0 887.0 501.0 tennis-court 0
257.0 63.0 267.0 63.0 267.0 82.0 257.0 82.0 small-vehicle 1
374.0 116.0 386.0 116.0 386.0 143.0 374.0 143.0 small-vehicle 1
845.0 234.0 860.0 234.0 860.0 257.0 845.0 257.0 small-vehicle 1
187.0 127.0 197.0 127.0 197.0 147.0 187.0 147.0 small-vehicle 1
218.0 125.0 227.0 125.0 227.0 146.0 218.0 146.0 small-vehicle 1
230.0 125.0 238.0 125.0 238.0 144.0 230.0 144.0 small-vehicle 1
296.0 122.0 307.0 122.0 307.0 147.0 296.0 147.0 small-vehicle 1
330.0 117.0 341.0 117.0 341.0 138.0 330.0 138.0 small-vehicle 1
342.0 114.0 351.0 114.0 351.0 136.0 342.0 136.0 small-vehicle 1
351.0 114.0 361.0 114.0 361.0 136.0 351.0 136.0 small-vehicle 1
361.0 114.0 373.0 114.0 373.0 139.0 361.0 139.0 small-vehicle 1
413.0 55.0 428.0 55.0 428.0 79.0 413.0 79.0 small-vehicle 1
278.0 61.0 289.0 61.0 289.0 85.0 278.0 85.0 small-vehicle 1
390.0 59.0 401.0 59.0 401.0 79.0 390.0 79.0 small-vehicle 1
367.0 59.0 378.0 59.0 378.0 79.0 367.0 79.0 small-vehicle 1
355.0 58.0 367.0 58.0 367.0 82.0 355.0 82.0 small-vehicle 1
343.0 60.0 353.0 60.0 353.0 80.0 343.0 80.0 small-vehicle 1
331.0 58.0 341.0 58.0 341.0 81.0 331.0 81.0 small-vehicle 1
321.0 59.0 331.0 59.0 331.0 79.0 321.0 79.0 small-vehicle 1
311.0 60.0 320.0 60.0 320.0 81.0 311.0 81.0 small-vehicle 1
300.0 61.0 310.0 61.0 310.0 81.0 300.0 81.0 small-vehicle 1
289.0 62.0 301.0 62.0 301.0 82.0 289.0 82.0 small-vehicle 1
102.0 197.0 152.0 197.0 152.0 297.0 102.0 297.0 tennis-court 0
