imagesource:GoogleEarth
gsd:0.2761370286
1079.0 996.0 1088.0 996.0 1088.0 1017.0 1079.0 1017.0 small-vehicle 1
960.0 1065.0 1009.0 1065.0 1009.0 1155.0 960.0 1155.0 tennis-court 0
509.0 1290.0 517.0 1290.0 517.0 1307.0 509.0 1307.0 small-vehicle 1
500.0 1290.0 509.0 1290.0 509.0 1306.0 500.0 1306.0 small-vehicle 1
490.0 1285.0 498.0 1285.0 498.0 1305.0 490.0 1305.0 small-vehicle 1
371.0 885.0 392.0 885.0 392.0 910.0 371.0 910.0 small-vehicle 0
141.0 1020.0 278.0 1020.0 278.0 1149.0 141.0 1149.0 baseball-diamond 0
931.0 1354.0 982.0 1354.0 982.0 1445.0 931.0 1445.0 tennis-court 0
879.0 1349.0 930.0 1349.0 930.0 1440.0 879.0 1440.0 tennis-court 0
947.0 1196.0 997.0 1196.0 997.0 1287.0 947.0 1287.0 tennis-court 0
896.0 1193.0 944.0 1193.0 944.0 1282.0 896.0 1282.0 tennis-court 0
908.0 1060.0 956.0 1060.0 956.0 1151.0 908.0 1151.0 tennis-court 0
537.0 1294.0 547.0 1294.0 547.0 1312.0 537.0 1312.0 small-vehicle 1
970.0 933.0 1022.0 933.0 1022.0 1023.0 970.0 1023.0 tennis-court 0
919.0 928.0 969.0 928.0 969.0 1019.0 919.0 1019.0 tennis-court 0
986.0 801.0 1035.0 801.0 1035.0 891.0 986.0 891.0 tennis-court 0
932.0 797.0 983.0 797.0 983.0 887.0 932.0 887.0 tennis-court 0
997.0 668.0 1048.0 668.0 1048.0 759.0 997.0 759.0 tennis-court 0
944.0 663.0 995.0 663.0 995.0 755.0 944.0 755.0 tennis-court 0
554.0 814.0 831.0 814.0 831.0 1240.0 554.0 1240.0 soccer-ball-field 0
469.0 518.0 866.0 518.0 866.0 783.0 469.0 783.0 soccer-ball-field 0
597.0 245.0 704.0 245.0 704.0 362.0 597.0 362.0 basketball-court 0
517.0 1292.0 526.0 1292.0 526.0 1310.0 517.0 1310.0 small-vehicle 1
548.0 1295.0 557.0 1295.0 557.0 1313.0 548.0 1313.0 small-vehicle 1
1075.0 1022.0 1085.0 1022.0 1085.0 1038.0 1075.0 1038.0 small-vehicle 1
1039.0 1418.0 1049.0 1418.0 1049.0 1438.0 1039.0 1438.0 small-vehicle 0
1066.0 1116.0 1078.0 1116.0 1078.0 1136.0 1066.0 1136.0 small-vehicle 1
1062.0 1164.0 1073.0 1164.0 1073.0 1185.0 1062.0 1185.0 small-vehicle 1
1059.0 1188.0 1070.0 1188.0 1070.0 1210.0 1059.0 1210.0 small-vehicle 1
1055.0 1237.0 1067.0 1237.0 1067.0 1261.0 1055.0 1261.0 small-vehicle 1
1041.0 1259.0 1052.0 1259.0 1052.0 1277.0 1041.0 1277.0 small-vehicle 1
1054.0 1266.0 1065.0 1266.0 1065.0 1285.0 1054.0 1285.0 small-vehicle 1
1051.0 1290.0 1061.0 1290.0 1061.0 1309.0 1051.0 1309.0 small-vehicle 0
1048.0 1325.0 1059.0 1325.0 1059.0 1345.0 1048.0 1345.0 small-vehicle 0
1043.0 1373.0 1055.0 1373.0 1055.0 1393.0 1043.0 1393.0 small-vehicle 0
1034.0 1468.0 1045.0 1468.0 1045.0 1489.0 1034.0 1489.0 small-vehicle 0
567.0 1297.0 575.0 1297.0 575.0 1313.0 567.0 1313.0 small-vehicle 1
1031.0 1496.0 1043.0 1496.0 1043.0 1517.0 1031.0 1517.0 small-vehicle 0
815.0 1306.0 832.0 1306.0 832.0 1315.0 815.0 1315.0 small-vehicle 1
814.0 1316.0 832.0 1316.0 832.0 1329.0 814.0 1329.0 small-vehicle 1
775.0 1314.0 786.0 1314.0 786.0 1334.0 775.0 1334.0 small-vehicle 1
703.0 1309.0 712.0 1309.0 712.0 1326.0 703.0 1326.0 small-vehicle 1
638.0 1299.0 648.0 1299.0 648.0 1318.0 638.0 1318.0 small-vehicle 1
629.0 1301.0 638.0 1301.0 638.0 1319.0 629.0 1319.0 small-vehicle 1
619.0 1298.0 630.0 1298.0 630.0 1319.0 619.0 1319.0 small-vehicle 1
575.0 1299.0 584.0 1299.0 584.0 1314.0 575.0 1314.0 small-vehicle 1
524.0 294.0 632.0 294.0 632.0 411.0 524.0 411.0 basketball-court 0
