imagesource:GoogleEarth
gsd:0.126314043201
344.0 1123.0 373.0 1123.0 373.0 1152.0 344.0 1152.0 small-vehicle 1
214.0 502.0 241.0 502.0 241.0 614.0 214.0 614.0 large-vehicle 0
265.0 451.0 289.0 451.0 289.0 549.0 265.0 549.0 large-vehicle 0
292.0 423.0 314.0 423.0 314.0 519.0 292.0 519.0 large-vehicle 0
242.0 547.0 325.0 547.0 325.0 636.0 242.0 636.0 large-vehicle 0
360.0 580.0 462.0 580.0 462.0 608.0 360.0 608.0 large-vehicle 0
385.0 555.0 485.0 555.0 485.0 582.0 385.0 582.0 large-vehicle 0
413.0 531.0 512.0 531.0 512.0 553.0 413.0 553.0 large-vehicle 0
437.0 505.0 537.0 505.0 537.0 528.0 437.0 528.0 large-vehicle 0
483.0 452.0 582.0 452.0 582.0 475.0 483.0 475.0 large-vehicle 0
460.0 479.0 561.0 479.0 561.0 502.0 460.0 502.0 large-vehicle 0
365.0 460.0 448.0 460.0 448.0 546.0 365.0 546.0 large-vehicle 0
310.0 476.0 391.0 476.0 391.0 556.0 310.0 556.0 large-vehicle 0
311.0 399.0 337.0 399.0 337.0 501.0 311.0 501.0 large-vehicle 0
335.0 372.0 366.0 372.0 366.0 474.0 335.0 474.0 large-vehicle 0
438.0 380.0 525.0 380.0 525.0 470.0 438.0 470.0 large-vehicle 0
356.0 350.0 393.0 350.0 393.0 453.0 356.0 453.0 large-vehicle 0
394.0 385.0 477.0 385.0 477.0 474.0 394.0 474.0 large-vehicle 0
383.0 322.0 413.0 322.0 413.0 414.0 383.0 414.0 large-vehicle 0
407.0 304.0 437.0 304.0 437.0 401.0 407.0 401.0 large-vehicle 0
516.0 305.0 597.0 305.0 597.0 386.0 516.0 386.0 large-vehicle 0
496.0 290.0 578.0 290.0 578.0 375.0 496.0 375.0 large-vehicle 0
433.0 272.0 461.0 272.0 461.0 371.0 433.0 371.0 large-vehicle 0
237.0 479.0 267.0 479.0 267.0 577.0 237.0 577.0 large-vehicle 0
190.0 528.0 216.0 528.0 216.0 640.0 190.0 640.0 large-vehicle 0
423.0 1061.0 457.0 1061.0 457.0 1095.0 423.0 1095.0 small-vehicle 0
339.0 603.0 445.0 603.0 445.0 631.0 339.0 631.0 large-vehicle 0
372.0 1005.0 408.0 1005.0 408.0 1043.0 372.0 1043.0 small-vehicle 0
186.0 936.0 221.0 936.0 221.0 966.0 186.0 966.0 small-vehicle 0
259.0 858.0 294.0 858.0 294.0 891.0 259.0 891.0 small-vehicle 0
292.0 820.0 332.0 820.0 332.0 855.0 292.0 855.0 small-vehicle 1
309.0 795.0 343.0 795.0 343.0 829.0 309.0 829.0 small-vehicle 1
390.0 706.0 433.0 706.0 433.0 746.0 390.0 746.0 small-vehicle 1
199.0 417.0 231.0 417.0 231.0 447.0 199.0 447.0 small-vehicle 1
227.0 388.0 257.0 388.0 257.0 419.0 227.0 419.0 small-vehicle 1
478.0 269.0 518.0 269.0 518.0 323.0 478.0 323.0 small-vehicle 0
488.0 255.0 520.0 255.0 520.0 285.0 488.0 285.0 small-vehicle 0
105.0 24.0 143.0 24.0 143.0 64.0 105.0 64.0 small-vehicle 0
551.0 374.0 653.0 374.0 653.0 396.0 551.0 396.0 large-vehicle 0
535.0 400.0 638.0 400.0 638.0 421.0 535.0 421.0 large-vehicle 0
507.0 424.0 605.0 424.0 605.0 449.0 507.0 449.0 large-vehicle 0
72.0 926.0 157.0 926.0 157.0 1012.0 72.0 1012.0 large-vehicle 0
155.0 843.0 239.0 843.0 239.0 929.0 155.0 929.0 large-vehicle 0
251.0 739.0 329.0 739.0 329.0 824.0 251.0 824.0 large-vehicle 0
78.0 650.0 169.0 650.0 169.0 731.0 78.0 731.0 large-vehicle 0
278.0 678.0 379.0 678.0 379.0 706.0 278.0 706.0 large-vehicle 0
292.0 652.0 393.0 652.0 393.0 680.0 292.0 680.0 large-vehicle 0
316.0 629.0 420.0 629.0 420.0 658.0 316.0 658.0 large-vehicle 0
455.0 255.0 486.0 255.0 486.0 348.0 455.0 348.0 large-vehicle 0
