imagesource:GoogleEarth
gsd:0.215561133619
1591.0 925.0 1614.0 925.0 1614.0 945.0 1591.0 945.0 small-vehicle 0
585.0 504.0 643.0 504.0 643.0 522.0 585.0 522.0 large-vehicle 0
523.0 653.0 540.0 653.0 540.0 708.0 523.0 708.0 large-vehicle 0
507.0 652.0 524.0 652.0 524.0 708.0 507.0 708.0 large-vehicle 0
492.0 643.0 511.0 643.0 511.0 698.0 492.0 698.0 large-vehicle 0
478.0 635.0 497.0 635.0 497.0 691.0 478.0 691.0 large-vehicle 0
464.0 624.0 482.0 624.0 482.0 678.0 464.0 678.0 large-vehicle 0
450.0 613.0 468.0 613.0 468.0 670.0 450.0 670.0 large-vehicle 0
583.0 548.0 638.0 548.0 638.0 566.0 583.0 566.0 large-vehicle 0
521.0 543.0 577.0 543.0 577.0 560.0 521.0 560.0 large-vehicle 0
584.0 533.0 641.0 533.0 641.0 551.0 584.0 551.0 large-vehicle 0
523.0 528.0 578.0 528.0 578.0 545.0 523.0 545.0 large-vehicle 0
585.0 518.0 641.0 518.0 641.0 537.0 585.0 537.0 large-vehicle 0
524.0 514.0 580.0 514.0 580.0 532.0 524.0 532.0 large-vehicle 0
523.0 499.0 580.0 499.0 580.0 516.0 523.0 516.0 large-vehicle 0
551.0 656.0 569.0 656.0 569.0 712.0 551.0 712.0 large-vehicle 0
587.0 490.0 644.0 490.0 644.0 508.0 587.0 508.0 large-vehicle 0
588.0 474.0 645.0 474.0 645.0 493.0 588.0 493.0 large-vehicle 0
526.0 483.0 582.0 483.0 582.0 503.0 526.0 503.0 large-vehicle 0
448.0 449.0 467.0 449.0 467.0 534.0 448.0 534.0 large-vehicle 0
430.0 447.0 451.0 447.0 451.0 531.0 430.0 531.0 large-vehicle 0
413.0 445.0 437.0 445.0 437.0 530.0 413.0 530.0 large-vehicle 0
396.0 444.0 419.0 444.0 419.0 527.0 396.0 527.0 large-vehicle 0
456.0 363.0 477.0 363.0 477.0 446.0 456.0 446.0 large-vehicle 0
438.0 359.0 462.0 359.0 462.0 444.0 438.0 444.0 large-vehicle 0
422.0 360.0 444.0 360.0 444.0 444.0 422.0 444.0 large-vehicle 0
407.0 359.0 428.0 359.0 428.0 443.0 407.0 443.0 large-vehicle 0
532.0 424.0 587.0 424.0 587.0 443.0 532.0 443.0 large-vehicle 0
536.0 654.0 554.0 654.0 554.0 711.0 536.0 711.0 large-vehicle 0
566.0 658.0 584.0 658.0 584.0 714.0 566.0 714.0 large-vehicle 0
1546.0 702.0 1558.0 702.0 1558.0 722.0 1546.0 722.0 small-vehicle 0
1057.0 204.0 1073.0 204.0 1073.0 261.0 1057.0 261.0 large-vehicle 0
785.0 710.0 805.0 710.0 805.0 797.0 785.0 797.0 large-vehicle 0
804.0 668.0 824.0 668.0 824.0 753.0 804.0 753.0 large-vehicle 0
673.0 629.0 755.0 629.0 755.0 650.0 673.0 650.0 large-vehicle 0
695.0 558.0 750.0 558.0 750.0 573.0 695.0 573.0 large-vehicle 0
695.0 544.0 751.0 544.0 751.0 561.0 695.0 561.0 large-vehicle 0
697.0 528.0 753.0 528.0 753.0 546.0 697.0 546.0 large-vehicle 0
699.0 514.0 755.0 514.0 755.0 531.0 699.0 531.0 large-vehicle 0
700.0 498.0 755.0 498.0 755.0 517.0 700.0 517.0 large-vehicle 0
701.0 485.0 756.0 485.0 756.0 501.0 701.0 501.0 large-vehicle 0
703.0 470.0 757.0 470.0 757.0 487.0 703.0 487.0 large-vehicle 0
1086.0 208.0 1102.0 208.0 1102.0 263.0 1086.0 263.0 large-vehicle 0
1071.0 206.0 1088.0 206.0 1088.0 261.0 1071.0 261.0 large-vehicle 0
1041.0 202.0 1058.0 202.0 1058.0 258.0 1041.0 258.0 large-vehicle 0
612.0 662.0 630.0 662.0 630.0 717.0 612.0 717.0 large-vehicle 0
1027.0 202.0 1043.0 202.0 1043.0 257.0 1027.0 257.0 large-vehicle 0
1011.0 199.0 1028.0 199.0 1028.0 256.0 1011.0 256.0 large-vehicle 0
898.0 262.0 983.0 262.0 983.0 281.0 898.0 281.0 large-vehicle 0
900.0 245.0 984.0 245.0 984.0 266.0 900.0 266.0 large-vehicle 0
857.0 186.0 873.0 186.0 873.0 241.0 857.0 241.0 large-vehicle 0
842.0 184.0 861.0 184.0 861.0 240.0 842.0 240.0 large-vehicle 0
769.0 178.0 786.0 178.0 786.0 234.0 769.0 234.0 large-vehicle 0
755.0 176.0 771.0 176.0 771.0 231.0 755.0 231.0 large-vehicle 0
740.0 174.0 757.0 174.0 757.0 230.0 740.0 230.0 large-vehicle 0
725.0 173.0 743.0 173.0 743.0 228.0 725.0 228.0 large-vehicle 0
671.0 724.0 722.0 724.0 722.0 773.0 671.0 773.0 large-vehicle 0
628.0 665.0 645.0 665.0 645.0 720.0 628.0 720.0 large-vehicle 0
594.0 416.0 650.0 416.0 650.0 433.0 594.0 433.0 large-vehicle 0
567.0 394.0 651.0 394.0 651.0 419.0 567.0 419.0 large-vehicle 0
573.0 365.0 655.0 365.0 655.0 384.0 573.0 384.0 large-vehicle 0
320.0 264.0 340.0 264.0 340.0 348.0 320.0 348.0 large-vehicle 0
300.0 439.0 322.0 439.0 322.0 522.0 300.0 522.0 large-vehicle 0
284.0 434.0 305.0 434.0 305.0 520.0 284.0 520.0 large-vehicle 0
268.0 430.0 289.0 430.0 289.0 514.0 268.0 514.0 large-vehicle 0
250.0 430.0 273.0 430.0 273.0 513.0 250.0 513.0 large-vehicle 0
183.0 361.0 204.0 361.0 204.0 444.0 183.0 444.0 large-vehicle 0
238.0 389.0 261.0 389.0 261.0 473.0 238.0 473.0 large-vehicle 0
325.0 352.0 347.0 352.0 347.0 435.0 325.0 435.0 large-vehicle 0
310.0 351.0 330.0 351.0 330.0 435.0 310.0 435.0 large-vehicle 0
295.0 347.0 313.0 347.0 313.0 431.0 295.0 431.0 large-vehicle 0
278.0 346.0 298.0 346.0 298.0 429.0 278.0 429.0 large-vehicle 0
261.0 343.0 282.0 343.0 282.0 426.0 261.0 426.0 large-vehicle 0
336.0 265.0 354.0 265.0 354.0 347.0 336.0 347.0 large-vehicle 0
303.0 258.0 324.0 258.0 324.0 340.0 303.0 340.0 large-vehicle 0
572.0 349.0 655.0 349.0 655.0 370.0 572.0 370.0 large-vehicle 0
287.0 259.0 306.0 259.0 306.0 342.0 287.0 342.0 large-vehicle 0
271.0 256.0 291.0 256.0 291.0 341.0 271.0 341.0 large-vehicle 0
249.0 302.0 269.0 302.0 269.0 386.0 249.0 386.0 large-vehicle 0
233.0 300.0 255.0 300.0 255.0 383.0 233.0 383.0 large-vehicle 0
123.0 400.0 179.0 400.0 179.0 418.0 123.0 418.0 large-vehicle 0
123.0 383.0 181.0 383.0 181.0 403.0 123.0 403.0 large-vehicle 0
127.0 369.0 183.0 369.0 183.0 387.0 127.0 387.0 large-vehicle 0
126.0 353.0 185.0 353.0 185.0 373.0 126.0 373.0 large-vehicle 0
132.0 324.0 188.0 324.0 188.0 343.0 132.0 343.0 large-vehicle 0
133.0 309.0 191.0 309.0 191.0 329.0 133.0 329.0 large-vehicle 0
134.0 296.0 192.0 296.0 192.0 313.0 134.0 313.0 large-vehicle 0
318.0 174.0 401.0 174.0 401.0 202.0 318.0 202.0 large-vehicle 0
317.0 441.0 338.0 441.0 338.0 524.0 317.0 524.0 large-vehicle 0
182.0 447.0 195.0 447.0 195.0 490.0 182.0 490.0 large-vehicle 0
185.0 493.0 211.0 493.0 211.0 528.0 185.0 528.0 large-vehicle 0
234.0 540.0 314.0 540.0 314.0 589.0 234.0 589.0 large-vehicle 0
575.0 321.0 658.0 321.0 658.0 341.0 575.0 341.0 large-vehicle 0
575.0 308.0 659.0 308.0 659.0 325.0 575.0 325.0 large-vehicle 0
576.0 292.0 661.0 292.0 661.0 313.0 576.0 313.0 large-vehicle 0
578.0 277.0 663.0 277.0 663.0 295.0 578.0 295.0 large-vehicle 0
465.0 275.0 485.0 275.0 485.0 358.0 465.0 358.0 large-vehicle 0
449.0 272.0 468.0 272.0 468.0 357.0 449.0 357.0 large-vehicle 0
433.0 271.0 452.0 271.0 452.0 354.0 433.0 354.0 large-vehicle 0
415.0 271.0 435.0 271.0 435.0 354.0 415.0 354.0 large-vehicle 0
708.0 171.0 728.0 171.0 728.0 228.0 708.0 228.0 large-vehicle 0
667.0 168.0 684.0 168.0 684.0 224.0 667.0 224.0 large-vehicle 0
638.0 165.0 655.0 165.0 655.0 220.0 638.0 220.0 large-vehicle 0
623.0 162.0 640.0 162.0 640.0 219.0 623.0 219.0 large-vehicle 0
610.0 161.0 625.0 161.0 625.0 218.0 610.0 218.0 large-vehicle 0
595.0 161.0 611.0 161.0 611.0 217.0 595.0 217.0 large-vehicle 0
580.0 160.0 596.0 160.0 596.0 217.0 580.0 217.0 large-vehicle 0
566.0 158.0 582.0 158.0 582.0 214.0 566.0 214.0 large-vehicle 0
550.0 155.0 566.0 155.0 566.0 213.0 550.0 213.0 large-vehicle 0
521.0 153.0 538.0 153.0 538.0 210.0 521.0 210.0 large-vehicle 0
508.0 153.0 524.0 153.0 524.0 209.0 508.0 209.0 large-vehicle 0
492.0 151.0 509.0 151.0 509.0 207.0 492.0 207.0 large-vehicle 0
477.0 150.0 494.0 150.0 494.0 205.0 477.0 205.0 large-vehicle 0
461.0 150.0 479.0 150.0 479.0 205.0 461.0 205.0 large-vehicle 0
447.0 148.0 465.0 148.0 465.0 201.0 447.0 201.0 large-vehicle 0
433.0 146.0 449.0 146.0 449.0 203.0 433.0 203.0 large-vehicle 0
379.0 443.0 403.0 443.0 403.0 528.0 379.0 528.0 large-vehicle 0
769.0 705.0 791.0 705.0 791.0 788.0 769.0 788.0 large-vehicle 0
820.0 668.0 840.0 668.0 840.0 752.0 820.0 752.0 large-vehicle 0
834.0 669.0 854.0 669.0 854.0 752.0 834.0 752.0 large-vehicle 0
1467.0 717.0 1487.0 717.0 1487.0 730.0 1467.0 730.0 small-vehicle 0
1366.0 87.0 1380.0 87.0 1380.0 114.0 1366.0 114.0 small-vehicle 0
1355.0 145.0 1372.0 145.0 1372.0 172.0 1355.0 172.0 small-vehicle 0
1274.0 133.0 1289.0 133.0 1289.0 159.0 1274.0 159.0 small-vehicle 0
1218.0 124.0 1232.0 124.0 1232.0 150.0 1218.0 150.0 small-vehicle 0
1071.0 113.0 1096.0 113.0 1096.0 135.0 1071.0 135.0 small-vehicle 0
1163.0 185.0 1197.0 185.0 1197.0 201.0 1163.0 201.0 small-vehicle 0
1194.0 183.0 1219.0 183.0 1219.0 206.0 1194.0 206.0 small-vehicle 0
1226.0 193.0 1246.0 193.0 1246.0 208.0 1226.0 208.0 small-vehicle 0
1244.0 194.0 1274.0 194.0 1274.0 210.0 1244.0 210.0 small-vehicle 0
1317.0 207.0 1337.0 207.0 1337.0 218.0 1317.0 218.0 small-vehicle 0
1338.0 201.0 1362.0 201.0 1362.0 223.0 1338.0 223.0 small-vehicle 0
1403.0 210.0 1432.0 210.0 1432.0 224.0 1403.0 224.0 small-vehicle 0
1458.0 809.0 1481.0 809.0 1481.0 821.0 1458.0 821.0 small-vehicle 0
15.0 387.0 27.0 387.0 27.0 408.0 15.0 408.0 small-vehicle 1
1456.0 822.0 1478.0 822.0 1478.0 833.0 1456.0 833.0 small-vehicle 0
1458.0 834.0 1478.0 834.0 1478.0 842.0 1458.0 842.0 small-vehicle 0
1448.0 855.0 1476.0 855.0 1476.0 869.0 1448.0 869.0 small-vehicle 0
1450.0 879.0 1473.0 879.0 1473.0 891.0 1450.0 891.0 small-vehicle 0
640.0 697.0 656.0 697.0 656.0 726.0 640.0 726.0 small-vehicle 0
652.0 702.0 670.0 702.0 670.0 730.0 652.0 730.0 small-vehicle 0
146.0 630.0 159.0 630.0 159.0 655.0 146.0 655.0 small-vehicle 0
161.0 629.0 173.0 629.0 173.0 654.0 161.0 654.0 small-vehicle 0
371.0 661.0 390.0 661.0 390.0 684.0 371.0 684.0 small-vehicle 0
211.0 567.0 224.0 567.0 224.0 588.0 211.0 588.0 small-vehicle 0
3.0 469.0 17.0 469.0 17.0 492.0 3.0 492.0 small-vehicle 0
8.0 450.0 19.0 450.0 19.0 470.0 8.0 470.0 small-vehicle 0
1327.0 34.0 1341.0 34.0 1341.0 58.0 1327.0 58.0 small-vehicle 0
1062.0 48.0 1075.0 48.0 1075.0 75.0 1062.0 75.0 small-vehicle 0
1029.0 43.0 1041.0 43.0 1041.0 66.0 1029.0 66.0 small-vehicle 0
975.0 34.0 987.0 34.0 987.0 60.0 975.0 60.0 small-vehicle 0
1520.0 699.0 1533.0 699.0 1533.0 722.0 1520.0 722.0 small-vehicle 0
1587.0 1.0 1605.0 1.0 1605.0 26.0 1587.0 26.0 small-vehicle 0
1560.0 35.0 1598.0 35.0 1598.0 53.0 1560.0 53.0 small-vehicle 0
1528.0 32.0 1558.0 32.0 1558.0 46.0 1528.0 46.0 small-vehicle 0
1505.0 59.0 1517.0 59.0 1517.0 79.0 1505.0 79.0 small-vehicle 0
1563.0 218.0 1600.0 218.0 1600.0 233.0 1563.0 233.0 small-vehicle 0
1494.0 214.0 1529.0 214.0 1529.0 228.0 1494.0 228.0 small-vehicle 0
1474.0 222.0 1504.0 222.0 1504.0 235.0 1474.0 235.0 small-vehicle 0
802.0 55.0 830.0 55.0 830.0 68.0 802.0 68.0 small-vehicle 1
1311.0 31.0 1329.0 31.0 1329.0 58.0 1311.0 58.0 small-vehicle 1
1422.0 15.0 1459.0 15.0 1459.0 31.0 1422.0 31.0 small-vehicle 0
1332.0 5.0 1363.0 5.0 1363.0 19.0 1332.0 19.0 small-vehicle 1
1078.0 0.0 1091.0 0.0 1091.0 25.0 1078.0 25.0 small-vehicle 1
972.0 79.0 998.0 79.0 998.0 90.0 972.0 90.0 small-vehicle 1
701.0 3.0 716.0 3.0 716.0 25.0 701.0 25.0 small-vehicle 1
735.0 3.0 747.0 3.0 747.0 22.0 735.0 22.0 small-vehicle 1
766.0 4.0 781.0 4.0 781.0 30.0 766.0 30.0 small-vehicle 1
986.0 42.0 999.0 42.0 999.0 66.0 986.0 66.0 small-vehicle 1
819.0 12.0 835.0 12.0 835.0 41.0 819.0 41.0 small-vehicle 1
1090.0 2.0 1102.0 2.0 1102.0 23.0 1090.0 23.0 small-vehicle 0
747.0 5.0 760.0 5.0 760.0 28.0 747.0 28.0 small-vehicle 0
903.0 67.0 936.0 67.0 936.0 83.0 903.0 83.0 small-vehicle 0
772.0 51.0 800.0 51.0 800.0 65.0 772.0 65.0 small-vehicle 0
634.0 32.0 656.0 32.0 656.0 43.0 634.0 43.0 small-vehicle 0
736.0 45.0 768.0 45.0 768.0 61.0 736.0 61.0 small-vehicle 0
21.0 342.0 36.0 342.0 36.0 363.0 21.0 363.0 small-vehicle 1
17.0 365.0 30.0 365.0 30.0 385.0 17.0 385.0 small-vehicle 0
849.0 670.0 868.0 670.0 868.0 754.0 849.0 754.0 large-vehicle 0
916.0 767.0 932.0 767.0 932.0 851.0 916.0 851.0 large-vehicle 0
1293.0 226.0 1309.0 226.0 1309.0 282.0 1293.0 282.0 large-vehicle 0
1278.0 225.0 1294.0 225.0 1294.0 281.0 1278.0 281.0 large-vehicle 0
1248.0 222.0 1266.0 222.0 1266.0 279.0 1248.0 279.0 large-vehicle 0
1233.0 221.0 1250.0 221.0 1250.0 277.0 1233.0 277.0 large-vehicle 0
1220.0 220.0 1235.0 220.0 1235.0 275.0 1220.0 275.0 large-vehicle 0
1203.0 218.0 1220.0 218.0 1220.0 273.0 1203.0 273.0 large-vehicle 0
1175.0 216.0 1190.0 216.0 1190.0 271.0 1175.0 271.0 large-vehicle 0
1159.0 214.0 1177.0 214.0 1177.0 270.0 1159.0 270.0 large-vehicle 0
1144.0 212.0 1162.0 212.0 1162.0 269.0 1144.0 269.0 large-vehicle 0
1129.0 211.0 1147.0 211.0 1147.0 267.0 1129.0 267.0 large-vehicle 0
1115.0 210.0 1132.0 210.0 1132.0 266.0 1115.0 266.0 large-vehicle 0
1099.0 209.0 1118.0 209.0 1118.0 264.0 1099.0 264.0 large-vehicle 0
900.0 765.0 919.0 765.0 919.0 849.0 900.0 849.0 large-vehicle 0
25.0 317.0 38.0 317.0 38.0 340.0 25.0 340.0 small-vehicle 0
885.0 763.0 905.0 763.0 905.0 848.0 885.0 848.0 large-vehicle 0
871.0 764.0 890.0 764.0 890.0 847.0 871.0 847.0 large-vehicle 0
854.0 762.0 874.0 762.0 874.0 846.0 854.0 846.0 large-vehicle 0
841.0 761.0 861.0 761.0 861.0 846.0 841.0 846.0 large-vehicle 0
826.0 758.0 844.0 758.0 844.0 843.0 826.0 843.0 large-vehicle 0
811.0 758.0 830.0 758.0 830.0 844.0 811.0 844.0 large-vehicle 0
797.0 758.0 815.0 758.0 815.0 839.0 797.0 839.0 large-vehicle 0
923.0 678.0 942.0 678.0 942.0 762.0 923.0 762.0 large-vehicle 0
909.0 677.0 926.0 677.0 926.0 760.0 909.0 760.0 large-vehicle 0
893.0 676.0 913.0 676.0 913.0 760.0 893.0 760.0 large-vehicle 0
879.0 674.0 897.0 674.0 897.0 758.0 879.0 758.0 large-vehicle 0
863.0 673.0 882.0 673.0 882.0 756.0 863.0 756.0 large-vehicle 0
1308.0 228.0 1323.0 228.0 1323.0 284.0 1308.0 284.0 large-vehicle 0
1322.0 229.0 1339.0 229.0 1339.0 284.0 1322.0 284.0 large-vehicle 0
1336.0 231.0 1353.0 231.0 1353.0 287.0 1336.0 287.0 large-vehicle 0
1351.0 232.0 1368.0 232.0 1368.0 288.0 1351.0 288.0 large-vehicle 0
29.0 294.0 39.0 294.0 39.0 315.0 29.0 315.0 small-vehicle 0
31.0 277.0 43.0 277.0 43.0 295.0 31.0 295.0 small-vehicle 0
35.0 217.0 47.0 217.0 47.0 239.0 35.0 239.0 small-vehicle 0
58.0 57.0 70.0 57.0 70.0 77.0 58.0 77.0 small-vehicle 0
60.0 31.0 73.0 31.0 73.0 52.0 60.0 52.0 small-vehicle 0
1566.0 753.0 1621.0 753.0 1621.0 771.0 1566.0 771.0 large-vehicle 0
1493.0 485.0 1512.0 485.0 1512.0 566.0 1493.0 566.0 large-vehicle 0
1331.0 971.0 1414.0 971.0 1414.0 988.0 1331.0 988.0 large-vehicle 0
1242.0 966.0 1325.0 966.0 1325.0 983.0 1242.0 983.0 large-vehicle 0
1153.0 960.0 1234.0 960.0 1234.0 979.0 1153.0 979.0 large-vehicle 0
1063.0 955.0 1147.0 955.0 1147.0 974.0 1063.0 974.0 large-vehicle 0
1061.0 940.0 1142.0 940.0 1142.0 957.0 1061.0 957.0 large-vehicle 0
968.0 951.0 1052.0 951.0 1052.0 969.0 968.0 969.0 large-vehicle 0
1366.0 789.0 1385.0 789.0 1385.0 872.0 1366.0 872.0 large-vehicle 0
1352.0 791.0 1369.0 791.0 1369.0 873.0 1352.0 873.0 large-vehicle 0
1360.0 701.0 1380.0 701.0 1380.0 784.0 1360.0 784.0 large-vehicle 0
1348.0 687.0 1366.0 687.0 1366.0 743.0 1348.0 743.0 large-vehicle 0
1334.0 687.0 1351.0 687.0 1351.0 741.0 1334.0 741.0 large-vehicle 0
1319.0 685.0 1334.0 685.0 1334.0 740.0 1319.0 740.0 large-vehicle 0
1303.0 683.0 1321.0 683.0 1321.0 739.0 1303.0 739.0 large-vehicle 0
1427.0 240.0 1443.0 240.0 1443.0 296.0 1427.0 296.0 large-vehicle 0
1412.0 240.0 1428.0 240.0 1428.0 294.0 1412.0 294.0 large-vehicle 0
1398.0 236.0 1412.0 236.0 1412.0 291.0 1398.0 291.0 large-vehicle 0
1382.0 234.0 1398.0 234.0 1398.0 290.0 1382.0 290.0 large-vehicle 0
1368.0 234.0 1382.0 234.0 1382.0 290.0 1368.0 290.0 large-vehicle 0
231.0 189.0 308.0 189.0 308.0 236.0 231.0 236.0 large-vehicle 0
