imagesource:GoogleEarth
gsd:0.268830098744
430.0 953.0 456.0 953.0 456.0 967.0 430.0 967.0 small-vehicle 1
570.0 678.0 591.0 678.0 591.0 694.0 570.0 694.0 small-vehicle 0
535.0 573.0 544.0 573.0 544.0 591.0 535.0 591.0 small-vehicle 0
587.0 76.0 912.0 76.0 912.0 746.0 587.0 746.0 ground-track-field 0
640.0 908.0 686.0 908.0 686.0 997.0 640.0 997.0 tennis-court 0
586.0 905.0 631.0 905.0 631.0 995.0 586.0 995.0 tennis-court 0
531.0 902.0 577.0 902.0 577.0 993.0 531.0 993.0 tennis-court 0
646.0 771.0 691.0 771.0 691.0 863.0 646.0 863.0 tennis-court 0
592.0 768.0 637.0 768.0 637.0 859.0 592.0 859.0 tennis-court 0
537.0 766.0 582.0 766.0 582.0 857.0 537.0 857.0 tennis-court 0
350.0 760.0 466.0 760.0 466.0 873.0 350.0 873.0 baseball-diamond 0
357.0 302.0 534.0 302.0 534.0 471.0 357.0 471.0 baseball-diamond 0
