imagesource:GoogleEarth
gsd:0.266962642342
1099.0 204.0 1117.0 204.0 1117.0 224.0 1099.0 224.0 small-vehicle 1
159.0 559.0 178.0 559.0 178.0 571.0 159.0 571.0 small-vehicle 0
154.0 590.0 175.0 590.0 175.0 601.0 154.0 601.0 small-vehicle 0
155.0 600.0 173.0 600.0 173.0 611.0 155.0 611.0 small-vehicle 0
154.0 611.0 173.0 611.0 173.0 622.0 154.0 622.0 small-vehicle 0
152.0 622.0 169.0 622.0 169.0 631.0 152.0 631.0 small-vehicle 0
151.0 631.0 169.0 631.0 169.0 642.0 151.0 642.0 small-vehicle 0
150.0 641.0 168.0 641.0 168.0 652.0 150.0 652.0 small-vehicle 0
150.0 653.0 167.0 653.0 167.0 662.0 150.0 662.0 small-vehicle 0
146.0 659.0 164.0 659.0 164.0 671.0 146.0 671.0 small-vehicle 0
144.0 671.0 167.0 671.0 167.0 682.0 144.0 682.0 small-vehicle 0
143.0 682.0 162.0 682.0 162.0 691.0 143.0 691.0 small-vehicle 0
143.0 692.0 162.0 692.0 162.0 701.0 143.0 701.0 small-vehicle 0
201.0 151.0 213.0 151.0 213.0 175.0 201.0 175.0 small-vehicle 0
201.0 178.0 211.0 178.0 211.0 200.0 201.0 200.0 small-vehicle 0
198.0 202.0 208.0 202.0 208.0 223.0 198.0 223.0 small-vehicle 0
195.0 233.0 207.0 233.0 207.0 253.0 195.0 253.0 small-vehicle 0
193.0 271.0 202.0 271.0 202.0 290.0 193.0 290.0 small-vehicle 0
190.0 295.0 201.0 295.0 201.0 315.0 190.0 315.0 small-vehicle 0
187.0 321.0 198.0 321.0 198.0 345.0 187.0 345.0 small-vehicle 0
184.0 356.0 195.0 356.0 195.0 378.0 184.0 378.0 small-vehicle 0
157.0 579.0 176.0 579.0 176.0 592.0 157.0 592.0 small-vehicle 0
160.0 550.0 177.0 550.0 177.0 560.0 160.0 560.0 small-vehicle 0
1232.0 440.0 1251.0 440.0 1251.0 458.0 1232.0 458.0 small-vehicle 1
160.0 541.0 181.0 541.0 181.0 550.0 160.0 550.0 small-vehicle 0
194.0 700.0 212.0 700.0 212.0 709.0 194.0 709.0 small-vehicle 0
191.0 688.0 213.0 688.0 213.0 700.0 191.0 700.0 small-vehicle 0
190.0 676.0 215.0 676.0 215.0 688.0 190.0 688.0 small-vehicle 0
195.0 667.0 215.0 667.0 215.0 678.0 195.0 678.0 small-vehicle 0
196.0 656.0 216.0 656.0 216.0 667.0 196.0 667.0 small-vehicle 0
200.0 646.0 218.0 646.0 218.0 657.0 200.0 657.0 small-vehicle 0
201.0 636.0 219.0 636.0 219.0 647.0 201.0 647.0 small-vehicle 0
200.0 625.0 222.0 625.0 222.0 636.0 200.0 636.0 small-vehicle 0
201.0 602.0 220.0 602.0 220.0 614.0 201.0 614.0 small-vehicle 0
206.0 592.0 226.0 592.0 226.0 600.0 206.0 600.0 small-vehicle 0
209.0 580.0 226.0 580.0 226.0 590.0 209.0 590.0 small-vehicle 0
208.0 570.0 230.0 570.0 230.0 581.0 208.0 581.0 small-vehicle 0
211.0 560.0 229.0 560.0 229.0 570.0 211.0 570.0 small-vehicle 0
208.0 551.0 229.0 551.0 229.0 560.0 208.0 560.0 small-vehicle 0
210.0 540.0 230.0 540.0 230.0 551.0 210.0 551.0 small-vehicle 0
209.0 530.0 229.0 530.0 229.0 538.0 209.0 538.0 small-vehicle 0
165.0 511.0 185.0 511.0 185.0 522.0 165.0 522.0 small-vehicle 0
164.0 522.0 185.0 522.0 185.0 530.0 164.0 530.0 small-vehicle 0
162.0 530.0 179.0 530.0 179.0 541.0 162.0 541.0 small-vehicle 0
183.0 388.0 192.0 388.0 192.0 409.0 183.0 409.0 small-vehicle 0
219.0 379.0 235.0 379.0 235.0 388.0 219.0 388.0 small-vehicle 0
220.0 340.0 240.0 340.0 240.0 349.0 220.0 349.0 small-vehicle 0
225.0 322.0 243.0 322.0 243.0 330.0 225.0 330.0 small-vehicle 0
264.0 91.0 284.0 91.0 284.0 101.0 264.0 101.0 small-vehicle 0
267.0 78.0 287.0 78.0 287.0 91.0 267.0 91.0 small-vehicle 0
268.0 70.0 287.0 70.0 287.0 79.0 268.0 79.0 small-vehicle 0
270.0 61.0 287.0 61.0 287.0 68.0 270.0 68.0 small-vehicle 0
269.0 50.0 287.0 50.0 287.0 59.0 269.0 59.0 small-vehicle 0
272.0 39.0 290.0 39.0 290.0 48.0 272.0 48.0 small-vehicle 0
272.0 27.0 292.0 27.0 292.0 38.0 272.0 38.0 small-vehicle 0
274.0 19.0 292.0 19.0 292.0 28.0 274.0 28.0 small-vehicle 0
839.0 714.0 1179.0 714.0 1179.0 1397.0 839.0 1397.0 ground-track-field 0
382.0 1241.0 429.0 1241.0 429.0 1335.0 382.0 1335.0 tennis-court 0
272.0 1233.0 320.0 1233.0 320.0 1326.0 272.0 1326.0 tennis-court 0
326.0 1236.0 375.0 1236.0 375.0 1329.0 326.0 1329.0 tennis-court 0
407.0 951.0 455.0 951.0 455.0 1045.0 407.0 1045.0 tennis-court 0
347.0 948.0 398.0 948.0 398.0 1042.0 347.0 1042.0 tennis-court 0
292.0 943.0 342.0 943.0 342.0 1036.0 292.0 1036.0 tennis-court 0
316.0 669.0 748.0 669.0 748.0 881.0 316.0 881.0 soccer-ball-field 0
893.0 841.0 1129.0 841.0 1129.0 1268.0 893.0 1268.0 soccer-ball-field 0
503.0 978.0 762.0 978.0 762.0 1403.0 503.0 1403.0 soccer-ball-field 1
1282.0 1440.0 1379.0 1440.0 1379.0 1541.0 1282.0 1541.0 baseball-diamond 0
207.0 107.0 221.0 107.0 221.0 134.0 207.0 134.0 small-vehicle 0
265.0 102.0 284.0 102.0 284.0 112.0 265.0 112.0 small-vehicle 0
267.0 112.0 284.0 112.0 284.0 122.0 267.0 122.0 small-vehicle 0
232.0 229.0 252.0 229.0 252.0 237.0 232.0 237.0 small-vehicle 0
224.0 310.0 243.0 310.0 243.0 319.0 224.0 319.0 small-vehicle 0
226.0 300.0 244.0 300.0 244.0 309.0 226.0 309.0 small-vehicle 0
221.0 288.0 240.0 288.0 240.0 296.0 221.0 296.0 small-vehicle 0
223.0 279.0 246.0 279.0 246.0 288.0 223.0 288.0 small-vehicle 0
227.0 268.0 248.0 268.0 248.0 277.0 227.0 277.0 small-vehicle 0
228.0 259.0 247.0 259.0 247.0 267.0 228.0 267.0 small-vehicle 0
230.0 250.0 248.0 250.0 248.0 256.0 230.0 256.0 small-vehicle 0
232.0 238.0 251.0 238.0 251.0 248.0 232.0 248.0 small-vehicle 0
232.0 218.0 252.0 218.0 252.0 228.0 232.0 228.0 small-vehicle 0
265.0 124.0 281.0 124.0 281.0 133.0 265.0 133.0 small-vehicle 1
233.0 208.0 252.0 208.0 252.0 216.0 233.0 216.0 small-vehicle 0
234.0 198.0 254.0 198.0 254.0 208.0 234.0 208.0 small-vehicle 0
236.0 187.0 254.0 187.0 254.0 197.0 236.0 197.0 small-vehicle 0
236.0 178.0 255.0 178.0 255.0 188.0 236.0 188.0 small-vehicle 0
237.0 169.0 254.0 169.0 254.0 177.0 237.0 177.0 small-vehicle 0
237.0 155.0 256.0 155.0 256.0 165.0 237.0 165.0 small-vehicle 0
239.0 143.0 258.0 143.0 258.0 154.0 239.0 154.0 small-vehicle 0
243.0 136.0 259.0 136.0 259.0 143.0 243.0 143.0 small-vehicle 0
189.0 707.0 209.0 707.0 209.0 720.0 189.0 720.0 small-vehicle 0
189.0 720.0 209.0 720.0 209.0 729.0 189.0 729.0 small-vehicle 0
190.0 730.0 207.0 730.0 207.0 740.0 190.0 740.0 small-vehicle 0
86.0 1218.0 104.0 1218.0 104.0 1231.0 86.0 1231.0 small-vehicle 0
30.0 1184.0 49.0 1184.0 49.0 1195.0 30.0 1195.0 small-vehicle 0
27.0 1206.0 45.0 1206.0 45.0 1215.0 27.0 1215.0 small-vehicle 0
26.0 1216.0 44.0 1216.0 44.0 1225.0 26.0 1225.0 small-vehicle 0
22.0 1225.0 43.0 1225.0 43.0 1234.0 22.0 1234.0 small-vehicle 0
22.0 1234.0 42.0 1234.0 42.0 1246.0 22.0 1246.0 small-vehicle 0
21.0 1255.0 41.0 1255.0 41.0 1267.0 21.0 1267.0 small-vehicle 0
20.0 1266.0 44.0 1266.0 44.0 1277.0 20.0 1277.0 small-vehicle 0
18.0 1276.0 36.0 1276.0 36.0 1287.0 18.0 1287.0 small-vehicle 0
15.0 1286.0 36.0 1286.0 36.0 1299.0 15.0 1299.0 small-vehicle 0
15.0 1297.0 38.0 1297.0 38.0 1308.0 15.0 1308.0 small-vehicle 0
69.0 1332.0 89.0 1332.0 89.0 1340.0 69.0 1340.0 small-vehicle 0
70.0 1308.0 92.0 1308.0 92.0 1324.0 70.0 1324.0 small-vehicle 0
74.0 1300.0 92.0 1300.0 92.0 1311.0 74.0 1311.0 small-vehicle 0
73.0 1288.0 94.0 1288.0 94.0 1298.0 73.0 1298.0 small-vehicle 0
76.0 1281.0 95.0 1281.0 95.0 1290.0 76.0 1290.0 small-vehicle 0
75.0 1269.0 96.0 1269.0 96.0 1280.0 75.0 1280.0 small-vehicle 0
78.0 1259.0 97.0 1259.0 97.0 1271.0 78.0 1271.0 small-vehicle 0
83.0 1251.0 101.0 1251.0 101.0 1260.0 83.0 1260.0 small-vehicle 0
83.0 1240.0 104.0 1240.0 104.0 1251.0 83.0 1251.0 small-vehicle 0
32.0 1173.0 52.0 1173.0 52.0 1184.0 32.0 1184.0 small-vehicle 0
34.0 1164.0 53.0 1164.0 53.0 1175.0 34.0 1175.0 small-vehicle 0
34.0 1155.0 55.0 1155.0 55.0 1166.0 34.0 1166.0 small-vehicle 0
1571.0 787.0 1594.0 787.0 1594.0 802.0 1571.0 802.0 small-vehicle 0
993.0 442.0 1012.0 442.0 1012.0 461.0 993.0 461.0 small-vehicle 1
1064.0 606.0 1082.0 606.0 1082.0 620.0 1064.0 620.0 small-vehicle 1
1274.0 664.0 1297.0 664.0 1297.0 685.0 1274.0 685.0 small-vehicle 1
1453.0 643.0 1475.0 643.0 1475.0 658.0 1453.0 658.0 small-vehicle 1
1482.0 641.0 1512.0 641.0 1512.0 658.0 1482.0 658.0 small-vehicle 0
1452.0 708.0 1475.0 708.0 1475.0 724.0 1452.0 724.0 small-vehicle 0
1501.0 752.0 1522.0 752.0 1522.0 767.0 1501.0 767.0 small-vehicle 0
1507.0 727.0 1534.0 727.0 1534.0 744.0 1507.0 744.0 small-vehicle 0
1613.0 853.0 1633.0 853.0 1633.0 867.0 1613.0 867.0 small-vehicle 0
36.0 1147.0 58.0 1147.0 58.0 1156.0 36.0 1156.0 small-vehicle 0
1548.0 906.0 1571.0 906.0 1571.0 927.0 1548.0 927.0 small-vehicle 0
1294.0 794.0 1310.0 794.0 1310.0 813.0 1294.0 813.0 small-vehicle 0
1524.0 937.0 1542.0 937.0 1542.0 959.0 1524.0 959.0 small-vehicle 0
1480.0 1261.0 1495.0 1261.0 1495.0 1279.0 1480.0 1279.0 small-vehicle 1
1607.0 1384.0 1630.0 1384.0 1630.0 1399.0 1607.0 1399.0 small-vehicle 1
25.0 1194.0 46.0 1194.0 46.0 1206.0 25.0 1206.0 small-vehicle 1
112.0 1013.0 130.0 1013.0 130.0 1023.0 112.0 1023.0 small-vehicle 1
37.0 1132.0 56.0 1132.0 56.0 1145.0 37.0 1145.0 small-vehicle 0
84.0 1230.0 103.0 1230.0 103.0 1240.0 84.0 1240.0 small-vehicle 0
85.0 1209.0 104.0 1209.0 104.0 1218.0 85.0 1218.0 small-vehicle 0
187.0 739.0 206.0 739.0 206.0 750.0 187.0 750.0 small-vehicle 0
87.0 1198.0 106.0 1198.0 106.0 1210.0 87.0 1210.0 small-vehicle 0
156.0 867.0 178.0 867.0 178.0 881.0 156.0 881.0 small-vehicle 0
159.0 858.0 181.0 858.0 181.0 872.0 159.0 872.0 small-vehicle 0
163.0 848.0 183.0 848.0 183.0 862.0 163.0 862.0 small-vehicle 0
164.0 839.0 184.0 839.0 184.0 850.0 164.0 850.0 small-vehicle 0
167.0 828.0 190.0 828.0 190.0 841.0 167.0 841.0 small-vehicle 0
171.0 817.0 190.0 817.0 190.0 831.0 171.0 831.0 small-vehicle 0
174.0 809.0 192.0 809.0 192.0 821.0 174.0 821.0 small-vehicle 0
174.0 799.0 195.0 799.0 195.0 811.0 174.0 811.0 small-vehicle 0
178.0 788.0 199.0 788.0 199.0 801.0 178.0 801.0 small-vehicle 0
180.0 777.0 200.0 777.0 200.0 791.0 180.0 791.0 small-vehicle 0
114.0 810.0 135.0 810.0 135.0 824.0 114.0 824.0 small-vehicle 0
118.0 791.0 138.0 791.0 138.0 803.0 118.0 803.0 small-vehicle 0
120.0 782.0 141.0 782.0 141.0 795.0 120.0 795.0 small-vehicle 0
122.0 773.0 143.0 773.0 143.0 784.0 122.0 784.0 small-vehicle 0
125.0 761.0 147.0 761.0 147.0 774.0 125.0 774.0 small-vehicle 0
129.0 751.0 151.0 751.0 151.0 765.0 129.0 765.0 small-vehicle 0
130.0 741.0 151.0 741.0 151.0 753.0 130.0 753.0 small-vehicle 0
131.0 729.0 152.0 729.0 152.0 742.0 131.0 742.0 small-vehicle 0
131.0 718.0 152.0 718.0 152.0 729.0 131.0 729.0 small-vehicle 0
112.0 833.0 136.0 833.0 136.0 847.0 112.0 847.0 small-vehicle 0
181.0 986.0 208.0 986.0 208.0 1008.0 181.0 1008.0 small-vehicle 0
186.0 1001.0 211.0 1001.0 211.0 1023.0 186.0 1023.0 small-vehicle 0
101.0 1108.0 119.0 1108.0 119.0 1116.0 101.0 1116.0 small-vehicle 0
87.0 1188.0 106.0 1188.0 106.0 1198.0 87.0 1198.0 small-vehicle 0
90.0 1178.0 107.0 1178.0 107.0 1189.0 90.0 1189.0 small-vehicle 0
92.0 1169.0 110.0 1169.0 110.0 1179.0 92.0 1179.0 small-vehicle 0
92.0 1159.0 112.0 1159.0 112.0 1168.0 92.0 1168.0 small-vehicle 0
94.0 1148.0 114.0 1148.0 114.0 1160.0 94.0 1160.0 small-vehicle 0
97.0 1139.0 115.0 1139.0 115.0 1146.0 97.0 1146.0 small-vehicle 0
98.0 1126.0 117.0 1126.0 117.0 1139.0 98.0 1139.0 small-vehicle 0
101.0 1118.0 118.0 1118.0 118.0 1127.0 101.0 1127.0 small-vehicle 0
101.0 1095.0 119.0 1095.0 119.0 1105.0 101.0 1105.0 small-vehicle 0
185.0 1017.0 211.0 1017.0 211.0 1040.0 185.0 1040.0 small-vehicle 0
102.0 1086.0 120.0 1086.0 120.0 1095.0 102.0 1095.0 small-vehicle 0
102.0 1074.0 122.0 1074.0 122.0 1085.0 102.0 1085.0 small-vehicle 0
102.0 1065.0 122.0 1065.0 122.0 1076.0 102.0 1076.0 small-vehicle 0
104.0 1054.0 123.0 1054.0 123.0 1065.0 104.0 1065.0 small-vehicle 0
108.0 1045.0 124.0 1045.0 124.0 1054.0 108.0 1054.0 small-vehicle 0
112.0 1035.0 128.0 1035.0 128.0 1045.0 112.0 1045.0 small-vehicle 1
108.0 1025.0 128.0 1025.0 128.0 1034.0 108.0 1034.0 small-vehicle 0
186.0 1033.0 213.0 1033.0 213.0 1056.0 186.0 1056.0 small-vehicle 0
326.0 326.0 489.0 326.0 489.0 485.0 326.0 485.0 baseball-diamond 0
