imagesource:GoogleEarth
gsd:0.232891328251
596.0 13.0 616.0 13.0 616.0 24.0 596.0 24.0 small-vehicle 0
528.0 619.0 575.0 619.0 575.0 642.0 528.0 642.0 large-vehicle 0
598.0 785.0 636.0 785.0 636.0 806.0 598.0 806.0 large-vehicle 0
473.0 818.0 519.0 818.0 519.0 848.0 473.0 848.0 large-vehicle 0
626.0 720.0 647.0 720.0 647.0 765.0 626.0 765.0 large-vehicle 0
614.0 714.0 635.0 714.0 635.0 762.0 614.0 762.0 large-vehicle 0
634.0 671.0 656.0 671.0 656.0 718.0 634.0 718.0 large-vehicle 0
624.0 670.0 641.0 670.0 641.0 713.0 624.0 713.0 large-vehicle 0
446.0 752.0 490.0 752.0 490.0 774.0 446.0 774.0 large-vehicle 0
518.0 729.0 564.0 729.0 564.0 751.0 518.0 751.0 large-vehicle 0
468.0 721.0 515.0 721.0 515.0 742.0 468.0 742.0 large-vehicle 0
468.0 698.0 513.0 698.0 513.0 719.0 468.0 719.0 large-vehicle 0
530.0 604.0 575.0 604.0 575.0 625.0 530.0 625.0 large-vehicle 0
619.0 18.0 641.0 18.0 641.0 30.0 619.0 30.0 small-vehicle 0
454.0 528.0 498.0 528.0 498.0 551.0 454.0 551.0 large-vehicle 0
505.0 541.0 549.0 541.0 549.0 562.0 505.0 562.0 large-vehicle 0
452.0 511.0 498.0 511.0 498.0 531.0 452.0 531.0 large-vehicle 0
507.0 523.0 552.0 523.0 552.0 545.0 507.0 545.0 large-vehicle 0
509.0 510.0 555.0 510.0 555.0 533.0 509.0 533.0 large-vehicle 0
456.0 498.0 502.0 498.0 502.0 519.0 456.0 519.0 large-vehicle 0
516.0 496.0 558.0 496.0 558.0 518.0 516.0 518.0 large-vehicle 0
462.0 485.0 506.0 485.0 506.0 505.0 462.0 505.0 large-vehicle 0
517.0 478.0 562.0 478.0 562.0 502.0 517.0 502.0 large-vehicle 0
468.0 467.0 515.0 467.0 515.0 493.0 468.0 493.0 large-vehicle 0
593.0 808.0 632.0 808.0 632.0 829.0 593.0 829.0 large-vehicle 0
588.0 838.0 628.0 838.0 628.0 857.0 588.0 857.0 large-vehicle 0
578.0 850.0 627.0 850.0 627.0 873.0 578.0 873.0 large-vehicle 0
556.0 894.0 615.0 894.0 615.0 921.0 556.0 921.0 large-vehicle 0
3.0 188.0 30.0 188.0 30.0 204.0 3.0 204.0 small-vehicle 0
6.0 175.0 33.0 175.0 33.0 192.0 6.0 192.0 small-vehicle 0
157.0 141.0 178.0 141.0 178.0 153.0 157.0 153.0 small-vehicle 0
160.0 121.0 183.0 121.0 183.0 133.0 160.0 133.0 small-vehicle 0
134.0 230.0 156.0 230.0 156.0 245.0 134.0 245.0 small-vehicle 0
93.0 217.0 113.0 217.0 113.0 228.0 93.0 228.0 small-vehicle 0
102.0 188.0 119.0 188.0 119.0 199.0 102.0 199.0 small-vehicle 0
125.0 203.0 138.0 203.0 138.0 223.0 125.0 223.0 small-vehicle 0
107.0 146.0 129.0 146.0 129.0 160.0 107.0 160.0 small-vehicle 0
152.0 172.0 170.0 172.0 170.0 184.0 152.0 184.0 small-vehicle 0
126.0 161.0 143.0 161.0 143.0 184.0 126.0 184.0 small-vehicle 0
111.0 137.0 129.0 137.0 129.0 149.0 111.0 149.0 small-vehicle 0
112.0 127.0 134.0 127.0 134.0 140.0 112.0 140.0 small-vehicle 0
121.0 76.0 143.0 76.0 143.0 89.0 121.0 89.0 small-vehicle 0
125.0 66.0 145.0 66.0 145.0 79.0 125.0 79.0 small-vehicle 0
128.0 51.0 148.0 51.0 148.0 67.0 128.0 67.0 small-vehicle 1
133.0 35.0 153.0 35.0 153.0 47.0 133.0 47.0 small-vehicle 1
135.0 25.0 157.0 25.0 157.0 39.0 135.0 39.0 small-vehicle 1
139.0 17.0 156.0 17.0 156.0 27.0 139.0 27.0 small-vehicle 1
141.0 8.0 160.0 8.0 160.0 16.0 141.0 16.0 small-vehicle 1
751.0 764.0 773.0 764.0 773.0 809.0 751.0 809.0 large-vehicle 0
529.0 470.0 568.0 470.0 568.0 490.0 529.0 490.0 large-vehicle 0
523.0 454.0 568.0 454.0 568.0 475.0 523.0 475.0 large-vehicle 0
473.0 455.0 519.0 455.0 519.0 478.0 473.0 478.0 large-vehicle 0
301.0 461.0 350.0 461.0 350.0 485.0 301.0 485.0 large-vehicle 0
200.0 440.0 246.0 440.0 246.0 459.0 200.0 459.0 large-vehicle 0
155.0 428.0 198.0 428.0 198.0 449.0 155.0 449.0 large-vehicle 0
408.0 471.0 453.0 471.0 453.0 494.0 408.0 494.0 large-vehicle 0
358.0 462.0 402.0 462.0 402.0 483.0 358.0 483.0 large-vehicle 0
311.0 449.0 354.0 449.0 354.0 473.0 311.0 473.0 large-vehicle 0
252.0 436.0 297.0 436.0 297.0 458.0 252.0 458.0 large-vehicle 0
204.0 426.0 249.0 426.0 249.0 446.0 204.0 446.0 large-vehicle 0
158.0 413.0 202.0 413.0 202.0 437.0 158.0 437.0 large-vehicle 0
411.0 455.0 457.0 455.0 457.0 478.0 411.0 478.0 large-vehicle 0
363.0 445.0 409.0 445.0 409.0 467.0 363.0 467.0 large-vehicle 0
314.0 432.0 358.0 432.0 358.0 456.0 314.0 456.0 large-vehicle 0
261.0 420.0 303.0 420.0 303.0 443.0 261.0 443.0 large-vehicle 0
210.0 409.0 257.0 409.0 257.0 431.0 210.0 431.0 large-vehicle 0
163.0 398.0 207.0 398.0 207.0 419.0 163.0 419.0 large-vehicle 0
412.0 440.0 461.0 440.0 461.0 463.0 412.0 463.0 large-vehicle 0
366.0 431.0 411.0 431.0 411.0 453.0 366.0 453.0 large-vehicle 0
317.0 419.0 359.0 419.0 359.0 442.0 317.0 442.0 large-vehicle 0
259.0 406.0 306.0 406.0 306.0 429.0 259.0 429.0 large-vehicle 0
379.0 419.0 425.0 419.0 425.0 443.0 379.0 443.0 large-vehicle 0
331.0 406.0 375.0 406.0 375.0 430.0 331.0 430.0 large-vehicle 0
225.0 383.0 269.0 383.0 269.0 406.0 225.0 406.0 large-vehicle 0
250.0 449.0 297.0 449.0 297.0 472.0 250.0 472.0 large-vehicle 0
351.0 473.0 398.0 473.0 398.0 496.0 351.0 496.0 large-vehicle 0
524.0 433.0 562.0 433.0 562.0 454.0 524.0 454.0 large-vehicle 0
404.0 486.0 452.0 486.0 452.0 508.0 404.0 508.0 large-vehicle 0
407.0 826.0 454.0 826.0 454.0 850.0 407.0 850.0 large-vehicle 0
373.0 818.0 404.0 818.0 404.0 838.0 373.0 838.0 large-vehicle 0
174.0 708.0 234.0 708.0 234.0 734.0 174.0 734.0 large-vehicle 0
179.0 691.0 239.0 691.0 239.0 717.0 179.0 717.0 large-vehicle 0
255.0 684.0 306.0 684.0 306.0 709.0 255.0 709.0 large-vehicle 0
408.0 703.0 455.0 703.0 455.0 727.0 408.0 727.0 large-vehicle 0
371.0 675.0 419.0 675.0 419.0 697.0 371.0 697.0 large-vehicle 0
273.0 671.0 320.0 671.0 320.0 693.0 273.0 693.0 large-vehicle 0
216.0 659.0 265.0 659.0 265.0 682.0 216.0 682.0 large-vehicle 0
171.0 646.0 215.0 646.0 215.0 669.0 171.0 669.0 large-vehicle 0
134.0 518.0 177.0 518.0 177.0 539.0 134.0 539.0 large-vehicle 0
195.0 468.0 242.0 468.0 242.0 491.0 195.0 491.0 large-vehicle 0
243.0 479.0 290.0 479.0 290.0 502.0 243.0 502.0 large-vehicle 0
296.0 491.0 341.0 491.0 341.0 514.0 296.0 514.0 large-vehicle 0
338.0 516.0 384.0 516.0 384.0 536.0 338.0 536.0 large-vehicle 0
397.0 516.0 442.0 516.0 442.0 539.0 397.0 539.0 large-vehicle 0
397.0 496.0 444.0 496.0 444.0 521.0 397.0 521.0 large-vehicle 0
346.0 485.0 394.0 485.0 394.0 510.0 346.0 510.0 large-vehicle 0
297.0 476.0 343.0 476.0 343.0 496.0 297.0 496.0 large-vehicle 0
246.0 462.0 293.0 462.0 293.0 485.0 246.0 485.0 large-vehicle 0
200.0 450.0 247.0 450.0 247.0 474.0 200.0 474.0 large-vehicle 0
1.0 201.0 28.0 201.0 28.0 217.0 1.0 217.0 small-vehicle 0
44.0 223.0 67.0 223.0 67.0 249.0 44.0 249.0 small-vehicle 0
38.0 239.0 62.0 239.0 62.0 266.0 38.0 266.0 small-vehicle 0
6.0 601.0 32.0 601.0 32.0 615.0 6.0 615.0 small-vehicle 0
55.0 595.0 76.0 595.0 76.0 607.0 55.0 607.0 small-vehicle 0
56.0 583.0 77.0 583.0 77.0 598.0 56.0 598.0 small-vehicle 0
59.0 571.0 82.0 571.0 82.0 586.0 59.0 586.0 small-vehicle 0
61.0 560.0 82.0 560.0 82.0 576.0 61.0 576.0 small-vehicle 0
65.0 546.0 85.0 546.0 85.0 560.0 65.0 560.0 small-vehicle 0
66.0 536.0 90.0 536.0 90.0 551.0 66.0 551.0 small-vehicle 0
21.0 536.0 42.0 536.0 42.0 549.0 21.0 549.0 small-vehicle 0
21.0 526.0 40.0 526.0 40.0 537.0 21.0 537.0 small-vehicle 0
29.0 517.0 50.0 517.0 50.0 531.0 29.0 531.0 small-vehicle 0
28.0 510.0 46.0 510.0 46.0 520.0 28.0 520.0 small-vehicle 0
28.0 499.0 50.0 499.0 50.0 512.0 28.0 512.0 small-vehicle 0
32.0 487.0 55.0 487.0 55.0 501.0 32.0 501.0 small-vehicle 0
66.0 526.0 88.0 526.0 88.0 538.0 66.0 538.0 small-vehicle 0
68.0 514.0 90.0 514.0 90.0 528.0 68.0 528.0 small-vehicle 0
73.0 504.0 94.0 504.0 94.0 517.0 73.0 517.0 small-vehicle 0
75.0 495.0 97.0 495.0 97.0 508.0 75.0 508.0 small-vehicle 0
77.0 484.0 99.0 484.0 99.0 496.0 77.0 496.0 small-vehicle 0
33.0 474.0 54.0 474.0 54.0 488.0 33.0 488.0 small-vehicle 0
35.0 459.0 58.0 459.0 58.0 474.0 35.0 474.0 small-vehicle 0
37.0 446.0 61.0 446.0 61.0 462.0 37.0 462.0 small-vehicle 0
78.0 473.0 103.0 473.0 103.0 487.0 78.0 487.0 small-vehicle 0
54.0 607.0 72.0 607.0 72.0 617.0 54.0 617.0 small-vehicle 0
6.0 586.0 30.0 586.0 30.0 606.0 6.0 606.0 small-vehicle 0
83.0 450.0 108.0 450.0 108.0 465.0 83.0 465.0 small-vehicle 0
11.0 581.0 35.0 581.0 35.0 593.0 11.0 593.0 small-vehicle 0
686.0 33.0 710.0 33.0 710.0 47.0 686.0 47.0 small-vehicle 0
743.0 31.0 766.0 31.0 766.0 44.0 743.0 44.0 small-vehicle 0
768.0 37.0 789.0 37.0 789.0 50.0 768.0 50.0 small-vehicle 0
804.0 137.0 817.0 137.0 817.0 156.0 804.0 156.0 small-vehicle 0
793.0 155.0 809.0 155.0 809.0 177.0 793.0 177.0 small-vehicle 0
783.0 178.0 798.0 178.0 798.0 196.0 783.0 196.0 small-vehicle 0
773.0 196.0 791.0 196.0 791.0 219.0 773.0 219.0 small-vehicle 0
746.0 234.0 761.0 234.0 761.0 257.0 746.0 257.0 small-vehicle 0
741.0 260.0 755.0 260.0 755.0 281.0 741.0 281.0 small-vehicle 0
732.0 285.0 747.0 285.0 747.0 307.0 732.0 307.0 small-vehicle 0
740.0 311.0 753.0 311.0 753.0 334.0 740.0 334.0 small-vehicle 0
737.0 334.0 749.0 334.0 749.0 356.0 737.0 356.0 small-vehicle 0
734.0 363.0 746.0 363.0 746.0 384.0 734.0 384.0 small-vehicle 0
771.0 431.0 787.0 431.0 787.0 441.0 771.0 441.0 small-vehicle 0
705.0 705.0 721.0 705.0 721.0 730.0 705.0 730.0 small-vehicle 0
31.0 752.0 52.0 752.0 52.0 765.0 31.0 765.0 small-vehicle 1
34.0 739.0 54.0 739.0 54.0 752.0 34.0 752.0 small-vehicle 1
37.0 727.0 55.0 727.0 55.0 741.0 37.0 741.0 small-vehicle 1
19.0 545.0 42.0 545.0 42.0 560.0 19.0 560.0 small-vehicle 0
16.0 558.0 39.0 558.0 39.0 572.0 16.0 572.0 small-vehicle 0
14.0 570.0 36.0 570.0 36.0 583.0 14.0 583.0 small-vehicle 0
81.0 461.0 106.0 461.0 106.0 477.0 81.0 477.0 small-vehicle 0
87.0 438.0 112.0 438.0 112.0 453.0 87.0 453.0 small-vehicle 0
36.0 257.0 59.0 257.0 59.0 285.0 36.0 285.0 small-vehicle 0
80.0 267.0 102.0 267.0 102.0 281.0 80.0 281.0 small-vehicle 1
86.0 247.0 107.0 247.0 107.0 261.0 86.0 261.0 small-vehicle 1
87.0 237.0 107.0 237.0 107.0 250.0 87.0 250.0 small-vehicle 1
139.0 219.0 160.0 219.0 160.0 232.0 139.0 232.0 small-vehicle 1
145.0 192.0 166.0 192.0 166.0 205.0 145.0 205.0 small-vehicle 1
142.0 202.0 165.0 202.0 165.0 214.0 142.0 214.0 small-vehicle 1
93.0 205.0 114.0 205.0 114.0 219.0 93.0 219.0 small-vehicle 1
97.0 196.0 115.0 196.0 115.0 209.0 97.0 209.0 small-vehicle 1
103.0 154.0 125.0 154.0 125.0 168.0 103.0 168.0 small-vehicle 1
102.0 173.0 121.0 173.0 121.0 188.0 102.0 188.0 small-vehicle 1
151.0 159.0 173.0 159.0 173.0 173.0 151.0 173.0 small-vehicle 1
160.0 128.0 179.0 128.0 179.0 141.0 160.0 141.0 small-vehicle 1
111.0 115.0 132.0 115.0 132.0 128.0 111.0 128.0 small-vehicle 1
118.0 94.0 137.0 94.0 137.0 107.0 118.0 107.0 small-vehicle 1
119.0 85.0 141.0 85.0 141.0 98.0 119.0 98.0 small-vehicle 1
163.0 110.0 184.0 110.0 184.0 123.0 163.0 123.0 small-vehicle 1
170.0 68.0 193.0 68.0 193.0 82.0 170.0 82.0 small-vehicle 1
172.0 56.0 195.0 56.0 195.0 72.0 172.0 72.0 small-vehicle 1
175.0 45.0 198.0 45.0 198.0 61.0 175.0 61.0 small-vehicle 1
177.0 32.0 198.0 32.0 198.0 46.0 177.0 46.0 small-vehicle 1
132.0 44.0 152.0 44.0 152.0 56.0 132.0 56.0 small-vehicle 1
30.0 270.0 54.0 270.0 54.0 300.0 30.0 300.0 small-vehicle 0
82.0 256.0 104.0 256.0 104.0 271.0 82.0 271.0 small-vehicle 1
79.0 280.0 98.0 280.0 98.0 289.0 79.0 289.0 small-vehicle 1
41.0 436.0 65.0 436.0 65.0 451.0 41.0 451.0 small-vehicle 0
80.0 298.0 102.0 298.0 102.0 313.0 80.0 313.0 small-vehicle 1
47.0 429.0 71.0 429.0 71.0 443.0 47.0 443.0 small-vehicle 0
48.0 418.0 70.0 418.0 70.0 431.0 48.0 431.0 small-vehicle 0
71.0 426.0 87.0 426.0 87.0 452.0 71.0 452.0 small-vehicle 0
48.0 403.0 73.0 403.0 73.0 418.0 48.0 418.0 small-vehicle 0
89.0 426.0 114.0 426.0 114.0 442.0 89.0 442.0 small-vehicle 0
94.0 416.0 114.0 416.0 114.0 430.0 94.0 430.0 small-vehicle 0
98.0 402.0 121.0 402.0 121.0 416.0 98.0 416.0 small-vehicle 0
100.0 391.0 122.0 391.0 122.0 405.0 100.0 405.0 small-vehicle 0
101.0 379.0 125.0 379.0 125.0 395.0 101.0 395.0 small-vehicle 0
109.0 371.0 125.0 371.0 125.0 382.0 109.0 382.0 small-vehicle 1
110.0 355.0 131.0 355.0 131.0 368.0 110.0 368.0 small-vehicle 0
111.0 337.0 135.0 337.0 135.0 353.0 111.0 353.0 small-vehicle 0
114.0 326.0 139.0 326.0 139.0 340.0 114.0 340.0 small-vehicle 0
117.0 315.0 142.0 315.0 142.0 329.0 117.0 329.0 small-vehicle 0
120.0 304.0 143.0 304.0 143.0 319.0 120.0 319.0 small-vehicle 0
80.0 375.0 92.0 375.0 92.0 396.0 80.0 396.0 small-vehicle 1
85.0 350.0 98.0 350.0 98.0 372.0 85.0 372.0 small-vehicle 1
90.0 328.0 102.0 328.0 102.0 349.0 90.0 349.0 small-vehicle 1
129.0 263.0 150.0 263.0 150.0 276.0 129.0 276.0 small-vehicle 1
132.0 252.0 153.0 252.0 153.0 266.0 132.0 266.0 small-vehicle 1
130.0 239.0 155.0 239.0 155.0 256.0 130.0 256.0 small-vehicle 1
268.0 375.0 310.0 375.0 310.0 397.0 268.0 397.0 large-vehicle 0
