imagesource:GoogleEarth
gsd:0.266045440049
291.0 452.0 306.0 452.0 306.0 466.0 291.0 466.0 storage-tank 0
317.0 422.0 357.0 422.0 357.0 435.0 317.0 435.0 large-vehicle 0
161.0 472.0 173.0 472.0 173.0 507.0 161.0 507.0 large-vehicle 0
74.0 356.0 111.0 356.0 111.0 371.0 74.0 371.0 large-vehicle 0
72.0 345.0 112.0 345.0 112.0 361.0 72.0 361.0 large-vehicle 0
74.0 406.0 117.0 406.0 117.0 427.0 74.0 427.0 large-vehicle 0
245.0 255.0 285.0 255.0 285.0 266.0 245.0 266.0 large-vehicle 0
145.0 475.0 158.0 475.0 158.0 509.0 145.0 509.0 large-vehicle 0
129.0 474.0 143.0 474.0 143.0 510.0 129.0 510.0 large-vehicle 0
108.0 476.0 126.0 476.0 126.0 511.0 108.0 511.0 large-vehicle 0
92.0 479.0 104.0 479.0 104.0 515.0 92.0 515.0 large-vehicle 0
77.0 394.0 116.0 394.0 116.0 412.0 77.0 412.0 large-vehicle 0
72.0 332.0 111.0 332.0 111.0 348.0 72.0 348.0 large-vehicle 0
292.0 382.0 335.0 382.0 335.0 393.0 292.0 393.0 large-vehicle 0
243.0 394.0 284.0 394.0 284.0 406.0 243.0 406.0 large-vehicle 0
290.0 367.0 332.0 367.0 332.0 379.0 290.0 379.0 large-vehicle 0
292.0 298.0 334.0 298.0 334.0 312.0 292.0 312.0 large-vehicle 0
297.0 256.0 338.0 256.0 338.0 268.0 297.0 268.0 large-vehicle 0
243.0 408.0 282.0 408.0 282.0 422.0 243.0 422.0 large-vehicle 0
242.0 378.0 283.0 378.0 283.0 391.0 242.0 391.0 large-vehicle 0
245.0 367.0 284.0 367.0 284.0 378.0 245.0 378.0 large-vehicle 0
244.0 352.0 284.0 352.0 284.0 365.0 244.0 365.0 large-vehicle 0
249.0 340.0 285.0 340.0 285.0 352.0 249.0 352.0 large-vehicle 0
243.0 327.0 284.0 327.0 284.0 338.0 243.0 338.0 large-vehicle 0
245.0 311.0 283.0 311.0 283.0 323.0 245.0 323.0 large-vehicle 0
258.0 286.0 282.0 286.0 282.0 294.0 258.0 294.0 large-vehicle 0
178.0 487.0 188.0 487.0 188.0 540.0 178.0 540.0 large-vehicle 0
293.0 313.0 335.0 313.0 335.0 325.0 293.0 325.0 large-vehicle 0
288.0 551.0 305.0 551.0 305.0 559.0 288.0 559.0 small-vehicle 1
327.0 152.0 347.0 152.0 347.0 161.0 327.0 161.0 small-vehicle 1
288.0 542.0 303.0 542.0 303.0 549.0 288.0 549.0 small-vehicle 1
286.0 530.0 303.0 530.0 303.0 538.0 286.0 538.0 small-vehicle 1
288.0 502.0 306.0 502.0 306.0 509.0 288.0 509.0 small-vehicle 1
250.0 447.0 263.0 447.0 263.0 466.0 250.0 466.0 small-vehicle 1
160.0 389.0 190.0 389.0 190.0 400.0 160.0 400.0 large-vehicle 1
70.0 322.0 111.0 322.0 111.0 336.0 70.0 336.0 large-vehicle 0
294.0 340.0 336.0 340.0 336.0 351.0 294.0 351.0 large-vehicle 0
341.0 307.0 358.0 307.0 358.0 353.0 341.0 353.0 large-vehicle 0
79.0 293.0 103.0 293.0 103.0 304.0 79.0 304.0 small-vehicle 1
328.0 184.0 347.0 184.0 347.0 195.0 328.0 195.0 small-vehicle 1
328.0 173.0 347.0 173.0 347.0 184.0 328.0 184.0 small-vehicle 1
327.0 143.0 348.0 143.0 348.0 152.0 327.0 152.0 small-vehicle 0
290.0 284.0 334.0 284.0 334.0 297.0 290.0 297.0 large-vehicle 0
311.0 155.0 326.0 155.0 326.0 163.0 311.0 163.0 small-vehicle 1
307.0 164.0 326.0 164.0 326.0 173.0 307.0 173.0 small-vehicle 0
305.0 174.0 324.0 174.0 324.0 183.0 305.0 183.0 small-vehicle 0
278.0 186.0 288.0 186.0 288.0 206.0 278.0 206.0 small-vehicle 0
325.0 211.0 346.0 211.0 346.0 221.0 325.0 221.0 small-vehicle 0
383.0 149.0 391.0 149.0 391.0 169.0 383.0 169.0 small-vehicle 0
419.0 135.0 437.0 135.0 437.0 157.0 419.0 157.0 small-vehicle 0
304.0 100.0 313.0 100.0 313.0 118.0 304.0 118.0 small-vehicle 0
288.0 100.0 299.0 100.0 299.0 117.0 288.0 117.0 small-vehicle 0
278.0 103.0 286.0 103.0 286.0 123.0 278.0 123.0 small-vehicle 0
291.0 353.0 333.0 353.0 333.0 365.0 291.0 365.0 large-vehicle 0
247.0 272.0 283.0 272.0 283.0 282.0 247.0 282.0 large-vehicle 0
