imagesource:GoogleEarth
gsd:0.274097566641
766.0 2094.0 1318.0 2094.0 1318.0 2375.0 766.0 2375.0 harbor 0
1299.0 1837.0 1326.0 1837.0 1326.0 1885.0 1299.0 1885.0 ship 0
1411.0 1478.0 1460.0 1478.0 1460.0 1523.0 1411.0 1523.0 ship 0
1426.0 1464.0 1472.0 1464.0 1472.0 1508.0 1426.0 1508.0 ship 0
1461.0 1418.0 1506.0 1418.0 1506.0 1465.0 1461.0 1465.0 ship 0
1212.0 1966.0 1231.0 1966.0 1231.0 2000.0 1212.0 2000.0 ship 0
1161.0 1945.0 1180.0 1945.0 1180.0 1993.0 1161.0 1993.0 ship 0
1136.0 1945.0 1160.0 1945.0 1160.0 1986.0 1136.0 1986.0 ship 0
1094.0 1923.0 1128.0 1923.0 1128.0 1980.0 1094.0 1980.0 ship 0
1056.0 1906.0 1089.0 1906.0 1089.0 1968.0 1056.0 1968.0 ship 0
1034.0 1899.0 1069.0 1899.0 1069.0 1966.0 1034.0 1966.0 ship 0
1024.0 1915.0 1048.0 1915.0 1048.0 1956.0 1024.0 1956.0 ship 0
1004.0 1914.0 1028.0 1914.0 1028.0 1955.0 1004.0 1955.0 ship 0
1270.0 1829.0 1299.0 1829.0 1299.0 1876.0 1270.0 1876.0 ship 0
1391.0 1514.0 1436.0 1514.0 1436.0 1553.0 1391.0 1553.0 ship 0
1222.0 1815.0 1267.0 1815.0 1267.0 1872.0 1222.0 1872.0 ship 0
1204.0 1805.0 1247.0 1805.0 1247.0 1858.0 1204.0 1858.0 ship 0
1183.0 1796.0 1224.0 1796.0 1224.0 1851.0 1183.0 1851.0 ship 0
1166.0 1787.0 1201.0 1787.0 1201.0 1836.0 1166.0 1836.0 ship 0
1139.0 1777.0 1186.0 1777.0 1186.0 1841.0 1139.0 1841.0 ship 0
1101.0 1750.0 1149.0 1750.0 1149.0 1810.0 1101.0 1810.0 ship 0
1234.0 1654.0 1280.0 1654.0 1280.0 1702.0 1234.0 1702.0 ship 0
1260.0 1640.0 1309.0 1640.0 1309.0 1680.0 1260.0 1680.0 ship 0
1267.0 1615.0 1323.0 1615.0 1323.0 1661.0 1267.0 1661.0 ship 0
1294.0 1583.0 1340.0 1583.0 1340.0 1631.0 1294.0 1631.0 ship 0
1297.0 1561.0 1352.0 1561.0 1352.0 1610.0 1297.0 1610.0 ship 0
1402.0 1498.0 1446.0 1498.0 1446.0 1535.0 1402.0 1535.0 ship 0
1382.0 1526.0 1426.0 1526.0 1426.0 1568.0 1382.0 1568.0 ship 0
1319.0 1510.0 1369.0 1510.0 1369.0 1557.0 1319.0 1557.0 ship 0
1496.0 1636.0 1543.0 1636.0 1543.0 1681.0 1496.0 1681.0 ship 0
1014.0 1966.0 1042.0 1966.0 1042.0 2013.0 1014.0 2013.0 ship 0
968.0 1952.0 1004.0 1952.0 1004.0 2007.0 968.0 2007.0 ship 0
1242.0 1971.0 1272.0 1971.0 1272.0 2023.0 1242.0 2023.0 ship 0
1225.0 1966.0 1252.0 1966.0 1252.0 2013.0 1225.0 2013.0 ship 0
1632.0 1820.0 1668.0 1820.0 1668.0 1838.0 1632.0 1838.0 ship 0
1619.0 1780.0 1652.0 1780.0 1652.0 1818.0 1619.0 1818.0 ship 0
1609.0 1768.0 1644.0 1768.0 1644.0 1800.0 1609.0 1800.0 ship 0
1601.0 1748.0 1641.0 1748.0 1641.0 1787.0 1601.0 1787.0 ship 0
1594.0 1736.0 1628.0 1736.0 1628.0 1772.0 1594.0 1772.0 ship 0
1579.0 1716.0 1618.0 1716.0 1618.0 1753.0 1579.0 1753.0 ship 0
1573.0 1701.0 1608.0 1701.0 1608.0 1735.0 1573.0 1735.0 ship 0
1512.0 1622.0 1562.0 1622.0 1562.0 1669.0 1512.0 1669.0 ship 0
1556.0 1478.0 1605.0 1478.0 1605.0 1526.0 1556.0 1526.0 ship 0
1529.0 1609.0 1571.0 1609.0 1571.0 1651.0 1529.0 1651.0 ship 0
1541.0 1595.0 1583.0 1595.0 1583.0 1636.0 1541.0 1636.0 ship 0
1551.0 1582.0 1592.0 1582.0 1592.0 1616.0 1551.0 1616.0 ship 0
1468.0 1615.0 1506.0 1615.0 1506.0 1647.0 1468.0 1647.0 ship 0
1473.0 1589.0 1521.0 1589.0 1521.0 1635.0 1473.0 1635.0 ship 0
1484.0 1576.0 1528.0 1576.0 1528.0 1615.0 1484.0 1615.0 ship 0
1501.0 1561.0 1540.0 1561.0 1540.0 1601.0 1501.0 1601.0 ship 0
1503.0 1545.0 1556.0 1545.0 1556.0 1588.0 1503.0 1588.0 ship 0
1516.0 1528.0 1560.0 1528.0 1560.0 1568.0 1516.0 1568.0 ship 0
1530.0 1513.0 1581.0 1513.0 1581.0 1554.0 1530.0 1554.0 ship 0
1548.0 1500.0 1591.0 1500.0 1591.0 1541.0 1548.0 1541.0 ship 0
1311.0 1535.0 1379.0 1535.0 1379.0 1592.0 1311.0 1592.0 ship 0
1331.0 1492.0 1381.0 1492.0 1381.0 1539.0 1331.0 1539.0 ship 0
2182.0 700.0 2209.0 700.0 2209.0 744.0 2182.0 744.0 ship 0
930.0 3208.0 950.0 3208.0 950.0 3249.0 930.0 3249.0 large-vehicle 0
1334.0 22.0 1351.0 22.0 1351.0 37.0 1334.0 37.0 small-vehicle 0
1313.0 32.0 1324.0 32.0 1324.0 49.0 1313.0 49.0 small-vehicle 1
1305.0 29.0 1316.0 29.0 1316.0 45.0 1305.0 45.0 small-vehicle 1
1294.0 26.0 1305.0 26.0 1305.0 46.0 1294.0 46.0 small-vehicle 0
1283.0 25.0 1295.0 25.0 1295.0 44.0 1283.0 44.0 small-vehicle 0
1267.0 21.0 1275.0 21.0 1275.0 41.0 1267.0 41.0 small-vehicle 0
1258.0 21.0 1268.0 21.0 1268.0 41.0 1258.0 41.0 small-vehicle 0
1247.0 18.0 1258.0 18.0 1258.0 39.0 1247.0 39.0 small-vehicle 0
920.0 3073.0 936.0 3073.0 936.0 3094.0 920.0 3094.0 small-vehicle 0
918.0 3132.0 930.0 3132.0 930.0 3156.0 918.0 3156.0 small-vehicle 0
919.0 3159.0 931.0 3159.0 931.0 3180.0 919.0 3180.0 small-vehicle 0
959.0 2728.0 983.0 2728.0 983.0 2761.0 959.0 2761.0 ship 0
1254.0 46.0 1264.0 46.0 1264.0 63.0 1254.0 63.0 small-vehicle 0
987.0 2744.0 1016.0 2744.0 1016.0 2777.0 987.0 2777.0 ship 0
1022.0 2758.0 1046.0 2758.0 1046.0 2790.0 1022.0 2790.0 ship 0
1041.0 2768.0 1063.0 2768.0 1063.0 2795.0 1041.0 2795.0 ship 0
1052.0 2771.0 1079.0 2771.0 1079.0 2806.0 1052.0 2806.0 ship 0
1070.0 2780.0 1092.0 2780.0 1092.0 2814.0 1070.0 2814.0 ship 0
1074.0 2721.0 1108.0 2721.0 1108.0 2774.0 1074.0 2774.0 ship 0
1054.0 2711.0 1095.0 2711.0 1095.0 2765.0 1054.0 2765.0 ship 0
1028.0 2714.0 1056.0 2714.0 1056.0 2744.0 1028.0 2744.0 ship 0
1016.0 2711.0 1039.0 2711.0 1039.0 2741.0 1016.0 2741.0 ship 0
988.0 2697.0 1014.0 2697.0 1014.0 2725.0 988.0 2725.0 ship 0
966.0 2681.0 990.0 2681.0 990.0 2710.0 966.0 2710.0 ship 0
1327.0 41.0 1346.0 41.0 1346.0 56.0 1327.0 56.0 small-vehicle 0
1291.0 51.0 1303.0 51.0 1303.0 71.0 1291.0 71.0 small-vehicle 0
1346.0 1476.0 1395.0 1476.0 1395.0 1520.0 1346.0 1520.0 ship 0
1351.0 129.0 1376.0 129.0 1376.0 145.0 1351.0 145.0 small-vehicle 0
1361.0 1457.0 1408.0 1457.0 1408.0 1503.0 1361.0 1503.0 ship 0
1366.0 1435.0 1419.0 1435.0 1419.0 1482.0 1366.0 1482.0 ship 0
1391.0 1401.0 1452.0 1401.0 1452.0 1456.0 1391.0 1456.0 ship 0
1409.0 1387.0 1457.0 1387.0 1457.0 1433.0 1409.0 1433.0 ship 0
1422.0 1371.0 1474.0 1371.0 1474.0 1416.0 1422.0 1416.0 ship 0
1441.0 1358.0 1486.0 1358.0 1486.0 1398.0 1441.0 1398.0 ship 0
1448.0 1336.0 1508.0 1336.0 1508.0 1385.0 1448.0 1385.0 ship 0
1161.0 66.0 1172.0 66.0 1172.0 87.0 1161.0 87.0 small-vehicle 0
1376.0 24.0 1394.0 24.0 1394.0 34.0 1376.0 34.0 small-vehicle 0
1371.0 44.0 1390.0 44.0 1390.0 56.0 1371.0 56.0 small-vehicle 0
1369.0 54.0 1389.0 54.0 1389.0 67.0 1369.0 67.0 small-vehicle 0
1352.0 141.0 1370.0 141.0 1370.0 154.0 1352.0 154.0 small-vehicle 0
1301.0 54.0 1312.0 54.0 1312.0 72.0 1301.0 72.0 small-vehicle 0
1348.0 151.0 1367.0 151.0 1367.0 162.0 1348.0 162.0 small-vehicle 0
1324.0 168.0 1334.0 168.0 1334.0 186.0 1324.0 186.0 small-vehicle 0
1175.0 122.0 1193.0 122.0 1193.0 143.0 1175.0 143.0 small-vehicle 0
1205.0 136.0 1222.0 136.0 1222.0 159.0 1205.0 159.0 small-vehicle 0
1294.0 115.0 1308.0 115.0 1308.0 137.0 1294.0 137.0 small-vehicle 0
1314.0 121.0 1326.0 121.0 1326.0 144.0 1314.0 144.0 small-vehicle 0
1311.0 96.0 1319.0 96.0 1319.0 115.0 1311.0 115.0 small-vehicle 0
1316.0 99.0 1332.0 99.0 1332.0 122.0 1316.0 122.0 small-vehicle 0
1299.0 97.0 1310.0 97.0 1310.0 116.0 1299.0 116.0 small-vehicle 0
1279.0 92.0 1292.0 92.0 1292.0 115.0 1279.0 115.0 small-vehicle 0
1321.0 56.0 1331.0 56.0 1331.0 76.0 1321.0 76.0 small-vehicle 0
1086.0 1985.0 1112.0 1985.0 1112.0 2035.0 1086.0 2035.0 ship 0
1101.0 1988.0 1135.0 1988.0 1135.0 2038.0 1101.0 2038.0 ship 0
1121.0 1997.0 1146.0 1997.0 1146.0 2042.0 1121.0 2042.0 ship 0
1294.0 2425.0 1309.0 2425.0 1309.0 2456.0 1294.0 2456.0 ship 0
1862.0 204.0 1886.0 204.0 1886.0 236.0 1862.0 236.0 ship 0
1923.0 85.0 1967.0 85.0 1967.0 140.0 1923.0 140.0 ship 0
1858.0 130.0 1883.0 130.0 1883.0 163.0 1858.0 163.0 ship 0
1884.0 111.0 1917.0 111.0 1917.0 146.0 1884.0 146.0 ship 0
1425.0 3767.0 1447.0 3767.0 1447.0 3792.0 1425.0 3792.0 small-vehicle 0
1379.0 3860.0 1399.0 3860.0 1399.0 3885.0 1379.0 3885.0 small-vehicle 0
1267.0 3942.0 1305.0 3942.0 1305.0 3974.0 1267.0 3974.0 small-vehicle 0
1324.0 3917.0 1343.0 3917.0 1343.0 3933.0 1324.0 3933.0 small-vehicle 0
1334.0 3925.0 1358.0 3925.0 1358.0 3945.0 1334.0 3945.0 small-vehicle 0
1327.0 2482.0 1342.0 2482.0 1342.0 2511.0 1327.0 2511.0 ship 0
1321.0 2433.0 1338.0 2433.0 1338.0 2462.0 1321.0 2462.0 ship 0
1275.0 2421.0 1296.0 2421.0 1296.0 2461.0 1275.0 2461.0 ship 0
1911.0 259.0 1942.0 259.0 1942.0 312.0 1911.0 312.0 ship 0
1226.0 2413.0 1252.0 2413.0 1252.0 2461.0 1226.0 2461.0 ship 0
1205.0 2408.0 1232.0 2408.0 1232.0 2461.0 1205.0 2461.0 ship 0
1184.0 2405.0 1214.0 2405.0 1214.0 2460.0 1184.0 2460.0 ship 0
1161.0 2403.0 1191.0 2403.0 1191.0 2468.0 1161.0 2468.0 ship 0
1143.0 2397.0 1165.0 2397.0 1165.0 2448.0 1143.0 2448.0 ship 0
1119.0 2399.0 1148.0 2399.0 1148.0 2451.0 1119.0 2451.0 ship 0
1099.0 2394.0 1119.0 2394.0 1119.0 2438.0 1099.0 2438.0 ship 0
1080.0 2395.0 1101.0 2395.0 1101.0 2434.0 1080.0 2434.0 ship 0
1055.0 2387.0 1082.0 2387.0 1082.0 2439.0 1055.0 2439.0 ship 0
1037.0 2384.0 1059.0 2384.0 1059.0 2425.0 1037.0 2425.0 ship 0
1011.0 2380.0 1037.0 2380.0 1037.0 2428.0 1011.0 2428.0 ship 0
1858.0 248.0 1876.0 248.0 1876.0 281.0 1858.0 281.0 ship 0
1877.0 341.0 1904.0 341.0 1904.0 389.0 1877.0 389.0 ship 0
1156.0 2005.0 1186.0 2005.0 1186.0 2052.0 1156.0 2052.0 ship 0
2209.0 464.0 2224.0 464.0 2224.0 491.0 2209.0 491.0 ship 0
2334.0 648.0 2350.0 648.0 2350.0 671.0 2334.0 671.0 ship 0
2293.0 635.0 2316.0 635.0 2316.0 665.0 2293.0 665.0 ship 0
2282.0 591.0 2306.0 591.0 2306.0 626.0 2282.0 626.0 ship 0
2255.0 585.0 2275.0 585.0 2275.0 619.0 2255.0 619.0 ship 0
2227.0 576.0 2246.0 576.0 2246.0 611.0 2227.0 611.0 ship 0
2213.0 575.0 2236.0 575.0 2236.0 606.0 2213.0 606.0 ship 0
2034.0 535.0 2050.0 535.0 2050.0 554.0 2034.0 554.0 ship 0
2346.0 503.0 2368.0 503.0 2368.0 531.0 2346.0 531.0 ship 0
2316.0 493.0 2337.0 493.0 2337.0 519.0 2316.0 519.0 ship 0
2277.0 480.0 2290.0 480.0 2290.0 509.0 2277.0 509.0 ship 0
2252.0 464.0 2275.0 464.0 2275.0 503.0 2252.0 503.0 ship 0
2176.0 451.0 2196.0 451.0 2196.0 483.0 2176.0 483.0 ship 0
1836.0 386.0 1865.0 386.0 1865.0 434.0 1836.0 434.0 ship 0
2158.0 451.0 2172.0 451.0 2172.0 478.0 2158.0 478.0 ship 0
2125.0 434.0 2148.0 434.0 2148.0 473.0 2125.0 473.0 ship 0
2086.0 433.0 2104.0 433.0 2104.0 474.0 2086.0 474.0 ship 0
2378.0 371.0 2393.0 371.0 2393.0 396.0 2378.0 396.0 ship 0
2350.0 361.0 2363.0 361.0 2363.0 386.0 2350.0 386.0 ship 0
2292.0 381.0 2314.0 381.0 2314.0 413.0 2292.0 413.0 ship 0
2238.0 369.0 2260.0 369.0 2260.0 406.0 2238.0 406.0 ship 0
2183.0 351.0 2203.0 351.0 2203.0 381.0 2183.0 381.0 ship 0
2111.0 334.0 2138.0 334.0 2138.0 367.0 2111.0 367.0 ship 0
2181.0 309.0 2205.0 309.0 2205.0 343.0 2181.0 343.0 ship 0
1790.0 375.0 1823.0 375.0 1823.0 435.0 1790.0 435.0 ship 0
989.0 2375.0 1018.0 2375.0 1018.0 2426.0 989.0 2426.0 ship 0
972.0 2375.0 992.0 2375.0 992.0 2419.0 972.0 2419.0 ship 0
952.0 2367.0 972.0 2367.0 972.0 2421.0 952.0 2421.0 ship 0
1092.0 2111.0 1115.0 2111.0 1115.0 2149.0 1092.0 2149.0 ship 0
1269.0 2624.0 1297.0 2624.0 1297.0 2663.0 1269.0 2663.0 ship 0
1292.0 2653.0 1321.0 2653.0 1321.0 2682.0 1292.0 2682.0 ship 0
1246.0 2687.0 1284.0 2687.0 1284.0 2717.0 1246.0 2717.0 ship 0
1206.0 2708.0 1248.0 2708.0 1248.0 2742.0 1206.0 2742.0 ship 0
1110.0 2753.0 1132.0 2753.0 1132.0 2782.0 1110.0 2782.0 ship 0
1089.0 2728.0 1129.0 2728.0 1129.0 2783.0 1089.0 2783.0 ship 0
1202.0 2136.0 1226.0 2136.0 1226.0 2182.0 1202.0 2182.0 ship 0
1185.0 2126.0 1211.0 2126.0 1211.0 2177.0 1185.0 2177.0 ship 0
1167.0 2123.0 1196.0 2123.0 1196.0 2173.0 1167.0 2173.0 ship 0
1144.0 2114.0 1176.0 2114.0 1176.0 2169.0 1144.0 2169.0 ship 0
1108.0 2105.0 1141.0 2105.0 1141.0 2156.0 1108.0 2156.0 ship 0
1058.0 2097.0 1088.0 2097.0 1088.0 2146.0 1058.0 2146.0 ship 0
892.0 2361.0 923.0 2361.0 923.0 2429.0 892.0 2429.0 ship 0
1041.0 2098.0 1064.0 2098.0 1064.0 2137.0 1041.0 2137.0 ship 0
1019.0 2087.0 1051.0 2087.0 1051.0 2133.0 1019.0 2133.0 ship 0
1004.0 2084.0 1027.0 2084.0 1027.0 2128.0 1004.0 2128.0 ship 0
985.0 2077.0 1009.0 2077.0 1009.0 2119.0 985.0 2119.0 ship 0
966.0 2073.0 992.0 2073.0 992.0 2117.0 966.0 2117.0 ship 0
944.0 2074.0 969.0 2074.0 969.0 2114.0 944.0 2114.0 ship 0
929.0 2063.0 951.0 2063.0 951.0 2107.0 929.0 2107.0 ship 0
911.0 2071.0 932.0 2071.0 932.0 2107.0 911.0 2107.0 ship 0
1248.0 2029.0 1277.0 2029.0 1277.0 2079.0 1248.0 2079.0 ship 0
1215.0 2022.0 1239.0 2022.0 1239.0 2068.0 1215.0 2068.0 ship 0
1174.0 2008.0 1206.0 2008.0 1206.0 2056.0 1174.0 2056.0 ship 0
1256.0 2622.0 1279.0 2622.0 1279.0 2659.0 1256.0 2659.0 ship 0
1210.0 2607.0 1244.0 2607.0 1244.0 2658.0 1210.0 2658.0 ship 0
1189.0 2604.0 1220.0 2604.0 1220.0 2648.0 1189.0 2648.0 ship 0
1174.0 2597.0 1200.0 2597.0 1200.0 2646.0 1174.0 2646.0 ship 0
835.0 2347.0 869.0 2347.0 869.0 2415.0 835.0 2415.0 ship 0
798.0 2339.0 829.0 2339.0 829.0 2401.0 798.0 2401.0 ship 0
1321.0 2596.0 1349.0 2596.0 1349.0 2637.0 1321.0 2637.0 ship 0
1258.0 2579.0 1286.0 2579.0 1286.0 2612.0 1258.0 2612.0 ship 0
1246.0 2569.0 1268.0 2569.0 1268.0 2608.0 1246.0 2608.0 ship 0
1205.0 2557.0 1228.0 2557.0 1228.0 2593.0 1205.0 2593.0 ship 0
1183.0 2548.0 1201.0 2548.0 1201.0 2580.0 1183.0 2580.0 ship 0
1138.0 2534.0 1161.0 2534.0 1161.0 2570.0 1138.0 2570.0 ship 0
1124.0 2532.0 1146.0 2532.0 1146.0 2567.0 1124.0 2567.0 ship 0
1089.0 2522.0 1112.0 2522.0 1112.0 2555.0 1089.0 2555.0 ship 0
1038.0 2503.0 1061.0 2503.0 1061.0 2533.0 1038.0 2533.0 ship 0
1024.0 2494.0 1045.0 2494.0 1045.0 2537.0 1024.0 2537.0 ship 0
1003.0 2488.0 1029.0 2488.0 1029.0 2529.0 1003.0 2529.0 ship 0
950.0 2519.0 985.0 2519.0 985.0 2572.0 950.0 2572.0 ship 0
974.0 2525.0 1005.0 2525.0 1005.0 2579.0 974.0 2579.0 ship 0
994.0 2533.0 1025.0 2533.0 1025.0 2583.0 994.0 2583.0 ship 0
1006.0 2544.0 1046.0 2544.0 1046.0 2603.0 1006.0 2603.0 ship 0
1025.0 2546.0 1066.0 2546.0 1066.0 2614.0 1025.0 2614.0 ship 0
1049.0 2552.0 1085.0 2552.0 1085.0 2613.0 1049.0 2613.0 ship 0
1072.0 2560.0 1104.0 2560.0 1104.0 2611.0 1072.0 2611.0 ship 0
1094.0 2567.0 1127.0 2567.0 1127.0 2616.0 1094.0 2616.0 ship 0
1114.0 2578.0 1146.0 2578.0 1146.0 2627.0 1114.0 2627.0 ship 0
1135.0 2583.0 1167.0 2583.0 1167.0 2632.0 1135.0 2632.0 ship 0
950.0 2675.0 976.0 2675.0 976.0 2707.0 950.0 2707.0 ship 0
940.0 2667.0 966.0 2667.0 966.0 2701.0 940.0 2701.0 ship 0
887.0 2644.0 911.0 2644.0 911.0 2675.0 887.0 2675.0 ship 0
463.0 160.0 480.0 160.0 480.0 179.0 463.0 179.0 small-vehicle 0
181.0 372.0 196.0 372.0 196.0 389.0 181.0 389.0 small-vehicle 0
115.0 386.0 129.0 386.0 129.0 406.0 115.0 406.0 small-vehicle 0
23.0 355.0 45.0 355.0 45.0 374.0 23.0 374.0 small-vehicle 0
182.0 250.0 199.0 250.0 199.0 271.0 182.0 271.0 small-vehicle 0
156.0 235.0 171.0 235.0 171.0 256.0 156.0 256.0 small-vehicle 0
264.0 261.0 279.0 261.0 279.0 282.0 264.0 282.0 small-vehicle 0
285.0 218.0 302.0 218.0 302.0 239.0 285.0 239.0 small-vehicle 0
327.0 164.0 347.0 164.0 347.0 184.0 327.0 184.0 small-vehicle 0
307.0 151.0 327.0 151.0 327.0 173.0 307.0 173.0 small-vehicle 0
247.0 117.0 267.0 117.0 267.0 136.0 247.0 136.0 small-vehicle 0
214.0 98.0 233.0 98.0 233.0 117.0 214.0 117.0 small-vehicle 0
828.0 35.0 846.0 35.0 846.0 46.0 828.0 46.0 small-vehicle 0
199.0 383.0 213.0 383.0 213.0 403.0 199.0 403.0 small-vehicle 0
690.0 8.0 708.0 8.0 708.0 21.0 690.0 21.0 small-vehicle 0
505.0 71.0 526.0 71.0 526.0 86.0 505.0 86.0 small-vehicle 0
496.0 79.0 509.0 79.0 509.0 100.0 496.0 100.0 small-vehicle 0
415.0 64.0 436.0 64.0 436.0 88.0 415.0 88.0 small-vehicle 0
410.0 89.0 425.0 89.0 425.0 108.0 410.0 108.0 small-vehicle 0
145.0 7.0 163.0 7.0 163.0 24.0 145.0 24.0 small-vehicle 0
203.0 208.0 219.0 208.0 219.0 230.0 203.0 230.0 small-vehicle 0
215.0 186.0 229.0 186.0 229.0 206.0 215.0 206.0 small-vehicle 0
259.0 156.0 287.0 156.0 287.0 177.0 259.0 177.0 small-vehicle 0
193.0 337.0 214.0 337.0 214.0 354.0 193.0 354.0 small-vehicle 0
171.0 365.0 189.0 365.0 189.0 386.0 171.0 386.0 small-vehicle 0
191.0 375.0 204.0 375.0 204.0 396.0 191.0 396.0 small-vehicle 0
138.0 439.0 154.0 439.0 154.0 461.0 138.0 461.0 small-vehicle 0
103.0 1440.0 111.0 1440.0 111.0 1459.0 103.0 1459.0 small-vehicle 0
109.0 833.0 128.0 833.0 128.0 851.0 109.0 851.0 small-vehicle 0
106.0 1386.0 114.0 1386.0 114.0 1407.0 106.0 1407.0 small-vehicle 0
134.0 1298.0 151.0 1298.0 151.0 1307.0 134.0 1307.0 small-vehicle 0
159.0 1298.0 179.0 1298.0 179.0 1308.0 159.0 1308.0 small-vehicle 0
184.0 1299.0 203.0 1299.0 203.0 1309.0 184.0 1309.0 small-vehicle 0
108.0 1355.0 120.0 1355.0 120.0 1377.0 108.0 1377.0 small-vehicle 0
114.0 1315.0 125.0 1315.0 125.0 1334.0 114.0 1334.0 small-vehicle 0
115.0 796.0 133.0 796.0 133.0 818.0 115.0 818.0 small-vehicle 0
109.0 846.0 127.0 846.0 127.0 865.0 109.0 865.0 small-vehicle 0
106.0 871.0 123.0 871.0 123.0 890.0 106.0 890.0 small-vehicle 0
104.0 881.0 123.0 881.0 123.0 902.0 104.0 902.0 small-vehicle 0
109.0 857.0 124.0 857.0 124.0 878.0 109.0 878.0 small-vehicle 0
118.0 758.0 136.0 758.0 136.0 776.0 118.0 776.0 small-vehicle 0
154.0 448.0 172.0 448.0 172.0 470.0 154.0 470.0 small-vehicle 0
60.0 590.0 79.0 590.0 79.0 605.0 60.0 605.0 small-vehicle 0
36.0 641.0 53.0 641.0 53.0 658.0 36.0 658.0 small-vehicle 0
63.0 581.0 84.0 581.0 84.0 597.0 63.0 597.0 small-vehicle 0
32.0 549.0 47.0 549.0 47.0 567.0 32.0 567.0 small-vehicle 0
3.0 532.0 22.0 532.0 22.0 555.0 3.0 555.0 small-vehicle 0
133.0 348.0 147.0 348.0 147.0 370.0 133.0 370.0 small-vehicle 0
2.0 345.0 20.0 345.0 20.0 360.0 2.0 360.0 small-vehicle 0
118.0 429.0 134.0 429.0 134.0 452.0 118.0 452.0 small-vehicle 0
132.0 434.0 145.0 434.0 145.0 450.0 132.0 450.0 small-vehicle 0
171.0 459.0 186.0 459.0 186.0 481.0 171.0 481.0 small-vehicle 0
163.0 458.0 176.0 458.0 176.0 477.0 163.0 477.0 small-vehicle 0
159.0 291.0 178.0 291.0 178.0 319.0 159.0 319.0 small-vehicle 0
286.0 171.0 303.0 171.0 303.0 186.0 286.0 186.0 small-vehicle 0
333.0 198.0 353.0 198.0 353.0 215.0 333.0 215.0 small-vehicle 0
1494.0 1199.0 1783.0 1199.0 1783.0 1464.0 1494.0 1464.0 harbor 0
973.0 1882.0 1295.0 1882.0 1295.0 2089.0 973.0 2089.0 harbor 0
1099.0 1735.0 1342.0 1735.0 1342.0 1907.0 1099.0 1907.0 harbor 0
1803.0 1876.0 1903.0 1876.0 1903.0 2158.0 1803.0 2158.0 harbor 0
1620.0 1913.0 1750.0 1913.0 1750.0 1994.0 1620.0 1994.0 harbor 0
1556.0 1700.0 1678.0 1700.0 1678.0 1849.0 1556.0 1849.0 harbor 0
1756.0 1811.0 1832.0 1811.0 1832.0 1891.0 1756.0 1891.0 harbor 0
1694.0 1722.0 1812.0 1722.0 1812.0 1802.0 1694.0 1802.0 harbor 0
1676.0 1626.0 1796.0 1626.0 1796.0 1709.0 1676.0 1709.0 harbor 0
1638.0 1517.0 1772.0 1517.0 1772.0 1620.0 1638.0 1620.0 harbor 0
1458.0 1473.0 1640.0 1473.0 1640.0 1682.0 1458.0 1682.0 harbor 0
1220.0 1330.0 1542.0 1330.0 1542.0 1709.0 1220.0 1709.0 harbor 0
1585.0 1070.0 1870.0 1070.0 1870.0 1315.0 1585.0 1315.0 harbor 0
157.0 96.0 182.0 96.0 182.0 116.0 157.0 116.0 small-vehicle 0
1678.0 945.0 1916.0 945.0 1916.0 1159.0 1678.0 1159.0 harbor 0
1781.0 740.0 1943.0 740.0 1943.0 929.0 1781.0 929.0 harbor 0
2119.0 758.0 2304.0 758.0 2304.0 825.0 2119.0 825.0 harbor 0
1939.0 736.0 2070.0 736.0 2070.0 838.0 1939.0 838.0 harbor 0
2088.0 807.0 2235.0 807.0 2235.0 891.0 2088.0 891.0 harbor 0
1970.0 604.0 2337.0 604.0 2337.0 769.0 1970.0 769.0 harbor 0
2021.0 526.0 2371.0 526.0 2371.0 671.0 2021.0 671.0 harbor 0
2081.0 422.0 2391.0 422.0 2391.0 571.0 2081.0 571.0 harbor 0
2115.0 306.0 2426.0 306.0 2426.0 440.0 2115.0 440.0 harbor 0
1796.0 324.0 1908.0 324.0 1908.0 442.0 1796.0 442.0 harbor 0
1850.0 68.0 1983.0 68.0 1983.0 179.0 1850.0 179.0 harbor 0
904.0 2054.0 1255.0 2054.0 1255.0 2203.0 904.0 2203.0 harbor 0
772.0 2312.0 1382.0 2312.0 1382.0 2497.0 772.0 2497.0 harbor 0
944.0 2470.0 1347.0 2470.0 1347.0 2684.0 944.0 2684.0 harbor 0
857.0 2621.0 1144.0 2621.0 1144.0 2840.0 857.0 2840.0 harbor 0
87.0 57.0 109.0 57.0 109.0 76.0 87.0 76.0 small-vehicle 0
105.0 69.0 125.0 69.0 125.0 83.0 105.0 83.0 small-vehicle 0
122.0 46.0 140.0 46.0 140.0 62.0 122.0 62.0 small-vehicle 0
102.0 35.0 122.0 35.0 122.0 54.0 102.0 54.0 small-vehicle 0
82.0 22.0 103.0 22.0 103.0 40.0 82.0 40.0 small-vehicle 0
48.0 36.0 67.0 36.0 67.0 51.0 48.0 51.0 small-vehicle 0
168.0 15.0 184.0 15.0 184.0 38.0 168.0 38.0 small-vehicle 0
57.0 3541.0 311.0 3541.0 311.0 4111.0 57.0 4111.0 harbor 0
265.0 3659.0 501.0 3659.0 501.0 4148.0 265.0 4148.0 harbor 0
440.0 3688.0 679.0 3688.0 679.0 4255.0 440.0 4255.0 harbor 0
1413.0 3510.0 1502.0 3510.0 1502.0 3572.0 1413.0 3572.0 harbor 0
1456.0 3430.0 1542.0 3430.0 1542.0 3485.0 1456.0 3485.0 harbor 0
1487.0 3369.0 1580.0 3369.0 1580.0 3412.0 1487.0 3412.0 harbor 0
1476.0 3294.0 1605.0 3294.0 1605.0 3372.0 1476.0 3372.0 harbor 0
1502.0 3258.0 1605.0 3258.0 1605.0 3298.0 1502.0 3298.0 harbor 0
1500.0 3176.0 1614.0 3176.0 1614.0 3214.0 1500.0 3214.0 harbor 0
668.0 3280.0 877.0 3280.0 877.0 3334.0 668.0 3334.0 harbor 0
619.0 3111.0 668.0 3111.0 668.0 3329.0 619.0 3329.0 harbor 0
538.0 2902.0 650.0 2902.0 650.0 3107.0 538.0 3107.0 harbor 0
719.0 3089.0 883.0 3089.0 883.0 3238.0 719.0 3238.0 harbor 0
679.0 2900.0 908.0 2900.0 908.0 3096.0 679.0 3096.0 harbor 0
705.0 2697.0 1033.0 2697.0 1033.0 2975.0 705.0 2975.0 harbor 0
521.0 2515.0 814.0 2515.0 814.0 2862.0 521.0 2862.0 harbor 0
103.0 1418.0 113.0 1418.0 113.0 1436.0 103.0 1436.0 small-vehicle 0
105.0 1464.0 113.0 1464.0 113.0 1489.0 105.0 1489.0 small-vehicle 0
750.0 2640.0 798.0 2640.0 798.0 2670.0 750.0 2670.0 ship 0
794.0 3438.0 810.0 3438.0 810.0 3449.0 794.0 3449.0 small-vehicle 1
797.0 3451.0 812.0 3451.0 812.0 3459.0 797.0 3459.0 small-vehicle 1
844.0 3421.0 861.0 3421.0 861.0 3434.0 844.0 3434.0 small-vehicle 0
844.0 3434.0 862.0 3434.0 862.0 3444.0 844.0 3444.0 small-vehicle 1
845.0 3442.0 862.0 3442.0 862.0 3455.0 845.0 3455.0 small-vehicle 0
872.0 3438.0 892.0 3438.0 892.0 3450.0 872.0 3450.0 small-vehicle 0
872.0 3416.0 890.0 3416.0 890.0 3428.0 872.0 3428.0 small-vehicle 0
917.0 3411.0 940.0 3411.0 940.0 3424.0 917.0 3424.0 small-vehicle 0
917.0 3423.0 939.0 3423.0 939.0 3436.0 917.0 3436.0 small-vehicle 0
923.0 3434.0 940.0 3434.0 940.0 3443.0 923.0 3443.0 small-vehicle 1
917.0 3445.0 938.0 3445.0 938.0 3456.0 917.0 3456.0 small-vehicle 0
872.0 3429.0 891.0 3429.0 891.0 3439.0 872.0 3439.0 small-vehicle 0
764.0 3429.0 780.0 3429.0 780.0 3442.0 764.0 3442.0 small-vehicle 1
814.0 3288.0 847.0 3288.0 847.0 3302.0 814.0 3302.0 ship 0
763.0 3439.0 783.0 3439.0 783.0 3452.0 763.0 3452.0 small-vehicle 0
763.0 3450.0 783.0 3450.0 783.0 3465.0 763.0 3465.0 small-vehicle 0
712.0 3436.0 734.0 3436.0 734.0 3449.0 712.0 3449.0 small-vehicle 0
715.0 3446.0 734.0 3446.0 734.0 3458.0 715.0 3458.0 small-vehicle 0
716.0 3467.0 734.0 3467.0 734.0 3478.0 716.0 3478.0 small-vehicle 0
976.0 3610.0 986.0 3610.0 986.0 3635.0 976.0 3635.0 small-vehicle 0
1014.0 3574.0 1024.0 3574.0 1024.0 3601.0 1014.0 3601.0 large-vehicle 0
966.0 3502.0 975.0 3502.0 975.0 3523.0 966.0 3523.0 small-vehicle 0
970.0 3545.0 980.0 3545.0 980.0 3562.0 970.0 3562.0 small-vehicle 0
974.0 3566.0 985.0 3566.0 985.0 3583.0 974.0 3583.0 small-vehicle 0
722.0 3639.0 732.0 3639.0 732.0 3658.0 722.0 3658.0 small-vehicle 0
792.0 3429.0 810.0 3429.0 810.0 3438.0 792.0 3438.0 small-vehicle 1
747.0 3288.0 794.0 3288.0 794.0 3308.0 747.0 3308.0 ship 0
103.0 1490.0 114.0 1490.0 114.0 1511.0 103.0 1511.0 small-vehicle 0
766.0 2955.0 789.0 2955.0 789.0 2991.0 766.0 2991.0 ship 0
665.0 2791.0 717.0 2791.0 717.0 2857.0 665.0 2857.0 ship 0
586.0 2764.0 621.0 2764.0 621.0 2809.0 586.0 2809.0 ship 0
607.0 2777.0 637.0 2777.0 637.0 2823.0 607.0 2823.0 ship 0
776.0 2794.0 816.0 2794.0 816.0 2849.0 776.0 2849.0 ship 0
930.0 2875.0 966.0 2875.0 966.0 2918.0 930.0 2918.0 ship 0
546.0 2745.0 576.0 2745.0 576.0 2793.0 546.0 2793.0 ship 0
724.0 2769.0 762.0 2769.0 762.0 2822.0 724.0 2822.0 ship 0
794.0 2805.0 837.0 2805.0 837.0 2862.0 794.0 2862.0 ship 0
819.0 2969.0 866.0 2969.0 866.0 3027.0 819.0 3027.0 ship 0
804.0 2956.0 845.0 2956.0 845.0 3010.0 804.0 3010.0 ship 0
781.0 2953.0 824.0 2953.0 824.0 3007.0 781.0 3007.0 ship 0
703.0 2977.0 742.0 2977.0 742.0 3027.0 703.0 3027.0 ship 0
720.0 3298.0 741.0 3298.0 741.0 3311.0 720.0 3311.0 ship 0
746.0 2934.0 783.0 2934.0 783.0 2984.0 746.0 2984.0 ship 0
722.0 2923.0 763.0 2923.0 763.0 2977.0 722.0 2977.0 ship 0
681.0 2950.0 722.0 2950.0 722.0 3008.0 681.0 3008.0 ship 0
736.0 2996.0 765.0 2996.0 765.0 3033.0 736.0 3033.0 ship 0
761.0 3012.0 786.0 3012.0 786.0 3047.0 761.0 3047.0 ship 0
792.0 3024.0 824.0 3024.0 824.0 3065.0 792.0 3065.0 ship 0
832.0 3044.0 854.0 3044.0 854.0 3091.0 832.0 3091.0 ship 0
804.0 3139.0 826.0 3139.0 826.0 3179.0 804.0 3179.0 ship 0
726.0 3135.0 752.0 3135.0 752.0 3188.0 726.0 3188.0 ship 0
734.0 3192.0 754.0 3192.0 754.0 3239.0 734.0 3239.0 ship 0
809.0 3189.0 830.0 3189.0 830.0 3232.0 809.0 3232.0 ship 0
699.0 3639.0 706.0 3639.0 706.0 3660.0 699.0 3660.0 small-vehicle 0
687.0 3641.0 699.0 3641.0 699.0 3662.0 687.0 3662.0 small-vehicle 0
717.0 3596.0 726.0 3596.0 726.0 3616.0 717.0 3616.0 small-vehicle 0
179.0 1667.0 195.0 1667.0 195.0 1685.0 179.0 1685.0 small-vehicle 0
280.0 1799.0 296.0 1799.0 296.0 1819.0 280.0 1819.0 small-vehicle 0
287.0 1794.0 303.0 1794.0 303.0 1812.0 287.0 1812.0 small-vehicle 0
266.0 1780.0 284.0 1780.0 284.0 1802.0 266.0 1802.0 small-vehicle 0
256.0 1764.0 272.0 1764.0 272.0 1783.0 256.0 1783.0 small-vehicle 0
240.0 1747.0 257.0 1747.0 257.0 1766.0 240.0 1766.0 small-vehicle 0
252.0 1745.0 266.0 1745.0 266.0 1761.0 252.0 1761.0 small-vehicle 1
225.0 1724.0 243.0 1724.0 243.0 1747.0 225.0 1747.0 small-vehicle 0
239.0 1725.0 255.0 1725.0 255.0 1746.0 239.0 1746.0 small-vehicle 0
220.0 1703.0 238.0 1703.0 238.0 1725.0 220.0 1725.0 small-vehicle 0
204.0 1703.0 223.0 1703.0 223.0 1726.0 204.0 1726.0 small-vehicle 0
207.0 1687.0 225.0 1687.0 225.0 1706.0 207.0 1706.0 small-vehicle 0
193.0 1683.0 208.0 1683.0 208.0 1703.0 193.0 1703.0 small-vehicle 0
715.0 3577.0 724.0 3577.0 724.0 3592.0 715.0 3592.0 small-vehicle 0
197.0 1667.0 212.0 1667.0 212.0 1689.0 197.0 1689.0 small-vehicle 0
179.0 1645.0 196.0 1645.0 196.0 1666.0 179.0 1666.0 small-vehicle 0
163.0 1643.0 180.0 1643.0 180.0 1664.0 163.0 1664.0 small-vehicle 0
150.0 1625.0 163.0 1625.0 163.0 1646.0 150.0 1646.0 small-vehicle 0
164.0 1626.0 182.0 1626.0 182.0 1645.0 164.0 1645.0 small-vehicle 0
129.0 1599.0 145.0 1599.0 145.0 1620.0 129.0 1620.0 small-vehicle 0
150.0 1607.0 164.0 1607.0 164.0 1626.0 150.0 1626.0 small-vehicle 0
133.0 1587.0 149.0 1587.0 149.0 1606.0 133.0 1606.0 small-vehicle 0
123.0 1567.0 139.0 1567.0 139.0 1587.0 123.0 1587.0 small-vehicle 0
114.0 1544.0 127.0 1544.0 127.0 1562.0 114.0 1562.0 small-vehicle 0
109.0 1517.0 119.0 1517.0 119.0 1538.0 109.0 1538.0 small-vehicle 0
302.0 1810.0 321.0 1810.0 321.0 1837.0 302.0 1837.0 small-vehicle 0
290.0 1816.0 314.0 1816.0 314.0 1843.0 290.0 1843.0 small-vehicle 0
332.0 1843.0 355.0 1843.0 355.0 1853.0 332.0 1853.0 small-vehicle 0
346.0 1848.0 372.0 1848.0 372.0 1863.0 346.0 1863.0 small-vehicle 0
704.0 3577.0 714.0 3577.0 714.0 3595.0 704.0 3595.0 small-vehicle 0
706.0 3596.0 717.0 3596.0 717.0 3616.0 706.0 3616.0 small-vehicle 1
694.0 3599.0 704.0 3599.0 704.0 3619.0 694.0 3619.0 small-vehicle 0
694.0 3579.0 703.0 3579.0 703.0 3599.0 694.0 3599.0 small-vehicle 0
637.0 3678.0 831.0 3678.0 831.0 4198.0 637.0 4198.0 harbor 0
175.0 3636.0 242.0 3636.0 242.0 3667.0 175.0 3667.0 ship 0
327.0 3861.0 380.0 3861.0 380.0 3890.0 327.0 3890.0 ship 0
80.0 3946.0 153.0 3946.0 153.0 3979.0 80.0 3979.0 ship 0
744.0 3931.0 784.0 3931.0 784.0 3945.0 744.0 3945.0 ship 0
733.0 3999.0 766.0 3999.0 766.0 4018.0 733.0 4018.0 ship 0
666.0 4062.0 703.0 4062.0 703.0 4084.0 666.0 4084.0 ship 0
503.0 1317.0 522.0 1317.0 522.0 1340.0 503.0 1340.0 small-vehicle 0
337.0 1573.0 357.0 1573.0 357.0 1591.0 337.0 1591.0 small-vehicle 0
358.0 1583.0 379.0 1583.0 379.0 1601.0 358.0 1601.0 small-vehicle 0
382.0 1591.0 401.0 1591.0 401.0 1602.0 382.0 1602.0 small-vehicle 0
506.0 1641.0 524.0 1641.0 524.0 1662.0 506.0 1662.0 small-vehicle 0
440.0 1751.0 459.0 1751.0 459.0 1775.0 440.0 1775.0 small-vehicle 0
482.0 1687.0 499.0 1687.0 499.0 1707.0 482.0 1707.0 small-vehicle 0
454.0 1729.0 471.0 1729.0 471.0 1750.0 454.0 1750.0 small-vehicle 0
387.0 1809.0 423.0 1809.0 423.0 1842.0 387.0 1842.0 large-vehicle 0
416.0 1790.0 437.0 1790.0 437.0 1805.0 416.0 1805.0 small-vehicle 0
424.0 1773.0 442.0 1773.0 442.0 1793.0 424.0 1793.0 small-vehicle 0
377.0 1799.0 400.0 1799.0 400.0 1822.0 377.0 1822.0 small-vehicle 0
2304.0 733.0 2329.0 733.0 2329.0 774.0 2304.0 774.0 ship 0
2195.0 665.0 2215.0 665.0 2215.0 693.0 2195.0 693.0 ship 0
417.0 1914.0 782.0 1914.0 782.0 2213.0 417.0 2213.0 harbor 0
2042.0 2029.0 2061.0 2029.0 2061.0 2042.0 2042.0 2042.0 small-vehicle 0
1660.0 2118.0 1680.0 2118.0 1680.0 2136.0 1660.0 2136.0 small-vehicle 0
1653.0 2094.0 1672.0 2094.0 1672.0 2110.0 1653.0 2110.0 small-vehicle 0
1770.0 2027.0 1792.0 2027.0 1792.0 2043.0 1770.0 2043.0 small-vehicle 0
1737.0 2133.0 1756.0 2133.0 1756.0 2150.0 1737.0 2150.0 small-vehicle 0
1432.0 2084.0 1448.0 2084.0 1448.0 2104.0 1432.0 2104.0 small-vehicle 0
1998.0 1915.0 2010.0 1915.0 2010.0 1933.0 1998.0 1933.0 small-vehicle 0
1991.0 1945.0 2012.0 1945.0 2012.0 1954.0 1991.0 1954.0 small-vehicle 0
1992.0 1954.0 2013.0 1954.0 2013.0 1964.0 1992.0 1964.0 small-vehicle 0
1995.0 1981.0 2019.0 1981.0 2019.0 1997.0 1995.0 1997.0 small-vehicle 0
2001.0 2000.0 2023.0 2000.0 2023.0 2014.0 2001.0 2014.0 small-vehicle 0
2047.0 2010.0 2065.0 2010.0 2065.0 2021.0 2047.0 2021.0 small-vehicle 0
2042.0 2040.0 2062.0 2040.0 2062.0 2053.0 2042.0 2053.0 small-vehicle 0
1665.0 2129.0 1686.0 2129.0 1686.0 2144.0 1665.0 2144.0 small-vehicle 0
2045.0 2019.0 2067.0 2019.0 2067.0 2033.0 2045.0 2033.0 small-vehicle 0
2099.0 1976.0 2120.0 1976.0 2120.0 1988.0 2099.0 1988.0 small-vehicle 0
2094.0 2022.0 2113.0 2022.0 2113.0 2033.0 2094.0 2033.0 small-vehicle 0
2089.0 2058.0 2108.0 2058.0 2108.0 2073.0 2089.0 2073.0 small-vehicle 0
2085.0 2070.0 2103.0 2070.0 2103.0 2078.0 2085.0 2078.0 small-vehicle 0
2079.0 2078.0 2100.0 2078.0 2100.0 2092.0 2079.0 2092.0 small-vehicle 0
2071.0 2096.0 2097.0 2096.0 2097.0 2113.0 2071.0 2113.0 small-vehicle 0
2065.0 2122.0 2085.0 2122.0 2085.0 2138.0 2065.0 2138.0 small-vehicle 0
2051.0 2158.0 2069.0 2158.0 2069.0 2173.0 2051.0 2173.0 small-vehicle 0
2046.0 2365.0 2059.0 2365.0 2059.0 2386.0 2046.0 2386.0 small-vehicle 0
1695.0 2010.0 1709.0 2010.0 1709.0 2028.0 1695.0 2028.0 small-vehicle 1
1680.0 2109.0 1700.0 2109.0 1700.0 2126.0 1680.0 2126.0 small-vehicle 0
1688.0 2128.0 1710.0 2128.0 1710.0 2145.0 1688.0 2145.0 small-vehicle 0
1674.0 2014.0 1690.0 2014.0 1690.0 2035.0 1674.0 2035.0 small-vehicle 0
2221.0 1699.0 2236.0 1699.0 2236.0 1720.0 2221.0 1720.0 small-vehicle 0
2231.0 1556.0 2243.0 1556.0 2243.0 1575.0 2231.0 1575.0 small-vehicle 1
2376.0 1729.0 2397.0 1729.0 2397.0 1742.0 2376.0 1742.0 small-vehicle 1
2118.0 1693.0 2136.0 1693.0 2136.0 1708.0 2118.0 1708.0 small-vehicle 0
2423.0 1925.0 2440.0 1925.0 2440.0 1940.0 2423.0 1940.0 small-vehicle 0
2234.0 1862.0 2252.0 1862.0 2252.0 1884.0 2234.0 1884.0 small-vehicle 0
2234.0 1919.0 2250.0 1919.0 2250.0 1939.0 2234.0 1939.0 small-vehicle 0
2059.0 1877.0 2070.0 1877.0 2070.0 1893.0 2059.0 1893.0 small-vehicle 0
2231.0 1632.0 2244.0 1632.0 2244.0 1652.0 2231.0 1652.0 small-vehicle 0
2429.0 1644.0 2447.0 1644.0 2447.0 1655.0 2429.0 1655.0 small-vehicle 0
2380.0 1696.0 2399.0 1696.0 2399.0 1712.0 2380.0 1712.0 small-vehicle 0
2344.0 1706.0 2359.0 1706.0 2359.0 1728.0 2344.0 1728.0 small-vehicle 0
2115.0 1888.0 2136.0 1888.0 2136.0 1900.0 2115.0 1900.0 small-vehicle 0
1686.0 2119.0 1705.0 2119.0 1705.0 2134.0 1686.0 2134.0 small-vehicle 1
2113.0 1907.0 2129.0 1907.0 2129.0 1919.0 2113.0 1919.0 small-vehicle 0
2110.0 1734.0 2130.0 1734.0 2130.0 1747.0 2110.0 1747.0 small-vehicle 0
1989.0 1868.0 2000.0 1868.0 2000.0 1886.0 1989.0 1886.0 small-vehicle 0
2028.0 1872.0 2040.0 1872.0 2040.0 1891.0 2028.0 1891.0 small-vehicle 0
1830.0 1953.0 1849.0 1953.0 1849.0 1994.0 1830.0 1994.0 ship 0
1843.0 2000.0 1859.0 2000.0 1859.0 2029.0 1843.0 2029.0 ship 0
1859.0 2074.0 1877.0 2074.0 1877.0 2106.0 1859.0 2106.0 ship 0
1519.0 2007.0 1540.0 2007.0 1540.0 2022.0 1519.0 2022.0 small-vehicle 0
1661.0 2064.0 1682.0 2064.0 1682.0 2079.0 1661.0 2079.0 small-vehicle 0
1671.0 2081.0 1689.0 2081.0 1689.0 2094.0 1671.0 2094.0 small-vehicle 1
1672.0 2093.0 1693.0 2093.0 1693.0 2106.0 1672.0 2106.0 small-vehicle 1
1687.0 2011.0 1700.0 2011.0 1700.0 2029.0 1687.0 2029.0 small-vehicle 1
1703.0 2006.0 1718.0 2006.0 1718.0 2024.0 1703.0 2024.0 small-vehicle 0
2219.0 671.0 2236.0 671.0 2236.0 701.0 2219.0 701.0 ship 0
2359.0 2346.0 2374.0 2346.0 2374.0 2369.0 2359.0 2369.0 small-vehicle 0
2194.0 2057.0 2209.0 2057.0 2209.0 2081.0 2194.0 2081.0 small-vehicle 0
2109.0 2146.0 2129.0 2146.0 2129.0 2171.0 2109.0 2171.0 small-vehicle 0
2433.0 1985.0 2450.0 1985.0 2450.0 2008.0 2433.0 2008.0 small-vehicle 0
2425.0 2022.0 2437.0 2022.0 2437.0 2044.0 2425.0 2044.0 small-vehicle 0
2398.0 2075.0 2410.0 2075.0 2410.0 2099.0 2398.0 2099.0 small-vehicle 0
2385.0 2128.0 2398.0 2128.0 2398.0 2148.0 2385.0 2148.0 small-vehicle 0
2372.0 2203.0 2393.0 2203.0 2393.0 2218.0 2372.0 2218.0 small-vehicle 0
2386.0 2234.0 2409.0 2234.0 2409.0 2248.0 2386.0 2248.0 small-vehicle 0
2388.0 2245.0 2405.0 2245.0 2405.0 2257.0 2388.0 2257.0 small-vehicle 0
2403.0 2321.0 2418.0 2321.0 2418.0 2345.0 2403.0 2345.0 small-vehicle 0
2376.0 2323.0 2388.0 2323.0 2388.0 2345.0 2376.0 2345.0 small-vehicle 0
2363.0 2322.0 2375.0 2322.0 2375.0 2342.0 2363.0 2342.0 small-vehicle 0
1796.0 2262.0 1813.0 2262.0 1813.0 2289.0 1796.0 2289.0 small-vehicle 0
2161.0 2228.0 2182.0 2228.0 2182.0 2251.0 2161.0 2251.0 small-vehicle 0
2140.0 2230.0 2164.0 2230.0 2164.0 2250.0 2140.0 2250.0 small-vehicle 0
2142.0 2256.0 2165.0 2256.0 2165.0 2275.0 2142.0 2275.0 small-vehicle 0
1980.0 2420.0 1997.0 2420.0 1997.0 2430.0 1980.0 2430.0 small-vehicle 0
2358.0 624.0 2372.0 624.0 2372.0 640.0 2358.0 640.0 ship 1
2238.0 335.0 2255.0 335.0 2255.0 357.0 2238.0 357.0 ship 0
2405.0 2136.0 2418.0 2136.0 2418.0 2157.0 2405.0 2157.0 small-vehicle 0
2295.0 2510.0 2315.0 2510.0 2315.0 2543.0 2295.0 2543.0 ship 0
2302.0 2550.0 2325.0 2550.0 2325.0 2585.0 2302.0 2585.0 ship 0
1924.0 2446.0 1933.0 2446.0 1933.0 2464.0 1924.0 2464.0 small-vehicle 0
1898.0 2445.0 1906.0 2445.0 1906.0 2464.0 1898.0 2464.0 small-vehicle 0
2189.0 2028.0 2205.0 2028.0 2205.0 2040.0 2189.0 2040.0 small-vehicle 0
1777.0 2256.0 1798.0 2256.0 1798.0 2272.0 1777.0 2272.0 small-vehicle 0
1740.0 1990.0 1756.0 1990.0 1756.0 2010.0 1740.0 2010.0 small-vehicle 0
1646.0 2222.0 1653.0 2222.0 1653.0 2239.0 1646.0 2239.0 small-vehicle 0
1793.0 2091.0 1812.0 2091.0 1812.0 2106.0 1793.0 2106.0 small-vehicle 0
1802.0 2124.0 1822.0 2124.0 1822.0 2139.0 1802.0 2139.0 small-vehicle 0
1768.0 2141.0 1789.0 2141.0 1789.0 2155.0 1768.0 2155.0 small-vehicle 0
1556.0 2190.0 1576.0 2190.0 1576.0 2203.0 1556.0 2203.0 small-vehicle 0
1553.0 2202.0 1573.0 2202.0 1573.0 2211.0 1553.0 2211.0 small-vehicle 0
1550.0 2211.0 1571.0 2211.0 1571.0 2223.0 1550.0 2223.0 small-vehicle 0
1549.0 2222.0 1569.0 2222.0 1569.0 2231.0 1549.0 2231.0 small-vehicle 0
1549.0 2232.0 1568.0 2232.0 1568.0 2243.0 1549.0 2243.0 small-vehicle 0
1604.0 2217.0 1614.0 2217.0 1614.0 2238.0 1604.0 2238.0 small-vehicle 0
1616.0 2217.0 1627.0 2217.0 1627.0 2239.0 1616.0 2239.0 small-vehicle 0
1635.0 2221.0 1645.0 2221.0 1645.0 2239.0 1635.0 2239.0 small-vehicle 0
1616.0 2179.0 1629.0 2179.0 1629.0 2199.0 1616.0 2199.0 small-vehicle 0
1649.0 2288.0 1662.0 2288.0 1662.0 2311.0 1649.0 2311.0 small-vehicle 0
1646.0 2183.0 1659.0 2183.0 1659.0 2203.0 1646.0 2203.0 small-vehicle 0
1666.0 2183.0 1680.0 2183.0 1680.0 2206.0 1666.0 2206.0 small-vehicle 0
1713.0 2186.0 1727.0 2186.0 1727.0 2210.0 1713.0 2210.0 small-vehicle 0
1655.0 2222.0 1664.0 2222.0 1664.0 2242.0 1655.0 2242.0 small-vehicle 0
2373.0 2290.0 2395.0 2290.0 2395.0 2303.0 2373.0 2303.0 small-vehicle 0
1741.0 2232.0 1757.0 2232.0 1757.0 2251.0 1741.0 2251.0 small-vehicle 0
1582.0 2280.0 1593.0 2280.0 1593.0 2301.0 1582.0 2301.0 small-vehicle 0
1593.0 2278.0 1609.0 2278.0 1609.0 2302.0 1593.0 2302.0 small-vehicle 0
1616.0 2285.0 1628.0 2285.0 1628.0 2306.0 1616.0 2306.0 small-vehicle 0
1632.0 2287.0 1645.0 2287.0 1645.0 2308.0 1632.0 2308.0 small-vehicle 0
1708.0 2297.0 1719.0 2297.0 1719.0 2318.0 1708.0 2318.0 small-vehicle 0
2123.0 1534.0 2140.0 1534.0 2140.0 1547.0 2123.0 1547.0 small-vehicle 1
2094.0 1551.0 2110.0 1551.0 2110.0 1573.0 2094.0 1573.0 small-vehicle 1
2166.0 1551.0 2187.0 1551.0 2187.0 1563.0 2166.0 1563.0 small-vehicle 1
1691.0 2258.0 1704.0 2258.0 1704.0 2277.0 1691.0 2277.0 small-vehicle 1
2113.0 2282.0 2128.0 2282.0 2128.0 2301.0 2113.0 2301.0 small-vehicle 1
2343.0 2383.0 2363.0 2383.0 2363.0 2397.0 2343.0 2397.0 small-vehicle 1
2371.0 2351.0 2382.0 2351.0 2382.0 2374.0 2371.0 2374.0 small-vehicle 1
2099.0 2238.0 2115.0 2238.0 2115.0 2259.0 2099.0 2259.0 small-vehicle 1
2040.0 2179.0 2061.0 2179.0 2061.0 2195.0 2040.0 2195.0 small-vehicle 1
2195.0 2116.0 2212.0 2116.0 2212.0 2137.0 2195.0 2137.0 small-vehicle 1
2413.0 1972.0 2433.0 1972.0 2433.0 1987.0 2413.0 1987.0 small-vehicle 1
2010.0 1281.0 2020.0 1281.0 2020.0 1301.0 2010.0 1301.0 small-vehicle 1
2319.0 1417.0 2342.0 1417.0 2342.0 1430.0 2319.0 1430.0 small-vehicle 1
2277.0 1061.0 2302.0 1061.0 2302.0 1078.0 2277.0 1078.0 small-vehicle 1
1632.0 2251.0 1643.0 2251.0 1643.0 2271.0 1632.0 2271.0 small-vehicle 1
1508.0 2581.0 1531.0 2581.0 1531.0 2593.0 1508.0 2593.0 small-vehicle 1
2280.0 2460.0 2297.0 2460.0 2297.0 2473.0 2280.0 2473.0 small-vehicle 1
1616.0 2639.0 1637.0 2639.0 1637.0 2656.0 1616.0 2656.0 small-vehicle 1
1344.0 2750.0 1364.0 2750.0 1364.0 2766.0 1344.0 2766.0 small-vehicle 1
1319.0 2760.0 1340.0 2760.0 1340.0 2780.0 1319.0 2780.0 small-vehicle 1
1583.0 2784.0 1596.0 2784.0 1596.0 2805.0 1583.0 2805.0 small-vehicle 1
1134.0 2852.0 1153.0 2852.0 1153.0 2870.0 1134.0 2870.0 small-vehicle 1
1173.0 3214.0 1193.0 3214.0 1193.0 3226.0 1173.0 3226.0 small-vehicle 1
1184.0 3295.0 1205.0 3295.0 1205.0 3307.0 1184.0 3307.0 small-vehicle 1
1181.0 3316.0 1204.0 3316.0 1204.0 3327.0 1181.0 3327.0 small-vehicle 1
1188.0 3346.0 1206.0 3346.0 1206.0 3361.0 1188.0 3361.0 small-vehicle 1
1188.0 3377.0 1206.0 3377.0 1206.0 3387.0 1188.0 3387.0 small-vehicle 1
1191.0 3444.0 1211.0 3444.0 1211.0 3460.0 1191.0 3460.0 small-vehicle 1
2109.0 2301.0 2122.0 2301.0 2122.0 2319.0 2109.0 2319.0 small-vehicle 1
1949.0 2515.0 1960.0 2515.0 1960.0 2535.0 1949.0 2535.0 small-vehicle 1
2167.0 1562.0 2186.0 1562.0 2186.0 1574.0 2167.0 1574.0 small-vehicle 1
2288.0 3781.0 2296.0 3781.0 2296.0 3800.0 2288.0 3800.0 small-vehicle 0
2317.0 2544.0 2333.0 2544.0 2333.0 2568.0 2317.0 2568.0 small-vehicle 1
1867.0 2956.0 1893.0 2956.0 1893.0 2975.0 1867.0 2975.0 small-vehicle 1
1831.0 3762.0 1866.0 3762.0 1866.0 3782.0 1831.0 3782.0 small-vehicle 1
1657.0 3948.0 1669.0 3948.0 1669.0 3971.0 1657.0 3971.0 ship 1
1436.0 222.0 1449.0 222.0 1449.0 238.0 1436.0 238.0 small-vehicle 1
298.0 3883.0 319.0 3883.0 319.0 3893.0 298.0 3893.0 ship 1
286.0 3966.0 300.0 3966.0 300.0 3989.0 286.0 3989.0 ship 1
1562.0 2852.0 1576.0 2852.0 1576.0 2873.0 1562.0 2873.0 small-vehicle 0
2052.0 3752.0 2065.0 3752.0 2065.0 3775.0 2052.0 3775.0 small-vehicle 0
2125.0 3745.0 2135.0 3745.0 2135.0 3766.0 2125.0 3766.0 small-vehicle 0
2230.0 3679.0 2248.0 3679.0 2248.0 3695.0 2230.0 3695.0 small-vehicle 0
1665.0 2223.0 1674.0 2223.0 1674.0 2244.0 1665.0 2244.0 small-vehicle 0
2424.0 2558.0 2435.0 2558.0 2435.0 2585.0 2424.0 2585.0 small-vehicle 1
2145.0 2128.0 2161.0 2128.0 2161.0 2153.0 2145.0 2153.0 small-vehicle 0
1748.0 3247.0 1760.0 3247.0 1760.0 3267.0 1748.0 3267.0 ship 0
1753.0 3230.0 1764.0 3230.0 1764.0 3253.0 1753.0 3253.0 ship 0
1399.0 3766.0 1413.0 3766.0 1413.0 3783.0 1399.0 3783.0 small-vehicle 1
2349.0 4290.0 2369.0 4290.0 2369.0 4304.0 2349.0 4304.0 ship 1
1735.0 4039.0 1747.0 4039.0 1747.0 4061.0 1735.0 4061.0 small-vehicle 1
1723.0 4041.0 1736.0 4041.0 1736.0 4063.0 1723.0 4063.0 small-vehicle 1
2129.0 3953.0 2141.0 3953.0 2141.0 3971.0 2129.0 3971.0 small-vehicle 1
2220.0 2921.0 2235.0 2921.0 2235.0 2939.0 2220.0 2939.0 small-vehicle 1
2172.0 2886.0 2192.0 2886.0 2192.0 2900.0 2172.0 2900.0 small-vehicle 1
1872.0 2702.0 1882.0 2702.0 1882.0 2719.0 1872.0 2719.0 small-vehicle 1
1393.0 3750.0 1417.0 3750.0 1417.0 3764.0 1393.0 3764.0 small-vehicle 1
1369.0 3892.0 1409.0 3892.0 1409.0 3907.0 1369.0 3907.0 ship 0
27.0 954.0 52.0 954.0 52.0 974.0 27.0 974.0 small-vehicle 1
1957.0 1272.0 1967.0 1272.0 1967.0 1295.0 1957.0 1295.0 small-vehicle 1
2109.0 1241.0 2119.0 1241.0 2119.0 1260.0 2109.0 1260.0 small-vehicle 0
2098.0 1239.0 2108.0 1239.0 2108.0 1260.0 2098.0 1260.0 small-vehicle 0
2088.0 1239.0 2099.0 1239.0 2099.0 1260.0 2088.0 1260.0 small-vehicle 0
2077.0 1239.0 2088.0 1239.0 2088.0 1259.0 2077.0 1259.0 small-vehicle 0
2068.0 1238.0 2079.0 1238.0 2079.0 1258.0 2068.0 1258.0 small-vehicle 0
1990.0 1228.0 2002.0 1228.0 2002.0 1249.0 1990.0 1249.0 small-vehicle 0
2049.0 1237.0 2061.0 1237.0 2061.0 1255.0 2049.0 1255.0 small-vehicle 0
2039.0 1233.0 2050.0 1233.0 2050.0 1253.0 2039.0 1253.0 small-vehicle 0
2020.0 1231.0 2030.0 1231.0 2030.0 1252.0 2020.0 1252.0 small-vehicle 0
2178.0 1305.0 2190.0 1305.0 2190.0 1326.0 2178.0 1326.0 small-vehicle 1
1999.0 1280.0 2010.0 1280.0 2010.0 1299.0 1999.0 1299.0 small-vehicle 1
1910.0 1322.0 1932.0 1322.0 1932.0 1335.0 1910.0 1335.0 small-vehicle 1
100.0 915.0 121.0 915.0 121.0 939.0 100.0 939.0 small-vehicle 1
1906.0 1335.0 1931.0 1335.0 1931.0 1345.0 1906.0 1345.0 small-vehicle 1
1807.0 1387.0 1819.0 1387.0 1819.0 1409.0 1807.0 1409.0 small-vehicle 1
1847.0 1390.0 1860.0 1390.0 1860.0 1414.0 1847.0 1414.0 small-vehicle 1
1828.0 1393.0 1839.0 1393.0 1839.0 1411.0 1828.0 1411.0 small-vehicle 1
1940.0 1506.0 1950.0 1506.0 1950.0 1529.0 1940.0 1529.0 small-vehicle 1
1929.0 1506.0 1942.0 1506.0 1942.0 1529.0 1929.0 1529.0 small-vehicle 1
2056.0 1536.0 2072.0 1536.0 2072.0 1558.0 2056.0 1558.0 small-vehicle 1
2008.0 1567.0 2029.0 1567.0 2029.0 1592.0 2008.0 1592.0 small-vehicle 1
2114.0 1572.0 2136.0 1572.0 2136.0 1589.0 2114.0 1589.0 small-vehicle 1
2120.0 1554.0 2138.0 1554.0 2138.0 1568.0 2120.0 1568.0 small-vehicle 1
2166.0 1583.0 2185.0 1583.0 2185.0 1593.0 2166.0 1593.0 small-vehicle 1
2125.0 1244.0 2139.0 1244.0 2139.0 1267.0 2125.0 1267.0 small-vehicle 0
2148.0 1248.0 2157.0 1248.0 2157.0 1270.0 2148.0 1270.0 small-vehicle 0
2168.0 1249.0 2177.0 1249.0 2177.0 1270.0 2168.0 1270.0 small-vehicle 0
2176.0 1255.0 2186.0 1255.0 2186.0 1274.0 2176.0 1274.0 small-vehicle 0
109.0 660.0 126.0 660.0 126.0 683.0 109.0 683.0 small-vehicle 1
79.0 543.0 101.0 543.0 101.0 563.0 79.0 563.0 small-vehicle 1
771.0 2368.0 792.0 2368.0 792.0 2427.0 771.0 2427.0 ship 0
822.0 2325.0 853.0 2325.0 853.0 2340.0 822.0 2340.0 ship 0
532.0 3743.0 546.0 3743.0 546.0 3764.0 532.0 3764.0 ship 0
901.0 14.0 914.0 14.0 914.0 36.0 901.0 36.0 small-vehicle 0
2400.0 1195.0 2412.0 1195.0 2412.0 1214.0 2400.0 1214.0 small-vehicle 0
2165.0 1110.0 2176.0 1110.0 2176.0 1128.0 2165.0 1128.0 small-vehicle 0
2156.0 1109.0 2165.0 1109.0 2165.0 1127.0 2156.0 1127.0 small-vehicle 0
2145.0 1107.0 2156.0 1107.0 2156.0 1127.0 2145.0 1127.0 small-vehicle 0
2178.0 1114.0 2186.0 1114.0 2186.0 1133.0 2178.0 1133.0 small-vehicle 0
2162.0 1132.0 2173.0 1132.0 2173.0 1151.0 2162.0 1151.0 small-vehicle 0
2152.0 1127.0 2163.0 1127.0 2163.0 1150.0 2152.0 1150.0 small-vehicle 0
2124.0 1125.0 2134.0 1125.0 2134.0 1146.0 2124.0 1146.0 small-vehicle 0
2315.0 1490.0 2333.0 1490.0 2333.0 1499.0 2315.0 1499.0 small-vehicle 1
2316.0 1477.0 2334.0 1477.0 2334.0 1489.0 2316.0 1489.0 small-vehicle 0
2319.0 1448.0 2338.0 1448.0 2338.0 1460.0 2319.0 1460.0 small-vehicle 0
2330.0 1367.0 2350.0 1367.0 2350.0 1377.0 2330.0 1377.0 small-vehicle 0
2333.0 1360.0 2352.0 1360.0 2352.0 1368.0 2333.0 1368.0 small-vehicle 0
2335.0 1346.0 2355.0 1346.0 2355.0 1358.0 2335.0 1358.0 small-vehicle 0
2336.0 1337.0 2356.0 1337.0 2356.0 1349.0 2336.0 1349.0 small-vehicle 0
2337.0 1327.0 2356.0 1327.0 2356.0 1337.0 2337.0 1337.0 small-vehicle 0
2198.0 1261.0 2217.0 1261.0 2217.0 1283.0 2198.0 1283.0 small-vehicle 0
1886.0 2447.0 1897.0 2447.0 1897.0 2465.0 1886.0 2465.0 small-vehicle 0
1875.0 2445.0 1886.0 2445.0 1886.0 2466.0 1875.0 2466.0 small-vehicle 0
1858.0 2447.0 1868.0 2447.0 1868.0 2466.0 1858.0 2466.0 small-vehicle 0
1683.0 3094.0 1705.0 3094.0 1705.0 3117.0 1683.0 3117.0 small-vehicle 0
2093.0 2829.0 2104.0 2829.0 2104.0 2852.0 2093.0 2852.0 small-vehicle 0
2100.0 2832.0 2115.0 2832.0 2115.0 2853.0 2100.0 2853.0 small-vehicle 0
2409.0 2800.0 2435.0 2800.0 2435.0 2817.0 2409.0 2817.0 small-vehicle 0
2154.0 2823.0 2165.0 2823.0 2165.0 2844.0 2154.0 2844.0 small-vehicle 0
2433.0 2958.0 2448.0 2958.0 2448.0 2981.0 2433.0 2981.0 small-vehicle 0
2340.0 3227.0 2358.0 3227.0 2358.0 3250.0 2340.0 3250.0 small-vehicle 0
2326.0 3208.0 2341.0 3208.0 2341.0 3231.0 2326.0 3231.0 small-vehicle 0
2240.0 2991.0 2257.0 2991.0 2257.0 3018.0 2240.0 3018.0 small-vehicle 0
2251.0 3041.0 2265.0 3041.0 2265.0 3065.0 2251.0 3065.0 small-vehicle 0
1908.0 2948.0 1928.0 2948.0 1928.0 2963.0 1908.0 2963.0 small-vehicle 0
1808.0 3056.0 1830.0 3056.0 1830.0 3066.0 1808.0 3066.0 small-vehicle 0
1718.0 3259.0 1731.0 3259.0 1731.0 3281.0 1718.0 3281.0 small-vehicle 0
1760.0 2746.0 1773.0 2746.0 1773.0 2767.0 1760.0 2767.0 small-vehicle 0
1597.0 3537.0 1623.0 3537.0 1623.0 3555.0 1597.0 3555.0 ship 0
1872.0 3563.0 1889.0 3563.0 1889.0 3591.0 1872.0 3591.0 ship 0
2012.0 3520.0 2039.0 3520.0 2039.0 3538.0 2012.0 3538.0 ship 0
1789.0 3358.0 1803.0 3358.0 1803.0 3382.0 1789.0 3382.0 small-vehicle 0
2018.0 3384.0 2043.0 3384.0 2043.0 3401.0 2018.0 3401.0 small-vehicle 0
2260.0 3248.0 2275.0 3248.0 2275.0 3274.0 2260.0 3274.0 small-vehicle 0
2188.0 3345.0 2208.0 3345.0 2208.0 3359.0 2188.0 3359.0 small-vehicle 0
2239.0 3635.0 2256.0 3635.0 2256.0 3658.0 2239.0 3658.0 small-vehicle 0
2224.0 3637.0 2240.0 3637.0 2240.0 3659.0 2224.0 3659.0 small-vehicle 0
2069.0 3579.0 2088.0 3579.0 2088.0 3594.0 2069.0 3594.0 small-vehicle 0
2040.0 3516.0 2061.0 3516.0 2061.0 3533.0 2040.0 3533.0 small-vehicle 0
1865.0 2772.0 1882.0 2772.0 1882.0 2802.0 1865.0 2802.0 large-vehicle 0
1750.0 2750.0 1766.0 2750.0 1766.0 2770.0 1750.0 2770.0 small-vehicle 0
1671.0 2768.0 1687.0 2768.0 1687.0 2790.0 1671.0 2790.0 small-vehicle 0
1780.0 2679.0 1795.0 2679.0 1795.0 2699.0 1780.0 2699.0 small-vehicle 0
1658.0 2744.0 1673.0 2744.0 1673.0 2770.0 1658.0 2770.0 small-vehicle 0
1649.0 2747.0 1663.0 2747.0 1663.0 2774.0 1649.0 2774.0 small-vehicle 0
1638.0 2751.0 1653.0 2751.0 1653.0 2771.0 1638.0 2771.0 small-vehicle 0
1619.0 2756.0 1631.0 2756.0 1631.0 2776.0 1619.0 2776.0 small-vehicle 0
1610.0 2758.0 1620.0 2758.0 1620.0 2777.0 1610.0 2777.0 small-vehicle 0
1598.0 2759.0 1613.0 2759.0 1613.0 2781.0 1598.0 2781.0 small-vehicle 0
1709.0 2694.0 1725.0 2694.0 1725.0 2714.0 1709.0 2714.0 small-vehicle 0
1720.0 2691.0 1733.0 2691.0 1733.0 2712.0 1720.0 2712.0 small-vehicle 0
1726.0 2690.0 1742.0 2690.0 1742.0 2712.0 1726.0 2712.0 small-vehicle 0
1738.0 2686.0 1752.0 2686.0 1752.0 2708.0 1738.0 2708.0 small-vehicle 0
1759.0 2685.0 1772.0 2685.0 1772.0 2703.0 1759.0 2703.0 small-vehicle 0
1808.0 2675.0 1825.0 2675.0 1825.0 2696.0 1808.0 2696.0 small-vehicle 0
1715.0 2756.0 1729.0 2756.0 1729.0 2777.0 1715.0 2777.0 small-vehicle 0
1602.0 2779.0 1617.0 2779.0 1617.0 2802.0 1602.0 2802.0 small-vehicle 0
1613.0 2780.0 1625.0 2780.0 1625.0 2798.0 1613.0 2798.0 small-vehicle 0
1623.0 2776.0 1636.0 2776.0 1636.0 2799.0 1623.0 2799.0 small-vehicle 0
1634.0 2777.0 1648.0 2777.0 1648.0 2796.0 1634.0 2796.0 small-vehicle 0
1643.0 2772.0 1656.0 2772.0 1656.0 2795.0 1643.0 2795.0 small-vehicle 0
1702.0 2736.0 1714.0 2736.0 1714.0 2756.0 1702.0 2756.0 small-vehicle 0
1711.0 2735.0 1725.0 2735.0 1725.0 2753.0 1711.0 2753.0 small-vehicle 0
1728.0 2735.0 1742.0 2735.0 1742.0 2755.0 1728.0 2755.0 small-vehicle 0
1738.0 2732.0 1752.0 2732.0 1752.0 2755.0 1738.0 2755.0 small-vehicle 0
1801.0 2718.0 1815.0 2718.0 1815.0 2740.0 1801.0 2740.0 small-vehicle 0
1767.0 2726.0 1780.0 2726.0 1780.0 2747.0 1767.0 2747.0 small-vehicle 0
1825.0 3716.0 1839.0 3716.0 1839.0 3738.0 1825.0 3738.0 small-vehicle 0
1519.0 3885.0 1530.0 3885.0 1530.0 3907.0 1519.0 3907.0 small-vehicle 0
1580.0 3826.0 1599.0 3826.0 1599.0 3841.0 1580.0 3841.0 small-vehicle 0
1656.0 1098.0 1688.0 1098.0 1688.0 1134.0 1656.0 1134.0 ship 0
1686.0 1391.0 1721.0 1391.0 1721.0 1437.0 1686.0 1437.0 ship 0
1686.0 1200.0 1737.0 1200.0 1737.0 1258.0 1686.0 1258.0 ship 0
1733.0 1225.0 1769.0 1225.0 1769.0 1266.0 1733.0 1266.0 ship 0
1769.0 1247.0 1802.0 1247.0 1802.0 1286.0 1769.0 1286.0 ship 0
1782.0 1259.0 1815.0 1259.0 1815.0 1289.0 1782.0 1289.0 ship 0
1796.0 1270.0 1831.0 1270.0 1831.0 1312.0 1796.0 1312.0 ship 0
1836.0 1214.0 1866.0 1214.0 1866.0 1280.0 1836.0 1280.0 ship 0
1775.0 1185.0 1823.0 1185.0 1823.0 1241.0 1775.0 1241.0 ship 0
1734.0 1159.0 1769.0 1159.0 1769.0 1198.0 1734.0 1198.0 ship 0
1712.0 1144.0 1756.0 1144.0 1756.0 1189.0 1712.0 1189.0 ship 0
1668.0 1113.0 1706.0 1113.0 1706.0 1154.0 1668.0 1154.0 ship 0
1633.0 1087.0 1670.0 1087.0 1670.0 1140.0 1633.0 1140.0 ship 0
1713.0 3734.0 1728.0 3734.0 1728.0 3754.0 1713.0 3754.0 small-vehicle 0
1861.0 1059.0 1889.0 1059.0 1889.0 1090.0 1861.0 1090.0 ship 0
1720.0 956.0 1761.0 956.0 1761.0 999.0 1720.0 999.0 ship 0
1775.0 891.0 1832.0 891.0 1832.0 945.0 1775.0 945.0 ship 0
1787.0 854.0 1851.0 854.0 1851.0 899.0 1787.0 899.0 ship 0
1818.0 819.0 1871.0 819.0 1871.0 865.0 1818.0 865.0 ship 0
2122.0 823.0 2145.0 823.0 2145.0 864.0 2122.0 864.0 ship 0
2139.0 688.0 2163.0 688.0 2163.0 724.0 2139.0 724.0 ship 0
2120.0 681.0 2145.0 681.0 2145.0 719.0 2120.0 719.0 ship 0
2109.0 677.0 2129.0 677.0 2129.0 708.0 2109.0 708.0 ship 0
2093.0 674.0 2114.0 674.0 2114.0 711.0 2093.0 711.0 ship 0
2020.0 652.0 2039.0 652.0 2039.0 688.0 2020.0 688.0 ship 0
1667.0 1378.0 1710.0 1378.0 1710.0 1428.0 1667.0 1428.0 ship 0
1688.0 1514.0 1734.0 1514.0 1734.0 1567.0 1688.0 1567.0 ship 0
1685.0 1542.0 1708.0 1542.0 1708.0 1570.0 1685.0 1570.0 ship 0
1717.0 1572.0 1735.0 1572.0 1735.0 1601.0 1717.0 1601.0 ship 0
1868.0 3737.0 1890.0 3737.0 1890.0 3754.0 1868.0 3754.0 small-vehicle 0
1703.0 3829.0 1718.0 3829.0 1718.0 3850.0 1703.0 3850.0 small-vehicle 0
2385.0 4046.0 2403.0 4046.0 2403.0 4058.0 2385.0 4058.0 small-vehicle 0
1751.0 4160.0 1765.0 4160.0 1765.0 4183.0 1751.0 4183.0 small-vehicle 0
1545.0 4231.0 1565.0 4231.0 1565.0 4248.0 1545.0 4248.0 small-vehicle 0
1932.0 3826.0 1948.0 3826.0 1948.0 3853.0 1932.0 3853.0 ship 0
2334.0 4252.0 2376.0 4252.0 2376.0 4280.0 2334.0 4280.0 ship 0
1676.0 1926.0 1700.0 1926.0 1700.0 1961.0 1676.0 1961.0 ship 0
1697.0 1923.0 1719.0 1923.0 1719.0 1961.0 1697.0 1961.0 ship 0
1730.0 1922.0 1747.0 1922.0 1747.0 1958.0 1730.0 1958.0 ship 0
1762.0 1859.0 1782.0 1859.0 1782.0 1888.0 1762.0 1888.0 ship 0
1779.0 1855.0 1796.0 1855.0 1796.0 1883.0 1779.0 1883.0 ship 0
1795.0 1855.0 1808.0 1855.0 1808.0 1883.0 1795.0 1883.0 ship 0
1804.0 1809.0 1818.0 1809.0 1818.0 1839.0 1804.0 1839.0 ship 0
1790.0 1756.0 1805.0 1756.0 1805.0 1791.0 1790.0 1791.0 ship 0
1709.0 1749.0 1743.0 1749.0 1743.0 1768.0 1709.0 1768.0 ship 0
1731.0 1767.0 1752.0 1767.0 1752.0 1797.0 1731.0 1797.0 ship 0
1755.0 1738.0 1796.0 1738.0 1796.0 1756.0 1755.0 1756.0 ship 0
1771.0 1664.0 1785.0 1664.0 1785.0 1690.0 1771.0 1690.0 ship 0
1708.0 1675.0 1730.0 1675.0 1730.0 1711.0 1708.0 1711.0 ship 0
1685.0 1655.0 1722.0 1655.0 1722.0 1675.0 1685.0 1675.0 ship 0
1649.0 1558.0 1671.0 1558.0 1671.0 1596.0 1649.0 1596.0 ship 0
1676.0 1578.0 1696.0 1578.0 1696.0 1614.0 1676.0 1614.0 ship 0
1668.0 2743.0 1683.0 2743.0 1683.0 2769.0 1668.0 2769.0 small-vehicle 0
1529.0 2792.0 1548.0 2792.0 1548.0 2817.0 1529.0 2817.0 small-vehicle 0
1850.0 2447.0 1858.0 2447.0 1858.0 2468.0 1850.0 2468.0 small-vehicle 0
1852.0 2404.0 1861.0 2404.0 1861.0 2427.0 1852.0 2427.0 small-vehicle 0
1752.0 2451.0 1763.0 2451.0 1763.0 2470.0 1752.0 2470.0 small-vehicle 0
1744.0 2453.0 1753.0 2453.0 1753.0 2471.0 1744.0 2471.0 small-vehicle 0
1735.0 2452.0 1746.0 2452.0 1746.0 2472.0 1735.0 2472.0 small-vehicle 0
1723.0 2453.0 1735.0 2453.0 1735.0 2471.0 1723.0 2471.0 small-vehicle 0
1715.0 2451.0 1726.0 2451.0 1726.0 2473.0 1715.0 2473.0 small-vehicle 0
1706.0 2452.0 1717.0 2452.0 1717.0 2476.0 1706.0 2476.0 small-vehicle 0
1697.0 2453.0 1706.0 2453.0 1706.0 2475.0 1697.0 2475.0 small-vehicle 0
1688.0 2455.0 1700.0 2455.0 1700.0 2475.0 1688.0 2475.0 small-vehicle 0
1868.0 2404.0 1879.0 2404.0 1879.0 2422.0 1868.0 2422.0 small-vehicle 0
1907.0 2404.0 1919.0 2404.0 1919.0 2425.0 1907.0 2425.0 small-vehicle 0
1860.0 2404.0 1869.0 2404.0 1869.0 2421.0 1860.0 2421.0 small-vehicle 0
1841.0 2405.0 1852.0 2405.0 1852.0 2428.0 1841.0 2428.0 small-vehicle 0
1705.0 2479.0 1715.0 2479.0 1715.0 2498.0 1705.0 2498.0 small-vehicle 0
1833.0 2404.0 1841.0 2404.0 1841.0 2426.0 1833.0 2426.0 small-vehicle 0
1822.0 2405.0 1833.0 2405.0 1833.0 2427.0 1822.0 2427.0 small-vehicle 0
1792.0 2405.0 1804.0 2405.0 1804.0 2427.0 1792.0 2427.0 small-vehicle 0
1784.0 2407.0 1793.0 2407.0 1793.0 2428.0 1784.0 2428.0 small-vehicle 0
1775.0 2404.0 1785.0 2404.0 1785.0 2425.0 1775.0 2425.0 small-vehicle 0
1766.0 2408.0 1775.0 2408.0 1775.0 2427.0 1766.0 2427.0 small-vehicle 0
1755.0 2405.0 1765.0 2405.0 1765.0 2425.0 1755.0 2425.0 small-vehicle 0
1745.0 2408.0 1756.0 2408.0 1756.0 2427.0 1745.0 2427.0 small-vehicle 0
1736.0 2405.0 1745.0 2405.0 1745.0 2425.0 1736.0 2425.0 small-vehicle 0
1727.0 2407.0 1738.0 2407.0 1738.0 2429.0 1727.0 2429.0 small-vehicle 0
1716.0 2407.0 1728.0 2407.0 1728.0 2426.0 1716.0 2426.0 small-vehicle 0
1762.0 2450.0 1773.0 2450.0 1773.0 2471.0 1762.0 2471.0 small-vehicle 0
1733.0 2477.0 1743.0 2477.0 1743.0 2498.0 1733.0 2498.0 small-vehicle 0
1542.0 2770.0 1560.0 2770.0 1560.0 2795.0 1542.0 2795.0 small-vehicle 0
1885.0 2474.0 1895.0 2474.0 1895.0 2492.0 1885.0 2492.0 small-vehicle 0
1839.0 2448.0 1848.0 2448.0 1848.0 2467.0 1839.0 2467.0 small-vehicle 0
1830.0 2448.0 1839.0 2448.0 1839.0 2469.0 1830.0 2469.0 small-vehicle 0
1820.0 2451.0 1830.0 2451.0 1830.0 2469.0 1820.0 2469.0 small-vehicle 0
1801.0 2449.0 1810.0 2449.0 1810.0 2468.0 1801.0 2468.0 small-vehicle 0
1793.0 2449.0 1803.0 2449.0 1803.0 2469.0 1793.0 2469.0 small-vehicle 0
1782.0 2451.0 1792.0 2451.0 1792.0 2470.0 1782.0 2470.0 small-vehicle 0
1773.0 2450.0 1782.0 2450.0 1782.0 2469.0 1773.0 2469.0 small-vehicle 0
1933.0 2472.0 1942.0 2472.0 1942.0 2494.0 1933.0 2494.0 small-vehicle 0
1922.0 2472.0 1933.0 2472.0 1933.0 2494.0 1922.0 2494.0 small-vehicle 0
1913.0 2473.0 1923.0 2473.0 1923.0 2494.0 1913.0 2494.0 small-vehicle 0
1903.0 2473.0 1913.0 2473.0 1913.0 2495.0 1903.0 2495.0 small-vehicle 0
1875.0 2473.0 1886.0 2473.0 1886.0 2494.0 1875.0 2494.0 small-vehicle 0
1760.0 2479.0 1772.0 2479.0 1772.0 2499.0 1760.0 2499.0 small-vehicle 0
1867.0 2475.0 1876.0 2475.0 1876.0 2494.0 1867.0 2494.0 small-vehicle 0
1858.0 2474.0 1866.0 2474.0 1866.0 2492.0 1858.0 2492.0 small-vehicle 0
1848.0 2474.0 1858.0 2474.0 1858.0 2494.0 1848.0 2494.0 small-vehicle 0
1838.0 2476.0 1848.0 2476.0 1848.0 2495.0 1838.0 2495.0 small-vehicle 0
1827.0 2479.0 1837.0 2479.0 1837.0 2494.0 1827.0 2494.0 small-vehicle 0
1819.0 2478.0 1829.0 2478.0 1829.0 2496.0 1819.0 2496.0 small-vehicle 0
1810.0 2477.0 1819.0 2477.0 1819.0 2494.0 1810.0 2494.0 small-vehicle 0
1800.0 2477.0 1809.0 2477.0 1809.0 2495.0 1800.0 2495.0 small-vehicle 0
1791.0 2478.0 1800.0 2478.0 1800.0 2495.0 1791.0 2495.0 small-vehicle 0
1781.0 2477.0 1792.0 2477.0 1792.0 2496.0 1781.0 2496.0 small-vehicle 0
1769.0 2477.0 1781.0 2477.0 1781.0 2494.0 1769.0 2494.0 small-vehicle 0
1708.0 2407.0 1718.0 2407.0 1718.0 2426.0 1708.0 2426.0 small-vehicle 0
1700.0 2407.0 1709.0 2407.0 1709.0 2430.0 1700.0 2430.0 small-vehicle 0
1689.0 2408.0 1699.0 2408.0 1699.0 2428.0 1689.0 2428.0 small-vehicle 0
1703.0 2593.0 1713.0 2593.0 1713.0 2615.0 1703.0 2615.0 small-vehicle 0
1799.0 2542.0 1818.0 2542.0 1818.0 2553.0 1799.0 2553.0 small-vehicle 1
1800.0 2549.0 1820.0 2549.0 1820.0 2563.0 1800.0 2563.0 small-vehicle 0
1806.0 2559.0 1823.0 2559.0 1823.0 2571.0 1806.0 2571.0 small-vehicle 1
1784.0 2575.0 1799.0 2575.0 1799.0 2598.0 1784.0 2598.0 small-vehicle 0
1779.0 2582.0 1789.0 2582.0 1789.0 2602.0 1779.0 2602.0 small-vehicle 0
1769.0 2582.0 1779.0 2582.0 1779.0 2606.0 1769.0 2606.0 small-vehicle 0
1758.0 2585.0 1770.0 2585.0 1770.0 2602.0 1758.0 2602.0 small-vehicle 0
1748.0 2585.0 1758.0 2585.0 1758.0 2603.0 1748.0 2603.0 small-vehicle 0
1738.0 2585.0 1751.0 2585.0 1751.0 2605.0 1738.0 2605.0 small-vehicle 0
1729.0 2586.0 1739.0 2586.0 1739.0 2606.0 1729.0 2606.0 small-vehicle 0
1719.0 2589.0 1730.0 2589.0 1730.0 2607.0 1719.0 2607.0 small-vehicle 0
1695.0 2595.0 1703.0 2595.0 1703.0 2613.0 1695.0 2613.0 small-vehicle 0
2124.0 2281.0 2144.0 2281.0 2144.0 2304.0 2124.0 2304.0 small-vehicle 0
1683.0 2593.0 1693.0 2593.0 1693.0 2613.0 1683.0 2613.0 small-vehicle 0
2412.0 4191.0 2426.0 4191.0 2426.0 4213.0 2412.0 4213.0 small-vehicle 0
1590.0 2717.0 1605.0 2717.0 1605.0 2740.0 1590.0 2740.0 small-vehicle 0
1602.0 2716.0 1613.0 2716.0 1613.0 2737.0 1602.0 2737.0 small-vehicle 0
1612.0 2715.0 1626.0 2715.0 1626.0 2737.0 1612.0 2737.0 small-vehicle 0
1621.0 2713.0 1636.0 2713.0 1636.0 2737.0 1621.0 2737.0 small-vehicle 0
1632.0 2709.0 1646.0 2709.0 1646.0 2732.0 1632.0 2732.0 small-vehicle 0
1643.0 2708.0 1657.0 2708.0 1657.0 2727.0 1643.0 2727.0 small-vehicle 0
1653.0 2707.0 1666.0 2707.0 1666.0 2727.0 1653.0 2727.0 small-vehicle 0
1662.0 2705.0 1676.0 2705.0 1676.0 2723.0 1662.0 2723.0 small-vehicle 0
1672.0 2704.0 1684.0 2704.0 1684.0 2726.0 1672.0 2726.0 small-vehicle 0
1796.0 2532.0 1817.0 2532.0 1817.0 2541.0 1796.0 2541.0 small-vehicle 0
1689.0 2546.0 1701.0 2546.0 1701.0 2562.0 1689.0 2562.0 small-vehicle 0
1689.0 2528.0 1700.0 2528.0 1700.0 2543.0 1689.0 2543.0 small-vehicle 1
1697.0 2521.0 1708.0 2521.0 1708.0 2543.0 1697.0 2543.0 small-vehicle 0
2116.0 2304.0 2129.0 2304.0 2129.0 2324.0 2116.0 2324.0 small-vehicle 0
2097.0 2321.0 2116.0 2321.0 2116.0 2338.0 2097.0 2338.0 small-vehicle 1
2104.0 2335.0 2120.0 2335.0 2120.0 2360.0 2104.0 2360.0 small-vehicle 0
2267.0 2506.0 2288.0 2506.0 2288.0 2524.0 2267.0 2524.0 small-vehicle 0
2241.0 2513.0 2266.0 2513.0 2266.0 2532.0 2241.0 2532.0 small-vehicle 0
1983.0 2484.0 2004.0 2484.0 2004.0 2497.0 1983.0 2497.0 small-vehicle 0
1910.0 2523.0 1922.0 2523.0 1922.0 2542.0 1910.0 2542.0 small-vehicle 0
1901.0 2522.0 1913.0 2522.0 1913.0 2543.0 1901.0 2543.0 small-vehicle 0
1893.0 2523.0 1904.0 2523.0 1904.0 2542.0 1893.0 2542.0 small-vehicle 0
1882.0 2523.0 1894.0 2523.0 1894.0 2545.0 1882.0 2545.0 small-vehicle 0
1875.0 2525.0 1886.0 2525.0 1886.0 2548.0 1875.0 2548.0 small-vehicle 0
1862.0 2527.0 1875.0 2527.0 1875.0 2550.0 1862.0 2550.0 small-vehicle 0
1755.0 2538.0 1766.0 2538.0 1766.0 2559.0 1755.0 2559.0 small-vehicle 0
1745.0 2540.0 1758.0 2540.0 1758.0 2558.0 1745.0 2558.0 small-vehicle 0
1736.0 2540.0 1746.0 2540.0 1746.0 2561.0 1736.0 2561.0 small-vehicle 0
1727.0 2541.0 1738.0 2541.0 1738.0 2560.0 1727.0 2560.0 small-vehicle 0
1718.0 2540.0 1729.0 2540.0 1729.0 2561.0 1718.0 2561.0 small-vehicle 0
1752.0 2521.0 1765.0 2521.0 1765.0 2538.0 1752.0 2538.0 small-vehicle 0
1745.0 2521.0 1755.0 2521.0 1755.0 2540.0 1745.0 2540.0 small-vehicle 0
1734.0 2519.0 1746.0 2519.0 1746.0 2539.0 1734.0 2539.0 small-vehicle 0
1726.0 2521.0 1736.0 2521.0 1736.0 2541.0 1726.0 2541.0 small-vehicle 0
1716.0 2521.0 1726.0 2521.0 1726.0 2540.0 1716.0 2540.0 small-vehicle 0
1708.0 2522.0 1718.0 2522.0 1718.0 2542.0 1708.0 2542.0 small-vehicle 0
1827.0 190.0 1950.0 190.0 1950.0 297.0 1827.0 297.0 harbor 0
