imagesource:GoogleEarth
gsd:0.254734619181
4388.0 3212.0 4411.0 3212.0 4411.0 3228.0 4388.0 3228.0 small-vehicle 1
497.0 2639.0 515.0 2639.0 515.0 2663.0 497.0 2663.0 small-vehicle 1
1052.0 3417.0 1075.0 3417.0 1075.0 3440.0 1052.0 3440.0 small-vehicle 0
1093.0 3043.0 1112.0 3043.0 1112.0 3063.0 1093.0 3063.0 small-vehicle 0
1078.0 3035.0 1101.0 3035.0 1101.0 3059.0 1078.0 3059.0 small-vehicle 0
1006.0 2934.0 1030.0 2934.0 1030.0 2964.0 1006.0 2964.0 small-vehicle 0
985.0 2936.0 1003.0 2936.0 1003.0 2963.0 985.0 2963.0 small-vehicle 0
747.0 2772.0 769.0 2772.0 769.0 2787.0 747.0 2787.0 ship 0
525.0 2626.0 547.0 2626.0 547.0 2654.0 525.0 2654.0 small-vehicle 1
1014.0 2071.0 1040.0 2071.0 1040.0 2097.0 1014.0 2097.0 small-vehicle 0
272.0 2520.0 290.0 2520.0 290.0 2545.0 272.0 2545.0 small-vehicle 1
62.0 2456.0 89.0 2456.0 89.0 2470.0 62.0 2470.0 small-vehicle 0
1062.0 2226.0 1084.0 2226.0 1084.0 2249.0 1062.0 2249.0 small-vehicle 0
1007.0 2040.0 1032.0 2040.0 1032.0 2078.0 1007.0 2078.0 ship 0
966.0 2064.0 1006.0 2064.0 1006.0 2107.0 966.0 2107.0 ship 0
680.0 2045.0 702.0 2045.0 702.0 2074.0 680.0 2074.0 ship 0
1084.0 3908.0 1106.0 3908.0 1106.0 3945.0 1084.0 3945.0 ship 0
1442.0 87.0 1464.0 87.0 1464.0 101.0 1442.0 101.0 small-vehicle 0
1653.0 208.0 1676.0 208.0 1676.0 226.0 1653.0 226.0 small-vehicle 0
2026.0 205.0 2046.0 205.0 2046.0 226.0 2026.0 226.0 small-vehicle 0
1054.0 49.0 1092.0 49.0 1092.0 64.0 1054.0 64.0 ship 0
996.0 238.0 1022.0 238.0 1022.0 256.0 996.0 256.0 ship 0
1313.0 264.0 1339.0 264.0 1339.0 279.0 1313.0 279.0 small-vehicle 0
1317.0 279.0 1339.0 279.0 1339.0 295.0 1317.0 295.0 small-vehicle 0
1307.0 109.0 1330.0 109.0 1330.0 123.0 1307.0 123.0 small-vehicle 0
1433.0 93.0 1460.0 93.0 1460.0 111.0 1433.0 111.0 small-vehicle 0
1636.0 442.0 1658.0 442.0 1658.0 469.0 1636.0 469.0 ship 0
1809.0 432.0 1838.0 432.0 1838.0 465.0 1809.0 465.0 ship 0
1795.0 422.0 1825.0 422.0 1825.0 458.0 1795.0 458.0 ship 0
1770.0 379.0 1795.0 379.0 1795.0 407.0 1770.0 407.0 ship 0
1826.0 185.0 1846.0 185.0 1846.0 212.0 1826.0 212.0 ship 0
1720.0 189.0 1741.0 189.0 1741.0 225.0 1720.0 225.0 ship 0
1250.0 199.0 1290.0 199.0 1290.0 218.0 1250.0 218.0 ship 0
668.0 1951.0 686.0 1951.0 686.0 1977.0 668.0 1977.0 ship 0
546.0 2031.0 561.0 2031.0 561.0 2053.0 546.0 2053.0 small-vehicle 0
1662.0 394.0 1689.0 394.0 1689.0 438.0 1662.0 438.0 ship 0
2488.0 3328.0 2568.0 3328.0 2568.0 3489.0 2488.0 3489.0 harbor 0
2881.0 3258.0 2923.0 3258.0 2923.0 3372.0 2881.0 3372.0 harbor 0
2811.0 3305.0 2851.0 3305.0 2851.0 3399.0 2811.0 3399.0 harbor 0
2744.0 3316.0 2805.0 3316.0 2805.0 3429.0 2744.0 3429.0 harbor 0
2663.0 3320.0 2750.0 3320.0 2750.0 3461.0 2663.0 3461.0 harbor 0
2633.0 3376.0 2698.0 3376.0 2698.0 3486.0 2633.0 3486.0 harbor 0
2559.0 3340.0 2642.0 3340.0 2642.0 3491.0 2559.0 3491.0 harbor 0
2459.0 3386.0 2518.0 3386.0 2518.0 3486.0 2459.0 3486.0 harbor 0
538.0 2084.0 554.0 2084.0 554.0 2110.0 538.0 2110.0 small-vehicle 0
1677.0 2373.0 1782.0 2373.0 1782.0 2477.0 1677.0 2477.0 harbor 0
1686.0 2423.0 1867.0 2423.0 1867.0 2581.0 1686.0 2581.0 harbor 0
1717.0 2470.0 1911.0 2470.0 1911.0 2657.0 1717.0 2657.0 harbor 0
1728.0 2581.0 1868.0 2581.0 1868.0 2712.0 1728.0 2712.0 harbor 0
1755.0 2660.0 1878.0 2660.0 1878.0 2779.0 1755.0 2779.0 harbor 0
1811.0 2770.0 1929.0 2770.0 1929.0 2885.0 1811.0 2885.0 harbor 0
3566.0 959.0 3577.0 959.0 3577.0 991.0 3566.0 991.0 ship 1
3597.0 833.0 3623.0 833.0 3623.0 851.0 3597.0 851.0 ship 1
3183.0 1921.0 3211.0 1921.0 3211.0 1960.0 3183.0 1960.0 ship 1
3638.0 3213.0 3657.0 3213.0 3657.0 3235.0 3638.0 3235.0 small-vehicle 1
3028.0 3410.0 3038.0 3410.0 3038.0 3428.0 3028.0 3428.0 ship 1
3062.0 791.0 3079.0 791.0 3079.0 808.0 3062.0 808.0 small-vehicle 1
1046.0 504.0 1079.0 504.0 1079.0 564.0 1046.0 564.0 ship 0
121.0 1694.0 134.0 1694.0 134.0 1706.0 121.0 1706.0 ship 1
479.0 1786.0 494.0 1786.0 494.0 1804.0 479.0 1804.0 small-vehicle 1
149.0 1856.0 159.0 1856.0 159.0 1871.0 149.0 1871.0 small-vehicle 0
573.0 1784.0 588.0 1784.0 588.0 1810.0 573.0 1810.0 ship 0
541.0 1851.0 572.0 1851.0 572.0 1874.0 541.0 1874.0 ship 0
174.0 1736.0 206.0 1736.0 206.0 1761.0 174.0 1761.0 ship 0
145.0 1716.0 161.0 1716.0 161.0 1743.0 145.0 1743.0 ship 0
152.0 1724.0 169.0 1724.0 169.0 1747.0 152.0 1747.0 ship 0
12.0 2088.0 31.0 2088.0 31.0 2107.0 12.0 2107.0 small-vehicle 0
505.0 2068.0 522.0 2068.0 522.0 2090.0 505.0 2090.0 small-vehicle 0
1009.0 301.0 1032.0 301.0 1032.0 319.0 1009.0 319.0 ship 0
1383.0 537.0 1406.0 537.0 1406.0 551.0 1383.0 551.0 small-vehicle 0
1994.0 3971.0 2014.0 3971.0 2014.0 3994.0 1994.0 3994.0 small-vehicle 0
1578.0 2890.0 1592.0 2890.0 1592.0 2906.0 1578.0 2906.0 ship 0
1111.0 3068.0 1125.0 3068.0 1125.0 3093.0 1111.0 3093.0 small-vehicle 0
1588.0 2951.0 1610.0 2951.0 1610.0 2973.0 1588.0 2973.0 small-vehicle 0
1666.0 3026.0 1688.0 3026.0 1688.0 3050.0 1666.0 3050.0 small-vehicle 0
1634.0 3113.0 1665.0 3113.0 1665.0 3144.0 1634.0 3144.0 ship 0
1611.0 3033.0 1643.0 3033.0 1643.0 3059.0 1611.0 3059.0 ship 0
1619.0 3018.0 1648.0 3018.0 1648.0 3046.0 1619.0 3046.0 ship 0
1591.0 2886.0 1616.0 2886.0 1616.0 2915.0 1591.0 2915.0 ship 0
1504.0 2626.0 1523.0 2626.0 1523.0 2649.0 1504.0 2649.0 small-vehicle 0
1515.0 2790.0 1550.0 2790.0 1550.0 2830.0 1515.0 2830.0 ship 0
1505.0 2825.0 1539.0 2825.0 1539.0 2859.0 1505.0 2859.0 ship 0
1160.0 2736.0 1179.0 2736.0 1179.0 2759.0 1160.0 2759.0 small-vehicle 0
1592.0 2834.0 1615.0 2834.0 1615.0 2856.0 1592.0 2856.0 small-vehicle 0
637.0 2718.0 655.0 2718.0 655.0 2744.0 637.0 2744.0 small-vehicle 0
624.0 2710.0 646.0 2710.0 646.0 2738.0 624.0 2738.0 small-vehicle 0
1695.0 3070.0 1719.0 3070.0 1719.0 3093.0 1695.0 3093.0 small-vehicle 0
1684.0 3136.0 1704.0 3136.0 1704.0 3157.0 1684.0 3157.0 small-vehicle 0
1692.0 3141.0 1711.0 3141.0 1711.0 3164.0 1692.0 3164.0 small-vehicle 1
1038.0 3444.0 1063.0 3444.0 1063.0 3472.0 1038.0 3472.0 small-vehicle 0
1490.0 3342.0 1511.0 3342.0 1511.0 3364.0 1490.0 3364.0 small-vehicle 0
1429.0 3442.0 1454.0 3442.0 1454.0 3464.0 1429.0 3464.0 small-vehicle 0
1335.0 3506.0 1349.0 3506.0 1349.0 3527.0 1335.0 3527.0 small-vehicle 0
1076.0 3129.0 1156.0 3129.0 1156.0 3196.0 1076.0 3196.0 swimming-pool 0
956.0 3277.0 1017.0 3277.0 1017.0 3341.0 956.0 3341.0 swimming-pool 0
1369.0 3544.0 1401.0 3544.0 1401.0 3577.0 1369.0 3577.0 small-vehicle 0
821.0 3199.0 842.0 3199.0 842.0 3225.0 821.0 3225.0 ship 0
1561.0 3589.0 1619.0 3589.0 1619.0 3622.0 1561.0 3622.0 ship 0
1631.0 3939.0 1660.0 3939.0 1660.0 3971.0 1631.0 3971.0 ship 0
1636.0 3928.0 1657.0 3928.0 1657.0 3951.0 1636.0 3951.0 small-vehicle 0
1698.0 4030.0 1728.0 4030.0 1728.0 4068.0 1698.0 4068.0 ship 0
1897.0 3906.0 1927.0 3906.0 1927.0 3940.0 1897.0 3940.0 ship 0
1840.0 3866.0 1859.0 3866.0 1859.0 3884.0 1840.0 3884.0 small-vehicle 0
1396.0 2772.0 1416.0 2772.0 1416.0 2791.0 1396.0 2791.0 small-vehicle 0
1149.0 2203.0 1173.0 2203.0 1173.0 2229.0 1149.0 2229.0 small-vehicle 0
1511.0 664.0 1530.0 664.0 1530.0 686.0 1511.0 686.0 small-vehicle 0
1843.0 589.0 1863.0 589.0 1863.0 613.0 1843.0 613.0 small-vehicle 0
2038.0 676.0 2058.0 676.0 2058.0 699.0 2038.0 699.0 small-vehicle 0
2042.0 528.0 2069.0 528.0 2069.0 555.0 2042.0 555.0 small-vehicle 0
2019.0 553.0 2045.0 553.0 2045.0 578.0 2019.0 578.0 small-vehicle 0
1915.0 584.0 1939.0 584.0 1939.0 610.0 1915.0 610.0 small-vehicle 0
1900.0 603.0 1925.0 603.0 1925.0 631.0 1900.0 631.0 small-vehicle 0
1859.0 573.0 1880.0 573.0 1880.0 595.0 1859.0 595.0 small-vehicle 0
1950.0 815.0 1971.0 815.0 1971.0 836.0 1950.0 836.0 small-vehicle 1
1142.0 2194.0 1163.0 2194.0 1163.0 2217.0 1142.0 2217.0 small-vehicle 0
1649.0 753.0 1668.0 753.0 1668.0 773.0 1649.0 773.0 small-vehicle 1
1589.0 465.0 1610.0 465.0 1610.0 482.0 1589.0 482.0 small-vehicle 1
1596.0 452.0 1616.0 452.0 1616.0 466.0 1596.0 466.0 small-vehicle 1
1887.0 800.0 1910.0 800.0 1910.0 824.0 1887.0 824.0 small-vehicle 0
1782.0 700.0 1804.0 700.0 1804.0 726.0 1782.0 726.0 small-vehicle 0
1593.0 683.0 1618.0 683.0 1618.0 707.0 1593.0 707.0 small-vehicle 0
2020.0 673.0 2045.0 673.0 2045.0 699.0 2020.0 699.0 small-vehicle 0
2001.0 700.0 2022.0 700.0 2022.0 724.0 2001.0 724.0 small-vehicle 0
1316.0 907.0 1346.0 907.0 1346.0 934.0 1316.0 934.0 ship 0
1453.0 935.0 1482.0 935.0 1482.0 971.0 1453.0 971.0 ship 0
1936.0 894.0 1965.0 894.0 1965.0 927.0 1936.0 927.0 ship 0
1854.0 1044.0 1872.0 1044.0 1872.0 1063.0 1854.0 1063.0 ship 0
1955.0 1099.0 1973.0 1099.0 1973.0 1120.0 1955.0 1120.0 ship 0
1802.0 1226.0 1839.0 1226.0 1839.0 1267.0 1802.0 1267.0 ship 0
2009.0 1346.0 2049.0 1346.0 2049.0 1390.0 2009.0 1390.0 ship 0
697.0 2013.0 722.0 2013.0 722.0 2043.0 697.0 2043.0 ship 0
709.0 2021.0 731.0 2021.0 731.0 2050.0 709.0 2050.0 ship 0
693.0 2050.0 713.0 2050.0 713.0 2074.0 693.0 2074.0 ship 0
921.0 1576.0 946.0 1576.0 946.0 1610.0 921.0 1610.0 ship 0
1101.0 1705.0 1129.0 1705.0 1129.0 1737.0 1101.0 1737.0 ship 0
964.0 2153.0 978.0 2153.0 978.0 2179.0 964.0 2179.0 ship 0
965.0 2037.0 980.0 2037.0 980.0 2051.0 965.0 2051.0 ship 1
1134.0 2116.0 1153.0 2116.0 1153.0 2136.0 1134.0 2136.0 small-vehicle 0
1844.0 2782.0 1996.0 2782.0 1996.0 2934.0 1844.0 2934.0 harbor 0
1900.0 2901.0 1976.0 2901.0 1976.0 2972.0 1900.0 2972.0 harbor 0
1931.0 2920.0 2051.0 2920.0 2051.0 3032.0 1931.0 3032.0 harbor 0
4204.0 1619.0 4330.0 1619.0 4330.0 1692.0 4204.0 1692.0 harbor 0
3606.0 1756.0 3702.0 1756.0 3702.0 2071.0 3606.0 2071.0 harbor 0
3776.0 1756.0 3821.0 1756.0 3821.0 2058.0 3776.0 2058.0 harbor 0
3826.0 1767.0 3866.0 1767.0 3866.0 1959.0 3826.0 1959.0 harbor 0
3876.0 1766.0 3904.0 1766.0 3904.0 1924.0 3876.0 1924.0 harbor 0
4054.0 1777.0 4152.0 1777.0 4152.0 1905.0 4054.0 1905.0 harbor 0
4181.0 1660.0 4362.0 1660.0 4362.0 1770.0 4181.0 1770.0 harbor 0
4226.0 1528.0 4350.0 1528.0 4350.0 1617.0 4226.0 1617.0 harbor 0
3998.0 869.0 4099.0 869.0 4099.0 973.0 3998.0 973.0 harbor 0
4242.0 1488.0 4371.0 1488.0 4371.0 1556.0 4242.0 1556.0 harbor 0
4256.0 1393.0 4348.0 1393.0 4348.0 1454.0 4256.0 1454.0 harbor 0
4238.0 1314.0 4419.0 1314.0 4419.0 1408.0 4238.0 1408.0 harbor 0
4245.0 1230.0 4400.0 1230.0 4400.0 1323.0 4245.0 1323.0 harbor 0
4285.0 1149.0 4412.0 1149.0 4412.0 1191.0 4285.0 1191.0 harbor 0
4182.0 975.0 4272.0 975.0 4272.0 1066.0 4182.0 1066.0 harbor 0
3529.0 1770.0 3602.0 1770.0 3602.0 2075.0 3529.0 2075.0 harbor 0
3376.0 1830.0 3532.0 1830.0 3532.0 2211.0 3376.0 2211.0 harbor 0
3260.0 1866.0 3323.0 1866.0 3323.0 2064.0 3260.0 2064.0 harbor 0
3193.0 1836.0 3290.0 1836.0 3290.0 2083.0 3193.0 2083.0 harbor 0
3132.0 1850.0 3212.0 1850.0 3212.0 1972.0 3132.0 1972.0 harbor 0
3094.0 1922.0 3179.0 1922.0 3179.0 2038.0 3094.0 2038.0 harbor 0
3051.0 1956.0 3187.0 1956.0 3187.0 2122.0 3051.0 2122.0 harbor 0
3882.0 2442.0 3942.0 2442.0 3942.0 2629.0 3882.0 2629.0 harbor 0
3690.0 2563.0 3784.0 2563.0 3784.0 2715.0 3690.0 2715.0 harbor 0
3651.0 2632.0 3722.0 2632.0 3722.0 2746.0 3651.0 2746.0 harbor 0
3572.0 2622.0 3683.0 2622.0 3683.0 2789.0 3572.0 2789.0 harbor 0
3571.0 2729.0 3638.0 2729.0 3638.0 2831.0 3571.0 2831.0 harbor 0
3493.0 2742.0 3596.0 2742.0 3596.0 2882.0 3493.0 2882.0 harbor 0
3482.0 2834.0 3556.0 2834.0 3556.0 2930.0 3482.0 2930.0 harbor 0
3375.0 2814.0 3491.0 2814.0 3491.0 2989.0 3375.0 2989.0 harbor 0
3316.0 2867.0 3440.0 2867.0 3440.0 3043.0 3316.0 3043.0 harbor 0
3279.0 2917.0 3391.0 2917.0 3391.0 3088.0 3279.0 3088.0 harbor 0
4088.0 939.0 4174.0 939.0 4174.0 1010.0 4088.0 1010.0 harbor 0
3838.0 783.0 4004.0 783.0 4004.0 899.0 3838.0 899.0 harbor 0
2001.0 2937.0 2105.0 2937.0 2105.0 3042.0 2001.0 3042.0 harbor 0
1021.0 317.0 1139.0 317.0 1139.0 371.0 1021.0 371.0 harbor 0
357.0 1450.0 407.0 1450.0 407.0 1600.0 357.0 1600.0 harbor 0
1114.0 642.0 1240.0 642.0 1240.0 722.0 1114.0 722.0 harbor 0
1070.0 582.0 1202.0 582.0 1202.0 651.0 1070.0 651.0 harbor 0
1068.0 514.0 1192.0 514.0 1192.0 564.0 1068.0 564.0 harbor 0
1059.0 418.0 1182.0 418.0 1182.0 494.0 1059.0 494.0 harbor 0
1061.0 370.0 1158.0 370.0 1158.0 416.0 1061.0 416.0 harbor 0
954.0 252.0 1108.0 252.0 1108.0 324.0 954.0 324.0 harbor 0
3805.0 741.0 3946.0 741.0 3946.0 834.0 3805.0 834.0 harbor 0
959.0 204.0 1089.0 204.0 1089.0 248.0 959.0 248.0 harbor 0
1039.0 139.0 1113.0 139.0 1113.0 171.0 1039.0 171.0 harbor 0
1040.0 87.0 1117.0 87.0 1117.0 126.0 1040.0 126.0 harbor 0
1056.0 26.0 1126.0 26.0 1126.0 68.0 1056.0 68.0 harbor 0
82.0 22.0 210.0 22.0 210.0 164.0 82.0 164.0 harbor 0
612.0 161.0 636.0 161.0 636.0 246.0 612.0 246.0 harbor 0
408.0 1478.0 457.0 1478.0 457.0 1610.0 408.0 1610.0 harbor 0
486.0 1484.0 533.0 1484.0 533.0 1610.0 486.0 1610.0 harbor 0
560.0 1381.0 625.0 1381.0 625.0 1505.0 560.0 1505.0 harbor 0
532.0 1501.0 579.0 1501.0 579.0 1615.0 532.0 1615.0 harbor 0
616.0 1503.0 675.0 1503.0 675.0 1604.0 616.0 1604.0 harbor 0
691.0 1489.0 763.0 1489.0 763.0 1632.0 691.0 1632.0 harbor 0
773.0 1536.0 847.0 1536.0 847.0 1661.0 773.0 1661.0 harbor 0
859.0 1552.0 950.0 1552.0 950.0 1693.0 859.0 1693.0 harbor 0
960.0 1606.0 1057.0 1606.0 1057.0 1733.0 960.0 1733.0 harbor 0
1051.0 1698.0 1152.0 1698.0 1152.0 1815.0 1051.0 1815.0 harbor 0
1153.0 1776.0 1232.0 1776.0 1232.0 1875.0 1153.0 1875.0 harbor 0
3772.0 276.0 3833.0 276.0 3833.0 308.0 3772.0 308.0 harbor 0
3742.0 333.0 3852.0 333.0 3852.0 383.0 3742.0 383.0 harbor 0
3733.0 458.0 3892.0 458.0 3892.0 510.0 3733.0 510.0 harbor 0
3752.0 554.0 3841.0 554.0 3841.0 597.0 3752.0 597.0 harbor 0
3773.0 635.0 3901.0 635.0 3901.0 712.0 3773.0 712.0 harbor 0
3802.0 692.0 3949.0 692.0 3949.0 775.0 3802.0 775.0 harbor 0
3247.0 2953.0 3350.0 2953.0 3350.0 3118.0 3247.0 3118.0 harbor 0
3200.0 2982.0 3303.0 2982.0 3303.0 3150.0 3200.0 3150.0 harbor 0
3173.0 3085.0 3247.0 3085.0 3247.0 3194.0 3173.0 3194.0 harbor 0
2406.0 1639.0 2527.0 1639.0 2527.0 1775.0 2406.0 1775.0 harbor 0
2594.0 1874.0 2787.0 1874.0 2787.0 2083.0 2594.0 2083.0 harbor 0
2613.0 1838.0 2735.0 1838.0 2735.0 1978.0 2613.0 1978.0 harbor 0
2587.0 1797.0 2692.0 1797.0 2692.0 1914.0 2587.0 1914.0 harbor 0
2511.0 1751.0 2655.0 1751.0 2655.0 1903.0 2511.0 1903.0 harbor 0
2490.0 1713.0 2605.0 1713.0 2605.0 1831.0 2490.0 1831.0 harbor 0
2516.0 1679.0 2558.0 1679.0 2558.0 1726.0 2516.0 1726.0 harbor 0
2398.0 1585.0 2484.0 1585.0 2484.0 1676.0 2398.0 1676.0 harbor 0
3078.0 3035.0 3197.0 3035.0 3197.0 3220.0 3078.0 3220.0 harbor 0
2327.0 1536.0 2453.0 1536.0 2453.0 1672.0 2327.0 1672.0 harbor 0
2293.0 1486.0 2411.0 1486.0 2411.0 1618.0 2293.0 1618.0 harbor 0
2238.0 1458.0 2361.0 1458.0 2361.0 1596.0 2238.0 1596.0 harbor 0
2239.0 1423.0 2315.0 1423.0 2315.0 1508.0 2239.0 1508.0 harbor 0
2157.0 1381.0 2262.0 1381.0 2262.0 1507.0 2157.0 1507.0 harbor 0
2099.0 1340.0 2216.0 1340.0 2216.0 1467.0 2099.0 1467.0 harbor 0
2772.0 1968.0 2877.0 1968.0 2877.0 2071.0 2772.0 2071.0 harbor 0
1501.0 3611.0 1550.0 3611.0 1550.0 3659.0 1501.0 3659.0 harbor 0
1619.0 3580.0 1636.0 3580.0 1636.0 3602.0 1619.0 3602.0 harbor 0
1595.0 3643.0 1659.0 3643.0 1659.0 3699.0 1595.0 3699.0 harbor 0
1906.0 3537.0 2015.0 3537.0 2015.0 3666.0 1906.0 3666.0 harbor 0
1756.0 3466.0 1812.0 3466.0 1812.0 3526.0 1756.0 3526.0 harbor 0
1973.0 3625.0 2046.0 3625.0 2046.0 3710.0 1973.0 3710.0 harbor 0
2030.0 3664.0 2093.0 3664.0 2093.0 3736.0 2030.0 3736.0 harbor 0
2085.0 3747.0 2118.0 3747.0 2118.0 3784.0 2085.0 3784.0 harbor 0
2125.0 3783.0 2164.0 3783.0 2164.0 3822.0 2125.0 3822.0 harbor 0
2164.0 3836.0 2189.0 3836.0 2189.0 3862.0 2164.0 3862.0 harbor 0
2205.0 3459.0 2261.0 3459.0 2261.0 3542.0 2205.0 3542.0 harbor 0
2250.0 3422.0 2326.0 3422.0 2326.0 3525.0 2250.0 3525.0 harbor 0
2321.0 3379.0 2390.0 3379.0 2390.0 3499.0 2321.0 3499.0 harbor 0
2401.0 3409.0 2438.0 3409.0 2438.0 3494.0 2401.0 3494.0 harbor 0
2140.0 3154.0 2243.0 3154.0 2243.0 3263.0 2140.0 3263.0 harbor 0
2066.0 2941.0 2183.0 2941.0 2183.0 3049.0 2066.0 3049.0 harbor 0
2041.0 1266.0 2126.0 1266.0 2126.0 1365.0 2041.0 1365.0 harbor 0
1313.0 830.0 1396.0 830.0 1396.0 929.0 1313.0 929.0 harbor 0
1433.0 857.0 1528.0 857.0 1528.0 968.0 1433.0 968.0 harbor 0
4383.0 2818.0 4460.0 2818.0 4460.0 2917.0 4383.0 2917.0 harbor 0
3067.0 3132.0 3148.0 3132.0 3148.0 3252.0 3067.0 3252.0 harbor 0
3013.0 3172.0 3094.0 3172.0 3094.0 3283.0 3013.0 3283.0 harbor 0
2970.0 3197.0 3048.0 3197.0 3048.0 3313.0 2970.0 3313.0 harbor 0
2925.0 3195.0 2984.0 3195.0 2984.0 3338.0 2925.0 3338.0 harbor 0
3883.0 3577.0 3956.0 3577.0 3956.0 3652.0 3883.0 3652.0 harbor 0
3978.0 3492.0 4048.0 3492.0 4048.0 3559.0 3978.0 3559.0 harbor 0
4024.0 3452.0 4040.0 3452.0 4040.0 3470.0 4024.0 3470.0 harbor 0
4068.0 3410.0 4091.0 3410.0 4091.0 3437.0 4068.0 3437.0 harbor 0
4176.0 3385.0 4227.0 3385.0 4227.0 3441.0 4176.0 3441.0 harbor 0
4294.0 3367.0 4366.0 3367.0 4366.0 3466.0 4294.0 3466.0 harbor 0
4328.0 3352.0 4417.0 3352.0 4417.0 3461.0 4328.0 3461.0 harbor 0
4380.0 3321.0 4465.0 3321.0 4465.0 3429.0 4380.0 3429.0 harbor 0
4586.0 2982.0 4653.0 2982.0 4653.0 3042.0 4586.0 3042.0 harbor 0
4442.0 2845.0 4563.0 2845.0 4563.0 2966.0 4442.0 2966.0 harbor 0
4246.0 2735.0 4345.0 2735.0 4345.0 2846.0 4246.0 2846.0 harbor 0
1496.0 877.0 1598.0 877.0 1598.0 988.0 1496.0 988.0 harbor 0
4183.0 2649.0 4318.0 2649.0 4318.0 2819.0 4183.0 2819.0 harbor 0
4076.0 2604.0 4233.0 2604.0 4233.0 2793.0 4076.0 2793.0 harbor 0
1216.0 2341.0 1321.0 2341.0 1321.0 2440.0 1216.0 2440.0 harbor 0
1530.0 2226.0 1641.0 2226.0 1641.0 2341.0 1530.0 2341.0 harbor 0
1319.0 1862.0 1409.0 1862.0 1409.0 1965.0 1319.0 1965.0 harbor 0
1265.0 1862.0 1351.0 1862.0 1351.0 1947.0 1265.0 1947.0 harbor 0
1811.0 1163.0 1909.0 1163.0 1909.0 1282.0 1811.0 1282.0 harbor 0
1761.0 1131.0 1845.0 1131.0 1845.0 1230.0 1761.0 1230.0 harbor 0
1915.0 1227.0 2023.0 1227.0 2023.0 1352.0 1915.0 1352.0 harbor 0
1710.0 1088.0 1799.0 1088.0 1799.0 1187.0 1710.0 1187.0 harbor 0
1600.0 1053.0 1759.0 1053.0 1759.0 1209.0 1600.0 1209.0 harbor 0
1629.0 994.0 1748.0 994.0 1748.0 1121.0 1629.0 1121.0 harbor 0
1593.0 932.0 1708.0 932.0 1708.0 1062.0 1593.0 1062.0 harbor 0
1509.0 916.0 1644.0 916.0 1644.0 1068.0 1509.0 1068.0 harbor 0
1811.0 3960.0 1827.0 3960.0 1827.0 3980.0 1811.0 3980.0 small-vehicle 0
1757.0 3827.0 1781.0 3827.0 1781.0 3853.0 1757.0 3853.0 small-vehicle 0
3876.0 2749.0 3895.0 2749.0 3895.0 2774.0 3876.0 2774.0 small-vehicle 1
3512.0 1521.0 3548.0 1521.0 3548.0 1537.0 3512.0 1537.0 ship 0
3394.0 1474.0 3437.0 1474.0 3437.0 1490.0 3394.0 1490.0 ship 0
3385.0 1573.0 3406.0 1573.0 3406.0 1613.0 3385.0 1613.0 ship 0
3389.0 1612.0 3411.0 1612.0 3411.0 1657.0 3389.0 1657.0 ship 0
3425.0 1634.0 3471.0 1634.0 3471.0 1653.0 3425.0 1653.0 ship 0
3508.0 1626.0 3563.0 1626.0 3563.0 1664.0 3508.0 1664.0 ship 0
3511.0 1500.0 3546.0 1500.0 3546.0 1516.0 3511.0 1516.0 ship 0
3514.0 1541.0 3546.0 1541.0 3546.0 1556.0 3514.0 1556.0 ship 0
3735.0 1486.0 3763.0 1486.0 3763.0 1516.0 3735.0 1516.0 ship 0
3512.0 1557.0 3558.0 1557.0 3558.0 1592.0 3512.0 1592.0 ship 0
3512.0 1579.0 3561.0 1579.0 3561.0 1619.0 3512.0 1619.0 ship 0
3561.0 1604.0 3581.0 1604.0 3581.0 1636.0 3561.0 1636.0 ship 0
3566.0 1567.0 3584.0 1567.0 3584.0 1610.0 3566.0 1610.0 ship 0
3601.0 1553.0 3621.0 1553.0 3621.0 1600.0 3601.0 1600.0 ship 0
3600.0 1599.0 3619.0 1599.0 3619.0 1646.0 3600.0 1646.0 ship 0
3401.0 1491.0 3438.0 1491.0 3438.0 1507.0 3401.0 1507.0 ship 0
3438.0 1489.0 3479.0 1489.0 3479.0 1506.0 3438.0 1506.0 ship 0
3437.0 1470.0 3477.0 1470.0 3477.0 1488.0 3437.0 1488.0 ship 0
3432.0 1509.0 3485.0 1509.0 3485.0 1527.0 3432.0 1527.0 ship 0
3405.0 1511.0 3433.0 1511.0 3433.0 1527.0 3405.0 1527.0 ship 0
3405.0 1533.0 3439.0 1533.0 3439.0 1548.0 3405.0 1548.0 ship 0
3411.0 1553.0 3439.0 1553.0 3439.0 1566.0 3411.0 1566.0 ship 0
3441.0 1571.0 3480.0 1571.0 3480.0 1586.0 3441.0 1586.0 ship 0
3439.0 1553.0 3480.0 1553.0 3480.0 1566.0 3439.0 1566.0 ship 0
3441.0 1533.0 3480.0 1533.0 3480.0 1550.0 3441.0 1550.0 ship 0
3416.0 1587.0 3472.0 1587.0 3472.0 1610.0 3416.0 1610.0 ship 0
3408.0 1569.0 3441.0 1569.0 3441.0 1587.0 3408.0 1587.0 ship 0
3416.0 1612.0 3476.0 1612.0 3476.0 1633.0 3416.0 1633.0 ship 0
3490.0 1539.0 3511.0 1539.0 3511.0 1597.0 3490.0 1597.0 ship 0
3482.0 1489.0 3503.0 1489.0 3503.0 1534.0 3482.0 1534.0 ship 0
3932.0 1212.0 3958.0 1212.0 3958.0 1233.0 3932.0 1233.0 ship 0
3453.0 1423.0 3484.0 1423.0 3484.0 1434.0 3453.0 1434.0 ship 0
3685.0 1460.0 3701.0 1460.0 3701.0 1489.0 3685.0 1489.0 ship 0
3759.0 1527.0 3794.0 1527.0 3794.0 1543.0 3759.0 1543.0 ship 0
3875.0 1301.0 3891.0 1301.0 3891.0 1323.0 3875.0 1323.0 small-vehicle 1
3509.0 1719.0 3532.0 1719.0 3532.0 1772.0 3509.0 1772.0 ship 0
3425.0 1653.0 3480.0 1653.0 3480.0 1673.0 3425.0 1673.0 ship 0
3492.0 1609.0 3504.0 1609.0 3504.0 1639.0 3492.0 1639.0 ship 0
3514.0 1603.0 3566.0 1603.0 3566.0 1639.0 3514.0 1639.0 ship 0
3510.0 1650.0 3566.0 1650.0 3566.0 1687.0 3510.0 1687.0 ship 0
3552.0 1713.0 3578.0 1713.0 3578.0 1773.0 3552.0 1773.0 ship 0
3532.0 1720.0 3554.0 1720.0 3554.0 1774.0 3532.0 1774.0 ship 0
3452.0 1717.0 3472.0 1717.0 3472.0 1771.0 3452.0 1771.0 ship 0
3756.0 1541.0 3795.0 1541.0 3795.0 1555.0 3756.0 1555.0 ship 0
3455.0 1771.0 3467.0 1771.0 3467.0 1811.0 3455.0 1811.0 ship 0
3429.0 1768.0 3448.0 1768.0 3448.0 1814.0 3429.0 1814.0 ship 0
3428.0 1704.0 3447.0 1704.0 3447.0 1769.0 3428.0 1769.0 ship 0
3345.0 1695.0 3389.0 1695.0 3389.0 1717.0 3345.0 1717.0 ship 0
3341.0 1676.0 3389.0 1676.0 3389.0 1695.0 3341.0 1695.0 ship 0
3345.0 1655.0 3388.0 1655.0 3388.0 1674.0 3345.0 1674.0 ship 0
3662.0 1698.0 3682.0 1698.0 3682.0 1754.0 3662.0 1754.0 ship 0
3679.0 1705.0 3695.0 1705.0 3695.0 1737.0 3679.0 1737.0 ship 0
3705.0 1711.0 3723.0 1711.0 3723.0 1747.0 3705.0 1747.0 ship 0
3726.0 1703.0 3749.0 1703.0 3749.0 1759.0 3726.0 1759.0 ship 0
3746.0 1693.0 3774.0 1693.0 3774.0 1759.0 3746.0 1759.0 ship 0
3771.0 1688.0 3799.0 1688.0 3799.0 1751.0 3771.0 1751.0 ship 0
3754.0 1670.0 3795.0 1670.0 3795.0 1691.0 3754.0 1691.0 ship 0
3715.0 1676.0 3759.0 1676.0 3759.0 1699.0 3715.0 1699.0 ship 0
3618.0 1619.0 3667.0 1619.0 3667.0 1653.0 3618.0 1653.0 ship 0
3621.0 1596.0 3666.0 1596.0 3666.0 1629.0 3621.0 1629.0 ship 0
3624.0 1571.0 3665.0 1571.0 3665.0 1607.0 3624.0 1607.0 ship 0
3620.0 1544.0 3665.0 1544.0 3665.0 1584.0 3620.0 1584.0 ship 0
3619.0 1523.0 3658.0 1523.0 3658.0 1557.0 3619.0 1557.0 ship 0
3680.0 1525.0 3696.0 1525.0 3696.0 1546.0 3680.0 1546.0 ship 0
3705.0 1525.0 3727.0 1525.0 3727.0 1546.0 3705.0 1546.0 ship 0
3795.0 1512.0 3811.0 1512.0 3811.0 1539.0 3795.0 1539.0 ship 0
3724.0 1530.0 3756.0 1530.0 3756.0 1553.0 3724.0 1553.0 ship 0
3859.0 1282.0 3884.0 1282.0 3884.0 1301.0 3859.0 1301.0 small-vehicle 0
3841.0 1210.0 3857.0 1210.0 3857.0 1232.0 3841.0 1232.0 small-vehicle 1
1786.0 3795.0 1804.0 3795.0 1804.0 3817.0 1786.0 3817.0 small-vehicle 0
3129.0 2082.0 3171.0 2082.0 3171.0 2115.0 3129.0 2115.0 ship 1
2290.0 1008.0 2309.0 1008.0 2309.0 1028.0 2290.0 1028.0 small-vehicle 1
1231.0 160.0 1249.0 160.0 1249.0 182.0 1231.0 182.0 small-vehicle 1
4403.0 3219.0 4426.0 3219.0 4426.0 3237.0 4403.0 3237.0 small-vehicle 1
4427.0 3170.0 4443.0 3170.0 4443.0 3194.0 4427.0 3194.0 small-vehicle 1
4093.0 1405.0 4119.0 1405.0 4119.0 1424.0 4093.0 1424.0 small-vehicle 1
3378.0 1104.0 3394.0 1104.0 3394.0 1126.0 3378.0 1126.0 ship 1
3091.0 3134.0 3119.0 3134.0 3119.0 3169.0 3091.0 3169.0 ship 1
234.0 1633.0 246.0 1633.0 246.0 1654.0 234.0 1654.0 ship 0
2109.0 985.0 2143.0 985.0 2143.0 1025.0 2109.0 1025.0 ship 1
2215.0 991.0 2244.0 991.0 2244.0 1023.0 2215.0 1023.0 ship 1
3077.0 519.0 3103.0 519.0 3103.0 530.0 3077.0 530.0 ship 1
1866.0 2938.0 1877.0 2938.0 1877.0 2958.0 1866.0 2958.0 ship 1
1375.0 3458.0 1407.0 3458.0 1407.0 3488.0 1375.0 3488.0 ship 1
1719.0 4032.0 1739.0 4032.0 1739.0 4060.0 1719.0 4060.0 ship 0
2305.0 1003.0 2324.0 1003.0 2324.0 1028.0 2305.0 1028.0 small-vehicle 1
3253.0 3443.0 3272.0 3443.0 3272.0 3463.0 3253.0 3463.0 small-vehicle 1
2727.0 1053.0 2747.0 1053.0 2747.0 1073.0 2727.0 1073.0 small-vehicle 1
3566.0 1079.0 3579.0 1079.0 3579.0 1103.0 3566.0 1103.0 small-vehicle 1
4032.0 1232.0 4057.0 1232.0 4057.0 1246.0 4032.0 1246.0 small-vehicle 1
643.0 1687.0 692.0 1687.0 692.0 1749.0 643.0 1749.0 swimming-pool 0
702.0 1730.0 771.0 1730.0 771.0 1782.0 702.0 1782.0 swimming-pool 0
1763.0 2591.0 1781.0 2591.0 1781.0 2607.0 1763.0 2607.0 ship 1
3168.0 1922.0 3183.0 1922.0 3183.0 1941.0 3168.0 1941.0 ship 1
3191.0 1909.0 3205.0 1909.0 3205.0 1927.0 3191.0 1927.0 ship 1
3553.0 1328.0 3569.0 1328.0 3569.0 1355.0 3553.0 1355.0 small-vehicle 1
3484.0 1334.0 3497.0 1334.0 3497.0 1360.0 3484.0 1360.0 small-vehicle 1
3710.0 1319.0 3724.0 1319.0 3724.0 1346.0 3710.0 1346.0 small-vehicle 1
3611.0 1275.0 3633.0 1275.0 3633.0 1288.0 3611.0 1288.0 small-vehicle 1
3562.0 1156.0 3577.0 1156.0 3577.0 1185.0 3562.0 1185.0 small-vehicle 1
2950.0 1432.0 2977.0 1432.0 2977.0 1452.0 2950.0 1452.0 small-vehicle 1
4524.0 3045.0 4553.0 3045.0 4553.0 3059.0 4524.0 3059.0 ship 1
156.0 1840.0 182.0 1840.0 182.0 1879.0 156.0 1879.0 ship 0
243.0 1632.0 252.0 1632.0 252.0 1650.0 243.0 1650.0 ship 0
3719.0 1042.0 3736.0 1042.0 3736.0 1067.0 3719.0 1067.0 small-vehicle 1
3278.0 358.0 3301.0 358.0 3301.0 365.0 3278.0 365.0 small-vehicle 0
3709.0 508.0 3736.0 508.0 3736.0 524.0 3709.0 524.0 ship 0
3538.0 458.0 3559.0 458.0 3559.0 468.0 3538.0 468.0 small-vehicle 1
3065.0 402.0 3080.0 402.0 3080.0 427.0 3065.0 427.0 small-vehicle 1
3106.0 450.0 3126.0 450.0 3126.0 464.0 3106.0 464.0 small-vehicle 0
3484.0 333.0 3504.0 333.0 3504.0 345.0 3484.0 345.0 small-vehicle 0
3319.0 392.0 3340.0 392.0 3340.0 402.0 3319.0 402.0 small-vehicle 0
3959.0 979.0 3981.0 979.0 3981.0 1000.0 3959.0 1000.0 small-vehicle 1
255.0 1630.0 264.0 1630.0 264.0 1647.0 255.0 1647.0 ship 0
3556.0 1019.0 3585.0 1019.0 3585.0 1042.0 3556.0 1042.0 small-vehicle 1
3556.0 1035.0 3581.0 1035.0 3581.0 1054.0 3556.0 1054.0 small-vehicle 1
3564.0 1047.0 3585.0 1047.0 3585.0 1064.0 3564.0 1064.0 small-vehicle 1
3584.0 1044.0 3599.0 1044.0 3599.0 1070.0 3584.0 1070.0 small-vehicle 1
3636.0 1185.0 3648.0 1185.0 3648.0 1210.0 3636.0 1210.0 small-vehicle 1
3645.0 1186.0 3655.0 1186.0 3655.0 1208.0 3645.0 1208.0 small-vehicle 1
3559.0 565.0 3595.0 565.0 3595.0 587.0 3559.0 587.0 ship 0
3558.0 585.0 3588.0 585.0 3588.0 603.0 3558.0 603.0 ship 0
3269.0 384.0 3309.0 384.0 3309.0 404.0 3269.0 404.0 ship 0
3075.0 483.0 3107.0 483.0 3107.0 501.0 3075.0 501.0 ship 0
3075.0 503.0 3106.0 503.0 3106.0 517.0 3075.0 517.0 ship 0
3080.0 542.0 3109.0 542.0 3109.0 570.0 3080.0 570.0 ship 0
4044.0 1347.0 4078.0 1347.0 4078.0 1361.0 4044.0 1361.0 ship 0
4036.0 1331.0 4074.0 1331.0 4074.0 1346.0 4036.0 1346.0 ship 0
4392.0 1361.0 4421.0 1361.0 4421.0 1386.0 4392.0 1386.0 ship 0
4415.0 2810.0 4445.0 2810.0 4445.0 2848.0 4415.0 2848.0 ship 0
4478.0 3159.0 4515.0 3159.0 4515.0 3182.0 4478.0 3182.0 ship 0
4442.0 3140.0 4467.0 3140.0 4467.0 3162.0 4442.0 3162.0 small-vehicle 1
4305.0 3136.0 4324.0 3136.0 4324.0 3156.0 4305.0 3156.0 small-vehicle 1
4438.0 3235.0 4460.0 3235.0 4460.0 3248.0 4438.0 3248.0 small-vehicle 1
4455.0 3269.0 4480.0 3269.0 4480.0 3282.0 4455.0 3282.0 small-vehicle 1
4183.0 3200.0 4205.0 3200.0 4205.0 3228.0 4183.0 3228.0 small-vehicle 1
4329.0 3110.0 4355.0 3110.0 4355.0 3136.0 4329.0 3136.0 ship 0
3344.0 1637.0 3381.0 1637.0 3381.0 1652.0 3344.0 1652.0 ship 0
3340.0 1615.0 3383.0 1615.0 3383.0 1633.0 3340.0 1633.0 ship 0
3339.0 1596.0 3380.0 1596.0 3380.0 1611.0 3339.0 1611.0 ship 0
2933.0 1021.0 2965.0 1021.0 2965.0 1056.0 2933.0 1056.0 ship 0
3236.0 1521.0 3256.0 1521.0 3256.0 1533.0 3236.0 1533.0 small-vehicle 0
2961.0 1577.0 2981.0 1577.0 2981.0 1597.0 2961.0 1597.0 small-vehicle 0
2793.0 1485.0 2813.0 1485.0 2813.0 1506.0 2793.0 1506.0 small-vehicle 0
2861.0 1517.0 2881.0 1517.0 2881.0 1541.0 2861.0 1541.0 ship 0
2999.0 1394.0 3023.0 1394.0 3023.0 1406.0 2999.0 1406.0 ship 0
2840.0 1374.0 2866.0 1374.0 2866.0 1404.0 2840.0 1404.0 ship 0
2701.0 1227.0 2729.0 1227.0 2729.0 1251.0 2701.0 1251.0 small-vehicle 1
2385.0 841.0 2406.0 841.0 2406.0 865.0 2385.0 865.0 small-vehicle 1
2572.0 1192.0 2599.0 1192.0 2599.0 1216.0 2572.0 1216.0 small-vehicle 1
2411.0 743.0 2433.0 743.0 2433.0 764.0 2411.0 764.0 small-vehicle 0
2922.0 797.0 2953.0 797.0 2953.0 831.0 2922.0 831.0 ship 0
2948.0 774.0 2973.0 774.0 2973.0 800.0 2948.0 800.0 small-vehicle 0
2318.0 893.0 2345.0 893.0 2345.0 927.0 2318.0 927.0 small-vehicle 0
2326.0 760.0 2349.0 760.0 2349.0 784.0 2326.0 784.0 small-vehicle 0
3232.0 1550.0 3255.0 1550.0 3255.0 1561.0 3232.0 1561.0 small-vehicle 0
2888.0 1624.0 2911.0 1624.0 2911.0 1646.0 2888.0 1646.0 small-vehicle 0
2998.0 1499.0 3024.0 1499.0 3024.0 1527.0 2998.0 1527.0 ship 0
2248.0 1568.0 2280.0 1568.0 2280.0 1601.0 2248.0 1601.0 ship 0
3051.0 1703.0 3068.0 1703.0 3068.0 1720.0 3051.0 1720.0 ship 1
3171.0 1723.0 3190.0 1723.0 3190.0 1752.0 3171.0 1752.0 ship 0
2611.0 1938.0 2640.0 1938.0 2640.0 1971.0 2611.0 1971.0 ship 0
2702.0 1963.0 2738.0 1963.0 2738.0 1996.0 2702.0 1996.0 ship 0
2663.0 3395.0 2688.0 3395.0 2688.0 3432.0 2663.0 3432.0 ship 0
2828.0 3332.0 2847.0 3332.0 2847.0 3357.0 2828.0 3357.0 ship 0
2891.0 3253.0 2913.0 3253.0 2913.0 3291.0 2891.0 3291.0 ship 0
2547.0 3342.0 2575.0 3342.0 2575.0 3378.0 2547.0 3378.0 ship 0
2579.0 3628.0 2605.0 3628.0 2605.0 3664.0 2579.0 3664.0 ship 0
3054.0 3525.0 3064.0 3525.0 3064.0 3546.0 3054.0 3546.0 ship 0
2503.0 3704.0 2531.0 3704.0 2531.0 3743.0 2503.0 3743.0 ship 0
2606.0 3667.0 2624.0 3667.0 2624.0 3693.0 2606.0 3693.0 small-vehicle 0
2627.0 3713.0 2646.0 3713.0 2646.0 3739.0 2627.0 3739.0 small-vehicle 0
2310.0 771.0 2332.0 771.0 2332.0 791.0 2310.0 791.0 small-vehicle 0
2236.0 959.0 2261.0 959.0 2261.0 989.0 2236.0 989.0 small-vehicle 0
3343.0 1577.0 3375.0 1577.0 3375.0 1590.0 3343.0 1590.0 ship 0
2193.0 3211.0 2211.0 3211.0 2211.0 3231.0 2193.0 3231.0 ship 0
1760.0 2660.0 1783.0 2660.0 1783.0 2687.0 1760.0 2687.0 ship 0
1838.0 2611.0 1868.0 2611.0 1868.0 2639.0 1838.0 2639.0 ship 0
1824.0 2591.0 1862.0 2591.0 1862.0 2628.0 1824.0 2628.0 ship 0
1613.0 2833.0 1638.0 2833.0 1638.0 2860.0 1613.0 2860.0 ship 0
1931.0 3249.0 1954.0 3249.0 1954.0 3270.0 1931.0 3270.0 small-vehicle 0
1807.0 3189.0 1824.0 3189.0 1824.0 3211.0 1807.0 3211.0 small-vehicle 0
1808.0 3204.0 1834.0 3204.0 1834.0 3229.0 1808.0 3229.0 ship 0
2474.0 504.0 2499.0 504.0 2499.0 537.0 2474.0 537.0 ship 0
1779.0 3481.0 1815.0 3481.0 1815.0 3517.0 1779.0 3517.0 ship 0
2170.0 3225.0 2207.0 3225.0 2207.0 3263.0 2170.0 3263.0 ship 0
1957.0 3536.0 1993.0 3536.0 1993.0 3578.0 1957.0 3578.0 ship 0
2015.0 3655.0 2046.0 3655.0 2046.0 3688.0 2015.0 3688.0 ship 0
2046.0 3749.0 2056.0 3749.0 2056.0 3769.0 2046.0 3769.0 ship 0
1690.0 4011.0 1710.0 4011.0 1710.0 4034.0 1690.0 4034.0 small-vehicle 0
1871.0 2776.0 1906.0 2776.0 1906.0 2813.0 1871.0 2813.0 ship 0
1901.0 2791.0 1934.0 2791.0 1934.0 2825.0 1901.0 2825.0 ship 0
2103.0 1424.0 2143.0 1424.0 2143.0 1465.0 2103.0 1465.0 ship 0
2131.0 1420.0 2170.0 1420.0 2170.0 1467.0 2131.0 1467.0 ship 0
2177.0 1479.0 2202.0 1479.0 2202.0 1508.0 2177.0 1508.0 ship 0
2155.0 1284.0 2176.0 1284.0 2176.0 1307.0 2155.0 1307.0 ship 0
2071.0 901.0 2094.0 901.0 2094.0 925.0 2071.0 925.0 ship 0
2075.0 752.0 2085.0 752.0 2085.0 774.0 2075.0 774.0 ship 0
2218.0 948.0 2235.0 948.0 2235.0 970.0 2218.0 970.0 ship 0
2066.0 589.0 2089.0 589.0 2089.0 615.0 2066.0 615.0 small-vehicle 0
2077.0 579.0 2104.0 579.0 2104.0 605.0 2077.0 605.0 small-vehicle 0
2084.0 565.0 2111.0 565.0 2111.0 594.0 2084.0 594.0 small-vehicle 0
2095.0 555.0 2123.0 555.0 2123.0 584.0 2095.0 584.0 small-vehicle 0
2060.0 463.0 2087.0 463.0 2087.0 491.0 2060.0 491.0 small-vehicle 0
2132.0 346.0 2153.0 346.0 2153.0 370.0 2132.0 370.0 small-vehicle 1
2137.0 386.0 2167.0 386.0 2167.0 416.0 2137.0 416.0 ship 0
2462.0 493.0 2489.0 493.0 2489.0 519.0 2462.0 519.0 small-vehicle 0
2639.0 3736.0 2656.0 3736.0 2656.0 3757.0 2639.0 3757.0 small-vehicle 0
2738.0 3700.0 2757.0 3700.0 2757.0 3725.0 2738.0 3725.0 small-vehicle 0
3000.0 3552.0 3015.0 3552.0 3015.0 3575.0 3000.0 3575.0 small-vehicle 0
3986.0 2901.0 4000.0 2901.0 4000.0 2927.0 3986.0 2927.0 small-vehicle 0
3451.0 1903.0 3485.0 1903.0 3485.0 1926.0 3451.0 1926.0 ship 0
3123.0 2069.0 3154.0 2069.0 3154.0 2094.0 3123.0 2094.0 ship 0
3132.0 2097.0 3188.0 2097.0 3188.0 2139.0 3132.0 2139.0 ship 0
3758.0 3069.0 3777.0 3069.0 3777.0 3093.0 3758.0 3093.0 small-vehicle 0
3821.0 2886.0 3840.0 2886.0 3840.0 2906.0 3821.0 2906.0 small-vehicle 0
3837.0 2866.0 3856.0 2866.0 3856.0 2887.0 3837.0 2887.0 small-vehicle 0
3418.0 2861.0 3441.0 2861.0 3441.0 2895.0 3418.0 2895.0 ship 0
2600.0 3684.0 2621.0 3684.0 2621.0 3713.0 2600.0 3713.0 small-vehicle 1
3830.0 3004.0 3847.0 3004.0 3847.0 3021.0 3830.0 3021.0 ship 0
3820.0 3002.0 3834.0 3002.0 3834.0 3020.0 3820.0 3020.0 ship 0
3584.0 3244.0 3603.0 3244.0 3603.0 3268.0 3584.0 3268.0 small-vehicle 0
3793.0 3006.0 3813.0 3006.0 3813.0 3032.0 3793.0 3032.0 small-vehicle 0
3996.0 2911.0 4013.0 2911.0 4013.0 2934.0 3996.0 2934.0 small-vehicle 0
4218.0 3326.0 4240.0 3326.0 4240.0 3351.0 4218.0 3351.0 ship 0
3448.0 1926.0 3496.0 1926.0 3496.0 1942.0 3448.0 1942.0 ship 0
3541.0 1936.0 3582.0 1936.0 3582.0 1952.0 3541.0 1952.0 ship 0
3635.0 2007.0 3687.0 2007.0 3687.0 2029.0 3635.0 2029.0 ship 0
3636.0 2033.0 3694.0 2033.0 3694.0 2051.0 3636.0 2051.0 ship 0
3461.0 2141.0 3485.0 2141.0 3485.0 2200.0 3461.0 2200.0 ship 0
3531.0 1841.0 3563.0 1841.0 3563.0 1851.0 3531.0 1851.0 ship 0
3298.0 1517.0 3320.0 1517.0 3320.0 1543.0 3298.0 1543.0 small-vehicle 0
3558.0 1682.0 3578.0 1682.0 3578.0 1710.0 3558.0 1710.0 small-vehicle 0
3631.0 1676.0 3660.0 1676.0 3660.0 1687.0 3631.0 1687.0 small-vehicle 0
3675.0 1684.0 3701.0 1684.0 3701.0 1709.0 3675.0 1709.0 small-vehicle 0
3590.0 1625.0 3604.0 1625.0 3604.0 1647.0 3590.0 1647.0 small-vehicle 0
4038.0 1552.0 4066.0 1552.0 4066.0 1574.0 4038.0 1574.0 small-vehicle 0
3341.0 1497.0 3369.0 1497.0 3369.0 1522.0 3341.0 1522.0 ship 0
3308.0 1496.0 3331.0 1496.0 3331.0 1521.0 3308.0 1521.0 ship 0
3387.0 1536.0 3398.0 1536.0 3398.0 1574.0 3387.0 1574.0 ship 0
3338.0 1513.0 3380.0 1513.0 3380.0 1551.0 3338.0 1551.0 ship 0
3338.0 1557.0 3378.0 1557.0 3378.0 1572.0 3338.0 1572.0 ship 0
3571.0 3247.0 3591.0 3247.0 3591.0 3272.0 3571.0 3272.0 ship 0
3971.0 2887.0 3993.0 2887.0 3993.0 2911.0 3971.0 2911.0 ship 0
3886.0 3055.0 3903.0 3055.0 3903.0 3079.0 3886.0 3079.0 ship 0
3877.0 3104.0 3896.0 3104.0 3896.0 3123.0 3877.0 3123.0 ship 0
2780.0 3683.0 2797.0 3683.0 2797.0 3707.0 2780.0 3707.0 small-vehicle 1
2834.0 3657.0 2855.0 3657.0 2855.0 3684.0 2834.0 3684.0 small-vehicle 1
2983.0 3554.0 3001.0 3554.0 3001.0 3579.0 2983.0 3579.0 small-vehicle 1
3021.0 3550.0 3040.0 3550.0 3040.0 3575.0 3021.0 3575.0 small-vehicle 1
2715.0 3824.0 2733.0 3824.0 2733.0 3850.0 2715.0 3850.0 small-vehicle 1
2379.0 3753.0 2394.0 3753.0 2394.0 3774.0 2379.0 3774.0 small-vehicle 1
3984.0 3403.0 4013.0 3403.0 4013.0 3429.0 3984.0 3429.0 ship 0
3916.0 3611.0 3947.0 3611.0 3947.0 3649.0 3916.0 3649.0 ship 0
3417.0 3323.0 3437.0 3323.0 3437.0 3349.0 3417.0 3349.0 small-vehicle 0
3178.0 3544.0 3196.0 3544.0 3196.0 3568.0 3178.0 3568.0 small-vehicle 0
3196.0 3541.0 3219.0 3541.0 3219.0 3572.0 3196.0 3572.0 small-vehicle 0
3757.0 3301.0 3786.0 3301.0 3786.0 3335.0 3757.0 3335.0 small-vehicle 0
3754.0 3367.0 3812.0 3367.0 3812.0 3433.0 3754.0 3433.0 swimming-pool 0
3746.0 3133.0 3766.0 3133.0 3766.0 3159.0 3746.0 3159.0 ship 0
3936.0 3163.0 3946.0 3163.0 3946.0 3191.0 3936.0 3191.0 ship 0
3884.0 3040.0 3913.0 3040.0 3913.0 3065.0 3884.0 3065.0 ship 0
4076.0 3138.0 4097.0 3138.0 4097.0 3169.0 4076.0 3169.0 ship 0
3730.0 3156.0 3747.0 3156.0 3747.0 3174.0 3730.0 3174.0 small-vehicle 0
4203.0 3224.0 4220.0 3224.0 4220.0 3246.0 4203.0 3246.0 small-vehicle 0
3483.0 3269.0 3500.0 3269.0 3500.0 3292.0 3483.0 3292.0 small-vehicle 0
3489.0 3261.0 3510.0 3261.0 3510.0 3286.0 3489.0 3286.0 small-vehicle 1
3853.0 3236.0 3877.0 3236.0 3877.0 3260.0 3853.0 3260.0 small-vehicle 1
4176.0 3164.0 4197.0 3164.0 4197.0 3183.0 4176.0 3183.0 small-vehicle 1
4238.0 3204.0 4258.0 3204.0 4258.0 3226.0 4238.0 3226.0 small-vehicle 1
4176.0 3281.0 4200.0 3281.0 4200.0 3304.0 4176.0 3304.0 small-vehicle 1
3770.0 3053.0 3796.0 3053.0 3796.0 3087.0 3770.0 3087.0 ship 0
3840.0 2954.0 3863.0 2954.0 3863.0 2987.0 3840.0 2987.0 ship 0
3863.0 3027.0 3877.0 3027.0 3877.0 3053.0 3863.0 3053.0 ship 0
3879.0 3026.0 3888.0 3026.0 3888.0 3037.0 3879.0 3037.0 ship 1
3874.0 3037.0 3888.0 3037.0 3888.0 3058.0 3874.0 3058.0 ship 0
267.0 66.0 362.0 66.0 362.0 216.0 267.0 216.0 harbor 0
