imagesource:GoogleEarth
gsd:0.241288404493
1346.0 700.0 1367.0 700.0 1367.0 713.0 1346.0 713.0 small-vehicle 1
1424.0 205.0 1453.0 205.0 1453.0 245.0 1424.0 245.0 large-vehicle 0
1495.0 203.0 1523.0 203.0 1523.0 243.0 1495.0 243.0 large-vehicle 0
1581.0 200.0 1606.0 200.0 1606.0 239.0 1581.0 239.0 large-vehicle 0
1641.0 361.0 1683.0 361.0 1683.0 372.0 1641.0 372.0 large-vehicle 0
1641.0 345.0 1682.0 345.0 1682.0 357.0 1641.0 357.0 large-vehicle 0
1644.0 283.0 1684.0 283.0 1684.0 294.0 1644.0 294.0 large-vehicle 0
1640.0 268.0 1680.0 268.0 1680.0 280.0 1640.0 280.0 large-vehicle 0
1643.0 253.0 1684.0 253.0 1684.0 265.0 1643.0 265.0 large-vehicle 0
1645.0 237.0 1684.0 237.0 1684.0 249.0 1645.0 249.0 large-vehicle 0
1643.0 223.0 1683.0 223.0 1683.0 234.0 1643.0 234.0 large-vehicle 0
1646.0 207.0 1687.0 207.0 1687.0 220.0 1646.0 220.0 large-vehicle 0
1647.0 192.0 1688.0 192.0 1688.0 204.0 1647.0 204.0 large-vehicle 0
1648.0 177.0 1689.0 177.0 1689.0 191.0 1648.0 191.0 large-vehicle 0
1650.0 163.0 1690.0 163.0 1690.0 175.0 1650.0 175.0 large-vehicle 0
1609.0 91.0 1620.0 91.0 1620.0 128.0 1609.0 128.0 large-vehicle 0
1380.0 662.0 1409.0 662.0 1409.0 675.0 1380.0 675.0 large-vehicle 0
1389.0 689.0 1423.0 689.0 1423.0 705.0 1389.0 705.0 large-vehicle 0
1379.0 703.0 1412.0 703.0 1412.0 718.0 1379.0 718.0 large-vehicle 0
1443.0 206.0 1468.0 206.0 1468.0 246.0 1443.0 246.0 large-vehicle 0
1407.0 210.0 1433.0 210.0 1433.0 250.0 1407.0 250.0 large-vehicle 0
744.0 468.0 767.0 468.0 767.0 480.0 744.0 480.0 small-vehicle 1
1388.0 210.0 1417.0 210.0 1417.0 250.0 1388.0 250.0 large-vehicle 0
1281.0 306.0 1314.0 306.0 1314.0 344.0 1281.0 344.0 large-vehicle 0
1298.0 301.0 1330.0 301.0 1330.0 340.0 1298.0 340.0 large-vehicle 0
1315.0 300.0 1347.0 300.0 1347.0 338.0 1315.0 338.0 large-vehicle 0
1334.0 298.0 1364.0 298.0 1364.0 337.0 1334.0 337.0 large-vehicle 0
1349.0 295.0 1382.0 295.0 1382.0 335.0 1349.0 335.0 large-vehicle 0
1368.0 296.0 1399.0 296.0 1399.0 335.0 1368.0 335.0 large-vehicle 0
1386.0 295.0 1416.0 295.0 1416.0 332.0 1386.0 332.0 large-vehicle 0
1401.0 291.0 1434.0 291.0 1434.0 330.0 1401.0 330.0 large-vehicle 0
1421.0 292.0 1454.0 292.0 1454.0 331.0 1421.0 331.0 large-vehicle 0
1438.0 290.0 1471.0 290.0 1471.0 328.0 1438.0 328.0 large-vehicle 0
1457.0 287.0 1488.0 287.0 1488.0 326.0 1457.0 326.0 large-vehicle 0
1473.0 288.0 1506.0 288.0 1506.0 327.0 1473.0 327.0 large-vehicle 0
1491.0 286.0 1523.0 286.0 1523.0 323.0 1491.0 323.0 large-vehicle 0
1509.0 283.0 1541.0 283.0 1541.0 321.0 1509.0 321.0 large-vehicle 0
1525.0 280.0 1557.0 280.0 1557.0 319.0 1525.0 319.0 large-vehicle 0
1559.0 277.0 1592.0 277.0 1592.0 315.0 1559.0 315.0 large-vehicle 0
1372.0 210.0 1399.0 210.0 1399.0 252.0 1372.0 252.0 large-vehicle 0
184.0 352.0 209.0 352.0 209.0 382.0 184.0 382.0 small-vehicle 0
231.0 328.0 252.0 328.0 252.0 356.0 231.0 356.0 small-vehicle 0
278.0 311.0 298.0 311.0 298.0 338.0 278.0 338.0 small-vehicle 0
297.0 308.0 311.0 308.0 311.0 333.0 297.0 333.0 small-vehicle 0
445.0 432.0 470.0 432.0 470.0 448.0 445.0 448.0 small-vehicle 0
384.0 436.0 403.0 436.0 403.0 464.0 384.0 464.0 small-vehicle 0
977.0 209.0 1017.0 209.0 1017.0 237.0 977.0 237.0 small-vehicle 0
649.0 411.0 674.0 411.0 674.0 431.0 649.0 431.0 small-vehicle 1
648.0 459.0 670.0 459.0 670.0 477.0 648.0 477.0 small-vehicle 1
644.0 489.0 663.0 489.0 663.0 505.0 644.0 505.0 small-vehicle 1
414.0 377.0 427.0 377.0 427.0 399.0 414.0 399.0 small-vehicle 1
401.0 379.0 415.0 379.0 415.0 401.0 401.0 401.0 small-vehicle 1
391.0 385.0 405.0 385.0 405.0 406.0 391.0 406.0 small-vehicle 1
281.0 414.0 296.0 414.0 296.0 442.0 281.0 442.0 small-vehicle 1
293.0 409.0 311.0 409.0 311.0 438.0 293.0 438.0 small-vehicle 1
303.0 410.0 318.0 410.0 318.0 437.0 303.0 437.0 small-vehicle 1
313.0 406.0 329.0 406.0 329.0 430.0 313.0 430.0 small-vehicle 1
325.0 404.0 339.0 404.0 339.0 427.0 325.0 427.0 small-vehicle 1
356.0 389.0 372.0 389.0 372.0 415.0 356.0 415.0 small-vehicle 1
366.0 387.0 384.0 387.0 384.0 415.0 366.0 415.0 small-vehicle 1
379.0 386.0 395.0 386.0 395.0 414.0 379.0 414.0 small-vehicle 1
450.0 392.0 483.0 392.0 483.0 411.0 450.0 411.0 small-vehicle 0
456.0 363.0 488.0 363.0 488.0 383.0 456.0 383.0 small-vehicle 0
459.0 339.0 489.0 339.0 489.0 356.0 459.0 356.0 small-vehicle 0
266.0 391.0 287.0 391.0 287.0 418.0 266.0 418.0 small-vehicle 0
307.0 303.0 325.0 303.0 325.0 333.0 307.0 333.0 small-vehicle 0
172.0 433.0 194.0 433.0 194.0 464.0 172.0 464.0 small-vehicle 0
191.0 442.0 211.0 442.0 211.0 474.0 191.0 474.0 small-vehicle 0
193.0 413.0 215.0 413.0 215.0 444.0 193.0 444.0 small-vehicle 0
206.0 408.0 229.0 408.0 229.0 439.0 206.0 439.0 small-vehicle 0
230.0 401.0 252.0 401.0 252.0 431.0 230.0 431.0 small-vehicle 0
244.0 398.0 265.0 398.0 265.0 427.0 244.0 427.0 small-vehicle 0
303.0 378.0 324.0 378.0 324.0 407.0 303.0 407.0 small-vehicle 0
464.0 314.0 494.0 314.0 494.0 332.0 464.0 332.0 small-vehicle 0
203.0 443.0 223.0 443.0 223.0 470.0 203.0 470.0 small-vehicle 0
212.0 437.0 231.0 437.0 231.0 465.0 212.0 465.0 small-vehicle 0
227.0 435.0 243.0 435.0 243.0 462.0 227.0 462.0 small-vehicle 0
338.0 365.0 359.0 365.0 359.0 392.0 338.0 392.0 small-vehicle 0
350.0 360.0 371.0 360.0 371.0 389.0 350.0 389.0 small-vehicle 0
332.0 325.0 365.0 325.0 365.0 348.0 332.0 348.0 small-vehicle 0
409.0 276.0 430.0 276.0 430.0 307.0 409.0 307.0 small-vehicle 0
1285.0 221.0 1310.0 221.0 1310.0 262.0 1285.0 262.0 large-vehicle 0
1270.0 215.0 1297.0 215.0 1297.0 257.0 1270.0 257.0 large-vehicle 0
1234.0 221.0 1261.0 221.0 1261.0 261.0 1234.0 261.0 large-vehicle 0
976.0 520.0 1021.0 520.0 1021.0 551.0 976.0 551.0 large-vehicle 0
814.0 387.0 853.0 387.0 853.0 417.0 814.0 417.0 large-vehicle 0
815.0 372.0 856.0 372.0 856.0 403.0 815.0 403.0 large-vehicle 0
756.0 374.0 801.0 374.0 801.0 394.0 756.0 394.0 large-vehicle 0
758.0 358.0 803.0 358.0 803.0 379.0 758.0 379.0 large-vehicle 0
759.0 344.0 805.0 344.0 805.0 364.0 759.0 364.0 large-vehicle 0
824.0 330.0 865.0 330.0 865.0 359.0 824.0 359.0 large-vehicle 0
762.0 327.0 807.0 327.0 807.0 350.0 762.0 350.0 large-vehicle 0
826.0 313.0 868.0 313.0 868.0 345.0 826.0 345.0 large-vehicle 0
831.0 283.0 873.0 283.0 873.0 315.0 831.0 315.0 large-vehicle 0
835.0 253.0 879.0 253.0 879.0 286.0 835.0 286.0 large-vehicle 0
772.0 255.0 817.0 255.0 817.0 276.0 772.0 276.0 large-vehicle 0
775.0 238.0 820.0 238.0 820.0 261.0 775.0 261.0 large-vehicle 0
841.0 225.0 882.0 225.0 882.0 255.0 841.0 255.0 large-vehicle 0
616.0 224.0 641.0 224.0 641.0 264.0 616.0 264.0 large-vehicle 0
893.0 586.0 937.0 586.0 937.0 606.0 893.0 606.0 large-vehicle 0
888.0 561.0 935.0 561.0 935.0 579.0 888.0 579.0 large-vehicle 0
885.0 546.0 934.0 546.0 934.0 565.0 885.0 565.0 large-vehicle 0
753.0 387.0 798.0 387.0 798.0 408.0 753.0 408.0 large-vehicle 0
750.0 403.0 796.0 403.0 796.0 424.0 750.0 424.0 large-vehicle 0
749.0 417.0 797.0 417.0 797.0 439.0 749.0 439.0 large-vehicle 0
683.0 355.0 699.0 355.0 699.0 396.0 683.0 396.0 large-vehicle 0
598.0 220.0 623.0 220.0 623.0 259.0 598.0 259.0 large-vehicle 0
629.0 212.0 655.0 212.0 655.0 255.0 629.0 255.0 large-vehicle 0
646.0 215.0 672.0 215.0 672.0 254.0 646.0 254.0 large-vehicle 0
658.0 208.0 686.0 208.0 686.0 252.0 658.0 252.0 large-vehicle 0
671.0 202.0 699.0 202.0 699.0 243.0 671.0 243.0 large-vehicle 0
647.0 311.0 663.0 311.0 663.0 354.0 647.0 354.0 large-vehicle 0
663.0 349.0 679.0 349.0 679.0 391.0 663.0 391.0 large-vehicle 0
575.0 475.0 590.0 475.0 590.0 506.0 575.0 506.0 large-vehicle 0
745.0 448.0 789.0 448.0 789.0 469.0 745.0 469.0 large-vehicle 0
588.0 511.0 626.0 511.0 626.0 534.0 588.0 534.0 large-vehicle 0
626.0 510.0 669.0 510.0 669.0 540.0 626.0 540.0 large-vehicle 0
730.0 522.0 781.0 522.0 781.0 545.0 730.0 545.0 large-vehicle 0
790.0 550.0 833.0 550.0 833.0 581.0 790.0 581.0 large-vehicle 0
794.0 520.0 836.0 520.0 836.0 552.0 794.0 552.0 large-vehicle 0
798.0 492.0 841.0 492.0 841.0 523.0 798.0 523.0 large-vehicle 0
741.0 477.0 787.0 477.0 787.0 498.0 741.0 498.0 large-vehicle 0
967.0 579.0 1011.0 579.0 1011.0 608.0 967.0 608.0 large-vehicle 0
979.0 505.0 1021.0 505.0 1021.0 534.0 979.0 534.0 large-vehicle 0
1454.0 96.0 1469.0 96.0 1469.0 134.0 1454.0 134.0 large-vehicle 0
897.0 503.0 939.0 503.0 939.0 519.0 897.0 519.0 large-vehicle 0
1168.0 465.0 1214.0 465.0 1214.0 484.0 1168.0 484.0 large-vehicle 0
1172.0 435.0 1220.0 435.0 1220.0 454.0 1172.0 454.0 large-vehicle 0
1088.0 453.0 1135.0 453.0 1135.0 475.0 1088.0 475.0 large-vehicle 0
1092.0 410.0 1138.0 410.0 1138.0 429.0 1092.0 429.0 large-vehicle 0
1098.0 394.0 1142.0 394.0 1142.0 415.0 1098.0 415.0 large-vehicle 0
1100.0 366.0 1146.0 366.0 1146.0 385.0 1100.0 385.0 large-vehicle 0
1133.0 224.0 1170.0 224.0 1170.0 260.0 1133.0 260.0 large-vehicle 0
1141.0 212.0 1180.0 212.0 1180.0 248.0 1141.0 248.0 large-vehicle 0
1152.0 203.0 1191.0 203.0 1191.0 237.0 1152.0 237.0 large-vehicle 0
1215.0 109.0 1228.0 109.0 1228.0 148.0 1215.0 148.0 large-vehicle 0
1274.0 105.0 1287.0 105.0 1287.0 145.0 1274.0 145.0 large-vehicle 0
1318.0 103.0 1333.0 103.0 1333.0 142.0 1318.0 142.0 large-vehicle 0
1350.0 101.0 1364.0 101.0 1364.0 139.0 1350.0 139.0 large-vehicle 0
1381.0 99.0 1395.0 99.0 1395.0 138.0 1381.0 138.0 large-vehicle 0
1394.0 98.0 1408.0 98.0 1408.0 137.0 1394.0 137.0 large-vehicle 0
1425.0 99.0 1437.0 99.0 1437.0 137.0 1425.0 137.0 large-vehicle 0
1440.0 97.0 1454.0 97.0 1454.0 135.0 1440.0 135.0 large-vehicle 0
1081.0 527.0 1127.0 527.0 1127.0 549.0 1081.0 549.0 large-vehicle 0
1079.0 543.0 1127.0 543.0 1127.0 563.0 1079.0 563.0 large-vehicle 0
1262.0 514.0 1308.0 514.0 1308.0 544.0 1262.0 544.0 large-vehicle 0
993.0 384.0 1037.0 384.0 1037.0 415.0 993.0 415.0 large-vehicle 0
901.0 486.0 945.0 486.0 945.0 506.0 901.0 506.0 large-vehicle 0
984.0 460.0 1027.0 460.0 1027.0 489.0 984.0 489.0 large-vehicle 0
900.0 456.0 946.0 456.0 946.0 476.0 900.0 476.0 large-vehicle 0
985.0 430.0 1031.0 430.0 1031.0 460.0 985.0 460.0 large-vehicle 0
904.0 427.0 952.0 427.0 952.0 446.0 904.0 446.0 large-vehicle 0
907.0 398.0 954.0 398.0 954.0 417.0 907.0 417.0 large-vehicle 0
910.0 383.0 956.0 383.0 956.0 402.0 910.0 402.0 large-vehicle 0
920.0 337.0 965.0 337.0 965.0 357.0 920.0 357.0 large-vehicle 0
1262.0 530.0 1307.0 530.0 1307.0 560.0 1262.0 560.0 large-vehicle 0
922.0 308.0 968.0 308.0 968.0 327.0 922.0 327.0 large-vehicle 0
924.0 293.0 971.0 293.0 971.0 313.0 924.0 313.0 large-vehicle 0
1037.0 279.0 1084.0 279.0 1084.0 310.0 1037.0 310.0 large-vehicle 0
868.0 91.0 891.0 91.0 891.0 132.0 868.0 132.0 large-vehicle 0
1075.0 573.0 1119.0 573.0 1119.0 594.0 1075.0 594.0 large-vehicle 0
1156.0 569.0 1203.0 569.0 1203.0 588.0 1156.0 588.0 large-vehicle 0
1257.0 560.0 1301.0 560.0 1301.0 590.0 1257.0 590.0 large-vehicle 0
398.0 436.0 414.0 436.0 414.0 459.0 398.0 459.0 small-vehicle 1
404.0 458.0 419.0 458.0 419.0 482.0 404.0 482.0 small-vehicle 1
395.0 464.0 408.0 464.0 408.0 487.0 395.0 487.0 small-vehicle 1
1505.0 470.0 1516.0 470.0 1516.0 496.0 1505.0 496.0 small-vehicle 1
1412.0 344.0 1426.0 344.0 1426.0 368.0 1412.0 368.0 small-vehicle 1
1424.0 342.0 1436.0 342.0 1436.0 364.0 1424.0 364.0 small-vehicle 1
1437.0 341.0 1448.0 341.0 1448.0 364.0 1437.0 364.0 small-vehicle 1
1447.0 341.0 1459.0 341.0 1459.0 360.0 1447.0 360.0 small-vehicle 1
1460.0 341.0 1470.0 341.0 1470.0 360.0 1460.0 360.0 small-vehicle 1
1472.0 341.0 1481.0 341.0 1481.0 360.0 1472.0 360.0 small-vehicle 1
1481.0 334.0 1495.0 334.0 1495.0 360.0 1481.0 360.0 small-vehicle 1
1494.0 337.0 1506.0 337.0 1506.0 360.0 1494.0 360.0 small-vehicle 1
1506.0 335.0 1516.0 335.0 1516.0 359.0 1506.0 359.0 small-vehicle 1
1538.0 334.0 1551.0 334.0 1551.0 358.0 1538.0 358.0 small-vehicle 1
1550.0 330.0 1561.0 330.0 1561.0 353.0 1550.0 353.0 small-vehicle 1
1560.0 327.0 1571.0 327.0 1571.0 351.0 1560.0 351.0 small-vehicle 1
1565.0 383.0 1575.0 383.0 1575.0 404.0 1565.0 404.0 small-vehicle 1
1577.0 404.0 1588.0 404.0 1588.0 431.0 1577.0 431.0 small-vehicle 1
1588.0 404.0 1601.0 404.0 1601.0 430.0 1588.0 430.0 small-vehicle 1
1584.0 467.0 1594.0 467.0 1594.0 489.0 1584.0 489.0 small-vehicle 1
1537.0 467.0 1547.0 467.0 1547.0 491.0 1537.0 491.0 small-vehicle 1
1378.0 350.0 1390.0 350.0 1390.0 369.0 1378.0 369.0 small-vehicle 1
1367.0 348.0 1377.0 348.0 1377.0 367.0 1367.0 367.0 small-vehicle 1
1355.0 344.0 1367.0 344.0 1367.0 370.0 1355.0 370.0 small-vehicle 1
1548.0 211.0 1567.0 211.0 1567.0 235.0 1548.0 235.0 small-vehicle 1
1229.0 104.0 1239.0 104.0 1239.0 128.0 1229.0 128.0 small-vehicle 1
1243.0 119.0 1255.0 119.0 1255.0 141.0 1243.0 141.0 small-vehicle 1
1285.0 100.0 1298.0 100.0 1298.0 125.0 1285.0 125.0 small-vehicle 1
1301.0 102.0 1312.0 102.0 1312.0 128.0 1301.0 128.0 small-vehicle 1
1331.0 103.0 1345.0 103.0 1345.0 128.0 1331.0 128.0 small-vehicle 1
1544.0 102.0 1559.0 102.0 1559.0 127.0 1544.0 127.0 small-vehicle 1
1652.0 54.0 1671.0 54.0 1671.0 90.0 1652.0 90.0 small-vehicle 1
1574.0 193.0 1594.0 193.0 1594.0 216.0 1574.0 216.0 small-vehicle 1
1342.0 347.0 1355.0 347.0 1355.0 367.0 1342.0 367.0 small-vehicle 1
1337.0 225.0 1358.0 225.0 1358.0 252.0 1337.0 252.0 small-vehicle 1
1304.0 232.0 1322.0 232.0 1322.0 255.0 1304.0 255.0 small-vehicle 1
1246.0 199.0 1267.0 199.0 1267.0 225.0 1246.0 225.0 small-vehicle 1
1193.0 216.0 1214.0 216.0 1214.0 228.0 1193.0 228.0 small-vehicle 1
1574.0 104.0 1587.0 104.0 1587.0 125.0 1574.0 125.0 small-vehicle 1
1312.0 352.0 1323.0 352.0 1323.0 373.0 1312.0 373.0 small-vehicle 1
1332.0 347.0 1344.0 347.0 1344.0 371.0 1332.0 371.0 small-vehicle 1
1515.0 468.0 1525.0 468.0 1525.0 493.0 1515.0 493.0 small-vehicle 1
1480.0 470.0 1492.0 470.0 1492.0 497.0 1480.0 497.0 small-vehicle 1
1138.0 519.0 1162.0 519.0 1162.0 542.0 1138.0 542.0 small-vehicle 1
1457.0 473.0 1471.0 473.0 1471.0 497.0 1457.0 497.0 small-vehicle 1
1359.0 403.0 1374.0 403.0 1374.0 428.0 1359.0 428.0 small-vehicle 1
1372.0 401.0 1385.0 401.0 1385.0 428.0 1372.0 428.0 small-vehicle 1
1386.0 400.0 1395.0 400.0 1395.0 422.0 1386.0 422.0 small-vehicle 1
1395.0 398.0 1407.0 398.0 1407.0 422.0 1395.0 422.0 small-vehicle 1
1405.0 397.0 1418.0 397.0 1418.0 424.0 1405.0 424.0 small-vehicle 1
1418.0 393.0 1430.0 393.0 1430.0 420.0 1418.0 420.0 small-vehicle 1
1430.0 392.0 1441.0 392.0 1441.0 419.0 1430.0 419.0 small-vehicle 1
1441.0 390.0 1453.0 390.0 1453.0 417.0 1441.0 417.0 small-vehicle 1
1358.0 642.0 1383.0 642.0 1383.0 655.0 1358.0 655.0 small-vehicle 1
44.0 844.0 66.0 844.0 66.0 856.0 44.0 856.0 small-vehicle 1
148.0 856.0 170.0 856.0 170.0 868.0 148.0 868.0 small-vehicle 1
116.0 876.0 145.0 876.0 145.0 890.0 116.0 890.0 small-vehicle 1
92.0 781.0 102.0 781.0 102.0 808.0 92.0 808.0 small-vehicle 1
286.0 820.0 297.0 820.0 297.0 843.0 286.0 843.0 small-vehicle 1
136.0 798.0 147.0 798.0 147.0 821.0 136.0 821.0 small-vehicle 1
132.0 821.0 144.0 821.0 144.0 845.0 132.0 845.0 small-vehicle 1
513.0 848.0 523.0 848.0 523.0 865.0 513.0 865.0 small-vehicle 1
1398.0 422.0 1409.0 422.0 1409.0 446.0 1398.0 446.0 small-vehicle 1
1408.0 423.0 1420.0 423.0 1420.0 446.0 1408.0 446.0 small-vehicle 1
1420.0 420.0 1431.0 420.0 1431.0 443.0 1420.0 443.0 small-vehicle 1
1506.0 386.0 1522.0 386.0 1522.0 411.0 1506.0 411.0 small-vehicle 1
1467.0 470.0 1478.0 470.0 1478.0 498.0 1467.0 498.0 small-vehicle 1
1398.0 475.0 1412.0 475.0 1412.0 501.0 1398.0 501.0 small-vehicle 1
1410.0 470.0 1421.0 470.0 1421.0 500.0 1410.0 500.0 small-vehicle 1
1422.0 471.0 1435.0 471.0 1435.0 499.0 1422.0 499.0 small-vehicle 1
1541.0 384.0 1555.0 384.0 1555.0 410.0 1541.0 410.0 small-vehicle 1
1531.0 384.0 1543.0 384.0 1543.0 411.0 1531.0 411.0 small-vehicle 1
1520.0 385.0 1532.0 385.0 1532.0 411.0 1520.0 411.0 small-vehicle 1
1497.0 390.0 1511.0 390.0 1511.0 414.0 1497.0 414.0 small-vehicle 1
1431.0 419.0 1441.0 419.0 1441.0 443.0 1431.0 443.0 small-vehicle 1
1487.0 387.0 1499.0 387.0 1499.0 414.0 1487.0 414.0 small-vehicle 1
1473.0 392.0 1490.0 392.0 1490.0 418.0 1473.0 418.0 small-vehicle 1
1462.0 392.0 1476.0 392.0 1476.0 418.0 1462.0 418.0 small-vehicle 1
1451.0 391.0 1464.0 391.0 1464.0 417.0 1451.0 417.0 small-vehicle 1
1452.0 416.0 1465.0 416.0 1465.0 439.0 1452.0 439.0 small-vehicle 1
1478.0 419.0 1490.0 419.0 1490.0 439.0 1478.0 439.0 small-vehicle 1
1442.0 416.0 1454.0 416.0 1454.0 439.0 1442.0 439.0 small-vehicle 1
1135.0 89.0 1148.0 89.0 1148.0 110.0 1135.0 110.0 small-vehicle 1
1154.0 529.0 1178.0 529.0 1178.0 545.0 1154.0 545.0 small-vehicle 1
384.0 467.0 399.0 467.0 399.0 490.0 384.0 490.0 small-vehicle 1
300.0 466.0 315.0 466.0 315.0 489.0 300.0 489.0 small-vehicle 1
276.0 537.0 290.0 537.0 290.0 560.0 276.0 560.0 small-vehicle 1
285.0 539.0 301.0 539.0 301.0 562.0 285.0 562.0 small-vehicle 1
295.0 541.0 312.0 541.0 312.0 565.0 295.0 565.0 small-vehicle 1
309.0 544.0 322.0 544.0 322.0 567.0 309.0 567.0 small-vehicle 1
316.0 543.0 335.0 543.0 335.0 571.0 316.0 571.0 small-vehicle 1
331.0 547.0 344.0 547.0 344.0 569.0 331.0 569.0 small-vehicle 1
342.0 545.0 355.0 545.0 355.0 570.0 342.0 570.0 small-vehicle 1
365.0 551.0 377.0 551.0 377.0 575.0 365.0 575.0 small-vehicle 1
355.0 548.0 369.0 548.0 369.0 574.0 355.0 574.0 small-vehicle 1
376.0 548.0 392.0 548.0 392.0 577.0 376.0 577.0 small-vehicle 1
405.0 553.0 419.0 553.0 419.0 581.0 405.0 581.0 small-vehicle 1
374.0 443.0 391.0 443.0 391.0 466.0 374.0 466.0 small-vehicle 1
364.0 442.0 378.0 442.0 378.0 469.0 364.0 469.0 small-vehicle 1
352.0 446.0 366.0 446.0 366.0 471.0 352.0 471.0 small-vehicle 1
341.0 451.0 358.0 451.0 358.0 477.0 341.0 477.0 small-vehicle 1
332.0 455.0 346.0 455.0 346.0 480.0 332.0 480.0 small-vehicle 1
321.0 459.0 335.0 459.0 335.0 486.0 321.0 486.0 small-vehicle 1
264.0 534.0 276.0 534.0 276.0 561.0 264.0 561.0 small-vehicle 1
251.0 533.0 266.0 533.0 266.0 558.0 251.0 558.0 small-vehicle 1
240.0 531.0 254.0 531.0 254.0 558.0 240.0 558.0 small-vehicle 1
295.0 491.0 311.0 491.0 311.0 515.0 295.0 515.0 small-vehicle 1
371.0 467.0 386.0 467.0 386.0 495.0 371.0 495.0 small-vehicle 1
361.0 471.0 376.0 471.0 376.0 499.0 361.0 499.0 small-vehicle 1
349.0 476.0 365.0 476.0 365.0 500.0 349.0 500.0 small-vehicle 1
341.0 480.0 356.0 480.0 356.0 504.0 341.0 504.0 small-vehicle 1
331.0 485.0 345.0 485.0 345.0 508.0 331.0 508.0 small-vehicle 1
321.0 489.0 333.0 489.0 333.0 513.0 321.0 513.0 small-vehicle 1
309.0 492.0 324.0 492.0 324.0 521.0 309.0 521.0 small-vehicle 1
265.0 499.0 295.0 499.0 295.0 515.0 265.0 515.0 small-vehicle 1
225.0 532.0 243.0 532.0 243.0 557.0 225.0 557.0 small-vehicle 1
132.0 512.0 154.0 512.0 154.0 530.0 132.0 530.0 small-vehicle 1
141.0 524.0 160.0 524.0 160.0 547.0 141.0 547.0 small-vehicle 1
159.0 517.0 172.0 517.0 172.0 544.0 159.0 544.0 small-vehicle 1
184.0 522.0 196.0 522.0 196.0 545.0 184.0 545.0 small-vehicle 1
194.0 525.0 208.0 525.0 208.0 548.0 194.0 548.0 small-vehicle 1
206.0 528.0 221.0 528.0 221.0 552.0 206.0 552.0 small-vehicle 1
213.0 529.0 231.0 529.0 231.0 554.0 213.0 554.0 small-vehicle 1
312.0 466.0 326.0 466.0 326.0 489.0 312.0 489.0 small-vehicle 1
286.0 469.0 304.0 469.0 304.0 495.0 286.0 495.0 small-vehicle 1
1162.0 587.0 1186.0 587.0 1186.0 601.0 1162.0 601.0 small-vehicle 1
277.0 472.0 291.0 472.0 291.0 499.0 277.0 499.0 small-vehicle 1
999.0 327.0 1024.0 327.0 1024.0 346.0 999.0 346.0 small-vehicle 1
1001.0 277.0 1025.0 277.0 1025.0 297.0 1001.0 297.0 small-vehicle 1
1008.0 266.0 1029.0 266.0 1029.0 284.0 1008.0 284.0 small-vehicle 1
934.0 250.0 965.0 250.0 965.0 264.0 934.0 264.0 small-vehicle 1
934.0 264.0 962.0 264.0 962.0 280.0 934.0 280.0 small-vehicle 1
938.0 278.0 968.0 278.0 968.0 293.0 938.0 293.0 small-vehicle 1
920.0 353.0 950.0 353.0 950.0 371.0 920.0 371.0 small-vehicle 1
912.0 372.0 939.0 372.0 939.0 384.0 912.0 384.0 small-vehicle 1
986.0 402.0 1007.0 402.0 1007.0 417.0 986.0 417.0 small-vehicle 1
1143.0 456.0 1172.0 456.0 1172.0 478.0 1143.0 478.0 small-vehicle 1
1098.0 211.0 1120.0 211.0 1120.0 234.0 1098.0 234.0 small-vehicle 1
1105.0 197.0 1128.0 197.0 1128.0 218.0 1105.0 218.0 small-vehicle 1
1121.0 182.0 1142.0 182.0 1142.0 203.0 1121.0 203.0 small-vehicle 1
1143.0 159.0 1167.0 159.0 1167.0 179.0 1143.0 179.0 small-vehicle 1
1093.0 150.0 1119.0 150.0 1119.0 174.0 1093.0 174.0 small-vehicle 1
1153.0 556.0 1178.0 556.0 1178.0 576.0 1153.0 576.0 small-vehicle 1
1154.0 605.0 1184.0 605.0 1184.0 617.0 1154.0 617.0 small-vehicle 1
995.0 356.0 1018.0 356.0 1018.0 374.0 995.0 374.0 small-vehicle 1
985.0 414.0 1010.0 414.0 1010.0 434.0 985.0 434.0 small-vehicle 1
976.0 440.0 1001.0 440.0 1001.0 460.0 976.0 460.0 small-vehicle 1
554.0 465.0 565.0 465.0 565.0 485.0 554.0 485.0 small-vehicle 1
268.0 476.0 283.0 476.0 283.0 502.0 268.0 502.0 small-vehicle 1
256.0 479.0 274.0 479.0 274.0 504.0 256.0 504.0 small-vehicle 1
508.0 555.0 522.0 555.0 522.0 579.0 508.0 579.0 small-vehicle 1
532.0 557.0 548.0 557.0 548.0 585.0 532.0 585.0 small-vehicle 1
544.0 555.0 558.0 555.0 558.0 587.0 544.0 587.0 small-vehicle 1
578.0 567.0 592.0 567.0 592.0 589.0 578.0 589.0 small-vehicle 1
538.0 475.0 552.0 475.0 552.0 503.0 538.0 503.0 small-vehicle 1
728.0 207.0 739.0 207.0 739.0 230.0 728.0 230.0 small-vehicle 1
968.0 457.0 985.0 457.0 985.0 483.0 968.0 483.0 small-vehicle 1
769.0 288.0 794.0 288.0 794.0 304.0 769.0 304.0 small-vehicle 1
784.0 270.0 811.0 270.0 811.0 286.0 784.0 286.0 small-vehicle 1
836.0 239.0 861.0 239.0 861.0 260.0 836.0 260.0 small-vehicle 1
825.0 346.0 846.0 346.0 846.0 368.0 825.0 368.0 small-vehicle 1
821.0 408.0 845.0 408.0 845.0 431.0 821.0 431.0 small-vehicle 1
815.0 487.0 836.0 487.0 836.0 505.0 815.0 505.0 small-vehicle 1
893.0 534.0 915.0 534.0 915.0 547.0 893.0 547.0 small-vehicle 1
371.0 168.0 423.0 168.0 423.0 198.0 371.0 198.0 large-vehicle 0
