imagesource:GoogleEarth
gsd:0.262170765316
570.0 603.0 611.0 603.0 611.0 635.0 570.0 635.0 large-vehicle 0
495.0 654.0 528.0 654.0 528.0 696.0 495.0 696.0 large-vehicle 0
245.0 455.0 333.0 455.0 333.0 556.0 245.0 556.0 tennis-court 0
304.0 417.0 391.0 417.0 391.0 517.0 304.0 517.0 tennis-court 0
362.0 380.0 449.0 380.0 449.0 480.0 362.0 480.0 tennis-court 0
449.0 324.0 537.0 324.0 537.0 425.0 449.0 425.0 tennis-court 0
507.0 286.0 596.0 286.0 596.0 388.0 507.0 388.0 tennis-court 0
566.0 249.0 653.0 249.0 653.0 349.0 566.0 349.0 tennis-court 0
625.0 211.0 712.0 211.0 712.0 311.0 625.0 311.0 tennis-court 0
13.0 544.0 34.0 544.0 34.0 570.0 13.0 570.0 small-vehicle 0
18.0 627.0 35.0 627.0 35.0 652.0 18.0 652.0 small-vehicle 0
49.0 634.0 66.0 634.0 66.0 662.0 49.0 662.0 small-vehicle 0
114.0 694.0 129.0 694.0 129.0 721.0 114.0 721.0 small-vehicle 0
63.0 745.0 77.0 745.0 77.0 768.0 63.0 768.0 small-vehicle 1
98.0 759.0 116.0 759.0 116.0 782.0 98.0 782.0 small-vehicle 1
88.0 775.0 104.0 775.0 104.0 801.0 88.0 801.0 small-vehicle 1
37.0 78.0 48.0 78.0 48.0 102.0 37.0 102.0 small-vehicle 1
54.0 241.0 66.0 241.0 66.0 268.0 54.0 268.0 small-vehicle 1
56.0 314.0 67.0 314.0 67.0 338.0 56.0 338.0 small-vehicle 1
509.0 209.0 530.0 209.0 530.0 239.0 509.0 239.0 small-vehicle 1
613.0 143.0 633.0 143.0 633.0 170.0 613.0 170.0 small-vehicle 1
506.0 141.0 521.0 141.0 521.0 178.0 506.0 178.0 large-vehicle 0
520.0 128.0 535.0 128.0 535.0 174.0 520.0 174.0 large-vehicle 0
533.0 117.0 548.0 117.0 548.0 154.0 533.0 154.0 large-vehicle 0
549.0 111.0 566.0 111.0 566.0 150.0 549.0 150.0 large-vehicle 0
186.0 493.0 273.0 493.0 273.0 593.0 186.0 593.0 tennis-court 0
