imagesource:GoogleEarth
gsd:0.286732628518
105.0 950.0 112.0 950.0 112.0 966.0 105.0 966.0 small-vehicle 1
784.0 43.0 796.0 43.0 796.0 63.0 784.0 63.0 small-vehicle 1
764.0 47.0 774.0 47.0 774.0 70.0 764.0 70.0 small-vehicle 1
755.0 46.0 764.0 46.0 764.0 67.0 755.0 67.0 small-vehicle 1
746.0 46.0 755.0 46.0 755.0 66.0 746.0 66.0 small-vehicle 1
736.0 46.0 745.0 46.0 745.0 65.0 736.0 65.0 small-vehicle 1
726.0 44.0 736.0 44.0 736.0 64.0 726.0 64.0 small-vehicle 1
711.0 44.0 720.0 44.0 720.0 61.0 711.0 61.0 small-vehicle 1
697.0 43.0 709.0 43.0 709.0 63.0 697.0 63.0 small-vehicle 1
687.0 43.0 700.0 43.0 700.0 64.0 687.0 64.0 small-vehicle 1
680.0 42.0 689.0 42.0 689.0 63.0 680.0 63.0 small-vehicle 1
671.0 43.0 680.0 43.0 680.0 63.0 671.0 63.0 small-vehicle 1
660.0 41.0 669.0 41.0 669.0 63.0 660.0 63.0 small-vehicle 1
649.0 41.0 657.0 41.0 657.0 58.0 649.0 58.0 small-vehicle 1
640.0 35.0 649.0 35.0 649.0 59.0 640.0 59.0 small-vehicle 1
631.0 39.0 640.0 39.0 640.0 59.0 631.0 59.0 small-vehicle 1
621.0 37.0 631.0 37.0 631.0 59.0 621.0 59.0 small-vehicle 1
849.0 11.0 862.0 11.0 862.0 36.0 849.0 36.0 small-vehicle 1
831.0 6.0 842.0 6.0 842.0 28.0 831.0 28.0 small-vehicle 1
805.0 1.0 814.0 1.0 814.0 20.0 805.0 20.0 small-vehicle 1
795.0 1.0 806.0 1.0 806.0 20.0 795.0 20.0 small-vehicle 1
786.0 1.0 795.0 1.0 795.0 19.0 786.0 19.0 small-vehicle 1
611.0 37.0 621.0 37.0 621.0 58.0 611.0 58.0 small-vehicle 1
600.0 36.0 610.0 36.0 610.0 57.0 600.0 57.0 small-vehicle 1
591.0 34.0 601.0 34.0 601.0 55.0 591.0 55.0 small-vehicle 1
584.0 35.0 593.0 35.0 593.0 55.0 584.0 55.0 small-vehicle 1
574.0 34.0 582.0 34.0 582.0 53.0 574.0 53.0 small-vehicle 1
563.0 32.0 571.0 32.0 571.0 51.0 563.0 51.0 small-vehicle 1
552.0 32.0 564.0 32.0 564.0 50.0 552.0 50.0 small-vehicle 1
774.0 48.0 786.0 48.0 786.0 70.0 774.0 70.0 small-vehicle 1
794.0 48.0 804.0 48.0 804.0 70.0 794.0 70.0 small-vehicle 1
54.0 571.0 74.0 571.0 74.0 584.0 54.0 584.0 small-vehicle 0
811.0 50.0 822.0 50.0 822.0 70.0 811.0 70.0 small-vehicle 1
614.0 2594.0 630.0 2594.0 630.0 2612.0 614.0 2612.0 small-vehicle 1
620.0 2600.0 639.0 2600.0 639.0 2620.0 620.0 2620.0 small-vehicle 1
672.0 2619.0 687.0 2619.0 687.0 2636.0 672.0 2636.0 small-vehicle 1
687.0 2628.0 705.0 2628.0 705.0 2648.0 687.0 2648.0 small-vehicle 1
448.0 2734.0 460.0 2734.0 460.0 2752.0 448.0 2752.0 small-vehicle 1
452.0 2792.0 466.0 2792.0 466.0 2814.0 452.0 2814.0 small-vehicle 1
486.0 2831.0 498.0 2831.0 498.0 2850.0 486.0 2850.0 small-vehicle 1
583.0 2539.0 602.0 2539.0 602.0 2557.0 583.0 2557.0 ship 0
449.0 1894.0 467.0 1894.0 467.0 1917.0 449.0 1917.0 ship 0
546.0 1803.0 572.0 1803.0 572.0 1839.0 546.0 1839.0 ship 0
480.0 1820.0 509.0 1820.0 509.0 1863.0 480.0 1863.0 ship 0
189.0 2041.0 206.0 2041.0 206.0 2062.0 189.0 2062.0 small-vehicle 1
181.0 2019.0 196.0 2019.0 196.0 2041.0 181.0 2041.0 small-vehicle 1
174.0 2001.0 188.0 2001.0 188.0 2019.0 174.0 2019.0 small-vehicle 1
164.0 1984.0 181.0 1984.0 181.0 2002.0 164.0 2002.0 small-vehicle 1
157.0 1963.0 171.0 1963.0 171.0 1984.0 157.0 1984.0 small-vehicle 1
147.0 1944.0 164.0 1944.0 164.0 1964.0 147.0 1964.0 small-vehicle 1
140.0 1926.0 155.0 1926.0 155.0 1944.0 140.0 1944.0 small-vehicle 1
133.0 1908.0 149.0 1908.0 149.0 1929.0 133.0 1929.0 small-vehicle 1
172.0 1166.0 191.0 1166.0 191.0 1188.0 172.0 1188.0 small-vehicle 1
129.0 679.0 154.0 679.0 154.0 693.0 129.0 693.0 small-vehicle 1
139.0 646.0 158.0 646.0 158.0 668.0 139.0 668.0 small-vehicle 1
187.0 423.0 202.0 423.0 202.0 444.0 187.0 444.0 small-vehicle 1
149.0 422.0 167.0 422.0 167.0 439.0 149.0 439.0 small-vehicle 1
840.0 54.0 850.0 54.0 850.0 74.0 840.0 74.0 small-vehicle 1
830.0 53.0 838.0 53.0 838.0 74.0 830.0 74.0 small-vehicle 1
820.0 51.0 830.0 51.0 830.0 71.0 820.0 71.0 small-vehicle 1
545.0 31.0 554.0 31.0 554.0 49.0 545.0 49.0 small-vehicle 1
537.0 31.0 546.0 31.0 546.0 49.0 537.0 49.0 small-vehicle 1
527.0 31.0 534.0 31.0 534.0 49.0 527.0 49.0 small-vehicle 1
517.0 31.0 525.0 31.0 525.0 49.0 517.0 49.0 small-vehicle 1
221.0 12.0 230.0 12.0 230.0 31.0 221.0 31.0 small-vehicle 1
209.0 13.0 222.0 13.0 222.0 33.0 209.0 33.0 small-vehicle 1
342.0 4.0 360.0 4.0 360.0 14.0 342.0 14.0 small-vehicle 1
200.0 17.0 212.0 17.0 212.0 35.0 200.0 35.0 small-vehicle 1
191.0 17.0 201.0 17.0 201.0 35.0 191.0 35.0 small-vehicle 1
180.0 17.0 193.0 17.0 193.0 37.0 180.0 37.0 small-vehicle 1
172.0 17.0 184.0 17.0 184.0 36.0 172.0 36.0 small-vehicle 1
164.0 19.0 175.0 19.0 175.0 39.0 164.0 39.0 small-vehicle 1
743.0 449.0 755.0 449.0 755.0 478.0 743.0 478.0 ship 0
362.0 569.0 381.0 569.0 381.0 605.0 362.0 605.0 ship 0
481.0 843.0 504.0 843.0 504.0 895.0 481.0 895.0 ship 0
786.0 2588.0 850.0 2588.0 850.0 2682.0 786.0 2682.0 harbor 0
645.0 2436.0 830.0 2436.0 830.0 2565.0 645.0 2565.0 harbor 0
558.0 2299.0 799.0 2299.0 799.0 2433.0 558.0 2433.0 harbor 0
503.0 2172.0 796.0 2172.0 796.0 2341.0 503.0 2341.0 harbor 0
457.0 2023.0 810.0 2023.0 810.0 2214.0 457.0 2214.0 harbor 0
437.0 1881.0 820.0 1881.0 820.0 2079.0 437.0 2079.0 harbor 0
411.0 1731.0 794.0 1731.0 794.0 1932.0 411.0 1932.0 harbor 0
378.0 1575.0 766.0 1575.0 766.0 1788.0 378.0 1788.0 harbor 0
330.0 1374.0 756.0 1374.0 756.0 1622.0 330.0 1622.0 harbor 0
274.0 1259.0 611.0 1259.0 611.0 1438.0 274.0 1438.0 harbor 0
209.0 1102.0 746.0 1102.0 746.0 1219.0 209.0 1219.0 harbor 0
200.0 986.0 743.0 986.0 743.0 1050.0 200.0 1050.0 harbor 0
180.0 785.0 729.0 785.0 729.0 898.0 180.0 898.0 harbor 0
185.0 648.0 720.0 648.0 720.0 737.0 185.0 737.0 harbor 0
198.0 524.0 770.0 524.0 770.0 603.0 198.0 603.0 harbor 0
218.0 409.0 794.0 409.0 794.0 478.0 218.0 478.0 harbor 0
229.0 11.0 239.0 11.0 239.0 32.0 229.0 32.0 small-vehicle 1
240.0 13.0 250.0 13.0 250.0 32.0 240.0 32.0 small-vehicle 1
249.0 13.0 259.0 13.0 259.0 32.0 249.0 32.0 small-vehicle 1
393.0 23.0 403.0 23.0 403.0 42.0 393.0 42.0 small-vehicle 1
507.0 29.0 518.0 29.0 518.0 49.0 507.0 49.0 small-vehicle 1
496.0 29.0 506.0 29.0 506.0 49.0 496.0 49.0 small-vehicle 1
488.0 28.0 496.0 28.0 496.0 47.0 488.0 47.0 small-vehicle 1
478.0 27.0 488.0 27.0 488.0 47.0 478.0 47.0 small-vehicle 1
469.0 27.0 479.0 27.0 479.0 46.0 469.0 46.0 small-vehicle 1
459.0 26.0 469.0 26.0 469.0 45.0 459.0 45.0 small-vehicle 1
449.0 25.0 461.0 25.0 461.0 45.0 449.0 45.0 small-vehicle 1
440.0 22.0 450.0 22.0 450.0 43.0 440.0 43.0 small-vehicle 1
431.0 24.0 441.0 24.0 441.0 42.0 431.0 42.0 small-vehicle 1
422.0 23.0 432.0 23.0 432.0 44.0 422.0 44.0 small-vehicle 1
413.0 22.0 421.0 22.0 421.0 42.0 413.0 42.0 small-vehicle 1
403.0 22.0 412.0 22.0 412.0 42.0 403.0 42.0 small-vehicle 1
384.0 21.0 393.0 21.0 393.0 41.0 384.0 41.0 small-vehicle 1
260.0 12.0 269.0 12.0 269.0 31.0 260.0 31.0 small-vehicle 1
374.0 17.0 384.0 17.0 384.0 39.0 374.0 39.0 small-vehicle 1
363.0 19.0 373.0 19.0 373.0 37.0 363.0 37.0 small-vehicle 1
354.0 18.0 363.0 18.0 363.0 37.0 354.0 37.0 small-vehicle 1
345.0 18.0 354.0 18.0 354.0 37.0 345.0 37.0 small-vehicle 1
335.0 17.0 345.0 17.0 345.0 36.0 335.0 36.0 small-vehicle 1
326.0 18.0 335.0 18.0 335.0 36.0 326.0 36.0 small-vehicle 1
317.0 17.0 326.0 17.0 326.0 35.0 317.0 35.0 small-vehicle 1
309.0 14.0 317.0 14.0 317.0 33.0 309.0 33.0 small-vehicle 1
298.0 15.0 307.0 15.0 307.0 34.0 298.0 34.0 small-vehicle 1
288.0 14.0 296.0 14.0 296.0 34.0 288.0 34.0 small-vehicle 1
278.0 14.0 287.0 14.0 287.0 34.0 278.0 34.0 small-vehicle 1
268.0 12.0 278.0 12.0 278.0 31.0 268.0 31.0 small-vehicle 1
607.0 2586.0 623.0 2586.0 623.0 2604.0 607.0 2604.0 small-vehicle 1
598.0 2581.0 614.0 2581.0 614.0 2598.0 598.0 2598.0 small-vehicle 1
591.0 2573.0 609.0 2573.0 609.0 2592.0 591.0 2592.0 small-vehicle 1
187.0 2127.0 200.0 2127.0 200.0 2145.0 187.0 2145.0 small-vehicle 1
79.0 1788.0 94.0 1788.0 94.0 1807.0 79.0 1807.0 small-vehicle 1
90.0 1811.0 105.0 1811.0 105.0 1830.0 90.0 1830.0 small-vehicle 1
52.0 1814.0 65.0 1814.0 65.0 1831.0 52.0 1831.0 small-vehicle 1
57.0 1828.0 73.0 1828.0 73.0 1849.0 57.0 1849.0 small-vehicle 1
64.0 1844.0 80.0 1844.0 80.0 1863.0 64.0 1863.0 small-vehicle 1
72.0 1860.0 88.0 1860.0 88.0 1880.0 72.0 1880.0 small-vehicle 1
97.0 1828.0 113.0 1828.0 113.0 1849.0 97.0 1849.0 small-vehicle 1
104.0 1844.0 121.0 1844.0 121.0 1867.0 104.0 1867.0 small-vehicle 1
113.0 1870.0 130.0 1870.0 130.0 1890.0 113.0 1890.0 small-vehicle 1
122.0 1887.0 137.0 1887.0 137.0 1909.0 122.0 1909.0 small-vehicle 1
83.0 1883.0 98.0 1883.0 98.0 1902.0 83.0 1902.0 small-vehicle 1
88.0 1902.0 105.0 1902.0 105.0 1921.0 88.0 1921.0 small-vehicle 1
96.0 1919.0 111.0 1919.0 111.0 1940.0 96.0 1940.0 small-vehicle 1
106.0 1937.0 121.0 1937.0 121.0 1958.0 106.0 1958.0 small-vehicle 1
114.0 1954.0 129.0 1954.0 129.0 1975.0 114.0 1975.0 small-vehicle 1
121.0 1971.0 137.0 1971.0 137.0 1994.0 121.0 1994.0 small-vehicle 1
200.0 2065.0 215.0 2065.0 215.0 2085.0 200.0 2085.0 small-vehicle 1
208.0 2084.0 223.0 2084.0 223.0 2105.0 208.0 2105.0 small-vehicle 1
216.0 2103.0 230.0 2103.0 230.0 2124.0 216.0 2124.0 small-vehicle 1
229.0 2141.0 249.0 2141.0 249.0 2165.0 229.0 2165.0 small-vehicle 1
221.0 2122.0 240.0 2122.0 240.0 2144.0 221.0 2144.0 small-vehicle 1
224.0 2151.0 236.0 2151.0 236.0 2169.0 224.0 2169.0 small-vehicle 1
141.0 2015.0 157.0 2015.0 157.0 2035.0 141.0 2035.0 small-vehicle 1
148.0 2035.0 163.0 2035.0 163.0 2052.0 148.0 2052.0 small-vehicle 1
153.0 2049.0 168.0 2049.0 168.0 2069.0 153.0 2069.0 small-vehicle 1
163.0 2064.0 176.0 2064.0 176.0 2087.0 163.0 2087.0 small-vehicle 1
169.0 2088.0 183.0 2088.0 183.0 2106.0 169.0 2106.0 small-vehicle 1
71.0 1772.0 88.0 1772.0 88.0 1792.0 71.0 1792.0 small-vehicle 1
63.0 1756.0 80.0 1756.0 80.0 1777.0 63.0 1777.0 small-vehicle 1
52.0 1733.0 70.0 1733.0 70.0 1756.0 52.0 1756.0 small-vehicle 1
231.0 1375.0 248.0 1375.0 248.0 1398.0 231.0 1398.0 small-vehicle 1
61.0 683.0 81.0 683.0 81.0 699.0 61.0 699.0 small-vehicle 0
5.0 48.0 24.0 48.0 24.0 61.0 5.0 61.0 small-vehicle 0
465.0 2560.0 483.0 2560.0 483.0 2574.0 465.0 2574.0 small-vehicle 1
95.0 2416.0 110.0 2416.0 110.0 2436.0 95.0 2436.0 small-vehicle 1
107.0 2409.0 122.0 2409.0 122.0 2429.0 107.0 2429.0 small-vehicle 1
118.0 2403.0 133.0 2403.0 133.0 2422.0 118.0 2422.0 small-vehicle 1
53.0 2333.0 71.0 2333.0 71.0 2350.0 53.0 2350.0 small-vehicle 1
407.0 1857.0 418.0 1857.0 418.0 1878.0 407.0 1878.0 small-vehicle 1
369.0 1821.0 388.0 1821.0 388.0 1846.0 369.0 1846.0 small-vehicle 1
365.0 1800.0 383.0 1800.0 383.0 1823.0 365.0 1823.0 small-vehicle 1
393.0 1784.0 404.0 1784.0 404.0 1804.0 393.0 1804.0 small-vehicle 1
355.0 1766.0 373.0 1766.0 373.0 1788.0 355.0 1788.0 small-vehicle 1
205.0 1170.0 216.0 1170.0 216.0 1190.0 205.0 1190.0 small-vehicle 1
41.0 1709.0 57.0 1709.0 57.0 1729.0 41.0 1729.0 small-vehicle 1
2.0 882.0 18.0 882.0 18.0 895.0 2.0 895.0 small-vehicle 1
100.0 831.0 124.0 831.0 124.0 852.0 100.0 852.0 small-vehicle 1
105.0 800.0 122.0 800.0 122.0 819.0 105.0 819.0 small-vehicle 1
43.0 1798.0 59.0 1798.0 59.0 1817.0 43.0 1817.0 small-vehicle 1
53.0 1789.0 68.0 1789.0 68.0 1809.0 53.0 1809.0 small-vehicle 1
32.0 1776.0 48.0 1776.0 48.0 1795.0 32.0 1795.0 small-vehicle 1
24.0 1755.0 39.0 1755.0 39.0 1777.0 24.0 1777.0 small-vehicle 1
15.0 1740.0 30.0 1740.0 30.0 1760.0 15.0 1760.0 small-vehicle 1
4.0 1711.0 19.0 1711.0 19.0 1735.0 4.0 1735.0 small-vehicle 1
9.0 1644.0 26.0 1644.0 26.0 1664.0 9.0 1664.0 small-vehicle 1
23.0 1669.0 38.0 1669.0 38.0 1689.0 23.0 1689.0 small-vehicle 1
31.0 1688.0 49.0 1688.0 49.0 1710.0 31.0 1710.0 small-vehicle 1
178.0 2107.0 193.0 2107.0 193.0 2129.0 178.0 2129.0 small-vehicle 1
194.0 2142.0 208.0 2142.0 208.0 2164.0 194.0 2164.0 small-vehicle 1
584.0 2568.0 600.0 2568.0 600.0 2585.0 584.0 2585.0 small-vehicle 1
201.0 2162.0 216.0 2162.0 216.0 2185.0 201.0 2185.0 small-vehicle 1
608.0 2504.0 626.0 2504.0 626.0 2524.0 608.0 2524.0 small-vehicle 1
612.0 2509.0 633.0 2509.0 633.0 2530.0 612.0 2530.0 small-vehicle 1
625.0 2524.0 643.0 2524.0 643.0 2543.0 625.0 2543.0 small-vehicle 1
649.0 2544.0 666.0 2544.0 666.0 2563.0 649.0 2563.0 small-vehicle 1
672.0 2563.0 690.0 2563.0 690.0 2583.0 672.0 2583.0 small-vehicle 1
678.0 2570.0 698.0 2570.0 698.0 2590.0 678.0 2590.0 small-vehicle 1
687.0 2574.0 705.0 2574.0 705.0 2594.0 687.0 2594.0 small-vehicle 1
695.0 2580.0 712.0 2580.0 712.0 2601.0 695.0 2601.0 small-vehicle 1
703.0 2587.0 719.0 2587.0 719.0 2606.0 703.0 2606.0 small-vehicle 1
710.0 2591.0 727.0 2591.0 727.0 2612.0 710.0 2612.0 small-vehicle 1
716.0 2598.0 734.0 2598.0 734.0 2618.0 716.0 2618.0 small-vehicle 1
726.0 2605.0 743.0 2605.0 743.0 2624.0 726.0 2624.0 small-vehicle 1
625.0 2580.0 642.0 2580.0 642.0 2598.0 625.0 2598.0 small-vehicle 1
611.0 2565.0 630.0 2565.0 630.0 2586.0 611.0 2586.0 small-vehicle 1
596.0 2552.0 616.0 2552.0 616.0 2572.0 596.0 2572.0 small-vehicle 1
590.0 2545.0 611.0 2545.0 611.0 2565.0 590.0 2565.0 small-vehicle 1
577.0 2530.0 597.0 2530.0 597.0 2550.0 577.0 2550.0 small-vehicle 1
570.0 2524.0 590.0 2524.0 590.0 2543.0 570.0 2543.0 small-vehicle 1
564.0 2515.0 585.0 2515.0 585.0 2536.0 564.0 2536.0 small-vehicle 1
557.0 2510.0 575.0 2510.0 575.0 2528.0 557.0 2528.0 small-vehicle 1
550.0 2505.0 568.0 2505.0 568.0 2523.0 550.0 2523.0 small-vehicle 1
536.0 2515.0 554.0 2515.0 554.0 2533.0 536.0 2533.0 small-vehicle 1
544.0 2523.0 560.0 2523.0 560.0 2539.0 544.0 2539.0 small-vehicle 1
556.0 2537.0 572.0 2537.0 572.0 2557.0 556.0 2557.0 small-vehicle 1
563.0 2544.0 580.0 2544.0 580.0 2564.0 563.0 2564.0 small-vehicle 1
570.0 2552.0 587.0 2552.0 587.0 2572.0 570.0 2572.0 small-vehicle 1
577.0 2560.0 594.0 2560.0 594.0 2577.0 577.0 2577.0 small-vehicle 1
351.0 2480.0 365.0 2480.0 365.0 2499.0 351.0 2499.0 small-vehicle 1
498.0 2369.0 514.0 2369.0 514.0 2392.0 498.0 2392.0 small-vehicle 1
488.0 2346.0 502.0 2346.0 502.0 2367.0 488.0 2367.0 small-vehicle 1
289.0 2281.0 303.0 2281.0 303.0 2303.0 289.0 2303.0 small-vehicle 1
209.0 2184.0 223.0 2184.0 223.0 2201.0 209.0 2201.0 small-vehicle 1
229.0 2232.0 243.0 2232.0 243.0 2252.0 229.0 2252.0 small-vehicle 1
223.0 2216.0 237.0 2216.0 237.0 2234.0 223.0 2234.0 small-vehicle 1
215.0 2198.0 229.0 2198.0 229.0 2217.0 215.0 2217.0 small-vehicle 1
239.0 2164.0 255.0 2164.0 255.0 2183.0 239.0 2183.0 small-vehicle 1
250.0 2188.0 263.0 2188.0 263.0 2209.0 250.0 2209.0 small-vehicle 1
256.0 2204.0 270.0 2204.0 270.0 2225.0 256.0 2225.0 small-vehicle 1
251.0 2227.0 265.0 2227.0 265.0 2246.0 251.0 2246.0 small-vehicle 1
433.0 2180.0 449.0 2180.0 449.0 2198.0 433.0 2198.0 small-vehicle 1
264.0 2224.0 279.0 2224.0 279.0 2243.0 264.0 2243.0 small-vehicle 1
271.0 2241.0 287.0 2241.0 287.0 2261.0 271.0 2261.0 small-vehicle 1
280.0 2260.0 295.0 2260.0 295.0 2283.0 280.0 2283.0 small-vehicle 1
295.0 2298.0 311.0 2298.0 311.0 2320.0 295.0 2320.0 small-vehicle 1
478.0 2327.0 490.0 2327.0 490.0 2346.0 478.0 2346.0 small-vehicle 1
302.0 2317.0 320.0 2317.0 320.0 2340.0 302.0 2340.0 small-vehicle 1
143.0 2303.0 163.0 2303.0 163.0 2320.0 143.0 2320.0 small-vehicle 1
355.0 2455.0 369.0 2455.0 369.0 2475.0 355.0 2475.0 small-vehicle 1
348.0 2438.0 363.0 2438.0 363.0 2457.0 348.0 2457.0 small-vehicle 1
341.0 2415.0 355.0 2415.0 355.0 2436.0 341.0 2436.0 small-vehicle 1
335.0 2400.0 348.0 2400.0 348.0 2419.0 335.0 2419.0 small-vehicle 1
327.0 2382.0 341.0 2382.0 341.0 2401.0 327.0 2401.0 small-vehicle 1
320.0 2363.0 333.0 2363.0 333.0 2381.0 320.0 2381.0 small-vehicle 1
312.0 2343.0 326.0 2343.0 326.0 2366.0 312.0 2366.0 small-vehicle 1
311.0 2375.0 322.0 2375.0 322.0 2395.0 311.0 2395.0 small-vehicle 1
254.0 2382.0 269.0 2382.0 269.0 2392.0 254.0 2392.0 small-vehicle 1
269.0 2424.0 287.0 2424.0 287.0 2436.0 269.0 2436.0 small-vehicle 1
259.0 282.0 811.0 282.0 811.0 367.0 259.0 367.0 harbor 0
