imagesource:GoogleEarth
gsd:0.278806852666
11.0 84.0 28.0 84.0 28.0 95.0 11.0 95.0 small-vehicle 1
14.0 74.0 32.0 74.0 32.0 85.0 14.0 85.0 small-vehicle 1
285.0 234.0 344.0 234.0 344.0 328.0 285.0 328.0 tennis-court 0
350.0 246.0 409.0 246.0 409.0 341.0 350.0 341.0 tennis-court 0
421.0 261.0 480.0 261.0 480.0 356.0 421.0 356.0 tennis-court 0
486.0 274.0 544.0 274.0 544.0 368.0 486.0 368.0 tennis-court 0
549.0 287.0 609.0 287.0 609.0 382.0 549.0 382.0 tennis-court 0
514.0 454.0 574.0 454.0 574.0 548.0 514.0 548.0 tennis-court 0
450.0 441.0 509.0 441.0 509.0 535.0 450.0 535.0 tennis-court 0
385.0 428.0 445.0 428.0 445.0 522.0 385.0 522.0 tennis-court 0
315.0 413.0 374.0 413.0 374.0 507.0 315.0 507.0 tennis-court 0
250.0 399.0 311.0 399.0 311.0 494.0 250.0 494.0 tennis-court 0
186.0 387.0 245.0 387.0 245.0 481.0 186.0 481.0 tennis-court 0
383.0 66.0 395.0 66.0 395.0 84.0 383.0 84.0 small-vehicle 1
402.0 71.0 415.0 71.0 415.0 90.0 402.0 90.0 small-vehicle 1
367.0 93.0 380.0 93.0 380.0 111.0 367.0 111.0 small-vehicle 1
346.0 90.0 360.0 90.0 360.0 111.0 346.0 111.0 small-vehicle 1
24.0 28.0 41.0 28.0 41.0 39.0 24.0 39.0 small-vehicle 1
17.0 36.0 38.0 36.0 38.0 48.0 17.0 48.0 small-vehicle 1
15.0 45.0 39.0 45.0 39.0 58.0 15.0 58.0 small-vehicle 1
19.0 56.0 35.0 56.0 35.0 67.0 19.0 67.0 small-vehicle 1
221.0 219.0 280.0 219.0 280.0 314.0 221.0 314.0 tennis-court 0
