imagesource:GoogleEarth
gsd:0.274627378582
534.0 733.0 550.0 733.0 550.0 745.0 534.0 745.0 small-vehicle 1
273.0 272.0 356.0 272.0 356.0 283.0 273.0 283.0 large-vehicle 0
292.0 377.0 373.0 377.0 373.0 389.0 292.0 389.0 large-vehicle 0
279.0 365.0 362.0 365.0 362.0 376.0 279.0 376.0 large-vehicle 0
359.0 458.0 419.0 458.0 419.0 470.0 359.0 470.0 large-vehicle 0
360.0 419.0 440.0 419.0 440.0 429.0 360.0 429.0 large-vehicle 0
361.0 406.0 439.0 406.0 439.0 417.0 361.0 417.0 large-vehicle 0
361.0 392.0 441.0 392.0 441.0 405.0 361.0 405.0 large-vehicle 0
235.0 232.0 259.0 232.0 259.0 314.0 235.0 314.0 large-vehicle 0
293.0 456.0 350.0 456.0 350.0 473.0 293.0 473.0 large-vehicle 0
363.0 312.0 441.0 312.0 441.0 325.0 363.0 325.0 large-vehicle 0
525.0 404.0 565.0 404.0 565.0 416.0 525.0 416.0 large-vehicle 0
525.0 378.0 567.0 378.0 567.0 388.0 525.0 388.0 large-vehicle 0
528.0 363.0 567.0 363.0 567.0 374.0 528.0 374.0 large-vehicle 0
133.0 563.0 211.0 563.0 211.0 575.0 133.0 575.0 large-vehicle 0
40.0 174.0 60.0 174.0 60.0 185.0 40.0 185.0 small-vehicle 1
296.0 432.0 362.0 432.0 362.0 443.0 296.0 443.0 large-vehicle 0
331.0 646.0 345.0 646.0 345.0 727.0 331.0 727.0 large-vehicle 0
71.0 256.0 82.0 256.0 82.0 281.0 71.0 281.0 small-vehicle 1
144.0 496.0 225.0 496.0 225.0 508.0 144.0 508.0 large-vehicle 0
145.0 268.0 228.0 268.0 228.0 279.0 145.0 279.0 large-vehicle 0
167.0 321.0 208.0 321.0 208.0 332.0 167.0 332.0 large-vehicle 0
135.0 389.0 198.0 389.0 198.0 399.0 135.0 399.0 large-vehicle 0
137.0 441.0 212.0 441.0 212.0 453.0 137.0 453.0 large-vehicle 0
138.0 468.0 216.0 468.0 216.0 479.0 138.0 479.0 large-vehicle 0
138.0 483.0 219.0 483.0 219.0 496.0 138.0 496.0 large-vehicle 0
128.0 507.0 188.0 507.0 188.0 519.0 128.0 519.0 large-vehicle 0
133.0 738.0 213.0 738.0 213.0 749.0 133.0 749.0 large-vehicle 0
140.0 521.0 208.0 521.0 208.0 533.0 140.0 533.0 large-vehicle 0
131.0 533.0 209.0 533.0 209.0 548.0 131.0 548.0 large-vehicle 0
135.0 549.0 211.0 549.0 211.0 559.0 135.0 559.0 large-vehicle 0
138.0 574.0 213.0 574.0 213.0 588.0 138.0 588.0 large-vehicle 0
132.0 602.0 168.0 602.0 168.0 614.0 132.0 614.0 large-vehicle 0
133.0 656.0 213.0 656.0 213.0 668.0 133.0 668.0 large-vehicle 0
102.0 251.0 111.0 251.0 111.0 269.0 102.0 269.0 small-vehicle 1
72.0 234.0 82.0 234.0 82.0 255.0 72.0 255.0 small-vehicle 1
534.0 751.0 545.0 751.0 545.0 770.0 534.0 770.0 small-vehicle 1
630.0 755.0 640.0 755.0 640.0 775.0 630.0 775.0 small-vehicle 1
594.0 622.0 616.0 622.0 616.0 631.0 594.0 631.0 small-vehicle 1
591.0 673.0 610.0 673.0 610.0 683.0 591.0 683.0 small-vehicle 1
592.0 685.0 610.0 685.0 610.0 693.0 592.0 693.0 small-vehicle 1
594.0 693.0 611.0 693.0 611.0 705.0 594.0 705.0 small-vehicle 1
594.0 704.0 610.0 704.0 610.0 715.0 594.0 715.0 small-vehicle 1
592.0 715.0 610.0 715.0 610.0 725.0 592.0 725.0 small-vehicle 1
611.0 752.0 620.0 752.0 620.0 772.0 611.0 772.0 small-vehicle 1
677.0 738.0 698.0 738.0 698.0 761.0 677.0 761.0 small-vehicle 1
589.0 748.0 599.0 748.0 599.0 772.0 589.0 772.0 small-vehicle 1
574.0 750.0 585.0 750.0 585.0 775.0 574.0 775.0 small-vehicle 1
553.0 752.0 563.0 752.0 563.0 770.0 553.0 770.0 small-vehicle 1
510.0 732.0 530.0 732.0 530.0 750.0 510.0 750.0 small-vehicle 1
500.0 742.0 510.0 742.0 510.0 764.0 500.0 764.0 small-vehicle 1
496.0 767.0 513.0 767.0 513.0 789.0 496.0 789.0 small-vehicle 1
640.0 755.0 649.0 755.0 649.0 775.0 640.0 775.0 small-vehicle 1
593.0 552.0 617.0 552.0 617.0 566.0 593.0 566.0 small-vehicle 1
538.0 44.0 557.0 44.0 557.0 64.0 538.0 64.0 small-vehicle 1
651.0 416.0 675.0 416.0 675.0 438.0 651.0 438.0 small-vehicle 1
603.0 178.0 620.0 178.0 620.0 200.0 603.0 200.0 small-vehicle 1
631.0 205.0 654.0 205.0 654.0 228.0 631.0 228.0 small-vehicle 1
664.0 244.0 684.0 244.0 684.0 263.0 664.0 263.0 small-vehicle 1
680.0 259.0 700.0 259.0 700.0 283.0 680.0 283.0 small-vehicle 1
687.0 244.0 706.0 244.0 706.0 266.0 687.0 266.0 small-vehicle 1
622.0 384.0 638.0 384.0 638.0 406.0 622.0 406.0 small-vehicle 1
611.0 436.0 626.0 436.0 626.0 453.0 611.0 453.0 small-vehicle 1
597.0 564.0 618.0 564.0 618.0 576.0 597.0 576.0 small-vehicle 1
608.0 387.0 631.0 387.0 631.0 414.0 608.0 414.0 small-vehicle 1
569.0 538.0 582.0 538.0 582.0 564.0 569.0 564.0 small-vehicle 1
592.0 544.0 617.0 544.0 617.0 556.0 592.0 556.0 small-vehicle 1
661.0 563.0 692.0 563.0 692.0 587.0 661.0 587.0 small-vehicle 1
593.0 609.0 615.0 609.0 615.0 621.0 593.0 621.0 small-vehicle 1
595.0 595.0 619.0 595.0 619.0 605.0 595.0 605.0 small-vehicle 1
139.0 213.0 218.0 213.0 218.0 226.0 139.0 226.0 large-vehicle 0
