imagesource:GoogleEarth
gsd:0.249143411262
1431.0 551.0 1453.0 551.0 1453.0 569.0 1431.0 569.0 small-vehicle 0
660.0 829.0 677.0 829.0 677.0 849.0 660.0 849.0 small-vehicle 1
1357.0 1201.0 1393.0 1201.0 1393.0 1243.0 1357.0 1243.0 swimming-pool 0
1340.0 704.0 1370.0 704.0 1370.0 736.0 1340.0 736.0 swimming-pool 0
288.0 270.0 316.0 270.0 316.0 308.0 288.0 308.0 swimming-pool 0
226.0 31.0 253.0 31.0 253.0 52.0 226.0 52.0 small-vehicle 1
121.0 123.0 139.0 123.0 139.0 146.0 121.0 146.0 small-vehicle 1
46.0 307.0 65.0 307.0 65.0 333.0 46.0 333.0 small-vehicle 1
532.0 93.0 557.0 93.0 557.0 122.0 532.0 122.0 small-vehicle 1
545.0 106.0 564.0 106.0 564.0 131.0 545.0 131.0 small-vehicle 1
706.0 280.0 722.0 280.0 722.0 304.0 706.0 304.0 small-vehicle 1
699.0 300.0 715.0 300.0 715.0 323.0 699.0 323.0 small-vehicle 1
614.0 304.0 644.0 304.0 644.0 330.0 614.0 330.0 small-vehicle 1
795.0 481.0 819.0 481.0 819.0 499.0 795.0 499.0 small-vehicle 1
493.0 466.0 517.0 466.0 517.0 496.0 493.0 496.0 small-vehicle 1
515.0 447.0 534.0 447.0 534.0 472.0 515.0 472.0 small-vehicle 1
468.0 651.0 494.0 651.0 494.0 672.0 468.0 672.0 small-vehicle 1
511.0 615.0 539.0 615.0 539.0 638.0 511.0 638.0 small-vehicle 1
262.0 763.0 289.0 763.0 289.0 786.0 262.0 786.0 small-vehicle 1
248.0 775.0 269.0 775.0 269.0 794.0 248.0 794.0 small-vehicle 1
232.0 773.0 254.0 773.0 254.0 791.0 232.0 791.0 small-vehicle 1
578.0 953.0 602.0 953.0 602.0 979.0 578.0 979.0 small-vehicle 1
419.0 920.0 440.0 920.0 440.0 941.0 419.0 941.0 small-vehicle 1
409.0 908.0 432.0 908.0 432.0 929.0 409.0 929.0 small-vehicle 1
472.0 861.0 503.0 861.0 503.0 885.0 472.0 885.0 small-vehicle 1
1556.0 1023.0 1598.0 1023.0 1598.0 1069.0 1556.0 1069.0 swimming-pool 0
1551.0 446.0 1592.0 446.0 1592.0 484.0 1551.0 484.0 swimming-pool 0
1054.0 123.0 1083.0 123.0 1083.0 172.0 1054.0 172.0 swimming-pool 0
1312.0 277.0 1346.0 277.0 1346.0 313.0 1312.0 313.0 swimming-pool 0
894.0 183.0 932.0 183.0 932.0 218.0 894.0 218.0 swimming-pool 0
252.0 405.0 293.0 405.0 293.0 439.0 252.0 439.0 swimming-pool 0
429.0 541.0 465.0 541.0 465.0 579.0 429.0 579.0 swimming-pool 0
216.0 857.0 249.0 857.0 249.0 892.0 216.0 892.0 swimming-pool 0
560.0 1043.0 590.0 1043.0 590.0 1076.0 560.0 1076.0 swimming-pool 0
707.0 673.0 730.0 673.0 730.0 695.0 707.0 695.0 swimming-pool 0
472.0 456.0 494.0 456.0 494.0 476.0 472.0 476.0 swimming-pool 0
569.0 310.0 585.0 310.0 585.0 328.0 569.0 328.0 swimming-pool 0
973.0 235.0 1006.0 235.0 1006.0 267.0 973.0 267.0 swimming-pool 0
1242.0 227.0 1276.0 227.0 1276.0 264.0 1242.0 264.0 swimming-pool 0
1395.0 359.0 1426.0 359.0 1426.0 387.0 1395.0 387.0 swimming-pool 0
813.0 658.0 851.0 658.0 851.0 700.0 813.0 700.0 swimming-pool 0
965.0 413.0 991.0 413.0 991.0 435.0 965.0 435.0 swimming-pool 0
962.0 566.0 997.0 566.0 997.0 601.0 962.0 601.0 swimming-pool 0
1033.0 1005.0 1059.0 1005.0 1059.0 1035.0 1033.0 1035.0 swimming-pool 0
1068.0 1031.0 1099.0 1031.0 1099.0 1066.0 1068.0 1066.0 swimming-pool 0
1533.0 919.0 1565.0 919.0 1565.0 952.0 1533.0 952.0 swimming-pool 0
1798.0 1225.0 1833.0 1225.0 1833.0 1255.0 1798.0 1255.0 swimming-pool 0
358.0 499.0 400.0 499.0 400.0 535.0 358.0 535.0 swimming-pool 0
807.0 402.0 835.0 402.0 835.0 436.0 807.0 436.0 swimming-pool 0
1111.0 623.0 1140.0 623.0 1140.0 651.0 1111.0 651.0 swimming-pool 0
621.0 1074.0 672.0 1074.0 672.0 1118.0 621.0 1118.0 swimming-pool 0
801.0 1214.0 825.0 1214.0 825.0 1241.0 801.0 1241.0 small-vehicle 1
819.0 922.0 841.0 922.0 841.0 942.0 819.0 942.0 small-vehicle 1
1327.0 434.0 1346.0 434.0 1346.0 456.0 1327.0 456.0 small-vehicle 0
838.0 934.0 855.0 934.0 855.0 956.0 838.0 956.0 small-vehicle 1
1443.0 656.0 1462.0 656.0 1462.0 679.0 1443.0 679.0 small-vehicle 1
1424.0 624.0 1442.0 624.0 1442.0 647.0 1424.0 647.0 small-vehicle 1
1437.0 605.0 1454.0 605.0 1454.0 626.0 1437.0 626.0 small-vehicle 1
1365.0 798.0 1385.0 798.0 1385.0 817.0 1365.0 817.0 small-vehicle 1
1071.0 788.0 1095.0 788.0 1095.0 803.0 1071.0 803.0 small-vehicle 1
1325.0 1078.0 1348.0 1078.0 1348.0 1098.0 1325.0 1098.0 small-vehicle 1
1299.0 996.0 1320.0 996.0 1320.0 1018.0 1299.0 1018.0 small-vehicle 1
1311.0 982.0 1350.0 982.0 1350.0 1032.0 1311.0 1032.0 large-vehicle 0
1683.0 1079.0 1703.0 1079.0 1703.0 1095.0 1683.0 1095.0 large-vehicle 0
1663.0 1063.0 1686.0 1063.0 1686.0 1082.0 1663.0 1082.0 large-vehicle 0
1366.0 35.0 1390.0 35.0 1390.0 58.0 1366.0 58.0 large-vehicle 0
1639.0 359.0 1660.0 359.0 1660.0 385.0 1639.0 385.0 large-vehicle 0
1750.0 1208.0 1771.0 1208.0 1771.0 1227.0 1750.0 1227.0 large-vehicle 0
1921.0 819.0 1941.0 819.0 1941.0 843.0 1921.0 843.0 large-vehicle 0
474.0 968.0 502.0 968.0 502.0 1002.0 474.0 1002.0 ship 0
675.0 225.0 698.0 225.0 698.0 243.0 675.0 243.0 small-vehicle 1
696.0 235.0 717.0 235.0 717.0 252.0 696.0 252.0 small-vehicle 1
582.0 265.0 600.0 265.0 600.0 286.0 582.0 286.0 small-vehicle 1
578.0 886.0 600.0 886.0 600.0 906.0 578.0 906.0 small-vehicle 1
629.0 333.0 651.0 333.0 651.0 349.0 629.0 349.0 small-vehicle 1
770.0 362.0 790.0 362.0 790.0 379.0 770.0 379.0 small-vehicle 1
1342.0 112.0 1362.0 112.0 1362.0 135.0 1342.0 135.0 small-vehicle 1
1276.0 390.0 1296.0 390.0 1296.0 412.0 1276.0 412.0 small-vehicle 1
1455.0 637.0 1474.0 637.0 1474.0 659.0 1455.0 659.0 small-vehicle 1
1337.0 538.0 1360.0 538.0 1360.0 564.0 1337.0 564.0 small-vehicle 1
1091.0 153.0 1104.0 153.0 1104.0 174.0 1091.0 174.0 small-vehicle 1
1045.0 701.0 1068.0 701.0 1068.0 729.0 1045.0 729.0 small-vehicle 1
919.0 821.0 946.0 821.0 946.0 844.0 919.0 844.0 small-vehicle 1
967.0 822.0 991.0 822.0 991.0 847.0 967.0 847.0 small-vehicle 1
895.0 802.0 915.0 802.0 915.0 823.0 895.0 823.0 small-vehicle 1
965.0 1192.0 986.0 1192.0 986.0 1217.0 965.0 1217.0 small-vehicle 1
1002.0 1128.0 1028.0 1128.0 1028.0 1149.0 1002.0 1149.0 small-vehicle 1
1059.0 1144.0 1076.0 1144.0 1076.0 1164.0 1059.0 1164.0 small-vehicle 1
1071.0 1119.0 1095.0 1119.0 1095.0 1147.0 1071.0 1147.0 small-vehicle 1
1083.0 1127.0 1103.0 1127.0 1103.0 1150.0 1083.0 1150.0 small-vehicle 1
633.0 676.0 662.0 676.0 662.0 696.0 633.0 696.0 small-vehicle 1
899.0 651.0 920.0 651.0 920.0 676.0 899.0 676.0 small-vehicle 1
928.0 777.0 957.0 777.0 957.0 796.0 928.0 796.0 small-vehicle 1
1068.0 416.0 1088.0 416.0 1088.0 440.0 1068.0 440.0 small-vehicle 1
893.0 737.0 917.0 737.0 917.0 760.0 893.0 760.0 small-vehicle 1
655.0 662.0 678.0 662.0 678.0 679.0 655.0 679.0 small-vehicle 1
1077.0 419.0 1102.0 419.0 1102.0 447.0 1077.0 447.0 small-vehicle 1
1130.0 470.0 1152.0 470.0 1152.0 496.0 1130.0 496.0 small-vehicle 1
1164.0 462.0 1181.0 462.0 1181.0 483.0 1164.0 483.0 small-vehicle 1
1228.0 413.0 1254.0 413.0 1254.0 436.0 1228.0 436.0 small-vehicle 1
1248.0 1190.0 1270.0 1190.0 1270.0 1210.0 1248.0 1210.0 small-vehicle 1
1233.0 1175.0 1252.0 1175.0 1252.0 1198.0 1233.0 1198.0 small-vehicle 1
1248.0 1115.0 1269.0 1115.0 1269.0 1138.0 1248.0 1138.0 small-vehicle 1
1120.0 663.0 1141.0 663.0 1141.0 687.0 1120.0 687.0 small-vehicle 1
489.0 93.0 521.0 93.0 521.0 118.0 489.0 118.0 swimming-pool 0
