imagesource:GoogleEarth
gsd:0.266999849789
662.0 329.0 685.0 329.0 685.0 341.0 662.0 341.0 small-vehicle 1
162.0 686.0 173.0 686.0 173.0 709.0 162.0 709.0 small-vehicle 1
354.0 64.0 363.0 64.0 363.0 84.0 354.0 84.0 small-vehicle 1
366.0 63.0 375.0 63.0 375.0 83.0 366.0 83.0 small-vehicle 1
379.0 63.0 388.0 63.0 388.0 82.0 379.0 82.0 small-vehicle 1
391.0 64.0 400.0 64.0 400.0 85.0 391.0 85.0 small-vehicle 1
410.0 68.0 420.0 68.0 420.0 85.0 410.0 85.0 small-vehicle 1
421.0 65.0 430.0 65.0 430.0 85.0 421.0 85.0 small-vehicle 1
462.0 66.0 472.0 66.0 472.0 88.0 462.0 88.0 small-vehicle 1
386.0 119.0 398.0 119.0 398.0 142.0 386.0 142.0 small-vehicle 1
258.0 187.0 281.0 187.0 281.0 201.0 258.0 201.0 small-vehicle 1
74.0 156.0 94.0 156.0 94.0 172.0 74.0 172.0 small-vehicle 1
76.0 573.0 99.0 573.0 99.0 585.0 76.0 585.0 small-vehicle 1
75.0 586.0 94.0 586.0 94.0 597.0 75.0 597.0 small-vehicle 1
75.0 654.0 92.0 654.0 92.0 666.0 75.0 666.0 small-vehicle 1
71.0 667.0 94.0 667.0 94.0 677.0 71.0 677.0 small-vehicle 1
73.0 677.0 96.0 677.0 96.0 688.0 73.0 688.0 small-vehicle 1
74.0 688.0 98.0 688.0 98.0 698.0 74.0 698.0 small-vehicle 1
3.0 715.0 13.0 715.0 13.0 734.0 3.0 734.0 small-vehicle 1
348.0 37.0 356.0 37.0 356.0 56.0 348.0 56.0 small-vehicle 1
599.0 528.0 655.0 528.0 655.0 619.0 599.0 619.0 basketball-court 1
544.0 528.0 599.0 528.0 599.0 619.0 544.0 619.0 basketball-court 1
226.0 568.0 272.0 568.0 272.0 661.0 226.0 661.0 tennis-court 0
219.0 279.0 265.0 279.0 265.0 369.0 219.0 369.0 tennis-court 0
273.0 279.0 319.0 279.0 319.0 370.0 273.0 370.0 tennis-court 0
328.0 281.0 374.0 281.0 374.0 370.0 328.0 370.0 tennis-court 0
396.0 313.0 441.0 313.0 441.0 405.0 396.0 405.0 tennis-court 0
452.0 313.0 498.0 313.0 498.0 404.0 452.0 404.0 tennis-court 0
230.0 425.0 276.0 425.0 276.0 516.0 230.0 516.0 tennis-court 0
172.0 569.0 218.0 569.0 218.0 660.0 172.0 660.0 tennis-court 0
281.0 568.0 328.0 568.0 328.0 661.0 281.0 661.0 tennis-court 0
602.0 838.0 647.0 838.0 647.0 929.0 602.0 929.0 tennis-court 0
336.0 569.0 382.0 569.0 382.0 661.0 336.0 661.0 tennis-court 0
162.0 799.0 208.0 799.0 208.0 889.0 162.0 889.0 tennis-court 0
216.0 798.0 262.0 798.0 262.0 891.0 216.0 891.0 tennis-court 0
270.0 799.0 316.0 799.0 316.0 891.0 270.0 891.0 tennis-court 0
436.0 837.0 482.0 837.0 482.0 929.0 436.0 929.0 tennis-court 0
492.0 838.0 538.0 838.0 538.0 929.0 492.0 929.0 tennis-court 0
547.0 837.0 592.0 837.0 592.0 931.0 547.0 931.0 tennis-court 0
78.0 723.0 96.0 723.0 96.0 732.0 78.0 732.0 small-vehicle 1
208.0 691.0 219.0 691.0 219.0 713.0 208.0 713.0 small-vehicle 1
172.0 30.0 182.0 30.0 182.0 51.0 172.0 51.0 small-vehicle 1
161.0 746.0 171.0 746.0 171.0 768.0 161.0 768.0 small-vehicle 1
679.0 816.0 700.0 816.0 700.0 829.0 679.0 829.0 small-vehicle 1
674.0 806.0 696.0 806.0 696.0 820.0 674.0 820.0 small-vehicle 1
672.0 796.0 693.0 796.0 693.0 811.0 672.0 811.0 small-vehicle 1
579.0 749.0 590.0 749.0 590.0 769.0 579.0 769.0 small-vehicle 1
552.0 750.0 562.0 750.0 562.0 770.0 552.0 770.0 small-vehicle 1
524.0 751.0 533.0 751.0 533.0 771.0 524.0 771.0 small-vehicle 1
615.0 692.0 626.0 692.0 626.0 712.0 615.0 712.0 small-vehicle 1
626.0 694.0 638.0 694.0 638.0 716.0 626.0 716.0 small-vehicle 1
635.0 693.0 647.0 693.0 647.0 713.0 635.0 713.0 small-vehicle 1
659.0 662.0 678.0 662.0 678.0 674.0 659.0 674.0 small-vehicle 1
657.0 624.0 679.0 624.0 679.0 637.0 657.0 637.0 small-vehicle 1
658.0 613.0 680.0 613.0 680.0 624.0 658.0 624.0 small-vehicle 1
703.0 336.0 713.0 336.0 713.0 360.0 703.0 360.0 small-vehicle 1
242.0 29.0 252.0 29.0 252.0 50.0 242.0 50.0 small-vehicle 1
229.0 29.0 238.0 29.0 238.0 50.0 229.0 50.0 small-vehicle 1
207.0 31.0 217.0 31.0 217.0 51.0 207.0 51.0 small-vehicle 1
197.0 28.0 206.0 28.0 206.0 50.0 197.0 50.0 small-vehicle 1
680.0 826.0 703.0 826.0 703.0 840.0 680.0 840.0 small-vehicle 1
682.0 837.0 702.0 837.0 702.0 850.0 682.0 850.0 small-vehicle 1
686.0 847.0 706.0 847.0 706.0 860.0 686.0 860.0 small-vehicle 1
726.0 953.0 746.0 953.0 746.0 968.0 726.0 968.0 small-vehicle 1
173.0 745.0 184.0 745.0 184.0 769.0 173.0 769.0 small-vehicle 1
186.0 746.0 194.0 746.0 194.0 766.0 186.0 766.0 small-vehicle 1
207.0 746.0 217.0 746.0 217.0 770.0 207.0 770.0 small-vehicle 1
354.0 746.0 365.0 746.0 365.0 766.0 354.0 766.0 small-vehicle 1
369.0 746.0 378.0 746.0 378.0 767.0 369.0 767.0 small-vehicle 1
732.0 971.0 754.0 971.0 754.0 987.0 732.0 987.0 small-vehicle 1
727.0 960.0 749.0 960.0 749.0 977.0 727.0 977.0 small-vehicle 1
722.0 943.0 741.0 943.0 741.0 959.0 722.0 959.0 small-vehicle 1
692.0 866.0 713.0 866.0 713.0 882.0 692.0 882.0 small-vehicle 1
717.0 932.0 736.0 932.0 736.0 948.0 717.0 948.0 small-vehicle 1
713.0 921.0 736.0 921.0 736.0 938.0 713.0 938.0 small-vehicle 1
710.0 914.0 732.0 914.0 732.0 928.0 710.0 928.0 small-vehicle 1
706.0 903.0 727.0 903.0 727.0 921.0 706.0 921.0 small-vehicle 1
703.0 894.0 724.0 894.0 724.0 911.0 703.0 911.0 small-vehicle 1
698.0 886.0 720.0 886.0 720.0 901.0 698.0 901.0 small-vehicle 1
694.0 873.0 716.0 873.0 716.0 892.0 694.0 892.0 small-vehicle 1
164.0 279.0 209.0 279.0 209.0 369.0 164.0 369.0 tennis-court 0
