imagesource:GoogleEarth
gsd:0.260163273512
401.0 123.0 418.0 123.0 418.0 133.0 401.0 133.0 small-vehicle 1
77.0 561.0 97.0 561.0 97.0 573.0 77.0 573.0 small-vehicle 1
566.0 497.0 584.0 497.0 584.0 534.0 566.0 534.0 large-vehicle 0
603.0 482.0 622.0 482.0 622.0 528.0 603.0 528.0 large-vehicle 0
616.0 480.0 634.0 480.0 634.0 521.0 616.0 521.0 large-vehicle 0
586.0 150.0 603.0 150.0 603.0 190.0 586.0 190.0 large-vehicle 0
495.0 97.0 543.0 97.0 543.0 117.0 495.0 117.0 large-vehicle 0
500.0 141.0 543.0 141.0 543.0 161.0 500.0 161.0 large-vehicle 0
497.0 112.0 540.0 112.0 540.0 131.0 497.0 131.0 large-vehicle 0
504.0 155.0 542.0 155.0 542.0 175.0 504.0 175.0 large-vehicle 0
498.0 126.0 546.0 126.0 546.0 147.0 498.0 147.0 large-vehicle 0
505.0 169.0 549.0 169.0 549.0 189.0 505.0 189.0 large-vehicle 0
509.0 182.0 553.0 182.0 553.0 203.0 509.0 203.0 large-vehicle 0
511.0 199.0 553.0 199.0 553.0 219.0 511.0 219.0 large-vehicle 0
515.0 221.0 556.0 221.0 556.0 239.0 515.0 239.0 large-vehicle 0
519.0 247.0 557.0 247.0 557.0 266.0 519.0 266.0 large-vehicle 0
259.0 215.0 340.0 215.0 340.0 243.0 259.0 243.0 large-vehicle 0
600.0 234.0 615.0 234.0 615.0 271.0 600.0 271.0 large-vehicle 0
580.0 104.0 596.0 104.0 596.0 139.0 580.0 139.0 large-vehicle 0
444.0 232.0 460.0 232.0 460.0 279.0 444.0 279.0 large-vehicle 0
201.0 110.0 225.0 110.0 225.0 124.0 201.0 124.0 small-vehicle 1
158.0 133.0 192.0 133.0 192.0 151.0 158.0 151.0 small-vehicle 1
324.0 276.0 336.0 276.0 336.0 297.0 324.0 297.0 small-vehicle 1
538.0 503.0 555.0 503.0 555.0 538.0 538.0 538.0 large-vehicle 0
513.0 510.0 528.0 510.0 528.0 546.0 513.0 546.0 large-vehicle 0
500.0 509.0 516.0 509.0 516.0 554.0 500.0 554.0 large-vehicle 0
406.0 239.0 426.0 239.0 426.0 289.0 406.0 289.0 large-vehicle 0
151.0 165.0 173.0 165.0 173.0 251.0 151.0 251.0 large-vehicle 0
178.0 168.0 204.0 168.0 204.0 255.0 178.0 255.0 large-vehicle 0
160.0 86.0 253.0 86.0 253.0 112.0 160.0 112.0 large-vehicle 0
369.0 386.0 396.0 386.0 396.0 429.0 369.0 429.0 large-vehicle 0
398.0 150.0 441.0 150.0 441.0 169.0 398.0 169.0 large-vehicle 0
398.0 162.0 443.0 162.0 443.0 182.0 398.0 182.0 large-vehicle 0
406.0 178.0 446.0 178.0 446.0 196.0 406.0 196.0 large-vehicle 0
404.0 199.0 449.0 199.0 449.0 218.0 404.0 218.0 large-vehicle 0
406.0 212.0 451.0 212.0 451.0 230.0 406.0 230.0 large-vehicle 0
446.0 367.0 466.0 367.0 466.0 415.0 446.0 415.0 large-vehicle 0
474.0 510.0 492.0 510.0 492.0 552.0 474.0 552.0 large-vehicle 0
489.0 366.0 506.0 366.0 506.0 405.0 489.0 405.0 large-vehicle 0
527.0 387.0 545.0 387.0 545.0 432.0 527.0 432.0 large-vehicle 0
569.0 382.0 586.0 382.0 586.0 420.0 569.0 420.0 large-vehicle 0
581.0 370.0 601.0 370.0 601.0 413.0 581.0 413.0 large-vehicle 0
594.0 369.0 614.0 369.0 614.0 406.0 594.0 406.0 large-vehicle 0
581.0 319.0 601.0 319.0 601.0 360.0 581.0 360.0 large-vehicle 0
591.0 310.0 613.0 310.0 613.0 354.0 591.0 354.0 large-vehicle 0
546.0 375.0 568.0 375.0 568.0 416.0 546.0 416.0 large-vehicle 0
463.0 509.0 479.0 509.0 479.0 553.0 463.0 553.0 large-vehicle 0
48.0 512.0 69.0 512.0 69.0 529.0 48.0 529.0 small-vehicle 1
106.0 548.0 118.0 548.0 118.0 569.0 106.0 569.0 small-vehicle 1
422.0 122.0 440.0 122.0 440.0 133.0 422.0 133.0 small-vehicle 1
107.0 501.0 120.0 501.0 120.0 526.0 107.0 526.0 small-vehicle 1
19.0 329.0 39.0 329.0 39.0 346.0 19.0 346.0 small-vehicle 1
18.0 317.0 38.0 317.0 38.0 332.0 18.0 332.0 small-vehicle 1
16.0 304.0 33.0 304.0 33.0 320.0 16.0 320.0 small-vehicle 1
12.0 289.0 38.0 289.0 38.0 307.0 12.0 307.0 large-vehicle 1
9.0 274.0 35.0 274.0 35.0 294.0 9.0 294.0 large-vehicle 1
67.0 247.0 80.0 247.0 80.0 268.0 67.0 268.0 small-vehicle 1
57.0 250.0 68.0 250.0 68.0 269.0 57.0 269.0 small-vehicle 1
59.0 268.0 71.0 268.0 71.0 289.0 59.0 289.0 small-vehicle 1
63.0 291.0 76.0 291.0 76.0 314.0 63.0 314.0 small-vehicle 1
65.0 314.0 80.0 314.0 80.0 336.0 65.0 336.0 small-vehicle 1
69.0 338.0 82.0 338.0 82.0 358.0 69.0 358.0 small-vehicle 1
485.0 61.0 507.0 61.0 507.0 74.0 485.0 74.0 small-vehicle 1
509.0 54.0 535.0 54.0 535.0 70.0 509.0 70.0 small-vehicle 1
629.0 45.0 642.0 45.0 642.0 70.0 629.0 70.0 small-vehicle 1
655.0 502.0 676.0 502.0 676.0 514.0 655.0 514.0 small-vehicle 1
675.0 434.0 707.0 434.0 707.0 447.0 675.0 447.0 small-vehicle 1
636.0 565.0 650.0 565.0 650.0 585.0 636.0 585.0 small-vehicle 1
622.0 566.0 635.0 566.0 635.0 586.0 622.0 586.0 small-vehicle 1
619.0 549.0 630.0 549.0 630.0 566.0 619.0 566.0 small-vehicle 1
372.0 444.0 383.0 444.0 383.0 467.0 372.0 467.0 small-vehicle 1
658.0 544.0 685.0 544.0 685.0 565.0 658.0 565.0 small-vehicle 1
21.0 344.0 42.0 344.0 42.0 361.0 21.0 361.0 small-vehicle 1
26.0 360.0 44.0 360.0 44.0 374.0 26.0 374.0 small-vehicle 1
26.0 370.0 45.0 370.0 45.0 388.0 26.0 388.0 small-vehicle 1
326.0 448.0 346.0 448.0 346.0 470.0 326.0 470.0 small-vehicle 1
117.0 494.0 131.0 494.0 131.0 520.0 117.0 520.0 small-vehicle 1
115.0 468.0 127.0 468.0 127.0 492.0 115.0 492.0 small-vehicle 1
105.0 478.0 116.0 478.0 116.0 500.0 105.0 500.0 small-vehicle 1
94.0 491.0 107.0 491.0 107.0 514.0 94.0 514.0 small-vehicle 1
90.0 472.0 103.0 472.0 103.0 493.0 90.0 493.0 small-vehicle 1
89.0 448.0 100.0 448.0 100.0 472.0 89.0 472.0 small-vehicle 1
85.0 427.0 96.0 427.0 96.0 448.0 85.0 448.0 small-vehicle 1
101.0 453.0 114.0 453.0 114.0 478.0 101.0 478.0 small-vehicle 1
97.0 429.0 110.0 429.0 110.0 452.0 97.0 452.0 small-vehicle 1
127.0 362.0 141.0 362.0 141.0 384.0 127.0 384.0 small-vehicle 1
27.0 381.0 45.0 381.0 45.0 399.0 27.0 399.0 small-vehicle 1
47.0 500.0 68.0 500.0 68.0 515.0 47.0 515.0 small-vehicle 1
41.0 454.0 60.0 454.0 60.0 470.0 41.0 470.0 small-vehicle 1
40.0 442.0 56.0 442.0 56.0 458.0 40.0 458.0 small-vehicle 1
37.0 429.0 57.0 429.0 57.0 445.0 37.0 445.0 small-vehicle 1
32.0 415.0 54.0 415.0 54.0 432.0 32.0 432.0 small-vehicle 1
30.0 398.0 50.0 398.0 50.0 414.0 30.0 414.0 small-vehicle 1
79.0 404.0 94.0 404.0 94.0 428.0 79.0 428.0 small-vehicle 1
77.0 381.0 89.0 381.0 89.0 404.0 77.0 404.0 small-vehicle 1
73.0 357.0 87.0 357.0 87.0 380.0 73.0 380.0 small-vehicle 1
93.0 177.0 123.0 177.0 123.0 271.0 93.0 271.0 large-vehicle 0
