imagesource:GoogleEarth
gsd:0.244656168503
413.0 38.0 437.0 38.0 437.0 61.0 413.0 61.0 small-vehicle 1
406.0 237.0 426.0 237.0 426.0 255.0 406.0 255.0 small-vehicle 1
357.0 249.0 377.0 249.0 377.0 268.0 357.0 268.0 small-vehicle 1
352.0 289.0 368.0 289.0 368.0 305.0 352.0 305.0 small-vehicle 1
323.0 309.0 346.0 309.0 346.0 330.0 323.0 330.0 small-vehicle 1
281.0 348.0 300.0 348.0 300.0 365.0 281.0 365.0 small-vehicle 1
267.0 362.0 286.0 362.0 286.0 380.0 267.0 380.0 small-vehicle 1
237.0 389.0 258.0 389.0 258.0 406.0 237.0 406.0 small-vehicle 1
206.0 305.0 226.0 305.0 226.0 320.0 206.0 320.0 small-vehicle 1
201.0 311.0 223.0 311.0 223.0 329.0 201.0 329.0 small-vehicle 1
193.0 329.0 213.0 329.0 213.0 346.0 193.0 346.0 small-vehicle 1
186.0 338.0 207.0 338.0 207.0 354.0 186.0 354.0 small-vehicle 1
175.0 342.0 195.0 342.0 195.0 358.0 175.0 358.0 small-vehicle 1
170.0 358.0 191.0 358.0 191.0 378.0 170.0 378.0 small-vehicle 1
166.0 367.0 183.0 367.0 183.0 385.0 166.0 385.0 small-vehicle 1
55.0 376.0 63.0 376.0 63.0 394.0 55.0 394.0 small-vehicle 1
41.0 364.0 54.0 364.0 54.0 389.0 41.0 389.0 small-vehicle 1
390.0 253.0 409.0 253.0 409.0 272.0 390.0 272.0 small-vehicle 1
472.0 159.0 494.0 159.0 494.0 179.0 472.0 179.0 small-vehicle 1
423.0 31.0 443.0 31.0 443.0 52.0 423.0 52.0 small-vehicle 1
288.0 147.0 308.0 147.0 308.0 169.0 288.0 169.0 small-vehicle 1
653.0 103.0 671.0 103.0 671.0 122.0 653.0 122.0 small-vehicle 1
646.0 95.0 666.0 95.0 666.0 115.0 646.0 115.0 small-vehicle 1
638.0 89.0 656.0 89.0 656.0 106.0 638.0 106.0 small-vehicle 1
604.0 65.0 622.0 65.0 622.0 83.0 604.0 83.0 small-vehicle 1
582.0 85.0 601.0 85.0 601.0 103.0 582.0 103.0 small-vehicle 1
523.0 23.0 548.0 23.0 548.0 48.0 523.0 48.0 small-vehicle 1
449.0 67.0 479.0 67.0 479.0 97.0 449.0 97.0 large-vehicle 1
439.0 59.0 471.0 59.0 471.0 88.0 439.0 88.0 large-vehicle 1
432.0 53.0 459.0 53.0 459.0 79.0 432.0 79.0 large-vehicle 1
425.0 41.0 456.0 41.0 456.0 69.0 425.0 69.0 large-vehicle 1
366.0 11.0 381.0 11.0 381.0 28.0 366.0 28.0 small-vehicle 1
436.0 88.0 456.0 88.0 456.0 106.0 436.0 106.0 small-vehicle 1
477.0 175.0 497.0 175.0 497.0 194.0 477.0 194.0 small-vehicle 1
534.0 122.0 556.0 122.0 556.0 143.0 534.0 143.0 small-vehicle 1
434.0 213.0 455.0 213.0 455.0 234.0 434.0 234.0 small-vehicle 1
38.0 344.0 57.0 344.0 57.0 362.0 38.0 362.0 small-vehicle 1
24.0 356.0 34.0 356.0 34.0 373.0 24.0 373.0 small-vehicle 1
12.0 347.0 26.0 347.0 26.0 368.0 12.0 368.0 small-vehicle 1
5.0 344.0 13.0 344.0 13.0 362.0 5.0 362.0 small-vehicle 1
372.0 709.0 444.0 709.0 444.0 727.0 372.0 727.0 large-vehicle 1
352.0 697.0 424.0 697.0 424.0 717.0 352.0 717.0 large-vehicle 1
336.0 684.0 412.0 684.0 412.0 705.0 336.0 705.0 large-vehicle 0
321.0 675.0 392.0 675.0 392.0 692.0 321.0 692.0 large-vehicle 0
236.0 612.0 284.0 612.0 284.0 626.0 236.0 626.0 large-vehicle 0
196.0 579.0 244.0 579.0 244.0 595.0 196.0 595.0 large-vehicle 0
451.0 643.0 499.0 643.0 499.0 658.0 451.0 658.0 large-vehicle 0
331.0 558.0 378.0 558.0 378.0 574.0 331.0 574.0 large-vehicle 0
315.0 432.0 364.0 432.0 364.0 459.0 315.0 459.0 large-vehicle 0
616.0 516.0 664.0 516.0 664.0 529.0 616.0 529.0 large-vehicle 0
712.0 455.0 760.0 455.0 760.0 469.0 712.0 469.0 large-vehicle 0
690.0 440.0 739.0 440.0 739.0 456.0 690.0 456.0 large-vehicle 0
705.0 325.0 776.0 325.0 776.0 357.0 705.0 357.0 large-vehicle 0
665.0 298.0 735.0 298.0 735.0 337.0 665.0 337.0 large-vehicle 0
660.0 294.0 707.0 294.0 707.0 326.0 660.0 326.0 large-vehicle 0
397.0 725.0 446.0 725.0 446.0 741.0 397.0 741.0 large-vehicle 0
536.0 691.0 583.0 691.0 583.0 706.0 536.0 706.0 large-vehicle 0
571.0 707.0 619.0 707.0 619.0 723.0 571.0 723.0 large-vehicle 0
259.0 226.0 278.0 226.0 278.0 241.0 259.0 241.0 small-vehicle 1
223.0 281.0 241.0 281.0 241.0 297.0 223.0 297.0 small-vehicle 1
231.0 274.0 246.0 274.0 246.0 292.0 231.0 292.0 small-vehicle 1
233.0 265.0 252.0 265.0 252.0 283.0 233.0 283.0 small-vehicle 1
239.0 257.0 258.0 257.0 258.0 274.0 239.0 274.0 small-vehicle 1
244.0 249.0 263.0 249.0 263.0 266.0 244.0 266.0 small-vehicle 1
255.0 235.0 273.0 235.0 273.0 251.0 255.0 251.0 small-vehicle 1
268.0 208.0 286.0 208.0 286.0 226.0 268.0 226.0 small-vehicle 1
678.0 307.0 750.0 307.0 750.0 347.0 678.0 347.0 large-vehicle 0
241.0 175.0 259.0 175.0 259.0 191.0 241.0 191.0 small-vehicle 1
224.0 161.0 250.0 161.0 250.0 183.0 224.0 183.0 small-vehicle 1
210.0 151.0 234.0 151.0 234.0 174.0 210.0 174.0 small-vehicle 1
197.0 127.0 214.0 127.0 214.0 141.0 197.0 141.0 small-vehicle 1
205.0 106.0 228.0 106.0 228.0 126.0 205.0 126.0 small-vehicle 1
216.0 89.0 238.0 89.0 238.0 110.0 216.0 110.0 small-vehicle 1
661.0 111.0 680.0 111.0 680.0 130.0 661.0 130.0 small-vehicle 1
671.0 123.0 692.0 123.0 692.0 139.0 671.0 139.0 small-vehicle 1
496.0 230.0 519.0 230.0 519.0 253.0 496.0 253.0 small-vehicle 1
596.0 822.0 615.0 822.0 615.0 845.0 596.0 845.0 small-vehicle 1
663.0 811.0 683.0 811.0 683.0 837.0 663.0 837.0 small-vehicle 1
672.0 819.0 691.0 819.0 691.0 842.0 672.0 842.0 small-vehicle 1
683.0 804.0 702.0 804.0 702.0 825.0 683.0 825.0 small-vehicle 1
674.0 796.0 694.0 796.0 694.0 819.0 674.0 819.0 small-vehicle 1
655.0 787.0 675.0 787.0 675.0 810.0 655.0 810.0 small-vehicle 1
637.0 796.0 655.0 796.0 655.0 818.0 637.0 818.0 small-vehicle 1
647.0 802.0 665.0 802.0 665.0 824.0 647.0 824.0 small-vehicle 1
637.0 872.0 658.0 872.0 658.0 894.0 637.0 894.0 small-vehicle 1
649.0 856.0 666.0 856.0 666.0 876.0 649.0 876.0 small-vehicle 1
639.0 849.0 659.0 849.0 659.0 869.0 639.0 869.0 small-vehicle 1
629.0 866.0 650.0 866.0 650.0 887.0 629.0 887.0 small-vehicle 1
622.0 861.0 641.0 861.0 641.0 884.0 622.0 884.0 small-vehicle 1
612.0 856.0 631.0 856.0 631.0 880.0 612.0 880.0 small-vehicle 1
623.0 841.0 643.0 841.0 643.0 862.0 623.0 862.0 small-vehicle 1
614.0 831.0 633.0 831.0 633.0 854.0 614.0 854.0 small-vehicle 1
697.0 843.0 720.0 843.0 720.0 862.0 697.0 862.0 small-vehicle 1
692.0 853.0 713.0 853.0 713.0 872.0 692.0 872.0 small-vehicle 1
688.0 864.0 706.0 864.0 706.0 880.0 688.0 880.0 small-vehicle 1
775.0 59.0 794.0 59.0 794.0 75.0 775.0 75.0 small-vehicle 1
506.0 80.0 523.0 80.0 523.0 100.0 506.0 100.0 small-vehicle 1
223.0 81.0 240.0 81.0 240.0 96.0 223.0 96.0 small-vehicle 1
818.0 763.0 841.0 763.0 841.0 784.0 818.0 784.0 small-vehicle 1
756.0 758.0 776.0 758.0 776.0 784.0 756.0 784.0 small-vehicle 1
842.0 210.0 863.0 210.0 863.0 230.0 842.0 230.0 small-vehicle 1
755.0 216.0 776.0 216.0 776.0 238.0 755.0 238.0 small-vehicle 1
793.0 51.0 811.0 51.0 811.0 72.0 793.0 72.0 small-vehicle 1
683.0 873.0 701.0 873.0 701.0 890.0 683.0 890.0 small-vehicle 1
847.0 8.0 865.0 8.0 865.0 24.0 847.0 24.0 small-vehicle 1
652.0 914.0 673.0 914.0 673.0 932.0 652.0 932.0 small-vehicle 1
659.0 904.0 679.0 904.0 679.0 923.0 659.0 923.0 small-vehicle 1
665.0 898.0 684.0 898.0 684.0 914.0 665.0 914.0 small-vehicle 1
673.0 889.0 688.0 889.0 688.0 906.0 673.0 906.0 small-vehicle 1
677.0 882.0 694.0 882.0 694.0 899.0 677.0 899.0 small-vehicle 1
606.0 827.0 623.0 827.0 623.0 849.0 606.0 849.0 small-vehicle 1
603.0 852.0 621.0 852.0 621.0 875.0 603.0 875.0 small-vehicle 1
503.0 221.0 531.0 221.0 531.0 244.0 503.0 244.0 small-vehicle 1
604.0 905.0 622.0 905.0 622.0 926.0 604.0 926.0 small-vehicle 1
672.0 744.0 692.0 744.0 692.0 767.0 672.0 767.0 small-vehicle 1
695.0 608.0 723.0 608.0 723.0 635.0 695.0 635.0 small-vehicle 1
54.0 600.0 70.0 600.0 70.0 619.0 54.0 619.0 small-vehicle 1
71.0 574.0 88.0 574.0 88.0 592.0 71.0 592.0 small-vehicle 1
86.0 552.0 105.0 552.0 105.0 572.0 86.0 572.0 small-vehicle 1
105.0 532.0 121.0 532.0 121.0 550.0 105.0 550.0 small-vehicle 1
124.0 508.0 141.0 508.0 141.0 528.0 124.0 528.0 small-vehicle 1
139.0 488.0 159.0 488.0 159.0 508.0 139.0 508.0 small-vehicle 1
158.0 468.0 176.0 468.0 176.0 488.0 158.0 488.0 small-vehicle 1
178.0 448.0 196.0 448.0 196.0 467.0 178.0 467.0 small-vehicle 1
674.0 3.0 695.0 3.0 695.0 19.0 674.0 19.0 small-vehicle 1
659.0 15.0 681.0 15.0 681.0 32.0 659.0 32.0 small-vehicle 1
304.0 329.0 322.0 329.0 322.0 347.0 304.0 347.0 small-vehicle 1
549.0 251.0 571.0 251.0 571.0 271.0 549.0 271.0 small-vehicle 1
526.0 235.0 552.0 235.0 552.0 258.0 526.0 258.0 small-vehicle 1
705.0 736.0 719.0 736.0 719.0 754.0 705.0 754.0 small-vehicle 1
714.0 742.0 731.0 742.0 731.0 764.0 714.0 764.0 small-vehicle 1
706.0 765.0 725.0 765.0 725.0 785.0 706.0 785.0 small-vehicle 1
560.0 877.0 581.0 877.0 581.0 899.0 560.0 899.0 small-vehicle 1
578.0 910.0 595.0 910.0 595.0 931.0 578.0 931.0 small-vehicle 1
589.0 894.0 605.0 894.0 605.0 914.0 589.0 914.0 small-vehicle 1
579.0 888.0 598.0 888.0 598.0 908.0 579.0 908.0 small-vehicle 1
567.0 904.0 585.0 904.0 585.0 926.0 567.0 926.0 small-vehicle 1
559.0 898.0 578.0 898.0 578.0 923.0 559.0 923.0 small-vehicle 1
570.0 884.0 588.0 884.0 588.0 902.0 570.0 902.0 small-vehicle 1
549.0 895.0 568.0 895.0 568.0 918.0 549.0 918.0 small-vehicle 1
640.0 775.0 659.0 775.0 659.0 797.0 640.0 797.0 small-vehicle 1
541.0 887.0 559.0 887.0 559.0 910.0 541.0 910.0 small-vehicle 1
552.0 871.0 571.0 871.0 571.0 893.0 552.0 893.0 small-vehicle 1
575.0 834.0 594.0 834.0 594.0 856.0 575.0 856.0 small-vehicle 1
587.0 813.0 608.0 813.0 608.0 838.0 587.0 838.0 small-vehicle 1
612.0 782.0 628.0 782.0 628.0 801.0 612.0 801.0 small-vehicle 1
621.0 784.0 639.0 784.0 639.0 806.0 621.0 806.0 small-vehicle 1
462.0 211.0 504.0 211.0 504.0 251.0 462.0 251.0 large-vehicle 1
