imagesource:GoogleEarth
gsd:0.279076319385
29.0 540.0 50.0 540.0 50.0 560.0 29.0 560.0 small-vehicle 1
22.0 550.0 45.0 550.0 45.0 565.0 22.0 565.0 small-vehicle 1
274.0 270.0 306.0 270.0 306.0 304.0 274.0 304.0 large-vehicle 0
282.0 257.0 313.0 257.0 313.0 292.0 282.0 292.0 large-vehicle 0
292.0 248.0 324.0 248.0 324.0 283.0 292.0 283.0 large-vehicle 0
46.0 456.0 78.0 456.0 78.0 489.0 46.0 489.0 large-vehicle 0
60.0 446.0 92.0 446.0 92.0 481.0 60.0 481.0 large-vehicle 0
70.0 440.0 100.0 440.0 100.0 473.0 70.0 473.0 large-vehicle 0
80.0 431.0 111.0 431.0 111.0 465.0 80.0 465.0 large-vehicle 0
91.0 424.0 120.0 424.0 120.0 457.0 91.0 457.0 large-vehicle 0
99.0 417.0 130.0 417.0 130.0 451.0 99.0 451.0 large-vehicle 0
108.0 408.0 142.0 408.0 142.0 445.0 108.0 445.0 large-vehicle 0
118.0 400.0 151.0 400.0 151.0 436.0 118.0 436.0 large-vehicle 0
88.0 520.0 115.0 520.0 115.0 554.0 88.0 554.0 large-vehicle 0
97.0 510.0 125.0 510.0 125.0 544.0 97.0 544.0 large-vehicle 0
107.0 503.0 136.0 503.0 136.0 536.0 107.0 536.0 large-vehicle 0
118.0 495.0 146.0 495.0 146.0 527.0 118.0 527.0 large-vehicle 0
127.0 486.0 156.0 486.0 156.0 520.0 127.0 520.0 large-vehicle 0
137.0 478.0 166.0 478.0 166.0 512.0 137.0 512.0 large-vehicle 0
147.0 471.0 175.0 471.0 175.0 502.0 147.0 502.0 large-vehicle 0
157.0 462.0 185.0 462.0 185.0 495.0 157.0 495.0 large-vehicle 0
167.0 454.0 196.0 454.0 196.0 487.0 167.0 487.0 large-vehicle 0
178.0 444.0 205.0 444.0 205.0 479.0 178.0 479.0 large-vehicle 0
260.0 276.0 293.0 276.0 293.0 311.0 260.0 311.0 large-vehicle 0
250.0 284.0 283.0 284.0 283.0 319.0 250.0 319.0 large-vehicle 0
234.0 261.0 268.0 261.0 268.0 295.0 234.0 295.0 large-vehicle 0
184.0 203.0 218.0 203.0 218.0 237.0 184.0 237.0 large-vehicle 0
96.0 246.0 135.0 246.0 135.0 262.0 96.0 262.0 large-vehicle 0
95.0 259.0 131.0 259.0 131.0 275.0 95.0 275.0 large-vehicle 0
90.0 270.0 127.0 270.0 127.0 288.0 90.0 288.0 large-vehicle 0
167.0 184.0 203.0 184.0 203.0 217.0 167.0 217.0 large-vehicle 0
191.0 147.0 227.0 147.0 227.0 180.0 191.0 180.0 large-vehicle 0
200.0 156.0 236.0 156.0 236.0 190.0 200.0 190.0 large-vehicle 0
207.0 166.0 243.0 166.0 243.0 198.0 207.0 198.0 large-vehicle 0
177.0 194.0 210.0 194.0 210.0 227.0 177.0 227.0 large-vehicle 0
216.0 175.0 252.0 175.0 252.0 209.0 216.0 209.0 large-vehicle 0
223.0 186.0 260.0 186.0 260.0 218.0 223.0 218.0 large-vehicle 0
227.0 251.0 260.0 251.0 260.0 283.0 227.0 283.0 large-vehicle 0
232.0 194.0 268.0 194.0 268.0 227.0 232.0 227.0 large-vehicle 0
241.0 203.0 276.0 203.0 276.0 237.0 241.0 237.0 large-vehicle 0
248.0 214.0 284.0 214.0 284.0 247.0 248.0 247.0 large-vehicle 0
257.0 223.0 292.0 223.0 292.0 257.0 257.0 257.0 large-vehicle 0
267.0 233.0 301.0 233.0 301.0 267.0 267.0 267.0 large-vehicle 0
192.0 213.0 225.0 213.0 225.0 247.0 192.0 247.0 large-vehicle 0
201.0 223.0 236.0 223.0 236.0 256.0 201.0 256.0 large-vehicle 0
209.0 232.0 243.0 232.0 243.0 265.0 209.0 265.0 large-vehicle 0
217.0 241.0 251.0 241.0 251.0 275.0 217.0 275.0 large-vehicle 0
187.0 437.0 215.0 437.0 215.0 470.0 187.0 470.0 large-vehicle 0
197.0 429.0 225.0 429.0 225.0 461.0 197.0 461.0 large-vehicle 0
207.0 420.0 235.0 420.0 235.0 454.0 207.0 454.0 large-vehicle 0
247.0 661.0 262.0 661.0 262.0 677.0 247.0 677.0 small-vehicle 1
9.0 501.0 26.0 501.0 26.0 518.0 9.0 518.0 small-vehicle 1
1.0 535.0 17.0 535.0 17.0 549.0 1.0 549.0 small-vehicle 1
23.0 560.0 42.0 560.0 42.0 576.0 23.0 576.0 small-vehicle 1
36.0 566.0 54.0 566.0 54.0 584.0 36.0 584.0 small-vehicle 1
46.0 577.0 57.0 577.0 57.0 594.0 46.0 594.0 small-vehicle 1
7.0 595.0 20.0 595.0 20.0 612.0 7.0 612.0 small-vehicle 1
2.0 610.0 13.0 610.0 13.0 628.0 2.0 628.0 small-vehicle 1
141.0 569.0 157.0 569.0 157.0 582.0 141.0 582.0 small-vehicle 1
238.0 616.0 260.0 616.0 260.0 636.0 238.0 636.0 small-vehicle 1
254.0 681.0 271.0 681.0 271.0 702.0 254.0 702.0 small-vehicle 1
291.0 524.0 308.0 524.0 308.0 543.0 291.0 543.0 small-vehicle 1
222.0 664.0 232.0 664.0 232.0 679.0 222.0 679.0 small-vehicle 1
212.0 670.0 221.0 670.0 221.0 688.0 212.0 688.0 small-vehicle 1
46.0 704.0 64.0 704.0 64.0 722.0 46.0 722.0 small-vehicle 1
46.0 675.0 68.0 675.0 68.0 693.0 46.0 693.0 small-vehicle 1
149.0 700.0 166.0 700.0 166.0 721.0 149.0 721.0 small-vehicle 1
384.0 740.0 395.0 740.0 395.0 761.0 384.0 761.0 small-vehicle 1
299.0 562.0 318.0 562.0 318.0 581.0 299.0 581.0 small-vehicle 1
328.0 588.0 348.0 588.0 348.0 608.0 328.0 608.0 small-vehicle 1
342.0 604.0 362.0 604.0 362.0 622.0 342.0 622.0 small-vehicle 1
329.0 544.0 341.0 544.0 341.0 561.0 329.0 561.0 small-vehicle 1
213.0 488.0 232.0 488.0 232.0 507.0 213.0 507.0 small-vehicle 1
216.0 412.0 244.0 412.0 244.0 445.0 216.0 445.0 large-vehicle 0
313.0 162.0 346.0 162.0 346.0 193.0 313.0 193.0 large-vehicle 0
227.0 403.0 256.0 403.0 256.0 436.0 227.0 436.0 large-vehicle 0
238.0 395.0 266.0 395.0 266.0 428.0 238.0 428.0 large-vehicle 0
247.0 386.0 276.0 386.0 276.0 418.0 247.0 418.0 large-vehicle 0
299.0 345.0 327.0 345.0 327.0 376.0 299.0 376.0 large-vehicle 0
308.0 336.0 336.0 336.0 336.0 368.0 308.0 368.0 large-vehicle 0
318.0 328.0 347.0 328.0 347.0 359.0 318.0 359.0 large-vehicle 0
331.0 204.0 361.0 204.0 361.0 239.0 331.0 239.0 large-vehicle 0
325.0 189.0 356.0 189.0 356.0 223.0 325.0 223.0 large-vehicle 0
319.0 176.0 351.0 176.0 351.0 210.0 319.0 210.0 large-vehicle 0
305.0 153.0 339.0 153.0 339.0 183.0 305.0 183.0 large-vehicle 0
356.0 388.0 373.0 388.0 373.0 403.0 356.0 403.0 small-vehicle 1
298.0 142.0 331.0 142.0 331.0 174.0 298.0 174.0 large-vehicle 0
288.0 134.0 322.0 134.0 322.0 165.0 288.0 165.0 large-vehicle 0
280.0 122.0 315.0 122.0 315.0 154.0 280.0 154.0 large-vehicle 0
273.0 113.0 308.0 113.0 308.0 145.0 273.0 145.0 large-vehicle 0
265.0 103.0 301.0 103.0 301.0 134.0 265.0 134.0 large-vehicle 0
258.0 93.0 293.0 93.0 293.0 125.0 258.0 125.0 large-vehicle 0
249.0 84.0 286.0 84.0 286.0 116.0 249.0 116.0 large-vehicle 0
241.0 72.0 279.0 72.0 279.0 104.0 241.0 104.0 large-vehicle 0
376.0 220.0 395.0 220.0 395.0 238.0 376.0 238.0 small-vehicle 1
99.0 230.0 137.0 230.0 137.0 249.0 99.0 249.0 large-vehicle 0
