imagesource:GoogleEarth
gsd:0.286018730398
348.0 10.0 364.0 10.0 364.0 18.0 348.0 18.0 small-vehicle 1
298.0 607.0 305.0 607.0 305.0 626.0 298.0 626.0 small-vehicle 1
325.0 563.0 334.0 563.0 334.0 586.0 325.0 586.0 small-vehicle 1
316.0 566.0 324.0 566.0 324.0 585.0 316.0 585.0 small-vehicle 1
305.0 566.0 314.0 566.0 314.0 583.0 305.0 583.0 small-vehicle 1
296.0 566.0 305.0 566.0 305.0 581.0 296.0 581.0 small-vehicle 1
287.0 566.0 295.0 566.0 295.0 582.0 287.0 582.0 small-vehicle 1
219.0 563.0 227.0 563.0 227.0 582.0 219.0 582.0 small-vehicle 1
208.0 559.0 217.0 559.0 217.0 579.0 208.0 579.0 small-vehicle 1
201.0 562.0 209.0 562.0 209.0 580.0 201.0 580.0 small-vehicle 1
182.0 562.0 191.0 562.0 191.0 583.0 182.0 583.0 small-vehicle 1
23.0 17.0 40.0 17.0 40.0 39.0 23.0 39.0 small-vehicle 1
48.0 26.0 67.0 26.0 67.0 52.0 48.0 52.0 small-vehicle 1
2.0 66.0 16.0 66.0 16.0 91.0 2.0 91.0 small-vehicle 1
11.0 46.0 27.0 46.0 27.0 65.0 11.0 65.0 small-vehicle 1
1.0 840.0 157.0 840.0 157.0 998.0 1.0 998.0 baseball-diamond 0
227.0 706.0 283.0 706.0 283.0 802.0 227.0 802.0 basketball-court 0
172.0 703.0 229.0 703.0 229.0 801.0 172.0 801.0 basketball-court 0
332.0 373.0 374.0 373.0 374.0 397.0 332.0 397.0 tennis-court 0
334.0 329.0 375.0 329.0 375.0 351.0 334.0 351.0 tennis-court 0
282.0 318.0 328.0 318.0 328.0 406.0 282.0 406.0 tennis-court 0
234.0 316.0 278.0 316.0 278.0 405.0 234.0 405.0 tennis-court 0
185.0 316.0 229.0 316.0 229.0 404.0 185.0 404.0 tennis-court 0
335.0 246.0 377.0 246.0 377.0 270.0 335.0 270.0 tennis-court 0
336.0 201.0 378.0 201.0 378.0 225.0 336.0 225.0 tennis-court 0
285.0 191.0 329.0 191.0 329.0 278.0 285.0 278.0 tennis-court 0
235.0 190.0 281.0 190.0 281.0 277.0 235.0 277.0 tennis-court 0
308.0 607.0 317.0 607.0 317.0 626.0 308.0 626.0 small-vehicle 1
260.0 605.0 267.0 605.0 267.0 624.0 260.0 624.0 small-vehicle 1
307.0 7.0 324.0 7.0 324.0 17.0 307.0 17.0 small-vehicle 1
249.0 604.0 258.0 604.0 258.0 624.0 249.0 624.0 small-vehicle 1
284.0 8.0 304.0 8.0 304.0 16.0 284.0 16.0 small-vehicle 1
265.0 8.0 286.0 8.0 286.0 15.0 265.0 15.0 small-vehicle 1
234.0 6.0 254.0 6.0 254.0 15.0 234.0 15.0 small-vehicle 1
206.0 5.0 226.0 5.0 226.0 15.0 206.0 15.0 small-vehicle 1
213.0 1034.0 225.0 1034.0 225.0 1054.0 213.0 1054.0 small-vehicle 1
370.0 920.0 391.0 920.0 391.0 928.0 370.0 928.0 small-vehicle 1
165.0 625.0 176.0 625.0 176.0 644.0 165.0 644.0 small-vehicle 1
201.0 623.0 211.0 623.0 211.0 643.0 201.0 643.0 small-vehicle 1
182.0 624.0 191.0 624.0 191.0 644.0 182.0 644.0 small-vehicle 1
192.0 664.0 201.0 664.0 201.0 684.0 192.0 684.0 small-vehicle 1
173.0 664.0 180.0 664.0 180.0 684.0 173.0 684.0 small-vehicle 1
184.0 665.0 190.0 665.0 190.0 684.0 184.0 684.0 small-vehicle 1
235.0 667.0 242.0 667.0 242.0 686.0 235.0 686.0 small-vehicle 1
243.0 669.0 251.0 669.0 251.0 687.0 243.0 687.0 small-vehicle 1
268.0 669.0 276.0 669.0 276.0 686.0 268.0 686.0 small-vehicle 1
292.0 668.0 300.0 668.0 300.0 687.0 292.0 687.0 small-vehicle 1
303.0 667.0 310.0 667.0 310.0 688.0 303.0 688.0 small-vehicle 1
295.0 625.0 305.0 625.0 305.0 644.0 295.0 644.0 small-vehicle 1
234.0 624.0 244.0 624.0 244.0 644.0 234.0 644.0 small-vehicle 1
211.0 623.0 222.0 623.0 222.0 644.0 211.0 644.0 small-vehicle 1
193.0 604.0 202.0 604.0 202.0 622.0 193.0 622.0 small-vehicle 1
203.0 606.0 211.0 606.0 211.0 622.0 203.0 622.0 small-vehicle 1
277.0 609.0 287.0 609.0 287.0 626.0 277.0 626.0 small-vehicle 1
253.0 625.0 262.0 625.0 262.0 645.0 253.0 645.0 small-vehicle 1
239.0 603.0 250.0 603.0 250.0 622.0 239.0 622.0 small-vehicle 1
186.0 190.0 231.0 190.0 231.0 275.0 186.0 275.0 tennis-court 0
