imagesource:GoogleEarth
gsd:0.247070910936
305.0 807.0 326.0 807.0 326.0 817.0 305.0 817.0 small-vehicle 1
263.0 778.0 284.0 778.0 284.0 785.0 263.0 785.0 small-vehicle 1
1241.0 127.0 1253.0 127.0 1253.0 149.0 1241.0 149.0 small-vehicle 1
1244.0 63.0 1253.0 63.0 1253.0 79.0 1244.0 79.0 small-vehicle 1
1243.0 25.0 1253.0 25.0 1253.0 45.0 1243.0 45.0 small-vehicle 1
1091.0 205.0 1111.0 205.0 1111.0 224.0 1091.0 224.0 small-vehicle 1
772.0 787.0 792.0 787.0 792.0 798.0 772.0 798.0 small-vehicle 1
650.0 784.0 670.0 784.0 670.0 796.0 650.0 796.0 small-vehicle 1
619.0 784.0 645.0 784.0 645.0 796.0 619.0 796.0 small-vehicle 1
414.0 808.0 434.0 808.0 434.0 819.0 414.0 819.0 small-vehicle 1
1133.0 634.0 1185.0 634.0 1185.0 738.0 1133.0 738.0 tennis-court 0
1078.0 633.0 1129.0 633.0 1129.0 737.0 1078.0 737.0 tennis-court 0
1019.0 632.0 1072.0 632.0 1072.0 735.0 1019.0 735.0 tennis-court 0
1082.0 484.0 1133.0 484.0 1133.0 586.0 1082.0 586.0 tennis-court 0
1027.0 483.0 1079.0 483.0 1079.0 586.0 1027.0 586.0 tennis-court 0
337.0 645.0 426.0 645.0 426.0 736.0 337.0 736.0 basketball-court 1
392.0 557.0 517.0 557.0 517.0 681.0 392.0 681.0 basketball-court 0
292.0 460.0 417.0 460.0 417.0 582.0 292.0 582.0 basketball-court 0
229.0 374.0 357.0 374.0 357.0 499.0 229.0 499.0 basketball-court 0
707.0 398.0 903.0 398.0 903.0 581.0 707.0 581.0 baseball-diamond 0
671.0 64.0 816.0 64.0 816.0 203.0 671.0 203.0 baseball-diamond 0
1271.0 109.0 1280.0 109.0 1280.0 132.0 1271.0 132.0 small-vehicle 1
1271.0 81.0 1280.0 81.0 1280.0 100.0 1271.0 100.0 small-vehicle 1
1272.0 49.0 1282.0 49.0 1282.0 70.0 1272.0 70.0 small-vehicle 1
144.0 562.0 166.0 562.0 166.0 571.0 144.0 571.0 small-vehicle 1
1249.0 483.0 1267.0 483.0 1267.0 501.0 1249.0 501.0 small-vehicle 1
1296.0 390.0 1318.0 390.0 1318.0 400.0 1296.0 400.0 small-vehicle 1
947.0 819.0 964.0 819.0 964.0 829.0 947.0 829.0 small-vehicle 1
970.0 820.0 988.0 820.0 988.0 830.0 970.0 830.0 small-vehicle 1
209.0 805.0 228.0 805.0 228.0 815.0 209.0 815.0 small-vehicle 1
505.0 812.0 523.0 812.0 523.0 821.0 505.0 821.0 small-vehicle 1
535.0 812.0 556.0 812.0 556.0 822.0 535.0 822.0 small-vehicle 1
558.0 811.0 583.0 811.0 583.0 825.0 558.0 825.0 small-vehicle 1
484.0 132.0 506.0 132.0 506.0 152.0 484.0 152.0 small-vehicle 1
1272.0 23.0 1283.0 23.0 1283.0 48.0 1272.0 48.0 small-vehicle 1
1071.0 824.0 1091.0 824.0 1091.0 834.0 1071.0 834.0 small-vehicle 1
1378.0 801.0 1396.0 801.0 1396.0 811.0 1378.0 811.0 small-vehicle 1
1226.0 517.0 1248.0 517.0 1248.0 542.0 1226.0 542.0 small-vehicle 1
1269.0 219.0 1277.0 219.0 1277.0 239.0 1269.0 239.0 small-vehicle 1
1269.0 192.0 1277.0 192.0 1277.0 217.0 1269.0 217.0 small-vehicle 1
1323.0 268.0 1332.0 268.0 1332.0 287.0 1323.0 287.0 small-vehicle 1
1271.0 171.0 1278.0 171.0 1278.0 191.0 1271.0 191.0 small-vehicle 1
1271.0 140.0 1280.0 140.0 1280.0 162.0 1271.0 162.0 small-vehicle 1
408.0 268.0 569.0 268.0 569.0 427.0 408.0 427.0 baseball-diamond 0
