imagesource:GoogleEarth
gsd:0.267277817229
345.0 527.0 364.0 527.0 364.0 536.0 345.0 536.0 small-vehicle 1
239.0 533.0 293.0 533.0 293.0 629.0 239.0 629.0 tennis-court 0
340.0 451.0 359.0 451.0 359.0 460.0 340.0 460.0 small-vehicle 1
340.0 441.0 357.0 441.0 357.0 452.0 340.0 452.0 small-vehicle 1
337.0 431.0 358.0 431.0 358.0 442.0 337.0 442.0 small-vehicle 1
339.0 419.0 356.0 419.0 356.0 429.0 339.0 429.0 small-vehicle 1
337.0 409.0 354.0 409.0 354.0 417.0 337.0 417.0 small-vehicle 1
333.0 400.0 353.0 400.0 353.0 409.0 333.0 409.0 small-vehicle 1
331.0 391.0 351.0 391.0 351.0 398.0 331.0 398.0 small-vehicle 1
132.0 694.0 601.0 694.0 601.0 841.0 132.0 841.0 ground-track-field 1
187.0 539.0 241.0 539.0 241.0 634.0 187.0 634.0 tennis-court 0
347.0 535.0 365.0 535.0 365.0 542.0 347.0 542.0 small-vehicle 1
134.0 542.0 189.0 542.0 189.0 640.0 134.0 640.0 tennis-court 0
83.0 547.0 136.0 547.0 136.0 645.0 83.0 645.0 tennis-court 0
237.0 396.0 290.0 396.0 290.0 493.0 237.0 493.0 tennis-court 0
182.0 400.0 237.0 400.0 237.0 497.0 182.0 497.0 tennis-court 0
132.0 406.0 186.0 406.0 186.0 501.0 132.0 501.0 tennis-court 0
79.0 410.0 132.0 410.0 132.0 505.0 79.0 505.0 tennis-court 0
410.0 1.0 531.0 1.0 531.0 102.0 410.0 102.0 baseball-diamond 0
456.0 237.0 558.0 237.0 558.0 306.0 456.0 306.0 basketball-court 0
342.0 461.0 359.0 461.0 359.0 471.0 342.0 471.0 small-vehicle 1
341.0 471.0 358.0 471.0 358.0 481.0 341.0 481.0 small-vehicle 1
340.0 481.0 360.0 481.0 360.0 490.0 340.0 490.0 small-vehicle 1
361.0 427.0 371.0 427.0 371.0 448.0 361.0 448.0 small-vehicle 1
18.0 110.0 28.0 110.0 28.0 138.0 18.0 138.0 small-vehicle 1
20.0 137.0 30.0 137.0 30.0 157.0 20.0 157.0 small-vehicle 1
27.0 221.0 36.0 221.0 36.0 245.0 27.0 245.0 small-vehicle 1
333.0 612.0 344.0 612.0 344.0 630.0 333.0 630.0 small-vehicle 1
351.0 564.0 371.0 564.0 371.0 574.0 351.0 574.0 small-vehicle 1
353.0 572.0 372.0 572.0 372.0 584.0 353.0 584.0 small-vehicle 1
58.0 725.0 69.0 725.0 69.0 744.0 58.0 744.0 small-vehicle 1
42.0 523.0 55.0 523.0 55.0 550.0 42.0 550.0 small-vehicle 1
39.0 448.0 51.0 448.0 51.0 471.0 39.0 471.0 small-vehicle 1
314.0 565.0 323.0 565.0 323.0 585.0 314.0 585.0 small-vehicle 1
305.0 468.0 314.0 468.0 314.0 490.0 305.0 490.0 small-vehicle 1
298.0 393.0 309.0 393.0 309.0 418.0 298.0 418.0 small-vehicle 1
300.0 420.0 311.0 420.0 311.0 442.0 300.0 442.0 small-vehicle 1
303.0 443.0 312.0 443.0 312.0 470.0 303.0 470.0 small-vehicle 1
309.0 517.0 317.0 517.0 317.0 537.0 309.0 537.0 small-vehicle 1
307.0 492.0 319.0 492.0 319.0 514.0 307.0 514.0 small-vehicle 1
383.0 425.0 396.0 425.0 396.0 445.0 383.0 445.0 small-vehicle 1
340.0 246.0 445.0 246.0 445.0 319.0 340.0 319.0 basketball-court 0
