imagesource:GoogleEarth
gsd:0.276182004642
514.0 918.0 535.0 918.0 535.0 929.0 514.0 929.0 small-vehicle 1
155.0 666.0 173.0 666.0 173.0 676.0 155.0 676.0 small-vehicle 1
249.0 123.0 304.0 123.0 304.0 216.0 249.0 216.0 tennis-court 0
157.0 245.0 212.0 245.0 212.0 339.0 157.0 339.0 tennis-court 0
216.0 253.0 271.0 253.0 271.0 347.0 216.0 347.0 tennis-court 0
119.0 376.0 176.0 376.0 176.0 470.0 119.0 470.0 tennis-court 0
178.0 384.0 234.0 384.0 234.0 477.0 178.0 477.0 tennis-court 0
261.0 469.0 285.0 469.0 285.0 510.0 261.0 510.0 large-vehicle 0
191.0 757.0 238.0 757.0 238.0 848.0 191.0 848.0 tennis-court 0
241.0 760.0 288.0 760.0 288.0 850.0 241.0 850.0 tennis-court 0
393.0 737.0 480.0 737.0 480.0 797.0 393.0 797.0 basketball-court 0
392.0 798.0 477.0 798.0 477.0 861.0 392.0 861.0 basketball-court 0
533.0 212.0 552.0 212.0 552.0 230.0 533.0 230.0 small-vehicle 1
551.0 231.0 568.0 231.0 568.0 246.0 551.0 246.0 small-vehicle 1
608.0 224.0 618.0 224.0 618.0 242.0 608.0 242.0 small-vehicle 1
440.0 235.0 457.0 235.0 457.0 255.0 440.0 255.0 small-vehicle 1
275.0 669.0 294.0 669.0 294.0 677.0 275.0 677.0 small-vehicle 1
607.0 866.0 619.0 866.0 619.0 886.0 607.0 886.0 small-vehicle 1
352.0 666.0 371.0 666.0 371.0 677.0 352.0 677.0 small-vehicle 1
493.0 660.0 513.0 660.0 513.0 670.0 493.0 670.0 small-vehicle 1
556.0 661.0 573.0 661.0 573.0 670.0 556.0 670.0 small-vehicle 1
129.0 704.0 148.0 704.0 148.0 720.0 129.0 720.0 small-vehicle 1
142.0 711.0 160.0 711.0 160.0 727.0 142.0 727.0 small-vehicle 1
149.0 724.0 168.0 724.0 168.0 739.0 149.0 739.0 small-vehicle 1
491.0 911.0 501.0 911.0 501.0 934.0 491.0 934.0 small-vehicle 1
568.0 949.0 578.0 949.0 578.0 968.0 568.0 968.0 small-vehicle 1
578.0 948.0 586.0 948.0 586.0 969.0 578.0 969.0 small-vehicle 1
606.0 916.0 617.0 916.0 617.0 935.0 606.0 935.0 small-vehicle 1
451.0 241.0 466.0 241.0 466.0 259.0 451.0 259.0 small-vehicle 1
11.0 477.0 23.0 477.0 23.0 496.0 11.0 496.0 small-vehicle 1
69.0 510.0 82.0 510.0 82.0 531.0 69.0 531.0 small-vehicle 1
145.0 530.0 154.0 530.0 154.0 556.0 145.0 556.0 small-vehicle 1
192.0 115.0 248.0 115.0 248.0 209.0 192.0 209.0 tennis-court 0
