imagesource:GoogleEarth
gsd:0.256253848492
21.0 288.0 41.0 288.0 41.0 299.0 21.0 299.0 small-vehicle 0
647.0 849.0 667.0 849.0 667.0 857.0 647.0 857.0 small-vehicle 1
268.0 232.0 321.0 232.0 321.0 331.0 268.0 331.0 tennis-court 0
322.0 228.0 374.0 228.0 374.0 328.0 322.0 328.0 tennis-court 0
191.0 380.0 245.0 380.0 245.0 479.0 191.0 479.0 tennis-court 0
249.0 377.0 303.0 377.0 303.0 476.0 249.0 476.0 tennis-court 0
307.0 373.0 360.0 373.0 360.0 472.0 307.0 472.0 tennis-court 0
202.0 523.0 255.0 523.0 255.0 623.0 202.0 623.0 tennis-court 0
259.0 519.0 312.0 519.0 312.0 620.0 259.0 620.0 tennis-court 0
316.0 515.0 369.0 515.0 369.0 614.0 316.0 614.0 tennis-court 0
70.0 71.0 146.0 71.0 146.0 191.0 70.0 191.0 basketball-court 0
268.0 1.0 381.0 1.0 381.0 99.0 268.0 99.0 baseball-diamond 0
417.0 172.0 724.0 172.0 724.0 625.0 417.0 625.0 soccer-ball-field 0
686.0 731.0 801.0 731.0 801.0 806.0 686.0 806.0 basketball-court 1
644.0 636.0 655.0 636.0 655.0 655.0 644.0 655.0 small-vehicle 1
653.0 634.0 664.0 634.0 664.0 653.0 653.0 653.0 small-vehicle 1
694.0 841.0 716.0 841.0 716.0 853.0 694.0 853.0 small-vehicle 1
729.0 837.0 750.0 837.0 750.0 849.0 729.0 849.0 small-vehicle 1
749.0 835.0 771.0 835.0 771.0 845.0 749.0 845.0 small-vehicle 1
817.0 826.0 835.0 826.0 835.0 838.0 817.0 838.0 small-vehicle 1
794.0 829.0 813.0 829.0 813.0 840.0 794.0 840.0 small-vehicle 1
771.0 832.0 793.0 832.0 793.0 843.0 771.0 843.0 small-vehicle 1
837.0 824.0 859.0 824.0 859.0 835.0 837.0 835.0 small-vehicle 1
816.0 281.0 828.0 281.0 828.0 301.0 816.0 301.0 small-vehicle 1
778.0 240.0 790.0 240.0 790.0 260.0 778.0 260.0 small-vehicle 1
339.0 839.0 362.0 839.0 362.0 851.0 339.0 851.0 small-vehicle 1
361.0 838.0 386.0 838.0 386.0 849.0 361.0 849.0 small-vehicle 1
388.0 836.0 408.0 836.0 408.0 848.0 388.0 848.0 small-vehicle 1
668.0 845.0 690.0 845.0 690.0 856.0 668.0 856.0 small-vehicle 1
211.0 236.0 267.0 236.0 267.0 335.0 211.0 335.0 tennis-court 0
