imagesource:GoogleEarth
gsd:0.266105625105
583.0 2.0 603.0 2.0 603.0 22.0 583.0 22.0 small-vehicle 1
46.0 16.0 60.0 16.0 60.0 36.0 46.0 36.0 small-vehicle 0
45.0 666.0 65.0 666.0 65.0 676.0 45.0 676.0 small-vehicle 0
41.0 603.0 58.0 603.0 58.0 628.0 41.0 628.0 small-vehicle 0
10.0 15.0 23.0 15.0 23.0 34.0 10.0 34.0 small-vehicle 0
22.0 15.0 35.0 15.0 35.0 34.0 22.0 34.0 small-vehicle 0
40.0 67.0 58.0 67.0 58.0 89.0 40.0 89.0 small-vehicle 0
34.0 16.0 48.0 16.0 48.0 35.0 34.0 35.0 small-vehicle 0
57.0 18.0 72.0 18.0 72.0 43.0 57.0 43.0 small-vehicle 0
16.0 680.0 25.0 680.0 25.0 698.0 16.0 698.0 small-vehicle 0
552.0 432.0 620.0 432.0 620.0 534.0 552.0 534.0 tennis-court 0
502.0 446.0 569.0 446.0 569.0 548.0 502.0 548.0 tennis-court 0
451.0 460.0 519.0 460.0 519.0 561.0 451.0 561.0 tennis-court 0
399.0 474.0 468.0 474.0 468.0 576.0 399.0 576.0 tennis-court 0
350.0 488.0 417.0 488.0 417.0 589.0 350.0 589.0 tennis-court 0
300.0 502.0 366.0 502.0 366.0 605.0 300.0 605.0 tennis-court 0
46.0 681.0 65.0 681.0 65.0 690.0 46.0 690.0 small-vehicle 0
46.0 700.0 67.0 700.0 67.0 712.0 46.0 712.0 small-vehicle 0
429.0 4.0 449.0 4.0 449.0 23.0 429.0 23.0 small-vehicle 1
481.0 6.0 497.0 6.0 497.0 24.0 481.0 24.0 small-vehicle 0
47.0 712.0 70.0 712.0 70.0 725.0 47.0 725.0 small-vehicle 1
123.0 419.0 278.0 419.0 278.0 587.0 123.0 587.0 baseball-diamond 0
401.0 804.0 412.0 804.0 412.0 824.0 401.0 824.0 small-vehicle 0
404.0 785.0 415.0 785.0 415.0 804.0 404.0 804.0 small-vehicle 1
28.0 72.0 45.0 72.0 45.0 90.0 28.0 90.0 small-vehicle 1
497.0 6.0 514.0 6.0 514.0 23.0 497.0 23.0 small-vehicle 0
447.0 6.0 466.0 6.0 466.0 25.0 447.0 25.0 small-vehicle 0
49.0 732.0 68.0 732.0 68.0 744.0 49.0 744.0 small-vehicle 0
595.0 613.0 628.0 613.0 628.0 636.0 595.0 636.0 small-vehicle 0
493.0 709.0 511.0 709.0 511.0 731.0 493.0 731.0 small-vehicle 0
347.0 722.0 368.0 722.0 368.0 737.0 347.0 737.0 small-vehicle 0
7.0 820.0 28.0 820.0 28.0 836.0 7.0 836.0 small-vehicle 0
51.0 756.0 70.0 756.0 70.0 764.0 51.0 764.0 small-vehicle 0
51.0 743.0 69.0 743.0 69.0 753.0 51.0 753.0 small-vehicle 0
344.0 108.0 475.0 108.0 475.0 243.0 344.0 243.0 baseball-diamond 0
