imagesource:GoogleEarth
gsd:0.273465423197
788.0 215.0 807.0 215.0 807.0 236.0 788.0 236.0 small-vehicle 1
731.0 184.0 752.0 184.0 752.0 204.0 731.0 204.0 small-vehicle 1
38.0 191.0 85.0 191.0 85.0 242.0 38.0 242.0 swimming-pool 0
787.0 679.0 806.0 679.0 806.0 699.0 787.0 699.0 small-vehicle 1
723.0 196.0 742.0 196.0 742.0 214.0 723.0 214.0 small-vehicle 1
712.0 209.0 734.0 209.0 734.0 229.0 712.0 229.0 small-vehicle 1
703.0 216.0 723.0 216.0 723.0 237.0 703.0 237.0 small-vehicle 1
696.0 228.0 715.0 228.0 715.0 245.0 696.0 245.0 small-vehicle 1
771.0 225.0 786.0 225.0 786.0 272.0 771.0 272.0 large-vehicle 0
329.0 898.0 565.0 898.0 565.0 1120.0 329.0 1120.0 baseball-diamond 0
154.0 774.0 301.0 774.0 301.0 922.0 154.0 922.0 baseball-diamond 0
642.0 662.0 778.0 662.0 778.0 796.0 642.0 796.0 baseball-diamond 0
530.0 508.0 668.0 508.0 668.0 640.0 530.0 640.0 baseball-diamond 0
184.0 142.0 320.0 142.0 320.0 275.0 184.0 275.0 baseball-diamond 0
