imagesource:GoogleEarth
gsd:0.270880815834
228.0 613.0 260.0 613.0 260.0 634.0 228.0 634.0 small-vehicle 1
437.0 44.0 456.0 44.0 456.0 63.0 437.0 63.0 small-vehicle 1
83.0 135.0 104.0 135.0 104.0 146.0 83.0 146.0 large-vehicle 0
132.0 135.0 155.0 135.0 155.0 148.0 132.0 148.0 small-vehicle 1
173.0 160.0 185.0 160.0 185.0 180.0 173.0 180.0 small-vehicle 1
215.0 161.0 226.0 161.0 226.0 182.0 215.0 182.0 small-vehicle 1
307.0 139.0 326.0 139.0 326.0 150.0 307.0 150.0 small-vehicle 1
331.0 141.0 351.0 141.0 351.0 151.0 331.0 151.0 small-vehicle 1
423.0 122.0 448.0 122.0 448.0 140.0 423.0 140.0 small-vehicle 1
398.0 122.0 417.0 122.0 417.0 134.0 398.0 134.0 small-vehicle 1
396.0 107.0 416.0 107.0 416.0 121.0 396.0 121.0 small-vehicle 1
373.0 101.0 390.0 101.0 390.0 117.0 373.0 117.0 small-vehicle 1
348.0 94.0 370.0 94.0 370.0 112.0 348.0 112.0 small-vehicle 1
330.0 90.0 348.0 90.0 348.0 101.0 330.0 101.0 small-vehicle 1
329.0 54.0 352.0 54.0 352.0 76.0 329.0 76.0 small-vehicle 1
326.0 23.0 348.0 23.0 348.0 40.0 326.0 40.0 small-vehicle 1
227.0 7.0 238.0 7.0 238.0 28.0 227.0 28.0 small-vehicle 1
525.0 20.0 537.0 20.0 537.0 42.0 525.0 42.0 small-vehicle 1
602.0 22.0 611.0 22.0 611.0 42.0 602.0 42.0 small-vehicle 1
446.0 475.0 469.0 475.0 469.0 487.0 446.0 487.0 small-vehicle 1
659.0 631.0 680.0 631.0 680.0 642.0 659.0 642.0 small-vehicle 1
659.0 610.0 680.0 610.0 680.0 621.0 659.0 621.0 small-vehicle 1
248.0 7.0 258.0 7.0 258.0 27.0 248.0 27.0 small-vehicle 1
239.0 6.0 248.0 6.0 248.0 26.0 239.0 26.0 small-vehicle 1
218.0 4.0 229.0 4.0 229.0 24.0 218.0 24.0 small-vehicle 1
62.0 133.0 80.0 133.0 80.0 143.0 62.0 143.0 large-vehicle 0
