imagesource:GoogleEarth
gsd:0.259609841716
290.0 1.0 312.0 1.0 312.0 16.0 290.0 16.0 small-vehicle 1
275.0 1389.0 297.0 1389.0 297.0 1408.0 275.0 1408.0 small-vehicle 1
502.0 3.0 520.0 3.0 520.0 23.0 502.0 23.0 small-vehicle 1
392.0 1185.0 416.0 1185.0 416.0 1211.0 392.0 1211.0 small-vehicle 1
414.0 1304.0 437.0 1304.0 437.0 1322.0 414.0 1322.0 small-vehicle 1
379.0 1301.0 401.0 1301.0 401.0 1318.0 379.0 1318.0 small-vehicle 1
395.0 1315.0 420.0 1315.0 420.0 1335.0 395.0 1335.0 small-vehicle 1
375.0 1329.0 397.0 1329.0 397.0 1347.0 375.0 1347.0 small-vehicle 1
303.0 1345.0 328.0 1345.0 328.0 1365.0 303.0 1365.0 small-vehicle 1
299.0 1374.0 324.0 1374.0 324.0 1394.0 299.0 1394.0 small-vehicle 1
257.0 1376.0 278.0 1376.0 278.0 1394.0 257.0 1394.0 small-vehicle 1
578.0 84.0 596.0 84.0 596.0 105.0 578.0 105.0 small-vehicle 1
235.0 1388.0 258.0 1388.0 258.0 1406.0 235.0 1406.0 small-vehicle 1
213.0 1401.0 238.0 1401.0 238.0 1421.0 213.0 1421.0 small-vehicle 1
123.0 1294.0 140.0 1294.0 140.0 1317.0 123.0 1317.0 small-vehicle 1
1.0 1223.0 23.0 1223.0 23.0 1242.0 1.0 1242.0 small-vehicle 1
77.0 1203.0 98.0 1203.0 98.0 1221.0 77.0 1221.0 small-vehicle 1
56.0 1186.0 80.0 1186.0 80.0 1206.0 56.0 1206.0 small-vehicle 1
104.0 1160.0 125.0 1160.0 125.0 1177.0 104.0 1177.0 small-vehicle 1
122.0 1148.0 144.0 1148.0 144.0 1166.0 122.0 1166.0 small-vehicle 1
538.0 57.0 557.0 57.0 557.0 78.0 538.0 78.0 small-vehicle 1
565.0 104.0 585.0 104.0 585.0 127.0 565.0 127.0 small-vehicle 1
160.0 1122.0 184.0 1122.0 184.0 1142.0 160.0 1142.0 small-vehicle 1
501.0 1356.0 519.0 1356.0 519.0 1379.0 501.0 1379.0 small-vehicle 1
841.0 399.0 860.0 399.0 860.0 415.0 841.0 415.0 small-vehicle 1
994.0 480.0 1017.0 480.0 1017.0 499.0 994.0 499.0 small-vehicle 1
966.0 447.0 986.0 447.0 986.0 464.0 966.0 464.0 small-vehicle 1
960.0 434.0 984.0 434.0 984.0 452.0 960.0 452.0 small-vehicle 1
835.0 476.0 856.0 476.0 856.0 500.0 835.0 500.0 small-vehicle 1
811.0 458.0 829.0 458.0 829.0 480.0 811.0 480.0 small-vehicle 1
849.0 499.0 868.0 499.0 868.0 519.0 849.0 519.0 small-vehicle 1
541.0 1379.0 558.0 1379.0 558.0 1399.0 541.0 1399.0 small-vehicle 1
490.0 1339.0 508.0 1339.0 508.0 1360.0 490.0 1360.0 small-vehicle 1
580.0 126.0 599.0 126.0 599.0 150.0 580.0 150.0 small-vehicle 1
485.0 1304.0 504.0 1304.0 504.0 1325.0 485.0 1325.0 small-vehicle 1
723.0 354.0 745.0 354.0 745.0 379.0 723.0 379.0 small-vehicle 1
759.0 353.0 777.0 353.0 777.0 374.0 759.0 374.0 small-vehicle 1
748.0 335.0 767.0 335.0 767.0 359.0 748.0 359.0 small-vehicle 1
730.0 309.0 749.0 309.0 749.0 331.0 730.0 331.0 small-vehicle 1
717.0 287.0 734.0 287.0 734.0 307.0 717.0 307.0 small-vehicle 1
706.0 26.0 732.0 26.0 732.0 48.0 706.0 48.0 small-vehicle 1
494.0 188.0 510.0 188.0 510.0 206.0 494.0 206.0 small-vehicle 1
142.0 1136.0 163.0 1136.0 163.0 1155.0 142.0 1155.0 small-vehicle 1
201.0 1125.0 222.0 1125.0 222.0 1143.0 201.0 1143.0 small-vehicle 1
540.0 1.0 558.0 1.0 558.0 23.0 540.0 23.0 small-vehicle 1
966.0 1003.0 1106.0 1003.0 1106.0 1140.0 966.0 1140.0 baseball-diamond 0
337.0 30.0 355.0 30.0 355.0 51.0 337.0 51.0 small-vehicle 1
255.0 78.0 271.0 78.0 271.0 96.0 255.0 96.0 small-vehicle 1
250.0 87.0 262.0 87.0 262.0 102.0 250.0 102.0 small-vehicle 1
269.0 12.0 291.0 12.0 291.0 30.0 269.0 30.0 small-vehicle 1
136.0 155.0 153.0 155.0 153.0 176.0 136.0 176.0 small-vehicle 1
123.0 162.0 142.0 162.0 142.0 185.0 123.0 185.0 small-vehicle 1
59.0 144.0 79.0 144.0 79.0 161.0 59.0 161.0 small-vehicle 1
78.0 133.0 97.0 133.0 97.0 150.0 78.0 150.0 small-vehicle 1
1187.0 1306.0 1286.0 1306.0 1286.0 1389.0 1187.0 1389.0 tennis-court 0
434.0 225.0 453.0 225.0 453.0 246.0 434.0 246.0 small-vehicle 1
1157.0 1259.0 1257.0 1259.0 1257.0 1342.0 1157.0 1342.0 tennis-court 0
694.0 554.0 827.0 554.0 827.0 685.0 694.0 685.0 baseball-diamond 0
834.0 836.0 1010.0 836.0 1010.0 1016.0 834.0 1016.0 baseball-diamond 0
296.0 771.0 506.0 771.0 506.0 983.0 296.0 983.0 baseball-diamond 0
476.0 1083.0 640.0 1083.0 640.0 1250.0 476.0 1250.0 baseball-diamond 0
773.0 1212.0 880.0 1212.0 880.0 1306.0 773.0 1306.0 basketball-court 0
740.0 1159.0 847.0 1159.0 847.0 1252.0 740.0 1252.0 basketball-court 0
100.0 474.0 263.0 474.0 263.0 638.0 100.0 638.0 baseball-diamond 0
59.0 221.0 77.0 221.0 77.0 242.0 59.0 242.0 small-vehicle 1
462.0 205.0 479.0 205.0 479.0 224.0 462.0 224.0 small-vehicle 1
253.0 1092.0 275.0 1092.0 275.0 1111.0 253.0 1111.0 small-vehicle 1
33.0 889.0 57.0 889.0 57.0 909.0 33.0 909.0 small-vehicle 1
273.0 1081.0 295.0 1081.0 295.0 1098.0 273.0 1098.0 small-vehicle 1
349.0 1095.0 367.0 1095.0 367.0 1115.0 349.0 1115.0 small-vehicle 1
301.0 993.0 319.0 993.0 319.0 1014.0 301.0 1014.0 small-vehicle 1
281.0 1005.0 299.0 1005.0 299.0 1026.0 281.0 1026.0 small-vehicle 1
125.0 983.0 146.0 983.0 146.0 1002.0 125.0 1002.0 small-vehicle 1
84.0 1010.0 100.0 1010.0 100.0 1029.0 84.0 1029.0 small-vehicle 1
4.0 934.0 27.0 934.0 27.0 953.0 4.0 953.0 small-vehicle 1
11.0 904.0 33.0 904.0 33.0 922.0 11.0 922.0 small-vehicle 1
72.0 867.0 93.0 867.0 93.0 884.0 72.0 884.0 small-vehicle 1
14.0 558.0 27.0 558.0 27.0 572.0 14.0 572.0 small-vehicle 1
87.0 883.0 109.0 883.0 109.0 903.0 87.0 903.0 small-vehicle 1
190.0 858.0 209.0 858.0 209.0 880.0 190.0 880.0 small-vehicle 1
120.0 865.0 139.0 865.0 139.0 883.0 120.0 883.0 small-vehicle 1
112.0 841.0 136.0 841.0 136.0 861.0 112.0 861.0 small-vehicle 1
140.0 780.0 158.0 780.0 158.0 799.0 140.0 799.0 small-vehicle 1
112.0 733.0 130.0 733.0 130.0 756.0 112.0 756.0 small-vehicle 1
122.0 708.0 141.0 708.0 141.0 730.0 122.0 730.0 small-vehicle 1
66.0 618.0 86.0 618.0 86.0 640.0 66.0 640.0 small-vehicle 1
871.0 391.0 895.0 391.0 895.0 412.0 871.0 412.0 small-vehicle 1
971.0 329.0 996.0 329.0 996.0 348.0 971.0 348.0 small-vehicle 1
992.0 317.0 1017.0 317.0 1017.0 336.0 992.0 336.0 small-vehicle 1
1253.0 1206.0 1271.0 1206.0 1271.0 1228.0 1253.0 1228.0 small-vehicle 1
1215.0 804.0 1238.0 804.0 1238.0 823.0 1215.0 823.0 small-vehicle 1
1176.0 803.0 1198.0 803.0 1198.0 821.0 1176.0 821.0 small-vehicle 1
1188.0 822.0 1210.0 822.0 1210.0 841.0 1188.0 841.0 small-vehicle 1
1226.0 966.0 1244.0 966.0 1244.0 985.0 1226.0 985.0 small-vehicle 1
1198.0 987.0 1213.0 987.0 1213.0 1005.0 1198.0 1005.0 small-vehicle 1
1278.0 1185.0 1297.0 1185.0 1297.0 1205.0 1278.0 1205.0 small-vehicle 1
1283.0 1251.0 1302.0 1251.0 1302.0 1274.0 1283.0 1274.0 small-vehicle 1
1265.0 1224.0 1284.0 1224.0 1284.0 1246.0 1265.0 1246.0 small-vehicle 1
1240.0 1185.0 1262.0 1185.0 1262.0 1208.0 1240.0 1208.0 small-vehicle 1
1232.0 767.0 1255.0 767.0 1255.0 786.0 1232.0 786.0 small-vehicle 1
1260.0 1155.0 1280.0 1155.0 1280.0 1177.0 1260.0 1177.0 small-vehicle 1
1246.0 1134.0 1265.0 1134.0 1265.0 1154.0 1246.0 1154.0 small-vehicle 1
1228.0 1164.0 1246.0 1164.0 1246.0 1188.0 1228.0 1188.0 small-vehicle 1
1213.0 1143.0 1233.0 1143.0 1233.0 1165.0 1213.0 1165.0 small-vehicle 1
1177.0 1083.0 1196.0 1083.0 1196.0 1105.0 1177.0 1105.0 small-vehicle 1
1188.0 1043.0 1206.0 1043.0 1206.0 1062.0 1188.0 1062.0 small-vehicle 1
1173.0 1016.0 1189.0 1016.0 1189.0 1036.0 1173.0 1036.0 small-vehicle 1
1150.0 1041.0 1169.0 1041.0 1169.0 1060.0 1150.0 1060.0 small-vehicle 1
1243.0 785.0 1266.0 785.0 1266.0 805.0 1243.0 805.0 small-vehicle 1
1285.0 528.0 1304.0 528.0 1304.0 549.0 1285.0 549.0 small-vehicle 1
988.0 308.0 1006.0 308.0 1006.0 324.0 988.0 324.0 small-vehicle 1
1262.0 150.0 1283.0 150.0 1283.0 167.0 1262.0 167.0 small-vehicle 1
319.0 1170.0 338.0 1170.0 338.0 1190.0 319.0 1190.0 small-vehicle 1
136.0 1166.0 157.0 1166.0 157.0 1183.0 136.0 1183.0 small-vehicle 1
116.0 1179.0 138.0 1179.0 138.0 1196.0 116.0 1196.0 small-vehicle 1
916.0 232.0 942.0 232.0 942.0 253.0 916.0 253.0 small-vehicle 1
1248.0 233.0 1270.0 233.0 1270.0 251.0 1248.0 251.0 small-vehicle 1
1209.0 978.0 1233.0 978.0 1233.0 999.0 1209.0 999.0 small-vehicle 1
302.0 1214.0 324.0 1214.0 324.0 1236.0 302.0 1236.0 small-vehicle 1
855.0 161.0 876.0 161.0 876.0 178.0 855.0 178.0 small-vehicle 1
1278.0 272.0 1295.0 272.0 1295.0 291.0 1278.0 291.0 small-vehicle 1
1252.0 517.0 1270.0 517.0 1270.0 539.0 1252.0 539.0 small-vehicle 1
1180.0 358.0 1199.0 358.0 1199.0 382.0 1180.0 382.0 small-vehicle 1
1193.0 378.0 1211.0 378.0 1211.0 400.0 1193.0 400.0 small-vehicle 1
1173.0 390.0 1192.0 390.0 1192.0 413.0 1173.0 413.0 small-vehicle 1
1187.0 411.0 1206.0 411.0 1206.0 432.0 1187.0 432.0 small-vehicle 1
1201.0 432.0 1220.0 432.0 1220.0 455.0 1201.0 455.0 small-vehicle 1
1232.0 441.0 1251.0 441.0 1251.0 465.0 1232.0 465.0 small-vehicle 1
1224.0 472.0 1243.0 472.0 1243.0 493.0 1224.0 493.0 small-vehicle 1
1257.0 481.0 1275.0 481.0 1275.0 503.0 1257.0 503.0 small-vehicle 1
1127.0 1003.0 1147.0 1003.0 1147.0 1025.0 1127.0 1025.0 small-vehicle 1
1115.0 985.0 1133.0 985.0 1133.0 1007.0 1115.0 1007.0 small-vehicle 1
1101.0 960.0 1122.0 960.0 1122.0 986.0 1101.0 986.0 small-vehicle 1
993.0 99.0 1011.0 99.0 1011.0 121.0 993.0 121.0 small-vehicle 1
1121.0 305.0 1139.0 305.0 1139.0 327.0 1121.0 327.0 small-vehicle 1
1097.0 160.0 1119.0 160.0 1119.0 179.0 1097.0 179.0 small-vehicle 1
1049.0 191.0 1068.0 191.0 1068.0 215.0 1049.0 215.0 small-vehicle 1
1021.0 141.0 1045.0 141.0 1045.0 168.0 1021.0 168.0 small-vehicle 1
1057.0 98.0 1075.0 98.0 1075.0 114.0 1057.0 114.0 small-vehicle 1
948.0 27.0 966.0 27.0 966.0 48.0 948.0 48.0 small-vehicle 1
786.0 152.0 807.0 152.0 807.0 172.0 786.0 172.0 small-vehicle 1
962.0 51.0 980.0 51.0 980.0 72.0 962.0 72.0 small-vehicle 1
898.0 199.0 916.0 199.0 916.0 216.0 898.0 216.0 small-vehicle 1
1137.0 959.0 1157.0 959.0 1157.0 983.0 1137.0 983.0 small-vehicle 1
926.0 252.0 952.0 252.0 952.0 273.0 926.0 273.0 ship 1
939.0 260.0 960.0 260.0 960.0 277.0 939.0 277.0 small-vehicle 1
907.0 225.0 927.0 225.0 927.0 244.0 907.0 244.0 small-vehicle 1
883.0 208.0 903.0 208.0 903.0 224.0 883.0 224.0 small-vehicle 1
834.0 223.0 854.0 223.0 854.0 240.0 834.0 240.0 small-vehicle 1
848.0 230.0 869.0 230.0 869.0 246.0 848.0 246.0 small-vehicle 1
851.0 259.0 873.0 259.0 873.0 278.0 851.0 278.0 small-vehicle 1
878.0 295.0 902.0 295.0 902.0 315.0 878.0 315.0 small-vehicle 1
1131.0 325.0 1151.0 325.0 1151.0 347.0 1131.0 347.0 small-vehicle 1
1145.0 346.0 1165.0 346.0 1165.0 368.0 1145.0 368.0 small-vehicle 1
1149.0 306.0 1167.0 306.0 1167.0 328.0 1149.0 328.0 small-vehicle 1
1138.0 289.0 1156.0 289.0 1156.0 304.0 1138.0 304.0 small-vehicle 1
1119.0 930.0 1140.0 930.0 1140.0 958.0 1119.0 958.0 small-vehicle 1
1080.0 926.0 1100.0 926.0 1100.0 949.0 1080.0 949.0 small-vehicle 1
1050.0 821.0 1070.0 821.0 1070.0 844.0 1050.0 844.0 small-vehicle 1
1144.0 823.0 1165.0 823.0 1165.0 841.0 1144.0 841.0 small-vehicle 1
1057.0 753.0 1072.0 753.0 1072.0 774.0 1057.0 774.0 small-vehicle 1
1079.0 739.0 1097.0 739.0 1097.0 758.0 1079.0 758.0 small-vehicle 1
1139.0 698.0 1158.0 698.0 1158.0 718.0 1139.0 718.0 small-vehicle 1
1105.0 662.0 1125.0 662.0 1125.0 680.0 1105.0 680.0 small-vehicle 1
1082.0 624.0 1104.0 624.0 1104.0 642.0 1082.0 642.0 small-vehicle 1
1073.0 620.0 1092.0 620.0 1092.0 636.0 1073.0 636.0 small-vehicle 1
1076.0 591.0 1096.0 591.0 1096.0 608.0 1076.0 608.0 small-vehicle 1
1056.0 593.0 1076.0 593.0 1076.0 610.0 1056.0 610.0 small-vehicle 1
1110.0 564.0 1130.0 564.0 1130.0 581.0 1110.0 581.0 small-vehicle 1
1082.0 511.0 1102.0 511.0 1102.0 528.0 1082.0 528.0 small-vehicle 1
1076.0 500.0 1096.0 500.0 1096.0 516.0 1076.0 516.0 small-vehicle 1
1027.0 429.0 1051.0 429.0 1051.0 449.0 1027.0 449.0 small-vehicle 1
1020.0 420.0 1046.0 420.0 1046.0 443.0 1020.0 443.0 small-vehicle 1
486.0 229.0 642.0 229.0 642.0 385.0 486.0 385.0 baseball-diamond 0
