imagesource:GoogleEarth
gsd:0.255975720394
692.0 89.0 708.0 89.0 708.0 107.0 692.0 107.0 storage-tank 0
134.0 40.0 154.0 40.0 154.0 61.0 134.0 61.0 small-vehicle 1
350.0 490.0 398.0 490.0 398.0 542.0 350.0 542.0 large-vehicle 0
402.0 440.0 456.0 440.0 456.0 500.0 402.0 500.0 large-vehicle 0
413.0 433.0 466.0 433.0 466.0 490.0 413.0 490.0 large-vehicle 0
437.0 416.0 484.0 416.0 484.0 468.0 437.0 468.0 large-vehicle 0
441.0 399.0 496.0 399.0 496.0 456.0 441.0 456.0 large-vehicle 0
480.0 378.0 528.0 378.0 528.0 430.0 480.0 430.0 large-vehicle 0
456.0 394.0 505.0 394.0 505.0 446.0 456.0 446.0 large-vehicle 0
463.0 382.0 518.0 382.0 518.0 439.0 463.0 439.0 large-vehicle 0
484.0 363.0 539.0 363.0 539.0 420.0 484.0 420.0 large-vehicle 0
531.0 326.0 583.0 326.0 583.0 385.0 531.0 385.0 large-vehicle 0
541.0 320.0 590.0 320.0 590.0 370.0 541.0 370.0 large-vehicle 0
555.0 307.0 609.0 307.0 609.0 353.0 555.0 353.0 large-vehicle 0
585.0 259.0 639.0 259.0 639.0 303.0 585.0 303.0 large-vehicle 0
593.0 247.0 648.0 247.0 648.0 292.0 593.0 292.0 large-vehicle 0
602.0 236.0 656.0 236.0 656.0 282.0 602.0 282.0 large-vehicle 0
613.0 225.0 666.0 225.0 666.0 271.0 613.0 271.0 large-vehicle 0
621.0 214.0 675.0 214.0 675.0 260.0 621.0 260.0 large-vehicle 0
50.0 48.0 70.0 48.0 70.0 68.0 50.0 68.0 small-vehicle 1
29.0 66.0 50.0 66.0 50.0 86.0 29.0 86.0 small-vehicle 1
172.0 3.0 193.0 3.0 193.0 23.0 172.0 23.0 small-vehicle 1
163.0 10.0 186.0 10.0 186.0 33.0 163.0 33.0 small-vehicle 1
156.0 17.0 177.0 17.0 177.0 39.0 156.0 39.0 small-vehicle 1
149.0 25.0 171.0 25.0 171.0 48.0 149.0 48.0 small-vehicle 1
340.0 500.0 387.0 500.0 387.0 550.0 340.0 550.0 large-vehicle 0
326.0 506.0 374.0 506.0 374.0 557.0 326.0 557.0 large-vehicle 0
315.0 515.0 362.0 515.0 362.0 566.0 315.0 566.0 large-vehicle 0
274.0 335.0 328.0 335.0 328.0 393.0 274.0 393.0 large-vehicle 0
213.0 198.0 260.0 198.0 260.0 248.0 213.0 248.0 large-vehicle 0
239.0 171.0 286.0 171.0 286.0 220.0 239.0 220.0 large-vehicle 0
247.0 160.0 299.0 160.0 299.0 213.0 247.0 213.0 large-vehicle 0
264.0 159.0 308.0 159.0 308.0 203.0 264.0 203.0 large-vehicle 0
361.0 116.0 408.0 116.0 408.0 161.0 361.0 161.0 large-vehicle 0
370.0 127.0 418.0 127.0 418.0 172.0 370.0 172.0 large-vehicle 0
339.0 228.0 388.0 228.0 388.0 273.0 339.0 273.0 large-vehicle 0
350.0 240.0 399.0 240.0 399.0 286.0 350.0 286.0 large-vehicle 0
373.0 264.0 420.0 264.0 420.0 308.0 373.0 308.0 large-vehicle 0
381.0 274.0 430.0 274.0 430.0 320.0 381.0 320.0 large-vehicle 0
637.0 206.0 686.0 206.0 686.0 246.0 637.0 246.0 large-vehicle 0
305.0 524.0 350.0 524.0 350.0 575.0 305.0 575.0 large-vehicle 0
632.0 106.0 678.0 106.0 678.0 159.0 632.0 159.0 large-vehicle 0
643.0 110.0 692.0 110.0 692.0 167.0 643.0 167.0 large-vehicle 0
368.0 468.0 420.0 468.0 420.0 523.0 368.0 523.0 large-vehicle 0
376.0 458.0 431.0 458.0 431.0 515.0 376.0 515.0 large-vehicle 0
422.0 421.0 474.0 421.0 474.0 476.0 422.0 476.0 large-vehicle 0
272.0 553.0 318.0 553.0 318.0 605.0 272.0 605.0 large-vehicle 0
283.0 545.0 331.0 545.0 331.0 597.0 283.0 597.0 large-vehicle 0
249.0 573.0 295.0 573.0 295.0 623.0 249.0 623.0 large-vehicle 0
260.0 561.0 307.0 561.0 307.0 613.0 260.0 613.0 large-vehicle 0
294.0 535.0 341.0 535.0 341.0 588.0 294.0 588.0 large-vehicle 0
140.0 34.0 160.0 34.0 160.0 54.0 140.0 54.0 small-vehicle 1
112.0 65.0 132.0 65.0 132.0 86.0 112.0 86.0 small-vehicle 1
703.0 77.0 718.0 77.0 718.0 93.0 703.0 93.0 storage-tank 0
98.0 81.0 118.0 81.0 118.0 104.0 98.0 104.0 small-vehicle 1
47.0 210.0 70.0 210.0 70.0 234.0 47.0 234.0 small-vehicle 0
30.0 224.0 55.0 224.0 55.0 247.0 30.0 247.0 small-vehicle 0
14.0 238.0 39.0 238.0 39.0 261.0 14.0 261.0 small-vehicle 0
63.0 482.0 85.0 482.0 85.0 502.0 63.0 502.0 small-vehicle 0
77.0 497.0 98.0 497.0 98.0 517.0 77.0 517.0 small-vehicle 0
31.0 568.0 49.0 568.0 49.0 588.0 31.0 588.0 small-vehicle 0
17.0 555.0 38.0 555.0 38.0 578.0 17.0 578.0 small-vehicle 1
7.0 549.0 26.0 549.0 26.0 568.0 7.0 568.0 small-vehicle 1
46.0 466.0 66.0 466.0 66.0 488.0 46.0 488.0 small-vehicle 1
7.0 431.0 27.0 431.0 27.0 454.0 7.0 454.0 small-vehicle 1
248.0 466.0 270.0 466.0 270.0 488.0 248.0 488.0 small-vehicle 1
274.0 441.0 297.0 441.0 297.0 463.0 274.0 463.0 small-vehicle 1
226.0 565.0 247.0 565.0 247.0 585.0 226.0 585.0 small-vehicle 1
691.0 31.0 712.0 31.0 712.0 52.0 691.0 52.0 storage-tank 0
679.0 46.0 697.0 46.0 697.0 64.0 679.0 64.0 storage-tank 0
670.0 59.0 687.0 59.0 687.0 76.0 670.0 76.0 storage-tank 0
651.0 85.0 661.0 85.0 661.0 96.0 651.0 96.0 storage-tank 1
643.0 97.0 653.0 97.0 653.0 108.0 643.0 108.0 storage-tank 1
632.0 105.0 649.0 105.0 649.0 123.0 632.0 123.0 storage-tank 0
625.0 118.0 642.0 118.0 642.0 136.0 625.0 136.0 storage-tank 0
619.0 131.0 635.0 131.0 635.0 149.0 619.0 149.0 storage-tank 0
722.0 50.0 737.0 50.0 737.0 66.0 722.0 66.0 storage-tank 0
713.0 61.0 729.0 61.0 729.0 79.0 713.0 79.0 storage-tank 0
55.0 202.0 77.0 202.0 77.0 224.0 55.0 224.0 small-vehicle 0
64.0 198.0 85.0 198.0 85.0 217.0 64.0 217.0 small-vehicle 1
69.0 184.0 91.0 184.0 91.0 206.0 69.0 206.0 small-vehicle 1
195.0 53.0 218.0 53.0 218.0 75.0 195.0 75.0 small-vehicle 1
89.0 88.0 111.0 88.0 111.0 110.0 89.0 110.0 small-vehicle 1
82.0 95.0 101.0 95.0 101.0 117.0 82.0 117.0 small-vehicle 1
75.0 103.0 97.0 103.0 97.0 128.0 75.0 128.0 small-vehicle 1
68.0 112.0 90.0 112.0 90.0 134.0 68.0 134.0 small-vehicle 1
61.0 121.0 84.0 121.0 84.0 143.0 61.0 143.0 small-vehicle 1
54.0 128.0 76.0 128.0 76.0 150.0 54.0 150.0 small-vehicle 1
39.0 144.0 61.0 144.0 61.0 165.0 39.0 165.0 small-vehicle 1
32.0 152.0 53.0 152.0 53.0 174.0 32.0 174.0 small-vehicle 1
17.0 166.0 39.0 166.0 39.0 191.0 17.0 191.0 small-vehicle 1
201.0 45.0 223.0 45.0 223.0 65.0 201.0 65.0 small-vehicle 1
189.0 64.0 208.0 64.0 208.0 82.0 189.0 82.0 small-vehicle 1
83.0 170.0 106.0 170.0 106.0 192.0 83.0 192.0 small-vehicle 1
181.0 71.0 203.0 71.0 203.0 90.0 181.0 90.0 small-vehicle 1
172.0 77.0 195.0 77.0 195.0 98.0 172.0 98.0 small-vehicle 1
156.0 92.0 181.0 92.0 181.0 114.0 156.0 114.0 small-vehicle 1
153.0 102.0 173.0 102.0 173.0 120.0 153.0 120.0 small-vehicle 1
144.0 110.0 166.0 110.0 166.0 129.0 144.0 129.0 small-vehicle 1
137.0 119.0 158.0 119.0 158.0 138.0 137.0 138.0 small-vehicle 1
123.0 133.0 142.0 133.0 142.0 153.0 123.0 153.0 small-vehicle 1
113.0 139.0 136.0 139.0 136.0 162.0 113.0 162.0 small-vehicle 1
106.0 147.0 132.0 147.0 132.0 171.0 106.0 171.0 small-vehicle 1
92.0 163.0 112.0 163.0 112.0 185.0 92.0 185.0 small-vehicle 1
194.0 214.0 246.0 214.0 246.0 268.0 194.0 268.0 large-vehicle 0
