imagesource:GoogleEarth
gsd:0.258216345069
1070.0 612.0 1089.0 612.0 1089.0 635.0 1070.0 635.0 small-vehicle 1
229.0 327.0 246.0 327.0 246.0 346.0 229.0 346.0 small-vehicle 1
68.0 303.0 104.0 303.0 104.0 333.0 68.0 333.0 large-vehicle 1
77.0 292.0 110.0 292.0 110.0 321.0 77.0 321.0 large-vehicle 1
83.0 431.0 102.0 431.0 102.0 452.0 83.0 452.0 small-vehicle 1
33.0 492.0 56.0 492.0 56.0 514.0 33.0 514.0 small-vehicle 1
108.0 482.0 128.0 482.0 128.0 503.0 108.0 503.0 small-vehicle 1
74.0 523.0 93.0 523.0 93.0 543.0 74.0 543.0 small-vehicle 1
131.0 451.0 152.0 451.0 152.0 474.0 131.0 474.0 small-vehicle 1
180.0 389.0 200.0 389.0 200.0 410.0 180.0 410.0 small-vehicle 1
135.0 649.0 153.0 649.0 153.0 667.0 135.0 667.0 small-vehicle 1
97.0 669.0 121.0 669.0 121.0 691.0 97.0 691.0 small-vehicle 1
119.0 686.0 143.0 686.0 143.0 707.0 119.0 707.0 small-vehicle 1
207.0 755.0 231.0 755.0 231.0 775.0 207.0 775.0 small-vehicle 1
232.0 772.0 253.0 772.0 253.0 792.0 232.0 792.0 small-vehicle 1
254.0 790.0 276.0 790.0 276.0 809.0 254.0 809.0 small-vehicle 1
259.0 746.0 281.0 746.0 281.0 766.0 259.0 766.0 small-vehicle 1
309.0 785.0 331.0 785.0 331.0 804.0 309.0 804.0 small-vehicle 1
292.0 820.0 318.0 820.0 318.0 843.0 292.0 843.0 small-vehicle 1
210.0 881.0 228.0 881.0 228.0 902.0 210.0 902.0 small-vehicle 1
12.0 843.0 30.0 843.0 30.0 865.0 12.0 865.0 small-vehicle 1
327.0 848.0 349.0 848.0 349.0 867.0 327.0 867.0 small-vehicle 1
351.0 867.0 374.0 867.0 374.0 888.0 351.0 888.0 small-vehicle 1
393.0 882.0 417.0 882.0 417.0 905.0 393.0 905.0 small-vehicle 1
440.0 886.0 464.0 886.0 464.0 910.0 440.0 910.0 small-vehicle 1
481.0 920.0 504.0 920.0 504.0 939.0 481.0 939.0 small-vehicle 1
501.0 935.0 524.0 935.0 524.0 959.0 501.0 959.0 small-vehicle 1
378.0 839.0 399.0 839.0 399.0 858.0 378.0 858.0 small-vehicle 1
591.0 1006.0 615.0 1006.0 615.0 1025.0 591.0 1025.0 small-vehicle 1
179.0 328.0 204.0 328.0 204.0 355.0 179.0 355.0 large-vehicle 1
193.0 291.0 212.0 291.0 212.0 310.0 193.0 310.0 small-vehicle 1
437.0 1067.0 457.0 1067.0 457.0 1090.0 437.0 1090.0 small-vehicle 1
256.0 292.0 273.0 292.0 273.0 311.0 256.0 311.0 small-vehicle 1
583.0 584.0 739.0 584.0 739.0 737.0 583.0 737.0 baseball-diamond 0
725.0 418.0 861.0 418.0 861.0 556.0 725.0 556.0 baseball-diamond 0
425.0 211.0 591.0 211.0 591.0 380.0 425.0 380.0 baseball-diamond 0
205.0 507.0 427.0 507.0 427.0 729.0 205.0 729.0 baseball-diamond 0
170.0 6.0 188.0 6.0 188.0 23.0 170.0 23.0 small-vehicle 1
183.0 12.0 204.0 12.0 204.0 35.0 183.0 35.0 small-vehicle 1
205.0 64.0 227.0 64.0 227.0 84.0 205.0 84.0 small-vehicle 1
265.0 115.0 288.0 115.0 288.0 134.0 265.0 134.0 small-vehicle 1
235.0 91.0 258.0 91.0 258.0 112.0 235.0 112.0 small-vehicle 1
350.0 87.0 370.0 87.0 370.0 109.0 350.0 109.0 small-vehicle 1
393.0 116.0 412.0 116.0 412.0 136.0 393.0 136.0 small-vehicle 1
379.0 135.0 397.0 135.0 397.0 154.0 379.0 154.0 small-vehicle 1
363.0 155.0 381.0 155.0 381.0 177.0 363.0 177.0 small-vehicle 1
348.0 171.0 367.0 171.0 367.0 196.0 348.0 196.0 small-vehicle 1
334.0 190.0 354.0 190.0 354.0 214.0 334.0 214.0 small-vehicle 1
302.0 179.0 321.0 179.0 321.0 201.0 302.0 201.0 small-vehicle 1
261.0 200.0 281.0 200.0 281.0 224.0 261.0 224.0 small-vehicle 1
244.0 222.0 264.0 222.0 264.0 246.0 244.0 246.0 small-vehicle 1
300.0 235.0 318.0 235.0 318.0 256.0 300.0 256.0 small-vehicle 1
284.0 253.0 304.0 253.0 304.0 274.0 284.0 274.0 small-vehicle 1
272.0 271.0 290.0 271.0 290.0 293.0 272.0 293.0 small-vehicle 1
476.0 9.0 495.0 9.0 495.0 30.0 476.0 30.0 small-vehicle 1
518.0 103.0 541.0 103.0 541.0 124.0 518.0 124.0 small-vehicle 1
566.0 95.0 585.0 95.0 585.0 114.0 566.0 114.0 small-vehicle 1
454.0 96.0 475.0 96.0 475.0 116.0 454.0 116.0 small-vehicle 1
458.0 70.0 481.0 70.0 481.0 91.0 458.0 91.0 small-vehicle 1
482.0 74.0 502.0 74.0 502.0 91.0 482.0 91.0 small-vehicle 1
616.0 1021.0 635.0 1021.0 635.0 1041.0 616.0 1041.0 small-vehicle 1
470.0 1047.0 492.0 1047.0 492.0 1069.0 470.0 1069.0 small-vehicle 1
1060.0 604.0 1081.0 604.0 1081.0 629.0 1060.0 629.0 small-vehicle 1
603.0 47.0 626.0 47.0 626.0 69.0 603.0 69.0 small-vehicle 1
800.0 67.0 823.0 67.0 823.0 89.0 800.0 89.0 small-vehicle 1
817.0 45.0 838.0 45.0 838.0 67.0 817.0 67.0 small-vehicle 1
876.0 35.0 895.0 35.0 895.0 56.0 876.0 56.0 small-vehicle 1
890.0 16.0 911.0 16.0 911.0 38.0 890.0 38.0 small-vehicle 1
978.0 101.0 1004.0 101.0 1004.0 125.0 978.0 125.0 small-vehicle 1
1063.0 268.0 1080.0 268.0 1080.0 289.0 1063.0 289.0 small-vehicle 1
1062.0 315.0 1085.0 315.0 1085.0 342.0 1062.0 342.0 small-vehicle 1
985.0 366.0 1004.0 366.0 1004.0 388.0 985.0 388.0 small-vehicle 1
1023.0 373.0 1042.0 373.0 1042.0 394.0 1023.0 394.0 small-vehicle 1
1005.0 392.0 1026.0 392.0 1026.0 419.0 1005.0 419.0 small-vehicle 1
967.0 386.0 988.0 386.0 988.0 410.0 967.0 410.0 small-vehicle 1
990.0 412.0 1011.0 412.0 1011.0 435.0 990.0 435.0 small-vehicle 1
904.0 477.0 925.0 477.0 925.0 495.0 904.0 495.0 small-vehicle 1
951.0 537.0 970.0 537.0 970.0 558.0 951.0 558.0 small-vehicle 1
965.0 537.0 984.0 537.0 984.0 557.0 965.0 557.0 small-vehicle 1
951.0 553.0 971.0 553.0 971.0 572.0 951.0 572.0 small-vehicle 1
1032.0 504.0 1054.0 504.0 1054.0 523.0 1032.0 523.0 small-vehicle 1
1051.0 517.0 1072.0 517.0 1072.0 538.0 1051.0 538.0 small-vehicle 1
1009.0 629.0 1030.0 629.0 1030.0 655.0 1009.0 655.0 small-vehicle 1
1017.0 639.0 1038.0 639.0 1038.0 662.0 1017.0 662.0 small-vehicle 1
1029.0 645.0 1050.0 645.0 1050.0 669.0 1029.0 669.0 small-vehicle 1
1037.0 652.0 1058.0 652.0 1058.0 676.0 1037.0 676.0 small-vehicle 1
1047.0 659.0 1068.0 659.0 1068.0 683.0 1047.0 683.0 small-vehicle 1
1056.0 668.0 1075.0 668.0 1075.0 690.0 1056.0 690.0 small-vehicle 1
1066.0 674.0 1087.0 674.0 1087.0 697.0 1066.0 697.0 small-vehicle 1
1038.0 591.0 1059.0 591.0 1059.0 617.0 1038.0 617.0 small-vehicle 1
1048.0 599.0 1070.0 599.0 1070.0 622.0 1048.0 622.0 small-vehicle 1
621.0 181.0 641.0 181.0 641.0 199.0 621.0 199.0 small-vehicle 1
871.0 316.0 892.0 316.0 892.0 336.0 871.0 336.0 small-vehicle 1
388.0 1023.0 405.0 1023.0 405.0 1041.0 388.0 1041.0 small-vehicle 1
891.0 218.0 914.0 218.0 914.0 238.0 891.0 238.0 small-vehicle 1
138.0 928.0 155.0 928.0 155.0 948.0 138.0 948.0 small-vehicle 1
125.0 943.0 143.0 943.0 143.0 963.0 125.0 963.0 small-vehicle 1
18.0 1020.0 35.0 1020.0 35.0 1036.0 18.0 1036.0 small-vehicle 1
37.0 1036.0 57.0 1036.0 57.0 1055.0 37.0 1055.0 small-vehicle 1
56.0 1051.0 77.0 1051.0 77.0 1072.0 56.0 1072.0 small-vehicle 1
70.0 1028.0 90.0 1028.0 90.0 1046.0 70.0 1046.0 small-vehicle 1
88.0 1042.0 108.0 1042.0 108.0 1061.0 88.0 1061.0 small-vehicle 1
106.0 1055.0 127.0 1055.0 127.0 1074.0 106.0 1074.0 small-vehicle 1
122.0 1102.0 141.0 1102.0 141.0 1119.0 122.0 1119.0 small-vehicle 1
224.0 1028.0 240.0 1028.0 240.0 1045.0 224.0 1045.0 small-vehicle 1
236.0 1010.0 254.0 1010.0 254.0 1032.0 236.0 1032.0 small-vehicle 1
262.0 1024.0 281.0 1024.0 281.0 1044.0 262.0 1044.0 small-vehicle 1
305.0 1057.0 327.0 1057.0 327.0 1080.0 305.0 1080.0 small-vehicle 1
456.0 1100.0 476.0 1100.0 476.0 1124.0 456.0 1124.0 small-vehicle 1
244.0 924.0 268.0 924.0 268.0 950.0 244.0 950.0 ship 1
332.0 999.0 356.0 999.0 356.0 1026.0 332.0 1026.0 ship 1
631.0 1086.0 651.0 1086.0 651.0 1105.0 631.0 1105.0 small-vehicle 1
653.0 1070.0 674.0 1070.0 674.0 1091.0 653.0 1091.0 small-vehicle 1
714.0 1099.0 734.0 1099.0 734.0 1120.0 714.0 1120.0 small-vehicle 1
652.0 1102.0 673.0 1102.0 673.0 1122.0 652.0 1122.0 small-vehicle 1
669.0 1116.0 693.0 1116.0 693.0 1138.0 669.0 1138.0 small-vehicle 1
468.0 1113.0 489.0 1113.0 489.0 1135.0 468.0 1135.0 small-vehicle 1
847.0 400.0 867.0 400.0 867.0 419.0 847.0 419.0 small-vehicle 1
823.0 381.0 844.0 381.0 844.0 402.0 823.0 402.0 small-vehicle 1
724.0 167.0 744.0 167.0 744.0 188.0 724.0 188.0 small-vehicle 1
743.0 143.0 762.0 143.0 762.0 165.0 743.0 165.0 small-vehicle 1
794.0 142.0 813.0 142.0 813.0 164.0 794.0 164.0 small-vehicle 1
463.0 750.0 615.0 750.0 615.0 897.0 463.0 897.0 baseball-diamond 0
