imagesource:GoogleEarth
gsd:0.264780264557
762.0 307.0 773.0 307.0 773.0 324.0 762.0 324.0 large-vehicle 1
632.0 323.0 672.0 323.0 672.0 372.0 632.0 372.0 tennis-court 0
37.0 164.0 58.0 164.0 58.0 185.0 37.0 185.0 small-vehicle 1
51.0 170.0 71.0 170.0 71.0 189.0 51.0 189.0 small-vehicle 1
82.0 149.0 101.0 149.0 101.0 168.0 82.0 168.0 small-vehicle 1
100.0 104.0 125.0 104.0 125.0 125.0 100.0 125.0 small-vehicle 1
156.0 47.0 180.0 47.0 180.0 69.0 156.0 69.0 small-vehicle 1
709.0 791.0 752.0 791.0 752.0 824.0 709.0 824.0 large-vehicle 0
731.0 477.0 847.0 477.0 847.0 578.0 731.0 578.0 basketball-court 0
641.0 527.0 760.0 527.0 760.0 632.0 641.0 632.0 basketball-court 0
699.0 422.0 811.0 422.0 811.0 521.0 699.0 521.0 basketball-court 0
610.0 473.0 724.0 473.0 724.0 575.0 610.0 575.0 basketball-court 0
267.0 571.0 584.0 571.0 584.0 834.0 267.0 834.0 soccer-ball-field 0
682.0 293.0 724.0 293.0 724.0 342.0 682.0 342.0 tennis-court 0
656.0 308.0 698.0 308.0 698.0 358.0 656.0 358.0 tennis-court 0
716.0 347.0 758.0 347.0 758.0 398.0 716.0 398.0 tennis-court 0
12.0 831.0 33.0 831.0 33.0 848.0 12.0 848.0 small-vehicle 1
687.0 363.0 732.0 363.0 732.0 413.0 687.0 413.0 tennis-court 0
662.0 376.0 706.0 376.0 706.0 428.0 662.0 428.0 tennis-court 0
636.0 392.0 680.0 392.0 680.0 443.0 636.0 443.0 tennis-court 0
606.0 337.0 646.0 337.0 646.0 387.0 606.0 387.0 tennis-court 0
554.0 365.0 638.0 365.0 638.0 468.0 554.0 468.0 tennis-court 0
506.0 393.0 592.0 393.0 592.0 497.0 506.0 497.0 tennis-court 0
460.0 422.0 545.0 422.0 545.0 525.0 460.0 525.0 tennis-court 0
410.0 451.0 497.0 451.0 497.0 554.0 410.0 554.0 tennis-court 0
365.0 478.0 450.0 478.0 450.0 582.0 365.0 582.0 tennis-court 0
316.0 506.0 401.0 506.0 401.0 611.0 316.0 611.0 tennis-court 0
268.0 536.0 355.0 536.0 355.0 639.0 268.0 639.0 tennis-court 0
221.0 562.0 307.0 562.0 307.0 666.0 221.0 666.0 tennis-court 0
174.0 591.0 259.0 591.0 259.0 695.0 174.0 695.0 tennis-court 0
3.0 190.0 26.0 190.0 26.0 210.0 3.0 210.0 small-vehicle 1
27.0 964.0 45.0 964.0 45.0 979.0 27.0 979.0 small-vehicle 1
734.0 298.0 745.0 298.0 745.0 312.0 734.0 312.0 large-vehicle 1
733.0 1071.0 756.0 1071.0 756.0 1082.0 733.0 1082.0 small-vehicle 1
798.0 781.0 821.0 781.0 821.0 797.0 798.0 797.0 large-vehicle 1
439.0 1120.0 460.0 1120.0 460.0 1132.0 439.0 1132.0 large-vehicle 1
764.0 801.0 789.0 801.0 789.0 819.0 764.0 819.0 small-vehicle 1
722.0 826.0 745.0 826.0 745.0 844.0 722.0 844.0 small-vehicle 1
673.0 855.0 696.0 855.0 696.0 872.0 673.0 872.0 small-vehicle 1
650.0 824.0 671.0 824.0 671.0 842.0 650.0 842.0 small-vehicle 1
631.0 877.0 657.0 877.0 657.0 897.0 631.0 897.0 small-vehicle 1
703.0 1103.0 723.0 1103.0 723.0 1113.0 703.0 1113.0 small-vehicle 1
678.0 1108.0 699.0 1108.0 699.0 1117.0 678.0 1117.0 small-vehicle 1
827.0 1082.0 847.0 1082.0 847.0 1092.0 827.0 1092.0 small-vehicle 1
803.0 1084.0 827.0 1084.0 827.0 1096.0 803.0 1096.0 small-vehicle 1
798.0 1059.0 821.0 1059.0 821.0 1071.0 798.0 1071.0 small-vehicle 1
776.0 1063.0 798.0 1063.0 798.0 1075.0 776.0 1075.0 small-vehicle 1
532.0 1106.0 553.0 1106.0 553.0 1116.0 532.0 1116.0 small-vehicle 1
23.0 954.0 45.0 954.0 45.0 971.0 23.0 971.0 small-vehicle 1
553.0 1101.0 576.0 1101.0 576.0 1113.0 553.0 1113.0 small-vehicle 1
658.0 1110.0 678.0 1110.0 678.0 1122.0 658.0 1122.0 small-vehicle 1
609.0 984.0 622.0 984.0 622.0 1004.0 609.0 1004.0 small-vehicle 1
603.0 958.0 615.0 958.0 615.0 981.0 603.0 981.0 small-vehicle 1
572.0 946.0 584.0 946.0 584.0 966.0 572.0 966.0 small-vehicle 1
593.0 1053.0 604.0 1053.0 604.0 1073.0 593.0 1073.0 small-vehicle 1
471.0 941.0 505.0 941.0 505.0 966.0 471.0 966.0 large-vehicle 0
304.0 1105.0 317.0 1105.0 317.0 1127.0 304.0 1127.0 small-vehicle 1
536.0 893.0 557.0 893.0 557.0 909.0 536.0 909.0 small-vehicle 1
500.0 912.0 519.0 912.0 519.0 929.0 500.0 929.0 small-vehicle 1
36.0 975.0 51.0 975.0 51.0 995.0 36.0 995.0 small-vehicle 1
17.0 989.0 29.0 989.0 29.0 1008.0 17.0 1008.0 small-vehicle 1
27.0 979.0 45.0 979.0 45.0 1001.0 27.0 1001.0 small-vehicle 1
126.0 620.0 212.0 620.0 212.0 723.0 126.0 723.0 tennis-court 0
