imagesource:GoogleEarth
gsd:0.265980636754
707.0 190.0 741.0 190.0 741.0 200.0 707.0 200.0 large-vehicle 1
648.0 927.0 734.0 927.0 734.0 942.0 648.0 942.0 large-vehicle 0
740.0 963.0 812.0 963.0 812.0 996.0 740.0 996.0 large-vehicle 0
646.0 913.0 728.0 913.0 728.0 926.0 646.0 926.0 large-vehicle 0
646.0 899.0 720.0 899.0 720.0 914.0 646.0 914.0 large-vehicle 0
655.0 886.0 722.0 886.0 722.0 898.0 655.0 898.0 large-vehicle 0
286.0 636.0 363.0 636.0 363.0 703.0 286.0 703.0 large-vehicle 0
297.0 548.0 370.0 548.0 370.0 608.0 297.0 608.0 large-vehicle 0
307.0 529.0 378.0 529.0 378.0 593.0 307.0 593.0 large-vehicle 0
295.0 565.0 369.0 565.0 369.0 626.0 295.0 626.0 large-vehicle 0
319.0 498.0 404.0 498.0 404.0 512.0 319.0 512.0 large-vehicle 0
316.0 512.0 379.0 512.0 379.0 525.0 316.0 525.0 large-vehicle 0
330.0 484.0 418.0 484.0 418.0 496.0 330.0 496.0 large-vehicle 0
321.0 470.0 410.0 470.0 410.0 483.0 321.0 483.0 large-vehicle 0
324.0 458.0 409.0 458.0 409.0 470.0 324.0 470.0 large-vehicle 0
330.0 431.0 412.0 431.0 412.0 444.0 330.0 444.0 large-vehicle 0
328.0 402.0 413.0 402.0 413.0 417.0 328.0 417.0 large-vehicle 0
326.0 386.0 411.0 386.0 411.0 402.0 326.0 402.0 large-vehicle 0
406.0 308.0 496.0 308.0 496.0 327.0 406.0 327.0 large-vehicle 0
491.0 331.0 574.0 331.0 574.0 348.0 491.0 348.0 large-vehicle 0
495.0 346.0 582.0 346.0 582.0 360.0 495.0 360.0 large-vehicle 0
494.0 361.0 578.0 361.0 578.0 376.0 494.0 376.0 large-vehicle 0
494.0 376.0 584.0 376.0 584.0 389.0 494.0 389.0 large-vehicle 0
505.0 388.0 586.0 388.0 586.0 401.0 505.0 401.0 large-vehicle 0
498.0 403.0 580.0 403.0 580.0 414.0 498.0 414.0 large-vehicle 0
498.0 416.0 580.0 416.0 580.0 430.0 498.0 430.0 large-vehicle 0
448.0 509.0 463.0 509.0 463.0 568.0 448.0 568.0 large-vehicle 0
681.0 980.0 738.0 980.0 738.0 1000.0 681.0 1000.0 large-vehicle 0
490.0 962.0 564.0 962.0 564.0 975.0 490.0 975.0 large-vehicle 0
585.0 235.0 664.0 235.0 664.0 252.0 585.0 252.0 large-vehicle 0
476.0 933.0 569.0 933.0 569.0 946.0 476.0 946.0 large-vehicle 0
172.0 296.0 259.0 296.0 259.0 310.0 172.0 310.0 large-vehicle 0
186.0 308.0 264.0 308.0 264.0 322.0 186.0 322.0 large-vehicle 0
166.0 554.0 252.0 554.0 252.0 571.0 166.0 571.0 large-vehicle 0
173.0 680.0 254.0 680.0 254.0 695.0 173.0 695.0 large-vehicle 0
164.0 708.0 252.0 708.0 252.0 721.0 164.0 721.0 large-vehicle 0
170.0 724.0 245.0 724.0 245.0 735.0 170.0 735.0 large-vehicle 0
166.0 748.0 254.0 748.0 254.0 762.0 166.0 762.0 large-vehicle 0
157.0 788.0 245.0 788.0 245.0 806.0 157.0 806.0 large-vehicle 0
160.0 804.0 246.0 804.0 246.0 818.0 160.0 818.0 large-vehicle 0
164.0 818.0 250.0 818.0 250.0 833.0 164.0 833.0 large-vehicle 0
160.0 830.0 247.0 830.0 247.0 847.0 160.0 847.0 large-vehicle 0
167.0 858.0 246.0 858.0 246.0 873.0 167.0 873.0 large-vehicle 0
316.0 936.0 403.0 936.0 403.0 954.0 316.0 954.0 large-vehicle 0
311.0 897.0 399.0 897.0 399.0 911.0 311.0 911.0 large-vehicle 0
309.0 868.0 398.0 868.0 398.0 885.0 309.0 885.0 large-vehicle 0
316.0 841.0 402.0 841.0 402.0 857.0 316.0 857.0 large-vehicle 0
322.0 811.0 400.0 811.0 400.0 828.0 322.0 828.0 large-vehicle 0
473.0 808.0 562.0 808.0 562.0 823.0 473.0 823.0 large-vehicle 0
496.0 823.0 568.0 823.0 568.0 836.0 496.0 836.0 large-vehicle 0
496.0 835.0 575.0 835.0 575.0 851.0 496.0 851.0 large-vehicle 0
504.0 851.0 578.0 851.0 578.0 864.0 504.0 864.0 large-vehicle 0
482.0 865.0 570.0 865.0 570.0 877.0 482.0 877.0 large-vehicle 0
489.0 880.0 575.0 880.0 575.0 892.0 489.0 892.0 large-vehicle 0
506.0 893.0 591.0 893.0 591.0 909.0 506.0 909.0 large-vehicle 0
484.0 920.0 571.0 920.0 571.0 932.0 484.0 932.0 large-vehicle 0
432.0 197.0 518.0 197.0 518.0 210.0 432.0 210.0 large-vehicle 0
724.0 252.0 810.0 252.0 810.0 266.0 724.0 266.0 large-vehicle 0
612.0 94.0 657.0 94.0 657.0 104.0 612.0 104.0 large-vehicle 1
747.0 794.0 767.0 794.0 767.0 812.0 747.0 812.0 small-vehicle 1
756.0 773.0 779.0 773.0 779.0 791.0 756.0 791.0 small-vehicle 1
762.0 761.0 783.0 761.0 783.0 780.0 762.0 780.0 small-vehicle 1
768.0 752.0 788.0 752.0 788.0 771.0 768.0 771.0 small-vehicle 1
788.0 762.0 809.0 762.0 809.0 781.0 788.0 781.0 small-vehicle 1
778.0 782.0 798.0 782.0 798.0 801.0 778.0 801.0 small-vehicle 1
766.0 802.0 784.0 802.0 784.0 819.0 766.0 819.0 small-vehicle 1
759.0 813.0 783.0 813.0 783.0 832.0 759.0 832.0 small-vehicle 1
806.0 837.0 834.0 837.0 834.0 859.0 806.0 859.0 small-vehicle 1
822.0 823.0 848.0 823.0 848.0 843.0 822.0 843.0 small-vehicle 1
830.0 799.0 852.0 799.0 852.0 818.0 830.0 818.0 small-vehicle 1
872.0 731.0 895.0 731.0 895.0 748.0 872.0 748.0 small-vehicle 1
895.0 692.0 919.0 692.0 919.0 711.0 895.0 711.0 small-vehicle 1
830.0 683.0 855.0 683.0 855.0 704.0 830.0 704.0 small-vehicle 1
816.0 714.0 840.0 714.0 840.0 734.0 816.0 734.0 small-vehicle 1
805.0 731.0 828.0 731.0 828.0 751.0 805.0 751.0 small-vehicle 1
799.0 743.0 823.0 743.0 823.0 763.0 799.0 763.0 small-vehicle 1
903.0 669.0 925.0 669.0 925.0 688.0 903.0 688.0 small-vehicle 1
833.0 670.0 855.0 670.0 855.0 689.0 833.0 689.0 small-vehicle 1
855.0 644.0 875.0 644.0 875.0 660.0 855.0 660.0 small-vehicle 1
1052.0 259.0 1073.0 259.0 1073.0 274.0 1052.0 274.0 small-vehicle 1
985.0 1006.0 1008.0 1006.0 1008.0 1026.0 985.0 1026.0 small-vehicle 1
1075.0 1041.0 1084.0 1041.0 1084.0 1061.0 1075.0 1061.0 small-vehicle 1
1103.0 987.0 1113.0 987.0 1113.0 1009.0 1103.0 1009.0 small-vehicle 1
568.0 720.0 591.0 720.0 591.0 729.0 568.0 729.0 small-vehicle 1
845.0 99.0 856.0 99.0 856.0 120.0 845.0 120.0 small-vehicle 1
750.0 781.0 773.0 781.0 773.0 802.0 750.0 802.0 small-vehicle 1
740.0 801.0 762.0 801.0 762.0 822.0 740.0 822.0 small-vehicle 1
730.0 232.0 820.0 232.0 820.0 249.0 730.0 249.0 large-vehicle 0
696.0 764.0 715.0 764.0 715.0 781.0 696.0 781.0 small-vehicle 1
762.0 216.0 846.0 216.0 846.0 233.0 762.0 233.0 large-vehicle 0
738.0 72.0 792.0 72.0 792.0 84.0 738.0 84.0 large-vehicle 0
802.0 317.0 878.0 317.0 878.0 362.0 802.0 362.0 large-vehicle 0
648.0 409.0 726.0 409.0 726.0 456.0 648.0 456.0 large-vehicle 0
696.0 366.0 773.0 366.0 773.0 414.0 696.0 414.0 large-vehicle 0
902.0 477.0 982.0 477.0 982.0 508.0 902.0 508.0 large-vehicle 0
862.0 229.0 949.0 229.0 949.0 245.0 862.0 245.0 large-vehicle 0
964.0 246.0 1048.0 246.0 1048.0 278.0 964.0 278.0 large-vehicle 0
345.0 723.0 441.0 723.0 441.0 768.0 345.0 768.0 large-vehicle 0
534.0 1059.0 556.0 1059.0 556.0 1070.0 534.0 1070.0 small-vehicle 1
602.0 163.0 620.0 163.0 620.0 173.0 602.0 173.0 small-vehicle 1
750.0 162.0 772.0 162.0 772.0 177.0 750.0 177.0 small-vehicle 1
749.0 173.0 768.0 173.0 768.0 184.0 749.0 184.0 small-vehicle 1
750.0 189.0 767.0 189.0 767.0 198.0 750.0 198.0 small-vehicle 1
841.0 83.0 858.0 83.0 858.0 94.0 841.0 94.0 small-vehicle 1
838.0 72.0 859.0 72.0 859.0 82.0 838.0 82.0 small-vehicle 1
834.0 58.0 858.0 58.0 858.0 70.0 834.0 70.0 small-vehicle 1
841.0 44.0 858.0 44.0 858.0 53.0 841.0 53.0 small-vehicle 1
639.0 187.0 649.0 187.0 649.0 206.0 639.0 206.0 small-vehicle 1
756.0 392.0 815.0 392.0 815.0 428.0 756.0 428.0 large-vehicle 1
766.0 406.0 825.0 406.0 825.0 444.0 766.0 444.0 large-vehicle 1
772.0 428.0 828.0 428.0 828.0 468.0 772.0 468.0 large-vehicle 1
783.0 442.0 844.0 442.0 844.0 482.0 783.0 482.0 large-vehicle 1
733.0 336.0 793.0 336.0 793.0 372.0 733.0 372.0 large-vehicle 1
700.0 754.0 720.0 754.0 720.0 773.0 700.0 773.0 small-vehicle 1
176.0 281.0 268.0 281.0 268.0 294.0 176.0 294.0 large-vehicle 0
