imagesource:GoogleEarth
gsd:0.25746042976
449.0 553.0 463.0 553.0 463.0 573.0 449.0 573.0 small-vehicle 1
211.0 281.0 237.0 281.0 237.0 306.0 211.0 306.0 small-vehicle 0
189.0 296.0 217.0 296.0 217.0 324.0 189.0 324.0 small-vehicle 0
177.0 308.0 206.0 308.0 206.0 334.0 177.0 334.0 small-vehicle 0
372.0 337.0 418.0 337.0 418.0 365.0 372.0 365.0 large-vehicle 0
368.0 354.0 414.0 354.0 414.0 384.0 368.0 384.0 large-vehicle 0
451.0 354.0 464.0 354.0 464.0 420.0 451.0 420.0 large-vehicle 0
379.0 465.0 399.0 465.0 399.0 513.0 379.0 513.0 large-vehicle 0
361.0 468.0 384.0 468.0 384.0 514.0 361.0 514.0 large-vehicle 0
343.0 466.0 367.0 466.0 367.0 512.0 343.0 512.0 large-vehicle 0
323.0 470.0 349.0 470.0 349.0 518.0 323.0 518.0 large-vehicle 0
302.0 470.0 329.0 470.0 329.0 517.0 302.0 517.0 large-vehicle 0
281.0 469.0 312.0 469.0 312.0 517.0 281.0 517.0 large-vehicle 0
260.0 481.0 288.0 481.0 288.0 525.0 260.0 525.0 large-vehicle 0
230.0 487.0 264.0 487.0 264.0 536.0 230.0 536.0 large-vehicle 0
161.0 514.0 202.0 514.0 202.0 545.0 161.0 545.0 large-vehicle 0
154.0 502.0 194.0 502.0 194.0 533.0 154.0 533.0 large-vehicle 0
144.0 488.0 186.0 488.0 186.0 519.0 144.0 519.0 large-vehicle 0
136.0 476.0 177.0 476.0 177.0 507.0 136.0 507.0 large-vehicle 0
126.0 460.0 166.0 460.0 166.0 492.0 126.0 492.0 large-vehicle 0
114.0 445.0 151.0 445.0 151.0 476.0 114.0 476.0 large-vehicle 0
103.0 435.0 141.0 435.0 141.0 468.0 103.0 468.0 large-vehicle 0
95.0 422.0 134.0 422.0 134.0 456.0 95.0 456.0 large-vehicle 0
202.0 291.0 226.0 291.0 226.0 316.0 202.0 316.0 small-vehicle 0
221.0 270.0 246.0 270.0 246.0 296.0 221.0 296.0 small-vehicle 0
555.0 5.0 576.0 5.0 576.0 22.0 555.0 22.0 small-vehicle 1
233.0 258.0 257.0 258.0 257.0 284.0 233.0 284.0 small-vehicle 0
556.0 19.0 573.0 19.0 573.0 42.0 556.0 42.0 small-vehicle 1
546.0 15.0 563.0 15.0 563.0 38.0 546.0 38.0 small-vehicle 1
507.0 81.0 528.0 81.0 528.0 96.0 507.0 96.0 small-vehicle 1
88.0 28.0 108.0 28.0 108.0 45.0 88.0 45.0 small-vehicle 1
512.0 23.0 531.0 23.0 531.0 35.0 512.0 35.0 small-vehicle 1
511.0 33.0 531.0 33.0 531.0 46.0 511.0 46.0 small-vehicle 1
510.0 43.0 533.0 43.0 533.0 60.0 510.0 60.0 small-vehicle 1
494.0 66.0 505.0 66.0 505.0 86.0 494.0 86.0 small-vehicle 1
503.0 96.0 518.0 96.0 518.0 117.0 503.0 117.0 small-vehicle 1
478.0 109.0 487.0 109.0 487.0 128.0 478.0 128.0 small-vehicle 1
6.0 464.0 24.0 464.0 24.0 494.0 6.0 494.0 small-vehicle 1
25.0 448.0 47.0 448.0 47.0 473.0 25.0 473.0 small-vehicle 1
497.0 445.0 522.0 445.0 522.0 466.0 497.0 466.0 small-vehicle 1
194.0 46.0 217.0 46.0 217.0 63.0 194.0 63.0 small-vehicle 1
175.0 39.0 197.0 39.0 197.0 54.0 175.0 54.0 small-vehicle 1
183.0 32.0 206.0 32.0 206.0 48.0 183.0 48.0 small-vehicle 1
18.0 69.0 34.0 69.0 34.0 93.0 18.0 93.0 small-vehicle 1
30.0 77.0 44.0 77.0 44.0 98.0 30.0 98.0 small-vehicle 1
41.0 81.0 57.0 81.0 57.0 103.0 41.0 103.0 small-vehicle 1
53.0 83.0 69.0 83.0 69.0 105.0 53.0 105.0 small-vehicle 1
76.0 88.0 87.0 88.0 87.0 108.0 76.0 108.0 small-vehicle 1
430.0 220.0 445.0 220.0 445.0 271.0 430.0 271.0 large-vehicle 0
