imagesource:GoogleEarth
gsd:0.277576473363
595.0 1020.0 613.0 1020.0 613.0 1044.0 595.0 1044.0 small-vehicle 1
301.0 687.0 372.0 687.0 372.0 786.0 301.0 786.0 tennis-court 0
436.0 209.0 484.0 209.0 484.0 246.0 436.0 246.0 tennis-court 0
424.0 242.0 473.0 242.0 473.0 278.0 424.0 278.0 tennis-court 0
414.0 276.0 461.0 276.0 461.0 312.0 414.0 312.0 tennis-court 0
402.0 308.0 448.0 308.0 448.0 345.0 402.0 345.0 tennis-court 0
359.0 361.0 428.0 361.0 428.0 458.0 359.0 458.0 tennis-court 0
407.0 376.0 478.0 376.0 478.0 476.0 407.0 476.0 tennis-court 0
456.0 394.0 525.0 394.0 525.0 491.0 456.0 491.0 tennis-court 0
343.0 571.0 413.0 571.0 413.0 668.0 343.0 668.0 tennis-court 0
388.0 586.0 459.0 586.0 459.0 683.0 388.0 683.0 tennis-court 0
346.0 704.0 418.0 704.0 418.0 801.0 346.0 801.0 tennis-court 0
77.0 940.0 96.0 940.0 96.0 953.0 77.0 953.0 small-vehicle 1
76.0 538.0 249.0 538.0 249.0 700.0 76.0 700.0 baseball-diamond 0
371.0 844.0 410.0 844.0 410.0 924.0 371.0 924.0 large-vehicle 0
403.0 495.0 423.0 495.0 423.0 509.0 403.0 509.0 small-vehicle 1
344.0 975.0 364.0 975.0 364.0 992.0 344.0 992.0 small-vehicle 1
288.0 986.0 308.0 986.0 308.0 1001.0 288.0 1001.0 small-vehicle 1
185.0 981.0 202.0 981.0 202.0 992.0 185.0 992.0 small-vehicle 1
181.0 947.0 202.0 947.0 202.0 962.0 181.0 962.0 small-vehicle 1
163.0 940.0 184.0 940.0 184.0 956.0 163.0 956.0 small-vehicle 1
17.0 887.0 38.0 887.0 38.0 901.0 17.0 901.0 small-vehicle 1
33.0 40.0 244.0 40.0 244.0 233.0 33.0 233.0 baseball-diamond 0
