imagesource:GoogleEarth
gsd:0.261148697698
16.0 327.0 36.0 327.0 36.0 350.0 16.0 350.0 small-vehicle 1
1131.0 400.0 1149.0 400.0 1149.0 420.0 1131.0 420.0 small-vehicle 1
127.0 317.0 144.0 317.0 144.0 337.0 127.0 337.0 small-vehicle 1
231.0 244.0 248.0 244.0 248.0 265.0 231.0 265.0 small-vehicle 1
248.0 235.0 266.0 235.0 266.0 257.0 248.0 257.0 small-vehicle 1
232.0 179.0 254.0 179.0 254.0 206.0 232.0 206.0 small-vehicle 1
245.0 177.0 262.0 177.0 262.0 197.0 245.0 197.0 small-vehicle 1
253.0 175.0 268.0 175.0 268.0 191.0 253.0 191.0 small-vehicle 1
348.0 1085.0 370.0 1085.0 370.0 1105.0 348.0 1105.0 small-vehicle 1
393.0 1104.0 405.0 1104.0 405.0 1125.0 393.0 1125.0 small-vehicle 1
1001.0 1137.0 1024.0 1137.0 1024.0 1157.0 1001.0 1157.0 small-vehicle 1
801.0 1126.0 820.0 1126.0 820.0 1147.0 801.0 1147.0 small-vehicle 1
1010.0 980.0 1029.0 980.0 1029.0 1001.0 1010.0 1001.0 small-vehicle 1
1012.0 948.0 1032.0 948.0 1032.0 958.0 1012.0 958.0 small-vehicle 1
1095.0 932.0 1115.0 932.0 1115.0 952.0 1095.0 952.0 small-vehicle 1
1080.0 416.0 1099.0 416.0 1099.0 434.0 1080.0 434.0 small-vehicle 1
101.0 335.0 118.0 335.0 118.0 357.0 101.0 357.0 small-vehicle 1
1053.0 379.0 1072.0 379.0 1072.0 398.0 1053.0 398.0 small-vehicle 1
1104.0 352.0 1124.0 352.0 1124.0 374.0 1104.0 374.0 small-vehicle 1
1114.0 347.0 1132.0 347.0 1132.0 368.0 1114.0 368.0 small-vehicle 1
661.0 83.0 740.0 83.0 740.0 186.0 661.0 186.0 tennis-court 0
947.0 969.0 977.0 969.0 977.0 997.0 947.0 997.0 swimming-pool 0
473.0 152.0 1085.0 152.0 1085.0 885.0 473.0 885.0 ground-track-field 0
431.0 892.0 657.0 892.0 657.0 1116.0 431.0 1116.0 baseball-diamond 0
158.0 254.0 544.0 254.0 544.0 713.0 158.0 713.0 soccer-ball-field 0
594.0 290.0 977.0 290.0 977.0 749.0 594.0 749.0 soccer-ball-field 0
709.0 59.0 789.0 59.0 789.0 163.0 709.0 163.0 tennis-court 0
599.0 85.0 678.0 85.0 678.0 188.0 599.0 188.0 tennis-court 0
551.0 106.0 632.0 106.0 632.0 209.0 551.0 209.0 tennis-court 0
503.0 130.0 581.0 130.0 581.0 232.0 503.0 232.0 tennis-court 0
111.0 328.0 128.0 328.0 128.0 349.0 111.0 349.0 small-vehicle 1
93.0 340.0 109.0 340.0 109.0 360.0 93.0 360.0 small-vehicle 1
24.0 320.0 44.0 320.0 44.0 342.0 24.0 342.0 small-vehicle 1
93.0 270.0 110.0 270.0 110.0 292.0 93.0 292.0 small-vehicle 1
32.0 312.0 52.0 312.0 52.0 337.0 32.0 337.0 small-vehicle 1
20.0 296.0 38.0 296.0 38.0 316.0 20.0 316.0 small-vehicle 1
27.0 284.0 46.0 284.0 46.0 306.0 27.0 306.0 small-vehicle 1
38.0 303.0 59.0 303.0 59.0 328.0 38.0 328.0 small-vehicle 1
48.0 296.0 69.0 296.0 69.0 322.0 48.0 322.0 small-vehicle 1
65.0 288.0 83.0 288.0 83.0 309.0 65.0 309.0 small-vehicle 1
38.0 281.0 57.0 281.0 57.0 302.0 38.0 302.0 small-vehicle 1
48.0 205.0 69.0 205.0 69.0 231.0 48.0 231.0 small-vehicle 1
52.0 270.0 72.0 270.0 72.0 293.0 52.0 293.0 small-vehicle 1
64.0 266.0 83.0 266.0 83.0 286.0 64.0 286.0 small-vehicle 1
75.0 284.0 93.0 284.0 93.0 304.0 75.0 304.0 small-vehicle 1
84.0 279.0 103.0 279.0 103.0 301.0 84.0 301.0 small-vehicle 1
103.0 268.0 122.0 268.0 122.0 290.0 103.0 290.0 small-vehicle 1
83.0 256.0 98.0 256.0 98.0 277.0 83.0 277.0 small-vehicle 1
82.0 346.0 99.0 346.0 99.0 366.0 82.0 366.0 small-vehicle 1
101.0 246.0 118.0 246.0 118.0 266.0 101.0 266.0 small-vehicle 1
114.0 263.0 132.0 263.0 132.0 284.0 114.0 284.0 small-vehicle 1
128.0 250.0 148.0 250.0 148.0 273.0 128.0 273.0 small-vehicle 1
144.0 237.0 163.0 237.0 163.0 262.0 144.0 262.0 small-vehicle 1
22.0 386.0 40.0 386.0 40.0 408.0 22.0 408.0 small-vehicle 1
31.0 381.0 49.0 381.0 49.0 402.0 31.0 402.0 small-vehicle 1
38.0 376.0 57.0 376.0 57.0 397.0 38.0 397.0 small-vehicle 1
48.0 368.0 65.0 368.0 65.0 389.0 48.0 389.0 small-vehicle 1
56.0 363.0 74.0 363.0 74.0 384.0 56.0 384.0 small-vehicle 1
156.0 232.0 173.0 232.0 173.0 254.0 156.0 254.0 small-vehicle 1
173.0 222.0 192.0 222.0 192.0 244.0 173.0 244.0 small-vehicle 1
63.0 356.0 80.0 356.0 80.0 377.0 63.0 377.0 small-vehicle 1
73.0 351.0 91.0 351.0 91.0 370.0 73.0 370.0 small-vehicle 1
456.0 152.0 533.0 152.0 533.0 255.0 456.0 255.0 tennis-court 0
