imagesource:GoogleEarth
gsd:0.250869948067
573.0 552.0 597.0 552.0 597.0 562.0 573.0 562.0 small-vehicle 1
658.0 545.0 679.0 545.0 679.0 555.0 658.0 555.0 small-vehicle 1
216.0 249.0 266.0 249.0 266.0 347.0 216.0 347.0 tennis-court 0
162.0 396.0 211.0 396.0 211.0 494.0 162.0 494.0 tennis-court 0
220.0 396.0 269.0 396.0 269.0 494.0 220.0 494.0 tennis-court 0
278.0 393.0 328.0 393.0 328.0 493.0 278.0 493.0 tennis-court 0
337.0 393.0 385.0 393.0 385.0 491.0 337.0 491.0 tennis-court 0
394.0 391.0 446.0 391.0 446.0 491.0 394.0 491.0 tennis-court 0
292.0 238.0 358.0 238.0 358.0 356.0 292.0 356.0 basketball-court 0
372.0 235.0 440.0 235.0 440.0 354.0 372.0 354.0 basketball-court 0
186.0 17.0 517.0 17.0 517.0 208.0 186.0 208.0 ground-track-field 1
234.0 556.0 246.0 556.0 246.0 577.0 234.0 577.0 small-vehicle 1
417.0 562.0 427.0 562.0 427.0 585.0 417.0 585.0 small-vehicle 1
587.0 285.0 610.0 285.0 610.0 294.0 587.0 294.0 small-vehicle 1
555.0 41.0 564.0 41.0 564.0 56.0 555.0 56.0 small-vehicle 1
642.0 141.0 652.0 141.0 652.0 164.0 642.0 164.0 small-vehicle 1
613.0 247.0 631.0 247.0 631.0 257.0 613.0 257.0 small-vehicle 1
159.0 251.0 208.0 251.0 208.0 347.0 159.0 347.0 tennis-court 0
