imagesource:GoogleEarth
gsd:0.570565465657
1436.0 899.0 1446.0 899.0 1446.0 905.0 1436.0 905.0 small-vehicle 1
325.0 944.0 334.0 944.0 334.0 956.0 325.0 956.0 small-vehicle 1
28.0 1007.0 36.0 1007.0 36.0 1019.0 28.0 1019.0 small-vehicle 1
2.0 1027.0 8.0 1027.0 8.0 1037.0 2.0 1037.0 small-vehicle 1
21.0 986.0 32.0 986.0 32.0 995.0 21.0 995.0 small-vehicle 1
31.0 979.0 40.0 979.0 40.0 987.0 31.0 987.0 small-vehicle 1
39.0 974.0 49.0 974.0 49.0 982.0 39.0 982.0 small-vehicle 1
46.0 966.0 55.0 966.0 55.0 974.0 46.0 974.0 small-vehicle 1
51.0 964.0 60.0 964.0 60.0 971.0 51.0 971.0 small-vehicle 1
55.0 961.0 64.0 961.0 64.0 967.0 55.0 967.0 small-vehicle 1
334.0 806.0 346.0 806.0 346.0 810.0 334.0 810.0 small-vehicle 1
389.0 815.0 396.0 815.0 396.0 826.0 389.0 826.0 small-vehicle 1
383.0 849.0 388.0 849.0 388.0 859.0 383.0 859.0 small-vehicle 1
320.0 943.0 329.0 943.0 329.0 955.0 320.0 955.0 small-vehicle 1
42.0 999.0 49.0 999.0 49.0 1010.0 42.0 1010.0 small-vehicle 1
55.0 885.0 63.0 885.0 63.0 892.0 55.0 892.0 small-vehicle 1
248.0 892.0 257.0 892.0 257.0 897.0 248.0 897.0 small-vehicle 1
68.0 913.0 80.0 913.0 80.0 921.0 68.0 921.0 small-vehicle 1
71.0 906.0 85.0 906.0 85.0 915.0 71.0 915.0 small-vehicle 1
90.0 914.0 102.0 914.0 102.0 937.0 90.0 937.0 small-vehicle 1
102.0 913.0 114.0 913.0 114.0 934.0 102.0 934.0 small-vehicle 1
248.0 956.0 258.0 956.0 258.0 962.0 248.0 962.0 small-vehicle 1
247.0 945.0 258.0 945.0 258.0 951.0 247.0 951.0 small-vehicle 1
247.0 938.0 256.0 938.0 256.0 942.0 247.0 942.0 small-vehicle 1
295.0 937.0 301.0 937.0 301.0 947.0 295.0 947.0 small-vehicle 1
247.0 912.0 256.0 912.0 256.0 916.0 247.0 916.0 small-vehicle 1
33.0 1004.0 39.0 1004.0 39.0 1015.0 33.0 1015.0 small-vehicle 1
46.0 996.0 52.0 996.0 52.0 1005.0 46.0 1005.0 small-vehicle 1
1437.0 902.0 1447.0 902.0 1447.0 909.0 1437.0 909.0 small-vehicle 1
154.0 1015.0 165.0 1015.0 165.0 1019.0 154.0 1019.0 small-vehicle 1
563.0 764.0 573.0 764.0 573.0 768.0 563.0 768.0 small-vehicle 1
573.0 763.0 582.0 763.0 582.0 768.0 573.0 768.0 small-vehicle 1
582.0 763.0 592.0 763.0 592.0 767.0 582.0 767.0 small-vehicle 1
592.0 763.0 603.0 763.0 603.0 768.0 592.0 768.0 small-vehicle 1
593.0 768.0 603.0 768.0 603.0 772.0 593.0 772.0 small-vehicle 1
725.0 641.0 736.0 641.0 736.0 652.0 725.0 652.0 small-vehicle 1
733.0 675.0 743.0 675.0 743.0 680.0 733.0 680.0 small-vehicle 1
634.0 597.0 644.0 597.0 644.0 605.0 634.0 605.0 small-vehicle 1
616.0 601.0 627.0 601.0 627.0 608.0 616.0 608.0 small-vehicle 1
598.0 617.0 607.0 617.0 607.0 627.0 598.0 627.0 small-vehicle 1
596.0 610.0 607.0 610.0 607.0 619.0 596.0 619.0 small-vehicle 1
402.0 1055.0 412.0 1055.0 412.0 1064.0 402.0 1064.0 small-vehicle 1
49.0 990.0 57.0 990.0 57.0 1001.0 49.0 1001.0 small-vehicle 1
372.0 957.0 379.0 957.0 379.0 967.0 372.0 967.0 small-vehicle 1
70.0 989.0 81.0 989.0 81.0 997.0 70.0 997.0 small-vehicle 1
66.0 992.0 77.0 992.0 77.0 1001.0 66.0 1001.0 small-vehicle 1
325.0 1048.0 335.0 1048.0 335.0 1061.0 325.0 1061.0 small-vehicle 1
326.0 1022.0 334.0 1022.0 334.0 1034.0 326.0 1034.0 small-vehicle 1
323.0 1026.0 330.0 1026.0 330.0 1036.0 323.0 1036.0 small-vehicle 1
318.0 1027.0 326.0 1027.0 326.0 1037.0 318.0 1037.0 small-vehicle 1
67.0 982.0 73.0 982.0 73.0 991.0 67.0 991.0 small-vehicle 1
62.0 983.0 70.0 983.0 70.0 994.0 62.0 994.0 small-vehicle 1
57.0 986.0 65.0 986.0 65.0 996.0 57.0 996.0 small-vehicle 1
54.0 988.0 60.0 988.0 60.0 997.0 54.0 997.0 small-vehicle 1
247.0 926.0 256.0 926.0 256.0 930.0 247.0 930.0 small-vehicle 1
247.0 884.0 256.0 884.0 256.0 888.0 247.0 888.0 small-vehicle 1
249.0 866.0 259.0 866.0 259.0 873.0 249.0 873.0 small-vehicle 1
261.0 807.0 266.0 807.0 266.0 818.0 261.0 818.0 large-vehicle 1
1066.0 759.0 1084.0 759.0 1084.0 775.0 1066.0 775.0 storage-tank 0
1054.0 733.0 1073.0 733.0 1073.0 751.0 1054.0 751.0 storage-tank 0
1025.0 698.0 1057.0 698.0 1057.0 728.0 1025.0 728.0 storage-tank 0
992.0 713.0 1025.0 713.0 1025.0 743.0 992.0 743.0 storage-tank 0
177.0 176.0 260.0 176.0 260.0 682.0 177.0 682.0 ship 0
362.0 894.0 372.0 894.0 372.0 907.0 362.0 907.0 small-vehicle 1
260.0 898.0 265.0 898.0 265.0 908.0 260.0 908.0 small-vehicle 1
249.0 855.0 259.0 855.0 259.0 860.0 249.0 860.0 large-vehicle 1
306.0 851.0 318.0 851.0 318.0 857.0 306.0 857.0 large-vehicle 1
280.0 851.0 295.0 851.0 295.0 856.0 280.0 856.0 large-vehicle 0
253.0 805.0 259.0 805.0 259.0 817.0 253.0 817.0 large-vehicle 1
282.0 825.0 295.0 825.0 295.0 831.0 282.0 831.0 large-vehicle 1
290.0 474.0 299.0 474.0 299.0 479.0 290.0 479.0 small-vehicle 1
315.0 826.0 326.0 826.0 326.0 832.0 315.0 832.0 large-vehicle 1
648.0 552.0 663.0 552.0 663.0 576.0 648.0 576.0 ship 0
434.0 539.0 441.0 539.0 441.0 555.0 434.0 555.0 ship 0
425.0 546.0 434.0 546.0 434.0 564.0 425.0 564.0 ship 0
170.0 409.0 187.0 409.0 187.0 429.0 170.0 429.0 ship 1
180.0 348.0 189.0 348.0 189.0 368.0 180.0 368.0 ship 1
175.0 488.0 187.0 488.0 187.0 506.0 175.0 506.0 ship 0
41.0 193.0 62.0 193.0 62.0 210.0 41.0 210.0 ship 0
122.0 356.0 132.0 356.0 132.0 374.0 122.0 374.0 ship 0
85.0 448.0 98.0 448.0 98.0 455.0 85.0 455.0 ship 1
446.0 498.0 463.0 498.0 463.0 557.0 446.0 557.0 ship 0
1005.0 755.0 1031.0 755.0 1031.0 775.0 1005.0 775.0 storage-tank 0
1043.0 767.0 1068.0 767.0 1068.0 788.0 1043.0 788.0 storage-tank 0
1017.0 780.0 1042.0 780.0 1042.0 800.0 1017.0 800.0 storage-tank 0
240.0 108.0 429.0 108.0 429.0 784.0 240.0 784.0 harbor 0
249.0 859.0 258.0 859.0 258.0 865.0 249.0 865.0 small-vehicle 1
302.0 802.0 312.0 802.0 312.0 809.0 302.0 809.0 small-vehicle 1
290.0 803.0 300.0 803.0 300.0 809.0 290.0 809.0 small-vehicle 1
395.0 586.0 402.0 586.0 402.0 600.0 395.0 600.0 small-vehicle 1
430.0 586.0 436.0 586.0 436.0 598.0 430.0 598.0 small-vehicle 1
342.0 540.0 372.0 540.0 372.0 547.0 342.0 547.0 large-vehicle 1
337.0 558.0 363.0 558.0 363.0 564.0 337.0 564.0 large-vehicle 1
337.0 565.0 364.0 565.0 364.0 571.0 337.0 571.0 large-vehicle 1
344.0 571.0 373.0 571.0 373.0 579.0 344.0 579.0 large-vehicle 1
344.0 578.0 372.0 578.0 372.0 585.0 344.0 585.0 large-vehicle 1
341.0 586.0 364.0 586.0 364.0 591.0 341.0 591.0 large-vehicle 1
348.0 603.0 372.0 603.0 372.0 609.0 348.0 609.0 large-vehicle 1
346.0 616.0 371.0 616.0 371.0 622.0 346.0 622.0 large-vehicle 1
347.0 621.0 372.0 621.0 372.0 627.0 347.0 627.0 large-vehicle 1
348.0 627.0 372.0 627.0 372.0 635.0 348.0 635.0 large-vehicle 1
345.0 652.0 372.0 652.0 372.0 657.0 345.0 657.0 large-vehicle 1
347.0 663.0 372.0 663.0 372.0 669.0 347.0 669.0 large-vehicle 1
346.0 670.0 372.0 670.0 372.0 676.0 346.0 676.0 large-vehicle 1
446.0 645.0 459.0 645.0 459.0 653.0 446.0 653.0 small-vehicle 1
1247.0 803.0 1262.0 803.0 1262.0 814.0 1247.0 814.0 large-vehicle 1
1126.0 819.0 1138.0 819.0 1138.0 838.0 1126.0 838.0 large-vehicle 0
922.0 850.0 951.0 850.0 951.0 876.0 922.0 876.0 storage-tank 0
2.0 750.0 183.0 750.0 183.0 962.0 2.0 962.0 harbor 1
551.0 764.0 563.0 764.0 563.0 768.0 551.0 768.0 small-vehicle 1
583.0 768.0 592.0 768.0 592.0 772.0 583.0 772.0 small-vehicle 1
573.0 767.0 583.0 767.0 583.0 772.0 573.0 772.0 small-vehicle 1
1207.0 795.0 1214.0 795.0 1214.0 805.0 1207.0 805.0 small-vehicle 1
1435.0 546.0 1444.0 546.0 1444.0 559.0 1435.0 559.0 small-vehicle 1
1436.0 707.0 1449.0 707.0 1449.0 715.0 1436.0 715.0 small-vehicle 1
1421.0 721.0 1433.0 721.0 1433.0 730.0 1421.0 730.0 small-vehicle 1
1098.0 832.0 1106.0 832.0 1106.0 842.0 1098.0 842.0 small-vehicle 1
1433.0 941.0 1441.0 941.0 1441.0 951.0 1433.0 951.0 small-vehicle 1
1438.0 952.0 1447.0 952.0 1447.0 962.0 1438.0 962.0 small-vehicle 1
1382.0 918.0 1393.0 918.0 1393.0 923.0 1382.0 923.0 small-vehicle 1
1237.0 780.0 1241.0 780.0 1241.0 789.0 1237.0 789.0 small-vehicle 1
1230.0 785.0 1237.0 785.0 1237.0 794.0 1230.0 794.0 small-vehicle 1
1226.0 786.0 1233.0 786.0 1233.0 797.0 1226.0 797.0 small-vehicle 1
1213.0 791.0 1221.0 791.0 1221.0 802.0 1213.0 802.0 small-vehicle 1
1202.0 797.0 1208.0 797.0 1208.0 807.0 1202.0 807.0 small-vehicle 1
972.0 908.0 980.0 908.0 980.0 917.0 972.0 917.0 small-vehicle 1
1007.0 852.0 1016.0 852.0 1016.0 862.0 1007.0 862.0 small-vehicle 1
818.0 927.0 828.0 927.0 828.0 934.0 818.0 934.0 small-vehicle 1
886.0 873.0 898.0 873.0 898.0 882.0 886.0 882.0 small-vehicle 1
890.0 882.0 903.0 882.0 903.0 890.0 890.0 890.0 small-vehicle 1
890.0 887.0 905.0 887.0 905.0 897.0 890.0 897.0 small-vehicle 1
1043.0 862.0 1052.0 862.0 1052.0 868.0 1043.0 868.0 small-vehicle 1
1046.0 865.0 1054.0 865.0 1054.0 873.0 1046.0 873.0 small-vehicle 1
1005.0 892.0 1014.0 892.0 1014.0 903.0 1005.0 903.0 small-vehicle 1
1000.0 893.0 1010.0 893.0 1010.0 906.0 1000.0 906.0 small-vehicle 1
995.0 895.0 1003.0 895.0 1003.0 907.0 995.0 907.0 small-vehicle 1
990.0 897.0 998.0 897.0 998.0 908.0 990.0 908.0 small-vehicle 1
1578.0 871.0 1584.0 871.0 1584.0 880.0 1578.0 880.0 small-vehicle 1
1618.0 852.0 1627.0 852.0 1627.0 862.0 1618.0 862.0 small-vehicle 1
1471.0 806.0 1480.0 806.0 1480.0 814.0 1471.0 814.0 small-vehicle 1
1468.0 802.0 1477.0 802.0 1477.0 808.0 1468.0 808.0 small-vehicle 1
1440.0 905.0 1450.0 905.0 1450.0 913.0 1440.0 913.0 small-vehicle 1
1658.0 862.0 1668.0 862.0 1668.0 873.0 1658.0 873.0 small-vehicle 1
1719.0 883.0 1728.0 883.0 1728.0 892.0 1719.0 892.0 small-vehicle 1
1693.0 894.0 1702.0 894.0 1702.0 906.0 1693.0 906.0 small-vehicle 1
1699.0 891.0 1707.0 891.0 1707.0 902.0 1699.0 902.0 small-vehicle 1
1753.0 954.0 1760.0 954.0 1760.0 964.0 1753.0 964.0 small-vehicle 1
1491.0 769.0 1503.0 769.0 1503.0 775.0 1491.0 775.0 small-vehicle 1
1489.0 780.0 1499.0 780.0 1499.0 788.0 1489.0 788.0 small-vehicle 1
1544.0 617.0 1554.0 617.0 1554.0 629.0 1544.0 629.0 small-vehicle 1
1468.0 932.0 1479.0 932.0 1479.0 946.0 1468.0 946.0 ship 1
1673.0 585.0 1684.0 585.0 1684.0 593.0 1673.0 593.0 small-vehicle 1
1641.0 623.0 1651.0 623.0 1651.0 629.0 1641.0 629.0 small-vehicle 1
1485.0 635.0 1495.0 635.0 1495.0 642.0 1485.0 642.0 small-vehicle 1
1478.0 650.0 1487.0 650.0 1487.0 660.0 1478.0 660.0 small-vehicle 1
1583.0 626.0 1593.0 626.0 1593.0 636.0 1583.0 636.0 small-vehicle 1
1504.0 613.0 1511.0 613.0 1511.0 622.0 1504.0 622.0 small-vehicle 1
1508.0 612.0 1514.0 612.0 1514.0 620.0 1508.0 620.0 small-vehicle 1
1497.0 615.0 1505.0 615.0 1505.0 624.0 1497.0 624.0 small-vehicle 1
1564.0 757.0 1575.0 757.0 1575.0 765.0 1564.0 765.0 small-vehicle 1
1489.0 705.0 1500.0 705.0 1500.0 711.0 1489.0 711.0 small-vehicle 1
1471.0 710.0 1481.0 710.0 1481.0 716.0 1471.0 716.0 small-vehicle 1
1565.0 860.0 1576.0 860.0 1576.0 869.0 1565.0 869.0 small-vehicle 1
1503.0 1034.0 1511.0 1034.0 1511.0 1044.0 1503.0 1044.0 small-vehicle 1
976.0 904.0 986.0 904.0 986.0 916.0 976.0 916.0 small-vehicle 1
968.0 910.0 976.0 910.0 976.0 920.0 968.0 920.0 small-vehicle 1
562.0 769.0 574.0 769.0 574.0 772.0 562.0 772.0 small-vehicle 1
612.0 842.0 623.0 842.0 623.0 849.0 612.0 849.0 small-vehicle 1
740.0 820.0 751.0 820.0 751.0 835.0 740.0 835.0 small-vehicle 1
732.0 802.0 743.0 802.0 743.0 816.0 732.0 816.0 small-vehicle 1
617.0 866.0 629.0 866.0 629.0 874.0 617.0 874.0 small-vehicle 1
615.0 854.0 627.0 854.0 627.0 863.0 615.0 863.0 small-vehicle 1
718.0 840.0 725.0 840.0 725.0 851.0 718.0 851.0 small-vehicle 1
712.0 842.0 720.0 842.0 720.0 851.0 712.0 851.0 small-vehicle 1
706.0 841.0 716.0 841.0 716.0 852.0 706.0 852.0 small-vehicle 1
699.0 829.0 707.0 829.0 707.0 841.0 699.0 841.0 small-vehicle 1
695.0 832.0 702.0 832.0 702.0 843.0 695.0 843.0 small-vehicle 1
690.0 833.0 697.0 833.0 697.0 844.0 690.0 844.0 small-vehicle 1
684.0 836.0 692.0 836.0 692.0 846.0 684.0 846.0 small-vehicle 1
611.0 837.0 621.0 837.0 621.0 844.0 611.0 844.0 small-vehicle 1
962.0 911.0 972.0 911.0 972.0 924.0 962.0 924.0 small-vehicle 1
662.0 814.0 669.0 814.0 669.0 824.0 662.0 824.0 small-vehicle 1
626.0 816.0 632.0 816.0 632.0 824.0 626.0 824.0 small-vehicle 1
688.0 794.0 695.0 794.0 695.0 805.0 688.0 805.0 small-vehicle 1
683.0 794.0 690.0 794.0 690.0 806.0 683.0 806.0 small-vehicle 1
682.0 807.0 688.0 807.0 688.0 815.0 682.0 815.0 small-vehicle 1
674.0 797.0 682.0 797.0 682.0 807.0 674.0 807.0 small-vehicle 1
658.0 781.0 668.0 781.0 668.0 786.0 658.0 786.0 small-vehicle 1
648.0 782.0 658.0 782.0 658.0 787.0 648.0 787.0 small-vehicle 1
637.0 781.0 647.0 781.0 647.0 786.0 637.0 786.0 small-vehicle 1
542.0 770.0 552.0 770.0 552.0 774.0 542.0 774.0 small-vehicle 1
551.0 769.0 562.0 769.0 562.0 774.0 551.0 774.0 small-vehicle 1
749.0 822.0 756.0 822.0 756.0 832.0 749.0 832.0 small-vehicle 1
757.0 823.0 766.0 823.0 766.0 834.0 757.0 834.0 small-vehicle 1
761.0 815.0 769.0 815.0 769.0 824.0 761.0 824.0 small-vehicle 1
793.0 870.0 802.0 870.0 802.0 881.0 793.0 881.0 small-vehicle 1
958.0 915.0 966.0 915.0 966.0 926.0 958.0 926.0 small-vehicle 1
926.0 910.0 937.0 910.0 937.0 919.0 926.0 919.0 small-vehicle 1
854.0 934.0 861.0 934.0 861.0 944.0 854.0 944.0 small-vehicle 1
844.0 938.0 852.0 938.0 852.0 950.0 844.0 950.0 small-vehicle 1
855.0 962.0 867.0 962.0 867.0 969.0 855.0 969.0 small-vehicle 1
858.0 966.0 869.0 966.0 869.0 974.0 858.0 974.0 small-vehicle 1
861.0 972.0 871.0 972.0 871.0 979.0 861.0 979.0 small-vehicle 1
888.0 1023.0 897.0 1023.0 897.0 1035.0 888.0 1035.0 small-vehicle 1
906.0 1062.0 914.0 1062.0 914.0 1073.0 906.0 1073.0 small-vehicle 1
448.0 970.0 459.0 970.0 459.0 976.0 448.0 976.0 small-vehicle 1
618.0 1057.0 629.0 1057.0 629.0 1064.0 618.0 1064.0 small-vehicle 1
664.0 1059.0 673.0 1059.0 673.0 1069.0 664.0 1069.0 small-vehicle 1
800.0 969.0 810.0 969.0 810.0 975.0 800.0 975.0 small-vehicle 1
801.0 976.0 809.0 976.0 809.0 979.0 801.0 979.0 small-vehicle 1
805.0 986.0 812.0 986.0 812.0 992.0 805.0 992.0 small-vehicle 1
808.0 996.0 819.0 996.0 819.0 1001.0 808.0 1001.0 small-vehicle 1
800.0 1004.0 808.0 1004.0 808.0 1014.0 800.0 1014.0 small-vehicle 1
732.0 990.0 745.0 990.0 745.0 999.0 732.0 999.0 small-vehicle 1
663.0 1001.0 672.0 1001.0 672.0 1010.0 663.0 1010.0 small-vehicle 1
726.0 785.0 736.0 785.0 736.0 796.0 726.0 796.0 small-vehicle 1
532.0 842.0 541.0 842.0 541.0 859.0 532.0 859.0 small-vehicle 1
581.0 885.0 590.0 885.0 590.0 899.0 581.0 899.0 small-vehicle 1
805.0 878.0 814.0 878.0 814.0 888.0 805.0 888.0 small-vehicle 1
637.0 439.0 662.0 439.0 662.0 469.0 637.0 469.0 ship 0
