imagesource:GoogleEarth
gsd:0.241282498188
112.0 296.0 149.0 296.0 149.0 343.0 112.0 343.0 large-vehicle 1
118.0 804.0 143.0 804.0 143.0 824.0 118.0 824.0 small-vehicle 1
120.0 479.0 143.0 479.0 143.0 493.0 120.0 493.0 small-vehicle 1
122.0 469.0 145.0 469.0 145.0 482.0 122.0 482.0 small-vehicle 1
105.0 490.0 119.0 490.0 119.0 519.0 105.0 519.0 large-vehicle 0
42.0 478.0 69.0 478.0 69.0 488.0 42.0 488.0 large-vehicle 0
40.0 469.0 58.0 469.0 58.0 478.0 40.0 478.0 small-vehicle 1
40.0 459.0 59.0 459.0 59.0 469.0 40.0 469.0 small-vehicle 1
43.0 447.0 63.0 447.0 63.0 457.0 43.0 457.0 small-vehicle 1
40.0 416.0 57.0 416.0 57.0 425.0 40.0 425.0 small-vehicle 1
508.0 246.0 526.0 246.0 526.0 268.0 508.0 268.0 small-vehicle 1
500.0 240.0 518.0 240.0 518.0 261.0 500.0 261.0 small-vehicle 1
492.0 235.0 511.0 235.0 511.0 257.0 492.0 257.0 small-vehicle 1
84.0 269.0 104.0 269.0 104.0 287.0 84.0 287.0 small-vehicle 1
315.0 278.0 335.0 278.0 335.0 297.0 315.0 297.0 small-vehicle 1
448.0 187.0 470.0 187.0 470.0 209.0 448.0 209.0 small-vehicle 1
538.0 118.0 556.0 118.0 556.0 141.0 538.0 141.0 small-vehicle 1
523.0 123.0 541.0 123.0 541.0 146.0 523.0 146.0 small-vehicle 1
505.0 124.0 522.0 124.0 522.0 147.0 505.0 147.0 small-vehicle 1
38.0 661.0 61.0 661.0 61.0 678.0 38.0 678.0 small-vehicle 1
116.0 819.0 137.0 819.0 137.0 837.0 116.0 837.0 small-vehicle 1
481.0 86.0 503.0 86.0 503.0 111.0 481.0 111.0 small-vehicle 1
134.0 809.0 159.0 809.0 159.0 830.0 134.0 830.0 small-vehicle 1
566.0 289.0 586.0 289.0 586.0 312.0 566.0 312.0 small-vehicle 1
559.0 281.0 581.0 281.0 581.0 306.0 559.0 306.0 small-vehicle 1
549.0 276.0 571.0 276.0 571.0 301.0 549.0 301.0 small-vehicle 1
542.0 269.0 560.0 269.0 560.0 294.0 542.0 294.0 small-vehicle 1
531.0 263.0 553.0 263.0 553.0 288.0 531.0 288.0 small-vehicle 1
523.0 260.0 541.0 260.0 541.0 282.0 523.0 282.0 small-vehicle 1
515.0 252.0 536.0 252.0 536.0 274.0 515.0 274.0 small-vehicle 1
465.0 390.0 486.0 390.0 486.0 412.0 465.0 412.0 small-vehicle 1
488.0 917.0 508.0 917.0 508.0 933.0 488.0 933.0 small-vehicle 1
483.0 897.0 504.0 897.0 504.0 908.0 483.0 908.0 small-vehicle 1
231.0 788.0 251.0 788.0 251.0 802.0 231.0 802.0 small-vehicle 1
233.0 802.0 256.0 802.0 256.0 820.0 233.0 820.0 small-vehicle 1
215.0 811.0 237.0 811.0 237.0 828.0 215.0 828.0 small-vehicle 1
224.0 888.0 240.0 888.0 240.0 906.0 224.0 906.0 small-vehicle 1
205.0 878.0 223.0 878.0 223.0 898.0 205.0 898.0 small-vehicle 1
192.0 874.0 206.0 874.0 206.0 890.0 192.0 890.0 small-vehicle 1
157.0 839.0 172.0 839.0 172.0 860.0 157.0 860.0 small-vehicle 1
502.0 96.0 523.0 96.0 523.0 119.0 502.0 119.0 small-vehicle 1
453.0 73.0 473.0 73.0 473.0 99.0 453.0 99.0 small-vehicle 1
581.0 301.0 600.0 301.0 600.0 325.0 581.0 325.0 small-vehicle 1
672.0 70.0 699.0 70.0 699.0 140.0 672.0 140.0 large-vehicle 0
579.0 593.0 618.0 593.0 618.0 640.0 579.0 640.0 large-vehicle 0
555.0 576.0 594.0 576.0 594.0 622.0 555.0 622.0 large-vehicle 1
541.0 567.0 582.0 567.0 582.0 618.0 541.0 618.0 large-vehicle 0
344.0 549.0 385.0 549.0 385.0 595.0 344.0 595.0 large-vehicle 1
295.0 800.0 340.0 800.0 340.0 845.0 295.0 845.0 large-vehicle 1
119.0 754.0 165.0 754.0 165.0 785.0 119.0 785.0 large-vehicle 0
229.0 661.0 279.0 661.0 279.0 693.0 229.0 693.0 large-vehicle 1
332.0 625.0 372.0 625.0 372.0 668.0 332.0 668.0 large-vehicle 1
236.0 624.0 285.0 624.0 285.0 657.0 236.0 657.0 large-vehicle 1
243.0 588.0 291.0 588.0 291.0 620.0 243.0 620.0 large-vehicle 1
249.0 553.0 298.0 553.0 298.0 585.0 249.0 585.0 large-vehicle 1
152.0 573.0 203.0 573.0 203.0 606.0 152.0 606.0 large-vehicle 1
162.0 518.0 215.0 518.0 215.0 552.0 162.0 552.0 large-vehicle 1
504.0 542.0 547.0 542.0 547.0 594.0 504.0 594.0 large-vehicle 0
442.0 500.0 487.0 500.0 487.0 556.0 442.0 556.0 large-vehicle 0
334.0 412.0 372.0 412.0 372.0 460.0 334.0 460.0 large-vehicle 0
254.0 352.0 291.0 352.0 291.0 397.0 254.0 397.0 large-vehicle 1
587.0 604.0 628.0 604.0 628.0 652.0 587.0 652.0 large-vehicle 1
704.0 401.0 762.0 401.0 762.0 441.0 704.0 441.0 large-vehicle 0
434.0 89.0 454.0 89.0 454.0 112.0 434.0 112.0 small-vehicle 1
190.0 98.0 209.0 98.0 209.0 110.0 190.0 110.0 small-vehicle 1
427.0 81.0 448.0 81.0 448.0 103.0 427.0 103.0 small-vehicle 1
419.0 71.0 441.0 71.0 441.0 94.0 419.0 94.0 small-vehicle 1
416.0 62.0 436.0 62.0 436.0 83.0 416.0 83.0 small-vehicle 1
412.0 48.0 431.0 48.0 431.0 70.0 412.0 70.0 small-vehicle 1
404.0 42.0 421.0 42.0 421.0 63.0 404.0 63.0 small-vehicle 1
166.0 299.0 193.0 299.0 193.0 316.0 166.0 316.0 large-vehicle 0
156.0 330.0 184.0 330.0 184.0 342.0 156.0 342.0 large-vehicle 0
51.0 325.0 77.0 325.0 77.0 352.0 51.0 352.0 small-vehicle 1
187.0 127.0 198.0 127.0 198.0 148.0 187.0 148.0 small-vehicle 1
211.0 150.0 223.0 150.0 223.0 171.0 211.0 171.0 small-vehicle 1
259.0 186.0 271.0 186.0 271.0 205.0 259.0 205.0 small-vehicle 1
248.0 140.0 270.0 140.0 270.0 153.0 248.0 153.0 small-vehicle 1
229.0 122.0 248.0 122.0 248.0 136.0 229.0 136.0 small-vehicle 1
218.0 113.0 239.0 113.0 239.0 127.0 218.0 127.0 small-vehicle 1
198.0 147.0 211.0 147.0 211.0 165.0 198.0 165.0 small-vehicle 1
204.0 108.0 225.0 108.0 225.0 121.0 204.0 121.0 small-vehicle 1
219.0 93.0 239.0 93.0 239.0 106.0 219.0 106.0 small-vehicle 1
573.0 296.0 593.0 296.0 593.0 319.0 573.0 319.0 small-vehicle 1
588.0 307.0 610.0 307.0 610.0 331.0 588.0 331.0 small-vehicle 1
828.0 248.0 849.0 248.0 849.0 261.0 828.0 261.0 small-vehicle 1
766.0 164.0 786.0 164.0 786.0 177.0 766.0 177.0 small-vehicle 1
770.0 142.0 789.0 142.0 789.0 156.0 770.0 156.0 small-vehicle 1
784.0 133.0 804.0 133.0 804.0 147.0 784.0 147.0 small-vehicle 1
799.0 122.0 818.0 122.0 818.0 134.0 799.0 134.0 small-vehicle 1
50.0 619.0 71.0 619.0 71.0 633.0 50.0 633.0 small-vehicle 1
725.0 739.0 746.0 739.0 746.0 754.0 725.0 754.0 small-vehicle 1
719.0 728.0 741.0 728.0 741.0 742.0 719.0 742.0 small-vehicle 1
704.0 677.0 726.0 677.0 726.0 694.0 704.0 694.0 small-vehicle 1
682.0 770.0 704.0 770.0 704.0 784.0 682.0 784.0 small-vehicle 1
680.0 760.0 701.0 760.0 701.0 772.0 680.0 772.0 small-vehicle 1
677.0 748.0 702.0 748.0 702.0 764.0 677.0 764.0 small-vehicle 1
674.0 739.0 698.0 739.0 698.0 753.0 674.0 753.0 small-vehicle 1
671.0 730.0 692.0 730.0 692.0 745.0 671.0 745.0 small-vehicle 1
668.0 722.0 687.0 722.0 687.0 735.0 668.0 735.0 small-vehicle 1
665.0 713.0 684.0 713.0 684.0 726.0 665.0 726.0 small-vehicle 1
667.0 784.0 690.0 784.0 690.0 798.0 667.0 798.0 small-vehicle 1
663.0 775.0 685.0 775.0 685.0 789.0 663.0 789.0 small-vehicle 1
661.0 765.0 682.0 765.0 682.0 780.0 661.0 780.0 small-vehicle 1
766.0 154.0 784.0 154.0 784.0 166.0 766.0 166.0 small-vehicle 1
763.0 177.0 785.0 177.0 785.0 189.0 763.0 189.0 small-vehicle 1
656.0 745.0 678.0 745.0 678.0 759.0 656.0 759.0 small-vehicle 1
762.0 186.0 781.0 186.0 781.0 198.0 762.0 198.0 small-vehicle 1
823.0 261.0 843.0 261.0 843.0 274.0 823.0 274.0 small-vehicle 1
825.0 272.0 842.0 272.0 842.0 285.0 825.0 285.0 small-vehicle 1
819.0 284.0 840.0 284.0 840.0 295.0 819.0 295.0 small-vehicle 1
816.0 296.0 833.0 296.0 833.0 308.0 816.0 308.0 small-vehicle 1
815.0 308.0 834.0 308.0 834.0 321.0 815.0 321.0 small-vehicle 1
774.0 322.0 798.0 322.0 798.0 341.0 774.0 341.0 small-vehicle 1
740.0 306.0 759.0 306.0 759.0 318.0 740.0 318.0 small-vehicle 1
744.0 296.0 761.0 296.0 761.0 306.0 744.0 306.0 small-vehicle 1
749.0 281.0 766.0 281.0 766.0 292.0 749.0 292.0 small-vehicle 1
717.0 240.0 734.0 240.0 734.0 260.0 717.0 260.0 small-vehicle 1
706.0 246.0 724.0 246.0 724.0 266.0 706.0 266.0 small-vehicle 1
700.0 254.0 713.0 254.0 713.0 272.0 700.0 272.0 small-vehicle 1
690.0 257.0 705.0 257.0 705.0 277.0 690.0 277.0 small-vehicle 1
681.0 260.0 696.0 260.0 696.0 279.0 681.0 279.0 small-vehicle 1
757.0 224.0 780.0 224.0 780.0 238.0 757.0 238.0 small-vehicle 1
762.0 213.0 781.0 213.0 781.0 225.0 762.0 225.0 small-vehicle 1
765.0 200.0 786.0 200.0 786.0 215.0 765.0 215.0 small-vehicle 1
657.0 755.0 679.0 755.0 679.0 769.0 657.0 769.0 small-vehicle 1
653.0 737.0 673.0 737.0 673.0 750.0 653.0 750.0 small-vehicle 1
597.0 312.0 618.0 312.0 618.0 336.0 597.0 336.0 small-vehicle 1
786.0 562.0 808.0 562.0 808.0 577.0 786.0 577.0 small-vehicle 1
737.0 776.0 757.0 776.0 757.0 791.0 737.0 791.0 small-vehicle 1
731.0 795.0 750.0 795.0 750.0 811.0 731.0 811.0 small-vehicle 1
727.0 803.0 746.0 803.0 746.0 821.0 727.0 821.0 small-vehicle 1
719.0 813.0 739.0 813.0 739.0 831.0 719.0 831.0 small-vehicle 1
711.0 821.0 732.0 821.0 732.0 838.0 711.0 838.0 small-vehicle 1
705.0 829.0 724.0 829.0 724.0 846.0 705.0 846.0 small-vehicle 1
651.0 846.0 669.0 846.0 669.0 868.0 651.0 868.0 small-vehicle 1
642.0 842.0 660.0 842.0 660.0 861.0 642.0 861.0 small-vehicle 1
632.0 836.0 650.0 836.0 650.0 855.0 632.0 855.0 small-vehicle 1
730.0 875.0 749.0 875.0 749.0 895.0 730.0 895.0 small-vehicle 1
623.0 830.0 640.0 830.0 640.0 849.0 623.0 849.0 small-vehicle 1
615.0 823.0 632.0 823.0 632.0 844.0 615.0 844.0 small-vehicle 1
607.0 818.0 624.0 818.0 624.0 837.0 607.0 837.0 small-vehicle 1
598.0 814.0 615.0 814.0 615.0 832.0 598.0 832.0 small-vehicle 1
542.0 447.0 559.0 447.0 559.0 466.0 542.0 466.0 small-vehicle 1
615.0 329.0 633.0 329.0 633.0 348.0 615.0 348.0 small-vehicle 1
608.0 322.0 627.0 322.0 627.0 343.0 608.0 343.0 small-vehicle 1
731.0 756.0 750.0 756.0 750.0 772.0 731.0 772.0 small-vehicle 1
777.0 577.0 794.0 577.0 794.0 591.0 777.0 591.0 small-vehicle 1
649.0 727.0 669.0 727.0 669.0 742.0 649.0 742.0 small-vehicle 1
701.0 597.0 717.0 597.0 717.0 614.0 701.0 614.0 small-vehicle 1
647.0 717.0 667.0 717.0 667.0 731.0 647.0 731.0 small-vehicle 1
641.0 697.0 664.0 697.0 664.0 711.0 641.0 711.0 small-vehicle 1
644.0 707.0 666.0 707.0 666.0 721.0 644.0 721.0 small-vehicle 1
619.0 720.0 633.0 720.0 633.0 741.0 619.0 741.0 small-vehicle 1
613.0 698.0 628.0 698.0 628.0 718.0 613.0 718.0 small-vehicle 1
640.0 687.0 659.0 687.0 659.0 699.0 640.0 699.0 small-vehicle 1
693.0 652.0 710.0 652.0 710.0 672.0 693.0 672.0 small-vehicle 1
674.0 640.0 697.0 640.0 697.0 663.0 674.0 663.0 small-vehicle 1
666.0 635.0 687.0 635.0 687.0 655.0 666.0 655.0 small-vehicle 1
653.0 622.0 674.0 622.0 674.0 646.0 653.0 646.0 small-vehicle 1
642.0 617.0 662.0 617.0 662.0 637.0 642.0 637.0 small-vehicle 1
620.0 620.0 640.0 620.0 640.0 637.0 620.0 637.0 small-vehicle 1
613.0 627.0 632.0 627.0 632.0 644.0 613.0 644.0 small-vehicle 1
605.0 635.0 627.0 635.0 627.0 654.0 605.0 654.0 small-vehicle 1
601.0 645.0 620.0 645.0 620.0 662.0 601.0 662.0 small-vehicle 1
595.0 654.0 617.0 654.0 617.0 672.0 595.0 672.0 small-vehicle 1
588.0 663.0 610.0 663.0 610.0 681.0 588.0 681.0 small-vehicle 1
247.0 42.0 308.0 42.0 308.0 65.0 247.0 65.0 large-vehicle 1
