imagesource:GoogleEarth
gsd:0.269825455979
932.0 16.0 943.0 16.0 943.0 38.0 932.0 38.0 small-vehicle 0
241.0 11.0 253.0 11.0 253.0 30.0 241.0 30.0 small-vehicle 0
259.0 103.0 269.0 103.0 269.0 123.0 259.0 123.0 small-vehicle 0
246.0 101.0 259.0 101.0 259.0 121.0 246.0 121.0 small-vehicle 0
258.0 79.0 270.0 79.0 270.0 100.0 258.0 100.0 small-vehicle 0
270.0 79.0 281.0 79.0 281.0 98.0 270.0 98.0 small-vehicle 0
270.0 61.0 280.0 61.0 280.0 79.0 270.0 79.0 small-vehicle 0
259.0 60.0 270.0 60.0 270.0 79.0 259.0 79.0 small-vehicle 0
247.0 70.0 257.0 70.0 257.0 91.0 247.0 91.0 small-vehicle 0
163.0 35.0 188.0 35.0 188.0 47.0 163.0 47.0 small-vehicle 0
166.0 11.0 184.0 11.0 184.0 22.0 166.0 22.0 small-vehicle 0
285.0 14.0 297.0 14.0 297.0 33.0 285.0 33.0 small-vehicle 0
263.0 15.0 272.0 15.0 272.0 40.0 263.0 40.0 small-vehicle 0
252.0 12.0 261.0 12.0 261.0 33.0 252.0 33.0 small-vehicle 0
228.0 11.0 239.0 11.0 239.0 30.0 228.0 30.0 small-vehicle 0
279.0 115.0 289.0 115.0 289.0 135.0 279.0 135.0 small-vehicle 0
37.0 1011.0 51.0 1011.0 51.0 1041.0 37.0 1041.0 large-vehicle 0
97.0 1005.0 110.0 1005.0 110.0 1029.0 97.0 1029.0 small-vehicle 0
97.0 1117.0 118.0 1117.0 118.0 1126.0 97.0 1126.0 small-vehicle 0
259.0 1180.0 285.0 1180.0 285.0 1210.0 259.0 1210.0 large-vehicle 0
275.0 1189.0 291.0 1189.0 291.0 1210.0 275.0 1210.0 small-vehicle 0
335.0 1216.0 352.0 1216.0 352.0 1241.0 335.0 1241.0 small-vehicle 0
322.0 1213.0 341.0 1213.0 341.0 1238.0 322.0 1238.0 small-vehicle 0
293.0 1198.0 311.0 1198.0 311.0 1219.0 293.0 1219.0 small-vehicle 0
303.0 1198.0 325.0 1198.0 325.0 1224.0 303.0 1224.0 small-vehicle 0
2510.0 1572.0 2554.0 1572.0 2554.0 1618.0 2510.0 1618.0 plane 0
1540.0 1745.0 1592.0 1745.0 1592.0 1792.0 1540.0 1792.0 plane 0
1489.0 1726.0 1548.0 1726.0 1548.0 1778.0 1489.0 1778.0 plane 0
268.0 117.0 279.0 117.0 279.0 142.0 268.0 142.0 small-vehicle 0
300.0 126.0 309.0 126.0 309.0 145.0 300.0 145.0 small-vehicle 0
918.0 16.0 933.0 16.0 933.0 40.0 918.0 40.0 small-vehicle 0
704.0 375.0 727.0 375.0 727.0 392.0 704.0 392.0 small-vehicle 0
696.0 112.0 709.0 112.0 709.0 134.0 696.0 134.0 small-vehicle 1
684.0 109.0 697.0 109.0 697.0 136.0 684.0 136.0 small-vehicle 1
671.0 115.0 684.0 115.0 684.0 135.0 671.0 135.0 small-vehicle 1
553.0 88.0 572.0 88.0 572.0 99.0 553.0 99.0 small-vehicle 1
377.0 121.0 388.0 121.0 388.0 138.0 377.0 138.0 small-vehicle 1
552.0 466.0 577.0 466.0 577.0 497.0 552.0 497.0 large-vehicle 0
587.0 454.0 604.0 454.0 604.0 477.0 587.0 477.0 small-vehicle 0
299.0 271.0 318.0 271.0 318.0 297.0 299.0 297.0 small-vehicle 0
549.0 68.0 575.0 68.0 575.0 79.0 549.0 79.0 large-vehicle 0
553.0 56.0 574.0 56.0 574.0 66.0 553.0 66.0 small-vehicle 0
555.0 33.0 576.0 33.0 576.0 43.0 555.0 43.0 small-vehicle 0
645.0 110.0 657.0 110.0 657.0 129.0 645.0 129.0 small-vehicle 0
716.0 337.0 741.0 337.0 741.0 354.0 716.0 354.0 small-vehicle 0
336.0 126.0 345.0 126.0 345.0 145.0 336.0 145.0 small-vehicle 0
676.0 310.0 698.0 310.0 698.0 327.0 676.0 327.0 small-vehicle 0
628.0 347.0 645.0 347.0 645.0 366.0 628.0 366.0 small-vehicle 0
629.0 361.0 647.0 361.0 647.0 382.0 629.0 382.0 small-vehicle 0
464.0 278.0 482.0 278.0 482.0 302.0 464.0 302.0 small-vehicle 0
479.0 52.0 491.0 52.0 491.0 72.0 479.0 72.0 small-vehicle 0
531.0 115.0 542.0 115.0 542.0 138.0 531.0 138.0 small-vehicle 0
518.0 116.0 529.0 116.0 529.0 138.0 518.0 138.0 small-vehicle 0
506.0 113.0 518.0 113.0 518.0 139.0 506.0 139.0 small-vehicle 0
493.0 112.0 505.0 112.0 505.0 140.0 493.0 140.0 small-vehicle 0
485.0 117.0 494.0 117.0 494.0 136.0 485.0 136.0 small-vehicle 0
347.0 125.0 357.0 125.0 357.0 147.0 347.0 147.0 small-vehicle 0
315.0 126.0 328.0 126.0 328.0 146.0 315.0 146.0 small-vehicle 0
1442.0 1708.0 1497.0 1708.0 1497.0 1756.0 1442.0 1756.0 plane 0
1349.0 1675.0 1401.0 1675.0 1401.0 1719.0 1349.0 1719.0 plane 0
1495.0 1622.0 1545.0 1622.0 1545.0 1665.0 1495.0 1665.0 plane 0
776.0 571.0 814.0 571.0 814.0 614.0 776.0 614.0 plane 0
1193.0 775.0 1241.0 775.0 1241.0 832.0 1193.0 832.0 plane 0
1212.0 730.0 1255.0 730.0 1255.0 785.0 1212.0 785.0 plane 0
1038.0 774.0 1082.0 774.0 1082.0 828.0 1038.0 828.0 plane 0
1042.0 696.0 1082.0 696.0 1082.0 741.0 1042.0 741.0 plane 0
1058.0 730.0 1096.0 730.0 1096.0 777.0 1058.0 777.0 plane 0
1061.0 648.0 1104.0 648.0 1104.0 696.0 1061.0 696.0 plane 0
897.0 722.0 943.0 722.0 943.0 774.0 897.0 774.0 plane 0
921.0 675.0 960.0 675.0 960.0 726.0 921.0 726.0 plane 0
938.0 629.0 979.0 629.0 979.0 678.0 938.0 678.0 plane 0
921.0 594.0 964.0 594.0 964.0 644.0 921.0 644.0 plane 0
759.0 618.0 799.0 618.0 799.0 665.0 759.0 665.0 plane 0
792.0 602.0 832.0 602.0 832.0 649.0 792.0 649.0 plane 0
812.0 558.0 851.0 558.0 851.0 601.0 812.0 601.0 plane 0
1479.0 1585.0 1531.0 1585.0 1531.0 1630.0 1479.0 1630.0 plane 0
487.0 544.0 528.0 544.0 528.0 589.0 487.0 589.0 plane 0
551.0 614.0 598.0 614.0 598.0 661.0 551.0 661.0 plane 0
499.0 576.0 559.0 576.0 559.0 631.0 499.0 631.0 plane 0
395.0 514.0 453.0 514.0 453.0 578.0 395.0 578.0 plane 0
337.0 260.0 382.0 260.0 382.0 301.0 337.0 301.0 plane 0
540.0 339.0 582.0 339.0 582.0 387.0 540.0 387.0 plane 0
461.0 323.0 506.0 323.0 506.0 368.0 461.0 368.0 plane 0
425.0 303.0 458.0 303.0 458.0 343.0 425.0 343.0 plane 0
160.0 1540.0 183.0 1540.0 183.0 1567.0 160.0 1567.0 swimming-pool 0
114.0 2460.0 151.0 2460.0 151.0 2476.0 114.0 2476.0 swimming-pool 0
18.0 1798.0 61.0 1798.0 61.0 1821.0 18.0 1821.0 swimming-pool 0
126.0 1749.0 160.0 1749.0 160.0 1789.0 126.0 1789.0 swimming-pool 0
1161.0 792.0 1202.0 792.0 1202.0 846.0 1161.0 846.0 plane 0
1352.0 785.0 1392.0 785.0 1392.0 833.0 1352.0 833.0 plane 0
1329.0 831.0 1378.0 831.0 1378.0 882.0 1329.0 882.0 plane 0
1316.0 878.0 1356.0 878.0 1356.0 925.0 1316.0 925.0 plane 0
1542.0 1640.0 1591.0 1640.0 1591.0 1684.0 1542.0 1684.0 plane 0
1532.0 1606.0 1579.0 1606.0 1579.0 1643.0 1532.0 1643.0 plane 0
1578.0 1619.0 1623.0 1619.0 1623.0 1661.0 1578.0 1661.0 plane 0
1616.0 1596.0 1658.0 1596.0 1658.0 1645.0 1616.0 1645.0 plane 0
1000.0 1684.0 1032.0 1684.0 1032.0 1704.0 1000.0 1704.0 large-vehicle 0
1032.0 1818.0 1053.0 1818.0 1053.0 1849.0 1032.0 1849.0 large-vehicle 0
875.0 1609.0 911.0 1609.0 911.0 1654.0 875.0 1654.0 plane 0
335.0 496.0 365.0 496.0 365.0 531.0 335.0 531.0 plane 0
893.0 1641.0 935.0 1641.0 935.0 1686.0 893.0 1686.0 plane 0
922.0 1545.0 956.0 1545.0 956.0 1587.0 922.0 1587.0 plane 0
931.0 1493.0 971.0 1493.0 971.0 1539.0 931.0 1539.0 plane 0
1105.0 1468.0 1160.0 1468.0 1160.0 1519.0 1105.0 1519.0 plane 0
1182.0 1472.0 1238.0 1472.0 1238.0 1521.0 1182.0 1521.0 plane 0
1230.0 1493.0 1284.0 1493.0 1284.0 1541.0 1230.0 1541.0 plane 0
1663.0 1549.0 1708.0 1549.0 1708.0 1589.0 1663.0 1589.0 plane 0
1615.0 1531.0 1663.0 1531.0 1663.0 1570.0 1615.0 1570.0 plane 0
1566.0 1510.0 1615.0 1510.0 1615.0 1551.0 1566.0 1551.0 plane 0
1522.0 1495.0 1569.0 1495.0 1569.0 1535.0 1522.0 1535.0 plane 0
1474.0 1473.0 1520.0 1473.0 1520.0 1514.0 1474.0 1514.0 plane 0
1425.0 1457.0 1475.0 1457.0 1475.0 1499.0 1425.0 1499.0 plane 0
1378.0 1440.0 1425.0 1440.0 1425.0 1479.0 1378.0 1479.0 plane 0
1182.0 1365.0 1236.0 1365.0 1236.0 1409.0 1182.0 1409.0 plane 0
1234.0 1383.0 1284.0 1383.0 1284.0 1424.0 1234.0 1424.0 plane 0
1282.0 1400.0 1334.0 1400.0 1334.0 1443.0 1282.0 1443.0 plane 0
1484.0 827.0 1533.0 827.0 1533.0 893.0 1484.0 893.0 plane 0
708.0 106.0 723.0 106.0 723.0 136.0 708.0 136.0 small-vehicle 1
725.0 115.0 738.0 115.0 738.0 135.0 725.0 135.0 small-vehicle 1
730.0 84.0 741.0 84.0 741.0 105.0 730.0 105.0 small-vehicle 1
827.0 134.0 860.0 134.0 860.0 148.0 827.0 148.0 ship 0
1526.0 127.0 1539.0 127.0 1539.0 152.0 1526.0 152.0 small-vehicle 1
1513.0 129.0 1526.0 129.0 1526.0 154.0 1513.0 154.0 small-vehicle 1
1501.0 128.0 1512.0 128.0 1512.0 148.0 1501.0 148.0 small-vehicle 1
1497.0 64.0 1515.0 64.0 1515.0 85.0 1497.0 85.0 small-vehicle 1
1462.0 62.0 1478.0 62.0 1478.0 84.0 1462.0 84.0 small-vehicle 1
1423.0 66.0 1435.0 66.0 1435.0 92.0 1423.0 92.0 small-vehicle 1
1488.0 129.0 1501.0 129.0 1501.0 148.0 1488.0 148.0 small-vehicle 1
1475.0 129.0 1488.0 129.0 1488.0 149.0 1475.0 149.0 small-vehicle 1
1401.0 93.0 1424.0 93.0 1424.0 107.0 1401.0 107.0 small-vehicle 1
1401.0 107.0 1425.0 107.0 1425.0 118.0 1401.0 118.0 small-vehicle 1
1394.0 127.0 1408.0 127.0 1408.0 150.0 1394.0 150.0 small-vehicle 1
1372.0 127.0 1384.0 127.0 1384.0 148.0 1372.0 148.0 small-vehicle 1
942.0 84.0 965.0 84.0 965.0 96.0 942.0 96.0 ship 0
1240.0 1826.0 1256.0 1826.0 1256.0 1846.0 1240.0 1846.0 small-vehicle 1
939.0 63.0 963.0 63.0 963.0 73.0 939.0 73.0 small-vehicle 1
767.0 67.0 788.0 67.0 788.0 77.0 767.0 77.0 small-vehicle 1
759.0 35.0 779.0 35.0 779.0 43.0 759.0 43.0 small-vehicle 1
725.0 42.0 743.0 42.0 743.0 52.0 725.0 52.0 small-vehicle 1
747.0 107.0 758.0 107.0 758.0 128.0 747.0 128.0 small-vehicle 1
1291.0 613.0 1314.0 613.0 1314.0 634.0 1291.0 634.0 small-vehicle 1
1010.0 1666.0 1037.0 1666.0 1037.0 1684.0 1010.0 1684.0 small-vehicle 1
1325.0 1857.0 1339.0 1857.0 1339.0 1877.0 1325.0 1877.0 small-vehicle 1
1302.0 1848.0 1320.0 1848.0 1320.0 1870.0 1302.0 1870.0 small-vehicle 0
1264.0 1857.0 1281.0 1857.0 1281.0 1882.0 1264.0 1882.0 small-vehicle 0
1271.0 1832.0 1289.0 1832.0 1289.0 1858.0 1271.0 1858.0 small-vehicle 0
1260.0 1835.0 1277.0 1835.0 1277.0 1855.0 1260.0 1855.0 small-vehicle 0
1550.0 128.0 1558.0 128.0 1558.0 148.0 1550.0 148.0 small-vehicle 1
1539.0 127.0 1549.0 127.0 1549.0 147.0 1539.0 147.0 small-vehicle 1
1559.0 129.0 1569.0 129.0 1569.0 148.0 1559.0 148.0 small-vehicle 1
1571.0 128.0 1580.0 128.0 1580.0 148.0 1571.0 148.0 small-vehicle 1
2399.0 969.0 2423.0 969.0 2423.0 979.0 2399.0 979.0 small-vehicle 1
1593.0 73.0 1616.0 73.0 1616.0 84.0 1593.0 84.0 small-vehicle 1
1863.0 730.0 1884.0 730.0 1884.0 742.0 1863.0 742.0 small-vehicle 1
1862.0 743.0 1882.0 743.0 1882.0 758.0 1862.0 758.0 small-vehicle 1
1892.0 754.0 1911.0 754.0 1911.0 777.0 1892.0 777.0 small-vehicle 1
2047.0 768.0 2066.0 768.0 2066.0 779.0 2047.0 779.0 small-vehicle 1
2045.0 756.0 2066.0 756.0 2066.0 768.0 2045.0 768.0 small-vehicle 1
1989.0 754.0 2008.0 754.0 2008.0 764.0 1989.0 764.0 small-vehicle 1
1985.0 731.0 2013.0 731.0 2013.0 740.0 1985.0 740.0 small-vehicle 1
1985.0 696.0 2011.0 696.0 2011.0 709.0 1985.0 709.0 small-vehicle 1
1986.0 684.0 2007.0 684.0 2007.0 695.0 1986.0 695.0 small-vehicle 1
1987.0 672.0 2005.0 672.0 2005.0 684.0 1987.0 684.0 small-vehicle 1
1983.0 643.0 2008.0 643.0 2008.0 659.0 1983.0 659.0 small-vehicle 1
1846.0 541.0 1862.0 541.0 1862.0 568.0 1846.0 568.0 small-vehicle 1
1480.0 2326.0 1496.0 2326.0 1496.0 2346.0 1480.0 2346.0 small-vehicle 1
1468.0 2320.0 1487.0 2320.0 1487.0 2343.0 1468.0 2343.0 small-vehicle 1
1438.0 2307.0 1454.0 2307.0 1454.0 2328.0 1438.0 2328.0 small-vehicle 1
1422.0 2301.0 1444.0 2301.0 1444.0 2329.0 1422.0 2329.0 small-vehicle 1
1365.0 2283.0 1383.0 2283.0 1383.0 2309.0 1365.0 2309.0 small-vehicle 1
1349.0 2278.0 1365.0 2278.0 1365.0 2300.0 1349.0 2300.0 small-vehicle 1
1381.0 2140.0 1436.0 2140.0 1436.0 2173.0 1381.0 2173.0 large-vehicle 0
1555.0 727.0 1598.0 727.0 1598.0 770.0 1555.0 770.0 large-vehicle 0
1570.0 716.0 1611.0 716.0 1611.0 758.0 1570.0 758.0 large-vehicle 0
1529.0 375.0 1554.0 375.0 1554.0 390.0 1529.0 390.0 ship 1
1564.0 174.0 1584.0 174.0 1584.0 184.0 1564.0 184.0 small-vehicle 1
1250.0 1830.0 1268.0 1830.0 1268.0 1851.0 1250.0 1851.0 small-vehicle 0
978.0 1779.0 991.0 1779.0 991.0 1800.0 978.0 1800.0 small-vehicle 1
647.0 383.0 661.0 383.0 661.0 400.0 647.0 400.0 small-vehicle 1
588.0 2099.0 610.0 2099.0 610.0 2111.0 588.0 2111.0 small-vehicle 0
1168.0 1877.0 1186.0 1877.0 1186.0 1896.0 1168.0 1896.0 small-vehicle 0
1156.0 1867.0 1173.0 1867.0 1173.0 1887.0 1156.0 1887.0 small-vehicle 0
134.0 2514.0 144.0 2514.0 144.0 2533.0 134.0 2533.0 ship 0
270.0 2523.0 288.0 2523.0 288.0 2535.0 270.0 2535.0 small-vehicle 0
311.0 2518.0 320.0 2518.0 320.0 2536.0 311.0 2536.0 small-vehicle 0
334.0 2519.0 345.0 2519.0 345.0 2540.0 334.0 2540.0 small-vehicle 0
496.0 2517.0 519.0 2517.0 519.0 2539.0 496.0 2539.0 small-vehicle 0
451.0 2475.0 474.0 2475.0 474.0 2497.0 451.0 2497.0 small-vehicle 0
421.0 2463.0 443.0 2463.0 443.0 2485.0 421.0 2485.0 small-vehicle 0
381.0 2405.0 404.0 2405.0 404.0 2428.0 381.0 2428.0 small-vehicle 0
210.0 2240.0 236.0 2240.0 236.0 2265.0 210.0 2265.0 ship 0
677.0 2106.0 688.0 2106.0 688.0 2129.0 677.0 2129.0 small-vehicle 0
432.0 2143.0 454.0 2143.0 454.0 2155.0 432.0 2155.0 small-vehicle 0
1087.0 1843.0 1104.0 1843.0 1104.0 1864.0 1087.0 1864.0 small-vehicle 1
77.0 2019.0 94.0 2019.0 94.0 2035.0 77.0 2035.0 small-vehicle 0
83.0 2026.0 104.0 2026.0 104.0 2044.0 83.0 2044.0 small-vehicle 0
365.0 1225.0 394.0 1225.0 394.0 1259.0 365.0 1259.0 ship 0
628.0 512.0 645.0 512.0 645.0 534.0 628.0 534.0 small-vehicle 1
620.0 508.0 637.0 508.0 637.0 529.0 620.0 529.0 small-vehicle 1
609.0 498.0 629.0 498.0 629.0 524.0 609.0 524.0 small-vehicle 1
599.0 459.0 619.0 459.0 619.0 482.0 599.0 482.0 small-vehicle 1
686.0 432.0 712.0 432.0 712.0 456.0 686.0 456.0 small-vehicle 1
675.0 419.0 691.0 419.0 691.0 439.0 675.0 439.0 small-vehicle 1
664.0 412.0 680.0 412.0 680.0 435.0 664.0 435.0 small-vehicle 1
653.0 409.0 669.0 409.0 669.0 430.0 653.0 430.0 small-vehicle 1
657.0 388.0 675.0 388.0 675.0 408.0 657.0 408.0 small-vehicle 1
1078.0 1766.0 1094.0 1766.0 1094.0 1788.0 1078.0 1788.0 ship 0
1071.0 1785.0 1085.0 1785.0 1085.0 1807.0 1071.0 1807.0 small-vehicle 0
1082.0 1789.0 1098.0 1789.0 1098.0 1810.0 1082.0 1810.0 small-vehicle 0
1090.0 1769.0 1105.0 1769.0 1105.0 1791.0 1090.0 1791.0 ship 0
429.0 1362.0 452.0 1362.0 452.0 1376.0 429.0 1376.0 small-vehicle 1
39.0 1382.0 54.0 1382.0 54.0 1404.0 39.0 1404.0 small-vehicle 1
94.0 1294.0 113.0 1294.0 113.0 1304.0 94.0 1304.0 small-vehicle 1
1105.0 1849.0 1123.0 1849.0 1123.0 1871.0 1105.0 1871.0 small-vehicle 0
1121.0 1854.0 1135.0 1854.0 1135.0 1874.0 1121.0 1874.0 small-vehicle 0
1231.0 1845.0 1247.0 1845.0 1247.0 1867.0 1231.0 1867.0 small-vehicle 0
1207.0 1837.0 1226.0 1837.0 1226.0 1858.0 1207.0 1858.0 small-vehicle 0
1198.0 1831.0 1216.0 1831.0 1216.0 1856.0 1198.0 1856.0 small-vehicle 0
1188.0 1828.0 1205.0 1828.0 1205.0 1848.0 1188.0 1848.0 small-vehicle 0
1179.0 1823.0 1197.0 1823.0 1197.0 1845.0 1179.0 1845.0 small-vehicle 0
1166.0 1819.0 1185.0 1819.0 1185.0 1841.0 1166.0 1841.0 small-vehicle 0
1146.0 1814.0 1165.0 1814.0 1165.0 1835.0 1146.0 1835.0 small-vehicle 0
1206.0 1814.0 1223.0 1814.0 1223.0 1836.0 1206.0 1836.0 small-vehicle 0
1197.0 1809.0 1213.0 1809.0 1213.0 1831.0 1197.0 1831.0 small-vehicle 0
1188.0 1806.0 1203.0 1806.0 1203.0 1825.0 1188.0 1825.0 small-vehicle 0
1178.0 1800.0 1193.0 1800.0 1193.0 1822.0 1178.0 1822.0 small-vehicle 0
1165.0 1796.0 1185.0 1796.0 1185.0 1820.0 1165.0 1820.0 small-vehicle 0
1155.0 1794.0 1171.0 1794.0 1171.0 1814.0 1155.0 1814.0 small-vehicle 0
1144.0 1790.0 1160.0 1790.0 1160.0 1811.0 1144.0 1811.0 small-vehicle 0
1133.0 1786.0 1149.0 1786.0 1149.0 1809.0 1133.0 1809.0 small-vehicle 0
1124.0 1783.0 1138.0 1783.0 1138.0 1804.0 1124.0 1804.0 small-vehicle 0
1092.0 1794.0 1110.0 1794.0 1110.0 1816.0 1092.0 1816.0 small-vehicle 0
1103.0 1801.0 1119.0 1801.0 1119.0 1823.0 1103.0 1823.0 small-vehicle 0
1111.0 1778.0 1129.0 1778.0 1129.0 1804.0 1111.0 1804.0 ship 0
1100.0 1775.0 1116.0 1775.0 1116.0 1797.0 1100.0 1797.0 ship 0
163.0 256.0 207.0 256.0 207.0 289.0 163.0 289.0 plane 0
