imagesource:GoogleEarth
gsd:0.555516155798
835.0 444.0 840.0 444.0 840.0 452.0 835.0 452.0 small-vehicle 1
728.0 516.0 736.0 516.0 736.0 526.0 728.0 526.0 small-vehicle 1
561.0 1088.0 573.0 1088.0 573.0 1094.0 561.0 1094.0 small-vehicle 1
621.0 1089.0 633.0 1089.0 633.0 1095.0 621.0 1095.0 small-vehicle 1
648.0 1082.0 660.0 1082.0 660.0 1089.0 648.0 1089.0 small-vehicle 1
734.0 1084.0 745.0 1084.0 745.0 1089.0 734.0 1089.0 small-vehicle 1
655.0 1056.0 667.0 1056.0 667.0 1062.0 655.0 1062.0 small-vehicle 1
853.0 1097.0 866.0 1097.0 866.0 1104.0 853.0 1104.0 small-vehicle 1
685.0 751.0 695.0 751.0 695.0 763.0 685.0 763.0 small-vehicle 1
680.0 754.0 689.0 754.0 689.0 764.0 680.0 764.0 small-vehicle 1
675.0 757.0 684.0 757.0 684.0 768.0 675.0 768.0 small-vehicle 1
739.0 797.0 751.0 797.0 751.0 803.0 739.0 803.0 small-vehicle 1
744.0 789.0 756.0 789.0 756.0 796.0 744.0 796.0 small-vehicle 1
742.0 780.0 754.0 780.0 754.0 784.0 742.0 784.0 small-vehicle 1
742.0 758.0 755.0 758.0 755.0 764.0 742.0 764.0 small-vehicle 1
749.0 747.0 762.0 747.0 762.0 754.0 749.0 754.0 small-vehicle 1
751.0 740.0 761.0 740.0 761.0 746.0 751.0 746.0 small-vehicle 1
557.0 1095.0 568.0 1095.0 568.0 1102.0 557.0 1102.0 small-vehicle 1
476.0 1087.0 487.0 1087.0 487.0 1093.0 476.0 1093.0 small-vehicle 1
346.0 1047.0 356.0 1047.0 356.0 1054.0 346.0 1054.0 small-vehicle 1
892.0 556.0 914.0 556.0 914.0 598.0 892.0 598.0 tennis-court 0
855.0 487.0 875.0 487.0 875.0 530.0 855.0 530.0 tennis-court 0
899.0 489.0 920.0 489.0 920.0 533.0 899.0 533.0 tennis-court 0
924.0 491.0 944.0 491.0 944.0 535.0 924.0 535.0 tennis-court 0
807.0 550.0 828.0 550.0 828.0 593.0 807.0 593.0 tennis-court 0
834.0 551.0 854.0 551.0 854.0 594.0 834.0 594.0 tennis-court 0
865.0 554.0 887.0 554.0 887.0 596.0 865.0 596.0 tennis-court 0
312.0 1037.0 554.0 1037.0 554.0 1111.0 312.0 1111.0 bridge 0
325.0 1078.0 336.0 1078.0 336.0 1084.0 325.0 1084.0 small-vehicle 1
713.0 848.0 726.0 848.0 726.0 986.0 713.0 986.0 bridge 0
50.0 1086.0 61.0 1086.0 61.0 1093.0 50.0 1093.0 small-vehicle 1
124.0 1086.0 134.0 1086.0 134.0 1093.0 124.0 1093.0 small-vehicle 1
169.0 1092.0 181.0 1092.0 181.0 1098.0 169.0 1098.0 small-vehicle 1
250.0 1079.0 263.0 1079.0 263.0 1085.0 250.0 1085.0 small-vehicle 1
280.0 1085.0 292.0 1085.0 292.0 1092.0 280.0 1092.0 small-vehicle 1
750.0 733.0 761.0 733.0 761.0 739.0 750.0 739.0 small-vehicle 1
754.0 726.0 769.0 726.0 769.0 733.0 754.0 733.0 small-vehicle 1
745.0 763.0 756.0 763.0 756.0 770.0 745.0 770.0 small-vehicle 1
724.0 555.0 732.0 555.0 732.0 565.0 724.0 565.0 small-vehicle 1
723.0 589.0 731.0 589.0 731.0 602.0 723.0 602.0 small-vehicle 1
716.0 586.0 727.0 586.0 727.0 599.0 716.0 599.0 small-vehicle 1
712.0 582.0 720.0 582.0 720.0 597.0 712.0 597.0 small-vehicle 1
747.0 566.0 753.0 566.0 753.0 576.0 747.0 576.0 small-vehicle 1
738.0 564.0 746.0 564.0 746.0 574.0 738.0 574.0 small-vehicle 1
733.0 562.0 741.0 562.0 741.0 572.0 733.0 572.0 small-vehicle 1
718.0 554.0 726.0 554.0 726.0 565.0 718.0 565.0 small-vehicle 1
1125.0 206.0 1224.0 206.0 1224.0 300.0 1125.0 300.0 swimming-pool 0
733.0 548.0 741.0 548.0 741.0 559.0 733.0 559.0 small-vehicle 1
728.0 547.0 735.0 547.0 735.0 556.0 728.0 556.0 small-vehicle 1
749.0 555.0 756.0 555.0 756.0 565.0 749.0 565.0 small-vehicle 1
757.0 556.0 763.0 556.0 763.0 564.0 757.0 564.0 small-vehicle 1
744.0 520.0 752.0 520.0 752.0 531.0 744.0 531.0 small-vehicle 1
739.0 519.0 746.0 519.0 746.0 530.0 739.0 530.0 small-vehicle 1
733.0 594.0 741.0 594.0 741.0 605.0 733.0 605.0 small-vehicle 1
1094.0 122.0 1190.0 122.0 1190.0 220.0 1094.0 220.0 swimming-pool 0
744.0 770.0 755.0 770.0 755.0 777.0 744.0 777.0 small-vehicle 1
1058.0 414.0 1064.0 414.0 1064.0 425.0 1058.0 425.0 small-vehicle 1
874.0 445.0 880.0 445.0 880.0 456.0 874.0 456.0 small-vehicle 1
880.0 445.0 886.0 445.0 886.0 457.0 880.0 457.0 small-vehicle 1
896.0 448.0 901.0 448.0 901.0 457.0 896.0 457.0 small-vehicle 1
902.0 449.0 907.0 449.0 907.0 458.0 902.0 458.0 small-vehicle 1
1017.0 415.0 1023.0 415.0 1023.0 427.0 1017.0 427.0 small-vehicle 1
1046.0 415.0 1053.0 415.0 1053.0 428.0 1046.0 428.0 small-vehicle 1
1024.0 386.0 1029.0 386.0 1029.0 396.0 1024.0 396.0 small-vehicle 1
1345.0 1091.0 1358.0 1091.0 1358.0 1097.0 1345.0 1097.0 small-vehicle 1
1031.0 386.0 1035.0 386.0 1035.0 397.0 1031.0 397.0 small-vehicle 1
1076.0 414.0 1082.0 414.0 1082.0 425.0 1076.0 425.0 small-vehicle 1
913.0 1067.0 923.0 1067.0 923.0 1072.0 913.0 1072.0 small-vehicle 1
1082.0 1101.0 1094.0 1101.0 1094.0 1107.0 1082.0 1107.0 small-vehicle 1
1144.0 1096.0 1154.0 1096.0 1154.0 1102.0 1144.0 1102.0 small-vehicle 1
1255.0 1103.0 1270.0 1103.0 1270.0 1109.0 1255.0 1109.0 small-vehicle 1
827.0 485.0 849.0 485.0 849.0 529.0 827.0 529.0 tennis-court 0
