imagesource:GoogleEarth
gsd:0.281139858924
29.0 1025.0 40.0 1025.0 40.0 1032.0 29.0 1032.0 small-vehicle 1
22.0 918.0 33.0 918.0 33.0 923.0 22.0 923.0 small-vehicle 1
166.0 1121.0 289.0 1121.0 289.0 1297.0 166.0 1297.0 soccer-ball-field 0
416.0 873.0 543.0 873.0 543.0 1048.0 416.0 1048.0 soccer-ball-field 0
322.0 1059.0 700.0 1059.0 700.0 1293.0 322.0 1293.0 soccer-ball-field 0
213.0 678.0 424.0 678.0 424.0 941.0 213.0 941.0 soccer-ball-field 0
555.0 732.0 712.0 732.0 712.0 1000.0 555.0 1000.0 soccer-ball-field 0
565.0 540.0 663.0 540.0 663.0 597.0 565.0 597.0 soccer-ball-field 0
564.0 466.0 662.0 466.0 662.0 523.0 564.0 523.0 soccer-ball-field 0
535.0 369.0 676.0 369.0 676.0 450.0 535.0 450.0 soccer-ball-field 0
534.0 271.0 676.0 271.0 676.0 353.0 534.0 353.0 soccer-ball-field 0
221.0 273.0 512.0 273.0 512.0 561.0 221.0 561.0 soccer-ball-field 0
394.0 447.0 541.0 447.0 541.0 586.0 394.0 586.0 baseball-diamond 0
49.0 892.0 73.0 892.0 73.0 930.0 49.0 930.0 swimming-pool 0
58.0 992.0 74.0 992.0 74.0 1021.0 58.0 1021.0 swimming-pool 0
29.0 621.0 49.0 621.0 49.0 655.0 29.0 655.0 swimming-pool 0
24.0 533.0 56.0 533.0 56.0 548.0 24.0 548.0 swimming-pool 0
59.0 411.0 76.0 411.0 76.0 440.0 59.0 440.0 swimming-pool 0
583.0 191.0 603.0 191.0 603.0 210.0 583.0 210.0 swimming-pool 0
61.0 173.0 99.0 173.0 99.0 194.0 61.0 194.0 swimming-pool 0
262.0 172.0 302.0 172.0 302.0 192.0 262.0 192.0 swimming-pool 0
172.0 936.0 297.0 936.0 297.0 1116.0 172.0 1116.0 soccer-ball-field 0
395.0 681.0 527.0 681.0 527.0 829.0 395.0 829.0 baseball-diamond 0
784.0 900.0 826.0 900.0 826.0 986.0 784.0 986.0 tennis-court 0
1104.0 682.0 1114.0 682.0 1114.0 699.0 1104.0 699.0 small-vehicle 1
337.0 86.0 346.0 86.0 346.0 105.0 337.0 105.0 small-vehicle 0
139.0 53.0 159.0 53.0 159.0 63.0 139.0 63.0 small-vehicle 0
1067.0 1366.0 1087.0 1366.0 1087.0 1376.0 1067.0 1376.0 small-vehicle 1
1057.0 1350.0 1074.0 1350.0 1074.0 1362.0 1057.0 1362.0 small-vehicle 1
1201.0 730.0 1211.0 730.0 1211.0 748.0 1201.0 748.0 small-vehicle 1
1193.0 685.0 1204.0 685.0 1204.0 703.0 1193.0 703.0 small-vehicle 1
1181.0 686.0 1194.0 686.0 1194.0 708.0 1181.0 708.0 small-vehicle 1
1128.0 682.0 1139.0 682.0 1139.0 704.0 1128.0 704.0 small-vehicle 1
1156.0 235.0 1182.0 235.0 1182.0 247.0 1156.0 247.0 small-vehicle 1
833.0 901.0 876.0 901.0 876.0 986.0 833.0 986.0 tennis-court 0
1175.0 316.0 1199.0 316.0 1199.0 328.0 1175.0 328.0 small-vehicle 1
941.0 20.0 980.0 20.0 980.0 40.0 941.0 40.0 swimming-pool 0
720.0 716.0 1010.0 716.0 1010.0 1346.0 720.0 1346.0 ground-track-field 0
880.0 1037.0 924.0 1037.0 924.0 1125.0 880.0 1125.0 tennis-court 0
831.0 1037.0 873.0 1037.0 873.0 1124.0 831.0 1124.0 tennis-court 0
780.0 1035.0 823.0 1035.0 823.0 1123.0 780.0 1123.0 tennis-court 0
699.0 306.0 922.0 306.0 922.0 666.0 699.0 666.0 soccer-ball-field 0
883.0 902.0 926.0 902.0 926.0 988.0 883.0 988.0 tennis-court 0
127.0 172.0 164.0 172.0 164.0 190.0 127.0 190.0 swimming-pool 0
