imagesource:GoogleEarth
gsd:0.566503731265
4104.0 1296.0 4116.0 1296.0 4116.0 1313.0 4104.0 1313.0 small-vehicle 1
1088.0 1337.0 1101.0 1337.0 1101.0 1348.0 1088.0 1348.0 small-vehicle 1
4198.0 1405.0 4205.0 1405.0 4205.0 1417.0 4198.0 1417.0 small-vehicle 1
4371.0 1228.0 4377.0 1228.0 4377.0 1240.0 4371.0 1240.0 small-vehicle 1
4360.0 1231.0 4366.0 1231.0 4366.0 1240.0 4360.0 1240.0 small-vehicle 1
4307.0 933.0 4318.0 933.0 4318.0 947.0 4307.0 947.0 small-vehicle 1
4223.0 953.0 4232.0 953.0 4232.0 967.0 4223.0 967.0 small-vehicle 1
4109.0 937.0 4122.0 937.0 4122.0 945.0 4109.0 945.0 small-vehicle 1
4112.0 911.0 4125.0 911.0 4125.0 921.0 4112.0 921.0 small-vehicle 1
4077.0 1296.0 4083.0 1296.0 4083.0 1308.0 4077.0 1308.0 small-vehicle 1
4162.0 1008.0 4174.0 1008.0 4174.0 1019.0 4162.0 1019.0 small-vehicle 1
1410.0 186.0 1420.0 186.0 1420.0 191.0 1410.0 191.0 small-vehicle 1
1466.0 1125.0 1474.0 1125.0 1474.0 1136.0 1466.0 1136.0 small-vehicle 1
1383.0 1062.0 1390.0 1062.0 1390.0 1074.0 1383.0 1074.0 small-vehicle 1
1420.0 1173.0 1428.0 1173.0 1428.0 1183.0 1420.0 1183.0 small-vehicle 1
1405.0 1170.0 1412.0 1170.0 1412.0 1180.0 1405.0 1180.0 small-vehicle 1
1297.0 1301.0 1313.0 1301.0 1313.0 1309.0 1297.0 1309.0 small-vehicle 1
1049.0 1703.0 1055.0 1703.0 1055.0 1720.0 1049.0 1720.0 small-vehicle 1
1043.0 1704.0 1049.0 1704.0 1049.0 1719.0 1043.0 1719.0 small-vehicle 1
1035.0 1704.0 1041.0 1704.0 1041.0 1718.0 1035.0 1718.0 small-vehicle 1
992.0 1432.0 1000.0 1432.0 1000.0 1442.0 992.0 1442.0 small-vehicle 1
4145.0 1402.0 4159.0 1402.0 4159.0 1408.0 4145.0 1408.0 small-vehicle 1
4051.0 1415.0 4069.0 1415.0 4069.0 1424.0 4051.0 1424.0 small-vehicle 1
4096.0 1488.0 4106.0 1488.0 4106.0 1505.0 4096.0 1505.0 large-vehicle 1
4319.0 1300.0 4327.0 1300.0 4327.0 1314.0 4319.0 1314.0 small-vehicle 1
4719.0 1730.0 4727.0 1730.0 4727.0 1742.0 4719.0 1742.0 small-vehicle 1
4730.0 1733.0 4737.0 1733.0 4737.0 1747.0 4730.0 1747.0 small-vehicle 1
4552.0 1724.0 4562.0 1724.0 4562.0 1735.0 4552.0 1735.0 small-vehicle 1
4526.0 1539.0 4541.0 1539.0 4541.0 1550.0 4526.0 1550.0 small-vehicle 1
4273.0 1644.0 4279.0 1644.0 4279.0 1655.0 4273.0 1655.0 small-vehicle 1
4287.0 1646.0 4297.0 1646.0 4297.0 1659.0 4287.0 1659.0 small-vehicle 1
4356.0 1268.0 4361.0 1268.0 4361.0 1278.0 4356.0 1278.0 small-vehicle 1
4365.0 1282.0 4371.0 1282.0 4371.0 1292.0 4365.0 1292.0 small-vehicle 1
4202.0 1564.0 4214.0 1564.0 4214.0 1574.0 4202.0 1574.0 small-vehicle 1
4210.0 1520.0 4220.0 1520.0 4220.0 1529.0 4210.0 1529.0 small-vehicle 1
4192.0 1592.0 4206.0 1592.0 4206.0 1602.0 4192.0 1602.0 small-vehicle 1
4036.0 1569.0 4045.0 1569.0 4045.0 1582.0 4036.0 1582.0 small-vehicle 1
4029.0 1568.0 4038.0 1568.0 4038.0 1581.0 4029.0 1581.0 small-vehicle 1
4006.0 1541.0 4016.0 1541.0 4016.0 1550.0 4006.0 1550.0 small-vehicle 1
4011.0 1562.0 4020.0 1562.0 4020.0 1574.0 4011.0 1574.0 small-vehicle 1
3971.0 1573.0 3983.0 1573.0 3983.0 1584.0 3971.0 1584.0 small-vehicle 1
3968.0 1568.0 3980.0 1568.0 3980.0 1579.0 3968.0 1579.0 small-vehicle 1
4215.0 1493.0 4224.0 1493.0 4224.0 1501.0 4215.0 1501.0 small-vehicle 1
1093.0 1332.0 1105.0 1332.0 1105.0 1342.0 1093.0 1342.0 small-vehicle 1
1051.0 1357.0 1066.0 1357.0 1066.0 1366.0 1051.0 1366.0 small-vehicle 1
4744.0 1736.0 4751.0 1736.0 4751.0 1747.0 4744.0 1747.0 small-vehicle 1
1049.0 1362.0 1064.0 1362.0 1064.0 1372.0 1049.0 1372.0 small-vehicle 1
4068.0 1679.0 4079.0 1679.0 4079.0 1695.0 4068.0 1695.0 large-vehicle 1
4063.0 1676.0 4073.0 1676.0 4073.0 1693.0 4063.0 1693.0 large-vehicle 0
4052.0 1673.0 4062.0 1673.0 4062.0 1688.0 4052.0 1688.0 large-vehicle 1
4060.0 1613.0 4082.0 1613.0 4082.0 1629.0 4060.0 1629.0 large-vehicle 1
4082.0 1626.0 4100.0 1626.0 4100.0 1639.0 4082.0 1639.0 large-vehicle 1
4031.0 1645.0 4050.0 1645.0 4050.0 1661.0 4031.0 1661.0 large-vehicle 1
4028.0 1640.0 4046.0 1640.0 4046.0 1656.0 4028.0 1656.0 large-vehicle 1
4024.0 1635.0 4042.0 1635.0 4042.0 1651.0 4024.0 1651.0 large-vehicle 0
4021.0 1629.0 4039.0 1629.0 4039.0 1646.0 4021.0 1646.0 large-vehicle 0
4013.0 1620.0 4031.0 1620.0 4031.0 1636.0 4013.0 1636.0 large-vehicle 0
4009.0 1616.0 4028.0 1616.0 4028.0 1631.0 4009.0 1631.0 large-vehicle 0
4007.0 1611.0 4025.0 1611.0 4025.0 1627.0 4007.0 1627.0 large-vehicle 0
4003.0 1606.0 4021.0 1606.0 4021.0 1623.0 4003.0 1623.0 large-vehicle 0
4000.0 1602.0 4017.0 1602.0 4017.0 1619.0 4000.0 1619.0 large-vehicle 0
3995.0 1596.0 4015.0 1596.0 4015.0 1614.0 3995.0 1614.0 large-vehicle 0
3504.0 1598.0 3532.0 1598.0 3532.0 1621.0 3504.0 1621.0 large-vehicle 0
1536.0 1808.0 1562.0 1808.0 1562.0 1827.0 1536.0 1827.0 storage-tank 0
1254.0 1457.0 1271.0 1457.0 1271.0 1472.0 1254.0 1472.0 storage-tank 0
1713.0 1117.0 1739.0 1117.0 1739.0 1152.0 1713.0 1152.0 helicopter 0
3526.0 1610.0 3541.0 1610.0 3541.0 1624.0 3526.0 1624.0 large-vehicle 0
4073.0 1682.0 4083.0 1682.0 4083.0 1697.0 4073.0 1697.0 large-vehicle 1
4080.0 1682.0 4089.0 1682.0 4089.0 1698.0 4080.0 1698.0 large-vehicle 1
1126.0 1399.0 1133.0 1399.0 1133.0 1411.0 1126.0 1411.0 small-vehicle 1
1048.0 1368.0 1061.0 1368.0 1061.0 1378.0 1048.0 1378.0 small-vehicle 1
1062.0 1377.0 1073.0 1377.0 1073.0 1392.0 1062.0 1392.0 small-vehicle 1
1117.0 1348.0 1126.0 1348.0 1126.0 1360.0 1117.0 1360.0 small-vehicle 1
1115.0 1379.0 1128.0 1379.0 1128.0 1389.0 1115.0 1389.0 small-vehicle 1
1113.0 1386.0 1124.0 1386.0 1124.0 1393.0 1113.0 1393.0 small-vehicle 1
1094.0 1390.0 1102.0 1390.0 1102.0 1402.0 1094.0 1402.0 small-vehicle 1
1089.0 1388.0 1097.0 1388.0 1097.0 1401.0 1089.0 1401.0 small-vehicle 1
1120.0 1398.0 1127.0 1398.0 1127.0 1408.0 1120.0 1408.0 small-vehicle 1
5263.0 856.0 5296.0 856.0 5296.0 889.0 5263.0 889.0 storage-tank 0
4086.0 1683.0 4096.0 1683.0 4096.0 1699.0 4086.0 1699.0 large-vehicle 0
5201.0 826.0 5234.0 826.0 5234.0 862.0 5201.0 862.0 storage-tank 0
5148.0 790.0 5181.0 790.0 5181.0 824.0 5148.0 824.0 storage-tank 0
4376.0 1430.0 4416.0 1430.0 4416.0 1489.0 4376.0 1489.0 tennis-court 0
4349.0 1423.0 4389.0 1423.0 4389.0 1482.0 4349.0 1482.0 tennis-court 0
4115.0 1690.0 4121.0 1690.0 4121.0 1705.0 4115.0 1705.0 large-vehicle 0
4108.0 1689.0 4116.0 1689.0 4116.0 1703.0 4108.0 1703.0 large-vehicle 1
4097.0 1686.0 4106.0 1686.0 4106.0 1701.0 4097.0 1701.0 large-vehicle 1
4091.0 1684.0 4100.0 1684.0 4100.0 1701.0 4091.0 1701.0 large-vehicle 0
4737.0 1733.0 4744.0 1733.0 4744.0 1747.0 4737.0 1747.0 small-vehicle 1
4751.0 1739.0 4759.0 1739.0 4759.0 1749.0 4751.0 1749.0 small-vehicle 1
4086.0 1299.0 4097.0 1299.0 4097.0 1318.0 4086.0 1318.0 small-vehicle 1
5223.0 1276.0 5236.0 1276.0 5236.0 1289.0 5223.0 1289.0 small-vehicle 1
2521.0 1569.0 2529.0 1569.0 2529.0 1574.0 2521.0 1574.0 small-vehicle 1
2321.0 1562.0 2331.0 1562.0 2331.0 1579.0 2321.0 1579.0 large-vehicle 1
2068.0 2160.0 2078.0 2160.0 2078.0 2173.0 2068.0 2173.0 small-vehicle 1
1359.0 1485.0 1372.0 1485.0 1372.0 1493.0 1359.0 1493.0 small-vehicle 1
1358.0 1468.0 1367.0 1468.0 1367.0 1480.0 1358.0 1480.0 small-vehicle 1
1375.0 1480.0 1386.0 1480.0 1386.0 1490.0 1375.0 1490.0 small-vehicle 1
1883.0 1248.0 1895.0 1248.0 1895.0 1260.0 1883.0 1260.0 small-vehicle 1
1874.0 1248.0 1884.0 1248.0 1884.0 1260.0 1874.0 1260.0 small-vehicle 1
2726.0 556.0 2741.0 556.0 2741.0 565.0 2726.0 565.0 small-vehicle 1
5174.0 1077.0 5185.0 1077.0 5185.0 1087.0 5174.0 1087.0 small-vehicle 1
5229.0 1119.0 5239.0 1119.0 5239.0 1130.0 5229.0 1130.0 small-vehicle 1
5203.0 1100.0 5215.0 1100.0 5215.0 1110.0 5203.0 1110.0 small-vehicle 1
5127.0 1107.0 5135.0 1107.0 5135.0 1116.0 5127.0 1116.0 small-vehicle 1
5116.0 1101.0 5126.0 1101.0 5126.0 1109.0 5116.0 1109.0 small-vehicle 1
5154.0 1132.0 5163.0 1132.0 5163.0 1142.0 5154.0 1142.0 small-vehicle 1
5162.0 1138.0 5174.0 1138.0 5174.0 1150.0 5162.0 1150.0 small-vehicle 1
5192.0 1154.0 5199.0 1154.0 5199.0 1164.0 5192.0 1164.0 small-vehicle 1
5209.0 1170.0 5219.0 1170.0 5219.0 1184.0 5209.0 1184.0 small-vehicle 1
5245.0 1132.0 5254.0 1132.0 5254.0 1141.0 5245.0 1141.0 small-vehicle 1
2519.0 1564.0 2532.0 1564.0 2532.0 1571.0 2519.0 1571.0 small-vehicle 1
2525.0 1556.0 2539.0 1556.0 2539.0 1563.0 2525.0 1563.0 small-vehicle 1
2530.0 1538.0 2539.0 1538.0 2539.0 1544.0 2530.0 1544.0 small-vehicle 1
4181.0 1400.0 4195.0 1400.0 4195.0 1407.0 4181.0 1407.0 small-vehicle 1
766.0 69.0 781.0 69.0 781.0 80.0 766.0 80.0 small-vehicle 1
4816.0 1249.0 4830.0 1249.0 4830.0 1257.0 4816.0 1257.0 small-vehicle 1
4489.0 1471.0 4502.0 1471.0 4502.0 1482.0 4489.0 1482.0 small-vehicle 1
4201.0 1573.0 4211.0 1573.0 4211.0 1577.0 4201.0 1577.0 small-vehicle 1
4198.0 1576.0 4209.0 1576.0 4209.0 1584.0 4198.0 1584.0 small-vehicle 1
4215.0 1554.0 4226.0 1554.0 4226.0 1562.0 4215.0 1562.0 small-vehicle 1
4341.0 1290.0 4348.0 1290.0 4348.0 1304.0 4341.0 1304.0 small-vehicle 1
4300.0 1304.0 4308.0 1304.0 4308.0 1319.0 4300.0 1319.0 small-vehicle 1
4333.0 1524.0 4341.0 1524.0 4341.0 1536.0 4333.0 1536.0 small-vehicle 1
3470.0 1678.0 3477.0 1678.0 3477.0 1691.0 3470.0 1691.0 small-vehicle 1
4328.0 1542.0 4340.0 1542.0 4340.0 1550.0 4328.0 1550.0 small-vehicle 1
4569.0 1727.0 4577.0 1727.0 4577.0 1742.0 4569.0 1742.0 small-vehicle 1
3545.0 1677.0 3552.0 1677.0 3552.0 1690.0 3545.0 1690.0 small-vehicle 1
3522.0 1679.0 3527.0 1679.0 3527.0 1691.0 3522.0 1691.0 small-vehicle 1
3504.0 1675.0 3511.0 1675.0 3511.0 1689.0 3504.0 1689.0 small-vehicle 1
3495.0 1675.0 3502.0 1675.0 3502.0 1688.0 3495.0 1688.0 small-vehicle 1
3490.0 1676.0 3496.0 1676.0 3496.0 1688.0 3490.0 1688.0 small-vehicle 1
3485.0 1677.0 3491.0 1677.0 3491.0 1689.0 3485.0 1689.0 small-vehicle 1
5315.0 1193.0 5324.0 1193.0 5324.0 1203.0 5315.0 1203.0 small-vehicle 1
5324.0 1272.0 5332.0 1272.0 5332.0 1283.0 5324.0 1283.0 small-vehicle 1
4775.0 1746.0 4783.0 1746.0 4783.0 1757.0 4775.0 1757.0 small-vehicle 1
5338.0 1282.0 5348.0 1282.0 5348.0 1295.0 5338.0 1295.0 small-vehicle 1
4990.0 1513.0 5003.0 1513.0 5003.0 1527.0 4990.0 1527.0 small-vehicle 1
4814.0 1457.0 4826.0 1457.0 4826.0 1470.0 4814.0 1470.0 small-vehicle 1
4809.0 1452.0 4822.0 1452.0 4822.0 1466.0 4809.0 1466.0 small-vehicle 1
4820.0 1443.0 4832.0 1443.0 4832.0 1458.0 4820.0 1458.0 small-vehicle 1
4809.0 1467.0 4823.0 1467.0 4823.0 1482.0 4809.0 1482.0 small-vehicle 1
4808.0 1476.0 4820.0 1476.0 4820.0 1488.0 4808.0 1488.0 small-vehicle 1
4565.0 1331.0 4579.0 1331.0 4579.0 1339.0 4565.0 1339.0 small-vehicle 1
4492.0 1333.0 4501.0 1333.0 4501.0 1344.0 4492.0 1344.0 small-vehicle 1
4644.0 1545.0 4652.0 1545.0 4652.0 1559.0 4644.0 1559.0 small-vehicle 1
4649.0 1546.0 4657.0 1546.0 4657.0 1561.0 4649.0 1561.0 small-vehicle 1
4656.0 1549.0 4664.0 1549.0 4664.0 1563.0 4656.0 1563.0 small-vehicle 1
4604.0 1635.0 4614.0 1635.0 4614.0 1652.0 4604.0 1652.0 small-vehicle 1
4882.0 1648.0 4892.0 1648.0 4892.0 1653.0 4882.0 1653.0 small-vehicle 1
4902.0 1637.0 4915.0 1637.0 4915.0 1644.0 4902.0 1644.0 small-vehicle 1
4926.0 1680.0 4938.0 1680.0 4938.0 1687.0 4926.0 1687.0 small-vehicle 1
4959.0 1760.0 4970.0 1760.0 4970.0 1770.0 4959.0 1770.0 small-vehicle 1
4950.0 1769.0 4962.0 1769.0 4962.0 1779.0 4950.0 1779.0 small-vehicle 1
4925.0 1696.0 4938.0 1696.0 4938.0 1703.0 4925.0 1703.0 small-vehicle 1
4757.0 1713.0 4764.0 1713.0 4764.0 1723.0 4757.0 1723.0 small-vehicle 1
4786.0 1433.0 4798.0 1433.0 4798.0 1447.0 4786.0 1447.0 small-vehicle 1
4791.0 1439.0 4803.0 1439.0 4803.0 1451.0 4791.0 1451.0 small-vehicle 1
4794.0 1441.0 4808.0 1441.0 4808.0 1456.0 4794.0 1456.0 small-vehicle 1
4835.0 1195.0 4841.0 1195.0 4841.0 1206.0 4835.0 1206.0 small-vehicle 1
5351.0 1299.0 5360.0 1299.0 5360.0 1311.0 5351.0 1311.0 small-vehicle 1
5363.0 1311.0 5371.0 1311.0 5371.0 1323.0 5363.0 1323.0 small-vehicle 1
5370.0 1318.0 5381.0 1318.0 5381.0 1329.0 5370.0 1329.0 small-vehicle 1
5379.0 1323.0 5390.0 1323.0 5390.0 1337.0 5379.0 1337.0 small-vehicle 1
5432.0 1366.0 5445.0 1366.0 5445.0 1379.0 5432.0 1379.0 small-vehicle 1
4985.0 1165.0 4996.0 1165.0 4996.0 1175.0 4985.0 1175.0 small-vehicle 1
4673.0 1269.0 4683.0 1269.0 4683.0 1280.0 4673.0 1280.0 small-vehicle 1
4650.0 1210.0 4666.0 1210.0 4666.0 1221.0 4650.0 1221.0 small-vehicle 1
4827.0 1198.0 4834.0 1198.0 4834.0 1210.0 4827.0 1210.0 small-vehicle 1
4798.0 1446.0 4811.0 1446.0 4811.0 1461.0 4798.0 1461.0 small-vehicle 1
4721.0 1287.0 4730.0 1287.0 4730.0 1298.0 4721.0 1298.0 small-vehicle 1
4716.0 1288.0 4725.0 1288.0 4725.0 1300.0 4716.0 1300.0 small-vehicle 1
4660.0 1271.0 4669.0 1271.0 4669.0 1282.0 4660.0 1282.0 small-vehicle 1
4641.0 1276.0 4650.0 1276.0 4650.0 1288.0 4641.0 1288.0 small-vehicle 1
4633.0 1290.0 4642.0 1290.0 4642.0 1302.0 4633.0 1302.0 small-vehicle 1
4621.0 1292.0 4630.0 1292.0 4630.0 1305.0 4621.0 1305.0 small-vehicle 1
4810.0 1400.0 4822.0 1400.0 4822.0 1407.0 4810.0 1407.0 small-vehicle 1
4802.0 1450.0 4816.0 1450.0 4816.0 1465.0 4802.0 1465.0 small-vehicle 1
1355.0 1036.0 1384.0 1036.0 1384.0 1069.0 1355.0 1069.0 helicopter 0
