imagesource:GoogleEarth
gsd:0.562225217629
195.0 520.0 200.0 520.0 200.0 529.0 195.0 529.0 small-vehicle 1
159.0 235.0 166.0 235.0 166.0 246.0 159.0 246.0 small-vehicle 1
450.0 52.0 460.0 52.0 460.0 57.0 450.0 57.0 small-vehicle 1
332.0 302.0 344.0 302.0 344.0 312.0 332.0 312.0 small-vehicle 1
165.0 391.0 170.0 391.0 170.0 402.0 165.0 402.0 small-vehicle 1
394.0 184.0 405.0 184.0 405.0 194.0 394.0 194.0 small-vehicle 1
210.0 165.0 216.0 165.0 216.0 177.0 210.0 177.0 small-vehicle 1
58.0 210.0 70.0 210.0 70.0 226.0 58.0 226.0 small-vehicle 1
53.0 198.0 66.0 198.0 66.0 204.0 53.0 204.0 small-vehicle 1
132.0 193.0 144.0 193.0 144.0 202.0 132.0 202.0 small-vehicle 1
207.0 73.0 212.0 73.0 212.0 84.0 207.0 84.0 small-vehicle 1
165.0 103.0 170.0 103.0 170.0 116.0 165.0 116.0 small-vehicle 1
156.0 379.0 163.0 379.0 163.0 419.0 156.0 419.0 large-vehicle 0
203.0 405.0 211.0 405.0 211.0 430.0 203.0 430.0 large-vehicle 0
