imagesource:GoogleEarth
gsd:0.57517310897
410.0 254.0 416.0 254.0 416.0 266.0 410.0 266.0 small-vehicle 1
404.0 256.0 410.0 256.0 410.0 265.0 404.0 265.0 small-vehicle 1
399.0 233.0 404.0 233.0 404.0 241.0 399.0 241.0 small-vehicle 1
388.0 232.0 394.0 232.0 394.0 241.0 388.0 241.0 small-vehicle 1
382.0 254.0 387.0 254.0 387.0 266.0 382.0 266.0 small-vehicle 1
376.0 254.0 381.0 254.0 381.0 264.0 376.0 264.0 small-vehicle 1
371.0 254.0 376.0 254.0 376.0 264.0 371.0 264.0 small-vehicle 1
364.0 254.0 370.0 254.0 370.0 264.0 364.0 264.0 small-vehicle 1
358.0 253.0 363.0 253.0 363.0 265.0 358.0 265.0 small-vehicle 1
349.0 241.0 357.0 241.0 357.0 246.0 349.0 246.0 small-vehicle 1
349.0 234.0 357.0 234.0 357.0 239.0 349.0 239.0 small-vehicle 1
349.0 222.0 357.0 222.0 357.0 227.0 349.0 227.0 small-vehicle 1
350.0 211.0 358.0 211.0 358.0 216.0 350.0 216.0 small-vehicle 1
384.0 460.0 394.0 460.0 394.0 471.0 384.0 471.0 small-vehicle 1
300.0 447.0 311.0 447.0 311.0 456.0 300.0 456.0 small-vehicle 1
358.0 494.0 370.0 494.0 370.0 503.0 358.0 503.0 small-vehicle 1
161.0 342.0 174.0 342.0 174.0 353.0 161.0 353.0 small-vehicle 1
156.0 330.0 167.0 330.0 167.0 342.0 156.0 342.0 small-vehicle 1
148.0 316.0 160.0 316.0 160.0 328.0 148.0 328.0 small-vehicle 1
80.0 263.0 91.0 263.0 91.0 273.0 80.0 273.0 small-vehicle 1
22.0 233.0 32.0 233.0 32.0 244.0 22.0 244.0 small-vehicle 1
243.0 109.0 248.0 109.0 248.0 119.0 243.0 119.0 small-vehicle 1
233.0 102.0 239.0 102.0 239.0 112.0 233.0 112.0 small-vehicle 1
251.0 86.0 258.0 86.0 258.0 98.0 251.0 98.0 small-vehicle 1
259.0 65.0 264.0 65.0 264.0 76.0 259.0 76.0 small-vehicle 1
226.0 14.0 234.0 14.0 234.0 27.0 226.0 27.0 small-vehicle 1
352.0 787.0 361.0 787.0 361.0 802.0 352.0 802.0 swimming-pool 0
383.0 216.0 388.0 216.0 388.0 228.0 383.0 228.0 small-vehicle 1
394.0 217.0 400.0 217.0 400.0 229.0 394.0 229.0 small-vehicle 1
400.0 217.0 406.0 217.0 406.0 228.0 400.0 228.0 small-vehicle 1
444.0 228.0 457.0 228.0 457.0 233.0 444.0 233.0 small-vehicle 1
208.0 609.0 214.0 609.0 214.0 620.0 208.0 620.0 small-vehicle 1
23.0 186.0 32.0 186.0 32.0 195.0 23.0 195.0 small-vehicle 1
451.0 155.0 460.0 155.0 460.0 160.0 451.0 160.0 small-vehicle 1
447.0 147.0 456.0 147.0 456.0 153.0 447.0 153.0 small-vehicle 1
387.0 131.0 396.0 131.0 396.0 140.0 387.0 140.0 small-vehicle 1
392.0 125.0 404.0 125.0 404.0 135.0 392.0 135.0 small-vehicle 1
377.0 112.0 385.0 112.0 385.0 121.0 377.0 121.0 small-vehicle 1
347.0 11.0 351.0 11.0 351.0 21.0 347.0 21.0 small-vehicle 1
444.0 210.0 456.0 210.0 456.0 217.0 444.0 217.0 small-vehicle 1
444.0 216.0 456.0 216.0 456.0 222.0 444.0 222.0 small-vehicle 1
445.0 223.0 456.0 223.0 456.0 227.0 445.0 227.0 small-vehicle 1
446.0 233.0 456.0 233.0 456.0 238.0 446.0 238.0 small-vehicle 1
406.0 218.0 412.0 218.0 412.0 230.0 406.0 230.0 small-vehicle 1
444.0 239.0 456.0 239.0 456.0 243.0 444.0 243.0 small-vehicle 1
420.0 193.0 426.0 193.0 426.0 202.0 420.0 202.0 small-vehicle 1
414.0 193.0 420.0 193.0 420.0 202.0 414.0 202.0 small-vehicle 1
403.0 192.0 409.0 192.0 409.0 203.0 403.0 203.0 small-vehicle 1
397.0 192.0 402.0 192.0 402.0 203.0 397.0 203.0 small-vehicle 1
391.0 193.0 396.0 193.0 396.0 203.0 391.0 203.0 small-vehicle 1
380.0 193.0 385.0 193.0 385.0 203.0 380.0 203.0 small-vehicle 1
372.0 192.0 378.0 192.0 378.0 202.0 372.0 202.0 small-vehicle 1
367.0 193.0 371.0 193.0 371.0 202.0 367.0 202.0 small-vehicle 1
362.0 191.0 366.0 191.0 366.0 201.0 362.0 201.0 small-vehicle 1
412.0 217.0 418.0 217.0 418.0 230.0 412.0 230.0 small-vehicle 1
299.0 387.0 335.0 387.0 335.0 419.0 299.0 419.0 large-vehicle 0
