imagesource:GoogleEarth
gsd:0.568517244916
697.0 847.0 709.0 847.0 709.0 853.0 697.0 853.0 small-vehicle 1
591.0 207.0 601.0 207.0 601.0 212.0 591.0 212.0 small-vehicle 1
729.0 237.0 735.0 237.0 735.0 248.0 729.0 248.0 small-vehicle 1
735.0 237.0 740.0 237.0 740.0 248.0 735.0 248.0 small-vehicle 1
741.0 239.0 746.0 239.0 746.0 249.0 741.0 249.0 small-vehicle 1
746.0 239.0 751.0 239.0 751.0 248.0 746.0 248.0 small-vehicle 1
931.0 157.0 937.0 157.0 937.0 169.0 931.0 169.0 small-vehicle 1
705.0 212.0 710.0 212.0 710.0 223.0 705.0 223.0 small-vehicle 1
751.0 240.0 756.0 240.0 756.0 250.0 751.0 250.0 small-vehicle 1
758.0 238.0 762.0 238.0 762.0 247.0 758.0 247.0 small-vehicle 1
927.0 226.0 937.0 226.0 937.0 231.0 927.0 231.0 small-vehicle 1
926.0 219.0 937.0 219.0 937.0 225.0 926.0 225.0 small-vehicle 1
560.0 322.0 565.0 322.0 565.0 331.0 560.0 331.0 small-vehicle 1
564.0 321.0 570.0 321.0 570.0 331.0 564.0 331.0 small-vehicle 1
546.0 191.0 559.0 191.0 559.0 196.0 546.0 196.0 small-vehicle 1
591.0 219.0 601.0 219.0 601.0 223.0 591.0 223.0 small-vehicle 1
718.0 237.0 724.0 237.0 724.0 249.0 718.0 249.0 small-vehicle 1
591.0 229.0 602.0 229.0 602.0 234.0 591.0 234.0 small-vehicle 1
369.0 335.0 379.0 335.0 379.0 347.0 369.0 347.0 small-vehicle 1
434.0 350.0 443.0 350.0 443.0 360.0 434.0 360.0 small-vehicle 1
582.0 374.0 591.0 374.0 591.0 379.0 582.0 379.0 small-vehicle 1
583.0 380.0 593.0 380.0 593.0 385.0 583.0 385.0 small-vehicle 1
581.0 395.0 592.0 395.0 592.0 402.0 581.0 402.0 small-vehicle 1
585.0 408.0 595.0 408.0 595.0 413.0 585.0 413.0 small-vehicle 1
445.0 450.0 454.0 450.0 454.0 461.0 445.0 461.0 small-vehicle 1
593.0 451.0 599.0 451.0 599.0 459.0 593.0 459.0 small-vehicle 1
443.0 539.0 452.0 539.0 452.0 549.0 443.0 549.0 small-vehicle 1
509.0 562.0 517.0 562.0 517.0 571.0 509.0 571.0 small-vehicle 1
506.0 555.0 514.0 555.0 514.0 564.0 506.0 564.0 small-vehicle 1
500.0 547.0 509.0 547.0 509.0 557.0 500.0 557.0 small-vehicle 1
724.0 238.0 730.0 238.0 730.0 249.0 724.0 249.0 small-vehicle 1
713.0 237.0 719.0 237.0 719.0 248.0 713.0 248.0 small-vehicle 1
489.0 528.0 499.0 528.0 499.0 540.0 489.0 540.0 small-vehicle 1
750.0 413.0 756.0 413.0 756.0 426.0 750.0 426.0 large-vehicle 1
917.0 824.0 927.0 824.0 927.0 830.0 917.0 830.0 small-vehicle 1
789.0 785.0 800.0 785.0 800.0 796.0 789.0 796.0 small-vehicle 1
721.0 841.0 735.0 841.0 735.0 846.0 721.0 846.0 small-vehicle 1
661.0 497.0 667.0 497.0 667.0 514.0 661.0 514.0 large-vehicle 1
662.0 482.0 668.0 482.0 668.0 494.0 662.0 494.0 large-vehicle 1
662.0 456.0 669.0 456.0 669.0 467.0 662.0 467.0 large-vehicle 1
754.0 444.0 758.0 444.0 758.0 454.0 754.0 454.0 large-vehicle 1
816.0 449.0 820.0 449.0 820.0 458.0 816.0 458.0 large-vehicle 1
849.0 451.0 853.0 451.0 853.0 459.0 849.0 459.0 large-vehicle 1
853.0 451.0 858.0 451.0 858.0 460.0 853.0 460.0 large-vehicle 1
801.0 426.0 806.0 426.0 806.0 437.0 801.0 437.0 large-vehicle 1
767.0 414.0 773.0 414.0 773.0 426.0 767.0 426.0 large-vehicle 1
758.0 413.0 764.0 413.0 764.0 427.0 758.0 427.0 large-vehicle 1
743.0 413.0 750.0 413.0 750.0 425.0 743.0 425.0 large-vehicle 1
705.0 284.0 719.0 284.0 719.0 290.0 705.0 290.0 small-vehicle 1
880.0 385.0 884.0 385.0 884.0 395.0 880.0 395.0 large-vehicle 1
875.0 385.0 879.0 385.0 879.0 395.0 875.0 395.0 large-vehicle 1
853.0 362.0 858.0 362.0 858.0 374.0 853.0 374.0 large-vehicle 1
716.0 366.0 723.0 366.0 723.0 382.0 716.0 382.0 large-vehicle 1
702.0 365.0 712.0 365.0 712.0 369.0 702.0 369.0 small-vehicle 1
703.0 354.0 714.0 354.0 714.0 359.0 703.0 359.0 small-vehicle 1
666.0 337.0 674.0 337.0 674.0 356.0 666.0 356.0 large-vehicle 0
703.0 326.0 714.0 326.0 714.0 331.0 703.0 331.0 small-vehicle 1
704.0 320.0 714.0 320.0 714.0 325.0 704.0 325.0 small-vehicle 1
703.0 315.0 713.0 315.0 713.0 319.0 703.0 319.0 small-vehicle 1
701.0 309.0 716.0 309.0 716.0 314.0 701.0 314.0 small-vehicle 1
705.0 302.0 716.0 302.0 716.0 307.0 705.0 307.0 small-vehicle 1
706.0 296.0 716.0 296.0 716.0 300.0 706.0 300.0 small-vehicle 1
495.0 539.0 504.0 539.0 504.0 549.0 495.0 549.0 small-vehicle 1
566.0 656.0 574.0 656.0 574.0 665.0 566.0 665.0 small-vehicle 1
754.0 1581.0 762.0 1581.0 762.0 1591.0 754.0 1591.0 small-vehicle 1
556.0 1272.0 563.0 1272.0 563.0 1282.0 556.0 1282.0 small-vehicle 1
569.0 1162.0 575.0 1162.0 575.0 1173.0 569.0 1173.0 small-vehicle 1
563.0 1163.0 570.0 1163.0 570.0 1173.0 563.0 1173.0 small-vehicle 1
548.0 1163.0 553.0 1163.0 553.0 1172.0 548.0 1172.0 small-vehicle 1
612.0 1207.0 616.0 1207.0 616.0 1215.0 612.0 1215.0 small-vehicle 1
607.0 1207.0 611.0 1207.0 611.0 1217.0 607.0 1217.0 small-vehicle 1
599.0 1206.0 604.0 1206.0 604.0 1217.0 599.0 1217.0 small-vehicle 1
551.0 1206.0 557.0 1206.0 557.0 1216.0 551.0 1216.0 small-vehicle 1
518.0 1224.0 523.0 1224.0 523.0 1237.0 518.0 1237.0 small-vehicle 1
535.0 1226.0 539.0 1226.0 539.0 1237.0 535.0 1237.0 small-vehicle 1
569.0 1229.0 574.0 1229.0 574.0 1238.0 569.0 1238.0 small-vehicle 1
586.0 1228.0 592.0 1228.0 592.0 1239.0 586.0 1239.0 small-vehicle 1
585.0 1270.0 591.0 1270.0 591.0 1279.0 585.0 1279.0 small-vehicle 1
568.0 1271.0 573.0 1271.0 573.0 1281.0 568.0 1281.0 small-vehicle 1
517.0 1270.0 522.0 1270.0 522.0 1280.0 517.0 1280.0 small-vehicle 1
581.0 1165.0 585.0 1165.0 585.0 1174.0 581.0 1174.0 small-vehicle 1
468.0 1145.0 477.0 1145.0 477.0 1148.0 468.0 1148.0 small-vehicle 1
452.0 1182.0 461.0 1182.0 461.0 1187.0 452.0 1187.0 small-vehicle 1
380.0 957.0 392.0 957.0 392.0 962.0 380.0 962.0 small-vehicle 1
380.0 973.0 390.0 973.0 390.0 979.0 380.0 979.0 small-vehicle 1
405.0 928.0 410.0 928.0 410.0 939.0 405.0 939.0 small-vehicle 1
397.0 927.0 403.0 927.0 403.0 938.0 397.0 938.0 small-vehicle 1
110.0 1373.0 122.0 1373.0 122.0 1385.0 110.0 1385.0 small-vehicle 1
327.0 1181.0 340.0 1181.0 340.0 1188.0 327.0 1188.0 small-vehicle 1
122.0 1152.0 132.0 1152.0 132.0 1157.0 122.0 1157.0 small-vehicle 1
111.0 1146.0 122.0 1146.0 122.0 1152.0 111.0 1152.0 small-vehicle 1
112.0 1152.0 121.0 1152.0 121.0 1157.0 112.0 1157.0 small-vehicle 1
123.0 1147.0 133.0 1147.0 133.0 1152.0 123.0 1152.0 small-vehicle 1
125.0 1136.0 134.0 1136.0 134.0 1142.0 125.0 1142.0 small-vehicle 1
575.0 1163.0 580.0 1163.0 580.0 1174.0 575.0 1174.0 small-vehicle 1
618.0 1166.0 623.0 1166.0 623.0 1175.0 618.0 1175.0 small-vehicle 1
551.0 654.0 559.0 654.0 559.0 664.0 551.0 664.0 small-vehicle 1
471.0 842.0 482.0 842.0 482.0 849.0 471.0 849.0 small-vehicle 1
500.0 636.0 509.0 636.0 509.0 646.0 500.0 646.0 small-vehicle 1
453.0 708.0 462.0 708.0 462.0 719.0 453.0 719.0 small-vehicle 1
467.0 736.0 477.0 736.0 477.0 750.0 467.0 750.0 small-vehicle 1
486.0 774.0 495.0 774.0 495.0 785.0 486.0 785.0 small-vehicle 1
464.0 781.0 473.0 781.0 473.0 790.0 464.0 790.0 small-vehicle 1
405.0 796.0 414.0 796.0 414.0 801.0 405.0 801.0 small-vehicle 1
454.0 810.0 462.0 810.0 462.0 815.0 454.0 815.0 small-vehicle 1
587.0 843.0 597.0 843.0 597.0 848.0 587.0 848.0 small-vehicle 1
575.0 824.0 586.0 824.0 586.0 830.0 575.0 830.0 small-vehicle 1
560.0 824.0 570.0 824.0 570.0 829.0 560.0 829.0 small-vehicle 1
547.0 824.0 554.0 824.0 554.0 828.0 547.0 828.0 small-vehicle 1
534.0 845.0 543.0 845.0 543.0 850.0 534.0 850.0 small-vehicle 1
505.0 852.0 516.0 852.0 516.0 857.0 505.0 857.0 small-vehicle 1
430.0 847.0 441.0 847.0 441.0 852.0 430.0 852.0 small-vehicle 1
586.0 1162.0 591.0 1162.0 591.0 1174.0 586.0 1174.0 small-vehicle 1
440.0 855.0 450.0 855.0 450.0 860.0 440.0 860.0 small-vehicle 1
387.0 1402.0 397.0 1402.0 397.0 1407.0 387.0 1407.0 small-vehicle 1
620.0 1382.0 626.0 1382.0 626.0 1395.0 620.0 1395.0 small-vehicle 1
457.0 1081.0 462.0 1081.0 462.0 1093.0 457.0 1093.0 small-vehicle 1
539.0 1138.0 544.0 1138.0 544.0 1149.0 539.0 1149.0 small-vehicle 1
545.0 1139.0 550.0 1139.0 550.0 1149.0 545.0 1149.0 small-vehicle 1
552.0 1141.0 557.0 1141.0 557.0 1151.0 552.0 1151.0 small-vehicle 1
557.0 1141.0 562.0 1141.0 562.0 1149.0 557.0 1149.0 small-vehicle 1
563.0 1141.0 567.0 1141.0 567.0 1149.0 563.0 1149.0 small-vehicle 1
568.0 1142.0 572.0 1142.0 572.0 1150.0 568.0 1150.0 small-vehicle 1
581.0 1141.0 586.0 1141.0 586.0 1151.0 581.0 1151.0 small-vehicle 1
591.0 1141.0 595.0 1141.0 595.0 1151.0 591.0 1151.0 small-vehicle 1
604.0 1143.0 608.0 1143.0 608.0 1151.0 604.0 1151.0 small-vehicle 1
698.0 841.0 709.0 841.0 709.0 845.0 698.0 845.0 small-vehicle 1
712.0 848.0 722.0 848.0 722.0 852.0 712.0 852.0 small-vehicle 1
720.0 855.0 731.0 855.0 731.0 860.0 720.0 860.0 small-vehicle 1
714.0 1547.0 723.0 1547.0 723.0 1559.0 714.0 1559.0 small-vehicle 1
751.0 1569.0 760.0 1569.0 760.0 1577.0 751.0 1577.0 small-vehicle 1
746.0 1570.0 754.0 1570.0 754.0 1579.0 746.0 1579.0 small-vehicle 1
741.0 1572.0 749.0 1572.0 749.0 1581.0 741.0 1581.0 small-vehicle 1
737.0 1575.0 745.0 1575.0 745.0 1584.0 737.0 1584.0 small-vehicle 1
731.0 1577.0 740.0 1577.0 740.0 1587.0 731.0 1587.0 small-vehicle 1
724.0 1554.0 733.0 1554.0 733.0 1564.0 724.0 1564.0 small-vehicle 1
729.0 1552.0 738.0 1552.0 738.0 1563.0 729.0 1563.0 small-vehicle 1
733.0 1549.0 742.0 1549.0 742.0 1559.0 733.0 1559.0 small-vehicle 1
770.0 1528.0 779.0 1528.0 779.0 1538.0 770.0 1538.0 small-vehicle 1
719.0 1558.0 728.0 1558.0 728.0 1568.0 719.0 1568.0 small-vehicle 1
714.0 1561.0 725.0 1561.0 725.0 1572.0 714.0 1572.0 small-vehicle 1
705.0 1554.0 715.0 1554.0 715.0 1566.0 705.0 1566.0 small-vehicle 1
709.0 1552.0 719.0 1552.0 719.0 1562.0 709.0 1562.0 small-vehicle 1
718.0 1545.0 727.0 1545.0 727.0 1556.0 718.0 1556.0 small-vehicle 1
769.0 1556.0 778.0 1556.0 778.0 1566.0 769.0 1566.0 small-vehicle 1
723.0 1542.0 732.0 1542.0 732.0 1554.0 723.0 1554.0 small-vehicle 1
728.0 1540.0 737.0 1540.0 737.0 1550.0 728.0 1550.0 small-vehicle 1
738.0 1547.0 746.0 1547.0 746.0 1557.0 738.0 1557.0 small-vehicle 1
743.0 1545.0 752.0 1545.0 752.0 1555.0 743.0 1555.0 small-vehicle 1
748.0 1542.0 757.0 1542.0 757.0 1552.0 748.0 1552.0 small-vehicle 1
752.0 1539.0 761.0 1539.0 761.0 1549.0 752.0 1549.0 small-vehicle 1
789.0 1515.0 798.0 1515.0 798.0 1527.0 789.0 1527.0 small-vehicle 1
780.0 1522.0 789.0 1522.0 789.0 1531.0 780.0 1531.0 small-vehicle 1
785.0 1519.0 794.0 1519.0 794.0 1529.0 785.0 1529.0 small-vehicle 1
776.0 1525.0 782.0 1525.0 782.0 1535.0 776.0 1535.0 small-vehicle 1
757.0 1536.0 766.0 1536.0 766.0 1546.0 757.0 1546.0 small-vehicle 1
743.0 1532.0 751.0 1532.0 751.0 1542.0 743.0 1542.0 small-vehicle 1
747.0 1529.0 756.0 1529.0 756.0 1540.0 747.0 1540.0 small-vehicle 1
756.0 1564.0 765.0 1564.0 765.0 1575.0 756.0 1575.0 small-vehicle 1
766.0 1560.0 774.0 1560.0 774.0 1570.0 766.0 1570.0 small-vehicle 1
724.0 848.0 736.0 848.0 736.0 853.0 724.0 853.0 small-vehicle 1
827.0 1537.0 835.0 1537.0 835.0 1548.0 827.0 1548.0 small-vehicle 1
763.0 1575.0 771.0 1575.0 771.0 1585.0 763.0 1585.0 small-vehicle 1
767.0 1572.0 776.0 1572.0 776.0 1583.0 767.0 1583.0 small-vehicle 1
773.0 1569.0 781.0 1569.0 781.0 1580.0 773.0 1580.0 small-vehicle 1
777.0 1567.0 785.0 1567.0 785.0 1578.0 777.0 1578.0 small-vehicle 1
782.0 1564.0 789.0 1564.0 789.0 1574.0 782.0 1574.0 small-vehicle 1
790.0 1559.0 798.0 1559.0 798.0 1569.0 790.0 1569.0 small-vehicle 1
795.0 1556.0 802.0 1556.0 802.0 1565.0 795.0 1565.0 small-vehicle 1
798.0 1554.0 808.0 1554.0 808.0 1565.0 798.0 1565.0 small-vehicle 1
803.0 1551.0 812.0 1551.0 812.0 1561.0 803.0 1561.0 small-vehicle 1
808.0 1548.0 817.0 1548.0 817.0 1558.0 808.0 1558.0 small-vehicle 1
813.0 1545.0 821.0 1545.0 821.0 1555.0 813.0 1555.0 small-vehicle 1
817.0 1542.0 825.0 1542.0 825.0 1551.0 817.0 1551.0 small-vehicle 1
822.0 1541.0 830.0 1541.0 830.0 1550.0 822.0 1550.0 small-vehicle 1
832.0 1534.0 838.0 1534.0 838.0 1543.0 832.0 1543.0 small-vehicle 1
761.0 1562.0 771.0 1562.0 771.0 1572.0 761.0 1572.0 small-vehicle 1
836.0 1531.0 844.0 1531.0 844.0 1540.0 836.0 1540.0 small-vehicle 1
840.0 1529.0 848.0 1529.0 848.0 1539.0 840.0 1539.0 small-vehicle 1
845.0 1526.0 854.0 1526.0 854.0 1536.0 845.0 1536.0 small-vehicle 1
850.0 1523.0 858.0 1523.0 858.0 1533.0 850.0 1533.0 small-vehicle 1
825.0 1523.0 833.0 1523.0 833.0 1532.0 825.0 1532.0 small-vehicle 1
828.0 1520.0 837.0 1520.0 837.0 1529.0 828.0 1529.0 small-vehicle 1
834.0 1517.0 842.0 1517.0 842.0 1528.0 834.0 1528.0 small-vehicle 1
838.0 1514.0 848.0 1514.0 848.0 1525.0 838.0 1525.0 small-vehicle 1
844.0 1512.0 854.0 1512.0 854.0 1522.0 844.0 1522.0 small-vehicle 1
802.0 1537.0 809.0 1537.0 809.0 1546.0 802.0 1546.0 small-vehicle 1
796.0 1540.0 805.0 1540.0 805.0 1551.0 796.0 1551.0 small-vehicle 1
792.0 1543.0 801.0 1543.0 801.0 1553.0 792.0 1553.0 small-vehicle 1
788.0 1547.0 796.0 1547.0 796.0 1556.0 788.0 1556.0 small-vehicle 1
753.0 1526.0 761.0 1526.0 761.0 1537.0 753.0 1537.0 small-vehicle 1
765.0 1519.0 773.0 1519.0 773.0 1529.0 765.0 1529.0 small-vehicle 1
770.0 1516.0 780.0 1516.0 780.0 1526.0 770.0 1526.0 small-vehicle 1
750.0 1420.0 758.0 1420.0 758.0 1426.0 750.0 1426.0 small-vehicle 1
661.0 1585.0 669.0 1585.0 669.0 1594.0 661.0 1594.0 small-vehicle 1
646.0 1516.0 657.0 1516.0 657.0 1529.0 646.0 1529.0 small-vehicle 1
639.0 1506.0 648.0 1506.0 648.0 1516.0 639.0 1516.0 small-vehicle 1
632.0 1493.0 641.0 1493.0 641.0 1505.0 632.0 1505.0 small-vehicle 1
630.0 1479.0 636.0 1479.0 636.0 1490.0 630.0 1490.0 small-vehicle 1
628.0 1467.0 635.0 1467.0 635.0 1477.0 628.0 1477.0 small-vehicle 1
628.0 1456.0 632.0 1456.0 632.0 1465.0 628.0 1465.0 small-vehicle 1
628.0 1437.0 633.0 1437.0 633.0 1449.0 628.0 1449.0 small-vehicle 1
628.0 1426.0 632.0 1426.0 632.0 1436.0 628.0 1436.0 small-vehicle 1
629.0 1413.0 634.0 1413.0 634.0 1423.0 629.0 1423.0 small-vehicle 1
796.0 1444.0 805.0 1444.0 805.0 1453.0 796.0 1453.0 small-vehicle 1
786.0 1438.0 797.0 1438.0 797.0 1447.0 786.0 1447.0 small-vehicle 1
764.0 1425.0 774.0 1425.0 774.0 1433.0 764.0 1433.0 small-vehicle 1
757.0 1371.0 766.0 1371.0 766.0 1377.0 757.0 1377.0 small-vehicle 1
776.0 1513.0 785.0 1513.0 785.0 1522.0 776.0 1522.0 small-vehicle 1
711.0 1406.0 719.0 1406.0 719.0 1412.0 711.0 1412.0 small-vehicle 1
697.0 1402.0 706.0 1402.0 706.0 1408.0 697.0 1408.0 small-vehicle 1
658.0 1396.0 669.0 1396.0 669.0 1401.0 658.0 1401.0 small-vehicle 1
643.0 1396.0 652.0 1396.0 652.0 1401.0 643.0 1401.0 small-vehicle 1
716.0 1274.0 720.0 1274.0 720.0 1283.0 716.0 1283.0 small-vehicle 1
699.0 1274.0 704.0 1274.0 704.0 1285.0 699.0 1285.0 small-vehicle 1
865.0 1243.0 876.0 1243.0 876.0 1255.0 865.0 1255.0 small-vehicle 1
819.0 1089.0 827.0 1089.0 827.0 1098.0 819.0 1098.0 small-vehicle 1
930.0 938.0 935.0 938.0 935.0 948.0 930.0 948.0 small-vehicle 1
649.0 888.0 660.0 888.0 660.0 899.0 649.0 899.0 small-vehicle 1
802.0 901.0 810.0 901.0 810.0 912.0 802.0 912.0 small-vehicle 1
797.0 888.0 805.0 888.0 805.0 898.0 797.0 898.0 small-vehicle 1
680.0 840.0 693.0 840.0 693.0 845.0 680.0 845.0 small-vehicle 1
676.0 1600.0 685.0 1600.0 685.0 1610.0 676.0 1610.0 small-vehicle 1
797.0 1473.0 806.0 1473.0 806.0 1483.0 797.0 1483.0 small-vehicle 1
791.0 1476.0 800.0 1476.0 800.0 1485.0 791.0 1485.0 small-vehicle 1
786.0 1477.0 795.0 1477.0 795.0 1487.0 786.0 1487.0 small-vehicle 1
780.0 1510.0 788.0 1510.0 788.0 1519.0 780.0 1519.0 small-vehicle 1
783.0 1506.0 793.0 1506.0 793.0 1517.0 783.0 1517.0 small-vehicle 1
788.0 1504.0 797.0 1504.0 797.0 1514.0 788.0 1514.0 small-vehicle 1
793.0 1502.0 801.0 1502.0 801.0 1511.0 793.0 1511.0 small-vehicle 1
794.0 1514.0 801.0 1514.0 801.0 1524.0 794.0 1524.0 small-vehicle 1
798.0 1511.0 807.0 1511.0 807.0 1521.0 798.0 1521.0 small-vehicle 1
812.0 1502.0 819.0 1502.0 819.0 1511.0 812.0 1511.0 small-vehicle 1
816.0 1499.0 824.0 1499.0 824.0 1509.0 816.0 1509.0 small-vehicle 1
821.0 1496.0 829.0 1496.0 829.0 1508.0 821.0 1508.0 small-vehicle 1
816.0 1489.0 826.0 1489.0 826.0 1499.0 816.0 1499.0 small-vehicle 1
693.0 1533.0 701.0 1533.0 701.0 1544.0 693.0 1544.0 small-vehicle 1
702.0 1528.0 710.0 1528.0 710.0 1537.0 702.0 1537.0 small-vehicle 1
707.0 1525.0 715.0 1525.0 715.0 1534.0 707.0 1534.0 small-vehicle 1
713.0 1523.0 720.0 1523.0 720.0 1532.0 713.0 1532.0 small-vehicle 1
717.0 1520.0 724.0 1520.0 724.0 1530.0 717.0 1530.0 small-vehicle 1
721.0 1517.0 729.0 1517.0 729.0 1526.0 721.0 1526.0 small-vehicle 1
726.0 1514.0 735.0 1514.0 735.0 1525.0 726.0 1525.0 small-vehicle 1
730.0 1511.0 739.0 1511.0 739.0 1522.0 730.0 1522.0 small-vehicle 1
736.0 1509.0 743.0 1509.0 743.0 1520.0 736.0 1520.0 small-vehicle 1
739.0 1506.0 747.0 1506.0 747.0 1516.0 739.0 1516.0 small-vehicle 1
753.0 1497.0 762.0 1497.0 762.0 1505.0 753.0 1505.0 small-vehicle 1
758.0 1494.0 766.0 1494.0 766.0 1504.0 758.0 1504.0 small-vehicle 1
763.0 1491.0 770.0 1491.0 770.0 1501.0 763.0 1501.0 small-vehicle 1
768.0 1489.0 776.0 1489.0 776.0 1499.0 768.0 1499.0 small-vehicle 1
773.0 1487.0 781.0 1487.0 781.0 1496.0 773.0 1496.0 small-vehicle 1
777.0 1484.0 786.0 1484.0 786.0 1494.0 777.0 1494.0 small-vehicle 1
782.0 1480.0 791.0 1480.0 791.0 1491.0 782.0 1491.0 small-vehicle 1
111.0 1136.0 123.0 1136.0 123.0 1141.0 111.0 1141.0 small-vehicle 1
116.0 1115.0 125.0 1115.0 125.0 1121.0 116.0 1121.0 small-vehicle 1
114.0 1121.0 125.0 1121.0 125.0 1125.0 114.0 1125.0 small-vehicle 1
167.0 842.0 179.0 842.0 179.0 848.0 167.0 848.0 small-vehicle 1
183.0 780.0 189.0 780.0 189.0 791.0 183.0 791.0 small-vehicle 1
341.0 803.0 351.0 803.0 351.0 808.0 341.0 808.0 small-vehicle 1
267.0 811.0 277.0 811.0 277.0 815.0 267.0 815.0 small-vehicle 1
220.0 809.0 232.0 809.0 232.0 815.0 220.0 815.0 small-vehicle 1
269.0 832.0 280.0 832.0 280.0 836.0 269.0 836.0 small-vehicle 1
237.0 832.0 251.0 832.0 251.0 837.0 237.0 837.0 small-vehicle 1
227.0 838.0 240.0 838.0 240.0 843.0 227.0 843.0 small-vehicle 1
234.0 817.0 244.0 817.0 244.0 822.0 234.0 822.0 small-vehicle 1
211.0 818.0 220.0 818.0 220.0 822.0 211.0 822.0 small-vehicle 1
198.0 818.0 210.0 818.0 210.0 828.0 198.0 828.0 small-vehicle 1
183.0 830.0 193.0 830.0 193.0 835.0 183.0 835.0 small-vehicle 1
125.0 841.0 135.0 841.0 135.0 847.0 125.0 847.0 small-vehicle 1
146.0 829.0 155.0 829.0 155.0 834.0 146.0 834.0 small-vehicle 1
76.0 840.0 86.0 840.0 86.0 845.0 76.0 845.0 small-vehicle 1
194.0 794.0 199.0 794.0 199.0 802.0 194.0 802.0 small-vehicle 1
94.0 853.0 99.0 853.0 99.0 862.0 94.0 862.0 small-vehicle 1
107.0 841.0 117.0 841.0 117.0 846.0 107.0 846.0 small-vehicle 1
111.0 835.0 121.0 835.0 121.0 839.0 111.0 839.0 small-vehicle 1
120.0 828.0 132.0 828.0 132.0 832.0 120.0 832.0 small-vehicle 1
71.0 827.0 80.0 827.0 80.0 831.0 71.0 831.0 small-vehicle 1
64.0 832.0 76.0 832.0 76.0 838.0 64.0 838.0 small-vehicle 1
27.0 831.0 35.0 831.0 35.0 836.0 27.0 836.0 small-vehicle 1
34.0 838.0 44.0 838.0 44.0 843.0 34.0 843.0 small-vehicle 1
38.0 826.0 48.0 826.0 48.0 830.0 38.0 830.0 small-vehicle 1
58.0 810.0 67.0 810.0 67.0 815.0 58.0 815.0 small-vehicle 1
77.0 804.0 87.0 804.0 87.0 812.0 77.0 812.0 small-vehicle 1
130.0 800.0 138.0 800.0 138.0 805.0 130.0 805.0 small-vehicle 1
107.0 793.0 115.0 793.0 115.0 797.0 107.0 797.0 small-vehicle 1
26.0 771.0 32.0 771.0 32.0 780.0 26.0 780.0 small-vehicle 1
278.0 841.0 289.0 841.0 289.0 845.0 278.0 845.0 small-vehicle 1
240.0 935.0 249.0 935.0 249.0 938.0 240.0 938.0 small-vehicle 1
168.0 858.0 177.0 858.0 177.0 868.0 168.0 868.0 small-vehicle 1
240.0 924.0 249.0 924.0 249.0 928.0 240.0 928.0 small-vehicle 1
241.0 918.0 250.0 918.0 250.0 923.0 241.0 923.0 small-vehicle 1
240.0 913.0 249.0 913.0 249.0 917.0 240.0 917.0 small-vehicle 1
240.0 907.0 249.0 907.0 249.0 912.0 240.0 912.0 small-vehicle 1
230.0 908.0 238.0 908.0 238.0 912.0 230.0 912.0 small-vehicle 1
331.0 811.0 341.0 811.0 341.0 816.0 331.0 816.0 small-vehicle 1
251.0 885.0 260.0 885.0 260.0 890.0 251.0 890.0 small-vehicle 1
247.0 881.0 251.0 881.0 251.0 889.0 247.0 889.0 small-vehicle 1
241.0 880.0 246.0 880.0 246.0 892.0 241.0 892.0 small-vehicle 1
237.0 881.0 241.0 881.0 241.0 891.0 237.0 891.0 small-vehicle 1
232.0 880.0 236.0 880.0 236.0 889.0 232.0 889.0 small-vehicle 1
226.0 880.0 231.0 880.0 231.0 889.0 226.0 889.0 small-vehicle 1
220.0 881.0 224.0 881.0 224.0 889.0 220.0 889.0 small-vehicle 1
100.0 900.0 108.0 900.0 108.0 904.0 100.0 904.0 small-vehicle 1
317.0 840.0 325.0 840.0 325.0 845.0 317.0 845.0 small-vehicle 1
98.0 928.0 109.0 928.0 109.0 933.0 98.0 933.0 small-vehicle 1
101.0 912.0 110.0 912.0 110.0 916.0 101.0 916.0 small-vehicle 1
59.0 915.0 65.0 915.0 65.0 926.0 59.0 926.0 small-vehicle 1
54.0 914.0 60.0 914.0 60.0 925.0 54.0 925.0 small-vehicle 1
44.0 914.0 48.0 914.0 48.0 924.0 44.0 924.0 small-vehicle 1
49.0 915.0 54.0 915.0 54.0 925.0 49.0 925.0 small-vehicle 1
33.0 914.0 38.0 914.0 38.0 923.0 33.0 923.0 small-vehicle 1
70.0 893.0 76.0 893.0 76.0 903.0 70.0 903.0 small-vehicle 1
48.0 891.0 53.0 891.0 53.0 901.0 48.0 901.0 small-vehicle 1
43.0 885.0 48.0 885.0 48.0 894.0 43.0 894.0 small-vehicle 1
27.0 891.0 32.0 891.0 32.0 900.0 27.0 900.0 small-vehicle 1
355.0 850.0 367.0 850.0 367.0 855.0 355.0 855.0 small-vehicle 1
331.0 831.0 341.0 831.0 341.0 837.0 331.0 837.0 small-vehicle 1
34.0 809.0 44.0 809.0 44.0 814.0 34.0 814.0 small-vehicle 1
168.0 753.0 177.0 753.0 177.0 757.0 168.0 757.0 small-vehicle 1
169.0 747.0 178.0 747.0 178.0 752.0 169.0 752.0 small-vehicle 1
313.0 243.0 322.0 243.0 322.0 254.0 313.0 254.0 small-vehicle 1
253.0 466.0 263.0 466.0 263.0 473.0 253.0 473.0 small-vehicle 1
227.0 435.0 237.0 435.0 237.0 443.0 227.0 443.0 small-vehicle 1
220.0 430.0 231.0 430.0 231.0 439.0 220.0 439.0 small-vehicle 1
237.0 421.0 247.0 421.0 247.0 428.0 237.0 428.0 small-vehicle 1
215.0 424.0 224.0 424.0 224.0 429.0 215.0 429.0 small-vehicle 1
310.0 318.0 324.0 318.0 324.0 333.0 310.0 333.0 small-vehicle 1
298.0 284.0 307.0 284.0 307.0 293.0 298.0 293.0 small-vehicle 1
89.0 263.0 98.0 263.0 98.0 273.0 89.0 273.0 small-vehicle 1
85.0 260.0 94.0 260.0 94.0 270.0 85.0 270.0 small-vehicle 1
80.0 257.0 88.0 257.0 88.0 267.0 80.0 267.0 small-vehicle 1
52.0 265.0 60.0 265.0 60.0 277.0 52.0 277.0 small-vehicle 1
38.0 258.0 45.0 258.0 45.0 269.0 38.0 269.0 small-vehicle 1
31.0 256.0 40.0 256.0 40.0 266.0 31.0 266.0 small-vehicle 1
253.0 208.0 263.0 208.0 263.0 220.0 253.0 220.0 small-vehicle 1
169.0 742.0 178.0 742.0 178.0 747.0 169.0 747.0 small-vehicle 1
219.0 234.0 227.0 234.0 227.0 246.0 219.0 246.0 small-vehicle 1
203.0 73.0 212.0 73.0 212.0 83.0 203.0 83.0 small-vehicle 1
128.0 3.0 139.0 3.0 139.0 14.0 128.0 14.0 small-vehicle 1
144.0 24.0 153.0 24.0 153.0 36.0 144.0 36.0 small-vehicle 1
35.0 70.0 47.0 70.0 47.0 80.0 35.0 80.0 small-vehicle 1
447.0 909.0 463.0 909.0 463.0 948.0 447.0 948.0 large-vehicle 0
434.0 1350.0 459.0 1350.0 459.0 1359.0 434.0 1359.0 large-vehicle 0
521.0 1166.0 544.0 1166.0 544.0 1188.0 521.0 1188.0 swimming-pool 0
815.0 484.0 859.0 484.0 859.0 499.0 815.0 499.0 large-vehicle 0
871.0 1164.0 899.0 1164.0 899.0 1204.0 871.0 1204.0 large-vehicle 0
757.0 1079.0 784.0 1079.0 784.0 1116.0 757.0 1116.0 large-vehicle 0
517.0 681.0 548.0 681.0 548.0 723.0 517.0 723.0 large-vehicle 0
326.0 251.0 356.0 251.0 356.0 292.0 326.0 292.0 large-vehicle 0
203.0 471.0 211.0 471.0 211.0 478.0 203.0 478.0 small-vehicle 1
225.0 508.0 231.0 508.0 231.0 518.0 225.0 518.0 small-vehicle 1
172.0 484.0 177.0 484.0 177.0 494.0 172.0 494.0 small-vehicle 1
152.0 486.0 157.0 486.0 157.0 496.0 152.0 496.0 small-vehicle 1
167.0 737.0 179.0 737.0 179.0 741.0 167.0 741.0 small-vehicle 1
169.0 732.0 178.0 732.0 178.0 736.0 169.0 736.0 small-vehicle 1
168.0 725.0 179.0 725.0 179.0 731.0 168.0 731.0 small-vehicle 1
169.0 721.0 179.0 721.0 179.0 725.0 169.0 725.0 small-vehicle 1
166.0 651.0 172.0 651.0 172.0 663.0 166.0 663.0 small-vehicle 1
148.0 724.0 157.0 724.0 157.0 729.0 148.0 729.0 small-vehicle 1
147.0 714.0 157.0 714.0 157.0 719.0 147.0 719.0 small-vehicle 1
148.0 704.0 158.0 704.0 158.0 708.0 148.0 708.0 small-vehicle 1
148.0 697.0 157.0 697.0 157.0 702.0 148.0 702.0 small-vehicle 1
169.0 716.0 179.0 716.0 179.0 721.0 169.0 721.0 small-vehicle 1
170.0 699.0 180.0 699.0 180.0 704.0 170.0 704.0 small-vehicle 1
168.0 694.0 181.0 694.0 181.0 699.0 168.0 699.0 small-vehicle 1
146.0 691.0 157.0 691.0 157.0 697.0 146.0 697.0 small-vehicle 1
197.0 585.0 206.0 585.0 206.0 590.0 197.0 590.0 small-vehicle 1
195.0 579.0 205.0 579.0 205.0 585.0 195.0 585.0 small-vehicle 1
28.0 548.0 38.0 548.0 38.0 558.0 28.0 558.0 small-vehicle 1
44.0 534.0 53.0 534.0 53.0 543.0 44.0 543.0 small-vehicle 1
47.0 530.0 56.0 530.0 56.0 538.0 47.0 538.0 small-vehicle 1
55.0 476.0 67.0 476.0 67.0 482.0 55.0 482.0 small-vehicle 1
56.0 471.0 67.0 471.0 67.0 476.0 56.0 476.0 small-vehicle 1
32.0 504.0 42.0 504.0 42.0 510.0 32.0 510.0 small-vehicle 1
33.0 497.0 42.0 497.0 42.0 504.0 33.0 504.0 small-vehicle 1
32.0 491.0 41.0 491.0 41.0 498.0 32.0 498.0 small-vehicle 1
34.0 472.0 44.0 472.0 44.0 480.0 34.0 480.0 small-vehicle 1
34.0 467.0 43.0 467.0 43.0 473.0 34.0 473.0 small-vehicle 1
45.0 440.0 53.0 440.0 53.0 444.0 45.0 444.0 small-vehicle 1
49.0 459.0 53.0 459.0 53.0 467.0 49.0 467.0 small-vehicle 1
240.0 929.0 251.0 929.0 251.0 933.0 240.0 933.0 small-vehicle 1
240.0 939.0 249.0 939.0 249.0 943.0 240.0 943.0 small-vehicle 1
148.0 1110.0 158.0 1110.0 158.0 1114.0 148.0 1114.0 small-vehicle 1
265.0 1060.0 274.0 1060.0 274.0 1064.0 265.0 1064.0 small-vehicle 1
262.0 1097.0 273.0 1097.0 273.0 1101.0 262.0 1101.0 small-vehicle 1
274.0 1091.0 283.0 1091.0 283.0 1097.0 274.0 1097.0 small-vehicle 1
229.0 1084.0 240.0 1084.0 240.0 1090.0 229.0 1090.0 small-vehicle 1
237.0 1096.0 246.0 1096.0 246.0 1101.0 237.0 1101.0 small-vehicle 1
238.0 1081.0 249.0 1081.0 249.0 1086.0 238.0 1086.0 small-vehicle 1
228.0 1073.0 238.0 1073.0 238.0 1078.0 228.0 1078.0 small-vehicle 1
238.0 1064.0 249.0 1064.0 249.0 1069.0 238.0 1069.0 small-vehicle 1
269.0 1151.0 279.0 1151.0 279.0 1156.0 269.0 1156.0 small-vehicle 1
269.0 1157.0 279.0 1157.0 279.0 1161.0 269.0 1161.0 small-vehicle 1
293.0 1154.0 302.0 1154.0 302.0 1159.0 293.0 1159.0 small-vehicle 1
294.0 1140.0 304.0 1140.0 304.0 1144.0 294.0 1144.0 small-vehicle 1
261.0 1075.0 269.0 1075.0 269.0 1080.0 261.0 1080.0 small-vehicle 1
270.0 1070.0 281.0 1070.0 281.0 1074.0 270.0 1074.0 small-vehicle 1
342.0 1157.0 352.0 1157.0 352.0 1162.0 342.0 1162.0 small-vehicle 1
271.0 1113.0 281.0 1113.0 281.0 1118.0 271.0 1118.0 small-vehicle 1
344.0 1147.0 353.0 1147.0 353.0 1151.0 344.0 1151.0 small-vehicle 1
334.0 1141.0 344.0 1141.0 344.0 1147.0 334.0 1147.0 small-vehicle 1
310.0 1147.0 319.0 1147.0 319.0 1151.0 310.0 1151.0 small-vehicle 1
293.0 1146.0 303.0 1146.0 303.0 1151.0 293.0 1151.0 small-vehicle 1
295.0 1108.0 304.0 1108.0 304.0 1113.0 295.0 1113.0 small-vehicle 1
271.0 1080.0 282.0 1080.0 282.0 1085.0 271.0 1085.0 small-vehicle 1
402.0 1099.0 413.0 1099.0 413.0 1104.0 402.0 1104.0 small-vehicle 1
434.0 1122.0 444.0 1122.0 444.0 1127.0 434.0 1127.0 small-vehicle 1
366.0 1158.0 378.0 1158.0 378.0 1164.0 366.0 1164.0 small-vehicle 1
376.0 1148.0 388.0 1148.0 388.0 1154.0 376.0 1154.0 small-vehicle 1
379.0 1143.0 388.0 1143.0 388.0 1148.0 379.0 1148.0 small-vehicle 1
367.0 1131.0 378.0 1131.0 378.0 1137.0 367.0 1137.0 small-vehicle 1
334.0 1125.0 342.0 1125.0 342.0 1130.0 334.0 1130.0 small-vehicle 1
270.0 1107.0 280.0 1107.0 280.0 1112.0 270.0 1112.0 small-vehicle 1
271.0 1123.0 280.0 1123.0 280.0 1129.0 271.0 1129.0 small-vehicle 1
238.0 946.0 249.0 946.0 249.0 950.0 238.0 950.0 small-vehicle 1
238.0 1124.0 248.0 1124.0 248.0 1128.0 238.0 1128.0 small-vehicle 1
148.0 1094.0 159.0 1094.0 159.0 1099.0 148.0 1099.0 small-vehicle 1
162.0 1095.0 172.0 1095.0 172.0 1101.0 162.0 1101.0 small-vehicle 1
187.0 1079.0 198.0 1079.0 198.0 1083.0 187.0 1083.0 small-vehicle 1
162.0 1106.0 173.0 1106.0 173.0 1111.0 162.0 1111.0 small-vehicle 1
187.0 1106.0 198.0 1106.0 198.0 1111.0 187.0 1111.0 small-vehicle 1
204.0 1095.0 215.0 1095.0 215.0 1101.0 204.0 1101.0 small-vehicle 1
203.0 1091.0 212.0 1091.0 212.0 1095.0 203.0 1095.0 small-vehicle 1
203.0 1085.0 214.0 1085.0 214.0 1090.0 203.0 1090.0 small-vehicle 1
383.0 1008.0 391.0 1008.0 391.0 1019.0 383.0 1019.0 small-vehicle 1
389.0 1009.0 396.0 1009.0 396.0 1020.0 389.0 1020.0 small-vehicle 1
367.0 1099.0 377.0 1099.0 377.0 1103.0 367.0 1103.0 small-vehicle 1
236.0 1106.0 248.0 1106.0 248.0 1112.0 236.0 1112.0 small-vehicle 1
228.0 1123.0 237.0 1123.0 237.0 1128.0 228.0 1128.0 small-vehicle 1
187.0 1133.0 198.0 1133.0 198.0 1137.0 187.0 1137.0 small-vehicle 1
269.0 1145.0 279.0 1145.0 279.0 1150.0 269.0 1150.0 small-vehicle 1
187.0 1154.0 195.0 1154.0 195.0 1159.0 187.0 1159.0 small-vehicle 1
200.0 1154.0 212.0 1154.0 212.0 1160.0 200.0 1160.0 small-vehicle 1
225.0 1155.0 235.0 1155.0 235.0 1159.0 225.0 1159.0 small-vehicle 1
260.0 1138.0 269.0 1138.0 269.0 1144.0 260.0 1144.0 small-vehicle 1
270.0 1139.0 278.0 1139.0 278.0 1144.0 270.0 1144.0 small-vehicle 1
270.0 1134.0 280.0 1134.0 280.0 1139.0 270.0 1139.0 small-vehicle 1
237.0 1133.0 248.0 1133.0 248.0 1138.0 237.0 1138.0 small-vehicle 1
236.0 1139.0 247.0 1139.0 247.0 1143.0 236.0 1143.0 small-vehicle 1
237.0 1146.0 247.0 1146.0 247.0 1149.0 237.0 1149.0 small-vehicle 1
236.0 1155.0 246.0 1155.0 246.0 1159.0 236.0 1159.0 small-vehicle 1
259.0 1156.0 269.0 1156.0 269.0 1160.0 259.0 1160.0 small-vehicle 1
259.0 1151.0 268.0 1151.0 268.0 1156.0 259.0 1156.0 small-vehicle 1
258.0 1144.0 268.0 1144.0 268.0 1150.0 258.0 1150.0 small-vehicle 1
334.0 1120.0 343.0 1120.0 343.0 1124.0 334.0 1124.0 small-vehicle 1
369.0 1093.0 379.0 1093.0 379.0 1098.0 369.0 1098.0 small-vehicle 1
310.0 1119.0 319.0 1119.0 319.0 1124.0 310.0 1124.0 small-vehicle 1
229.0 1010.0 239.0 1010.0 239.0 1015.0 229.0 1015.0 small-vehicle 1
262.0 1037.0 273.0 1037.0 273.0 1042.0 262.0 1042.0 small-vehicle 1
273.0 1039.0 283.0 1039.0 283.0 1043.0 273.0 1043.0 small-vehicle 1
272.0 1032.0 281.0 1032.0 281.0 1037.0 272.0 1037.0 small-vehicle 1
272.0 1027.0 282.0 1027.0 282.0 1032.0 272.0 1032.0 small-vehicle 1
273.0 1017.0 282.0 1017.0 282.0 1021.0 273.0 1021.0 small-vehicle 1
275.0 1006.0 284.0 1006.0 284.0 1010.0 275.0 1010.0 small-vehicle 1
263.0 1001.0 274.0 1001.0 274.0 1006.0 263.0 1006.0 small-vehicle 1
231.0 994.0 242.0 994.0 242.0 999.0 231.0 999.0 small-vehicle 1
262.0 996.0 273.0 996.0 273.0 1000.0 262.0 1000.0 small-vehicle 1
265.0 990.0 275.0 990.0 275.0 994.0 265.0 994.0 small-vehicle 1
238.0 1037.0 249.0 1037.0 249.0 1042.0 238.0 1042.0 small-vehicle 1
239.0 1032.0 249.0 1032.0 249.0 1035.0 239.0 1035.0 small-vehicle 1
205.0 1020.0 216.0 1020.0 216.0 1025.0 205.0 1025.0 small-vehicle 1
238.0 1000.0 250.0 1000.0 250.0 1004.0 238.0 1004.0 small-vehicle 1
309.0 1114.0 318.0 1114.0 318.0 1119.0 309.0 1119.0 small-vehicle 1
240.0 989.0 250.0 989.0 250.0 993.0 240.0 993.0 small-vehicle 1
361.0 967.0 367.0 967.0 367.0 979.0 361.0 979.0 small-vehicle 1
265.0 934.0 274.0 934.0 274.0 939.0 265.0 939.0 small-vehicle 1
263.0 929.0 274.0 929.0 274.0 934.0 263.0 934.0 small-vehicle 1
264.0 924.0 274.0 924.0 274.0 928.0 264.0 928.0 small-vehicle 1
264.0 918.0 273.0 918.0 273.0 922.0 264.0 922.0 small-vehicle 1
228.0 923.0 238.0 923.0 238.0 929.0 228.0 929.0 small-vehicle 1
228.0 929.0 239.0 929.0 239.0 933.0 228.0 933.0 small-vehicle 1
230.0 933.0 240.0 933.0 240.0 939.0 230.0 939.0 small-vehicle 1
229.0 939.0 239.0 939.0 239.0 944.0 229.0 944.0 small-vehicle 1
227.0 944.0 237.0 944.0 237.0 948.0 227.0 948.0 small-vehicle 1
229.0 950.0 238.0 950.0 238.0 955.0 229.0 955.0 small-vehicle 1
240.0 951.0 248.0 951.0 248.0 955.0 240.0 955.0 small-vehicle 1
297.0 996.0 307.0 996.0 307.0 1002.0 297.0 1002.0 small-vehicle 1
297.0 1006.0 305.0 1006.0 305.0 1010.0 297.0 1010.0 small-vehicle 1
297.0 1038.0 307.0 1038.0 307.0 1043.0 297.0 1043.0 small-vehicle 1
313.0 1038.0 323.0 1038.0 323.0 1043.0 313.0 1043.0 small-vehicle 1
295.0 1093.0 304.0 1093.0 304.0 1096.0 295.0 1096.0 small-vehicle 1
295.0 1087.0 305.0 1087.0 305.0 1092.0 295.0 1092.0 small-vehicle 1
296.0 1080.0 305.0 1080.0 305.0 1085.0 296.0 1085.0 small-vehicle 1
296.0 1076.0 306.0 1076.0 306.0 1081.0 296.0 1081.0 small-vehicle 1
334.0 1098.0 344.0 1098.0 344.0 1103.0 334.0 1103.0 small-vehicle 1
345.0 1115.0 355.0 1115.0 355.0 1120.0 345.0 1120.0 small-vehicle 1
345.0 1099.0 354.0 1099.0 354.0 1104.0 345.0 1104.0 small-vehicle 1
335.0 1093.0 344.0 1093.0 344.0 1097.0 335.0 1097.0 small-vehicle 1
335.0 1088.0 343.0 1088.0 343.0 1091.0 335.0 1091.0 small-vehicle 1
294.0 1065.0 306.0 1065.0 306.0 1070.0 294.0 1070.0 small-vehicle 1
336.0 1028.0 347.0 1028.0 347.0 1033.0 336.0 1033.0 small-vehicle 1
146.0 1084.0 157.0 1084.0 157.0 1088.0 146.0 1088.0 small-vehicle 1
336.0 1072.0 344.0 1072.0 344.0 1076.0 336.0 1076.0 small-vehicle 1
121.0 1105.0 133.0 1105.0 133.0 1110.0 121.0 1110.0 small-vehicle 1
122.0 1093.0 133.0 1093.0 133.0 1099.0 122.0 1099.0 small-vehicle 1
88.0 1076.0 100.0 1076.0 100.0 1082.0 88.0 1082.0 small-vehicle 1
53.0 1113.0 63.0 1113.0 63.0 1119.0 53.0 1119.0 small-vehicle 1
62.0 1078.0 73.0 1078.0 73.0 1088.0 62.0 1088.0 small-vehicle 1
273.0 1055.0 282.0 1055.0 282.0 1058.0 273.0 1058.0 small-vehicle 1
271.0 1049.0 283.0 1049.0 283.0 1054.0 271.0 1054.0 small-vehicle 1
335.0 1050.0 346.0 1050.0 346.0 1055.0 335.0 1055.0 small-vehicle 1
312.0 1050.0 323.0 1050.0 323.0 1055.0 312.0 1055.0 small-vehicle 1
295.0 1048.0 305.0 1048.0 305.0 1054.0 295.0 1054.0 small-vehicle 1
43.0 1054.0 55.0 1054.0 55.0 1059.0 43.0 1059.0 small-vehicle 1
52.0 1059.0 63.0 1059.0 63.0 1064.0 52.0 1064.0 small-vehicle 1
53.0 1049.0 65.0 1049.0 65.0 1054.0 53.0 1054.0 small-vehicle 1
314.0 1023.0 322.0 1023.0 322.0 1027.0 314.0 1027.0 small-vehicle 1
759.0 1578.0 767.0 1578.0 767.0 1588.0 759.0 1588.0 small-vehicle 1
749.0 1584.0 758.0 1584.0 758.0 1594.0 749.0 1594.0 small-vehicle 1
1164.0 49.0 1170.0 49.0 1170.0 61.0 1164.0 61.0 small-vehicle 1
1049.0 1210.0 1058.0 1210.0 1058.0 1224.0 1049.0 1224.0 small-vehicle 1
1055.0 1161.0 1063.0 1161.0 1063.0 1165.0 1055.0 1165.0 small-vehicle 1
1053.0 1155.0 1063.0 1155.0 1063.0 1161.0 1053.0 1161.0 small-vehicle 1
1053.0 1150.0 1061.0 1150.0 1061.0 1154.0 1053.0 1154.0 small-vehicle 1
1052.0 1139.0 1060.0 1139.0 1060.0 1143.0 1052.0 1143.0 small-vehicle 1
1052.0 1133.0 1061.0 1133.0 1061.0 1139.0 1052.0 1139.0 small-vehicle 1
1051.0 1129.0 1061.0 1129.0 1061.0 1134.0 1051.0 1134.0 small-vehicle 1
1050.0 1123.0 1060.0 1123.0 1060.0 1128.0 1050.0 1128.0 small-vehicle 1
1050.0 1118.0 1060.0 1118.0 1060.0 1123.0 1050.0 1123.0 small-vehicle 1
1049.0 1113.0 1060.0 1113.0 1060.0 1117.0 1049.0 1117.0 small-vehicle 1
1050.0 1107.0 1061.0 1107.0 1061.0 1112.0 1050.0 1112.0 small-vehicle 1
1049.0 1102.0 1060.0 1102.0 1060.0 1106.0 1049.0 1106.0 small-vehicle 1
1049.0 1098.0 1060.0 1098.0 1060.0 1102.0 1049.0 1102.0 small-vehicle 1
1039.0 1197.0 1052.0 1197.0 1052.0 1205.0 1039.0 1205.0 small-vehicle 1
1047.0 1222.0 1060.0 1222.0 1060.0 1229.0 1047.0 1229.0 small-vehicle 1
1057.0 1171.0 1065.0 1171.0 1065.0 1176.0 1057.0 1176.0 small-vehicle 1
1050.0 1229.0 1062.0 1229.0 1062.0 1237.0 1050.0 1237.0 small-vehicle 1
1052.0 1237.0 1064.0 1237.0 1064.0 1244.0 1052.0 1244.0 small-vehicle 1
1055.0 1244.0 1068.0 1244.0 1068.0 1250.0 1055.0 1250.0 small-vehicle 1
1059.0 1250.0 1071.0 1250.0 1071.0 1258.0 1059.0 1258.0 small-vehicle 1
1062.0 1257.0 1077.0 1257.0 1077.0 1267.0 1062.0 1267.0 small-vehicle 1
1067.0 1265.0 1080.0 1265.0 1080.0 1275.0 1067.0 1275.0 small-vehicle 1
1039.0 1189.0 1051.0 1189.0 1051.0 1198.0 1039.0 1198.0 small-vehicle 1
1037.0 1182.0 1050.0 1182.0 1050.0 1192.0 1037.0 1192.0 small-vehicle 1
1036.0 1175.0 1049.0 1175.0 1049.0 1185.0 1036.0 1185.0 small-vehicle 1
1030.0 1152.0 1044.0 1152.0 1044.0 1164.0 1030.0 1164.0 small-vehicle 1
1030.0 1145.0 1043.0 1145.0 1043.0 1156.0 1030.0 1156.0 small-vehicle 1
1017.0 1123.0 1028.0 1123.0 1028.0 1129.0 1017.0 1129.0 small-vehicle 1
1018.0 1135.0 1029.0 1135.0 1029.0 1141.0 1018.0 1141.0 small-vehicle 1
1056.0 1167.0 1064.0 1167.0 1064.0 1171.0 1056.0 1171.0 small-vehicle 1
1058.0 1177.0 1069.0 1177.0 1069.0 1182.0 1058.0 1182.0 small-vehicle 1
1020.0 1152.0 1031.0 1152.0 1031.0 1156.0 1020.0 1156.0 small-vehicle 1
1132.0 1295.0 1140.0 1295.0 1140.0 1307.0 1132.0 1307.0 small-vehicle 1
1170.0 1294.0 1179.0 1294.0 1179.0 1300.0 1170.0 1300.0 small-vehicle 1
1154.0 1290.0 1162.0 1290.0 1162.0 1303.0 1154.0 1303.0 small-vehicle 1
1161.0 1308.0 1170.0 1308.0 1170.0 1319.0 1161.0 1319.0 small-vehicle 1
1164.0 1315.0 1172.0 1315.0 1172.0 1324.0 1164.0 1324.0 small-vehicle 1
1167.0 1321.0 1176.0 1321.0 1176.0 1330.0 1167.0 1330.0 small-vehicle 1
1173.0 1334.0 1184.0 1334.0 1184.0 1341.0 1173.0 1341.0 small-vehicle 1
1181.0 1345.0 1192.0 1345.0 1192.0 1352.0 1181.0 1352.0 small-vehicle 1
1112.0 1303.0 1121.0 1303.0 1121.0 1311.0 1112.0 1311.0 small-vehicle 1
1108.0 1297.0 1118.0 1297.0 1118.0 1306.0 1108.0 1306.0 small-vehicle 1
1086.0 1260.0 1097.0 1260.0 1097.0 1268.0 1086.0 1268.0 small-vehicle 1
1100.0 1284.0 1109.0 1284.0 1109.0 1292.0 1100.0 1292.0 small-vehicle 1
1125.0 1326.0 1135.0 1326.0 1135.0 1338.0 1125.0 1338.0 small-vehicle 1
1122.0 1322.0 1134.0 1322.0 1134.0 1332.0 1122.0 1332.0 small-vehicle 1
1097.0 1279.0 1107.0 1279.0 1107.0 1287.0 1097.0 1287.0 small-vehicle 1
1058.0 1183.0 1068.0 1183.0 1068.0 1188.0 1058.0 1188.0 small-vehicle 1
1094.0 1274.0 1103.0 1274.0 1103.0 1281.0 1094.0 1281.0 small-vehicle 1
1090.0 1269.0 1101.0 1269.0 1101.0 1278.0 1090.0 1278.0 small-vehicle 1
1081.0 1248.0 1091.0 1248.0 1091.0 1257.0 1081.0 1257.0 small-vehicle 1
1080.0 1244.0 1090.0 1244.0 1090.0 1252.0 1080.0 1252.0 small-vehicle 1
1077.0 1239.0 1087.0 1239.0 1087.0 1245.0 1077.0 1245.0 small-vehicle 1
1073.0 1230.0 1082.0 1230.0 1082.0 1236.0 1073.0 1236.0 small-vehicle 1
1069.0 1219.0 1079.0 1219.0 1079.0 1225.0 1069.0 1225.0 small-vehicle 1
1067.0 1214.0 1076.0 1214.0 1076.0 1220.0 1067.0 1220.0 small-vehicle 1
1066.0 1208.0 1075.0 1208.0 1075.0 1214.0 1066.0 1214.0 small-vehicle 1
1063.0 1203.0 1074.0 1203.0 1074.0 1209.0 1063.0 1209.0 small-vehicle 1
1062.0 1198.0 1072.0 1198.0 1072.0 1204.0 1062.0 1204.0 small-vehicle 1
1061.0 1193.0 1070.0 1193.0 1070.0 1198.0 1061.0 1198.0 small-vehicle 1
1059.0 1188.0 1069.0 1188.0 1069.0 1193.0 1059.0 1193.0 small-vehicle 1
1019.0 1146.0 1029.0 1146.0 1029.0 1151.0 1019.0 1151.0 small-vehicle 1
1020.0 1157.0 1031.0 1157.0 1031.0 1163.0 1020.0 1163.0 small-vehicle 1
745.0 1587.0 754.0 1587.0 754.0 1597.0 745.0 1597.0 small-vehicle 1
1061.0 1324.0 1069.0 1324.0 1069.0 1331.0 1061.0 1331.0 small-vehicle 1
1128.0 1369.0 1136.0 1369.0 1136.0 1379.0 1128.0 1379.0 small-vehicle 1
1123.0 1371.0 1132.0 1371.0 1132.0 1382.0 1123.0 1382.0 small-vehicle 1
1120.0 1375.0 1128.0 1375.0 1128.0 1385.0 1120.0 1385.0 small-vehicle 1
1115.0 1377.0 1123.0 1377.0 1123.0 1387.0 1115.0 1387.0 small-vehicle 1
1110.0 1379.0 1118.0 1379.0 1118.0 1389.0 1110.0 1389.0 small-vehicle 1
1106.0 1383.0 1113.0 1383.0 1113.0 1391.0 1106.0 1391.0 small-vehicle 1
960.0 1336.0 969.0 1336.0 969.0 1347.0 960.0 1347.0 small-vehicle 1
940.0 1294.0 949.0 1294.0 949.0 1304.0 940.0 1304.0 small-vehicle 1
1095.0 1382.0 1105.0 1382.0 1105.0 1390.0 1095.0 1390.0 small-vehicle 1
1091.0 1375.0 1104.0 1375.0 1104.0 1384.0 1091.0 1384.0 small-vehicle 1
1086.0 1367.0 1095.0 1367.0 1095.0 1376.0 1086.0 1376.0 small-vehicle 1
1083.0 1364.0 1092.0 1364.0 1092.0 1371.0 1083.0 1371.0 small-vehicle 1
1067.0 1339.0 1079.0 1339.0 1079.0 1349.0 1067.0 1349.0 small-vehicle 1
1057.0 1320.0 1066.0 1320.0 1066.0 1327.0 1057.0 1327.0 small-vehicle 1
1117.0 1344.0 1123.0 1344.0 1123.0 1356.0 1117.0 1356.0 small-vehicle 1
1055.0 1314.0 1065.0 1314.0 1065.0 1322.0 1055.0 1322.0 small-vehicle 1
1053.0 1306.0 1061.0 1306.0 1061.0 1313.0 1053.0 1313.0 small-vehicle 1
1035.0 1284.0 1047.0 1284.0 1047.0 1293.0 1035.0 1293.0 small-vehicle 1
1031.0 1273.0 1041.0 1273.0 1041.0 1282.0 1031.0 1282.0 small-vehicle 1
1018.0 1252.0 1029.0 1252.0 1029.0 1258.0 1018.0 1258.0 small-vehicle 1
1013.0 1226.0 1024.0 1226.0 1024.0 1232.0 1013.0 1232.0 small-vehicle 1
1014.0 1218.0 1024.0 1218.0 1024.0 1225.0 1014.0 1225.0 small-vehicle 1
1011.0 1211.0 1022.0 1211.0 1022.0 1218.0 1011.0 1218.0 small-vehicle 1
1009.0 1205.0 1020.0 1205.0 1020.0 1212.0 1009.0 1212.0 small-vehicle 1
1008.0 1201.0 1019.0 1201.0 1019.0 1208.0 1008.0 1208.0 small-vehicle 1
1007.0 1196.0 1019.0 1196.0 1019.0 1202.0 1007.0 1202.0 small-vehicle 1
1006.0 1190.0 1017.0 1190.0 1017.0 1197.0 1006.0 1197.0 small-vehicle 1
1004.0 1185.0 1016.0 1185.0 1016.0 1191.0 1004.0 1191.0 small-vehicle 1
1142.0 1362.0 1147.0 1362.0 1147.0 1375.0 1142.0 1375.0 small-vehicle 1
1103.0 1356.0 1113.0 1356.0 1113.0 1362.0 1103.0 1362.0 small-vehicle 1
1021.0 1165.0 1031.0 1165.0 1031.0 1170.0 1021.0 1170.0 small-vehicle 1
1055.0 1272.0 1067.0 1272.0 1067.0 1282.0 1055.0 1282.0 small-vehicle 1
1022.0 1173.0 1033.0 1173.0 1033.0 1180.0 1022.0 1180.0 small-vehicle 1
1022.0 1178.0 1033.0 1178.0 1033.0 1185.0 1022.0 1185.0 small-vehicle 1
1025.0 1184.0 1035.0 1184.0 1035.0 1190.0 1025.0 1190.0 small-vehicle 1
1026.0 1190.0 1035.0 1190.0 1035.0 1194.0 1026.0 1194.0 small-vehicle 1
1026.0 1194.0 1038.0 1194.0 1038.0 1200.0 1026.0 1200.0 small-vehicle 1
1023.0 1212.0 1035.0 1212.0 1035.0 1219.0 1023.0 1219.0 small-vehicle 1
1030.0 1215.0 1042.0 1215.0 1042.0 1225.0 1030.0 1225.0 small-vehicle 1
1035.0 1222.0 1043.0 1222.0 1043.0 1228.0 1035.0 1228.0 small-vehicle 1
1036.0 1225.0 1047.0 1225.0 1047.0 1233.0 1036.0 1233.0 small-vehicle 1
1040.0 1231.0 1049.0 1231.0 1049.0 1238.0 1040.0 1238.0 small-vehicle 1
1048.0 1255.0 1058.0 1255.0 1058.0 1262.0 1048.0 1262.0 small-vehicle 1
1049.0 1261.0 1060.0 1261.0 1060.0 1269.0 1049.0 1269.0 small-vehicle 1
1052.0 1266.0 1063.0 1266.0 1063.0 1275.0 1052.0 1275.0 small-vehicle 1
1059.0 1280.0 1070.0 1280.0 1070.0 1289.0 1059.0 1289.0 small-vehicle 1
1102.0 1349.0 1112.0 1349.0 1112.0 1358.0 1102.0 1358.0 small-vehicle 1
1070.0 1274.0 1083.0 1274.0 1083.0 1282.0 1070.0 1282.0 small-vehicle 1
1080.0 1286.0 1090.0 1286.0 1090.0 1298.0 1080.0 1298.0 small-vehicle 1
1065.0 1292.0 1076.0 1292.0 1076.0 1301.0 1065.0 1301.0 small-vehicle 1
1069.0 1298.0 1080.0 1298.0 1080.0 1307.0 1069.0 1307.0 small-vehicle 1
1091.0 1304.0 1101.0 1304.0 1101.0 1316.0 1091.0 1316.0 small-vehicle 1
1079.0 1310.0 1088.0 1310.0 1088.0 1319.0 1079.0 1319.0 small-vehicle 1
1082.0 1322.0 1091.0 1322.0 1091.0 1329.0 1082.0 1329.0 small-vehicle 1
1094.0 1315.0 1106.0 1315.0 1106.0 1324.0 1094.0 1324.0 small-vehicle 1
1099.0 1324.0 1112.0 1324.0 1112.0 1332.0 1099.0 1332.0 small-vehicle 1
1102.0 1332.0 1116.0 1332.0 1116.0 1341.0 1102.0 1341.0 small-vehicle 1
1092.0 1335.0 1101.0 1335.0 1101.0 1343.0 1092.0 1343.0 small-vehicle 1
1095.0 1340.0 1104.0 1340.0 1104.0 1349.0 1095.0 1349.0 small-vehicle 1
1098.0 1345.0 1107.0 1345.0 1107.0 1353.0 1098.0 1353.0 small-vehicle 1
1176.0 1303.0 1185.0 1303.0 1185.0 1310.0 1176.0 1310.0 small-vehicle 1
1178.0 1307.0 1187.0 1307.0 1187.0 1314.0 1178.0 1314.0 small-vehicle 1
1181.0 1311.0 1190.0 1311.0 1190.0 1320.0 1181.0 1320.0 small-vehicle 1
1163.0 1132.0 1174.0 1132.0 1174.0 1137.0 1163.0 1137.0 small-vehicle 1
1174.0 1199.0 1187.0 1199.0 1187.0 1205.0 1174.0 1205.0 small-vehicle 1
1174.0 1195.0 1183.0 1195.0 1183.0 1201.0 1174.0 1201.0 small-vehicle 1
1173.0 1190.0 1182.0 1190.0 1182.0 1194.0 1173.0 1194.0 small-vehicle 1
1169.0 1178.0 1181.0 1178.0 1181.0 1186.0 1169.0 1186.0 small-vehicle 1
1171.0 1185.0 1179.0 1185.0 1179.0 1190.0 1171.0 1190.0 small-vehicle 1
1170.0 1173.0 1178.0 1173.0 1178.0 1179.0 1170.0 1179.0 small-vehicle 1
1169.0 1169.0 1177.0 1169.0 1177.0 1173.0 1169.0 1173.0 small-vehicle 1
1168.0 1164.0 1178.0 1164.0 1178.0 1169.0 1168.0 1169.0 small-vehicle 1
1165.0 1158.0 1177.0 1158.0 1177.0 1162.0 1165.0 1162.0 small-vehicle 1
1166.0 1153.0 1176.0 1153.0 1176.0 1157.0 1166.0 1157.0 small-vehicle 1
1166.0 1147.0 1174.0 1147.0 1174.0 1152.0 1166.0 1152.0 small-vehicle 1
1166.0 1141.0 1173.0 1141.0 1173.0 1147.0 1166.0 1147.0 small-vehicle 1
1165.0 1136.0 1174.0 1136.0 1174.0 1141.0 1165.0 1141.0 small-vehicle 1
1164.0 1126.0 1174.0 1126.0 1174.0 1131.0 1164.0 1131.0 small-vehicle 1
1177.0 1209.0 1187.0 1209.0 1187.0 1216.0 1177.0 1216.0 small-vehicle 1
1164.0 1122.0 1174.0 1122.0 1174.0 1127.0 1164.0 1127.0 small-vehicle 1
1164.0 1116.0 1174.0 1116.0 1174.0 1121.0 1164.0 1121.0 small-vehicle 1
1165.0 1111.0 1174.0 1111.0 1174.0 1115.0 1165.0 1115.0 small-vehicle 1
1139.0 1098.0 1148.0 1098.0 1148.0 1103.0 1139.0 1103.0 small-vehicle 1
1163.0 1106.0 1172.0 1106.0 1172.0 1110.0 1163.0 1110.0 small-vehicle 1
1194.0 1081.0 1200.0 1081.0 1200.0 1090.0 1194.0 1090.0 small-vehicle 1
1189.0 1082.0 1194.0 1082.0 1194.0 1092.0 1189.0 1092.0 small-vehicle 1
1184.0 1268.0 1193.0 1268.0 1193.0 1276.0 1184.0 1276.0 small-vehicle 1
1181.0 1262.0 1191.0 1262.0 1191.0 1270.0 1181.0 1270.0 small-vehicle 1
1180.0 1258.0 1189.0 1258.0 1189.0 1265.0 1180.0 1265.0 small-vehicle 1
1177.0 1253.0 1187.0 1253.0 1187.0 1261.0 1177.0 1261.0 small-vehicle 1
1175.0 1247.0 1184.0 1247.0 1184.0 1255.0 1175.0 1255.0 small-vehicle 1
1172.0 1243.0 1183.0 1243.0 1183.0 1250.0 1172.0 1250.0 small-vehicle 1
1176.0 1204.0 1188.0 1204.0 1188.0 1210.0 1176.0 1210.0 small-vehicle 1
1178.0 1214.0 1189.0 1214.0 1189.0 1223.0 1178.0 1223.0 small-vehicle 1
1184.0 1315.0 1193.0 1315.0 1193.0 1324.0 1184.0 1324.0 small-vehicle 1
659.0 322.0 666.0 322.0 666.0 334.0 659.0 334.0 small-vehicle 1
991.0 444.0 1005.0 444.0 1005.0 458.0 991.0 458.0 small-vehicle 1
692.0 1230.0 698.0 1230.0 698.0 1243.0 692.0 1243.0 small-vehicle 1
680.0 1230.0 687.0 1230.0 687.0 1241.0 680.0 1241.0 small-vehicle 1
40.0 1356.0 50.0 1356.0 50.0 1367.0 40.0 1367.0 small-vehicle 1
74.0 1378.0 86.0 1378.0 86.0 1386.0 74.0 1386.0 small-vehicle 1
308.0 1072.0 321.0 1072.0 321.0 1076.0 308.0 1076.0 small-vehicle 1
646.0 1158.0 655.0 1158.0 655.0 1171.0 646.0 1171.0 small-vehicle 1
429.0 931.0 435.0 931.0 435.0 944.0 429.0 944.0 small-vehicle 1
159.0 774.0 165.0 774.0 165.0 785.0 159.0 785.0 small-vehicle 1
164.0 767.0 179.0 767.0 179.0 772.0 164.0 772.0 small-vehicle 1
147.0 762.0 152.0 762.0 152.0 772.0 147.0 772.0 small-vehicle 1
141.0 773.0 148.0 773.0 148.0 783.0 141.0 783.0 small-vehicle 1
155.0 732.0 163.0 732.0 163.0 746.0 155.0 746.0 small-vehicle 1
600.0 321.0 605.0 321.0 605.0 332.0 600.0 332.0 small-vehicle 1
1180.0 1221.0 1189.0 1221.0 1189.0 1227.0 1180.0 1227.0 small-vehicle 1
585.0 324.0 592.0 324.0 592.0 333.0 585.0 333.0 small-vehicle 1
592.0 322.0 597.0 322.0 597.0 331.0 592.0 331.0 small-vehicle 1
1194.0 1176.0 1198.0 1176.0 1198.0 1186.0 1194.0 1186.0 small-vehicle 1
1192.0 1166.0 1197.0 1166.0 1197.0 1176.0 1192.0 1176.0 small-vehicle 1
1187.0 1157.0 1191.0 1157.0 1191.0 1168.0 1187.0 1168.0 small-vehicle 1
1185.0 1146.0 1190.0 1146.0 1190.0 1155.0 1185.0 1155.0 small-vehicle 1
1190.0 1124.0 1195.0 1124.0 1195.0 1134.0 1190.0 1134.0 small-vehicle 1
1191.0 1137.0 1195.0 1137.0 1195.0 1147.0 1191.0 1147.0 small-vehicle 1
1186.0 1133.0 1190.0 1133.0 1190.0 1146.0 1186.0 1146.0 small-vehicle 1
1185.0 1122.0 1190.0 1122.0 1190.0 1131.0 1185.0 1131.0 small-vehicle 1
1191.0 1150.0 1198.0 1150.0 1198.0 1167.0 1191.0 1167.0 large-vehicle 1
1182.0 1235.0 1195.0 1235.0 1195.0 1242.0 1182.0 1242.0 small-vehicle 1
1181.0 1226.0 1191.0 1226.0 1191.0 1231.0 1181.0 1231.0 small-vehicle 1
1170.0 1236.0 1180.0 1236.0 1180.0 1243.0 1170.0 1243.0 small-vehicle 1
1169.0 1232.0 1178.0 1232.0 1178.0 1238.0 1169.0 1238.0 small-vehicle 1
1166.0 1227.0 1176.0 1227.0 1176.0 1232.0 1166.0 1232.0 small-vehicle 1
1146.0 1236.0 1157.0 1236.0 1157.0 1243.0 1146.0 1243.0 small-vehicle 1
1130.0 1160.0 1139.0 1160.0 1139.0 1166.0 1130.0 1166.0 small-vehicle 1
1131.0 1166.0 1141.0 1166.0 1141.0 1170.0 1131.0 1170.0 small-vehicle 1
1131.0 1170.0 1141.0 1170.0 1141.0 1176.0 1131.0 1176.0 small-vehicle 1
1132.0 1176.0 1142.0 1176.0 1142.0 1183.0 1132.0 1183.0 small-vehicle 1
1133.0 1182.0 1143.0 1182.0 1143.0 1187.0 1133.0 1187.0 small-vehicle 1
1134.0 1188.0 1145.0 1188.0 1145.0 1193.0 1134.0 1193.0 small-vehicle 1
1135.0 1193.0 1145.0 1193.0 1145.0 1199.0 1135.0 1199.0 small-vehicle 1
1136.0 1199.0 1146.0 1199.0 1146.0 1205.0 1136.0 1205.0 small-vehicle 1
1138.0 1204.0 1147.0 1204.0 1147.0 1211.0 1138.0 1211.0 small-vehicle 1
1140.0 1215.0 1151.0 1215.0 1151.0 1221.0 1140.0 1221.0 small-vehicle 1
1142.0 1220.0 1150.0 1220.0 1150.0 1227.0 1142.0 1227.0 small-vehicle 1
1143.0 1225.0 1154.0 1225.0 1154.0 1233.0 1143.0 1233.0 small-vehicle 1
1145.0 1230.0 1154.0 1230.0 1154.0 1237.0 1145.0 1237.0 small-vehicle 1
1149.0 1241.0 1159.0 1241.0 1159.0 1249.0 1149.0 1249.0 small-vehicle 1
1161.0 1224.0 1167.0 1224.0 1167.0 1233.0 1161.0 1233.0 small-vehicle 1
1151.0 1246.0 1161.0 1246.0 1161.0 1253.0 1151.0 1253.0 small-vehicle 1
1152.0 1251.0 1162.0 1251.0 1162.0 1259.0 1152.0 1259.0 small-vehicle 1
1156.0 1262.0 1166.0 1262.0 1166.0 1269.0 1156.0 1269.0 small-vehicle 1
1158.0 1267.0 1168.0 1267.0 1168.0 1274.0 1158.0 1274.0 small-vehicle 1
1161.0 1272.0 1171.0 1272.0 1171.0 1279.0 1161.0 1279.0 small-vehicle 1
1163.0 1278.0 1173.0 1278.0 1173.0 1286.0 1163.0 1286.0 small-vehicle 1
1183.0 1281.0 1191.0 1281.0 1191.0 1291.0 1183.0 1291.0 small-vehicle 1
1189.0 1290.0 1196.0 1290.0 1196.0 1301.0 1189.0 1301.0 small-vehicle 1
1165.0 1284.0 1174.0 1284.0 1174.0 1289.0 1165.0 1289.0 small-vehicle 1
1129.0 1285.0 1136.0 1285.0 1136.0 1294.0 1129.0 1294.0 small-vehicle 1
1141.0 1309.0 1149.0 1309.0 1149.0 1318.0 1141.0 1318.0 small-vehicle 1
1168.0 1287.0 1177.0 1287.0 1177.0 1293.0 1168.0 1293.0 small-vehicle 1
1177.0 1317.0 1186.0 1317.0 1186.0 1329.0 1177.0 1329.0 small-vehicle 1
1129.0 1154.0 1139.0 1154.0 1139.0 1159.0 1129.0 1159.0 small-vehicle 1
1128.0 1148.0 1138.0 1148.0 1138.0 1153.0 1128.0 1153.0 small-vehicle 1
1128.0 1143.0 1137.0 1143.0 1137.0 1147.0 1128.0 1147.0 small-vehicle 1
1128.0 1138.0 1137.0 1138.0 1137.0 1143.0 1128.0 1143.0 small-vehicle 1
1081.0 1155.0 1088.0 1155.0 1088.0 1174.0 1081.0 1174.0 large-vehicle 0
1166.0 1221.0 1175.0 1221.0 1175.0 1228.0 1166.0 1228.0 small-vehicle 1
1163.0 1215.0 1174.0 1215.0 1174.0 1221.0 1163.0 1221.0 small-vehicle 1
1161.0 1211.0 1171.0 1211.0 1171.0 1218.0 1161.0 1218.0 small-vehicle 1
1161.0 1205.0 1170.0 1205.0 1170.0 1210.0 1161.0 1210.0 small-vehicle 1
1159.0 1199.0 1169.0 1199.0 1169.0 1206.0 1159.0 1206.0 small-vehicle 1
1154.0 1203.0 1161.0 1203.0 1161.0 1212.0 1154.0 1212.0 small-vehicle 1
1149.0 1181.0 1155.0 1181.0 1155.0 1190.0 1149.0 1190.0 small-vehicle 1
1156.0 1183.0 1166.0 1183.0 1166.0 1188.0 1156.0 1188.0 small-vehicle 1
1155.0 1177.0 1165.0 1177.0 1165.0 1183.0 1155.0 1183.0 small-vehicle 1
1153.0 1171.0 1163.0 1171.0 1163.0 1177.0 1153.0 1177.0 small-vehicle 1
1153.0 1166.0 1163.0 1166.0 1163.0 1172.0 1153.0 1172.0 small-vehicle 1
1152.0 1161.0 1162.0 1161.0 1162.0 1166.0 1152.0 1166.0 small-vehicle 1
1151.0 1156.0 1161.0 1156.0 1161.0 1161.0 1151.0 1161.0 small-vehicle 1
1151.0 1150.0 1162.0 1150.0 1162.0 1155.0 1151.0 1155.0 small-vehicle 1
1151.0 1144.0 1160.0 1144.0 1160.0 1150.0 1151.0 1150.0 small-vehicle 1
1144.0 1144.0 1150.0 1144.0 1150.0 1155.0 1144.0 1155.0 small-vehicle 1
1149.0 1138.0 1159.0 1138.0 1159.0 1142.0 1149.0 1142.0 small-vehicle 1
1150.0 1133.0 1160.0 1133.0 1160.0 1138.0 1150.0 1138.0 small-vehicle 1
1150.0 1126.0 1159.0 1126.0 1159.0 1131.0 1150.0 1131.0 small-vehicle 1
1150.0 1116.0 1159.0 1116.0 1159.0 1121.0 1150.0 1121.0 small-vehicle 1
1138.0 1105.0 1148.0 1105.0 1148.0 1110.0 1138.0 1110.0 small-vehicle 1
1149.0 1111.0 1160.0 1111.0 1160.0 1116.0 1149.0 1116.0 small-vehicle 1
1126.0 1116.0 1137.0 1116.0 1137.0 1121.0 1126.0 1121.0 small-vehicle 1
1127.0 1121.0 1138.0 1121.0 1138.0 1126.0 1127.0 1126.0 small-vehicle 1
1127.0 1126.0 1137.0 1126.0 1137.0 1132.0 1127.0 1132.0 small-vehicle 1
1127.0 1131.0 1137.0 1131.0 1137.0 1137.0 1127.0 1137.0 small-vehicle 1
1004.0 1181.0 1013.0 1181.0 1013.0 1185.0 1004.0 1185.0 small-vehicle 1
1002.0 1175.0 1013.0 1175.0 1013.0 1181.0 1002.0 1181.0 small-vehicle 1
1001.0 1169.0 1014.0 1169.0 1014.0 1177.0 1001.0 1177.0 small-vehicle 1
963.0 430.0 978.0 430.0 978.0 444.0 963.0 444.0 small-vehicle 1
1054.0 603.0 1064.0 603.0 1064.0 607.0 1054.0 607.0 small-vehicle 1
1069.0 519.0 1073.0 519.0 1073.0 526.0 1069.0 526.0 small-vehicle 1
1103.0 432.0 1123.0 432.0 1123.0 443.0 1103.0 443.0 ship 1
1079.0 431.0 1089.0 431.0 1089.0 442.0 1079.0 442.0 small-vehicle 1
1071.0 430.0 1081.0 430.0 1081.0 441.0 1071.0 441.0 small-vehicle 1
991.0 537.0 1000.0 537.0 1000.0 546.0 991.0 546.0 small-vehicle 1
993.0 532.0 1004.0 532.0 1004.0 542.0 993.0 542.0 small-vehicle 1
1002.0 527.0 1011.0 527.0 1011.0 536.0 1002.0 536.0 small-vehicle 1
1011.0 520.0 1020.0 520.0 1020.0 530.0 1011.0 530.0 small-vehicle 1
962.0 508.0 972.0 508.0 972.0 518.0 962.0 518.0 small-vehicle 1
972.0 520.0 983.0 520.0 983.0 530.0 972.0 530.0 small-vehicle 1
992.0 512.0 1002.0 512.0 1002.0 523.0 992.0 523.0 small-vehicle 1
1001.0 505.0 1011.0 505.0 1011.0 513.0 1001.0 513.0 small-vehicle 1
960.0 438.0 969.0 438.0 969.0 449.0 960.0 449.0 small-vehicle 1
1051.0 618.0 1061.0 618.0 1061.0 623.0 1051.0 623.0 small-vehicle 1
954.0 443.0 964.0 443.0 964.0 452.0 954.0 452.0 small-vehicle 1
929.0 470.0 939.0 470.0 939.0 481.0 929.0 481.0 small-vehicle 1
931.0 465.0 943.0 465.0 943.0 478.0 931.0 478.0 small-vehicle 1
952.0 446.0 961.0 446.0 961.0 456.0 952.0 456.0 small-vehicle 1
940.0 219.0 946.0 219.0 946.0 229.0 940.0 229.0 small-vehicle 1
942.0 164.0 949.0 164.0 949.0 178.0 942.0 178.0 small-vehicle 1
911.0 1613.0 919.0 1613.0 919.0 1621.0 911.0 1621.0 small-vehicle 1
907.0 1615.0 916.0 1615.0 916.0 1623.0 907.0 1623.0 small-vehicle 1
882.0 1616.0 891.0 1616.0 891.0 1625.0 882.0 1625.0 small-vehicle 1
892.0 1610.0 900.0 1610.0 900.0 1620.0 892.0 1620.0 small-vehicle 1
897.0 1609.0 906.0 1609.0 906.0 1618.0 897.0 1618.0 small-vehicle 1
899.0 1603.0 910.0 1603.0 910.0 1615.0 899.0 1615.0 small-vehicle 1
840.0 1614.0 844.0 1614.0 844.0 1623.0 840.0 1623.0 small-vehicle 1
1052.0 608.0 1063.0 608.0 1063.0 612.0 1052.0 612.0 small-vehicle 1
1052.0 623.0 1064.0 623.0 1064.0 629.0 1052.0 629.0 small-vehicle 1
997.0 1056.0 1009.0 1056.0 1009.0 1060.0 997.0 1060.0 small-vehicle 1
968.0 939.0 974.0 939.0 974.0 951.0 968.0 951.0 small-vehicle 1
996.0 1040.0 1009.0 1040.0 1009.0 1046.0 996.0 1046.0 small-vehicle 1
996.0 1033.0 1010.0 1033.0 1010.0 1038.0 996.0 1038.0 small-vehicle 1
995.0 1025.0 1011.0 1025.0 1011.0 1031.0 995.0 1031.0 small-vehicle 1
1036.0 961.0 1045.0 961.0 1045.0 966.0 1036.0 966.0 small-vehicle 1
1034.0 955.0 1044.0 955.0 1044.0 959.0 1034.0 959.0 small-vehicle 1
986.0 940.0 990.0 940.0 990.0 950.0 986.0 950.0 small-vehicle 1
994.0 939.0 999.0 939.0 999.0 952.0 994.0 952.0 small-vehicle 1
1004.0 941.0 1009.0 941.0 1009.0 952.0 1004.0 952.0 small-vehicle 1
993.0 903.0 997.0 903.0 997.0 914.0 993.0 914.0 small-vehicle 1
967.0 911.0 977.0 911.0 977.0 916.0 967.0 916.0 small-vehicle 1
955.0 916.0 961.0 916.0 961.0 930.0 955.0 930.0 small-vehicle 1
975.0 917.0 982.0 917.0 982.0 929.0 975.0 929.0 small-vehicle 1
965.0 916.0 972.0 916.0 972.0 929.0 965.0 929.0 small-vehicle 1
957.0 940.0 963.0 940.0 963.0 952.0 957.0 952.0 small-vehicle 1
1052.0 628.0 1063.0 628.0 1063.0 633.0 1052.0 633.0 small-vehicle 1
899.0 1226.0 917.0 1226.0 917.0 1246.0 899.0 1246.0 large-vehicle 1
997.0 1464.0 1009.0 1464.0 1009.0 1476.0 997.0 1476.0 small-vehicle 1
1066.0 1502.0 1077.0 1502.0 1077.0 1513.0 1066.0 1513.0 small-vehicle 1
1091.0 1554.0 1102.0 1554.0 1102.0 1566.0 1091.0 1566.0 small-vehicle 1
1056.0 859.0 1067.0 859.0 1067.0 864.0 1056.0 864.0 small-vehicle 1
1116.0 824.0 1125.0 824.0 1125.0 829.0 1116.0 829.0 small-vehicle 1
1088.0 800.0 1095.0 800.0 1095.0 811.0 1088.0 811.0 small-vehicle 1
1082.0 786.0 1095.0 786.0 1095.0 796.0 1082.0 796.0 small-vehicle 1
1197.0 759.0 1207.0 759.0 1207.0 764.0 1197.0 764.0 small-vehicle 1
1164.0 750.0 1176.0 750.0 1176.0 756.0 1164.0 756.0 small-vehicle 1
1051.0 725.0 1062.0 725.0 1062.0 730.0 1051.0 730.0 small-vehicle 1
1052.0 719.0 1062.0 719.0 1062.0 724.0 1052.0 724.0 small-vehicle 1
1112.0 529.0 1119.0 529.0 1119.0 540.0 1112.0 540.0 small-vehicle 1
843.0 1611.0 850.0 1611.0 850.0 1619.0 843.0 1619.0 small-vehicle 1
848.0 1608.0 855.0 1608.0 855.0 1617.0 848.0 1617.0 small-vehicle 1
852.0 1607.0 859.0 1607.0 859.0 1615.0 852.0 1615.0 small-vehicle 1
772.0 1611.0 780.0 1611.0 780.0 1622.0 772.0 1622.0 small-vehicle 1
827.0 1577.0 835.0 1577.0 835.0 1588.0 827.0 1588.0 small-vehicle 1
822.0 1580.0 830.0 1580.0 830.0 1589.0 822.0 1589.0 small-vehicle 1
816.0 1572.0 825.0 1572.0 825.0 1581.0 816.0 1581.0 small-vehicle 1
812.0 1574.0 820.0 1574.0 820.0 1582.0 812.0 1582.0 small-vehicle 1
813.0 1587.0 821.0 1587.0 821.0 1596.0 813.0 1596.0 small-vehicle 1
807.0 1577.0 816.0 1577.0 816.0 1588.0 807.0 1588.0 small-vehicle 1
803.0 1581.0 811.0 1581.0 811.0 1590.0 803.0 1590.0 small-vehicle 1
807.0 1590.0 817.0 1590.0 817.0 1599.0 807.0 1599.0 small-vehicle 1
798.0 1594.0 808.0 1594.0 808.0 1605.0 798.0 1605.0 small-vehicle 1
795.0 1598.0 803.0 1598.0 803.0 1608.0 795.0 1608.0 small-vehicle 1
790.0 1600.0 798.0 1600.0 798.0 1610.0 790.0 1610.0 small-vehicle 1
785.0 1602.0 794.0 1602.0 794.0 1614.0 785.0 1614.0 small-vehicle 1
776.0 1608.0 785.0 1608.0 785.0 1618.0 776.0 1618.0 small-vehicle 1
767.0 1613.0 777.0 1613.0 777.0 1624.0 767.0 1624.0 small-vehicle 1
855.0 1602.0 864.0 1602.0 864.0 1612.0 855.0 1612.0 small-vehicle 1
775.0 1597.0 783.0 1597.0 783.0 1606.0 775.0 1606.0 small-vehicle 1
792.0 1586.0 802.0 1586.0 802.0 1595.0 792.0 1595.0 small-vehicle 1
788.0 1589.0 797.0 1589.0 797.0 1598.0 788.0 1598.0 small-vehicle 1
785.0 1592.0 793.0 1592.0 793.0 1601.0 785.0 1601.0 small-vehicle 1
779.0 1594.0 788.0 1594.0 788.0 1604.0 779.0 1604.0 small-vehicle 1
770.0 1600.0 778.0 1600.0 778.0 1609.0 770.0 1609.0 small-vehicle 1
765.0 1602.0 774.0 1602.0 774.0 1612.0 765.0 1612.0 small-vehicle 1
761.0 1606.0 769.0 1606.0 769.0 1614.0 761.0 1614.0 small-vehicle 1
757.0 1608.0 765.0 1608.0 765.0 1616.0 757.0 1616.0 small-vehicle 1
752.0 1610.0 759.0 1610.0 759.0 1618.0 752.0 1618.0 small-vehicle 1
743.0 1615.0 752.0 1615.0 752.0 1624.0 743.0 1624.0 small-vehicle 1
747.0 1613.0 756.0 1613.0 756.0 1622.0 747.0 1622.0 small-vehicle 1
741.0 1590.0 749.0 1590.0 749.0 1600.0 741.0 1600.0 small-vehicle 1
821.0 1569.0 829.0 1569.0 829.0 1579.0 821.0 1579.0 small-vehicle 1
824.0 1565.0 833.0 1565.0 833.0 1576.0 824.0 1576.0 small-vehicle 1
830.0 1563.0 838.0 1563.0 838.0 1574.0 830.0 1574.0 small-vehicle 1
835.0 1561.0 844.0 1561.0 844.0 1571.0 835.0 1571.0 small-vehicle 1
861.0 1603.0 870.0 1603.0 870.0 1610.0 861.0 1610.0 small-vehicle 1
866.0 1599.0 874.0 1599.0 874.0 1608.0 866.0 1608.0 small-vehicle 1
879.0 1591.0 888.0 1591.0 888.0 1601.0 879.0 1601.0 small-vehicle 1
883.0 1587.0 893.0 1587.0 893.0 1597.0 883.0 1597.0 small-vehicle 1
812.0 1615.0 821.0 1615.0 821.0 1627.0 812.0 1627.0 small-vehicle 1
822.0 1610.0 831.0 1610.0 831.0 1620.0 822.0 1620.0 small-vehicle 1
825.0 1607.0 834.0 1607.0 834.0 1617.0 825.0 1617.0 small-vehicle 1
831.0 1602.0 840.0 1602.0 840.0 1613.0 831.0 1613.0 small-vehicle 1
836.0 1601.0 845.0 1601.0 845.0 1610.0 836.0 1610.0 small-vehicle 1
841.0 1597.0 848.0 1597.0 848.0 1606.0 841.0 1606.0 small-vehicle 1
844.0 1594.0 854.0 1594.0 854.0 1605.0 844.0 1605.0 small-vehicle 1
854.0 1589.0 862.0 1589.0 862.0 1599.0 854.0 1599.0 small-vehicle 1
864.0 1584.0 871.0 1584.0 871.0 1593.0 864.0 1593.0 small-vehicle 1
881.0 1573.0 890.0 1573.0 890.0 1581.0 881.0 1581.0 small-vehicle 1
831.0 1574.0 839.0 1574.0 839.0 1585.0 831.0 1585.0 small-vehicle 1
836.0 1573.0 844.0 1573.0 844.0 1582.0 836.0 1582.0 small-vehicle 1
840.0 1569.0 848.0 1569.0 848.0 1578.0 840.0 1578.0 small-vehicle 1
844.0 1565.0 853.0 1565.0 853.0 1577.0 844.0 1577.0 small-vehicle 1
853.0 1560.0 860.0 1560.0 860.0 1570.0 853.0 1570.0 small-vehicle 1
858.0 1558.0 867.0 1558.0 867.0 1568.0 858.0 1568.0 small-vehicle 1
867.0 1552.0 875.0 1552.0 875.0 1561.0 867.0 1561.0 small-vehicle 1
865.0 1541.0 875.0 1541.0 875.0 1551.0 865.0 1551.0 small-vehicle 1
863.0 1545.0 870.0 1545.0 870.0 1554.0 863.0 1554.0 small-vehicle 1
853.0 1549.0 861.0 1549.0 861.0 1559.0 853.0 1559.0 small-vehicle 1
848.0 1551.0 857.0 1551.0 857.0 1561.0 848.0 1561.0 small-vehicle 1
843.0 1554.0 852.0 1554.0 852.0 1565.0 843.0 1565.0 small-vehicle 1
839.0 1558.0 845.0 1558.0 845.0 1566.0 839.0 1566.0 small-vehicle 1
996.0 1048.0 1008.0 1048.0 1008.0 1053.0 996.0 1053.0 small-vehicle 1
999.0 1066.0 1010.0 1066.0 1010.0 1070.0 999.0 1070.0 small-vehicle 1
1001.0 1164.0 1011.0 1164.0 1011.0 1170.0 1001.0 1170.0 small-vehicle 1
996.0 1103.0 1006.0 1103.0 1006.0 1110.0 996.0 1110.0 small-vehicle 1
1138.0 1008.0 1149.0 1008.0 1149.0 1013.0 1138.0 1013.0 small-vehicle 1
1107.0 1013.0 1116.0 1013.0 1116.0 1024.0 1107.0 1024.0 small-vehicle 1
1106.0 1025.0 1117.0 1025.0 1117.0 1036.0 1106.0 1036.0 small-vehicle 1
1105.0 1037.0 1117.0 1037.0 1117.0 1048.0 1105.0 1048.0 small-vehicle 1
1106.0 1049.0 1111.0 1049.0 1111.0 1060.0 1106.0 1060.0 small-vehicle 1
1075.0 1159.0 1080.0 1159.0 1080.0 1167.0 1075.0 1167.0 large-vehicle 1
1074.0 1119.0 1080.0 1119.0 1080.0 1132.0 1074.0 1132.0 large-vehicle 1
1074.0 1084.0 1081.0 1084.0 1081.0 1106.0 1074.0 1106.0 large-vehicle 1
1048.0 1075.0 1060.0 1075.0 1060.0 1086.0 1048.0 1086.0 small-vehicle 1
1048.0 1086.0 1059.0 1086.0 1059.0 1094.0 1048.0 1094.0 small-vehicle 1
1028.0 1089.0 1039.0 1089.0 1039.0 1095.0 1028.0 1095.0 small-vehicle 1
1018.0 1090.0 1028.0 1090.0 1028.0 1095.0 1018.0 1095.0 small-vehicle 1
996.0 1117.0 1006.0 1117.0 1006.0 1122.0 996.0 1122.0 small-vehicle 1
996.0 1096.0 1007.0 1096.0 1007.0 1105.0 996.0 1105.0 small-vehicle 1
1139.0 1018.0 1150.0 1018.0 1150.0 1025.0 1139.0 1025.0 large-vehicle 1
996.0 1085.0 1004.0 1085.0 1004.0 1089.0 996.0 1089.0 small-vehicle 1
995.0 1078.0 1005.0 1078.0 1005.0 1083.0 995.0 1083.0 small-vehicle 1
1001.0 1073.0 1010.0 1073.0 1010.0 1077.0 1001.0 1077.0 small-vehicle 1
1030.0 1077.0 1040.0 1077.0 1040.0 1081.0 1030.0 1081.0 small-vehicle 1
1040.0 1081.0 1045.0 1081.0 1045.0 1094.0 1040.0 1094.0 small-vehicle 1
1074.0 1055.0 1083.0 1055.0 1083.0 1067.0 1074.0 1067.0 small-vehicle 1
1075.0 1041.0 1082.0 1041.0 1082.0 1052.0 1075.0 1052.0 small-vehicle 1
1075.0 1024.0 1083.0 1024.0 1083.0 1036.0 1075.0 1036.0 small-vehicle 1
1049.0 1067.0 1060.0 1067.0 1060.0 1071.0 1049.0 1071.0 small-vehicle 1
1050.0 1062.0 1061.0 1062.0 1061.0 1066.0 1050.0 1066.0 small-vehicle 1
1049.0 1056.0 1061.0 1056.0 1061.0 1060.0 1049.0 1060.0 small-vehicle 1
1050.0 1051.0 1061.0 1051.0 1061.0 1056.0 1050.0 1056.0 small-vehicle 1
1050.0 1046.0 1061.0 1046.0 1061.0 1050.0 1050.0 1050.0 small-vehicle 1
1139.0 1014.0 1148.0 1014.0 1148.0 1018.0 1139.0 1018.0 small-vehicle 1
1140.0 1026.0 1149.0 1026.0 1149.0 1031.0 1140.0 1031.0 small-vehicle 1
1031.0 1039.0 1042.0 1039.0 1042.0 1042.0 1031.0 1042.0 small-vehicle 1
1181.0 1053.0 1191.0 1053.0 1191.0 1058.0 1181.0 1058.0 small-vehicle 1
999.0 1159.0 1010.0 1159.0 1010.0 1165.0 999.0 1165.0 small-vehicle 1
1000.0 1154.0 1010.0 1154.0 1010.0 1159.0 1000.0 1159.0 small-vehicle 1
999.0 1149.0 1009.0 1149.0 1009.0 1155.0 999.0 1155.0 small-vehicle 1
998.0 1133.0 1008.0 1133.0 1008.0 1139.0 998.0 1139.0 small-vehicle 1
997.0 1128.0 1007.0 1128.0 1007.0 1133.0 997.0 1133.0 small-vehicle 1
996.0 1124.0 1007.0 1124.0 1007.0 1128.0 996.0 1128.0 small-vehicle 1
1029.0 1137.0 1042.0 1137.0 1042.0 1147.0 1029.0 1147.0 small-vehicle 1
1029.0 1130.0 1041.0 1130.0 1041.0 1138.0 1029.0 1138.0 small-vehicle 1
1028.0 1122.0 1041.0 1122.0 1041.0 1132.0 1028.0 1132.0 small-vehicle 1
1029.0 1115.0 1042.0 1115.0 1042.0 1126.0 1029.0 1126.0 small-vehicle 1
1016.0 1113.0 1028.0 1113.0 1028.0 1119.0 1016.0 1119.0 small-vehicle 1
1185.0 1032.0 1190.0 1032.0 1190.0 1042.0 1185.0 1042.0 small-vehicle 1
1191.0 1063.0 1201.0 1063.0 1201.0 1071.0 1191.0 1071.0 small-vehicle 1
1184.0 1021.0 1194.0 1021.0 1194.0 1030.0 1184.0 1030.0 small-vehicle 1
1141.0 1033.0 1149.0 1033.0 1149.0 1038.0 1141.0 1038.0 small-vehicle 1
1183.0 1015.0 1194.0 1015.0 1194.0 1024.0 1183.0 1024.0 small-vehicle 1
1160.0 1021.0 1172.0 1021.0 1172.0 1027.0 1160.0 1027.0 small-vehicle 1
1164.0 1013.0 1173.0 1013.0 1173.0 1017.0 1164.0 1017.0 small-vehicle 1
1164.0 1006.0 1173.0 1006.0 1173.0 1011.0 1164.0 1011.0 small-vehicle 1
1163.0 1001.0 1173.0 1001.0 1173.0 1007.0 1163.0 1007.0 small-vehicle 1
1160.0 1054.0 1170.0 1054.0 1170.0 1060.0 1160.0 1060.0 small-vehicle 1
1159.0 1060.0 1168.0 1060.0 1168.0 1065.0 1159.0 1065.0 small-vehicle 1
1180.0 1082.0 1189.0 1082.0 1189.0 1092.0 1180.0 1092.0 small-vehicle 1
1138.0 1062.0 1147.0 1062.0 1147.0 1067.0 1138.0 1067.0 small-vehicle 1
1138.0 1055.0 1148.0 1055.0 1148.0 1060.0 1138.0 1060.0 small-vehicle 1
1137.0 1050.0 1148.0 1050.0 1148.0 1054.0 1137.0 1054.0 small-vehicle 1
1138.0 1043.0 1148.0 1043.0 1148.0 1048.0 1138.0 1048.0 small-vehicle 1
1138.0 1038.0 1148.0 1038.0 1148.0 1043.0 1138.0 1043.0 small-vehicle 1
1050.0 1040.0 1062.0 1040.0 1062.0 1045.0 1050.0 1045.0 small-vehicle 1
1050.0 1035.0 1061.0 1035.0 1061.0 1040.0 1050.0 1040.0 small-vehicle 1
1050.0 1029.0 1061.0 1029.0 1061.0 1034.0 1050.0 1034.0 small-vehicle 1
1158.0 919.0 1164.0 919.0 1164.0 931.0 1158.0 931.0 small-vehicle 1
1133.0 936.0 1144.0 936.0 1144.0 941.0 1133.0 941.0 small-vehicle 1
1132.0 930.0 1144.0 930.0 1144.0 936.0 1132.0 936.0 small-vehicle 1
1195.0 889.0 1204.0 889.0 1204.0 898.0 1195.0 898.0 small-vehicle 1
1185.0 889.0 1194.0 889.0 1194.0 897.0 1185.0 897.0 small-vehicle 1
1177.0 888.0 1186.0 888.0 1186.0 897.0 1177.0 897.0 small-vehicle 1
1172.0 910.0 1183.0 910.0 1183.0 919.0 1172.0 919.0 small-vehicle 1
1186.0 911.0 1197.0 911.0 1197.0 922.0 1186.0 922.0 small-vehicle 1
1198.0 921.0 1202.0 921.0 1202.0 932.0 1198.0 932.0 small-vehicle 1
1191.0 921.0 1196.0 921.0 1196.0 932.0 1191.0 932.0 small-vehicle 1
1183.0 921.0 1188.0 921.0 1188.0 932.0 1183.0 932.0 small-vehicle 1
1177.0 919.0 1182.0 919.0 1182.0 931.0 1177.0 931.0 small-vehicle 1
1171.0 919.0 1176.0 919.0 1176.0 931.0 1171.0 931.0 small-vehicle 1
1166.0 919.0 1170.0 919.0 1170.0 931.0 1166.0 931.0 small-vehicle 1
1133.0 913.0 1142.0 913.0 1142.0 923.0 1133.0 923.0 small-vehicle 1
1044.0 1006.0 1050.0 1006.0 1050.0 1016.0 1044.0 1016.0 small-vehicle 1
1095.0 942.0 1101.0 942.0 1101.0 951.0 1095.0 951.0 small-vehicle 1
1095.0 953.0 1100.0 953.0 1100.0 966.0 1095.0 966.0 small-vehicle 1
1051.0 1024.0 1063.0 1024.0 1063.0 1029.0 1051.0 1029.0 small-vehicle 1
1051.0 1015.0 1062.0 1015.0 1062.0 1023.0 1051.0 1023.0 small-vehicle 1
1039.0 1005.0 1044.0 1005.0 1044.0 1016.0 1039.0 1016.0 small-vehicle 1
1033.0 1002.0 1039.0 1002.0 1039.0 1015.0 1033.0 1015.0 small-vehicle 1
1028.0 1003.0 1033.0 1003.0 1033.0 1014.0 1028.0 1014.0 small-vehicle 1
1023.0 1003.0 1027.0 1003.0 1027.0 1014.0 1023.0 1014.0 small-vehicle 1
1029.0 1071.0 1041.0 1071.0 1041.0 1076.0 1029.0 1076.0 small-vehicle 1
1030.0 1065.0 1041.0 1065.0 1041.0 1070.0 1030.0 1070.0 small-vehicle 1
1030.0 1060.0 1041.0 1060.0 1041.0 1064.0 1030.0 1064.0 small-vehicle 1
1031.0 1049.0 1042.0 1049.0 1042.0 1053.0 1031.0 1053.0 small-vehicle 1
1031.0 1044.0 1042.0 1044.0 1042.0 1049.0 1031.0 1049.0 small-vehicle 1
1133.0 941.0 1144.0 941.0 1144.0 946.0 1133.0 946.0 small-vehicle 1
1133.0 947.0 1143.0 947.0 1143.0 952.0 1133.0 952.0 small-vehicle 1
1132.0 952.0 1143.0 952.0 1143.0 958.0 1132.0 958.0 small-vehicle 1
1132.0 957.0 1143.0 957.0 1143.0 963.0 1132.0 963.0 small-vehicle 1
1050.0 1006.0 1053.0 1006.0 1053.0 1015.0 1050.0 1015.0 small-vehicle 1
1183.0 1008.0 1193.0 1008.0 1193.0 1018.0 1183.0 1018.0 small-vehicle 1
1184.0 1001.0 1195.0 1001.0 1195.0 1013.0 1184.0 1013.0 small-vehicle 1
1185.0 992.0 1193.0 992.0 1193.0 1000.0 1185.0 1000.0 small-vehicle 1
1177.0 974.0 1188.0 974.0 1188.0 985.0 1177.0 985.0 small-vehicle 1
1189.0 940.0 1201.0 940.0 1201.0 945.0 1189.0 945.0 small-vehicle 1
1197.0 945.0 1201.0 945.0 1201.0 957.0 1197.0 957.0 small-vehicle 1
1190.0 945.0 1195.0 945.0 1195.0 957.0 1190.0 957.0 small-vehicle 1
1182.0 945.0 1187.0 945.0 1187.0 956.0 1182.0 956.0 small-vehicle 1
1176.0 944.0 1181.0 944.0 1181.0 956.0 1176.0 956.0 small-vehicle 1
1169.0 939.0 1179.0 939.0 1179.0 944.0 1169.0 944.0 small-vehicle 1
1170.0 945.0 1175.0 945.0 1175.0 956.0 1170.0 956.0 small-vehicle 1
1164.0 945.0 1169.0 945.0 1169.0 956.0 1164.0 956.0 small-vehicle 1
1157.0 939.0 1167.0 939.0 1167.0 944.0 1157.0 944.0 small-vehicle 1
1189.0 968.0 1193.0 968.0 1193.0 976.0 1189.0 976.0 small-vehicle 1
1184.0 968.0 1189.0 968.0 1189.0 975.0 1184.0 975.0 small-vehicle 1
1178.0 967.0 1183.0 967.0 1183.0 976.0 1178.0 976.0 small-vehicle 1
1173.0 966.0 1177.0 966.0 1177.0 975.0 1173.0 975.0 small-vehicle 1
1167.0 967.0 1172.0 967.0 1172.0 975.0 1167.0 975.0 small-vehicle 1
1172.0 975.0 1180.0 975.0 1180.0 985.0 1172.0 985.0 small-vehicle 1
1159.0 975.0 1171.0 975.0 1171.0 984.0 1159.0 984.0 small-vehicle 1
1161.0 966.0 1165.0 966.0 1165.0 975.0 1161.0 975.0 small-vehicle 1
1155.0 966.0 1160.0 966.0 1160.0 975.0 1155.0 975.0 small-vehicle 1
1143.0 975.0 1147.0 975.0 1147.0 984.0 1143.0 984.0 small-vehicle 1
1146.0 966.0 1150.0 966.0 1150.0 975.0 1146.0 975.0 small-vehicle 1
1132.0 968.0 1143.0 968.0 1143.0 973.0 1132.0 973.0 small-vehicle 1
1132.0 963.0 1143.0 963.0 1143.0 967.0 1132.0 967.0 small-vehicle 1
170.0 85.0 197.0 85.0 197.0 123.0 170.0 123.0 large-vehicle 0
