imagesource:GoogleEarth
gsd:0.562686798121
327.0 477.0 335.0 477.0 335.0 488.0 327.0 488.0 small-vehicle 1
316.0 457.0 325.0 457.0 325.0 479.0 316.0 479.0 large-vehicle 1
302.0 425.0 313.0 425.0 313.0 438.0 302.0 438.0 small-vehicle 1
322.0 249.0 332.0 249.0 332.0 270.0 322.0 270.0 small-vehicle 1
262.0 218.0 270.0 218.0 270.0 230.0 262.0 230.0 small-vehicle 1
260.0 155.0 267.0 155.0 267.0 166.0 260.0 166.0 small-vehicle 1
245.0 116.0 252.0 116.0 252.0 126.0 245.0 126.0 small-vehicle 1
237.0 119.0 246.0 119.0 246.0 132.0 237.0 132.0 small-vehicle 1
275.0 28.0 288.0 28.0 288.0 58.0 275.0 58.0 large-vehicle 0
