imagesource:GoogleEarth
gsd:0.575693520363
73.0 4.0 81.0 4.0 81.0 17.0 73.0 17.0 small-vehicle 1
251.0 514.0 344.0 514.0 344.0 596.0 251.0 596.0 bridge 0
79.0 711.0 89.0 711.0 89.0 717.0 79.0 717.0 ship 1
71.0 706.0 82.0 706.0 82.0 714.0 71.0 714.0 ship 1
42.0 718.0 54.0 718.0 54.0 725.0 42.0 725.0 ship 1
100.0 69.0 107.0 69.0 107.0 76.0 100.0 76.0 small-vehicle 1
106.0 98.0 115.0 98.0 115.0 112.0 106.0 112.0 small-vehicle 1
406.0 772.0 416.0 772.0 416.0 784.0 406.0 784.0 small-vehicle 1
346.0 627.0 356.0 627.0 356.0 639.0 346.0 639.0 small-vehicle 1
304.0 549.0 312.0 549.0 312.0 561.0 304.0 561.0 small-vehicle 1
304.0 538.0 314.0 538.0 314.0 549.0 304.0 549.0 small-vehicle 1
251.0 431.0 261.0 431.0 261.0 443.0 251.0 443.0 small-vehicle 1
137.0 533.0 153.0 533.0 153.0 571.0 137.0 571.0 bridge 0
