imagesource:GoogleEarth
gsd:0.546004185972
2673.0 558.0 2687.0 558.0 2687.0 565.0 2673.0 565.0 small-vehicle 1
982.0 1323.0 990.0 1323.0 990.0 1327.0 982.0 1327.0 small-vehicle 1
343.0 1578.0 351.0 1578.0 351.0 1585.0 343.0 1585.0 small-vehicle 1
284.0 1485.0 290.0 1485.0 290.0 1493.0 284.0 1493.0 small-vehicle 1
281.0 1475.0 287.0 1475.0 287.0 1485.0 281.0 1485.0 small-vehicle 1
624.0 1518.0 635.0 1518.0 635.0 1526.0 624.0 1526.0 small-vehicle 1
599.0 1534.0 611.0 1534.0 611.0 1542.0 599.0 1542.0 small-vehicle 1
557.0 1323.0 569.0 1323.0 569.0 1331.0 557.0 1331.0 small-vehicle 1
533.0 1157.0 544.0 1157.0 544.0 1164.0 533.0 1164.0 small-vehicle 1
541.0 1177.0 550.0 1177.0 550.0 1185.0 541.0 1185.0 small-vehicle 1
567.0 1256.0 578.0 1256.0 578.0 1265.0 567.0 1265.0 small-vehicle 1
538.0 1256.0 547.0 1256.0 547.0 1264.0 538.0 1264.0 small-vehicle 1
541.0 1263.0 551.0 1263.0 551.0 1269.0 541.0 1269.0 small-vehicle 1
545.0 1274.0 556.0 1274.0 556.0 1281.0 545.0 1281.0 small-vehicle 1
571.0 1269.0 582.0 1269.0 582.0 1277.0 571.0 1277.0 small-vehicle 1
353.0 1148.0 363.0 1148.0 363.0 1157.0 353.0 1157.0 small-vehicle 1
196.0 1176.0 206.0 1176.0 206.0 1182.0 196.0 1182.0 small-vehicle 1
136.0 1096.0 145.0 1096.0 145.0 1103.0 136.0 1103.0 small-vehicle 1
324.0 1070.0 336.0 1070.0 336.0 1080.0 324.0 1080.0 small-vehicle 1
333.0 1579.0 341.0 1579.0 341.0 1586.0 333.0 1586.0 small-vehicle 1
425.0 1450.0 437.0 1450.0 437.0 1458.0 425.0 1458.0 small-vehicle 1
178.0 752.0 189.0 752.0 189.0 760.0 178.0 760.0 small-vehicle 1
820.0 1457.0 830.0 1457.0 830.0 1462.0 820.0 1462.0 small-vehicle 1
984.0 1383.0 993.0 1383.0 993.0 1390.0 984.0 1390.0 small-vehicle 1
954.0 1325.0 964.0 1325.0 964.0 1331.0 954.0 1331.0 small-vehicle 1
989.0 1267.0 997.0 1267.0 997.0 1272.0 989.0 1272.0 small-vehicle 1
1107.0 1241.0 1116.0 1241.0 1116.0 1253.0 1107.0 1253.0 small-vehicle 1
1102.0 1274.0 1109.0 1274.0 1109.0 1287.0 1102.0 1287.0 small-vehicle 1
1111.0 1329.0 1118.0 1329.0 1118.0 1342.0 1111.0 1342.0 small-vehicle 1
974.0 1634.0 986.0 1634.0 986.0 1642.0 974.0 1642.0 small-vehicle 1
741.0 1400.0 746.0 1400.0 746.0 1410.0 741.0 1410.0 small-vehicle 1
559.0 1665.0 570.0 1665.0 570.0 1675.0 559.0 1675.0 small-vehicle 1
706.0 1435.0 715.0 1435.0 715.0 1448.0 706.0 1448.0 small-vehicle 1
693.0 1620.0 701.0 1620.0 701.0 1631.0 693.0 1631.0 small-vehicle 1
839.0 1539.0 850.0 1539.0 850.0 1544.0 839.0 1544.0 small-vehicle 1
942.0 1642.0 953.0 1642.0 953.0 1649.0 942.0 1649.0 small-vehicle 1
943.0 1651.0 955.0 1651.0 955.0 1657.0 943.0 1657.0 small-vehicle 1
727.0 1626.0 730.0 1626.0 730.0 1636.0 727.0 1636.0 small-vehicle 1
761.0 1598.0 767.0 1598.0 767.0 1610.0 761.0 1610.0 small-vehicle 1
302.0 1018.0 312.0 1018.0 312.0 1026.0 302.0 1026.0 small-vehicle 1
514.0 878.0 524.0 878.0 524.0 887.0 514.0 887.0 small-vehicle 1
506.0 879.0 516.0 879.0 516.0 888.0 506.0 888.0 small-vehicle 1
1529.0 1191.0 1569.0 1191.0 1569.0 1208.0 1529.0 1208.0 large-vehicle 0
2080.0 1179.0 2124.0 1179.0 2124.0 1196.0 2080.0 1196.0 large-vehicle 0
1507.0 1217.0 1519.0 1217.0 1519.0 1246.0 1507.0 1246.0 large-vehicle 0
1478.0 1187.0 1500.0 1187.0 1500.0 1225.0 1478.0 1225.0 large-vehicle 0
1397.0 1162.0 1408.0 1162.0 1408.0 1183.0 1397.0 1183.0 large-vehicle 0
1436.0 1173.0 1451.0 1173.0 1451.0 1214.0 1436.0 1214.0 large-vehicle 0
1431.0 1131.0 1465.0 1131.0 1465.0 1144.0 1431.0 1144.0 large-vehicle 0
1492.0 1169.0 1526.0 1169.0 1526.0 1179.0 1492.0 1179.0 large-vehicle 0
1515.0 1217.0 1533.0 1217.0 1533.0 1257.0 1515.0 1257.0 large-vehicle 0
2192.0 1265.0 2219.0 1265.0 2219.0 1277.0 2192.0 1277.0 large-vehicle 0
1551.0 1284.0 1577.0 1284.0 1577.0 1298.0 1551.0 1298.0 large-vehicle 1
1607.0 1273.0 1644.0 1273.0 1644.0 1299.0 1607.0 1299.0 large-vehicle 0
1578.0 950.0 1609.0 950.0 1609.0 973.0 1578.0 973.0 large-vehicle 0
2194.0 1178.0 2212.0 1178.0 2212.0 1215.0 2194.0 1215.0 large-vehicle 0
2425.0 1600.0 2467.0 1600.0 2467.0 1629.0 2425.0 1629.0 large-vehicle 0
211.0 34.0 228.0 34.0 228.0 54.0 211.0 54.0 large-vehicle 0
453.0 308.0 485.0 308.0 485.0 342.0 453.0 342.0 large-vehicle 0
2244.0 1210.0 2261.0 1210.0 2261.0 1251.0 2244.0 1251.0 large-vehicle 0
295.0 154.0 543.0 154.0 543.0 360.0 295.0 360.0 bridge 0
316.0 726.0 326.0 726.0 326.0 733.0 316.0 733.0 small-vehicle 1
408.0 259.0 416.0 259.0 416.0 269.0 408.0 269.0 small-vehicle 1
536.0 632.0 540.0 632.0 540.0 644.0 536.0 644.0 small-vehicle 1
423.0 630.0 428.0 630.0 428.0 642.0 423.0 642.0 small-vehicle 1
321.0 613.0 327.0 613.0 327.0 624.0 321.0 624.0 small-vehicle 1
99.0 605.0 105.0 605.0 105.0 612.0 99.0 612.0 small-vehicle 1
366.0 420.0 371.0 420.0 371.0 430.0 366.0 430.0 small-vehicle 1
135.0 463.0 149.0 463.0 149.0 469.0 135.0 469.0 small-vehicle 1
451.0 294.0 462.0 294.0 462.0 306.0 451.0 306.0 small-vehicle 1
380.0 230.0 390.0 230.0 390.0 242.0 380.0 242.0 small-vehicle 1
588.0 163.0 861.0 163.0 861.0 367.0 588.0 367.0 bridge 0
284.0 116.0 294.0 116.0 294.0 127.0 284.0 127.0 small-vehicle 1
2702.0 596.0 2726.0 596.0 2726.0 609.0 2702.0 609.0 swimming-pool 0
623.0 1129.0 657.0 1129.0 657.0 1168.0 623.0 1168.0 swimming-pool 0
528.0 1088.0 561.0 1088.0 561.0 1134.0 528.0 1134.0 tennis-court 0
503.0 1097.0 536.0 1097.0 536.0 1145.0 503.0 1145.0 tennis-court 0
459.0 500.0 518.0 500.0 518.0 559.0 459.0 559.0 baseball-diamond 0
1761.0 248.0 1777.0 248.0 1777.0 318.0 1761.0 318.0 bridge 0
986.0 1381.0 993.0 1381.0 993.0 1384.0 986.0 1384.0 small-vehicle 1
1417.0 1231.0 1430.0 1231.0 1430.0 1242.0 1417.0 1242.0 small-vehicle 1
2623.0 1496.0 2638.0 1496.0 2638.0 1503.0 2623.0 1503.0 ship 1
1436.0 1330.0 1446.0 1330.0 1446.0 1335.0 1436.0 1335.0 small-vehicle 1
2202.0 1401.0 2213.0 1401.0 2213.0 1412.0 2202.0 1412.0 small-vehicle 1
2180.0 1378.0 2190.0 1378.0 2190.0 1387.0 2180.0 1387.0 small-vehicle 1
2025.0 1265.0 2036.0 1265.0 2036.0 1275.0 2025.0 1275.0 small-vehicle 1
1893.0 1184.0 1905.0 1184.0 1905.0 1196.0 1893.0 1196.0 small-vehicle 1
1824.0 1144.0 1834.0 1144.0 1834.0 1154.0 1824.0 1154.0 small-vehicle 1
1660.0 1027.0 1671.0 1027.0 1671.0 1038.0 1660.0 1038.0 small-vehicle 1
2143.0 1439.0 2162.0 1439.0 2162.0 1454.0 2143.0 1454.0 large-vehicle 1
2118.0 1425.0 2145.0 1425.0 2145.0 1443.0 2118.0 1443.0 large-vehicle 1
1807.0 1124.0 1825.0 1124.0 1825.0 1138.0 1807.0 1138.0 large-vehicle 1
2067.0 1386.0 2080.0 1386.0 2080.0 1396.0 2067.0 1396.0 small-vehicle 1
2019.0 1355.0 2031.0 1355.0 2031.0 1365.0 2019.0 1365.0 small-vehicle 1
1540.0 1303.0 1552.0 1303.0 1552.0 1313.0 1540.0 1313.0 small-vehicle 1
1750.0 1083.0 1762.0 1083.0 1762.0 1095.0 1750.0 1095.0 small-vehicle 1
1647.0 1011.0 1657.0 1011.0 1657.0 1021.0 1647.0 1021.0 small-vehicle 1
1456.0 867.0 1467.0 867.0 1467.0 879.0 1456.0 879.0 small-vehicle 1
1758.0 379.0 1763.0 379.0 1763.0 390.0 1758.0 390.0 small-vehicle 1
1420.0 315.0 1430.0 315.0 1430.0 329.0 1420.0 329.0 small-vehicle 1
2124.0 858.0 2135.0 858.0 2135.0 868.0 2124.0 868.0 small-vehicle 1
2124.0 894.0 2133.0 894.0 2133.0 903.0 2124.0 903.0 small-vehicle 1
2121.0 905.0 2132.0 905.0 2132.0 917.0 2121.0 917.0 small-vehicle 1
2182.0 815.0 2191.0 815.0 2191.0 828.0 2182.0 828.0 small-vehicle 1
2622.0 1505.0 2639.0 1505.0 2639.0 1511.0 2622.0 1511.0 ship 1
2624.0 1714.0 2636.0 1714.0 2636.0 1723.0 2624.0 1723.0 small-vehicle 1
2580.0 1712.0 2593.0 1712.0 2593.0 1723.0 2580.0 1723.0 small-vehicle 1
2553.0 1690.0 2567.0 1690.0 2567.0 1702.0 2553.0 1702.0 small-vehicle 1
2288.0 1446.0 2300.0 1446.0 2300.0 1457.0 2288.0 1457.0 small-vehicle 1
2257.0 1177.0 2269.0 1177.0 2269.0 1188.0 2257.0 1188.0 small-vehicle 1
2296.0 1015.0 2308.0 1015.0 2308.0 1025.0 2296.0 1025.0 small-vehicle 1
2202.0 816.0 2210.0 816.0 2210.0 828.0 2202.0 828.0 small-vehicle 1
2121.0 917.0 2132.0 917.0 2132.0 927.0 2121.0 927.0 small-vehicle 1
2121.0 1017.0 2129.0 1017.0 2129.0 1023.0 2121.0 1023.0 small-vehicle 1
2118.0 1000.0 2130.0 1000.0 2130.0 1008.0 2118.0 1008.0 small-vehicle 1
2096.0 1008.0 2106.0 1008.0 2106.0 1016.0 2096.0 1016.0 small-vehicle 1
2097.0 970.0 2106.0 970.0 2106.0 979.0 2097.0 979.0 small-vehicle 1
2094.0 953.0 2107.0 953.0 2107.0 964.0 2094.0 964.0 small-vehicle 1
2096.0 941.0 2109.0 941.0 2109.0 952.0 2096.0 952.0 small-vehicle 1
2099.0 931.0 2109.0 931.0 2109.0 941.0 2099.0 941.0 small-vehicle 1
1418.0 391.0 1429.0 391.0 1429.0 397.0 1418.0 397.0 small-vehicle 1
1270.0 371.0 1282.0 371.0 1282.0 377.0 1270.0 377.0 small-vehicle 1
1760.0 319.0 1765.0 319.0 1765.0 331.0 1760.0 331.0 small-vehicle 1
979.0 945.0 990.0 945.0 990.0 956.0 979.0 956.0 small-vehicle 1
1240.0 689.0 1249.0 689.0 1249.0 699.0 1240.0 699.0 small-vehicle 1
1333.0 792.0 1345.0 792.0 1345.0 804.0 1333.0 804.0 small-vehicle 1
883.0 658.0 895.0 658.0 895.0 669.0 883.0 669.0 small-vehicle 1
952.0 690.0 964.0 690.0 964.0 702.0 952.0 702.0 small-vehicle 1
1129.0 821.0 1142.0 821.0 1142.0 833.0 1129.0 833.0 small-vehicle 1
1170.0 839.0 1182.0 839.0 1182.0 850.0 1170.0 850.0 small-vehicle 1
1245.0 879.0 1257.0 879.0 1257.0 889.0 1245.0 889.0 small-vehicle 1
957.0 1268.0 966.0 1268.0 966.0 1274.0 957.0 1274.0 small-vehicle 1
1441.0 873.0 1450.0 873.0 1450.0 883.0 1441.0 883.0 small-vehicle 1
966.0 1043.0 976.0 1043.0 976.0 1048.0 966.0 1048.0 small-vehicle 1
980.0 1068.0 984.0 1068.0 984.0 1078.0 980.0 1078.0 small-vehicle 1
981.0 1078.0 985.0 1078.0 985.0 1088.0 981.0 1088.0 small-vehicle 1
1008.0 1649.0 1019.0 1649.0 1019.0 1660.0 1008.0 1660.0 small-vehicle 1
1379.0 1422.0 1392.0 1422.0 1392.0 1427.0 1379.0 1427.0 small-vehicle 1
1405.0 1379.0 1418.0 1379.0 1418.0 1386.0 1405.0 1386.0 small-vehicle 1
1410.0 1370.0 1422.0 1370.0 1422.0 1375.0 1410.0 1375.0 small-vehicle 1
1430.0 856.0 1442.0 856.0 1442.0 868.0 1430.0 868.0 small-vehicle 1
1063.0 561.0 1074.0 561.0 1074.0 570.0 1063.0 570.0 small-vehicle 1
1769.0 287.0 1774.0 287.0 1774.0 298.0 1769.0 298.0 small-vehicle 1
1527.0 1413.0 1535.0 1413.0 1535.0 1418.0 1527.0 1418.0 small-vehicle 1
1574.0 1376.0 1585.0 1376.0 1585.0 1388.0 1574.0 1388.0 small-vehicle 1
1570.0 1381.0 1581.0 1381.0 1581.0 1393.0 1570.0 1393.0 small-vehicle 1
1554.0 1412.0 1564.0 1412.0 1564.0 1424.0 1554.0 1424.0 small-vehicle 1
1565.0 1391.0 1575.0 1391.0 1575.0 1402.0 1565.0 1402.0 small-vehicle 1
1548.0 1378.0 1558.0 1378.0 1558.0 1383.0 1548.0 1383.0 small-vehicle 1
1540.0 1391.0 1551.0 1391.0 1551.0 1396.0 1540.0 1396.0 small-vehicle 1
1531.0 1404.0 1541.0 1404.0 1541.0 1410.0 1531.0 1410.0 small-vehicle 1
1545.0 1429.0 1555.0 1429.0 1555.0 1440.0 1545.0 1440.0 small-vehicle 1
1049.0 558.0 1059.0 558.0 1059.0 568.0 1049.0 568.0 small-vehicle 1
1523.0 1461.0 1531.0 1461.0 1531.0 1471.0 1523.0 1471.0 small-vehicle 1
1498.0 1460.0 1509.0 1460.0 1509.0 1467.0 1498.0 1467.0 small-vehicle 1
1381.0 625.0 1394.0 625.0 1394.0 632.0 1381.0 632.0 ship 1
1437.0 473.0 1442.0 473.0 1442.0 485.0 1437.0 485.0 small-vehicle 1
1289.0 489.0 1294.0 489.0 1294.0 503.0 1289.0 503.0 small-vehicle 1
1283.0 490.0 1289.0 490.0 1289.0 502.0 1283.0 502.0 small-vehicle 1
1276.0 491.0 1283.0 491.0 1283.0 501.0 1276.0 501.0 small-vehicle 1
815.0 349.0 851.0 349.0 851.0 384.0 815.0 384.0 large-vehicle 0
