imagesource:GoogleEarth
gsd:0.275423846441
592.0 112.0 617.0 112.0 617.0 128.0 592.0 128.0 small-vehicle 1
228.0 410.0 328.0 410.0 328.0 506.0 228.0 506.0 plane 0
985.0 34.0 1009.0 34.0 1009.0 44.0 985.0 44.0 small-vehicle 0
909.0 22.0 934.0 22.0 934.0 34.0 909.0 34.0 small-vehicle 0
913.0 33.0 936.0 33.0 936.0 45.0 913.0 45.0 small-vehicle 0
913.0 43.0 935.0 43.0 935.0 56.0 913.0 56.0 small-vehicle 0
933.0 58.0 945.0 58.0 945.0 80.0 933.0 80.0 small-vehicle 0
954.0 56.0 966.0 56.0 966.0 78.0 954.0 78.0 small-vehicle 0
936.0 106.0 952.0 106.0 952.0 128.0 936.0 128.0 small-vehicle 0
256.0 483.0 376.0 483.0 376.0 603.0 256.0 603.0 plane 0
200.0 337.0 299.0 337.0 299.0 429.0 200.0 429.0 plane 0
841.0 211.0 858.0 211.0 858.0 230.0 841.0 230.0 small-vehicle 1
615.0 354.0 688.0 354.0 688.0 433.0 615.0 433.0 plane 0
585.0 284.0 663.0 284.0 663.0 361.0 585.0 361.0 plane 0
387.0 293.0 488.0 293.0 488.0 395.0 387.0 395.0 plane 0
352.0 218.0 456.0 218.0 456.0 316.0 352.0 316.0 plane 0
1078.0 238.0 1184.0 238.0 1184.0 355.0 1078.0 355.0 plane 0
932.0 142.0 1024.0 142.0 1024.0 243.0 932.0 243.0 plane 0
505.0 570.0 549.0 570.0 549.0 595.0 505.0 595.0 large-vehicle 0
346.0 203.0 382.0 203.0 382.0 227.0 346.0 227.0 large-vehicle 0
983.0 22.0 1004.0 22.0 1004.0 34.0 983.0 34.0 small-vehicle 0
979.0 13.0 1005.0 13.0 1005.0 28.0 979.0 28.0 small-vehicle 0
1032.0 35.0 1057.0 35.0 1057.0 49.0 1032.0 49.0 small-vehicle 0
731.0 13.0 760.0 13.0 760.0 34.0 731.0 34.0 small-vehicle 0
832.0 217.0 848.0 217.0 848.0 237.0 832.0 237.0 small-vehicle 1
819.0 220.0 835.0 220.0 835.0 241.0 819.0 241.0 small-vehicle 1
995.0 104.0 1010.0 104.0 1010.0 125.0 995.0 125.0 small-vehicle 1
979.0 107.0 990.0 107.0 990.0 127.0 979.0 127.0 small-vehicle 1
970.0 106.0 979.0 106.0 979.0 127.0 970.0 127.0 small-vehicle 1
986.0 45.0 1007.0 45.0 1007.0 56.0 986.0 56.0 small-vehicle 1
1034.0 43.0 1060.0 43.0 1060.0 56.0 1034.0 56.0 small-vehicle 1
1035.0 64.0 1059.0 64.0 1059.0 75.0 1035.0 75.0 small-vehicle 1
1034.0 75.0 1064.0 75.0 1064.0 86.0 1034.0 86.0 small-vehicle 1
318.0 223.0 341.0 223.0 341.0 235.0 318.0 235.0 small-vehicle 0
843.0 70.0 868.0 70.0 868.0 98.0 843.0 98.0 small-vehicle 0
1009.0 106.0 1020.0 106.0 1020.0 127.0 1009.0 127.0 small-vehicle 0
1027.0 105.0 1043.0 105.0 1043.0 128.0 1027.0 128.0 small-vehicle 0
1019.0 107.0 1031.0 107.0 1031.0 129.0 1019.0 129.0 small-vehicle 0
960.0 107.0 971.0 107.0 971.0 128.0 960.0 128.0 small-vehicle 0
976.0 58.0 988.0 58.0 988.0 76.0 976.0 76.0 small-vehicle 0
1032.0 25.0 1052.0 25.0 1052.0 35.0 1032.0 35.0 small-vehicle 0
399.0 181.0 445.0 181.0 445.0 206.0 399.0 206.0 large-vehicle 0
