imagesource:GoogleEarth
gsd:0.285372044152
514.0 1016.0 524.0 1016.0 524.0 1034.0 514.0 1034.0 small-vehicle 1
540.0 517.0 704.0 517.0 704.0 688.0 540.0 688.0 baseball-diamond 0
534.0 210.0 696.0 210.0 696.0 374.0 534.0 374.0 baseball-diamond 0
879.0 517.0 988.0 517.0 988.0 630.0 879.0 630.0 baseball-diamond 0
1124.0 602.0 1214.0 602.0 1214.0 726.0 1124.0 726.0 baseball-diamond 0
878.0 771.0 981.0 771.0 981.0 876.0 878.0 876.0 baseball-diamond 0
82.0 75.0 116.0 75.0 116.0 97.0 82.0 97.0 swimming-pool 0
514.0 881.0 540.0 881.0 540.0 900.0 514.0 900.0 large-vehicle 0
634.0 870.0 658.0 870.0 658.0 891.0 634.0 891.0 large-vehicle 0
139.0 443.0 150.0 443.0 150.0 466.0 139.0 466.0 small-vehicle 1
508.0 855.0 527.0 855.0 527.0 867.0 508.0 867.0 small-vehicle 1
518.0 899.0 542.0 899.0 542.0 916.0 518.0 916.0 small-vehicle 1
272.0 865.0 502.0 865.0 502.0 1082.0 272.0 1082.0 baseball-diamond 0
520.0 992.0 660.0 992.0 660.0 1121.0 520.0 1121.0 baseball-diamond 0
292.0 1154.0 447.0 1154.0 447.0 1302.0 292.0 1302.0 baseball-diamond 0
474.0 1162.0 625.0 1162.0 625.0 1313.0 474.0 1313.0 baseball-diamond 0
433.0 169.0 465.0 169.0 465.0 187.0 433.0 187.0 small-vehicle 1
624.0 1553.0 632.0 1553.0 632.0 1570.0 624.0 1570.0 small-vehicle 1
420.0 703.0 439.0 703.0 439.0 718.0 420.0 718.0 small-vehicle 1
923.0 1553.0 933.0 1553.0 933.0 1571.0 923.0 1571.0 small-vehicle 1
932.0 963.0 957.0 963.0 957.0 975.0 932.0 975.0 small-vehicle 1
1145.0 162.0 1168.0 162.0 1168.0 173.0 1145.0 173.0 small-vehicle 1
1041.0 76.0 1065.0 76.0 1065.0 86.0 1041.0 86.0 small-vehicle 1
1040.0 86.0 1063.0 86.0 1063.0 96.0 1040.0 96.0 small-vehicle 1
1044.0 107.0 1068.0 107.0 1068.0 116.0 1044.0 116.0 small-vehicle 1
1143.0 175.0 1174.0 175.0 1174.0 188.0 1143.0 188.0 large-vehicle 0
1077.0 315.0 1101.0 315.0 1101.0 336.0 1077.0 336.0 large-vehicle 0
992.0 1026.0 1012.0 1026.0 1012.0 1037.0 992.0 1037.0 large-vehicle 0
40.0 273.0 48.0 273.0 48.0 291.0 40.0 291.0 small-vehicle 1
52.0 608.0 75.0 608.0 75.0 617.0 52.0 617.0 small-vehicle 1
214.0 1543.0 222.0 1543.0 222.0 1560.0 214.0 1560.0 small-vehicle 1
484.0 1544.0 491.0 1544.0 491.0 1561.0 484.0 1561.0 small-vehicle 1
949.0 305.0 1034.0 305.0 1034.0 382.0 949.0 382.0 storage-tank 0
