imagesource:GoogleEarth
gsd:0.284927774573
454.0 1041.0 478.0 1041.0 478.0 1063.0 454.0 1063.0 small-vehicle 1
393.0 1049.0 411.0 1049.0 411.0 1059.0 393.0 1059.0 small-vehicle 0
461.0 1111.0 476.0 1111.0 476.0 1131.0 461.0 1131.0 small-vehicle 1
449.0 1086.0 466.0 1086.0 466.0 1107.0 449.0 1107.0 small-vehicle 1
440.0 1066.0 457.0 1066.0 457.0 1086.0 440.0 1086.0 small-vehicle 1
411.0 630.0 429.0 630.0 429.0 655.0 411.0 655.0 small-vehicle 1
400.0 636.0 417.0 636.0 417.0 660.0 400.0 660.0 small-vehicle 1
958.0 388.0 1154.0 388.0 1154.0 583.0 958.0 583.0 baseball-diamond 0
658.0 301.0 793.0 301.0 793.0 434.0 658.0 434.0 baseball-diamond 0
600.0 1162.0 663.0 1162.0 663.0 1227.0 600.0 1227.0 roundabout 0
983.0 1178.0 1046.0 1178.0 1046.0 1245.0 983.0 1245.0 roundabout 0
588.0 58.0 654.0 58.0 654.0 123.0 588.0 123.0 roundabout 0
62.0 560.0 422.0 560.0 422.0 1005.0 62.0 1005.0 soccer-ball-field 0
315.0 1358.0 561.0 1358.0 561.0 1753.0 315.0 1753.0 soccer-ball-field 0
581.0 1436.0 1162.0 1436.0 1162.0 1730.0 581.0 1730.0 ground-track-field 0
1001.0 1398.0 1211.0 1398.0 1211.0 1760.0 1001.0 1760.0 soccer-ball-field 0
666.0 1376.0 916.0 1376.0 916.0 1767.0 666.0 1767.0 soccer-ball-field 0
211.0 405.0 253.0 405.0 253.0 490.0 211.0 490.0 tennis-court 0
419.0 234.0 462.0 234.0 462.0 319.0 419.0 319.0 tennis-court 0
360.0 232.0 404.0 232.0 404.0 317.0 360.0 317.0 tennis-court 0
303.0 231.0 346.0 231.0 346.0 316.0 303.0 316.0 tennis-court 0
224.0 227.0 268.0 227.0 268.0 313.0 224.0 313.0 tennis-court 0
167.0 227.0 211.0 227.0 211.0 310.0 167.0 310.0 tennis-court 0
111.0 224.0 152.0 224.0 152.0 309.0 111.0 309.0 tennis-court 0
496.0 84.0 538.0 84.0 538.0 168.0 496.0 168.0 tennis-court 0
438.0 83.0 479.0 83.0 479.0 166.0 438.0 166.0 tennis-court 0
380.0 80.0 422.0 80.0 422.0 165.0 380.0 165.0 tennis-court 0
302.0 77.0 343.0 77.0 343.0 162.0 302.0 162.0 tennis-court 0
244.0 75.0 287.0 75.0 287.0 159.0 244.0 159.0 tennis-court 0
509.0 223.0 533.0 223.0 533.0 242.0 509.0 242.0 small-vehicle 0
370.0 1087.0 387.0 1087.0 387.0 1109.0 370.0 1109.0 small-vehicle 0
639.0 1081.0 664.0 1081.0 664.0 1091.0 639.0 1091.0 small-vehicle 1
378.0 1116.0 396.0 1116.0 396.0 1136.0 378.0 1136.0 small-vehicle 0
818.0 1078.0 838.0 1078.0 838.0 1089.0 818.0 1089.0 small-vehicle 1
1087.0 1200.0 1108.0 1200.0 1108.0 1212.0 1087.0 1212.0 small-vehicle 1
790.0 691.0 967.0 691.0 967.0 859.0 790.0 859.0 baseball-diamond 0
683.0 567.0 697.0 567.0 697.0 586.0 683.0 586.0 small-vehicle 1
650.0 665.0 671.0 665.0 671.0 680.0 650.0 680.0 small-vehicle 1
652.0 676.0 676.0 676.0 676.0 695.0 652.0 695.0 small-vehicle 1
601.0 997.0 624.0 997.0 624.0 1009.0 601.0 1009.0 small-vehicle 1
601.0 1016.0 623.0 1016.0 623.0 1027.0 601.0 1027.0 small-vehicle 1
600.0 1045.0 620.0 1045.0 620.0 1052.0 600.0 1052.0 small-vehicle 1
597.0 1053.0 618.0 1053.0 618.0 1062.0 597.0 1062.0 small-vehicle 1
601.0 1063.0 621.0 1063.0 621.0 1071.0 601.0 1071.0 small-vehicle 1
600.0 1072.0 618.0 1072.0 618.0 1081.0 600.0 1081.0 small-vehicle 1
597.0 1081.0 617.0 1081.0 617.0 1090.0 597.0 1090.0 small-vehicle 1
600.0 1092.0 619.0 1092.0 619.0 1101.0 600.0 1101.0 small-vehicle 1
365.0 1045.0 388.0 1045.0 388.0 1057.0 365.0 1057.0 small-vehicle 1
404.0 1085.0 419.0 1085.0 419.0 1105.0 404.0 1105.0 small-vehicle 1
396.0 1089.0 408.0 1089.0 408.0 1107.0 396.0 1107.0 small-vehicle 1
354.0 1095.0 370.0 1095.0 370.0 1114.0 354.0 1114.0 small-vehicle 1
383.0 1087.0 398.0 1087.0 398.0 1104.0 383.0 1104.0 small-vehicle 1
410.0 1129.0 427.0 1129.0 427.0 1149.0 410.0 1149.0 small-vehicle 1
429.0 1147.0 446.0 1147.0 446.0 1168.0 429.0 1168.0 small-vehicle 1
420.0 1150.0 436.0 1150.0 436.0 1170.0 420.0 1170.0 small-vehicle 1
296.0 1165.0 312.0 1165.0 312.0 1174.0 296.0 1174.0 small-vehicle 1
375.0 1151.0 391.0 1151.0 391.0 1171.0 375.0 1171.0 small-vehicle 0
391.0 1145.0 406.0 1145.0 406.0 1163.0 391.0 1163.0 small-vehicle 0
406.0 1144.0 422.0 1144.0 422.0 1164.0 406.0 1164.0 small-vehicle 0
391.0 1109.0 406.0 1109.0 406.0 1128.0 391.0 1128.0 small-vehicle 0
187.0 74.0 228.0 74.0 228.0 158.0 187.0 158.0 tennis-court 0
