imagesource:GoogleEarth
gsd:0.274384978439
238.0 2728.0 263.0 2728.0 263.0 2745.0 238.0 2745.0 small-vehicle 1
587.0 869.0 601.0 869.0 601.0 892.0 587.0 892.0 small-vehicle 1
546.0 897.0 564.0 897.0 564.0 915.0 546.0 915.0 small-vehicle 1
527.0 888.0 547.0 888.0 547.0 905.0 527.0 905.0 small-vehicle 1
507.0 882.0 524.0 882.0 524.0 898.0 507.0 898.0 small-vehicle 1
620.0 879.0 634.0 879.0 634.0 904.0 620.0 904.0 small-vehicle 1
609.0 876.0 625.0 876.0 625.0 899.0 609.0 899.0 small-vehicle 1
598.0 872.0 613.0 872.0 613.0 894.0 598.0 894.0 small-vehicle 1
567.0 862.0 581.0 862.0 581.0 883.0 567.0 883.0 small-vehicle 1
690.0 2459.0 707.0 2459.0 707.0 2482.0 690.0 2482.0 small-vehicle 1
546.0 855.0 561.0 855.0 561.0 876.0 546.0 876.0 small-vehicle 1
536.0 851.0 553.0 851.0 553.0 873.0 536.0 873.0 small-vehicle 1
525.0 848.0 541.0 848.0 541.0 869.0 525.0 869.0 small-vehicle 1
515.0 842.0 532.0 842.0 532.0 864.0 515.0 864.0 small-vehicle 1
506.0 838.0 519.0 838.0 519.0 859.0 506.0 859.0 small-vehicle 1
483.0 834.0 499.0 834.0 499.0 854.0 483.0 854.0 small-vehicle 1
562.0 910.0 581.0 910.0 581.0 928.0 562.0 928.0 small-vehicle 1
576.0 922.0 590.0 922.0 590.0 947.0 576.0 947.0 small-vehicle 1
613.0 916.0 626.0 916.0 626.0 939.0 613.0 939.0 small-vehicle 1
470.0 937.0 489.0 937.0 489.0 950.0 470.0 950.0 small-vehicle 1
474.0 927.0 491.0 927.0 491.0 940.0 474.0 940.0 small-vehicle 1
465.0 943.0 484.0 943.0 484.0 959.0 465.0 959.0 small-vehicle 1
466.0 901.0 482.0 901.0 482.0 922.0 466.0 922.0 small-vehicle 1
475.0 886.0 494.0 886.0 494.0 904.0 475.0 904.0 small-vehicle 1
387.0 1036.0 399.0 1036.0 399.0 1059.0 387.0 1059.0 small-vehicle 1
408.0 1033.0 420.0 1033.0 420.0 1056.0 408.0 1056.0 small-vehicle 1
426.0 1028.0 439.0 1028.0 439.0 1050.0 426.0 1050.0 small-vehicle 1
105.0 1066.0 126.0 1066.0 126.0 1081.0 105.0 1081.0 small-vehicle 1
614.0 2416.0 631.0 2416.0 631.0 2438.0 614.0 2438.0 small-vehicle 1
624.0 2423.0 641.0 2423.0 641.0 2444.0 624.0 2444.0 small-vehicle 1
650.0 2436.0 666.0 2436.0 666.0 2456.0 650.0 2456.0 small-vehicle 1
660.0 2441.0 676.0 2441.0 676.0 2465.0 660.0 2465.0 small-vehicle 1
669.0 2447.0 687.0 2447.0 687.0 2472.0 669.0 2472.0 small-vehicle 1
474.0 829.0 489.0 829.0 489.0 847.0 474.0 847.0 small-vehicle 1
404.0 940.0 426.0 940.0 426.0 958.0 404.0 958.0 small-vehicle 1
408.0 926.0 428.0 926.0 428.0 944.0 408.0 944.0 small-vehicle 1
391.0 657.0 406.0 657.0 406.0 679.0 391.0 679.0 small-vehicle 1
338.0 736.0 355.0 736.0 355.0 755.0 338.0 755.0 small-vehicle 1
328.0 733.0 344.0 733.0 344.0 753.0 328.0 753.0 small-vehicle 1
321.0 727.0 333.0 727.0 333.0 749.0 321.0 749.0 small-vehicle 1
308.0 723.0 324.0 723.0 324.0 744.0 308.0 744.0 small-vehicle 1
397.0 701.0 411.0 701.0 411.0 722.0 397.0 722.0 small-vehicle 1
386.0 697.0 402.0 697.0 402.0 720.0 386.0 720.0 small-vehicle 1
377.0 694.0 390.0 694.0 390.0 714.0 377.0 714.0 small-vehicle 1
365.0 689.0 379.0 689.0 379.0 709.0 365.0 709.0 small-vehicle 1
356.0 685.0 370.0 685.0 370.0 703.0 356.0 703.0 small-vehicle 1
344.0 679.0 361.0 679.0 361.0 705.0 344.0 705.0 small-vehicle 1
335.0 678.0 350.0 678.0 350.0 698.0 335.0 698.0 small-vehicle 1
322.0 673.0 339.0 673.0 339.0 696.0 322.0 696.0 small-vehicle 1
411.0 665.0 427.0 665.0 427.0 686.0 411.0 686.0 small-vehicle 1
401.0 660.0 416.0 660.0 416.0 682.0 401.0 682.0 small-vehicle 1
379.0 652.0 397.0 652.0 397.0 677.0 379.0 677.0 small-vehicle 1
411.0 914.0 436.0 914.0 436.0 932.0 411.0 932.0 small-vehicle 1
369.0 650.0 387.0 650.0 387.0 674.0 369.0 674.0 small-vehicle 1
105.0 768.0 126.0 768.0 126.0 785.0 105.0 785.0 small-vehicle 1
91.0 805.0 112.0 805.0 112.0 822.0 91.0 822.0 small-vehicle 1
84.0 814.0 107.0 814.0 107.0 832.0 84.0 832.0 small-vehicle 1
73.0 833.0 97.0 833.0 97.0 850.0 73.0 850.0 small-vehicle 1
69.0 844.0 94.0 844.0 94.0 862.0 69.0 862.0 small-vehicle 1
69.0 857.0 91.0 857.0 91.0 871.0 69.0 871.0 small-vehicle 1
65.0 863.0 88.0 863.0 88.0 880.0 65.0 880.0 small-vehicle 1
61.0 876.0 83.0 876.0 83.0 892.0 61.0 892.0 small-vehicle 1
52.0 905.0 74.0 905.0 74.0 919.0 52.0 919.0 small-vehicle 1
36.0 943.0 56.0 943.0 56.0 960.0 36.0 960.0 small-vehicle 1
428.0 887.0 448.0 887.0 448.0 903.0 428.0 903.0 small-vehicle 1
421.0 895.0 443.0 895.0 443.0 910.0 421.0 910.0 small-vehicle 1
418.0 903.0 440.0 903.0 440.0 922.0 418.0 922.0 small-vehicle 1
680.0 2452.0 698.0 2452.0 698.0 2476.0 680.0 2476.0 small-vehicle 1
23.0 2624.0 46.0 2624.0 46.0 2641.0 23.0 2641.0 small-vehicle 1
382.0 750.0 398.0 750.0 398.0 772.0 382.0 772.0 small-vehicle 1
811.0 1029.0 832.0 1029.0 832.0 1051.0 811.0 1051.0 small-vehicle 1
830.0 970.0 846.0 970.0 846.0 992.0 830.0 992.0 small-vehicle 1
822.0 978.0 838.0 978.0 838.0 999.0 822.0 999.0 small-vehicle 1
810.0 984.0 824.0 984.0 824.0 1003.0 810.0 1003.0 small-vehicle 1
799.0 989.0 813.0 989.0 813.0 1008.0 799.0 1008.0 small-vehicle 1
785.0 990.0 801.0 990.0 801.0 1011.0 785.0 1011.0 small-vehicle 1
799.0 1035.0 819.0 1035.0 819.0 1055.0 799.0 1055.0 small-vehicle 1
837.0 1024.0 852.0 1024.0 852.0 1043.0 837.0 1043.0 small-vehicle 1
111.0 2611.0 133.0 2611.0 133.0 2631.0 111.0 2631.0 small-vehicle 1
1185.0 1444.0 1205.0 1444.0 1205.0 1461.0 1185.0 1461.0 small-vehicle 1
1180.0 1452.0 1202.0 1452.0 1202.0 1469.0 1180.0 1469.0 small-vehicle 1
762.0 1497.0 787.0 1497.0 787.0 1518.0 762.0 1518.0 small-vehicle 1
982.0 1657.0 999.0 1657.0 999.0 1682.0 982.0 1682.0 small-vehicle 1
949.0 1729.0 965.0 1729.0 965.0 1751.0 949.0 1751.0 small-vehicle 1
950.0 1753.0 967.0 1753.0 967.0 1774.0 950.0 1774.0 small-vehicle 1
841.0 969.0 855.0 969.0 855.0 987.0 841.0 987.0 small-vehicle 1
921.0 1155.0 953.0 1155.0 953.0 1177.0 921.0 1177.0 ship 0
1256.0 1150.0 1273.0 1150.0 1273.0 1163.0 1256.0 1163.0 ship 0
1233.0 1189.0 1247.0 1189.0 1247.0 1207.0 1233.0 1207.0 ship 0
1258.0 1173.0 1278.0 1173.0 1278.0 1189.0 1258.0 1189.0 ship 0
1299.0 1118.0 1325.0 1118.0 1325.0 1139.0 1299.0 1139.0 ship 0
1240.0 1278.0 1259.0 1278.0 1259.0 1299.0 1240.0 1299.0 ship 0
1256.0 2558.0 1293.0 2558.0 1293.0 2586.0 1256.0 2586.0 large-vehicle 0
1308.0 2592.0 1342.0 2592.0 1342.0 2619.0 1308.0 2619.0 ship 0
1309.0 2723.0 1331.0 2723.0 1331.0 2741.0 1309.0 2741.0 small-vehicle 0
1187.0 1792.0 1208.0 1792.0 1208.0 1806.0 1187.0 1806.0 small-vehicle 1
1191.0 1782.0 1213.0 1782.0 1213.0 1798.0 1191.0 1798.0 small-vehicle 1
1206.0 1759.0 1226.0 1759.0 1226.0 1773.0 1206.0 1773.0 small-vehicle 1
1199.0 1766.0 1219.0 1766.0 1219.0 1781.0 1199.0 1781.0 small-vehicle 1
1209.0 1749.0 1227.0 1749.0 1227.0 1764.0 1209.0 1764.0 small-vehicle 1
1262.0 1684.0 1281.0 1684.0 1281.0 1700.0 1262.0 1700.0 small-vehicle 1
1270.0 1676.0 1290.0 1676.0 1290.0 1690.0 1270.0 1690.0 small-vehicle 1
845.0 1917.0 863.0 1917.0 863.0 1942.0 845.0 1942.0 small-vehicle 1
839.0 1908.0 857.0 1908.0 857.0 1928.0 839.0 1928.0 small-vehicle 1
844.0 1886.0 864.0 1886.0 864.0 1908.0 844.0 1908.0 small-vehicle 1
644.0 2343.0 667.0 2343.0 667.0 2365.0 644.0 2365.0 small-vehicle 1
86.0 2652.0 109.0 2652.0 109.0 2671.0 86.0 2671.0 small-vehicle 1
133.0 2674.0 158.0 2674.0 158.0 2693.0 133.0 2693.0 small-vehicle 1
270.0 2726.0 295.0 2726.0 295.0 2746.0 270.0 2746.0 small-vehicle 1
243.0 2676.0 265.0 2676.0 265.0 2694.0 243.0 2694.0 small-vehicle 1
281.0 2678.0 302.0 2678.0 302.0 2695.0 281.0 2695.0 small-vehicle 1
700.0 2463.0 719.0 2463.0 719.0 2485.0 700.0 2485.0 small-vehicle 1
711.0 2469.0 730.0 2469.0 730.0 2491.0 711.0 2491.0 small-vehicle 1
723.0 2477.0 740.0 2477.0 740.0 2498.0 723.0 2498.0 small-vehicle 1
734.0 2480.0 753.0 2480.0 753.0 2503.0 734.0 2503.0 small-vehicle 1
93.0 795.0 117.0 795.0 117.0 813.0 93.0 813.0 small-vehicle 1
54.0 890.0 76.0 890.0 76.0 908.0 54.0 908.0 small-vehicle 1
44.0 923.0 65.0 923.0 65.0 940.0 44.0 940.0 small-vehicle 1
41.0 933.0 61.0 933.0 61.0 949.0 41.0 949.0 small-vehicle 1
435.0 865.0 458.0 865.0 458.0 883.0 435.0 883.0 small-vehicle 1
972.0 2023.0 991.0 2023.0 991.0 2049.0 972.0 2049.0 small-vehicle 1
853.0 1891.0 870.0 1891.0 870.0 1911.0 853.0 1911.0 small-vehicle 1
960.0 1983.0 979.0 1983.0 979.0 2007.0 960.0 2007.0 small-vehicle 1
947.0 1967.0 963.0 1967.0 963.0 1989.0 947.0 1989.0 small-vehicle 1
1145.0 2072.0 1163.0 2072.0 1163.0 2089.0 1145.0 2089.0 small-vehicle 1
922.0 2001.0 940.0 2001.0 940.0 2025.0 922.0 2025.0 small-vehicle 1
911.0 1993.0 927.0 1993.0 927.0 2017.0 911.0 2017.0 small-vehicle 1
900.0 1989.0 918.0 1989.0 918.0 2012.0 900.0 2012.0 small-vehicle 1
979.0 2108.0 998.0 2108.0 998.0 2129.0 979.0 2129.0 small-vehicle 1
879.0 1933.0 896.0 1933.0 896.0 1955.0 879.0 1955.0 small-vehicle 1
890.0 1914.0 905.0 1914.0 905.0 1936.0 890.0 1936.0 small-vehicle 1
898.0 1919.0 914.0 1919.0 914.0 1942.0 898.0 1942.0 small-vehicle 1
909.0 1922.0 924.0 1922.0 924.0 1945.0 909.0 1945.0 small-vehicle 1
881.0 1912.0 897.0 1912.0 897.0 1934.0 881.0 1934.0 small-vehicle 1
872.0 1906.0 886.0 1906.0 886.0 1926.0 872.0 1926.0 small-vehicle 1
860.0 1896.0 879.0 1896.0 879.0 1920.0 860.0 1920.0 small-vehicle 1
358.0 742.0 372.0 742.0 372.0 763.0 358.0 763.0 small-vehicle 1
391.0 754.0 407.0 754.0 407.0 774.0 391.0 774.0 small-vehicle 1
1312.0 1643.0 1327.0 1643.0 1327.0 1665.0 1312.0 1665.0 small-vehicle 1
1535.0 757.0 1611.0 757.0 1611.0 836.0 1535.0 836.0 plane 0
2050.0 1110.0 2108.0 1110.0 2108.0 1160.0 2050.0 1160.0 plane 0
2007.0 1096.0 2055.0 1096.0 2055.0 1141.0 2007.0 1141.0 plane 0
1920.0 1062.0 1966.0 1062.0 1966.0 1102.0 1920.0 1102.0 plane 0
2534.0 571.0 2580.0 571.0 2580.0 623.0 2534.0 623.0 plane 0
1637.0 846.0 1717.0 846.0 1717.0 926.0 1637.0 926.0 plane 0
1577.0 796.0 1666.0 796.0 1666.0 884.0 1577.0 884.0 plane 0
1066.0 2219.0 1102.0 2219.0 1102.0 2263.0 1066.0 2263.0 plane 0
3065.0 1517.0 3091.0 1517.0 3091.0 1552.0 3065.0 1552.0 large-vehicle 0
1080.0 2176.0 1122.0 2176.0 1122.0 2223.0 1080.0 2223.0 plane 0
1105.0 2132.0 1148.0 2132.0 1148.0 2180.0 1105.0 2180.0 plane 0
1116.0 2091.0 1162.0 2091.0 1162.0 2140.0 1116.0 2140.0 plane 0
1236.0 2153.0 1281.0 2153.0 1281.0 2200.0 1236.0 2200.0 plane 0
1207.0 2184.0 1260.0 2184.0 1260.0 2240.0 1207.0 2240.0 plane 0
1162.0 2264.0 1216.0 2264.0 1216.0 2320.0 1162.0 2320.0 plane 0
2001.0 1206.0 2054.0 1206.0 2054.0 1253.0 2001.0 1253.0 plane 0
1873.0 1158.0 1923.0 1158.0 1923.0 1201.0 1873.0 1201.0 plane 0
1917.0 1176.0 1963.0 1176.0 1963.0 1219.0 1917.0 1219.0 plane 0
1826.0 1835.0 1878.0 1835.0 1878.0 1880.0 1826.0 1880.0 plane 0
1866.0 1857.0 1918.0 1857.0 1918.0 1908.0 1866.0 1908.0 plane 0
2058.0 1789.0 2123.0 1789.0 2123.0 1855.0 2058.0 1855.0 plane 0
2127.0 1818.0 2171.0 1818.0 2171.0 1864.0 2127.0 1864.0 plane 0
2162.0 1804.0 2198.0 1804.0 2198.0 1838.0 2162.0 1838.0 plane 0
2183.0 1753.0 2242.0 1753.0 2242.0 1811.0 2183.0 1811.0 plane 0
2176.0 1813.0 2241.0 1813.0 2241.0 1880.0 2176.0 1880.0 plane 0
2207.0 1791.0 2288.0 1791.0 2288.0 1875.0 2207.0 1875.0 plane 0
2325.0 1585.0 2423.0 1585.0 2423.0 1689.0 2325.0 1689.0 plane 0
2407.0 1218.0 2486.0 1218.0 2486.0 1303.0 2407.0 1303.0 plane 0
2655.0 1980.0 2705.0 1980.0 2705.0 2026.0 2655.0 2026.0 plane 0
2591.0 1407.0 2666.0 1407.0 2666.0 1477.0 2591.0 1477.0 plane 0
2812.0 1368.0 2894.0 1368.0 2894.0 1446.0 2812.0 1446.0 plane 0
2867.0 1393.0 2943.0 1393.0 2943.0 1479.0 2867.0 1479.0 plane 0
1078.0 2374.0 1132.0 2374.0 1132.0 2430.0 1078.0 2430.0 plane 0
1307.0 2497.0 1356.0 2497.0 1356.0 2544.0 1307.0 2544.0 plane 0
892.0 2507.0 931.0 2507.0 931.0 2544.0 892.0 2544.0 plane 0
1640.0 1388.0 1689.0 1388.0 1689.0 1443.0 1640.0 1443.0 plane 0
275.0 265.0 333.0 265.0 333.0 333.0 275.0 333.0 plane 0
380.0 339.0 453.0 339.0 453.0 419.0 380.0 419.0 plane 0
560.0 328.0 631.0 328.0 631.0 404.0 560.0 404.0 plane 0
517.0 394.0 605.0 394.0 605.0 482.0 517.0 482.0 plane 0
1184.0 1687.0 1334.0 1687.0 1334.0 1832.0 1184.0 1832.0 plane 0
1316.0 1673.0 1361.0 1673.0 1361.0 1723.0 1316.0 1723.0 plane 0
1293.0 1719.0 1340.0 1719.0 1340.0 1769.0 1293.0 1769.0 plane 0
1442.0 1782.0 1488.0 1782.0 1488.0 1836.0 1442.0 1836.0 plane 0
1461.0 1735.0 1509.0 1735.0 1509.0 1790.0 1461.0 1790.0 plane 0
1487.0 1695.0 1529.0 1695.0 1529.0 1746.0 1487.0 1746.0 plane 0
1551.0 1562.0 1599.0 1562.0 1599.0 1616.0 1551.0 1616.0 plane 0
1573.0 1521.0 1620.0 1521.0 1620.0 1574.0 1573.0 1574.0 plane 0
1595.0 1478.0 1645.0 1478.0 1645.0 1533.0 1595.0 1533.0 plane 0
1620.0 1435.0 1661.0 1435.0 1661.0 1484.0 1620.0 1484.0 plane 0
1683.0 1300.0 1730.0 1300.0 1730.0 1353.0 1683.0 1353.0 plane 0
848.0 2525.0 897.0 2525.0 897.0 2573.0 848.0 2573.0 plane 0
1703.0 1256.0 1751.0 1256.0 1751.0 1309.0 1703.0 1309.0 plane 0
1493.0 1248.0 1566.0 1248.0 1566.0 1322.0 1493.0 1322.0 plane 0
1408.0 1364.0 1466.0 1364.0 1466.0 1417.0 1408.0 1417.0 plane 0
1405.0 1201.0 1472.0 1201.0 1472.0 1270.0 1405.0 1270.0 plane 0
1353.0 1085.0 1426.0 1085.0 1426.0 1160.0 1353.0 1160.0 plane 0
1334.0 1424.0 1363.0 1424.0 1363.0 1466.0 1334.0 1466.0 large-vehicle 0
1356.0 1441.0 1379.0 1441.0 1379.0 1474.0 1356.0 1474.0 large-vehicle 0
1375.0 1454.0 1398.0 1454.0 1398.0 1489.0 1375.0 1489.0 large-vehicle 0
1067.0 1138.0 1112.0 1138.0 1112.0 1188.0 1067.0 1188.0 plane 0
1091.0 1087.0 1137.0 1087.0 1137.0 1137.0 1091.0 1137.0 plane 0
1167.0 976.0 1222.0 976.0 1222.0 1031.0 1167.0 1031.0 plane 0
1227.0 815.0 1278.0 815.0 1278.0 873.0 1227.0 873.0 plane 0
1220.0 694.0 1257.0 694.0 1257.0 737.0 1220.0 737.0 plane 0
998.0 824.0 1043.0 824.0 1043.0 869.0 998.0 869.0 roundabout 0
3031.0 1505.0 3059.0 1505.0 3059.0 1543.0 3031.0 1543.0 large-vehicle 0
3048.0 1513.0 3072.0 1513.0 3072.0 1546.0 3048.0 1546.0 large-vehicle 0
401.0 757.0 416.0 757.0 416.0 780.0 401.0 780.0 small-vehicle 1
270.0 663.0 292.0 663.0 292.0 679.0 270.0 679.0 small-vehicle 1
334.0 579.0 350.0 579.0 350.0 601.0 334.0 601.0 small-vehicle 1
71.0 679.0 87.0 679.0 87.0 702.0 71.0 702.0 small-vehicle 1
62.0 676.0 76.0 676.0 76.0 697.0 62.0 697.0 small-vehicle 1
51.0 670.0 69.0 670.0 69.0 692.0 51.0 692.0 small-vehicle 1
42.0 667.0 55.0 667.0 55.0 685.0 42.0 685.0 small-vehicle 1
254.0 694.0 276.0 694.0 276.0 712.0 254.0 712.0 small-vehicle 1
276.0 652.0 297.0 652.0 297.0 668.0 276.0 668.0 small-vehicle 1
3079.0 1527.0 3106.0 1527.0 3106.0 1562.0 3079.0 1562.0 large-vehicle 0
279.0 641.0 301.0 641.0 301.0 657.0 279.0 657.0 small-vehicle 1
284.0 630.0 305.0 630.0 305.0 645.0 284.0 645.0 small-vehicle 1
290.0 618.0 308.0 618.0 308.0 634.0 290.0 634.0 small-vehicle 1
295.0 610.0 313.0 610.0 313.0 624.0 295.0 624.0 small-vehicle 1
300.0 588.0 322.0 588.0 322.0 604.0 300.0 604.0 small-vehicle 1
2782.0 1357.0 2830.0 1357.0 2830.0 1403.0 2782.0 1403.0 plane 0
343.0 581.0 359.0 581.0 359.0 607.0 343.0 607.0 small-vehicle 1
354.0 588.0 368.0 588.0 368.0 607.0 354.0 607.0 small-vehicle 1
364.0 587.0 379.0 587.0 379.0 609.0 364.0 609.0 small-vehicle 1
374.0 592.0 390.0 592.0 390.0 618.0 374.0 618.0 small-vehicle 1
395.0 602.0 407.0 602.0 407.0 620.0 395.0 620.0 small-vehicle 1
403.0 605.0 419.0 605.0 419.0 625.0 403.0 625.0 small-vehicle 1
424.0 614.0 439.0 614.0 439.0 634.0 424.0 634.0 small-vehicle 1
458.0 617.0 475.0 617.0 475.0 642.0 458.0 642.0 small-vehicle 1
470.0 620.0 484.0 620.0 484.0 640.0 470.0 640.0 small-vehicle 1
469.0 653.0 490.0 653.0 490.0 671.0 469.0 671.0 small-vehicle 1
465.0 665.0 486.0 665.0 486.0 681.0 465.0 681.0 small-vehicle 1
463.0 678.0 483.0 678.0 483.0 695.0 463.0 695.0 small-vehicle 1
453.0 698.0 473.0 698.0 473.0 717.0 453.0 717.0 small-vehicle 1
448.0 706.0 469.0 706.0 469.0 725.0 448.0 725.0 small-vehicle 1
441.0 732.0 460.0 732.0 460.0 746.0 441.0 746.0 small-vehicle 1
437.0 742.0 456.0 742.0 456.0 758.0 437.0 758.0 small-vehicle 1
432.0 752.0 456.0 752.0 456.0 771.0 432.0 771.0 small-vehicle 1
2695.0 1325.0 2745.0 1325.0 2745.0 1368.0 2695.0 1368.0 plane 0
2653.0 1309.0 2698.0 1309.0 2698.0 1349.0 2653.0 1349.0 plane 0
1227.0 1682.0 1267.0 1682.0 1267.0 1729.0 1227.0 1729.0 plane 0
3626.0 2066.0 3677.0 2066.0 3677.0 2112.0 3626.0 2112.0 plane 0
2759.0 1573.0 2839.0 1573.0 2839.0 1646.0 2759.0 1646.0 plane 0
2780.0 1618.0 2830.0 1618.0 2830.0 1673.0 2780.0 1673.0 plane 0
2724.0 1625.0 2799.0 1625.0 2799.0 1705.0 2724.0 1705.0 plane 0
2913.0 1606.0 2985.0 1606.0 2985.0 1678.0 2913.0 1678.0 plane 0
2919.0 1657.0 3001.0 1657.0 3001.0 1740.0 2919.0 1740.0 plane 0
2888.0 1682.0 2935.0 1682.0 2935.0 1730.0 2888.0 1730.0 plane 0
2900.0 1719.0 2970.0 1719.0 2970.0 1794.0 2900.0 1794.0 plane 0
3037.0 1744.0 3086.0 1744.0 3086.0 1799.0 3037.0 1799.0 plane 0
3063.0 1698.0 3130.0 1698.0 3130.0 1768.0 3063.0 1768.0 plane 0
3353.0 1827.0 3411.0 1827.0 3411.0 1878.0 3353.0 1878.0 plane 0
3238.0 1535.0 3359.0 1535.0 3359.0 1660.0 3238.0 1660.0 plane 0
3322.0 1571.0 3443.0 1571.0 3443.0 1699.0 3322.0 1699.0 plane 0
3526.0 1802.0 3607.0 1802.0 3607.0 1884.0 3526.0 1884.0 plane 0
3468.0 1865.0 3602.0 1865.0 3602.0 1986.0 3468.0 1986.0 plane 0
3999.0 1837.0 4047.0 1837.0 4047.0 1890.0 3999.0 1890.0 plane 0
968.0 2463.0 1008.0 2463.0 1008.0 2499.0 968.0 2499.0 plane 0
3977.0 1874.0 4029.0 1874.0 4029.0 1930.0 3977.0 1930.0 plane 0
3960.0 1918.0 4007.0 1918.0 4007.0 1971.0 3960.0 1971.0 plane 0
3942.0 1959.0 3988.0 1959.0 3988.0 2011.0 3942.0 2011.0 plane 0
3926.0 2002.0 3965.0 2002.0 3965.0 2047.0 3926.0 2047.0 plane 0
3901.0 2036.0 3951.0 2036.0 3951.0 2090.0 3901.0 2090.0 plane 0
3885.0 2080.0 3927.0 2080.0 3927.0 2132.0 3885.0 2132.0 plane 0
3860.0 2122.0 3904.0 2122.0 3904.0 2175.0 3860.0 2175.0 plane 0
3815.0 2149.0 3857.0 2149.0 3857.0 2182.0 3815.0 2182.0 plane 0
2959.0 2355.0 3005.0 2355.0 3005.0 2405.0 2959.0 2405.0 plane 0
3125.0 2292.0 3173.0 2292.0 3173.0 2341.0 3125.0 2341.0 plane 0
3115.0 2262.0 3161.0 2262.0 3161.0 2304.0 3115.0 2304.0 plane 0
3087.0 2304.0 3135.0 2304.0 3135.0 2348.0 3087.0 2348.0 plane 0
3116.0 787.0 3161.0 787.0 3161.0 837.0 3116.0 837.0 plane 0
924.0 2484.0 970.0 2484.0 970.0 2523.0 924.0 2523.0 plane 0
1269.0 1664.0 1289.0 1664.0 1289.0 1678.0 1269.0 1678.0 small-vehicle 1
1197.0 1425.0 1216.0 1425.0 1216.0 1440.0 1197.0 1440.0 small-vehicle 1
1965.0 2788.0 1981.0 2788.0 1981.0 2808.0 1965.0 2808.0 small-vehicle 1
2079.0 2509.0 2115.0 2509.0 2115.0 2538.0 2079.0 2538.0 large-vehicle 0
2057.0 2290.0 2087.0 2290.0 2087.0 2312.0 2057.0 2312.0 small-vehicle 1
1994.0 2360.0 2019.0 2360.0 2019.0 2378.0 1994.0 2378.0 small-vehicle 1
2080.0 2355.0 2114.0 2355.0 2114.0 2380.0 2080.0 2380.0 small-vehicle 1
2087.0 2367.0 2123.0 2367.0 2123.0 2392.0 2087.0 2392.0 small-vehicle 1
2139.0 2456.0 2159.0 2456.0 2159.0 2483.0 2139.0 2483.0 large-vehicle 0
2073.0 2496.0 2111.0 2496.0 2111.0 2522.0 2073.0 2522.0 large-vehicle 0
2092.0 2538.0 2123.0 2538.0 2123.0 2563.0 2092.0 2563.0 large-vehicle 0
2662.0 1542.0 2677.0 1542.0 2677.0 1563.0 2662.0 1563.0 small-vehicle 1
2111.0 2580.0 2146.0 2580.0 2146.0 2600.0 2111.0 2600.0 large-vehicle 0
1697.0 2434.0 1722.0 2434.0 1722.0 2452.0 1697.0 2452.0 small-vehicle 1
1700.0 2421.0 1728.0 2421.0 1728.0 2440.0 1700.0 2440.0 small-vehicle 1
1697.0 2377.0 1721.0 2377.0 1721.0 2397.0 1697.0 2397.0 small-vehicle 1
1718.0 2390.0 1739.0 2390.0 1739.0 2409.0 1718.0 2409.0 small-vehicle 1
1894.0 2423.0 1914.0 2423.0 1914.0 2449.0 1894.0 2449.0 small-vehicle 1
2047.0 2269.0 2077.0 2269.0 2077.0 2288.0 2047.0 2288.0 small-vehicle 1
2033.0 2246.0 2062.0 2246.0 2062.0 2267.0 2033.0 2267.0 small-vehicle 1
2024.0 2234.0 2058.0 2234.0 2058.0 2258.0 2024.0 2258.0 small-vehicle 1
2386.0 2054.0 2411.0 2054.0 2411.0 2073.0 2386.0 2073.0 small-vehicle 1
2427.0 1973.0 2451.0 1973.0 2451.0 1993.0 2427.0 1993.0 small-vehicle 1
2434.0 1963.0 2455.0 1963.0 2455.0 1982.0 2434.0 1982.0 small-vehicle 1
2445.0 1942.0 2465.0 1942.0 2465.0 1960.0 2445.0 1960.0 small-vehicle 1
2451.0 1920.0 2473.0 1920.0 2473.0 1942.0 2451.0 1942.0 small-vehicle 1
2473.0 1871.0 2495.0 1871.0 2495.0 1890.0 2473.0 1890.0 small-vehicle 1
2498.0 1835.0 2519.0 1835.0 2519.0 1853.0 2498.0 1853.0 small-vehicle 1
2510.0 1802.0 2534.0 1802.0 2534.0 1822.0 2510.0 1822.0 small-vehicle 1
2526.0 1773.0 2549.0 1773.0 2549.0 1793.0 2526.0 1793.0 small-vehicle 1
2536.0 1756.0 2557.0 1756.0 2557.0 1773.0 2536.0 1773.0 small-vehicle 1
2544.0 1734.0 2567.0 1734.0 2567.0 1752.0 2544.0 1752.0 small-vehicle 1
2594.0 1726.0 2613.0 1726.0 2613.0 1752.0 2594.0 1752.0 small-vehicle 1
2605.0 1731.0 2624.0 1731.0 2624.0 1755.0 2605.0 1755.0 small-vehicle 1
2639.0 1531.0 2659.0 1531.0 2659.0 1557.0 2639.0 1557.0 small-vehicle 1
1833.0 2441.0 1849.0 2441.0 1849.0 2466.0 1833.0 2466.0 small-vehicle 1
1790.0 2434.0 1806.0 2434.0 1806.0 2456.0 1790.0 2456.0 small-vehicle 1
1881.0 2487.0 1896.0 2487.0 1896.0 2519.0 1881.0 2519.0 small-vehicle 1
1987.0 2657.0 2005.0 2657.0 2005.0 2673.0 1987.0 2673.0 small-vehicle 1
1922.0 2705.0 1946.0 2705.0 1946.0 2723.0 1922.0 2723.0 small-vehicle 1
1919.0 2694.0 1942.0 2694.0 1942.0 2710.0 1919.0 2710.0 small-vehicle 1
1914.0 2683.0 1935.0 2683.0 1935.0 2700.0 1914.0 2700.0 small-vehicle 1
1909.0 2672.0 1932.0 2672.0 1932.0 2689.0 1909.0 2689.0 small-vehicle 1
1904.0 2658.0 1924.0 2658.0 1924.0 2680.0 1904.0 2680.0 small-vehicle 1
1990.0 2728.0 2010.0 2728.0 2010.0 2743.0 1990.0 2743.0 small-vehicle 1
1977.0 2782.0 1991.0 2782.0 1991.0 2803.0 1977.0 2803.0 small-vehicle 1
1984.0 2717.0 2005.0 2717.0 2005.0 2733.0 1984.0 2733.0 small-vehicle 1
1977.0 2701.0 1998.0 2701.0 1998.0 2718.0 1977.0 2718.0 small-vehicle 1
1973.0 2694.0 1992.0 2694.0 1992.0 2708.0 1973.0 2708.0 small-vehicle 1
1969.0 2680.0 1992.0 2680.0 1992.0 2698.0 1969.0 2698.0 small-vehicle 1
1965.0 2671.0 1984.0 2671.0 1984.0 2686.0 1965.0 2686.0 small-vehicle 1
1963.0 2660.0 1982.0 2660.0 1982.0 2673.0 1963.0 2673.0 small-vehicle 1
1983.0 2647.0 2002.0 2647.0 2002.0 2663.0 1983.0 2663.0 small-vehicle 1
1990.0 2667.0 2010.0 2667.0 2010.0 2682.0 1990.0 2682.0 small-vehicle 1
1969.0 2564.0 1991.0 2564.0 1991.0 2588.0 1969.0 2588.0 small-vehicle 1
1995.0 2676.0 2015.0 2676.0 2015.0 2691.0 1995.0 2691.0 small-vehicle 1
1998.0 2687.0 2022.0 2687.0 2022.0 2705.0 1998.0 2705.0 small-vehicle 1
2002.0 2699.0 2021.0 2699.0 2021.0 2714.0 2002.0 2714.0 small-vehicle 1
2006.0 2710.0 2027.0 2710.0 2027.0 2726.0 2006.0 2726.0 small-vehicle 1
2067.0 2689.0 2090.0 2689.0 2090.0 2707.0 2067.0 2707.0 small-vehicle 1
2060.0 2679.0 2082.0 2679.0 2082.0 2696.0 2060.0 2696.0 small-vehicle 1
2055.0 2670.0 2078.0 2670.0 2078.0 2687.0 2055.0 2687.0 small-vehicle 1
2050.0 2663.0 2072.0 2663.0 2072.0 2679.0 2050.0 2679.0 small-vehicle 1
2042.0 2652.0 2067.0 2652.0 2067.0 2671.0 2042.0 2671.0 small-vehicle 1
2038.0 2639.0 2062.0 2639.0 2062.0 2657.0 2038.0 2657.0 small-vehicle 1
2027.0 2622.0 2051.0 2622.0 2051.0 2642.0 2027.0 2642.0 small-vehicle 1
2019.0 2606.0 2043.0 2606.0 2043.0 2623.0 2019.0 2623.0 small-vehicle 1
2024.0 2614.0 2050.0 2614.0 2050.0 2630.0 2024.0 2630.0 small-vehicle 1
2013.0 2595.0 2040.0 2595.0 2040.0 2613.0 2013.0 2613.0 small-vehicle 1
2651.0 1534.0 2670.0 1534.0 2670.0 1559.0 2651.0 1559.0 small-vehicle 1
2671.0 1545.0 2687.0 1545.0 2687.0 1567.0 2671.0 1567.0 small-vehicle 1
1935.0 2733.0 1953.0 2733.0 1953.0 2746.0 1935.0 2746.0 small-vehicle 1
3361.0 2144.0 3383.0 2144.0 3383.0 2162.0 3361.0 2162.0 small-vehicle 1
3407.0 2167.0 3429.0 2167.0 3429.0 2185.0 3407.0 2185.0 small-vehicle 1
3411.0 2157.0 3433.0 2157.0 3433.0 2174.0 3411.0 2174.0 small-vehicle 1
3418.0 2146.0 3438.0 2146.0 3438.0 2163.0 3418.0 2163.0 small-vehicle 1
3421.0 2135.0 3444.0 2135.0 3444.0 2153.0 3421.0 2153.0 small-vehicle 1
3373.0 2112.0 3396.0 2112.0 3396.0 2130.0 3373.0 2130.0 small-vehicle 1
3382.0 2105.0 3402.0 2105.0 3402.0 2122.0 3382.0 2122.0 small-vehicle 1
3353.0 2153.0 3377.0 2153.0 3377.0 2172.0 3353.0 2172.0 small-vehicle 1
2681.0 1550.0 2696.0 1550.0 2696.0 1571.0 2681.0 1571.0 small-vehicle 1
3332.0 2198.0 3355.0 2198.0 3355.0 2215.0 3332.0 2215.0 small-vehicle 1
3327.0 2207.0 3348.0 2207.0 3348.0 2227.0 3327.0 2227.0 small-vehicle 1
3303.0 2258.0 3322.0 2258.0 3322.0 2275.0 3303.0 2275.0 small-vehicle 1
3295.0 2274.0 3314.0 2274.0 3314.0 2289.0 3295.0 2289.0 small-vehicle 1
3291.0 2287.0 3307.0 2287.0 3307.0 2299.0 3291.0 2299.0 small-vehicle 1
2855.0 2467.0 2878.0 2467.0 2878.0 2504.0 2855.0 2504.0 large-vehicle 0
3401.0 2174.0 3424.0 2174.0 3424.0 2194.0 3401.0 2194.0 small-vehicle 1
3436.0 2182.0 3456.0 2182.0 3456.0 2198.0 3436.0 2198.0 small-vehicle 1
3429.0 2191.0 3452.0 2191.0 3452.0 2208.0 3429.0 2208.0 small-vehicle 1
3398.0 2085.0 3420.0 2085.0 3420.0 2105.0 3398.0 2105.0 small-vehicle 1
3466.0 1955.0 3482.0 1955.0 3482.0 1976.0 3466.0 1976.0 small-vehicle 1
3502.0 1973.0 3517.0 1973.0 3517.0 1992.0 3502.0 1992.0 small-vehicle 1
3512.0 1976.0 3529.0 1976.0 3529.0 1998.0 3512.0 1998.0 small-vehicle 1
3592.0 2016.0 3607.0 2016.0 3607.0 2039.0 3592.0 2039.0 small-vehicle 1
3602.0 2020.0 3618.0 2020.0 3618.0 2042.0 3602.0 2042.0 small-vehicle 1
3563.0 2070.0 3590.0 2070.0 3590.0 2091.0 3563.0 2091.0 small-vehicle 1
3546.0 2112.0 3567.0 2112.0 3567.0 2129.0 3546.0 2129.0 small-vehicle 1
3578.0 2157.0 3597.0 2157.0 3597.0 2176.0 3578.0 2176.0 small-vehicle 1
3631.0 2119.0 3647.0 2119.0 3647.0 2138.0 3631.0 2138.0 small-vehicle 1
3688.0 2195.0 3708.0 2195.0 3708.0 2220.0 3688.0 2220.0 small-vehicle 1
3494.0 2181.0 3516.0 2181.0 3516.0 2197.0 3494.0 2197.0 small-vehicle 1
2618.0 1738.0 2633.0 1738.0 2633.0 1757.0 2618.0 1757.0 small-vehicle 1
2583.0 1718.0 2603.0 1718.0 2603.0 1740.0 2583.0 1740.0 small-vehicle 1
2843.0 2476.0 2864.0 2476.0 2864.0 2507.0 2843.0 2507.0 large-vehicle 0
3168.0 2025.0 3192.0 2025.0 3192.0 2044.0 3168.0 2044.0 small-vehicle 1
3266.0 1956.0 3284.0 1956.0 3284.0 1979.0 3266.0 1979.0 small-vehicle 1
2844.0 1922.0 2866.0 1922.0 2866.0 1940.0 2844.0 1940.0 small-vehicle 1
2690.0 1555.0 2706.0 1555.0 2706.0 1577.0 2690.0 1577.0 small-vehicle 1
2699.0 1564.0 2714.0 1564.0 2714.0 1583.0 2699.0 1583.0 small-vehicle 1
2671.0 1526.0 2686.0 1526.0 2686.0 1544.0 2671.0 1544.0 small-vehicle 1
2661.0 1518.0 2677.0 1518.0 2677.0 1539.0 2661.0 1539.0 small-vehicle 1
2707.0 1547.0 2720.0 1547.0 2720.0 1566.0 2707.0 1566.0 small-vehicle 1
2707.0 1566.0 2724.0 1566.0 2724.0 1588.0 2707.0 1588.0 small-vehicle 1
2715.0 1568.0 2734.0 1568.0 2734.0 1595.0 2715.0 1595.0 small-vehicle 1
2603.0 2043.0 2626.0 2043.0 2626.0 2064.0 2603.0 2064.0 small-vehicle 1
2790.0 1905.0 2809.0 1905.0 2809.0 1929.0 2790.0 1929.0 small-vehicle 1
2802.0 1909.0 2820.0 1909.0 2820.0 1931.0 2802.0 1931.0 small-vehicle 1
2812.0 1911.0 2828.0 1911.0 2828.0 1935.0 2812.0 1935.0 small-vehicle 1
2821.0 1915.0 2838.0 1915.0 2838.0 1939.0 2821.0 1939.0 small-vehicle 1
2830.0 1922.0 2848.0 1922.0 2848.0 1944.0 2830.0 1944.0 small-vehicle 1
2842.0 1931.0 2861.0 1931.0 2861.0 1950.0 2842.0 1950.0 small-vehicle 1
2855.0 1908.0 2878.0 1908.0 2878.0 1924.0 2855.0 1924.0 small-vehicle 1
3246.0 1943.0 3263.0 1943.0 3263.0 1967.0 3246.0 1967.0 small-vehicle 1
2859.0 1900.0 2880.0 1900.0 2880.0 1914.0 2859.0 1914.0 small-vehicle 1
2864.0 1889.0 2883.0 1889.0 2883.0 1905.0 2864.0 1905.0 small-vehicle 1
2868.0 1881.0 2887.0 1881.0 2887.0 1895.0 2868.0 1895.0 small-vehicle 1
2870.0 1870.0 2890.0 1870.0 2890.0 1885.0 2870.0 1885.0 small-vehicle 1
2872.0 1860.0 2895.0 1860.0 2895.0 1878.0 2872.0 1878.0 small-vehicle 1
2874.0 1852.0 2902.0 1852.0 2902.0 1871.0 2874.0 1871.0 small-vehicle 1
2882.0 1845.0 2906.0 1845.0 2906.0 1859.0 2882.0 1859.0 small-vehicle 1
2883.0 1835.0 2909.0 1835.0 2909.0 1851.0 2883.0 1851.0 small-vehicle 1
2890.0 1828.0 2915.0 1828.0 2915.0 1843.0 2890.0 1843.0 small-vehicle 1
2898.0 1818.0 2922.0 1818.0 2922.0 1835.0 2898.0 1835.0 small-vehicle 1
3113.0 1546.0 3130.0 1546.0 3130.0 1568.0 3113.0 1568.0 small-vehicle 1
3100.0 1538.0 3119.0 1538.0 3119.0 1560.0 3100.0 1560.0 small-vehicle 1
3175.0 1906.0 3194.0 1906.0 3194.0 1934.0 3175.0 1934.0 small-vehicle 1
3237.0 1939.0 3255.0 1939.0 3255.0 1963.0 3237.0 1963.0 small-vehicle 1
1928.0 2717.0 1950.0 2717.0 1950.0 2734.0 1928.0 2734.0 small-vehicle 1
1938.0 2742.0 1955.0 2742.0 1955.0 2757.0 1938.0 2757.0 small-vehicle 1
1199.0 1413.0 1222.0 1413.0 1222.0 1432.0 1199.0 1432.0 small-vehicle 1
1981.0 1647.0 2005.0 1647.0 2005.0 1667.0 1981.0 1667.0 small-vehicle 1
2053.0 1844.0 2071.0 1844.0 2071.0 1862.0 2053.0 1862.0 small-vehicle 1
2003.0 1795.0 2027.0 1795.0 2027.0 1818.0 2003.0 1818.0 small-vehicle 1
1918.0 1738.0 1944.0 1738.0 1944.0 1758.0 1918.0 1758.0 small-vehicle 1
1933.0 1673.0 1955.0 1673.0 1955.0 1692.0 1933.0 1692.0 small-vehicle 1
1970.0 1666.0 1994.0 1666.0 1994.0 1685.0 1970.0 1685.0 small-vehicle 1
1978.0 1658.0 1999.0 1658.0 1999.0 1676.0 1978.0 1676.0 small-vehicle 1
1986.0 1639.0 2008.0 1639.0 2008.0 1657.0 1986.0 1657.0 small-vehicle 1
2145.0 2166.0 2166.0 2166.0 2166.0 2185.0 2145.0 2185.0 small-vehicle 1
1993.0 1631.0 2011.0 1631.0 2011.0 1648.0 1993.0 1648.0 small-vehicle 1
1999.0 1623.0 2016.0 1623.0 2016.0 1639.0 1999.0 1639.0 small-vehicle 1
1971.0 1601.0 1991.0 1601.0 1991.0 1619.0 1971.0 1619.0 small-vehicle 1
1916.0 1540.0 1936.0 1540.0 1936.0 1557.0 1916.0 1557.0 small-vehicle 1
2015.0 1513.0 2036.0 1513.0 2036.0 1534.0 2015.0 1534.0 small-vehicle 1
1962.0 1501.0 1984.0 1501.0 1984.0 1519.0 1962.0 1519.0 small-vehicle 1
2070.0 1859.0 2087.0 1859.0 2087.0 1880.0 2070.0 1880.0 small-vehicle 1
2077.0 1805.0 2097.0 1805.0 2097.0 1826.0 2077.0 1826.0 small-vehicle 1
2087.0 1812.0 2106.0 1812.0 2106.0 1833.0 2087.0 1833.0 small-vehicle 1
2102.0 1832.0 2120.0 1832.0 2120.0 1849.0 2102.0 1849.0 small-vehicle 1
2023.0 2008.0 2045.0 2008.0 2045.0 2031.0 2023.0 2031.0 small-vehicle 1
2028.0 2017.0 2051.0 2017.0 2051.0 2040.0 2028.0 2040.0 small-vehicle 1
2036.0 2026.0 2059.0 2026.0 2059.0 2047.0 2036.0 2047.0 small-vehicle 1
2095.0 1984.0 2114.0 1984.0 2114.0 2005.0 2095.0 2005.0 small-vehicle 1
2104.0 1997.0 2121.0 1997.0 2121.0 2015.0 2104.0 2015.0 small-vehicle 1
2061.0 2051.0 2079.0 2051.0 2079.0 2068.0 2061.0 2068.0 small-vehicle 1
2065.0 2056.0 2090.0 2056.0 2090.0 2080.0 2065.0 2080.0 small-vehicle 1
2076.0 2068.0 2098.0 2068.0 2098.0 2088.0 2076.0 2088.0 small-vehicle 1
2086.0 2098.0 2107.0 2098.0 2107.0 2118.0 2086.0 2118.0 small-vehicle 1
2094.0 2108.0 2112.0 2108.0 2112.0 2128.0 2094.0 2128.0 small-vehicle 1
2101.0 2117.0 2120.0 2117.0 2120.0 2134.0 2101.0 2134.0 small-vehicle 1
2123.0 2142.0 2142.0 2142.0 2142.0 2160.0 2123.0 2160.0 small-vehicle 1
2132.0 2152.0 2148.0 2152.0 2148.0 2167.0 2132.0 2167.0 small-vehicle 1
1940.0 1477.0 1965.0 1477.0 1965.0 1498.0 1940.0 1498.0 small-vehicle 1
1952.0 1470.0 1971.0 1470.0 1971.0 1488.0 1952.0 1488.0 small-vehicle 1
1970.0 1478.0 1997.0 1478.0 1997.0 1499.0 1970.0 1499.0 small-vehicle 1
1209.0 1326.0 1232.0 1326.0 1232.0 1345.0 1209.0 1345.0 small-vehicle 1
1238.0 1443.0 1258.0 1443.0 1258.0 1459.0 1238.0 1459.0 small-vehicle 1
1233.0 1456.0 1255.0 1456.0 1255.0 1470.0 1233.0 1470.0 small-vehicle 1
1230.0 1464.0 1253.0 1464.0 1253.0 1481.0 1230.0 1481.0 small-vehicle 1
1283.0 1445.0 1304.0 1445.0 1304.0 1462.0 1283.0 1462.0 small-vehicle 1
1301.0 1453.0 1323.0 1453.0 1323.0 1469.0 1301.0 1469.0 small-vehicle 1
1243.0 1434.0 1264.0 1434.0 1264.0 1450.0 1243.0 1450.0 small-vehicle 1
1254.0 1409.0 1275.0 1409.0 1275.0 1429.0 1254.0 1429.0 small-vehicle 1
1298.0 1423.0 1316.0 1423.0 1316.0 1446.0 1298.0 1446.0 small-vehicle 1
1314.0 1436.0 1329.0 1436.0 1329.0 1457.0 1314.0 1457.0 small-vehicle 1
932.0 579.0 949.0 579.0 949.0 601.0 932.0 601.0 small-vehicle 1
928.0 756.0 943.0 756.0 943.0 776.0 928.0 776.0 small-vehicle 1
1177.0 689.0 1203.0 689.0 1203.0 720.0 1177.0 720.0 large-vehicle 0
1226.0 1350.0 1250.0 1350.0 1250.0 1371.0 1226.0 1371.0 small-vehicle 1
1232.0 1336.0 1257.0 1336.0 1257.0 1358.0 1232.0 1358.0 small-vehicle 1
1265.0 1389.0 1285.0 1389.0 1285.0 1407.0 1265.0 1407.0 small-vehicle 1
2021.0 1317.0 2048.0 1317.0 2048.0 1335.0 2021.0 1335.0 small-vehicle 1
1274.0 1367.0 1295.0 1367.0 1295.0 1387.0 1274.0 1387.0 small-vehicle 1
1285.0 1348.0 1306.0 1348.0 1306.0 1367.0 1285.0 1367.0 small-vehicle 1
1309.0 1358.0 1330.0 1358.0 1330.0 1376.0 1309.0 1376.0 small-vehicle 1
1297.0 1379.0 1318.0 1379.0 1318.0 1400.0 1297.0 1400.0 small-vehicle 1
1287.0 1396.0 1311.0 1396.0 1311.0 1418.0 1287.0 1418.0 small-vehicle 1
1314.0 1349.0 1335.0 1349.0 1335.0 1365.0 1314.0 1365.0 small-vehicle 1
1326.0 1326.0 1351.0 1326.0 1351.0 1345.0 1326.0 1345.0 small-vehicle 1
1328.0 1317.0 1355.0 1317.0 1355.0 1335.0 1328.0 1335.0 small-vehicle 1
1344.0 1299.0 1364.0 1299.0 1364.0 1324.0 1344.0 1324.0 small-vehicle 1
1356.0 1305.0 1374.0 1305.0 1374.0 1326.0 1356.0 1326.0 small-vehicle 1
1338.0 1475.0 1359.0 1475.0 1359.0 1493.0 1338.0 1493.0 small-vehicle 1
1394.0 1495.0 1410.0 1495.0 1410.0 1514.0 1394.0 1514.0 small-vehicle 1
1405.0 1498.0 1423.0 1498.0 1423.0 1520.0 1405.0 1520.0 small-vehicle 1
1971.0 1289.0 1999.0 1289.0 1999.0 1312.0 1971.0 1312.0 small-vehicle 1
2137.0 2159.0 2158.0 2159.0 2158.0 2179.0 2137.0 2179.0 small-vehicle 1
2153.0 2175.0 2170.0 2175.0 2170.0 2191.0 2153.0 2191.0 small-vehicle 1
1987.0 2777.0 2002.0 2777.0 2002.0 2801.0 1987.0 2801.0 small-vehicle 1
1663.0 2700.0 1679.0 2700.0 1679.0 2722.0 1663.0 2722.0 small-vehicle 1
1868.0 2775.0 1889.0 2775.0 1889.0 2791.0 1868.0 2791.0 small-vehicle 1
1680.0 2627.0 1700.0 2627.0 1700.0 2649.0 1680.0 2649.0 small-vehicle 1
1688.0 2635.0 1708.0 2635.0 1708.0 2658.0 1688.0 2658.0 small-vehicle 1
1693.0 2651.0 1709.0 2651.0 1709.0 2668.0 1693.0 2668.0 small-vehicle 1
1708.0 2685.0 1725.0 2685.0 1725.0 2704.0 1708.0 2704.0 small-vehicle 1
1693.0 2689.0 1708.0 2689.0 1708.0 2708.0 1693.0 2708.0 small-vehicle 1
1631.0 2682.0 1648.0 2682.0 1648.0 2703.0 1631.0 2703.0 small-vehicle 1
2164.0 2195.0 2183.0 2195.0 2183.0 2212.0 2164.0 2212.0 small-vehicle 1
1619.0 2687.0 1636.0 2687.0 1636.0 2707.0 1619.0 2707.0 small-vehicle 1
1619.0 2775.0 1636.0 2775.0 1636.0 2797.0 1619.0 2797.0 small-vehicle 1
1606.0 2773.0 1622.0 2773.0 1622.0 2796.0 1606.0 2796.0 small-vehicle 1
1496.0 2782.0 1514.0 2782.0 1514.0 2793.0 1496.0 2793.0 small-vehicle 1
1494.0 2746.0 1511.0 2746.0 1511.0 2758.0 1494.0 2758.0 small-vehicle 1
1492.0 2734.0 1515.0 2734.0 1515.0 2748.0 1492.0 2748.0 small-vehicle 1
1851.0 2739.0 1875.0 2739.0 1875.0 2756.0 1851.0 2756.0 small-vehicle 1
1848.0 2729.0 1871.0 2729.0 1871.0 2746.0 1848.0 2746.0 small-vehicle 1
1844.0 2720.0 1864.0 2720.0 1864.0 2735.0 1844.0 2735.0 small-vehicle 1
1835.0 2681.0 1860.0 2681.0 1860.0 2699.0 1835.0 2699.0 small-vehicle 1
1829.0 2672.0 1853.0 2672.0 1853.0 2690.0 1829.0 2690.0 small-vehicle 1
1813.0 2644.0 1836.0 2644.0 1836.0 2659.0 1813.0 2659.0 small-vehicle 1
1815.0 2616.0 1838.0 2616.0 1838.0 2638.0 1815.0 2638.0 small-vehicle 1
1890.0 2621.0 1917.0 2621.0 1917.0 2646.0 1890.0 2646.0 small-vehicle 1
1892.0 2698.0 1913.0 2698.0 1913.0 2711.0 1892.0 2711.0 small-vehicle 1
1894.0 2707.0 1917.0 2707.0 1917.0 2725.0 1894.0 2725.0 small-vehicle 1
1900.0 2719.0 1920.0 2719.0 1920.0 2733.0 1900.0 2733.0 small-vehicle 1
1906.0 2727.0 1930.0 2727.0 1930.0 2745.0 1906.0 2745.0 small-vehicle 1
1911.0 2740.0 1933.0 2740.0 1933.0 2758.0 1911.0 2758.0 small-vehicle 1
1913.0 2752.0 1936.0 2752.0 1936.0 2768.0 1913.0 2768.0 small-vehicle 1
2019.0 2772.0 2034.0 2772.0 2034.0 2792.0 2019.0 2792.0 small-vehicle 1
2010.0 2775.0 2023.0 2775.0 2023.0 2795.0 2010.0 2795.0 small-vehicle 1
1998.0 2778.0 2015.0 2778.0 2015.0 2799.0 1998.0 2799.0 small-vehicle 1
1491.0 2724.0 1513.0 2724.0 1513.0 2736.0 1491.0 2736.0 small-vehicle 1
1466.0 2761.0 1486.0 2761.0 1486.0 2772.0 1466.0 2772.0 small-vehicle 1
1459.0 2785.0 1488.0 2785.0 1488.0 2799.0 1459.0 2799.0 small-vehicle 1
1777.0 2301.0 1804.0 2301.0 1804.0 2321.0 1777.0 2321.0 large-vehicle 0
1975.0 2121.0 2015.0 2121.0 2015.0 2152.0 1975.0 2152.0 large-vehicle 0
1775.0 2023.0 1794.0 2023.0 1794.0 2041.0 1775.0 2041.0 large-vehicle 0
1767.0 2035.0 1787.0 2035.0 1787.0 2053.0 1767.0 2053.0 large-vehicle 0
1766.0 2046.0 1791.0 2046.0 1791.0 2066.0 1766.0 2066.0 large-vehicle 0
1704.0 2232.0 1727.0 2232.0 1727.0 2251.0 1704.0 2251.0 large-vehicle 0
1698.0 2242.0 1723.0 2242.0 1723.0 2261.0 1698.0 2261.0 large-vehicle 0
1693.0 2252.0 1718.0 2252.0 1718.0 2272.0 1693.0 2272.0 large-vehicle 0
1688.0 2263.0 1714.0 2263.0 1714.0 2282.0 1688.0 2282.0 large-vehicle 0
1681.0 2273.0 1709.0 2273.0 1709.0 2293.0 1681.0 2293.0 large-vehicle 0
1677.0 2284.0 1702.0 2284.0 1702.0 2303.0 1677.0 2303.0 large-vehicle 0
1643.0 2310.0 1662.0 2310.0 1662.0 2337.0 1643.0 2337.0 large-vehicle 0
1651.0 2316.0 1671.0 2316.0 1671.0 2343.0 1651.0 2343.0 large-vehicle 0
1693.0 2318.0 1714.0 2318.0 1714.0 2343.0 1693.0 2343.0 large-vehicle 0
1712.0 2329.0 1734.0 2329.0 1734.0 2355.0 1712.0 2355.0 large-vehicle 0
1777.0 2286.0 1804.0 2286.0 1804.0 2309.0 1777.0 2309.0 large-vehicle 0
1463.0 2750.0 1480.0 2750.0 1480.0 2759.0 1463.0 2759.0 small-vehicle 1
1917.0 2276.0 1942.0 2276.0 1942.0 2287.0 1917.0 2287.0 large-vehicle 0
1947.0 2322.0 1968.0 2322.0 1968.0 2348.0 1947.0 2348.0 large-vehicle 0
1954.0 2332.0 1976.0 2332.0 1976.0 2356.0 1954.0 2356.0 large-vehicle 0
1966.0 2274.0 1983.0 2274.0 1983.0 2282.0 1966.0 2282.0 large-vehicle 0
1409.0 1247.0 1423.0 1247.0 1423.0 1266.0 1409.0 1266.0 large-vehicle 0
1400.0 1237.0 1415.0 1237.0 1415.0 1258.0 1400.0 1258.0 large-vehicle 0
1398.0 2574.0 1424.0 2574.0 1424.0 2595.0 1398.0 2595.0 ship 0
1452.0 2636.0 1466.0 2636.0 1466.0 2662.0 1452.0 2662.0 small-vehicle 1
1476.0 2645.0 1495.0 2645.0 1495.0 2671.0 1476.0 2671.0 small-vehicle 1
1490.0 2653.0 1506.0 2653.0 1506.0 2678.0 1490.0 2678.0 small-vehicle 1
1414.0 2666.0 1441.0 2666.0 1441.0 2691.0 1414.0 2691.0 small-vehicle 1
1403.0 2689.0 1426.0 2689.0 1426.0 2709.0 1403.0 2709.0 small-vehicle 1
1456.0 2723.0 1483.0 2723.0 1483.0 2736.0 1456.0 2736.0 small-vehicle 1
1458.0 2737.0 1482.0 2737.0 1482.0 2750.0 1458.0 2750.0 small-vehicle 1
299.0 202.0 363.0 202.0 363.0 272.0 299.0 272.0 plane 0
