imagesource:GoogleEarth
gsd:0.57332761528
1643.0 431.0 1656.0 431.0 1656.0 442.0 1643.0 442.0 small-vehicle 1
442.0 409.0 454.0 409.0 454.0 414.0 442.0 414.0 small-vehicle 1
431.0 289.0 441.0 289.0 441.0 296.0 431.0 296.0 small-vehicle 1
428.0 378.0 436.0 378.0 436.0 383.0 428.0 383.0 small-vehicle 1
375.0 552.0 383.0 552.0 383.0 563.0 375.0 563.0 small-vehicle 1
382.0 543.0 388.0 543.0 388.0 553.0 382.0 553.0 small-vehicle 1
437.0 1260.0 448.0 1260.0 448.0 1265.0 437.0 1265.0 small-vehicle 1
479.0 1284.0 489.0 1284.0 489.0 1295.0 479.0 1295.0 small-vehicle 1
414.0 1190.0 425.0 1190.0 425.0 1200.0 414.0 1200.0 small-vehicle 1
557.0 584.0 568.0 584.0 568.0 588.0 557.0 588.0 small-vehicle 1
588.0 585.0 596.0 585.0 596.0 589.0 588.0 589.0 small-vehicle 1
458.0 420.0 467.0 420.0 467.0 424.0 458.0 424.0 small-vehicle 1
479.0 423.0 490.0 423.0 490.0 428.0 479.0 428.0 small-vehicle 1
444.0 391.0 454.0 391.0 454.0 396.0 444.0 396.0 small-vehicle 1
1590.0 411.0 1601.0 411.0 1601.0 420.0 1590.0 420.0 small-vehicle 1
348.0 476.0 357.0 476.0 357.0 486.0 348.0 486.0 small-vehicle 1
825.0 288.0 837.0 288.0 837.0 298.0 825.0 298.0 small-vehicle 1
627.0 1272.0 635.0 1272.0 635.0 1283.0 627.0 1283.0 small-vehicle 1
632.0 1283.0 638.0 1283.0 638.0 1291.0 632.0 1291.0 small-vehicle 1
636.0 1290.0 644.0 1290.0 644.0 1302.0 636.0 1302.0 small-vehicle 1
1230.0 278.0 1239.0 278.0 1239.0 283.0 1230.0 283.0 small-vehicle 1
1231.0 283.0 1240.0 283.0 1240.0 288.0 1231.0 288.0 small-vehicle 1
1231.0 287.0 1240.0 287.0 1240.0 292.0 1231.0 292.0 small-vehicle 1
1249.0 186.0 1256.0 186.0 1256.0 194.0 1249.0 194.0 small-vehicle 1
1318.0 190.0 1326.0 190.0 1326.0 200.0 1318.0 200.0 small-vehicle 1
1355.0 336.0 1363.0 336.0 1363.0 345.0 1355.0 345.0 small-vehicle 1
432.0 285.0 442.0 285.0 442.0 290.0 432.0 290.0 small-vehicle 1
488.0 241.0 493.0 241.0 493.0 251.0 488.0 251.0 small-vehicle 1
483.0 241.0 488.0 241.0 488.0 251.0 483.0 251.0 small-vehicle 1
470.0 217.0 476.0 217.0 476.0 228.0 470.0 228.0 small-vehicle 1
206.0 1052.0 252.0 1052.0 252.0 1082.0 206.0 1082.0 swimming-pool 0
306.0 1223.0 324.0 1223.0 324.0 1233.0 306.0 1233.0 swimming-pool 0
562.0 1220.0 594.0 1220.0 594.0 1248.0 562.0 1248.0 swimming-pool 0
318.0 931.0 348.0 931.0 348.0 960.0 318.0 960.0 swimming-pool 0
335.0 857.0 362.0 857.0 362.0 878.0 335.0 878.0 swimming-pool 0
864.0 1124.0 881.0 1124.0 881.0 1141.0 864.0 1141.0 swimming-pool 0
882.0 557.0 922.0 557.0 922.0 589.0 882.0 589.0 swimming-pool 0
1238.0 138.0 1257.0 138.0 1257.0 153.0 1238.0 153.0 swimming-pool 0
1391.0 85.0 1406.0 85.0 1406.0 101.0 1391.0 101.0 swimming-pool 1
1475.0 520.0 1625.0 520.0 1625.0 670.0 1475.0 670.0 roundabout 0
1686.0 113.0 1721.0 113.0 1721.0 145.0 1686.0 145.0 swimming-pool 0
561.0 288.0 581.0 288.0 581.0 333.0 561.0 333.0 tennis-court 0
667.0 333.0 687.0 333.0 687.0 375.0 667.0 375.0 tennis-court 0
698.0 333.0 719.0 333.0 719.0 376.0 698.0 376.0 tennis-court 0
623.0 410.0 643.0 410.0 643.0 452.0 623.0 452.0 tennis-court 0
592.0 408.0 610.0 408.0 610.0 451.0 592.0 451.0 tennis-court 0
527.0 408.0 548.0 408.0 548.0 450.0 527.0 450.0 tennis-court 0
1416.0 60.0 1429.0 60.0 1429.0 70.0 1416.0 70.0 swimming-pool 1
643.0 1136.0 664.0 1136.0 664.0 1155.0 643.0 1155.0 swimming-pool 1
801.0 1068.0 822.0 1068.0 822.0 1084.0 801.0 1084.0 swimming-pool 1
857.0 1260.0 872.0 1260.0 872.0 1269.0 857.0 1269.0 swimming-pool 1
436.0 161.0 442.0 161.0 442.0 171.0 436.0 171.0 small-vehicle 1
489.0 217.0 493.0 217.0 493.0 227.0 489.0 227.0 small-vehicle 1
1362.0 341.0 1370.0 341.0 1370.0 351.0 1362.0 351.0 small-vehicle 1
1364.0 369.0 1373.0 369.0 1373.0 380.0 1364.0 380.0 small-vehicle 1
1526.0 666.0 1538.0 666.0 1538.0 674.0 1526.0 674.0 small-vehicle 1
1563.0 302.0 1570.0 302.0 1570.0 312.0 1563.0 312.0 small-vehicle 1
1614.0 323.0 1627.0 323.0 1627.0 335.0 1614.0 335.0 small-vehicle 1
1586.0 418.0 1596.0 418.0 1596.0 427.0 1586.0 427.0 small-vehicle 1
1595.0 406.0 1604.0 406.0 1604.0 415.0 1595.0 415.0 small-vehicle 1
1607.0 388.0 1616.0 388.0 1616.0 398.0 1607.0 398.0 small-vehicle 1
1622.0 425.0 1631.0 425.0 1631.0 435.0 1622.0 435.0 small-vehicle 1
1619.0 431.0 1628.0 431.0 1628.0 440.0 1619.0 440.0 small-vehicle 1
1629.0 450.0 1638.0 450.0 1638.0 459.0 1629.0 459.0 small-vehicle 1
1623.0 455.0 1632.0 455.0 1632.0 465.0 1623.0 465.0 small-vehicle 1
1636.0 408.0 1646.0 408.0 1646.0 418.0 1636.0 418.0 small-vehicle 1
1632.0 390.0 1641.0 390.0 1641.0 398.0 1632.0 398.0 small-vehicle 1
1630.0 358.0 1639.0 358.0 1639.0 365.0 1630.0 365.0 small-vehicle 1
1689.0 441.0 1701.0 441.0 1701.0 454.0 1689.0 454.0 small-vehicle 1
1745.0 313.0 1756.0 313.0 1756.0 321.0 1745.0 321.0 small-vehicle 1
423.0 922.0 433.0 922.0 433.0 932.0 423.0 932.0 small-vehicle 1
630.0 1225.0 639.0 1225.0 639.0 1233.0 630.0 1233.0 small-vehicle 1
633.0 1218.0 643.0 1218.0 643.0 1229.0 633.0 1229.0 small-vehicle 1
7.0 1007.0 19.0 1007.0 19.0 1018.0 7.0 1018.0 small-vehicle 1
999.0 602.0 1011.0 602.0 1011.0 615.0 999.0 615.0 small-vehicle 1
1382.0 355.0 1391.0 355.0 1391.0 364.0 1382.0 364.0 small-vehicle 1
1398.0 367.0 1409.0 367.0 1409.0 379.0 1398.0 379.0 small-vehicle 1
1206.0 998.0 1215.0 998.0 1215.0 1010.0 1206.0 1010.0 small-vehicle 1
1434.0 424.0 1447.0 424.0 1447.0 439.0 1434.0 439.0 small-vehicle 1
1452.0 408.0 1463.0 408.0 1463.0 418.0 1452.0 418.0 small-vehicle 1
1583.0 311.0 1590.0 311.0 1590.0 319.0 1583.0 319.0 small-vehicle 1
1525.0 289.0 1531.0 289.0 1531.0 298.0 1525.0 298.0 small-vehicle 1
1370.0 349.0 1380.0 349.0 1380.0 358.0 1370.0 358.0 small-vehicle 1
1520.0 288.0 1525.0 288.0 1525.0 297.0 1520.0 297.0 small-vehicle 1
1392.0 364.0 1401.0 364.0 1401.0 374.0 1392.0 374.0 small-vehicle 1
1421.0 385.0 1429.0 385.0 1429.0 394.0 1421.0 394.0 small-vehicle 1
1426.0 390.0 1434.0 390.0 1434.0 398.0 1426.0 398.0 small-vehicle 1
1433.0 396.0 1442.0 396.0 1442.0 404.0 1433.0 404.0 small-vehicle 1
1482.0 437.0 1491.0 437.0 1491.0 447.0 1482.0 447.0 small-vehicle 1
1423.0 416.0 1434.0 416.0 1434.0 426.0 1423.0 426.0 small-vehicle 1
1430.0 421.0 1441.0 421.0 1441.0 432.0 1430.0 432.0 small-vehicle 1
1390.0 429.0 1400.0 429.0 1400.0 439.0 1390.0 439.0 small-vehicle 1
1452.0 441.0 1462.0 441.0 1462.0 453.0 1452.0 453.0 small-vehicle 1
1459.0 444.0 1468.0 444.0 1468.0 454.0 1459.0 454.0 small-vehicle 1
1469.0 453.0 1479.0 453.0 1479.0 464.0 1469.0 464.0 small-vehicle 1
1475.0 455.0 1485.0 455.0 1485.0 466.0 1475.0 466.0 small-vehicle 1
1502.0 473.0 1507.0 473.0 1507.0 483.0 1502.0 483.0 small-vehicle 1
1516.0 476.0 1522.0 476.0 1522.0 487.0 1516.0 487.0 small-vehicle 1
1527.0 476.0 1532.0 476.0 1532.0 485.0 1527.0 485.0 small-vehicle 1
1489.0 441.0 1498.0 441.0 1498.0 451.0 1489.0 451.0 small-vehicle 1
1555.0 476.0 1561.0 476.0 1561.0 487.0 1555.0 487.0 small-vehicle 1
1592.0 501.0 1604.0 501.0 1604.0 507.0 1592.0 507.0 small-vehicle 1
1577.0 40.0 1588.0 40.0 1588.0 44.0 1577.0 44.0 small-vehicle 1
1415.0 245.0 1424.0 245.0 1424.0 252.0 1415.0 252.0 small-vehicle 1
1469.0 265.0 1478.0 265.0 1478.0 272.0 1469.0 272.0 small-vehicle 1
1497.0 279.0 1504.0 279.0 1504.0 289.0 1497.0 289.0 small-vehicle 1
1508.0 283.0 1513.0 283.0 1513.0 292.0 1508.0 292.0 small-vehicle 1
636.0 215.0 652.0 215.0 652.0 257.0 636.0 257.0 swimming-pool 0
