imagesource:GoogleEarth
gsd:0.270569072061
2915.0 725.0 2937.0 725.0 2937.0 740.0 2915.0 740.0 small-vehicle 1
1346.0 231.0 1398.0 231.0 1398.0 271.0 1346.0 271.0 plane 0
724.0 982.0 757.0 982.0 757.0 1025.0 724.0 1025.0 plane 0
730.0 1133.0 774.0 1133.0 774.0 1172.0 730.0 1172.0 plane 0
729.0 1182.0 772.0 1182.0 772.0 1230.0 729.0 1230.0 plane 0
88.0 1211.0 131.0 1211.0 131.0 1260.0 88.0 1260.0 plane 0
723.0 750.0 756.0 750.0 756.0 789.0 723.0 789.0 plane 0
735.0 1236.0 781.0 1236.0 781.0 1274.0 735.0 1274.0 plane 0
1441.0 228.0 1487.0 228.0 1487.0 265.0 1441.0 265.0 plane 0
584.0 715.0 620.0 715.0 620.0 761.0 584.0 761.0 plane 0
1485.0 234.0 1532.0 234.0 1532.0 271.0 1485.0 271.0 plane 0
2747.0 449.0 2795.0 449.0 2795.0 490.0 2747.0 490.0 plane 0
2729.0 422.0 2771.0 422.0 2771.0 457.0 2729.0 457.0 plane 0
2704.0 447.0 2747.0 447.0 2747.0 477.0 2704.0 477.0 plane 0
2657.0 438.0 2702.0 438.0 2702.0 470.0 2657.0 470.0 plane 0
2642.0 409.0 2684.0 409.0 2684.0 442.0 2642.0 442.0 plane 0
584.0 765.0 618.0 765.0 618.0 804.0 584.0 804.0 plane 0
514.0 803.0 597.0 803.0 597.0 885.0 514.0 885.0 plane 0
2438.0 1122.0 2486.0 1122.0 2486.0 1167.0 2438.0 1167.0 plane 0
222.0 1147.0 268.0 1147.0 268.0 1186.0 222.0 1186.0 plane 0
1580.0 1024.0 1622.0 1024.0 1622.0 1055.0 1580.0 1055.0 plane 0
88.0 1275.0 128.0 1275.0 128.0 1319.0 88.0 1319.0 plane 0
148.0 1226.0 203.0 1226.0 203.0 1284.0 148.0 1284.0 plane 0
261.0 1279.0 299.0 1279.0 299.0 1326.0 261.0 1326.0 plane 0
111.0 1151.0 160.0 1151.0 160.0 1187.0 111.0 1187.0 plane 0
165.0 1150.0 216.0 1150.0 216.0 1189.0 165.0 1189.0 plane 0
274.0 1147.0 322.0 1147.0 322.0 1186.0 274.0 1186.0 plane 0
489.0 868.0 574.0 868.0 574.0 950.0 489.0 950.0 plane 0
315.0 1107.0 365.0 1107.0 365.0 1160.0 315.0 1160.0 plane 0
318.0 1052.0 348.0 1052.0 348.0 1096.0 318.0 1096.0 plane 0
333.0 943.0 360.0 943.0 360.0 981.0 333.0 981.0 plane 0
337.0 887.0 372.0 887.0 372.0 928.0 337.0 928.0 plane 0
362.0 835.0 413.0 835.0 413.0 885.0 362.0 885.0 plane 0
407.0 803.0 456.0 803.0 456.0 853.0 407.0 853.0 plane 0
2613.0 434.0 2656.0 434.0 2656.0 467.0 2613.0 467.0 plane 0
2599.0 406.0 2635.0 406.0 2635.0 438.0 2599.0 438.0 plane 0
2568.0 420.0 2615.0 420.0 2615.0 457.0 2568.0 457.0 plane 0
905.0 1296.0 916.0 1296.0 916.0 1315.0 905.0 1315.0 small-vehicle 1
771.0 1345.0 780.0 1345.0 780.0 1364.0 771.0 1364.0 small-vehicle 1
781.0 1346.0 790.0 1346.0 790.0 1365.0 781.0 1365.0 small-vehicle 1
790.0 1346.0 801.0 1346.0 801.0 1364.0 790.0 1364.0 small-vehicle 1
801.0 1348.0 813.0 1348.0 813.0 1365.0 801.0 1365.0 small-vehicle 1
850.0 1295.0 861.0 1295.0 861.0 1309.0 850.0 1309.0 small-vehicle 1
895.0 1295.0 905.0 1295.0 905.0 1314.0 895.0 1314.0 small-vehicle 1
916.0 1295.0 927.0 1295.0 927.0 1315.0 916.0 1315.0 small-vehicle 1
2507.0 392.0 2550.0 392.0 2550.0 425.0 2507.0 425.0 plane 0
947.0 1298.0 959.0 1298.0 959.0 1314.0 947.0 1314.0 small-vehicle 1
959.0 1297.0 970.0 1297.0 970.0 1313.0 959.0 1313.0 small-vehicle 1
971.0 1295.0 981.0 1295.0 981.0 1312.0 971.0 1312.0 small-vehicle 1
1009.0 1272.0 1019.0 1272.0 1019.0 1290.0 1009.0 1290.0 small-vehicle 1
995.0 1292.0 1005.0 1292.0 1005.0 1312.0 995.0 1312.0 small-vehicle 1
927.0 1218.0 936.0 1218.0 936.0 1235.0 927.0 1235.0 small-vehicle 1
759.0 1343.0 770.0 1343.0 770.0 1363.0 759.0 1363.0 small-vehicle 1
746.0 1344.0 758.0 1344.0 758.0 1366.0 746.0 1366.0 small-vehicle 1
605.0 1314.0 632.0 1314.0 632.0 1325.0 605.0 1325.0 small-vehicle 1
609.0 1303.0 629.0 1303.0 629.0 1314.0 609.0 1314.0 small-vehicle 1
606.0 1261.0 631.0 1261.0 631.0 1273.0 606.0 1273.0 small-vehicle 1
609.0 1137.0 629.0 1137.0 629.0 1146.0 609.0 1146.0 small-vehicle 1
610.0 1127.0 630.0 1127.0 630.0 1135.0 610.0 1135.0 small-vehicle 1
610.0 1104.0 630.0 1104.0 630.0 1116.0 610.0 1116.0 small-vehicle 1
602.0 1095.0 624.0 1095.0 624.0 1104.0 602.0 1104.0 small-vehicle 1
605.0 1040.0 627.0 1040.0 627.0 1052.0 605.0 1052.0 small-vehicle 1
609.0 1010.0 630.0 1010.0 630.0 1022.0 609.0 1022.0 small-vehicle 1
608.0 1000.0 626.0 1000.0 626.0 1009.0 608.0 1009.0 small-vehicle 1
606.0 990.0 630.0 990.0 630.0 999.0 606.0 999.0 small-vehicle 1
603.0 969.0 627.0 969.0 627.0 980.0 603.0 980.0 small-vehicle 1
610.0 978.0 630.0 978.0 630.0 989.0 610.0 989.0 small-vehicle 1
2391.0 397.0 2436.0 397.0 2436.0 435.0 2391.0 435.0 plane 0
2417.0 373.0 2464.0 373.0 2464.0 412.0 2417.0 412.0 plane 0
2896.0 1274.0 2925.0 1274.0 2925.0 1316.0 2896.0 1316.0 plane 0
2792.0 1147.0 2837.0 1147.0 2837.0 1198.0 2792.0 1198.0 plane 0
974.0 1270.0 987.0 1270.0 987.0 1291.0 974.0 1291.0 small-vehicle 1
2343.0 388.0 2393.0 388.0 2393.0 429.0 2343.0 429.0 plane 0
1823.0 419.0 1866.0 419.0 1866.0 452.0 1823.0 452.0 plane 0
1869.0 424.0 1917.0 424.0 1917.0 464.0 1869.0 464.0 plane 0
1917.0 432.0 1966.0 432.0 1966.0 469.0 1917.0 469.0 plane 0
2250.0 543.0 2364.0 543.0 2364.0 630.0 2250.0 630.0 plane 0
2184.0 597.0 2238.0 597.0 2238.0 661.0 2184.0 661.0 plane 0
2325.0 360.0 2374.0 360.0 2374.0 395.0 2325.0 395.0 plane 0
2479.0 409.0 2524.0 409.0 2524.0 445.0 2479.0 445.0 plane 0
1529.0 370.0 1584.0 370.0 1584.0 416.0 1529.0 416.0 plane 0
2523.0 412.0 2571.0 412.0 2571.0 452.0 2523.0 452.0 plane 0
2893.0 469.0 2926.0 469.0 2926.0 515.0 2893.0 515.0 helicopter 0
3003.0 480.0 3032.0 480.0 3032.0 527.0 3003.0 527.0 helicopter 0
3674.0 496.0 3718.0 496.0 3718.0 549.0 3674.0 549.0 plane 0
2628.0 540.0 2660.0 540.0 2660.0 581.0 2628.0 581.0 plane 0
2619.0 582.0 2652.0 582.0 2652.0 627.0 2619.0 627.0 plane 0
1631.0 392.0 1679.0 392.0 1679.0 426.0 1631.0 426.0 plane 0
1909.0 330.0 1948.0 330.0 1948.0 364.0 1909.0 364.0 plane 0
2890.0 1171.0 2924.0 1171.0 2924.0 1215.0 2890.0 1215.0 plane 0
1754.0 272.0 1799.0 272.0 1799.0 308.0 1754.0 308.0 plane 0
1300.0 215.0 1355.0 215.0 1355.0 260.0 1300.0 260.0 plane 0
1291.0 252.0 1332.0 252.0 1332.0 285.0 1291.0 285.0 plane 0
1385.0 222.0 1444.0 222.0 1444.0 272.0 1385.0 272.0 plane 0
1458.0 255.0 1505.0 255.0 1505.0 292.0 1458.0 292.0 plane 0
1588.0 276.0 1641.0 276.0 1641.0 317.0 1588.0 317.0 plane 0
1642.0 284.0 1686.0 284.0 1686.0 320.0 1642.0 320.0 plane 0
1727.0 297.0 1774.0 297.0 1774.0 334.0 1727.0 334.0 plane 0
1954.0 333.0 1994.0 333.0 1994.0 366.0 1954.0 366.0 plane 0
1819.0 312.0 1861.0 312.0 1861.0 347.0 1819.0 347.0 plane 0
1844.0 290.0 1889.0 290.0 1889.0 324.0 1844.0 324.0 plane 0
1859.0 319.0 1907.0 319.0 1907.0 359.0 1859.0 359.0 plane 0
1886.0 298.0 1933.0 298.0 1933.0 335.0 1886.0 335.0 plane 0
1929.0 304.0 1975.0 304.0 1975.0 342.0 1929.0 342.0 plane 0
1978.0 307.0 2025.0 307.0 2025.0 344.0 1978.0 344.0 plane 0
2578.0 588.0 2607.0 588.0 2607.0 633.0 2578.0 633.0 plane 0
2698.0 544.0 2733.0 544.0 2733.0 593.0 2698.0 593.0 plane 0
2727.0 626.0 2751.0 626.0 2751.0 658.0 2727.0 658.0 helicopter 0
3955.0 1172.0 4018.0 1172.0 4018.0 1236.0 3955.0 1236.0 plane 0
3639.0 822.0 3699.0 822.0 3699.0 877.0 3639.0 877.0 plane 0
3681.0 816.0 3758.0 816.0 3758.0 889.0 3681.0 889.0 plane 0
3713.0 857.0 3796.0 857.0 3796.0 941.0 3713.0 941.0 plane 0
3756.0 910.0 3833.0 910.0 3833.0 987.0 3756.0 987.0 plane 0
3792.0 951.0 3877.0 951.0 3877.0 1039.0 3792.0 1039.0 plane 0
3848.0 1042.0 3934.0 1042.0 3934.0 1124.0 3848.0 1124.0 plane 0
4010.0 1256.0 4114.0 1256.0 4114.0 1362.0 4010.0 1362.0 plane 0
2820.0 650.0 2861.0 650.0 2861.0 681.0 2820.0 681.0 plane 0
3086.0 926.0 3180.0 926.0 3180.0 1004.0 3086.0 1004.0 plane 0
2898.0 1004.0 2928.0 1004.0 2928.0 1043.0 2898.0 1043.0 plane 0
2889.0 1036.0 2924.0 1036.0 2924.0 1076.0 2889.0 1076.0 plane 0
2896.0 1069.0 2928.0 1069.0 2928.0 1108.0 2896.0 1108.0 plane 0
2884.0 1104.0 2919.0 1104.0 2919.0 1142.0 2884.0 1142.0 plane 0
2895.0 1140.0 2925.0 1140.0 2925.0 1179.0 2895.0 1179.0 plane 0
3592.0 848.0 3651.0 848.0 3651.0 905.0 3592.0 905.0 plane 0
3689.0 627.0 3735.0 627.0 3735.0 665.0 3689.0 665.0 plane 0
3644.0 621.0 3691.0 621.0 3691.0 655.0 3644.0 655.0 plane 0
3596.0 614.0 3644.0 614.0 3644.0 652.0 3596.0 652.0 plane 0
3541.0 610.0 3590.0 610.0 3590.0 659.0 3541.0 659.0 plane 0
3510.0 638.0 3557.0 638.0 3557.0 683.0 3510.0 683.0 plane 0
3496.0 717.0 3541.0 717.0 3541.0 766.0 3496.0 766.0 plane 0
3269.0 623.0 3358.0 623.0 3358.0 709.0 3269.0 709.0 plane 0
2993.0 776.0 3028.0 776.0 3028.0 818.0 2993.0 818.0 plane 0
3001.0 733.0 3034.0 733.0 3034.0 775.0 3001.0 775.0 plane 0
3009.0 691.0 3045.0 691.0 3045.0 733.0 3009.0 733.0 plane 0
3017.0 649.0 3049.0 649.0 3049.0 691.0 3017.0 691.0 plane 0
2905.0 796.0 2938.0 796.0 2938.0 810.0 2905.0 810.0 large-vehicle 0
2906.0 773.0 2940.0 773.0 2940.0 788.0 2906.0 788.0 large-vehicle 0
2951.0 658.0 2992.0 658.0 2992.0 694.0 2951.0 694.0 plane 0
2905.0 658.0 2941.0 658.0 2941.0 687.0 2905.0 687.0 plane 0
2858.0 650.0 2907.0 650.0 2907.0 686.0 2858.0 686.0 plane 0
913.0 1199.0 925.0 1199.0 925.0 1222.0 913.0 1222.0 small-vehicle 1
748.0 1296.0 759.0 1296.0 759.0 1315.0 748.0 1315.0 small-vehicle 1
765.0 1295.0 778.0 1295.0 778.0 1314.0 765.0 1314.0 small-vehicle 1
3330.0 1236.0 3353.0 1236.0 3353.0 1251.0 3330.0 1251.0 small-vehicle 1
3333.0 1145.0 3351.0 1145.0 3351.0 1166.0 3333.0 1166.0 small-vehicle 1
3332.0 1166.0 3353.0 1166.0 3353.0 1180.0 3332.0 1180.0 small-vehicle 1
3330.0 1178.0 3352.0 1178.0 3352.0 1195.0 3330.0 1195.0 small-vehicle 1
3331.0 1203.0 3353.0 1203.0 3353.0 1215.0 3331.0 1215.0 small-vehicle 1
3331.0 1211.0 3352.0 1211.0 3352.0 1228.0 3331.0 1228.0 small-vehicle 1
3333.0 1224.0 3353.0 1224.0 3353.0 1239.0 3333.0 1239.0 small-vehicle 1
3326.0 1247.0 3348.0 1247.0 3348.0 1264.0 3326.0 1264.0 small-vehicle 1
3287.0 1143.0 3299.0 1143.0 3299.0 1161.0 3287.0 1161.0 small-vehicle 1
3325.0 1258.0 3351.0 1258.0 3351.0 1276.0 3325.0 1276.0 small-vehicle 1
3464.0 1288.0 3475.0 1288.0 3475.0 1309.0 3464.0 1309.0 small-vehicle 1
3483.0 1205.0 3492.0 1205.0 3492.0 1225.0 3483.0 1225.0 small-vehicle 1
3505.0 1204.0 3515.0 1204.0 3515.0 1225.0 3505.0 1225.0 small-vehicle 1
3459.0 1207.0 3469.0 1207.0 3469.0 1225.0 3459.0 1225.0 small-vehicle 1
3447.0 1206.0 3458.0 1206.0 3458.0 1225.0 3447.0 1225.0 small-vehicle 1
3299.0 1141.0 3312.0 1141.0 3312.0 1163.0 3299.0 1163.0 small-vehicle 1
3275.0 1144.0 3286.0 1144.0 3286.0 1164.0 3275.0 1164.0 small-vehicle 1
825.0 1291.0 836.0 1291.0 836.0 1311.0 825.0 1311.0 small-vehicle 1
2660.0 774.0 2671.0 774.0 2671.0 796.0 2660.0 796.0 small-vehicle 1
2367.0 1186.0 2388.0 1186.0 2388.0 1202.0 2367.0 1202.0 small-vehicle 1
2362.0 1175.0 2388.0 1175.0 2388.0 1194.0 2362.0 1194.0 small-vehicle 1
2711.0 606.0 2739.0 606.0 2739.0 621.0 2711.0 621.0 small-vehicle 1
2624.0 772.0 2636.0 772.0 2636.0 790.0 2624.0 790.0 small-vehicle 1
2637.0 775.0 2649.0 775.0 2649.0 794.0 2637.0 794.0 small-vehicle 1
2649.0 774.0 2660.0 774.0 2660.0 794.0 2649.0 794.0 small-vehicle 1
2682.0 775.0 2693.0 775.0 2693.0 795.0 2682.0 795.0 small-vehicle 1
3047.0 939.0 3069.0 939.0 3069.0 951.0 3047.0 951.0 small-vehicle 1
2694.0 775.0 2705.0 775.0 2705.0 795.0 2694.0 795.0 small-vehicle 1
2705.0 773.0 2716.0 773.0 2716.0 796.0 2705.0 796.0 small-vehicle 1
2735.0 776.0 2747.0 776.0 2747.0 794.0 2735.0 794.0 small-vehicle 1
3049.0 1184.0 3075.0 1184.0 3075.0 1195.0 3049.0 1195.0 small-vehicle 1
3034.0 969.0 3045.0 969.0 3045.0 992.0 3034.0 992.0 small-vehicle 1
3047.0 975.0 3058.0 975.0 3058.0 993.0 3047.0 993.0 small-vehicle 1
3470.0 1149.0 3481.0 1149.0 3481.0 1171.0 3470.0 1171.0 small-vehicle 1
3459.0 1150.0 3469.0 1150.0 3469.0 1167.0 3459.0 1167.0 small-vehicle 1
3438.0 1149.0 3448.0 1149.0 3448.0 1167.0 3438.0 1167.0 small-vehicle 1
2364.0 1322.0 2385.0 1322.0 2385.0 1333.0 2364.0 1333.0 small-vehicle 1
1347.0 769.0 1358.0 769.0 1358.0 791.0 1347.0 791.0 small-vehicle 1
1325.0 768.0 1339.0 768.0 1339.0 791.0 1325.0 791.0 small-vehicle 1
1481.0 625.0 1496.0 625.0 1496.0 645.0 1481.0 645.0 small-vehicle 1
1508.0 625.0 1519.0 625.0 1519.0 643.0 1508.0 643.0 small-vehicle 1
1517.0 628.0 1532.0 628.0 1532.0 648.0 1517.0 648.0 small-vehicle 1
1528.0 628.0 1543.0 628.0 1543.0 652.0 1528.0 652.0 small-vehicle 1
2684.0 1212.0 2708.0 1212.0 2708.0 1222.0 2684.0 1222.0 small-vehicle 1
3425.0 1149.0 3437.0 1149.0 3437.0 1165.0 3425.0 1165.0 small-vehicle 1
2570.0 1198.0 2588.0 1198.0 2588.0 1226.0 2570.0 1226.0 small-vehicle 1
2655.0 1129.0 2678.0 1129.0 2678.0 1140.0 2655.0 1140.0 small-vehicle 1
2506.0 1211.0 2532.0 1211.0 2532.0 1221.0 2506.0 1221.0 small-vehicle 1
2537.0 1212.0 2560.0 1212.0 2560.0 1223.0 2537.0 1223.0 small-vehicle 1
3565.0 1071.0 3578.0 1071.0 3578.0 1094.0 3565.0 1094.0 small-vehicle 1
3298.0 1114.0 3311.0 1114.0 3311.0 1134.0 3298.0 1134.0 small-vehicle 1
1337.0 768.0 1348.0 768.0 1348.0 790.0 1337.0 790.0 small-vehicle 1
1377.0 770.0 1388.0 770.0 1388.0 792.0 1377.0 792.0 small-vehicle 1
1390.0 769.0 1400.0 769.0 1400.0 791.0 1390.0 791.0 small-vehicle 1
1440.0 1018.0 1450.0 1018.0 1450.0 1040.0 1440.0 1040.0 small-vehicle 1
647.0 900.0 657.0 900.0 657.0 922.0 647.0 922.0 small-vehicle 1
3412.0 1031.0 3429.0 1031.0 3429.0 1054.0 3412.0 1054.0 small-vehicle 1
3515.0 1072.0 3526.0 1072.0 3526.0 1089.0 3515.0 1089.0 small-vehicle 1
3493.0 1074.0 3505.0 1074.0 3505.0 1091.0 3493.0 1091.0 small-vehicle 1
3462.0 1070.0 3473.0 1070.0 3473.0 1091.0 3462.0 1091.0 small-vehicle 1
3440.0 1071.0 3450.0 1071.0 3450.0 1089.0 3440.0 1089.0 small-vehicle 1
3537.0 1118.0 3548.0 1118.0 3548.0 1138.0 3537.0 1138.0 small-vehicle 1
3501.0 1117.0 3510.0 1117.0 3510.0 1138.0 3501.0 1138.0 small-vehicle 1
3471.0 1120.0 3481.0 1120.0 3481.0 1139.0 3471.0 1139.0 small-vehicle 1
3460.0 1118.0 3472.0 1118.0 3472.0 1138.0 3460.0 1138.0 small-vehicle 1
3440.0 1121.0 3450.0 1121.0 3450.0 1138.0 3440.0 1138.0 small-vehicle 1
3344.0 1116.0 3354.0 1116.0 3354.0 1136.0 3344.0 1136.0 small-vehicle 1
3415.0 1148.0 3426.0 1148.0 3426.0 1170.0 3415.0 1170.0 small-vehicle 1
2362.0 1198.0 2388.0 1198.0 2388.0 1215.0 2362.0 1215.0 small-vehicle 1
2359.0 1208.0 2386.0 1208.0 2386.0 1228.0 2359.0 1228.0 small-vehicle 1
2361.0 1220.0 2388.0 1220.0 2388.0 1239.0 2361.0 1239.0 small-vehicle 1
1932.0 583.0 1952.0 583.0 1952.0 604.0 1932.0 604.0 small-vehicle 1
1451.0 619.0 1464.0 619.0 1464.0 638.0 1451.0 638.0 small-vehicle 1
1461.0 619.0 1477.0 619.0 1477.0 640.0 1461.0 640.0 small-vehicle 1
1211.0 487.0 1224.0 487.0 1224.0 510.0 1211.0 510.0 small-vehicle 1
1243.0 494.0 1259.0 494.0 1259.0 519.0 1243.0 519.0 small-vehicle 1
1415.0 317.0 1439.0 317.0 1439.0 329.0 1415.0 329.0 small-vehicle 1
1869.0 562.0 1892.0 562.0 1892.0 576.0 1869.0 576.0 small-vehicle 1
1933.0 563.0 1954.0 563.0 1954.0 582.0 1933.0 582.0 small-vehicle 1
1877.0 1074.0 1902.0 1074.0 1902.0 1084.0 1877.0 1084.0 small-vehicle 1
1961.0 570.0 1976.0 570.0 1976.0 591.0 1961.0 591.0 small-vehicle 1
1948.0 596.0 1965.0 596.0 1965.0 616.0 1948.0 616.0 small-vehicle 1
1932.0 919.0 1945.0 919.0 1945.0 941.0 1932.0 941.0 small-vehicle 1
1944.0 920.0 1954.0 920.0 1954.0 938.0 1944.0 938.0 small-vehicle 1
1878.0 1041.0 1901.0 1041.0 1901.0 1052.0 1878.0 1052.0 small-vehicle 1
1878.0 1052.0 1901.0 1052.0 1901.0 1061.0 1878.0 1061.0 small-vehicle 1
1439.0 617.0 1453.0 617.0 1453.0 636.0 1439.0 636.0 small-vehicle 1
1427.0 615.0 1441.0 615.0 1441.0 640.0 1427.0 640.0 small-vehicle 1
1413.0 613.0 1428.0 613.0 1428.0 639.0 1413.0 639.0 small-vehicle 1
1346.0 625.0 1365.0 625.0 1365.0 638.0 1346.0 638.0 small-vehicle 1
1411.0 769.0 1421.0 769.0 1421.0 789.0 1411.0 789.0 small-vehicle 1
1416.0 860.0 1428.0 860.0 1428.0 880.0 1416.0 880.0 small-vehicle 1
1461.0 1218.0 1473.0 1218.0 1473.0 1243.0 1461.0 1243.0 small-vehicle 1
1451.0 1220.0 1462.0 1220.0 1462.0 1239.0 1451.0 1239.0 small-vehicle 1
1438.0 1219.0 1449.0 1219.0 1449.0 1240.0 1438.0 1240.0 small-vehicle 1
1414.0 1220.0 1425.0 1220.0 1425.0 1240.0 1414.0 1240.0 small-vehicle 1
1404.0 1221.0 1414.0 1221.0 1414.0 1240.0 1404.0 1240.0 small-vehicle 1
1394.0 1221.0 1407.0 1221.0 1407.0 1240.0 1394.0 1240.0 small-vehicle 1
1381.0 1219.0 1392.0 1219.0 1392.0 1237.0 1381.0 1237.0 small-vehicle 1
1328.0 1218.0 1339.0 1218.0 1339.0 1240.0 1328.0 1240.0 small-vehicle 1
1317.0 1217.0 1328.0 1217.0 1328.0 1240.0 1317.0 1240.0 small-vehicle 1
1270.0 1218.0 1282.0 1218.0 1282.0 1237.0 1270.0 1237.0 small-vehicle 1
1282.0 1218.0 1294.0 1218.0 1294.0 1236.0 1282.0 1236.0 small-vehicle 1
1876.0 1063.0 1901.0 1063.0 1901.0 1074.0 1876.0 1074.0 small-vehicle 1
1700.0 1306.0 1723.0 1306.0 1723.0 1318.0 1700.0 1318.0 small-vehicle 1
2360.0 1232.0 2384.0 1232.0 2384.0 1252.0 2360.0 1252.0 small-vehicle 1
2100.0 1224.0 2110.0 1224.0 2110.0 1246.0 2100.0 1246.0 small-vehicle 1
2523.0 770.0 2538.0 770.0 2538.0 792.0 2523.0 792.0 small-vehicle 1
2546.0 772.0 2559.0 772.0 2559.0 790.0 2546.0 790.0 small-vehicle 1
2472.0 1046.0 2493.0 1046.0 2493.0 1059.0 2472.0 1059.0 small-vehicle 1
2037.0 1227.0 2050.0 1227.0 2050.0 1246.0 2037.0 1246.0 small-vehicle 1
2050.0 1225.0 2059.0 1225.0 2059.0 1247.0 2050.0 1247.0 small-vehicle 1
2062.0 1229.0 2071.0 1229.0 2071.0 1247.0 2062.0 1247.0 small-vehicle 1
2128.0 1224.0 2137.0 1224.0 2137.0 1243.0 2128.0 1243.0 small-vehicle 1
1695.0 1287.0 1714.0 1287.0 1714.0 1298.0 1695.0 1298.0 small-vehicle 1
2038.0 1281.0 2050.0 1281.0 2050.0 1301.0 2038.0 1301.0 small-vehicle 1
2055.0 1282.0 2065.0 1282.0 2065.0 1299.0 2055.0 1299.0 small-vehicle 1
2363.0 1290.0 2387.0 1290.0 2387.0 1310.0 2363.0 1310.0 small-vehicle 1
2360.0 1279.0 2386.0 1279.0 2386.0 1298.0 2360.0 1298.0 small-vehicle 1
2363.0 1265.0 2385.0 1265.0 2385.0 1283.0 2363.0 1283.0 small-vehicle 1
2360.0 1243.0 2388.0 1243.0 2388.0 1262.0 2360.0 1262.0 small-vehicle 1
2239.0 792.0 2252.0 792.0 2252.0 811.0 2239.0 811.0 small-vehicle 1
2195.0 792.0 2206.0 792.0 2206.0 811.0 2195.0 811.0 small-vehicle 1
2181.0 792.0 2194.0 792.0 2194.0 814.0 2181.0 814.0 small-vehicle 1
2153.0 790.0 2165.0 790.0 2165.0 812.0 2153.0 812.0 small-vehicle 1
2142.0 792.0 2153.0 792.0 2153.0 812.0 2142.0 812.0 small-vehicle 1
2117.0 787.0 2128.0 787.0 2128.0 808.0 2117.0 808.0 small-vehicle 1
2094.0 789.0 2106.0 789.0 2106.0 812.0 2094.0 812.0 small-vehicle 1
2048.0 788.0 2061.0 788.0 2061.0 807.0 2048.0 807.0 small-vehicle 1
2014.0 789.0 2025.0 789.0 2025.0 806.0 2014.0 806.0 small-vehicle 1
2415.0 637.0 2441.0 637.0 2441.0 648.0 2415.0 648.0 small-vehicle 1
2386.0 629.0 2398.0 629.0 2398.0 652.0 2386.0 652.0 small-vehicle 1
1974.0 1281.0 1983.0 1281.0 1983.0 1299.0 1974.0 1299.0 small-vehicle 1
1958.0 1278.0 1971.0 1278.0 1971.0 1298.0 1958.0 1298.0 small-vehicle 1
1948.0 1278.0 1960.0 1278.0 1960.0 1296.0 1948.0 1296.0 small-vehicle 1
1925.0 1278.0 1937.0 1278.0 1937.0 1298.0 1925.0 1298.0 small-vehicle 1
1926.0 1210.0 1937.0 1210.0 1937.0 1229.0 1926.0 1229.0 small-vehicle 1
1884.0 1205.0 1895.0 1205.0 1895.0 1225.0 1884.0 1225.0 small-vehicle 1
1268.0 232.0 1311.0 232.0 1311.0 263.0 1268.0 263.0 plane 0
