imagesource:GoogleEarth
gsd:0.285904994682
1395.0 41.0 1407.0 41.0 1407.0 58.0 1395.0 58.0 small-vehicle 1
555.0 385.0 571.0 385.0 571.0 405.0 555.0 405.0 small-vehicle 1
430.0 982.0 442.0 982.0 442.0 1003.0 430.0 1003.0 small-vehicle 1
392.0 764.0 410.0 764.0 410.0 784.0 392.0 784.0 small-vehicle 1
353.0 833.0 376.0 833.0 376.0 854.0 353.0 854.0 small-vehicle 1
414.0 781.0 430.0 781.0 430.0 800.0 414.0 800.0 small-vehicle 1
529.0 697.0 553.0 697.0 553.0 717.0 529.0 717.0 small-vehicle 1
515.0 444.0 536.0 444.0 536.0 458.0 515.0 458.0 small-vehicle 1
536.0 380.0 551.0 380.0 551.0 399.0 536.0 399.0 small-vehicle 1
606.0 406.0 620.0 406.0 620.0 425.0 606.0 425.0 small-vehicle 1
374.0 961.0 420.0 961.0 420.0 1009.0 374.0 1009.0 plane 0
572.0 722.0 590.0 722.0 590.0 740.0 572.0 740.0 small-vehicle 1
579.0 727.0 596.0 727.0 596.0 747.0 579.0 747.0 small-vehicle 1
587.0 732.0 604.0 732.0 604.0 752.0 587.0 752.0 small-vehicle 1
607.0 747.0 627.0 747.0 627.0 767.0 607.0 767.0 small-vehicle 1
617.0 754.0 635.0 754.0 635.0 772.0 617.0 772.0 small-vehicle 1
623.0 761.0 642.0 761.0 642.0 780.0 623.0 780.0 small-vehicle 1
781.0 648.0 800.0 648.0 800.0 658.0 781.0 658.0 small-vehicle 1
1254.0 1714.0 1302.0 1714.0 1302.0 1762.0 1254.0 1762.0 plane 0
415.0 947.0 462.0 947.0 462.0 994.0 415.0 994.0 plane 0
1384.0 43.0 1395.0 43.0 1395.0 61.0 1384.0 61.0 small-vehicle 1
925.0 1225.0 974.0 1225.0 974.0 1271.0 925.0 1271.0 plane 0
169.0 394.0 214.0 394.0 214.0 442.0 169.0 442.0 plane 0
1225.0 418.0 1310.0 418.0 1310.0 509.0 1225.0 509.0 plane 0
899.0 1484.0 971.0 1484.0 971.0 1559.0 899.0 1559.0 plane 0
934.0 1370.0 992.0 1370.0 992.0 1428.0 934.0 1428.0 plane 0
991.0 1362.0 1093.0 1362.0 1093.0 1466.0 991.0 1466.0 plane 0
1078.0 1418.0 1122.0 1418.0 1122.0 1465.0 1078.0 1465.0 plane 0
1036.0 1453.0 1095.0 1453.0 1095.0 1514.0 1036.0 1514.0 plane 0
962.0 1250.0 1007.0 1250.0 1007.0 1293.0 962.0 1293.0 plane 0
428.0 912.0 459.0 912.0 459.0 951.0 428.0 951.0 plane 0
991.0 1271.0 1041.0 1271.0 1041.0 1321.0 991.0 1321.0 plane 0
199.0 259.0 236.0 259.0 236.0 301.0 199.0 301.0 plane 0
488.0 859.0 537.0 859.0 537.0 908.0 488.0 908.0 plane 0
453.0 816.0 494.0 816.0 494.0 861.0 453.0 861.0 plane 0
422.0 847.0 474.0 847.0 474.0 900.0 422.0 900.0 plane 0
394.0 884.0 442.0 884.0 442.0 935.0 394.0 935.0 plane 0
372.0 926.0 415.0 926.0 415.0 970.0 372.0 970.0 plane 0
779.0 660.0 796.0 660.0 796.0 668.0 779.0 668.0 small-vehicle 1
777.0 691.0 797.0 691.0 797.0 700.0 777.0 700.0 small-vehicle 1
780.0 720.0 799.0 720.0 799.0 731.0 780.0 731.0 small-vehicle 1
961.0 1056.0 983.0 1056.0 983.0 1075.0 961.0 1075.0 small-vehicle 1
1015.0 851.0 1034.0 851.0 1034.0 869.0 1015.0 869.0 small-vehicle 1
1025.0 853.0 1044.0 853.0 1044.0 876.0 1025.0 876.0 small-vehicle 1
1043.0 848.0 1061.0 848.0 1061.0 867.0 1043.0 867.0 small-vehicle 1
1013.0 824.0 1032.0 824.0 1032.0 844.0 1013.0 844.0 small-vehicle 1
1058.0 859.0 1076.0 859.0 1076.0 878.0 1058.0 878.0 small-vehicle 1
1054.0 879.0 1074.0 879.0 1074.0 902.0 1054.0 902.0 small-vehicle 1
1023.0 916.0 1044.0 916.0 1044.0 938.0 1023.0 938.0 small-vehicle 1
1305.0 34.0 1324.0 34.0 1324.0 45.0 1305.0 45.0 small-vehicle 1
781.0 731.0 800.0 731.0 800.0 741.0 781.0 741.0 small-vehicle 1
1304.0 45.0 1323.0 45.0 1323.0 55.0 1304.0 55.0 small-vehicle 1
1304.0 60.0 1322.0 60.0 1322.0 69.0 1304.0 69.0 small-vehicle 1
1353.0 77.0 1371.0 77.0 1371.0 87.0 1353.0 87.0 small-vehicle 1
1349.0 68.0 1369.0 68.0 1369.0 78.0 1349.0 78.0 small-vehicle 1
1351.0 57.0 1371.0 57.0 1371.0 69.0 1351.0 69.0 small-vehicle 1
1352.0 47.0 1373.0 47.0 1373.0 58.0 1352.0 58.0 small-vehicle 1
1348.0 35.0 1368.0 35.0 1368.0 44.0 1348.0 44.0 small-vehicle 1
1009.0 845.0 1027.0 845.0 1027.0 864.0 1009.0 864.0 small-vehicle 1
1003.0 839.0 1019.0 839.0 1019.0 859.0 1003.0 859.0 small-vehicle 1
993.0 833.0 1013.0 833.0 1013.0 854.0 993.0 854.0 small-vehicle 1
1003.0 820.0 1023.0 820.0 1023.0 839.0 1003.0 839.0 small-vehicle 1
778.0 741.0 799.0 741.0 799.0 752.0 778.0 752.0 small-vehicle 1
781.0 754.0 801.0 754.0 801.0 764.0 781.0 764.0 small-vehicle 1
888.0 1316.0 911.0 1316.0 911.0 1343.0 888.0 1343.0 large-vehicle 0
905.0 1335.0 931.0 1335.0 931.0 1366.0 905.0 1366.0 large-vehicle 0
970.0 1349.0 1001.0 1349.0 1001.0 1375.0 970.0 1375.0 large-vehicle 0
873.0 905.0 894.0 905.0 894.0 923.0 873.0 923.0 small-vehicle 1
886.0 890.0 905.0 890.0 905.0 906.0 886.0 906.0 small-vehicle 1
892.0 883.0 911.0 883.0 911.0 900.0 892.0 900.0 small-vehicle 1
904.0 866.0 921.0 866.0 921.0 885.0 904.0 885.0 small-vehicle 1
916.0 851.0 937.0 851.0 937.0 870.0 916.0 870.0 small-vehicle 1
924.0 846.0 942.0 846.0 942.0 862.0 924.0 862.0 small-vehicle 1
929.0 835.0 948.0 835.0 948.0 853.0 929.0 853.0 small-vehicle 1
931.0 823.0 955.0 823.0 955.0 845.0 931.0 845.0 small-vehicle 1
953.0 806.0 974.0 806.0 974.0 826.0 953.0 826.0 small-vehicle 1
959.0 794.0 982.0 794.0 982.0 816.0 959.0 816.0 small-vehicle 1
180.0 345.0 221.0 345.0 221.0 391.0 180.0 391.0 plane 0
