imagesource:GoogleEarth
gsd:0.578600788112
804.0 44.0 820.0 44.0 820.0 72.0 804.0 72.0 swimming-pool 0
274.0 920.0 285.0 920.0 285.0 945.0 274.0 945.0 swimming-pool 1
783.0 92.0 804.0 92.0 804.0 109.0 783.0 109.0 swimming-pool 0
527.0 287.0 542.0 287.0 542.0 301.0 527.0 301.0 swimming-pool 1
708.0 204.0 724.0 204.0 724.0 223.0 708.0 223.0 swimming-pool 0
552.0 789.0 578.0 789.0 578.0 812.0 552.0 812.0 swimming-pool 0
594.0 742.0 611.0 742.0 611.0 765.0 594.0 765.0 swimming-pool 0
641.0 703.0 659.0 703.0 659.0 727.0 641.0 727.0 swimming-pool 1
710.0 666.0 726.0 666.0 726.0 684.0 710.0 684.0 swimming-pool 1
538.0 976.0 561.0 976.0 561.0 992.0 538.0 992.0 swimming-pool 1
451.0 975.0 477.0 975.0 477.0 994.0 451.0 994.0 swimming-pool 1
385.0 948.0 402.0 948.0 402.0 971.0 385.0 971.0 swimming-pool 1
330.0 957.0 353.0 957.0 353.0 975.0 330.0 975.0 swimming-pool 1
164.0 814.0 186.0 814.0 186.0 826.0 164.0 826.0 swimming-pool 1
669.0 787.0 681.0 787.0 681.0 797.0 669.0 797.0 small-vehicle 1
79.0 667.0 85.0 667.0 85.0 676.0 79.0 676.0 small-vehicle 1
76.0 677.0 82.0 677.0 82.0 688.0 76.0 688.0 small-vehicle 1
467.0 344.0 479.0 344.0 479.0 355.0 467.0 355.0 small-vehicle 1
473.0 339.0 482.0 339.0 482.0 350.0 473.0 350.0 small-vehicle 1
558.0 344.0 570.0 344.0 570.0 354.0 558.0 354.0 small-vehicle 1
625.0 346.0 637.0 346.0 637.0 354.0 625.0 354.0 small-vehicle 1
941.0 433.0 950.0 433.0 950.0 442.0 941.0 442.0 small-vehicle 1
987.0 637.0 994.0 637.0 994.0 647.0 987.0 647.0 small-vehicle 1
105.0 374.0 114.0 374.0 114.0 385.0 105.0 385.0 small-vehicle 1
226.0 223.0 237.0 223.0 237.0 233.0 226.0 233.0 small-vehicle 1
229.0 158.0 239.0 158.0 239.0 168.0 229.0 168.0 small-vehicle 1
279.0 76.0 302.0 76.0 302.0 105.0 279.0 105.0 swimming-pool 0
