imagesource:GoogleEarth
gsd:0.271063998111
1514.0 195.0 1548.0 195.0 1548.0 208.0 1514.0 208.0 large-vehicle 0
3711.0 672.0 3739.0 672.0 3739.0 709.0 3711.0 709.0 plane 0
2146.0 715.0 2191.0 715.0 2191.0 752.0 2146.0 752.0 plane 0
2854.0 907.0 2904.0 907.0 2904.0 957.0 2854.0 957.0 plane 0
3142.0 732.0 3172.0 732.0 3172.0 777.0 3142.0 777.0 plane 0
3037.0 728.0 3102.0 728.0 3102.0 791.0 3037.0 791.0 plane 0
3887.0 277.0 3929.0 277.0 3929.0 330.0 3887.0 330.0 plane 0
3642.0 398.0 3678.0 398.0 3678.0 439.0 3642.0 439.0 plane 0
3648.0 487.0 3678.0 487.0 3678.0 524.0 3648.0 524.0 plane 0
642.0 208.0 664.0 208.0 664.0 230.0 642.0 230.0 small-vehicle 0
488.0 554.0 509.0 554.0 509.0 570.0 488.0 570.0 small-vehicle 0
494.0 545.0 515.0 545.0 515.0 564.0 494.0 564.0 small-vehicle 0
501.0 534.0 523.0 534.0 523.0 554.0 501.0 554.0 small-vehicle 0
508.0 527.0 527.0 527.0 527.0 546.0 508.0 546.0 small-vehicle 0
481.0 561.0 500.0 561.0 500.0 577.0 481.0 577.0 small-vehicle 0
515.0 520.0 533.0 520.0 533.0 538.0 515.0 538.0 small-vehicle 0
520.0 512.0 540.0 512.0 540.0 531.0 520.0 531.0 small-vehicle 0
527.0 504.0 547.0 504.0 547.0 521.0 527.0 521.0 small-vehicle 0
533.0 497.0 551.0 497.0 551.0 513.0 533.0 513.0 small-vehicle 0
541.0 483.0 559.0 483.0 559.0 503.0 541.0 503.0 small-vehicle 0
550.0 476.0 568.0 476.0 568.0 493.0 550.0 493.0 small-vehicle 0
561.0 472.0 575.0 472.0 575.0 490.0 561.0 490.0 small-vehicle 0
572.0 467.0 586.0 467.0 586.0 485.0 572.0 485.0 small-vehicle 0
582.0 463.0 596.0 463.0 596.0 482.0 582.0 482.0 small-vehicle 0
592.0 459.0 607.0 459.0 607.0 479.0 592.0 479.0 small-vehicle 0
609.0 456.0 628.0 456.0 628.0 477.0 609.0 477.0 small-vehicle 0
629.0 468.0 648.0 468.0 648.0 477.0 629.0 477.0 small-vehicle 0
560.0 514.0 571.0 514.0 571.0 535.0 560.0 535.0 small-vehicle 0
570.0 515.0 579.0 515.0 579.0 534.0 570.0 534.0 small-vehicle 0
2157.0 897.0 2201.0 897.0 2201.0 927.0 2157.0 927.0 plane 0
2146.0 809.0 2194.0 809.0 2194.0 845.0 2146.0 845.0 plane 0
2065.0 814.0 2101.0 814.0 2101.0 840.0 2065.0 840.0 plane 0
3805.0 799.0 3840.0 799.0 3840.0 845.0 3805.0 845.0 plane 0
3710.0 756.0 3741.0 756.0 3741.0 799.0 3710.0 799.0 plane 0
3714.0 806.0 3741.0 806.0 3741.0 845.0 3714.0 845.0 plane 0
3715.0 851.0 3745.0 851.0 3745.0 891.0 3715.0 891.0 plane 0
3692.0 914.0 3736.0 914.0 3736.0 962.0 3692.0 962.0 plane 0
3660.0 842.0 3700.0 842.0 3700.0 870.0 3660.0 870.0 plane 0
3621.0 851.0 3656.0 851.0 3656.0 893.0 3621.0 893.0 plane 0
3781.0 168.0 3821.0 168.0 3821.0 216.0 3781.0 216.0 plane 0
3801.0 251.0 3840.0 251.0 3840.0 298.0 3801.0 298.0 plane 0
3803.0 316.0 3840.0 316.0 3840.0 367.0 3803.0 367.0 plane 0
3807.0 383.0 3847.0 383.0 3847.0 432.0 3807.0 432.0 plane 0
3801.0 447.0 3845.0 447.0 3845.0 505.0 3801.0 505.0 plane 0
3804.0 666.0 3833.0 666.0 3833.0 704.0 3804.0 704.0 plane 0
3906.0 906.0 3934.0 906.0 3934.0 945.0 3906.0 945.0 plane 0
1970.0 812.0 2011.0 812.0 2011.0 840.0 1970.0 840.0 plane 0
3896.0 796.0 3934.0 796.0 3934.0 842.0 3896.0 842.0 plane 0
3845.0 786.0 3883.0 786.0 3883.0 814.0 3845.0 814.0 plane 0
3896.0 663.0 3924.0 663.0 3924.0 704.0 3896.0 704.0 plane 0
3895.0 616.0 3924.0 616.0 3924.0 658.0 3895.0 658.0 plane 0
3895.0 422.0 3923.0 422.0 3923.0 461.0 3895.0 461.0 plane 0
3886.0 479.0 3929.0 479.0 3929.0 539.0 3886.0 539.0 plane 0
4185.0 739.0 4253.0 739.0 4253.0 794.0 4185.0 794.0 plane 0
4223.0 701.0 4279.0 701.0 4279.0 755.0 4223.0 755.0 plane 0
4184.0 562.0 4247.0 562.0 4247.0 633.0 4184.0 633.0 plane 0
4179.0 384.0 4247.0 384.0 4247.0 442.0 4179.0 442.0 plane 0
1791.0 730.0 1836.0 730.0 1836.0 761.0 1791.0 761.0 plane 0
1660.0 909.0 1706.0 909.0 1706.0 942.0 1660.0 942.0 plane 0
590.0 517.0 601.0 517.0 601.0 535.0 590.0 535.0 small-vehicle 0
584.0 495.0 597.0 495.0 597.0 516.0 584.0 516.0 small-vehicle 0
595.0 497.0 605.0 497.0 605.0 515.0 595.0 515.0 small-vehicle 0
854.0 302.0 864.0 302.0 864.0 326.0 854.0 326.0 small-vehicle 0
818.0 493.0 833.0 493.0 833.0 517.0 818.0 517.0 small-vehicle 0
775.0 588.0 786.0 588.0 786.0 608.0 775.0 608.0 small-vehicle 0
787.0 588.0 797.0 588.0 797.0 608.0 787.0 608.0 small-vehicle 0
797.0 588.0 808.0 588.0 808.0 610.0 797.0 610.0 small-vehicle 0
808.0 590.0 817.0 590.0 817.0 609.0 808.0 609.0 small-vehicle 0
836.0 588.0 847.0 588.0 847.0 611.0 836.0 611.0 small-vehicle 0
828.0 495.0 846.0 495.0 846.0 520.0 828.0 520.0 small-vehicle 0
920.0 416.0 931.0 416.0 931.0 437.0 920.0 437.0 small-vehicle 0
823.0 340.0 844.0 340.0 844.0 354.0 823.0 354.0 small-vehicle 0
822.0 360.0 845.0 360.0 845.0 370.0 822.0 370.0 small-vehicle 0
879.0 345.0 889.0 345.0 889.0 367.0 879.0 367.0 small-vehicle 0
843.0 303.0 853.0 303.0 853.0 321.0 843.0 321.0 small-vehicle 0
864.0 303.0 874.0 303.0 874.0 322.0 864.0 322.0 small-vehicle 0
799.0 487.0 814.0 487.0 814.0 511.0 799.0 511.0 small-vehicle 0
873.0 302.0 884.0 302.0 884.0 323.0 873.0 323.0 small-vehicle 0
892.0 300.0 904.0 300.0 904.0 320.0 892.0 320.0 small-vehicle 0
911.0 299.0 924.0 299.0 924.0 319.0 911.0 319.0 small-vehicle 0
928.0 298.0 940.0 298.0 940.0 318.0 928.0 318.0 small-vehicle 0
966.0 298.0 978.0 298.0 978.0 317.0 966.0 317.0 small-vehicle 0
1097.0 292.0 1110.0 292.0 1110.0 317.0 1097.0 317.0 small-vehicle 0
908.0 344.0 919.0 344.0 919.0 364.0 908.0 364.0 small-vehicle 0
888.0 369.0 900.0 369.0 900.0 389.0 888.0 389.0 small-vehicle 0
878.0 367.0 888.0 367.0 888.0 384.0 878.0 384.0 small-vehicle 0
897.0 365.0 909.0 365.0 909.0 389.0 897.0 389.0 small-vehicle 0
908.0 365.0 918.0 365.0 918.0 390.0 908.0 390.0 small-vehicle 0
926.0 366.0 937.0 366.0 937.0 387.0 926.0 387.0 small-vehicle 0
808.0 492.0 822.0 492.0 822.0 513.0 808.0 513.0 small-vehicle 0
791.0 486.0 804.0 486.0 804.0 508.0 791.0 508.0 small-vehicle 0
601.0 516.0 612.0 516.0 612.0 536.0 601.0 536.0 small-vehicle 0
629.0 494.0 639.0 494.0 639.0 515.0 629.0 515.0 small-vehicle 0
614.0 515.0 623.0 515.0 623.0 534.0 614.0 534.0 small-vehicle 0
606.0 497.0 617.0 497.0 617.0 515.0 606.0 515.0 small-vehicle 0
625.0 515.0 636.0 515.0 636.0 534.0 625.0 534.0 small-vehicle 0
636.0 514.0 648.0 514.0 648.0 533.0 636.0 533.0 small-vehicle 0
650.0 511.0 659.0 511.0 659.0 531.0 650.0 531.0 small-vehicle 0
669.0 506.0 681.0 506.0 681.0 526.0 669.0 526.0 small-vehicle 0
682.0 507.0 691.0 507.0 691.0 529.0 682.0 529.0 small-vehicle 0
679.0 482.0 690.0 482.0 690.0 505.0 679.0 505.0 small-vehicle 0
671.0 487.0 680.0 487.0 680.0 506.0 671.0 506.0 small-vehicle 0
661.0 485.0 672.0 485.0 672.0 508.0 661.0 508.0 small-vehicle 0
650.0 492.0 660.0 492.0 660.0 510.0 650.0 510.0 small-vehicle 0
639.0 493.0 651.0 493.0 651.0 512.0 639.0 512.0 small-vehicle 0
617.0 494.0 629.0 494.0 629.0 514.0 617.0 514.0 small-vehicle 0
783.0 484.0 797.0 484.0 797.0 505.0 783.0 505.0 small-vehicle 0
539.0 591.0 560.0 591.0 560.0 602.0 539.0 602.0 small-vehicle 0
515.0 612.0 534.0 612.0 534.0 624.0 515.0 624.0 small-vehicle 0
514.0 622.0 534.0 622.0 534.0 634.0 514.0 634.0 small-vehicle 0
534.0 563.0 544.0 563.0 544.0 581.0 534.0 581.0 small-vehicle 0
543.0 563.0 552.0 563.0 552.0 582.0 543.0 582.0 small-vehicle 0
552.0 564.0 560.0 564.0 560.0 583.0 552.0 583.0 small-vehicle 0
560.0 562.0 569.0 562.0 569.0 582.0 560.0 582.0 small-vehicle 0
540.0 580.0 558.0 580.0 558.0 591.0 540.0 591.0 small-vehicle 0
721.0 397.0 741.0 397.0 741.0 406.0 721.0 406.0 small-vehicle 0
753.0 473.0 767.0 473.0 767.0 493.0 753.0 493.0 small-vehicle 0
762.0 478.0 777.0 478.0 777.0 499.0 762.0 499.0 small-vehicle 0
774.0 480.0 787.0 480.0 787.0 501.0 774.0 501.0 small-vehicle 0
3712.0 713.0 3738.0 713.0 3738.0 752.0 3712.0 752.0 plane 0
3710.0 624.0 3736.0 624.0 3736.0 664.0 3710.0 664.0 plane 0
1666.0 205.0 1689.0 205.0 1689.0 216.0 1666.0 216.0 small-vehicle 1
3700.0 203.0 3746.0 203.0 3746.0 237.0 3700.0 237.0 plane 0
1360.0 852.0 1390.0 852.0 1390.0 896.0 1360.0 896.0 plane 0
1441.0 727.0 1475.0 727.0 1475.0 769.0 1441.0 769.0 plane 0
1485.0 721.0 1521.0 721.0 1521.0 765.0 1485.0 765.0 plane 0
1482.0 769.0 1522.0 769.0 1522.0 809.0 1482.0 809.0 plane 0
1442.0 769.0 1477.0 769.0 1477.0 813.0 1442.0 813.0 plane 0
1449.0 818.0 1478.0 818.0 1478.0 858.0 1449.0 858.0 plane 0
1439.0 857.0 1488.0 857.0 1488.0 918.0 1439.0 918.0 plane 0
1506.0 331.0 1539.0 331.0 1539.0 374.0 1506.0 374.0 plane 0
1535.0 365.0 1597.0 365.0 1597.0 415.0 1535.0 415.0 plane 0
1491.0 421.0 1540.0 421.0 1540.0 482.0 1491.0 482.0 plane 0
1519.0 478.0 1551.0 478.0 1551.0 520.0 1519.0 520.0 plane 0
1461.0 454.0 1493.0 454.0 1493.0 495.0 1461.0 495.0 plane 0
1459.0 566.0 1491.0 566.0 1491.0 612.0 1459.0 612.0 plane 0
1737.0 253.0 1769.0 253.0 1769.0 301.0 1737.0 301.0 plane 0
1746.0 448.0 1772.0 448.0 1772.0 490.0 1746.0 490.0 plane 0
1744.0 514.0 1781.0 514.0 1781.0 558.0 1744.0 558.0 plane 0
1742.0 587.0 1787.0 587.0 1787.0 634.0 1742.0 634.0 plane 0
1699.0 729.0 1746.0 729.0 1746.0 763.0 1699.0 763.0 plane 0
1747.0 732.0 1788.0 732.0 1788.0 761.0 1747.0 761.0 plane 0
1881.0 728.0 1923.0 728.0 1923.0 758.0 1881.0 758.0 plane 0
1969.0 727.0 2010.0 727.0 2010.0 757.0 1969.0 757.0 plane 0
2012.0 725.0 2054.0 725.0 2054.0 754.0 2012.0 754.0 plane 0
2057.0 720.0 2098.0 720.0 2098.0 754.0 2057.0 754.0 plane 0
2102.0 721.0 2145.0 721.0 2145.0 750.0 2102.0 750.0 plane 0
1747.0 821.0 1789.0 821.0 1789.0 850.0 1747.0 850.0 plane 0
1755.0 910.0 1792.0 910.0 1792.0 938.0 1755.0 938.0 plane 0
1799.0 906.0 1837.0 906.0 1837.0 936.0 1799.0 936.0 plane 0
1358.0 808.0 1388.0 808.0 1388.0 847.0 1358.0 847.0 plane 0
1349.0 760.0 1389.0 760.0 1389.0 799.0 1349.0 799.0 plane 0
1416.0 993.0 1464.0 993.0 1464.0 1032.0 1416.0 1032.0 helicopter 0
477.0 999.0 534.0 999.0 534.0 1066.0 477.0 1066.0 plane 0
301.0 728.0 351.0 728.0 351.0 777.0 301.0 777.0 plane 0
342.0 759.0 391.0 759.0 391.0 807.0 342.0 807.0 plane 0
55.0 660.0 104.0 660.0 104.0 709.0 55.0 709.0 plane 0
284.0 831.0 335.0 831.0 335.0 882.0 284.0 882.0 plane 0
386.0 904.0 437.0 904.0 437.0 954.0 386.0 954.0 plane 0
422.0 927.0 477.0 927.0 477.0 980.0 422.0 980.0 plane 0
395.0 687.0 445.0 687.0 445.0 738.0 395.0 738.0 plane 0
379.0 787.0 428.0 787.0 428.0 837.0 379.0 837.0 plane 0
412.0 816.0 461.0 816.0 461.0 868.0 412.0 868.0 plane 0
521.0 764.0 555.0 764.0 555.0 803.0 521.0 803.0 plane 0
521.0 802.0 552.0 802.0 552.0 846.0 521.0 846.0 plane 0
704.0 761.0 745.0 761.0 745.0 810.0 704.0 810.0 plane 0
531.0 1005.0 589.0 1005.0 589.0 1062.0 531.0 1062.0 plane 0
1265.0 882.0 1297.0 882.0 1297.0 927.0 1265.0 927.0 plane 0
597.0 1011.0 644.0 1011.0 644.0 1053.0 597.0 1053.0 plane 0
654.0 1014.0 704.0 1014.0 704.0 1055.0 654.0 1055.0 plane 0
1015.0 744.0 1057.0 744.0 1057.0 796.0 1015.0 796.0 plane 0
955.0 1004.0 1007.0 1004.0 1007.0 1039.0 955.0 1039.0 plane 0
1010.0 1000.0 1062.0 1000.0 1062.0 1040.0 1010.0 1040.0 plane 0
1069.0 964.0 1148.0 964.0 1148.0 1051.0 1069.0 1051.0 plane 0
1085.0 464.0 1148.0 464.0 1148.0 515.0 1085.0 515.0 plane 0
1177.0 740.0 1215.0 740.0 1215.0 787.0 1177.0 787.0 plane 0
1179.0 790.0 1212.0 790.0 1212.0 829.0 1179.0 829.0 plane 0
1263.0 741.0 1295.0 741.0 1295.0 784.0 1263.0 784.0 plane 0
1264.0 791.0 1294.0 791.0 1294.0 828.0 1264.0 828.0 plane 0
1264.0 843.0 1296.0 843.0 1296.0 878.0 1264.0 878.0 plane 0
1840.0 818.0 1881.0 818.0 1881.0 848.0 1840.0 848.0 plane 0
1840.0 910.0 1883.0 910.0 1883.0 940.0 1840.0 940.0 plane 0
1887.0 906.0 1931.0 906.0 1931.0 937.0 1887.0 937.0 plane 0
3516.0 257.0 3554.0 257.0 3554.0 287.0 3516.0 287.0 plane 0
3144.0 821.0 3174.0 821.0 3174.0 866.0 3144.0 866.0 plane 0
3241.0 773.0 3268.0 773.0 3268.0 816.0 3241.0 816.0 plane 0
3240.0 817.0 3271.0 817.0 3271.0 860.0 3240.0 860.0 plane 0
3294.0 231.0 3342.0 231.0 3342.0 270.0 3294.0 270.0 plane 0
3305.0 206.0 3373.0 206.0 3373.0 270.0 3305.0 270.0 plane 0
3332.0 858.0 3367.0 858.0 3367.0 900.0 3332.0 900.0 plane 0
3435.0 877.0 3479.0 877.0 3479.0 924.0 3435.0 924.0 plane 0
3433.0 811.0 3463.0 811.0 3463.0 854.0 3433.0 854.0 plane 0
3429.0 766.0 3461.0 766.0 3461.0 809.0 3429.0 809.0 plane 0
3427.0 722.0 3459.0 722.0 3459.0 765.0 3427.0 765.0 plane 0
3428.0 677.0 3454.0 677.0 3454.0 717.0 3428.0 717.0 plane 0
3428.0 633.0 3453.0 633.0 3453.0 673.0 3428.0 673.0 plane 0
3513.0 296.0 3561.0 296.0 3561.0 331.0 3513.0 331.0 plane 0
3141.0 687.0 3171.0 687.0 3171.0 728.0 3141.0 728.0 plane 0
3521.0 718.0 3553.0 718.0 3553.0 763.0 3521.0 763.0 plane 0
3528.0 766.0 3553.0 766.0 3553.0 805.0 3528.0 805.0 plane 0
3527.0 810.0 3552.0 810.0 3552.0 850.0 3527.0 850.0 plane 0
3525.0 857.0 3554.0 857.0 3554.0 896.0 3525.0 896.0 plane 0
3563.0 855.0 3604.0 855.0 3604.0 885.0 3563.0 885.0 plane 0
3620.0 762.0 3646.0 762.0 3646.0 803.0 3620.0 803.0 plane 0
3615.0 671.0 3644.0 671.0 3644.0 712.0 3615.0 712.0 plane 0
3645.0 334.0 3677.0 334.0 3677.0 377.0 3645.0 377.0 plane 0
3725.0 483.0 3756.0 483.0 3756.0 525.0 3725.0 525.0 plane 0
3721.0 435.0 3753.0 435.0 3753.0 476.0 3721.0 476.0 plane 0
3720.0 388.0 3750.0 388.0 3750.0 429.0 3720.0 429.0 plane 0
3718.0 339.0 3749.0 339.0 3749.0 381.0 3718.0 381.0 plane 0
3145.0 778.0 3170.0 778.0 3170.0 817.0 3145.0 817.0 plane 0
3293.0 942.0 3314.0 942.0 3314.0 987.0 3293.0 987.0 helicopter 1
1882.0 813.0 1924.0 813.0 1924.0 844.0 1882.0 844.0 plane 0
2516.0 938.0 2580.0 938.0 2580.0 981.0 2516.0 981.0 plane 0
1930.0 905.0 1971.0 905.0 1971.0 934.0 1930.0 934.0 plane 0
1977.0 902.0 2019.0 902.0 2019.0 931.0 1977.0 931.0 plane 0
2022.0 902.0 2063.0 902.0 2063.0 933.0 2022.0 933.0 plane 0
2069.0 900.0 2112.0 900.0 2112.0 929.0 2069.0 929.0 plane 0
2019.0 813.0 2056.0 813.0 2056.0 841.0 2019.0 841.0 plane 0
2367.0 503.0 2400.0 503.0 2400.0 542.0 2367.0 542.0 plane 0
2376.0 553.0 2409.0 553.0 2409.0 600.0 2376.0 600.0 plane 0
2381.0 599.0 2421.0 599.0 2421.0 641.0 2381.0 641.0 plane 0
2378.0 641.0 2425.0 641.0 2425.0 703.0 2378.0 703.0 plane 0
2382.0 702.0 2421.0 702.0 2421.0 752.0 2382.0 752.0 plane 0
2369.0 842.0 2429.0 842.0 2429.0 893.0 2369.0 893.0 plane 0
2530.0 659.0 2606.0 659.0 2606.0 733.0 2530.0 733.0 plane 0
2544.0 888.0 2616.0 888.0 2616.0 959.0 2544.0 959.0 plane 0
3225.0 949.0 3256.0 949.0 3256.0 988.0 3225.0 988.0 helicopter 0
2585.0 879.0 2690.0 879.0 2690.0 999.0 2585.0 999.0 plane 0
2695.0 902.0 2770.0 902.0 2770.0 980.0 2695.0 980.0 plane 0
2656.0 610.0 2751.0 610.0 2751.0 701.0 2656.0 701.0 plane 0
2858.0 717.0 2895.0 717.0 2895.0 764.0 2858.0 764.0 plane 0
2853.0 647.0 2908.0 647.0 2908.0 711.0 2853.0 711.0 plane 0
3022.0 225.0 3056.0 225.0 3056.0 271.0 3022.0 271.0 plane 0
3033.0 368.0 3063.0 368.0 3063.0 411.0 3033.0 411.0 plane 0
3040.0 466.0 3070.0 466.0 3070.0 511.0 3040.0 511.0 plane 0
3060.0 680.0 3099.0 680.0 3099.0 727.0 3060.0 727.0 plane 0
3036.0 794.0 3105.0 794.0 3105.0 878.0 3036.0 878.0 plane 0
3029.0 943.0 3067.0 943.0 3067.0 997.0 3029.0 997.0 helicopter 0
3143.0 944.0 3182.0 944.0 3182.0 994.0 3143.0 994.0 helicopter 0
936.0 367.0 948.0 367.0 948.0 388.0 936.0 388.0 small-vehicle 0
989.0 361.0 1001.0 361.0 1001.0 387.0 989.0 387.0 small-vehicle 0
989.0 341.0 999.0 341.0 999.0 361.0 989.0 361.0 small-vehicle 0
1027.0 343.0 1038.0 343.0 1038.0 363.0 1027.0 363.0 small-vehicle 0
2962.0 169.0 2982.0 169.0 2982.0 184.0 2962.0 184.0 small-vehicle 1
2989.0 166.0 3010.0 166.0 3010.0 184.0 2989.0 184.0 small-vehicle 1
3016.0 167.0 3034.0 167.0 3034.0 181.0 3016.0 181.0 small-vehicle 1
3034.0 166.0 3055.0 166.0 3055.0 184.0 3034.0 184.0 small-vehicle 1
3071.0 202.0 3089.0 202.0 3089.0 220.0 3071.0 220.0 small-vehicle 1
3049.0 202.0 3068.0 202.0 3068.0 220.0 3049.0 220.0 small-vehicle 1
3035.0 201.0 3053.0 201.0 3053.0 220.0 3035.0 220.0 small-vehicle 1
3024.0 202.0 3042.0 202.0 3042.0 222.0 3024.0 222.0 small-vehicle 1
3009.0 204.0 3029.0 204.0 3029.0 224.0 3009.0 224.0 small-vehicle 1
2990.0 203.0 3011.0 203.0 3011.0 222.0 2990.0 222.0 small-vehicle 1
2893.0 595.0 2907.0 595.0 2907.0 619.0 2893.0 619.0 small-vehicle 1
2835.0 611.0 2850.0 611.0 2850.0 643.0 2835.0 643.0 large-vehicle 0
3212.0 196.0 3231.0 196.0 3231.0 217.0 3212.0 217.0 small-vehicle 1
3223.0 191.0 3242.0 191.0 3242.0 211.0 3223.0 211.0 small-vehicle 1
3239.0 191.0 3257.0 191.0 3257.0 212.0 3239.0 212.0 small-vehicle 1
3281.0 197.0 3299.0 197.0 3299.0 213.0 3281.0 213.0 small-vehicle 1
3294.0 194.0 3316.0 194.0 3316.0 215.0 3294.0 215.0 small-vehicle 1
3322.0 189.0 3343.0 189.0 3343.0 213.0 3322.0 213.0 small-vehicle 1
3426.0 348.0 3437.0 348.0 3437.0 373.0 3426.0 373.0 small-vehicle 1
3499.0 66.0 3508.0 66.0 3508.0 84.0 3499.0 84.0 small-vehicle 1
3511.0 74.0 3522.0 74.0 3522.0 94.0 3511.0 94.0 small-vehicle 1
3504.0 96.0 3514.0 96.0 3514.0 117.0 3504.0 117.0 small-vehicle 1
3490.0 95.0 3499.0 95.0 3499.0 113.0 3490.0 113.0 small-vehicle 1
3475.0 98.0 3485.0 98.0 3485.0 116.0 3475.0 116.0 small-vehicle 1
3464.0 83.0 3473.0 83.0 3473.0 102.0 3464.0 102.0 small-vehicle 1
3448.0 99.0 3457.0 99.0 3457.0 118.0 3448.0 118.0 small-vehicle 1
3435.0 92.0 3447.0 92.0 3447.0 115.0 3435.0 115.0 small-vehicle 1
2920.0 169.0 2939.0 169.0 2939.0 186.0 2920.0 186.0 small-vehicle 1
2908.0 204.0 2930.0 204.0 2930.0 226.0 2908.0 226.0 small-vehicle 1
2924.0 205.0 2950.0 205.0 2950.0 227.0 2924.0 227.0 small-vehicle 1
2737.0 336.0 2760.0 336.0 2760.0 346.0 2737.0 346.0 small-vehicle 1
2661.0 315.0 2682.0 315.0 2682.0 325.0 2661.0 325.0 small-vehicle 1
2659.0 306.0 2683.0 306.0 2683.0 315.0 2659.0 315.0 small-vehicle 1
2661.0 296.0 2682.0 296.0 2682.0 306.0 2661.0 306.0 small-vehicle 1
2662.0 276.0 2685.0 276.0 2685.0 285.0 2662.0 285.0 small-vehicle 1
2665.0 264.0 2687.0 264.0 2687.0 275.0 2665.0 275.0 small-vehicle 1
2713.0 284.0 2729.0 284.0 2729.0 293.0 2713.0 293.0 small-vehicle 1
2714.0 305.0 2732.0 305.0 2732.0 314.0 2714.0 314.0 small-vehicle 1
2735.0 252.0 2755.0 252.0 2755.0 265.0 2735.0 265.0 small-vehicle 1
2734.0 264.0 2755.0 264.0 2755.0 276.0 2734.0 276.0 small-vehicle 1
2712.0 316.0 2733.0 316.0 2733.0 326.0 2712.0 326.0 small-vehicle 1
2712.0 345.0 2732.0 345.0 2732.0 356.0 2712.0 356.0 small-vehicle 1
2738.0 346.0 2760.0 346.0 2760.0 356.0 2738.0 356.0 small-vehicle 1
2734.0 315.0 2760.0 315.0 2760.0 324.0 2734.0 324.0 small-vehicle 1
2975.0 203.0 2994.0 203.0 2994.0 221.0 2975.0 221.0 small-vehicle 1
2558.0 377.0 2580.0 377.0 2580.0 388.0 2558.0 388.0 small-vehicle 1
3139.0 637.0 3157.0 637.0 3157.0 646.0 3139.0 646.0 small-vehicle 1
3183.0 261.0 3210.0 261.0 3210.0 280.0 3183.0 280.0 small-vehicle 1
3134.0 291.0 3157.0 291.0 3157.0 305.0 3134.0 305.0 small-vehicle 1
2787.0 344.0 2808.0 344.0 2808.0 355.0 2787.0 355.0 small-vehicle 1
2787.0 315.0 2805.0 315.0 2805.0 323.0 2787.0 323.0 small-vehicle 1
2786.0 305.0 2807.0 305.0 2807.0 315.0 2786.0 315.0 small-vehicle 1
2784.0 284.0 2808.0 284.0 2808.0 295.0 2784.0 295.0 small-vehicle 1
2786.0 273.0 2809.0 273.0 2809.0 285.0 2786.0 285.0 small-vehicle 1
2888.0 168.0 2909.0 168.0 2909.0 185.0 2888.0 185.0 small-vehicle 1
2899.0 209.0 2921.0 209.0 2921.0 230.0 2899.0 230.0 small-vehicle 1
2941.0 206.0 2962.0 206.0 2962.0 222.0 2941.0 222.0 small-vehicle 1
3413.0 90.0 3422.0 90.0 3422.0 105.0 3413.0 105.0 small-vehicle 1
3561.0 96.0 3570.0 96.0 3570.0 112.0 3561.0 112.0 small-vehicle 1
3573.0 90.0 3583.0 90.0 3583.0 114.0 3573.0 114.0 small-vehicle 1
3588.0 352.0 3607.0 352.0 3607.0 362.0 3588.0 362.0 small-vehicle 1
3524.0 228.0 3532.0 228.0 3532.0 246.0 3524.0 246.0 small-vehicle 1
3534.0 229.0 3544.0 229.0 3544.0 247.0 3534.0 247.0 small-vehicle 1
3544.0 226.0 3554.0 226.0 3554.0 247.0 3544.0 247.0 small-vehicle 1
3556.0 225.0 3565.0 225.0 3565.0 247.0 3556.0 247.0 small-vehicle 1
3568.0 226.0 3577.0 226.0 3577.0 246.0 3568.0 246.0 small-vehicle 1
3579.0 224.0 3589.0 224.0 3589.0 245.0 3579.0 245.0 small-vehicle 1
3590.0 222.0 3600.0 222.0 3600.0 243.0 3590.0 243.0 small-vehicle 1
3506.0 208.0 3529.0 208.0 3529.0 219.0 3506.0 219.0 small-vehicle 1
3585.0 308.0 3605.0 308.0 3605.0 318.0 3585.0 318.0 small-vehicle 1
3588.0 318.0 3606.0 318.0 3606.0 328.0 3588.0 328.0 small-vehicle 1
3589.0 329.0 3606.0 329.0 3606.0 339.0 3589.0 339.0 small-vehicle 1
3589.0 340.0 3607.0 340.0 3607.0 351.0 3589.0 351.0 small-vehicle 1
3589.0 361.0 3607.0 361.0 3607.0 372.0 3589.0 372.0 small-vehicle 1
3499.0 225.0 3510.0 225.0 3510.0 249.0 3499.0 249.0 small-vehicle 1
3591.0 374.0 3609.0 374.0 3609.0 383.0 3591.0 383.0 small-vehicle 1
3592.0 385.0 3610.0 385.0 3610.0 394.0 3592.0 394.0 small-vehicle 1
3591.0 398.0 3610.0 398.0 3610.0 407.0 3591.0 407.0 small-vehicle 1
3592.0 417.0 3612.0 417.0 3612.0 427.0 3592.0 427.0 small-vehicle 1
3591.0 430.0 3610.0 430.0 3610.0 440.0 3591.0 440.0 small-vehicle 1
3591.0 441.0 3609.0 441.0 3609.0 450.0 3591.0 450.0 small-vehicle 1
3592.0 535.0 3612.0 535.0 3612.0 550.0 3592.0 550.0 small-vehicle 1
3847.0 474.0 3857.0 474.0 3857.0 498.0 3847.0 498.0 small-vehicle 1
4239.0 688.0 4263.0 688.0 4263.0 698.0 4239.0 698.0 small-vehicle 1
2642.0 111.0 2657.0 111.0 2657.0 139.0 2642.0 139.0 small-vehicle 1
2628.0 113.0 2642.0 113.0 2642.0 138.0 2628.0 138.0 small-vehicle 1
1430.0 672.0 1451.0 672.0 1451.0 682.0 1430.0 682.0 small-vehicle 1
3511.0 227.0 3521.0 227.0 3521.0 247.0 3511.0 247.0 small-vehicle 1
3487.0 228.0 3499.0 228.0 3499.0 248.0 3487.0 248.0 small-vehicle 1
3587.0 90.0 3596.0 90.0 3596.0 108.0 3587.0 108.0 small-vehicle 1
3498.0 182.0 3508.0 182.0 3508.0 201.0 3498.0 201.0 small-vehicle 1
3636.0 72.0 3655.0 72.0 3655.0 82.0 3636.0 82.0 small-vehicle 1
3640.0 84.0 3664.0 84.0 3664.0 95.0 3640.0 95.0 small-vehicle 1
3642.0 95.0 3660.0 95.0 3660.0 106.0 3642.0 106.0 small-vehicle 1
3652.0 125.0 3671.0 125.0 3671.0 133.0 3652.0 133.0 small-vehicle 1
3653.0 132.0 3670.0 132.0 3670.0 142.0 3653.0 142.0 small-vehicle 1
3650.0 144.0 3667.0 144.0 3667.0 154.0 3650.0 154.0 small-vehicle 1
3638.0 161.0 3658.0 161.0 3658.0 171.0 3638.0 171.0 small-vehicle 1
3544.0 150.0 3564.0 150.0 3564.0 161.0 3544.0 161.0 small-vehicle 1
3569.0 147.0 3586.0 147.0 3586.0 157.0 3569.0 157.0 small-vehicle 1
3475.0 150.0 3494.0 150.0 3494.0 162.0 3475.0 162.0 small-vehicle 1
3457.0 183.0 3467.0 183.0 3467.0 201.0 3457.0 201.0 small-vehicle 1
3488.0 184.0 3498.0 184.0 3498.0 202.0 3488.0 202.0 small-vehicle 1
3508.0 182.0 3518.0 182.0 3518.0 201.0 3508.0 201.0 small-vehicle 1
3476.0 229.0 3486.0 229.0 3486.0 252.0 3476.0 252.0 small-vehicle 1
3520.0 181.0 3530.0 181.0 3530.0 200.0 3520.0 200.0 small-vehicle 1
3531.0 180.0 3541.0 180.0 3541.0 199.0 3531.0 199.0 small-vehicle 1
3543.0 179.0 3553.0 179.0 3553.0 199.0 3543.0 199.0 small-vehicle 1
3554.0 180.0 3565.0 180.0 3565.0 200.0 3554.0 200.0 small-vehicle 1
3564.0 178.0 3578.0 178.0 3578.0 199.0 3564.0 199.0 small-vehicle 1
3577.0 178.0 3586.0 178.0 3586.0 198.0 3577.0 198.0 small-vehicle 1
3587.0 178.0 3598.0 178.0 3598.0 198.0 3587.0 198.0 small-vehicle 1
3523.0 150.0 3540.0 150.0 3540.0 159.0 3523.0 159.0 small-vehicle 1
3588.0 153.0 3598.0 153.0 3598.0 177.0 3588.0 177.0 small-vehicle 1
3470.0 209.0 3487.0 209.0 3487.0 219.0 3470.0 219.0 small-vehicle 1
3443.0 230.0 3452.0 230.0 3452.0 248.0 3443.0 248.0 small-vehicle 1
3454.0 227.0 3463.0 227.0 3463.0 247.0 3454.0 247.0 small-vehicle 1
2663.0 325.0 2685.0 325.0 2685.0 335.0 2663.0 335.0 small-vehicle 1
2664.0 336.0 2687.0 336.0 2687.0 345.0 2664.0 345.0 small-vehicle 1
2605.0 338.0 2626.0 338.0 2626.0 348.0 2605.0 348.0 small-vehicle 1
1660.0 151.0 1671.0 151.0 1671.0 169.0 1660.0 169.0 small-vehicle 0
1207.0 654.0 1220.0 654.0 1220.0 677.0 1207.0 677.0 small-vehicle 0
1161.0 652.0 1176.0 652.0 1176.0 686.0 1161.0 686.0 large-vehicle 0
1138.0 653.0 1155.0 653.0 1155.0 683.0 1138.0 683.0 large-vehicle 0
1506.0 150.0 1517.0 150.0 1517.0 170.0 1506.0 170.0 small-vehicle 0
1523.0 157.0 1541.0 157.0 1541.0 175.0 1523.0 175.0 small-vehicle 0
1551.0 149.0 1562.0 149.0 1562.0 168.0 1551.0 168.0 small-vehicle 0
1563.0 146.0 1573.0 146.0 1573.0 165.0 1563.0 165.0 small-vehicle 0
1580.0 143.0 1589.0 143.0 1589.0 160.0 1580.0 160.0 small-vehicle 0
1590.0 144.0 1600.0 144.0 1600.0 167.0 1590.0 167.0 small-vehicle 0
1615.0 149.0 1626.0 149.0 1626.0 169.0 1615.0 169.0 small-vehicle 0
1634.0 148.0 1644.0 148.0 1644.0 169.0 1634.0 169.0 small-vehicle 0
1648.0 157.0 1657.0 157.0 1657.0 175.0 1648.0 175.0 small-vehicle 0
1672.0 151.0 1684.0 151.0 1684.0 175.0 1672.0 175.0 small-vehicle 0
1163.0 361.0 1173.0 361.0 1173.0 379.0 1163.0 379.0 small-vehicle 0
1687.0 152.0 1699.0 152.0 1699.0 172.0 1687.0 172.0 small-vehicle 0
1711.0 153.0 1723.0 153.0 1723.0 172.0 1711.0 172.0 small-vehicle 0
1726.0 152.0 1737.0 152.0 1737.0 173.0 1726.0 173.0 small-vehicle 0
1739.0 151.0 1749.0 151.0 1749.0 172.0 1739.0 172.0 small-vehicle 0
1750.0 151.0 1760.0 151.0 1760.0 170.0 1750.0 170.0 small-vehicle 0
1762.0 155.0 1771.0 155.0 1771.0 174.0 1762.0 174.0 small-vehicle 0
1777.0 152.0 1789.0 152.0 1789.0 172.0 1777.0 172.0 small-vehicle 0
1657.0 117.0 1676.0 117.0 1676.0 142.0 1657.0 142.0 small-vehicle 0
1672.0 117.0 1692.0 117.0 1692.0 143.0 1672.0 143.0 small-vehicle 0
1691.0 119.0 1702.0 119.0 1702.0 143.0 1691.0 143.0 small-vehicle 0
1702.0 122.0 1716.0 122.0 1716.0 144.0 1702.0 144.0 small-vehicle 0
1512.0 209.0 1531.0 209.0 1531.0 219.0 1512.0 219.0 small-vehicle 0
1177.0 657.0 1188.0 657.0 1188.0 678.0 1177.0 678.0 small-vehicle 0
1196.0 359.0 1209.0 359.0 1209.0 380.0 1196.0 380.0 small-vehicle 0
1464.0 237.0 1489.0 237.0 1489.0 247.0 1464.0 247.0 small-vehicle 0
1164.0 406.0 1180.0 406.0 1180.0 428.0 1164.0 428.0 small-vehicle 0
1056.0 341.0 1066.0 341.0 1066.0 364.0 1056.0 364.0 small-vehicle 0
1057.0 363.0 1068.0 363.0 1068.0 381.0 1057.0 381.0 small-vehicle 0
909.0 411.0 921.0 411.0 921.0 435.0 909.0 435.0 small-vehicle 0
930.0 415.0 940.0 415.0 940.0 433.0 930.0 433.0 small-vehicle 0
939.0 412.0 948.0 412.0 948.0 430.0 939.0 430.0 small-vehicle 0
967.0 411.0 978.0 411.0 978.0 434.0 967.0 434.0 small-vehicle 0
981.0 410.0 992.0 410.0 992.0 432.0 981.0 432.0 small-vehicle 0
992.0 413.0 1003.0 413.0 1003.0 432.0 992.0 432.0 small-vehicle 0
1029.0 408.0 1041.0 408.0 1041.0 431.0 1029.0 431.0 small-vehicle 0
1048.0 410.0 1059.0 410.0 1059.0 428.0 1048.0 428.0 small-vehicle 0
1067.0 408.0 1079.0 408.0 1079.0 427.0 1067.0 427.0 small-vehicle 0
1149.0 405.0 1170.0 405.0 1170.0 432.0 1149.0 432.0 small-vehicle 0
1183.0 406.0 1193.0 406.0 1193.0 425.0 1183.0 425.0 small-vehicle 0
1217.0 357.0 1228.0 357.0 1228.0 379.0 1217.0 379.0 small-vehicle 0
1214.0 401.0 1227.0 401.0 1227.0 428.0 1214.0 428.0 small-vehicle 0
1197.0 466.0 1208.0 466.0 1208.0 488.0 1197.0 488.0 small-vehicle 0
1254.0 405.0 1264.0 405.0 1264.0 425.0 1254.0 425.0 small-vehicle 0
1291.0 405.0 1301.0 405.0 1301.0 424.0 1291.0 424.0 small-vehicle 0
1345.0 443.0 1358.0 443.0 1358.0 461.0 1345.0 461.0 small-vehicle 0
1301.0 406.0 1311.0 406.0 1311.0 425.0 1301.0 425.0 small-vehicle 0
1307.0 350.0 1318.0 350.0 1318.0 373.0 1307.0 373.0 small-vehicle 0
1291.0 351.0 1303.0 351.0 1303.0 372.0 1291.0 372.0 small-vehicle 0
1280.0 354.0 1291.0 354.0 1291.0 374.0 1280.0 374.0 small-vehicle 0
1255.0 356.0 1268.0 356.0 1268.0 379.0 1255.0 379.0 small-vehicle 0
1244.0 357.0 1255.0 357.0 1255.0 381.0 1244.0 381.0 small-vehicle 0
1227.0 359.0 1237.0 359.0 1237.0 377.0 1227.0 377.0 small-vehicle 0
1510.0 219.0 1532.0 219.0 1532.0 229.0 1510.0 229.0 small-vehicle 0
1459.0 271.0 1485.0 271.0 1485.0 282.0 1459.0 282.0 small-vehicle 0
2607.0 327.0 2626.0 327.0 2626.0 337.0 2607.0 337.0 small-vehicle 1
2507.0 189.0 2518.0 189.0 2518.0 211.0 2507.0 211.0 small-vehicle 1
1951.0 446.0 1963.0 446.0 1963.0 471.0 1951.0 471.0 small-vehicle 1
2533.0 618.0 2547.0 618.0 2547.0 645.0 2533.0 645.0 small-vehicle 1
2579.0 662.0 2605.0 662.0 2605.0 685.0 2579.0 685.0 small-vehicle 1
2540.0 547.0 2554.0 547.0 2554.0 572.0 2540.0 572.0 small-vehicle 1
2508.0 710.0 2539.0 710.0 2539.0 749.0 2508.0 749.0 large-vehicle 0
2561.0 354.0 2578.0 354.0 2578.0 364.0 2561.0 364.0 small-vehicle 1
2560.0 305.0 2580.0 305.0 2580.0 314.0 2560.0 314.0 small-vehicle 1
2558.0 293.0 2576.0 293.0 2576.0 305.0 2558.0 305.0 small-vehicle 1
2553.0 265.0 2571.0 265.0 2571.0 277.0 2553.0 277.0 small-vehicle 1
2556.0 234.0 2574.0 234.0 2574.0 247.0 2556.0 247.0 small-vehicle 1
2440.0 190.0 2451.0 190.0 2451.0 208.0 2440.0 208.0 small-vehicle 1
2471.0 192.0 2482.0 192.0 2482.0 212.0 2471.0 212.0 small-vehicle 1
2577.0 200.0 2586.0 200.0 2586.0 225.0 2577.0 225.0 small-vehicle 1
2249.0 259.0 2260.0 259.0 2260.0 278.0 2249.0 278.0 small-vehicle 1
2587.0 200.0 2598.0 200.0 2598.0 220.0 2587.0 220.0 small-vehicle 1
2597.0 202.0 2607.0 202.0 2607.0 220.0 2597.0 220.0 small-vehicle 1
2607.0 199.0 2621.0 199.0 2621.0 225.0 2607.0 225.0 small-vehicle 1
2675.0 180.0 2687.0 180.0 2687.0 202.0 2675.0 202.0 small-vehicle 1
2686.0 201.0 2698.0 201.0 2698.0 221.0 2686.0 221.0 small-vehicle 1
2744.0 199.0 2755.0 199.0 2755.0 218.0 2744.0 218.0 small-vehicle 1
2603.0 258.0 2621.0 258.0 2621.0 269.0 2603.0 269.0 small-vehicle 1
2602.0 276.0 2627.0 276.0 2627.0 287.0 2602.0 287.0 small-vehicle 1
2605.0 287.0 2627.0 287.0 2627.0 296.0 2605.0 296.0 small-vehicle 1
2604.0 296.0 2626.0 296.0 2626.0 307.0 2604.0 307.0 small-vehicle 1
2606.0 307.0 2626.0 307.0 2626.0 317.0 2606.0 317.0 small-vehicle 1
2605.0 318.0 2626.0 318.0 2626.0 327.0 2605.0 327.0 small-vehicle 1
2268.0 303.0 2280.0 303.0 2280.0 321.0 2268.0 321.0 small-vehicle 1
2051.0 178.0 2071.0 178.0 2071.0 188.0 2051.0 188.0 small-vehicle 1
1464.0 283.0 1481.0 283.0 1481.0 290.0 1464.0 290.0 small-vehicle 0
1508.0 234.0 1524.0 234.0 1524.0 244.0 1508.0 244.0 small-vehicle 0
1465.0 292.0 1482.0 292.0 1482.0 301.0 1465.0 301.0 small-vehicle 0
1506.0 274.0 1526.0 274.0 1526.0 286.0 1506.0 286.0 small-vehicle 0
1488.0 301.0 1506.0 301.0 1506.0 311.0 1488.0 311.0 small-vehicle 0
1527.0 286.0 1549.0 286.0 1549.0 297.0 1527.0 297.0 small-vehicle 0
1528.0 299.0 1547.0 299.0 1547.0 309.0 1528.0 309.0 small-vehicle 0
1530.0 274.0 1550.0 274.0 1550.0 283.0 1530.0 283.0 small-vehicle 0
1507.0 264.0 1525.0 264.0 1525.0 273.0 1507.0 273.0 small-vehicle 0
1527.0 263.0 1546.0 263.0 1546.0 274.0 1527.0 274.0 small-vehicle 0
1507.0 254.0 1525.0 254.0 1525.0 264.0 1507.0 264.0 small-vehicle 0
1525.0 254.0 1545.0 254.0 1545.0 263.0 1525.0 263.0 small-vehicle 0
1524.0 244.0 1547.0 244.0 1547.0 253.0 1524.0 253.0 small-vehicle 0
1506.0 245.0 1524.0 245.0 1524.0 254.0 1506.0 254.0 small-vehicle 0
1575.0 249.0 1595.0 249.0 1595.0 260.0 1575.0 260.0 small-vehicle 0
1983.0 194.0 2005.0 194.0 2005.0 204.0 1983.0 204.0 small-vehicle 1
1576.0 259.0 1598.0 259.0 1598.0 269.0 1576.0 269.0 small-vehicle 0
1577.0 268.0 1596.0 268.0 1596.0 279.0 1577.0 279.0 small-vehicle 0
1577.0 280.0 1597.0 280.0 1597.0 288.0 1577.0 288.0 small-vehicle 0
1577.0 289.0 1597.0 289.0 1597.0 299.0 1577.0 299.0 small-vehicle 0
1576.0 298.0 1594.0 298.0 1594.0 309.0 1576.0 309.0 small-vehicle 0
1572.0 310.0 1594.0 310.0 1594.0 320.0 1572.0 320.0 small-vehicle 0
1690.0 351.0 1701.0 351.0 1701.0 374.0 1690.0 374.0 small-vehicle 0
1694.0 475.0 1704.0 475.0 1704.0 496.0 1694.0 496.0 small-vehicle 0
1752.0 420.0 1776.0 420.0 1776.0 430.0 1752.0 430.0 small-vehicle 0
1515.0 600.0 1537.0 600.0 1537.0 610.0 1515.0 610.0 small-vehicle 0
1595.0 614.0 1606.0 614.0 1606.0 631.0 1595.0 631.0 small-vehicle 0
1684.0 580.0 1720.0 580.0 1720.0 622.0 1684.0 622.0 plane 0
264.0 583.0 317.0 583.0 317.0 637.0 264.0 637.0 plane 0
