imagesource:GoogleEarth
gsd:0.283672911471
706.0 56.0 717.0 56.0 717.0 80.0 706.0 80.0 small-vehicle 1
317.0 751.0 338.0 751.0 338.0 761.0 317.0 761.0 small-vehicle 1
315.0 228.0 355.0 228.0 355.0 313.0 315.0 313.0 tennis-court 0
379.0 228.0 419.0 228.0 419.0 314.0 379.0 314.0 tennis-court 0
444.0 227.0 484.0 227.0 484.0 313.0 444.0 313.0 tennis-court 0
135.0 408.0 165.0 408.0 165.0 474.0 135.0 474.0 tennis-court 0
184.0 407.0 213.0 407.0 213.0 473.0 184.0 473.0 tennis-court 0
231.0 407.0 262.0 407.0 262.0 473.0 231.0 473.0 tennis-court 0
280.0 407.0 311.0 407.0 311.0 473.0 280.0 473.0 tennis-court 0
381.0 423.0 422.0 423.0 422.0 508.0 381.0 508.0 tennis-court 0
445.0 422.0 485.0 422.0 485.0 507.0 445.0 507.0 tennis-court 0
504.0 411.0 524.0 411.0 524.0 451.0 504.0 451.0 tennis-court 0
503.0 479.0 524.0 479.0 524.0 515.0 503.0 515.0 tennis-court 0
531.0 153.0 541.0 153.0 541.0 170.0 531.0 170.0 small-vehicle 1
705.0 802.0 728.0 802.0 728.0 811.0 705.0 811.0 small-vehicle 1
685.0 39.0 698.0 39.0 698.0 63.0 685.0 63.0 small-vehicle 1
596.0 326.0 614.0 326.0 614.0 335.0 596.0 335.0 small-vehicle 1
592.0 314.0 613.0 314.0 613.0 323.0 592.0 323.0 small-vehicle 1
590.0 285.0 610.0 285.0 610.0 295.0 590.0 295.0 small-vehicle 1
592.0 276.0 609.0 276.0 609.0 285.0 592.0 285.0 small-vehicle 1
591.0 247.0 611.0 247.0 611.0 257.0 591.0 257.0 small-vehicle 1
590.0 229.0 608.0 229.0 608.0 237.0 590.0 237.0 small-vehicle 1
654.0 252.0 664.0 252.0 664.0 268.0 654.0 268.0 small-vehicle 1
674.0 300.0 685.0 300.0 685.0 319.0 674.0 319.0 small-vehicle 1
681.0 235.0 692.0 235.0 692.0 255.0 681.0 255.0 small-vehicle 1
697.0 299.0 705.0 299.0 705.0 317.0 697.0 317.0 small-vehicle 1
684.0 301.0 694.0 301.0 694.0 317.0 684.0 317.0 small-vehicle 1
639.0 110.0 651.0 110.0 651.0 131.0 639.0 131.0 small-vehicle 1
250.0 228.0 290.0 228.0 290.0 313.0 250.0 313.0 tennis-court 0
