imagesource:GoogleEarth
gsd:0.291877860872
69.0 1158.0 80.0 1158.0 80.0 1179.0 69.0 1179.0 small-vehicle 1
143.0 820.0 161.0 820.0 161.0 838.0 143.0 838.0 small-vehicle 1
370.0 892.0 443.0 892.0 443.0 967.0 370.0 967.0 plane 0
608.0 842.0 667.0 842.0 667.0 903.0 608.0 903.0 plane 0
610.0 784.0 666.0 784.0 666.0 842.0 610.0 842.0 plane 0
513.0 720.0 544.0 720.0 544.0 762.0 513.0 762.0 plane 0
520.0 652.0 545.0 652.0 545.0 685.0 520.0 685.0 plane 0
418.0 648.0 448.0 648.0 448.0 687.0 418.0 687.0 plane 0
420.0 610.0 450.0 610.0 450.0 650.0 420.0 650.0 plane 0
419.0 571.0 451.0 571.0 451.0 613.0 419.0 613.0 plane 0
77.0 1143.0 178.0 1143.0 178.0 1215.0 77.0 1215.0 plane 0
177.0 1195.0 279.0 1195.0 279.0 1262.0 177.0 1262.0 plane 0
588.0 1179.0 641.0 1179.0 641.0 1242.0 588.0 1242.0 plane 0
444.0 1256.0 487.0 1256.0 487.0 1290.0 444.0 1290.0 plane 0
458.0 1141.0 630.0 1141.0 630.0 1321.0 458.0 1321.0 plane 0
261.0 601.0 295.0 601.0 295.0 631.0 261.0 631.0 large-vehicle 0
277.0 580.0 312.0 580.0 312.0 613.0 277.0 613.0 large-vehicle 0
298.0 564.0 331.0 564.0 331.0 592.0 298.0 592.0 large-vehicle 0
580.0 192.0 680.0 192.0 680.0 295.0 580.0 295.0 plane 0
514.0 200.0 589.0 200.0 589.0 280.0 514.0 280.0 plane 0
446.0 204.0 507.0 204.0 507.0 271.0 446.0 271.0 plane 0
37.0 434.0 60.0 434.0 60.0 456.0 37.0 456.0 small-vehicle 1
305.0 614.0 325.0 614.0 325.0 634.0 305.0 634.0 small-vehicle 0
258.0 660.0 277.0 660.0 277.0 679.0 258.0 679.0 small-vehicle 0
23.0 883.0 34.0 883.0 34.0 901.0 23.0 901.0 small-vehicle 1
131.0 803.0 150.0 803.0 150.0 819.0 131.0 819.0 small-vehicle 1
125.0 796.0 141.0 796.0 141.0 813.0 125.0 813.0 small-vehicle 1
21.0 699.0 40.0 699.0 40.0 716.0 21.0 716.0 small-vehicle 1
180.0 772.0 198.0 772.0 198.0 789.0 180.0 789.0 ship 0
66.0 882.0 78.0 882.0 78.0 903.0 66.0 903.0 small-vehicle 1
57.0 881.0 67.0 881.0 67.0 901.0 57.0 901.0 small-vehicle 1
48.0 882.0 59.0 882.0 59.0 901.0 48.0 901.0 small-vehicle 1
32.0 882.0 42.0 882.0 42.0 901.0 32.0 901.0 small-vehicle 1
104.0 843.0 124.0 843.0 124.0 863.0 104.0 863.0 small-vehicle 1
63.0 744.0 88.0 744.0 88.0 769.0 63.0 769.0 small-vehicle 0
114.0 849.0 132.0 849.0 132.0 870.0 114.0 870.0 small-vehicle 1
91.0 829.0 111.0 829.0 111.0 851.0 91.0 851.0 small-vehicle 1
65.0 804.0 84.0 804.0 84.0 822.0 65.0 822.0 small-vehicle 0
21.0 821.0 32.0 821.0 32.0 841.0 21.0 841.0 small-vehicle 0
22.0 766.0 42.0 766.0 42.0 787.0 22.0 787.0 small-vehicle 0
92.0 769.0 116.0 769.0 116.0 797.0 92.0 797.0 small-vehicle 0
80.0 759.0 106.0 759.0 106.0 785.0 80.0 785.0 small-vehicle 0
68.0 753.0 93.0 753.0 93.0 780.0 68.0 780.0 small-vehicle 0
119.0 296.0 174.0 296.0 174.0 337.0 119.0 337.0 helicopter 0
