imagesource:GoogleEarth
gsd:0.28348519266
614.0 695.0 633.0 695.0 633.0 717.0 614.0 717.0 small-vehicle 1
295.0 831.0 396.0 831.0 396.0 936.0 295.0 936.0 plane 0
809.0 453.0 881.0 453.0 881.0 521.0 809.0 521.0 plane 0
598.0 732.0 643.0 732.0 643.0 780.0 598.0 780.0 plane 0
580.0 768.0 624.0 768.0 624.0 817.0 580.0 817.0 plane 0
481.0 929.0 557.0 929.0 557.0 1010.0 481.0 1010.0 plane 0
459.0 876.0 526.0 876.0 526.0 949.0 459.0 949.0 plane 0
502.0 902.0 545.0 902.0 545.0 949.0 502.0 949.0 plane 0
540.0 842.0 583.0 842.0 583.0 892.0 540.0 892.0 plane 0
471.0 799.0 524.0 799.0 524.0 854.0 471.0 854.0 plane 0
375.0 876.0 477.0 876.0 477.0 982.0 375.0 982.0 plane 0
209.0 674.0 400.0 674.0 400.0 882.0 209.0 882.0 plane 0
327.0 780.0 395.0 780.0 395.0 849.0 327.0 849.0 plane 0
854.0 1059.0 870.0 1059.0 870.0 1078.0 854.0 1078.0 small-vehicle 0
327.0 719.0 406.0 719.0 406.0 789.0 327.0 789.0 plane 0
316.0 629.0 389.0 629.0 389.0 701.0 316.0 701.0 plane 0
348.0 562.0 424.0 562.0 424.0 640.0 348.0 640.0 plane 0
373.0 529.0 472.0 529.0 472.0 629.0 373.0 629.0 plane 0
395.0 430.0 523.0 430.0 523.0 557.0 395.0 557.0 plane 0
465.0 342.0 582.0 342.0 582.0 456.0 465.0 456.0 plane 0
541.0 293.0 614.0 293.0 614.0 365.0 541.0 365.0 plane 0
566.0 259.0 659.0 259.0 659.0 356.0 566.0 356.0 plane 0
538.0 191.0 669.0 191.0 669.0 316.0 538.0 316.0 plane 0
603.0 168.0 676.0 168.0 676.0 246.0 603.0 246.0 plane 0
760.0 395.0 819.0 395.0 819.0 454.0 760.0 454.0 plane 0
870.0 218.0 928.0 218.0 928.0 274.0 870.0 274.0 plane 0
860.0 292.0 919.0 292.0 919.0 350.0 860.0 350.0 plane 0
817.0 337.0 940.0 337.0 940.0 458.0 817.0 458.0 plane 0
864.0 1041.0 882.0 1041.0 882.0 1062.0 864.0 1062.0 small-vehicle 0
878.0 1020.0 896.0 1020.0 896.0 1041.0 878.0 1041.0 small-vehicle 0
893.0 1000.0 908.0 1000.0 908.0 1018.0 893.0 1018.0 large-vehicle 0
904.0 981.0 921.0 981.0 921.0 1002.0 904.0 1002.0 small-vehicle 0
916.0 967.0 930.0 967.0 930.0 983.0 916.0 983.0 small-vehicle 1
927.0 943.0 945.0 943.0 945.0 963.0 927.0 963.0 small-vehicle 0
943.0 920.0 961.0 920.0 961.0 939.0 943.0 939.0 small-vehicle 0
938.0 884.0 957.0 884.0 957.0 900.0 938.0 900.0 small-vehicle 0
942.0 874.0 959.0 874.0 959.0 889.0 942.0 889.0 small-vehicle 0
950.0 867.0 966.0 867.0 966.0 881.0 950.0 881.0 small-vehicle 0
954.0 858.0 973.0 858.0 973.0 874.0 954.0 874.0 small-vehicle 0
828.0 821.0 849.0 821.0 849.0 838.0 828.0 838.0 small-vehicle 0
650.0 717.0 667.0 717.0 667.0 739.0 650.0 739.0 small-vehicle 0
641.0 713.0 659.0 713.0 659.0 734.0 641.0 734.0 small-vehicle 0
910.0 320.0 968.0 320.0 968.0 378.0 910.0 378.0 plane 0
923.0 246.0 970.0 246.0 970.0 283.0 923.0 283.0 plane 0
733.0 609.0 788.0 609.0 788.0 664.0 733.0 664.0 plane 0
635.0 540.0 757.0 540.0 757.0 665.0 635.0 665.0 plane 0
528.0 947.0 583.0 947.0 583.0 996.0 528.0 996.0 plane 0
281.0 799.0 329.0 799.0 329.0 863.0 281.0 863.0 plane 0
883.0 810.0 953.0 810.0 953.0 886.0 883.0 886.0 plane 0
648.0 108.0 730.0 108.0 730.0 190.0 648.0 190.0 plane 0
