imagesource:GoogleEarth
gsd:0.288828009611
941.0 898.0 961.0 898.0 961.0 906.0 941.0 906.0 small-vehicle 1
100.0 1291.0 120.0 1291.0 120.0 1301.0 100.0 1301.0 small-vehicle 1
839.0 254.0 850.0 254.0 850.0 271.0 839.0 271.0 small-vehicle 1
830.0 254.0 839.0 254.0 839.0 271.0 830.0 271.0 small-vehicle 1
808.0 254.0 818.0 254.0 818.0 270.0 808.0 270.0 small-vehicle 1
789.0 254.0 799.0 254.0 799.0 270.0 789.0 270.0 small-vehicle 1
800.0 254.0 808.0 254.0 808.0 269.0 800.0 269.0 small-vehicle 1
743.0 262.0 752.0 262.0 752.0 279.0 743.0 279.0 small-vehicle 1
588.0 171.0 615.0 171.0 615.0 182.0 588.0 182.0 small-vehicle 1
534.0 206.0 552.0 206.0 552.0 215.0 534.0 215.0 small-vehicle 1
537.0 157.0 560.0 157.0 560.0 168.0 537.0 168.0 small-vehicle 1
147.0 1276.0 169.0 1276.0 169.0 1284.0 147.0 1284.0 small-vehicle 1
148.0 1357.0 167.0 1357.0 167.0 1366.0 148.0 1366.0 small-vehicle 1
145.0 1292.0 166.0 1292.0 166.0 1301.0 145.0 1301.0 small-vehicle 1
146.0 1311.0 167.0 1311.0 167.0 1321.0 146.0 1321.0 small-vehicle 1
179.0 1285.0 197.0 1285.0 197.0 1295.0 179.0 1295.0 small-vehicle 1
178.0 1303.0 195.0 1303.0 195.0 1312.0 178.0 1312.0 small-vehicle 1
99.0 1337.0 122.0 1337.0 122.0 1346.0 99.0 1346.0 small-vehicle 1
100.0 1373.0 121.0 1373.0 121.0 1383.0 100.0 1383.0 small-vehicle 1
147.0 1321.0 166.0 1321.0 166.0 1330.0 147.0 1330.0 small-vehicle 1
147.0 1338.0 167.0 1338.0 167.0 1347.0 147.0 1347.0 small-vehicle 1
176.0 1366.0 192.0 1366.0 192.0 1375.0 176.0 1375.0 small-vehicle 1
850.0 255.0 859.0 255.0 859.0 272.0 850.0 272.0 small-vehicle 1
826.0 301.0 836.0 301.0 836.0 317.0 826.0 317.0 small-vehicle 1
839.0 299.0 849.0 299.0 849.0 317.0 839.0 317.0 small-vehicle 1
872.0 302.0 880.0 302.0 880.0 317.0 872.0 317.0 small-vehicle 1
767.0 785.0 788.0 785.0 788.0 798.0 767.0 798.0 small-vehicle 1
766.0 776.0 784.0 776.0 784.0 785.0 766.0 785.0 small-vehicle 1
767.0 765.0 786.0 765.0 786.0 775.0 767.0 775.0 small-vehicle 1
768.0 753.0 787.0 753.0 787.0 764.0 768.0 764.0 small-vehicle 1
768.0 744.0 787.0 744.0 787.0 755.0 768.0 755.0 small-vehicle 1
768.0 734.0 788.0 734.0 788.0 743.0 768.0 743.0 small-vehicle 1
769.0 723.0 788.0 723.0 788.0 732.0 769.0 732.0 small-vehicle 1
767.0 712.0 787.0 712.0 787.0 722.0 767.0 722.0 small-vehicle 1
887.0 660.0 896.0 660.0 896.0 681.0 887.0 681.0 small-vehicle 1
790.0 660.0 800.0 660.0 800.0 678.0 790.0 678.0 small-vehicle 1
788.0 587.0 799.0 587.0 799.0 603.0 788.0 603.0 small-vehicle 1
812.0 462.0 822.0 462.0 822.0 485.0 812.0 485.0 small-vehicle 1
738.0 433.0 749.0 433.0 749.0 453.0 738.0 453.0 small-vehicle 1
737.0 399.0 749.0 399.0 749.0 416.0 737.0 416.0 small-vehicle 1
736.0 357.0 746.0 357.0 746.0 374.0 736.0 374.0 small-vehicle 1
911.0 301.0 922.0 301.0 922.0 319.0 911.0 319.0 small-vehicle 1
922.0 300.0 932.0 300.0 932.0 318.0 922.0 318.0 small-vehicle 1
890.0 301.0 900.0 301.0 900.0 318.0 890.0 318.0 small-vehicle 1
880.0 301.0 889.0 301.0 889.0 317.0 880.0 317.0 small-vehicle 1
176.0 1358.0 192.0 1358.0 192.0 1366.0 176.0 1366.0 small-vehicle 1
144.0 1365.0 165.0 1365.0 165.0 1373.0 144.0 1373.0 small-vehicle 1
945.0 749.0 965.0 749.0 965.0 759.0 945.0 759.0 small-vehicle 1
291.0 1069.0 530.0 1069.0 530.0 1429.0 291.0 1429.0 soccer-ball-field 0
226.0 1141.0 246.0 1141.0 246.0 1150.0 226.0 1150.0 small-vehicle 1
231.0 1106.0 250.0 1106.0 250.0 1115.0 231.0 1115.0 small-vehicle 1
182.0 1098.0 202.0 1098.0 202.0 1108.0 182.0 1108.0 small-vehicle 1
227.0 1126.0 247.0 1126.0 247.0 1136.0 227.0 1136.0 small-vehicle 1
52.0 1073.0 61.0 1073.0 61.0 1091.0 52.0 1091.0 small-vehicle 1
54.0 966.0 63.0 966.0 63.0 982.0 54.0 982.0 small-vehicle 1
159.0 872.0 176.0 872.0 176.0 882.0 159.0 882.0 small-vehicle 1
544.0 529.0 556.0 529.0 556.0 551.0 544.0 551.0 small-vehicle 1
434.0 216.0 452.0 216.0 452.0 224.0 434.0 224.0 small-vehicle 1
293.0 1270.0 522.0 1270.0 522.0 1415.0 293.0 1415.0 soccer-ball-field 0
145.0 1374.0 167.0 1374.0 167.0 1382.0 145.0 1382.0 small-vehicle 1
293.0 1084.0 528.0 1084.0 528.0 1255.0 293.0 1255.0 soccer-ball-field 0
601.0 1060.0 848.0 1060.0 848.0 1468.0 601.0 1468.0 soccer-ball-field 0
581.0 874.0 685.0 874.0 685.0 983.0 581.0 983.0 baseball-diamond 0
524.0 640.0 660.0 640.0 660.0 778.0 524.0 778.0 baseball-diamond 0
335.0 600.0 421.0 600.0 421.0 693.0 335.0 693.0 baseball-diamond 0
533.0 383.0 643.0 383.0 643.0 489.0 533.0 489.0 baseball-diamond 0
179.0 416.0 235.0 416.0 235.0 517.0 179.0 517.0 basketball-court 0
285.0 419.0 341.0 419.0 341.0 519.0 285.0 519.0 basketball-court 0
288.0 287.0 344.0 287.0 344.0 389.0 288.0 389.0 basketball-court 0
151.0 1195.0 172.0 1195.0 172.0 1204.0 151.0 1204.0 small-vehicle 1
182.0 1205.0 200.0 1205.0 200.0 1213.0 182.0 1213.0 small-vehicle 1
149.0 1211.0 168.0 1211.0 168.0 1222.0 149.0 1222.0 small-vehicle 1
149.0 1240.0 167.0 1240.0 167.0 1248.0 149.0 1248.0 small-vehicle 1
144.0 1381.0 169.0 1381.0 169.0 1390.0 144.0 1390.0 small-vehicle 1
176.0 1383.0 197.0 1383.0 197.0 1393.0 176.0 1393.0 small-vehicle 1
144.0 1391.0 163.0 1391.0 163.0 1401.0 144.0 1401.0 small-vehicle 1
221.0 1392.0 242.0 1392.0 242.0 1402.0 221.0 1402.0 small-vehicle 1
223.0 1384.0 240.0 1384.0 240.0 1393.0 223.0 1393.0 small-vehicle 1
223.0 1375.0 240.0 1375.0 240.0 1384.0 223.0 1384.0 small-vehicle 1
224.0 1358.0 238.0 1358.0 238.0 1368.0 224.0 1368.0 small-vehicle 1
222.0 1339.0 239.0 1339.0 239.0 1350.0 222.0 1350.0 small-vehicle 1
221.0 1331.0 240.0 1331.0 240.0 1338.0 221.0 1338.0 small-vehicle 1
220.0 1313.0 241.0 1313.0 241.0 1324.0 220.0 1324.0 small-vehicle 1
221.0 1304.0 242.0 1304.0 242.0 1315.0 221.0 1315.0 small-vehicle 1
221.0 1277.0 242.0 1277.0 242.0 1285.0 221.0 1285.0 small-vehicle 1
222.0 1267.0 241.0 1267.0 241.0 1277.0 222.0 1277.0 small-vehicle 1
223.0 1257.0 244.0 1257.0 244.0 1266.0 223.0 1266.0 small-vehicle 1
225.0 1241.0 244.0 1241.0 244.0 1250.0 225.0 1250.0 small-vehicle 1
225.0 1223.0 247.0 1223.0 247.0 1232.0 225.0 1232.0 small-vehicle 1
224.0 1214.0 244.0 1214.0 244.0 1222.0 224.0 1222.0 small-vehicle 1
227.0 1206.0 245.0 1206.0 245.0 1214.0 227.0 1214.0 small-vehicle 1
105.0 1257.0 125.0 1257.0 125.0 1266.0 105.0 1266.0 small-vehicle 1
765.0 797.0 784.0 797.0 784.0 807.0 765.0 807.0 small-vehicle 1
764.0 829.0 785.0 829.0 785.0 840.0 764.0 840.0 small-vehicle 1
764.0 840.0 785.0 840.0 785.0 848.0 764.0 848.0 small-vehicle 1
897.0 917.0 916.0 917.0 916.0 927.0 897.0 927.0 small-vehicle 1
901.0 811.0 919.0 811.0 919.0 819.0 901.0 819.0 small-vehicle 1
900.0 822.0 919.0 822.0 919.0 830.0 900.0 830.0 small-vehicle 1
900.0 832.0 918.0 832.0 918.0 840.0 900.0 840.0 small-vehicle 1
901.0 843.0 918.0 843.0 918.0 852.0 901.0 852.0 small-vehicle 1
902.0 853.0 920.0 853.0 920.0 862.0 902.0 862.0 small-vehicle 1
901.0 863.0 919.0 863.0 919.0 873.0 901.0 873.0 small-vehicle 1
897.0 875.0 918.0 875.0 918.0 886.0 897.0 886.0 small-vehicle 1
898.0 897.0 921.0 897.0 921.0 905.0 898.0 905.0 small-vehicle 1
895.0 906.0 916.0 906.0 916.0 916.0 895.0 916.0 small-vehicle 1
899.0 938.0 916.0 938.0 916.0 946.0 899.0 946.0 small-vehicle 1
765.0 858.0 784.0 858.0 784.0 870.0 765.0 870.0 small-vehicle 1
898.0 949.0 916.0 949.0 916.0 957.0 898.0 957.0 small-vehicle 1
896.0 960.0 915.0 960.0 915.0 969.0 896.0 969.0 small-vehicle 1
896.0 969.0 916.0 969.0 916.0 979.0 896.0 979.0 small-vehicle 1
896.0 979.0 916.0 979.0 916.0 989.0 896.0 989.0 small-vehicle 1
897.0 989.0 916.0 989.0 916.0 1000.0 897.0 1000.0 small-vehicle 1
857.0 757.0 874.0 757.0 874.0 767.0 857.0 767.0 small-vehicle 1
856.0 746.0 879.0 746.0 879.0 758.0 856.0 758.0 small-vehicle 1
858.0 736.0 876.0 736.0 876.0 746.0 858.0 746.0 small-vehicle 1
858.0 726.0 876.0 726.0 876.0 736.0 858.0 736.0 small-vehicle 1
901.0 799.0 920.0 799.0 920.0 809.0 901.0 809.0 small-vehicle 1
901.0 791.0 919.0 791.0 919.0 799.0 901.0 799.0 small-vehicle 1
901.0 760.0 919.0 760.0 919.0 767.0 901.0 767.0 small-vehicle 1
902.0 747.0 921.0 747.0 921.0 754.0 902.0 754.0 small-vehicle 1
946.0 761.0 968.0 761.0 968.0 769.0 946.0 769.0 small-vehicle 1
948.0 780.0 967.0 780.0 967.0 792.0 948.0 792.0 small-vehicle 1
849.0 299.0 859.0 299.0 859.0 318.0 849.0 318.0 small-vehicle 1
946.0 256.0 954.0 256.0 954.0 274.0 946.0 274.0 small-vehicle 1
882.0 257.0 890.0 257.0 890.0 272.0 882.0 272.0 small-vehicle 1
946.0 791.0 964.0 791.0 964.0 802.0 946.0 802.0 small-vehicle 1
943.0 802.0 966.0 802.0 966.0 813.0 943.0 813.0 small-vehicle 1
945.0 813.0 966.0 813.0 966.0 823.0 945.0 823.0 small-vehicle 1
946.0 823.0 966.0 823.0 966.0 833.0 946.0 833.0 small-vehicle 1
945.0 833.0 963.0 833.0 963.0 844.0 945.0 844.0 small-vehicle 1
944.0 843.0 963.0 843.0 963.0 854.0 944.0 854.0 small-vehicle 1
946.0 853.0 965.0 853.0 965.0 865.0 946.0 865.0 small-vehicle 1
944.0 866.0 964.0 866.0 964.0 877.0 944.0 877.0 small-vehicle 1
945.0 875.0 964.0 875.0 964.0 887.0 945.0 887.0 small-vehicle 1
943.0 919.0 963.0 919.0 963.0 929.0 943.0 929.0 small-vehicle 1
943.0 950.0 961.0 950.0 961.0 959.0 943.0 959.0 small-vehicle 1
906.0 717.0 923.0 717.0 923.0 726.0 906.0 726.0 small-vehicle 1
905.0 726.0 921.0 726.0 921.0 735.0 905.0 735.0 small-vehicle 1
902.0 737.0 919.0 737.0 919.0 746.0 902.0 746.0 small-vehicle 1
812.0 742.0 830.0 742.0 830.0 752.0 812.0 752.0 small-vehicle 1
855.0 766.0 876.0 766.0 876.0 777.0 855.0 777.0 small-vehicle 1
854.0 777.0 873.0 777.0 873.0 787.0 854.0 787.0 small-vehicle 1
812.0 796.0 831.0 796.0 831.0 805.0 812.0 805.0 small-vehicle 1
814.0 808.0 831.0 808.0 831.0 815.0 814.0 815.0 small-vehicle 1
810.0 818.0 826.0 818.0 826.0 827.0 810.0 827.0 small-vehicle 1
812.0 827.0 831.0 827.0 831.0 836.0 812.0 836.0 small-vehicle 1
811.0 847.0 827.0 847.0 827.0 857.0 811.0 857.0 small-vehicle 1
807.0 859.0 825.0 859.0 825.0 869.0 807.0 869.0 small-vehicle 1
812.0 891.0 830.0 891.0 830.0 898.0 812.0 898.0 small-vehicle 1
809.0 912.0 827.0 912.0 827.0 922.0 809.0 922.0 small-vehicle 1
808.0 924.0 827.0 924.0 827.0 932.0 808.0 932.0 small-vehicle 1
810.0 932.0 826.0 932.0 826.0 942.0 810.0 942.0 small-vehicle 1
807.0 954.0 825.0 954.0 825.0 963.0 807.0 963.0 small-vehicle 1
762.0 945.0 779.0 945.0 779.0 952.0 762.0 952.0 small-vehicle 1
942.0 1040.0 955.0 1040.0 955.0 1059.0 942.0 1059.0 small-vehicle 1
921.0 1036.0 932.0 1036.0 932.0 1054.0 921.0 1054.0 small-vehicle 1
901.0 1038.0 911.0 1038.0 911.0 1056.0 901.0 1056.0 small-vehicle 1
761.0 986.0 781.0 986.0 781.0 996.0 761.0 996.0 small-vehicle 1
765.0 902.0 783.0 902.0 783.0 912.0 765.0 912.0 small-vehicle 1
762.0 890.0 784.0 890.0 784.0 902.0 762.0 902.0 small-vehicle 1
764.0 881.0 782.0 881.0 782.0 890.0 764.0 890.0 small-vehicle 1
765.0 869.0 783.0 869.0 783.0 881.0 765.0 881.0 small-vehicle 1
797.0 806.0 806.0 806.0 806.0 823.0 797.0 823.0 small-vehicle 1
813.0 785.0 831.0 785.0 831.0 793.0 813.0 793.0 small-vehicle 1
855.0 788.0 875.0 788.0 875.0 798.0 855.0 798.0 small-vehicle 1
813.0 775.0 831.0 775.0 831.0 783.0 813.0 783.0 small-vehicle 1
858.0 799.0 876.0 799.0 876.0 808.0 858.0 808.0 small-vehicle 1
854.0 811.0 875.0 811.0 875.0 821.0 854.0 821.0 small-vehicle 1
855.0 831.0 874.0 831.0 874.0 840.0 855.0 840.0 small-vehicle 1
854.0 841.0 873.0 841.0 873.0 850.0 854.0 850.0 small-vehicle 1
851.0 852.0 873.0 852.0 873.0 863.0 851.0 863.0 small-vehicle 1
851.0 863.0 872.0 863.0 872.0 873.0 851.0 873.0 small-vehicle 1
853.0 874.0 871.0 874.0 871.0 885.0 853.0 885.0 small-vehicle 1
854.0 883.0 874.0 883.0 874.0 894.0 854.0 894.0 small-vehicle 1
856.0 894.0 874.0 894.0 874.0 903.0 856.0 903.0 small-vehicle 1
852.0 905.0 874.0 905.0 874.0 916.0 852.0 916.0 small-vehicle 1
851.0 918.0 870.0 918.0 870.0 925.0 851.0 925.0 small-vehicle 1
851.0 926.0 873.0 926.0 873.0 937.0 851.0 937.0 small-vehicle 1
853.0 947.0 871.0 947.0 871.0 955.0 853.0 955.0 small-vehicle 1
849.0 958.0 870.0 958.0 870.0 968.0 849.0 968.0 small-vehicle 1
854.0 971.0 873.0 971.0 873.0 979.0 854.0 979.0 small-vehicle 1
850.0 992.0 869.0 992.0 869.0 1001.0 850.0 1001.0 small-vehicle 1
854.0 980.0 872.0 980.0 872.0 989.0 854.0 989.0 small-vehicle 1
793.0 843.0 805.0 843.0 805.0 871.0 793.0 871.0 small-vehicle 1
814.0 754.0 831.0 754.0 831.0 762.0 814.0 762.0 small-vehicle 1
182.0 285.0 238.0 285.0 238.0 386.0 182.0 386.0 basketball-court 0
