imagesource:GoogleEarth
gsd:0.279228036775
1838.0 1600.0 1864.0 1600.0 1864.0 1618.0 1838.0 1618.0 small-vehicle 1
364.0 160.0 380.0 160.0 380.0 184.0 364.0 184.0 small-vehicle 1
573.0 1106.0 633.0 1106.0 633.0 1178.0 573.0 1178.0 large-vehicle 0
620.0 1113.0 677.0 1113.0 677.0 1184.0 620.0 1184.0 large-vehicle 0
680.0 1109.0 739.0 1109.0 739.0 1185.0 680.0 1185.0 large-vehicle 0
1556.0 1028.0 1585.0 1028.0 1585.0 1094.0 1556.0 1094.0 large-vehicle 0
1380.0 971.0 1414.0 971.0 1414.0 1034.0 1380.0 1034.0 large-vehicle 0
1317.0 736.0 1370.0 736.0 1370.0 763.0 1317.0 763.0 large-vehicle 0
1296.0 690.0 1349.0 690.0 1349.0 714.0 1296.0 714.0 large-vehicle 0
1282.0 655.0 1334.0 655.0 1334.0 682.0 1282.0 682.0 large-vehicle 0
1209.0 1102.0 1234.0 1102.0 1234.0 1146.0 1209.0 1146.0 large-vehicle 0
1187.0 1145.0 1216.0 1145.0 1216.0 1185.0 1187.0 1185.0 large-vehicle 0
1117.0 1130.0 1146.0 1130.0 1146.0 1171.0 1117.0 1171.0 large-vehicle 0
387.0 31.0 408.0 31.0 408.0 53.0 387.0 53.0 small-vehicle 1
340.0 125.0 359.0 125.0 359.0 145.0 340.0 145.0 small-vehicle 1
299.0 206.0 316.0 206.0 316.0 225.0 299.0 225.0 small-vehicle 1
419.0 241.0 437.0 241.0 437.0 268.0 419.0 268.0 small-vehicle 1
616.0 554.0 634.0 554.0 634.0 572.0 616.0 572.0 small-vehicle 1
407.0 195.0 428.0 195.0 428.0 222.0 407.0 222.0 small-vehicle 1
515.0 27.0 536.0 27.0 536.0 48.0 515.0 48.0 small-vehicle 1
167.0 376.0 181.0 376.0 181.0 395.0 167.0 395.0 small-vehicle 1
79.0 452.0 96.0 452.0 96.0 475.0 79.0 475.0 small-vehicle 1
77.0 421.0 93.0 421.0 93.0 441.0 77.0 441.0 small-vehicle 1
265.0 584.0 283.0 584.0 283.0 608.0 265.0 608.0 small-vehicle 1
228.0 668.0 243.0 668.0 243.0 687.0 228.0 687.0 small-vehicle 1
118.0 899.0 135.0 899.0 135.0 921.0 118.0 921.0 small-vehicle 1
24.0 1050.0 42.0 1050.0 42.0 1070.0 24.0 1070.0 small-vehicle 1
633.0 381.0 653.0 381.0 653.0 399.0 633.0 399.0 small-vehicle 1
649.0 379.0 667.0 379.0 667.0 395.0 649.0 395.0 small-vehicle 1
565.0 463.0 585.0 463.0 585.0 482.0 565.0 482.0 small-vehicle 1
505.0 540.0 527.0 540.0 527.0 564.0 505.0 564.0 small-vehicle 1
542.0 589.0 561.0 589.0 561.0 599.0 542.0 599.0 small-vehicle 1
417.0 940.0 480.0 940.0 480.0 1001.0 417.0 1001.0 large-vehicle 0
434.0 665.0 498.0 665.0 498.0 734.0 434.0 734.0 large-vehicle 0
467.0 611.0 531.0 611.0 531.0 676.0 467.0 676.0 large-vehicle 0
628.0 613.0 691.0 613.0 691.0 677.0 628.0 677.0 large-vehicle 0
917.0 514.0 980.0 514.0 980.0 581.0 917.0 581.0 large-vehicle 0
976.0 458.0 1041.0 458.0 1041.0 522.0 976.0 522.0 large-vehicle 0
1012.0 514.0 1076.0 514.0 1076.0 581.0 1012.0 581.0 large-vehicle 0
1056.0 512.0 1119.0 512.0 1119.0 579.0 1056.0 579.0 large-vehicle 0
1073.0 517.0 1136.0 517.0 1136.0 584.0 1073.0 584.0 large-vehicle 0
942.0 350.0 1007.0 350.0 1007.0 418.0 942.0 418.0 large-vehicle 0
919.0 350.0 981.0 350.0 981.0 416.0 919.0 416.0 large-vehicle 0
893.0 348.0 959.0 348.0 959.0 415.0 893.0 415.0 large-vehicle 0
869.0 346.0 933.0 346.0 933.0 414.0 869.0 414.0 large-vehicle 0
776.0 343.0 840.0 343.0 840.0 411.0 776.0 411.0 large-vehicle 0
736.0 348.0 799.0 348.0 799.0 416.0 736.0 416.0 large-vehicle 0
716.0 350.0 780.0 350.0 780.0 418.0 716.0 418.0 large-vehicle 0
543.0 341.0 608.0 341.0 608.0 410.0 543.0 410.0 large-vehicle 0
526.0 349.0 589.0 349.0 589.0 412.0 526.0 412.0 large-vehicle 0
1527.0 102.0 1595.0 102.0 1595.0 121.0 1527.0 121.0 large-vehicle 0
1342.0 169.0 1403.0 169.0 1403.0 235.0 1342.0 235.0 large-vehicle 0
1412.0 499.0 1491.0 499.0 1491.0 540.0 1412.0 540.0 large-vehicle 0
1330.0 509.0 1411.0 509.0 1411.0 550.0 1330.0 550.0 large-vehicle 0
1367.0 460.0 1387.0 460.0 1387.0 514.0 1367.0 514.0 large-vehicle 0
1319.0 438.0 1360.0 438.0 1360.0 521.0 1319.0 521.0 large-vehicle 0
1306.0 419.0 1351.0 419.0 1351.0 496.0 1306.0 496.0 large-vehicle 0
1267.0 334.0 1309.0 334.0 1309.0 412.0 1267.0 412.0 large-vehicle 0
1195.0 330.0 1241.0 330.0 1241.0 407.0 1195.0 407.0 large-vehicle 0
1247.0 695.0 1264.0 695.0 1264.0 779.0 1247.0 779.0 large-vehicle 0
1086.0 684.0 1150.0 684.0 1150.0 749.0 1086.0 749.0 large-vehicle 0
1025.0 624.0 1093.0 624.0 1093.0 691.0 1025.0 691.0 large-vehicle 0
880.0 616.0 949.0 616.0 949.0 686.0 880.0 686.0 large-vehicle 0
936.0 628.0 997.0 628.0 997.0 686.0 936.0 686.0 large-vehicle 0
951.0 617.0 1020.0 617.0 1020.0 686.0 951.0 686.0 large-vehicle 0
361.0 574.0 379.0 574.0 379.0 597.0 361.0 597.0 small-vehicle 1
264.0 726.0 280.0 726.0 280.0 749.0 264.0 749.0 small-vehicle 1
951.0 456.0 1016.0 456.0 1016.0 522.0 951.0 522.0 large-vehicle 0
972.0 974.0 994.0 974.0 994.0 994.0 972.0 994.0 small-vehicle 1
948.0 889.0 975.0 889.0 975.0 911.0 948.0 911.0 small-vehicle 1
1104.0 882.0 1123.0 882.0 1123.0 902.0 1104.0 902.0 small-vehicle 1
1104.0 809.0 1127.0 809.0 1127.0 831.0 1104.0 831.0 small-vehicle 1
1094.0 797.0 1114.0 797.0 1114.0 816.0 1094.0 816.0 small-vehicle 1
1069.0 811.0 1087.0 811.0 1087.0 827.0 1069.0 827.0 small-vehicle 1
1084.0 794.0 1101.0 794.0 1101.0 814.0 1084.0 814.0 small-vehicle 1
1117.0 788.0 1143.0 788.0 1143.0 811.0 1117.0 811.0 small-vehicle 1
991.0 828.0 1010.0 828.0 1010.0 847.0 991.0 847.0 small-vehicle 1
831.0 960.0 847.0 960.0 847.0 980.0 831.0 980.0 small-vehicle 1
833.0 1040.0 853.0 1040.0 853.0 1059.0 833.0 1059.0 small-vehicle 1
854.0 1039.0 878.0 1039.0 878.0 1060.0 854.0 1060.0 small-vehicle 1
885.0 1046.0 904.0 1046.0 904.0 1065.0 885.0 1065.0 small-vehicle 1
911.0 1053.0 933.0 1053.0 933.0 1076.0 911.0 1076.0 small-vehicle 1
983.0 1030.0 1001.0 1030.0 1001.0 1047.0 983.0 1047.0 small-vehicle 1
1042.0 1043.0 1058.0 1043.0 1058.0 1061.0 1042.0 1061.0 small-vehicle 1
244.0 763.0 263.0 763.0 263.0 788.0 244.0 788.0 small-vehicle 1
1083.0 1041.0 1107.0 1041.0 1107.0 1065.0 1083.0 1065.0 small-vehicle 1
1097.0 1031.0 1116.0 1031.0 1116.0 1050.0 1097.0 1050.0 small-vehicle 1
1080.0 966.0 1101.0 966.0 1101.0 988.0 1080.0 988.0 small-vehicle 1
1020.0 952.0 1040.0 952.0 1040.0 972.0 1020.0 972.0 small-vehicle 1
1092.0 956.0 1114.0 956.0 1114.0 979.0 1092.0 979.0 small-vehicle 1
1128.0 950.0 1148.0 950.0 1148.0 969.0 1128.0 969.0 small-vehicle 1
1137.0 948.0 1154.0 948.0 1154.0 965.0 1137.0 965.0 small-vehicle 1
668.0 1511.0 682.0 1511.0 682.0 1532.0 668.0 1532.0 small-vehicle 1
771.0 1537.0 791.0 1537.0 791.0 1558.0 771.0 1558.0 small-vehicle 1
840.0 1539.0 867.0 1539.0 867.0 1556.0 840.0 1556.0 small-vehicle 1
844.0 1528.0 864.0 1528.0 864.0 1541.0 844.0 1541.0 small-vehicle 1
799.0 1508.0 825.0 1508.0 825.0 1524.0 799.0 1524.0 small-vehicle 1
826.0 1474.0 836.0 1474.0 836.0 1493.0 826.0 1493.0 small-vehicle 1
939.0 1480.0 951.0 1480.0 951.0 1498.0 939.0 1498.0 small-vehicle 1
599.0 1488.0 611.0 1488.0 611.0 1506.0 599.0 1506.0 small-vehicle 1
448.0 1111.0 466.0 1111.0 466.0 1131.0 448.0 1131.0 small-vehicle 1
1133.0 639.0 1152.0 639.0 1152.0 657.0 1133.0 657.0 small-vehicle 1
1120.0 627.0 1137.0 627.0 1137.0 647.0 1120.0 647.0 small-vehicle 1
222.0 815.0 244.0 815.0 244.0 846.0 222.0 846.0 small-vehicle 1
205.0 877.0 216.0 877.0 216.0 896.0 205.0 896.0 small-vehicle 1
318.0 955.0 334.0 955.0 334.0 973.0 318.0 973.0 small-vehicle 1
306.0 1013.0 325.0 1013.0 325.0 1031.0 306.0 1031.0 small-vehicle 1
258.0 1008.0 277.0 1008.0 277.0 1029.0 258.0 1029.0 small-vehicle 1
257.0 990.0 283.0 990.0 283.0 1001.0 257.0 1001.0 small-vehicle 1
285.0 992.0 304.0 992.0 304.0 1001.0 285.0 1001.0 small-vehicle 1
626.0 1032.0 645.0 1032.0 645.0 1052.0 626.0 1052.0 small-vehicle 1
641.0 1050.0 659.0 1050.0 659.0 1067.0 641.0 1067.0 small-vehicle 1
749.0 959.0 771.0 959.0 771.0 980.0 749.0 980.0 small-vehicle 1
587.0 1014.0 608.0 1014.0 608.0 1034.0 587.0 1034.0 small-vehicle 1
576.0 1025.0 607.0 1025.0 607.0 1059.0 576.0 1059.0 large-vehicle 0
653.0 1014.0 702.0 1014.0 702.0 1063.0 653.0 1063.0 large-vehicle 0
234.0 1417.0 256.0 1417.0 256.0 1430.0 234.0 1430.0 small-vehicle 0
254.0 1423.0 280.0 1423.0 280.0 1437.0 254.0 1437.0 small-vehicle 0
291.0 1398.0 302.0 1398.0 302.0 1415.0 291.0 1415.0 small-vehicle 0
455.0 1460.0 471.0 1460.0 471.0 1481.0 455.0 1481.0 small-vehicle 0
352.0 1454.0 363.0 1454.0 363.0 1474.0 352.0 1474.0 small-vehicle 0
125.0 1266.0 145.0 1266.0 145.0 1278.0 125.0 1278.0 small-vehicle 0
108.0 1266.0 126.0 1266.0 126.0 1278.0 108.0 1278.0 small-vehicle 0
598.0 1205.0 620.0 1205.0 620.0 1225.0 598.0 1225.0 small-vehicle 0
776.0 421.0 800.0 421.0 800.0 434.0 776.0 434.0 small-vehicle 0
977.0 365.0 999.0 365.0 999.0 384.0 977.0 384.0 small-vehicle 1
1054.0 374.0 1074.0 374.0 1074.0 393.0 1054.0 393.0 small-vehicle 1
989.0 561.0 1010.0 561.0 1010.0 580.0 989.0 580.0 small-vehicle 1
1006.0 626.0 1027.0 626.0 1027.0 646.0 1006.0 646.0 small-vehicle 1
1065.0 638.0 1087.0 638.0 1087.0 662.0 1065.0 662.0 small-vehicle 1
1089.0 642.0 1109.0 642.0 1109.0 662.0 1089.0 662.0 small-vehicle 1
1103.0 632.0 1127.0 632.0 1127.0 657.0 1103.0 657.0 small-vehicle 1
936.0 518.0 1003.0 518.0 1003.0 582.0 936.0 582.0 large-vehicle 0
899.0 517.0 961.0 517.0 961.0 577.0 899.0 577.0 large-vehicle 0
1585.0 1555.0 1611.0 1555.0 1611.0 1574.0 1585.0 1574.0 small-vehicle 1
497.0 998.0 563.0 998.0 563.0 1064.0 497.0 1064.0 large-vehicle 0
1036.0 1013.0 1090.0 1013.0 1090.0 1072.0 1036.0 1072.0 large-vehicle 0
973.0 949.0 1037.0 949.0 1037.0 1013.0 973.0 1013.0 large-vehicle 0
997.0 952.0 1058.0 952.0 1058.0 1017.0 997.0 1017.0 large-vehicle 0
988.0 1013.0 1038.0 1013.0 1038.0 1066.0 988.0 1066.0 large-vehicle 0
827.0 1109.0 889.0 1109.0 889.0 1174.0 827.0 1174.0 large-vehicle 0
945.0 1014.0 1008.0 1014.0 1008.0 1081.0 945.0 1081.0 large-vehicle 0
777.0 961.0 843.0 961.0 843.0 1028.0 777.0 1028.0 large-vehicle 0
733.0 1002.0 803.0 1002.0 803.0 1073.0 733.0 1073.0 large-vehicle 0
711.0 1006.0 777.0 1006.0 777.0 1072.0 711.0 1072.0 large-vehicle 0
647.0 945.0 715.0 945.0 715.0 1012.0 647.0 1012.0 large-vehicle 0
621.0 940.0 687.0 940.0 687.0 1008.0 621.0 1008.0 large-vehicle 0
555.0 941.0 621.0 941.0 621.0 1006.0 555.0 1006.0 large-vehicle 0
535.0 944.0 599.0 944.0 599.0 1009.0 535.0 1009.0 large-vehicle 0
484.0 938.0 551.0 938.0 551.0 1002.0 484.0 1002.0 large-vehicle 0
450.0 997.0 518.0 997.0 518.0 1062.0 450.0 1062.0 large-vehicle 0
647.0 841.0 713.0 841.0 713.0 905.0 647.0 905.0 large-vehicle 0
382.0 994.0 447.0 994.0 447.0 1059.0 382.0 1059.0 large-vehicle 0
315.0 992.0 382.0 992.0 382.0 1063.0 315.0 1063.0 large-vehicle 0
370.0 833.0 433.0 833.0 433.0 898.0 370.0 898.0 large-vehicle 0
429.0 776.0 496.0 776.0 496.0 842.0 429.0 842.0 large-vehicle 0
450.0 779.0 516.0 779.0 516.0 844.0 450.0 844.0 large-vehicle 0
328.0 830.0 391.0 830.0 391.0 895.0 328.0 895.0 large-vehicle 0
361.0 773.0 426.0 773.0 426.0 837.0 361.0 837.0 large-vehicle 0
336.0 774.0 403.0 774.0 403.0 839.0 336.0 839.0 large-vehicle 0
309.0 777.0 375.0 777.0 375.0 841.0 309.0 841.0 large-vehicle 0
474.0 779.0 540.0 779.0 540.0 843.0 474.0 843.0 large-vehicle 0
569.0 780.0 635.0 780.0 635.0 844.0 569.0 844.0 large-vehicle 0
588.0 782.0 652.0 782.0 652.0 848.0 588.0 848.0 large-vehicle 0
615.0 782.0 679.0 782.0 679.0 845.0 615.0 845.0 large-vehicle 0
621.0 843.0 688.0 843.0 688.0 906.0 621.0 906.0 large-vehicle 0
1078.0 1139.0 1122.0 1139.0 1122.0 1218.0 1078.0 1218.0 large-vehicle 0
1072.0 1121.0 1120.0 1121.0 1120.0 1197.0 1072.0 1197.0 large-vehicle 0
1052.0 1126.0 1100.0 1126.0 1100.0 1199.0 1052.0 1199.0 large-vehicle 0
1334.0 1155.0 1349.0 1155.0 1349.0 1234.0 1334.0 1234.0 large-vehicle 0
279.0 638.0 325.0 638.0 325.0 714.0 279.0 714.0 large-vehicle 0
124.0 1215.0 207.0 1215.0 207.0 1233.0 124.0 1233.0 large-vehicle 0
142.0 1197.0 226.0 1197.0 226.0 1223.0 142.0 1223.0 large-vehicle 0
159.0 1164.0 242.0 1164.0 242.0 1194.0 159.0 1194.0 large-vehicle 0
161.0 1150.0 245.0 1150.0 245.0 1180.0 161.0 1180.0 large-vehicle 0
289.0 1100.0 346.0 1100.0 346.0 1174.0 289.0 1174.0 large-vehicle 0
310.0 1097.0 365.0 1097.0 365.0 1169.0 310.0 1169.0 large-vehicle 0
321.0 1109.0 376.0 1109.0 376.0 1182.0 321.0 1182.0 large-vehicle 0
364.0 1195.0 442.0 1195.0 442.0 1238.0 364.0 1238.0 large-vehicle 0
435.0 1188.0 516.0 1188.0 516.0 1235.0 435.0 1235.0 large-vehicle 0
376.0 1277.0 444.0 1277.0 444.0 1338.0 376.0 1338.0 large-vehicle 0
356.0 1274.0 426.0 1274.0 426.0 1333.0 356.0 1333.0 large-vehicle 0
261.0 1270.0 327.0 1270.0 327.0 1334.0 261.0 1334.0 large-vehicle 0
239.0 1256.0 304.0 1256.0 304.0 1318.0 239.0 1318.0 large-vehicle 0
240.0 4.0 264.0 4.0 264.0 51.0 240.0 51.0 large-vehicle 0
602.0 1184.0 675.0 1184.0 675.0 1241.0 602.0 1241.0 large-vehicle 0
699.0 1187.0 771.0 1187.0 771.0 1244.0 699.0 1244.0 large-vehicle 0
770.0 1172.0 840.0 1172.0 840.0 1234.0 770.0 1234.0 large-vehicle 0
803.0 1183.0 872.0 1183.0 872.0 1245.0 803.0 1245.0 large-vehicle 0
734.0 1116.0 786.0 1116.0 786.0 1189.0 734.0 1189.0 large-vehicle 0
699.0 1109.0 757.0 1109.0 757.0 1180.0 699.0 1180.0 large-vehicle 0
513.0 1280.0 565.0 1280.0 565.0 1334.0 513.0 1334.0 large-vehicle 0
565.0 1280.0 631.0 1280.0 631.0 1345.0 565.0 1345.0 large-vehicle 0
654.0 1280.0 718.0 1280.0 718.0 1343.0 654.0 1343.0 large-vehicle 0
816.0 1277.0 880.0 1277.0 880.0 1344.0 816.0 1344.0 large-vehicle 0
955.0 1279.0 1017.0 1279.0 1017.0 1343.0 955.0 1343.0 large-vehicle 0
877.0 1189.0 950.0 1189.0 950.0 1245.0 877.0 1245.0 large-vehicle 0
1044.0 1274.0 1108.0 1274.0 1108.0 1342.0 1044.0 1342.0 large-vehicle 0
1105.0 1281.0 1169.0 1281.0 1169.0 1343.0 1105.0 1343.0 large-vehicle 0
579.0 836.0 647.0 836.0 647.0 899.0 579.0 899.0 large-vehicle 0
728.0 787.0 793.0 787.0 793.0 852.0 728.0 852.0 large-vehicle 0
904.0 456.0 968.0 456.0 968.0 524.0 904.0 524.0 large-vehicle 0
442.0 333.0 495.0 333.0 495.0 407.0 442.0 407.0 large-vehicle 0
557.0 679.0 621.0 679.0 621.0 745.0 557.0 745.0 large-vehicle 0
505.0 671.0 569.0 671.0 569.0 739.0 505.0 739.0 large-vehicle 0
479.0 670.0 543.0 670.0 543.0 736.0 479.0 736.0 large-vehicle 0
459.0 670.0 522.0 670.0 522.0 736.0 459.0 736.0 large-vehicle 0
407.0 664.0 468.0 664.0 468.0 729.0 407.0 729.0 large-vehicle 0
422.0 610.0 481.0 610.0 481.0 673.0 422.0 673.0 large-vehicle 0
496.0 616.0 556.0 616.0 556.0 681.0 496.0 681.0 large-vehicle 0
514.0 614.0 576.0 614.0 576.0 681.0 514.0 681.0 large-vehicle 0
538.0 615.0 604.0 615.0 604.0 682.0 538.0 682.0 large-vehicle 0
606.0 613.0 669.0 613.0 669.0 678.0 606.0 678.0 large-vehicle 0
668.0 608.0 730.0 608.0 730.0 674.0 668.0 674.0 large-vehicle 0
790.0 616.0 854.0 616.0 854.0 681.0 790.0 681.0 large-vehicle 0
813.0 618.0 877.0 618.0 877.0 682.0 813.0 682.0 large-vehicle 0
514.0 224.0 573.0 224.0 573.0 297.0 514.0 297.0 large-vehicle 0
388.0 423.0 439.0 423.0 439.0 498.0 388.0 498.0 large-vehicle 0
748.0 848.0 798.0 848.0 798.0 899.0 748.0 899.0 large-vehicle 0
467.0 510.0 531.0 510.0 531.0 573.0 467.0 573.0 large-vehicle 0
520.0 507.0 587.0 507.0 587.0 571.0 520.0 571.0 large-vehicle 0
583.0 447.0 650.0 447.0 650.0 515.0 583.0 515.0 large-vehicle 0
604.0 452.0 667.0 452.0 667.0 513.0 604.0 513.0 large-vehicle 0
650.0 454.0 713.0 454.0 713.0 518.0 650.0 518.0 large-vehicle 0
556.0 417.0 638.0 417.0 638.0 434.0 556.0 434.0 large-vehicle 0
667.0 458.0 735.0 458.0 735.0 523.0 667.0 523.0 large-vehicle 0
683.0 514.0 746.0 514.0 746.0 575.0 683.0 575.0 large-vehicle 0
743.0 453.0 808.0 453.0 808.0 516.0 743.0 516.0 large-vehicle 0
813.0 454.0 878.0 454.0 878.0 517.0 813.0 517.0 large-vehicle 0
753.0 514.0 817.0 514.0 817.0 578.0 753.0 578.0 large-vehicle 0
819.0 519.0 883.0 519.0 883.0 581.0 819.0 581.0 large-vehicle 0
837.0 453.0 901.0 453.0 901.0 520.0 837.0 520.0 large-vehicle 0
873.0 515.0 936.0 515.0 936.0 580.0 873.0 580.0 large-vehicle 0
577.0 675.0 642.0 675.0 642.0 742.0 577.0 742.0 large-vehicle 0
647.0 678.0 711.0 678.0 711.0 745.0 647.0 745.0 large-vehicle 0
669.0 679.0 734.0 679.0 734.0 746.0 669.0 746.0 large-vehicle 0
736.0 680.0 798.0 680.0 798.0 746.0 736.0 746.0 large-vehicle 0
868.0 837.0 930.0 837.0 930.0 902.0 868.0 902.0 large-vehicle 0
846.0 786.0 913.0 786.0 913.0 850.0 846.0 850.0 large-vehicle 0
1016.0 785.0 1080.0 785.0 1080.0 850.0 1016.0 850.0 large-vehicle 0
1120.0 37.0 1203.0 37.0 1203.0 52.0 1120.0 52.0 large-vehicle 0
988.0 78.0 1073.0 78.0 1073.0 119.0 988.0 119.0 large-vehicle 0
1002.0 103.0 1081.0 103.0 1081.0 139.0 1002.0 139.0 large-vehicle 0
1012.0 123.0 1095.0 123.0 1095.0 164.0 1012.0 164.0 large-vehicle 0
1051.0 155.0 1097.0 155.0 1097.0 179.0 1051.0 179.0 large-vehicle 0
1059.0 231.0 1141.0 231.0 1141.0 268.0 1059.0 268.0 large-vehicle 0
1146.0 418.0 1229.0 418.0 1229.0 456.0 1146.0 456.0 large-vehicle 0
1156.0 438.0 1235.0 438.0 1235.0 474.0 1156.0 474.0 large-vehicle 0
1169.0 460.0 1249.0 460.0 1249.0 496.0 1169.0 496.0 large-vehicle 0
1195.0 521.0 1261.0 521.0 1261.0 552.0 1195.0 552.0 large-vehicle 0
1200.0 541.0 1276.0 541.0 1276.0 577.0 1200.0 577.0 large-vehicle 0
1214.0 580.0 1299.0 580.0 1299.0 618.0 1214.0 618.0 large-vehicle 0
1341.0 757.0 1379.0 757.0 1379.0 779.0 1341.0 779.0 large-vehicle 0
1878.0 791.0 1903.0 791.0 1903.0 874.0 1878.0 874.0 large-vehicle 0
1867.0 787.0 1880.0 787.0 1880.0 870.0 1867.0 870.0 large-vehicle 0
1852.0 789.0 1865.0 789.0 1865.0 870.0 1852.0 870.0 large-vehicle 0
1758.0 780.0 1771.0 780.0 1771.0 860.0 1758.0 860.0 large-vehicle 0
1607.0 614.0 1673.0 614.0 1673.0 675.0 1607.0 675.0 large-vehicle 0
942.0 736.0 1023.0 736.0 1023.0 776.0 942.0 776.0 large-vehicle 0
1022.0 690.0 1086.0 690.0 1086.0 753.0 1022.0 753.0 large-vehicle 0
969.0 683.0 1035.0 683.0 1035.0 748.0 969.0 748.0 large-vehicle 0
920.0 676.0 984.0 676.0 984.0 742.0 920.0 742.0 large-vehicle 0
985.0 627.0 1049.0 627.0 1049.0 693.0 985.0 693.0 large-vehicle 0
862.0 616.0 925.0 616.0 925.0 684.0 862.0 684.0 large-vehicle 0
1042.0 688.0 1106.0 688.0 1106.0 752.0 1042.0 752.0 large-vehicle 0
859.0 681.0 920.0 681.0 920.0 749.0 859.0 749.0 large-vehicle 0
1077.0 1526.0 1098.0 1526.0 1098.0 1538.0 1077.0 1538.0 small-vehicle 1
1071.0 1561.0 1091.0 1561.0 1091.0 1575.0 1071.0 1575.0 small-vehicle 1
906.0 1579.0 920.0 1579.0 920.0 1601.0 906.0 1601.0 small-vehicle 1
1603.0 806.0 1612.0 806.0 1612.0 823.0 1603.0 823.0 large-vehicle 1
1622.0 852.0 1635.0 852.0 1635.0 872.0 1622.0 872.0 large-vehicle 1
1631.0 851.0 1645.0 851.0 1645.0 868.0 1631.0 868.0 large-vehicle 1
1641.0 850.0 1655.0 850.0 1655.0 870.0 1641.0 870.0 large-vehicle 1
1652.0 852.0 1663.0 852.0 1663.0 868.0 1652.0 868.0 large-vehicle 1
1661.0 855.0 1673.0 855.0 1673.0 872.0 1661.0 872.0 large-vehicle 1
1670.0 854.0 1683.0 854.0 1683.0 875.0 1670.0 875.0 large-vehicle 1
1716.0 853.0 1731.0 853.0 1731.0 873.0 1716.0 873.0 large-vehicle 1
1709.0 835.0 1724.0 835.0 1724.0 853.0 1709.0 853.0 large-vehicle 1
1682.0 826.0 1694.0 826.0 1694.0 845.0 1682.0 845.0 large-vehicle 1
1670.0 825.0 1684.0 825.0 1684.0 843.0 1670.0 843.0 large-vehicle 1
1668.0 807.0 1681.0 807.0 1681.0 826.0 1668.0 826.0 large-vehicle 1
1658.0 808.0 1669.0 808.0 1669.0 826.0 1658.0 826.0 large-vehicle 1
1586.0 806.0 1595.0 806.0 1595.0 825.0 1586.0 825.0 large-vehicle 1
1595.0 806.0 1604.0 806.0 1604.0 824.0 1595.0 824.0 large-vehicle 1
1611.0 806.0 1620.0 806.0 1620.0 823.0 1611.0 823.0 large-vehicle 1
1651.0 769.0 1663.0 769.0 1663.0 788.0 1651.0 788.0 large-vehicle 1
1621.0 805.0 1631.0 805.0 1631.0 825.0 1621.0 825.0 large-vehicle 1
1631.0 808.0 1639.0 808.0 1639.0 826.0 1631.0 826.0 large-vehicle 1
1639.0 809.0 1648.0 809.0 1648.0 827.0 1639.0 827.0 large-vehicle 1
1680.0 736.0 1692.0 736.0 1692.0 760.0 1680.0 760.0 large-vehicle 1
1691.0 736.0 1703.0 736.0 1703.0 760.0 1691.0 760.0 large-vehicle 1
1703.0 739.0 1714.0 739.0 1714.0 761.0 1703.0 761.0 large-vehicle 1
1723.0 743.0 1736.0 743.0 1736.0 766.0 1723.0 766.0 large-vehicle 1
1750.0 747.0 1766.0 747.0 1766.0 774.0 1750.0 774.0 large-vehicle 1
1602.0 779.0 1622.0 779.0 1622.0 788.0 1602.0 788.0 large-vehicle 1
1621.0 779.0 1639.0 779.0 1639.0 788.0 1621.0 788.0 large-vehicle 1
1590.0 823.0 1610.0 823.0 1610.0 833.0 1590.0 833.0 large-vehicle 1
1610.0 824.0 1629.0 824.0 1629.0 834.0 1610.0 834.0 large-vehicle 1
1629.0 826.0 1648.0 826.0 1648.0 836.0 1629.0 836.0 large-vehicle 1
1642.0 789.0 1656.0 789.0 1656.0 808.0 1642.0 808.0 large-vehicle 1
1613.0 851.0 1625.0 851.0 1625.0 870.0 1613.0 870.0 large-vehicle 1
1602.0 848.0 1616.0 848.0 1616.0 867.0 1602.0 867.0 large-vehicle 1
1377.0 827.0 1394.0 827.0 1394.0 843.0 1377.0 843.0 large-vehicle 1
1670.0 733.0 1682.0 733.0 1682.0 757.0 1670.0 757.0 large-vehicle 1
1557.0 789.0 1573.0 789.0 1573.0 808.0 1557.0 808.0 small-vehicle 0
1552.0 772.0 1567.0 772.0 1567.0 791.0 1552.0 791.0 small-vehicle 0
1560.0 769.0 1574.0 769.0 1574.0 787.0 1560.0 787.0 small-vehicle 0
1569.0 768.0 1583.0 768.0 1583.0 785.0 1569.0 785.0 small-vehicle 0
1516.0 795.0 1538.0 795.0 1538.0 813.0 1516.0 813.0 small-vehicle 0
1643.0 127.0 1666.0 127.0 1666.0 141.0 1643.0 141.0 small-vehicle 1
1717.0 156.0 1742.0 156.0 1742.0 178.0 1717.0 178.0 small-vehicle 1
1840.0 147.0 1861.0 147.0 1861.0 164.0 1840.0 164.0 small-vehicle 1
1875.0 159.0 1897.0 159.0 1897.0 177.0 1875.0 177.0 small-vehicle 1
1748.0 79.0 1780.0 79.0 1780.0 107.0 1748.0 107.0 large-vehicle 1
1660.0 457.0 1678.0 457.0 1678.0 465.0 1660.0 465.0 large-vehicle 1
1671.0 465.0 1690.0 465.0 1690.0 477.0 1671.0 477.0 large-vehicle 1
1418.0 433.0 1438.0 433.0 1438.0 444.0 1418.0 444.0 large-vehicle 1
1431.0 448.0 1455.0 448.0 1455.0 460.0 1431.0 460.0 large-vehicle 1
1443.0 455.0 1463.0 455.0 1463.0 467.0 1443.0 467.0 large-vehicle 1
1471.0 477.0 1492.0 477.0 1492.0 489.0 1471.0 489.0 large-vehicle 1
1588.0 561.0 1609.0 561.0 1609.0 579.0 1588.0 579.0 large-vehicle 1
1529.0 597.0 1552.0 597.0 1552.0 614.0 1529.0 614.0 large-vehicle 1
1537.0 613.0 1562.0 613.0 1562.0 631.0 1537.0 631.0 large-vehicle 1
1565.0 674.0 1585.0 674.0 1585.0 688.0 1565.0 688.0 large-vehicle 1
1569.0 688.0 1596.0 688.0 1596.0 707.0 1569.0 707.0 large-vehicle 1
1526.0 589.0 1546.0 589.0 1546.0 605.0 1526.0 605.0 large-vehicle 1
1558.0 663.0 1578.0 663.0 1578.0 680.0 1558.0 680.0 large-vehicle 1
1578.0 707.0 1603.0 707.0 1603.0 725.0 1578.0 725.0 large-vehicle 1
1590.0 726.0 1608.0 726.0 1608.0 740.0 1590.0 740.0 large-vehicle 1
1615.0 731.0 1625.0 731.0 1625.0 750.0 1615.0 750.0 large-vehicle 1
1625.0 730.0 1637.0 730.0 1637.0 753.0 1625.0 753.0 large-vehicle 1
1635.0 731.0 1646.0 731.0 1646.0 754.0 1635.0 754.0 large-vehicle 1
1659.0 731.0 1671.0 731.0 1671.0 756.0 1659.0 756.0 large-vehicle 1
1641.0 770.0 1652.0 770.0 1652.0 789.0 1641.0 789.0 large-vehicle 1
1655.0 788.0 1666.0 788.0 1666.0 807.0 1655.0 807.0 large-vehicle 1
900.0 1430.0 911.0 1430.0 911.0 1449.0 900.0 1449.0 small-vehicle 1
1709.0 499.0 1732.0 499.0 1732.0 512.0 1709.0 512.0 small-vehicle 1
1919.0 761.0 1929.0 761.0 1929.0 779.0 1919.0 779.0 small-vehicle 1
1931.0 760.0 1943.0 760.0 1943.0 784.0 1931.0 784.0 small-vehicle 1
1930.0 711.0 1941.0 711.0 1941.0 731.0 1930.0 731.0 small-vehicle 1
1823.0 756.0 1832.0 756.0 1832.0 775.0 1823.0 775.0 small-vehicle 1
1827.0 649.0 1849.0 649.0 1849.0 662.0 1827.0 662.0 small-vehicle 1
1857.0 624.0 1877.0 624.0 1877.0 633.0 1857.0 633.0 small-vehicle 1
1848.0 609.0 1868.0 609.0 1868.0 621.0 1848.0 621.0 small-vehicle 1
1835.0 600.0 1858.0 600.0 1858.0 611.0 1835.0 611.0 small-vehicle 1
1816.0 590.0 1840.0 590.0 1840.0 599.0 1816.0 599.0 small-vehicle 1
1808.0 579.0 1828.0 579.0 1828.0 589.0 1808.0 589.0 small-vehicle 1
1799.0 570.0 1819.0 570.0 1819.0 581.0 1799.0 581.0 small-vehicle 1
1788.0 560.0 1810.0 560.0 1810.0 571.0 1788.0 571.0 small-vehicle 1
1692.0 481.0 1712.0 481.0 1712.0 492.0 1692.0 492.0 small-vehicle 1
1697.0 491.0 1722.0 491.0 1722.0 501.0 1697.0 501.0 small-vehicle 1
1727.0 508.0 1745.0 508.0 1745.0 520.0 1727.0 520.0 small-vehicle 1
1664.0 787.0 1677.0 787.0 1677.0 806.0 1664.0 806.0 large-vehicle 1
1735.0 518.0 1756.0 518.0 1756.0 527.0 1735.0 527.0 small-vehicle 1
1753.0 534.0 1775.0 534.0 1775.0 547.0 1753.0 547.0 small-vehicle 1
1767.0 545.0 1787.0 545.0 1787.0 554.0 1767.0 554.0 small-vehicle 1
1775.0 553.0 1796.0 553.0 1796.0 561.0 1775.0 561.0 small-vehicle 1
1670.0 531.0 1701.0 531.0 1701.0 542.0 1670.0 542.0 large-vehicle 0
1457.0 328.0 1473.0 328.0 1473.0 345.0 1457.0 345.0 large-vehicle 0
527.0 453.0 546.0 453.0 546.0 470.0 527.0 470.0 small-vehicle 1
1107.0 317.0 1124.0 317.0 1124.0 331.0 1107.0 331.0 small-vehicle 1
1176.0 1315.0 1193.0 1315.0 1193.0 1331.0 1176.0 1331.0 small-vehicle 1
1585.0 1628.0 1596.0 1628.0 1596.0 1644.0 1585.0 1644.0 small-vehicle 1
1552.0 1516.0 1577.0 1516.0 1577.0 1526.0 1552.0 1526.0 small-vehicle 1
1530.0 1468.0 1546.0 1468.0 1546.0 1476.0 1530.0 1476.0 small-vehicle 1
1527.0 1429.0 1546.0 1429.0 1546.0 1439.0 1527.0 1439.0 small-vehicle 1
1417.0 1241.0 1443.0 1241.0 1443.0 1251.0 1417.0 1251.0 small-vehicle 1
1907.0 761.0 1918.0 761.0 1918.0 782.0 1907.0 782.0 small-vehicle 1
1896.0 760.0 1906.0 760.0 1906.0 778.0 1896.0 778.0 small-vehicle 1
1888.0 761.0 1896.0 761.0 1896.0 778.0 1888.0 778.0 small-vehicle 1
1876.0 760.0 1885.0 760.0 1885.0 777.0 1876.0 777.0 small-vehicle 1
1661.0 768.0 1674.0 768.0 1674.0 788.0 1661.0 788.0 large-vehicle 1
1672.0 770.0 1683.0 770.0 1683.0 792.0 1672.0 792.0 large-vehicle 1
1674.0 790.0 1687.0 790.0 1687.0 811.0 1674.0 811.0 large-vehicle 1
1678.0 809.0 1690.0 809.0 1690.0 827.0 1678.0 827.0 large-vehicle 1
1695.0 791.0 1708.0 791.0 1708.0 809.0 1695.0 809.0 large-vehicle 1
1690.0 771.0 1702.0 771.0 1702.0 790.0 1690.0 790.0 large-vehicle 1
1695.0 1404.0 1738.0 1404.0 1738.0 1428.0 1695.0 1428.0 large-vehicle 0
1716.0 1425.0 1743.0 1425.0 1743.0 1452.0 1716.0 1452.0 ship 0
1776.0 1514.0 1791.0 1514.0 1791.0 1534.0 1776.0 1534.0 small-vehicle 1
1764.0 1518.0 1777.0 1518.0 1777.0 1536.0 1764.0 1536.0 small-vehicle 1
1780.0 1565.0 1798.0 1565.0 1798.0 1586.0 1780.0 1586.0 small-vehicle 1
1953.0 1397.0 1964.0 1397.0 1964.0 1415.0 1953.0 1415.0 small-vehicle 1
1795.0 1121.0 1806.0 1121.0 1806.0 1141.0 1795.0 1141.0 small-vehicle 1
1806.0 1124.0 1816.0 1124.0 1816.0 1141.0 1806.0 1141.0 small-vehicle 1
1840.0 1121.0 1851.0 1121.0 1851.0 1141.0 1840.0 1141.0 small-vehicle 1
1860.0 1119.0 1870.0 1119.0 1870.0 1141.0 1860.0 1141.0 small-vehicle 1
1871.0 1120.0 1880.0 1120.0 1880.0 1140.0 1871.0 1140.0 small-vehicle 1
1916.0 1119.0 1927.0 1119.0 1927.0 1143.0 1916.0 1143.0 small-vehicle 1
1913.0 1064.0 1923.0 1064.0 1923.0 1081.0 1913.0 1081.0 small-vehicle 1
1901.0 1064.0 1912.0 1064.0 1912.0 1082.0 1901.0 1082.0 small-vehicle 1
1886.0 1063.0 1897.0 1063.0 1897.0 1085.0 1886.0 1085.0 small-vehicle 1
1876.0 1063.0 1886.0 1063.0 1886.0 1084.0 1876.0 1084.0 small-vehicle 1
1859.0 1061.0 1872.0 1061.0 1872.0 1078.0 1859.0 1078.0 small-vehicle 1
1851.0 1062.0 1860.0 1062.0 1860.0 1079.0 1851.0 1079.0 small-vehicle 1
1840.0 1060.0 1849.0 1060.0 1849.0 1080.0 1840.0 1080.0 small-vehicle 1
1930.0 808.0 1941.0 808.0 1941.0 829.0 1930.0 829.0 small-vehicle 1
1845.0 757.0 1854.0 757.0 1854.0 773.0 1845.0 773.0 small-vehicle 1
1854.0 757.0 1863.0 757.0 1863.0 774.0 1854.0 774.0 small-vehicle 1
1865.0 758.0 1874.0 758.0 1874.0 776.0 1865.0 776.0 small-vehicle 1
1550.0 793.0 1563.0 793.0 1563.0 812.0 1550.0 812.0 small-vehicle 0
1543.0 777.0 1559.0 777.0 1559.0 795.0 1543.0 795.0 small-vehicle 0
1465.0 747.0 1485.0 747.0 1485.0 765.0 1465.0 765.0 small-vehicle 0
1679.0 1409.0 1698.0 1409.0 1698.0 1433.0 1679.0 1433.0 small-vehicle 1
1188.0 980.0 1205.0 980.0 1205.0 996.0 1188.0 996.0 small-vehicle 1
1201.0 994.0 1219.0 994.0 1219.0 1011.0 1201.0 1011.0 small-vehicle 1
1216.0 1007.0 1233.0 1007.0 1233.0 1023.0 1216.0 1023.0 small-vehicle 1
1199.0 1004.0 1219.0 1004.0 1219.0 1025.0 1199.0 1025.0 small-vehicle 1
1186.0 990.0 1204.0 990.0 1204.0 1007.0 1186.0 1007.0 small-vehicle 1
1164.0 977.0 1183.0 977.0 1183.0 995.0 1164.0 995.0 small-vehicle 1
1166.0 991.0 1185.0 991.0 1185.0 1010.0 1166.0 1010.0 small-vehicle 1
1179.0 1007.0 1195.0 1007.0 1195.0 1023.0 1179.0 1023.0 small-vehicle 1
1151.0 963.0 1167.0 963.0 1167.0 981.0 1151.0 981.0 small-vehicle 1
1143.0 966.0 1160.0 966.0 1160.0 984.0 1143.0 984.0 small-vehicle 1
1155.0 979.0 1171.0 979.0 1171.0 995.0 1155.0 995.0 small-vehicle 1
1184.0 1409.0 1194.0 1409.0 1194.0 1427.0 1184.0 1427.0 small-vehicle 1
1473.0 1630.0 1492.0 1630.0 1492.0 1649.0 1473.0 1649.0 small-vehicle 1
1651.0 1444.0 1670.0 1444.0 1670.0 1455.0 1651.0 1455.0 small-vehicle 1
1335.0 1410.0 1344.0 1410.0 1344.0 1428.0 1335.0 1428.0 small-vehicle 1
1440.0 756.0 1469.0 756.0 1469.0 776.0 1440.0 776.0 large-vehicle 0
1617.0 1628.0 1627.0 1628.0 1627.0 1649.0 1617.0 1649.0 small-vehicle 1
1491.0 1512.0 1517.0 1512.0 1517.0 1528.0 1491.0 1528.0 small-vehicle 1
1488.0 1500.0 1512.0 1500.0 1512.0 1517.0 1488.0 1517.0 small-vehicle 1
1477.0 1476.0 1497.0 1476.0 1497.0 1492.0 1477.0 1492.0 small-vehicle 1
1467.0 1441.0 1489.0 1441.0 1489.0 1455.0 1467.0 1455.0 small-vehicle 1
1530.0 1451.0 1546.0 1451.0 1546.0 1458.0 1530.0 1458.0 small-vehicle 1
1456.0 1424.0 1474.0 1424.0 1474.0 1434.0 1456.0 1434.0 small-vehicle 1
1521.0 1402.0 1543.0 1402.0 1543.0 1413.0 1521.0 1413.0 small-vehicle 1
1527.0 1382.0 1549.0 1382.0 1549.0 1392.0 1527.0 1392.0 small-vehicle 1
1362.0 1422.0 1385.0 1422.0 1385.0 1436.0 1362.0 1436.0 small-vehicle 1
1415.0 1513.0 1432.0 1513.0 1432.0 1533.0 1415.0 1533.0 small-vehicle 1
1611.0 1499.0 1637.0 1499.0 1637.0 1517.0 1611.0 1517.0 ship 0
1619.0 1397.0 1643.0 1397.0 1643.0 1407.0 1619.0 1407.0 small-vehicle 1
1289.0 1094.0 1353.0 1094.0 1353.0 1109.0 1289.0 1109.0 large-vehicle 0
1169.0 958.0 1189.0 958.0 1189.0 980.0 1169.0 980.0 small-vehicle 1
1164.0 965.0 1181.0 965.0 1181.0 982.0 1164.0 982.0 small-vehicle 1
1260.0 914.0 1284.0 914.0 1284.0 942.0 1260.0 942.0 ship 0
1165.0 864.0 1195.0 864.0 1195.0 892.0 1165.0 892.0 large-vehicle 0
781.0 1424.0 793.0 1424.0 793.0 1442.0 781.0 1442.0 small-vehicle 1
1002.0 1294.0 1022.0 1294.0 1022.0 1314.0 1002.0 1314.0 small-vehicle 0
991.0 1310.0 1010.0 1310.0 1010.0 1328.0 991.0 1328.0 small-vehicle 0
977.0 1322.0 998.0 1322.0 998.0 1338.0 977.0 1338.0 small-vehicle 0
1151.0 1413.0 1162.0 1413.0 1162.0 1431.0 1151.0 1431.0 small-vehicle 0
1024.0 1469.0 1036.0 1469.0 1036.0 1488.0 1024.0 1488.0 small-vehicle 0
1167.0 329.0 1188.0 329.0 1188.0 353.0 1167.0 353.0 small-vehicle 0
1295.0 212.0 1316.0 212.0 1316.0 227.0 1295.0 227.0 small-vehicle 0
1248.0 487.0 1265.0 487.0 1265.0 506.0 1248.0 506.0 small-vehicle 0
1223.0 498.0 1246.0 498.0 1246.0 513.0 1223.0 513.0 small-vehicle 1
1206.0 507.0 1233.0 507.0 1233.0 525.0 1206.0 525.0 small-vehicle 1
1254.0 616.0 1279.0 616.0 1279.0 631.0 1254.0 631.0 small-vehicle 1
1279.0 622.0 1308.0 622.0 1308.0 639.0 1279.0 639.0 small-vehicle 1
1287.0 637.0 1309.0 637.0 1309.0 653.0 1287.0 653.0 small-vehicle 1
1264.0 638.0 1288.0 638.0 1288.0 655.0 1264.0 655.0 small-vehicle 1
1307.0 644.0 1329.0 644.0 1329.0 658.0 1307.0 658.0 small-vehicle 1
1229.0 781.0 1248.0 781.0 1248.0 796.0 1229.0 796.0 small-vehicle 1
1207.0 802.0 1225.0 802.0 1225.0 819.0 1207.0 819.0 small-vehicle 1
1200.0 796.0 1217.0 796.0 1217.0 813.0 1200.0 813.0 small-vehicle 1
1191.0 787.0 1209.0 787.0 1209.0 808.0 1191.0 808.0 small-vehicle 1
1192.0 848.0 1214.0 848.0 1214.0 868.0 1192.0 868.0 small-vehicle 1
1272.0 860.0 1290.0 860.0 1290.0 878.0 1272.0 878.0 small-vehicle 1
1290.0 872.0 1307.0 872.0 1307.0 890.0 1290.0 890.0 small-vehicle 1
1277.0 883.0 1296.0 883.0 1296.0 901.0 1277.0 901.0 small-vehicle 1
1214.0 874.0 1235.0 874.0 1235.0 892.0 1214.0 892.0 small-vehicle 1
1159.0 793.0 1179.0 793.0 1179.0 811.0 1159.0 811.0 small-vehicle 1
1170.0 798.0 1186.0 798.0 1186.0 813.0 1170.0 813.0 small-vehicle 1
1137.0 853.0 1174.0 853.0 1174.0 885.0 1137.0 885.0 large-vehicle 0
1111.0 880.0 1146.0 880.0 1146.0 915.0 1111.0 915.0 large-vehicle 0
1330.0 1113.0 1350.0 1113.0 1350.0 1123.0 1330.0 1123.0 small-vehicle 1
1340.0 1125.0 1365.0 1125.0 1365.0 1136.0 1340.0 1136.0 small-vehicle 1
1375.0 1116.0 1397.0 1116.0 1397.0 1139.0 1375.0 1139.0 small-vehicle 1
1402.0 85.0 1422.0 85.0 1422.0 96.0 1402.0 96.0 small-vehicle 0
1371.0 126.0 1389.0 126.0 1389.0 137.0 1371.0 137.0 small-vehicle 0
1360.0 134.0 1381.0 134.0 1381.0 146.0 1360.0 146.0 small-vehicle 0
1352.0 142.0 1373.0 142.0 1373.0 154.0 1352.0 154.0 small-vehicle 0
1347.0 153.0 1365.0 153.0 1365.0 165.0 1347.0 165.0 small-vehicle 0
1337.0 163.0 1357.0 163.0 1357.0 176.0 1337.0 176.0 small-vehicle 0
1312.0 190.0 1333.0 190.0 1333.0 205.0 1312.0 205.0 small-vehicle 0
1305.0 200.0 1325.0 200.0 1325.0 213.0 1305.0 213.0 small-vehicle 0
1285.0 256.0 1304.0 256.0 1304.0 283.0 1285.0 283.0 small-vehicle 0
1364.0 602.0 1382.0 602.0 1382.0 621.0 1364.0 621.0 small-vehicle 0
1386.0 601.0 1409.0 601.0 1409.0 614.0 1386.0 614.0 small-vehicle 0
1391.0 609.0 1414.0 609.0 1414.0 623.0 1391.0 623.0 small-vehicle 0
1383.0 643.0 1406.0 643.0 1406.0 658.0 1383.0 658.0 small-vehicle 0
1402.0 635.0 1425.0 635.0 1425.0 651.0 1402.0 651.0 small-vehicle 0
1395.0 661.0 1416.0 661.0 1416.0 674.0 1395.0 674.0 small-vehicle 0
1309.0 653.0 1330.0 653.0 1330.0 668.0 1309.0 668.0 small-vehicle 0
1322.0 683.0 1342.0 683.0 1342.0 697.0 1322.0 697.0 small-vehicle 0
1336.0 713.0 1358.0 713.0 1358.0 729.0 1336.0 729.0 small-vehicle 0
1415.0 651.0 1434.0 651.0 1434.0 667.0 1415.0 667.0 small-vehicle 0
1399.0 670.0 1421.0 670.0 1421.0 685.0 1399.0 685.0 small-vehicle 0
1405.0 679.0 1427.0 679.0 1427.0 693.0 1405.0 693.0 small-vehicle 0
1419.0 661.0 1440.0 661.0 1440.0 676.0 1419.0 676.0 small-vehicle 0
1425.0 671.0 1445.0 671.0 1445.0 685.0 1425.0 685.0 small-vehicle 0
1425.0 728.0 1447.0 728.0 1447.0 745.0 1425.0 745.0 small-vehicle 0
1430.0 737.0 1455.0 737.0 1455.0 756.0 1430.0 756.0 small-vehicle 0
1470.0 759.0 1489.0 759.0 1489.0 775.0 1470.0 775.0 small-vehicle 0
1445.0 718.0 1468.0 718.0 1468.0 735.0 1445.0 735.0 small-vehicle 0
1458.0 740.0 1478.0 740.0 1478.0 756.0 1458.0 756.0 small-vehicle 0
1434.0 687.0 1455.0 687.0 1455.0 701.0 1434.0 701.0 small-vehicle 0
1531.0 783.0 1555.0 783.0 1555.0 817.0 1531.0 817.0 large-vehicle 0
1377.0 117.0 1395.0 117.0 1395.0 126.0 1377.0 126.0 small-vehicle 0
1553.0 831.0 1573.0 831.0 1573.0 839.0 1553.0 839.0 small-vehicle 1
1403.0 1129.0 1420.0 1129.0 1420.0 1146.0 1403.0 1146.0 small-vehicle 1
1558.0 839.0 1575.0 839.0 1575.0 848.0 1558.0 848.0 small-vehicle 1
1416.0 1127.0 1435.0 1127.0 1435.0 1145.0 1416.0 1145.0 small-vehicle 1
1431.0 1126.0 1449.0 1126.0 1449.0 1144.0 1431.0 1144.0 small-vehicle 1
1487.0 1128.0 1507.0 1128.0 1507.0 1148.0 1487.0 1148.0 small-vehicle 1
1503.0 1129.0 1520.0 1129.0 1520.0 1146.0 1503.0 1146.0 small-vehicle 1
1512.0 1059.0 1522.0 1059.0 1522.0 1076.0 1512.0 1076.0 small-vehicle 1
1520.0 1053.0 1533.0 1053.0 1533.0 1074.0 1520.0 1074.0 small-vehicle 1
1532.0 1048.0 1543.0 1048.0 1543.0 1066.0 1532.0 1066.0 small-vehicle 1
1539.0 1045.0 1553.0 1045.0 1553.0 1065.0 1539.0 1065.0 small-vehicle 1
1497.0 1056.0 1511.0 1056.0 1511.0 1074.0 1497.0 1074.0 small-vehicle 1
1640.0 1064.0 1665.0 1064.0 1665.0 1074.0 1640.0 1074.0 small-vehicle 1
1645.0 994.0 1663.0 994.0 1663.0 1024.0 1645.0 1024.0 large-vehicle 0
1649.0 973.0 1659.0 973.0 1659.0 993.0 1649.0 993.0 small-vehicle 0
1449.0 769.0 1469.0 769.0 1469.0 784.0 1449.0 784.0 small-vehicle 1
1363.0 777.0 1383.0 777.0 1383.0 791.0 1363.0 791.0 small-vehicle 1
1349.0 784.0 1371.0 784.0 1371.0 798.0 1349.0 798.0 small-vehicle 1
1339.0 794.0 1361.0 794.0 1361.0 810.0 1339.0 810.0 small-vehicle 1
1326.0 804.0 1352.0 804.0 1352.0 819.0 1326.0 819.0 small-vehicle 1
1360.0 842.0 1376.0 842.0 1376.0 861.0 1360.0 861.0 small-vehicle 1
1365.0 834.0 1379.0 834.0 1379.0 851.0 1365.0 851.0 small-vehicle 1
1386.0 804.0 1403.0 804.0 1403.0 824.0 1386.0 824.0 small-vehicle 1
1414.0 816.0 1428.0 816.0 1428.0 835.0 1414.0 835.0 small-vehicle 1
1441.0 879.0 1456.0 879.0 1456.0 898.0 1441.0 898.0 small-vehicle 1
1479.0 827.0 1496.0 827.0 1496.0 850.0 1479.0 850.0 small-vehicle 1
1528.0 823.0 1548.0 823.0 1548.0 837.0 1528.0 837.0 small-vehicle 1
1526.0 814.0 1545.0 814.0 1545.0 829.0 1526.0 829.0 small-vehicle 1
1523.0 807.0 1543.0 807.0 1543.0 819.0 1523.0 819.0 small-vehicle 1
1593.0 851.0 1607.0 851.0 1607.0 869.0 1593.0 869.0 small-vehicle 1
1558.0 856.0 1578.0 856.0 1578.0 868.0 1558.0 868.0 small-vehicle 1
1559.0 847.0 1578.0 847.0 1578.0 857.0 1559.0 857.0 small-vehicle 1
318.0 589.0 350.0 589.0 350.0 635.0 318.0 635.0 large-vehicle 0
