imagesource:GoogleEarth
gsd:0.287436906086
1026.0 491.0 1045.0 491.0 1045.0 500.0 1026.0 500.0 small-vehicle 1
1048.0 869.0 1065.0 869.0 1065.0 886.0 1048.0 886.0 small-vehicle 1
830.0 823.0 849.0 823.0 849.0 843.0 830.0 843.0 small-vehicle 1
835.0 832.0 856.0 832.0 856.0 850.0 835.0 850.0 small-vehicle 1
880.0 880.0 902.0 880.0 902.0 900.0 880.0 900.0 small-vehicle 1
888.0 888.0 908.0 888.0 908.0 906.0 888.0 906.0 small-vehicle 1
931.0 930.0 951.0 930.0 951.0 948.0 931.0 948.0 small-vehicle 1
936.0 936.0 957.0 936.0 957.0 955.0 936.0 955.0 small-vehicle 1
958.0 956.0 977.0 956.0 977.0 974.0 958.0 974.0 small-vehicle 1
848.0 498.0 864.0 498.0 864.0 516.0 848.0 516.0 small-vehicle 1
851.0 487.0 868.0 487.0 868.0 508.0 851.0 508.0 small-vehicle 1
847.0 464.0 866.0 464.0 866.0 487.0 847.0 487.0 small-vehicle 1
851.0 445.0 869.0 445.0 869.0 466.0 851.0 466.0 small-vehicle 1
852.0 433.0 872.0 433.0 872.0 452.0 852.0 452.0 small-vehicle 1
851.0 414.0 871.0 414.0 871.0 434.0 851.0 434.0 small-vehicle 1
856.0 399.0 873.0 399.0 873.0 420.0 856.0 420.0 small-vehicle 1
859.0 385.0 877.0 385.0 877.0 404.0 859.0 404.0 small-vehicle 1
862.0 371.0 878.0 371.0 878.0 389.0 862.0 389.0 small-vehicle 1
899.0 402.0 918.0 402.0 918.0 411.0 899.0 411.0 small-vehicle 1
901.0 393.0 918.0 393.0 918.0 402.0 901.0 402.0 small-vehicle 1
900.0 383.0 918.0 383.0 918.0 393.0 900.0 393.0 small-vehicle 1
899.0 374.0 918.0 374.0 918.0 384.0 899.0 384.0 small-vehicle 1
899.0 363.0 917.0 363.0 917.0 374.0 899.0 374.0 small-vehicle 1
900.0 354.0 918.0 354.0 918.0 365.0 900.0 365.0 small-vehicle 1
896.0 342.0 915.0 342.0 915.0 353.0 896.0 353.0 small-vehicle 1
823.0 819.0 840.0 819.0 840.0 837.0 823.0 837.0 small-vehicle 1
987.0 884.0 1010.0 884.0 1010.0 905.0 987.0 905.0 small-vehicle 1
996.0 892.0 1015.0 892.0 1015.0 910.0 996.0 910.0 small-vehicle 1
860.0 785.0 878.0 785.0 878.0 802.0 860.0 802.0 small-vehicle 1
1062.0 883.0 1078.0 883.0 1078.0 900.0 1062.0 900.0 small-vehicle 1
945.0 836.0 962.0 836.0 962.0 853.0 945.0 853.0 small-vehicle 1
938.0 829.0 956.0 829.0 956.0 847.0 938.0 847.0 small-vehicle 1
880.0 767.0 897.0 767.0 897.0 785.0 880.0 785.0 small-vehicle 1
884.0 774.0 903.0 774.0 903.0 794.0 884.0 794.0 small-vehicle 1
931.0 821.0 951.0 821.0 951.0 841.0 931.0 841.0 small-vehicle 1
911.0 802.0 930.0 802.0 930.0 820.0 911.0 820.0 small-vehicle 1
905.0 795.0 923.0 795.0 923.0 813.0 905.0 813.0 small-vehicle 1
898.0 788.0 917.0 788.0 917.0 807.0 898.0 807.0 small-vehicle 1
891.0 782.0 909.0 782.0 909.0 802.0 891.0 802.0 small-vehicle 1
867.0 792.0 886.0 792.0 886.0 809.0 867.0 809.0 small-vehicle 1
939.0 866.0 958.0 866.0 958.0 887.0 939.0 887.0 small-vehicle 1
873.0 799.0 892.0 799.0 892.0 817.0 873.0 817.0 small-vehicle 1
881.0 805.0 898.0 805.0 898.0 823.0 881.0 823.0 small-vehicle 1
886.0 812.0 904.0 812.0 904.0 830.0 886.0 830.0 small-vehicle 1
892.0 819.0 911.0 819.0 911.0 837.0 892.0 837.0 small-vehicle 1
900.0 826.0 919.0 826.0 919.0 844.0 900.0 844.0 small-vehicle 1
905.0 832.0 923.0 832.0 923.0 852.0 905.0 852.0 small-vehicle 1
912.0 839.0 931.0 839.0 931.0 859.0 912.0 859.0 small-vehicle 1
920.0 847.0 937.0 847.0 937.0 862.0 920.0 862.0 small-vehicle 1
925.0 852.0 945.0 852.0 945.0 871.0 925.0 871.0 small-vehicle 1
932.0 861.0 951.0 861.0 951.0 879.0 932.0 879.0 small-vehicle 1
919.0 325.0 939.0 325.0 939.0 336.0 919.0 336.0 small-vehicle 1
922.0 346.0 939.0 346.0 939.0 355.0 922.0 355.0 small-vehicle 1
967.0 346.0 984.0 346.0 984.0 355.0 967.0 355.0 small-vehicle 1
625.0 815.0 648.0 815.0 648.0 839.0 625.0 839.0 small-vehicle 1
566.0 687.0 587.0 687.0 587.0 707.0 566.0 707.0 small-vehicle 1
559.0 691.0 578.0 691.0 578.0 712.0 559.0 712.0 small-vehicle 1
545.0 707.0 564.0 707.0 564.0 727.0 545.0 727.0 small-vehicle 1
555.0 745.0 572.0 745.0 572.0 760.0 555.0 760.0 small-vehicle 1
549.0 738.0 568.0 738.0 568.0 755.0 549.0 755.0 small-vehicle 1
543.0 731.0 562.0 731.0 562.0 748.0 543.0 748.0 small-vehicle 1
656.0 848.0 672.0 848.0 672.0 865.0 656.0 865.0 small-vehicle 1
649.0 841.0 667.0 841.0 667.0 858.0 649.0 858.0 small-vehicle 1
641.0 834.0 659.0 834.0 659.0 852.0 641.0 852.0 small-vehicle 1
635.0 828.0 652.0 828.0 652.0 845.0 635.0 845.0 small-vehicle 1
692.0 944.0 710.0 944.0 710.0 962.0 692.0 962.0 small-vehicle 1
585.0 668.0 601.0 668.0 601.0 684.0 585.0 684.0 small-vehicle 1
299.0 753.0 362.0 753.0 362.0 843.0 299.0 843.0 tennis-court 0
461.0 699.0 524.0 699.0 524.0 789.0 461.0 789.0 tennis-court 0
364.0 733.0 429.0 733.0 429.0 822.0 364.0 822.0 tennis-court 0
320.0 588.0 382.0 588.0 382.0 678.0 320.0 678.0 tennis-court 0
412.0 550.0 476.0 550.0 476.0 643.0 412.0 643.0 tennis-court 0
475.0 530.0 540.0 530.0 540.0 622.0 475.0 622.0 tennis-court 0
628.0 454.0 693.0 454.0 693.0 545.0 628.0 545.0 tennis-court 0
567.0 473.0 631.0 473.0 631.0 564.0 567.0 564.0 tennis-court 0
572.0 241.0 638.0 241.0 638.0 334.0 572.0 334.0 tennis-court 0
516.0 278.0 581.0 278.0 581.0 370.0 516.0 370.0 tennis-court 0
574.0 679.0 592.0 679.0 592.0 698.0 574.0 698.0 small-vehicle 1
590.0 661.0 608.0 661.0 608.0 680.0 590.0 680.0 small-vehicle 1
967.0 337.0 987.0 337.0 987.0 345.0 967.0 345.0 small-vehicle 1
623.0 719.0 639.0 719.0 639.0 736.0 623.0 736.0 small-vehicle 1
1025.0 444.0 1045.0 444.0 1045.0 452.0 1025.0 452.0 small-vehicle 1
1028.0 425.0 1047.0 425.0 1047.0 433.0 1028.0 433.0 small-vehicle 1
1027.0 404.0 1048.0 404.0 1048.0 414.0 1027.0 414.0 small-vehicle 1
1030.0 320.0 1052.0 320.0 1052.0 328.0 1030.0 328.0 small-vehicle 1
740.0 478.0 763.0 478.0 763.0 508.0 740.0 508.0 large-vehicle 0
702.0 625.0 721.0 625.0 721.0 645.0 702.0 645.0 small-vehicle 1
576.0 765.0 596.0 765.0 596.0 783.0 576.0 783.0 small-vehicle 1
666.0 757.0 685.0 757.0 685.0 775.0 666.0 775.0 small-vehicle 1
645.0 736.0 663.0 736.0 663.0 753.0 645.0 753.0 small-vehicle 1
628.0 724.0 647.0 724.0 647.0 743.0 628.0 743.0 small-vehicle 1
687.0 717.0 709.0 717.0 709.0 739.0 687.0 739.0 small-vehicle 1
599.0 655.0 618.0 655.0 618.0 673.0 599.0 673.0 small-vehicle 1
727.0 720.0 747.0 720.0 747.0 740.0 727.0 740.0 small-vehicle 1
714.0 706.0 734.0 706.0 734.0 727.0 714.0 727.0 small-vehicle 1
703.0 691.0 723.0 691.0 723.0 711.0 703.0 711.0 small-vehicle 1
616.0 711.0 634.0 711.0 634.0 730.0 616.0 730.0 small-vehicle 1
675.0 665.0 695.0 665.0 695.0 685.0 675.0 685.0 small-vehicle 1
627.0 628.0 645.0 628.0 645.0 647.0 627.0 647.0 small-vehicle 1
634.0 621.0 650.0 621.0 650.0 638.0 634.0 638.0 small-vehicle 1
647.0 607.0 664.0 607.0 664.0 624.0 647.0 624.0 small-vehicle 1
615.0 643.0 632.0 643.0 632.0 659.0 615.0 659.0 small-vehicle 1
606.0 648.0 625.0 648.0 625.0 666.0 606.0 666.0 small-vehicle 1
1055.0 875.0 1074.0 875.0 1074.0 895.0 1055.0 895.0 small-vehicle 1
1041.0 861.0 1061.0 861.0 1061.0 879.0 1041.0 879.0 small-vehicle 1
1025.0 470.0 1044.0 470.0 1044.0 480.0 1025.0 480.0 small-vehicle 1
1035.0 854.0 1055.0 854.0 1055.0 872.0 1035.0 872.0 small-vehicle 1
984.0 480.0 1003.0 480.0 1003.0 490.0 984.0 490.0 small-vehicle 1
965.0 500.0 982.0 500.0 982.0 509.0 965.0 509.0 small-vehicle 1
964.0 489.0 983.0 489.0 983.0 499.0 964.0 499.0 small-vehicle 1
985.0 491.0 1003.0 491.0 1003.0 498.0 985.0 498.0 small-vehicle 1
982.0 510.0 1001.0 510.0 1001.0 520.0 982.0 520.0 small-vehicle 1
981.0 518.0 999.0 518.0 999.0 528.0 981.0 528.0 small-vehicle 1
964.0 509.0 982.0 509.0 982.0 518.0 964.0 518.0 small-vehicle 1
896.0 469.0 915.0 469.0 915.0 478.0 896.0 478.0 small-vehicle 1
899.0 479.0 916.0 479.0 916.0 488.0 899.0 488.0 small-vehicle 1
895.0 488.0 916.0 488.0 916.0 497.0 895.0 497.0 small-vehicle 1
897.0 498.0 917.0 498.0 917.0 509.0 897.0 509.0 small-vehicle 1
918.0 402.0 936.0 402.0 936.0 412.0 918.0 412.0 small-vehicle 1
917.0 410.0 937.0 410.0 937.0 422.0 917.0 422.0 small-vehicle 1
835.0 412.0 855.0 412.0 855.0 434.0 835.0 434.0 small-vehicle 1
921.0 354.0 938.0 354.0 938.0 365.0 921.0 365.0 small-vehicle 1
920.0 364.0 935.0 364.0 935.0 373.0 920.0 373.0 small-vehicle 1
919.0 374.0 938.0 374.0 938.0 383.0 919.0 383.0 small-vehicle 1
919.0 384.0 936.0 384.0 936.0 392.0 919.0 392.0 small-vehicle 1
918.0 393.0 935.0 393.0 935.0 401.0 918.0 401.0 small-vehicle 1
917.0 422.0 936.0 422.0 936.0 430.0 917.0 430.0 small-vehicle 1
916.0 431.0 934.0 431.0 934.0 440.0 916.0 440.0 small-vehicle 1
917.0 441.0 937.0 441.0 937.0 449.0 917.0 449.0 small-vehicle 1
915.0 450.0 938.0 450.0 938.0 458.0 915.0 458.0 small-vehicle 1
984.0 470.0 1003.0 470.0 1003.0 479.0 984.0 479.0 small-vehicle 1
986.0 460.0 1002.0 460.0 1002.0 471.0 986.0 471.0 small-vehicle 1
987.0 451.0 1002.0 451.0 1002.0 459.0 987.0 459.0 small-vehicle 1
965.0 404.0 982.0 404.0 982.0 412.0 965.0 412.0 small-vehicle 1
1024.0 462.0 1044.0 462.0 1044.0 471.0 1024.0 471.0 small-vehicle 1
1026.0 451.0 1045.0 451.0 1045.0 461.0 1026.0 461.0 small-vehicle 1
1026.0 482.0 1044.0 482.0 1044.0 492.0 1026.0 492.0 small-vehicle 1
986.0 376.0 1006.0 376.0 1006.0 384.0 986.0 384.0 small-vehicle 1
966.0 365.0 985.0 365.0 985.0 375.0 966.0 375.0 small-vehicle 1
968.0 374.0 984.0 374.0 984.0 384.0 968.0 384.0 small-vehicle 1
965.0 393.0 982.0 393.0 982.0 403.0 965.0 403.0 small-vehicle 1
966.0 385.0 981.0 385.0 981.0 393.0 966.0 393.0 small-vehicle 1
987.0 405.0 1004.0 405.0 1004.0 414.0 987.0 414.0 small-vehicle 1
987.0 394.0 1004.0 394.0 1004.0 403.0 987.0 403.0 small-vehicle 1
965.0 412.0 984.0 412.0 984.0 423.0 965.0 423.0 small-vehicle 1
985.0 442.0 1003.0 442.0 1003.0 450.0 985.0 450.0 small-vehicle 1
963.0 449.0 982.0 449.0 982.0 460.0 963.0 460.0 small-vehicle 1
896.0 439.0 917.0 439.0 917.0 449.0 896.0 449.0 small-vehicle 1
898.0 449.0 915.0 449.0 915.0 460.0 898.0 460.0 small-vehicle 1
962.0 566.0 981.0 566.0 981.0 577.0 962.0 577.0 small-vehicle 1
965.0 422.0 985.0 422.0 985.0 432.0 965.0 432.0 small-vehicle 1
966.0 433.0 985.0 433.0 985.0 440.0 966.0 440.0 small-vehicle 1
966.0 441.0 984.0 441.0 984.0 450.0 966.0 450.0 small-vehicle 1
963.0 461.0 982.0 461.0 982.0 470.0 963.0 470.0 small-vehicle 1
964.0 471.0 983.0 471.0 983.0 480.0 964.0 480.0 small-vehicle 1
964.0 480.0 981.0 480.0 981.0 489.0 964.0 489.0 small-vehicle 1
920.0 460.0 937.0 460.0 937.0 470.0 920.0 470.0 small-vehicle 1
920.0 470.0 938.0 470.0 938.0 480.0 920.0 480.0 small-vehicle 1
922.0 479.0 940.0 479.0 940.0 488.0 922.0 488.0 small-vehicle 1
920.0 738.0 938.0 738.0 938.0 755.0 920.0 755.0 small-vehicle 1
795.0 683.0 815.0 683.0 815.0 702.0 795.0 702.0 small-vehicle 1
788.0 707.0 805.0 707.0 805.0 725.0 788.0 725.0 small-vehicle 1
796.0 715.0 813.0 715.0 813.0 732.0 796.0 732.0 small-vehicle 1
803.0 724.0 820.0 724.0 820.0 740.0 803.0 740.0 small-vehicle 1
967.0 787.0 985.0 787.0 985.0 804.0 967.0 804.0 small-vehicle 1
955.0 772.0 974.0 772.0 974.0 791.0 955.0 791.0 small-vehicle 1
947.0 766.0 966.0 766.0 966.0 785.0 947.0 785.0 small-vehicle 1
939.0 758.0 959.0 758.0 959.0 778.0 939.0 778.0 small-vehicle 1
935.0 753.0 951.0 753.0 951.0 771.0 935.0 771.0 small-vehicle 1
927.0 746.0 945.0 746.0 945.0 764.0 927.0 764.0 small-vehicle 1
913.0 731.0 931.0 731.0 931.0 749.0 913.0 749.0 small-vehicle 1
878.0 634.0 896.0 634.0 896.0 652.0 878.0 652.0 small-vehicle 1
897.0 719.0 917.0 719.0 917.0 736.0 897.0 736.0 small-vehicle 1
892.0 712.0 911.0 712.0 911.0 729.0 892.0 729.0 small-vehicle 1
834.0 734.0 851.0 734.0 851.0 752.0 834.0 752.0 small-vehicle 1
826.0 742.0 846.0 742.0 846.0 761.0 826.0 761.0 small-vehicle 1
974.0 794.0 993.0 794.0 993.0 811.0 974.0 811.0 small-vehicle 1
981.0 800.0 999.0 800.0 999.0 818.0 981.0 818.0 small-vehicle 1
994.0 814.0 1013.0 814.0 1013.0 831.0 994.0 831.0 small-vehicle 1
1001.0 822.0 1021.0 822.0 1021.0 840.0 1001.0 840.0 small-vehicle 1
1021.0 842.0 1039.0 842.0 1039.0 859.0 1021.0 859.0 small-vehicle 1
1030.0 849.0 1046.0 849.0 1046.0 864.0 1030.0 864.0 small-vehicle 1
845.0 617.0 865.0 617.0 865.0 637.0 845.0 637.0 small-vehicle 1
947.0 842.0 970.0 842.0 970.0 863.0 947.0 863.0 small-vehicle 1
919.0 489.0 937.0 489.0 937.0 498.0 919.0 498.0 small-vehicle 1
1026.0 548.0 1045.0 548.0 1045.0 559.0 1026.0 559.0 small-vehicle 1
919.0 498.0 936.0 498.0 936.0 507.0 919.0 507.0 small-vehicle 1
918.0 507.0 934.0 507.0 934.0 518.0 918.0 518.0 small-vehicle 1
897.0 460.0 916.0 460.0 916.0 468.0 897.0 468.0 small-vehicle 1
965.0 519.0 980.0 519.0 980.0 527.0 965.0 527.0 small-vehicle 1
915.0 518.0 935.0 518.0 935.0 527.0 915.0 527.0 small-vehicle 1
917.0 527.0 934.0 527.0 934.0 536.0 917.0 536.0 small-vehicle 1
1028.0 511.0 1046.0 511.0 1046.0 520.0 1028.0 520.0 small-vehicle 1
1025.0 517.0 1045.0 517.0 1045.0 530.0 1025.0 530.0 small-vehicle 1
1026.0 530.0 1045.0 530.0 1045.0 539.0 1026.0 539.0 small-vehicle 1
1025.0 538.0 1044.0 538.0 1044.0 549.0 1025.0 549.0 small-vehicle 1
1026.0 569.0 1041.0 569.0 1041.0 577.0 1026.0 577.0 small-vehicle 1
980.0 577.0 999.0 577.0 999.0 586.0 980.0 586.0 small-vehicle 1
1026.0 578.0 1041.0 578.0 1041.0 586.0 1026.0 586.0 small-vehicle 1
981.0 538.0 999.0 538.0 999.0 547.0 981.0 547.0 small-vehicle 1
982.0 529.0 1000.0 529.0 1000.0 537.0 982.0 537.0 small-vehicle 1
966.0 528.0 981.0 528.0 981.0 537.0 966.0 537.0 small-vehicle 1
963.0 537.0 981.0 537.0 981.0 547.0 963.0 547.0 small-vehicle 1
962.0 547.0 980.0 547.0 980.0 556.0 962.0 556.0 small-vehicle 1
963.0 556.0 981.0 556.0 981.0 566.0 963.0 566.0 small-vehicle 1
982.0 547.0 1002.0 547.0 1002.0 556.0 982.0 556.0 small-vehicle 1
983.0 555.0 1001.0 555.0 1001.0 565.0 983.0 565.0 small-vehicle 1
982.0 567.0 1002.0 567.0 1002.0 575.0 982.0 575.0 small-vehicle 1
465.0 329.0 530.0 329.0 530.0 421.0 465.0 421.0 tennis-court 0
