imagesource:GoogleEarth
gsd:0.575231223352
183.0 4.0 192.0 4.0 192.0 11.0 183.0 11.0 small-vehicle 1
335.0 869.0 339.0 869.0 339.0 880.0 335.0 880.0 small-vehicle 1
405.0 156.0 414.0 156.0 414.0 164.0 405.0 164.0 small-vehicle 1
410.0 163.0 419.0 163.0 419.0 171.0 410.0 171.0 small-vehicle 1
415.0 172.0 423.0 172.0 423.0 180.0 415.0 180.0 small-vehicle 1
418.0 176.0 428.0 176.0 428.0 185.0 418.0 185.0 small-vehicle 1
420.0 182.0 429.0 182.0 429.0 189.0 420.0 189.0 small-vehicle 1
422.0 185.0 431.0 185.0 431.0 193.0 422.0 193.0 small-vehicle 1
425.0 189.0 433.0 189.0 433.0 197.0 425.0 197.0 small-vehicle 1
428.0 193.0 437.0 193.0 437.0 201.0 428.0 201.0 small-vehicle 1
430.0 197.0 440.0 197.0 440.0 205.0 430.0 205.0 small-vehicle 1
439.0 213.0 449.0 213.0 449.0 221.0 439.0 221.0 small-vehicle 1
437.0 208.0 447.0 208.0 447.0 217.0 437.0 217.0 small-vehicle 1
419.0 226.0 429.0 226.0 429.0 236.0 419.0 236.0 small-vehicle 1
463.0 207.0 473.0 207.0 473.0 217.0 463.0 217.0 small-vehicle 1
470.0 232.0 480.0 232.0 480.0 239.0 470.0 239.0 small-vehicle 1
468.0 206.0 477.0 206.0 477.0 216.0 468.0 216.0 small-vehicle 1
472.0 202.0 482.0 202.0 482.0 213.0 472.0 213.0 small-vehicle 1
476.0 200.0 484.0 200.0 484.0 209.0 476.0 209.0 small-vehicle 1
480.0 196.0 488.0 196.0 488.0 206.0 480.0 206.0 small-vehicle 1
485.0 195.0 493.0 195.0 493.0 205.0 485.0 205.0 small-vehicle 1
489.0 192.0 497.0 192.0 497.0 202.0 489.0 202.0 small-vehicle 1
493.0 190.0 500.0 190.0 500.0 199.0 493.0 199.0 small-vehicle 1
488.0 167.0 498.0 167.0 498.0 174.0 488.0 174.0 small-vehicle 1
478.0 149.0 486.0 149.0 486.0 159.0 478.0 159.0 small-vehicle 1
471.0 136.0 480.0 136.0 480.0 145.0 471.0 145.0 small-vehicle 1
469.0 133.0 478.0 133.0 478.0 141.0 469.0 141.0 small-vehicle 1
453.0 109.0 462.0 109.0 462.0 117.0 453.0 117.0 small-vehicle 1
447.0 101.0 457.0 101.0 457.0 109.0 447.0 109.0 small-vehicle 1
421.0 101.0 431.0 101.0 431.0 109.0 421.0 109.0 small-vehicle 1
420.0 68.0 430.0 68.0 430.0 79.0 420.0 79.0 small-vehicle 1
403.0 152.0 411.0 152.0 411.0 160.0 403.0 160.0 small-vehicle 1
386.0 127.0 397.0 127.0 397.0 136.0 386.0 136.0 small-vehicle 1
376.0 109.0 389.0 109.0 389.0 119.0 376.0 119.0 small-vehicle 1
629.0 242.0 639.0 242.0 639.0 252.0 629.0 252.0 small-vehicle 1
1044.0 78.0 1055.0 78.0 1055.0 88.0 1044.0 88.0 small-vehicle 1
700.0 292.0 712.0 292.0 712.0 305.0 700.0 305.0 small-vehicle 1
697.0 287.0 705.0 287.0 705.0 294.0 697.0 294.0 small-vehicle 1
690.0 275.0 700.0 275.0 700.0 282.0 690.0 282.0 small-vehicle 1
674.0 246.0 683.0 246.0 683.0 253.0 674.0 253.0 small-vehicle 1
665.0 233.0 678.0 233.0 678.0 242.0 665.0 242.0 small-vehicle 1
660.0 226.0 672.0 226.0 672.0 233.0 660.0 233.0 small-vehicle 1
641.0 237.0 652.0 237.0 652.0 245.0 641.0 245.0 small-vehicle 1
658.0 266.0 668.0 266.0 668.0 273.0 658.0 273.0 small-vehicle 1
649.0 271.0 657.0 271.0 657.0 278.0 649.0 278.0 small-vehicle 1
647.0 268.0 655.0 268.0 655.0 273.0 647.0 273.0 small-vehicle 1
635.0 251.0 643.0 251.0 643.0 259.0 635.0 259.0 small-vehicle 1
633.0 248.0 642.0 248.0 642.0 254.0 633.0 254.0 small-vehicle 1
658.0 288.0 667.0 288.0 667.0 295.0 658.0 295.0 small-vehicle 1
635.0 206.0 643.0 206.0 643.0 215.0 635.0 215.0 small-vehicle 1
660.0 291.0 671.0 291.0 671.0 300.0 660.0 300.0 small-vehicle 1
662.0 296.0 672.0 296.0 672.0 305.0 662.0 305.0 small-vehicle 1
671.0 291.0 682.0 291.0 682.0 299.0 671.0 299.0 small-vehicle 1
676.0 300.0 686.0 300.0 686.0 308.0 676.0 308.0 small-vehicle 1
670.0 308.0 680.0 308.0 680.0 316.0 670.0 316.0 small-vehicle 1
650.0 322.0 661.0 322.0 661.0 330.0 650.0 330.0 small-vehicle 1
643.0 310.0 653.0 310.0 653.0 318.0 643.0 318.0 small-vehicle 1
640.0 306.0 650.0 306.0 650.0 314.0 640.0 314.0 small-vehicle 1
630.0 290.0 640.0 290.0 640.0 298.0 630.0 298.0 small-vehicle 1
623.0 275.0 634.0 275.0 634.0 284.0 623.0 284.0 small-vehicle 1
609.0 252.0 618.0 252.0 618.0 260.0 609.0 260.0 small-vehicle 1
623.0 214.0 630.0 214.0 630.0 222.0 623.0 222.0 small-vehicle 1
627.0 212.0 635.0 212.0 635.0 221.0 627.0 221.0 small-vehicle 1
430.0 119.0 439.0 119.0 439.0 125.0 430.0 125.0 small-vehicle 1
432.0 122.0 442.0 122.0 442.0 130.0 432.0 130.0 small-vehicle 1
439.0 127.0 449.0 127.0 449.0 137.0 439.0 137.0 small-vehicle 1
209.0 128.0 218.0 128.0 218.0 137.0 209.0 137.0 small-vehicle 1
362.0 10.0 373.0 10.0 373.0 19.0 362.0 19.0 small-vehicle 1
343.0 20.0 353.0 20.0 353.0 29.0 343.0 29.0 small-vehicle 1
323.0 47.0 334.0 47.0 334.0 56.0 323.0 56.0 small-vehicle 1
312.0 41.0 323.0 41.0 323.0 49.0 312.0 49.0 small-vehicle 1
282.0 72.0 293.0 72.0 293.0 80.0 282.0 80.0 small-vehicle 1
275.0 69.0 286.0 69.0 286.0 78.0 275.0 78.0 small-vehicle 1
269.0 92.0 278.0 92.0 278.0 99.0 269.0 99.0 small-vehicle 1
288.0 79.0 299.0 79.0 299.0 88.0 288.0 88.0 small-vehicle 1
278.0 85.0 289.0 85.0 289.0 95.0 278.0 95.0 small-vehicle 1
248.0 104.0 258.0 104.0 258.0 113.0 248.0 113.0 small-vehicle 1
239.0 109.0 250.0 109.0 250.0 118.0 239.0 118.0 small-vehicle 1
226.0 117.0 237.0 117.0 237.0 127.0 226.0 127.0 small-vehicle 1
217.0 122.0 229.0 122.0 229.0 132.0 217.0 132.0 small-vehicle 1
200.0 134.0 211.0 134.0 211.0 143.0 200.0 143.0 small-vehicle 1
384.0 22.0 395.0 22.0 395.0 31.0 384.0 31.0 small-vehicle 1
591.0 827.0 596.0 827.0 596.0 839.0 591.0 839.0 small-vehicle 1
393.0 899.0 398.0 899.0 398.0 910.0 393.0 910.0 small-vehicle 1
388.0 899.0 393.0 899.0 393.0 908.0 388.0 908.0 small-vehicle 1
433.0 883.0 443.0 883.0 443.0 887.0 433.0 887.0 small-vehicle 1
384.0 897.0 388.0 897.0 388.0 907.0 384.0 907.0 small-vehicle 1
376.0 894.0 382.0 894.0 382.0 907.0 376.0 907.0 small-vehicle 1
362.0 896.0 368.0 896.0 368.0 906.0 362.0 906.0 small-vehicle 1
357.0 895.0 362.0 895.0 362.0 904.0 357.0 904.0 small-vehicle 1
352.0 895.0 356.0 895.0 356.0 903.0 352.0 903.0 small-vehicle 1
326.0 894.0 335.0 894.0 335.0 898.0 326.0 898.0 small-vehicle 1
317.0 897.0 322.0 897.0 322.0 905.0 317.0 905.0 small-vehicle 1
307.0 897.0 312.0 897.0 312.0 907.0 307.0 907.0 small-vehicle 1
325.0 872.0 330.0 872.0 330.0 881.0 325.0 881.0 small-vehicle 1
369.0 32.0 379.0 32.0 379.0 41.0 369.0 41.0 small-vehicle 1
393.0 16.0 404.0 16.0 404.0 26.0 393.0 26.0 small-vehicle 1
441.0 140.0 451.0 140.0 451.0 147.0 441.0 147.0 small-vehicle 1
439.0 168.0 450.0 168.0 450.0 178.0 439.0 178.0 small-vehicle 1
444.0 142.0 454.0 142.0 454.0 151.0 444.0 151.0 small-vehicle 1
447.0 147.0 456.0 147.0 456.0 155.0 447.0 155.0 small-vehicle 1
448.0 152.0 457.0 152.0 457.0 159.0 448.0 159.0 small-vehicle 1
452.0 155.0 460.0 155.0 460.0 163.0 452.0 163.0 small-vehicle 1
454.0 159.0 462.0 159.0 462.0 167.0 454.0 167.0 small-vehicle 1
457.0 163.0 466.0 163.0 466.0 172.0 457.0 172.0 small-vehicle 1
459.0 167.0 469.0 167.0 469.0 176.0 459.0 176.0 small-vehicle 1
464.0 175.0 475.0 175.0 475.0 184.0 464.0 184.0 small-vehicle 1
466.0 180.0 476.0 180.0 476.0 188.0 466.0 188.0 small-vehicle 1
453.0 187.0 464.0 187.0 464.0 196.0 453.0 196.0 small-vehicle 1
451.0 184.0 461.0 184.0 461.0 192.0 451.0 192.0 small-vehicle 1
449.0 179.0 459.0 179.0 459.0 186.0 449.0 186.0 small-vehicle 1
444.0 177.0 454.0 177.0 454.0 184.0 444.0 184.0 small-vehicle 1
437.0 164.0 448.0 164.0 448.0 174.0 437.0 174.0 small-vehicle 1
403.0 10.0 414.0 10.0 414.0 20.0 403.0 20.0 small-vehicle 1
435.0 158.0 446.0 158.0 446.0 168.0 435.0 168.0 small-vehicle 1
432.0 155.0 443.0 155.0 443.0 164.0 432.0 164.0 small-vehicle 1
431.0 151.0 441.0 151.0 441.0 159.0 431.0 159.0 small-vehicle 1
429.0 147.0 438.0 147.0 438.0 155.0 429.0 155.0 small-vehicle 1
420.0 135.0 430.0 135.0 430.0 143.0 420.0 143.0 small-vehicle 1
416.0 131.0 427.0 131.0 427.0 139.0 416.0 139.0 small-vehicle 1
416.0 127.0 425.0 127.0 425.0 134.0 416.0 134.0 small-vehicle 1
414.0 123.0 424.0 123.0 424.0 131.0 414.0 131.0 small-vehicle 1
408.0 115.0 419.0 115.0 419.0 123.0 408.0 123.0 small-vehicle 1
453.0 279.0 464.0 279.0 464.0 293.0 453.0 293.0 small-vehicle 1
345.0 304.0 355.0 304.0 355.0 315.0 345.0 315.0 small-vehicle 1
341.0 307.0 350.0 307.0 350.0 318.0 341.0 318.0 small-vehicle 1
415.0 5.0 424.0 5.0 424.0 13.0 415.0 13.0 small-vehicle 1
1026.0 67.0 1034.0 67.0 1034.0 78.0 1026.0 78.0 small-vehicle 1
995.0 111.0 1003.0 111.0 1003.0 117.0 995.0 117.0 small-vehicle 1
988.0 118.0 996.0 118.0 996.0 129.0 988.0 129.0 small-vehicle 1
111.0 132.0 119.0 132.0 119.0 143.0 111.0 143.0 small-vehicle 1
38.0 111.0 47.0 111.0 47.0 119.0 38.0 119.0 small-vehicle 1
25.0 119.0 35.0 119.0 35.0 127.0 25.0 127.0 small-vehicle 1
21.0 110.0 29.0 110.0 29.0 119.0 21.0 119.0 small-vehicle 1
16.0 104.0 23.0 104.0 23.0 110.0 16.0 110.0 small-vehicle 1
18.0 107.0 27.0 107.0 27.0 114.0 18.0 114.0 small-vehicle 1
33.0 131.0 42.0 131.0 42.0 138.0 33.0 138.0 small-vehicle 1
29.0 150.0 39.0 150.0 39.0 157.0 29.0 157.0 small-vehicle 1
17.0 151.0 27.0 151.0 27.0 160.0 17.0 160.0 small-vehicle 1
13.0 144.0 22.0 144.0 22.0 153.0 13.0 153.0 small-vehicle 1
42.0 146.0 53.0 146.0 53.0 156.0 42.0 156.0 small-vehicle 1
47.0 127.0 56.0 127.0 56.0 135.0 47.0 135.0 small-vehicle 1
69.0 121.0 79.0 121.0 79.0 129.0 69.0 129.0 small-vehicle 1
102.0 120.0 110.0 120.0 110.0 129.0 102.0 129.0 small-vehicle 1
117.0 144.0 125.0 144.0 125.0 154.0 117.0 154.0 small-vehicle 1
47.0 82.0 56.0 82.0 56.0 91.0 47.0 91.0 small-vehicle 1
112.0 150.0 119.0 150.0 119.0 160.0 112.0 160.0 small-vehicle 1
121.0 157.0 129.0 157.0 129.0 164.0 121.0 164.0 small-vehicle 1
121.0 170.0 130.0 170.0 130.0 179.0 121.0 179.0 small-vehicle 1
84.0 180.0 94.0 180.0 94.0 187.0 84.0 187.0 small-vehicle 1
34.0 209.0 43.0 209.0 43.0 218.0 34.0 218.0 small-vehicle 1
59.0 224.0 69.0 224.0 69.0 228.0 59.0 228.0 small-vehicle 1
159.0 160.0 170.0 160.0 170.0 169.0 159.0 169.0 small-vehicle 1
1028.0 30.0 1039.0 30.0 1039.0 40.0 1028.0 40.0 small-vehicle 1
964.0 41.0 974.0 41.0 974.0 48.0 964.0 48.0 small-vehicle 1
1037.0 24.0 1052.0 24.0 1052.0 34.0 1037.0 34.0 small-vehicle 1
1147.0 282.0 1156.0 282.0 1156.0 294.0 1147.0 294.0 small-vehicle 1
1153.0 292.0 1162.0 292.0 1162.0 305.0 1153.0 305.0 small-vehicle 1
852.0 417.0 866.0 417.0 866.0 427.0 852.0 427.0 small-vehicle 1
52.0 90.0 63.0 90.0 63.0 100.0 52.0 100.0 small-vehicle 1
44.0 78.0 54.0 78.0 54.0 87.0 44.0 87.0 small-vehicle 1
1214.0 392.0 1222.0 392.0 1222.0 402.0 1214.0 402.0 small-vehicle 1
951.0 738.0 974.0 738.0 974.0 780.0 951.0 780.0 basketball-court 1
483.0 717.0 503.0 717.0 503.0 757.0 483.0 757.0 tennis-court 0
534.0 713.0 556.0 713.0 556.0 754.0 534.0 754.0 tennis-court 0
510.0 714.0 532.0 714.0 532.0 756.0 510.0 756.0 tennis-court 0
562.0 710.0 585.0 710.0 585.0 754.0 562.0 754.0 tennis-court 0
586.0 709.0 608.0 709.0 608.0 750.0 586.0 750.0 tennis-court 0
615.0 707.0 639.0 707.0 639.0 749.0 615.0 749.0 tennis-court 0
639.0 706.0 661.0 706.0 661.0 746.0 639.0 746.0 tennis-court 0
69.0 999.0 102.0 999.0 102.0 1050.0 69.0 1050.0 basketball-court 0
104.0 997.0 137.0 997.0 137.0 1048.0 104.0 1048.0 basketball-court 0
811.0 952.0 856.0 952.0 856.0 1006.0 811.0 1006.0 basketball-court 0
697.0 427.0 854.0 427.0 854.0 740.0 697.0 740.0 ground-track-field 0
718.0 481.0 839.0 481.0 839.0 687.0 718.0 687.0 soccer-ball-field 1
762.0 267.0 869.0 267.0 869.0 370.0 762.0 370.0 baseball-diamond 0
976.0 736.0 997.0 736.0 997.0 776.0 976.0 776.0 basketball-court 1
43.0 73.0 51.0 73.0 51.0 81.0 43.0 81.0 small-vehicle 1
12.0 679.0 295.0 679.0 295.0 814.0 12.0 814.0 ground-track-field 0
918.0 482.0 986.0 482.0 986.0 542.0 918.0 542.0 baseball-diamond 0
19.0 37.0 29.0 37.0 29.0 46.0 19.0 46.0 small-vehicle 1
22.0 41.0 32.0 41.0 32.0 50.0 22.0 50.0 small-vehicle 1
26.0 46.0 35.0 46.0 35.0 55.0 26.0 55.0 small-vehicle 1
36.0 62.0 44.0 62.0 44.0 70.0 36.0 70.0 small-vehicle 1
14.0 75.0 23.0 75.0 23.0 83.0 14.0 83.0 small-vehicle 1
17.0 78.0 27.0 78.0 27.0 87.0 17.0 87.0 small-vehicle 1
21.0 86.0 33.0 86.0 33.0 96.0 21.0 96.0 small-vehicle 1
25.0 91.0 34.0 91.0 34.0 99.0 25.0 99.0 small-vehicle 1
29.0 100.0 38.0 100.0 38.0 108.0 29.0 108.0 small-vehicle 1
31.0 103.0 41.0 103.0 41.0 113.0 31.0 113.0 small-vehicle 1
35.0 107.0 44.0 107.0 44.0 115.0 35.0 115.0 small-vehicle 1
1196.0 364.0 1205.0 364.0 1205.0 374.0 1196.0 374.0 small-vehicle 1
1228.0 419.0 1237.0 419.0 1237.0 429.0 1228.0 429.0 small-vehicle 1
954.0 191.0 964.0 191.0 964.0 200.0 954.0 200.0 small-vehicle 1
862.0 1033.0 871.0 1033.0 871.0 1038.0 862.0 1038.0 small-vehicle 1
1184.0 886.0 1193.0 886.0 1193.0 894.0 1184.0 894.0 small-vehicle 1
1216.0 876.0 1226.0 876.0 1226.0 881.0 1216.0 881.0 small-vehicle 1
1231.0 887.0 1242.0 887.0 1242.0 892.0 1231.0 892.0 small-vehicle 1
1238.0 877.0 1248.0 877.0 1248.0 884.0 1238.0 884.0 small-vehicle 1
1192.0 1055.0 1196.0 1055.0 1196.0 1066.0 1192.0 1066.0 small-vehicle 1
840.0 1064.0 851.0 1064.0 851.0 1068.0 840.0 1068.0 small-vehicle 1
840.0 1058.0 850.0 1058.0 850.0 1063.0 840.0 1063.0 small-vehicle 1
863.0 1063.0 872.0 1063.0 872.0 1068.0 863.0 1068.0 small-vehicle 1
862.0 1053.0 872.0 1053.0 872.0 1057.0 862.0 1057.0 small-vehicle 1
863.0 1048.0 872.0 1048.0 872.0 1052.0 863.0 1052.0 small-vehicle 1
862.0 1043.0 872.0 1043.0 872.0 1048.0 862.0 1048.0 small-vehicle 1
843.0 1030.0 847.0 1030.0 847.0 1042.0 843.0 1042.0 small-vehicle 1
862.0 1038.0 872.0 1038.0 872.0 1043.0 862.0 1043.0 small-vehicle 1
823.0 1058.0 832.0 1058.0 832.0 1062.0 823.0 1062.0 small-vehicle 1
1058.0 933.0 1068.0 933.0 1068.0 936.0 1058.0 936.0 small-vehicle 1
822.0 1063.0 832.0 1063.0 832.0 1067.0 822.0 1067.0 small-vehicle 1
824.0 1031.0 829.0 1031.0 829.0 1043.0 824.0 1043.0 small-vehicle 1
818.0 1032.0 825.0 1032.0 825.0 1043.0 818.0 1043.0 small-vehicle 1
814.0 1034.0 820.0 1034.0 820.0 1044.0 814.0 1044.0 small-vehicle 1
809.0 1037.0 815.0 1037.0 815.0 1046.0 809.0 1046.0 small-vehicle 1
804.0 1038.0 810.0 1038.0 810.0 1048.0 804.0 1048.0 small-vehicle 1
799.0 1039.0 806.0 1039.0 806.0 1050.0 799.0 1050.0 small-vehicle 1
794.0 1041.0 803.0 1041.0 803.0 1052.0 794.0 1052.0 small-vehicle 1
788.0 1046.0 798.0 1046.0 798.0 1055.0 788.0 1055.0 small-vehicle 1
785.0 1049.0 794.0 1049.0 794.0 1060.0 785.0 1060.0 small-vehicle 1
781.0 1053.0 789.0 1053.0 789.0 1062.0 781.0 1062.0 small-vehicle 1
774.0 1054.0 785.0 1054.0 785.0 1064.0 774.0 1064.0 small-vehicle 1
954.0 221.0 964.0 221.0 964.0 230.0 954.0 230.0 small-vehicle 1
1174.0 925.0 1178.0 925.0 1178.0 934.0 1174.0 934.0 small-vehicle 1
1061.0 923.0 1071.0 923.0 1071.0 926.0 1061.0 926.0 small-vehicle 1
1220.0 435.0 1228.0 435.0 1228.0 444.0 1220.0 444.0 small-vehicle 1
946.0 909.0 950.0 909.0 950.0 920.0 946.0 920.0 small-vehicle 1
1180.0 412.0 1188.0 412.0 1188.0 418.0 1180.0 418.0 small-vehicle 1
1150.0 433.0 1160.0 433.0 1160.0 442.0 1150.0 442.0 small-vehicle 1
1156.0 432.0 1164.0 432.0 1164.0 438.0 1156.0 438.0 small-vehicle 1
1158.0 423.0 1162.0 423.0 1162.0 431.0 1158.0 431.0 small-vehicle 1
1176.0 460.0 1187.0 460.0 1187.0 472.0 1176.0 472.0 small-vehicle 1
1179.0 473.0 1187.0 473.0 1187.0 483.0 1179.0 483.0 small-vehicle 1
1199.0 486.0 1207.0 486.0 1207.0 496.0 1199.0 496.0 small-vehicle 1
1204.0 486.0 1213.0 486.0 1213.0 496.0 1204.0 496.0 small-vehicle 1
932.0 884.0 938.0 884.0 938.0 894.0 932.0 894.0 small-vehicle 1
942.0 883.0 947.0 883.0 947.0 893.0 942.0 893.0 small-vehicle 1
947.0 882.0 952.0 882.0 952.0 892.0 947.0 892.0 small-vehicle 1
952.0 881.0 957.0 881.0 957.0 892.0 952.0 892.0 small-vehicle 1
963.0 880.0 967.0 880.0 967.0 891.0 963.0 891.0 small-vehicle 1
954.0 909.0 959.0 909.0 959.0 920.0 954.0 920.0 small-vehicle 1
1085.0 925.0 1096.0 925.0 1096.0 928.0 1085.0 928.0 small-vehicle 1
963.0 901.0 973.0 901.0 973.0 908.0 963.0 908.0 small-vehicle 1
981.0 905.0 990.0 905.0 990.0 914.0 981.0 914.0 small-vehicle 1
986.0 881.0 997.0 881.0 997.0 887.0 986.0 887.0 small-vehicle 1
1031.0 898.0 1041.0 898.0 1041.0 904.0 1031.0 904.0 small-vehicle 1
1027.0 888.0 1035.0 888.0 1035.0 892.0 1027.0 892.0 small-vehicle 1
1048.0 896.0 1058.0 896.0 1058.0 901.0 1048.0 901.0 small-vehicle 1
1051.0 886.0 1061.0 886.0 1061.0 890.0 1051.0 890.0 small-vehicle 1
1064.0 871.0 1073.0 871.0 1073.0 874.0 1064.0 874.0 small-vehicle 1
1062.0 855.0 1072.0 855.0 1072.0 860.0 1062.0 860.0 small-vehicle 1
1114.0 883.0 1123.0 883.0 1123.0 886.0 1114.0 886.0 small-vehicle 1
1090.0 853.0 1100.0 853.0 1100.0 858.0 1090.0 858.0 small-vehicle 1
1131.0 881.0 1142.0 881.0 1142.0 886.0 1131.0 886.0 small-vehicle 1
1086.0 915.0 1098.0 915.0 1098.0 920.0 1086.0 920.0 small-vehicle 1
330.0 870.0 335.0 870.0 335.0 879.0 330.0 879.0 small-vehicle 1
340.0 867.0 345.0 867.0 345.0 880.0 340.0 880.0 small-vehicle 1
184.0 8.0 195.0 8.0 195.0 16.0 184.0 16.0 small-vehicle 1
345.0 869.0 348.0 869.0 348.0 878.0 345.0 878.0 small-vehicle 1
100.0 70.0 111.0 70.0 111.0 78.0 100.0 78.0 small-vehicle 1
98.0 67.0 108.0 67.0 108.0 74.0 98.0 74.0 small-vehicle 1
95.0 61.0 106.0 61.0 106.0 70.0 95.0 70.0 small-vehicle 1
93.0 57.0 103.0 57.0 103.0 66.0 93.0 66.0 small-vehicle 1
91.0 52.0 101.0 52.0 101.0 61.0 91.0 61.0 small-vehicle 1
87.0 48.0 98.0 48.0 98.0 58.0 87.0 58.0 small-vehicle 1
85.0 45.0 96.0 45.0 96.0 53.0 85.0 53.0 small-vehicle 1
82.0 41.0 94.0 41.0 94.0 51.0 82.0 51.0 small-vehicle 1
79.0 37.0 91.0 37.0 91.0 46.0 79.0 46.0 small-vehicle 1
77.0 34.0 89.0 34.0 89.0 42.0 77.0 42.0 small-vehicle 1
75.0 30.0 86.0 30.0 86.0 37.0 75.0 37.0 small-vehicle 1
73.0 27.0 82.0 27.0 82.0 33.0 73.0 33.0 small-vehicle 1
71.0 21.0 81.0 21.0 81.0 30.0 71.0 30.0 small-vehicle 1
68.0 17.0 79.0 17.0 79.0 26.0 68.0 26.0 small-vehicle 1
66.0 13.0 76.0 13.0 76.0 21.0 66.0 21.0 small-vehicle 1
62.0 10.0 73.0 10.0 73.0 17.0 62.0 17.0 small-vehicle 1
131.0 78.0 141.0 78.0 141.0 87.0 131.0 87.0 small-vehicle 1
129.0 75.0 138.0 75.0 138.0 83.0 129.0 83.0 small-vehicle 1
127.0 71.0 136.0 71.0 136.0 79.0 127.0 79.0 small-vehicle 1
125.0 67.0 134.0 67.0 134.0 76.0 125.0 76.0 small-vehicle 1
121.0 62.0 131.0 62.0 131.0 72.0 121.0 72.0 small-vehicle 1
119.0 59.0 129.0 59.0 129.0 67.0 119.0 67.0 small-vehicle 1
116.0 55.0 127.0 55.0 127.0 63.0 116.0 63.0 small-vehicle 1
114.0 52.0 123.0 52.0 123.0 59.0 114.0 59.0 small-vehicle 1
111.0 47.0 121.0 47.0 121.0 54.0 111.0 54.0 small-vehicle 1
106.0 39.0 116.0 39.0 116.0 47.0 106.0 47.0 small-vehicle 1
104.0 34.0 115.0 34.0 115.0 42.0 104.0 42.0 small-vehicle 1
102.0 30.0 112.0 30.0 112.0 39.0 102.0 39.0 small-vehicle 1
99.0 26.0 109.0 26.0 109.0 35.0 99.0 35.0 small-vehicle 1
102.0 75.0 113.0 75.0 113.0 83.0 102.0 83.0 small-vehicle 1
105.0 78.0 115.0 78.0 115.0 87.0 105.0 87.0 small-vehicle 1
108.0 84.0 117.0 84.0 117.0 91.0 108.0 91.0 small-vehicle 1
177.0 547.0 186.0 547.0 186.0 551.0 177.0 551.0 small-vehicle 1
195.0 517.0 203.0 517.0 203.0 522.0 195.0 522.0 small-vehicle 1
195.0 512.0 204.0 512.0 204.0 517.0 195.0 517.0 small-vehicle 1
195.0 508.0 203.0 508.0 203.0 512.0 195.0 512.0 small-vehicle 1
194.0 503.0 202.0 503.0 202.0 508.0 194.0 508.0 small-vehicle 1
172.0 503.0 182.0 503.0 182.0 508.0 172.0 508.0 small-vehicle 1
161.0 510.0 173.0 510.0 173.0 514.0 161.0 514.0 small-vehicle 1
163.0 514.0 173.0 514.0 173.0 519.0 163.0 519.0 small-vehicle 1
163.0 520.0 174.0 520.0 174.0 524.0 163.0 524.0 small-vehicle 1
163.0 525.0 173.0 525.0 173.0 529.0 163.0 529.0 small-vehicle 1
162.0 529.0 173.0 529.0 173.0 534.0 162.0 534.0 small-vehicle 1
164.0 534.0 175.0 534.0 175.0 539.0 164.0 539.0 small-vehicle 1
164.0 539.0 175.0 539.0 175.0 543.0 164.0 543.0 small-vehicle 1
165.0 543.0 176.0 543.0 176.0 548.0 165.0 548.0 small-vehicle 1
178.0 560.0 188.0 560.0 188.0 565.0 178.0 565.0 small-vehicle 1
110.0 88.0 119.0 88.0 119.0 96.0 110.0 96.0 small-vehicle 1
177.0 566.0 188.0 566.0 188.0 570.0 177.0 570.0 small-vehicle 1
179.0 570.0 188.0 570.0 188.0 574.0 179.0 574.0 small-vehicle 1
177.0 589.0 189.0 589.0 189.0 593.0 177.0 593.0 small-vehicle 1
170.0 585.0 179.0 585.0 179.0 589.0 170.0 589.0 small-vehicle 1
170.0 575.0 177.0 575.0 177.0 580.0 170.0 580.0 small-vehicle 1
167.0 571.0 178.0 571.0 178.0 575.0 167.0 575.0 small-vehicle 1
167.0 567.0 177.0 567.0 177.0 571.0 167.0 571.0 small-vehicle 1
167.0 562.0 177.0 562.0 177.0 566.0 167.0 566.0 small-vehicle 1
166.0 558.0 176.0 558.0 176.0 562.0 166.0 562.0 small-vehicle 1
166.0 553.0 176.0 553.0 176.0 559.0 166.0 559.0 small-vehicle 1
166.0 547.0 176.0 547.0 176.0 552.0 166.0 552.0 small-vehicle 1
141.0 525.0 151.0 525.0 151.0 530.0 141.0 530.0 small-vehicle 1
113.0 91.0 122.0 91.0 122.0 99.0 113.0 99.0 small-vehicle 1
96.0 22.0 106.0 22.0 106.0 30.0 96.0 30.0 small-vehicle 1
94.0 19.0 104.0 19.0 104.0 26.0 94.0 26.0 small-vehicle 1
92.0 15.0 101.0 15.0 101.0 22.0 92.0 22.0 small-vehicle 1
141.0 6.0 152.0 6.0 152.0 14.0 141.0 14.0 small-vehicle 1
157.0 58.0 168.0 58.0 168.0 66.0 157.0 66.0 small-vehicle 1
160.0 61.0 172.0 61.0 172.0 71.0 160.0 71.0 small-vehicle 1
169.0 50.0 179.0 50.0 179.0 60.0 169.0 60.0 small-vehicle 1
167.0 46.0 176.0 46.0 176.0 55.0 167.0 55.0 small-vehicle 1
164.0 43.0 172.0 43.0 172.0 50.0 164.0 50.0 small-vehicle 1
162.0 38.0 171.0 38.0 171.0 46.0 162.0 46.0 small-vehicle 1
161.0 34.0 169.0 34.0 169.0 42.0 161.0 42.0 small-vehicle 1
158.0 30.0 167.0 30.0 167.0 37.0 158.0 37.0 small-vehicle 1
154.0 27.0 163.0 27.0 163.0 34.0 154.0 34.0 small-vehicle 1
152.0 24.0 161.0 24.0 161.0 30.0 152.0 30.0 small-vehicle 1
150.0 18.0 160.0 18.0 160.0 26.0 150.0 26.0 small-vehicle 1
149.0 16.0 157.0 16.0 157.0 22.0 149.0 22.0 small-vehicle 1
145.0 9.0 155.0 9.0 155.0 19.0 145.0 19.0 small-vehicle 1
192.0 44.0 201.0 44.0 201.0 51.0 192.0 51.0 small-vehicle 1
154.0 48.0 164.0 48.0 164.0 58.0 154.0 58.0 small-vehicle 1
188.0 39.0 198.0 39.0 198.0 48.0 188.0 48.0 small-vehicle 1
186.0 33.0 197.0 33.0 197.0 43.0 186.0 43.0 small-vehicle 1
184.0 30.0 193.0 30.0 193.0 39.0 184.0 39.0 small-vehicle 1
181.0 26.0 191.0 26.0 191.0 35.0 181.0 35.0 small-vehicle 1
178.0 22.0 189.0 22.0 189.0 30.0 178.0 30.0 small-vehicle 1
175.0 18.0 185.0 18.0 185.0 27.0 175.0 27.0 small-vehicle 1
173.0 15.0 183.0 15.0 183.0 23.0 173.0 23.0 small-vehicle 1
171.0 9.0 180.0 9.0 180.0 19.0 171.0 19.0 small-vehicle 1
196.0 28.0 207.0 28.0 207.0 37.0 196.0 37.0 small-vehicle 1
194.0 25.0 205.0 25.0 205.0 33.0 194.0 33.0 small-vehicle 1
193.0 20.0 203.0 20.0 203.0 29.0 193.0 29.0 small-vehicle 1
190.0 17.0 200.0 17.0 200.0 25.0 190.0 25.0 small-vehicle 1
187.0 13.0 197.0 13.0 197.0 21.0 187.0 21.0 small-vehicle 1
156.0 53.0 165.0 53.0 165.0 61.0 156.0 61.0 small-vehicle 1
151.0 45.0 161.0 45.0 161.0 54.0 151.0 54.0 small-vehicle 1
89.0 9.0 99.0 9.0 99.0 18.0 89.0 18.0 small-vehicle 1
112.0 24.0 121.0 24.0 121.0 32.0 112.0 32.0 small-vehicle 1
85.0 2.0 94.0 2.0 94.0 9.0 85.0 9.0 small-vehicle 1
141.0 74.0 150.0 74.0 150.0 81.0 141.0 81.0 small-vehicle 1
140.0 69.0 148.0 69.0 148.0 77.0 140.0 77.0 small-vehicle 1
137.0 65.0 146.0 65.0 146.0 73.0 137.0 73.0 small-vehicle 1
135.0 60.0 145.0 60.0 145.0 69.0 135.0 69.0 small-vehicle 1
131.0 57.0 143.0 57.0 143.0 65.0 131.0 65.0 small-vehicle 1
130.0 53.0 138.0 53.0 138.0 61.0 130.0 61.0 small-vehicle 1
128.0 48.0 137.0 48.0 137.0 55.0 128.0 55.0 small-vehicle 1
126.0 45.0 135.0 45.0 135.0 52.0 126.0 52.0 small-vehicle 1
123.0 40.0 132.0 40.0 132.0 49.0 123.0 49.0 small-vehicle 1
119.0 34.0 132.0 34.0 132.0 45.0 119.0 45.0 small-vehicle 1
117.0 31.0 128.0 31.0 128.0 40.0 117.0 40.0 small-vehicle 1
114.0 26.0 125.0 26.0 125.0 36.0 114.0 36.0 small-vehicle 1
110.0 20.0 121.0 20.0 121.0 28.0 110.0 28.0 small-vehicle 1
149.0 41.0 159.0 41.0 159.0 49.0 149.0 49.0 small-vehicle 1
107.0 16.0 117.0 16.0 117.0 25.0 107.0 25.0 small-vehicle 1
106.0 13.0 116.0 13.0 116.0 21.0 106.0 21.0 small-vehicle 1
103.0 8.0 113.0 8.0 113.0 15.0 103.0 15.0 small-vehicle 1
99.0 3.0 110.0 3.0 110.0 12.0 99.0 12.0 small-vehicle 1
126.0 5.0 135.0 5.0 135.0 12.0 126.0 12.0 small-vehicle 1
130.0 9.0 139.0 9.0 139.0 16.0 130.0 16.0 small-vehicle 1
132.0 12.0 141.0 12.0 141.0 20.0 132.0 20.0 small-vehicle 1
135.0 16.0 144.0 16.0 144.0 24.0 135.0 24.0 small-vehicle 1
136.0 20.0 147.0 20.0 147.0 28.0 136.0 28.0 small-vehicle 1
138.0 24.0 149.0 24.0 149.0 33.0 138.0 33.0 small-vehicle 1
142.0 28.0 151.0 28.0 151.0 37.0 142.0 37.0 small-vehicle 1
143.0 33.0 153.0 33.0 153.0 42.0 143.0 42.0 small-vehicle 1
147.0 37.0 157.0 37.0 157.0 45.0 147.0 45.0 small-vehicle 1
195.0 522.0 205.0 522.0 205.0 528.0 195.0 528.0 small-vehicle 1
196.0 527.0 205.0 527.0 205.0 533.0 196.0 533.0 small-vehicle 1
196.0 531.0 207.0 531.0 207.0 536.0 196.0 536.0 small-vehicle 1
261.0 542.0 272.0 542.0 272.0 547.0 261.0 547.0 small-vehicle 1
354.0 454.0 363.0 454.0 363.0 459.0 354.0 459.0 small-vehicle 1
355.0 450.0 363.0 450.0 363.0 454.0 355.0 454.0 small-vehicle 1
354.0 445.0 364.0 445.0 364.0 450.0 354.0 450.0 small-vehicle 1
316.0 595.0 321.0 595.0 321.0 603.0 316.0 603.0 small-vehicle 1
296.0 582.0 308.0 582.0 308.0 587.0 296.0 587.0 small-vehicle 1
296.0 572.0 306.0 572.0 306.0 577.0 296.0 577.0 small-vehicle 1
297.0 562.0 307.0 562.0 307.0 568.0 297.0 568.0 small-vehicle 1
297.0 557.0 306.0 557.0 306.0 561.0 297.0 561.0 small-vehicle 1
297.0 554.0 306.0 554.0 306.0 558.0 297.0 558.0 small-vehicle 1
304.0 536.0 315.0 536.0 315.0 541.0 304.0 541.0 small-vehicle 1
305.0 532.0 315.0 532.0 315.0 537.0 305.0 537.0 small-vehicle 1
304.0 526.0 315.0 526.0 315.0 531.0 304.0 531.0 small-vehicle 1
265.0 579.0 275.0 579.0 275.0 583.0 265.0 583.0 small-vehicle 1
261.0 536.0 271.0 536.0 271.0 541.0 261.0 541.0 small-vehicle 1
381.0 442.0 391.0 442.0 391.0 447.0 381.0 447.0 small-vehicle 1
261.0 531.0 271.0 531.0 271.0 536.0 261.0 536.0 small-vehicle 1
259.0 507.0 270.0 507.0 270.0 512.0 259.0 512.0 small-vehicle 1
259.0 504.0 269.0 504.0 269.0 507.0 259.0 507.0 small-vehicle 1
259.0 498.0 270.0 498.0 270.0 503.0 259.0 503.0 small-vehicle 1
243.0 584.0 253.0 584.0 253.0 590.0 243.0 590.0 small-vehicle 1
243.0 581.0 253.0 581.0 253.0 584.0 243.0 584.0 small-vehicle 1
241.0 576.0 252.0 576.0 252.0 580.0 241.0 580.0 small-vehicle 1
243.0 567.0 250.0 567.0 250.0 571.0 243.0 571.0 small-vehicle 1
243.0 562.0 250.0 562.0 250.0 566.0 243.0 566.0 small-vehicle 1
242.0 556.0 251.0 556.0 251.0 560.0 242.0 560.0 small-vehicle 1
241.0 552.0 250.0 552.0 250.0 555.0 241.0 555.0 small-vehicle 1
241.0 547.0 251.0 547.0 251.0 551.0 241.0 551.0 small-vehicle 1
241.0 543.0 250.0 543.0 250.0 547.0 241.0 547.0 small-vehicle 1
354.0 459.0 362.0 459.0 362.0 464.0 354.0 464.0 small-vehicle 1
363.0 452.0 368.0 452.0 368.0 462.0 363.0 462.0 small-vehicle 1
239.0 533.0 249.0 533.0 249.0 538.0 239.0 538.0 small-vehicle 1
317.0 618.0 329.0 618.0 329.0 623.0 317.0 623.0 small-vehicle 1
348.0 866.0 352.0 866.0 352.0 878.0 348.0 878.0 small-vehicle 1
331.0 858.0 336.0 858.0 336.0 868.0 331.0 868.0 small-vehicle 1
339.0 849.0 345.0 849.0 345.0 860.0 339.0 860.0 small-vehicle 1
369.0 845.0 374.0 845.0 374.0 856.0 369.0 856.0 small-vehicle 1
380.0 844.0 385.0 844.0 385.0 857.0 380.0 857.0 small-vehicle 1
402.0 843.0 407.0 843.0 407.0 855.0 402.0 855.0 small-vehicle 1
414.0 904.0 419.0 904.0 419.0 914.0 414.0 914.0 small-vehicle 1
380.0 716.0 386.0 716.0 386.0 729.0 380.0 729.0 small-vehicle 1
374.0 709.0 380.0 709.0 380.0 722.0 374.0 722.0 small-vehicle 1
369.0 711.0 375.0 711.0 375.0 724.0 369.0 724.0 small-vehicle 1
367.0 703.0 378.0 703.0 378.0 706.0 367.0 706.0 small-vehicle 1
366.0 695.0 377.0 695.0 377.0 701.0 366.0 701.0 small-vehicle 1
316.0 622.0 329.0 622.0 329.0 626.0 316.0 626.0 small-vehicle 1
319.0 608.0 330.0 608.0 330.0 611.0 319.0 611.0 small-vehicle 1
354.0 465.0 364.0 465.0 364.0 469.0 354.0 469.0 small-vehicle 1
375.0 562.0 389.0 562.0 389.0 566.0 375.0 566.0 small-vehicle 1
374.0 557.0 387.0 557.0 387.0 562.0 374.0 562.0 small-vehicle 1
373.0 549.0 382.0 549.0 382.0 553.0 373.0 553.0 small-vehicle 1
372.0 543.0 381.0 543.0 381.0 548.0 372.0 548.0 small-vehicle 1
373.0 539.0 382.0 539.0 382.0 543.0 373.0 543.0 small-vehicle 1
372.0 533.0 381.0 533.0 381.0 539.0 372.0 539.0 small-vehicle 1
372.0 529.0 382.0 529.0 382.0 533.0 372.0 533.0 small-vehicle 1
371.0 525.0 381.0 525.0 381.0 529.0 371.0 529.0 small-vehicle 1
371.0 521.0 380.0 521.0 380.0 525.0 371.0 525.0 small-vehicle 1
370.0 516.0 379.0 516.0 379.0 520.0 370.0 520.0 small-vehicle 1
372.0 511.0 381.0 511.0 381.0 514.0 372.0 514.0 small-vehicle 1
369.0 505.0 380.0 505.0 380.0 510.0 369.0 510.0 small-vehicle 1
369.0 500.0 380.0 500.0 380.0 505.0 369.0 505.0 small-vehicle 1
241.0 538.0 249.0 538.0 249.0 543.0 241.0 543.0 small-vehicle 1
240.0 528.0 250.0 528.0 250.0 533.0 240.0 533.0 small-vehicle 1
197.0 536.0 207.0 536.0 207.0 541.0 197.0 541.0 small-vehicle 1
208.0 559.0 219.0 559.0 219.0 563.0 208.0 563.0 small-vehicle 1
232.0 586.0 243.0 586.0 243.0 591.0 232.0 591.0 small-vehicle 1
203.0 502.0 213.0 502.0 213.0 507.0 203.0 507.0 small-vehicle 1
207.0 506.0 216.0 506.0 216.0 511.0 207.0 511.0 small-vehicle 1
205.0 511.0 216.0 511.0 216.0 517.0 205.0 517.0 small-vehicle 1
205.0 517.0 215.0 517.0 215.0 521.0 205.0 521.0 small-vehicle 1
207.0 521.0 217.0 521.0 217.0 525.0 207.0 525.0 small-vehicle 1
207.0 526.0 217.0 526.0 217.0 531.0 207.0 531.0 small-vehicle 1
208.0 531.0 217.0 531.0 217.0 535.0 208.0 535.0 small-vehicle 1
207.0 536.0 218.0 536.0 218.0 540.0 207.0 540.0 small-vehicle 1
208.0 540.0 217.0 540.0 217.0 545.0 208.0 545.0 small-vehicle 1
207.0 545.0 219.0 545.0 219.0 549.0 207.0 549.0 small-vehicle 1
208.0 551.0 218.0 551.0 218.0 555.0 208.0 555.0 small-vehicle 1
208.0 555.0 218.0 555.0 218.0 559.0 208.0 559.0 small-vehicle 1
209.0 564.0 219.0 564.0 219.0 568.0 209.0 568.0 small-vehicle 1
233.0 577.0 242.0 577.0 242.0 580.0 233.0 580.0 small-vehicle 1
210.0 569.0 221.0 569.0 221.0 573.0 210.0 573.0 small-vehicle 1
210.0 573.0 222.0 573.0 222.0 578.0 210.0 578.0 small-vehicle 1
211.0 578.0 222.0 578.0 222.0 582.0 211.0 582.0 small-vehicle 1
212.0 583.0 222.0 583.0 222.0 587.0 212.0 587.0 small-vehicle 1
212.0 588.0 223.0 588.0 223.0 592.0 212.0 592.0 small-vehicle 1
202.0 584.0 211.0 584.0 211.0 588.0 202.0 588.0 small-vehicle 1
201.0 578.0 210.0 578.0 210.0 583.0 201.0 583.0 small-vehicle 1
201.0 574.0 210.0 574.0 210.0 578.0 201.0 578.0 small-vehicle 1
201.0 569.0 211.0 569.0 211.0 574.0 201.0 574.0 small-vehicle 1
199.0 560.0 208.0 560.0 208.0 565.0 199.0 565.0 small-vehicle 1
198.0 551.0 208.0 551.0 208.0 555.0 198.0 555.0 small-vehicle 1
198.0 546.0 208.0 546.0 208.0 551.0 198.0 551.0 small-vehicle 1
198.0 542.0 209.0 542.0 209.0 546.0 198.0 546.0 small-vehicle 1
233.0 580.0 242.0 580.0 242.0 585.0 233.0 585.0 small-vehicle 1
233.0 572.0 241.0 572.0 241.0 576.0 233.0 576.0 small-vehicle 1
240.0 523.0 249.0 523.0 249.0 528.0 240.0 528.0 small-vehicle 1
187.0 477.0 192.0 477.0 192.0 488.0 187.0 488.0 small-vehicle 1
240.0 519.0 249.0 519.0 249.0 523.0 240.0 523.0 small-vehicle 1
238.0 515.0 249.0 515.0 249.0 519.0 238.0 519.0 small-vehicle 1
237.0 509.0 249.0 509.0 249.0 513.0 237.0 513.0 small-vehicle 1
237.0 505.0 246.0 505.0 246.0 509.0 237.0 509.0 small-vehicle 1
237.0 500.0 245.0 500.0 245.0 505.0 237.0 505.0 small-vehicle 1
269.0 471.0 275.0 471.0 275.0 480.0 269.0 480.0 small-vehicle 1
264.0 473.0 269.0 473.0 269.0 482.0 264.0 482.0 small-vehicle 1
258.0 473.0 264.0 473.0 264.0 483.0 258.0 483.0 small-vehicle 1
234.0 475.0 240.0 475.0 240.0 484.0 234.0 484.0 small-vehicle 1
225.0 475.0 229.0 475.0 229.0 484.0 225.0 484.0 small-vehicle 1
212.0 476.0 216.0 476.0 216.0 486.0 212.0 486.0 small-vehicle 1
197.0 476.0 202.0 476.0 202.0 487.0 197.0 487.0 small-vehicle 1
192.0 476.0 196.0 476.0 196.0 487.0 192.0 487.0 small-vehicle 1
183.0 478.0 187.0 478.0 187.0 489.0 183.0 489.0 small-vehicle 1
232.0 567.0 242.0 567.0 242.0 572.0 232.0 572.0 small-vehicle 1
225.0 500.0 235.0 500.0 235.0 505.0 225.0 505.0 small-vehicle 1
226.0 506.0 236.0 506.0 236.0 511.0 226.0 511.0 small-vehicle 1
226.0 510.0 236.0 510.0 236.0 515.0 226.0 515.0 small-vehicle 1
229.0 515.0 239.0 515.0 239.0 520.0 229.0 520.0 small-vehicle 1
229.0 520.0 238.0 520.0 238.0 524.0 229.0 524.0 small-vehicle 1
229.0 524.0 239.0 524.0 239.0 529.0 229.0 529.0 small-vehicle 1
230.0 529.0 240.0 529.0 240.0 532.0 230.0 532.0 small-vehicle 1
229.0 532.0 240.0 532.0 240.0 537.0 229.0 537.0 small-vehicle 1
229.0 544.0 240.0 544.0 240.0 547.0 229.0 547.0 small-vehicle 1
230.0 548.0 240.0 548.0 240.0 553.0 230.0 553.0 small-vehicle 1
230.0 553.0 240.0 553.0 240.0 557.0 230.0 557.0 small-vehicle 1
230.0 557.0 241.0 557.0 241.0 561.0 230.0 561.0 small-vehicle 1
232.0 563.0 243.0 563.0 243.0 567.0 232.0 567.0 small-vehicle 1
459.0 717.0 480.0 717.0 480.0 759.0 459.0 759.0 tennis-court 0
