imagesource:GoogleEarth
gsd:0.532459760246
2950.0 487.0 2959.0 487.0 2959.0 492.0 2950.0 492.0 small-vehicle 1
2913.0 483.0 2923.0 483.0 2923.0 489.0 2913.0 489.0 small-vehicle 1
182.0 1125.0 188.0 1125.0 188.0 1137.0 182.0 1137.0 small-vehicle 1
4.0 1132.0 13.0 1132.0 13.0 1144.0 4.0 1144.0 small-vehicle 1
63.0 1098.0 74.0 1098.0 74.0 1103.0 63.0 1103.0 small-vehicle 1
25.0 995.0 33.0 995.0 33.0 1001.0 25.0 1001.0 small-vehicle 1
214.0 991.0 234.0 991.0 234.0 1000.0 214.0 1000.0 swimming-pool 0
36.0 835.0 46.0 835.0 46.0 840.0 36.0 840.0 small-vehicle 1
32.0 885.0 44.0 885.0 44.0 890.0 32.0 890.0 small-vehicle 1
99.0 864.0 111.0 864.0 111.0 870.0 99.0 870.0 small-vehicle 1
176.0 854.0 188.0 854.0 188.0 861.0 176.0 861.0 small-vehicle 1
210.0 858.0 223.0 858.0 223.0 863.0 210.0 863.0 small-vehicle 1
292.0 845.0 303.0 845.0 303.0 851.0 292.0 851.0 small-vehicle 1
137.0 822.0 148.0 822.0 148.0 829.0 137.0 829.0 small-vehicle 1
184.0 825.0 195.0 825.0 195.0 830.0 184.0 830.0 small-vehicle 1
236.0 816.0 245.0 816.0 245.0 823.0 236.0 823.0 small-vehicle 1
188.0 815.0 198.0 815.0 198.0 821.0 188.0 821.0 small-vehicle 1
262.0 806.0 273.0 806.0 273.0 811.0 262.0 811.0 small-vehicle 1
295.0 809.0 304.0 809.0 304.0 814.0 295.0 814.0 small-vehicle 1
343.0 803.0 356.0 803.0 356.0 809.0 343.0 809.0 small-vehicle 1
382.0 832.0 393.0 832.0 393.0 839.0 382.0 839.0 small-vehicle 1
478.0 783.0 490.0 783.0 490.0 788.0 478.0 788.0 small-vehicle 1
560.0 766.0 571.0 766.0 571.0 774.0 560.0 774.0 small-vehicle 1
650.0 753.0 661.0 753.0 661.0 758.0 650.0 758.0 small-vehicle 1
669.0 757.0 680.0 757.0 680.0 764.0 669.0 764.0 small-vehicle 1
285.0 567.0 292.0 567.0 292.0 577.0 285.0 577.0 ship 1
279.0 560.0 287.0 560.0 287.0 574.0 279.0 574.0 ship 1
293.0 535.0 305.0 535.0 305.0 549.0 293.0 549.0 ship 1
2507.0 477.0 3139.0 477.0 3139.0 609.0 2507.0 609.0 bridge 0
88.0 773.0 106.0 773.0 106.0 784.0 88.0 784.0 swimming-pool 0
9.0 785.0 24.0 785.0 24.0 796.0 9.0 796.0 swimming-pool 0
167.0 756.0 188.0 756.0 188.0 772.0 167.0 772.0 swimming-pool 0
55.0 602.0 69.0 602.0 69.0 629.0 55.0 629.0 swimming-pool 0
174.0 424.0 189.0 424.0 189.0 445.0 174.0 445.0 swimming-pool 0
104.0 326.0 128.0 326.0 128.0 354.0 104.0 354.0 swimming-pool 0
86.0 334.0 107.0 334.0 107.0 354.0 86.0 354.0 swimming-pool 0
411.0 782.0 448.0 782.0 448.0 796.0 411.0 796.0 large-vehicle 0
3059.0 467.0 3096.0 467.0 3096.0 478.0 3059.0 478.0 large-vehicle 0
1824.0 448.0 3131.0 448.0 3131.0 648.0 1824.0 648.0 bridge 0
1856.0 573.0 2509.0 573.0 2509.0 685.0 1856.0 685.0 bridge 0
382.0 1065.0 531.0 1065.0 531.0 1084.0 382.0 1084.0 harbor 0
261.0 765.0 525.0 765.0 525.0 823.0 261.0 823.0 bridge 0
256.0 805.0 531.0 805.0 531.0 862.0 256.0 862.0 bridge 0
414.0 330.0 493.0 330.0 493.0 350.0 414.0 350.0 harbor 0
449.0 382.0 531.0 382.0 531.0 422.0 449.0 422.0 harbor 0
414.0 553.0 473.0 553.0 473.0 566.0 414.0 566.0 harbor 0
363.0 618.0 445.0 618.0 445.0 630.0 363.0 630.0 harbor 0
349.0 642.0 406.0 642.0 406.0 663.0 349.0 663.0 harbor 0
367.0 720.0 416.0 720.0 416.0 741.0 367.0 741.0 harbor 0
377.0 921.0 400.0 921.0 400.0 935.0 377.0 935.0 harbor 0
355.0 983.0 396.0 983.0 396.0 1002.0 355.0 1002.0 harbor 0
719.0 745.0 728.0 745.0 728.0 750.0 719.0 750.0 small-vehicle 1
837.0 732.0 847.0 732.0 847.0 736.0 837.0 736.0 small-vehicle 1
857.0 767.0 868.0 767.0 868.0 774.0 857.0 774.0 small-vehicle 1
2666.0 516.0 2677.0 516.0 2677.0 521.0 2666.0 521.0 small-vehicle 1
2342.0 562.0 2354.0 562.0 2354.0 569.0 2342.0 569.0 small-vehicle 1
2403.0 551.0 2413.0 551.0 2413.0 557.0 2403.0 557.0 small-vehicle 1
2405.0 557.0 2414.0 557.0 2414.0 564.0 2405.0 564.0 small-vehicle 1
2540.0 533.0 2548.0 533.0 2548.0 539.0 2540.0 539.0 small-vehicle 1
1935.0 660.0 1947.0 660.0 1947.0 665.0 1935.0 665.0 small-vehicle 1
2011.0 642.0 2023.0 642.0 2023.0 648.0 2011.0 648.0 small-vehicle 1
2057.0 639.0 2066.0 639.0 2066.0 644.0 2057.0 644.0 small-vehicle 1
2104.0 634.0 2113.0 634.0 2113.0 639.0 2104.0 639.0 small-vehicle 1
2463.0 597.0 2472.0 597.0 2472.0 603.0 2463.0 603.0 small-vehicle 1
2582.0 581.0 2596.0 581.0 2596.0 587.0 2582.0 587.0 small-vehicle 1
2866.0 489.0 2876.0 489.0 2876.0 495.0 2866.0 495.0 small-vehicle 1
2120.0 640.0 2129.0 640.0 2129.0 646.0 2120.0 646.0 small-vehicle 1
3196.0 476.0 3207.0 476.0 3207.0 481.0 3196.0 481.0 small-vehicle 1
2962.0 523.0 2973.0 523.0 2973.0 528.0 2962.0 528.0 small-vehicle 1
2350.0 612.0 2359.0 612.0 2359.0 618.0 2350.0 618.0 small-vehicle 1
2683.0 565.0 2693.0 565.0 2693.0 570.0 2683.0 570.0 small-vehicle 1
2660.0 523.0 2670.0 523.0 2670.0 527.0 2660.0 527.0 small-vehicle 1
2785.0 548.0 2795.0 548.0 2795.0 555.0 2785.0 555.0 small-vehicle 1
2922.0 519.0 2933.0 519.0 2933.0 525.0 2922.0 525.0 small-vehicle 1
2960.0 514.0 2972.0 514.0 2972.0 519.0 2960.0 519.0 small-vehicle 1
3013.0 512.0 3023.0 512.0 3023.0 518.0 3013.0 518.0 small-vehicle 1
3033.0 500.0 3042.0 500.0 3042.0 506.0 3033.0 506.0 small-vehicle 1
2291.0 613.0 2301.0 613.0 2301.0 617.0 2291.0 617.0 small-vehicle 1
2193.0 631.0 2202.0 631.0 2202.0 636.0 2193.0 636.0 small-vehicle 1
916.0 763.0 926.0 763.0 926.0 769.0 916.0 769.0 small-vehicle 1
1237.0 686.0 1250.0 686.0 1250.0 693.0 1237.0 693.0 small-vehicle 1
686.0 795.0 695.0 795.0 695.0 801.0 686.0 801.0 small-vehicle 1
570.0 808.0 582.0 808.0 582.0 815.0 570.0 815.0 small-vehicle 1
720.0 752.0 733.0 752.0 733.0 758.0 720.0 758.0 small-vehicle 1
130.0 92.0 139.0 92.0 139.0 104.0 130.0 104.0 small-vehicle 1
197.0 298.0 207.0 298.0 207.0 308.0 197.0 308.0 small-vehicle 1
194.0 354.0 202.0 354.0 202.0 365.0 194.0 365.0 small-vehicle 1
333.0 397.0 337.0 397.0 337.0 408.0 333.0 408.0 small-vehicle 1
342.0 413.0 353.0 413.0 353.0 419.0 342.0 419.0 small-vehicle 1
966.0 764.0 980.0 764.0 980.0 770.0 966.0 770.0 small-vehicle 1
1018.0 709.0 1032.0 709.0 1032.0 714.0 1018.0 714.0 small-vehicle 1
1315.0 728.0 1329.0 728.0 1329.0 733.0 1315.0 733.0 small-vehicle 1
2179.0 626.0 2189.0 626.0 2189.0 630.0 2179.0 630.0 small-vehicle 1
1335.0 717.0 1348.0 717.0 1348.0 724.0 1335.0 724.0 small-vehicle 1
1441.0 715.0 1455.0 715.0 1455.0 720.0 1441.0 720.0 small-vehicle 1
1571.0 668.0 1583.0 668.0 1583.0 674.0 1571.0 674.0 small-vehicle 1
1479.0 668.0 1495.0 668.0 1495.0 675.0 1479.0 675.0 small-vehicle 1
1080.0 702.0 1092.0 702.0 1092.0 706.0 1080.0 706.0 small-vehicle 1
1803.0 547.0 1814.0 547.0 1814.0 552.0 1803.0 552.0 small-vehicle 1
1746.0 644.0 1758.0 644.0 1758.0 649.0 1746.0 649.0 small-vehicle 1
1733.0 684.0 1743.0 684.0 1743.0 689.0 1733.0 689.0 small-vehicle 1
1631.0 655.0 1641.0 655.0 1641.0 661.0 1631.0 661.0 small-vehicle 1
1588.0 661.0 1600.0 661.0 1600.0 667.0 1588.0 667.0 small-vehicle 1
56.0 663.0 67.0 663.0 67.0 684.0 56.0 684.0 swimming-pool 0
