imagesource:GoogleEarth
gsd:0.571497522832
28.0 117.0 37.0 117.0 37.0 123.0 28.0 123.0 small-vehicle 1
95.0 840.0 103.0 840.0 103.0 844.0 95.0 844.0 small-vehicle 1
99.0 703.0 106.0 703.0 106.0 707.0 99.0 707.0 small-vehicle 1
98.0 708.0 106.0 708.0 106.0 711.0 98.0 711.0 small-vehicle 1
99.0 715.0 107.0 715.0 107.0 718.0 99.0 718.0 small-vehicle 1
98.0 719.0 107.0 719.0 107.0 723.0 98.0 723.0 small-vehicle 1
97.0 726.0 105.0 726.0 105.0 729.0 97.0 729.0 small-vehicle 1
65.0 728.0 73.0 728.0 73.0 732.0 65.0 732.0 small-vehicle 1
66.0 722.0 74.0 722.0 74.0 725.0 66.0 725.0 small-vehicle 1
97.0 754.0 106.0 754.0 106.0 757.0 97.0 757.0 small-vehicle 1
96.0 835.0 104.0 835.0 104.0 839.0 96.0 839.0 small-vehicle 1
95.0 846.0 102.0 846.0 102.0 850.0 95.0 850.0 small-vehicle 1
511.0 212.0 517.0 212.0 517.0 221.0 511.0 221.0 small-vehicle 1
94.0 854.0 101.0 854.0 101.0 857.0 94.0 857.0 small-vehicle 1
94.0 860.0 102.0 860.0 102.0 864.0 94.0 864.0 small-vehicle 1
36.0 718.0 45.0 718.0 45.0 722.0 36.0 722.0 small-vehicle 1
63.0 758.0 72.0 758.0 72.0 763.0 63.0 763.0 small-vehicle 1
63.0 792.0 72.0 792.0 72.0 796.0 63.0 796.0 small-vehicle 1
63.0 798.0 71.0 798.0 71.0 802.0 63.0 802.0 small-vehicle 1
61.0 804.0 71.0 804.0 71.0 808.0 61.0 808.0 small-vehicle 1
61.0 810.0 70.0 810.0 70.0 816.0 61.0 816.0 small-vehicle 1
61.0 817.0 69.0 817.0 69.0 821.0 61.0 821.0 small-vehicle 1
99.0 697.0 109.0 697.0 109.0 701.0 99.0 701.0 small-vehicle 1
517.0 209.0 522.0 209.0 522.0 219.0 517.0 219.0 small-vehicle 1
44.0 116.0 53.0 116.0 53.0 123.0 44.0 123.0 small-vehicle 1
413.0 324.0 423.0 324.0 423.0 345.0 413.0 345.0 large-vehicle 0
514.0 266.0 579.0 266.0 579.0 330.0 514.0 330.0 baseball-diamond 0
254.0 35.0 317.0 35.0 317.0 96.0 254.0 96.0 storage-tank 0
608.0 226.0 629.0 226.0 629.0 268.0 608.0 268.0 tennis-court 0
636.0 228.0 657.0 228.0 657.0 270.0 636.0 270.0 tennis-court 0
697.0 268.0 716.0 268.0 716.0 312.0 697.0 312.0 tennis-court 0
668.0 267.0 688.0 267.0 688.0 309.0 668.0 309.0 tennis-court 0
604.0 290.0 626.0 290.0 626.0 333.0 604.0 333.0 tennis-court 0
633.0 292.0 654.0 292.0 654.0 334.0 633.0 334.0 tennis-court 0
399.0 299.0 419.0 299.0 419.0 318.0 399.0 318.0 large-vehicle 0
206.0 658.0 329.0 658.0 329.0 863.0 206.0 863.0 soccer-ball-field 0
524.0 206.0 531.0 206.0 531.0 216.0 524.0 216.0 small-vehicle 1
169.0 594.0 355.0 594.0 355.0 928.0 169.0 928.0 ground-track-field 0
88.0 7.0 97.0 7.0 97.0 11.0 88.0 11.0 small-vehicle 1
87.0 16.0 97.0 16.0 97.0 22.0 87.0 22.0 small-vehicle 1
61.0 63.0 69.0 63.0 69.0 69.0 61.0 69.0 small-vehicle 1
59.0 101.0 68.0 101.0 68.0 108.0 59.0 108.0 small-vehicle 1
40.0 110.0 50.0 110.0 50.0 118.0 40.0 118.0 small-vehicle 1
85.0 87.0 95.0 87.0 95.0 95.0 85.0 95.0 small-vehicle 1
536.0 203.0 543.0 203.0 543.0 211.0 536.0 211.0 small-vehicle 1
529.0 204.0 537.0 204.0 537.0 214.0 529.0 214.0 small-vehicle 1
61.0 823.0 68.0 823.0 68.0 826.0 61.0 826.0 small-vehicle 1
61.0 829.0 68.0 829.0 68.0 832.0 61.0 832.0 small-vehicle 1
71.0 829.0 79.0 829.0 79.0 832.0 71.0 832.0 small-vehicle 1
98.0 777.0 104.0 777.0 104.0 781.0 98.0 781.0 small-vehicle 1
72.0 818.0 80.0 818.0 80.0 822.0 72.0 822.0 small-vehicle 1
95.0 820.0 102.0 820.0 102.0 825.0 95.0 825.0 small-vehicle 1
72.0 836.0 79.0 836.0 79.0 840.0 72.0 840.0 small-vehicle 1
60.0 835.0 70.0 835.0 70.0 840.0 60.0 840.0 small-vehicle 1
60.0 842.0 68.0 842.0 68.0 845.0 60.0 845.0 small-vehicle 1
70.0 841.0 79.0 841.0 79.0 845.0 70.0 845.0 small-vehicle 1
96.0 806.0 104.0 806.0 104.0 809.0 96.0 809.0 small-vehicle 1
95.0 801.0 103.0 801.0 103.0 804.0 95.0 804.0 small-vehicle 1
96.0 796.0 103.0 796.0 103.0 799.0 96.0 799.0 small-vehicle 1
96.0 771.0 104.0 771.0 104.0 774.0 96.0 774.0 small-vehicle 1
75.0 747.0 82.0 747.0 82.0 751.0 75.0 751.0 small-vehicle 1
97.0 765.0 105.0 765.0 105.0 769.0 97.0 769.0 small-vehicle 1
96.0 759.0 105.0 759.0 105.0 763.0 96.0 763.0 small-vehicle 1
521.0 183.0 526.0 183.0 526.0 192.0 521.0 192.0 small-vehicle 1
60.0 14.0 69.0 14.0 69.0 19.0 60.0 19.0 small-vehicle 1
46.0 47.0 50.0 47.0 50.0 57.0 46.0 57.0 small-vehicle 1
46.0 63.0 55.0 63.0 55.0 67.0 46.0 67.0 small-vehicle 1
31.0 59.0 40.0 59.0 40.0 63.0 31.0 63.0 small-vehicle 1
27.0 72.0 32.0 72.0 32.0 80.0 27.0 80.0 small-vehicle 1
34.0 121.0 43.0 121.0 43.0 128.0 34.0 128.0 small-vehicle 1
72.0 811.0 80.0 811.0 80.0 816.0 72.0 816.0 small-vehicle 1
72.0 793.0 82.0 793.0 82.0 798.0 72.0 798.0 small-vehicle 1
73.0 759.0 81.0 759.0 81.0 762.0 73.0 762.0 small-vehicle 1
73.0 753.0 80.0 753.0 80.0 756.0 73.0 756.0 small-vehicle 1
71.0 823.0 79.0 823.0 79.0 826.0 71.0 826.0 small-vehicle 1
37.0 694.0 44.0 694.0 44.0 698.0 37.0 698.0 small-vehicle 1
37.0 700.0 44.0 700.0 44.0 704.0 37.0 704.0 small-vehicle 1
37.0 706.0 45.0 706.0 45.0 710.0 37.0 710.0 small-vehicle 1
36.0 713.0 44.0 713.0 44.0 718.0 36.0 718.0 small-vehicle 1
36.0 725.0 44.0 725.0 44.0 728.0 36.0 728.0 small-vehicle 1
37.0 729.0 45.0 729.0 45.0 733.0 37.0 733.0 small-vehicle 1
36.0 735.0 44.0 735.0 44.0 739.0 36.0 739.0 small-vehicle 1
36.0 742.0 43.0 742.0 43.0 746.0 36.0 746.0 small-vehicle 1
36.0 747.0 42.0 747.0 42.0 751.0 36.0 751.0 small-vehicle 1
35.0 754.0 42.0 754.0 42.0 756.0 35.0 756.0 small-vehicle 1
74.0 704.0 82.0 704.0 82.0 708.0 74.0 708.0 small-vehicle 1
74.0 712.0 82.0 712.0 82.0 716.0 74.0 716.0 small-vehicle 1
75.0 728.0 83.0 728.0 83.0 732.0 75.0 732.0 small-vehicle 1
74.0 735.0 82.0 735.0 82.0 738.0 74.0 738.0 small-vehicle 1
64.0 735.0 71.0 735.0 71.0 738.0 64.0 738.0 small-vehicle 1
75.0 741.0 82.0 741.0 82.0 745.0 75.0 745.0 small-vehicle 1
63.0 747.0 71.0 747.0 71.0 751.0 63.0 751.0 small-vehicle 1
62.0 752.0 72.0 752.0 72.0 757.0 62.0 757.0 small-vehicle 1
294.0 132.0 373.0 132.0 373.0 216.0 294.0 216.0 baseball-diamond 0
