imagesource:GoogleEarth
gsd:0.57565975799
1082.0 348.0 1090.0 348.0 1090.0 359.0 1082.0 359.0 small-vehicle 1
406.0 435.0 414.0 435.0 414.0 443.0 406.0 443.0 small-vehicle 1
410.0 317.0 414.0 317.0 414.0 325.0 410.0 325.0 small-vehicle 1
405.0 320.0 410.0 320.0 410.0 327.0 405.0 327.0 small-vehicle 1
399.0 323.0 405.0 323.0 405.0 331.0 399.0 331.0 small-vehicle 1
394.0 326.0 400.0 326.0 400.0 334.0 394.0 334.0 small-vehicle 1
388.0 330.0 396.0 330.0 396.0 337.0 388.0 337.0 small-vehicle 1
379.0 337.0 386.0 337.0 386.0 341.0 379.0 341.0 small-vehicle 1
298.0 400.0 306.0 400.0 306.0 408.0 298.0 408.0 small-vehicle 1
324.0 415.0 334.0 415.0 334.0 422.0 324.0 422.0 small-vehicle 1
349.0 409.0 356.0 409.0 356.0 417.0 349.0 417.0 small-vehicle 1
345.0 405.0 353.0 405.0 353.0 414.0 345.0 414.0 small-vehicle 1
341.0 402.0 349.0 402.0 349.0 410.0 341.0 410.0 small-vehicle 1
338.0 393.0 347.0 393.0 347.0 401.0 338.0 401.0 small-vehicle 1
336.0 389.0 343.0 389.0 343.0 395.0 336.0 395.0 small-vehicle 1
342.0 373.0 351.0 373.0 351.0 381.0 342.0 381.0 small-vehicle 1
346.0 382.0 354.0 382.0 354.0 390.0 346.0 390.0 small-vehicle 1
348.0 386.0 357.0 386.0 357.0 393.0 348.0 393.0 small-vehicle 1
352.0 389.0 360.0 389.0 360.0 397.0 352.0 397.0 small-vehicle 1
352.0 393.0 362.0 393.0 362.0 401.0 352.0 401.0 small-vehicle 1
362.0 407.0 372.0 407.0 372.0 413.0 362.0 413.0 small-vehicle 1
368.0 417.0 380.0 417.0 380.0 426.0 368.0 426.0 small-vehicle 1
373.0 426.0 383.0 426.0 383.0 433.0 373.0 433.0 small-vehicle 1
391.0 449.0 399.0 449.0 399.0 457.0 391.0 457.0 small-vehicle 1
393.0 453.0 402.0 453.0 402.0 460.0 393.0 460.0 small-vehicle 1
411.0 481.0 422.0 481.0 422.0 489.0 411.0 489.0 small-vehicle 1
412.0 486.0 423.0 486.0 423.0 494.0 412.0 494.0 small-vehicle 1
418.0 493.0 429.0 493.0 429.0 501.0 418.0 501.0 small-vehicle 1
420.0 499.0 428.0 499.0 428.0 507.0 420.0 507.0 small-vehicle 1
421.0 458.0 430.0 458.0 430.0 467.0 421.0 467.0 small-vehicle 1
415.0 452.0 424.0 452.0 424.0 459.0 415.0 459.0 small-vehicle 1
348.0 344.0 355.0 344.0 355.0 354.0 348.0 354.0 small-vehicle 1
331.0 326.0 337.0 326.0 337.0 334.0 331.0 334.0 small-vehicle 1
290.0 360.0 299.0 360.0 299.0 367.0 290.0 367.0 small-vehicle 1
846.0 15.0 857.0 15.0 857.0 22.0 846.0 22.0 small-vehicle 1
343.0 428.0 384.0 428.0 384.0 475.0 343.0 475.0 tennis-court 0
376.0 482.0 417.0 482.0 417.0 529.0 376.0 529.0 tennis-court 0
349.0 499.0 390.0 499.0 390.0 545.0 349.0 545.0 tennis-court 0
358.0 497.0 643.0 497.0 643.0 837.0 358.0 837.0 ground-track-field 0
413.0 564.0 590.0 564.0 590.0 772.0 413.0 772.0 soccer-ball-field 1
665.0 774.0 772.0 774.0 772.0 871.0 665.0 871.0 baseball-diamond 0
663.0 893.0 729.0 893.0 729.0 952.0 663.0 952.0 baseball-diamond 0
831.0 808.0 858.0 808.0 858.0 830.0 831.0 830.0 tennis-court 1
838.0 821.0 865.0 821.0 865.0 843.0 838.0 843.0 tennis-court 1
846.0 832.0 874.0 832.0 874.0 855.0 846.0 855.0 tennis-court 1
804.0 758.0 850.0 758.0 850.0 796.0 804.0 796.0 basketball-court 1
792.0 739.0 837.0 739.0 837.0 776.0 792.0 776.0 basketball-court 1
815.0 778.0 863.0 778.0 863.0 819.0 815.0 819.0 basketball-court 1
618.0 980.0 628.0 980.0 628.0 990.0 618.0 990.0 small-vehicle 1
283.0 352.0 293.0 352.0 293.0 360.0 283.0 360.0 small-vehicle 1
549.0 908.0 558.0 908.0 558.0 918.0 549.0 918.0 small-vehicle 1
527.0 885.0 536.0 885.0 536.0 894.0 527.0 894.0 small-vehicle 1
439.0 784.0 446.0 784.0 446.0 793.0 439.0 793.0 small-vehicle 1
415.0 752.0 421.0 752.0 421.0 761.0 415.0 761.0 small-vehicle 1
371.0 706.0 381.0 706.0 381.0 718.0 371.0 718.0 small-vehicle 1
374.0 697.0 382.0 697.0 382.0 708.0 374.0 708.0 small-vehicle 1
334.0 647.0 344.0 647.0 344.0 659.0 334.0 659.0 small-vehicle 1
293.0 588.0 302.0 588.0 302.0 599.0 293.0 599.0 small-vehicle 1
219.0 464.0 228.0 464.0 228.0 474.0 219.0 474.0 small-vehicle 1
168.0 402.0 178.0 402.0 178.0 414.0 168.0 414.0 small-vehicle 1
300.0 329.0 308.0 329.0 308.0 338.0 300.0 338.0 small-vehicle 1
304.0 338.0 313.0 338.0 313.0 346.0 304.0 346.0 small-vehicle 1
307.0 343.0 316.0 343.0 316.0 351.0 307.0 351.0 small-vehicle 1
411.0 443.0 419.0 443.0 419.0 450.0 411.0 450.0 small-vehicle 1
402.0 431.0 412.0 431.0 412.0 439.0 402.0 439.0 small-vehicle 1
1196.0 163.0 1202.0 163.0 1202.0 172.0 1196.0 172.0 small-vehicle 1
398.0 427.0 408.0 427.0 408.0 435.0 398.0 435.0 small-vehicle 1
1060.0 311.0 1066.0 311.0 1066.0 318.0 1060.0 318.0 small-vehicle 1
676.0 633.0 687.0 633.0 687.0 641.0 676.0 641.0 small-vehicle 1
926.0 637.0 933.0 637.0 933.0 646.0 926.0 646.0 small-vehicle 1
932.0 645.0 939.0 645.0 939.0 654.0 932.0 654.0 small-vehicle 1
814.0 648.0 822.0 648.0 822.0 656.0 814.0 656.0 small-vehicle 1
533.0 332.0 541.0 332.0 541.0 339.0 533.0 339.0 small-vehicle 1
539.0 340.0 547.0 340.0 547.0 347.0 539.0 347.0 small-vehicle 1
544.0 349.0 552.0 349.0 552.0 354.0 544.0 354.0 small-vehicle 1
588.0 422.0 597.0 422.0 597.0 429.0 588.0 429.0 small-vehicle 1
555.0 368.0 564.0 368.0 564.0 376.0 555.0 376.0 small-vehicle 1
529.0 369.0 537.0 369.0 537.0 377.0 529.0 377.0 small-vehicle 1
316.0 407.0 324.0 407.0 324.0 414.0 316.0 414.0 small-vehicle 1
565.0 318.0 575.0 318.0 575.0 326.0 565.0 326.0 small-vehicle 1
841.0 598.0 848.0 598.0 848.0 608.0 841.0 608.0 small-vehicle 1
765.0 570.0 773.0 570.0 773.0 581.0 765.0 581.0 small-vehicle 1
678.0 501.0 686.0 501.0 686.0 507.0 678.0 507.0 small-vehicle 1
674.0 492.0 682.0 492.0 682.0 501.0 674.0 501.0 small-vehicle 1
632.0 459.0 640.0 459.0 640.0 466.0 632.0 466.0 small-vehicle 1
636.0 455.0 643.0 455.0 643.0 461.0 636.0 461.0 small-vehicle 1
1034.0 56.0 1038.0 56.0 1038.0 66.0 1034.0 66.0 small-vehicle 1
1038.0 80.0 1044.0 80.0 1044.0 90.0 1038.0 90.0 small-vehicle 1
1059.0 126.0 1068.0 126.0 1068.0 135.0 1059.0 135.0 small-vehicle 1
1146.0 167.0 1156.0 167.0 1156.0 172.0 1146.0 172.0 small-vehicle 1
1140.0 156.0 1148.0 156.0 1148.0 160.0 1140.0 160.0 small-vehicle 1
1195.0 148.0 1203.0 148.0 1203.0 151.0 1195.0 151.0 small-vehicle 1
1145.0 64.0 1155.0 64.0 1155.0 69.0 1145.0 69.0 small-vehicle 1
1084.0 165.0 1091.0 165.0 1091.0 175.0 1084.0 175.0 small-vehicle 1
1185.0 168.0 1190.0 168.0 1190.0 176.0 1185.0 176.0 small-vehicle 1
1203.0 163.0 1208.0 163.0 1208.0 172.0 1203.0 172.0 small-vehicle 1
929.0 511.0 937.0 511.0 937.0 520.0 929.0 520.0 small-vehicle 1
925.0 656.0 933.0 656.0 933.0 662.0 925.0 662.0 small-vehicle 1
929.0 660.0 935.0 660.0 935.0 666.0 929.0 666.0 small-vehicle 1
524.0 319.0 535.0 319.0 535.0 328.0 524.0 328.0 small-vehicle 1
397.0 425.0 404.0 425.0 404.0 432.0 397.0 432.0 small-vehicle 1
381.0 392.0 392.0 392.0 392.0 401.0 381.0 401.0 small-vehicle 1
374.0 382.0 385.0 382.0 385.0 391.0 374.0 391.0 small-vehicle 1
619.0 396.0 628.0 396.0 628.0 404.0 619.0 404.0 small-vehicle 1
599.0 368.0 610.0 368.0 610.0 377.0 599.0 377.0 small-vehicle 1
594.0 360.0 603.0 360.0 603.0 368.0 594.0 368.0 small-vehicle 1
588.0 353.0 599.0 353.0 599.0 359.0 588.0 359.0 small-vehicle 1
587.0 348.0 595.0 348.0 595.0 355.0 587.0 355.0 small-vehicle 1
579.0 335.0 589.0 335.0 589.0 344.0 579.0 344.0 small-vehicle 1
576.0 331.0 585.0 331.0 585.0 341.0 576.0 341.0 small-vehicle 1
546.0 351.0 557.0 351.0 557.0 361.0 546.0 361.0 small-vehicle 1
562.0 352.0 569.0 352.0 569.0 361.0 562.0 361.0 small-vehicle 1
568.0 361.0 575.0 361.0 575.0 368.0 568.0 368.0 small-vehicle 1
540.0 279.0 550.0 279.0 550.0 286.0 540.0 286.0 small-vehicle 1
954.0 655.0 962.0 655.0 962.0 662.0 954.0 662.0 small-vehicle 1
497.0 319.0 506.0 319.0 506.0 327.0 497.0 327.0 small-vehicle 1
505.0 332.0 513.0 332.0 513.0 341.0 505.0 341.0 small-vehicle 1
584.0 414.0 592.0 414.0 592.0 421.0 584.0 421.0 small-vehicle 1
515.0 348.0 524.0 348.0 524.0 357.0 515.0 357.0 small-vehicle 1
668.0 507.0 676.0 507.0 676.0 518.0 668.0 518.0 small-vehicle 1
663.0 510.0 671.0 510.0 671.0 521.0 663.0 521.0 small-vehicle 1
657.0 516.0 666.0 516.0 666.0 524.0 657.0 524.0 small-vehicle 1
627.0 512.0 637.0 512.0 637.0 520.0 627.0 520.0 small-vehicle 1
725.0 562.0 736.0 562.0 736.0 571.0 725.0 571.0 small-vehicle 1
674.0 651.0 682.0 651.0 682.0 660.0 674.0 660.0 small-vehicle 1
952.0 695.0 959.0 695.0 959.0 702.0 952.0 702.0 small-vehicle 1
947.0 687.0 954.0 687.0 954.0 695.0 947.0 695.0 small-vehicle 1
932.0 667.0 940.0 667.0 940.0 673.0 932.0 673.0 small-vehicle 1
315.0 444.0 356.0 444.0 356.0 491.0 315.0 491.0 tennis-court 0
