imagesource:GoogleEarth
gsd:0.285587764518
255.0 363.0 311.0 363.0 311.0 410.0 255.0 410.0 basketball-court 0
253.0 221.0 262.0 221.0 262.0 237.0 253.0 237.0 small-vehicle 1
695.0 170.0 714.0 170.0 714.0 178.0 695.0 178.0 small-vehicle 1
694.0 161.0 712.0 161.0 712.0 169.0 694.0 169.0 small-vehicle 1
695.0 150.0 711.0 150.0 711.0 158.0 695.0 158.0 small-vehicle 1
652.0 72.0 662.0 72.0 662.0 89.0 652.0 89.0 small-vehicle 1
633.0 168.0 649.0 168.0 649.0 176.0 633.0 176.0 small-vehicle 1
633.0 147.0 650.0 147.0 650.0 154.0 633.0 154.0 small-vehicle 1
390.0 217.0 399.0 217.0 399.0 234.0 390.0 234.0 small-vehicle 1
382.0 219.0 389.0 219.0 389.0 236.0 382.0 236.0 small-vehicle 1
370.0 218.0 376.0 218.0 376.0 237.0 370.0 237.0 small-vehicle 1
352.0 219.0 359.0 219.0 359.0 235.0 352.0 235.0 small-vehicle 1
317.0 220.0 323.0 220.0 323.0 235.0 317.0 235.0 small-vehicle 1
294.0 221.0 301.0 221.0 301.0 236.0 294.0 236.0 small-vehicle 1
285.0 220.0 292.0 220.0 292.0 235.0 285.0 235.0 small-vehicle 1
86.0 929.0 93.0 929.0 93.0 946.0 86.0 946.0 small-vehicle 1
216.0 209.0 232.0 209.0 232.0 215.0 216.0 215.0 small-vehicle 1
216.0 179.0 231.0 179.0 231.0 187.0 216.0 187.0 small-vehicle 1
216.0 169.0 229.0 169.0 229.0 175.0 216.0 175.0 small-vehicle 1
216.0 141.0 230.0 141.0 230.0 146.0 216.0 146.0 small-vehicle 1
240.0 540.0 403.0 540.0 403.0 700.0 240.0 700.0 baseball-diamond 0
475.0 324.0 567.0 324.0 567.0 418.0 475.0 418.0 baseball-diamond 0
235.0 302.0 326.0 302.0 326.0 356.0 235.0 356.0 basketball-court 0
479.0 1023.0 505.0 1023.0 505.0 1039.0 479.0 1039.0 swimming-pool 0
306.0 1000.0 332.0 1000.0 332.0 1032.0 306.0 1032.0 swimming-pool 0
373.0 1002.0 404.0 1002.0 404.0 1032.0 373.0 1032.0 swimming-pool 0
106.0 1030.0 137.0 1030.0 137.0 1045.0 106.0 1045.0 swimming-pool 0
314.0 189.0 350.0 189.0 350.0 208.0 314.0 208.0 swimming-pool 0
691.0 329.0 707.0 329.0 707.0 337.0 691.0 337.0 small-vehicle 1
689.0 348.0 706.0 348.0 706.0 356.0 689.0 356.0 small-vehicle 1
693.0 362.0 709.0 362.0 709.0 371.0 693.0 371.0 small-vehicle 1
630.0 328.0 649.0 328.0 649.0 336.0 630.0 336.0 small-vehicle 1
51.0 531.0 57.0 531.0 57.0 548.0 51.0 548.0 small-vehicle 1
695.0 300.0 712.0 300.0 712.0 307.0 695.0 307.0 small-vehicle 1
468.0 207.0 475.0 207.0 475.0 220.0 468.0 220.0 small-vehicle 1
702.0 912.0 710.0 912.0 710.0 928.0 702.0 928.0 small-vehicle 1
295.0 926.0 314.0 926.0 314.0 939.0 295.0 939.0 small-vehicle 1
315.0 921.0 332.0 921.0 332.0 938.0 315.0 938.0 small-vehicle 1
425.0 916.0 432.0 916.0 432.0 933.0 425.0 933.0 small-vehicle 1
434.0 912.0 442.0 912.0 442.0 933.0 434.0 933.0 small-vehicle 1
589.0 910.0 597.0 910.0 597.0 926.0 589.0 926.0 small-vehicle 1
617.0 939.0 633.0 939.0 633.0 948.0 617.0 948.0 small-vehicle 1
619.0 1028.0 635.0 1028.0 635.0 1038.0 619.0 1038.0 small-vehicle 1
673.0 992.0 691.0 992.0 691.0 1001.0 673.0 1001.0 small-vehicle 1
673.0 984.0 689.0 984.0 689.0 990.0 673.0 990.0 small-vehicle 1
683.0 667.0 702.0 667.0 702.0 677.0 683.0 677.0 small-vehicle 1
682.0 654.0 702.0 654.0 702.0 664.0 682.0 664.0 small-vehicle 1
95.0 761.0 116.0 761.0 116.0 769.0 95.0 769.0 small-vehicle 1
79.0 611.0 88.0 611.0 88.0 625.0 79.0 625.0 small-vehicle 1
26.0 533.0 33.0 533.0 33.0 546.0 26.0 546.0 small-vehicle 1
36.0 532.0 45.0 532.0 45.0 550.0 36.0 550.0 small-vehicle 1
162.0 556.0 176.0 556.0 176.0 571.0 162.0 571.0 small-vehicle 1
210.0 454.0 219.0 454.0 219.0 473.0 210.0 473.0 small-vehicle 1
35.0 288.0 44.0 288.0 44.0 308.0 35.0 308.0 small-vehicle 1
628.0 519.0 648.0 519.0 648.0 527.0 628.0 527.0 small-vehicle 1
630.0 487.0 648.0 487.0 648.0 496.0 630.0 496.0 small-vehicle 1
631.0 338.0 650.0 338.0 650.0 348.0 631.0 348.0 small-vehicle 1
65.0 148.0 87.0 148.0 87.0 193.0 65.0 193.0 swimming-pool 0
