imagesource:GoogleEarth
gsd:1.18363375556
407.0 163.0 418.0 163.0 418.0 174.0 407.0 174.0 swimming-pool 1
908.0 667.0 923.0 667.0 923.0 680.0 908.0 680.0 ship 1
840.0 551.0 1009.0 551.0 1009.0 749.0 840.0 749.0 harbor 0
758.0 441.0 983.0 441.0 983.0 704.0 758.0 704.0 harbor 0
405.0 401.0 442.0 401.0 442.0 423.0 405.0 423.0 swimming-pool 0
390.0 205.0 416.0 205.0 416.0 230.0 390.0 230.0 roundabout 0
304.0 146.0 326.0 146.0 326.0 172.0 304.0 172.0 roundabout 0
932.0 604.0 946.0 604.0 946.0 617.0 932.0 617.0 ship 1
949.0 616.0 961.0 616.0 961.0 626.0 949.0 626.0 ship 1
874.0 680.0 887.0 680.0 887.0 692.0 874.0 692.0 ship 1
633.0 167.0 650.0 167.0 650.0 186.0 633.0 186.0 swimming-pool 1
878.0 703.0 895.0 703.0 895.0 716.0 878.0 716.0 ship 1
875.0 710.0 885.0 710.0 885.0 718.0 875.0 718.0 ship 1
865.0 702.0 875.0 702.0 875.0 710.0 865.0 710.0 ship 1
858.0 702.0 871.0 702.0 871.0 714.0 858.0 714.0 ship 1
851.0 560.0 863.0 560.0 863.0 571.0 851.0 571.0 ship 1
673.0 141.0 685.0 141.0 685.0 153.0 673.0 153.0 swimming-pool 1
658.0 152.0 671.0 152.0 671.0 166.0 658.0 166.0 swimming-pool 1
907.0 467.0 1190.0 467.0 1190.0 799.0 907.0 799.0 harbor 0
