imagesource:GoogleEarth
gsd:0.592672481612
2468.0 3950.0 2487.0 3950.0 2487.0 3954.0 2468.0 3954.0 large-vehicle 1
815.0 2599.0 856.0 2599.0 856.0 2653.0 815.0 2653.0 plane 0
773.0 3185.0 801.0 3185.0 801.0 3221.0 773.0 3221.0 plane 0
600.0 3233.0 625.0 3233.0 625.0 3263.0 600.0 3263.0 plane 0
574.0 3274.0 603.0 3274.0 603.0 3305.0 574.0 3305.0 plane 0
564.0 3296.0 589.0 3296.0 589.0 3322.0 564.0 3322.0 plane 0
629.0 3545.0 659.0 3545.0 659.0 3569.0 629.0 3569.0 plane 0
605.0 3537.0 638.0 3537.0 638.0 3568.0 605.0 3568.0 plane 0
877.0 3456.0 905.0 3456.0 905.0 3488.0 877.0 3488.0 plane 0
886.0 3353.0 916.0 3353.0 916.0 3384.0 886.0 3384.0 plane 0
1039.0 3615.0 1064.0 3615.0 1064.0 3636.0 1039.0 3636.0 plane 0
1032.0 3791.0 1056.0 3791.0 1056.0 3808.0 1032.0 3808.0 plane 0
1045.0 3509.0 1066.0 3509.0 1066.0 3527.0 1045.0 3527.0 plane 0
1048.0 3477.0 1071.0 3477.0 1071.0 3495.0 1048.0 3495.0 plane 0
1066.0 3481.0 1090.0 3481.0 1090.0 3498.0 1066.0 3498.0 plane 0
945.0 3357.0 980.0 3357.0 980.0 3388.0 945.0 3388.0 plane 0
1088.0 3177.0 1114.0 3177.0 1114.0 3207.0 1088.0 3207.0 plane 0
1040.0 2669.0 1057.0 2669.0 1057.0 2695.0 1040.0 2695.0 plane 0
852.0 2528.0 877.0 2528.0 877.0 2557.0 852.0 2557.0 plane 0
1084.0 3126.0 1105.0 3126.0 1105.0 3150.0 1084.0 3150.0 plane 0
891.0 2523.0 919.0 2523.0 919.0 2550.0 891.0 2550.0 plane 0
1187.0 2236.0 1234.0 2236.0 1234.0 2279.0 1187.0 2279.0 plane 0
758.0 2796.0 827.0 2796.0 827.0 2866.0 758.0 2866.0 plane 0
735.0 2792.0 778.0 2792.0 778.0 2837.0 735.0 2837.0 plane 0
652.0 2994.0 724.0 2994.0 724.0 3061.0 652.0 3061.0 plane 0
711.0 2911.0 748.0 2911.0 748.0 2948.0 711.0 2948.0 plane 0
508.0 3393.0 574.0 3393.0 574.0 3461.0 508.0 3461.0 plane 0
529.0 3341.0 572.0 3341.0 572.0 3386.0 529.0 3386.0 plane 0
800.0 2647.0 855.0 2647.0 855.0 2698.0 800.0 2698.0 plane 0
897.0 2575.0 970.0 2575.0 970.0 2637.0 897.0 2637.0 plane 0
850.0 2575.0 908.0 2575.0 908.0 2639.0 850.0 2639.0 plane 0
880.0 2604.0 942.0 2604.0 942.0 2668.0 880.0 2668.0 plane 0
936.0 2547.0 988.0 2547.0 988.0 2599.0 936.0 2599.0 plane 0
492.0 3477.0 526.0 3477.0 526.0 3513.0 492.0 3513.0 plane 0
861.0 2518.0 919.0 2518.0 919.0 2577.0 861.0 2577.0 plane 0
903.0 2540.0 955.0 2540.0 955.0 2587.0 903.0 2587.0 plane 0
1079.0 3115.0 1096.0 3115.0 1096.0 3135.0 1079.0 3135.0 plane 0
964.0 3194.0 989.0 3194.0 989.0 3214.0 964.0 3214.0 plane 0
2134.0 3903.0 2157.0 3903.0 2157.0 3914.0 2134.0 3914.0 large-vehicle 1
1526.0 4249.0 1544.0 4249.0 1544.0 4267.0 1526.0 4267.0 large-vehicle 1
1028.0 4270.0 1041.0 4270.0 1041.0 4291.0 1028.0 4291.0 large-vehicle 1
1194.0 4480.0 1214.0 4480.0 1214.0 4493.0 1194.0 4493.0 large-vehicle 1
1200.0 4495.0 1220.0 4495.0 1220.0 4508.0 1200.0 4508.0 large-vehicle 1
1378.0 4531.0 1399.0 4531.0 1399.0 4538.0 1378.0 4538.0 large-vehicle 1
1609.0 4197.0 1615.0 4197.0 1615.0 4218.0 1609.0 4218.0 large-vehicle 1
1587.0 4130.0 1597.0 4130.0 1597.0 4153.0 1587.0 4153.0 large-vehicle 1
1874.0 3423.0 1891.0 3423.0 1891.0 3443.0 1874.0 3443.0 large-vehicle 1
1784.0 3432.0 1800.0 3432.0 1800.0 3452.0 1784.0 3452.0 large-vehicle 1
1683.0 3555.0 1701.0 3555.0 1701.0 3574.0 1683.0 3574.0 large-vehicle 1
1654.0 3573.0 1669.0 3573.0 1669.0 3590.0 1654.0 3590.0 large-vehicle 1
1656.0 3589.0 1674.0 3589.0 1674.0 3608.0 1656.0 3608.0 large-vehicle 1
1618.0 3613.0 1634.0 3613.0 1634.0 3631.0 1618.0 3631.0 large-vehicle 1
2243.0 2858.0 2254.0 2858.0 2254.0 2880.0 2243.0 2880.0 large-vehicle 1
2470.0 3871.0 2491.0 3871.0 2491.0 3882.0 2470.0 3882.0 large-vehicle 1
2724.0 3880.0 2745.0 3880.0 2745.0 3886.0 2724.0 3886.0 large-vehicle 1
1534.0 4222.0 1550.0 4222.0 1550.0 4242.0 1534.0 4242.0 large-vehicle 1
1532.0 4412.0 1551.0 4412.0 1551.0 4434.0 1532.0 4434.0 large-vehicle 0
974.0 3128.0 995.0 3128.0 995.0 3156.0 974.0 3156.0 plane 0
1263.0 4502.0 1284.0 4502.0 1284.0 4512.0 1263.0 4512.0 large-vehicle 0
983.0 3022.0 1007.0 3022.0 1007.0 3050.0 983.0 3050.0 plane 0
976.0 3105.0 1003.0 3105.0 1003.0 3133.0 976.0 3133.0 plane 0
1425.0 2004.0 1448.0 2004.0 1448.0 2021.0 1425.0 2021.0 plane 0
1561.0 1839.0 1584.0 1839.0 1584.0 1868.0 1561.0 1868.0 plane 0
1557.0 1821.0 1595.0 1821.0 1595.0 1853.0 1557.0 1853.0 plane 0
1626.0 1465.0 1656.0 1465.0 1656.0 1498.0 1626.0 1498.0 plane 0
1649.0 1456.0 1673.0 1456.0 1673.0 1488.0 1649.0 1488.0 plane 0
1614.0 1486.0 1639.0 1486.0 1639.0 1511.0 1614.0 1511.0 plane 0
1630.0 1494.0 1654.0 1494.0 1654.0 1521.0 1630.0 1521.0 plane 0
1659.0 1481.0 1674.0 1481.0 1674.0 1503.0 1659.0 1503.0 plane 0
1678.0 1481.0 1692.0 1481.0 1692.0 1501.0 1678.0 1501.0 plane 0
1649.0 1504.0 1670.0 1504.0 1670.0 1528.0 1649.0 1528.0 plane 0
1670.0 1503.0 1690.0 1503.0 1690.0 1521.0 1670.0 1521.0 plane 1
1683.0 1514.0 1703.0 1514.0 1703.0 1531.0 1683.0 1531.0 plane 0
1418.0 4542.0 1450.0 4542.0 1450.0 4558.0 1418.0 4558.0 large-vehicle 0
894.0 2862.0 924.0 2862.0 924.0 2893.0 894.0 2893.0 plane 0
