imagesource:GoogleEarth
gsd:0.295835136218
1336.0 277.0 1351.0 277.0 1351.0 289.0 1336.0 289.0 small-vehicle 1
1707.0 1023.0 1723.0 1023.0 1723.0 1050.0 1707.0 1050.0 ship 1
420.0 509.0 436.0 509.0 436.0 525.0 420.0 525.0 small-vehicle 1
416.0 500.0 429.0 500.0 429.0 514.0 416.0 514.0 small-vehicle 1
411.0 492.0 425.0 492.0 425.0 502.0 411.0 502.0 small-vehicle 1
407.0 484.0 419.0 484.0 419.0 495.0 407.0 495.0 small-vehicle 1
401.0 477.0 413.0 477.0 413.0 489.0 401.0 489.0 small-vehicle 1
395.0 470.0 407.0 470.0 407.0 482.0 395.0 482.0 small-vehicle 1
390.0 462.0 403.0 462.0 403.0 474.0 390.0 474.0 small-vehicle 1
380.0 451.0 393.0 451.0 393.0 463.0 380.0 463.0 small-vehicle 1
1596.0 755.0 1624.0 755.0 1624.0 797.0 1596.0 797.0 ship 1
1657.0 998.0 1676.0 998.0 1676.0 1028.0 1657.0 1028.0 ship 1
1961.0 15.0 1975.0 15.0 1975.0 45.0 1961.0 45.0 ship 1
1657.0 1308.0 1695.0 1308.0 1695.0 1364.0 1657.0 1364.0 ship 0
2025.0 34.0 2040.0 34.0 2040.0 63.0 2025.0 63.0 ship 1
2119.0 50.0 2136.0 50.0 2136.0 83.0 2119.0 83.0 ship 1
2090.0 79.0 2103.0 79.0 2103.0 108.0 2090.0 108.0 ship 1
2060.0 73.0 2087.0 73.0 2087.0 112.0 2060.0 112.0 ship 1
1231.0 1236.0 1273.0 1236.0 1273.0 1290.0 1231.0 1290.0 ship 1
1493.0 1344.0 1521.0 1344.0 1521.0 1388.0 1493.0 1388.0 ship 0
1488.0 1396.0 1512.0 1396.0 1512.0 1429.0 1488.0 1429.0 ship 1
1496.0 1385.0 1524.0 1385.0 1524.0 1426.0 1496.0 1426.0 ship 0
1508.0 1374.0 1540.0 1374.0 1540.0 1421.0 1508.0 1421.0 ship 0
1525.0 1364.0 1556.0 1364.0 1556.0 1412.0 1525.0 1412.0 ship 0
508.0 672.0 525.0 672.0 525.0 684.0 508.0 684.0 small-vehicle 1
514.0 686.0 529.0 686.0 529.0 702.0 514.0 702.0 small-vehicle 1
524.0 705.0 540.0 705.0 540.0 719.0 524.0 719.0 small-vehicle 1
527.0 713.0 542.0 713.0 542.0 727.0 527.0 727.0 small-vehicle 1
883.0 1035.0 898.0 1035.0 898.0 1050.0 883.0 1050.0 small-vehicle 1
888.0 1044.0 903.0 1044.0 903.0 1058.0 888.0 1058.0 small-vehicle 1
894.0 1049.0 908.0 1049.0 908.0 1062.0 894.0 1062.0 small-vehicle 1
831.0 953.0 845.0 953.0 845.0 965.0 831.0 965.0 small-vehicle 1
827.0 946.0 840.0 946.0 840.0 960.0 827.0 960.0 small-vehicle 1
823.0 940.0 834.0 940.0 834.0 952.0 823.0 952.0 small-vehicle 1
817.0 933.0 829.0 933.0 829.0 946.0 817.0 946.0 small-vehicle 1
808.0 926.0 821.0 926.0 821.0 939.0 808.0 939.0 small-vehicle 1
803.0 921.0 814.0 921.0 814.0 932.0 803.0 932.0 small-vehicle 1
795.0 915.0 805.0 915.0 805.0 927.0 795.0 927.0 small-vehicle 1
789.0 907.0 803.0 907.0 803.0 921.0 789.0 921.0 small-vehicle 1
782.0 901.0 794.0 901.0 794.0 913.0 782.0 913.0 small-vehicle 1
775.0 896.0 787.0 896.0 787.0 909.0 775.0 909.0 small-vehicle 1
768.0 889.0 781.0 889.0 781.0 903.0 768.0 903.0 small-vehicle 1
763.0 882.0 777.0 882.0 777.0 895.0 763.0 895.0 small-vehicle 1
756.0 875.0 769.0 875.0 769.0 889.0 756.0 889.0 small-vehicle 1
750.0 869.0 763.0 869.0 763.0 883.0 750.0 883.0 small-vehicle 1
746.0 863.0 758.0 863.0 758.0 875.0 746.0 875.0 small-vehicle 1
516.0 803.0 530.0 803.0 530.0 818.0 516.0 818.0 small-vehicle 1
527.0 818.0 539.0 818.0 539.0 831.0 527.0 831.0 small-vehicle 1
522.0 808.0 536.0 808.0 536.0 823.0 522.0 823.0 small-vehicle 1
1541.0 1358.0 1571.0 1358.0 1571.0 1406.0 1541.0 1406.0 ship 0
1090.0 758.0 1138.0 758.0 1138.0 841.0 1090.0 841.0 ship 1
1334.0 257.0 1351.0 257.0 1351.0 270.0 1334.0 270.0 small-vehicle 1
1209.0 985.0 1257.0 985.0 1257.0 1057.0 1209.0 1057.0 ship 0
1667.0 1010.0 1729.0 1010.0 1729.0 1112.0 1667.0 1112.0 ship 0
1608.0 821.0 1660.0 821.0 1660.0 889.0 1608.0 889.0 ship 0
1526.0 845.0 1578.0 845.0 1578.0 923.0 1526.0 923.0 ship 0
1474.0 867.0 1534.0 867.0 1534.0 958.0 1474.0 958.0 ship 0
1426.0 887.0 1479.0 887.0 1479.0 964.0 1426.0 964.0 ship 0
1377.0 903.0 1433.0 903.0 1433.0 989.0 1377.0 989.0 ship 0
1355.0 920.0 1404.0 920.0 1404.0 1000.0 1355.0 1000.0 ship 0
1328.0 924.0 1374.0 924.0 1374.0 996.0 1328.0 996.0 ship 1
1261.0 953.0 1300.0 953.0 1300.0 1002.0 1261.0 1002.0 ship 1
1184.0 982.0 1218.0 982.0 1218.0 1041.0 1184.0 1041.0 ship 0
1192.0 902.0 1234.0 902.0 1234.0 957.0 1192.0 957.0 ship 0
1177.0 700.0 1292.0 700.0 1292.0 830.0 1177.0 830.0 ship 1
1302.0 859.0 1354.0 859.0 1354.0 921.0 1302.0 921.0 ship 1
1357.0 838.0 1397.0 838.0 1397.0 898.0 1357.0 898.0 ship 0
1426.0 818.0 1475.0 818.0 1475.0 874.0 1426.0 874.0 ship 1
1523.0 786.0 1560.0 786.0 1560.0 842.0 1523.0 842.0 ship 0
1556.0 749.0 1605.0 749.0 1605.0 816.0 1556.0 816.0 ship 0
1787.0 772.0 1861.0 772.0 1861.0 879.0 1787.0 879.0 ship 0
306.0 270.0 394.0 270.0 394.0 359.0 306.0 359.0 roundabout 0
1220.0 350.0 1309.0 350.0 1309.0 444.0 1220.0 444.0 roundabout 0
1373.0 1301.0 1898.0 1301.0 1898.0 1624.0 1373.0 1624.0 harbor 0
1179.0 972.0 1749.0 972.0 1749.0 1331.0 1179.0 1331.0 harbor 0
1656.0 1064.0 1712.0 1064.0 1712.0 1151.0 1656.0 1151.0 ship 0
1612.0 1085.0 1659.0 1085.0 1659.0 1161.0 1612.0 1161.0 ship 0
1486.0 1132.0 1536.0 1132.0 1536.0 1212.0 1486.0 1212.0 ship 0
1464.0 1141.0 1508.0 1141.0 1508.0 1213.0 1464.0 1213.0 ship 0
1614.0 1001.0 1658.0 1001.0 1658.0 1065.0 1614.0 1065.0 ship 0
1592.0 1012.0 1636.0 1012.0 1636.0 1076.0 1592.0 1076.0 ship 0
1576.0 1032.0 1614.0 1032.0 1614.0 1085.0 1576.0 1085.0 ship 0
1559.0 1039.0 1588.0 1039.0 1588.0 1076.0 1559.0 1076.0 ship 0
1513.0 1052.0 1551.0 1052.0 1551.0 1106.0 1513.0 1106.0 ship 0
1487.0 1063.0 1529.0 1063.0 1529.0 1118.0 1487.0 1118.0 ship 0
1448.0 1077.0 1489.0 1077.0 1489.0 1131.0 1448.0 1131.0 ship 0
1420.0 1074.0 1466.0 1074.0 1466.0 1142.0 1420.0 1142.0 ship 0
1408.0 1098.0 1440.0 1098.0 1440.0 1148.0 1408.0 1148.0 ship 0
1385.0 1101.0 1425.0 1101.0 1425.0 1159.0 1385.0 1159.0 ship 0
1319.0 1121.0 1362.0 1121.0 1362.0 1184.0 1319.0 1184.0 ship 0
1299.0 1128.0 1340.0 1128.0 1340.0 1192.0 1299.0 1192.0 ship 0
1282.0 1149.0 1318.0 1149.0 1318.0 1199.0 1282.0 1199.0 ship 0
1260.0 1151.0 1296.0 1151.0 1296.0 1206.0 1260.0 1206.0 ship 0
1218.0 1163.0 1256.0 1163.0 1256.0 1224.0 1218.0 1224.0 ship 0
1255.0 1225.0 1289.0 1225.0 1289.0 1275.0 1255.0 1275.0 ship 0
1318.0 1201.0 1363.0 1201.0 1363.0 1266.0 1318.0 1266.0 ship 0
1363.0 1182.0 1410.0 1182.0 1410.0 1265.0 1363.0 1265.0 ship 0
1387.0 1172.0 1436.0 1172.0 1436.0 1252.0 1387.0 1252.0 ship 0
1410.0 1158.0 1460.0 1158.0 1460.0 1243.0 1410.0 1243.0 ship 0
1436.0 1152.0 1489.0 1152.0 1489.0 1236.0 1436.0 1236.0 ship 0
858.0 1010.0 873.0 1010.0 873.0 1025.0 858.0 1025.0 small-vehicle 1
853.0 1004.0 867.0 1004.0 867.0 1019.0 853.0 1019.0 small-vehicle 1
847.0 998.0 864.0 998.0 864.0 1011.0 847.0 1011.0 small-vehicle 1
691.0 902.0 706.0 902.0 706.0 915.0 691.0 915.0 small-vehicle 1
748.0 965.0 761.0 965.0 761.0 978.0 748.0 978.0 small-vehicle 1
742.0 961.0 756.0 961.0 756.0 973.0 742.0 973.0 small-vehicle 1
738.0 954.0 752.0 954.0 752.0 967.0 738.0 967.0 small-vehicle 1
732.0 949.0 747.0 949.0 747.0 960.0 732.0 960.0 small-vehicle 1
726.0 943.0 742.0 943.0 742.0 956.0 726.0 956.0 small-vehicle 1
719.0 933.0 731.0 933.0 731.0 944.0 719.0 944.0 small-vehicle 1
713.0 925.0 727.0 925.0 727.0 938.0 713.0 938.0 small-vehicle 1
706.0 920.0 719.0 920.0 719.0 932.0 706.0 932.0 small-vehicle 1
700.0 914.0 712.0 914.0 712.0 927.0 700.0 927.0 small-vehicle 1
697.0 909.0 709.0 909.0 709.0 922.0 697.0 922.0 small-vehicle 1
687.0 897.0 700.0 897.0 700.0 908.0 687.0 908.0 small-vehicle 1
842.0 990.0 858.0 990.0 858.0 1005.0 842.0 1005.0 small-vehicle 1
682.0 892.0 695.0 892.0 695.0 903.0 682.0 903.0 small-vehicle 1
677.0 885.0 691.0 885.0 691.0 897.0 677.0 897.0 small-vehicle 1
672.0 878.0 685.0 878.0 685.0 892.0 672.0 892.0 small-vehicle 1
666.0 872.0 680.0 872.0 680.0 887.0 666.0 887.0 small-vehicle 1
657.0 861.0 672.0 861.0 672.0 876.0 657.0 876.0 small-vehicle 1
647.0 849.0 662.0 849.0 662.0 864.0 647.0 864.0 small-vehicle 1
639.0 837.0 652.0 837.0 652.0 851.0 639.0 851.0 small-vehicle 1
634.0 830.0 645.0 830.0 645.0 843.0 634.0 843.0 small-vehicle 1
629.0 824.0 640.0 824.0 640.0 838.0 629.0 838.0 small-vehicle 1
619.0 814.0 633.0 814.0 633.0 828.0 619.0 828.0 small-vehicle 1
759.0 974.0 772.0 974.0 772.0 988.0 759.0 988.0 small-vehicle 1
765.0 981.0 780.0 981.0 780.0 995.0 765.0 995.0 small-vehicle 1
771.0 990.0 784.0 990.0 784.0 1001.0 771.0 1001.0 small-vehicle 1
786.0 1001.0 798.0 1001.0 798.0 1014.0 786.0 1014.0 small-vehicle 1
1788.0 89.0 1805.0 89.0 1805.0 98.0 1788.0 98.0 small-vehicle 1
1645.0 125.0 1662.0 125.0 1662.0 135.0 1645.0 135.0 small-vehicle 1
1604.0 95.0 1623.0 95.0 1623.0 105.0 1604.0 105.0 small-vehicle 1
1063.0 413.0 1091.0 413.0 1091.0 425.0 1063.0 425.0 small-vehicle 1
1143.0 401.0 1162.0 401.0 1162.0 408.0 1143.0 408.0 small-vehicle 1
700.0 296.0 718.0 296.0 718.0 311.0 700.0 311.0 small-vehicle 1
667.0 293.0 687.0 293.0 687.0 308.0 667.0 308.0 small-vehicle 1
1069.0 1222.0 1084.0 1222.0 1084.0 1236.0 1069.0 1236.0 small-vehicle 1
1068.0 1207.0 1086.0 1207.0 1086.0 1220.0 1068.0 1220.0 small-vehicle 1
1085.0 1212.0 1100.0 1212.0 1100.0 1226.0 1085.0 1226.0 small-vehicle 1
1089.0 1221.0 1103.0 1221.0 1103.0 1235.0 1089.0 1235.0 small-vehicle 1
1093.0 1232.0 1110.0 1232.0 1110.0 1246.0 1093.0 1246.0 small-vehicle 1
1118.0 1235.0 1133.0 1235.0 1133.0 1250.0 1118.0 1250.0 small-vehicle 1
1113.0 1230.0 1127.0 1230.0 1127.0 1242.0 1113.0 1242.0 small-vehicle 1
1108.0 1220.0 1124.0 1220.0 1124.0 1235.0 1108.0 1235.0 small-vehicle 1
1102.0 1212.0 1118.0 1212.0 1118.0 1227.0 1102.0 1227.0 small-vehicle 1
813.0 1031.0 826.0 1031.0 826.0 1045.0 813.0 1045.0 small-vehicle 1
806.0 1025.0 821.0 1025.0 821.0 1038.0 806.0 1038.0 small-vehicle 1
801.0 1020.0 814.0 1020.0 814.0 1032.0 801.0 1032.0 small-vehicle 1
795.0 1012.0 810.0 1012.0 810.0 1026.0 795.0 1026.0 small-vehicle 1
792.0 1007.0 804.0 1007.0 804.0 1020.0 792.0 1020.0 small-vehicle 1
614.0 807.0 627.0 807.0 627.0 822.0 614.0 822.0 small-vehicle 1
610.0 803.0 621.0 803.0 621.0 818.0 610.0 818.0 small-vehicle 1
606.0 796.0 618.0 796.0 618.0 810.0 606.0 810.0 small-vehicle 1
685.0 827.0 697.0 827.0 697.0 839.0 685.0 839.0 small-vehicle 1
692.0 840.0 709.0 840.0 709.0 854.0 692.0 854.0 small-vehicle 1
698.0 845.0 712.0 845.0 712.0 858.0 698.0 858.0 small-vehicle 1
704.0 850.0 717.0 850.0 717.0 865.0 704.0 865.0 small-vehicle 1
710.0 854.0 724.0 854.0 724.0 870.0 710.0 870.0 small-vehicle 1
722.0 863.0 738.0 863.0 738.0 880.0 722.0 880.0 small-vehicle 1
731.0 876.0 744.0 876.0 744.0 892.0 731.0 892.0 small-vehicle 1
736.0 884.0 751.0 884.0 751.0 898.0 736.0 898.0 small-vehicle 1
669.0 839.0 684.0 839.0 684.0 856.0 669.0 856.0 small-vehicle 1
738.0 892.0 752.0 892.0 752.0 907.0 738.0 907.0 small-vehicle 1
743.0 898.0 757.0 898.0 757.0 913.0 743.0 913.0 small-vehicle 1
748.0 903.0 762.0 903.0 762.0 918.0 748.0 918.0 small-vehicle 1
776.0 930.0 790.0 930.0 790.0 943.0 776.0 943.0 small-vehicle 1
782.0 933.0 797.0 933.0 797.0 948.0 782.0 948.0 small-vehicle 1
787.0 939.0 802.0 939.0 802.0 955.0 787.0 955.0 small-vehicle 1
805.0 956.0 819.0 956.0 819.0 969.0 805.0 969.0 small-vehicle 1
810.0 961.0 824.0 961.0 824.0 975.0 810.0 975.0 small-vehicle 1
814.0 966.0 828.0 966.0 828.0 981.0 814.0 981.0 small-vehicle 1
819.0 972.0 835.0 972.0 835.0 987.0 819.0 987.0 small-vehicle 1
826.0 976.0 843.0 976.0 843.0 992.0 826.0 992.0 small-vehicle 1
833.0 981.0 847.0 981.0 847.0 996.0 833.0 996.0 small-vehicle 1
837.0 985.0 853.0 985.0 853.0 1001.0 837.0 1001.0 small-vehicle 1
688.0 834.0 702.0 834.0 702.0 847.0 688.0 847.0 small-vehicle 1
677.0 821.0 692.0 821.0 692.0 833.0 677.0 833.0 small-vehicle 1
822.0 1040.0 835.0 1040.0 835.0 1053.0 822.0 1053.0 small-vehicle 1
665.0 803.0 682.0 803.0 682.0 818.0 665.0 818.0 small-vehicle 1
828.0 1046.0 842.0 1046.0 842.0 1060.0 828.0 1060.0 small-vehicle 1
831.0 1053.0 845.0 1053.0 845.0 1067.0 831.0 1067.0 small-vehicle 1
836.0 1058.0 850.0 1058.0 850.0 1073.0 836.0 1073.0 small-vehicle 1
843.0 1062.0 855.0 1062.0 855.0 1077.0 843.0 1077.0 small-vehicle 1
848.0 1068.0 863.0 1068.0 863.0 1083.0 848.0 1083.0 small-vehicle 1
854.0 1072.0 867.0 1072.0 867.0 1088.0 854.0 1088.0 small-vehicle 1
859.0 1078.0 873.0 1078.0 873.0 1092.0 859.0 1092.0 small-vehicle 1
866.0 1083.0 879.0 1083.0 879.0 1098.0 866.0 1098.0 small-vehicle 1
871.0 1089.0 883.0 1089.0 883.0 1104.0 871.0 1104.0 small-vehicle 1
877.0 1095.0 889.0 1095.0 889.0 1109.0 877.0 1109.0 small-vehicle 1
882.0 1100.0 894.0 1100.0 894.0 1113.0 882.0 1113.0 small-vehicle 1
888.0 1106.0 900.0 1106.0 900.0 1119.0 888.0 1119.0 small-vehicle 1
892.0 1111.0 905.0 1111.0 905.0 1125.0 892.0 1125.0 small-vehicle 1
899.0 1116.0 913.0 1116.0 913.0 1129.0 899.0 1129.0 small-vehicle 1
906.0 1121.0 919.0 1121.0 919.0 1135.0 906.0 1135.0 small-vehicle 1
910.0 1128.0 924.0 1128.0 924.0 1140.0 910.0 1140.0 small-vehicle 1
914.0 1131.0 930.0 1131.0 930.0 1147.0 914.0 1147.0 small-vehicle 1
921.0 1138.0 936.0 1138.0 936.0 1152.0 921.0 1152.0 small-vehicle 1
936.0 1151.0 952.0 1151.0 952.0 1168.0 936.0 1168.0 small-vehicle 1
945.0 1164.0 962.0 1164.0 962.0 1181.0 945.0 1181.0 small-vehicle 1
654.0 791.0 671.0 791.0 671.0 806.0 654.0 806.0 small-vehicle 1
1073.0 735.0 1682.0 735.0 1682.0 1105.0 1073.0 1105.0 harbor 0
