imagesource:GoogleEarth
gsd:1.08428887054
21.0 460.0 54.0 460.0 54.0 477.0 21.0 477.0 ship 1
540.0 95.0 579.0 95.0 579.0 114.0 540.0 114.0 ship 0
214.0 140.0 262.0 140.0 262.0 161.0 214.0 161.0 ship 0
78.0 270.0 114.0 270.0 114.0 292.0 78.0 292.0 ship 0
81.0 277.0 119.0 277.0 119.0 300.0 81.0 300.0 ship 0
276.0 216.0 293.0 216.0 293.0 257.0 276.0 257.0 ship 1
233.0 224.0 272.0 224.0 272.0 249.0 233.0 249.0 ship 0
438.0 96.0 472.0 96.0 472.0 136.0 438.0 136.0 ship 0
546.0 68.0 583.0 68.0 583.0 95.0 546.0 95.0 ship 0
538.0 88.0 578.0 88.0 578.0 106.0 538.0 106.0 ship 0
543.0 102.0 581.0 102.0 581.0 120.0 543.0 120.0 ship 0
25.0 469.0 59.0 469.0 59.0 486.0 25.0 486.0 ship 1
457.0 245.0 464.0 245.0 464.0 270.0 457.0 270.0 ship 1
465.0 245.0 472.0 245.0 472.0 270.0 465.0 270.0 ship 1
472.0 244.0 477.0 244.0 477.0 270.0 472.0 270.0 ship 1
477.0 234.0 486.0 234.0 486.0 269.0 477.0 269.0 ship 1
487.0 246.0 495.0 246.0 495.0 274.0 487.0 274.0 ship 1
8.0 499.0 39.0 499.0 39.0 517.0 8.0 517.0 ship 1
44.0 491.0 76.0 491.0 76.0 509.0 44.0 509.0 ship 1
27.0 478.0 59.0 478.0 59.0 494.0 27.0 494.0 ship 1
371.0 72.0 413.0 72.0 413.0 96.0 371.0 96.0 ship 0
