imagesource:GoogleEarth
gsd:0.56717532697
1112.0 269.0 1132.0 269.0 1132.0 275.0 1112.0 275.0 large-vehicle 1
1155.0 185.0 1175.0 185.0 1175.0 192.0 1155.0 192.0 large-vehicle 1
1156.0 249.0 1175.0 249.0 1175.0 253.0 1156.0 253.0 large-vehicle 1
1156.0 228.0 1177.0 228.0 1177.0 232.0 1156.0 232.0 large-vehicle 1
1155.0 220.0 1175.0 220.0 1175.0 225.0 1155.0 225.0 large-vehicle 1
1156.0 214.0 1176.0 214.0 1176.0 218.0 1156.0 218.0 large-vehicle 1
1156.0 206.0 1177.0 206.0 1177.0 212.0 1156.0 212.0 large-vehicle 1
1156.0 200.0 1176.0 200.0 1176.0 205.0 1156.0 205.0 large-vehicle 1
1155.0 193.0 1176.0 193.0 1176.0 199.0 1155.0 199.0 large-vehicle 1
1155.0 178.0 1174.0 178.0 1174.0 184.0 1155.0 184.0 large-vehicle 1
1112.0 263.0 1133.0 263.0 1133.0 268.0 1112.0 268.0 large-vehicle 1
1155.0 171.0 1174.0 171.0 1174.0 177.0 1155.0 177.0 large-vehicle 1
1155.0 150.0 1176.0 150.0 1176.0 155.0 1155.0 155.0 large-vehicle 1
669.0 1497.0 689.0 1497.0 689.0 1519.0 669.0 1519.0 storage-tank 0
1414.0 116.0 1433.0 116.0 1433.0 132.0 1414.0 132.0 bridge 0
1490.0 262.0 1510.0 262.0 1510.0 292.0 1490.0 292.0 bridge 0
1104.0 1218.0 1208.0 1218.0 1208.0 1310.0 1104.0 1310.0 bridge 0
300.0 1517.0 318.0 1517.0 318.0 1542.0 300.0 1542.0 bridge 0
1155.0 255.0 1176.0 255.0 1176.0 261.0 1155.0 261.0 large-vehicle 1
1156.0 261.0 1176.0 261.0 1176.0 269.0 1156.0 269.0 large-vehicle 1
1155.0 269.0 1175.0 269.0 1175.0 275.0 1155.0 275.0 large-vehicle 1
1154.0 289.0 1174.0 289.0 1174.0 295.0 1154.0 295.0 large-vehicle 1
1111.0 255.0 1132.0 255.0 1132.0 261.0 1111.0 261.0 large-vehicle 1
1113.0 250.0 1132.0 250.0 1132.0 255.0 1113.0 255.0 large-vehicle 1
1112.0 243.0 1134.0 243.0 1134.0 248.0 1112.0 248.0 large-vehicle 1
1112.0 235.0 1132.0 235.0 1132.0 240.0 1112.0 240.0 large-vehicle 1
1113.0 228.0 1133.0 228.0 1133.0 233.0 1113.0 233.0 large-vehicle 1
1113.0 222.0 1134.0 222.0 1134.0 227.0 1113.0 227.0 large-vehicle 1
1113.0 214.0 1134.0 214.0 1134.0 220.0 1113.0 220.0 large-vehicle 1
1111.0 187.0 1131.0 187.0 1131.0 192.0 1111.0 192.0 large-vehicle 1
1111.0 178.0 1131.0 178.0 1131.0 184.0 1111.0 184.0 large-vehicle 1
1112.0 172.0 1132.0 172.0 1132.0 176.0 1112.0 176.0 large-vehicle 1
1113.0 165.0 1133.0 165.0 1133.0 171.0 1113.0 171.0 large-vehicle 1
1112.0 159.0 1134.0 159.0 1134.0 164.0 1112.0 164.0 large-vehicle 1
1136.0 312.0 1156.0 312.0 1156.0 317.0 1136.0 317.0 large-vehicle 1
1154.0 303.0 1174.0 303.0 1174.0 308.0 1154.0 308.0 large-vehicle 1
1156.0 296.0 1174.0 296.0 1174.0 302.0 1156.0 302.0 large-vehicle 1
459.0 1089.0 550.0 1089.0 550.0 1180.0 459.0 1180.0 bridge 0
