imagesource:GoogleEarth
gsd:0.562656889962
1781.0 1011.0 1790.0 1011.0 1790.0 1016.0 1781.0 1016.0 small-vehicle 1
1099.0 125.0 1104.0 125.0 1104.0 132.0 1099.0 132.0 small-vehicle 1
1122.0 146.0 1128.0 146.0 1128.0 153.0 1122.0 153.0 small-vehicle 1
1115.0 143.0 1120.0 143.0 1120.0 152.0 1115.0 152.0 small-vehicle 1
1110.0 146.0 1116.0 146.0 1116.0 155.0 1110.0 155.0 small-vehicle 1
1093.0 168.0 1101.0 168.0 1101.0 177.0 1093.0 177.0 small-vehicle 1
1141.0 151.0 1148.0 151.0 1148.0 158.0 1141.0 158.0 small-vehicle 1
1137.0 143.0 1143.0 143.0 1143.0 150.0 1137.0 150.0 small-vehicle 1
1129.0 133.0 1136.0 133.0 1136.0 142.0 1129.0 142.0 small-vehicle 1
1121.0 125.0 1127.0 125.0 1127.0 133.0 1121.0 133.0 small-vehicle 1
1111.0 126.0 1116.0 126.0 1116.0 134.0 1111.0 134.0 small-vehicle 1
1103.0 122.0 1109.0 122.0 1109.0 130.0 1103.0 130.0 small-vehicle 1
1119.0 107.0 1124.0 107.0 1124.0 114.0 1119.0 114.0 small-vehicle 1
1124.0 39.0 1132.0 39.0 1132.0 44.0 1124.0 44.0 small-vehicle 1
1110.0 105.0 1117.0 105.0 1117.0 113.0 1110.0 113.0 small-vehicle 1
1072.0 125.0 1079.0 125.0 1079.0 134.0 1072.0 134.0 small-vehicle 1
1077.0 119.0 1082.0 119.0 1082.0 128.0 1077.0 128.0 small-vehicle 1
1068.0 105.0 1072.0 105.0 1072.0 113.0 1068.0 113.0 small-vehicle 1
1074.0 93.0 1079.0 93.0 1079.0 101.0 1074.0 101.0 small-vehicle 1
1082.0 96.0 1085.0 96.0 1085.0 104.0 1082.0 104.0 small-vehicle 1
1085.0 85.0 1090.0 85.0 1090.0 93.0 1085.0 93.0 small-vehicle 1
1099.0 55.0 1108.0 55.0 1108.0 62.0 1099.0 62.0 small-vehicle 1
1098.0 51.0 1106.0 51.0 1106.0 56.0 1098.0 56.0 small-vehicle 1
1109.0 44.0 1117.0 44.0 1117.0 50.0 1109.0 50.0 small-vehicle 1
1127.0 156.0 1132.0 156.0 1132.0 163.0 1127.0 163.0 small-vehicle 1
1126.0 164.0 1132.0 164.0 1132.0 172.0 1126.0 172.0 small-vehicle 1
1123.0 201.0 1129.0 201.0 1129.0 210.0 1123.0 210.0 small-vehicle 1
1138.0 175.0 1144.0 175.0 1144.0 183.0 1138.0 183.0 small-vehicle 1
1172.0 205.0 1178.0 205.0 1178.0 212.0 1172.0 212.0 small-vehicle 1
1175.0 280.0 1180.0 280.0 1180.0 287.0 1175.0 287.0 small-vehicle 1
1172.0 270.0 1177.0 270.0 1177.0 279.0 1172.0 279.0 small-vehicle 1
1181.0 278.0 1185.0 278.0 1185.0 286.0 1181.0 286.0 small-vehicle 1
1177.0 268.0 1183.0 268.0 1183.0 277.0 1177.0 277.0 small-vehicle 1
1166.0 256.0 1172.0 256.0 1172.0 265.0 1166.0 265.0 small-vehicle 1
1170.0 185.0 1176.0 185.0 1176.0 193.0 1170.0 193.0 small-vehicle 1
1169.0 193.0 1175.0 193.0 1175.0 200.0 1169.0 200.0 small-vehicle 1
1167.0 196.0 1173.0 196.0 1173.0 203.0 1167.0 203.0 small-vehicle 1
1161.0 187.0 1167.0 187.0 1167.0 195.0 1161.0 195.0 small-vehicle 1
1163.0 235.0 1169.0 235.0 1169.0 243.0 1163.0 243.0 small-vehicle 1
1149.0 229.0 1155.0 229.0 1155.0 237.0 1149.0 237.0 small-vehicle 1
1155.0 226.0 1161.0 226.0 1161.0 234.0 1155.0 234.0 small-vehicle 1
1148.0 215.0 1154.0 215.0 1154.0 224.0 1148.0 224.0 small-vehicle 1
1134.0 199.0 1141.0 199.0 1141.0 206.0 1134.0 206.0 small-vehicle 1
1140.0 195.0 1146.0 195.0 1146.0 203.0 1140.0 203.0 small-vehicle 1
1132.0 191.0 1137.0 191.0 1137.0 197.0 1132.0 197.0 small-vehicle 1
1125.0 178.0 1131.0 178.0 1131.0 185.0 1125.0 185.0 small-vehicle 1
1136.0 186.0 1142.0 186.0 1142.0 193.0 1136.0 193.0 small-vehicle 1
1131.0 175.0 1138.0 175.0 1138.0 184.0 1131.0 184.0 small-vehicle 1
1143.0 185.0 1148.0 185.0 1148.0 193.0 1143.0 193.0 small-vehicle 1
1146.0 59.0 1154.0 59.0 1154.0 64.0 1146.0 64.0 small-vehicle 1
1163.0 28.0 1171.0 28.0 1171.0 34.0 1163.0 34.0 small-vehicle 1
1231.0 684.0 1233.0 684.0 1233.0 690.0 1231.0 690.0 small-vehicle 1
65.0 1715.0 71.0 1715.0 71.0 1723.0 65.0 1723.0 small-vehicle 1
219.0 1750.0 223.0 1750.0 223.0 1758.0 219.0 1758.0 small-vehicle 1
332.0 1785.0 335.0 1785.0 335.0 1793.0 332.0 1793.0 small-vehicle 1
340.0 1808.0 343.0 1808.0 343.0 1814.0 340.0 1814.0 small-vehicle 1
342.0 1790.0 346.0 1790.0 346.0 1798.0 342.0 1798.0 small-vehicle 1
211.0 1655.0 230.0 1655.0 230.0 1667.0 211.0 1667.0 large-vehicle 1
209.0 1677.0 235.0 1677.0 235.0 1683.0 209.0 1683.0 large-vehicle 1
27.0 1723.0 33.0 1723.0 33.0 1731.0 27.0 1731.0 small-vehicle 1
47.0 1719.0 53.0 1719.0 53.0 1727.0 47.0 1727.0 small-vehicle 1
73.0 1712.0 78.0 1712.0 78.0 1720.0 73.0 1720.0 small-vehicle 1
61.0 1715.0 68.0 1715.0 68.0 1724.0 61.0 1724.0 small-vehicle 1
113.0 1704.0 117.0 1704.0 117.0 1711.0 113.0 1711.0 small-vehicle 1
332.0 1938.0 337.0 1938.0 337.0 1946.0 332.0 1946.0 small-vehicle 1
117.0 1704.0 121.0 1704.0 121.0 1711.0 117.0 1711.0 small-vehicle 1
121.0 1703.0 125.0 1703.0 125.0 1710.0 121.0 1710.0 small-vehicle 1
129.0 1701.0 135.0 1701.0 135.0 1708.0 129.0 1708.0 small-vehicle 1
133.0 1699.0 139.0 1699.0 139.0 1708.0 133.0 1708.0 small-vehicle 1
96.0 1663.0 102.0 1663.0 102.0 1672.0 96.0 1672.0 small-vehicle 1
272.0 1724.0 276.0 1724.0 276.0 1733.0 272.0 1733.0 small-vehicle 1
277.0 1724.0 281.0 1724.0 281.0 1733.0 277.0 1733.0 small-vehicle 1
345.0 1769.0 349.0 1769.0 349.0 1776.0 345.0 1776.0 small-vehicle 1
346.0 1759.0 350.0 1759.0 350.0 1768.0 346.0 1768.0 small-vehicle 1
348.0 1747.0 351.0 1747.0 351.0 1755.0 348.0 1755.0 small-vehicle 1
228.0 1806.0 232.0 1806.0 232.0 1813.0 228.0 1813.0 small-vehicle 1
369.0 1842.0 377.0 1842.0 377.0 1845.0 369.0 1845.0 small-vehicle 1
369.0 1851.0 377.0 1851.0 377.0 1853.0 369.0 1853.0 small-vehicle 1
368.0 1859.0 377.0 1859.0 377.0 1863.0 368.0 1863.0 small-vehicle 1
331.0 1929.0 336.0 1929.0 336.0 1937.0 331.0 1937.0 small-vehicle 1
329.0 1920.0 333.0 1920.0 333.0 1928.0 329.0 1928.0 small-vehicle 1
340.0 1917.0 344.0 1917.0 344.0 1924.0 340.0 1924.0 small-vehicle 1
342.0 1928.0 346.0 1928.0 346.0 1936.0 342.0 1936.0 small-vehicle 1
346.0 1973.0 351.0 1973.0 351.0 1981.0 346.0 1981.0 small-vehicle 1
351.0 1972.0 356.0 1972.0 356.0 1979.0 351.0 1979.0 small-vehicle 1
356.0 1971.0 361.0 1971.0 361.0 1980.0 356.0 1980.0 small-vehicle 1
361.0 1970.0 364.0 1970.0 364.0 1978.0 361.0 1978.0 small-vehicle 1
365.0 1970.0 369.0 1970.0 369.0 1976.0 365.0 1976.0 small-vehicle 1
379.0 1942.0 386.0 1942.0 386.0 1946.0 379.0 1946.0 small-vehicle 1
354.0 1942.0 364.0 1942.0 364.0 1946.0 354.0 1946.0 small-vehicle 1
353.0 1935.0 361.0 1935.0 361.0 1937.0 353.0 1937.0 small-vehicle 1
352.0 1925.0 361.0 1925.0 361.0 1928.0 352.0 1928.0 small-vehicle 1
351.0 1921.0 360.0 1921.0 360.0 1924.0 351.0 1924.0 small-vehicle 1
351.0 1912.0 359.0 1912.0 359.0 1916.0 351.0 1916.0 small-vehicle 1
350.0 1908.0 359.0 1908.0 359.0 1911.0 350.0 1911.0 small-vehicle 1
372.0 1907.0 382.0 1907.0 382.0 1910.0 372.0 1910.0 small-vehicle 1
370.0 1890.0 379.0 1890.0 379.0 1895.0 370.0 1895.0 small-vehicle 1
369.0 1881.0 377.0 1881.0 377.0 1885.0 369.0 1885.0 small-vehicle 1
368.0 1872.0 376.0 1872.0 376.0 1876.0 368.0 1876.0 small-vehicle 1
368.0 1868.0 376.0 1868.0 376.0 1871.0 368.0 1871.0 small-vehicle 1
1190.0 231.0 1196.0 231.0 1196.0 239.0 1190.0 239.0 small-vehicle 1
1207.0 258.0 1213.0 258.0 1213.0 265.0 1207.0 265.0 small-vehicle 1
1173.0 259.0 1178.0 259.0 1178.0 267.0 1173.0 267.0 small-vehicle 1
1221.0 538.0 1225.0 538.0 1225.0 546.0 1221.0 546.0 small-vehicle 1
1228.0 558.0 1231.0 558.0 1231.0 566.0 1228.0 566.0 small-vehicle 1
1235.0 582.0 1238.0 582.0 1238.0 590.0 1235.0 590.0 small-vehicle 1
1235.0 572.0 1238.0 572.0 1238.0 579.0 1235.0 579.0 small-vehicle 1
1233.0 561.0 1237.0 561.0 1237.0 567.0 1233.0 567.0 small-vehicle 1
1240.0 577.0 1244.0 577.0 1244.0 586.0 1240.0 586.0 small-vehicle 1
1239.0 568.0 1243.0 568.0 1243.0 575.0 1239.0 575.0 small-vehicle 1
1240.0 557.0 1243.0 557.0 1243.0 564.0 1240.0 564.0 small-vehicle 1
1220.0 528.0 1223.0 528.0 1223.0 535.0 1220.0 535.0 small-vehicle 1
1230.0 528.0 1234.0 528.0 1234.0 535.0 1230.0 535.0 small-vehicle 1
1225.0 528.0 1228.0 528.0 1228.0 536.0 1225.0 536.0 small-vehicle 1
1226.0 540.0 1230.0 540.0 1230.0 546.0 1226.0 546.0 small-vehicle 1
1169.0 248.0 1175.0 248.0 1175.0 256.0 1169.0 256.0 small-vehicle 1
1277.0 520.0 1285.0 520.0 1285.0 528.0 1277.0 528.0 small-vehicle 1
1237.0 539.0 1240.0 539.0 1240.0 545.0 1237.0 545.0 small-vehicle 1
1233.0 537.0 1236.0 537.0 1236.0 545.0 1233.0 545.0 small-vehicle 1
1446.0 681.0 1452.0 681.0 1452.0 690.0 1446.0 690.0 small-vehicle 1
1439.0 663.0 1445.0 663.0 1445.0 671.0 1439.0 671.0 small-vehicle 1
1426.0 639.0 1432.0 639.0 1432.0 647.0 1426.0 647.0 small-vehicle 1
1237.0 529.0 1240.0 529.0 1240.0 537.0 1237.0 537.0 small-vehicle 1
1225.0 519.0 1228.0 519.0 1228.0 527.0 1225.0 527.0 small-vehicle 1
1231.0 520.0 1235.0 520.0 1235.0 528.0 1231.0 528.0 small-vehicle 1
1218.0 508.0 1221.0 508.0 1221.0 516.0 1218.0 516.0 small-vehicle 1
1222.0 563.0 1225.0 563.0 1225.0 569.0 1222.0 569.0 small-vehicle 1
1228.0 570.0 1231.0 570.0 1231.0 577.0 1228.0 577.0 small-vehicle 1
1241.0 632.0 1245.0 632.0 1245.0 640.0 1241.0 640.0 small-vehicle 1
1235.0 595.0 1238.0 595.0 1238.0 602.0 1235.0 602.0 small-vehicle 1
1229.0 657.0 1232.0 657.0 1232.0 664.0 1229.0 664.0 small-vehicle 1
1224.0 662.0 1227.0 662.0 1227.0 669.0 1224.0 669.0 small-vehicle 1
1224.0 649.0 1227.0 649.0 1227.0 656.0 1224.0 656.0 small-vehicle 1
1241.0 722.0 1244.0 722.0 1244.0 730.0 1241.0 730.0 small-vehicle 1
1248.0 723.0 1251.0 723.0 1251.0 731.0 1248.0 731.0 small-vehicle 1
1243.0 700.0 1247.0 700.0 1247.0 708.0 1243.0 708.0 small-vehicle 1
1241.0 686.0 1245.0 686.0 1245.0 695.0 1241.0 695.0 small-vehicle 1
1236.0 680.0 1239.0 680.0 1239.0 689.0 1236.0 689.0 small-vehicle 1
1236.0 668.0 1239.0 668.0 1239.0 676.0 1236.0 676.0 small-vehicle 1
1235.0 644.0 1238.0 644.0 1238.0 651.0 1235.0 651.0 small-vehicle 1
1241.0 642.0 1244.0 642.0 1244.0 649.0 1241.0 649.0 small-vehicle 1
1236.0 654.0 1239.0 654.0 1239.0 662.0 1236.0 662.0 small-vehicle 1
1229.0 645.0 1233.0 645.0 1233.0 653.0 1229.0 653.0 small-vehicle 1
1225.0 638.0 1228.0 638.0 1228.0 647.0 1225.0 647.0 small-vehicle 1
1225.0 626.0 1228.0 626.0 1228.0 633.0 1225.0 633.0 small-vehicle 1
1225.0 617.0 1228.0 617.0 1228.0 623.0 1225.0 623.0 small-vehicle 1
1224.0 606.0 1227.0 606.0 1227.0 614.0 1224.0 614.0 small-vehicle 1
1224.0 595.0 1227.0 595.0 1227.0 602.0 1224.0 602.0 small-vehicle 1
1223.0 584.0 1226.0 584.0 1226.0 593.0 1223.0 593.0 small-vehicle 1
1230.0 592.0 1234.0 592.0 1234.0 599.0 1230.0 599.0 small-vehicle 1
1235.0 606.0 1239.0 606.0 1239.0 613.0 1235.0 613.0 small-vehicle 1
1223.0 498.0 1227.0 498.0 1227.0 505.0 1223.0 505.0 small-vehicle 1
1228.0 499.0 1231.0 499.0 1231.0 506.0 1228.0 506.0 small-vehicle 1
1234.0 498.0 1238.0 498.0 1238.0 504.0 1234.0 504.0 small-vehicle 1
1390.0 581.0 1397.0 581.0 1397.0 589.0 1390.0 589.0 small-vehicle 1
1352.0 539.0 1360.0 539.0 1360.0 547.0 1352.0 547.0 small-vehicle 1
1378.0 548.0 1385.0 548.0 1385.0 556.0 1378.0 556.0 small-vehicle 1
1403.0 513.0 1412.0 513.0 1412.0 521.0 1403.0 521.0 small-vehicle 1
1463.0 500.0 1473.0 500.0 1473.0 507.0 1463.0 507.0 small-vehicle 1
1341.0 479.0 1348.0 479.0 1348.0 486.0 1341.0 486.0 small-vehicle 1
1357.0 481.0 1364.0 481.0 1364.0 490.0 1357.0 490.0 small-vehicle 1
1346.0 467.0 1353.0 467.0 1353.0 475.0 1346.0 475.0 small-vehicle 1
1269.0 455.0 1276.0 455.0 1276.0 459.0 1269.0 459.0 small-vehicle 1
1241.0 444.0 1249.0 444.0 1249.0 448.0 1241.0 448.0 small-vehicle 1
1231.0 448.0 1238.0 448.0 1238.0 452.0 1231.0 452.0 small-vehicle 1
1225.0 440.0 1233.0 440.0 1233.0 445.0 1225.0 445.0 small-vehicle 1
1240.0 422.0 1247.0 422.0 1247.0 427.0 1240.0 427.0 small-vehicle 1
1205.0 429.0 1213.0 429.0 1213.0 436.0 1205.0 436.0 small-vehicle 1
1195.0 414.0 1202.0 414.0 1202.0 423.0 1195.0 423.0 small-vehicle 1
1196.0 349.0 1203.0 349.0 1203.0 359.0 1196.0 359.0 small-vehicle 1
1288.0 376.0 1296.0 376.0 1296.0 385.0 1288.0 385.0 small-vehicle 1
1275.0 352.0 1281.0 352.0 1281.0 360.0 1275.0 360.0 small-vehicle 1
1200.0 341.0 1206.0 341.0 1206.0 350.0 1200.0 350.0 small-vehicle 1
1192.0 308.0 1197.0 308.0 1197.0 316.0 1192.0 316.0 small-vehicle 1
1183.0 288.0 1189.0 288.0 1189.0 297.0 1183.0 297.0 small-vehicle 1
1163.0 266.0 1169.0 266.0 1169.0 274.0 1163.0 274.0 small-vehicle 1
1398.0 582.0 1407.0 582.0 1407.0 591.0 1398.0 591.0 small-vehicle 1
1389.0 591.0 1397.0 591.0 1397.0 601.0 1389.0 601.0 small-vehicle 1
1229.0 463.0 1232.0 463.0 1232.0 470.0 1229.0 470.0 small-vehicle 1
1403.0 606.0 1411.0 606.0 1411.0 615.0 1403.0 615.0 small-vehicle 1
1224.0 464.0 1228.0 464.0 1228.0 471.0 1224.0 471.0 small-vehicle 1
1220.0 486.0 1225.0 486.0 1225.0 493.0 1220.0 493.0 small-vehicle 1
1216.0 487.0 1220.0 487.0 1220.0 495.0 1216.0 495.0 small-vehicle 1
1227.0 487.0 1230.0 487.0 1230.0 494.0 1227.0 494.0 small-vehicle 1
1233.0 486.0 1236.0 486.0 1236.0 494.0 1233.0 494.0 small-vehicle 1
1231.0 474.0 1235.0 474.0 1235.0 482.0 1231.0 482.0 small-vehicle 1
1225.0 474.0 1228.0 474.0 1228.0 481.0 1225.0 481.0 small-vehicle 1
1219.0 474.0 1223.0 474.0 1223.0 481.0 1219.0 481.0 small-vehicle 1
1214.0 476.0 1218.0 476.0 1218.0 484.0 1214.0 484.0 small-vehicle 1
1219.0 464.0 1222.0 464.0 1222.0 472.0 1219.0 472.0 small-vehicle 1
1302.0 463.0 1309.0 463.0 1309.0 469.0 1302.0 469.0 small-vehicle 1
1286.0 458.0 1293.0 458.0 1293.0 463.0 1286.0 463.0 small-vehicle 1
1316.0 472.0 1324.0 472.0 1324.0 480.0 1316.0 480.0 small-vehicle 1
1326.0 482.0 1335.0 482.0 1335.0 489.0 1326.0 489.0 small-vehicle 1
1358.0 516.0 1365.0 516.0 1365.0 524.0 1358.0 524.0 small-vehicle 1
1364.0 534.0 1371.0 534.0 1371.0 542.0 1364.0 542.0 small-vehicle 1
1388.0 563.0 1395.0 563.0 1395.0 571.0 1388.0 571.0 small-vehicle 1
1372.0 559.0 1380.0 559.0 1380.0 569.0 1372.0 569.0 small-vehicle 1
1383.0 623.0 1391.0 623.0 1391.0 633.0 1383.0 633.0 small-vehicle 1
1437.0 647.0 1444.0 647.0 1444.0 655.0 1437.0 655.0 small-vehicle 1
1423.0 584.0 1429.0 584.0 1429.0 592.0 1423.0 592.0 small-vehicle 1
337.0 1740.0 342.0 1740.0 342.0 1749.0 337.0 1749.0 small-vehicle 1
346.0 1685.0 349.0 1685.0 349.0 1693.0 346.0 1693.0 small-vehicle 1
352.0 1637.0 356.0 1637.0 356.0 1646.0 352.0 1646.0 small-vehicle 1
524.0 800.0 533.0 800.0 533.0 804.0 524.0 804.0 small-vehicle 1
521.0 764.0 529.0 764.0 529.0 768.0 521.0 768.0 small-vehicle 1
514.0 769.0 523.0 769.0 523.0 774.0 514.0 774.0 small-vehicle 1
595.0 755.0 606.0 755.0 606.0 759.0 595.0 759.0 small-vehicle 1
565.0 767.0 575.0 767.0 575.0 772.0 565.0 772.0 small-vehicle 1
549.0 772.0 558.0 772.0 558.0 777.0 549.0 777.0 small-vehicle 1
586.0 774.0 596.0 774.0 596.0 780.0 586.0 780.0 small-vehicle 1
563.0 797.0 572.0 797.0 572.0 801.0 563.0 801.0 small-vehicle 1
569.0 804.0 578.0 804.0 578.0 807.0 569.0 807.0 small-vehicle 1
558.0 803.0 568.0 803.0 568.0 807.0 558.0 807.0 small-vehicle 1
536.0 801.0 545.0 801.0 545.0 805.0 536.0 805.0 small-vehicle 1
515.0 794.0 523.0 794.0 523.0 799.0 515.0 799.0 small-vehicle 1
142.0 1424.0 165.0 1424.0 165.0 1436.0 142.0 1436.0 large-vehicle 1
514.0 800.0 522.0 800.0 522.0 803.0 514.0 803.0 small-vehicle 1
509.0 805.0 518.0 805.0 518.0 809.0 509.0 809.0 small-vehicle 1
492.0 798.0 502.0 798.0 502.0 802.0 492.0 802.0 small-vehicle 1
464.0 797.0 472.0 797.0 472.0 802.0 464.0 802.0 small-vehicle 1
442.0 797.0 451.0 797.0 451.0 801.0 442.0 801.0 small-vehicle 1
399.0 793.0 406.0 793.0 406.0 797.0 399.0 797.0 small-vehicle 1
410.0 795.0 418.0 795.0 418.0 798.0 410.0 798.0 small-vehicle 1
377.0 794.0 386.0 794.0 386.0 798.0 377.0 798.0 small-vehicle 1
356.0 793.0 365.0 793.0 365.0 796.0 356.0 796.0 small-vehicle 1
345.0 793.0 354.0 793.0 354.0 796.0 345.0 796.0 small-vehicle 1
491.0 748.0 500.0 748.0 500.0 752.0 491.0 752.0 small-vehicle 1
421.0 767.0 430.0 767.0 430.0 770.0 421.0 770.0 small-vehicle 1
393.0 758.0 401.0 758.0 401.0 761.0 393.0 761.0 small-vehicle 1
466.0 761.0 491.0 761.0 491.0 767.0 466.0 767.0 large-vehicle 1
141.0 1407.0 162.0 1407.0 162.0 1418.0 141.0 1418.0 large-vehicle 1
139.0 1401.0 160.0 1401.0 160.0 1413.0 139.0 1413.0 large-vehicle 1
138.0 1395.0 159.0 1395.0 159.0 1407.0 138.0 1407.0 large-vehicle 1
137.0 1390.0 157.0 1390.0 157.0 1401.0 137.0 1401.0 large-vehicle 1
135.0 1384.0 156.0 1384.0 156.0 1396.0 135.0 1396.0 large-vehicle 1
135.0 1378.0 155.0 1378.0 155.0 1390.0 135.0 1390.0 large-vehicle 1
136.0 1373.0 156.0 1373.0 156.0 1384.0 136.0 1384.0 large-vehicle 1
147.0 1354.0 167.0 1354.0 167.0 1365.0 147.0 1365.0 large-vehicle 1
121.0 1361.0 141.0 1361.0 141.0 1372.0 121.0 1372.0 large-vehicle 1
1109.0 1570.0 1126.0 1570.0 1126.0 1587.0 1109.0 1587.0 large-vehicle 1
1107.0 1562.0 1125.0 1562.0 1125.0 1580.0 1107.0 1580.0 large-vehicle 1
1107.0 1557.0 1121.0 1557.0 1121.0 1573.0 1107.0 1573.0 large-vehicle 1
1166.0 1940.0 1188.0 1940.0 1188.0 1953.0 1166.0 1953.0 large-vehicle 1
1212.0 1924.0 1234.0 1924.0 1234.0 1937.0 1212.0 1937.0 large-vehicle 1
1025.0 31.0 1038.0 31.0 1038.0 50.0 1025.0 50.0 large-vehicle 1
1184.0 312.0 1195.0 312.0 1195.0 331.0 1184.0 331.0 large-vehicle 1
1234.0 619.0 1240.0 619.0 1240.0 639.0 1234.0 639.0 large-vehicle 1
68.0 752.0 91.0 752.0 91.0 757.0 68.0 757.0 large-vehicle 1
190.0 731.0 210.0 731.0 210.0 736.0 190.0 736.0 large-vehicle 1
526.0 742.0 545.0 742.0 545.0 749.0 526.0 749.0 large-vehicle 1
361.0 763.0 380.0 763.0 380.0 768.0 361.0 768.0 large-vehicle 1
298.0 790.0 308.0 790.0 308.0 794.0 298.0 794.0 small-vehicle 1
308.0 756.0 316.0 756.0 316.0 760.0 308.0 760.0 small-vehicle 1
251.0 761.0 262.0 761.0 262.0 765.0 251.0 765.0 small-vehicle 1
360.0 735.0 367.0 735.0 367.0 738.0 360.0 738.0 small-vehicle 1
223.0 739.0 231.0 739.0 231.0 742.0 223.0 742.0 small-vehicle 1
234.0 754.0 243.0 754.0 243.0 757.0 234.0 757.0 small-vehicle 1
207.0 758.0 217.0 758.0 217.0 762.0 207.0 762.0 small-vehicle 1
129.0 761.0 137.0 761.0 137.0 764.0 129.0 764.0 small-vehicle 1
51.0 754.0 58.0 754.0 58.0 757.0 51.0 757.0 small-vehicle 1
67.0 761.0 77.0 761.0 77.0 764.0 67.0 764.0 small-vehicle 1
37.0 762.0 45.0 762.0 45.0 766.0 37.0 766.0 small-vehicle 1
157.0 708.0 166.0 708.0 166.0 712.0 157.0 712.0 small-vehicle 1
164.0 701.0 174.0 701.0 174.0 704.0 164.0 704.0 small-vehicle 1
264.0 702.0 274.0 702.0 274.0 706.0 264.0 706.0 small-vehicle 1
454.0 690.0 457.0 690.0 457.0 698.0 454.0 698.0 small-vehicle 1
464.0 690.0 467.0 690.0 467.0 698.0 464.0 698.0 small-vehicle 1
361.0 639.0 365.0 639.0 365.0 647.0 361.0 647.0 small-vehicle 1
348.0 639.0 352.0 639.0 352.0 648.0 348.0 648.0 small-vehicle 1
855.0 721.0 1152.0 721.0 1152.0 900.0 855.0 900.0 bridge 0
610.0 923.0 641.0 923.0 641.0 977.0 610.0 977.0 basketball-court 0
569.0 920.0 601.0 920.0 601.0 976.0 569.0 976.0 basketball-court 0
654.0 925.0 686.0 925.0 686.0 983.0 654.0 983.0 basketball-court 0
657.0 858.0 689.0 858.0 689.0 916.0 657.0 916.0 basketball-court 0
616.0 855.0 646.0 855.0 646.0 916.0 616.0 916.0 basketball-court 0
529.0 919.0 562.0 919.0 562.0 974.0 529.0 974.0 basketball-court 0
272.0 733.0 281.0 733.0 281.0 736.0 272.0 736.0 small-vehicle 1
386.0 743.0 395.0 743.0 395.0 746.0 386.0 746.0 small-vehicle 1
342.0 798.0 350.0 798.0 350.0 800.0 342.0 800.0 small-vehicle 1
446.0 744.0 455.0 744.0 455.0 747.0 446.0 747.0 small-vehicle 1
277.0 795.0 285.0 795.0 285.0 799.0 277.0 799.0 small-vehicle 1
252.0 794.0 260.0 794.0 260.0 797.0 252.0 797.0 small-vehicle 1
248.0 788.0 257.0 788.0 257.0 792.0 248.0 792.0 small-vehicle 1
228.0 793.0 237.0 793.0 237.0 798.0 228.0 798.0 small-vehicle 1
189.0 792.0 197.0 792.0 197.0 795.0 189.0 795.0 small-vehicle 1
191.0 787.0 200.0 787.0 200.0 791.0 191.0 791.0 small-vehicle 1
168.0 787.0 174.0 787.0 174.0 790.0 168.0 790.0 small-vehicle 1
167.0 793.0 175.0 793.0 175.0 796.0 167.0 796.0 small-vehicle 1
143.0 780.0 153.0 780.0 153.0 784.0 143.0 784.0 small-vehicle 1
145.0 792.0 153.0 792.0 153.0 797.0 145.0 797.0 small-vehicle 1
136.0 793.0 143.0 793.0 143.0 796.0 136.0 796.0 small-vehicle 1
126.0 792.0 132.0 792.0 132.0 796.0 126.0 796.0 small-vehicle 1
112.0 793.0 120.0 793.0 120.0 796.0 112.0 796.0 small-vehicle 1
101.0 793.0 110.0 793.0 110.0 796.0 101.0 796.0 small-vehicle 1
90.0 793.0 98.0 793.0 98.0 797.0 90.0 797.0 small-vehicle 1
76.0 793.0 85.0 793.0 85.0 797.0 76.0 797.0 small-vehicle 1
65.0 793.0 73.0 793.0 73.0 796.0 65.0 796.0 small-vehicle 1
57.0 793.0 63.0 793.0 63.0 796.0 57.0 796.0 small-vehicle 1
46.0 793.0 55.0 793.0 55.0 797.0 46.0 797.0 small-vehicle 1
19.0 794.0 28.0 794.0 28.0 797.0 19.0 797.0 small-vehicle 1
159.0 760.0 167.0 760.0 167.0 764.0 159.0 764.0 small-vehicle 1
142.0 1413.0 163.0 1413.0 163.0 1423.0 142.0 1423.0 large-vehicle 1
144.0 1429.0 166.0 1429.0 166.0 1441.0 144.0 1441.0 large-vehicle 1
251.0 1619.0 257.0 1619.0 257.0 1628.0 251.0 1628.0 small-vehicle 1
249.0 1502.0 253.0 1502.0 253.0 1510.0 249.0 1510.0 small-vehicle 1
376.0 1466.0 380.0 1466.0 380.0 1472.0 376.0 1472.0 small-vehicle 1
380.0 1511.0 384.0 1511.0 384.0 1520.0 380.0 1520.0 small-vehicle 1
385.0 1476.0 389.0 1476.0 389.0 1484.0 385.0 1484.0 small-vehicle 1
390.0 1448.0 393.0 1448.0 393.0 1455.0 390.0 1455.0 small-vehicle 1
391.0 1437.0 395.0 1437.0 395.0 1445.0 391.0 1445.0 small-vehicle 1
393.0 1427.0 396.0 1427.0 396.0 1434.0 393.0 1434.0 small-vehicle 1
394.0 1417.0 398.0 1417.0 398.0 1424.0 394.0 1424.0 small-vehicle 1
395.0 1409.0 398.0 1409.0 398.0 1415.0 395.0 1415.0 small-vehicle 1
396.0 1400.0 400.0 1400.0 400.0 1406.0 396.0 1406.0 small-vehicle 1
398.0 1391.0 401.0 1391.0 401.0 1398.0 398.0 1398.0 small-vehicle 1
253.0 1513.0 262.0 1513.0 262.0 1519.0 253.0 1519.0 small-vehicle 1
138.0 1444.0 146.0 1444.0 146.0 1466.0 138.0 1466.0 large-vehicle 1
253.0 1507.0 262.0 1507.0 262.0 1515.0 253.0 1515.0 small-vehicle 1
256.0 1501.0 263.0 1501.0 263.0 1508.0 256.0 1508.0 small-vehicle 1
256.0 1496.0 263.0 1496.0 263.0 1503.0 256.0 1503.0 small-vehicle 1
255.0 1491.0 264.0 1491.0 264.0 1498.0 255.0 1498.0 small-vehicle 1
237.0 1469.0 241.0 1469.0 241.0 1477.0 237.0 1477.0 small-vehicle 1
225.0 1493.0 233.0 1493.0 233.0 1497.0 225.0 1497.0 small-vehicle 1
238.0 1479.0 241.0 1479.0 241.0 1487.0 238.0 1487.0 small-vehicle 1
239.0 1488.0 242.0 1488.0 242.0 1495.0 239.0 1495.0 small-vehicle 1
235.0 1487.0 238.0 1487.0 238.0 1496.0 235.0 1496.0 small-vehicle 1
234.0 1480.0 237.0 1480.0 237.0 1486.0 234.0 1486.0 small-vehicle 1
364.0 1543.0 368.0 1543.0 368.0 1552.0 364.0 1552.0 small-vehicle 1
363.0 1553.0 367.0 1553.0 367.0 1562.0 363.0 1562.0 small-vehicle 1
372.0 1574.0 376.0 1574.0 376.0 1584.0 372.0 1584.0 small-vehicle 1
360.0 1575.0 364.0 1575.0 364.0 1582.0 360.0 1582.0 small-vehicle 1
254.0 1630.0 257.0 1630.0 257.0 1637.0 254.0 1637.0 small-vehicle 1
264.0 1631.0 268.0 1631.0 268.0 1640.0 264.0 1640.0 small-vehicle 1
229.0 1640.0 236.0 1640.0 236.0 1645.0 229.0 1645.0 small-vehicle 1
257.0 1608.0 261.0 1608.0 261.0 1616.0 257.0 1616.0 small-vehicle 1
229.0 1627.0 237.0 1627.0 237.0 1634.0 229.0 1634.0 small-vehicle 1
236.0 1602.0 245.0 1602.0 245.0 1605.0 236.0 1605.0 small-vehicle 1
213.0 1602.0 222.0 1602.0 222.0 1606.0 213.0 1606.0 small-vehicle 1
236.0 1595.0 244.0 1595.0 244.0 1598.0 236.0 1598.0 small-vehicle 1
273.0 1584.0 277.0 1584.0 277.0 1592.0 273.0 1592.0 small-vehicle 1
264.0 1592.0 268.0 1592.0 268.0 1601.0 264.0 1601.0 small-vehicle 1
277.0 1562.0 281.0 1562.0 281.0 1571.0 277.0 1571.0 small-vehicle 1
205.0 1616.0 213.0 1616.0 213.0 1620.0 205.0 1620.0 small-vehicle 1
212.0 1593.0 222.0 1593.0 222.0 1596.0 212.0 1596.0 small-vehicle 1
242.0 1570.0 249.0 1570.0 249.0 1573.0 242.0 1573.0 small-vehicle 1
210.0 1571.0 217.0 1571.0 217.0 1574.0 210.0 1574.0 small-vehicle 1
209.0 1556.0 218.0 1556.0 218.0 1562.0 209.0 1562.0 small-vehicle 1
244.0 1553.0 252.0 1553.0 252.0 1557.0 244.0 1557.0 small-vehicle 1
223.0 1534.0 226.0 1534.0 226.0 1542.0 223.0 1542.0 small-vehicle 1
202.0 1461.0 210.0 1461.0 210.0 1464.0 202.0 1464.0 small-vehicle 1
196.0 1421.0 204.0 1421.0 204.0 1425.0 196.0 1425.0 small-vehicle 1
168.0 1415.0 176.0 1415.0 176.0 1419.0 168.0 1419.0 small-vehicle 1
233.0 1470.0 236.0 1470.0 236.0 1478.0 233.0 1478.0 small-vehicle 1
277.0 1496.0 281.0 1496.0 281.0 1504.0 277.0 1504.0 small-vehicle 1
441.0 1315.0 448.0 1315.0 448.0 1320.0 441.0 1320.0 small-vehicle 1
494.0 711.0 502.0 711.0 502.0 715.0 494.0 715.0 small-vehicle 1
573.0 717.0 580.0 717.0 580.0 720.0 573.0 720.0 small-vehicle 1
581.0 804.0 602.0 804.0 602.0 809.0 581.0 809.0 large-vehicle 1
52.0 883.0 88.0 883.0 88.0 891.0 52.0 891.0 large-vehicle 1
82.0 833.0 106.0 833.0 106.0 843.0 82.0 843.0 large-vehicle 1
21.0 882.0 42.0 882.0 42.0 887.0 21.0 887.0 large-vehicle 1
122.0 891.0 144.0 891.0 144.0 901.0 122.0 901.0 large-vehicle 1
60.0 1416.0 71.0 1416.0 71.0 1438.0 60.0 1438.0 large-vehicle 1
65.0 1414.0 76.0 1414.0 76.0 1436.0 65.0 1436.0 large-vehicle 1
70.0 1414.0 83.0 1414.0 83.0 1436.0 70.0 1436.0 large-vehicle 1
74.0 1383.0 86.0 1383.0 86.0 1405.0 74.0 1405.0 large-vehicle 1
79.0 1380.0 92.0 1380.0 92.0 1403.0 79.0 1403.0 large-vehicle 1
85.0 1378.0 97.0 1378.0 97.0 1401.0 85.0 1401.0 large-vehicle 1
90.0 1378.0 103.0 1378.0 103.0 1399.0 90.0 1399.0 large-vehicle 1
95.0 1375.0 108.0 1375.0 108.0 1397.0 95.0 1397.0 large-vehicle 1
119.0 1414.0 140.0 1414.0 140.0 1424.0 119.0 1424.0 large-vehicle 1
119.0 1419.0 142.0 1419.0 142.0 1430.0 119.0 1430.0 large-vehicle 1
121.0 1435.0 142.0 1435.0 142.0 1443.0 121.0 1443.0 large-vehicle 1
94.0 1439.0 116.0 1439.0 116.0 1453.0 94.0 1453.0 large-vehicle 1
85.0 1447.0 95.0 1447.0 95.0 1468.0 85.0 1468.0 large-vehicle 1
96.0 1466.0 109.0 1466.0 109.0 1488.0 96.0 1488.0 large-vehicle 1
90.0 1469.0 101.0 1469.0 101.0 1491.0 90.0 1491.0 large-vehicle 1
529.0 714.0 537.0 714.0 537.0 718.0 529.0 718.0 small-vehicle 1
498.0 723.0 507.0 723.0 507.0 728.0 498.0 728.0 small-vehicle 1
442.0 1301.0 451.0 1301.0 451.0 1305.0 442.0 1305.0 small-vehicle 1
453.0 827.0 457.0 827.0 457.0 835.0 453.0 835.0 small-vehicle 1
474.0 1058.0 483.0 1058.0 483.0 1063.0 474.0 1063.0 small-vehicle 1
435.0 1115.0 438.0 1115.0 438.0 1123.0 435.0 1123.0 small-vehicle 1
437.0 1100.0 441.0 1100.0 441.0 1108.0 437.0 1108.0 small-vehicle 1
439.0 1089.0 442.0 1089.0 442.0 1098.0 439.0 1098.0 small-vehicle 1
434.0 1042.0 438.0 1042.0 438.0 1050.0 434.0 1050.0 small-vehicle 1
448.0 1027.0 451.0 1027.0 451.0 1034.0 448.0 1034.0 small-vehicle 1
449.0 1017.0 452.0 1017.0 452.0 1024.0 449.0 1024.0 small-vehicle 1
438.0 1010.0 442.0 1010.0 442.0 1019.0 438.0 1019.0 small-vehicle 1
450.0 1007.0 453.0 1007.0 453.0 1015.0 450.0 1015.0 small-vehicle 1
443.0 946.0 447.0 946.0 447.0 954.0 443.0 954.0 small-vehicle 1
455.0 945.0 458.0 945.0 458.0 951.0 455.0 951.0 small-vehicle 1
454.0 935.0 459.0 935.0 459.0 942.0 454.0 942.0 small-vehicle 1
445.0 889.0 448.0 889.0 448.0 895.0 445.0 895.0 small-vehicle 1
445.0 878.0 449.0 878.0 449.0 886.0 445.0 886.0 small-vehicle 1
456.0 897.0 460.0 897.0 460.0 906.0 456.0 906.0 small-vehicle 1
456.0 878.0 460.0 878.0 460.0 885.0 456.0 885.0 small-vehicle 1
456.0 868.0 460.0 868.0 460.0 875.0 456.0 875.0 small-vehicle 1
456.0 846.0 461.0 846.0 461.0 854.0 456.0 854.0 small-vehicle 1
457.0 836.0 461.0 836.0 461.0 843.0 457.0 843.0 small-vehicle 1
458.0 826.0 462.0 826.0 462.0 834.0 458.0 834.0 small-vehicle 1
448.0 834.0 451.0 834.0 451.0 842.0 448.0 842.0 small-vehicle 1
1232.0 673.0 1234.0 673.0 1234.0 680.0 1232.0 680.0 small-vehicle 1
1231.0 696.0 1234.0 696.0 1234.0 702.0 1231.0 702.0 small-vehicle 1
1839.0 1000.0 1850.0 1000.0 1850.0 1007.0 1839.0 1007.0 small-vehicle 1
1567.0 709.0 1570.0 709.0 1570.0 717.0 1567.0 717.0 small-vehicle 1
1670.0 440.0 1679.0 440.0 1679.0 446.0 1670.0 446.0 small-vehicle 1
1608.0 726.0 1611.0 726.0 1611.0 734.0 1608.0 734.0 small-vehicle 1
1882.0 925.0 1891.0 925.0 1891.0 930.0 1882.0 930.0 small-vehicle 1
1887.0 920.0 1895.0 920.0 1895.0 925.0 1887.0 925.0 small-vehicle 1
1626.0 853.0 1635.0 853.0 1635.0 857.0 1626.0 857.0 small-vehicle 1
1589.0 791.0 1593.0 791.0 1593.0 799.0 1589.0 799.0 small-vehicle 1
1678.0 630.0 1683.0 630.0 1683.0 639.0 1678.0 639.0 small-vehicle 1
1669.0 630.0 1674.0 630.0 1674.0 640.0 1669.0 640.0 small-vehicle 1
1661.0 657.0 1665.0 657.0 1665.0 666.0 1661.0 666.0 small-vehicle 1
1515.0 743.0 1525.0 743.0 1525.0 751.0 1515.0 751.0 small-vehicle 1
1562.0 709.0 1566.0 709.0 1566.0 716.0 1562.0 716.0 small-vehicle 1
1701.0 604.0 1709.0 604.0 1709.0 608.0 1701.0 608.0 small-vehicle 1
1558.0 709.0 1561.0 709.0 1561.0 717.0 1558.0 717.0 small-vehicle 1
1555.0 691.0 1557.0 691.0 1557.0 698.0 1555.0 698.0 small-vehicle 1
1703.0 750.0 1711.0 750.0 1711.0 753.0 1703.0 753.0 small-vehicle 1
1693.0 749.0 1701.0 749.0 1701.0 753.0 1693.0 753.0 small-vehicle 1
1642.0 749.0 1650.0 749.0 1650.0 752.0 1642.0 752.0 small-vehicle 1
1723.0 669.0 1726.0 669.0 1726.0 676.0 1723.0 676.0 small-vehicle 1
1675.0 654.0 1678.0 654.0 1678.0 662.0 1675.0 662.0 small-vehicle 1
1718.0 643.0 1722.0 643.0 1722.0 650.0 1718.0 650.0 small-vehicle 1
1722.0 641.0 1727.0 641.0 1727.0 651.0 1722.0 651.0 small-vehicle 1
1732.0 641.0 1735.0 641.0 1735.0 649.0 1732.0 649.0 small-vehicle 1
1902.0 451.0 1911.0 451.0 1911.0 455.0 1902.0 455.0 small-vehicle 1
1901.0 447.0 1909.0 447.0 1909.0 451.0 1901.0 451.0 small-vehicle 1
1879.0 434.0 1888.0 434.0 1888.0 438.0 1879.0 438.0 small-vehicle 1
1880.0 437.0 1888.0 437.0 1888.0 441.0 1880.0 441.0 small-vehicle 1
2210.0 916.0 2219.0 916.0 2219.0 924.0 2210.0 924.0 small-vehicle 1
2216.0 929.0 2225.0 929.0 2225.0 937.0 2216.0 937.0 small-vehicle 1
2225.0 921.0 2234.0 921.0 2234.0 930.0 2225.0 930.0 small-vehicle 1
2233.0 916.0 2242.0 916.0 2242.0 925.0 2233.0 925.0 small-vehicle 1
2235.0 898.0 2243.0 898.0 2243.0 907.0 2235.0 907.0 small-vehicle 1
2266.0 892.0 2274.0 892.0 2274.0 900.0 2266.0 900.0 small-vehicle 1
2107.0 1112.0 2117.0 1112.0 2117.0 1118.0 2107.0 1118.0 small-vehicle 1
2131.0 1112.0 2141.0 1112.0 2141.0 1119.0 2131.0 1119.0 small-vehicle 1
2153.0 1051.0 2165.0 1051.0 2165.0 1058.0 2153.0 1058.0 small-vehicle 1
2116.0 1055.0 2126.0 1055.0 2126.0 1061.0 2116.0 1061.0 small-vehicle 1
2085.0 1051.0 2096.0 1051.0 2096.0 1059.0 2085.0 1059.0 small-vehicle 1
1952.0 1002.0 1964.0 1002.0 1964.0 1009.0 1952.0 1009.0 small-vehicle 1
2034.0 1034.0 2044.0 1034.0 2044.0 1041.0 2034.0 1041.0 small-vehicle 1
1490.0 476.0 1499.0 476.0 1499.0 482.0 1490.0 482.0 small-vehicle 1
1839.0 421.0 1843.0 421.0 1843.0 428.0 1839.0 428.0 small-vehicle 1
1834.0 421.0 1839.0 421.0 1839.0 429.0 1834.0 429.0 small-vehicle 1
1884.0 458.0 1891.0 458.0 1891.0 463.0 1884.0 463.0 small-vehicle 1
1883.0 455.0 1890.0 455.0 1890.0 459.0 1883.0 459.0 small-vehicle 1
1882.0 452.0 1890.0 452.0 1890.0 456.0 1882.0 456.0 small-vehicle 1
1881.0 446.0 1890.0 446.0 1890.0 451.0 1881.0 451.0 small-vehicle 1
1880.0 442.0 1888.0 442.0 1888.0 447.0 1880.0 447.0 small-vehicle 1
1728.0 650.0 1732.0 650.0 1732.0 658.0 1728.0 658.0 small-vehicle 1
1805.0 823.0 1809.0 823.0 1809.0 831.0 1805.0 831.0 small-vehicle 1
1235.0 707.0 1239.0 707.0 1239.0 715.0 1235.0 715.0 small-vehicle 1
2250.0 349.0 2256.0 349.0 2256.0 359.0 2250.0 359.0 small-vehicle 1
2194.0 189.0 2212.0 189.0 2212.0 204.0 2194.0 204.0 large-vehicle 1
2219.0 198.0 2238.0 198.0 2238.0 213.0 2219.0 213.0 large-vehicle 1
2410.0 988.0 2417.0 988.0 2417.0 995.0 2410.0 995.0 small-vehicle 1
2416.0 980.0 2423.0 980.0 2423.0 988.0 2416.0 988.0 small-vehicle 1
2388.0 996.0 2394.0 996.0 2394.0 1004.0 2388.0 1004.0 small-vehicle 1
2278.0 885.0 2286.0 885.0 2286.0 891.0 2278.0 891.0 small-vehicle 1
2286.0 878.0 2296.0 878.0 2296.0 886.0 2286.0 886.0 small-vehicle 1
2416.0 1164.0 2429.0 1164.0 2429.0 1173.0 2416.0 1173.0 large-vehicle 1
2293.0 1126.0 2316.0 1126.0 2316.0 1139.0 2293.0 1139.0 large-vehicle 1
2375.0 1157.0 2396.0 1157.0 2396.0 1169.0 2375.0 1169.0 large-vehicle 1
2273.0 364.0 2278.0 364.0 2278.0 372.0 2273.0 372.0 small-vehicle 1
1805.0 813.0 1809.0 813.0 1809.0 820.0 1805.0 820.0 small-vehicle 1
2305.0 381.0 2312.0 381.0 2312.0 389.0 2305.0 389.0 small-vehicle 1
2269.0 365.0 2274.0 365.0 2274.0 373.0 2269.0 373.0 small-vehicle 1
2253.0 317.0 2259.0 317.0 2259.0 326.0 2253.0 326.0 small-vehicle 1
2248.0 319.0 2254.0 319.0 2254.0 328.0 2248.0 328.0 small-vehicle 1
2241.0 323.0 2246.0 323.0 2246.0 331.0 2241.0 331.0 small-vehicle 1
2284.0 339.0 2289.0 339.0 2289.0 347.0 2284.0 347.0 small-vehicle 1
2300.0 333.0 2306.0 333.0 2306.0 341.0 2300.0 341.0 small-vehicle 1
2297.0 324.0 2303.0 324.0 2303.0 333.0 2297.0 333.0 small-vehicle 1
2250.0 310.0 2255.0 310.0 2255.0 318.0 2250.0 318.0 small-vehicle 1
2254.0 308.0 2259.0 308.0 2259.0 316.0 2254.0 316.0 small-vehicle 1
2134.0 139.0 2155.0 139.0 2155.0 154.0 2134.0 154.0 large-vehicle 1
2063.0 83.0 2078.0 83.0 2078.0 96.0 2063.0 96.0 large-vehicle 1
2030.0 74.0 2047.0 74.0 2047.0 86.0 2030.0 86.0 large-vehicle 1
2302.0 134.0 2311.0 134.0 2311.0 142.0 2302.0 142.0 small-vehicle 1
1805.0 796.0 1808.0 796.0 1808.0 804.0 1805.0 804.0 small-vehicle 1
1932.0 725.0 1941.0 725.0 1941.0 732.0 1932.0 732.0 small-vehicle 1
1732.0 668.0 1737.0 668.0 1737.0 676.0 1732.0 676.0 small-vehicle 1
1741.0 668.0 1745.0 668.0 1745.0 675.0 1741.0 675.0 small-vehicle 1
1778.0 660.0 1784.0 660.0 1784.0 669.0 1778.0 669.0 small-vehicle 1
1778.0 649.0 1782.0 649.0 1782.0 658.0 1778.0 658.0 small-vehicle 1
1774.0 636.0 1780.0 636.0 1780.0 645.0 1774.0 645.0 small-vehicle 1
2435.0 441.0 2443.0 441.0 2443.0 450.0 2435.0 450.0 small-vehicle 1
2128.0 143.0 2137.0 143.0 2137.0 151.0 2128.0 151.0 small-vehicle 1
2165.0 170.0 2175.0 170.0 2175.0 178.0 2165.0 178.0 small-vehicle 1
2139.0 150.0 2147.0 150.0 2147.0 157.0 2139.0 157.0 small-vehicle 1
2072.0 105.0 2080.0 105.0 2080.0 112.0 2072.0 112.0 small-vehicle 1
2141.0 91.0 2150.0 91.0 2150.0 97.0 2141.0 97.0 small-vehicle 1
1989.0 103.0 1995.0 103.0 1995.0 111.0 1989.0 111.0 small-vehicle 1
1993.0 101.0 1999.0 101.0 1999.0 109.0 1993.0 109.0 small-vehicle 1
1946.0 143.0 1955.0 143.0 1955.0 151.0 1946.0 151.0 small-vehicle 1
2428.0 112.0 2435.0 112.0 2435.0 121.0 2428.0 121.0 small-vehicle 1
2305.0 93.0 2313.0 93.0 2313.0 100.0 2305.0 100.0 small-vehicle 1
2307.0 97.0 2315.0 97.0 2315.0 103.0 2307.0 103.0 small-vehicle 1
2294.0 71.0 2302.0 71.0 2302.0 77.0 2294.0 77.0 small-vehicle 1
2309.0 101.0 2316.0 101.0 2316.0 107.0 2309.0 107.0 small-vehicle 1
2166.0 946.0 2177.0 946.0 2177.0 951.0 2166.0 951.0 small-vehicle 1
2176.0 947.0 2185.0 947.0 2185.0 951.0 2176.0 951.0 small-vehicle 1
2375.0 1047.0 2383.0 1047.0 2383.0 1056.0 2375.0 1056.0 small-vehicle 1
1481.0 1212.0 1486.0 1212.0 1486.0 1224.0 1481.0 1224.0 small-vehicle 1
1460.0 1108.0 1469.0 1108.0 1469.0 1117.0 1460.0 1117.0 small-vehicle 1
1473.0 1084.0 1478.0 1084.0 1478.0 1094.0 1473.0 1094.0 small-vehicle 1
1513.0 1056.0 1519.0 1056.0 1519.0 1067.0 1513.0 1067.0 small-vehicle 1
1488.0 1179.0 1492.0 1179.0 1492.0 1188.0 1488.0 1188.0 small-vehicle 1
1103.0 1388.0 1111.0 1388.0 1111.0 1400.0 1103.0 1400.0 small-vehicle 1
1126.0 1406.0 1134.0 1406.0 1134.0 1417.0 1126.0 1417.0 small-vehicle 1
1110.0 1381.0 1117.0 1381.0 1117.0 1391.0 1110.0 1391.0 small-vehicle 1
1482.0 1266.0 1488.0 1266.0 1488.0 1275.0 1482.0 1275.0 small-vehicle 1
1470.0 1256.0 1475.0 1256.0 1475.0 1264.0 1470.0 1264.0 small-vehicle 1
1483.0 1234.0 1489.0 1234.0 1489.0 1245.0 1483.0 1245.0 small-vehicle 1
1483.0 1161.0 1487.0 1161.0 1487.0 1172.0 1483.0 1172.0 small-vehicle 1
2347.0 1066.0 2356.0 1066.0 2356.0 1077.0 2347.0 1077.0 small-vehicle 1
1482.0 1139.0 1487.0 1139.0 1487.0 1148.0 1482.0 1148.0 small-vehicle 1
1449.0 1140.0 1457.0 1140.0 1457.0 1145.0 1449.0 1145.0 small-vehicle 1
1431.0 1139.0 1440.0 1139.0 1440.0 1145.0 1431.0 1145.0 small-vehicle 1
1416.0 1139.0 1426.0 1139.0 1426.0 1145.0 1416.0 1145.0 small-vehicle 1
1404.0 1121.0 1414.0 1121.0 1414.0 1128.0 1404.0 1128.0 small-vehicle 1
1373.0 1114.0 1384.0 1114.0 1384.0 1121.0 1373.0 1121.0 small-vehicle 1
1133.0 1245.0 1140.0 1245.0 1140.0 1254.0 1133.0 1254.0 small-vehicle 1
1149.0 1202.0 1153.0 1202.0 1153.0 1210.0 1149.0 1210.0 small-vehicle 1
1159.0 1204.0 1165.0 1204.0 1165.0 1213.0 1159.0 1213.0 small-vehicle 1
1217.0 1124.0 1224.0 1124.0 1224.0 1136.0 1217.0 1136.0 small-vehicle 1
1483.0 1077.0 1489.0 1077.0 1489.0 1099.0 1483.0 1099.0 large-vehicle 1
1323.0 1115.0 1343.0 1115.0 1343.0 1130.0 1323.0 1130.0 large-vehicle 1
1477.0 1274.0 1482.0 1274.0 1482.0 1283.0 1477.0 1283.0 small-vehicle 1
1474.0 1314.0 1479.0 1314.0 1479.0 1324.0 1474.0 1324.0 small-vehicle 1
1826.0 990.0 1836.0 990.0 1836.0 995.0 1826.0 995.0 small-vehicle 1
1754.0 978.0 1764.0 978.0 1764.0 984.0 1754.0 984.0 small-vehicle 1
1671.0 955.0 1679.0 955.0 1679.0 960.0 1671.0 960.0 small-vehicle 1
1676.0 950.0 1685.0 950.0 1685.0 955.0 1676.0 955.0 small-vehicle 1
1696.0 1778.0 1705.0 1778.0 1705.0 1783.0 1696.0 1783.0 small-vehicle 1
1654.0 1795.0 1665.0 1795.0 1665.0 1802.0 1654.0 1802.0 small-vehicle 1
1680.0 1766.0 1690.0 1766.0 1690.0 1773.0 1680.0 1773.0 small-vehicle 1
1742.0 1753.0 1751.0 1753.0 1751.0 1760.0 1742.0 1760.0 small-vehicle 1
1705.0 1779.0 1716.0 1779.0 1716.0 1787.0 1705.0 1787.0 small-vehicle 1
1836.0 1726.0 1845.0 1726.0 1845.0 1732.0 1836.0 1732.0 small-vehicle 1
1770.0 1760.0 1780.0 1760.0 1780.0 1766.0 1770.0 1766.0 small-vehicle 1
1876.0 1737.0 1886.0 1737.0 1886.0 1744.0 1876.0 1744.0 small-vehicle 1
1476.0 1647.0 1482.0 1647.0 1482.0 1657.0 1476.0 1657.0 small-vehicle 1
1470.0 1622.0 1477.0 1622.0 1477.0 1633.0 1470.0 1633.0 small-vehicle 1
1058.0 1691.0 1063.0 1691.0 1063.0 1701.0 1058.0 1701.0 small-vehicle 1
1471.0 1577.0 1477.0 1577.0 1477.0 1588.0 1471.0 1588.0 small-vehicle 1
1461.0 1472.0 1466.0 1472.0 1466.0 1481.0 1461.0 1481.0 small-vehicle 1
1469.0 1416.0 1473.0 1416.0 1473.0 1426.0 1469.0 1426.0 small-vehicle 1
1470.0 1387.0 1474.0 1387.0 1474.0 1397.0 1470.0 1397.0 small-vehicle 1
1466.0 1361.0 1471.0 1361.0 1471.0 1372.0 1466.0 1372.0 small-vehicle 1
1467.0 1323.0 1471.0 1323.0 1471.0 1332.0 1467.0 1332.0 small-vehicle 1
1293.0 1098.0 1304.0 1098.0 1304.0 1108.0 1293.0 1108.0 small-vehicle 1
1479.0 1054.0 1483.0 1054.0 1483.0 1063.0 1479.0 1063.0 small-vehicle 1
1480.0 1024.0 1486.0 1024.0 1486.0 1032.0 1480.0 1032.0 small-vehicle 1
418.0 1174.0 423.0 1174.0 423.0 1182.0 418.0 1182.0 small-vehicle 1
422.0 1156.0 426.0 1156.0 426.0 1164.0 422.0 1164.0 small-vehicle 1
434.0 1126.0 437.0 1126.0 437.0 1133.0 434.0 1133.0 small-vehicle 1
439.0 998.0 443.0 998.0 443.0 1006.0 439.0 1006.0 small-vehicle 1
443.0 906.0 448.0 906.0 448.0 917.0 443.0 917.0 small-vehicle 1
892.0 806.0 899.0 806.0 899.0 811.0 892.0 811.0 small-vehicle 1
716.0 781.0 725.0 781.0 725.0 785.0 716.0 785.0 small-vehicle 1
656.0 798.0 666.0 798.0 666.0 801.0 656.0 801.0 small-vehicle 1
614.0 807.0 623.0 807.0 623.0 810.0 614.0 810.0 small-vehicle 1
447.0 845.0 451.0 845.0 451.0 855.0 447.0 855.0 small-vehicle 1
377.0 1076.0 386.0 1076.0 386.0 1098.0 377.0 1098.0 large-vehicle 1
45.0 870.0 54.0 870.0 54.0 875.0 45.0 875.0 small-vehicle 1
207.0 904.0 218.0 904.0 218.0 911.0 207.0 911.0 small-vehicle 1
572.0 853.0 605.0 853.0 605.0 908.0 572.0 908.0 basketball-court 0
1633.0 939.0 1642.0 939.0 1642.0 945.0 1633.0 945.0 small-vehicle 1
1231.0 820.0 1243.0 820.0 1243.0 827.0 1231.0 827.0 small-vehicle 1
1531.0 917.0 1543.0 917.0 1543.0 925.0 1531.0 925.0 small-vehicle 1
1491.0 1108.0 1503.0 1108.0 1503.0 1120.0 1491.0 1120.0 small-vehicle 1
1489.0 1055.0 1493.0 1055.0 1493.0 1065.0 1489.0 1065.0 small-vehicle 1
1489.0 1024.0 1494.0 1024.0 1494.0 1035.0 1489.0 1035.0 small-vehicle 1
2113.0 1077.0 2122.0 1077.0 2122.0 1083.0 2113.0 1083.0 small-vehicle 1
2193.0 1081.0 2203.0 1081.0 2203.0 1088.0 2193.0 1088.0 small-vehicle 1
420.0 1165.0 425.0 1165.0 425.0 1173.0 420.0 1173.0 small-vehicle 1
417.0 1183.0 422.0 1183.0 422.0 1191.0 417.0 1191.0 small-vehicle 1
1484.0 972.0 1488.0 972.0 1488.0 983.0 1484.0 983.0 small-vehicle 1
371.0 1496.0 376.0 1496.0 376.0 1505.0 371.0 1505.0 small-vehicle 1
1302.0 1071.0 1311.0 1071.0 1311.0 1080.0 1302.0 1080.0 small-vehicle 1
1289.0 1025.0 1294.0 1025.0 1294.0 1034.0 1289.0 1034.0 small-vehicle 1
1356.0 935.0 1366.0 935.0 1366.0 941.0 1356.0 941.0 small-vehicle 1
1297.0 981.0 1305.0 981.0 1305.0 993.0 1297.0 993.0 small-vehicle 1
1200.0 930.0 1206.0 930.0 1206.0 940.0 1200.0 940.0 small-vehicle 1
1538.0 941.0 1546.0 941.0 1546.0 947.0 1538.0 947.0 small-vehicle 1
1531.0 924.0 1539.0 924.0 1539.0 929.0 1531.0 929.0 small-vehicle 1
1582.0 933.0 1592.0 933.0 1592.0 941.0 1582.0 941.0 small-vehicle 1
1284.0 873.0 1291.0 873.0 1291.0 878.0 1284.0 878.0 small-vehicle 1
1014.0 776.0 1024.0 776.0 1024.0 782.0 1014.0 782.0 small-vehicle 1
1023.0 1690.0 1028.0 1690.0 1028.0 1699.0 1023.0 1699.0 small-vehicle 1
1062.0 1607.0 1067.0 1607.0 1067.0 1617.0 1062.0 1617.0 small-vehicle 1
1023.0 1605.0 1028.0 1605.0 1028.0 1615.0 1023.0 1615.0 small-vehicle 1
1035.0 1603.0 1040.0 1603.0 1040.0 1614.0 1035.0 1614.0 small-vehicle 1
1033.0 1580.0 1040.0 1580.0 1040.0 1591.0 1033.0 1591.0 small-vehicle 1
1054.0 2079.0 1058.0 2079.0 1058.0 2088.0 1054.0 2088.0 small-vehicle 1
1047.0 2110.0 1053.0 2110.0 1053.0 2117.0 1047.0 2117.0 small-vehicle 1
1088.0 2083.0 1092.0 2083.0 1092.0 2092.0 1088.0 2092.0 small-vehicle 1
614.0 2143.0 624.0 2143.0 624.0 2149.0 614.0 2149.0 small-vehicle 1
335.0 1843.0 339.0 1843.0 339.0 1851.0 335.0 1851.0 small-vehicle 1
354.0 1617.0 358.0 1617.0 358.0 1625.0 354.0 1625.0 small-vehicle 1
2258.0 307.0 2264.0 307.0 2264.0 315.0 2258.0 315.0 small-vehicle 1
2262.0 306.0 2268.0 306.0 2268.0 314.0 2262.0 314.0 small-vehicle 1
2267.0 304.0 2273.0 304.0 2273.0 312.0 2267.0 312.0 small-vehicle 1
1083.0 832.0 1092.0 832.0 1092.0 837.0 1083.0 837.0 small-vehicle 1
632.0 809.0 641.0 809.0 641.0 813.0 632.0 813.0 small-vehicle 1
757.0 792.0 766.0 792.0 766.0 795.0 757.0 795.0 small-vehicle 1
695.0 785.0 702.0 785.0 702.0 789.0 695.0 789.0 small-vehicle 1
654.0 782.0 661.0 782.0 661.0 785.0 654.0 785.0 small-vehicle 1
639.0 773.0 649.0 773.0 649.0 777.0 639.0 777.0 small-vehicle 1
624.0 720.0 633.0 720.0 633.0 723.0 624.0 723.0 small-vehicle 1
651.0 722.0 661.0 722.0 661.0 725.0 651.0 725.0 small-vehicle 1
696.0 739.0 704.0 739.0 704.0 742.0 696.0 742.0 small-vehicle 1
760.0 769.0 768.0 769.0 768.0 773.0 760.0 773.0 small-vehicle 1
1034.0 826.0 1043.0 826.0 1043.0 830.0 1034.0 830.0 small-vehicle 1
857.0 780.0 866.0 780.0 866.0 784.0 857.0 784.0 small-vehicle 1
860.0 833.0 867.0 833.0 867.0 836.0 860.0 836.0 small-vehicle 1
871.0 774.0 880.0 774.0 880.0 779.0 871.0 779.0 small-vehicle 1
892.0 778.0 900.0 778.0 900.0 782.0 892.0 782.0 small-vehicle 1
974.0 809.0 983.0 809.0 983.0 813.0 974.0 813.0 small-vehicle 1
939.0 810.0 948.0 810.0 948.0 815.0 939.0 815.0 small-vehicle 1
908.0 736.0 916.0 736.0 916.0 741.0 908.0 741.0 small-vehicle 1
941.0 740.0 950.0 740.0 950.0 744.0 941.0 744.0 small-vehicle 1
974.0 742.0 982.0 742.0 982.0 746.0 974.0 746.0 small-vehicle 1
1001.0 745.0 1010.0 745.0 1010.0 749.0 1001.0 749.0 small-vehicle 1
1017.0 745.0 1026.0 745.0 1026.0 749.0 1017.0 749.0 small-vehicle 1
1041.0 747.0 1050.0 747.0 1050.0 751.0 1041.0 751.0 small-vehicle 1
656.0 807.0 663.0 807.0 663.0 810.0 656.0 810.0 small-vehicle 1
663.0 812.0 671.0 812.0 671.0 817.0 663.0 817.0 small-vehicle 1
684.0 815.0 692.0 815.0 692.0 819.0 684.0 819.0 small-vehicle 1
677.0 809.0 687.0 809.0 687.0 813.0 677.0 813.0 small-vehicle 1
841.0 834.0 850.0 834.0 850.0 838.0 841.0 838.0 small-vehicle 1
843.0 841.0 852.0 841.0 852.0 846.0 843.0 846.0 small-vehicle 1
824.0 827.0 831.0 827.0 831.0 831.0 824.0 831.0 small-vehicle 1
821.0 830.0 829.0 830.0 829.0 835.0 821.0 835.0 small-vehicle 1
811.0 831.0 819.0 831.0 819.0 835.0 811.0 835.0 small-vehicle 1
801.0 835.0 807.0 835.0 807.0 838.0 801.0 838.0 small-vehicle 1
800.0 830.0 808.0 830.0 808.0 833.0 800.0 833.0 small-vehicle 1
792.0 823.0 802.0 823.0 802.0 827.0 792.0 827.0 small-vehicle 1
790.0 827.0 798.0 827.0 798.0 831.0 790.0 831.0 small-vehicle 1
769.0 825.0 777.0 825.0 777.0 829.0 769.0 829.0 small-vehicle 1
772.0 821.0 779.0 821.0 779.0 825.0 772.0 825.0 small-vehicle 1
763.0 819.0 770.0 819.0 770.0 823.0 763.0 823.0 small-vehicle 1
751.0 817.0 759.0 817.0 759.0 821.0 751.0 821.0 small-vehicle 1
750.0 823.0 759.0 823.0 759.0 827.0 750.0 827.0 small-vehicle 1
739.0 821.0 748.0 821.0 748.0 826.0 739.0 826.0 small-vehicle 1
741.0 816.0 749.0 816.0 749.0 820.0 741.0 820.0 small-vehicle 1
696.0 816.0 704.0 816.0 704.0 819.0 696.0 819.0 small-vehicle 1
717.0 818.0 726.0 818.0 726.0 824.0 717.0 824.0 small-vehicle 1
708.0 813.0 716.0 813.0 716.0 817.0 708.0 817.0 small-vehicle 1
698.0 811.0 706.0 811.0 706.0 815.0 698.0 815.0 small-vehicle 1
689.0 810.0 696.0 810.0 696.0 814.0 689.0 814.0 small-vehicle 1
1240.0 841.0 1251.0 841.0 1251.0 846.0 1240.0 846.0 small-vehicle 1
1310.0 876.0 1322.0 876.0 1322.0 882.0 1310.0 882.0 small-vehicle 1
1315.0 849.0 1328.0 849.0 1328.0 857.0 1315.0 857.0 small-vehicle 1
1507.0 789.0 1513.0 789.0 1513.0 798.0 1507.0 798.0 small-vehicle 1
1462.0 654.0 1468.0 654.0 1468.0 662.0 1462.0 662.0 small-vehicle 1
1477.0 692.0 1483.0 692.0 1483.0 700.0 1477.0 700.0 small-vehicle 1
1455.0 702.0 1460.0 702.0 1460.0 710.0 1455.0 710.0 small-vehicle 1
1435.0 667.0 1441.0 667.0 1441.0 674.0 1435.0 674.0 small-vehicle 1
1207.0 769.0 1216.0 769.0 1216.0 775.0 1207.0 775.0 small-vehicle 1
1224.0 754.0 1229.0 754.0 1229.0 761.0 1224.0 761.0 small-vehicle 1
1224.0 742.0 1227.0 742.0 1227.0 749.0 1224.0 749.0 small-vehicle 1
1224.0 729.0 1227.0 729.0 1227.0 736.0 1224.0 736.0 small-vehicle 1
1230.0 748.0 1233.0 748.0 1233.0 756.0 1230.0 756.0 small-vehicle 1
1242.0 754.0 1245.0 754.0 1245.0 761.0 1242.0 761.0 small-vehicle 1
1242.0 744.0 1246.0 744.0 1246.0 751.0 1242.0 751.0 small-vehicle 1
1240.0 733.0 1243.0 733.0 1243.0 741.0 1240.0 741.0 small-vehicle 1
1230.0 727.0 1234.0 727.0 1234.0 736.0 1230.0 736.0 small-vehicle 1
1229.0 716.0 1232.0 716.0 1232.0 724.0 1229.0 724.0 small-vehicle 1
1230.0 707.0 1233.0 707.0 1233.0 713.0 1230.0 713.0 small-vehicle 1
1241.0 677.0 1245.0 677.0 1245.0 684.0 1241.0 684.0 small-vehicle 1
1241.0 663.0 1245.0 663.0 1245.0 672.0 1241.0 672.0 small-vehicle 1
1224.0 704.0 1227.0 704.0 1227.0 711.0 1224.0 711.0 small-vehicle 1
1224.0 693.0 1228.0 693.0 1228.0 701.0 1224.0 701.0 small-vehicle 1
1224.0 682.0 1227.0 682.0 1227.0 689.0 1224.0 689.0 small-vehicle 1
1224.0 671.0 1227.0 671.0 1227.0 679.0 1224.0 679.0 small-vehicle 1
1459.0 659.0 1463.0 659.0 1463.0 666.0 1459.0 666.0 small-vehicle 1
1501.0 790.0 1506.0 790.0 1506.0 799.0 1501.0 799.0 small-vehicle 1
1374.0 866.0 1384.0 866.0 1384.0 871.0 1374.0 871.0 small-vehicle 1
1482.0 800.0 1487.0 800.0 1487.0 807.0 1482.0 807.0 small-vehicle 1
1373.0 882.0 1383.0 882.0 1383.0 887.0 1373.0 887.0 small-vehicle 1
1403.0 888.0 1411.0 888.0 1411.0 891.0 1403.0 891.0 small-vehicle 1
1405.0 895.0 1414.0 895.0 1414.0 899.0 1405.0 899.0 small-vehicle 1
1470.0 908.0 1479.0 908.0 1479.0 914.0 1470.0 914.0 small-vehicle 1
1477.0 904.0 1487.0 904.0 1487.0 909.0 1477.0 909.0 small-vehicle 1
1357.0 770.0 1364.0 770.0 1364.0 777.0 1357.0 777.0 small-vehicle 1
1362.0 771.0 1370.0 771.0 1370.0 778.0 1362.0 778.0 small-vehicle 1
1402.0 766.0 1411.0 766.0 1411.0 773.0 1402.0 773.0 small-vehicle 1
1475.0 775.0 1481.0 775.0 1481.0 784.0 1475.0 784.0 small-vehicle 1
1477.0 757.0 1482.0 757.0 1482.0 765.0 1477.0 765.0 small-vehicle 1
1466.0 764.0 1471.0 764.0 1471.0 771.0 1466.0 771.0 small-vehicle 1
1463.0 753.0 1468.0 753.0 1468.0 760.0 1463.0 760.0 small-vehicle 1
1460.0 740.0 1466.0 740.0 1466.0 749.0 1460.0 749.0 small-vehicle 1
1445.0 690.0 1451.0 690.0 1451.0 698.0 1445.0 698.0 small-vehicle 1
1463.0 729.0 1468.0 729.0 1468.0 737.0 1463.0 737.0 small-vehicle 1
1474.0 745.0 1479.0 745.0 1479.0 754.0 1474.0 754.0 small-vehicle 1
1470.0 727.0 1475.0 727.0 1475.0 735.0 1470.0 735.0 small-vehicle 1
1471.0 775.0 1475.0 775.0 1475.0 783.0 1471.0 783.0 small-vehicle 1
1481.0 769.0 1485.0 769.0 1485.0 777.0 1481.0 777.0 small-vehicle 1
1479.0 788.0 1483.0 788.0 1483.0 796.0 1479.0 796.0 small-vehicle 1
1474.0 796.0 1479.0 796.0 1479.0 804.0 1474.0 804.0 small-vehicle 1
849.0 830.0 857.0 830.0 857.0 835.0 849.0 835.0 small-vehicle 1
861.0 837.0 870.0 837.0 870.0 841.0 861.0 841.0 small-vehicle 1
2271.0 302.0 2277.0 302.0 2277.0 311.0 2271.0 311.0 small-vehicle 1
1716.0 878.0 1724.0 878.0 1724.0 883.0 1716.0 883.0 small-vehicle 1
2441.0 183.0 2450.0 183.0 2450.0 190.0 2441.0 190.0 small-vehicle 1
2411.0 197.0 2420.0 197.0 2420.0 204.0 2411.0 204.0 small-vehicle 1
2397.0 204.0 2406.0 204.0 2406.0 210.0 2397.0 210.0 small-vehicle 1
2385.0 208.0 2394.0 208.0 2394.0 215.0 2385.0 215.0 small-vehicle 1
2347.0 218.0 2353.0 218.0 2353.0 226.0 2347.0 226.0 small-vehicle 1
1805.0 895.0 1812.0 895.0 1812.0 900.0 1805.0 900.0 small-vehicle 1
1793.0 898.0 1800.0 898.0 1800.0 903.0 1793.0 903.0 small-vehicle 1
1759.0 883.0 1766.0 883.0 1766.0 888.0 1759.0 888.0 small-vehicle 1
1769.0 886.0 1777.0 886.0 1777.0 890.0 1769.0 890.0 small-vehicle 1
1745.0 885.0 1753.0 885.0 1753.0 890.0 1745.0 890.0 small-vehicle 1
1579.0 849.0 1588.0 849.0 1588.0 854.0 1579.0 854.0 small-vehicle 1
870.0 834.0 879.0 834.0 879.0 838.0 870.0 838.0 small-vehicle 1
1733.0 876.0 1742.0 876.0 1742.0 881.0 1733.0 881.0 small-vehicle 1
1691.0 865.0 1701.0 865.0 1701.0 869.0 1691.0 869.0 small-vehicle 1
1618.0 834.0 1628.0 834.0 1628.0 839.0 1618.0 839.0 small-vehicle 1
1562.0 838.0 1571.0 838.0 1571.0 842.0 1562.0 842.0 small-vehicle 1
1908.0 1512.0 1920.0 1512.0 1920.0 1534.0 1908.0 1534.0 large-vehicle 1
1914.0 1510.0 1925.0 1510.0 1925.0 1531.0 1914.0 1531.0 large-vehicle 1
1930.0 1505.0 1942.0 1505.0 1942.0 1526.0 1930.0 1526.0 large-vehicle 1
1936.0 1502.0 1947.0 1502.0 1947.0 1524.0 1936.0 1524.0 large-vehicle 1
1941.0 1500.0 1952.0 1500.0 1952.0 1522.0 1941.0 1522.0 large-vehicle 1
1947.0 1499.0 1958.0 1499.0 1958.0 1521.0 1947.0 1521.0 large-vehicle 1
2454.0 180.0 2462.0 180.0 2462.0 185.0 2454.0 185.0 small-vehicle 1
2344.0 227.0 2352.0 227.0 2352.0 233.0 2344.0 233.0 small-vehicle 1
2244.0 223.0 2252.0 223.0 2252.0 230.0 2244.0 230.0 small-vehicle 1
2260.0 241.0 2264.0 241.0 2264.0 251.0 2260.0 251.0 small-vehicle 1
2280.0 299.0 2286.0 299.0 2286.0 308.0 2280.0 308.0 small-vehicle 1
2270.0 278.0 2277.0 278.0 2277.0 287.0 2270.0 287.0 small-vehicle 1
2262.0 281.0 2269.0 281.0 2269.0 290.0 2262.0 290.0 small-vehicle 1
2253.0 284.0 2260.0 284.0 2260.0 294.0 2253.0 294.0 small-vehicle 1
2250.0 286.0 2256.0 286.0 2256.0 295.0 2250.0 295.0 small-vehicle 1
2229.0 294.0 2235.0 294.0 2235.0 302.0 2229.0 302.0 small-vehicle 1
2225.0 296.0 2231.0 296.0 2231.0 304.0 2225.0 304.0 small-vehicle 1
2267.0 268.0 2275.0 268.0 2275.0 275.0 2267.0 275.0 small-vehicle 1
2326.0 290.0 2334.0 290.0 2334.0 297.0 2326.0 297.0 small-vehicle 1
2345.0 333.0 2353.0 333.0 2353.0 342.0 2345.0 342.0 small-vehicle 1
2375.0 342.0 2383.0 342.0 2383.0 350.0 2375.0 350.0 small-vehicle 1
2399.0 353.0 2407.0 353.0 2407.0 362.0 2399.0 362.0 small-vehicle 1
2415.0 370.0 2422.0 370.0 2422.0 378.0 2415.0 378.0 small-vehicle 1
2405.0 370.0 2413.0 370.0 2413.0 378.0 2405.0 378.0 small-vehicle 1
2372.0 324.0 2380.0 324.0 2380.0 332.0 2372.0 332.0 small-vehicle 1
2202.0 186.0 2210.0 186.0 2210.0 193.0 2202.0 193.0 small-vehicle 1
2192.0 178.0 2200.0 178.0 2200.0 185.0 2192.0 185.0 small-vehicle 1
2391.0 296.0 2398.0 296.0 2398.0 304.0 2391.0 304.0 small-vehicle 1
2368.0 311.0 2375.0 311.0 2375.0 318.0 2368.0 318.0 small-vehicle 1
2361.0 302.0 2368.0 302.0 2368.0 310.0 2361.0 310.0 small-vehicle 1
2344.0 292.0 2351.0 292.0 2351.0 300.0 2344.0 300.0 small-vehicle 1
1953.0 1498.0 1964.0 1498.0 1964.0 1517.0 1953.0 1517.0 large-vehicle 1
1964.0 1515.0 1977.0 1515.0 1977.0 1537.0 1964.0 1537.0 large-vehicle 1
1959.0 1520.0 1971.0 1520.0 1971.0 1541.0 1959.0 1541.0 large-vehicle 1
996.0 2123.0 1004.0 2123.0 1004.0 2127.0 996.0 2127.0 small-vehicle 1
995.0 2114.0 1003.0 2114.0 1003.0 2118.0 995.0 2118.0 small-vehicle 1
995.0 2109.0 1004.0 2109.0 1004.0 2113.0 995.0 2113.0 small-vehicle 1
926.0 2057.0 936.0 2057.0 936.0 2064.0 926.0 2064.0 small-vehicle 1
888.0 2054.0 897.0 2054.0 897.0 2061.0 888.0 2061.0 small-vehicle 1
890.0 2067.0 900.0 2067.0 900.0 2073.0 890.0 2073.0 small-vehicle 1
1108.0 952.0 1115.0 952.0 1115.0 959.0 1108.0 959.0 small-vehicle 1
1087.0 948.0 1097.0 948.0 1097.0 957.0 1087.0 957.0 small-vehicle 1
1019.0 881.0 1028.0 881.0 1028.0 888.0 1019.0 888.0 small-vehicle 1
1031.0 894.0 1040.0 894.0 1040.0 901.0 1031.0 901.0 small-vehicle 1
1013.0 884.0 1021.0 884.0 1021.0 890.0 1013.0 890.0 small-vehicle 1
981.0 868.0 988.0 868.0 988.0 873.0 981.0 873.0 small-vehicle 1
971.0 865.0 979.0 865.0 979.0 870.0 971.0 870.0 small-vehicle 1
949.0 853.0 958.0 853.0 958.0 857.0 949.0 857.0 small-vehicle 1
963.0 863.0 970.0 863.0 970.0 867.0 963.0 867.0 small-vehicle 1
953.0 859.0 960.0 859.0 960.0 864.0 953.0 864.0 small-vehicle 1
945.0 856.0 952.0 856.0 952.0 861.0 945.0 861.0 small-vehicle 1
945.0 864.0 954.0 864.0 954.0 869.0 945.0 869.0 small-vehicle 1
893.0 843.0 901.0 843.0 901.0 848.0 893.0 848.0 small-vehicle 1
904.0 841.0 912.0 841.0 912.0 845.0 904.0 845.0 small-vehicle 1
891.0 839.0 899.0 839.0 899.0 843.0 891.0 843.0 small-vehicle 1
878.0 821.0 887.0 821.0 887.0 824.0 878.0 824.0 small-vehicle 1
995.0 2119.0 1004.0 2119.0 1004.0 2122.0 995.0 2122.0 small-vehicle 1
996.0 2137.0 1004.0 2137.0 1004.0 2140.0 996.0 2140.0 small-vehicle 1
1936.0 1527.0 1949.0 1527.0 1949.0 1548.0 1936.0 1548.0 large-vehicle 1
2114.0 1658.0 2136.0 1658.0 2136.0 1669.0 2114.0 1669.0 large-vehicle 1
1925.0 1530.0 1937.0 1530.0 1937.0 1551.0 1925.0 1551.0 large-vehicle 1
1920.0 1531.0 1931.0 1531.0 1931.0 1553.0 1920.0 1553.0 large-vehicle 1
1864.0 1531.0 1886.0 1531.0 1886.0 1542.0 1864.0 1542.0 large-vehicle 1
1869.0 1548.0 1891.0 1548.0 1891.0 1558.0 1869.0 1558.0 large-vehicle 1
1892.0 1551.0 1914.0 1551.0 1914.0 1563.0 1892.0 1563.0 large-vehicle 1
1894.0 1557.0 1916.0 1557.0 1916.0 1569.0 1894.0 1569.0 large-vehicle 1
1873.0 1570.0 1896.0 1570.0 1896.0 1581.0 1873.0 1581.0 large-vehicle 1
1875.0 1576.0 1897.0 1576.0 1897.0 1588.0 1875.0 1588.0 large-vehicle 1
1912.0 1600.0 1924.0 1600.0 1924.0 1622.0 1912.0 1622.0 large-vehicle 1
1920.0 1601.0 1931.0 1601.0 1931.0 1623.0 1920.0 1623.0 large-vehicle 1
1930.0 1601.0 1942.0 1601.0 1942.0 1624.0 1930.0 1624.0 large-vehicle 1
1939.0 1593.0 1951.0 1593.0 1951.0 1615.0 1939.0 1615.0 large-vehicle 1
1945.0 1590.0 1956.0 1590.0 1956.0 1613.0 1945.0 1613.0 large-vehicle 1
1949.0 1588.0 1961.0 1588.0 1961.0 1609.0 1949.0 1609.0 large-vehicle 1
1961.0 1586.0 1974.0 1586.0 1974.0 1608.0 1961.0 1608.0 large-vehicle 1
1968.0 1585.0 1978.0 1585.0 1978.0 1607.0 1968.0 1607.0 large-vehicle 1
1951.0 1616.0 1963.0 1616.0 1963.0 1638.0 1951.0 1638.0 large-vehicle 1
1959.0 1618.0 1971.0 1618.0 1971.0 1639.0 1959.0 1639.0 large-vehicle 1
1975.0 1611.0 1986.0 1611.0 1986.0 1633.0 1975.0 1633.0 large-vehicle 1
1978.0 1581.0 1990.0 1581.0 1990.0 1603.0 1978.0 1603.0 large-vehicle 1
1991.0 1584.0 2003.0 1584.0 2003.0 1606.0 1991.0 1606.0 large-vehicle 1
534.0 856.0 564.0 856.0 564.0 907.0 534.0 907.0 basketball-court 0
