imagesource:GoogleEarth
gsd:0.552702112617
435.0 182.0 441.0 182.0 441.0 191.0 435.0 191.0 small-vehicle 1
1008.0 684.0 1017.0 684.0 1017.0 688.0 1008.0 688.0 small-vehicle 1
978.0 688.0 987.0 688.0 987.0 693.0 978.0 693.0 small-vehicle 1
965.0 690.0 974.0 690.0 974.0 694.0 965.0 694.0 small-vehicle 1
926.0 704.0 934.0 704.0 934.0 714.0 926.0 714.0 small-vehicle 1
935.0 731.0 941.0 731.0 941.0 740.0 935.0 740.0 small-vehicle 1
938.0 749.0 942.0 749.0 942.0 759.0 938.0 759.0 small-vehicle 1
942.0 802.0 947.0 802.0 947.0 811.0 942.0 811.0 small-vehicle 1
949.0 851.0 954.0 851.0 954.0 861.0 949.0 861.0 small-vehicle 1
888.0 868.0 893.0 868.0 893.0 877.0 888.0 877.0 small-vehicle 1
766.0 848.0 771.0 848.0 771.0 856.0 766.0 856.0 small-vehicle 1
709.0 917.0 714.0 917.0 714.0 926.0 709.0 926.0 small-vehicle 1
721.0 928.0 726.0 928.0 726.0 936.0 721.0 936.0 small-vehicle 1
731.0 951.0 738.0 951.0 738.0 961.0 731.0 961.0 small-vehicle 1
961.0 918.0 967.0 918.0 967.0 928.0 961.0 928.0 small-vehicle 1
1199.0 947.0 1209.0 947.0 1209.0 955.0 1199.0 955.0 small-vehicle 1
709.0 969.0 718.0 969.0 718.0 974.0 709.0 974.0 small-vehicle 1
729.0 979.0 740.0 979.0 740.0 985.0 729.0 985.0 small-vehicle 1
695.0 974.0 703.0 974.0 703.0 980.0 695.0 980.0 small-vehicle 1
642.0 959.0 653.0 959.0 653.0 967.0 642.0 967.0 large-vehicle 1
716.0 990.0 738.0 990.0 738.0 999.0 716.0 999.0 large-vehicle 1
814.0 1037.0 821.0 1037.0 821.0 1047.0 814.0 1047.0 small-vehicle 1
834.0 1033.0 842.0 1033.0 842.0 1045.0 834.0 1045.0 small-vehicle 1
842.0 1081.0 848.0 1081.0 848.0 1091.0 842.0 1091.0 small-vehicle 1
838.0 1119.0 844.0 1119.0 844.0 1128.0 838.0 1128.0 small-vehicle 1
993.0 686.0 1002.0 686.0 1002.0 691.0 993.0 691.0 small-vehicle 1
1147.0 657.0 1157.0 657.0 1157.0 662.0 1147.0 662.0 small-vehicle 1
596.0 1316.0 604.0 1316.0 604.0 1326.0 596.0 1326.0 small-vehicle 1
862.0 737.0 866.0 737.0 866.0 745.0 862.0 745.0 small-vehicle 1
849.0 134.0 854.0 134.0 854.0 143.0 849.0 143.0 small-vehicle 1
890.0 285.0 895.0 285.0 895.0 295.0 890.0 295.0 small-vehicle 1
907.0 357.0 913.0 357.0 913.0 367.0 907.0 367.0 small-vehicle 1
726.0 302.0 729.0 302.0 729.0 309.0 726.0 309.0 small-vehicle 1
711.0 335.0 715.0 335.0 715.0 344.0 711.0 344.0 small-vehicle 1
717.0 357.0 721.0 357.0 721.0 367.0 717.0 367.0 small-vehicle 1
710.0 445.0 715.0 445.0 715.0 455.0 710.0 455.0 small-vehicle 1
718.0 478.0 722.0 478.0 722.0 494.0 718.0 494.0 large-vehicle 1
730.0 540.0 735.0 540.0 735.0 553.0 730.0 553.0 large-vehicle 1
832.0 524.0 836.0 524.0 836.0 532.0 832.0 532.0 small-vehicle 1
739.0 565.0 743.0 565.0 743.0 574.0 739.0 574.0 small-vehicle 1
735.0 592.0 738.0 592.0 738.0 600.0 735.0 600.0 small-vehicle 1
747.0 623.0 751.0 623.0 751.0 632.0 747.0 632.0 small-vehicle 1
741.0 635.0 745.0 635.0 745.0 643.0 741.0 643.0 small-vehicle 1
697.0 686.0 725.0 686.0 725.0 695.0 697.0 695.0 large-vehicle 1
631.0 675.0 638.0 675.0 638.0 679.0 631.0 679.0 small-vehicle 1
663.0 685.0 670.0 685.0 670.0 689.0 663.0 689.0 small-vehicle 1
645.0 743.0 651.0 743.0 651.0 752.0 645.0 752.0 small-vehicle 1
657.0 781.0 664.0 781.0 664.0 790.0 657.0 790.0 small-vehicle 1
748.0 714.0 752.0 714.0 752.0 722.0 748.0 722.0 small-vehicle 1
735.0 733.0 740.0 733.0 740.0 743.0 735.0 743.0 small-vehicle 1
761.0 756.0 767.0 756.0 767.0 767.0 761.0 767.0 small-vehicle 1
752.0 780.0 758.0 780.0 758.0 788.0 752.0 788.0 small-vehicle 1
855.0 991.0 867.0 991.0 867.0 996.0 855.0 996.0 small-vehicle 1
941.0 969.0 950.0 969.0 950.0 975.0 941.0 975.0 small-vehicle 1
944.0 975.0 953.0 975.0 953.0 982.0 944.0 982.0 small-vehicle 1
943.0 983.0 953.0 983.0 953.0 989.0 943.0 989.0 small-vehicle 1
953.0 1370.0 961.0 1370.0 961.0 1382.0 953.0 1382.0 small-vehicle 1
1049.0 1347.0 1057.0 1347.0 1057.0 1358.0 1049.0 1358.0 small-vehicle 1
1068.0 1376.0 1076.0 1376.0 1076.0 1386.0 1068.0 1386.0 small-vehicle 1
1058.0 1402.0 1067.0 1402.0 1067.0 1413.0 1058.0 1413.0 small-vehicle 1
1127.0 1526.0 1135.0 1526.0 1135.0 1536.0 1127.0 1536.0 small-vehicle 1
1154.0 1569.0 1162.0 1569.0 1162.0 1580.0 1154.0 1580.0 small-vehicle 1
1011.0 1552.0 1019.0 1552.0 1019.0 1561.0 1011.0 1561.0 small-vehicle 1
1012.0 1532.0 1019.0 1532.0 1019.0 1542.0 1012.0 1542.0 small-vehicle 1
804.0 1560.0 823.0 1560.0 823.0 1600.0 804.0 1600.0 large-vehicle 1
971.0 1541.0 979.0 1541.0 979.0 1553.0 971.0 1553.0 small-vehicle 1
761.0 1453.0 767.0 1453.0 767.0 1464.0 761.0 1464.0 small-vehicle 1
587.0 1483.0 596.0 1483.0 596.0 1493.0 587.0 1493.0 small-vehicle 1
178.0 1408.0 184.0 1408.0 184.0 1417.0 178.0 1417.0 small-vehicle 1
372.0 1224.0 380.0 1224.0 380.0 1233.0 372.0 1233.0 small-vehicle 1
359.0 1219.0 366.0 1219.0 366.0 1228.0 359.0 1228.0 small-vehicle 1
368.0 1222.0 375.0 1222.0 375.0 1230.0 368.0 1230.0 small-vehicle 1
382.0 1227.0 389.0 1227.0 389.0 1236.0 382.0 1236.0 small-vehicle 1
377.0 1225.0 384.0 1225.0 384.0 1235.0 377.0 1235.0 small-vehicle 1
179.0 1280.0 183.0 1280.0 183.0 1289.0 179.0 1289.0 small-vehicle 1
242.0 1309.0 251.0 1309.0 251.0 1317.0 242.0 1317.0 small-vehicle 1
206.0 1280.0 212.0 1280.0 212.0 1289.0 206.0 1289.0 small-vehicle 1
211.0 1280.0 218.0 1280.0 218.0 1290.0 211.0 1290.0 small-vehicle 1
591.0 1314.0 599.0 1314.0 599.0 1324.0 591.0 1324.0 small-vehicle 1
928.0 1348.0 937.0 1348.0 937.0 1359.0 928.0 1359.0 small-vehicle 1
938.0 1329.0 945.0 1329.0 945.0 1338.0 938.0 1338.0 small-vehicle 1
903.0 1242.0 911.0 1242.0 911.0 1251.0 903.0 1251.0 small-vehicle 1
1067.0 1097.0 1077.0 1097.0 1077.0 1105.0 1067.0 1105.0 small-vehicle 1
1128.0 923.0 1136.0 923.0 1136.0 930.0 1128.0 930.0 small-vehicle 1
1144.0 965.0 1153.0 965.0 1153.0 973.0 1144.0 973.0 small-vehicle 1
1148.0 974.0 1156.0 974.0 1156.0 981.0 1148.0 981.0 small-vehicle 1
1049.0 1025.0 1057.0 1025.0 1057.0 1030.0 1049.0 1030.0 small-vehicle 1
1049.0 1031.0 1057.0 1031.0 1057.0 1035.0 1049.0 1035.0 small-vehicle 1
1046.0 1051.0 1050.0 1051.0 1050.0 1062.0 1046.0 1062.0 small-vehicle 1
1055.0 1071.0 1064.0 1071.0 1064.0 1077.0 1055.0 1077.0 small-vehicle 1
1061.0 1079.0 1068.0 1079.0 1068.0 1085.0 1061.0 1085.0 small-vehicle 1
1063.0 1083.0 1070.0 1083.0 1070.0 1090.0 1063.0 1090.0 small-vehicle 1
1064.0 1087.0 1072.0 1087.0 1072.0 1095.0 1064.0 1095.0 small-vehicle 1
1194.0 1076.0 1203.0 1076.0 1203.0 1084.0 1194.0 1084.0 small-vehicle 1
1016.0 1249.0 1023.0 1249.0 1023.0 1260.0 1016.0 1260.0 small-vehicle 1
1178.0 1103.0 1189.0 1103.0 1189.0 1112.0 1178.0 1112.0 small-vehicle 1
641.0 1192.0 648.0 1192.0 648.0 1197.0 641.0 1197.0 small-vehicle 1
727.0 1220.0 734.0 1220.0 734.0 1227.0 727.0 1227.0 small-vehicle 1
976.0 1164.0 985.0 1164.0 985.0 1176.0 976.0 1176.0 small-vehicle 1
989.0 1216.0 995.0 1216.0 995.0 1225.0 989.0 1225.0 small-vehicle 1
873.0 1175.0 879.0 1175.0 879.0 1185.0 873.0 1185.0 small-vehicle 1
871.0 1187.0 877.0 1187.0 877.0 1197.0 871.0 1197.0 small-vehicle 1
867.0 1201.0 874.0 1201.0 874.0 1212.0 867.0 1212.0 small-vehicle 1
805.0 1283.0 811.0 1283.0 811.0 1294.0 805.0 1294.0 small-vehicle 1
825.0 1248.0 831.0 1248.0 831.0 1261.0 825.0 1261.0 small-vehicle 1
870.0 133.0 876.0 133.0 876.0 145.0 870.0 145.0 small-vehicle 1
740.0 89.0 744.0 89.0 744.0 98.0 740.0 98.0 small-vehicle 1
725.0 103.0 736.0 103.0 736.0 137.0 725.0 137.0 large-vehicle 1
1246.0 185.0 1251.0 185.0 1251.0 191.0 1246.0 191.0 small-vehicle 1
1587.0 1064.0 1595.0 1064.0 1595.0 1071.0 1587.0 1071.0 small-vehicle 1
1592.0 1070.0 1601.0 1070.0 1601.0 1078.0 1592.0 1078.0 small-vehicle 1
1485.0 964.0 1492.0 964.0 1492.0 972.0 1485.0 972.0 small-vehicle 1
1599.0 969.0 1607.0 969.0 1607.0 973.0 1599.0 973.0 small-vehicle 1
1599.0 973.0 1606.0 973.0 1606.0 977.0 1599.0 977.0 small-vehicle 1
1596.0 978.0 1605.0 978.0 1605.0 982.0 1596.0 982.0 small-vehicle 1
1582.0 997.0 1588.0 997.0 1588.0 1005.0 1582.0 1005.0 small-vehicle 1
1541.0 975.0 1549.0 975.0 1549.0 981.0 1541.0 981.0 small-vehicle 1
1544.0 955.0 1551.0 955.0 1551.0 960.0 1544.0 960.0 small-vehicle 1
1384.0 871.0 1391.0 871.0 1391.0 878.0 1384.0 878.0 small-vehicle 1
1376.0 858.0 1383.0 858.0 1383.0 868.0 1376.0 868.0 small-vehicle 1
1368.0 848.0 1375.0 848.0 1375.0 857.0 1368.0 857.0 small-vehicle 1
1416.0 838.0 1424.0 838.0 1424.0 846.0 1416.0 846.0 small-vehicle 1
1424.0 829.0 1431.0 829.0 1431.0 837.0 1424.0 837.0 small-vehicle 1
1429.0 825.0 1436.0 825.0 1436.0 832.0 1429.0 832.0 small-vehicle 1
1342.0 597.0 1351.0 597.0 1351.0 603.0 1342.0 603.0 small-vehicle 1
1567.0 468.0 1575.0 468.0 1575.0 475.0 1567.0 475.0 small-vehicle 1
1329.0 435.0 1339.0 435.0 1339.0 445.0 1329.0 445.0 small-vehicle 1
1277.0 300.0 1286.0 300.0 1286.0 309.0 1277.0 309.0 small-vehicle 1
1318.0 277.0 1340.0 277.0 1340.0 298.0 1318.0 298.0 swimming-pool 0
1526.0 294.0 1535.0 294.0 1535.0 299.0 1526.0 299.0 small-vehicle 1
1378.0 218.0 1387.0 218.0 1387.0 226.0 1378.0 226.0 small-vehicle 1
1255.0 198.0 1262.0 198.0 1262.0 208.0 1255.0 208.0 small-vehicle 1
1584.0 1061.0 1591.0 1061.0 1591.0 1068.0 1584.0 1068.0 small-vehicle 1
1546.0 1051.0 1554.0 1051.0 1554.0 1059.0 1546.0 1059.0 small-vehicle 1
1552.0 1059.0 1560.0 1059.0 1560.0 1066.0 1552.0 1066.0 small-vehicle 1
1563.0 1068.0 1571.0 1068.0 1571.0 1076.0 1563.0 1076.0 small-vehicle 1
1374.0 929.0 1382.0 929.0 1382.0 937.0 1374.0 937.0 small-vehicle 1
1367.0 921.0 1377.0 921.0 1377.0 927.0 1367.0 927.0 small-vehicle 1
1359.0 902.0 1366.0 902.0 1366.0 909.0 1359.0 909.0 small-vehicle 1
1356.0 898.0 1364.0 898.0 1364.0 905.0 1356.0 905.0 small-vehicle 1
1353.0 894.0 1361.0 894.0 1361.0 901.0 1353.0 901.0 small-vehicle 1
1350.0 891.0 1358.0 891.0 1358.0 898.0 1350.0 898.0 small-vehicle 1
1347.0 887.0 1355.0 887.0 1355.0 894.0 1347.0 894.0 small-vehicle 1
1335.0 873.0 1344.0 873.0 1344.0 881.0 1335.0 881.0 small-vehicle 1
1251.0 842.0 1260.0 842.0 1260.0 849.0 1251.0 849.0 small-vehicle 1
1508.0 1015.0 1512.0 1015.0 1512.0 1024.0 1508.0 1024.0 small-vehicle 1
1555.0 1062.0 1563.0 1062.0 1563.0 1069.0 1555.0 1069.0 small-vehicle 1
1581.0 1081.0 1589.0 1081.0 1589.0 1088.0 1581.0 1088.0 small-vehicle 1
1553.0 1074.0 1561.0 1074.0 1561.0 1084.0 1553.0 1084.0 small-vehicle 1
1557.0 1077.0 1565.0 1077.0 1565.0 1086.0 1557.0 1086.0 small-vehicle 1
1561.0 1080.0 1568.0 1080.0 1568.0 1088.0 1561.0 1088.0 small-vehicle 1
1570.0 1087.0 1577.0 1087.0 1577.0 1095.0 1570.0 1095.0 small-vehicle 1
1575.0 1090.0 1582.0 1090.0 1582.0 1098.0 1575.0 1098.0 small-vehicle 1
1560.0 1064.0 1568.0 1064.0 1568.0 1072.0 1560.0 1072.0 small-vehicle 1
1566.0 1069.0 1574.0 1069.0 1574.0 1078.0 1566.0 1078.0 small-vehicle 1
1571.0 1073.0 1578.0 1073.0 1578.0 1080.0 1571.0 1080.0 small-vehicle 1
1574.0 1076.0 1582.0 1076.0 1582.0 1084.0 1574.0 1084.0 small-vehicle 1
1579.0 1078.0 1586.0 1078.0 1586.0 1085.0 1579.0 1085.0 small-vehicle 1
1250.0 188.0 1258.0 188.0 1258.0 196.0 1250.0 196.0 small-vehicle 1
1240.0 181.0 1246.0 181.0 1246.0 189.0 1240.0 189.0 small-vehicle 1
830.0 144.0 839.0 144.0 839.0 179.0 830.0 179.0 large-vehicle 1
1404.0 187.0 1412.0 187.0 1412.0 195.0 1404.0 195.0 small-vehicle 1
1452.0 61.0 1460.0 61.0 1460.0 70.0 1452.0 70.0 small-vehicle 1
1467.0 41.0 1470.0 41.0 1470.0 49.0 1467.0 49.0 small-vehicle 1
1558.0 83.0 1566.0 83.0 1566.0 88.0 1558.0 88.0 small-vehicle 1
1561.0 78.0 1568.0 78.0 1568.0 82.0 1561.0 82.0 small-vehicle 1
1547.0 70.0 1553.0 70.0 1553.0 78.0 1547.0 78.0 small-vehicle 1
1550.0 64.0 1556.0 64.0 1556.0 72.0 1550.0 72.0 small-vehicle 1
1553.0 59.0 1559.0 59.0 1559.0 68.0 1553.0 68.0 small-vehicle 1
1567.0 84.0 1577.0 84.0 1577.0 91.0 1567.0 91.0 small-vehicle 1
1573.0 74.0 1581.0 74.0 1581.0 80.0 1573.0 80.0 small-vehicle 1
1582.0 67.0 1590.0 67.0 1590.0 73.0 1582.0 73.0 small-vehicle 1
1638.0 24.0 1645.0 24.0 1645.0 30.0 1638.0 30.0 small-vehicle 1
1630.0 32.0 1638.0 32.0 1638.0 38.0 1630.0 38.0 small-vehicle 1
1627.0 36.0 1634.0 36.0 1634.0 42.0 1627.0 42.0 small-vehicle 1
1640.0 54.0 1648.0 54.0 1648.0 62.0 1640.0 62.0 small-vehicle 1
1624.0 39.0 1631.0 39.0 1631.0 45.0 1624.0 45.0 small-vehicle 1
1621.0 43.0 1629.0 43.0 1629.0 49.0 1621.0 49.0 small-vehicle 1
1617.0 47.0 1626.0 47.0 1626.0 54.0 1617.0 54.0 small-vehicle 1
872.0 8.0 876.0 8.0 876.0 16.0 872.0 16.0 small-vehicle 1
851.0 38.0 856.0 38.0 856.0 46.0 851.0 46.0 small-vehicle 1
749.0 7.0 753.0 7.0 753.0 15.0 749.0 15.0 small-vehicle 1
1171.0 238.0 1178.0 238.0 1178.0 247.0 1171.0 247.0 small-vehicle 1
825.0 330.0 831.0 330.0 831.0 344.0 825.0 344.0 large-vehicle 1
834.0 276.0 841.0 276.0 841.0 295.0 834.0 295.0 large-vehicle 1
1468.0 70.0 1473.0 70.0 1473.0 77.0 1468.0 77.0 small-vehicle 1
1529.0 139.0 1534.0 139.0 1534.0 147.0 1529.0 147.0 small-vehicle 1
1524.0 137.0 1530.0 137.0 1530.0 146.0 1524.0 146.0 small-vehicle 1
1307.0 112.0 1316.0 112.0 1316.0 119.0 1307.0 119.0 small-vehicle 1
1415.0 199.0 1423.0 199.0 1423.0 208.0 1415.0 208.0 small-vehicle 1
1421.0 169.0 1425.0 169.0 1425.0 175.0 1421.0 175.0 small-vehicle 1
1424.0 171.0 1430.0 171.0 1430.0 178.0 1424.0 178.0 small-vehicle 1
1428.0 174.0 1435.0 174.0 1435.0 182.0 1428.0 182.0 small-vehicle 1
1437.0 179.0 1443.0 179.0 1443.0 186.0 1437.0 186.0 small-vehicle 1
1441.0 182.0 1447.0 182.0 1447.0 189.0 1441.0 189.0 small-vehicle 1
1464.0 193.0 1471.0 193.0 1471.0 201.0 1464.0 201.0 small-vehicle 1
1470.0 195.0 1476.0 195.0 1476.0 202.0 1470.0 202.0 small-vehicle 1
1560.0 263.0 1570.0 263.0 1570.0 271.0 1560.0 271.0 small-vehicle 1
1565.0 250.0 1575.0 250.0 1575.0 259.0 1565.0 259.0 small-vehicle 1
1334.0 49.0 1341.0 49.0 1341.0 55.0 1334.0 55.0 small-vehicle 1
1519.0 134.0 1525.0 134.0 1525.0 143.0 1519.0 143.0 small-vehicle 1
1453.0 126.0 1459.0 126.0 1459.0 135.0 1453.0 135.0 small-vehicle 1
1480.0 139.0 1487.0 139.0 1487.0 148.0 1480.0 148.0 small-vehicle 1
1514.0 158.0 1519.0 158.0 1519.0 165.0 1514.0 165.0 small-vehicle 1
1522.0 162.0 1528.0 162.0 1528.0 170.0 1522.0 170.0 small-vehicle 1
1449.0 99.0 1456.0 99.0 1456.0 107.0 1449.0 107.0 small-vehicle 1
1456.0 101.0 1461.0 101.0 1461.0 108.0 1456.0 108.0 small-vehicle 1
1484.0 116.0 1490.0 116.0 1490.0 124.0 1484.0 124.0 small-vehicle 1
1489.0 118.0 1495.0 118.0 1495.0 126.0 1489.0 126.0 small-vehicle 1
1499.0 123.0 1504.0 123.0 1504.0 131.0 1499.0 131.0 small-vehicle 1
1514.0 132.0 1519.0 132.0 1519.0 139.0 1514.0 139.0 small-vehicle 1
569.0 1306.0 576.0 1306.0 576.0 1316.0 569.0 1316.0 small-vehicle 1
603.0 1319.0 610.0 1319.0 610.0 1329.0 603.0 1329.0 small-vehicle 1
458.0 195.0 464.0 195.0 464.0 204.0 458.0 204.0 small-vehicle 1
388.0 493.0 398.0 493.0 398.0 501.0 388.0 501.0 small-vehicle 1
256.0 570.0 264.0 570.0 264.0 576.0 256.0 576.0 small-vehicle 1
13.0 495.0 17.0 495.0 17.0 505.0 13.0 505.0 small-vehicle 1
17.0 495.0 21.0 495.0 21.0 504.0 17.0 504.0 small-vehicle 1
48.0 528.0 56.0 528.0 56.0 532.0 48.0 532.0 small-vehicle 1
2.0 534.0 11.0 534.0 11.0 541.0 2.0 541.0 small-vehicle 1
3.0 471.0 8.0 471.0 8.0 480.0 3.0 480.0 small-vehicle 1
9.0 470.0 14.0 470.0 14.0 478.0 9.0 478.0 small-vehicle 1
13.0 469.0 18.0 469.0 18.0 478.0 13.0 478.0 small-vehicle 1
19.0 468.0 23.0 468.0 23.0 477.0 19.0 477.0 small-vehicle 1
23.0 467.0 28.0 467.0 28.0 476.0 23.0 476.0 small-vehicle 1
28.0 467.0 33.0 467.0 33.0 475.0 28.0 475.0 small-vehicle 1
33.0 466.0 38.0 466.0 38.0 474.0 33.0 474.0 small-vehicle 1
38.0 466.0 42.0 466.0 42.0 473.0 38.0 473.0 small-vehicle 1
43.0 465.0 46.0 465.0 46.0 472.0 43.0 472.0 small-vehicle 1
47.0 464.0 51.0 464.0 51.0 471.0 47.0 471.0 small-vehicle 1
53.0 462.0 57.0 462.0 57.0 471.0 53.0 471.0 small-vehicle 1
57.0 461.0 61.0 461.0 61.0 469.0 57.0 469.0 small-vehicle 1
62.0 461.0 66.0 461.0 66.0 469.0 62.0 469.0 small-vehicle 1
67.0 462.0 71.0 462.0 71.0 471.0 67.0 471.0 small-vehicle 1
72.0 461.0 75.0 461.0 75.0 470.0 72.0 470.0 small-vehicle 1
77.0 460.0 81.0 460.0 81.0 468.0 77.0 468.0 small-vehicle 1
71.0 485.0 75.0 485.0 75.0 495.0 71.0 495.0 small-vehicle 1
83.0 462.0 87.0 462.0 87.0 472.0 83.0 472.0 small-vehicle 1
274.0 579.0 283.0 579.0 283.0 585.0 274.0 585.0 small-vehicle 1
600.0 519.0 606.0 519.0 606.0 529.0 600.0 529.0 small-vehicle 1
504.0 1249.0 511.0 1249.0 511.0 1259.0 504.0 1259.0 small-vehicle 1
612.0 525.0 617.0 525.0 617.0 536.0 612.0 536.0 small-vehicle 1
597.0 673.0 607.0 673.0 607.0 678.0 597.0 678.0 small-vehicle 1
621.0 681.0 630.0 681.0 630.0 686.0 621.0 686.0 small-vehicle 1
452.0 489.0 463.0 489.0 463.0 498.0 452.0 498.0 small-vehicle 1
619.0 599.0 623.0 599.0 623.0 608.0 619.0 608.0 small-vehicle 1
609.0 617.0 612.0 617.0 612.0 627.0 609.0 627.0 small-vehicle 1
375.0 595.0 384.0 595.0 384.0 602.0 375.0 602.0 small-vehicle 1
376.0 624.0 385.0 624.0 385.0 629.0 376.0 629.0 small-vehicle 1
370.0 612.0 381.0 612.0 381.0 619.0 370.0 619.0 small-vehicle 1
409.0 619.0 418.0 619.0 418.0 626.0 409.0 626.0 small-vehicle 1
445.0 631.0 453.0 631.0 453.0 637.0 445.0 637.0 small-vehicle 1
133.0 497.0 137.0 497.0 137.0 507.0 133.0 507.0 small-vehicle 1
399.0 516.0 405.0 516.0 405.0 528.0 399.0 528.0 small-vehicle 1
408.0 520.0 415.0 520.0 415.0 531.0 408.0 531.0 small-vehicle 1
426.0 495.0 434.0 495.0 434.0 499.0 426.0 499.0 small-vehicle 1
442.0 510.0 450.0 510.0 450.0 519.0 442.0 519.0 small-vehicle 1
419.0 503.0 429.0 503.0 429.0 509.0 419.0 509.0 small-vehicle 1
421.0 498.0 429.0 498.0 429.0 504.0 421.0 504.0 small-vehicle 1
426.0 490.0 435.0 490.0 435.0 495.0 426.0 495.0 small-vehicle 1
427.0 484.0 437.0 484.0 437.0 490.0 427.0 490.0 small-vehicle 1
430.0 479.0 440.0 479.0 440.0 486.0 430.0 486.0 small-vehicle 1
433.0 469.0 441.0 469.0 441.0 475.0 433.0 475.0 small-vehicle 1
613.0 591.0 617.0 591.0 617.0 600.0 613.0 600.0 small-vehicle 1
615.0 476.0 620.0 476.0 620.0 486.0 615.0 486.0 small-vehicle 1
87.0 462.0 90.0 462.0 90.0 469.0 87.0 469.0 small-vehicle 1
110.0 430.0 118.0 430.0 118.0 435.0 110.0 435.0 small-vehicle 1
105.0 454.0 112.0 454.0 112.0 458.0 105.0 458.0 small-vehicle 1
91.0 462.0 95.0 462.0 95.0 471.0 91.0 471.0 small-vehicle 1
307.0 281.0 313.0 281.0 313.0 291.0 307.0 291.0 small-vehicle 1
274.0 307.0 283.0 307.0 283.0 313.0 274.0 313.0 small-vehicle 1
272.0 311.0 281.0 311.0 281.0 317.0 272.0 317.0 small-vehicle 1
248.0 303.0 257.0 303.0 257.0 309.0 248.0 309.0 small-vehicle 1
250.0 298.0 258.0 298.0 258.0 304.0 250.0 304.0 small-vehicle 1
252.0 288.0 260.0 288.0 260.0 294.0 252.0 294.0 small-vehicle 1
256.0 280.0 264.0 280.0 264.0 286.0 256.0 286.0 small-vehicle 1
259.0 271.0 267.0 271.0 267.0 276.0 259.0 276.0 small-vehicle 1
260.0 265.0 269.0 265.0 269.0 272.0 260.0 272.0 small-vehicle 1
265.0 246.0 275.0 246.0 275.0 253.0 265.0 253.0 small-vehicle 1
268.0 236.0 277.0 236.0 277.0 243.0 268.0 243.0 small-vehicle 1
276.0 213.0 286.0 213.0 286.0 220.0 276.0 220.0 small-vehicle 1
256.0 210.0 261.0 210.0 261.0 220.0 256.0 220.0 small-vehicle 1
299.0 220.0 308.0 220.0 308.0 227.0 299.0 227.0 small-vehicle 1
284.0 199.0 292.0 199.0 292.0 205.0 284.0 205.0 small-vehicle 1
257.0 171.0 265.0 171.0 265.0 176.0 257.0 176.0 small-vehicle 1
259.0 160.0 268.0 160.0 268.0 168.0 259.0 168.0 small-vehicle 1
528.0 53.0 540.0 53.0 540.0 63.0 528.0 63.0 small-vehicle 1
402.0 7.0 407.0 7.0 407.0 16.0 402.0 16.0 small-vehicle 1
938.0 808.0 979.0 808.0 979.0 897.0 938.0 897.0 bridge 0
862.0 834.0 920.0 834.0 920.0 925.0 862.0 925.0 bridge 0
755.0 861.0 816.0 861.0 816.0 935.0 755.0 935.0 bridge 0
661.0 824.0 729.0 824.0 729.0 932.0 661.0 932.0 bridge 0
298.0 307.0 304.0 307.0 304.0 316.0 298.0 316.0 small-vehicle 1
293.0 319.0 300.0 319.0 300.0 327.0 293.0 327.0 small-vehicle 1
291.0 328.0 296.0 328.0 296.0 337.0 291.0 337.0 small-vehicle 1
204.0 443.0 212.0 443.0 212.0 449.0 204.0 449.0 small-vehicle 1
85.0 475.0 95.0 475.0 95.0 484.0 85.0 484.0 small-vehicle 1
195.0 485.0 202.0 485.0 202.0 496.0 195.0 496.0 small-vehicle 1
142.0 500.0 147.0 500.0 147.0 509.0 142.0 509.0 small-vehicle 1
159.0 474.0 165.0 474.0 165.0 484.0 159.0 484.0 small-vehicle 1
169.0 470.0 175.0 470.0 175.0 479.0 169.0 479.0 small-vehicle 1
164.0 472.0 169.0 472.0 169.0 482.0 164.0 482.0 small-vehicle 1
177.0 465.0 182.0 465.0 182.0 474.0 177.0 474.0 small-vehicle 1
182.0 463.0 187.0 463.0 187.0 472.0 182.0 472.0 small-vehicle 1
187.0 462.0 192.0 462.0 192.0 471.0 187.0 471.0 small-vehicle 1
191.0 459.0 197.0 459.0 197.0 467.0 191.0 467.0 small-vehicle 1
200.0 448.0 209.0 448.0 209.0 455.0 200.0 455.0 small-vehicle 1
618.0 417.0 623.0 417.0 623.0 428.0 618.0 428.0 small-vehicle 1
127.0 429.0 135.0 429.0 135.0 439.0 127.0 439.0 small-vehicle 1
179.0 411.0 188.0 411.0 188.0 416.0 179.0 416.0 small-vehicle 1
210.0 435.0 216.0 435.0 216.0 441.0 210.0 441.0 small-vehicle 1
233.0 530.0 240.0 530.0 240.0 540.0 233.0 540.0 small-vehicle 1
239.0 516.0 244.0 516.0 244.0 524.0 239.0 524.0 small-vehicle 1
254.0 459.0 262.0 459.0 262.0 470.0 254.0 470.0 small-vehicle 1
214.0 426.0 221.0 426.0 221.0 432.0 214.0 432.0 small-vehicle 1
583.0 377.0 593.0 377.0 593.0 383.0 583.0 383.0 small-vehicle 1
581.0 391.0 587.0 391.0 587.0 399.0 581.0 399.0 small-vehicle 1
617.0 441.0 620.0 441.0 620.0 449.0 617.0 449.0 small-vehicle 1
571.0 677.0 581.0 677.0 581.0 684.0 571.0 684.0 small-vehicle 1
547.0 665.0 554.0 665.0 554.0 672.0 547.0 672.0 small-vehicle 1
507.0 658.0 521.0 658.0 521.0 666.0 507.0 666.0 small-vehicle 1
189.0 930.0 195.0 930.0 195.0 939.0 189.0 939.0 small-vehicle 1
251.0 1025.0 259.0 1025.0 259.0 1032.0 251.0 1032.0 small-vehicle 1
235.0 1007.0 245.0 1007.0 245.0 1013.0 235.0 1013.0 small-vehicle 1
386.0 963.0 395.0 963.0 395.0 970.0 386.0 970.0 small-vehicle 1
387.0 959.0 396.0 959.0 396.0 966.0 387.0 966.0 small-vehicle 1
427.0 956.0 431.0 956.0 431.0 964.0 427.0 964.0 small-vehicle 1
433.0 961.0 438.0 961.0 438.0 968.0 433.0 968.0 small-vehicle 1
438.0 960.0 444.0 960.0 444.0 968.0 438.0 968.0 small-vehicle 1
447.0 969.0 452.0 969.0 452.0 978.0 447.0 978.0 small-vehicle 1
454.0 971.0 457.0 971.0 457.0 981.0 454.0 981.0 small-vehicle 1
459.0 975.0 464.0 975.0 464.0 985.0 459.0 985.0 small-vehicle 1
466.0 980.0 471.0 980.0 471.0 987.0 466.0 987.0 small-vehicle 1
473.0 983.0 478.0 983.0 478.0 991.0 473.0 991.0 small-vehicle 1
465.0 967.0 473.0 967.0 473.0 976.0 465.0 976.0 small-vehicle 1
461.0 964.0 468.0 964.0 468.0 973.0 461.0 973.0 small-vehicle 1
456.0 962.0 464.0 962.0 464.0 972.0 456.0 972.0 small-vehicle 1
448.0 957.0 455.0 957.0 455.0 966.0 448.0 966.0 small-vehicle 1
445.0 954.0 452.0 954.0 452.0 962.0 445.0 962.0 small-vehicle 1
440.0 950.0 447.0 950.0 447.0 959.0 440.0 959.0 small-vehicle 1
435.0 951.0 442.0 951.0 442.0 958.0 435.0 958.0 small-vehicle 1
432.0 946.0 439.0 946.0 439.0 955.0 432.0 955.0 small-vehicle 1
427.0 945.0 434.0 945.0 434.0 953.0 427.0 953.0 small-vehicle 1
419.0 931.0 427.0 931.0 427.0 941.0 419.0 941.0 small-vehicle 1
444.0 927.0 452.0 927.0 452.0 936.0 444.0 936.0 small-vehicle 1
167.0 1066.0 177.0 1066.0 177.0 1072.0 167.0 1072.0 small-vehicle 1
159.0 1091.0 168.0 1091.0 168.0 1097.0 159.0 1097.0 small-vehicle 1
138.0 1089.0 146.0 1089.0 146.0 1096.0 138.0 1096.0 small-vehicle 1
256.0 1142.0 261.0 1142.0 261.0 1152.0 256.0 1152.0 small-vehicle 1
394.0 1208.0 401.0 1208.0 401.0 1216.0 394.0 1216.0 small-vehicle 1
390.0 1206.0 397.0 1206.0 397.0 1214.0 390.0 1214.0 small-vehicle 1
386.0 1203.0 392.0 1203.0 392.0 1212.0 386.0 1212.0 small-vehicle 1
362.0 1196.0 368.0 1196.0 368.0 1205.0 362.0 1205.0 small-vehicle 1
352.0 1193.0 358.0 1193.0 358.0 1202.0 352.0 1202.0 small-vehicle 1
347.0 1191.0 354.0 1191.0 354.0 1200.0 347.0 1200.0 small-vehicle 1
310.0 1202.0 318.0 1202.0 318.0 1213.0 310.0 1213.0 small-vehicle 1
319.0 1206.0 327.0 1206.0 327.0 1215.0 319.0 1215.0 small-vehicle 1
342.0 1189.0 349.0 1189.0 349.0 1198.0 342.0 1198.0 small-vehicle 1
220.0 1108.0 228.0 1108.0 228.0 1117.0 220.0 1117.0 small-vehicle 1
302.0 1161.0 308.0 1161.0 308.0 1169.0 302.0 1169.0 small-vehicle 1
137.0 1094.0 145.0 1094.0 145.0 1101.0 137.0 1101.0 small-vehicle 1
284.0 1152.0 290.0 1152.0 290.0 1163.0 284.0 1163.0 small-vehicle 1
274.0 1147.0 280.0 1147.0 280.0 1159.0 274.0 1159.0 small-vehicle 1
386.0 1167.0 393.0 1167.0 393.0 1176.0 386.0 1176.0 small-vehicle 1
306.0 1138.0 312.0 1138.0 312.0 1146.0 306.0 1146.0 small-vehicle 1
297.0 1134.0 304.0 1134.0 304.0 1143.0 297.0 1143.0 small-vehicle 1
282.0 1130.0 290.0 1130.0 290.0 1139.0 282.0 1139.0 small-vehicle 1
268.0 1124.0 276.0 1124.0 276.0 1133.0 268.0 1133.0 small-vehicle 1
529.0 1115.0 539.0 1115.0 539.0 1122.0 529.0 1122.0 small-vehicle 1
513.0 1106.0 523.0 1106.0 523.0 1115.0 513.0 1115.0 small-vehicle 1
143.0 1076.0 150.0 1076.0 150.0 1081.0 143.0 1081.0 small-vehicle 1
96.0 930.0 104.0 930.0 104.0 942.0 96.0 942.0 small-vehicle 1
195.0 904.0 201.0 904.0 201.0 915.0 195.0 915.0 small-vehicle 1
230.0 586.0 236.0 586.0 236.0 596.0 230.0 596.0 small-vehicle 1
232.0 930.0 240.0 930.0 240.0 936.0 232.0 936.0 small-vehicle 1
193.0 851.0 202.0 851.0 202.0 858.0 193.0 858.0 small-vehicle 1
194.0 845.0 203.0 845.0 203.0 852.0 194.0 852.0 small-vehicle 1
195.0 838.0 204.0 838.0 204.0 845.0 195.0 845.0 small-vehicle 1
198.0 830.0 207.0 830.0 207.0 836.0 198.0 836.0 small-vehicle 1
260.0 828.0 270.0 828.0 270.0 836.0 260.0 836.0 small-vehicle 1
308.0 842.0 321.0 842.0 321.0 849.0 308.0 849.0 small-vehicle 1
440.0 887.0 449.0 887.0 449.0 894.0 440.0 894.0 small-vehicle 1
445.0 895.0 455.0 895.0 455.0 903.0 445.0 903.0 small-vehicle 1
522.0 922.0 531.0 922.0 531.0 929.0 522.0 929.0 small-vehicle 1
620.0 948.0 630.0 948.0 630.0 955.0 620.0 955.0 small-vehicle 1
151.0 820.0 158.0 820.0 158.0 831.0 151.0 831.0 small-vehicle 1
91.0 775.0 100.0 775.0 100.0 781.0 91.0 781.0 small-vehicle 1
109.0 774.0 118.0 774.0 118.0 779.0 109.0 779.0 small-vehicle 1
128.0 786.0 137.0 786.0 137.0 792.0 128.0 792.0 small-vehicle 1
150.0 789.0 159.0 789.0 159.0 795.0 150.0 795.0 small-vehicle 1
163.0 799.0 174.0 799.0 174.0 806.0 163.0 806.0 small-vehicle 1
158.0 757.0 166.0 757.0 166.0 769.0 158.0 769.0 small-vehicle 1
166.0 744.0 172.0 744.0 172.0 753.0 166.0 753.0 small-vehicle 1
168.0 714.0 175.0 714.0 175.0 724.0 168.0 724.0 small-vehicle 1
208.0 629.0 214.0 629.0 214.0 639.0 208.0 639.0 small-vehicle 1
213.0 612.0 221.0 612.0 221.0 625.0 213.0 625.0 small-vehicle 1
220.0 596.0 227.0 596.0 227.0 606.0 220.0 606.0 small-vehicle 1
225.0 584.0 231.0 584.0 231.0 593.0 225.0 593.0 small-vehicle 1
190.0 857.0 199.0 857.0 199.0 864.0 190.0 864.0 small-vehicle 1
187.0 864.0 196.0 864.0 196.0 870.0 187.0 870.0 small-vehicle 1
225.0 839.0 230.0 839.0 230.0 848.0 225.0 848.0 small-vehicle 1
258.0 877.0 265.0 877.0 265.0 886.0 258.0 886.0 small-vehicle 1
232.0 919.0 237.0 919.0 237.0 928.0 232.0 928.0 small-vehicle 1
235.0 908.0 242.0 908.0 242.0 918.0 235.0 918.0 small-vehicle 1
216.0 901.0 224.0 901.0 224.0 912.0 216.0 912.0 small-vehicle 1
216.0 874.0 223.0 874.0 223.0 885.0 216.0 885.0 small-vehicle 1
224.0 879.0 232.0 879.0 232.0 888.0 224.0 888.0 small-vehicle 1
230.0 880.0 236.0 880.0 236.0 891.0 230.0 891.0 small-vehicle 1
240.0 883.0 246.0 883.0 246.0 893.0 240.0 893.0 small-vehicle 1
244.0 885.0 251.0 885.0 251.0 895.0 244.0 895.0 small-vehicle 1
249.0 888.0 256.0 888.0 256.0 897.0 249.0 897.0 small-vehicle 1
254.0 890.0 260.0 890.0 260.0 899.0 254.0 899.0 small-vehicle 1
253.0 875.0 260.0 875.0 260.0 885.0 253.0 885.0 small-vehicle 1
237.0 843.0 243.0 843.0 243.0 853.0 237.0 853.0 small-vehicle 1
249.0 874.0 254.0 874.0 254.0 882.0 249.0 882.0 small-vehicle 1
243.0 873.0 250.0 873.0 250.0 882.0 243.0 882.0 small-vehicle 1
240.0 870.0 246.0 870.0 246.0 880.0 240.0 880.0 small-vehicle 1
234.0 867.0 241.0 867.0 241.0 877.0 234.0 877.0 small-vehicle 1
226.0 865.0 232.0 865.0 232.0 873.0 226.0 873.0 small-vehicle 1
222.0 864.0 227.0 864.0 227.0 873.0 222.0 873.0 small-vehicle 1
216.0 861.0 222.0 861.0 222.0 870.0 216.0 870.0 small-vehicle 1
257.0 849.0 262.0 849.0 262.0 859.0 257.0 859.0 small-vehicle 1
247.0 846.0 254.0 846.0 254.0 855.0 247.0 855.0 small-vehicle 1
242.0 844.0 249.0 844.0 249.0 854.0 242.0 854.0 small-vehicle 1
1377.0 933.0 1385.0 933.0 1385.0 940.0 1377.0 940.0 small-vehicle 1
1382.0 940.0 1389.0 940.0 1389.0 947.0 1382.0 947.0 small-vehicle 1
1384.0 943.0 1393.0 943.0 1393.0 951.0 1384.0 951.0 small-vehicle 1
1402.0 1236.0 1409.0 1236.0 1409.0 1239.0 1402.0 1239.0 small-vehicle 1
1393.0 1234.0 1400.0 1234.0 1400.0 1238.0 1393.0 1238.0 small-vehicle 1
1396.0 1230.0 1404.0 1230.0 1404.0 1235.0 1396.0 1235.0 small-vehicle 1
1400.0 1226.0 1407.0 1226.0 1407.0 1230.0 1400.0 1230.0 small-vehicle 1
1411.0 1223.0 1419.0 1223.0 1419.0 1227.0 1411.0 1227.0 small-vehicle 1
1402.0 1221.0 1410.0 1221.0 1410.0 1226.0 1402.0 1226.0 small-vehicle 1
1407.0 1216.0 1414.0 1216.0 1414.0 1220.0 1407.0 1220.0 small-vehicle 1
1411.0 1212.0 1418.0 1212.0 1418.0 1216.0 1411.0 1216.0 small-vehicle 1
1419.0 1213.0 1426.0 1213.0 1426.0 1217.0 1419.0 1217.0 small-vehicle 1
1423.0 1209.0 1430.0 1209.0 1430.0 1213.0 1423.0 1213.0 small-vehicle 1
1424.0 1204.0 1431.0 1204.0 1431.0 1208.0 1424.0 1208.0 small-vehicle 1
1412.0 1209.0 1420.0 1209.0 1420.0 1212.0 1412.0 1212.0 small-vehicle 1
1414.0 1203.0 1421.0 1203.0 1421.0 1206.0 1414.0 1206.0 small-vehicle 1
1419.0 1198.0 1427.0 1198.0 1427.0 1202.0 1419.0 1202.0 small-vehicle 1
1432.0 1196.0 1440.0 1196.0 1440.0 1199.0 1432.0 1199.0 small-vehicle 1
1435.0 1191.0 1442.0 1191.0 1442.0 1194.0 1435.0 1194.0 small-vehicle 1
1425.0 1191.0 1432.0 1191.0 1432.0 1194.0 1425.0 1194.0 small-vehicle 1
1441.0 1181.0 1448.0 1181.0 1448.0 1187.0 1441.0 1187.0 small-vehicle 1
1373.0 1230.0 1379.0 1230.0 1379.0 1237.0 1373.0 1237.0 small-vehicle 1
1376.0 1224.0 1382.0 1224.0 1382.0 1234.0 1376.0 1234.0 small-vehicle 1
1380.0 1220.0 1386.0 1220.0 1386.0 1229.0 1380.0 1229.0 small-vehicle 1
1383.0 1215.0 1389.0 1215.0 1389.0 1225.0 1383.0 1225.0 small-vehicle 1
1386.0 1213.0 1392.0 1213.0 1392.0 1221.0 1386.0 1221.0 small-vehicle 1
1389.0 1206.0 1396.0 1206.0 1396.0 1214.0 1389.0 1214.0 small-vehicle 1
1398.0 1241.0 1405.0 1241.0 1405.0 1246.0 1398.0 1246.0 small-vehicle 1
1405.0 1231.0 1412.0 1231.0 1412.0 1235.0 1405.0 1235.0 small-vehicle 1
1389.0 948.0 1397.0 948.0 1397.0 956.0 1389.0 956.0 small-vehicle 1
1409.0 1227.0 1416.0 1227.0 1416.0 1231.0 1409.0 1231.0 small-vehicle 1
1487.0 1200.0 1493.0 1200.0 1493.0 1209.0 1487.0 1209.0 small-vehicle 1
1490.0 1196.0 1496.0 1196.0 1496.0 1205.0 1490.0 1205.0 small-vehicle 1
1493.0 1191.0 1500.0 1191.0 1500.0 1200.0 1493.0 1200.0 small-vehicle 1
1422.0 1257.0 1430.0 1257.0 1430.0 1265.0 1422.0 1265.0 small-vehicle 1
1425.0 1253.0 1433.0 1253.0 1433.0 1260.0 1425.0 1260.0 small-vehicle 1
1428.0 1249.0 1436.0 1249.0 1436.0 1257.0 1428.0 1257.0 small-vehicle 1
1431.0 1241.0 1439.0 1241.0 1439.0 1249.0 1431.0 1249.0 small-vehicle 1
1436.0 1234.0 1446.0 1234.0 1446.0 1243.0 1436.0 1243.0 small-vehicle 1
1442.0 1228.0 1450.0 1228.0 1450.0 1235.0 1442.0 1235.0 small-vehicle 1
1447.0 1220.0 1456.0 1220.0 1456.0 1228.0 1447.0 1228.0 small-vehicle 1
1368.0 1255.0 1375.0 1255.0 1375.0 1263.0 1368.0 1263.0 small-vehicle 1
1376.0 1263.0 1383.0 1263.0 1383.0 1272.0 1376.0 1272.0 small-vehicle 1
1372.0 1259.0 1381.0 1259.0 1381.0 1267.0 1372.0 1267.0 small-vehicle 1
1415.0 1252.0 1423.0 1252.0 1423.0 1260.0 1415.0 1260.0 small-vehicle 1
1417.0 1247.0 1424.0 1247.0 1424.0 1255.0 1417.0 1255.0 small-vehicle 1
1419.0 1243.0 1428.0 1243.0 1428.0 1250.0 1419.0 1250.0 small-vehicle 1
1424.0 1236.0 1432.0 1236.0 1432.0 1244.0 1424.0 1244.0 small-vehicle 1
1427.0 1232.0 1434.0 1232.0 1434.0 1239.0 1427.0 1239.0 small-vehicle 1
1456.0 1210.0 1463.0 1210.0 1463.0 1217.0 1456.0 1217.0 small-vehicle 1
1434.0 1223.0 1443.0 1223.0 1443.0 1230.0 1434.0 1230.0 small-vehicle 1
1439.0 1218.0 1447.0 1218.0 1447.0 1225.0 1439.0 1225.0 small-vehicle 1
1443.0 1213.0 1451.0 1213.0 1451.0 1220.0 1443.0 1220.0 small-vehicle 1
1446.0 1208.0 1454.0 1208.0 1454.0 1217.0 1446.0 1217.0 small-vehicle 1
1393.0 1202.0 1400.0 1202.0 1400.0 1212.0 1393.0 1212.0 small-vehicle 1
1395.0 1197.0 1402.0 1197.0 1402.0 1206.0 1395.0 1206.0 small-vehicle 1
1400.0 1193.0 1405.0 1193.0 1405.0 1201.0 1400.0 1201.0 small-vehicle 1
1403.0 1189.0 1409.0 1189.0 1409.0 1197.0 1403.0 1197.0 small-vehicle 1
1407.0 1054.0 1415.0 1054.0 1415.0 1062.0 1407.0 1062.0 small-vehicle 1
1403.0 1058.0 1411.0 1058.0 1411.0 1066.0 1403.0 1066.0 small-vehicle 1
1418.0 1050.0 1427.0 1050.0 1427.0 1057.0 1418.0 1057.0 small-vehicle 1
1421.0 1046.0 1430.0 1046.0 1430.0 1053.0 1421.0 1053.0 small-vehicle 1
1386.0 1068.0 1395.0 1068.0 1395.0 1075.0 1386.0 1075.0 small-vehicle 1
1384.0 1062.0 1393.0 1062.0 1393.0 1067.0 1384.0 1067.0 small-vehicle 1
1388.0 1057.0 1396.0 1057.0 1396.0 1063.0 1388.0 1063.0 small-vehicle 1
1393.0 1054.0 1402.0 1054.0 1402.0 1061.0 1393.0 1061.0 small-vehicle 1
1397.0 1051.0 1406.0 1051.0 1406.0 1058.0 1397.0 1058.0 small-vehicle 1
1408.0 1044.0 1417.0 1044.0 1417.0 1052.0 1408.0 1052.0 small-vehicle 1
1413.0 1041.0 1421.0 1041.0 1421.0 1048.0 1413.0 1048.0 small-vehicle 1
1416.0 1039.0 1425.0 1039.0 1425.0 1046.0 1416.0 1046.0 small-vehicle 1
1421.0 1037.0 1429.0 1037.0 1429.0 1041.0 1421.0 1041.0 small-vehicle 1
1425.0 1031.0 1434.0 1031.0 1434.0 1037.0 1425.0 1037.0 small-vehicle 1
1453.0 1031.0 1462.0 1031.0 1462.0 1037.0 1453.0 1037.0 small-vehicle 1
1437.0 1012.0 1446.0 1012.0 1446.0 1019.0 1437.0 1019.0 small-vehicle 1
1434.0 1007.0 1442.0 1007.0 1442.0 1015.0 1434.0 1015.0 small-vehicle 1
1431.0 1003.0 1439.0 1003.0 1439.0 1010.0 1431.0 1010.0 small-vehicle 1
1373.0 1044.0 1378.0 1044.0 1378.0 1052.0 1373.0 1052.0 small-vehicle 1
1380.0 1042.0 1383.0 1042.0 1383.0 1049.0 1380.0 1049.0 small-vehicle 1
1383.0 1039.0 1387.0 1039.0 1387.0 1046.0 1383.0 1046.0 small-vehicle 1
1387.0 1035.0 1391.0 1035.0 1391.0 1043.0 1387.0 1043.0 small-vehicle 1
1392.0 1032.0 1397.0 1032.0 1397.0 1040.0 1392.0 1040.0 small-vehicle 1
1306.0 1163.0 1312.0 1163.0 1312.0 1171.0 1306.0 1171.0 small-vehicle 1
1452.0 1047.0 1458.0 1047.0 1458.0 1056.0 1452.0 1056.0 small-vehicle 1
1447.0 1049.0 1452.0 1049.0 1452.0 1059.0 1447.0 1059.0 small-vehicle 1
1509.0 1085.0 1519.0 1085.0 1519.0 1093.0 1509.0 1093.0 small-vehicle 1
1409.0 1180.0 1416.0 1180.0 1416.0 1189.0 1409.0 1189.0 small-vehicle 1
1413.0 1176.0 1420.0 1176.0 1420.0 1185.0 1413.0 1185.0 small-vehicle 1
1416.0 1171.0 1423.0 1171.0 1423.0 1181.0 1416.0 1181.0 small-vehicle 1
1420.0 1166.0 1426.0 1166.0 1426.0 1176.0 1420.0 1176.0 small-vehicle 1
1432.0 1148.0 1439.0 1148.0 1439.0 1158.0 1432.0 1158.0 small-vehicle 1
1439.0 1140.0 1446.0 1140.0 1446.0 1150.0 1439.0 1150.0 small-vehicle 1
1470.0 1141.0 1480.0 1141.0 1480.0 1147.0 1470.0 1147.0 small-vehicle 1
1475.0 1137.0 1484.0 1137.0 1484.0 1142.0 1475.0 1142.0 small-vehicle 1
1500.0 1099.0 1510.0 1099.0 1510.0 1106.0 1500.0 1106.0 small-vehicle 1
1506.0 1089.0 1516.0 1089.0 1516.0 1097.0 1506.0 1097.0 small-vehicle 1
1513.0 1081.0 1522.0 1081.0 1522.0 1088.0 1513.0 1088.0 small-vehicle 1
1443.0 1054.0 1448.0 1054.0 1448.0 1064.0 1443.0 1064.0 small-vehicle 1
1385.0 1096.0 1390.0 1096.0 1390.0 1105.0 1385.0 1105.0 small-vehicle 1
1390.0 1092.0 1395.0 1092.0 1395.0 1102.0 1390.0 1102.0 small-vehicle 1
1394.0 1091.0 1398.0 1091.0 1398.0 1100.0 1394.0 1100.0 small-vehicle 1
1398.0 1087.0 1403.0 1087.0 1403.0 1096.0 1398.0 1096.0 small-vehicle 1
1407.0 1081.0 1412.0 1081.0 1412.0 1089.0 1407.0 1089.0 small-vehicle 1
1411.0 1076.0 1415.0 1076.0 1415.0 1085.0 1411.0 1085.0 small-vehicle 1
1417.0 1074.0 1421.0 1074.0 1421.0 1082.0 1417.0 1082.0 small-vehicle 1
1421.0 1072.0 1425.0 1072.0 1425.0 1080.0 1421.0 1080.0 small-vehicle 1
1430.0 1064.0 1433.0 1064.0 1433.0 1072.0 1430.0 1072.0 small-vehicle 1
1439.0 1055.0 1443.0 1055.0 1443.0 1064.0 1439.0 1064.0 small-vehicle 1
1484.0 1205.0 1490.0 1205.0 1490.0 1213.0 1484.0 1213.0 small-vehicle 1
1492.0 1210.0 1497.0 1210.0 1497.0 1219.0 1492.0 1219.0 small-vehicle 1
1511.0 1229.0 1520.0 1229.0 1520.0 1236.0 1511.0 1236.0 small-vehicle 1
1552.0 1112.0 1565.0 1112.0 1565.0 1132.0 1552.0 1132.0 large-vehicle 1
1453.0 1501.0 1461.0 1501.0 1461.0 1509.0 1453.0 1509.0 small-vehicle 1
1473.0 1474.0 1484.0 1474.0 1484.0 1481.0 1473.0 1481.0 small-vehicle 1
1477.0 1470.0 1487.0 1470.0 1487.0 1475.0 1477.0 1475.0 small-vehicle 1
1479.0 1465.0 1488.0 1465.0 1488.0 1471.0 1479.0 1471.0 small-vehicle 1
1482.0 1460.0 1491.0 1460.0 1491.0 1467.0 1482.0 1467.0 small-vehicle 1
1487.0 1453.0 1497.0 1453.0 1497.0 1460.0 1487.0 1460.0 small-vehicle 1
1490.0 1448.0 1499.0 1448.0 1499.0 1455.0 1490.0 1455.0 small-vehicle 1
1294.0 1610.0 1304.0 1610.0 1304.0 1618.0 1294.0 1618.0 small-vehicle 1
1503.0 1159.0 1515.0 1159.0 1515.0 1182.0 1503.0 1182.0 large-vehicle 1
1510.0 1154.0 1523.0 1154.0 1523.0 1179.0 1510.0 1179.0 large-vehicle 1
1520.0 1146.0 1533.0 1146.0 1533.0 1170.0 1520.0 1170.0 large-vehicle 1
1524.0 1138.0 1536.0 1138.0 1536.0 1161.0 1524.0 1161.0 large-vehicle 1
1530.0 1133.0 1543.0 1133.0 1543.0 1156.0 1530.0 1156.0 large-vehicle 1
1534.0 1128.0 1549.0 1128.0 1549.0 1151.0 1534.0 1151.0 large-vehicle 1
1540.0 1125.0 1554.0 1125.0 1554.0 1146.0 1540.0 1146.0 large-vehicle 1
1545.0 1119.0 1559.0 1119.0 1559.0 1140.0 1545.0 1140.0 large-vehicle 1
1536.0 1186.0 1550.0 1186.0 1550.0 1209.0 1536.0 1209.0 large-vehicle 1
1541.0 1182.0 1555.0 1182.0 1555.0 1203.0 1541.0 1203.0 large-vehicle 1
1547.0 1177.0 1561.0 1177.0 1561.0 1199.0 1547.0 1199.0 large-vehicle 1
1551.0 1175.0 1566.0 1175.0 1566.0 1194.0 1551.0 1194.0 large-vehicle 1
1555.0 1169.0 1574.0 1169.0 1574.0 1190.0 1555.0 1190.0 large-vehicle 1
1558.0 1166.0 1576.0 1166.0 1576.0 1186.0 1558.0 1186.0 large-vehicle 1
1563.0 1162.0 1581.0 1162.0 1581.0 1181.0 1563.0 1181.0 large-vehicle 1
1450.0 1506.0 1458.0 1506.0 1458.0 1512.0 1450.0 1512.0 small-vehicle 1
1447.0 1510.0 1455.0 1510.0 1455.0 1516.0 1447.0 1516.0 small-vehicle 1
1441.0 1523.0 1450.0 1523.0 1450.0 1530.0 1441.0 1530.0 small-vehicle 1
1452.0 1570.0 1458.0 1570.0 1458.0 1578.0 1452.0 1578.0 small-vehicle 1
472.0 198.0 476.0 198.0 476.0 206.0 472.0 206.0 small-vehicle 1
398.0 55.0 405.0 55.0 405.0 65.0 398.0 65.0 small-vehicle 1
877.0 1384.0 882.0 1384.0 882.0 1394.0 877.0 1394.0 small-vehicle 1
1308.0 50.0 1318.0 50.0 1318.0 57.0 1308.0 57.0 small-vehicle 1
1316.0 1534.0 1320.0 1534.0 1320.0 1544.0 1316.0 1544.0 small-vehicle 1
1503.0 1588.0 1509.0 1588.0 1509.0 1597.0 1503.0 1597.0 small-vehicle 1
1498.0 1586.0 1504.0 1586.0 1504.0 1595.0 1498.0 1595.0 small-vehicle 1
1492.0 1584.0 1499.0 1584.0 1499.0 1594.0 1492.0 1594.0 small-vehicle 1
1481.0 1581.0 1487.0 1581.0 1487.0 1589.0 1481.0 1589.0 small-vehicle 1
1476.0 1579.0 1482.0 1579.0 1482.0 1587.0 1476.0 1587.0 small-vehicle 1
1448.0 1567.0 1454.0 1567.0 1454.0 1575.0 1448.0 1575.0 small-vehicle 1
1436.0 1532.0 1445.0 1532.0 1445.0 1538.0 1436.0 1538.0 small-vehicle 1
1506.0 1564.0 1512.0 1564.0 1512.0 1573.0 1506.0 1573.0 small-vehicle 1
1496.0 1559.0 1502.0 1559.0 1502.0 1568.0 1496.0 1568.0 small-vehicle 1
1474.0 1552.0 1478.0 1552.0 1478.0 1560.0 1474.0 1560.0 small-vehicle 1
1468.0 1550.0 1474.0 1550.0 1474.0 1559.0 1468.0 1559.0 small-vehicle 1
1464.0 1549.0 1470.0 1549.0 1470.0 1557.0 1464.0 1557.0 small-vehicle 1
1459.0 1546.0 1465.0 1546.0 1465.0 1555.0 1459.0 1555.0 small-vehicle 1
1574.0 1468.0 1581.0 1468.0 1581.0 1477.0 1574.0 1477.0 small-vehicle 1
1571.0 1597.0 1581.0 1597.0 1581.0 1603.0 1571.0 1603.0 small-vehicle 1
1561.0 1604.0 1571.0 1604.0 1571.0 1611.0 1561.0 1611.0 small-vehicle 1
1438.0 1565.0 1444.0 1565.0 1444.0 1573.0 1438.0 1573.0 small-vehicle 1
1569.0 1158.0 1586.0 1158.0 1586.0 1178.0 1569.0 1178.0 large-vehicle 1
1598.0 1100.0 1612.0 1100.0 1612.0 1119.0 1598.0 1119.0 large-vehicle 1
1498.0 1229.0 1507.0 1229.0 1507.0 1238.0 1498.0 1238.0 small-vehicle 1
1569.0 1116.0 1584.0 1116.0 1584.0 1133.0 1569.0 1133.0 large-vehicle 1
1450.0 1269.0 1456.0 1269.0 1456.0 1277.0 1450.0 1277.0 small-vehicle 1
1453.0 1263.0 1458.0 1263.0 1458.0 1271.0 1453.0 1271.0 small-vehicle 1
1455.0 1258.0 1461.0 1258.0 1461.0 1266.0 1455.0 1266.0 small-vehicle 1
1459.0 1253.0 1465.0 1253.0 1465.0 1261.0 1459.0 1261.0 small-vehicle 1
1461.0 1249.0 1468.0 1249.0 1468.0 1258.0 1461.0 1258.0 small-vehicle 1
1464.0 1245.0 1471.0 1245.0 1471.0 1254.0 1464.0 1254.0 small-vehicle 1
1468.0 1240.0 1475.0 1240.0 1475.0 1248.0 1468.0 1248.0 small-vehicle 1
1472.0 1237.0 1478.0 1237.0 1478.0 1245.0 1472.0 1245.0 small-vehicle 1
1475.0 1231.0 1481.0 1231.0 1481.0 1239.0 1475.0 1239.0 small-vehicle 1
1441.0 1264.0 1447.0 1264.0 1447.0 1272.0 1441.0 1272.0 small-vehicle 1
1445.0 1260.0 1452.0 1260.0 1452.0 1268.0 1445.0 1268.0 small-vehicle 1
1447.0 1254.0 1454.0 1254.0 1454.0 1262.0 1447.0 1262.0 small-vehicle 1
1451.0 1249.0 1457.0 1249.0 1457.0 1257.0 1451.0 1257.0 small-vehicle 1
1454.0 1246.0 1461.0 1246.0 1461.0 1254.0 1454.0 1254.0 small-vehicle 1
1457.0 1240.0 1462.0 1240.0 1462.0 1247.0 1457.0 1247.0 small-vehicle 1
1460.0 1235.0 1466.0 1235.0 1466.0 1242.0 1460.0 1242.0 small-vehicle 1
1464.0 1230.0 1470.0 1230.0 1470.0 1238.0 1464.0 1238.0 small-vehicle 1
1467.0 1226.0 1473.0 1226.0 1473.0 1235.0 1467.0 1235.0 small-vehicle 1
1474.0 1218.0 1480.0 1218.0 1480.0 1227.0 1474.0 1227.0 small-vehicle 1
1470.0 1223.0 1476.0 1223.0 1476.0 1231.0 1470.0 1231.0 small-vehicle 1
1496.0 1250.0 1503.0 1250.0 1503.0 1257.0 1496.0 1257.0 small-vehicle 1
1493.0 1238.0 1502.0 1238.0 1502.0 1246.0 1493.0 1246.0 small-vehicle 1
1503.0 1239.0 1512.0 1239.0 1512.0 1247.0 1503.0 1247.0 small-vehicle 1
1447.0 1273.0 1452.0 1273.0 1452.0 1280.0 1447.0 1280.0 small-vehicle 1
1420.0 1279.0 1426.0 1279.0 1426.0 1287.0 1420.0 1287.0 small-vehicle 1
1483.0 1252.0 1491.0 1252.0 1491.0 1259.0 1483.0 1259.0 small-vehicle 1
1491.0 1291.0 1496.0 1291.0 1496.0 1299.0 1491.0 1299.0 small-vehicle 1
1612.0 1131.0 1623.0 1131.0 1623.0 1155.0 1612.0 1155.0 large-vehicle 1
1296.0 1296.0 1311.0 1296.0 1311.0 1315.0 1296.0 1315.0 large-vehicle 1
1325.0 1325.0 1349.0 1325.0 1349.0 1340.0 1325.0 1340.0 large-vehicle 1
1554.0 1247.0 1563.0 1247.0 1563.0 1258.0 1554.0 1258.0 small-vehicle 1
1480.0 1323.0 1488.0 1323.0 1488.0 1332.0 1480.0 1332.0 small-vehicle 1
1464.0 1310.0 1472.0 1310.0 1472.0 1321.0 1464.0 1321.0 small-vehicle 1
1454.0 1304.0 1463.0 1304.0 1463.0 1316.0 1454.0 1316.0 small-vehicle 1
1509.0 1311.0 1517.0 1311.0 1517.0 1317.0 1509.0 1317.0 small-vehicle 1
1516.0 1302.0 1526.0 1302.0 1526.0 1309.0 1516.0 1309.0 small-vehicle 1
1523.0 1295.0 1532.0 1295.0 1532.0 1299.0 1523.0 1299.0 small-vehicle 1
1473.0 1282.0 1480.0 1282.0 1480.0 1290.0 1473.0 1290.0 small-vehicle 1
1480.0 1256.0 1488.0 1256.0 1488.0 1263.0 1480.0 1263.0 small-vehicle 1
1476.0 1279.0 1485.0 1279.0 1485.0 1288.0 1476.0 1288.0 small-vehicle 1
1481.0 1272.0 1489.0 1272.0 1489.0 1279.0 1481.0 1279.0 small-vehicle 1
1483.0 1269.0 1491.0 1269.0 1491.0 1276.0 1483.0 1276.0 small-vehicle 1
1487.0 1266.0 1494.0 1266.0 1494.0 1273.0 1487.0 1273.0 small-vehicle 1
1460.0 1283.0 1468.0 1283.0 1468.0 1291.0 1460.0 1291.0 small-vehicle 1
1462.0 1280.0 1470.0 1280.0 1470.0 1288.0 1462.0 1288.0 small-vehicle 1
1465.0 1277.0 1472.0 1277.0 1472.0 1284.0 1465.0 1284.0 small-vehicle 1
1471.0 1270.0 1478.0 1270.0 1478.0 1277.0 1471.0 1277.0 small-vehicle 1
1474.0 1266.0 1481.0 1266.0 1481.0 1275.0 1474.0 1275.0 small-vehicle 1
1479.0 1260.0 1485.0 1260.0 1485.0 1266.0 1479.0 1266.0 small-vehicle 1
1396.0 1029.0 1400.0 1029.0 1400.0 1036.0 1396.0 1036.0 small-vehicle 1
1400.0 1024.0 1404.0 1024.0 1404.0 1032.0 1400.0 1032.0 small-vehicle 1
1405.0 1022.0 1409.0 1022.0 1409.0 1029.0 1405.0 1029.0 small-vehicle 1
1270.0 995.0 1273.0 995.0 1273.0 1003.0 1270.0 1003.0 small-vehicle 1
1347.0 974.0 1355.0 974.0 1355.0 982.0 1347.0 982.0 small-vehicle 1
1352.0 970.0 1360.0 970.0 1360.0 977.0 1352.0 977.0 small-vehicle 1
1356.0 969.0 1365.0 969.0 1365.0 976.0 1356.0 976.0 small-vehicle 1
1360.0 965.0 1369.0 965.0 1369.0 973.0 1360.0 973.0 small-vehicle 1
1365.0 962.0 1372.0 962.0 1372.0 969.0 1365.0 969.0 small-vehicle 1
1369.0 959.0 1378.0 959.0 1378.0 967.0 1369.0 967.0 small-vehicle 1
1315.0 974.0 1319.0 974.0 1319.0 982.0 1315.0 982.0 small-vehicle 1
1319.0 970.0 1324.0 970.0 1324.0 979.0 1319.0 979.0 small-vehicle 1
1323.0 968.0 1328.0 968.0 1328.0 977.0 1323.0 977.0 small-vehicle 1
1328.0 963.0 1332.0 963.0 1332.0 972.0 1328.0 972.0 small-vehicle 1
1331.0 959.0 1336.0 959.0 1336.0 968.0 1331.0 968.0 small-vehicle 1
1337.0 957.0 1341.0 957.0 1341.0 966.0 1337.0 966.0 small-vehicle 1
1340.0 953.0 1346.0 953.0 1346.0 963.0 1340.0 963.0 small-vehicle 1
1345.0 949.0 1350.0 949.0 1350.0 959.0 1345.0 959.0 small-vehicle 1
1349.0 947.0 1353.0 947.0 1353.0 956.0 1349.0 956.0 small-vehicle 1
1354.0 945.0 1358.0 945.0 1358.0 953.0 1354.0 953.0 small-vehicle 1
1358.0 942.0 1363.0 942.0 1363.0 952.0 1358.0 952.0 small-vehicle 1
1235.0 1032.0 1238.0 1032.0 1238.0 1042.0 1235.0 1042.0 small-vehicle 1
1244.0 1025.0 1249.0 1025.0 1249.0 1035.0 1244.0 1035.0 small-vehicle 1
1279.0 1001.0 1283.0 1001.0 1283.0 1008.0 1279.0 1008.0 small-vehicle 1
1275.0 1003.0 1279.0 1003.0 1279.0 1012.0 1275.0 1012.0 small-vehicle 1
1271.0 1005.0 1274.0 1005.0 1274.0 1014.0 1271.0 1014.0 small-vehicle 1
1261.0 1013.0 1265.0 1013.0 1265.0 1022.0 1261.0 1022.0 small-vehicle 1
1343.0 979.0 1352.0 979.0 1352.0 986.0 1343.0 986.0 small-vehicle 1
1340.0 982.0 1348.0 982.0 1348.0 988.0 1340.0 988.0 small-vehicle 1
1335.0 984.0 1342.0 984.0 1342.0 991.0 1335.0 991.0 small-vehicle 1
1370.0 970.0 1378.0 970.0 1378.0 977.0 1370.0 977.0 small-vehicle 1
1324.0 1001.0 1333.0 1001.0 1333.0 1008.0 1324.0 1008.0 small-vehicle 1
1332.0 1000.0 1340.0 1000.0 1340.0 1006.0 1332.0 1006.0 small-vehicle 1
1333.0 995.0 1341.0 995.0 1341.0 1001.0 1333.0 1001.0 small-vehicle 1
1337.0 992.0 1345.0 992.0 1345.0 998.0 1337.0 998.0 small-vehicle 1
1343.0 988.0 1353.0 988.0 1353.0 995.0 1343.0 995.0 small-vehicle 1
1347.0 988.0 1357.0 988.0 1357.0 993.0 1347.0 993.0 small-vehicle 1
1351.0 984.0 1360.0 984.0 1360.0 990.0 1351.0 990.0 small-vehicle 1
1355.0 979.0 1363.0 979.0 1363.0 986.0 1355.0 986.0 small-vehicle 1
1359.0 976.0 1368.0 976.0 1368.0 984.0 1359.0 984.0 small-vehicle 1
1364.0 974.0 1373.0 974.0 1373.0 981.0 1364.0 981.0 small-vehicle 1
1374.0 967.0 1384.0 967.0 1384.0 975.0 1374.0 975.0 small-vehicle 1
1330.0 987.0 1338.0 987.0 1338.0 994.0 1330.0 994.0 small-vehicle 1
1247.0 1048.0 1256.0 1048.0 1256.0 1056.0 1247.0 1056.0 small-vehicle 1
1269.0 1033.0 1278.0 1033.0 1278.0 1039.0 1269.0 1039.0 small-vehicle 1
1275.0 1026.0 1285.0 1026.0 1285.0 1033.0 1275.0 1033.0 small-vehicle 1
1282.0 1021.0 1291.0 1021.0 1291.0 1027.0 1282.0 1027.0 small-vehicle 1
1290.0 1017.0 1299.0 1017.0 1299.0 1023.0 1290.0 1023.0 small-vehicle 1
1300.0 1010.0 1308.0 1010.0 1308.0 1016.0 1300.0 1016.0 small-vehicle 1
1308.0 1003.0 1315.0 1003.0 1315.0 1009.0 1308.0 1009.0 small-vehicle 1
1316.0 998.0 1324.0 998.0 1324.0 1004.0 1316.0 1004.0 small-vehicle 1
1322.0 996.0 1329.0 996.0 1329.0 1000.0 1322.0 1000.0 small-vehicle 1
1325.0 991.0 1335.0 991.0 1335.0 998.0 1325.0 998.0 small-vehicle 1
1251.0 1007.0 1255.0 1007.0 1255.0 1016.0 1251.0 1016.0 small-vehicle 1
1279.0 990.0 1283.0 990.0 1283.0 998.0 1279.0 998.0 small-vehicle 1
1311.0 1010.0 1320.0 1010.0 1320.0 1017.0 1311.0 1017.0 small-vehicle 1
1284.0 985.0 1288.0 985.0 1288.0 994.0 1284.0 994.0 small-vehicle 1
1150.0 1038.0 1159.0 1038.0 1159.0 1046.0 1150.0 1046.0 small-vehicle 1
1146.0 1030.0 1156.0 1030.0 1156.0 1038.0 1146.0 1038.0 small-vehicle 1
1126.0 988.0 1135.0 988.0 1135.0 996.0 1126.0 996.0 small-vehicle 1
1115.0 965.0 1123.0 965.0 1123.0 971.0 1115.0 971.0 small-vehicle 1
1226.0 962.0 1231.0 962.0 1231.0 972.0 1226.0 972.0 small-vehicle 1
1227.0 927.0 1236.0 927.0 1236.0 935.0 1227.0 935.0 small-vehicle 1
1232.0 923.0 1241.0 923.0 1241.0 931.0 1232.0 931.0 small-vehicle 1
1270.0 895.0 1278.0 895.0 1278.0 903.0 1270.0 903.0 small-vehicle 1
1278.0 923.0 1282.0 923.0 1282.0 930.0 1278.0 930.0 small-vehicle 1
1283.0 922.0 1287.0 922.0 1287.0 931.0 1283.0 931.0 small-vehicle 1
1292.0 912.0 1296.0 912.0 1296.0 922.0 1292.0 922.0 small-vehicle 1
1290.0 902.0 1294.0 902.0 1294.0 910.0 1290.0 910.0 small-vehicle 1
1300.0 911.0 1304.0 911.0 1304.0 918.0 1300.0 918.0 small-vehicle 1
1305.0 908.0 1308.0 908.0 1308.0 916.0 1305.0 916.0 small-vehicle 1
1303.0 897.0 1307.0 897.0 1307.0 905.0 1303.0 905.0 small-vehicle 1
1308.0 893.0 1312.0 893.0 1312.0 901.0 1308.0 901.0 small-vehicle 1
1310.0 904.0 1314.0 904.0 1314.0 912.0 1310.0 912.0 small-vehicle 1
1314.0 900.0 1317.0 900.0 1317.0 907.0 1314.0 907.0 small-vehicle 1
1323.0 894.0 1326.0 894.0 1326.0 902.0 1323.0 902.0 small-vehicle 1
1393.0 976.0 1401.0 976.0 1401.0 985.0 1393.0 985.0 small-vehicle 1
1398.0 964.0 1407.0 964.0 1407.0 971.0 1398.0 971.0 small-vehicle 1
1395.0 960.0 1404.0 960.0 1404.0 967.0 1395.0 967.0 small-vehicle 1
1391.0 953.0 1400.0 953.0 1400.0 961.0 1391.0 961.0 small-vehicle 1
1314.0 923.0 1323.0 923.0 1323.0 930.0 1314.0 930.0 small-vehicle 1
1311.0 926.0 1318.0 926.0 1318.0 933.0 1311.0 933.0 small-vehicle 1
1305.0 930.0 1314.0 930.0 1314.0 937.0 1305.0 937.0 small-vehicle 1
1354.0 936.0 1358.0 936.0 1358.0 944.0 1354.0 944.0 small-vehicle 1
1304.0 969.0 1308.0 969.0 1308.0 977.0 1304.0 977.0 small-vehicle 1
1309.0 966.0 1313.0 966.0 1313.0 975.0 1309.0 975.0 small-vehicle 1
1313.0 963.0 1317.0 963.0 1317.0 973.0 1313.0 973.0 small-vehicle 1
1317.0 960.0 1322.0 960.0 1322.0 969.0 1317.0 969.0 small-vehicle 1
1321.0 957.0 1326.0 957.0 1326.0 966.0 1321.0 966.0 small-vehicle 1
1327.0 952.0 1331.0 952.0 1331.0 961.0 1327.0 961.0 small-vehicle 1
1331.0 947.0 1335.0 947.0 1335.0 956.0 1331.0 956.0 small-vehicle 1
1339.0 944.0 1344.0 944.0 1344.0 952.0 1339.0 952.0 small-vehicle 1
1344.0 941.0 1348.0 941.0 1348.0 949.0 1344.0 949.0 small-vehicle 1
1349.0 938.0 1353.0 938.0 1353.0 945.0 1349.0 945.0 small-vehicle 1
1213.0 1008.0 1222.0 1008.0 1222.0 1015.0 1213.0 1015.0 small-vehicle 1
1292.0 940.0 1301.0 940.0 1301.0 947.0 1292.0 947.0 small-vehicle 1
1261.0 961.0 1270.0 961.0 1270.0 967.0 1261.0 967.0 small-vehicle 1
1266.0 969.0 1275.0 969.0 1275.0 976.0 1266.0 976.0 small-vehicle 1
1280.0 960.0 1289.0 960.0 1289.0 967.0 1280.0 967.0 small-vehicle 1
1284.0 957.0 1293.0 957.0 1293.0 963.0 1284.0 963.0 small-vehicle 1
1286.0 952.0 1296.0 952.0 1296.0 960.0 1286.0 960.0 small-vehicle 1
1301.0 944.0 1311.0 944.0 1311.0 950.0 1301.0 950.0 small-vehicle 1
1310.0 938.0 1320.0 938.0 1320.0 945.0 1310.0 945.0 small-vehicle 1
1315.0 934.0 1324.0 934.0 1324.0 942.0 1315.0 942.0 small-vehicle 1
1319.0 930.0 1327.0 930.0 1327.0 937.0 1319.0 937.0 small-vehicle 1
1324.0 927.0 1332.0 927.0 1332.0 934.0 1324.0 934.0 small-vehicle 1
1320.0 1005.0 1330.0 1005.0 1330.0 1012.0 1320.0 1012.0 small-vehicle 1
1308.0 1014.0 1316.0 1014.0 1316.0 1021.0 1308.0 1021.0 small-vehicle 1
1377.0 1031.0 1385.0 1031.0 1385.0 1037.0 1377.0 1037.0 small-vehicle 1
1318.0 1086.0 1321.0 1086.0 1321.0 1093.0 1318.0 1093.0 small-vehicle 1
1369.0 1083.0 1378.0 1083.0 1378.0 1092.0 1369.0 1092.0 small-vehicle 1
1363.0 1115.0 1367.0 1115.0 1367.0 1124.0 1363.0 1124.0 small-vehicle 1
1356.0 1118.0 1360.0 1118.0 1360.0 1127.0 1356.0 1127.0 small-vehicle 1
1353.0 1121.0 1356.0 1121.0 1356.0 1129.0 1353.0 1129.0 small-vehicle 1
1348.0 1123.0 1352.0 1123.0 1352.0 1131.0 1348.0 1131.0 small-vehicle 1
1343.0 1128.0 1347.0 1128.0 1347.0 1137.0 1343.0 1137.0 small-vehicle 1
1340.0 1132.0 1343.0 1132.0 1343.0 1140.0 1340.0 1140.0 small-vehicle 1
1335.0 1134.0 1339.0 1134.0 1339.0 1142.0 1335.0 1142.0 small-vehicle 1
1277.0 1144.0 1281.0 1144.0 1281.0 1151.0 1277.0 1151.0 small-vehicle 1
1292.0 1156.0 1299.0 1156.0 1299.0 1162.0 1292.0 1162.0 small-vehicle 1
1285.0 1150.0 1291.0 1150.0 1291.0 1157.0 1285.0 1157.0 small-vehicle 1
1312.0 1146.0 1319.0 1146.0 1319.0 1154.0 1312.0 1154.0 small-vehicle 1
1308.0 1143.0 1315.0 1143.0 1315.0 1151.0 1308.0 1151.0 small-vehicle 1
1305.0 1139.0 1312.0 1139.0 1312.0 1147.0 1305.0 1147.0 small-vehicle 1
1329.0 1113.0 1339.0 1113.0 1339.0 1119.0 1329.0 1119.0 small-vehicle 1
1338.0 1106.0 1346.0 1106.0 1346.0 1112.0 1338.0 1112.0 small-vehicle 1
1341.0 1102.0 1348.0 1102.0 1348.0 1108.0 1341.0 1108.0 small-vehicle 1
1346.0 1098.0 1355.0 1098.0 1355.0 1105.0 1346.0 1105.0 small-vehicle 1
1342.0 1091.0 1352.0 1091.0 1352.0 1097.0 1342.0 1097.0 small-vehicle 1
1338.0 1097.0 1345.0 1097.0 1345.0 1101.0 1338.0 1101.0 small-vehicle 1
1330.0 1102.0 1338.0 1102.0 1338.0 1109.0 1330.0 1109.0 small-vehicle 1
1326.0 1025.0 1332.0 1025.0 1332.0 1033.0 1326.0 1033.0 small-vehicle 1
1293.0 1105.0 1297.0 1105.0 1297.0 1111.0 1293.0 1111.0 small-vehicle 1
1366.0 1079.0 1375.0 1079.0 1375.0 1088.0 1366.0 1088.0 small-vehicle 1
1363.0 1075.0 1370.0 1075.0 1370.0 1082.0 1363.0 1082.0 small-vehicle 1
1352.0 1059.0 1360.0 1059.0 1360.0 1065.0 1352.0 1065.0 small-vehicle 1
1369.0 1008.0 1374.0 1008.0 1374.0 1016.0 1369.0 1016.0 small-vehicle 1
1371.0 1036.0 1378.0 1036.0 1378.0 1042.0 1371.0 1042.0 small-vehicle 1
1367.0 1040.0 1374.0 1040.0 1374.0 1045.0 1367.0 1045.0 small-vehicle 1
1383.0 1024.0 1392.0 1024.0 1392.0 1030.0 1383.0 1030.0 small-vehicle 1
1335.0 1033.0 1340.0 1033.0 1340.0 1041.0 1335.0 1041.0 small-vehicle 1
1339.0 1029.0 1345.0 1029.0 1345.0 1038.0 1339.0 1038.0 small-vehicle 1
1344.0 1027.0 1349.0 1027.0 1349.0 1035.0 1344.0 1035.0 small-vehicle 1
1348.0 1024.0 1353.0 1024.0 1353.0 1033.0 1348.0 1033.0 small-vehicle 1
1352.0 1020.0 1357.0 1020.0 1357.0 1027.0 1352.0 1027.0 small-vehicle 1
1356.0 1017.0 1361.0 1017.0 1361.0 1026.0 1356.0 1026.0 small-vehicle 1
1360.0 1013.0 1365.0 1013.0 1365.0 1021.0 1360.0 1021.0 small-vehicle 1
1373.0 1006.0 1379.0 1006.0 1379.0 1014.0 1373.0 1014.0 small-vehicle 1
1349.0 1055.0 1356.0 1055.0 1356.0 1062.0 1349.0 1062.0 small-vehicle 1
1377.0 1002.0 1383.0 1002.0 1383.0 1011.0 1377.0 1011.0 small-vehicle 1
1381.0 1000.0 1388.0 1000.0 1388.0 1010.0 1381.0 1010.0 small-vehicle 1
1386.0 996.0 1392.0 996.0 1392.0 1006.0 1386.0 1006.0 small-vehicle 1
1352.0 1008.0 1357.0 1008.0 1357.0 1015.0 1352.0 1015.0 small-vehicle 1
1349.0 1010.0 1353.0 1010.0 1353.0 1018.0 1349.0 1018.0 small-vehicle 1
1344.0 1014.0 1349.0 1014.0 1349.0 1023.0 1344.0 1023.0 small-vehicle 1
1340.0 1018.0 1345.0 1018.0 1345.0 1025.0 1340.0 1025.0 small-vehicle 1
1335.0 1021.0 1340.0 1021.0 1340.0 1028.0 1335.0 1028.0 small-vehicle 1
1330.0 1023.0 1336.0 1023.0 1336.0 1031.0 1330.0 1031.0 small-vehicle 1
1345.0 1052.0 1352.0 1052.0 1352.0 1059.0 1345.0 1059.0 small-vehicle 1
1300.0 1099.0 1303.0 1099.0 1303.0 1107.0 1300.0 1107.0 small-vehicle 1
1327.0 1080.0 1330.0 1080.0 1330.0 1087.0 1327.0 1087.0 small-vehicle 1
1303.0 1017.0 1311.0 1017.0 1311.0 1024.0 1303.0 1024.0 small-vehicle 1
1331.0 1075.0 1335.0 1075.0 1335.0 1082.0 1331.0 1082.0 small-vehicle 1
1250.0 1123.0 1256.0 1123.0 1256.0 1131.0 1250.0 1131.0 small-vehicle 1
1233.0 1111.0 1239.0 1111.0 1239.0 1121.0 1233.0 1121.0 small-vehicle 1
1228.0 1108.0 1236.0 1108.0 1236.0 1117.0 1228.0 1117.0 small-vehicle 1
1224.0 1105.0 1230.0 1105.0 1230.0 1113.0 1224.0 1113.0 small-vehicle 1
1220.0 1103.0 1227.0 1103.0 1227.0 1111.0 1220.0 1111.0 small-vehicle 1
1210.0 1096.0 1218.0 1096.0 1218.0 1105.0 1210.0 1105.0 small-vehicle 1
1234.0 1088.0 1240.0 1088.0 1240.0 1094.0 1234.0 1094.0 small-vehicle 1
1240.0 1091.0 1248.0 1091.0 1248.0 1099.0 1240.0 1099.0 small-vehicle 1
1267.0 1083.0 1272.0 1083.0 1272.0 1091.0 1267.0 1091.0 small-vehicle 1
1259.0 1076.0 1264.0 1076.0 1264.0 1084.0 1259.0 1084.0 small-vehicle 1
1215.0 1071.0 1224.0 1071.0 1224.0 1079.0 1215.0 1079.0 small-vehicle 1
1212.0 1068.0 1222.0 1068.0 1222.0 1075.0 1212.0 1075.0 small-vehicle 1
1207.0 1059.0 1217.0 1059.0 1217.0 1067.0 1207.0 1067.0 small-vehicle 1
1240.0 1060.0 1250.0 1060.0 1250.0 1067.0 1240.0 1067.0 small-vehicle 1
1246.0 1057.0 1255.0 1057.0 1255.0 1065.0 1246.0 1065.0 small-vehicle 1
1257.0 1053.0 1265.0 1053.0 1265.0 1060.0 1257.0 1060.0 small-vehicle 1
1260.0 1050.0 1269.0 1050.0 1269.0 1057.0 1260.0 1057.0 small-vehicle 1
1263.0 1046.0 1273.0 1046.0 1273.0 1054.0 1263.0 1054.0 small-vehicle 1
1274.0 1039.0 1282.0 1039.0 1282.0 1046.0 1274.0 1046.0 small-vehicle 1
1279.0 1036.0 1287.0 1036.0 1287.0 1043.0 1279.0 1043.0 small-vehicle 1
1288.0 1030.0 1295.0 1030.0 1295.0 1036.0 1288.0 1036.0 small-vehicle 1
1292.0 1027.0 1301.0 1027.0 1301.0 1035.0 1292.0 1035.0 small-vehicle 1
1301.0 1022.0 1310.0 1022.0 1310.0 1028.0 1301.0 1028.0 small-vehicle 1
1253.0 1127.0 1259.0 1127.0 1259.0 1135.0 1253.0 1135.0 small-vehicle 1
1258.0 1129.0 1264.0 1129.0 1264.0 1138.0 1258.0 1138.0 small-vehicle 1
1264.0 1134.0 1271.0 1134.0 1271.0 1143.0 1264.0 1143.0 small-vehicle 1
1301.0 1045.0 1308.0 1045.0 1308.0 1053.0 1301.0 1053.0 small-vehicle 1
1324.0 1069.0 1332.0 1069.0 1332.0 1075.0 1324.0 1075.0 small-vehicle 1
1321.0 1073.0 1328.0 1073.0 1328.0 1078.0 1321.0 1078.0 small-vehicle 1
1315.0 1076.0 1322.0 1076.0 1322.0 1082.0 1315.0 1082.0 small-vehicle 1
1307.0 1083.0 1316.0 1083.0 1316.0 1088.0 1307.0 1088.0 small-vehicle 1
1303.0 1086.0 1311.0 1086.0 1311.0 1092.0 1303.0 1092.0 small-vehicle 1
1292.0 1064.0 1298.0 1064.0 1298.0 1072.0 1292.0 1072.0 small-vehicle 1
1304.0 1054.0 1311.0 1054.0 1311.0 1063.0 1304.0 1063.0 small-vehicle 1
1309.0 1051.0 1316.0 1051.0 1316.0 1059.0 1309.0 1059.0 small-vehicle 1
1314.0 1047.0 1320.0 1047.0 1320.0 1056.0 1314.0 1056.0 small-vehicle 1
1307.0 1042.0 1312.0 1042.0 1312.0 1050.0 1307.0 1050.0 small-vehicle 1
1298.0 1048.0 1304.0 1048.0 1304.0 1056.0 1298.0 1056.0 small-vehicle 1
1269.0 1138.0 1275.0 1138.0 1275.0 1145.0 1269.0 1145.0 small-vehicle 1
1289.0 1055.0 1295.0 1055.0 1295.0 1063.0 1289.0 1063.0 small-vehicle 1
1285.0 1057.0 1291.0 1057.0 1291.0 1065.0 1285.0 1065.0 small-vehicle 1
1356.0 1005.0 1362.0 1005.0 1362.0 1012.0 1356.0 1012.0 small-vehicle 1
1361.0 1002.0 1366.0 1002.0 1366.0 1010.0 1361.0 1010.0 small-vehicle 1
1366.0 998.0 1371.0 998.0 1371.0 1006.0 1366.0 1006.0 small-vehicle 1
1370.0 996.0 1375.0 996.0 1375.0 1004.0 1370.0 1004.0 small-vehicle 1
1374.0 992.0 1379.0 992.0 1379.0 1001.0 1374.0 1001.0 small-vehicle 1
1377.0 989.0 1383.0 989.0 1383.0 998.0 1377.0 998.0 small-vehicle 1
1383.0 986.0 1388.0 986.0 1388.0 994.0 1383.0 994.0 small-vehicle 1
1273.0 1141.0 1279.0 1141.0 1279.0 1148.0 1273.0 1148.0 small-vehicle 1
140.0 565.0 253.0 565.0 253.0 795.0 140.0 795.0 bridge 0
