imagesource:GoogleEarth
gsd:0.552546940062
1168.0 294.0 1178.0 294.0 1178.0 307.0 1168.0 307.0 small-vehicle 1
257.0 997.0 265.0 997.0 265.0 1007.0 257.0 1007.0 small-vehicle 1
299.0 1028.0 307.0 1028.0 307.0 1039.0 299.0 1039.0 small-vehicle 1
295.0 1026.0 302.0 1026.0 302.0 1035.0 295.0 1035.0 small-vehicle 1
288.0 1022.0 293.0 1022.0 293.0 1031.0 288.0 1031.0 small-vehicle 1
284.0 1018.0 290.0 1018.0 290.0 1029.0 284.0 1029.0 small-vehicle 1
278.0 1017.0 285.0 1017.0 285.0 1027.0 278.0 1027.0 small-vehicle 1
274.0 1013.0 282.0 1013.0 282.0 1022.0 274.0 1022.0 small-vehicle 1
270.0 1008.0 277.0 1008.0 277.0 1018.0 270.0 1018.0 small-vehicle 1
266.0 1004.0 274.0 1004.0 274.0 1014.0 266.0 1014.0 small-vehicle 1
253.0 993.0 262.0 993.0 262.0 1002.0 253.0 1002.0 small-vehicle 1
311.0 1032.0 314.0 1032.0 314.0 1041.0 311.0 1041.0 small-vehicle 1
247.0 991.0 256.0 991.0 256.0 1002.0 247.0 1002.0 small-vehicle 1
238.0 985.0 246.0 985.0 246.0 995.0 238.0 995.0 small-vehicle 1
234.0 982.0 242.0 982.0 242.0 992.0 234.0 992.0 small-vehicle 1
229.0 978.0 237.0 978.0 237.0 989.0 229.0 989.0 small-vehicle 1
224.0 976.0 232.0 976.0 232.0 986.0 224.0 986.0 small-vehicle 1
615.0 846.0 623.0 846.0 623.0 856.0 615.0 856.0 small-vehicle 1
606.0 839.0 612.0 839.0 612.0 849.0 606.0 849.0 small-vehicle 1
612.0 840.0 619.0 840.0 619.0 851.0 612.0 851.0 small-vehicle 1
304.0 1029.0 311.0 1029.0 311.0 1042.0 304.0 1042.0 small-vehicle 1
239.0 957.0 247.0 957.0 247.0 968.0 239.0 968.0 small-vehicle 1
600.0 877.0 608.0 877.0 608.0 887.0 600.0 887.0 small-vehicle 1
316.0 977.0 323.0 977.0 323.0 988.0 316.0 988.0 small-vehicle 1
102.0 912.0 110.0 912.0 110.0 920.0 102.0 920.0 small-vehicle 1
232.0 947.0 240.0 947.0 240.0 953.0 232.0 953.0 small-vehicle 1
266.0 956.0 276.0 956.0 276.0 962.0 266.0 962.0 small-vehicle 1
300.0 939.0 309.0 939.0 309.0 945.0 300.0 945.0 small-vehicle 1
310.0 942.0 320.0 942.0 320.0 949.0 310.0 949.0 small-vehicle 1
312.0 966.0 322.0 966.0 322.0 973.0 312.0 973.0 small-vehicle 1
323.0 968.0 333.0 968.0 333.0 975.0 323.0 975.0 small-vehicle 1
325.0 978.0 330.0 978.0 330.0 988.0 325.0 988.0 small-vehicle 1
305.0 975.0 310.0 975.0 310.0 984.0 305.0 984.0 small-vehicle 1
244.0 960.0 252.0 960.0 252.0 970.0 244.0 970.0 small-vehicle 1
300.0 974.0 304.0 974.0 304.0 983.0 300.0 983.0 small-vehicle 1
316.0 1006.0 323.0 1006.0 323.0 1016.0 316.0 1016.0 small-vehicle 1
271.0 966.0 276.0 966.0 276.0 977.0 271.0 977.0 small-vehicle 1
263.0 964.0 267.0 964.0 267.0 974.0 263.0 974.0 small-vehicle 1
293.0 993.0 299.0 993.0 299.0 1002.0 293.0 1002.0 small-vehicle 1
286.0 990.0 292.0 990.0 292.0 1001.0 286.0 1001.0 small-vehicle 1
281.0 989.0 287.0 989.0 287.0 1000.0 281.0 1000.0 small-vehicle 1
249.0 962.0 256.0 962.0 256.0 971.0 249.0 971.0 small-vehicle 1
604.0 865.0 612.0 865.0 612.0 876.0 604.0 876.0 small-vehicle 1
592.0 874.0 597.0 874.0 597.0 885.0 592.0 885.0 small-vehicle 1
315.0 918.0 323.0 918.0 323.0 924.0 315.0 924.0 small-vehicle 1
542.0 947.0 554.0 947.0 554.0 954.0 542.0 954.0 small-vehicle 1
500.0 937.0 510.0 937.0 510.0 946.0 500.0 946.0 small-vehicle 1
510.0 936.0 519.0 936.0 519.0 944.0 510.0 944.0 small-vehicle 1
494.0 961.0 501.0 961.0 501.0 973.0 494.0 973.0 small-vehicle 1
486.0 981.0 497.0 981.0 497.0 991.0 486.0 991.0 small-vehicle 1
515.0 1005.0 529.0 1005.0 529.0 1012.0 515.0 1012.0 small-vehicle 1
481.0 955.0 490.0 955.0 490.0 962.0 481.0 962.0 small-vehicle 1
554.0 947.0 564.0 947.0 564.0 954.0 554.0 954.0 small-vehicle 1
538.0 968.0 548.0 968.0 548.0 973.0 538.0 973.0 small-vehicle 1
502.0 881.0 510.0 881.0 510.0 888.0 502.0 888.0 small-vehicle 1
513.0 923.0 523.0 923.0 523.0 929.0 513.0 929.0 small-vehicle 1
558.0 979.0 564.0 979.0 564.0 990.0 558.0 990.0 small-vehicle 1
464.0 1014.0 472.0 1014.0 472.0 1026.0 464.0 1026.0 small-vehicle 1
461.0 1012.0 467.0 1012.0 467.0 1022.0 461.0 1022.0 small-vehicle 1
454.0 1012.0 459.0 1012.0 459.0 1021.0 454.0 1021.0 small-vehicle 1
406.0 1023.0 416.0 1023.0 416.0 1032.0 406.0 1032.0 small-vehicle 1
37.0 939.0 41.0 939.0 41.0 949.0 37.0 949.0 small-vehicle 1
40.0 943.0 45.0 943.0 45.0 953.0 40.0 953.0 small-vehicle 1
45.0 945.0 49.0 945.0 49.0 955.0 45.0 955.0 small-vehicle 1
512.0 928.0 520.0 928.0 520.0 933.0 512.0 933.0 small-vehicle 1
518.0 912.0 525.0 912.0 525.0 917.0 518.0 917.0 small-vehicle 1
589.0 862.0 595.0 862.0 595.0 872.0 589.0 872.0 small-vehicle 1
494.0 810.0 501.0 810.0 501.0 820.0 494.0 820.0 small-vehicle 1
576.0 859.0 582.0 859.0 582.0 868.0 576.0 868.0 small-vehicle 1
578.0 872.0 583.0 872.0 583.0 881.0 578.0 881.0 small-vehicle 1
570.0 855.0 576.0 855.0 576.0 866.0 570.0 866.0 small-vehicle 1
563.0 853.0 571.0 853.0 571.0 865.0 563.0 865.0 small-vehicle 1
560.0 866.0 567.0 866.0 567.0 877.0 560.0 877.0 small-vehicle 1
567.0 868.0 572.0 868.0 572.0 878.0 567.0 878.0 small-vehicle 1
571.0 869.0 577.0 869.0 577.0 878.0 571.0 878.0 small-vehicle 1
472.0 797.0 479.0 797.0 479.0 808.0 472.0 808.0 small-vehicle 1
489.0 806.0 498.0 806.0 498.0 817.0 489.0 817.0 small-vehicle 1
496.0 900.0 505.0 900.0 505.0 906.0 496.0 906.0 small-vehicle 1
500.0 817.0 510.0 817.0 510.0 827.0 500.0 827.0 small-vehicle 1
505.0 822.0 513.0 822.0 513.0 831.0 505.0 831.0 small-vehicle 1
506.0 841.0 516.0 841.0 516.0 852.0 506.0 852.0 small-vehicle 1
514.0 833.0 523.0 833.0 523.0 842.0 514.0 842.0 small-vehicle 1
527.0 848.0 537.0 848.0 537.0 857.0 527.0 857.0 small-vehicle 1
518.0 867.0 522.0 867.0 522.0 877.0 518.0 877.0 small-vehicle 1
512.0 884.0 516.0 884.0 516.0 893.0 512.0 893.0 small-vehicle 1
498.0 893.0 507.0 893.0 507.0 899.0 498.0 899.0 small-vehicle 1
58.0 894.0 66.0 894.0 66.0 902.0 58.0 902.0 small-vehicle 1
360.0 828.0 378.0 828.0 378.0 837.0 360.0 837.0 large-vehicle 1
240.0 857.0 249.0 857.0 249.0 861.0 240.0 861.0 small-vehicle 1
284.0 853.0 293.0 853.0 293.0 859.0 284.0 859.0 small-vehicle 1
300.0 831.0 308.0 831.0 308.0 836.0 300.0 836.0 small-vehicle 1
288.0 829.0 298.0 829.0 298.0 834.0 288.0 834.0 small-vehicle 1
288.0 838.0 296.0 838.0 296.0 844.0 288.0 844.0 small-vehicle 1
296.0 841.0 304.0 841.0 304.0 846.0 296.0 846.0 small-vehicle 1
296.0 847.0 305.0 847.0 305.0 851.0 296.0 851.0 small-vehicle 1
286.0 843.0 295.0 843.0 295.0 848.0 286.0 848.0 small-vehicle 1
295.0 851.0 304.0 851.0 304.0 856.0 295.0 856.0 small-vehicle 1
295.0 856.0 303.0 856.0 303.0 861.0 295.0 861.0 small-vehicle 1
283.0 858.0 291.0 858.0 291.0 864.0 283.0 864.0 small-vehicle 1
302.0 823.0 311.0 823.0 311.0 827.0 302.0 827.0 small-vehicle 1
292.0 860.0 300.0 860.0 300.0 866.0 292.0 866.0 small-vehicle 1
290.0 864.0 299.0 864.0 299.0 871.0 290.0 871.0 small-vehicle 1
289.0 870.0 297.0 870.0 297.0 875.0 289.0 875.0 small-vehicle 1
288.0 875.0 295.0 875.0 295.0 879.0 288.0 879.0 small-vehicle 1
286.0 879.0 295.0 879.0 295.0 885.0 286.0 885.0 small-vehicle 1
284.0 884.0 292.0 884.0 292.0 889.0 284.0 889.0 small-vehicle 1
282.0 888.0 291.0 888.0 291.0 894.0 282.0 894.0 small-vehicle 1
282.0 894.0 290.0 894.0 290.0 900.0 282.0 900.0 small-vehicle 1
290.0 824.0 299.0 824.0 299.0 830.0 290.0 830.0 small-vehicle 1
303.0 818.0 312.0 818.0 312.0 823.0 303.0 823.0 small-vehicle 1
280.0 903.0 287.0 903.0 287.0 908.0 280.0 908.0 small-vehicle 1
265.0 814.0 274.0 814.0 274.0 818.0 265.0 818.0 small-vehicle 1
239.0 881.0 248.0 881.0 248.0 885.0 239.0 885.0 small-vehicle 1
239.0 886.0 248.0 886.0 248.0 890.0 239.0 890.0 small-vehicle 1
240.0 892.0 249.0 892.0 249.0 896.0 240.0 896.0 small-vehicle 1
276.0 784.0 284.0 784.0 284.0 788.0 276.0 788.0 small-vehicle 1
277.0 789.0 284.0 789.0 284.0 793.0 277.0 793.0 small-vehicle 1
277.0 801.0 282.0 801.0 282.0 810.0 277.0 810.0 small-vehicle 1
266.0 794.0 274.0 794.0 274.0 798.0 266.0 798.0 small-vehicle 1
265.0 804.0 273.0 804.0 273.0 808.0 265.0 808.0 small-vehicle 1
265.0 819.0 274.0 819.0 274.0 822.0 265.0 822.0 small-vehicle 1
305.0 812.0 314.0 812.0 314.0 818.0 305.0 818.0 small-vehicle 1
265.0 824.0 273.0 824.0 273.0 828.0 265.0 828.0 small-vehicle 1
265.0 829.0 273.0 829.0 273.0 834.0 265.0 834.0 small-vehicle 1
265.0 840.0 269.0 840.0 269.0 848.0 265.0 848.0 small-vehicle 1
301.0 791.0 309.0 791.0 309.0 796.0 301.0 796.0 small-vehicle 1
310.0 793.0 319.0 793.0 319.0 798.0 310.0 798.0 small-vehicle 1
307.0 802.0 316.0 802.0 316.0 808.0 307.0 808.0 small-vehicle 1
297.0 799.0 306.0 799.0 306.0 806.0 297.0 806.0 small-vehicle 1
294.0 810.0 302.0 810.0 302.0 815.0 294.0 815.0 small-vehicle 1
281.0 899.0 288.0 899.0 288.0 904.0 281.0 904.0 small-vehicle 1
279.0 909.0 286.0 909.0 286.0 914.0 279.0 914.0 small-vehicle 1
325.0 874.0 335.0 874.0 335.0 880.0 325.0 880.0 small-vehicle 1
319.0 852.0 328.0 852.0 328.0 857.0 319.0 857.0 small-vehicle 1
351.0 904.0 359.0 904.0 359.0 909.0 351.0 909.0 small-vehicle 1
368.0 932.0 377.0 932.0 377.0 938.0 368.0 938.0 small-vehicle 1
367.0 938.0 377.0 938.0 377.0 943.0 367.0 943.0 small-vehicle 1
336.0 921.0 344.0 921.0 344.0 927.0 336.0 927.0 small-vehicle 1
340.0 901.0 349.0 901.0 349.0 907.0 340.0 907.0 small-vehicle 1
349.0 909.0 358.0 909.0 358.0 914.0 349.0 914.0 small-vehicle 1
341.0 897.0 350.0 897.0 350.0 903.0 341.0 903.0 small-vehicle 1
352.0 899.0 361.0 899.0 361.0 905.0 352.0 905.0 small-vehicle 1
318.0 857.0 328.0 857.0 328.0 862.0 318.0 862.0 small-vehicle 1
358.0 880.0 368.0 880.0 368.0 887.0 358.0 887.0 small-vehicle 1
317.0 861.0 326.0 861.0 326.0 867.0 317.0 867.0 small-vehicle 1
317.0 866.0 325.0 866.0 325.0 872.0 317.0 872.0 small-vehicle 1
316.0 872.0 324.0 872.0 324.0 876.0 316.0 876.0 small-vehicle 1
313.0 880.0 322.0 880.0 322.0 886.0 313.0 886.0 small-vehicle 1
311.0 891.0 318.0 891.0 318.0 896.0 311.0 896.0 small-vehicle 1
317.0 902.0 327.0 902.0 327.0 908.0 317.0 908.0 small-vehicle 1
319.0 897.0 328.0 897.0 328.0 903.0 319.0 903.0 small-vehicle 1
323.0 879.0 333.0 879.0 333.0 886.0 323.0 886.0 small-vehicle 1
360.0 869.0 370.0 869.0 370.0 876.0 360.0 876.0 small-vehicle 1
349.0 878.0 357.0 878.0 357.0 883.0 349.0 883.0 small-vehicle 1
279.0 867.0 288.0 867.0 288.0 873.0 279.0 873.0 small-vehicle 1
347.0 792.0 356.0 792.0 356.0 798.0 347.0 798.0 small-vehicle 1
278.0 873.0 286.0 873.0 286.0 877.0 278.0 877.0 small-vehicle 1
277.0 877.0 286.0 877.0 286.0 881.0 277.0 881.0 small-vehicle 1
275.0 882.0 284.0 882.0 284.0 887.0 275.0 887.0 small-vehicle 1
273.0 887.0 281.0 887.0 281.0 890.0 273.0 890.0 small-vehicle 1
272.0 891.0 282.0 891.0 282.0 896.0 272.0 896.0 small-vehicle 1
270.0 895.0 280.0 895.0 280.0 901.0 270.0 901.0 small-vehicle 1
270.0 900.0 278.0 900.0 278.0 904.0 270.0 904.0 small-vehicle 1
270.0 905.0 277.0 905.0 277.0 910.0 270.0 910.0 small-vehicle 1
342.0 807.0 350.0 807.0 350.0 813.0 342.0 813.0 small-vehicle 1
356.0 844.0 366.0 844.0 366.0 850.0 356.0 850.0 small-vehicle 1
333.0 798.0 344.0 798.0 344.0 805.0 333.0 805.0 small-vehicle 1
337.0 794.0 345.0 794.0 345.0 800.0 337.0 800.0 small-vehicle 1
338.0 825.0 345.0 825.0 345.0 831.0 338.0 831.0 small-vehicle 1
334.0 840.0 343.0 840.0 343.0 845.0 334.0 845.0 small-vehicle 1
332.0 846.0 340.0 846.0 340.0 851.0 332.0 851.0 small-vehicle 1
325.0 832.0 334.0 832.0 334.0 839.0 325.0 839.0 small-vehicle 1
329.0 855.0 339.0 855.0 339.0 859.0 329.0 859.0 small-vehicle 1
330.0 859.0 337.0 859.0 337.0 864.0 330.0 864.0 small-vehicle 1
49.0 948.0 54.0 948.0 54.0 958.0 49.0 958.0 small-vehicle 1
69.0 964.0 75.0 964.0 75.0 974.0 69.0 974.0 small-vehicle 1
79.0 969.0 82.0 969.0 82.0 979.0 79.0 979.0 small-vehicle 1
247.0 1139.0 257.0 1139.0 257.0 1148.0 247.0 1148.0 small-vehicle 1
247.0 1192.0 257.0 1192.0 257.0 1201.0 247.0 1201.0 small-vehicle 1
247.0 1185.0 258.0 1185.0 258.0 1195.0 247.0 1195.0 small-vehicle 1
248.0 1179.0 257.0 1179.0 257.0 1187.0 248.0 1187.0 small-vehicle 1
249.0 1172.0 259.0 1172.0 259.0 1182.0 249.0 1182.0 small-vehicle 1
248.0 1166.0 259.0 1166.0 259.0 1176.0 248.0 1176.0 small-vehicle 1
247.0 1159.0 257.0 1159.0 257.0 1167.0 247.0 1167.0 small-vehicle 1
247.0 1151.0 258.0 1151.0 258.0 1161.0 247.0 1161.0 small-vehicle 1
247.0 1145.0 259.0 1145.0 259.0 1154.0 247.0 1154.0 small-vehicle 1
246.0 1131.0 256.0 1131.0 256.0 1141.0 246.0 1141.0 small-vehicle 1
240.0 1179.0 249.0 1179.0 249.0 1188.0 240.0 1188.0 small-vehicle 1
247.0 1126.0 258.0 1126.0 258.0 1136.0 247.0 1136.0 small-vehicle 1
248.0 1120.0 257.0 1120.0 257.0 1129.0 248.0 1129.0 small-vehicle 1
248.0 1114.0 258.0 1114.0 258.0 1124.0 248.0 1124.0 small-vehicle 1
248.0 1107.0 257.0 1107.0 257.0 1116.0 248.0 1116.0 small-vehicle 1
249.0 1102.0 259.0 1102.0 259.0 1110.0 249.0 1110.0 small-vehicle 1
248.0 1095.0 258.0 1095.0 258.0 1103.0 248.0 1103.0 small-vehicle 1
250.0 1089.0 258.0 1089.0 258.0 1098.0 250.0 1098.0 small-vehicle 1
581.0 985.0 587.0 985.0 587.0 997.0 581.0 997.0 small-vehicle 1
242.0 1193.0 251.0 1193.0 251.0 1202.0 242.0 1202.0 small-vehicle 1
240.0 1171.0 249.0 1171.0 249.0 1181.0 240.0 1181.0 small-vehicle 1
591.0 967.0 598.0 967.0 598.0 977.0 591.0 977.0 small-vehicle 1
241.0 1102.0 250.0 1102.0 250.0 1109.0 241.0 1109.0 small-vehicle 1
219.0 1153.0 229.0 1153.0 229.0 1160.0 219.0 1160.0 small-vehicle 1
220.0 1159.0 230.0 1159.0 230.0 1168.0 220.0 1168.0 small-vehicle 1
220.0 1165.0 229.0 1165.0 229.0 1172.0 220.0 1172.0 small-vehicle 1
219.0 1171.0 227.0 1171.0 227.0 1179.0 219.0 1179.0 small-vehicle 1
219.0 1177.0 228.0 1177.0 228.0 1186.0 219.0 1186.0 small-vehicle 1
218.0 1183.0 229.0 1183.0 229.0 1191.0 218.0 1191.0 small-vehicle 1
241.0 1089.0 250.0 1089.0 250.0 1098.0 241.0 1098.0 small-vehicle 1
238.0 1094.0 247.0 1094.0 247.0 1102.0 238.0 1102.0 small-vehicle 1
240.0 1108.0 249.0 1108.0 249.0 1116.0 240.0 1116.0 small-vehicle 1
238.0 1164.0 248.0 1164.0 248.0 1174.0 238.0 1174.0 small-vehicle 1
241.0 1116.0 249.0 1116.0 249.0 1123.0 241.0 1123.0 small-vehicle 1
240.0 1122.0 248.0 1122.0 248.0 1128.0 240.0 1128.0 small-vehicle 1
240.0 1127.0 248.0 1127.0 248.0 1134.0 240.0 1134.0 small-vehicle 1
241.0 1134.0 250.0 1134.0 250.0 1143.0 241.0 1143.0 small-vehicle 1
239.0 1140.0 249.0 1140.0 249.0 1148.0 239.0 1148.0 small-vehicle 1
238.0 1146.0 248.0 1146.0 248.0 1153.0 238.0 1153.0 small-vehicle 1
239.0 1152.0 248.0 1152.0 248.0 1160.0 239.0 1160.0 small-vehicle 1
239.0 1157.0 247.0 1157.0 247.0 1165.0 239.0 1165.0 small-vehicle 1
570.0 983.0 579.0 983.0 579.0 995.0 570.0 995.0 small-vehicle 1
582.0 944.0 591.0 944.0 591.0 955.0 582.0 955.0 small-vehicle 1
83.0 973.0 87.0 973.0 87.0 983.0 83.0 983.0 small-vehicle 1
277.0 1106.0 287.0 1106.0 287.0 1114.0 277.0 1114.0 small-vehicle 1
278.0 1153.0 288.0 1153.0 288.0 1160.0 278.0 1160.0 small-vehicle 1
278.0 1148.0 285.0 1148.0 285.0 1155.0 278.0 1155.0 small-vehicle 1
275.0 1142.0 285.0 1142.0 285.0 1151.0 275.0 1151.0 small-vehicle 1
276.0 1136.0 285.0 1136.0 285.0 1144.0 276.0 1144.0 small-vehicle 1
278.0 1130.0 287.0 1130.0 287.0 1137.0 278.0 1137.0 small-vehicle 1
278.0 1124.0 286.0 1124.0 286.0 1132.0 278.0 1132.0 small-vehicle 1
277.0 1118.0 287.0 1118.0 287.0 1127.0 277.0 1127.0 small-vehicle 1
277.0 1112.0 288.0 1112.0 288.0 1120.0 277.0 1120.0 small-vehicle 1
298.0 1110.0 306.0 1110.0 306.0 1118.0 298.0 1118.0 small-vehicle 1
278.0 1166.0 287.0 1166.0 287.0 1173.0 278.0 1173.0 small-vehicle 1
297.0 1115.0 306.0 1115.0 306.0 1123.0 297.0 1123.0 small-vehicle 1
298.0 1122.0 306.0 1122.0 306.0 1129.0 298.0 1129.0 small-vehicle 1
298.0 1127.0 306.0 1127.0 306.0 1135.0 298.0 1135.0 small-vehicle 1
297.0 1133.0 306.0 1133.0 306.0 1141.0 297.0 1141.0 small-vehicle 1
296.0 1139.0 306.0 1139.0 306.0 1147.0 296.0 1147.0 small-vehicle 1
296.0 1144.0 306.0 1144.0 306.0 1154.0 296.0 1154.0 small-vehicle 1
298.0 1152.0 306.0 1152.0 306.0 1159.0 298.0 1159.0 small-vehicle 1
297.0 1157.0 306.0 1157.0 306.0 1164.0 297.0 1164.0 small-vehicle 1
277.0 1159.0 285.0 1159.0 285.0 1167.0 277.0 1167.0 small-vehicle 1
278.0 1172.0 287.0 1172.0 287.0 1178.0 278.0 1178.0 small-vehicle 1
271.0 1104.0 280.0 1104.0 280.0 1112.0 271.0 1112.0 small-vehicle 1
269.0 1170.0 278.0 1170.0 278.0 1178.0 269.0 1178.0 small-vehicle 1
268.0 1112.0 278.0 1112.0 278.0 1119.0 268.0 1119.0 small-vehicle 1
270.0 1117.0 277.0 1117.0 277.0 1123.0 270.0 1123.0 small-vehicle 1
268.0 1129.0 277.0 1129.0 277.0 1137.0 268.0 1137.0 small-vehicle 1
267.0 1141.0 277.0 1141.0 277.0 1150.0 267.0 1150.0 small-vehicle 1
268.0 1147.0 276.0 1147.0 276.0 1155.0 268.0 1155.0 small-vehicle 1
269.0 1152.0 278.0 1152.0 278.0 1159.0 269.0 1159.0 small-vehicle 1
269.0 1158.0 278.0 1158.0 278.0 1165.0 269.0 1165.0 small-vehicle 1
267.0 1164.0 278.0 1164.0 278.0 1173.0 267.0 1173.0 small-vehicle 1
269.0 1177.0 277.0 1177.0 277.0 1183.0 269.0 1183.0 small-vehicle 1
277.0 1177.0 286.0 1177.0 286.0 1185.0 277.0 1185.0 small-vehicle 1
268.0 1182.0 277.0 1182.0 277.0 1190.0 268.0 1190.0 small-vehicle 1
269.0 1189.0 277.0 1189.0 277.0 1194.0 269.0 1194.0 small-vehicle 1
270.0 1194.0 278.0 1194.0 278.0 1201.0 270.0 1201.0 small-vehicle 1
271.0 1199.0 280.0 1199.0 280.0 1205.0 271.0 1205.0 small-vehicle 1
273.0 1204.0 282.0 1204.0 282.0 1210.0 273.0 1210.0 small-vehicle 1
280.0 1194.0 289.0 1194.0 289.0 1200.0 280.0 1200.0 small-vehicle 1
279.0 1188.0 288.0 1188.0 288.0 1196.0 279.0 1196.0 small-vehicle 1
278.0 1184.0 286.0 1184.0 286.0 1191.0 278.0 1191.0 small-vehicle 1
218.0 1147.0 228.0 1147.0 228.0 1155.0 218.0 1155.0 small-vehicle 1
220.0 1143.0 227.0 1143.0 227.0 1149.0 220.0 1149.0 small-vehicle 1
219.0 1136.0 229.0 1136.0 229.0 1144.0 219.0 1144.0 small-vehicle 1
11.0 1032.0 20.0 1032.0 20.0 1042.0 11.0 1042.0 small-vehicle 1
43.0 1027.0 48.0 1027.0 48.0 1036.0 43.0 1036.0 small-vehicle 1
48.0 1028.0 52.0 1028.0 52.0 1039.0 48.0 1039.0 small-vehicle 1
52.0 1032.0 56.0 1032.0 56.0 1041.0 52.0 1041.0 small-vehicle 1
57.0 1034.0 61.0 1034.0 61.0 1045.0 57.0 1045.0 small-vehicle 1
64.0 1042.0 68.0 1042.0 68.0 1051.0 64.0 1051.0 small-vehicle 1
70.0 1045.0 74.0 1045.0 74.0 1054.0 70.0 1054.0 small-vehicle 1
72.0 1032.0 76.0 1032.0 76.0 1043.0 72.0 1043.0 small-vehicle 1
3.0 1027.0 11.0 1027.0 11.0 1035.0 3.0 1035.0 small-vehicle 1
35.0 1051.0 46.0 1051.0 46.0 1060.0 35.0 1060.0 small-vehicle 1
35.0 1021.0 38.0 1021.0 38.0 1029.0 35.0 1029.0 small-vehicle 1
42.0 1055.0 50.0 1055.0 50.0 1063.0 42.0 1063.0 small-vehicle 1
45.0 1059.0 54.0 1059.0 54.0 1067.0 45.0 1067.0 small-vehicle 1
49.0 1062.0 58.0 1062.0 58.0 1070.0 49.0 1070.0 small-vehicle 1
53.0 1065.0 61.0 1065.0 61.0 1073.0 53.0 1073.0 small-vehicle 1
58.0 1067.0 68.0 1067.0 68.0 1075.0 58.0 1075.0 small-vehicle 1
63.0 1071.0 72.0 1071.0 72.0 1079.0 63.0 1079.0 small-vehicle 1
80.0 1095.0 90.0 1095.0 90.0 1103.0 80.0 1103.0 small-vehicle 1
43.0 1123.0 48.0 1123.0 48.0 1134.0 43.0 1134.0 small-vehicle 1
49.0 1017.0 54.0 1017.0 54.0 1026.0 49.0 1026.0 small-vehicle 1
30.0 1018.0 34.0 1018.0 34.0 1027.0 30.0 1027.0 small-vehicle 1
218.0 1128.0 228.0 1128.0 228.0 1137.0 218.0 1137.0 small-vehicle 1
75.0 998.0 84.0 998.0 84.0 1005.0 75.0 1005.0 small-vehicle 1
86.0 974.0 91.0 974.0 91.0 984.0 86.0 984.0 small-vehicle 1
92.0 977.0 95.0 977.0 95.0 987.0 92.0 987.0 small-vehicle 1
96.0 980.0 99.0 980.0 99.0 991.0 96.0 991.0 small-vehicle 1
100.0 984.0 104.0 984.0 104.0 993.0 100.0 993.0 small-vehicle 1
104.0 986.0 109.0 986.0 109.0 996.0 104.0 996.0 small-vehicle 1
109.0 989.0 113.0 989.0 113.0 999.0 109.0 999.0 small-vehicle 1
113.0 992.0 117.0 992.0 117.0 1001.0 113.0 1001.0 small-vehicle 1
81.0 1004.0 93.0 1004.0 93.0 1011.0 81.0 1011.0 small-vehicle 1
65.0 993.0 75.0 993.0 75.0 1000.0 65.0 1000.0 small-vehicle 1
21.0 1009.0 25.0 1009.0 25.0 1019.0 21.0 1019.0 small-vehicle 1
62.0 988.0 71.0 988.0 71.0 996.0 62.0 996.0 small-vehicle 1
65.0 1003.0 74.0 1003.0 74.0 1011.0 65.0 1011.0 small-vehicle 1
55.0 997.0 65.0 997.0 65.0 1006.0 55.0 1006.0 small-vehicle 1
50.0 994.0 60.0 994.0 60.0 1002.0 50.0 1002.0 small-vehicle 1
46.0 991.0 56.0 991.0 56.0 999.0 46.0 999.0 small-vehicle 1
29.0 978.0 39.0 978.0 39.0 987.0 29.0 987.0 small-vehicle 1
23.0 976.0 31.0 976.0 31.0 983.0 23.0 983.0 small-vehicle 1
9.0 990.0 14.0 990.0 14.0 999.0 9.0 999.0 small-vehicle 1
87.0 1103.0 95.0 1103.0 95.0 1112.0 87.0 1112.0 small-vehicle 1
94.0 1104.0 102.0 1104.0 102.0 1113.0 94.0 1113.0 small-vehicle 1
99.0 1100.0 108.0 1100.0 108.0 1109.0 99.0 1109.0 small-vehicle 1
216.0 1071.0 226.0 1071.0 226.0 1079.0 216.0 1079.0 small-vehicle 1
315.0 1105.0 324.0 1105.0 324.0 1112.0 315.0 1112.0 small-vehicle 1
329.0 1114.0 337.0 1114.0 337.0 1120.0 329.0 1120.0 small-vehicle 1
353.0 1111.0 356.0 1111.0 356.0 1118.0 353.0 1118.0 small-vehicle 1
207.0 1068.0 216.0 1068.0 216.0 1075.0 207.0 1075.0 small-vehicle 1
208.0 1077.0 217.0 1077.0 217.0 1084.0 208.0 1084.0 small-vehicle 1
209.0 1083.0 218.0 1083.0 218.0 1090.0 209.0 1090.0 small-vehicle 1
208.0 1089.0 219.0 1089.0 219.0 1097.0 208.0 1097.0 small-vehicle 1
209.0 1102.0 219.0 1102.0 219.0 1109.0 209.0 1109.0 small-vehicle 1
217.0 1077.0 228.0 1077.0 228.0 1085.0 217.0 1085.0 small-vehicle 1
112.0 1097.0 117.0 1097.0 117.0 1107.0 112.0 1107.0 small-vehicle 1
218.0 1083.0 229.0 1083.0 229.0 1092.0 218.0 1092.0 small-vehicle 1
219.0 1089.0 228.0 1089.0 228.0 1096.0 219.0 1096.0 small-vehicle 1
219.0 1095.0 229.0 1095.0 229.0 1103.0 219.0 1103.0 small-vehicle 1
219.0 1102.0 229.0 1102.0 229.0 1109.0 219.0 1109.0 small-vehicle 1
221.0 1106.0 229.0 1106.0 229.0 1113.0 221.0 1113.0 small-vehicle 1
152.0 1175.0 157.0 1175.0 157.0 1185.0 152.0 1185.0 small-vehicle 1
153.0 1191.0 156.0 1191.0 156.0 1199.0 153.0 1199.0 small-vehicle 1
149.0 1216.0 157.0 1216.0 157.0 1226.0 149.0 1226.0 small-vehicle 1
304.0 1098.0 313.0 1098.0 313.0 1106.0 304.0 1106.0 small-vehicle 1
291.0 1092.0 302.0 1092.0 302.0 1100.0 291.0 1100.0 small-vehicle 1
279.0 1086.0 290.0 1086.0 290.0 1095.0 279.0 1095.0 small-vehicle 1
269.0 1079.0 278.0 1079.0 278.0 1088.0 269.0 1088.0 small-vehicle 1
57.0 1128.0 62.0 1128.0 62.0 1138.0 57.0 1138.0 small-vehicle 1
61.0 1131.0 66.0 1131.0 66.0 1140.0 61.0 1140.0 small-vehicle 1
66.0 1136.0 71.0 1136.0 71.0 1145.0 66.0 1145.0 small-vehicle 1
70.0 1141.0 75.0 1141.0 75.0 1151.0 70.0 1151.0 small-vehicle 1
164.0 995.0 171.0 995.0 171.0 1005.0 164.0 1005.0 small-vehicle 1
177.0 993.0 182.0 993.0 182.0 1002.0 177.0 1002.0 small-vehicle 1
189.0 1041.0 199.0 1041.0 199.0 1046.0 189.0 1046.0 small-vehicle 1
189.0 1046.0 199.0 1046.0 199.0 1052.0 189.0 1052.0 small-vehicle 1
190.0 1057.0 200.0 1057.0 200.0 1064.0 190.0 1064.0 small-vehicle 1
190.0 1067.0 200.0 1067.0 200.0 1074.0 190.0 1074.0 small-vehicle 1
191.0 1071.0 199.0 1071.0 199.0 1078.0 191.0 1078.0 small-vehicle 1
190.0 1085.0 197.0 1085.0 197.0 1092.0 190.0 1092.0 small-vehicle 1
207.0 1039.0 214.0 1039.0 214.0 1045.0 207.0 1045.0 small-vehicle 1
214.0 1045.0 224.0 1045.0 224.0 1053.0 214.0 1053.0 small-vehicle 1
226.0 1053.0 237.0 1053.0 237.0 1062.0 226.0 1062.0 small-vehicle 1
246.0 1068.0 256.0 1068.0 256.0 1077.0 246.0 1077.0 small-vehicle 1
258.0 1074.0 268.0 1074.0 268.0 1084.0 258.0 1084.0 small-vehicle 1
240.0 862.0 249.0 862.0 249.0 867.0 240.0 867.0 small-vehicle 1
240.0 847.0 249.0 847.0 249.0 851.0 240.0 851.0 small-vehicle 1
1198.0 397.0 1206.0 397.0 1206.0 405.0 1198.0 405.0 small-vehicle 1
165.0 290.0 170.0 290.0 170.0 300.0 165.0 300.0 small-vehicle 1
93.0 392.0 103.0 392.0 103.0 396.0 93.0 396.0 small-vehicle 1
94.0 387.0 102.0 387.0 102.0 391.0 94.0 391.0 small-vehicle 1
93.0 377.0 102.0 377.0 102.0 382.0 93.0 382.0 small-vehicle 1
93.0 372.0 102.0 372.0 102.0 376.0 93.0 376.0 small-vehicle 1
94.0 367.0 102.0 367.0 102.0 371.0 94.0 371.0 small-vehicle 1
150.0 290.0 156.0 290.0 156.0 302.0 150.0 302.0 small-vehicle 1
156.0 290.0 160.0 290.0 160.0 299.0 156.0 299.0 small-vehicle 1
160.0 289.0 164.0 289.0 164.0 299.0 160.0 299.0 small-vehicle 1
171.0 290.0 175.0 290.0 175.0 300.0 171.0 300.0 small-vehicle 1
93.0 402.0 101.0 402.0 101.0 406.0 93.0 406.0 small-vehicle 1
176.0 291.0 180.0 291.0 180.0 300.0 176.0 300.0 small-vehicle 1
181.0 290.0 185.0 290.0 185.0 299.0 181.0 299.0 small-vehicle 1
185.0 291.0 189.0 291.0 189.0 300.0 185.0 300.0 small-vehicle 1
189.0 292.0 194.0 292.0 194.0 302.0 189.0 302.0 small-vehicle 1
195.0 291.0 199.0 291.0 199.0 300.0 195.0 300.0 small-vehicle 1
200.0 291.0 205.0 291.0 205.0 301.0 200.0 301.0 small-vehicle 1
211.0 290.0 214.0 290.0 214.0 300.0 211.0 300.0 small-vehicle 1
216.0 290.0 220.0 290.0 220.0 300.0 216.0 300.0 small-vehicle 1
93.0 396.0 103.0 396.0 103.0 401.0 93.0 401.0 small-vehicle 1
105.0 397.0 114.0 397.0 114.0 401.0 105.0 401.0 small-vehicle 1
231.0 291.0 234.0 291.0 234.0 299.0 231.0 299.0 small-vehicle 1
94.0 347.0 101.0 347.0 101.0 351.0 94.0 351.0 small-vehicle 1
94.0 312.0 103.0 312.0 103.0 316.0 94.0 316.0 small-vehicle 1
95.0 307.0 102.0 307.0 102.0 311.0 95.0 311.0 small-vehicle 1
95.0 318.0 103.0 318.0 103.0 322.0 95.0 322.0 small-vehicle 1
95.0 323.0 104.0 323.0 104.0 328.0 95.0 328.0 small-vehicle 1
94.0 332.0 101.0 332.0 101.0 337.0 94.0 337.0 small-vehicle 1
95.0 329.0 102.0 329.0 102.0 332.0 95.0 332.0 small-vehicle 1
94.0 337.0 101.0 337.0 101.0 341.0 94.0 341.0 small-vehicle 1
94.0 342.0 101.0 342.0 101.0 347.0 94.0 347.0 small-vehicle 1
93.0 352.0 101.0 352.0 101.0 356.0 93.0 356.0 small-vehicle 1
105.0 392.0 115.0 392.0 115.0 396.0 105.0 396.0 small-vehicle 1
93.0 357.0 101.0 357.0 101.0 361.0 93.0 361.0 small-vehicle 1
105.0 351.0 114.0 351.0 114.0 355.0 105.0 355.0 small-vehicle 1
105.0 356.0 114.0 356.0 114.0 361.0 105.0 361.0 small-vehicle 1
105.0 362.0 114.0 362.0 114.0 367.0 105.0 367.0 small-vehicle 1
105.0 367.0 114.0 367.0 114.0 371.0 105.0 371.0 small-vehicle 1
106.0 372.0 116.0 372.0 116.0 375.0 106.0 375.0 small-vehicle 1
104.0 377.0 113.0 377.0 113.0 381.0 104.0 381.0 small-vehicle 1
104.0 383.0 113.0 383.0 113.0 386.0 104.0 386.0 small-vehicle 1
225.0 291.0 229.0 291.0 229.0 300.0 225.0 300.0 small-vehicle 1
236.0 290.0 240.0 290.0 240.0 298.0 236.0 298.0 small-vehicle 1
107.0 312.0 115.0 312.0 115.0 316.0 107.0 316.0 small-vehicle 1
5.0 379.0 14.0 379.0 14.0 383.0 5.0 383.0 small-vehicle 1
559.0 494.0 565.0 494.0 565.0 504.0 559.0 504.0 small-vehicle 1
601.0 535.0 606.0 535.0 606.0 546.0 601.0 546.0 small-vehicle 1
485.0 443.0 494.0 443.0 494.0 451.0 485.0 451.0 small-vehicle 1
487.0 448.0 496.0 448.0 496.0 457.0 487.0 457.0 small-vehicle 1
490.0 453.0 499.0 453.0 499.0 460.0 490.0 460.0 small-vehicle 1
28.0 380.0 38.0 380.0 38.0 384.0 28.0 384.0 small-vehicle 1
31.0 385.0 41.0 385.0 41.0 389.0 31.0 389.0 small-vehicle 1
22.0 372.0 27.0 372.0 27.0 382.0 22.0 382.0 small-vehicle 1
5.0 383.0 14.0 383.0 14.0 387.0 5.0 387.0 small-vehicle 1
372.0 357.0 382.0 357.0 382.0 362.0 372.0 362.0 small-vehicle 1
6.0 387.0 13.0 387.0 13.0 391.0 6.0 391.0 small-vehicle 1
5.0 392.0 14.0 392.0 14.0 396.0 5.0 396.0 small-vehicle 1
1.0 411.0 10.0 411.0 10.0 414.0 1.0 414.0 small-vehicle 1
24.0 435.0 28.0 435.0 28.0 446.0 24.0 446.0 small-vehicle 1
31.0 391.0 39.0 391.0 39.0 394.0 31.0 394.0 small-vehicle 1
28.0 399.0 36.0 399.0 36.0 403.0 28.0 403.0 small-vehicle 1
29.0 422.0 40.0 422.0 40.0 428.0 29.0 428.0 small-vehicle 1
29.0 428.0 39.0 428.0 39.0 434.0 29.0 434.0 small-vehicle 1
372.0 364.0 382.0 364.0 382.0 369.0 372.0 369.0 small-vehicle 1
371.0 350.0 383.0 350.0 383.0 354.0 371.0 354.0 small-vehicle 1
240.0 290.0 244.0 290.0 244.0 301.0 240.0 301.0 small-vehicle 1
248.0 316.0 253.0 316.0 253.0 325.0 248.0 325.0 small-vehicle 1
247.0 290.0 250.0 290.0 250.0 299.0 247.0 299.0 small-vehicle 1
251.0 290.0 254.0 290.0 254.0 299.0 251.0 299.0 small-vehicle 1
259.0 289.0 263.0 289.0 263.0 299.0 259.0 299.0 small-vehicle 1
265.0 289.0 269.0 289.0 269.0 299.0 265.0 299.0 small-vehicle 1
276.0 291.0 280.0 291.0 280.0 300.0 276.0 300.0 small-vehicle 1
282.0 291.0 287.0 291.0 287.0 303.0 282.0 303.0 small-vehicle 1
290.0 291.0 295.0 291.0 295.0 303.0 290.0 303.0 small-vehicle 1
254.0 317.0 258.0 317.0 258.0 325.0 254.0 325.0 small-vehicle 1
239.0 318.0 243.0 318.0 243.0 326.0 239.0 326.0 small-vehicle 1
378.0 327.0 382.0 327.0 382.0 337.0 378.0 337.0 small-vehicle 1
233.0 317.0 237.0 317.0 237.0 326.0 233.0 326.0 small-vehicle 1
229.0 318.0 233.0 318.0 233.0 325.0 229.0 325.0 small-vehicle 1
224.0 318.0 228.0 318.0 228.0 326.0 224.0 326.0 small-vehicle 1
219.0 318.0 222.0 318.0 222.0 326.0 219.0 326.0 small-vehicle 1
208.0 317.0 213.0 317.0 213.0 327.0 208.0 327.0 small-vehicle 1
204.0 318.0 207.0 318.0 207.0 326.0 204.0 326.0 small-vehicle 1
222.0 410.0 227.0 410.0 227.0 421.0 222.0 421.0 small-vehicle 1
263.0 422.0 274.0 422.0 274.0 428.0 263.0 428.0 small-vehicle 1
107.0 317.0 117.0 317.0 117.0 320.0 107.0 320.0 small-vehicle 1
106.0 308.0 115.0 308.0 115.0 312.0 106.0 312.0 small-vehicle 1
240.0 841.0 248.0 841.0 248.0 846.0 240.0 846.0 small-vehicle 1
636.0 1112.0 658.0 1112.0 658.0 1148.0 636.0 1148.0 large-vehicle 1
894.0 259.0 899.0 259.0 899.0 271.0 894.0 271.0 small-vehicle 1
890.0 287.0 898.0 287.0 898.0 298.0 890.0 298.0 small-vehicle 1
930.0 332.0 938.0 332.0 938.0 342.0 930.0 342.0 small-vehicle 1
928.0 352.0 937.0 352.0 937.0 364.0 928.0 364.0 small-vehicle 1
905.0 327.0 910.0 327.0 910.0 339.0 905.0 339.0 small-vehicle 1
885.0 351.0 891.0 351.0 891.0 361.0 885.0 361.0 small-vehicle 1
898.0 306.0 903.0 306.0 903.0 320.0 898.0 320.0 small-vehicle 1
824.0 26.0 830.0 26.0 830.0 50.0 824.0 50.0 large-vehicle 1
549.0 1330.0 575.0 1330.0 575.0 1360.0 549.0 1360.0 large-vehicle 1
876.0 188.0 884.0 188.0 884.0 200.0 876.0 200.0 small-vehicle 1
597.0 1294.0 608.0 1294.0 608.0 1310.0 597.0 1310.0 large-vehicle 1
424.0 1443.0 455.0 1443.0 455.0 1468.0 424.0 1468.0 large-vehicle 1
206.0 1513.0 243.0 1513.0 243.0 1536.0 206.0 1536.0 large-vehicle 1
318.0 1362.0 339.0 1362.0 339.0 1377.0 318.0 1377.0 large-vehicle 1
286.0 1380.0 304.0 1380.0 304.0 1392.0 286.0 1392.0 large-vehicle 1
426.0 1295.0 442.0 1295.0 442.0 1309.0 426.0 1309.0 large-vehicle 1
81.0 1276.0 95.0 1276.0 95.0 1288.0 81.0 1288.0 large-vehicle 1
80.0 1286.0 90.0 1286.0 90.0 1296.0 80.0 1296.0 large-vehicle 1
875.0 219.0 882.0 219.0 882.0 229.0 875.0 229.0 small-vehicle 1
884.0 188.0 891.0 188.0 891.0 197.0 884.0 197.0 small-vehicle 1
1026.0 1280.0 1048.0 1280.0 1048.0 1292.0 1026.0 1292.0 large-vehicle 1
393.0 117.0 402.0 117.0 402.0 121.0 393.0 121.0 small-vehicle 1
779.0 1392.0 904.0 1392.0 904.0 1498.0 779.0 1498.0 bridge 0
1102.0 1344.0 1151.0 1344.0 1151.0 1444.0 1102.0 1444.0 bridge 0
1170.0 1392.0 1303.0 1392.0 1303.0 1458.0 1170.0 1458.0 bridge 0
637.0 1590.0 760.0 1590.0 760.0 1620.0 637.0 1620.0 bridge 0
84.0 113.0 94.0 113.0 94.0 118.0 84.0 118.0 small-vehicle 1
182.0 115.0 190.0 115.0 190.0 119.0 182.0 119.0 small-vehicle 1
249.0 131.0 259.0 131.0 259.0 135.0 249.0 135.0 small-vehicle 1
292.0 131.0 301.0 131.0 301.0 136.0 292.0 136.0 small-vehicle 1
750.0 3.0 758.0 3.0 758.0 12.0 750.0 12.0 small-vehicle 1
865.0 142.0 872.0 142.0 872.0 153.0 865.0 153.0 small-vehicle 1
749.0 22.0 756.0 22.0 756.0 31.0 749.0 31.0 small-vehicle 1
779.0 78.0 787.0 78.0 787.0 90.0 779.0 90.0 small-vehicle 1
859.0 76.0 867.0 76.0 867.0 88.0 859.0 88.0 small-vehicle 1
924.0 30.0 932.0 30.0 932.0 40.0 924.0 40.0 small-vehicle 1
928.0 8.0 935.0 8.0 935.0 19.0 928.0 19.0 small-vehicle 1
878.0 18.0 885.0 18.0 885.0 29.0 878.0 29.0 small-vehicle 1
844.0 94.0 851.0 94.0 851.0 104.0 844.0 104.0 small-vehicle 1
806.0 120.0 814.0 120.0 814.0 131.0 806.0 131.0 small-vehicle 1
70.0 1283.0 79.0 1283.0 79.0 1294.0 70.0 1294.0 large-vehicle 1
994.0 1271.0 1017.0 1271.0 1017.0 1283.0 994.0 1283.0 large-vehicle 1
107.0 302.0 114.0 302.0 114.0 306.0 107.0 306.0 small-vehicle 1
67.0 358.0 75.0 358.0 75.0 362.0 67.0 362.0 small-vehicle 1
47.0 340.0 55.0 340.0 55.0 347.0 47.0 347.0 small-vehicle 1
68.0 322.0 78.0 322.0 78.0 326.0 68.0 326.0 small-vehicle 1
67.0 327.0 78.0 327.0 78.0 331.0 67.0 331.0 small-vehicle 1
67.0 331.0 75.0 331.0 75.0 336.0 67.0 336.0 small-vehicle 1
66.0 337.0 74.0 337.0 74.0 341.0 66.0 341.0 small-vehicle 1
68.0 342.0 74.0 342.0 74.0 347.0 68.0 347.0 small-vehicle 1
67.0 347.0 75.0 347.0 75.0 352.0 67.0 352.0 small-vehicle 1
66.0 353.0 75.0 353.0 75.0 357.0 66.0 357.0 small-vehicle 1
66.0 364.0 76.0 364.0 76.0 367.0 66.0 367.0 small-vehicle 1
94.0 302.0 103.0 302.0 103.0 306.0 94.0 306.0 small-vehicle 1
67.0 367.0 75.0 367.0 75.0 372.0 67.0 372.0 small-vehicle 1
68.0 372.0 76.0 372.0 76.0 377.0 68.0 377.0 small-vehicle 1
67.0 378.0 76.0 378.0 76.0 381.0 67.0 381.0 small-vehicle 1
67.0 382.0 75.0 382.0 75.0 387.0 67.0 387.0 small-vehicle 1
67.0 388.0 76.0 388.0 76.0 392.0 67.0 392.0 small-vehicle 1
47.0 375.0 56.0 375.0 56.0 384.0 47.0 384.0 small-vehicle 1
47.0 367.0 55.0 367.0 55.0 376.0 47.0 376.0 small-vehicle 1
46.0 362.0 56.0 362.0 56.0 371.0 46.0 371.0 small-vehicle 1
48.0 325.0 57.0 325.0 57.0 334.0 48.0 334.0 small-vehicle 1
47.0 305.0 56.0 305.0 56.0 314.0 47.0 314.0 small-vehicle 1
1507.0 1163.0 1522.0 1163.0 1522.0 1202.0 1507.0 1202.0 large-vehicle 1
458.0 226.0 462.0 226.0 462.0 235.0 458.0 235.0 small-vehicle 1
1381.0 727.0 1418.0 727.0 1418.0 751.0 1381.0 751.0 large-vehicle 1
1169.0 588.0 1204.0 588.0 1204.0 617.0 1169.0 617.0 large-vehicle 1
459.0 19.0 464.0 19.0 464.0 31.0 459.0 31.0 small-vehicle 1
496.0 117.0 505.0 117.0 505.0 122.0 496.0 122.0 small-vehicle 1
528.0 160.0 532.0 160.0 532.0 170.0 528.0 170.0 small-vehicle 1
721.0 367.0 727.0 367.0 727.0 377.0 721.0 377.0 small-vehicle 1
452.0 269.0 461.0 269.0 461.0 275.0 452.0 275.0 small-vehicle 1
425.0 225.0 429.0 225.0 429.0 233.0 425.0 233.0 small-vehicle 1
406.0 215.0 411.0 215.0 411.0 223.0 406.0 223.0 small-vehicle 1
30.0 293.0 39.0 293.0 39.0 298.0 30.0 298.0 small-vehicle 1
405.0 232.0 411.0 232.0 411.0 243.0 405.0 243.0 small-vehicle 1
177.0 279.0 187.0 279.0 187.0 283.0 177.0 283.0 small-vehicle 1
162.0 279.0 170.0 279.0 170.0 283.0 162.0 283.0 small-vehicle 1
150.0 279.0 160.0 279.0 160.0 283.0 150.0 283.0 small-vehicle 1
111.0 257.0 119.0 257.0 119.0 262.0 111.0 262.0 small-vehicle 1
88.0 259.0 95.0 259.0 95.0 262.0 88.0 262.0 small-vehicle 1
34.0 257.0 44.0 257.0 44.0 262.0 34.0 262.0 small-vehicle 1
15.0 295.0 24.0 295.0 24.0 299.0 15.0 299.0 small-vehicle 1
30.0 443.0 40.0 443.0 40.0 449.0 30.0 449.0 small-vehicle 1
31.0 455.0 40.0 455.0 40.0 461.0 31.0 461.0 small-vehicle 1
31.0 460.0 40.0 460.0 40.0 467.0 31.0 467.0 small-vehicle 1
390.0 750.0 398.0 750.0 398.0 760.0 390.0 760.0 small-vehicle 1
354.0 729.0 361.0 729.0 361.0 740.0 354.0 740.0 small-vehicle 1
358.0 732.0 365.0 732.0 365.0 741.0 358.0 741.0 small-vehicle 1
362.0 735.0 369.0 735.0 369.0 745.0 362.0 745.0 small-vehicle 1
366.0 737.0 373.0 737.0 373.0 747.0 366.0 747.0 small-vehicle 1
370.0 739.0 377.0 739.0 377.0 749.0 370.0 749.0 small-vehicle 1
378.0 744.0 385.0 744.0 385.0 754.0 378.0 754.0 small-vehicle 1
382.0 746.0 390.0 746.0 390.0 757.0 382.0 757.0 small-vehicle 1
387.0 748.0 393.0 748.0 393.0 759.0 387.0 759.0 small-vehicle 1
395.0 752.0 403.0 752.0 403.0 764.0 395.0 764.0 small-vehicle 1
347.0 726.0 351.0 726.0 351.0 735.0 347.0 735.0 small-vehicle 1
296.0 724.0 305.0 724.0 305.0 736.0 296.0 736.0 small-vehicle 1
302.0 728.0 309.0 728.0 309.0 737.0 302.0 737.0 small-vehicle 1
307.0 731.0 313.0 731.0 313.0 740.0 307.0 740.0 small-vehicle 1
314.0 734.0 322.0 734.0 322.0 744.0 314.0 744.0 small-vehicle 1
322.0 738.0 329.0 738.0 329.0 748.0 322.0 748.0 small-vehicle 1
326.0 742.0 333.0 742.0 333.0 752.0 326.0 752.0 small-vehicle 1
330.0 744.0 338.0 744.0 338.0 754.0 330.0 754.0 small-vehicle 1
334.0 746.0 342.0 746.0 342.0 756.0 334.0 756.0 small-vehicle 1
349.0 726.0 357.0 726.0 357.0 739.0 349.0 739.0 small-vehicle 1
341.0 724.0 348.0 724.0 348.0 733.0 341.0 733.0 small-vehicle 1
343.0 752.0 350.0 752.0 350.0 762.0 343.0 762.0 small-vehicle 1
274.0 690.0 280.0 690.0 280.0 699.0 274.0 699.0 small-vehicle 1
373.0 580.0 376.0 580.0 376.0 590.0 373.0 590.0 small-vehicle 1
377.0 579.0 381.0 579.0 381.0 590.0 377.0 590.0 small-vehicle 1
218.0 596.0 228.0 596.0 228.0 602.0 218.0 602.0 small-vehicle 1
229.0 596.0 235.0 596.0 235.0 604.0 229.0 604.0 small-vehicle 1
235.0 595.0 241.0 595.0 241.0 605.0 235.0 605.0 small-vehicle 1
240.0 597.0 246.0 597.0 246.0 606.0 240.0 606.0 small-vehicle 1
177.0 436.0 182.0 436.0 182.0 446.0 177.0 446.0 small-vehicle 1
384.0 445.0 395.0 445.0 395.0 454.0 384.0 454.0 small-vehicle 1
279.0 692.0 286.0 692.0 286.0 702.0 279.0 702.0 small-vehicle 1
336.0 720.0 345.0 720.0 345.0 732.0 336.0 732.0 small-vehicle 1
286.0 694.0 294.0 694.0 294.0 705.0 286.0 705.0 small-vehicle 1
296.0 698.0 304.0 698.0 304.0 708.0 296.0 708.0 small-vehicle 1
300.0 699.0 308.0 699.0 308.0 710.0 300.0 710.0 small-vehicle 1
307.0 704.0 315.0 704.0 315.0 714.0 307.0 714.0 small-vehicle 1
312.0 707.0 321.0 707.0 321.0 717.0 312.0 717.0 small-vehicle 1
318.0 709.0 325.0 709.0 325.0 719.0 318.0 719.0 small-vehicle 1
325.0 714.0 332.0 714.0 332.0 723.0 325.0 723.0 small-vehicle 1
328.0 716.0 337.0 716.0 337.0 728.0 328.0 728.0 small-vehicle 1
338.0 749.0 345.0 749.0 345.0 759.0 338.0 759.0 small-vehicle 1
348.0 753.0 356.0 753.0 356.0 764.0 348.0 764.0 small-vehicle 1
31.0 467.0 41.0 467.0 41.0 473.0 31.0 473.0 small-vehicle 1
85.0 839.0 93.0 839.0 93.0 843.0 85.0 843.0 small-vehicle 1
244.0 782.0 253.0 782.0 253.0 786.0 244.0 786.0 small-vehicle 1
64.0 735.0 73.0 735.0 73.0 740.0 64.0 740.0 small-vehicle 1
33.0 729.0 38.0 729.0 38.0 740.0 33.0 740.0 small-vehicle 1
28.0 730.0 32.0 730.0 32.0 741.0 28.0 741.0 small-vehicle 1
85.0 775.0 94.0 775.0 94.0 780.0 85.0 780.0 small-vehicle 1
85.0 800.0 93.0 800.0 93.0 805.0 85.0 805.0 small-vehicle 1
86.0 820.0 94.0 820.0 94.0 824.0 86.0 824.0 small-vehicle 1
85.0 834.0 94.0 834.0 94.0 839.0 85.0 839.0 small-vehicle 1
22.0 874.0 31.0 874.0 31.0 880.0 22.0 880.0 small-vehicle 1
242.0 766.0 252.0 766.0 252.0 772.0 242.0 772.0 small-vehicle 1
143.0 950.0 153.0 950.0 153.0 959.0 143.0 959.0 small-vehicle 1
242.0 797.0 251.0 797.0 251.0 801.0 242.0 801.0 small-vehicle 1
242.0 803.0 251.0 803.0 251.0 806.0 242.0 806.0 small-vehicle 1
242.0 812.0 251.0 812.0 251.0 816.0 242.0 816.0 small-vehicle 1
241.0 818.0 250.0 818.0 250.0 822.0 241.0 822.0 small-vehicle 1
241.0 822.0 250.0 822.0 250.0 826.0 241.0 826.0 small-vehicle 1
241.0 827.0 250.0 827.0 250.0 831.0 241.0 831.0 small-vehicle 1
240.0 833.0 249.0 833.0 249.0 837.0 240.0 837.0 small-vehicle 1
242.0 778.0 251.0 778.0 251.0 782.0 242.0 782.0 small-vehicle 1
254.0 752.0 258.0 752.0 258.0 761.0 254.0 761.0 small-vehicle 1
353.0 757.0 361.0 757.0 361.0 767.0 353.0 767.0 small-vehicle 1
309.0 743.0 319.0 743.0 319.0 752.0 309.0 752.0 small-vehicle 1
362.0 763.0 370.0 763.0 370.0 774.0 362.0 774.0 small-vehicle 1
367.0 766.0 375.0 766.0 375.0 776.0 367.0 776.0 small-vehicle 1
372.0 767.0 380.0 767.0 380.0 778.0 372.0 778.0 small-vehicle 1
377.0 772.0 383.0 772.0 383.0 782.0 377.0 782.0 small-vehicle 1
381.0 773.0 388.0 773.0 388.0 785.0 381.0 785.0 small-vehicle 1
394.0 781.0 402.0 781.0 402.0 793.0 394.0 793.0 small-vehicle 1
398.0 784.0 406.0 784.0 406.0 793.0 398.0 793.0 small-vehicle 1
340.0 761.0 350.0 761.0 350.0 769.0 340.0 769.0 small-vehicle 1
298.0 736.0 307.0 736.0 307.0 744.0 298.0 744.0 small-vehicle 1
259.0 753.0 263.0 753.0 263.0 763.0 259.0 763.0 small-vehicle 1
248.0 714.0 259.0 714.0 259.0 723.0 248.0 723.0 small-vehicle 1
245.0 720.0 255.0 720.0 255.0 728.0 245.0 728.0 small-vehicle 1
272.0 738.0 281.0 738.0 281.0 749.0 272.0 749.0 small-vehicle 1
277.0 740.0 285.0 740.0 285.0 751.0 277.0 751.0 small-vehicle 1
313.0 767.0 323.0 767.0 323.0 774.0 313.0 774.0 small-vehicle 1
276.0 761.0 284.0 761.0 284.0 765.0 276.0 765.0 small-vehicle 1
270.0 752.0 273.0 752.0 273.0 760.0 270.0 760.0 small-vehicle 1
264.0 752.0 269.0 752.0 269.0 760.0 264.0 760.0 small-vehicle 1
367.0 579.0 370.0 579.0 370.0 589.0 367.0 589.0 small-vehicle 1
361.0 579.0 366.0 579.0 366.0 589.0 361.0 589.0 small-vehicle 1
349.0 611.0 353.0 611.0 353.0 621.0 349.0 621.0 small-vehicle 1
151.0 429.0 155.0 429.0 155.0 438.0 151.0 438.0 small-vehicle 1
135.0 450.0 144.0 450.0 144.0 454.0 135.0 454.0 small-vehicle 1
136.0 455.0 144.0 455.0 144.0 459.0 136.0 459.0 small-vehicle 1
136.0 459.0 146.0 459.0 146.0 464.0 136.0 464.0 small-vehicle 1
135.0 470.0 144.0 470.0 144.0 474.0 135.0 474.0 small-vehicle 1
135.0 475.0 145.0 475.0 145.0 480.0 135.0 480.0 small-vehicle 1
135.0 480.0 145.0 480.0 145.0 484.0 135.0 484.0 small-vehicle 1
135.0 485.0 144.0 485.0 144.0 489.0 135.0 489.0 small-vehicle 1
145.0 429.0 150.0 429.0 150.0 437.0 145.0 437.0 small-vehicle 1
166.0 428.0 170.0 428.0 170.0 438.0 166.0 438.0 small-vehicle 1
135.0 440.0 144.0 440.0 144.0 444.0 135.0 444.0 small-vehicle 1
203.0 494.0 207.0 494.0 207.0 505.0 203.0 505.0 small-vehicle 1
209.0 495.0 212.0 495.0 212.0 506.0 209.0 506.0 small-vehicle 1
215.0 502.0 225.0 502.0 225.0 508.0 215.0 508.0 small-vehicle 1
206.0 582.0 217.0 582.0 217.0 586.0 206.0 586.0 small-vehicle 1
234.0 583.0 244.0 583.0 244.0 587.0 234.0 587.0 small-vehicle 1
309.0 582.0 312.0 582.0 312.0 590.0 309.0 590.0 small-vehicle 1
340.0 584.0 343.0 584.0 343.0 595.0 340.0 595.0 small-vehicle 1
325.0 585.0 328.0 585.0 328.0 593.0 325.0 593.0 small-vehicle 1
135.0 444.0 144.0 444.0 144.0 448.0 135.0 448.0 small-vehicle 1
135.0 434.0 144.0 434.0 144.0 438.0 135.0 438.0 small-vehicle 1
320.0 603.0 326.0 603.0 326.0 608.0 320.0 608.0 small-vehicle 1
2.0 485.0 6.0 485.0 6.0 494.0 2.0 494.0 small-vehicle 1
31.0 471.0 39.0 471.0 39.0 477.0 31.0 477.0 small-vehicle 1
16.0 474.0 20.0 474.0 20.0 483.0 16.0 483.0 small-vehicle 1
11.0 465.0 14.0 465.0 14.0 473.0 11.0 473.0 small-vehicle 1
14.0 465.0 18.0 465.0 18.0 474.0 14.0 474.0 small-vehicle 1
6.0 464.0 9.0 464.0 9.0 473.0 6.0 473.0 small-vehicle 1
11.0 474.0 15.0 474.0 15.0 483.0 11.0 483.0 small-vehicle 1
7.0 475.0 11.0 475.0 11.0 483.0 7.0 483.0 small-vehicle 1
7.0 485.0 10.0 485.0 10.0 495.0 7.0 495.0 small-vehicle 1
15.0 496.0 19.0 496.0 19.0 504.0 15.0 504.0 small-vehicle 1
135.0 428.0 144.0 428.0 144.0 432.0 135.0 432.0 small-vehicle 1
5.0 496.0 9.0 496.0 9.0 505.0 5.0 505.0 small-vehicle 1
1.0 495.0 5.0 495.0 5.0 505.0 1.0 505.0 small-vehicle 1
53.0 421.0 62.0 421.0 62.0 425.0 53.0 425.0 small-vehicle 1
56.0 427.0 65.0 427.0 65.0 431.0 56.0 431.0 small-vehicle 1
61.0 432.0 71.0 432.0 71.0 437.0 61.0 437.0 small-vehicle 1
51.0 437.0 56.0 437.0 56.0 449.0 51.0 449.0 small-vehicle 1
44.0 438.0 49.0 438.0 49.0 452.0 44.0 452.0 small-vehicle 1
137.0 560.0 147.0 560.0 147.0 564.0 137.0 564.0 small-vehicle 1
273.0 583.0 276.0 583.0 276.0 591.0 273.0 591.0 small-vehicle 1
268.0 606.0 275.0 606.0 275.0 617.0 268.0 617.0 small-vehicle 1
263.0 605.0 270.0 605.0 270.0 615.0 263.0 615.0 small-vehicle 1
405.0 538.0 409.0 538.0 409.0 549.0 405.0 549.0 small-vehicle 1
384.0 471.0 399.0 471.0 399.0 484.0 384.0 484.0 large-vehicle 1
384.0 477.0 395.0 477.0 395.0 488.0 384.0 488.0 large-vehicle 1
273.0 491.0 285.0 491.0 285.0 509.0 273.0 509.0 large-vehicle 1
257.0 491.0 268.0 491.0 268.0 508.0 257.0 508.0 large-vehicle 1
413.0 426.0 427.0 426.0 427.0 442.0 413.0 442.0 large-vehicle 1
419.0 528.0 430.0 528.0 430.0 533.0 419.0 533.0 small-vehicle 1
419.0 534.0 428.0 534.0 428.0 538.0 419.0 538.0 small-vehicle 1
421.0 539.0 429.0 539.0 429.0 544.0 421.0 544.0 small-vehicle 1
420.0 545.0 430.0 545.0 430.0 548.0 420.0 548.0 small-vehicle 1
258.0 602.0 265.0 602.0 265.0 612.0 258.0 612.0 small-vehicle 1
420.0 549.0 430.0 549.0 430.0 554.0 420.0 554.0 small-vehicle 1
406.0 564.0 410.0 564.0 410.0 573.0 406.0 573.0 small-vehicle 1
421.0 560.0 430.0 560.0 430.0 564.0 421.0 564.0 small-vehicle 1
421.0 575.0 431.0 575.0 431.0 579.0 421.0 579.0 small-vehicle 1
293.0 580.0 298.0 580.0 298.0 589.0 293.0 589.0 small-vehicle 1
307.0 607.0 315.0 607.0 315.0 618.0 307.0 618.0 small-vehicle 1
315.0 607.0 321.0 607.0 321.0 617.0 315.0 617.0 small-vehicle 1
321.0 608.0 328.0 608.0 328.0 618.0 321.0 618.0 small-vehicle 1
384.0 460.0 397.0 460.0 397.0 476.0 384.0 476.0 large-vehicle 1
386.0 452.0 400.0 452.0 400.0 466.0 386.0 466.0 large-vehicle 1
411.0 455.0 426.0 455.0 426.0 470.0 411.0 470.0 large-vehicle 1
411.0 466.0 425.0 466.0 425.0 481.0 411.0 481.0 large-vehicle 1
249.0 601.0 255.0 601.0 255.0 611.0 249.0 611.0 small-vehicle 1
122.0 442.0 127.0 442.0 127.0 456.0 122.0 456.0 large-vehicle 1
59.0 445.0 65.0 445.0 65.0 459.0 59.0 459.0 large-vehicle 1
149.0 489.0 155.0 489.0 155.0 502.0 149.0 502.0 large-vehicle 1
359.0 616.0 363.0 616.0 363.0 628.0 359.0 628.0 large-vehicle 1
365.0 616.0 368.0 616.0 368.0 628.0 365.0 628.0 large-vehicle 1
370.0 614.0 374.0 614.0 374.0 626.0 370.0 626.0 large-vehicle 1
375.0 637.0 387.0 637.0 387.0 645.0 375.0 645.0 large-vehicle 1
363.0 653.0 371.0 653.0 371.0 666.0 363.0 666.0 large-vehicle 1
358.0 651.0 365.0 651.0 365.0 664.0 358.0 664.0 large-vehicle 1
353.0 650.0 362.0 650.0 362.0 662.0 353.0 662.0 large-vehicle 1
349.0 647.0 356.0 647.0 356.0 660.0 349.0 660.0 large-vehicle 1
344.0 645.0 352.0 645.0 352.0 658.0 344.0 658.0 large-vehicle 1
414.0 516.0 428.0 516.0 428.0 521.0 414.0 521.0 large-vehicle 1
412.0 499.0 427.0 499.0 427.0 508.0 412.0 508.0 large-vehicle 1
411.0 483.0 426.0 483.0 426.0 499.0 411.0 499.0 large-vehicle 1
412.0 476.0 425.0 476.0 425.0 491.0 412.0 491.0 large-vehicle 1
297.0 1163.0 306.0 1163.0 306.0 1172.0 297.0 1172.0 small-vehicle 1
297.0 1170.0 306.0 1170.0 306.0 1179.0 297.0 1179.0 small-vehicle 1
297.0 1176.0 305.0 1176.0 305.0 1184.0 297.0 1184.0 small-vehicle 1
1375.0 718.0 1387.0 718.0 1387.0 727.0 1375.0 727.0 small-vehicle 1
1467.0 540.0 1475.0 540.0 1475.0 547.0 1467.0 547.0 small-vehicle 1
1504.0 570.0 1512.0 570.0 1512.0 577.0 1504.0 577.0 small-vehicle 1
1581.0 631.0 1588.0 631.0 1588.0 638.0 1581.0 638.0 small-vehicle 1
1607.0 651.0 1615.0 651.0 1615.0 658.0 1607.0 658.0 small-vehicle 1
1304.0 631.0 1310.0 631.0 1310.0 641.0 1304.0 641.0 small-vehicle 1
1615.0 627.0 1625.0 627.0 1625.0 637.0 1615.0 637.0 small-vehicle 1
1600.0 744.0 1608.0 744.0 1608.0 752.0 1600.0 752.0 small-vehicle 1
1460.0 758.0 1469.0 758.0 1469.0 766.0 1460.0 766.0 small-vehicle 1
1336.0 686.0 1345.0 686.0 1345.0 694.0 1336.0 694.0 small-vehicle 1
1196.0 581.0 1204.0 581.0 1204.0 590.0 1196.0 590.0 small-vehicle 1
1326.0 690.0 1335.0 690.0 1335.0 699.0 1326.0 699.0 small-vehicle 1
1319.0 694.0 1332.0 694.0 1332.0 704.0 1319.0 704.0 small-vehicle 1
1588.0 826.0 1598.0 826.0 1598.0 834.0 1588.0 834.0 small-vehicle 1
1188.0 798.0 1196.0 798.0 1196.0 807.0 1188.0 807.0 small-vehicle 1
1207.0 803.0 1214.0 803.0 1214.0 811.0 1207.0 811.0 small-vehicle 1
1217.0 807.0 1224.0 807.0 1224.0 815.0 1217.0 815.0 small-vehicle 1
1186.0 810.0 1193.0 810.0 1193.0 814.0 1186.0 814.0 small-vehicle 1
1216.0 828.0 1220.0 828.0 1220.0 837.0 1216.0 837.0 small-vehicle 1
1258.0 634.0 1268.0 634.0 1268.0 643.0 1258.0 643.0 small-vehicle 1
1065.0 505.0 1074.0 505.0 1074.0 514.0 1065.0 514.0 small-vehicle 1
1227.0 829.0 1230.0 829.0 1230.0 836.0 1227.0 836.0 small-vehicle 1
1621.0 39.0 1627.0 39.0 1627.0 48.0 1621.0 48.0 small-vehicle 1
1595.0 71.0 1599.0 71.0 1599.0 80.0 1595.0 80.0 small-vehicle 1
1598.0 73.0 1605.0 73.0 1605.0 81.0 1598.0 81.0 small-vehicle 1
1588.0 69.0 1595.0 69.0 1595.0 77.0 1588.0 77.0 small-vehicle 1
1617.0 80.0 1623.0 80.0 1623.0 90.0 1617.0 90.0 small-vehicle 1
1640.0 59.0 1646.0 59.0 1646.0 68.0 1640.0 68.0 small-vehicle 1
1631.0 43.0 1637.0 43.0 1637.0 52.0 1631.0 52.0 small-vehicle 1
1555.0 11.0 1561.0 11.0 1561.0 21.0 1555.0 21.0 small-vehicle 1
1565.0 4.0 1571.0 4.0 1571.0 12.0 1565.0 12.0 small-vehicle 1
1625.0 81.0 1632.0 81.0 1632.0 92.0 1625.0 92.0 small-vehicle 1
1123.0 559.0 1132.0 559.0 1132.0 568.0 1123.0 568.0 small-vehicle 1
1166.0 254.0 1173.0 254.0 1173.0 263.0 1166.0 263.0 small-vehicle 1
1142.0 324.0 1153.0 324.0 1153.0 336.0 1142.0 336.0 small-vehicle 1
1225.0 336.0 1233.0 336.0 1233.0 345.0 1225.0 345.0 small-vehicle 1
1177.0 364.0 1186.0 364.0 1186.0 374.0 1177.0 374.0 small-vehicle 1
1135.0 374.0 1143.0 374.0 1143.0 382.0 1135.0 382.0 small-vehicle 1
1190.0 471.0 1200.0 471.0 1200.0 478.0 1190.0 478.0 small-vehicle 1
1243.0 442.0 1252.0 442.0 1252.0 452.0 1243.0 452.0 small-vehicle 1
1288.0 476.0 1297.0 476.0 1297.0 484.0 1288.0 484.0 small-vehicle 1
1222.0 828.0 1226.0 828.0 1226.0 837.0 1222.0 837.0 small-vehicle 1
1499.0 950.0 1506.0 950.0 1506.0 960.0 1499.0 960.0 small-vehicle 1
1567.0 40.0 1573.0 40.0 1573.0 48.0 1567.0 48.0 small-vehicle 1
1169.0 1244.0 1176.0 1244.0 1176.0 1251.0 1169.0 1251.0 small-vehicle 1
1156.0 1258.0 1162.0 1258.0 1162.0 1266.0 1156.0 1266.0 small-vehicle 1
1155.0 1265.0 1160.0 1265.0 1160.0 1273.0 1155.0 1273.0 small-vehicle 1
1153.0 1272.0 1159.0 1272.0 1159.0 1280.0 1153.0 1280.0 small-vehicle 1
1149.0 1279.0 1156.0 1279.0 1156.0 1286.0 1149.0 1286.0 small-vehicle 1
1177.0 1217.0 1184.0 1217.0 1184.0 1225.0 1177.0 1225.0 small-vehicle 1
1174.0 1223.0 1182.0 1223.0 1182.0 1231.0 1174.0 1231.0 small-vehicle 1
1173.0 1230.0 1180.0 1230.0 1180.0 1238.0 1173.0 1238.0 small-vehicle 1
1173.0 1238.0 1178.0 1238.0 1178.0 1245.0 1173.0 1245.0 small-vehicle 1
1167.0 1249.0 1173.0 1249.0 1173.0 1257.0 1167.0 1257.0 small-vehicle 1
1160.0 1245.0 1165.0 1245.0 1165.0 1252.0 1160.0 1252.0 small-vehicle 1
1166.0 1256.0 1172.0 1256.0 1172.0 1265.0 1166.0 1265.0 small-vehicle 1
1164.0 1262.0 1170.0 1262.0 1170.0 1269.0 1164.0 1269.0 small-vehicle 1
1162.0 1269.0 1168.0 1269.0 1168.0 1278.0 1162.0 1278.0 small-vehicle 1
1162.0 1277.0 1167.0 1277.0 1167.0 1285.0 1162.0 1285.0 small-vehicle 1
1158.0 1282.0 1166.0 1282.0 1166.0 1292.0 1158.0 1292.0 small-vehicle 1
1197.0 1208.0 1206.0 1208.0 1206.0 1215.0 1197.0 1215.0 small-vehicle 1
1197.0 1214.0 1206.0 1214.0 1206.0 1220.0 1197.0 1220.0 small-vehicle 1
1195.0 1221.0 1203.0 1221.0 1203.0 1226.0 1195.0 1226.0 small-vehicle 1
1158.0 1251.0 1164.0 1251.0 1164.0 1260.0 1158.0 1260.0 small-vehicle 1
1161.0 1237.0 1167.0 1237.0 1167.0 1246.0 1161.0 1246.0 small-vehicle 1
1457.0 868.0 1464.0 868.0 1464.0 877.0 1457.0 877.0 small-vehicle 1
1138.0 1241.0 1147.0 1241.0 1147.0 1248.0 1138.0 1248.0 small-vehicle 1
1157.0 1186.0 1167.0 1186.0 1167.0 1193.0 1157.0 1193.0 small-vehicle 1
1157.0 1181.0 1165.0 1181.0 1165.0 1186.0 1157.0 1186.0 small-vehicle 1
1160.0 1172.0 1168.0 1172.0 1168.0 1178.0 1160.0 1178.0 small-vehicle 1
1148.0 1202.0 1157.0 1202.0 1157.0 1209.0 1148.0 1209.0 small-vehicle 1
1147.0 1208.0 1157.0 1208.0 1157.0 1215.0 1147.0 1215.0 small-vehicle 1
1144.0 1220.0 1152.0 1220.0 1152.0 1227.0 1144.0 1227.0 small-vehicle 1
1142.0 1227.0 1151.0 1227.0 1151.0 1233.0 1142.0 1233.0 small-vehicle 1
1140.0 1235.0 1149.0 1235.0 1149.0 1241.0 1140.0 1241.0 small-vehicle 1
1137.0 1248.0 1145.0 1248.0 1145.0 1255.0 1137.0 1255.0 small-vehicle 1
1164.0 1232.0 1171.0 1232.0 1171.0 1241.0 1164.0 1241.0 small-vehicle 1
1132.0 1264.0 1141.0 1264.0 1141.0 1270.0 1132.0 1270.0 small-vehicle 1
1126.0 1284.0 1135.0 1284.0 1135.0 1290.0 1126.0 1290.0 small-vehicle 1
1129.0 1275.0 1137.0 1275.0 1137.0 1281.0 1129.0 1281.0 small-vehicle 1
1125.0 1289.0 1134.0 1289.0 1134.0 1295.0 1125.0 1295.0 small-vehicle 1
1135.0 1256.0 1142.0 1256.0 1142.0 1262.0 1135.0 1262.0 small-vehicle 1
1168.0 1212.0 1176.0 1212.0 1176.0 1221.0 1168.0 1221.0 small-vehicle 1
1167.0 1219.0 1173.0 1219.0 1173.0 1227.0 1167.0 1227.0 small-vehicle 1
1164.0 1225.0 1171.0 1225.0 1171.0 1233.0 1164.0 1233.0 small-vehicle 1
1584.0 66.0 1590.0 66.0 1590.0 75.0 1584.0 75.0 small-vehicle 1
1541.0 28.0 1548.0 28.0 1548.0 36.0 1541.0 36.0 small-vehicle 1
297.0 1183.0 306.0 1183.0 306.0 1190.0 297.0 1190.0 small-vehicle 1
823.0 920.0 832.0 920.0 832.0 925.0 823.0 925.0 small-vehicle 1
750.0 957.0 757.0 957.0 757.0 967.0 750.0 967.0 small-vehicle 1
752.0 987.0 759.0 987.0 759.0 996.0 752.0 996.0 small-vehicle 1
733.0 996.0 740.0 996.0 740.0 1006.0 733.0 1006.0 small-vehicle 1
694.0 980.0 701.0 980.0 701.0 990.0 694.0 990.0 small-vehicle 1
678.0 1003.0 685.0 1003.0 685.0 1013.0 678.0 1013.0 small-vehicle 1
700.0 1004.0 706.0 1004.0 706.0 1014.0 700.0 1014.0 small-vehicle 1
824.0 910.0 834.0 910.0 834.0 915.0 824.0 915.0 small-vehicle 1
824.0 916.0 832.0 916.0 832.0 921.0 824.0 921.0 small-vehicle 1
820.0 924.0 829.0 924.0 829.0 930.0 820.0 930.0 small-vehicle 1
788.0 916.0 796.0 916.0 796.0 929.0 788.0 929.0 small-vehicle 1
818.0 933.0 827.0 933.0 827.0 939.0 818.0 939.0 small-vehicle 1
814.0 943.0 824.0 943.0 824.0 948.0 814.0 948.0 small-vehicle 1
812.0 948.0 822.0 948.0 822.0 954.0 812.0 954.0 small-vehicle 1
811.0 954.0 822.0 954.0 822.0 960.0 811.0 960.0 small-vehicle 1
809.0 961.0 819.0 961.0 819.0 968.0 809.0 968.0 small-vehicle 1
805.0 971.0 815.0 971.0 815.0 977.0 805.0 977.0 small-vehicle 1
805.0 977.0 814.0 977.0 814.0 983.0 805.0 983.0 small-vehicle 1
804.0 981.0 813.0 981.0 813.0 987.0 804.0 987.0 small-vehicle 1
768.0 946.0 777.0 946.0 777.0 957.0 768.0 957.0 small-vehicle 1
770.0 911.0 776.0 911.0 776.0 920.0 770.0 920.0 small-vehicle 1
801.0 991.0 809.0 991.0 809.0 997.0 801.0 997.0 small-vehicle 1
867.0 691.0 874.0 691.0 874.0 701.0 867.0 701.0 small-vehicle 1
754.0 671.0 760.0 671.0 760.0 681.0 754.0 681.0 small-vehicle 1
618.0 650.0 623.0 650.0 623.0 658.0 618.0 658.0 small-vehicle 1
624.0 652.0 631.0 652.0 631.0 662.0 624.0 662.0 small-vehicle 1
632.0 653.0 639.0 653.0 639.0 662.0 632.0 662.0 small-vehicle 1
645.0 654.0 652.0 654.0 652.0 664.0 645.0 664.0 small-vehicle 1
794.0 706.0 801.0 706.0 801.0 717.0 794.0 717.0 small-vehicle 1
793.0 744.0 800.0 744.0 800.0 755.0 793.0 755.0 small-vehicle 1
819.0 695.0 826.0 695.0 826.0 706.0 819.0 706.0 small-vehicle 1
845.0 747.0 852.0 747.0 852.0 757.0 845.0 757.0 small-vehicle 1
787.0 885.0 795.0 885.0 795.0 895.0 787.0 895.0 small-vehicle 1
895.0 752.0 906.0 752.0 906.0 764.0 895.0 764.0 small-vehicle 1
821.0 823.0 828.0 823.0 828.0 834.0 821.0 834.0 small-vehicle 1
767.0 803.0 774.0 803.0 774.0 814.0 767.0 814.0 small-vehicle 1
794.0 856.0 802.0 856.0 802.0 867.0 794.0 867.0 small-vehicle 1
716.0 929.0 723.0 929.0 723.0 940.0 716.0 940.0 small-vehicle 1
717.0 905.0 724.0 905.0 724.0 917.0 717.0 917.0 small-vehicle 1
807.0 854.0 815.0 854.0 815.0 864.0 807.0 864.0 small-vehicle 1
807.0 873.0 814.0 873.0 814.0 883.0 807.0 883.0 small-vehicle 1
802.0 987.0 811.0 987.0 811.0 993.0 802.0 993.0 small-vehicle 1
848.0 1016.0 855.0 1016.0 855.0 1028.0 848.0 1028.0 small-vehicle 1
1537.0 25.0 1544.0 25.0 1544.0 35.0 1537.0 35.0 small-vehicle 1
953.0 1241.0 957.0 1241.0 957.0 1251.0 953.0 1251.0 small-vehicle 1
973.0 1173.0 979.0 1173.0 979.0 1183.0 973.0 1183.0 small-vehicle 1
962.0 1170.0 967.0 1170.0 967.0 1180.0 962.0 1180.0 small-vehicle 1
885.0 1162.0 889.0 1162.0 889.0 1171.0 885.0 1171.0 small-vehicle 1
871.0 1159.0 875.0 1159.0 875.0 1167.0 871.0 1167.0 small-vehicle 1
851.0 1177.0 855.0 1177.0 855.0 1186.0 851.0 1186.0 small-vehicle 1
903.0 1191.0 907.0 1191.0 907.0 1199.0 903.0 1199.0 small-vehicle 1
954.0 1218.0 959.0 1218.0 959.0 1225.0 954.0 1225.0 small-vehicle 1
958.0 1244.0 962.0 1244.0 962.0 1252.0 958.0 1252.0 small-vehicle 1
811.0 1229.0 819.0 1229.0 819.0 1234.0 811.0 1234.0 small-vehicle 1
720.0 1182.0 727.0 1182.0 727.0 1190.0 720.0 1190.0 small-vehicle 1
1080.0 1309.0 1088.0 1309.0 1088.0 1314.0 1080.0 1314.0 small-vehicle 1
888.0 1248.0 897.0 1248.0 897.0 1254.0 888.0 1254.0 small-vehicle 1
981.0 1275.0 992.0 1275.0 992.0 1281.0 981.0 1281.0 small-vehicle 1
1070.0 1297.0 1078.0 1297.0 1078.0 1304.0 1070.0 1304.0 small-vehicle 1
1094.0 148.0 1103.0 148.0 1103.0 159.0 1094.0 159.0 small-vehicle 1
977.0 124.0 984.0 124.0 984.0 132.0 977.0 132.0 small-vehicle 1
1524.0 18.0 1531.0 18.0 1531.0 27.0 1524.0 27.0 small-vehicle 1
1529.0 19.0 1535.0 19.0 1535.0 30.0 1529.0 30.0 small-vehicle 1
1004.0 1188.0 1009.0 1188.0 1009.0 1196.0 1004.0 1196.0 small-vehicle 1
725.0 1183.0 731.0 1183.0 731.0 1191.0 725.0 1191.0 small-vehicle 1
799.0 1000.0 807.0 1000.0 807.0 1006.0 799.0 1006.0 small-vehicle 1
693.0 1113.0 699.0 1113.0 699.0 1122.0 693.0 1122.0 small-vehicle 1
797.0 1006.0 807.0 1006.0 807.0 1012.0 797.0 1012.0 small-vehicle 1
794.0 1015.0 803.0 1015.0 803.0 1022.0 794.0 1022.0 small-vehicle 1
787.0 1039.0 797.0 1039.0 797.0 1045.0 787.0 1045.0 small-vehicle 1
760.0 939.0 773.0 939.0 773.0 960.0 760.0 960.0 large-vehicle 1
681.0 1024.0 691.0 1024.0 691.0 1037.0 681.0 1037.0 large-vehicle 1
739.0 1009.0 745.0 1009.0 745.0 1019.0 739.0 1019.0 small-vehicle 1
721.0 1056.0 727.0 1056.0 727.0 1066.0 721.0 1066.0 small-vehicle 1
641.0 1087.0 648.0 1087.0 648.0 1098.0 641.0 1098.0 small-vehicle 1
939.0 1134.0 949.0 1134.0 949.0 1141.0 939.0 1141.0 small-vehicle 1
735.0 1185.0 739.0 1185.0 739.0 1193.0 735.0 1193.0 small-vehicle 1
954.0 1146.0 959.0 1146.0 959.0 1155.0 954.0 1155.0 small-vehicle 1
971.0 1142.0 980.0 1142.0 980.0 1149.0 971.0 1149.0 small-vehicle 1
892.0 1129.0 897.0 1129.0 897.0 1140.0 892.0 1140.0 small-vehicle 1
677.0 1147.0 683.0 1147.0 683.0 1157.0 677.0 1157.0 small-vehicle 1
679.0 1160.0 684.0 1160.0 684.0 1168.0 679.0 1168.0 small-vehicle 1
680.0 1123.0 686.0 1123.0 686.0 1131.0 680.0 1131.0 small-vehicle 1
725.0 1152.0 731.0 1152.0 731.0 1162.0 725.0 1162.0 small-vehicle 1
740.0 1187.0 744.0 1187.0 744.0 1195.0 740.0 1195.0 small-vehicle 1
1194.0 1227.0 1203.0 1227.0 1203.0 1234.0 1194.0 1234.0 small-vehicle 1
1191.0 1234.0 1199.0 1234.0 1199.0 1240.0 1191.0 1240.0 small-vehicle 1
1191.0 1240.0 1198.0 1240.0 1198.0 1245.0 1191.0 1245.0 small-vehicle 1
1163.0 812.0 1168.0 812.0 1168.0 822.0 1163.0 822.0 small-vehicle 1
1589.0 1233.0 1596.0 1233.0 1596.0 1237.0 1589.0 1237.0 small-vehicle 1
1602.0 1233.0 1610.0 1233.0 1610.0 1237.0 1602.0 1237.0 small-vehicle 1
1616.0 1231.0 1624.0 1231.0 1624.0 1236.0 1616.0 1236.0 small-vehicle 1
1527.0 1098.0 1532.0 1098.0 1532.0 1108.0 1527.0 1108.0 small-vehicle 1
1552.0 1257.0 1560.0 1257.0 1560.0 1262.0 1552.0 1262.0 small-vehicle 1
1570.0 1253.0 1579.0 1253.0 1579.0 1258.0 1570.0 1258.0 small-vehicle 1
1582.0 1250.0 1590.0 1250.0 1590.0 1255.0 1582.0 1255.0 small-vehicle 1
1605.0 1248.0 1613.0 1248.0 1613.0 1253.0 1605.0 1253.0 small-vehicle 1
1140.0 768.0 1144.0 768.0 1144.0 778.0 1140.0 778.0 small-vehicle 1
1547.0 1238.0 1556.0 1238.0 1556.0 1243.0 1547.0 1243.0 small-vehicle 1
1259.0 1173.0 1263.0 1173.0 1263.0 1181.0 1259.0 1181.0 small-vehicle 1
1274.0 1369.0 1284.0 1369.0 1284.0 1375.0 1274.0 1375.0 small-vehicle 1
1427.0 1407.0 1435.0 1407.0 1435.0 1414.0 1427.0 1414.0 small-vehicle 1
1484.0 1441.0 1492.0 1441.0 1492.0 1449.0 1484.0 1449.0 small-vehicle 1
1491.0 1448.0 1499.0 1448.0 1499.0 1455.0 1491.0 1455.0 small-vehicle 1
1634.0 1437.0 1642.0 1437.0 1642.0 1445.0 1634.0 1445.0 small-vehicle 1
1624.0 1450.0 1632.0 1450.0 1632.0 1459.0 1624.0 1459.0 small-vehicle 1
1627.0 1454.0 1635.0 1454.0 1635.0 1464.0 1627.0 1464.0 small-vehicle 1
1576.0 1234.0 1587.0 1234.0 1587.0 1239.0 1576.0 1239.0 small-vehicle 1
1535.0 1240.0 1543.0 1240.0 1543.0 1245.0 1535.0 1245.0 small-vehicle 1
1592.0 1469.0 1599.0 1469.0 1599.0 1479.0 1592.0 1479.0 small-vehicle 1
1552.0 1194.0 1555.0 1194.0 1555.0 1201.0 1552.0 1201.0 small-vehicle 1
1583.0 1186.0 1587.0 1186.0 1587.0 1194.0 1583.0 1194.0 small-vehicle 1
1578.0 1185.0 1582.0 1185.0 1582.0 1194.0 1578.0 1194.0 small-vehicle 1
1574.0 1185.0 1577.0 1185.0 1577.0 1194.0 1574.0 1194.0 small-vehicle 1
1569.0 1185.0 1572.0 1185.0 1572.0 1192.0 1569.0 1192.0 small-vehicle 1
1563.0 1183.0 1568.0 1183.0 1568.0 1192.0 1563.0 1192.0 small-vehicle 1
1558.0 1183.0 1564.0 1183.0 1564.0 1191.0 1558.0 1191.0 small-vehicle 1
1554.0 1182.0 1558.0 1182.0 1558.0 1190.0 1554.0 1190.0 small-vehicle 1
1548.0 1181.0 1552.0 1181.0 1552.0 1189.0 1548.0 1189.0 small-vehicle 1
1546.0 1192.0 1551.0 1192.0 1551.0 1202.0 1546.0 1202.0 small-vehicle 1
1521.0 1212.0 1531.0 1212.0 1531.0 1218.0 1521.0 1218.0 small-vehicle 1
1557.0 1194.0 1560.0 1194.0 1560.0 1202.0 1557.0 1202.0 small-vehicle 1
1562.0 1194.0 1565.0 1194.0 1565.0 1202.0 1562.0 1202.0 small-vehicle 1
1566.0 1194.0 1571.0 1194.0 1571.0 1203.0 1566.0 1203.0 small-vehicle 1
1572.0 1195.0 1576.0 1195.0 1576.0 1204.0 1572.0 1204.0 small-vehicle 1
1576.0 1195.0 1580.0 1195.0 1580.0 1204.0 1576.0 1204.0 small-vehicle 1
1584.0 1196.0 1589.0 1196.0 1589.0 1206.0 1584.0 1206.0 small-vehicle 1
1590.0 1197.0 1594.0 1197.0 1594.0 1206.0 1590.0 1206.0 small-vehicle 1
1595.0 1197.0 1598.0 1197.0 1598.0 1206.0 1595.0 1206.0 small-vehicle 1
1632.0 1458.0 1639.0 1458.0 1639.0 1467.0 1632.0 1467.0 small-vehicle 1
1568.0 1468.0 1575.0 1468.0 1575.0 1476.0 1568.0 1476.0 small-vehicle 1
1188.0 1246.0 1196.0 1246.0 1196.0 1252.0 1188.0 1252.0 small-vehicle 1
1196.0 1584.0 1204.0 1584.0 1204.0 1590.0 1196.0 1590.0 small-vehicle 1
1576.0 1555.0 1583.0 1555.0 1583.0 1563.0 1576.0 1563.0 small-vehicle 1
1540.0 1502.0 1549.0 1502.0 1549.0 1510.0 1540.0 1510.0 small-vehicle 1
1574.0 1477.0 1582.0 1477.0 1582.0 1487.0 1574.0 1487.0 small-vehicle 1
1327.0 1144.0 1333.0 1144.0 1333.0 1153.0 1327.0 1153.0 small-vehicle 1
1177.0 1611.0 1184.0 1611.0 1184.0 1617.0 1177.0 1617.0 small-vehicle 1
1188.0 1595.0 1195.0 1595.0 1195.0 1602.0 1188.0 1602.0 small-vehicle 1
1191.0 1592.0 1197.0 1592.0 1197.0 1598.0 1191.0 1598.0 small-vehicle 1
1194.0 1589.0 1201.0 1589.0 1201.0 1594.0 1194.0 1594.0 small-vehicle 1
1207.0 1570.0 1215.0 1570.0 1215.0 1576.0 1207.0 1576.0 small-vehicle 1
1602.0 1553.0 1611.0 1553.0 1611.0 1562.0 1602.0 1562.0 small-vehicle 1
1210.0 1565.0 1218.0 1565.0 1218.0 1572.0 1210.0 1572.0 small-vehicle 1
1438.0 1430.0 1447.0 1430.0 1447.0 1439.0 1438.0 1439.0 small-vehicle 1
1405.0 1423.0 1415.0 1423.0 1415.0 1430.0 1405.0 1430.0 small-vehicle 1
1289.0 1371.0 1300.0 1371.0 1300.0 1378.0 1289.0 1378.0 small-vehicle 1
1285.0 1378.0 1295.0 1378.0 1295.0 1385.0 1285.0 1385.0 small-vehicle 1
1260.0 1364.0 1270.0 1364.0 1270.0 1371.0 1260.0 1371.0 small-vehicle 1
1340.0 1368.0 1349.0 1368.0 1349.0 1376.0 1340.0 1376.0 small-vehicle 1
1346.0 1181.0 1352.0 1181.0 1352.0 1190.0 1346.0 1190.0 small-vehicle 1
1580.0 1558.0 1587.0 1558.0 1587.0 1566.0 1580.0 1566.0 small-vehicle 1
1604.0 1531.0 1612.0 1531.0 1612.0 1539.0 1604.0 1539.0 small-vehicle 1
1561.0 1477.0 1568.0 1477.0 1568.0 1485.0 1561.0 1485.0 small-vehicle 1
1505.0 1521.0 1513.0 1521.0 1513.0 1530.0 1505.0 1530.0 small-vehicle 1
1430.0 1483.0 1438.0 1483.0 1438.0 1489.0 1430.0 1489.0 small-vehicle 1
1342.0 1502.0 1350.0 1502.0 1350.0 1510.0 1342.0 1510.0 small-vehicle 1
1443.0 1509.0 1452.0 1509.0 1452.0 1517.0 1443.0 1517.0 small-vehicle 1
1448.0 1505.0 1455.0 1505.0 1455.0 1512.0 1448.0 1512.0 small-vehicle 1
1468.0 1497.0 1477.0 1497.0 1477.0 1504.0 1468.0 1504.0 small-vehicle 1
1482.0 1490.0 1490.0 1490.0 1490.0 1499.0 1482.0 1499.0 small-vehicle 1
1492.0 1498.0 1501.0 1498.0 1501.0 1508.0 1492.0 1508.0 small-vehicle 1
1498.0 1503.0 1507.0 1503.0 1507.0 1515.0 1498.0 1515.0 small-vehicle 1
1481.0 1509.0 1488.0 1509.0 1488.0 1518.0 1481.0 1518.0 small-vehicle 1
1595.0 1524.0 1602.0 1524.0 1602.0 1530.0 1595.0 1530.0 small-vehicle 1
1486.0 1519.0 1490.0 1519.0 1490.0 1527.0 1486.0 1527.0 small-vehicle 1
1478.0 1514.0 1483.0 1514.0 1483.0 1523.0 1478.0 1523.0 small-vehicle 1
1453.0 1527.0 1461.0 1527.0 1461.0 1532.0 1453.0 1532.0 small-vehicle 1
1452.0 1518.0 1460.0 1518.0 1460.0 1525.0 1452.0 1525.0 small-vehicle 1
1455.0 1512.0 1462.0 1512.0 1462.0 1520.0 1455.0 1520.0 small-vehicle 1
1462.0 1532.0 1469.0 1532.0 1469.0 1540.0 1462.0 1540.0 small-vehicle 1
1466.0 1534.0 1475.0 1534.0 1475.0 1541.0 1466.0 1541.0 small-vehicle 1
1446.0 1569.0 1453.0 1569.0 1453.0 1578.0 1446.0 1578.0 small-vehicle 1
1588.0 1186.0 1592.0 1186.0 1592.0 1194.0 1588.0 1194.0 small-vehicle 1
1593.0 1187.0 1596.0 1187.0 1596.0 1195.0 1593.0 1195.0 small-vehicle 1
1597.0 1188.0 1602.0 1188.0 1602.0 1196.0 1597.0 1196.0 small-vehicle 1
1346.0 1206.0 1350.0 1206.0 1350.0 1214.0 1346.0 1214.0 small-vehicle 1
1327.0 1244.0 1332.0 1244.0 1332.0 1254.0 1327.0 1254.0 small-vehicle 1
1325.0 1255.0 1330.0 1255.0 1330.0 1263.0 1325.0 1263.0 small-vehicle 1
1322.0 1265.0 1327.0 1265.0 1327.0 1275.0 1322.0 1275.0 small-vehicle 1
1364.0 1277.0 1368.0 1277.0 1368.0 1288.0 1364.0 1288.0 small-vehicle 1
1366.0 1210.0 1370.0 1210.0 1370.0 1218.0 1366.0 1218.0 small-vehicle 1
1361.0 1209.0 1364.0 1209.0 1364.0 1216.0 1361.0 1216.0 small-vehicle 1
1356.0 1208.0 1361.0 1208.0 1361.0 1216.0 1356.0 1216.0 small-vehicle 1
1352.0 1207.0 1356.0 1207.0 1356.0 1216.0 1352.0 1216.0 small-vehicle 1
1342.0 1204.0 1346.0 1204.0 1346.0 1212.0 1342.0 1212.0 small-vehicle 1
1321.0 1225.0 1325.0 1225.0 1325.0 1234.0 1321.0 1234.0 small-vehicle 1
1379.0 1180.0 1383.0 1180.0 1383.0 1188.0 1379.0 1188.0 small-vehicle 1
1361.0 1187.0 1365.0 1187.0 1365.0 1195.0 1361.0 1195.0 small-vehicle 1
1303.0 1241.0 1307.0 1241.0 1307.0 1248.0 1303.0 1248.0 small-vehicle 1
1283.0 1235.0 1287.0 1235.0 1287.0 1242.0 1283.0 1242.0 small-vehicle 1
1275.0 1258.0 1278.0 1258.0 1278.0 1266.0 1275.0 1266.0 small-vehicle 1
1284.0 1260.0 1290.0 1260.0 1290.0 1269.0 1284.0 1269.0 small-vehicle 1
1289.0 1261.0 1294.0 1261.0 1294.0 1269.0 1289.0 1269.0 small-vehicle 1
1246.0 1249.0 1251.0 1249.0 1251.0 1257.0 1246.0 1257.0 small-vehicle 1
1325.0 1227.0 1330.0 1227.0 1330.0 1236.0 1325.0 1236.0 small-vehicle 1
1316.0 1224.0 1320.0 1224.0 1320.0 1233.0 1316.0 1233.0 small-vehicle 1
1602.0 1190.0 1605.0 1190.0 1605.0 1198.0 1602.0 1198.0 small-vehicle 1
1285.0 1183.0 1289.0 1183.0 1289.0 1190.0 1285.0 1190.0 small-vehicle 1
1186.0 1252.0 1196.0 1252.0 1196.0 1260.0 1186.0 1260.0 small-vehicle 1
1186.0 1259.0 1193.0 1259.0 1193.0 1265.0 1186.0 1265.0 small-vehicle 1
1185.0 1267.0 1192.0 1267.0 1192.0 1273.0 1185.0 1273.0 small-vehicle 1
1182.0 1274.0 1189.0 1274.0 1189.0 1280.0 1182.0 1280.0 small-vehicle 1
1181.0 1281.0 1189.0 1281.0 1189.0 1288.0 1181.0 1288.0 small-vehicle 1
1177.0 1289.0 1186.0 1289.0 1186.0 1297.0 1177.0 1297.0 small-vehicle 1
1190.0 1158.0 1193.0 1158.0 1193.0 1167.0 1190.0 1167.0 small-vehicle 1
1294.0 1184.0 1298.0 1184.0 1298.0 1193.0 1294.0 1193.0 small-vehicle 1
1243.0 1172.0 1248.0 1172.0 1248.0 1181.0 1243.0 1181.0 small-vehicle 1
1292.0 1220.0 1296.0 1220.0 1296.0 1227.0 1292.0 1227.0 small-vehicle 1
1233.0 1203.0 1238.0 1203.0 1238.0 1211.0 1233.0 1211.0 small-vehicle 1
1239.0 1205.0 1242.0 1205.0 1242.0 1213.0 1239.0 1213.0 small-vehicle 1
1243.0 1205.0 1246.0 1205.0 1246.0 1214.0 1243.0 1214.0 small-vehicle 1
1247.0 1208.0 1251.0 1208.0 1251.0 1215.0 1247.0 1215.0 small-vehicle 1
1252.0 1207.0 1256.0 1207.0 1256.0 1216.0 1252.0 1216.0 small-vehicle 1
1257.0 1209.0 1261.0 1209.0 1261.0 1217.0 1257.0 1217.0 small-vehicle 1
1261.0 1209.0 1266.0 1209.0 1266.0 1219.0 1261.0 1219.0 small-vehicle 1
1287.0 1218.0 1290.0 1218.0 1290.0 1227.0 1287.0 1227.0 small-vehicle 1
1255.0 1250.0 1261.0 1250.0 1261.0 1259.0 1255.0 1259.0 small-vehicle 1
1363.0 1226.0 1367.0 1226.0 1367.0 1235.0 1363.0 1235.0 small-vehicle 1
1342.0 1215.0 1350.0 1215.0 1350.0 1220.0 1342.0 1220.0 small-vehicle 1
1553.0 1157.0 1555.0 1157.0 1555.0 1164.0 1553.0 1164.0 small-vehicle 1
1531.0 1166.0 1539.0 1166.0 1539.0 1170.0 1531.0 1170.0 small-vehicle 1
1529.0 1185.0 1538.0 1185.0 1538.0 1188.0 1529.0 1188.0 small-vehicle 1
1524.0 1199.0 1533.0 1199.0 1533.0 1203.0 1524.0 1203.0 small-vehicle 1
1525.0 1204.0 1532.0 1204.0 1532.0 1208.0 1525.0 1208.0 small-vehicle 1
1520.0 1223.0 1529.0 1223.0 1529.0 1227.0 1520.0 1227.0 small-vehicle 1
1513.0 1199.0 1518.0 1199.0 1518.0 1209.0 1513.0 1209.0 small-vehicle 1
1473.0 1209.0 1479.0 1209.0 1479.0 1219.0 1473.0 1219.0 small-vehicle 1
1548.0 1157.0 1551.0 1157.0 1551.0 1164.0 1548.0 1164.0 small-vehicle 1
1581.0 1161.0 1585.0 1161.0 1585.0 1169.0 1581.0 1169.0 small-vehicle 1
1331.0 1213.0 1340.0 1213.0 1340.0 1217.0 1331.0 1217.0 small-vehicle 1
1577.0 1159.0 1580.0 1159.0 1580.0 1166.0 1577.0 1166.0 small-vehicle 1
1572.0 1159.0 1576.0 1159.0 1576.0 1166.0 1572.0 1166.0 small-vehicle 1
1562.0 1157.0 1567.0 1157.0 1567.0 1166.0 1562.0 1166.0 small-vehicle 1
1557.0 1157.0 1560.0 1157.0 1560.0 1165.0 1557.0 1165.0 small-vehicle 1
1609.0 1164.0 1614.0 1164.0 1614.0 1173.0 1609.0 1173.0 small-vehicle 1
1604.0 1164.0 1608.0 1164.0 1608.0 1173.0 1604.0 1173.0 small-vehicle 1
1591.0 1162.0 1596.0 1162.0 1596.0 1171.0 1591.0 1171.0 small-vehicle 1
1598.0 1164.0 1603.0 1164.0 1603.0 1173.0 1598.0 1173.0 small-vehicle 1
1527.0 1228.0 1533.0 1228.0 1533.0 1238.0 1527.0 1238.0 small-vehicle 1
1533.0 1225.0 1538.0 1225.0 1538.0 1234.0 1533.0 1234.0 small-vehicle 1
1538.0 1225.0 1543.0 1225.0 1543.0 1234.0 1538.0 1234.0 small-vehicle 1
1543.0 1223.0 1549.0 1223.0 1549.0 1233.0 1543.0 1233.0 small-vehicle 1
1332.0 1202.0 1336.0 1202.0 1336.0 1210.0 1332.0 1210.0 small-vehicle 1
1639.0 1152.0 1647.0 1152.0 1647.0 1157.0 1639.0 1157.0 small-vehicle 1
1638.0 1157.0 1646.0 1157.0 1646.0 1162.0 1638.0 1162.0 small-vehicle 1
1637.0 1161.0 1646.0 1161.0 1646.0 1167.0 1637.0 1167.0 small-vehicle 1
1636.0 1171.0 1645.0 1171.0 1645.0 1177.0 1636.0 1177.0 small-vehicle 1
1639.0 1220.0 1645.0 1220.0 1645.0 1229.0 1639.0 1229.0 small-vehicle 1
1636.0 1219.0 1641.0 1219.0 1641.0 1226.0 1636.0 1226.0 small-vehicle 1
1631.0 1218.0 1637.0 1218.0 1637.0 1227.0 1631.0 1227.0 small-vehicle 1
1629.0 1234.0 1637.0 1234.0 1637.0 1238.0 1629.0 1238.0 small-vehicle 1
1624.0 1208.0 1633.0 1208.0 1633.0 1213.0 1624.0 1213.0 small-vehicle 1
1616.0 1206.0 1624.0 1206.0 1624.0 1210.0 1616.0 1210.0 small-vehicle 1
1606.0 1217.0 1611.0 1217.0 1611.0 1227.0 1606.0 1227.0 small-vehicle 1
1600.0 1216.0 1606.0 1216.0 1606.0 1228.0 1600.0 1228.0 small-vehicle 1
1595.0 1217.0 1601.0 1217.0 1601.0 1226.0 1595.0 1226.0 small-vehicle 1
1591.0 1218.0 1595.0 1218.0 1595.0 1227.0 1591.0 1227.0 small-vehicle 1
1586.0 1218.0 1591.0 1218.0 1591.0 1227.0 1586.0 1227.0 small-vehicle 1
1548.0 1222.0 1553.0 1222.0 1553.0 1232.0 1548.0 1232.0 small-vehicle 1
813.0 674.0 821.0 674.0 821.0 687.0 813.0 687.0 small-vehicle 1
869.0 654.0 876.0 654.0 876.0 665.0 869.0 665.0 small-vehicle 1
906.0 582.0 913.0 582.0 913.0 591.0 906.0 591.0 small-vehicle 1
163.0 1327.0 166.0 1327.0 166.0 1337.0 163.0 1337.0 small-vehicle 1
161.0 1320.0 170.0 1320.0 170.0 1324.0 161.0 1324.0 small-vehicle 1
143.0 1320.0 153.0 1320.0 153.0 1325.0 143.0 1325.0 small-vehicle 1
124.0 1320.0 134.0 1320.0 134.0 1325.0 124.0 1325.0 small-vehicle 1
175.0 1321.0 189.0 1321.0 189.0 1326.0 175.0 1326.0 small-vehicle 1
189.0 1326.0 194.0 1326.0 194.0 1337.0 189.0 1337.0 small-vehicle 1
183.0 1327.0 188.0 1327.0 188.0 1336.0 183.0 1336.0 small-vehicle 1
178.0 1327.0 183.0 1327.0 183.0 1335.0 178.0 1335.0 small-vehicle 1
173.0 1328.0 176.0 1328.0 176.0 1336.0 173.0 1336.0 small-vehicle 1
157.0 1328.0 162.0 1328.0 162.0 1337.0 157.0 1337.0 small-vehicle 1
68.0 1331.0 78.0 1331.0 78.0 1341.0 68.0 1341.0 small-vehicle 1
151.0 1327.0 157.0 1327.0 157.0 1338.0 151.0 1338.0 small-vehicle 1
146.0 1327.0 151.0 1327.0 151.0 1336.0 146.0 1336.0 small-vehicle 1
142.0 1327.0 145.0 1327.0 145.0 1336.0 142.0 1336.0 small-vehicle 1
136.0 1328.0 140.0 1328.0 140.0 1337.0 136.0 1337.0 small-vehicle 1
114.0 1330.0 119.0 1330.0 119.0 1340.0 114.0 1340.0 small-vehicle 1
123.0 1330.0 127.0 1330.0 127.0 1338.0 123.0 1338.0 small-vehicle 1
129.0 1329.0 134.0 1329.0 134.0 1339.0 129.0 1339.0 small-vehicle 1
101.0 1339.0 108.0 1339.0 108.0 1351.0 101.0 1351.0 small-vehicle 1
55.0 1333.0 66.0 1333.0 66.0 1342.0 55.0 1342.0 small-vehicle 1
72.0 1328.0 82.0 1328.0 82.0 1339.0 72.0 1339.0 small-vehicle 1
91.0 1354.0 97.0 1354.0 97.0 1363.0 91.0 1363.0 small-vehicle 1
178.0 1261.0 185.0 1261.0 185.0 1273.0 178.0 1273.0 small-vehicle 1
375.0 1307.0 383.0 1307.0 383.0 1317.0 375.0 1317.0 small-vehicle 1
377.0 1311.0 387.0 1311.0 387.0 1320.0 377.0 1320.0 small-vehicle 1
412.0 1294.0 421.0 1294.0 421.0 1304.0 412.0 1304.0 small-vehicle 1
494.0 1258.0 504.0 1258.0 504.0 1265.0 494.0 1265.0 small-vehicle 1
322.0 1379.0 331.0 1379.0 331.0 1387.0 322.0 1387.0 small-vehicle 1
313.0 1372.0 322.0 1372.0 322.0 1380.0 313.0 1380.0 small-vehicle 1
318.0 1407.0 322.0 1407.0 322.0 1417.0 318.0 1417.0 small-vehicle 1
323.0 1408.0 326.0 1408.0 326.0 1417.0 323.0 1417.0 small-vehicle 1
124.0 1244.0 134.0 1244.0 134.0 1253.0 124.0 1253.0 small-vehicle 1
78.0 1321.0 89.0 1321.0 89.0 1326.0 78.0 1326.0 small-vehicle 1
121.0 1250.0 130.0 1250.0 130.0 1259.0 121.0 1259.0 small-vehicle 1
117.0 1255.0 125.0 1255.0 125.0 1264.0 117.0 1264.0 small-vehicle 1
108.0 1265.0 117.0 1265.0 117.0 1276.0 108.0 1276.0 small-vehicle 1
150.0 1237.0 159.0 1237.0 159.0 1248.0 150.0 1248.0 small-vehicle 1
193.0 1284.0 202.0 1284.0 202.0 1288.0 193.0 1288.0 small-vehicle 1
205.0 1283.0 214.0 1283.0 214.0 1288.0 205.0 1288.0 small-vehicle 1
166.0 1259.0 178.0 1259.0 178.0 1264.0 166.0 1264.0 small-vehicle 1
168.0 1284.0 178.0 1284.0 178.0 1289.0 168.0 1289.0 small-vehicle 1
98.0 1344.0 103.0 1344.0 103.0 1352.0 98.0 1352.0 small-vehicle 1
86.0 1357.0 93.0 1357.0 93.0 1368.0 86.0 1368.0 small-vehicle 1
127.0 1394.0 131.0 1394.0 131.0 1402.0 127.0 1402.0 small-vehicle 1
155.0 1359.0 158.0 1359.0 158.0 1368.0 155.0 1368.0 small-vehicle 1
173.0 1354.0 177.0 1354.0 177.0 1363.0 173.0 1363.0 small-vehicle 1
168.0 1358.0 173.0 1358.0 173.0 1368.0 168.0 1368.0 small-vehicle 1
164.0 1363.0 168.0 1363.0 168.0 1371.0 164.0 1371.0 small-vehicle 1
160.0 1366.0 164.0 1366.0 164.0 1375.0 160.0 1375.0 small-vehicle 1
155.0 1370.0 159.0 1370.0 159.0 1379.0 155.0 1379.0 small-vehicle 1
167.0 1349.0 172.0 1349.0 172.0 1357.0 167.0 1357.0 small-vehicle 1
162.0 1352.0 166.0 1352.0 166.0 1361.0 162.0 1361.0 small-vehicle 1
158.0 1355.0 162.0 1355.0 162.0 1363.0 158.0 1363.0 small-vehicle 1
149.0 1362.0 153.0 1362.0 153.0 1370.0 149.0 1370.0 small-vehicle 1
139.0 1406.0 148.0 1406.0 148.0 1415.0 139.0 1415.0 small-vehicle 1
144.0 1366.0 149.0 1366.0 149.0 1374.0 144.0 1374.0 small-vehicle 1
146.0 1378.0 149.0 1378.0 149.0 1386.0 146.0 1386.0 small-vehicle 1
142.0 1382.0 145.0 1382.0 145.0 1390.0 142.0 1390.0 small-vehicle 1
140.0 1370.0 144.0 1370.0 144.0 1379.0 140.0 1379.0 small-vehicle 1
135.0 1375.0 139.0 1375.0 139.0 1383.0 135.0 1383.0 small-vehicle 1
136.0 1384.0 141.0 1384.0 141.0 1392.0 136.0 1392.0 small-vehicle 1
131.0 1377.0 135.0 1377.0 135.0 1386.0 131.0 1386.0 small-vehicle 1
132.0 1387.0 138.0 1387.0 138.0 1397.0 132.0 1397.0 small-vehicle 1
178.0 1349.0 183.0 1349.0 183.0 1359.0 178.0 1359.0 small-vehicle 1
156.0 1392.0 165.0 1392.0 165.0 1400.0 156.0 1400.0 small-vehicle 1
82.0 1360.0 88.0 1360.0 88.0 1370.0 82.0 1370.0 small-vehicle 1
32.0 1410.0 35.0 1410.0 35.0 1417.0 32.0 1417.0 small-vehicle 1
78.0 1365.0 85.0 1365.0 85.0 1374.0 78.0 1374.0 small-vehicle 1
74.0 1368.0 80.0 1368.0 80.0 1377.0 74.0 1377.0 small-vehicle 1
64.0 1373.0 69.0 1373.0 69.0 1384.0 64.0 1384.0 small-vehicle 1
58.0 1376.0 62.0 1376.0 62.0 1386.0 58.0 1386.0 small-vehicle 1
42.0 1399.0 46.0 1399.0 46.0 1410.0 42.0 1410.0 small-vehicle 1
16.0 1410.0 21.0 1410.0 21.0 1420.0 16.0 1420.0 small-vehicle 1
12.0 1416.0 16.0 1416.0 16.0 1425.0 12.0 1425.0 small-vehicle 1
7.0 1418.0 11.0 1418.0 11.0 1428.0 7.0 1428.0 small-vehicle 1
22.0 1408.0 26.0 1408.0 26.0 1416.0 22.0 1416.0 small-vehicle 1
168.0 1380.0 177.0 1380.0 177.0 1388.0 168.0 1388.0 small-vehicle 1
27.0 1415.0 31.0 1415.0 31.0 1424.0 27.0 1424.0 small-vehicle 1
22.0 1420.0 26.0 1420.0 26.0 1428.0 22.0 1428.0 small-vehicle 1
17.0 1422.0 21.0 1422.0 21.0 1430.0 17.0 1430.0 small-vehicle 1
11.0 1425.0 16.0 1425.0 16.0 1435.0 11.0 1435.0 small-vehicle 1
6.0 1429.0 11.0 1429.0 11.0 1439.0 6.0 1439.0 small-vehicle 1
199.0 1354.0 209.0 1354.0 209.0 1363.0 199.0 1363.0 small-vehicle 1
190.0 1362.0 200.0 1362.0 200.0 1369.0 190.0 1369.0 small-vehicle 1
174.0 1377.0 183.0 1377.0 183.0 1384.0 174.0 1384.0 small-vehicle 1
370.0 1304.0 378.0 1304.0 378.0 1314.0 370.0 1314.0 small-vehicle 1
421.0 1323.0 432.0 1323.0 432.0 1333.0 421.0 1333.0 small-vehicle 1
438.0 1307.0 448.0 1307.0 448.0 1311.0 438.0 1311.0 small-vehicle 1
350.0 1183.0 355.0 1183.0 355.0 1196.0 350.0 1196.0 small-vehicle 1
326.0 1155.0 336.0 1155.0 336.0 1163.0 326.0 1163.0 small-vehicle 1
324.0 1161.0 334.0 1161.0 334.0 1169.0 324.0 1169.0 small-vehicle 1
325.0 1167.0 335.0 1167.0 335.0 1175.0 325.0 1175.0 small-vehicle 1
325.0 1177.0 335.0 1177.0 335.0 1185.0 325.0 1185.0 small-vehicle 1
324.0 1184.0 334.0 1184.0 334.0 1192.0 324.0 1192.0 small-vehicle 1
326.0 1189.0 336.0 1189.0 336.0 1196.0 326.0 1196.0 small-vehicle 1
325.0 1194.0 336.0 1194.0 336.0 1204.0 325.0 1204.0 small-vehicle 1
325.0 1201.0 337.0 1201.0 337.0 1210.0 325.0 1210.0 small-vehicle 1
350.0 1166.0 355.0 1166.0 355.0 1178.0 350.0 1178.0 small-vehicle 1
327.0 1143.0 337.0 1143.0 337.0 1151.0 327.0 1151.0 small-vehicle 1
517.0 1244.0 522.0 1244.0 522.0 1254.0 517.0 1254.0 small-vehicle 1
610.0 1139.0 619.0 1139.0 619.0 1151.0 610.0 1151.0 small-vehicle 1
600.0 1190.0 605.0 1190.0 605.0 1200.0 600.0 1200.0 small-vehicle 1
592.0 1224.0 603.0 1224.0 603.0 1238.0 592.0 1238.0 small-vehicle 1
565.0 1253.0 577.0 1253.0 577.0 1267.0 565.0 1267.0 small-vehicle 1
512.0 1309.0 524.0 1309.0 524.0 1322.0 512.0 1322.0 small-vehicle 1
379.0 1140.0 387.0 1140.0 387.0 1151.0 379.0 1151.0 small-vehicle 1
383.0 1143.0 392.0 1143.0 392.0 1153.0 383.0 1153.0 small-vehicle 1
327.0 1149.0 336.0 1149.0 336.0 1156.0 327.0 1156.0 small-vehicle 1
327.0 1138.0 337.0 1138.0 337.0 1145.0 327.0 1145.0 small-vehicle 1
445.0 1296.0 454.0 1296.0 454.0 1305.0 445.0 1305.0 small-vehicle 1
305.0 1156.0 314.0 1156.0 314.0 1165.0 305.0 1165.0 small-vehicle 1
298.0 1189.0 305.0 1189.0 305.0 1196.0 298.0 1196.0 small-vehicle 1
298.0 1197.0 308.0 1197.0 308.0 1206.0 298.0 1206.0 small-vehicle 1
304.0 1195.0 314.0 1195.0 314.0 1203.0 304.0 1203.0 small-vehicle 1
306.0 1189.0 316.0 1189.0 316.0 1198.0 306.0 1198.0 small-vehicle 1
306.0 1183.0 313.0 1183.0 313.0 1190.0 306.0 1190.0 small-vehicle 1
306.0 1177.0 314.0 1177.0 314.0 1186.0 306.0 1186.0 small-vehicle 1
305.0 1170.0 313.0 1170.0 313.0 1178.0 305.0 1178.0 small-vehicle 1
304.0 1162.0 315.0 1162.0 315.0 1172.0 304.0 1172.0 small-vehicle 1
305.0 1150.0 315.0 1150.0 315.0 1160.0 305.0 1160.0 small-vehicle 1
326.0 1131.0 337.0 1131.0 337.0 1140.0 326.0 1140.0 small-vehicle 1
304.0 1144.0 315.0 1144.0 315.0 1153.0 304.0 1153.0 small-vehicle 1
304.0 1137.0 314.0 1137.0 314.0 1146.0 304.0 1146.0 small-vehicle 1
305.0 1133.0 316.0 1133.0 316.0 1141.0 305.0 1141.0 small-vehicle 1
306.0 1128.0 315.0 1128.0 315.0 1136.0 306.0 1136.0 small-vehicle 1
306.0 1122.0 315.0 1122.0 315.0 1130.0 306.0 1130.0 small-vehicle 1
306.0 1116.0 317.0 1116.0 317.0 1124.0 306.0 1124.0 small-vehicle 1
329.0 1120.0 338.0 1120.0 338.0 1127.0 329.0 1127.0 small-vehicle 1
327.0 1125.0 337.0 1125.0 337.0 1132.0 327.0 1132.0 small-vehicle 1
390.0 1147.0 399.0 1147.0 399.0 1157.0 390.0 1157.0 small-vehicle 1
394.0 1152.0 403.0 1152.0 403.0 1161.0 394.0 1161.0 small-vehicle 1
407.0 1159.0 415.0 1159.0 415.0 1169.0 407.0 1169.0 small-vehicle 1
387.0 1237.0 396.0 1237.0 396.0 1246.0 387.0 1246.0 small-vehicle 1
371.0 1179.0 379.0 1179.0 379.0 1188.0 371.0 1188.0 small-vehicle 1
376.0 1181.0 384.0 1181.0 384.0 1190.0 376.0 1190.0 small-vehicle 1
361.0 1198.0 367.0 1198.0 367.0 1207.0 361.0 1207.0 small-vehicle 1
368.0 1202.0 375.0 1202.0 375.0 1211.0 368.0 1211.0 small-vehicle 1
372.0 1205.0 378.0 1205.0 378.0 1213.0 372.0 1213.0 small-vehicle 1
377.0 1210.0 381.0 1210.0 381.0 1218.0 377.0 1218.0 small-vehicle 1
365.0 1213.0 374.0 1213.0 374.0 1222.0 365.0 1222.0 small-vehicle 1
375.0 1234.0 383.0 1234.0 383.0 1242.0 375.0 1242.0 small-vehicle 1
392.0 1233.0 398.0 1233.0 398.0 1242.0 392.0 1242.0 small-vehicle 1
412.0 1164.0 421.0 1164.0 421.0 1172.0 412.0 1172.0 small-vehicle 1
407.0 1247.0 417.0 1247.0 417.0 1254.0 407.0 1254.0 small-vehicle 1
416.0 1252.0 425.0 1252.0 425.0 1263.0 416.0 1263.0 small-vehicle 1
368.0 1253.0 378.0 1253.0 378.0 1263.0 368.0 1263.0 small-vehicle 1
379.0 1268.0 388.0 1268.0 388.0 1279.0 379.0 1279.0 small-vehicle 1
588.0 1288.0 597.0 1288.0 597.0 1299.0 588.0 1299.0 small-vehicle 1
590.0 1321.0 598.0 1321.0 598.0 1331.0 590.0 1331.0 small-vehicle 1
454.0 1287.0 463.0 1287.0 463.0 1297.0 454.0 1297.0 small-vehicle 1
450.0 1292.0 459.0 1292.0 459.0 1300.0 450.0 1300.0 small-vehicle 1
367.0 1175.0 376.0 1175.0 376.0 1185.0 367.0 1185.0 small-vehicle 1
440.0 1194.0 450.0 1194.0 450.0 1204.0 440.0 1204.0 small-vehicle 1
434.0 1201.0 445.0 1201.0 445.0 1212.0 434.0 1212.0 small-vehicle 1
445.0 1208.0 455.0 1208.0 455.0 1218.0 445.0 1218.0 small-vehicle 1
416.0 1167.0 425.0 1167.0 425.0 1177.0 416.0 1177.0 small-vehicle 1
363.0 1162.0 371.0 1162.0 371.0 1171.0 363.0 1171.0 small-vehicle 1
370.0 1163.0 377.0 1163.0 377.0 1171.0 370.0 1171.0 small-vehicle 1
374.0 1166.0 381.0 1166.0 381.0 1175.0 374.0 1175.0 small-vehicle 1
381.0 1170.0 388.0 1170.0 388.0 1180.0 381.0 1180.0 small-vehicle 1
389.0 1177.0 398.0 1177.0 398.0 1189.0 389.0 1189.0 small-vehicle 1
415.0 1185.0 423.0 1185.0 423.0 1194.0 415.0 1194.0 small-vehicle 1
412.0 1190.0 421.0 1190.0 421.0 1198.0 412.0 1198.0 small-vehicle 1
407.0 1194.0 417.0 1194.0 417.0 1203.0 407.0 1203.0 small-vehicle 1
404.0 1199.0 412.0 1199.0 412.0 1206.0 404.0 1206.0 small-vehicle 1
412.0 1204.0 421.0 1204.0 421.0 1213.0 412.0 1213.0 small-vehicle 1
401.0 1203.0 408.0 1203.0 408.0 1210.0 401.0 1210.0 small-vehicle 1
395.0 1207.0 405.0 1207.0 405.0 1216.0 395.0 1216.0 small-vehicle 1
394.0 1211.0 403.0 1211.0 403.0 1221.0 394.0 1221.0 small-vehicle 1
388.0 1218.0 399.0 1218.0 399.0 1228.0 388.0 1228.0 small-vehicle 1
383.0 1223.0 393.0 1223.0 393.0 1233.0 383.0 1233.0 small-vehicle 1
450.0 1200.0 460.0 1200.0 460.0 1208.0 450.0 1208.0 small-vehicle 1
124.0 1382.0 130.0 1382.0 130.0 1393.0 124.0 1393.0 small-vehicle 1
121.0 1388.0 125.0 1388.0 125.0 1397.0 121.0 1397.0 small-vehicle 1
910.0 615.0 917.0 615.0 917.0 625.0 910.0 625.0 small-vehicle 1
512.0 1388.0 520.0 1388.0 520.0 1396.0 512.0 1396.0 small-vehicle 1
382.0 1444.0 392.0 1444.0 392.0 1453.0 382.0 1453.0 small-vehicle 1
390.0 1427.0 399.0 1427.0 399.0 1436.0 390.0 1436.0 small-vehicle 1
401.0 1399.0 410.0 1399.0 410.0 1408.0 401.0 1408.0 small-vehicle 1
322.0 1527.0 333.0 1527.0 333.0 1537.0 322.0 1537.0 small-vehicle 1
418.0 1453.0 428.0 1453.0 428.0 1462.0 418.0 1462.0 small-vehicle 1
287.0 1469.0 295.0 1469.0 295.0 1476.0 287.0 1476.0 small-vehicle 1
362.0 1505.0 370.0 1505.0 370.0 1514.0 362.0 1514.0 small-vehicle 1
534.0 1386.0 542.0 1386.0 542.0 1394.0 534.0 1394.0 small-vehicle 1
494.0 1396.0 502.0 1396.0 502.0 1404.0 494.0 1404.0 small-vehicle 1
374.0 1491.0 383.0 1491.0 383.0 1499.0 374.0 1499.0 small-vehicle 1
460.0 1359.0 468.0 1359.0 468.0 1367.0 460.0 1367.0 small-vehicle 1
434.0 1371.0 444.0 1371.0 444.0 1381.0 434.0 1381.0 small-vehicle 1
476.0 1351.0 485.0 1351.0 485.0 1360.0 476.0 1360.0 small-vehicle 1
492.0 1414.0 501.0 1414.0 501.0 1423.0 492.0 1423.0 small-vehicle 1
546.0 1337.0 557.0 1337.0 557.0 1348.0 546.0 1348.0 small-vehicle 1
512.0 1294.0 521.0 1294.0 521.0 1303.0 512.0 1303.0 small-vehicle 1
512.0 1376.0 521.0 1376.0 521.0 1386.0 512.0 1386.0 small-vehicle 1
399.0 1272.0 408.0 1272.0 408.0 1282.0 399.0 1282.0 small-vehicle 1
355.0 1452.0 364.0 1452.0 364.0 1461.0 355.0 1461.0 small-vehicle 1
338.0 1439.0 348.0 1439.0 348.0 1447.0 338.0 1447.0 small-vehicle 1
543.0 537.0 550.0 537.0 550.0 547.0 543.0 547.0 small-vehicle 1
32.0 1431.0 41.0 1431.0 41.0 1436.0 32.0 1436.0 small-vehicle 1
60.0 1404.0 68.0 1404.0 68.0 1410.0 60.0 1410.0 small-vehicle 1
55.0 1408.0 63.0 1408.0 63.0 1414.0 55.0 1414.0 small-vehicle 1
51.0 1414.0 59.0 1414.0 59.0 1419.0 51.0 1419.0 small-vehicle 1
61.0 1415.0 69.0 1415.0 69.0 1421.0 61.0 1421.0 small-vehicle 1
64.0 1412.0 73.0 1412.0 73.0 1418.0 64.0 1418.0 small-vehicle 1
47.0 1430.0 55.0 1430.0 55.0 1436.0 47.0 1436.0 small-vehicle 1
42.0 1434.0 50.0 1434.0 50.0 1440.0 42.0 1440.0 small-vehicle 1
34.0 1437.0 43.0 1437.0 43.0 1443.0 34.0 1443.0 small-vehicle 1
26.0 1435.0 35.0 1435.0 35.0 1441.0 26.0 1441.0 small-vehicle 1
443.0 1462.0 453.0 1462.0 453.0 1471.0 443.0 1471.0 small-vehicle 1
85.0 1586.0 93.0 1586.0 93.0 1593.0 85.0 1593.0 small-vehicle 1
151.0 1551.0 162.0 1551.0 162.0 1560.0 151.0 1560.0 small-vehicle 1
214.0 1505.0 223.0 1505.0 223.0 1513.0 214.0 1513.0 small-vehicle 1
259.0 1504.0 272.0 1504.0 272.0 1515.0 259.0 1515.0 small-vehicle 1
303.0 1481.0 313.0 1481.0 313.0 1490.0 303.0 1490.0 small-vehicle 1
309.0 1456.0 319.0 1456.0 319.0 1465.0 309.0 1465.0 small-vehicle 1
344.0 1502.0 354.0 1502.0 354.0 1509.0 344.0 1509.0 small-vehicle 1
384.0 1500.0 393.0 1500.0 393.0 1508.0 384.0 1508.0 small-vehicle 1
475.0 578.0 482.0 578.0 482.0 587.0 475.0 587.0 small-vehicle 1
444.0 506.0 451.0 506.0 451.0 514.0 444.0 514.0 small-vehicle 1
123.0 1398.0 127.0 1398.0 127.0 1408.0 123.0 1408.0 small-vehicle 1
935.0 511.0 942.0 511.0 942.0 522.0 935.0 522.0 small-vehicle 1
1080.0 251.0 1089.0 251.0 1089.0 260.0 1080.0 260.0 small-vehicle 1
1007.0 292.0 1012.0 292.0 1012.0 301.0 1007.0 301.0 small-vehicle 1
1009.0 315.0 1014.0 315.0 1014.0 325.0 1009.0 325.0 small-vehicle 1
1006.0 360.0 1010.0 360.0 1010.0 369.0 1006.0 369.0 small-vehicle 1
936.0 426.0 946.0 426.0 946.0 434.0 936.0 434.0 small-vehicle 1
961.0 445.0 968.0 445.0 968.0 455.0 961.0 455.0 small-vehicle 1
1067.0 533.0 1078.0 533.0 1078.0 546.0 1067.0 546.0 small-vehicle 1
942.0 513.0 950.0 513.0 950.0 523.0 942.0 523.0 small-vehicle 1
933.0 552.0 940.0 552.0 940.0 563.0 933.0 563.0 small-vehicle 1
1018.0 257.0 1023.0 257.0 1023.0 267.0 1018.0 267.0 small-vehicle 1
643.0 459.0 651.0 459.0 651.0 465.0 643.0 465.0 small-vehicle 1
718.0 522.0 728.0 522.0 728.0 529.0 718.0 529.0 small-vehicle 1
716.0 532.0 725.0 532.0 725.0 538.0 716.0 538.0 small-vehicle 1
699.0 589.0 708.0 589.0 708.0 595.0 699.0 595.0 small-vehicle 1
867.0 526.0 874.0 526.0 874.0 537.0 867.0 537.0 small-vehicle 1
861.0 601.0 867.0 601.0 867.0 610.0 861.0 610.0 small-vehicle 1
840.0 601.0 847.0 601.0 847.0 612.0 840.0 612.0 small-vehicle 1
918.0 570.0 925.0 570.0 925.0 580.0 918.0 580.0 small-vehicle 1
1051.0 242.0 1058.0 242.0 1058.0 252.0 1051.0 252.0 small-vehicle 1
1028.0 238.0 1032.0 238.0 1032.0 249.0 1028.0 249.0 small-vehicle 1
488.0 484.0 496.0 484.0 496.0 493.0 488.0 493.0 small-vehicle 1
734.0 1228.0 743.0 1228.0 743.0 1236.0 734.0 1236.0 small-vehicle 1
604.0 1566.0 611.0 1566.0 611.0 1574.0 604.0 1574.0 small-vehicle 1
733.0 1337.0 740.0 1337.0 740.0 1348.0 733.0 1348.0 small-vehicle 1
744.0 1313.0 750.0 1313.0 750.0 1323.0 744.0 1323.0 small-vehicle 1
578.0 1323.0 586.0 1323.0 586.0 1332.0 578.0 1332.0 small-vehicle 1
637.0 1233.0 646.0 1233.0 646.0 1244.0 637.0 1244.0 small-vehicle 1
627.0 1232.0 637.0 1232.0 637.0 1244.0 627.0 1244.0 small-vehicle 1
657.0 1215.0 666.0 1215.0 666.0 1226.0 657.0 1226.0 small-vehicle 1
657.0 1197.0 666.0 1197.0 666.0 1208.0 657.0 1208.0 small-vehicle 1
746.0 1231.0 753.0 1231.0 753.0 1237.0 746.0 1237.0 small-vehicle 1
1029.0 178.0 1033.0 178.0 1033.0 186.0 1029.0 186.0 small-vehicle 1
742.0 1237.0 750.0 1237.0 750.0 1243.0 742.0 1243.0 small-vehicle 1
730.0 1235.0 738.0 1235.0 738.0 1241.0 730.0 1241.0 small-vehicle 1
723.0 1227.0 731.0 1227.0 731.0 1232.0 723.0 1232.0 small-vehicle 1
990.0 36.0 996.0 36.0 996.0 46.0 990.0 46.0 small-vehicle 1
1010.0 74.0 1016.0 74.0 1016.0 84.0 1010.0 84.0 small-vehicle 1
1065.0 70.0 1072.0 70.0 1072.0 80.0 1065.0 80.0 small-vehicle 1
1004.0 111.0 1009.0 111.0 1009.0 120.0 1004.0 120.0 small-vehicle 1
1017.0 134.0 1022.0 134.0 1022.0 143.0 1017.0 143.0 small-vehicle 1
65.0 1401.0 74.0 1401.0 74.0 1406.0 65.0 1406.0 small-vehicle 1
72.0 1398.0 79.0 1398.0 79.0 1402.0 72.0 1402.0 small-vehicle 1
80.0 1388.0 88.0 1388.0 88.0 1393.0 80.0 1393.0 small-vehicle 1
72.0 1473.0 82.0 1473.0 82.0 1479.0 72.0 1479.0 small-vehicle 1
52.0 1461.0 58.0 1461.0 58.0 1470.0 52.0 1470.0 small-vehicle 1
2.0 1459.0 7.0 1459.0 7.0 1468.0 2.0 1468.0 small-vehicle 1
7.0 1462.0 11.0 1462.0 11.0 1472.0 7.0 1472.0 small-vehicle 1
10.0 1468.0 15.0 1468.0 15.0 1477.0 10.0 1477.0 small-vehicle 1
19.0 1477.0 24.0 1477.0 24.0 1486.0 19.0 1486.0 small-vehicle 1
16.0 1472.0 20.0 1472.0 20.0 1481.0 16.0 1481.0 small-vehicle 1
23.0 1483.0 27.0 1483.0 27.0 1491.0 23.0 1491.0 small-vehicle 1
65.0 1477.0 74.0 1477.0 74.0 1483.0 65.0 1483.0 small-vehicle 1
73.0 1468.0 83.0 1468.0 83.0 1475.0 73.0 1475.0 small-vehicle 1
47.0 1454.0 51.0 1454.0 51.0 1461.0 47.0 1461.0 small-vehicle 1
80.0 1465.0 87.0 1465.0 87.0 1469.0 80.0 1469.0 small-vehicle 1
86.0 1460.0 95.0 1460.0 95.0 1466.0 86.0 1466.0 small-vehicle 1
164.0 1470.0 169.0 1470.0 169.0 1480.0 164.0 1480.0 small-vehicle 1
170.0 1452.0 175.0 1452.0 175.0 1462.0 170.0 1462.0 small-vehicle 1
161.0 1446.0 166.0 1446.0 166.0 1455.0 161.0 1455.0 small-vehicle 1
158.0 1441.0 163.0 1441.0 163.0 1450.0 158.0 1450.0 small-vehicle 1
149.0 1435.0 154.0 1435.0 154.0 1445.0 149.0 1445.0 small-vehicle 1
139.0 1425.0 146.0 1425.0 146.0 1436.0 139.0 1436.0 small-vehicle 1
42.0 1457.0 48.0 1457.0 48.0 1466.0 42.0 1466.0 small-vehicle 1
52.0 1451.0 57.0 1451.0 57.0 1459.0 52.0 1459.0 small-vehicle 1
89.0 1390.0 99.0 1390.0 99.0 1397.0 89.0 1397.0 small-vehicle 1
99.0 1419.0 105.0 1419.0 105.0 1429.0 99.0 1429.0 small-vehicle 1
117.0 1401.0 123.0 1401.0 123.0 1412.0 117.0 1412.0 small-vehicle 1
116.0 1390.0 121.0 1390.0 121.0 1401.0 116.0 1401.0 small-vehicle 1
107.0 1399.0 111.0 1399.0 111.0 1407.0 107.0 1407.0 small-vehicle 1
111.0 1395.0 116.0 1395.0 116.0 1402.0 111.0 1402.0 small-vehicle 1
113.0 1406.0 118.0 1406.0 118.0 1416.0 113.0 1416.0 small-vehicle 1
109.0 1409.0 113.0 1409.0 113.0 1417.0 109.0 1417.0 small-vehicle 1
102.0 1404.0 107.0 1404.0 107.0 1412.0 102.0 1412.0 small-vehicle 1
99.0 1409.0 102.0 1409.0 102.0 1418.0 99.0 1418.0 small-vehicle 1
93.0 1412.0 97.0 1412.0 97.0 1421.0 93.0 1421.0 small-vehicle 1
57.0 1447.0 61.0 1447.0 61.0 1455.0 57.0 1455.0 small-vehicle 1
95.0 1423.0 100.0 1423.0 100.0 1433.0 95.0 1433.0 small-vehicle 1
89.0 1419.0 94.0 1419.0 94.0 1427.0 89.0 1427.0 small-vehicle 1
89.0 1429.0 94.0 1429.0 94.0 1436.0 89.0 1436.0 small-vehicle 1
85.0 1432.0 90.0 1432.0 90.0 1442.0 85.0 1442.0 small-vehicle 1
76.0 1441.0 82.0 1441.0 82.0 1451.0 76.0 1451.0 small-vehicle 1
69.0 1442.0 76.0 1442.0 76.0 1452.0 69.0 1452.0 small-vehicle 1
67.0 1449.0 72.0 1449.0 72.0 1458.0 67.0 1458.0 small-vehicle 1
62.0 1452.0 67.0 1452.0 67.0 1461.0 62.0 1461.0 small-vehicle 1
124.0 1444.0 132.0 1444.0 132.0 1454.0 124.0 1454.0 small-vehicle 1
128.0 1446.0 138.0 1446.0 138.0 1457.0 128.0 1457.0 small-vehicle 1
133.0 1448.0 143.0 1448.0 143.0 1460.0 133.0 1460.0 small-vehicle 1
18.0 1444.0 26.0 1444.0 26.0 1450.0 18.0 1450.0 small-vehicle 1
102.0 1373.0 110.0 1373.0 110.0 1378.0 102.0 1378.0 small-vehicle 1
88.0 1386.0 95.0 1386.0 95.0 1390.0 88.0 1390.0 small-vehicle 1
56.0 1422.0 66.0 1422.0 66.0 1427.0 56.0 1427.0 small-vehicle 1
46.0 1419.0 56.0 1419.0 56.0 1424.0 46.0 1424.0 small-vehicle 1
41.0 1423.0 50.0 1423.0 50.0 1429.0 41.0 1429.0 small-vehicle 1
36.0 1428.0 47.0 1428.0 47.0 1433.0 36.0 1433.0 small-vehicle 1
31.0 1442.0 41.0 1442.0 41.0 1449.0 31.0 1449.0 small-vehicle 1
20.0 1438.0 29.0 1438.0 29.0 1446.0 20.0 1446.0 small-vehicle 1
20.0 1450.0 29.0 1450.0 29.0 1455.0 20.0 1455.0 small-vehicle 1
137.0 1454.0 147.0 1454.0 147.0 1466.0 137.0 1466.0 small-vehicle 1
119.0 1354.0 127.0 1354.0 127.0 1359.0 119.0 1359.0 small-vehicle 1
124.0 1350.0 132.0 1350.0 132.0 1356.0 124.0 1356.0 small-vehicle 1
116.0 1358.0 124.0 1358.0 124.0 1364.0 116.0 1364.0 small-vehicle 1
111.0 1362.0 120.0 1362.0 120.0 1368.0 111.0 1368.0 small-vehicle 1
106.0 1367.0 115.0 1367.0 115.0 1373.0 106.0 1373.0 small-vehicle 1
95.0 1375.0 104.0 1375.0 104.0 1381.0 95.0 1381.0 small-vehicle 1
100.0 1382.0 108.0 1382.0 108.0 1389.0 100.0 1389.0 small-vehicle 1
96.0 1388.0 104.0 1388.0 104.0 1393.0 96.0 1393.0 small-vehicle 1
90.0 1381.0 100.0 1381.0 100.0 1387.0 90.0 1387.0 small-vehicle 1
69.0 1408.0 79.0 1408.0 79.0 1413.0 69.0 1413.0 small-vehicle 1
75.0 1404.0 84.0 1404.0 84.0 1410.0 75.0 1410.0 small-vehicle 1
80.0 1400.0 91.0 1400.0 91.0 1406.0 80.0 1406.0 small-vehicle 1
149.0 1462.0 158.0 1462.0 158.0 1473.0 149.0 1473.0 small-vehicle 1
153.0 1466.0 163.0 1466.0 163.0 1477.0 153.0 1477.0 small-vehicle 1
131.0 1473.0 142.0 1473.0 142.0 1483.0 131.0 1483.0 small-vehicle 1
128.0 1466.0 136.0 1466.0 136.0 1476.0 128.0 1476.0 small-vehicle 1
121.0 1462.0 131.0 1462.0 131.0 1474.0 121.0 1474.0 small-vehicle 1
114.0 1458.0 124.0 1458.0 124.0 1470.0 114.0 1470.0 small-vehicle 1
120.0 1440.0 129.0 1440.0 129.0 1450.0 120.0 1450.0 small-vehicle 1
107.0 1443.0 115.0 1443.0 115.0 1449.0 107.0 1449.0 small-vehicle 1
90.0 1455.0 100.0 1455.0 100.0 1462.0 90.0 1462.0 small-vehicle 1
95.0 1450.0 104.0 1450.0 104.0 1456.0 95.0 1456.0 small-vehicle 1
99.0 1445.0 109.0 1445.0 109.0 1453.0 99.0 1453.0 small-vehicle 1
112.0 1432.0 123.0 1432.0 123.0 1440.0 112.0 1440.0 small-vehicle 1
108.0 1438.0 119.0 1438.0 119.0 1444.0 108.0 1444.0 small-vehicle 1
128.0 1357.0 137.0 1357.0 137.0 1362.0 128.0 1362.0 small-vehicle 1
114.0 1370.0 124.0 1370.0 124.0 1376.0 114.0 1376.0 small-vehicle 1
121.0 1365.0 129.0 1365.0 129.0 1372.0 121.0 1372.0 small-vehicle 1
104.0 1380.0 113.0 1380.0 113.0 1384.0 104.0 1384.0 small-vehicle 1
573.0 1150.0 695.0 1150.0 695.0 1240.0 573.0 1240.0 bridge 0
