imagesource:GoogleEarth
gsd:0.563715894737
1325.0 607.0 1332.0 607.0 1332.0 611.0 1325.0 611.0 small-vehicle 1
543.0 810.0 560.0 810.0 560.0 830.0 543.0 830.0 large-vehicle 1
548.0 780.0 563.0 780.0 563.0 800.0 548.0 800.0 large-vehicle 1
544.0 784.0 557.0 784.0 557.0 804.0 544.0 804.0 large-vehicle 1
532.0 789.0 545.0 789.0 545.0 811.0 532.0 811.0 large-vehicle 1
526.0 793.0 541.0 793.0 541.0 815.0 526.0 815.0 large-vehicle 1
515.0 800.0 530.0 800.0 530.0 820.0 515.0 820.0 large-vehicle 1
491.0 812.0 508.0 812.0 508.0 833.0 491.0 833.0 large-vehicle 1
487.0 815.0 503.0 815.0 503.0 837.0 487.0 837.0 large-vehicle 1
482.0 819.0 496.0 819.0 496.0 838.0 482.0 838.0 large-vehicle 1
476.0 822.0 489.0 822.0 489.0 841.0 476.0 841.0 large-vehicle 1
470.0 824.0 485.0 824.0 485.0 843.0 470.0 843.0 large-vehicle 1
452.0 833.0 468.0 833.0 468.0 853.0 452.0 853.0 large-vehicle 1
471.0 849.0 483.0 849.0 483.0 863.0 471.0 863.0 large-vehicle 1
465.0 853.0 478.0 853.0 478.0 866.0 465.0 866.0 large-vehicle 1
506.0 879.0 522.0 879.0 522.0 900.0 506.0 900.0 large-vehicle 1
512.0 877.0 528.0 877.0 528.0 897.0 512.0 897.0 large-vehicle 1
554.0 803.0 571.0 803.0 571.0 823.0 554.0 823.0 large-vehicle 1
527.0 819.0 543.0 819.0 543.0 838.0 527.0 838.0 large-vehicle 1
523.0 870.0 539.0 870.0 539.0 891.0 523.0 891.0 large-vehicle 1
521.0 823.0 536.0 823.0 536.0 842.0 521.0 842.0 large-vehicle 1
583.0 1018.0 591.0 1018.0 591.0 1021.0 583.0 1021.0 small-vehicle 1
543.0 1011.0 563.0 1011.0 563.0 1017.0 543.0 1017.0 large-vehicle 1
516.0 744.0 533.0 744.0 533.0 766.0 516.0 766.0 large-vehicle 1
512.0 748.0 527.0 748.0 527.0 769.0 512.0 769.0 large-vehicle 1
506.0 752.0 522.0 752.0 522.0 772.0 506.0 772.0 large-vehicle 1
503.0 755.0 516.0 755.0 516.0 775.0 503.0 775.0 large-vehicle 1
491.0 760.0 505.0 760.0 505.0 781.0 491.0 781.0 large-vehicle 1
458.0 780.0 473.0 780.0 473.0 800.0 458.0 800.0 large-vehicle 1
442.0 789.0 458.0 789.0 458.0 810.0 442.0 810.0 large-vehicle 1
476.0 845.0 492.0 845.0 492.0 866.0 476.0 866.0 large-vehicle 1
481.0 843.0 497.0 843.0 497.0 862.0 481.0 862.0 large-vehicle 1
487.0 839.0 503.0 839.0 503.0 859.0 487.0 859.0 large-vehicle 1
504.0 831.0 520.0 831.0 520.0 851.0 504.0 851.0 large-vehicle 1
510.0 828.0 525.0 828.0 525.0 848.0 510.0 848.0 large-vehicle 1
516.0 825.0 532.0 825.0 532.0 846.0 516.0 846.0 large-vehicle 1
517.0 873.0 533.0 873.0 533.0 894.0 517.0 894.0 large-vehicle 1
530.0 868.0 546.0 868.0 546.0 888.0 530.0 888.0 large-vehicle 1
276.0 1143.0 284.0 1143.0 284.0 1152.0 276.0 1152.0 small-vehicle 1
590.0 740.0 609.0 740.0 609.0 751.0 590.0 751.0 large-vehicle 1
586.0 710.0 607.0 710.0 607.0 723.0 586.0 723.0 large-vehicle 1
537.0 730.0 557.0 730.0 557.0 746.0 537.0 746.0 large-vehicle 1
534.0 725.0 554.0 725.0 554.0 740.0 534.0 740.0 large-vehicle 1
529.0 716.0 543.0 716.0 543.0 726.0 529.0 726.0 large-vehicle 1
527.0 739.0 543.0 739.0 543.0 759.0 527.0 759.0 large-vehicle 1
522.0 727.0 531.0 727.0 531.0 738.0 522.0 738.0 small-vehicle 1
512.0 732.0 520.0 732.0 520.0 743.0 512.0 743.0 small-vehicle 1
509.0 735.0 517.0 735.0 517.0 745.0 509.0 745.0 small-vehicle 1
503.0 738.0 512.0 738.0 512.0 749.0 503.0 749.0 small-vehicle 1
499.0 740.0 507.0 740.0 507.0 750.0 499.0 750.0 small-vehicle 1
494.0 743.0 503.0 743.0 503.0 753.0 494.0 753.0 small-vehicle 1
490.0 746.0 498.0 746.0 498.0 757.0 490.0 757.0 small-vehicle 1
486.0 749.0 494.0 749.0 494.0 759.0 486.0 759.0 small-vehicle 1
574.0 676.0 582.0 676.0 582.0 680.0 574.0 680.0 small-vehicle 1
575.0 681.0 583.0 681.0 583.0 687.0 575.0 687.0 small-vehicle 1
587.0 717.0 608.0 717.0 608.0 730.0 587.0 730.0 large-vehicle 1
591.0 747.0 611.0 747.0 611.0 759.0 591.0 759.0 large-vehicle 1
535.0 866.0 551.0 866.0 551.0 885.0 535.0 885.0 large-vehicle 1
592.0 760.0 613.0 760.0 613.0 772.0 592.0 772.0 large-vehicle 1
542.0 862.0 557.0 862.0 557.0 882.0 542.0 882.0 large-vehicle 1
547.0 860.0 562.0 860.0 562.0 878.0 547.0 878.0 large-vehicle 1
552.0 855.0 568.0 855.0 568.0 875.0 552.0 875.0 large-vehicle 1
563.0 849.0 579.0 849.0 579.0 868.0 563.0 868.0 large-vehicle 1
570.0 846.0 585.0 846.0 585.0 866.0 570.0 866.0 large-vehicle 1
575.0 842.0 590.0 842.0 590.0 864.0 575.0 864.0 large-vehicle 1
587.0 834.0 602.0 834.0 602.0 855.0 587.0 855.0 large-vehicle 1
598.0 818.0 617.0 818.0 617.0 830.0 598.0 830.0 large-vehicle 1
595.0 810.0 618.0 810.0 618.0 825.0 595.0 825.0 large-vehicle 1
594.0 804.0 616.0 804.0 616.0 817.0 594.0 817.0 large-vehicle 1
595.0 797.0 617.0 797.0 617.0 811.0 595.0 811.0 large-vehicle 1
595.0 791.0 616.0 791.0 616.0 803.0 595.0 803.0 large-vehicle 1
596.0 785.0 609.0 785.0 609.0 795.0 596.0 795.0 large-vehicle 1
598.0 778.0 614.0 778.0 614.0 788.0 598.0 788.0 large-vehicle 1
596.0 772.0 614.0 772.0 614.0 783.0 596.0 783.0 large-vehicle 1
619.0 1034.0 629.0 1034.0 629.0 1042.0 619.0 1042.0 small-vehicle 1
138.0 1211.0 147.0 1211.0 147.0 1218.0 138.0 1218.0 small-vehicle 1
1419.0 560.0 1426.0 560.0 1426.0 564.0 1419.0 564.0 small-vehicle 1
63.0 1317.0 71.0 1317.0 71.0 1322.0 63.0 1322.0 small-vehicle 1
110.0 1289.0 118.0 1289.0 118.0 1296.0 110.0 1296.0 small-vehicle 1
127.0 1280.0 135.0 1280.0 135.0 1287.0 127.0 1287.0 small-vehicle 1
136.0 1275.0 144.0 1275.0 144.0 1281.0 136.0 1281.0 small-vehicle 1
145.0 1271.0 153.0 1271.0 153.0 1277.0 145.0 1277.0 small-vehicle 1
152.0 1265.0 160.0 1265.0 160.0 1272.0 152.0 1272.0 small-vehicle 1
161.0 1261.0 168.0 1261.0 168.0 1268.0 161.0 1268.0 small-vehicle 1
169.0 1256.0 176.0 1256.0 176.0 1262.0 169.0 1262.0 small-vehicle 1
185.0 1247.0 194.0 1247.0 194.0 1253.0 185.0 1253.0 small-vehicle 1
197.0 1240.0 205.0 1240.0 205.0 1246.0 197.0 1246.0 small-vehicle 1
206.0 1235.0 213.0 1235.0 213.0 1241.0 206.0 1241.0 small-vehicle 1
215.0 1229.0 222.0 1229.0 222.0 1236.0 215.0 1236.0 small-vehicle 1
51.0 1335.0 59.0 1335.0 59.0 1341.0 51.0 1341.0 small-vehicle 1
76.0 1320.0 84.0 1320.0 84.0 1327.0 76.0 1327.0 small-vehicle 1
85.0 1315.0 93.0 1315.0 93.0 1321.0 85.0 1321.0 small-vehicle 1
76.0 1332.0 85.0 1332.0 85.0 1336.0 76.0 1336.0 small-vehicle 1
72.0 1311.0 78.0 1311.0 78.0 1318.0 72.0 1318.0 small-vehicle 1
54.0 1322.0 61.0 1322.0 61.0 1328.0 54.0 1328.0 small-vehicle 1
166.0 1269.0 175.0 1269.0 175.0 1276.0 166.0 1276.0 small-vehicle 1
46.0 1326.0 54.0 1326.0 54.0 1332.0 46.0 1332.0 small-vehicle 1
384.0 1244.0 387.0 1244.0 387.0 1252.0 384.0 1252.0 small-vehicle 1
383.0 1291.0 391.0 1291.0 391.0 1294.0 383.0 1294.0 small-vehicle 1
383.0 1286.0 392.0 1286.0 392.0 1289.0 383.0 1289.0 small-vehicle 1
384.0 1281.0 393.0 1281.0 393.0 1285.0 384.0 1285.0 small-vehicle 1
385.0 1278.0 394.0 1278.0 394.0 1281.0 385.0 1281.0 small-vehicle 1
386.0 1270.0 395.0 1270.0 395.0 1274.0 386.0 1274.0 small-vehicle 1
387.0 1265.0 396.0 1265.0 396.0 1269.0 387.0 1269.0 small-vehicle 1
388.0 1261.0 396.0 1261.0 396.0 1264.0 388.0 1264.0 small-vehicle 1
388.0 1256.0 395.0 1256.0 395.0 1260.0 388.0 1260.0 small-vehicle 1
390.0 1248.0 398.0 1248.0 398.0 1251.0 390.0 1251.0 small-vehicle 1
391.0 1244.0 398.0 1244.0 398.0 1247.0 391.0 1247.0 small-vehicle 1
365.0 1213.0 368.0 1213.0 368.0 1220.0 365.0 1220.0 small-vehicle 1
373.0 1212.0 376.0 1212.0 376.0 1222.0 373.0 1222.0 small-vehicle 1
93.0 1258.0 102.0 1258.0 102.0 1266.0 93.0 1266.0 small-vehicle 1
41.0 1288.0 49.0 1288.0 49.0 1296.0 41.0 1296.0 small-vehicle 1
158.0 1275.0 165.0 1275.0 165.0 1282.0 158.0 1282.0 small-vehicle 1
176.0 1265.0 182.0 1265.0 182.0 1271.0 176.0 1271.0 small-vehicle 1
504.0 1009.0 512.0 1009.0 512.0 1013.0 504.0 1013.0 small-vehicle 1
327.0 1166.0 334.0 1166.0 334.0 1171.0 327.0 1171.0 small-vehicle 1
347.0 1155.0 354.0 1155.0 354.0 1160.0 347.0 1160.0 small-vehicle 1
354.0 1150.0 362.0 1150.0 362.0 1155.0 354.0 1155.0 small-vehicle 1
513.0 1077.0 522.0 1077.0 522.0 1084.0 513.0 1084.0 small-vehicle 1
412.0 1120.0 420.0 1120.0 420.0 1127.0 412.0 1127.0 small-vehicle 1
444.0 1103.0 451.0 1103.0 451.0 1110.0 444.0 1110.0 small-vehicle 1
490.0 1076.0 496.0 1076.0 496.0 1082.0 490.0 1082.0 small-vehicle 1
462.0 1093.0 469.0 1093.0 469.0 1099.0 462.0 1099.0 small-vehicle 1
525.0 1073.0 532.0 1073.0 532.0 1078.0 525.0 1078.0 small-vehicle 1
535.0 1065.0 541.0 1065.0 541.0 1071.0 535.0 1071.0 small-vehicle 1
545.0 1059.0 552.0 1059.0 552.0 1065.0 545.0 1065.0 small-vehicle 1
554.0 1054.0 561.0 1054.0 561.0 1060.0 554.0 1060.0 small-vehicle 1
572.0 1040.0 579.0 1040.0 579.0 1047.0 572.0 1047.0 small-vehicle 1
424.0 1082.0 432.0 1082.0 432.0 1088.0 424.0 1088.0 small-vehicle 1
489.0 1057.0 498.0 1057.0 498.0 1063.0 489.0 1063.0 small-vehicle 1
534.0 1017.0 541.0 1017.0 541.0 1020.0 534.0 1020.0 small-vehicle 1
338.0 1159.0 345.0 1159.0 345.0 1166.0 338.0 1166.0 small-vehicle 1
333.0 1174.0 340.0 1174.0 340.0 1181.0 333.0 1181.0 small-vehicle 1
184.0 1259.0 192.0 1259.0 192.0 1267.0 184.0 1267.0 small-vehicle 1
373.0 1140.0 381.0 1140.0 381.0 1146.0 373.0 1146.0 small-vehicle 1
193.0 1255.0 200.0 1255.0 200.0 1261.0 193.0 1261.0 small-vehicle 1
200.0 1250.0 208.0 1250.0 208.0 1257.0 200.0 1257.0 small-vehicle 1
221.0 1239.0 229.0 1239.0 229.0 1246.0 221.0 1246.0 small-vehicle 1
229.0 1234.0 237.0 1234.0 237.0 1240.0 229.0 1240.0 small-vehicle 1
237.0 1231.0 243.0 1231.0 243.0 1236.0 237.0 1236.0 small-vehicle 1
246.0 1224.0 253.0 1224.0 253.0 1231.0 246.0 1231.0 small-vehicle 1
254.0 1220.0 261.0 1220.0 261.0 1226.0 254.0 1226.0 small-vehicle 1
267.0 1213.0 274.0 1213.0 274.0 1219.0 267.0 1219.0 small-vehicle 1
274.0 1209.0 282.0 1209.0 282.0 1214.0 274.0 1214.0 small-vehicle 1
281.0 1203.0 290.0 1203.0 290.0 1211.0 281.0 1211.0 small-vehicle 1
298.0 1193.0 306.0 1193.0 306.0 1200.0 298.0 1200.0 small-vehicle 1
319.0 1170.0 326.0 1170.0 326.0 1177.0 319.0 1177.0 small-vehicle 1
308.0 1189.0 314.0 1189.0 314.0 1195.0 308.0 1195.0 small-vehicle 1
316.0 1184.0 323.0 1184.0 323.0 1191.0 316.0 1191.0 small-vehicle 1
325.0 1180.0 332.0 1180.0 332.0 1186.0 325.0 1186.0 small-vehicle 1
553.0 690.0 559.0 690.0 559.0 699.0 553.0 699.0 small-vehicle 1
549.0 692.0 554.0 692.0 554.0 701.0 549.0 701.0 small-vehicle 1
546.0 693.0 550.0 693.0 550.0 702.0 546.0 702.0 small-vehicle 1
445.0 357.0 455.0 357.0 455.0 366.0 445.0 366.0 small-vehicle 1
513.0 310.0 524.0 310.0 524.0 320.0 513.0 320.0 small-vehicle 1
506.0 331.0 517.0 331.0 517.0 340.0 506.0 340.0 small-vehicle 1
426.0 300.0 435.0 300.0 435.0 308.0 426.0 308.0 small-vehicle 1
357.0 253.0 367.0 253.0 367.0 263.0 357.0 263.0 small-vehicle 1
319.0 291.0 327.0 291.0 327.0 299.0 319.0 299.0 small-vehicle 1
322.0 301.0 334.0 301.0 334.0 310.0 322.0 310.0 small-vehicle 1
275.0 278.0 286.0 278.0 286.0 288.0 275.0 288.0 small-vehicle 1
249.0 257.0 261.0 257.0 261.0 267.0 249.0 267.0 small-vehicle 1
303.0 252.0 314.0 252.0 314.0 261.0 303.0 261.0 small-vehicle 1
297.0 240.0 307.0 240.0 307.0 249.0 297.0 249.0 small-vehicle 1
291.0 214.0 301.0 214.0 301.0 222.0 291.0 222.0 small-vehicle 1
279.0 217.0 288.0 217.0 288.0 224.0 279.0 224.0 small-vehicle 1
248.0 218.0 258.0 218.0 258.0 225.0 248.0 225.0 small-vehicle 1
608.0 176.0 615.0 176.0 615.0 197.0 608.0 197.0 large-vehicle 1
611.0 246.0 615.0 246.0 615.0 254.0 611.0 254.0 small-vehicle 1
388.0 324.0 399.0 324.0 399.0 334.0 388.0 334.0 small-vehicle 1
457.0 353.0 467.0 353.0 467.0 361.0 457.0 361.0 small-vehicle 1
642.0 188.0 645.0 188.0 645.0 196.0 642.0 196.0 small-vehicle 1
516.0 386.0 526.0 386.0 526.0 393.0 516.0 393.0 small-vehicle 1
201.0 608.0 210.0 608.0 210.0 613.0 201.0 613.0 small-vehicle 1
224.0 609.0 231.0 609.0 231.0 613.0 224.0 613.0 small-vehicle 1
248.0 610.0 256.0 610.0 256.0 615.0 248.0 615.0 small-vehicle 1
279.0 609.0 286.0 609.0 286.0 614.0 279.0 614.0 small-vehicle 1
595.0 576.0 603.0 576.0 603.0 588.0 595.0 588.0 small-vehicle 1
587.0 393.0 592.0 393.0 592.0 404.0 587.0 404.0 small-vehicle 1
576.0 391.0 582.0 391.0 582.0 400.0 576.0 400.0 small-vehicle 1
569.0 390.0 574.0 390.0 574.0 397.0 569.0 397.0 small-vehicle 1
570.0 380.0 574.0 380.0 574.0 387.0 570.0 387.0 small-vehicle 1
614.0 418.0 623.0 418.0 623.0 426.0 614.0 426.0 small-vehicle 1
599.0 421.0 609.0 421.0 609.0 429.0 599.0 429.0 small-vehicle 1
577.0 403.0 587.0 403.0 587.0 410.0 577.0 410.0 small-vehicle 1
124.0 405.0 130.0 405.0 130.0 430.0 124.0 430.0 large-vehicle 1
473.0 327.0 493.0 327.0 493.0 340.0 473.0 340.0 large-vehicle 1
523.0 380.0 532.0 380.0 532.0 389.0 523.0 389.0 small-vehicle 1
612.0 235.0 617.0 235.0 617.0 244.0 612.0 244.0 small-vehicle 1
638.0 157.0 642.0 157.0 642.0 165.0 638.0 165.0 small-vehicle 1
541.0 695.0 546.0 695.0 546.0 703.0 541.0 703.0 small-vehicle 1
214.0 181.0 226.0 181.0 226.0 192.0 214.0 192.0 small-vehicle 1
177.0 158.0 188.0 158.0 188.0 167.0 177.0 167.0 small-vehicle 1
173.0 163.0 184.0 163.0 184.0 171.0 173.0 171.0 small-vehicle 1
150.0 177.0 161.0 177.0 161.0 185.0 150.0 185.0 small-vehicle 1
98.0 188.0 106.0 188.0 106.0 194.0 98.0 194.0 small-vehicle 1
83.0 187.0 94.0 187.0 94.0 195.0 83.0 195.0 small-vehicle 1
45.0 130.0 55.0 130.0 55.0 137.0 45.0 137.0 small-vehicle 1
95.0 122.0 104.0 122.0 104.0 128.0 95.0 128.0 small-vehicle 1
20.0 94.0 30.0 94.0 30.0 102.0 20.0 102.0 small-vehicle 1
138.0 33.0 145.0 33.0 145.0 37.0 138.0 37.0 small-vehicle 1
138.0 40.0 146.0 40.0 146.0 45.0 138.0 45.0 small-vehicle 1
122.0 43.0 129.0 43.0 129.0 46.0 122.0 46.0 small-vehicle 1
123.0 31.0 130.0 31.0 130.0 35.0 123.0 35.0 small-vehicle 1
122.0 22.0 130.0 22.0 130.0 26.0 122.0 26.0 small-vehicle 1
560.0 1097.0 602.0 1097.0 602.0 1150.0 560.0 1150.0 basketball-court 0
533.0 1108.0 575.0 1108.0 575.0 1161.0 533.0 1161.0 basketball-court 0
197.0 143.0 210.0 143.0 210.0 153.0 197.0 153.0 small-vehicle 1
228.0 183.0 240.0 183.0 240.0 193.0 228.0 193.0 small-vehicle 1
634.0 165.0 638.0 165.0 638.0 173.0 634.0 173.0 small-vehicle 1
388.0 87.0 395.0 87.0 395.0 93.0 388.0 93.0 small-vehicle 1
645.0 168.0 650.0 168.0 650.0 176.0 645.0 176.0 small-vehicle 1
644.0 139.0 647.0 139.0 647.0 147.0 644.0 147.0 small-vehicle 1
590.0 240.0 596.0 240.0 596.0 248.0 590.0 248.0 small-vehicle 1
594.0 229.0 600.0 229.0 600.0 238.0 594.0 238.0 small-vehicle 1
597.0 220.0 602.0 220.0 602.0 227.0 597.0 227.0 small-vehicle 1
599.0 208.0 604.0 208.0 604.0 217.0 599.0 217.0 small-vehicle 1
616.0 170.0 621.0 170.0 621.0 178.0 616.0 178.0 small-vehicle 1
611.0 164.0 615.0 164.0 615.0 173.0 611.0 173.0 small-vehicle 1
493.0 48.0 500.0 48.0 500.0 51.0 493.0 51.0 small-vehicle 1
491.0 45.0 499.0 45.0 499.0 47.0 491.0 47.0 small-vehicle 1
449.0 201.0 458.0 201.0 458.0 207.0 449.0 207.0 small-vehicle 1
389.0 62.0 396.0 62.0 396.0 69.0 389.0 69.0 small-vehicle 1
389.0 72.0 395.0 72.0 395.0 78.0 389.0 78.0 small-vehicle 1
388.0 77.0 396.0 77.0 396.0 84.0 388.0 84.0 small-vehicle 1
388.0 83.0 395.0 83.0 395.0 88.0 388.0 88.0 small-vehicle 1
192.0 607.0 200.0 607.0 200.0 611.0 192.0 611.0 small-vehicle 1
163.0 607.0 171.0 607.0 171.0 611.0 163.0 611.0 small-vehicle 1
140.0 606.0 147.0 606.0 147.0 611.0 140.0 611.0 small-vehicle 1
411.0 737.0 418.0 737.0 418.0 745.0 411.0 745.0 small-vehicle 1
420.0 734.0 426.0 734.0 426.0 743.0 420.0 743.0 small-vehicle 1
421.0 724.0 427.0 724.0 427.0 734.0 421.0 734.0 small-vehicle 1
425.0 723.0 431.0 723.0 431.0 731.0 425.0 731.0 small-vehicle 1
429.0 721.0 434.0 721.0 434.0 729.0 429.0 729.0 small-vehicle 1
433.0 721.0 438.0 721.0 438.0 729.0 433.0 729.0 small-vehicle 1
416.0 725.0 422.0 725.0 422.0 733.0 416.0 733.0 small-vehicle 1
412.0 726.0 417.0 726.0 417.0 735.0 412.0 735.0 small-vehicle 1
408.0 727.0 414.0 727.0 414.0 737.0 408.0 737.0 small-vehicle 1
400.0 730.0 406.0 730.0 406.0 738.0 400.0 738.0 small-vehicle 1
396.0 732.0 402.0 732.0 402.0 740.0 396.0 740.0 small-vehicle 1
557.0 660.0 562.0 660.0 562.0 668.0 557.0 668.0 small-vehicle 1
548.0 662.0 554.0 662.0 554.0 671.0 548.0 671.0 small-vehicle 1
541.0 664.0 547.0 664.0 547.0 673.0 541.0 673.0 small-vehicle 1
536.0 665.0 542.0 665.0 542.0 675.0 536.0 675.0 small-vehicle 1
528.0 667.0 534.0 667.0 534.0 677.0 528.0 677.0 small-vehicle 1
416.0 736.0 422.0 736.0 422.0 745.0 416.0 745.0 small-vehicle 1
408.0 738.0 414.0 738.0 414.0 747.0 408.0 747.0 small-vehicle 1
125.0 626.0 129.0 626.0 129.0 636.0 125.0 636.0 small-vehicle 1
403.0 738.0 408.0 738.0 408.0 748.0 403.0 748.0 small-vehicle 1
538.0 695.0 543.0 695.0 543.0 705.0 538.0 705.0 small-vehicle 1
533.0 697.0 539.0 697.0 539.0 706.0 533.0 706.0 small-vehicle 1
549.0 683.0 557.0 683.0 557.0 691.0 549.0 691.0 small-vehicle 1
547.0 683.0 552.0 683.0 552.0 692.0 547.0 692.0 small-vehicle 1
542.0 685.0 547.0 685.0 547.0 692.0 542.0 692.0 small-vehicle 1
539.0 686.0 544.0 686.0 544.0 695.0 539.0 695.0 small-vehicle 1
534.0 687.0 539.0 687.0 539.0 695.0 534.0 695.0 small-vehicle 1
529.0 688.0 536.0 688.0 536.0 697.0 529.0 697.0 small-vehicle 1
417.0 764.0 421.0 764.0 421.0 772.0 417.0 772.0 small-vehicle 1
518.0 693.0 523.0 693.0 523.0 701.0 518.0 701.0 small-vehicle 1
509.0 706.0 514.0 706.0 514.0 714.0 509.0 714.0 small-vehicle 1
484.0 713.0 491.0 713.0 491.0 722.0 484.0 722.0 small-vehicle 1
481.0 716.0 487.0 716.0 487.0 725.0 481.0 725.0 small-vehicle 1
449.0 715.0 454.0 715.0 454.0 724.0 449.0 724.0 small-vehicle 1
399.0 741.0 404.0 741.0 404.0 749.0 399.0 749.0 small-vehicle 1
524.0 669.0 529.0 669.0 529.0 677.0 524.0 677.0 small-vehicle 1
516.0 672.0 522.0 672.0 522.0 681.0 516.0 681.0 small-vehicle 1
512.0 673.0 517.0 673.0 517.0 682.0 512.0 682.0 small-vehicle 1
507.0 674.0 513.0 674.0 513.0 684.0 507.0 684.0 small-vehicle 1
468.0 689.0 474.0 689.0 474.0 698.0 468.0 698.0 small-vehicle 1
461.0 691.0 465.0 691.0 465.0 700.0 461.0 700.0 small-vehicle 1
443.0 695.0 449.0 695.0 449.0 705.0 443.0 705.0 small-vehicle 1
423.0 703.0 429.0 703.0 429.0 713.0 423.0 713.0 small-vehicle 1
416.0 704.0 421.0 704.0 421.0 715.0 416.0 715.0 small-vehicle 1
411.0 706.0 416.0 706.0 416.0 715.0 411.0 715.0 small-vehicle 1
407.0 707.0 413.0 707.0 413.0 716.0 407.0 716.0 small-vehicle 1
403.0 708.0 408.0 708.0 408.0 718.0 403.0 718.0 small-vehicle 1
393.0 710.0 400.0 710.0 400.0 720.0 393.0 720.0 small-vehicle 1
379.0 717.0 385.0 717.0 385.0 726.0 379.0 726.0 small-vehicle 1
204.0 754.0 212.0 754.0 212.0 760.0 204.0 760.0 small-vehicle 1
191.0 747.0 200.0 747.0 200.0 753.0 191.0 753.0 small-vehicle 1
122.0 695.0 126.0 695.0 126.0 703.0 122.0 703.0 small-vehicle 1
122.0 669.0 127.0 669.0 127.0 679.0 122.0 679.0 small-vehicle 1
123.0 648.0 127.0 648.0 127.0 658.0 123.0 658.0 small-vehicle 1
373.0 732.0 380.0 732.0 380.0 740.0 373.0 740.0 small-vehicle 1
375.0 736.0 383.0 736.0 383.0 744.0 375.0 744.0 small-vehicle 1
378.0 740.0 386.0 740.0 386.0 747.0 378.0 747.0 small-vehicle 1
414.0 792.0 422.0 792.0 422.0 800.0 414.0 800.0 small-vehicle 1
499.0 677.0 506.0 677.0 506.0 687.0 499.0 687.0 small-vehicle 1
480.0 683.0 486.0 683.0 486.0 692.0 480.0 692.0 small-vehicle 1
425.0 809.0 434.0 809.0 434.0 817.0 425.0 817.0 small-vehicle 1
422.0 804.0 429.0 804.0 429.0 810.0 422.0 810.0 small-vehicle 1
418.0 800.0 426.0 800.0 426.0 808.0 418.0 808.0 small-vehicle 1
416.0 796.0 424.0 796.0 424.0 804.0 416.0 804.0 small-vehicle 1
412.0 789.0 419.0 789.0 419.0 796.0 412.0 796.0 small-vehicle 1
383.0 747.0 390.0 747.0 390.0 754.0 383.0 754.0 small-vehicle 1
407.0 781.0 414.0 781.0 414.0 790.0 407.0 790.0 small-vehicle 1
399.0 773.0 406.0 773.0 406.0 780.0 399.0 780.0 small-vehicle 1
398.0 769.0 405.0 769.0 405.0 776.0 398.0 776.0 small-vehicle 1
395.0 765.0 403.0 765.0 403.0 771.0 395.0 771.0 small-vehicle 1
393.0 760.0 400.0 760.0 400.0 768.0 393.0 768.0 small-vehicle 1
385.0 750.0 392.0 750.0 392.0 757.0 385.0 757.0 small-vehicle 1
374.0 1245.0 381.0 1245.0 381.0 1249.0 374.0 1249.0 small-vehicle 1
372.0 1257.0 379.0 1257.0 379.0 1261.0 372.0 1261.0 small-vehicle 1
372.0 1261.0 380.0 1261.0 380.0 1265.0 372.0 1265.0 small-vehicle 1
1002.0 231.0 1006.0 231.0 1006.0 238.0 1002.0 238.0 small-vehicle 1
1007.0 169.0 1010.0 169.0 1010.0 178.0 1007.0 178.0 small-vehicle 1
1008.0 160.0 1011.0 160.0 1011.0 167.0 1008.0 167.0 small-vehicle 1
1011.0 138.0 1015.0 138.0 1015.0 147.0 1011.0 147.0 small-vehicle 1
1010.0 116.0 1015.0 116.0 1015.0 125.0 1010.0 125.0 small-vehicle 1
1005.0 106.0 1010.0 106.0 1010.0 115.0 1005.0 115.0 small-vehicle 1
736.0 169.0 744.0 169.0 744.0 181.0 736.0 181.0 small-vehicle 1
740.0 176.0 747.0 176.0 747.0 185.0 740.0 185.0 small-vehicle 1
747.0 180.0 755.0 180.0 755.0 189.0 747.0 189.0 small-vehicle 1
752.0 182.0 759.0 182.0 759.0 190.0 752.0 190.0 small-vehicle 1
760.0 185.0 767.0 185.0 767.0 194.0 760.0 194.0 small-vehicle 1
766.0 187.0 773.0 187.0 773.0 196.0 766.0 196.0 small-vehicle 1
771.0 190.0 778.0 190.0 778.0 198.0 771.0 198.0 small-vehicle 1
748.0 167.0 755.0 167.0 755.0 176.0 748.0 176.0 small-vehicle 1
753.0 169.0 759.0 169.0 759.0 178.0 753.0 178.0 small-vehicle 1
763.0 174.0 771.0 174.0 771.0 184.0 763.0 184.0 small-vehicle 1
1005.0 187.0 1009.0 187.0 1009.0 196.0 1005.0 196.0 small-vehicle 1
995.0 144.0 998.0 144.0 998.0 151.0 995.0 151.0 small-vehicle 1
780.0 180.0 786.0 180.0 786.0 190.0 780.0 190.0 small-vehicle 1
1010.0 127.0 1014.0 127.0 1014.0 135.0 1010.0 135.0 small-vehicle 1
845.0 366.0 853.0 366.0 853.0 372.0 845.0 372.0 small-vehicle 1
834.0 363.0 841.0 363.0 841.0 368.0 834.0 368.0 small-vehicle 1
916.0 393.0 924.0 393.0 924.0 399.0 916.0 399.0 small-vehicle 1
893.0 389.0 901.0 389.0 901.0 396.0 893.0 396.0 small-vehicle 1
882.0 384.0 891.0 384.0 891.0 391.0 882.0 391.0 small-vehicle 1
685.0 303.0 692.0 303.0 692.0 312.0 685.0 312.0 small-vehicle 1
667.0 299.0 674.0 299.0 674.0 308.0 667.0 308.0 small-vehicle 1
650.0 288.0 659.0 288.0 659.0 298.0 650.0 298.0 small-vehicle 1
997.0 336.0 1005.0 336.0 1005.0 341.0 997.0 341.0 small-vehicle 1
916.0 227.0 925.0 227.0 925.0 233.0 916.0 233.0 small-vehicle 1
667.0 257.0 673.0 257.0 673.0 267.0 667.0 267.0 small-vehicle 1
989.0 221.0 992.0 221.0 992.0 228.0 989.0 228.0 small-vehicle 1
990.0 208.0 994.0 208.0 994.0 217.0 990.0 217.0 small-vehicle 1
991.0 189.0 995.0 189.0 995.0 195.0 991.0 195.0 small-vehicle 1
992.0 177.0 995.0 177.0 995.0 185.0 992.0 185.0 small-vehicle 1
772.0 178.0 779.0 178.0 779.0 187.0 772.0 187.0 small-vehicle 1
769.0 152.0 775.0 152.0 775.0 160.0 769.0 160.0 small-vehicle 1
1219.0 1108.0 1225.0 1108.0 1225.0 1116.0 1219.0 1116.0 small-vehicle 1
1117.0 859.0 1125.0 859.0 1125.0 868.0 1117.0 868.0 small-vehicle 1
1139.0 835.0 1147.0 835.0 1147.0 841.0 1139.0 841.0 small-vehicle 1
1152.0 822.0 1160.0 822.0 1160.0 830.0 1152.0 830.0 small-vehicle 1
1451.0 904.0 1454.0 904.0 1454.0 912.0 1451.0 912.0 small-vehicle 1
1414.0 1038.0 1418.0 1038.0 1418.0 1048.0 1414.0 1048.0 small-vehicle 1
1171.0 885.0 1176.0 885.0 1176.0 893.0 1171.0 893.0 small-vehicle 1
1190.0 940.0 1196.0 940.0 1196.0 950.0 1190.0 950.0 small-vehicle 1
1280.0 946.0 1283.0 946.0 1283.0 954.0 1280.0 954.0 small-vehicle 1
1220.0 1011.0 1224.0 1011.0 1224.0 1018.0 1220.0 1018.0 small-vehicle 1
1226.0 1017.0 1230.0 1017.0 1230.0 1024.0 1226.0 1024.0 small-vehicle 1
1211.0 1005.0 1216.0 1005.0 1216.0 1013.0 1211.0 1013.0 small-vehicle 1
1428.0 1057.0 1432.0 1057.0 1432.0 1065.0 1428.0 1065.0 small-vehicle 1
1428.0 1075.0 1432.0 1075.0 1432.0 1084.0 1428.0 1084.0 small-vehicle 1
1417.0 1103.0 1425.0 1103.0 1425.0 1112.0 1417.0 1112.0 small-vehicle 1
1074.0 1140.0 1079.0 1140.0 1079.0 1148.0 1074.0 1148.0 small-vehicle 1
1137.0 1145.0 1146.0 1145.0 1146.0 1151.0 1137.0 1151.0 small-vehicle 1
1140.0 841.0 1148.0 841.0 1148.0 848.0 1140.0 848.0 small-vehicle 1
1026.0 963.0 1034.0 963.0 1034.0 972.0 1026.0 972.0 small-vehicle 1
773.0 153.0 779.0 153.0 779.0 162.0 773.0 162.0 small-vehicle 1
970.0 875.0 978.0 875.0 978.0 883.0 970.0 883.0 small-vehicle 1
789.0 160.0 796.0 160.0 796.0 169.0 789.0 169.0 small-vehicle 1
793.0 162.0 798.0 162.0 798.0 171.0 793.0 171.0 small-vehicle 1
797.0 164.0 803.0 164.0 803.0 172.0 797.0 172.0 small-vehicle 1
801.0 166.0 807.0 166.0 807.0 174.0 801.0 174.0 small-vehicle 1
752.0 146.0 758.0 146.0 758.0 154.0 752.0 154.0 small-vehicle 1
749.0 143.0 754.0 143.0 754.0 152.0 749.0 152.0 small-vehicle 1
800.0 153.0 805.0 153.0 805.0 161.0 800.0 161.0 small-vehicle 1
779.0 144.0 784.0 144.0 784.0 151.0 779.0 151.0 small-vehicle 1
771.0 141.0 777.0 141.0 777.0 149.0 771.0 149.0 small-vehicle 1
768.0 139.0 773.0 139.0 773.0 147.0 768.0 147.0 small-vehicle 1
764.0 137.0 770.0 137.0 770.0 145.0 764.0 145.0 small-vehicle 1
760.0 136.0 766.0 136.0 766.0 143.0 760.0 143.0 small-vehicle 1
816.0 58.0 825.0 58.0 825.0 63.0 816.0 63.0 small-vehicle 1
784.0 44.0 794.0 44.0 794.0 51.0 784.0 51.0 small-vehicle 1
974.0 868.0 991.0 868.0 991.0 886.0 974.0 886.0 large-vehicle 1
1022.0 386.0 1029.0 386.0 1029.0 392.0 1022.0 392.0 small-vehicle 1
1075.0 404.0 1084.0 404.0 1084.0 411.0 1075.0 411.0 small-vehicle 1
648.0 389.0 657.0 389.0 657.0 395.0 648.0 395.0 small-vehicle 1
965.0 47.0 973.0 47.0 973.0 53.0 965.0 53.0 small-vehicle 1
998.0 98.0 1002.0 98.0 1002.0 105.0 998.0 105.0 small-vehicle 1
822.0 357.0 830.0 357.0 830.0 364.0 822.0 364.0 small-vehicle 1
892.0 406.0 901.0 406.0 901.0 411.0 892.0 411.0 small-vehicle 1
1103.0 467.0 1112.0 467.0 1112.0 473.0 1103.0 473.0 small-vehicle 1
1338.0 508.0 1347.0 508.0 1347.0 514.0 1338.0 514.0 small-vehicle 1
1320.0 499.0 1329.0 499.0 1329.0 503.0 1320.0 503.0 small-vehicle 1
1341.0 614.0 1350.0 614.0 1350.0 620.0 1341.0 620.0 small-vehicle 1
1372.0 613.0 1380.0 613.0 1380.0 618.0 1372.0 618.0 small-vehicle 1
1104.0 565.0 1112.0 565.0 1112.0 570.0 1104.0 570.0 small-vehicle 1
1351.0 524.0 1361.0 524.0 1361.0 531.0 1351.0 531.0 small-vehicle 1
1289.0 534.0 1301.0 534.0 1301.0 541.0 1289.0 541.0 small-vehicle 1
1304.0 544.0 1315.0 544.0 1315.0 550.0 1304.0 550.0 small-vehicle 1
1074.0 466.0 1084.0 466.0 1084.0 472.0 1074.0 472.0 small-vehicle 1
1161.0 533.0 1170.0 533.0 1170.0 538.0 1161.0 538.0 small-vehicle 1
1145.0 535.0 1154.0 535.0 1154.0 541.0 1145.0 541.0 small-vehicle 1
993.0 158.0 996.0 158.0 996.0 164.0 993.0 164.0 small-vehicle 1
1107.0 859.0 1115.0 859.0 1115.0 868.0 1107.0 868.0 small-vehicle 1
756.0 410.0 765.0 410.0 765.0 416.0 756.0 416.0 small-vehicle 1
1104.0 872.0 1113.0 872.0 1113.0 881.0 1104.0 881.0 small-vehicle 1
1444.0 623.0 1453.0 623.0 1453.0 626.0 1444.0 626.0 small-vehicle 1
1226.0 531.0 1234.0 531.0 1234.0 535.0 1226.0 535.0 small-vehicle 1
474.0 258.0 483.0 258.0 483.0 266.0 474.0 266.0 small-vehicle 1
664.0 274.0 671.0 274.0 671.0 282.0 664.0 282.0 small-vehicle 1
667.0 925.0 676.0 925.0 676.0 932.0 667.0 932.0 small-vehicle 1
624.0 934.0 635.0 934.0 635.0 942.0 624.0 942.0 small-vehicle 1
682.0 905.0 692.0 905.0 692.0 912.0 682.0 912.0 small-vehicle 1
1414.0 121.0 1422.0 121.0 1422.0 127.0 1414.0 127.0 small-vehicle 1
1422.0 123.0 1431.0 123.0 1431.0 130.0 1422.0 130.0 small-vehicle 1
976.0 781.0 984.0 781.0 984.0 788.0 976.0 788.0 small-vehicle 1
1117.0 749.0 1126.0 749.0 1126.0 756.0 1117.0 756.0 small-vehicle 1
1220.0 802.0 1228.0 802.0 1228.0 806.0 1220.0 806.0 small-vehicle 1
1205.0 810.0 1214.0 810.0 1214.0 814.0 1205.0 814.0 small-vehicle 1
1205.0 804.0 1213.0 804.0 1213.0 809.0 1205.0 809.0 small-vehicle 1
1303.0 135.0 1307.0 135.0 1307.0 143.0 1303.0 143.0 small-vehicle 1
1255.0 458.0 1265.0 458.0 1265.0 463.0 1255.0 463.0 small-vehicle 1
979.0 345.0 983.0 345.0 983.0 353.0 979.0 353.0 small-vehicle 1
981.0 336.0 983.0 336.0 983.0 344.0 981.0 344.0 small-vehicle 1
981.0 324.0 984.0 324.0 984.0 332.0 981.0 332.0 small-vehicle 1
832.0 387.0 841.0 387.0 841.0 394.0 832.0 394.0 small-vehicle 1
755.0 330.0 763.0 330.0 763.0 336.0 755.0 336.0 small-vehicle 1
744.0 327.0 753.0 327.0 753.0 333.0 744.0 333.0 small-vehicle 1
788.0 342.0 807.0 342.0 807.0 354.0 788.0 354.0 large-vehicle 1
766.0 334.0 787.0 334.0 787.0 346.0 766.0 346.0 large-vehicle 1
712.0 302.0 720.0 302.0 720.0 309.0 712.0 309.0 small-vehicle 1
693.0 513.0 701.0 513.0 701.0 536.0 693.0 536.0 large-vehicle 1
683.0 669.0 690.0 669.0 690.0 691.0 683.0 691.0 large-vehicle 1
687.0 704.0 693.0 704.0 693.0 715.0 687.0 715.0 small-vehicle 1
680.0 504.0 685.0 504.0 685.0 514.0 680.0 514.0 small-vehicle 1
684.0 507.0 689.0 507.0 689.0 517.0 684.0 517.0 small-vehicle 1
739.0 474.0 750.0 474.0 750.0 480.0 739.0 480.0 small-vehicle 1
971.0 484.0 979.0 484.0 979.0 490.0 971.0 490.0 small-vehicle 1
937.0 454.0 948.0 454.0 948.0 461.0 937.0 461.0 small-vehicle 1
867.0 440.0 877.0 440.0 877.0 447.0 867.0 447.0 small-vehicle 1
1383.0 108.0 1392.0 108.0 1392.0 113.0 1383.0 113.0 small-vehicle 1
1404.0 117.0 1414.0 117.0 1414.0 123.0 1404.0 123.0 small-vehicle 1
1433.0 129.0 1442.0 129.0 1442.0 135.0 1433.0 135.0 small-vehicle 1
1196.0 375.0 1212.0 375.0 1212.0 395.0 1196.0 395.0 large-vehicle 1
1368.0 287.0 1376.0 287.0 1376.0 293.0 1368.0 293.0 small-vehicle 1
1155.0 413.0 1164.0 413.0 1164.0 420.0 1155.0 420.0 small-vehicle 1
1164.0 400.0 1172.0 400.0 1172.0 406.0 1164.0 406.0 small-vehicle 1
1161.0 404.0 1169.0 404.0 1169.0 410.0 1161.0 410.0 small-vehicle 1
1167.0 392.0 1176.0 392.0 1176.0 400.0 1167.0 400.0 small-vehicle 1
1366.0 377.0 1374.0 377.0 1374.0 384.0 1366.0 384.0 small-vehicle 1
1261.0 282.0 1280.0 282.0 1280.0 304.0 1261.0 304.0 large-vehicle 1
1208.0 361.0 1216.0 361.0 1216.0 370.0 1208.0 370.0 small-vehicle 1
1283.0 252.0 1298.0 252.0 1298.0 269.0 1283.0 269.0 large-vehicle 1
1299.0 218.0 1310.0 218.0 1310.0 237.0 1299.0 237.0 large-vehicle 1
1289.0 223.0 1295.0 223.0 1295.0 230.0 1289.0 230.0 small-vehicle 1
1293.0 214.0 1297.0 214.0 1297.0 221.0 1293.0 221.0 small-vehicle 1
1076.0 304.0 1082.0 304.0 1082.0 312.0 1076.0 312.0 small-vehicle 1
1072.0 301.0 1079.0 301.0 1079.0 309.0 1072.0 309.0 small-vehicle 1
1211.0 1095.0 1217.0 1095.0 1217.0 1104.0 1211.0 1104.0 small-vehicle 1
1226.0 1123.0 1234.0 1123.0 1234.0 1127.0 1226.0 1127.0 small-vehicle 1
371.0 1266.0 379.0 1266.0 379.0 1269.0 371.0 1269.0 small-vehicle 1
688.0 1259.0 695.0 1259.0 695.0 1266.0 688.0 1266.0 small-vehicle 1
710.0 1233.0 716.0 1233.0 716.0 1240.0 710.0 1240.0 small-vehicle 1
708.0 1226.0 716.0 1226.0 716.0 1234.0 708.0 1234.0 small-vehicle 1
795.0 1203.0 802.0 1203.0 802.0 1212.0 795.0 1212.0 small-vehicle 1
795.0 1215.0 802.0 1215.0 802.0 1223.0 795.0 1223.0 small-vehicle 1
806.0 1220.0 813.0 1220.0 813.0 1228.0 806.0 1228.0 small-vehicle 1
818.0 1246.0 826.0 1246.0 826.0 1254.0 818.0 1254.0 small-vehicle 1
829.0 1250.0 836.0 1250.0 836.0 1258.0 829.0 1258.0 small-vehicle 1
841.0 1264.0 848.0 1264.0 848.0 1271.0 841.0 1271.0 small-vehicle 1
853.0 1282.0 862.0 1282.0 862.0 1289.0 853.0 1289.0 small-vehicle 1
867.0 1284.0 874.0 1284.0 874.0 1290.0 867.0 1290.0 small-vehicle 1
871.0 1293.0 879.0 1293.0 879.0 1300.0 871.0 1300.0 small-vehicle 1
897.0 1307.0 905.0 1307.0 905.0 1313.0 897.0 1313.0 small-vehicle 1
915.0 1322.0 923.0 1322.0 923.0 1329.0 915.0 1329.0 small-vehicle 1
616.0 1304.0 624.0 1304.0 624.0 1311.0 616.0 1311.0 small-vehicle 1
602.0 1307.0 610.0 1307.0 610.0 1314.0 602.0 1314.0 small-vehicle 1
681.0 1255.0 688.0 1255.0 688.0 1262.0 681.0 1262.0 small-vehicle 1
681.0 1264.0 688.0 1264.0 688.0 1270.0 681.0 1270.0 small-vehicle 1
394.0 1342.0 403.0 1342.0 403.0 1346.0 394.0 1346.0 small-vehicle 1
705.0 1247.0 712.0 1247.0 712.0 1253.0 705.0 1253.0 small-vehicle 1
757.0 1189.0 763.0 1189.0 763.0 1198.0 757.0 1198.0 small-vehicle 1
746.0 1191.0 756.0 1191.0 756.0 1199.0 746.0 1199.0 small-vehicle 1
736.0 1183.0 740.0 1183.0 740.0 1192.0 736.0 1192.0 small-vehicle 1
748.0 1211.0 756.0 1211.0 756.0 1217.0 748.0 1217.0 small-vehicle 1
748.0 1197.0 755.0 1197.0 755.0 1205.0 748.0 1205.0 small-vehicle 1
763.0 1198.0 771.0 1198.0 771.0 1206.0 763.0 1206.0 small-vehicle 1
771.0 1197.0 778.0 1197.0 778.0 1206.0 771.0 1206.0 small-vehicle 1
765.0 1210.0 770.0 1210.0 770.0 1219.0 765.0 1219.0 small-vehicle 1
786.0 1223.0 791.0 1223.0 791.0 1230.0 786.0 1230.0 small-vehicle 1
790.0 1232.0 794.0 1232.0 794.0 1238.0 790.0 1238.0 small-vehicle 1
789.0 1248.0 794.0 1248.0 794.0 1255.0 789.0 1255.0 small-vehicle 1
783.0 1246.0 788.0 1246.0 788.0 1254.0 783.0 1254.0 small-vehicle 1
803.0 1265.0 807.0 1265.0 807.0 1272.0 803.0 1272.0 small-vehicle 1
799.0 1286.0 804.0 1286.0 804.0 1293.0 799.0 1293.0 small-vehicle 1
591.0 1325.0 599.0 1325.0 599.0 1334.0 591.0 1334.0 small-vehicle 1
592.0 1315.0 600.0 1315.0 600.0 1323.0 592.0 1323.0 small-vehicle 1
392.0 1338.0 400.0 1338.0 400.0 1341.0 392.0 1341.0 small-vehicle 1
1267.0 1118.0 1274.0 1118.0 1274.0 1121.0 1267.0 1121.0 small-vehicle 1
352.0 1267.0 359.0 1267.0 359.0 1270.0 352.0 1270.0 small-vehicle 1
352.0 1259.0 358.0 1259.0 358.0 1262.0 352.0 1262.0 small-vehicle 1
352.0 1254.0 359.0 1254.0 359.0 1258.0 352.0 1258.0 small-vehicle 1
353.0 1251.0 360.0 1251.0 360.0 1254.0 353.0 1254.0 small-vehicle 1
355.0 1237.0 362.0 1237.0 362.0 1241.0 355.0 1241.0 small-vehicle 1
355.0 1233.0 363.0 1233.0 363.0 1238.0 355.0 1238.0 small-vehicle 1
356.0 1229.0 364.0 1229.0 364.0 1234.0 356.0 1234.0 small-vehicle 1
372.0 1224.0 374.0 1224.0 374.0 1231.0 372.0 1231.0 small-vehicle 1
376.0 1224.0 380.0 1224.0 380.0 1231.0 376.0 1231.0 small-vehicle 1
380.0 1225.0 384.0 1225.0 384.0 1233.0 380.0 1233.0 small-vehicle 1
370.0 1242.0 372.0 1242.0 372.0 1250.0 370.0 1250.0 small-vehicle 1
368.0 1252.0 372.0 1252.0 372.0 1260.0 368.0 1260.0 small-vehicle 1
367.0 1260.0 371.0 1260.0 371.0 1269.0 367.0 1269.0 small-vehicle 1
365.0 1280.0 368.0 1280.0 368.0 1287.0 365.0 1287.0 small-vehicle 1
369.0 1286.0 375.0 1286.0 375.0 1289.0 369.0 1289.0 small-vehicle 1
371.0 1270.0 378.0 1270.0 378.0 1272.0 371.0 1272.0 small-vehicle 1
352.0 1264.0 359.0 1264.0 359.0 1267.0 352.0 1267.0 small-vehicle 1
351.0 1272.0 358.0 1272.0 358.0 1275.0 351.0 1275.0 small-vehicle 1
391.0 1333.0 400.0 1333.0 400.0 1336.0 391.0 1336.0 small-vehicle 1
350.0 1275.0 357.0 1275.0 357.0 1280.0 350.0 1280.0 small-vehicle 1
395.0 1320.0 402.0 1320.0 402.0 1328.0 395.0 1328.0 small-vehicle 1
401.0 1311.0 408.0 1311.0 408.0 1317.0 401.0 1317.0 small-vehicle 1
395.0 1307.0 401.0 1307.0 401.0 1311.0 395.0 1311.0 small-vehicle 1
384.0 1316.0 391.0 1316.0 391.0 1318.0 384.0 1318.0 small-vehicle 1
385.0 1320.0 391.0 1320.0 391.0 1323.0 385.0 1323.0 small-vehicle 1
386.0 1324.0 395.0 1324.0 395.0 1329.0 386.0 1329.0 small-vehicle 1
386.0 1346.0 394.0 1346.0 394.0 1352.0 386.0 1352.0 small-vehicle 1
384.0 1341.0 391.0 1341.0 391.0 1346.0 384.0 1346.0 small-vehicle 1
376.0 1322.0 383.0 1322.0 383.0 1326.0 376.0 1326.0 small-vehicle 1
288.0 1241.0 295.0 1241.0 295.0 1247.0 288.0 1247.0 small-vehicle 1
269.0 1240.0 278.0 1240.0 278.0 1247.0 269.0 1247.0 small-vehicle 1
351.0 1322.0 356.0 1322.0 356.0 1329.0 351.0 1329.0 small-vehicle 1
354.0 1320.0 359.0 1320.0 359.0 1327.0 354.0 1327.0 small-vehicle 1
349.0 1289.0 356.0 1289.0 356.0 1292.0 349.0 1292.0 small-vehicle 1
350.0 1280.0 356.0 1280.0 356.0 1284.0 350.0 1284.0 small-vehicle 1
664.0 1245.0 671.0 1245.0 671.0 1253.0 664.0 1253.0 small-vehicle 1
662.0 1262.0 669.0 1262.0 669.0 1269.0 662.0 1269.0 small-vehicle 1
645.0 1273.0 654.0 1273.0 654.0 1282.0 645.0 1282.0 small-vehicle 1
945.0 1027.0 952.0 1027.0 952.0 1035.0 945.0 1035.0 small-vehicle 1
867.0 1132.0 874.0 1132.0 874.0 1139.0 867.0 1139.0 small-vehicle 1
876.0 1124.0 883.0 1124.0 883.0 1131.0 876.0 1131.0 small-vehicle 1
884.0 1118.0 891.0 1118.0 891.0 1124.0 884.0 1124.0 small-vehicle 1
894.0 1105.0 904.0 1105.0 904.0 1115.0 894.0 1115.0 small-vehicle 1
749.0 1099.0 754.0 1099.0 754.0 1108.0 749.0 1108.0 small-vehicle 1
713.0 1039.0 717.0 1039.0 717.0 1048.0 713.0 1048.0 small-vehicle 1
712.0 1055.0 717.0 1055.0 717.0 1064.0 712.0 1064.0 small-vehicle 1
700.0 1054.0 706.0 1054.0 706.0 1065.0 700.0 1065.0 small-vehicle 1
636.0 1042.0 645.0 1042.0 645.0 1048.0 636.0 1048.0 small-vehicle 1
702.0 1079.0 709.0 1079.0 709.0 1086.0 702.0 1086.0 small-vehicle 1
696.0 1082.0 702.0 1082.0 702.0 1088.0 696.0 1088.0 small-vehicle 1
711.0 1092.0 719.0 1092.0 719.0 1100.0 711.0 1100.0 small-vehicle 1
856.0 1115.0 862.0 1115.0 862.0 1121.0 856.0 1121.0 small-vehicle 1
841.0 1128.0 849.0 1128.0 849.0 1134.0 841.0 1134.0 small-vehicle 1
826.0 1141.0 833.0 1141.0 833.0 1147.0 826.0 1147.0 small-vehicle 1
850.0 1146.0 858.0 1146.0 858.0 1153.0 850.0 1153.0 small-vehicle 1
937.0 1035.0 945.0 1035.0 945.0 1042.0 937.0 1042.0 small-vehicle 1
736.0 1222.0 745.0 1222.0 745.0 1228.0 736.0 1228.0 small-vehicle 1
932.0 1045.0 941.0 1045.0 941.0 1053.0 932.0 1053.0 small-vehicle 1
1299.0 1115.0 1308.0 1115.0 1308.0 1119.0 1299.0 1119.0 small-vehicle 1
1367.0 1116.0 1375.0 1116.0 1375.0 1119.0 1367.0 1119.0 small-vehicle 1
903.0 869.0 913.0 869.0 913.0 873.0 903.0 873.0 small-vehicle 1
690.0 946.0 695.0 946.0 695.0 955.0 690.0 955.0 small-vehicle 1
818.0 1175.0 826.0 1175.0 826.0 1183.0 818.0 1183.0 small-vehicle 1
886.0 1092.0 893.0 1092.0 893.0 1099.0 886.0 1099.0 small-vehicle 1
875.0 1097.0 882.0 1097.0 882.0 1104.0 875.0 1104.0 small-vehicle 1
878.0 1087.0 886.0 1087.0 886.0 1095.0 878.0 1095.0 small-vehicle 1
890.0 1083.0 897.0 1083.0 897.0 1090.0 890.0 1090.0 small-vehicle 1
900.0 1080.0 908.0 1080.0 908.0 1087.0 900.0 1087.0 small-vehicle 1
903.0 1072.0 911.0 1072.0 911.0 1078.0 903.0 1078.0 small-vehicle 1
910.0 1072.0 917.0 1072.0 917.0 1079.0 910.0 1079.0 small-vehicle 1
914.0 1061.0 922.0 1061.0 922.0 1069.0 914.0 1069.0 small-vehicle 1
919.0 1064.0 926.0 1064.0 926.0 1071.0 919.0 1071.0 small-vehicle 1
923.0 1052.0 930.0 1052.0 930.0 1060.0 923.0 1060.0 small-vehicle 1
821.0 1152.0 830.0 1152.0 830.0 1159.0 821.0 1159.0 small-vehicle 1
855.0 1121.0 863.0 1121.0 863.0 1128.0 855.0 1128.0 small-vehicle 1
838.0 1137.0 846.0 1137.0 846.0 1145.0 838.0 1145.0 small-vehicle 1
841.0 1157.0 848.0 1157.0 848.0 1162.0 841.0 1162.0 small-vehicle 1
892.0 1258.0 899.0 1258.0 899.0 1264.0 892.0 1264.0 small-vehicle 1
878.0 1276.0 886.0 1276.0 886.0 1282.0 878.0 1282.0 small-vehicle 1
871.0 1264.0 878.0 1264.0 878.0 1269.0 871.0 1269.0 small-vehicle 1
869.0 1270.0 878.0 1270.0 878.0 1276.0 869.0 1276.0 small-vehicle 1
766.0 1260.0 772.0 1260.0 772.0 1268.0 766.0 1268.0 small-vehicle 1
774.0 1279.0 781.0 1279.0 781.0 1288.0 774.0 1288.0 small-vehicle 1
720.0 1106.0 729.0 1106.0 729.0 1115.0 720.0 1115.0 small-vehicle 1
741.0 1131.0 749.0 1131.0 749.0 1139.0 741.0 1139.0 small-vehicle 1
745.0 1124.0 751.0 1124.0 751.0 1132.0 745.0 1132.0 small-vehicle 1
774.0 1167.0 780.0 1167.0 780.0 1176.0 774.0 1176.0 small-vehicle 1
772.0 1177.0 778.0 1177.0 778.0 1185.0 772.0 1185.0 small-vehicle 1
780.0 1183.0 787.0 1183.0 787.0 1190.0 780.0 1190.0 small-vehicle 1
718.0 1219.0 727.0 1219.0 727.0 1226.0 718.0 1226.0 small-vehicle 1
720.0 1227.0 727.0 1227.0 727.0 1233.0 720.0 1233.0 small-vehicle 1
731.0 1235.0 739.0 1235.0 739.0 1241.0 731.0 1241.0 small-vehicle 1
897.0 1264.0 904.0 1264.0 904.0 1271.0 897.0 1271.0 small-vehicle 1
905.0 1259.0 912.0 1259.0 912.0 1266.0 905.0 1266.0 small-vehicle 1
905.0 1248.0 913.0 1248.0 913.0 1255.0 905.0 1255.0 small-vehicle 1
1007.0 1182.0 1015.0 1182.0 1015.0 1189.0 1007.0 1189.0 small-vehicle 1
810.0 1156.0 816.0 1156.0 816.0 1162.0 810.0 1162.0 small-vehicle 1
805.0 1167.0 812.0 1167.0 812.0 1172.0 805.0 1172.0 small-vehicle 1
791.0 1165.0 799.0 1165.0 799.0 1170.0 791.0 1170.0 small-vehicle 1
945.0 1062.0 952.0 1062.0 952.0 1070.0 945.0 1070.0 small-vehicle 1
975.0 1198.0 983.0 1198.0 983.0 1205.0 975.0 1205.0 small-vehicle 1
1016.0 1177.0 1024.0 1177.0 1024.0 1184.0 1016.0 1184.0 small-vehicle 1
947.0 1212.0 956.0 1212.0 956.0 1220.0 947.0 1220.0 small-vehicle 1
925.0 1245.0 933.0 1245.0 933.0 1252.0 925.0 1252.0 small-vehicle 1
902.0 1244.0 910.0 1244.0 910.0 1250.0 902.0 1250.0 small-vehicle 1
969.0 1218.0 977.0 1218.0 977.0 1224.0 969.0 1224.0 small-vehicle 1
959.0 1224.0 967.0 1224.0 967.0 1230.0 959.0 1230.0 small-vehicle 1
948.0 1230.0 956.0 1230.0 956.0 1237.0 948.0 1237.0 small-vehicle 1
933.0 1234.0 943.0 1234.0 943.0 1241.0 933.0 1241.0 small-vehicle 1
913.0 1253.0 921.0 1253.0 921.0 1260.0 913.0 1260.0 small-vehicle 1
504.0 1080.0 629.0 1080.0 629.0 1178.0 504.0 1178.0 ground-track-field 0
