imagesource:GoogleEarth
gsd:0.279847761417
1496.0 763.0 1520.0 763.0 1520.0 795.0 1496.0 795.0 large-vehicle 1
1506.0 760.0 1536.0 760.0 1536.0 801.0 1506.0 801.0 large-vehicle 1
1464.0 790.0 1487.0 790.0 1487.0 807.0 1464.0 807.0 small-vehicle 1
1460.0 766.0 1481.0 766.0 1481.0 780.0 1460.0 780.0 small-vehicle 1
1020.0 921.0 1038.0 921.0 1038.0 941.0 1020.0 941.0 small-vehicle 1
985.0 875.0 1000.0 875.0 1000.0 895.0 985.0 895.0 small-vehicle 1
1135.0 932.0 1150.0 932.0 1150.0 951.0 1135.0 951.0 small-vehicle 1
1143.0 918.0 1157.0 918.0 1157.0 935.0 1143.0 935.0 small-vehicle 1
1095.0 861.0 1108.0 861.0 1108.0 879.0 1095.0 879.0 small-vehicle 1
1063.0 783.0 1077.0 783.0 1077.0 802.0 1063.0 802.0 small-vehicle 1
1039.0 766.0 1053.0 766.0 1053.0 786.0 1039.0 786.0 small-vehicle 1
975.0 707.0 991.0 707.0 991.0 720.0 975.0 720.0 small-vehicle 1
969.0 699.0 986.0 699.0 986.0 713.0 969.0 713.0 small-vehicle 1
958.0 683.0 977.0 683.0 977.0 697.0 958.0 697.0 small-vehicle 1
887.0 698.0 902.0 698.0 902.0 717.0 887.0 717.0 small-vehicle 1
943.0 577.0 958.0 577.0 958.0 596.0 943.0 596.0 small-vehicle 1
931.0 579.0 946.0 579.0 946.0 599.0 931.0 599.0 small-vehicle 1
785.0 496.0 802.0 496.0 802.0 516.0 785.0 516.0 small-vehicle 1
886.0 464.0 900.0 464.0 900.0 482.0 886.0 482.0 small-vehicle 1
860.0 439.0 875.0 439.0 875.0 458.0 860.0 458.0 small-vehicle 1
678.0 114.0 693.0 114.0 693.0 134.0 678.0 134.0 small-vehicle 1
814.0 327.0 831.0 327.0 831.0 348.0 814.0 348.0 small-vehicle 1
795.0 316.0 811.0 316.0 811.0 336.0 795.0 336.0 small-vehicle 1
756.0 253.0 770.0 253.0 770.0 272.0 756.0 272.0 small-vehicle 1
682.0 294.0 698.0 294.0 698.0 315.0 682.0 315.0 small-vehicle 1
662.0 240.0 677.0 240.0 677.0 257.0 662.0 257.0 small-vehicle 1
629.0 190.0 647.0 190.0 647.0 209.0 629.0 209.0 small-vehicle 1
590.0 141.0 605.0 141.0 605.0 158.0 590.0 158.0 small-vehicle 1
543.0 45.0 557.0 45.0 557.0 63.0 543.0 63.0 small-vehicle 1
523.0 30.0 535.0 30.0 535.0 45.0 523.0 45.0 small-vehicle 1
606.0 13.0 620.0 13.0 620.0 29.0 606.0 29.0 small-vehicle 1
1377.0 963.0 1394.0 963.0 1394.0 979.0 1377.0 979.0 small-vehicle 1
1318.0 991.0 1336.0 991.0 1336.0 1006.0 1318.0 1006.0 small-vehicle 1
1280.0 1008.0 1299.0 1008.0 1299.0 1022.0 1280.0 1022.0 small-vehicle 1
1509.0 1848.0 1524.0 1848.0 1524.0 1867.0 1509.0 1867.0 small-vehicle 1
1514.0 754.0 1543.0 754.0 1543.0 794.0 1514.0 794.0 large-vehicle 1
1525.0 749.0 1552.0 749.0 1552.0 787.0 1525.0 787.0 large-vehicle 1
1535.0 744.0 1560.0 744.0 1560.0 778.0 1535.0 778.0 large-vehicle 1
1550.0 746.0 1572.0 746.0 1572.0 773.0 1550.0 773.0 small-vehicle 1
1562.0 746.0 1581.0 746.0 1581.0 771.0 1562.0 771.0 small-vehicle 1
1594.0 775.0 1609.0 775.0 1609.0 794.0 1594.0 794.0 small-vehicle 1
1603.0 771.0 1618.0 771.0 1618.0 789.0 1603.0 789.0 small-vehicle 1
1613.0 764.0 1626.0 764.0 1626.0 781.0 1613.0 781.0 small-vehicle 1
1413.0 1391.0 1429.0 1391.0 1429.0 1409.0 1413.0 1409.0 small-vehicle 1
1416.0 1426.0 1430.0 1426.0 1430.0 1443.0 1416.0 1443.0 small-vehicle 1
1610.0 1741.0 1625.0 1741.0 1625.0 1761.0 1610.0 1761.0 small-vehicle 1
1600.0 1748.0 1613.0 1748.0 1613.0 1767.0 1600.0 1767.0 small-vehicle 1
1525.0 1852.0 1540.0 1852.0 1540.0 1871.0 1525.0 1871.0 small-vehicle 1
1487.0 1775.0 1504.0 1775.0 1504.0 1799.0 1487.0 1799.0 small-vehicle 1
1066.0 1012.0 1083.0 1012.0 1083.0 1033.0 1066.0 1033.0 small-vehicle 1
1539.0 1642.0 1556.0 1642.0 1556.0 1662.0 1539.0 1662.0 small-vehicle 1
1436.0 1682.0 1451.0 1682.0 1451.0 1699.0 1436.0 1699.0 small-vehicle 1
1379.0 1597.0 1391.0 1597.0 1391.0 1613.0 1379.0 1613.0 small-vehicle 1
1363.0 1565.0 1378.0 1565.0 1378.0 1587.0 1363.0 1587.0 small-vehicle 1
1352.0 1522.0 1367.0 1522.0 1367.0 1541.0 1352.0 1541.0 small-vehicle 1
1335.0 1516.0 1350.0 1516.0 1350.0 1532.0 1335.0 1532.0 small-vehicle 1
1294.0 1437.0 1310.0 1437.0 1310.0 1456.0 1294.0 1456.0 small-vehicle 1
1294.0 1412.0 1310.0 1412.0 1310.0 1433.0 1294.0 1433.0 small-vehicle 1
1253.0 1364.0 1271.0 1364.0 1271.0 1385.0 1253.0 1385.0 small-vehicle 1
1326.0 1259.0 1342.0 1259.0 1342.0 1280.0 1326.0 1280.0 small-vehicle 1
1112.0 1099.0 1128.0 1099.0 1128.0 1120.0 1112.0 1120.0 small-vehicle 1
1244.0 1122.0 1258.0 1122.0 1258.0 1140.0 1244.0 1140.0 small-vehicle 1
1200.0 1045.0 1216.0 1045.0 1216.0 1064.0 1200.0 1064.0 small-vehicle 1
1430.0 1454.0 1700.0 1454.0 1700.0 1880.0 1430.0 1880.0 bridge 0
