imagesource:GoogleEarth
gsd:0.961530822634
1722.0 868.0 1749.0 868.0 1749.0 893.0 1722.0 893.0 roundabout 0
428.0 1685.0 448.0 1685.0 448.0 1705.0 428.0 1705.0 roundabout 0
1118.0 1177.0 1164.0 1177.0 1164.0 1220.0 1118.0 1220.0 roundabout 0
1063.0 687.0 1107.0 687.0 1107.0 731.0 1063.0 731.0 storage-tank 0
1129.0 660.0 1163.0 660.0 1163.0 694.0 1129.0 694.0 storage-tank 0
1110.0 618.0 1146.0 618.0 1146.0 656.0 1110.0 656.0 storage-tank 0
1048.0 616.0 1085.0 616.0 1085.0 656.0 1048.0 656.0 storage-tank 0
364.0 2044.0 376.0 2044.0 376.0 2058.0 364.0 2058.0 swimming-pool 1
170.0 2009.0 184.0 2009.0 184.0 2022.0 170.0 2022.0 swimming-pool 1
314.0 1993.0 327.0 1993.0 327.0 2006.0 314.0 2006.0 swimming-pool 1
270.0 1950.0 281.0 1950.0 281.0 1960.0 270.0 1960.0 swimming-pool 1
39.0 1179.0 51.0 1179.0 51.0 1190.0 39.0 1190.0 swimming-pool 1
1182.0 993.0 1212.0 993.0 1212.0 1026.0 1182.0 1026.0 bridge 0
350.0 1624.0 382.0 1624.0 382.0 1651.0 350.0 1651.0 bridge 0
304.0 1007.0 502.0 1007.0 502.0 1206.0 304.0 1206.0 ground-track-field 0
