imagesource:GoogleEarth
gsd:0.49092835252
1077.0 1683.0 1149.0 1683.0 1149.0 1758.0 1077.0 1758.0 roundabout 0
886.0 882.0 895.0 882.0 895.0 892.0 886.0 892.0 small-vehicle 1
916.0 918.0 921.0 918.0 921.0 928.0 916.0 928.0 small-vehicle 1
910.0 912.0 920.0 912.0 920.0 923.0 910.0 923.0 small-vehicle 1
907.0 907.0 916.0 907.0 916.0 919.0 907.0 919.0 small-vehicle 1
898.0 895.0 906.0 895.0 906.0 905.0 898.0 905.0 small-vehicle 1
893.0 891.0 902.0 891.0 902.0 903.0 893.0 903.0 small-vehicle 1
890.0 887.0 899.0 887.0 899.0 898.0 890.0 898.0 small-vehicle 1
884.0 877.0 892.0 877.0 892.0 888.0 884.0 888.0 small-vehicle 1
896.0 926.0 907.0 926.0 907.0 933.0 896.0 933.0 small-vehicle 1
880.0 874.0 887.0 874.0 887.0 883.0 880.0 883.0 small-vehicle 1
875.0 870.0 883.0 870.0 883.0 880.0 875.0 880.0 small-vehicle 1
872.0 866.0 880.0 866.0 880.0 876.0 872.0 876.0 small-vehicle 1
869.0 859.0 878.0 859.0 878.0 870.0 869.0 870.0 small-vehicle 1
905.0 947.0 916.0 947.0 916.0 954.0 905.0 954.0 small-vehicle 1
904.0 941.0 915.0 941.0 915.0 947.0 904.0 947.0 small-vehicle 1
918.0 921.0 927.0 921.0 927.0 932.0 918.0 932.0 small-vehicle 1
921.0 925.0 930.0 925.0 930.0 935.0 921.0 935.0 small-vehicle 1
935.0 923.0 945.0 923.0 945.0 934.0 935.0 934.0 small-vehicle 1
926.0 913.0 936.0 913.0 936.0 923.0 926.0 923.0 small-vehicle 1
915.0 900.0 926.0 900.0 926.0 910.0 915.0 910.0 small-vehicle 1
908.0 891.0 917.0 891.0 917.0 900.0 908.0 900.0 small-vehicle 1
901.0 881.0 911.0 881.0 911.0 891.0 901.0 891.0 small-vehicle 1
868.0 838.0 879.0 838.0 879.0 845.0 868.0 845.0 small-vehicle 1
900.0 842.0 911.0 842.0 911.0 850.0 900.0 850.0 small-vehicle 1
937.0 854.0 945.0 854.0 945.0 864.0 937.0 864.0 small-vehicle 1
962.0 864.0 974.0 864.0 974.0 873.0 962.0 873.0 small-vehicle 1
957.0 856.0 969.0 856.0 969.0 866.0 957.0 866.0 small-vehicle 1
1029.0 968.0 1039.0 968.0 1039.0 980.0 1029.0 980.0 small-vehicle 1
977.0 993.0 988.0 993.0 988.0 1004.0 977.0 1004.0 small-vehicle 1
1160.0 540.0 1169.0 540.0 1169.0 549.0 1160.0 549.0 small-vehicle 1
999.0 399.0 1010.0 399.0 1010.0 405.0 999.0 405.0 small-vehicle 1
946.0 407.0 956.0 407.0 956.0 413.0 946.0 413.0 small-vehicle 1
899.0 931.0 909.0 931.0 909.0 938.0 899.0 938.0 small-vehicle 1
891.0 922.0 903.0 922.0 903.0 929.0 891.0 929.0 small-vehicle 1
834.0 432.0 843.0 432.0 843.0 438.0 834.0 438.0 small-vehicle 1
629.0 594.0 639.0 594.0 639.0 603.0 629.0 603.0 small-vehicle 1
625.0 560.0 631.0 560.0 631.0 569.0 625.0 569.0 small-vehicle 1
630.0 565.0 635.0 565.0 635.0 574.0 630.0 574.0 small-vehicle 1
633.0 572.0 640.0 572.0 640.0 581.0 633.0 581.0 small-vehicle 1
637.0 576.0 645.0 576.0 645.0 586.0 637.0 586.0 small-vehicle 1
641.0 586.0 651.0 586.0 651.0 595.0 641.0 595.0 small-vehicle 1
635.0 590.0 645.0 590.0 645.0 599.0 635.0 599.0 small-vehicle 1
623.0 587.0 631.0 587.0 631.0 598.0 623.0 598.0 small-vehicle 1
888.0 918.0 898.0 918.0 898.0 923.0 888.0 923.0 small-vehicle 1
618.0 583.0 626.0 583.0 626.0 593.0 618.0 593.0 small-vehicle 1
615.0 577.0 622.0 577.0 622.0 587.0 615.0 587.0 small-vehicle 1
610.0 571.0 619.0 571.0 619.0 581.0 610.0 581.0 small-vehicle 1
607.0 568.0 614.0 568.0 614.0 578.0 607.0 578.0 small-vehicle 1
602.0 562.0 611.0 562.0 611.0 572.0 602.0 572.0 small-vehicle 1
596.0 557.0 605.0 557.0 605.0 568.0 596.0 568.0 small-vehicle 1
621.0 554.0 628.0 554.0 628.0 564.0 621.0 564.0 small-vehicle 1
616.0 553.0 621.0 553.0 621.0 563.0 616.0 563.0 small-vehicle 1
609.0 552.0 614.0 552.0 614.0 562.0 609.0 562.0 small-vehicle 1
875.0 788.0 887.0 788.0 887.0 796.0 875.0 796.0 small-vehicle 1
838.0 844.0 849.0 844.0 849.0 852.0 838.0 852.0 small-vehicle 1
834.0 849.0 844.0 849.0 844.0 856.0 834.0 856.0 small-vehicle 1
829.0 851.0 839.0 851.0 839.0 859.0 829.0 859.0 small-vehicle 1
825.0 856.0 837.0 856.0 837.0 864.0 825.0 864.0 small-vehicle 1
846.0 865.0 857.0 865.0 857.0 871.0 846.0 871.0 small-vehicle 1
850.0 869.0 860.0 869.0 860.0 876.0 850.0 876.0 small-vehicle 1
851.0 875.0 863.0 875.0 863.0 882.0 851.0 882.0 small-vehicle 1
855.0 879.0 865.0 879.0 865.0 885.0 855.0 885.0 small-vehicle 1
861.0 883.0 872.0 883.0 872.0 889.0 861.0 889.0 small-vehicle 1
865.0 887.0 875.0 887.0 875.0 893.0 865.0 893.0 small-vehicle 1
868.0 893.0 878.0 893.0 878.0 898.0 868.0 898.0 small-vehicle 1
874.0 899.0 885.0 899.0 885.0 906.0 874.0 906.0 small-vehicle 1
877.0 905.0 889.0 905.0 889.0 911.0 877.0 911.0 small-vehicle 1
915.0 410.0 925.0 410.0 925.0 417.0 915.0 417.0 small-vehicle 1
804.0 441.0 816.0 441.0 816.0 449.0 804.0 449.0 small-vehicle 1
378.0 2037.0 390.0 2037.0 390.0 2046.0 378.0 2046.0 small-vehicle 1
369.0 2116.0 378.0 2116.0 378.0 2125.0 369.0 2125.0 small-vehicle 1
357.0 2119.0 368.0 2119.0 368.0 2128.0 357.0 2128.0 small-vehicle 1
380.0 2135.0 390.0 2135.0 390.0 2143.0 380.0 2143.0 small-vehicle 1
377.0 2131.0 387.0 2131.0 387.0 2139.0 377.0 2139.0 small-vehicle 1
374.0 2129.0 383.0 2129.0 383.0 2136.0 374.0 2136.0 small-vehicle 1
373.0 2124.0 383.0 2124.0 383.0 2132.0 373.0 2132.0 small-vehicle 1
371.0 2120.0 381.0 2120.0 381.0 2129.0 371.0 2129.0 small-vehicle 1
366.0 2113.0 376.0 2113.0 376.0 2120.0 366.0 2120.0 small-vehicle 1
299.0 2073.0 309.0 2073.0 309.0 2080.0 299.0 2080.0 small-vehicle 1
364.0 2109.0 374.0 2109.0 374.0 2116.0 364.0 2116.0 small-vehicle 1
378.0 2114.0 388.0 2114.0 388.0 2123.0 378.0 2123.0 small-vehicle 1
376.0 2110.0 385.0 2110.0 385.0 2118.0 376.0 2118.0 small-vehicle 1
317.0 2068.0 328.0 2068.0 328.0 2078.0 317.0 2078.0 small-vehicle 1
288.0 2083.0 298.0 2083.0 298.0 2091.0 288.0 2091.0 small-vehicle 1
348.0 2071.0 358.0 2071.0 358.0 2083.0 348.0 2083.0 small-vehicle 1
1350.0 2124.0 1368.0 2124.0 1368.0 2140.0 1350.0 2140.0 swimming-pool 1
1164.0 1603.0 1174.0 1603.0 1174.0 1612.0 1164.0 1612.0 small-vehicle 1
1446.0 929.0 1460.0 929.0 1460.0 940.0 1446.0 940.0 small-vehicle 1
363.0 2125.0 372.0 2125.0 372.0 2134.0 363.0 2134.0 small-vehicle 1
348.0 2119.0 358.0 2119.0 358.0 2128.0 348.0 2128.0 small-vehicle 1
351.0 2124.0 360.0 2124.0 360.0 2131.0 351.0 2131.0 small-vehicle 1
353.0 2127.0 362.0 2127.0 362.0 2135.0 353.0 2135.0 small-vehicle 1
338.0 2125.0 349.0 2125.0 349.0 2133.0 338.0 2133.0 small-vehicle 1
341.0 2130.0 351.0 2130.0 351.0 2137.0 341.0 2137.0 small-vehicle 1
344.0 2133.0 354.0 2133.0 354.0 2140.0 344.0 2140.0 small-vehicle 1
356.0 2134.0 366.0 2134.0 366.0 2142.0 356.0 2142.0 small-vehicle 1
354.0 2130.0 364.0 2130.0 364.0 2138.0 354.0 2138.0 small-vehicle 1
366.0 2132.0 376.0 2132.0 376.0 2141.0 366.0 2141.0 small-vehicle 1
368.0 2137.0 378.0 2137.0 378.0 2144.0 368.0 2144.0 small-vehicle 1
345.0 2136.0 356.0 2136.0 356.0 2144.0 345.0 2144.0 small-vehicle 1
332.0 2131.0 342.0 2131.0 342.0 2139.0 332.0 2139.0 small-vehicle 1
335.0 2137.0 345.0 2137.0 345.0 2145.0 335.0 2145.0 small-vehicle 1
308.0 2069.0 319.0 2069.0 319.0 2077.0 308.0 2077.0 small-vehicle 1
205.0 2137.0 216.0 2137.0 216.0 2145.0 205.0 2145.0 small-vehicle 1
514.0 559.0 526.0 559.0 526.0 566.0 514.0 566.0 small-vehicle 1
1162.0 1669.0 1173.0 1669.0 1173.0 1678.0 1162.0 1678.0 small-vehicle 1
208.0 2116.0 217.0 2116.0 217.0 2122.0 208.0 2122.0 small-vehicle 1
206.0 2110.0 216.0 2110.0 216.0 2118.0 206.0 2118.0 small-vehicle 1
205.0 2107.0 215.0 2107.0 215.0 2113.0 205.0 2113.0 small-vehicle 1
196.0 2109.0 206.0 2109.0 206.0 2116.0 196.0 2116.0 small-vehicle 1
1225.0 1601.0 1235.0 1601.0 1235.0 1611.0 1225.0 1611.0 small-vehicle 1
1160.0 1597.0 1170.0 1597.0 1170.0 1606.0 1160.0 1606.0 small-vehicle 1
395.0 1868.0 405.0 1868.0 405.0 1873.0 395.0 1873.0 small-vehicle 1
203.0 2133.0 214.0 2133.0 214.0 2141.0 203.0 2141.0 small-vehicle 1
166.0 1393.0 176.0 1393.0 176.0 1401.0 166.0 1401.0 small-vehicle 1
138.0 1392.0 149.0 1392.0 149.0 1402.0 138.0 1402.0 small-vehicle 1
296.0 868.0 306.0 868.0 306.0 873.0 296.0 873.0 small-vehicle 1
37.0 693.0 47.0 693.0 47.0 700.0 37.0 700.0 small-vehicle 1
87.0 685.0 97.0 685.0 97.0 692.0 87.0 692.0 small-vehicle 1
217.0 646.0 227.0 646.0 227.0 654.0 217.0 654.0 small-vehicle 1
198.0 2114.0 207.0 2114.0 207.0 2120.0 198.0 2120.0 small-vehicle 1
199.0 2118.0 208.0 2118.0 208.0 2125.0 199.0 2125.0 small-vehicle 1
187.0 2111.0 197.0 2111.0 197.0 2119.0 187.0 2119.0 small-vehicle 1
189.0 2116.0 199.0 2116.0 199.0 2123.0 189.0 2123.0 small-vehicle 1
189.0 2121.0 199.0 2121.0 199.0 2128.0 189.0 2128.0 small-vehicle 1
178.0 2114.0 188.0 2114.0 188.0 2121.0 178.0 2121.0 small-vehicle 1
208.0 2119.0 218.0 2119.0 218.0 2126.0 208.0 2126.0 small-vehicle 1
209.0 2123.0 220.0 2123.0 220.0 2129.0 209.0 2129.0 small-vehicle 1
211.0 2127.0 221.0 2127.0 221.0 2133.0 211.0 2133.0 small-vehicle 1
213.0 2131.0 223.0 2131.0 223.0 2137.0 213.0 2137.0 small-vehicle 1
214.0 2135.0 224.0 2135.0 224.0 2141.0 214.0 2141.0 small-vehicle 1
190.0 2124.0 200.0 2124.0 200.0 2132.0 190.0 2132.0 small-vehicle 1
192.0 2129.0 201.0 2129.0 201.0 2136.0 192.0 2136.0 small-vehicle 1
193.0 2133.0 203.0 2133.0 203.0 2141.0 193.0 2141.0 small-vehicle 1
199.0 2122.0 209.0 2122.0 209.0 2130.0 199.0 2130.0 small-vehicle 1
200.0 2127.0 211.0 2127.0 211.0 2134.0 200.0 2134.0 small-vehicle 1
202.0 2130.0 213.0 2130.0 213.0 2138.0 202.0 2138.0 small-vehicle 1
1246.0 452.0 1482.0 452.0 1482.0 618.0 1246.0 618.0 soccer-ball-field 0
