imagesource:GoogleEarth
gsd:0.468644159162
1618.0 1842.0 1673.0 1842.0 1673.0 1901.0 1618.0 1901.0 roundabout 0
1776.0 1392.0 1787.0 1392.0 1787.0 1401.0 1776.0 1401.0 small-vehicle 1
1921.0 1408.0 1931.0 1408.0 1931.0 1417.0 1921.0 1417.0 small-vehicle 1
1852.0 1445.0 1862.0 1445.0 1862.0 1457.0 1852.0 1457.0 small-vehicle 1
1848.0 1442.0 1857.0 1442.0 1857.0 1454.0 1848.0 1454.0 small-vehicle 1
1843.0 1443.0 1850.0 1443.0 1850.0 1453.0 1843.0 1453.0 small-vehicle 1
1837.0 1441.0 1844.0 1441.0 1844.0 1452.0 1837.0 1452.0 small-vehicle 1
1832.0 1441.0 1839.0 1441.0 1839.0 1451.0 1832.0 1451.0 small-vehicle 1
1828.0 1439.0 1833.0 1439.0 1833.0 1449.0 1828.0 1449.0 small-vehicle 1
1816.0 1435.0 1824.0 1435.0 1824.0 1445.0 1816.0 1445.0 small-vehicle 1
1810.0 1433.0 1818.0 1433.0 1818.0 1443.0 1810.0 1443.0 small-vehicle 1
1807.0 1428.0 1814.0 1428.0 1814.0 1439.0 1807.0 1439.0 small-vehicle 1
1796.0 1413.0 1804.0 1413.0 1804.0 1424.0 1796.0 1424.0 small-vehicle 1
1792.0 1408.0 1801.0 1408.0 1801.0 1419.0 1792.0 1419.0 small-vehicle 1
1789.0 1403.0 1797.0 1403.0 1797.0 1414.0 1789.0 1414.0 small-vehicle 1
1773.0 1387.0 1784.0 1387.0 1784.0 1396.0 1773.0 1396.0 small-vehicle 1
1880.0 1440.0 1891.0 1440.0 1891.0 1451.0 1880.0 1451.0 small-vehicle 1
1773.0 1378.0 1778.0 1378.0 1778.0 1389.0 1773.0 1389.0 small-vehicle 1
1768.0 1370.0 1772.0 1370.0 1772.0 1380.0 1768.0 1380.0 small-vehicle 1
1762.0 1366.0 1768.0 1366.0 1768.0 1375.0 1762.0 1375.0 small-vehicle 1
1756.0 1359.0 1764.0 1359.0 1764.0 1369.0 1756.0 1369.0 small-vehicle 1
1781.0 1381.0 1792.0 1381.0 1792.0 1389.0 1781.0 1389.0 small-vehicle 1
1794.0 1369.0 1805.0 1369.0 1805.0 1380.0 1794.0 1380.0 small-vehicle 1
1797.0 1374.0 1808.0 1374.0 1808.0 1384.0 1797.0 1384.0 small-vehicle 1
1800.0 1379.0 1812.0 1379.0 1812.0 1389.0 1800.0 1389.0 small-vehicle 1
1804.0 1384.0 1815.0 1384.0 1815.0 1393.0 1804.0 1393.0 small-vehicle 1
1806.0 1387.0 1817.0 1387.0 1817.0 1397.0 1806.0 1397.0 small-vehicle 1
1810.0 1392.0 1820.0 1392.0 1820.0 1401.0 1810.0 1401.0 small-vehicle 1
1813.0 1396.0 1823.0 1396.0 1823.0 1405.0 1813.0 1405.0 small-vehicle 1
1816.0 1401.0 1826.0 1401.0 1826.0 1409.0 1816.0 1409.0 small-vehicle 1
1875.0 1443.0 1886.0 1443.0 1886.0 1454.0 1875.0 1454.0 small-vehicle 1
1884.0 1436.0 1894.0 1436.0 1894.0 1447.0 1884.0 1447.0 small-vehicle 1
1049.0 1462.0 1060.0 1462.0 1060.0 1469.0 1049.0 1469.0 small-vehicle 1
1183.0 1609.0 1196.0 1609.0 1196.0 1617.0 1183.0 1617.0 small-vehicle 1
1075.0 1465.0 1088.0 1465.0 1088.0 1474.0 1075.0 1474.0 small-vehicle 1
1062.0 1509.0 1075.0 1509.0 1075.0 1518.0 1062.0 1518.0 small-vehicle 1
1060.0 1515.0 1072.0 1515.0 1072.0 1523.0 1060.0 1523.0 small-vehicle 1
1059.0 1521.0 1070.0 1521.0 1070.0 1528.0 1059.0 1528.0 small-vehicle 1
1054.0 1532.0 1066.0 1532.0 1066.0 1539.0 1054.0 1539.0 small-vehicle 1
1052.0 1537.0 1064.0 1537.0 1064.0 1544.0 1052.0 1544.0 small-vehicle 1
1213.0 1533.0 1225.0 1533.0 1225.0 1541.0 1213.0 1541.0 small-vehicle 1
1209.0 1540.0 1220.0 1540.0 1220.0 1548.0 1209.0 1548.0 small-vehicle 1
1208.0 1546.0 1218.0 1546.0 1218.0 1554.0 1208.0 1554.0 small-vehicle 1
1191.0 1586.0 1202.0 1586.0 1202.0 1594.0 1191.0 1594.0 small-vehicle 1
1189.0 1592.0 1200.0 1592.0 1200.0 1600.0 1189.0 1600.0 small-vehicle 1
1188.0 1597.0 1199.0 1597.0 1199.0 1605.0 1188.0 1605.0 small-vehicle 1
1187.0 1603.0 1199.0 1603.0 1199.0 1612.0 1187.0 1612.0 small-vehicle 1
1210.0 1611.0 1224.0 1611.0 1224.0 1619.0 1210.0 1619.0 small-vehicle 1
1888.0 1433.0 1897.0 1433.0 1897.0 1444.0 1888.0 1444.0 small-vehicle 1
1216.0 1603.0 1227.0 1603.0 1227.0 1610.0 1216.0 1610.0 small-vehicle 1
1226.0 1572.0 1237.0 1572.0 1237.0 1581.0 1226.0 1581.0 small-vehicle 1
1227.0 1566.0 1239.0 1566.0 1239.0 1574.0 1227.0 1574.0 small-vehicle 1
1232.0 1554.0 1243.0 1554.0 1243.0 1561.0 1232.0 1561.0 small-vehicle 1
1233.0 1548.0 1244.0 1548.0 1244.0 1555.0 1233.0 1555.0 small-vehicle 1
1433.0 2137.0 1439.0 2137.0 1439.0 2149.0 1433.0 2149.0 small-vehicle 1
1448.0 2197.0 1453.0 2197.0 1453.0 2208.0 1448.0 2208.0 small-vehicle 1
1834.0 2154.0 1843.0 2154.0 1843.0 2166.0 1834.0 2166.0 small-vehicle 1
1822.0 1711.0 1834.0 1711.0 1834.0 1720.0 1822.0 1720.0 small-vehicle 1
1742.0 1672.0 1753.0 1672.0 1753.0 1681.0 1742.0 1681.0 small-vehicle 1
1678.0 1639.0 1691.0 1639.0 1691.0 1647.0 1678.0 1647.0 small-vehicle 1
1671.0 1438.0 1680.0 1438.0 1680.0 1449.0 1671.0 1449.0 small-vehicle 1
1674.0 1433.0 1685.0 1433.0 1685.0 1446.0 1674.0 1446.0 small-vehicle 1
1818.0 1405.0 1827.0 1405.0 1827.0 1414.0 1818.0 1414.0 small-vehicle 1
1827.0 1414.0 1839.0 1414.0 1839.0 1426.0 1827.0 1426.0 small-vehicle 1
1897.0 1384.0 1905.0 1384.0 1905.0 1395.0 1897.0 1395.0 small-vehicle 1
1695.0 1165.0 1703.0 1165.0 1703.0 1176.0 1695.0 1176.0 small-vehicle 1
2018.0 1345.0 2028.0 1345.0 2028.0 1357.0 2018.0 1357.0 small-vehicle 1
2031.0 1330.0 2041.0 1330.0 2041.0 1342.0 2031.0 1342.0 small-vehicle 1
2036.0 1329.0 2047.0 1329.0 2047.0 1340.0 2036.0 1340.0 small-vehicle 1
2043.0 1325.0 2052.0 1325.0 2052.0 1336.0 2043.0 1336.0 small-vehicle 1
2048.0 1320.0 2059.0 1320.0 2059.0 1332.0 2048.0 1332.0 small-vehicle 1
2065.0 1307.0 2074.0 1307.0 2074.0 1319.0 2065.0 1319.0 small-vehicle 1
2079.0 1298.0 2089.0 1298.0 2089.0 1308.0 2079.0 1308.0 small-vehicle 1
1701.0 1200.0 1709.0 1200.0 1709.0 1211.0 1701.0 1211.0 small-vehicle 1
1706.0 1196.0 1715.0 1196.0 1715.0 1207.0 1706.0 1207.0 small-vehicle 1
1711.0 1192.0 1721.0 1192.0 1721.0 1203.0 1711.0 1203.0 small-vehicle 1
1716.0 1188.0 1726.0 1188.0 1726.0 1199.0 1716.0 1199.0 small-vehicle 1
1723.0 1184.0 1733.0 1184.0 1733.0 1196.0 1723.0 1196.0 small-vehicle 1
1728.0 1179.0 1738.0 1179.0 1738.0 1191.0 1728.0 1191.0 small-vehicle 1
1699.0 1162.0 1709.0 1162.0 1709.0 1174.0 1699.0 1174.0 small-vehicle 1
1892.0 1388.0 1902.0 1388.0 1902.0 1399.0 1892.0 1399.0 small-vehicle 1
1706.0 1156.0 1715.0 1156.0 1715.0 1167.0 1706.0 1167.0 small-vehicle 1
1711.0 1154.0 1720.0 1154.0 1720.0 1164.0 1711.0 1164.0 small-vehicle 1
1714.0 1150.0 1724.0 1150.0 1724.0 1160.0 1714.0 1160.0 small-vehicle 1
1739.0 1104.0 1751.0 1104.0 1751.0 1113.0 1739.0 1113.0 small-vehicle 1
1712.0 1113.0 1722.0 1113.0 1722.0 1123.0 1712.0 1123.0 small-vehicle 1
1722.0 1069.0 1729.0 1069.0 1729.0 1078.0 1722.0 1078.0 small-vehicle 1
1728.0 1069.0 1735.0 1069.0 1735.0 1079.0 1728.0 1079.0 small-vehicle 1
1734.0 1068.0 1740.0 1068.0 1740.0 1078.0 1734.0 1078.0 small-vehicle 1
1739.0 1069.0 1748.0 1069.0 1748.0 1081.0 1739.0 1081.0 small-vehicle 1
1744.0 1072.0 1752.0 1072.0 1752.0 1084.0 1744.0 1084.0 small-vehicle 1
1748.0 1078.0 1756.0 1078.0 1756.0 1089.0 1748.0 1089.0 small-vehicle 1
1602.0 1073.0 1613.0 1073.0 1613.0 1083.0 1602.0 1083.0 small-vehicle 1
1723.0 1008.0 1734.0 1008.0 1734.0 1017.0 1723.0 1017.0 small-vehicle 1
2012.0 1348.0 2022.0 1348.0 2022.0 1360.0 2012.0 1360.0 small-vehicle 1
2008.0 1352.0 2017.0 1352.0 2017.0 1362.0 2008.0 1362.0 small-vehicle 1
1991.0 1362.0 2000.0 1362.0 2000.0 1374.0 1991.0 1374.0 small-vehicle 1
1986.0 1365.0 1994.0 1365.0 1994.0 1375.0 1986.0 1375.0 small-vehicle 1
1921.0 1368.0 1931.0 1368.0 1931.0 1380.0 1921.0 1380.0 small-vehicle 1
1927.0 1366.0 1937.0 1366.0 1937.0 1377.0 1927.0 1377.0 small-vehicle 1
1941.0 1346.0 1950.0 1346.0 1950.0 1355.0 1941.0 1355.0 small-vehicle 1
1882.0 1325.0 1894.0 1325.0 1894.0 1334.0 1882.0 1334.0 small-vehicle 1
1887.0 1322.0 1897.0 1322.0 1897.0 1332.0 1887.0 1332.0 small-vehicle 1
1800.0 1343.0 1809.0 1343.0 1809.0 1353.0 1800.0 1353.0 small-vehicle 1
1805.0 1340.0 1814.0 1340.0 1814.0 1351.0 1805.0 1351.0 small-vehicle 1
1810.0 1335.0 1818.0 1335.0 1818.0 1345.0 1810.0 1345.0 small-vehicle 1
1813.0 1332.0 1822.0 1332.0 1822.0 1343.0 1813.0 1343.0 small-vehicle 1
1817.0 1329.0 1827.0 1329.0 1827.0 1341.0 1817.0 1341.0 small-vehicle 1
1821.0 1326.0 1830.0 1326.0 1830.0 1336.0 1821.0 1336.0 small-vehicle 1
1832.0 1321.0 1842.0 1321.0 1842.0 1332.0 1832.0 1332.0 small-vehicle 1
1837.0 1318.0 1846.0 1318.0 1846.0 1329.0 1837.0 1329.0 small-vehicle 1
1844.0 1315.0 1855.0 1315.0 1855.0 1325.0 1844.0 1325.0 small-vehicle 1
1800.0 1322.0 1810.0 1322.0 1810.0 1332.0 1800.0 1332.0 small-vehicle 1
1818.0 1311.0 1828.0 1311.0 1828.0 1320.0 1818.0 1320.0 small-vehicle 1
1826.0 1306.0 1837.0 1306.0 1837.0 1315.0 1826.0 1315.0 small-vehicle 1
1763.0 1350.0 1771.0 1350.0 1771.0 1363.0 1763.0 1363.0 small-vehicle 1
1768.0 1348.0 1775.0 1348.0 1775.0 1359.0 1768.0 1359.0 small-vehicle 1
1773.0 1345.0 1780.0 1345.0 1780.0 1357.0 1773.0 1357.0 small-vehicle 1
1778.0 1341.0 1787.0 1341.0 1787.0 1354.0 1778.0 1354.0 small-vehicle 1
1785.0 1337.0 1792.0 1337.0 1792.0 1350.0 1785.0 1350.0 small-vehicle 1
1864.0 1280.0 1874.0 1280.0 1874.0 1291.0 1864.0 1291.0 small-vehicle 1
1871.0 1278.0 1880.0 1278.0 1880.0 1289.0 1871.0 1289.0 small-vehicle 1
1876.0 1275.0 1887.0 1275.0 1887.0 1287.0 1876.0 1287.0 small-vehicle 1
1881.0 1273.0 1891.0 1273.0 1891.0 1284.0 1881.0 1284.0 small-vehicle 1
1962.0 1336.0 1973.0 1336.0 1973.0 1347.0 1962.0 1347.0 small-vehicle 1
1069.0 1493.0 1080.0 1493.0 1080.0 1501.0 1069.0 1501.0 small-vehicle 1
1052.0 1457.0 1062.0 1457.0 1062.0 1464.0 1052.0 1464.0 small-vehicle 1
1301.0 1442.0 1310.0 1442.0 1310.0 1450.0 1301.0 1450.0 small-vehicle 1
306.0 1101.0 314.0 1101.0 314.0 1112.0 306.0 1112.0 small-vehicle 1
291.0 866.0 301.0 866.0 301.0 877.0 291.0 877.0 small-vehicle 1
203.0 947.0 216.0 947.0 216.0 955.0 203.0 955.0 small-vehicle 1
234.0 930.0 245.0 930.0 245.0 938.0 234.0 938.0 small-vehicle 1
117.0 989.0 129.0 989.0 129.0 997.0 117.0 997.0 small-vehicle 1
173.0 1015.0 182.0 1015.0 182.0 1026.0 173.0 1026.0 small-vehicle 1
178.0 1008.0 187.0 1008.0 187.0 1020.0 178.0 1020.0 small-vehicle 1
189.0 1030.0 197.0 1030.0 197.0 1041.0 189.0 1041.0 small-vehicle 1
192.0 1043.0 200.0 1043.0 200.0 1053.0 192.0 1053.0 small-vehicle 1
196.0 1055.0 205.0 1055.0 205.0 1066.0 196.0 1066.0 small-vehicle 1
201.0 1068.0 210.0 1068.0 210.0 1078.0 201.0 1078.0 small-vehicle 1
204.0 1093.0 214.0 1093.0 214.0 1106.0 204.0 1106.0 small-vehicle 1
218.0 1068.0 230.0 1068.0 230.0 1077.0 218.0 1077.0 small-vehicle 1
354.0 1084.0 366.0 1084.0 366.0 1093.0 354.0 1093.0 small-vehicle 1
205.0 1206.0 217.0 1206.0 217.0 1216.0 205.0 1216.0 small-vehicle 1
119.0 914.0 128.0 914.0 128.0 927.0 119.0 927.0 small-vehicle 1
228.0 1193.0 242.0 1193.0 242.0 1203.0 228.0 1203.0 small-vehicle 1
233.0 1202.0 245.0 1202.0 245.0 1212.0 233.0 1212.0 small-vehicle 1
210.0 1215.0 220.0 1215.0 220.0 1223.0 210.0 1223.0 small-vehicle 1
211.0 1221.0 223.0 1221.0 223.0 1229.0 211.0 1229.0 small-vehicle 1
213.0 1226.0 225.0 1226.0 225.0 1235.0 213.0 1235.0 small-vehicle 1
215.0 1231.0 228.0 1231.0 228.0 1240.0 215.0 1240.0 small-vehicle 1
240.0 1218.0 252.0 1218.0 252.0 1226.0 240.0 1226.0 small-vehicle 1
393.0 1233.0 405.0 1233.0 405.0 1241.0 393.0 1241.0 small-vehicle 1
375.0 1252.0 387.0 1252.0 387.0 1260.0 375.0 1260.0 small-vehicle 1
342.0 1376.0 349.0 1376.0 349.0 1386.0 342.0 1386.0 small-vehicle 1
348.0 1389.0 356.0 1389.0 356.0 1401.0 348.0 1401.0 small-vehicle 1
431.0 1389.0 442.0 1389.0 442.0 1397.0 431.0 1397.0 small-vehicle 1
160.0 1588.0 172.0 1588.0 172.0 1597.0 160.0 1597.0 small-vehicle 1
290.0 902.0 302.0 902.0 302.0 910.0 290.0 910.0 small-vehicle 1
7.0 886.0 17.0 886.0 17.0 895.0 7.0 895.0 small-vehicle 1
1054.0 1452.0 1064.0 1452.0 1064.0 1458.0 1054.0 1458.0 small-vehicle 1
45.0 825.0 54.0 825.0 54.0 836.0 45.0 836.0 small-vehicle 1
1739.0 1971.0 1831.0 1971.0 1831.0 2046.0 1739.0 2046.0 tennis-court 1
215.0 40.0 222.0 40.0 222.0 51.0 215.0 51.0 small-vehicle 1
223.0 71.0 229.0 71.0 229.0 81.0 223.0 81.0 small-vehicle 1
323.0 368.0 331.0 368.0 331.0 379.0 323.0 379.0 small-vehicle 1
378.0 513.0 386.0 513.0 386.0 525.0 378.0 525.0 small-vehicle 1
279.0 630.0 286.0 630.0 286.0 640.0 279.0 640.0 small-vehicle 1
45.0 721.0 52.0 721.0 52.0 732.0 45.0 732.0 small-vehicle 1
191.0 807.0 199.0 807.0 199.0 819.0 191.0 819.0 small-vehicle 1
159.0 837.0 169.0 837.0 169.0 844.0 159.0 844.0 small-vehicle 1
143.0 794.0 153.0 794.0 153.0 803.0 143.0 803.0 small-vehicle 1
32.0 811.0 37.0 811.0 37.0 823.0 32.0 823.0 small-vehicle 1
38.0 812.0 48.0 812.0 48.0 823.0 38.0 823.0 small-vehicle 1
40.0 819.0 51.0 819.0 51.0 832.0 40.0 832.0 small-vehicle 1
48.0 832.0 57.0 832.0 57.0 843.0 48.0 843.0 small-vehicle 1
35.0 882.0 46.0 882.0 46.0 887.0 35.0 887.0 small-vehicle 1
53.0 846.0 63.0 846.0 63.0 857.0 53.0 857.0 small-vehicle 1
31.0 838.0 36.0 838.0 36.0 847.0 31.0 847.0 small-vehicle 1
35.0 846.0 42.0 846.0 42.0 856.0 35.0 856.0 small-vehicle 1
38.0 854.0 46.0 854.0 46.0 864.0 38.0 864.0 small-vehicle 1
41.0 860.0 49.0 860.0 49.0 871.0 41.0 871.0 small-vehicle 1
20.0 852.0 29.0 852.0 29.0 862.0 20.0 862.0 small-vehicle 1
27.0 848.0 34.0 848.0 34.0 857.0 27.0 857.0 small-vehicle 1
12.0 861.0 21.0 861.0 21.0 867.0 12.0 867.0 small-vehicle 1
15.0 866.0 25.0 866.0 25.0 874.0 15.0 874.0 small-vehicle 1
18.0 871.0 27.0 871.0 27.0 878.0 18.0 878.0 small-vehicle 1
21.0 875.0 31.0 875.0 31.0 884.0 21.0 884.0 small-vehicle 1
24.0 880.0 35.0 880.0 35.0 889.0 24.0 889.0 small-vehicle 1
32.0 875.0 42.0 875.0 42.0 880.0 32.0 880.0 small-vehicle 1
205.0 1598.0 216.0 1598.0 216.0 1604.0 205.0 1604.0 small-vehicle 1
219.0 1594.0 229.0 1594.0 229.0 1601.0 219.0 1601.0 small-vehicle 1
380.0 1575.0 393.0 1575.0 393.0 1585.0 380.0 1585.0 small-vehicle 1
846.0 2159.0 853.0 2159.0 853.0 2171.0 846.0 2171.0 small-vehicle 1
479.0 1975.0 489.0 1975.0 489.0 1987.0 479.0 1987.0 small-vehicle 1
485.0 1988.0 494.0 1988.0 494.0 1999.0 485.0 1999.0 small-vehicle 1
501.0 2018.0 510.0 2018.0 510.0 2029.0 501.0 2029.0 small-vehicle 1
513.0 2012.0 522.0 2012.0 522.0 2024.0 513.0 2024.0 small-vehicle 1
483.0 1957.0 492.0 1957.0 492.0 1968.0 483.0 1968.0 small-vehicle 1
490.0 1968.0 500.0 1968.0 500.0 1982.0 490.0 1982.0 small-vehicle 1
540.0 2093.0 549.0 2093.0 549.0 2105.0 540.0 2105.0 small-vehicle 1
546.0 2104.0 555.0 2104.0 555.0 2115.0 546.0 2115.0 small-vehicle 1
551.0 2114.0 560.0 2114.0 560.0 2125.0 551.0 2125.0 small-vehicle 1
596.0 2174.0 605.0 2174.0 605.0 2185.0 596.0 2185.0 small-vehicle 1
657.0 2029.0 665.0 2029.0 665.0 2039.0 657.0 2039.0 small-vehicle 1
530.0 1742.0 540.0 1742.0 540.0 1755.0 530.0 1755.0 small-vehicle 1
826.0 2127.0 835.0 2127.0 835.0 2139.0 826.0 2139.0 small-vehicle 1
838.0 2113.0 844.0 2113.0 844.0 2125.0 838.0 2125.0 small-vehicle 1
85.0 1606.0 93.0 1606.0 93.0 1617.0 85.0 1617.0 small-vehicle 1
821.0 2104.0 830.0 2104.0 830.0 2116.0 821.0 2116.0 small-vehicle 1
833.0 2091.0 838.0 2091.0 838.0 2101.0 833.0 2101.0 small-vehicle 1
835.0 2102.0 840.0 2102.0 840.0 2112.0 835.0 2112.0 small-vehicle 1
854.0 2208.0 862.0 2208.0 862.0 2219.0 854.0 2219.0 small-vehicle 1
857.0 2222.0 864.0 2222.0 864.0 2233.0 857.0 2233.0 small-vehicle 1
852.0 2053.0 864.0 2053.0 864.0 2058.0 852.0 2058.0 small-vehicle 1
1281.0 2080.0 1291.0 2080.0 1291.0 2085.0 1281.0 2085.0 small-vehicle 1
1282.0 2072.0 1293.0 2072.0 1293.0 2078.0 1282.0 2078.0 small-vehicle 1
1280.0 2064.0 1289.0 2064.0 1289.0 2070.0 1280.0 2070.0 small-vehicle 1
1449.0 1828.0 1460.0 1828.0 1460.0 1833.0 1449.0 1833.0 small-vehicle 1
1504.0 1759.0 1516.0 1759.0 1516.0 1768.0 1504.0 1768.0 small-vehicle 1
1414.0 1538.0 1427.0 1538.0 1427.0 1548.0 1414.0 1548.0 small-vehicle 1
1092.0 1362.0 1104.0 1362.0 1104.0 1370.0 1092.0 1370.0 small-vehicle 1
472.0 1964.0 480.0 1964.0 480.0 1975.0 472.0 1975.0 small-vehicle 1
467.0 1954.0 476.0 1954.0 476.0 1966.0 467.0 1966.0 small-vehicle 1
325.0 2193.0 330.0 2193.0 330.0 2203.0 325.0 2203.0 small-vehicle 1
411.0 2135.0 423.0 2135.0 423.0 2148.0 411.0 2148.0 small-vehicle 1
121.0 1705.0 131.0 1705.0 131.0 1717.0 121.0 1717.0 small-vehicle 1
115.0 1694.0 124.0 1694.0 124.0 1704.0 115.0 1704.0 small-vehicle 1
391.0 1559.0 404.0 1559.0 404.0 1565.0 391.0 1565.0 small-vehicle 1
451.0 1574.0 461.0 1574.0 461.0 1586.0 451.0 1586.0 small-vehicle 1
473.0 1617.0 482.0 1617.0 482.0 1628.0 473.0 1628.0 small-vehicle 1
479.0 1632.0 490.0 1632.0 490.0 1645.0 479.0 1645.0 small-vehicle 1
490.0 1653.0 499.0 1653.0 499.0 1665.0 490.0 1665.0 small-vehicle 1
495.0 1664.0 504.0 1664.0 504.0 1677.0 495.0 1677.0 small-vehicle 1
447.0 1686.0 457.0 1686.0 457.0 1697.0 447.0 1697.0 small-vehicle 1
318.0 1644.0 328.0 1644.0 328.0 1656.0 318.0 1656.0 small-vehicle 1
329.0 1663.0 338.0 1663.0 338.0 1677.0 329.0 1677.0 small-vehicle 1
320.0 1675.0 329.0 1675.0 329.0 1686.0 320.0 1686.0 small-vehicle 1
339.0 1683.0 349.0 1683.0 349.0 1696.0 339.0 1696.0 small-vehicle 1
355.0 1713.0 364.0 1713.0 364.0 1724.0 355.0 1724.0 small-vehicle 1
361.0 1724.0 369.0 1724.0 369.0 1735.0 361.0 1735.0 small-vehicle 1
367.0 1736.0 377.0 1736.0 377.0 1749.0 367.0 1749.0 small-vehicle 1
345.0 1720.0 354.0 1720.0 354.0 1732.0 345.0 1732.0 small-vehicle 1
351.0 1732.0 360.0 1732.0 360.0 1743.0 351.0 1743.0 small-vehicle 1
362.0 1754.0 371.0 1754.0 371.0 1765.0 362.0 1765.0 small-vehicle 1
371.0 1772.0 380.0 1772.0 380.0 1784.0 371.0 1784.0 small-vehicle 1
382.0 1766.0 392.0 1766.0 392.0 1777.0 382.0 1777.0 small-vehicle 1
392.0 1783.0 402.0 1783.0 402.0 1796.0 392.0 1796.0 small-vehicle 1
391.0 1810.0 400.0 1810.0 400.0 1821.0 391.0 1821.0 small-vehicle 1
418.0 1832.0 426.0 1832.0 426.0 1843.0 418.0 1843.0 small-vehicle 1
422.0 1842.0 432.0 1842.0 432.0 1853.0 422.0 1853.0 small-vehicle 1
304.0 2014.0 312.0 2014.0 312.0 2027.0 304.0 2027.0 small-vehicle 1
330.0 2144.0 338.0 2144.0 338.0 2157.0 330.0 2157.0 small-vehicle 1
1676.0 1028.0 1686.0 1028.0 1686.0 1036.0 1676.0 1036.0 small-vehicle 1
1201.0 1428.0 1211.0 1428.0 1211.0 1435.0 1201.0 1435.0 small-vehicle 1
1805.0 1478.0 1867.0 1478.0 1867.0 1536.0 1805.0 1536.0 roundabout 0
1782.0 380.0 1792.0 380.0 1792.0 391.0 1782.0 391.0 small-vehicle 1
1956.0 880.0 1966.0 880.0 1966.0 888.0 1956.0 888.0 small-vehicle 1
1890.0 440.0 1896.0 440.0 1896.0 452.0 1890.0 452.0 small-vehicle 1
1832.0 493.0 1843.0 493.0 1843.0 503.0 1832.0 503.0 small-vehicle 1
1833.0 454.0 1843.0 454.0 1843.0 464.0 1833.0 464.0 small-vehicle 1
1837.0 429.0 1848.0 429.0 1848.0 439.0 1837.0 439.0 small-vehicle 1
1831.0 423.0 1840.0 423.0 1840.0 433.0 1831.0 433.0 small-vehicle 1
1827.0 418.0 1837.0 418.0 1837.0 427.0 1827.0 427.0 small-vehicle 1
1831.0 442.0 1841.0 442.0 1841.0 452.0 1831.0 452.0 small-vehicle 1
1848.0 436.0 1859.0 436.0 1859.0 449.0 1848.0 449.0 small-vehicle 1
1788.0 414.0 1798.0 414.0 1798.0 423.0 1788.0 423.0 small-vehicle 1
1823.0 414.0 1833.0 414.0 1833.0 425.0 1823.0 425.0 small-vehicle 1
1814.0 409.0 1823.0 409.0 1823.0 419.0 1814.0 419.0 small-vehicle 1
1800.0 394.0 1809.0 394.0 1809.0 404.0 1800.0 404.0 small-vehicle 1
1760.0 388.0 1769.0 388.0 1769.0 397.0 1760.0 397.0 small-vehicle 1
1949.0 871.0 1959.0 871.0 1959.0 882.0 1949.0 882.0 small-vehicle 1
1750.0 378.0 1760.0 378.0 1760.0 388.0 1750.0 388.0 small-vehicle 1
1776.0 374.0 1786.0 374.0 1786.0 384.0 1776.0 384.0 small-vehicle 1
1771.0 369.0 1781.0 369.0 1781.0 379.0 1771.0 379.0 small-vehicle 1
1769.0 363.0 1778.0 363.0 1778.0 372.0 1769.0 372.0 small-vehicle 1
1712.0 313.0 1722.0 313.0 1722.0 324.0 1712.0 324.0 small-vehicle 1
1676.0 309.0 1686.0 309.0 1686.0 320.0 1676.0 320.0 small-vehicle 1
1668.0 301.0 1677.0 301.0 1677.0 311.0 1668.0 311.0 small-vehicle 1
1674.0 279.0 1683.0 279.0 1683.0 289.0 1674.0 289.0 small-vehicle 1
1690.0 283.0 1700.0 283.0 1700.0 293.0 1690.0 293.0 small-vehicle 1
1697.0 300.0 1707.0 300.0 1707.0 310.0 1697.0 310.0 small-vehicle 1
1679.0 282.0 1689.0 282.0 1689.0 292.0 1679.0 292.0 small-vehicle 1
1659.0 262.0 1669.0 262.0 1669.0 273.0 1659.0 273.0 small-vehicle 1
1651.0 257.0 1662.0 257.0 1662.0 268.0 1651.0 268.0 small-vehicle 1
1953.0 876.0 1963.0 876.0 1963.0 886.0 1953.0 886.0 small-vehicle 1
1938.0 869.0 1948.0 869.0 1948.0 878.0 1938.0 878.0 small-vehicle 1
1759.0 918.0 1769.0 918.0 1769.0 928.0 1759.0 928.0 small-vehicle 1
1883.0 947.0 1893.0 947.0 1893.0 959.0 1883.0 959.0 small-vehicle 1
1769.0 991.0 1778.0 991.0 1778.0 996.0 1769.0 996.0 small-vehicle 1
1772.0 996.0 1781.0 996.0 1781.0 1001.0 1772.0 1001.0 small-vehicle 1
1773.0 1000.0 1783.0 1000.0 1783.0 1006.0 1773.0 1006.0 small-vehicle 1
1776.0 1006.0 1787.0 1006.0 1787.0 1011.0 1776.0 1011.0 small-vehicle 1
1772.0 982.0 1782.0 982.0 1782.0 991.0 1772.0 991.0 small-vehicle 1
1777.0 978.0 1785.0 978.0 1785.0 988.0 1777.0 988.0 small-vehicle 1
1845.0 973.0 1855.0 973.0 1855.0 983.0 1845.0 983.0 small-vehicle 1
1849.0 968.0 1859.0 968.0 1859.0 978.0 1849.0 978.0 small-vehicle 1
1854.0 965.0 1864.0 965.0 1864.0 976.0 1854.0 976.0 small-vehicle 1
1859.0 962.0 1869.0 962.0 1869.0 972.0 1859.0 972.0 small-vehicle 1
1865.0 959.0 1874.0 959.0 1874.0 969.0 1865.0 969.0 small-vehicle 1
1874.0 952.0 1883.0 952.0 1883.0 963.0 1874.0 963.0 small-vehicle 1
1878.0 949.0 1887.0 949.0 1887.0 961.0 1878.0 961.0 small-vehicle 1
1895.0 940.0 1905.0 940.0 1905.0 951.0 1895.0 951.0 small-vehicle 1
1935.0 873.0 1944.0 873.0 1944.0 883.0 1935.0 883.0 small-vehicle 1
1781.0 899.0 1791.0 899.0 1791.0 910.0 1781.0 910.0 small-vehicle 1
1786.0 895.0 1794.0 895.0 1794.0 905.0 1786.0 905.0 small-vehicle 1
1796.0 887.0 1806.0 887.0 1806.0 898.0 1796.0 898.0 small-vehicle 1
1801.0 883.0 1811.0 883.0 1811.0 894.0 1801.0 894.0 small-vehicle 1
1806.0 879.0 1815.0 879.0 1815.0 889.0 1806.0 889.0 small-vehicle 1
1810.0 875.0 1820.0 875.0 1820.0 885.0 1810.0 885.0 small-vehicle 1
1816.0 871.0 1825.0 871.0 1825.0 883.0 1816.0 883.0 small-vehicle 1
1820.0 868.0 1828.0 868.0 1828.0 878.0 1820.0 878.0 small-vehicle 1
1827.0 864.0 1833.0 864.0 1833.0 874.0 1827.0 874.0 small-vehicle 1
1833.0 858.0 1839.0 858.0 1839.0 869.0 1833.0 869.0 small-vehicle 1
1843.0 875.0 1853.0 875.0 1853.0 886.0 1843.0 886.0 small-vehicle 1
1848.0 878.0 1858.0 878.0 1858.0 889.0 1848.0 889.0 small-vehicle 1
1932.0 878.0 1941.0 878.0 1941.0 888.0 1932.0 888.0 small-vehicle 1
1644.0 279.0 1653.0 279.0 1653.0 289.0 1644.0 289.0 small-vehicle 1
1502.0 106.0 1514.0 106.0 1514.0 115.0 1502.0 115.0 small-vehicle 1
1486.0 91.0 1493.0 91.0 1493.0 102.0 1486.0 102.0 small-vehicle 1
1919.0 1542.0 1931.0 1542.0 1931.0 1550.0 1919.0 1550.0 small-vehicle 1
1947.0 1496.0 1955.0 1496.0 1955.0 1506.0 1947.0 1506.0 small-vehicle 1
1932.0 1511.0 1944.0 1511.0 1944.0 1519.0 1932.0 1519.0 small-vehicle 1
1891.0 1525.0 1903.0 1525.0 1903.0 1535.0 1891.0 1535.0 small-vehicle 1
1888.0 1532.0 1899.0 1532.0 1899.0 1542.0 1888.0 1542.0 small-vehicle 1
1883.0 1564.0 1893.0 1564.0 1893.0 1569.0 1883.0 1569.0 small-vehicle 1
1887.0 1583.0 1897.0 1583.0 1897.0 1588.0 1887.0 1588.0 small-vehicle 1
1911.0 1577.0 1919.0 1577.0 1919.0 1588.0 1911.0 1588.0 small-vehicle 1
1916.0 1574.0 1923.0 1574.0 1923.0 1585.0 1916.0 1585.0 small-vehicle 1
1926.0 1571.0 1934.0 1571.0 1934.0 1582.0 1926.0 1582.0 small-vehicle 1
1920.0 1572.0 1929.0 1572.0 1929.0 1583.0 1920.0 1583.0 small-vehicle 1
1928.0 1562.0 1939.0 1562.0 1939.0 1569.0 1928.0 1569.0 small-vehicle 1
1926.0 1556.0 1938.0 1556.0 1938.0 1564.0 1926.0 1564.0 small-vehicle 1
1922.0 1547.0 1933.0 1547.0 1933.0 1555.0 1922.0 1555.0 small-vehicle 1
1918.0 1538.0 1929.0 1538.0 1929.0 1546.0 1918.0 1546.0 small-vehicle 1
1474.0 53.0 1480.0 53.0 1480.0 64.0 1474.0 64.0 small-vehicle 1
1949.0 1548.0 1960.0 1548.0 1960.0 1557.0 1949.0 1557.0 small-vehicle 1
1953.0 1557.0 1964.0 1557.0 1964.0 1564.0 1953.0 1564.0 small-vehicle 1
1970.0 1551.0 1977.0 1551.0 1977.0 1562.0 1970.0 1562.0 small-vehicle 1
1976.0 1567.0 1984.0 1567.0 1984.0 1579.0 1976.0 1579.0 small-vehicle 1
1991.0 1558.0 1999.0 1558.0 1999.0 1569.0 1991.0 1569.0 small-vehicle 1
2035.0 1589.0 2043.0 1589.0 2043.0 1600.0 2035.0 1600.0 small-vehicle 1
2031.0 1656.0 2040.0 1656.0 2040.0 1668.0 2031.0 1668.0 small-vehicle 1
2011.0 1654.0 2020.0 1654.0 2020.0 1665.0 2011.0 1665.0 small-vehicle 1
2023.0 1636.0 2031.0 1636.0 2031.0 1648.0 2023.0 1648.0 small-vehicle 1
2003.0 1586.0 2011.0 1586.0 2011.0 1597.0 2003.0 1597.0 small-vehicle 1
1104.0 2141.0 1115.0 2141.0 1115.0 2146.0 1104.0 2146.0 small-vehicle 1
116.0 2015.0 126.0 2015.0 126.0 2026.0 116.0 2026.0 small-vehicle 1
1977.0 241.0 2027.0 241.0 2027.0 297.0 1977.0 297.0 roundabout 0
1938.0 1475.0 1945.0 1475.0 1945.0 1485.0 1938.0 1485.0 small-vehicle 1
1877.0 1492.0 1885.0 1492.0 1885.0 1503.0 1877.0 1503.0 small-vehicle 1
1981.0 1532.0 1989.0 1532.0 1989.0 1543.0 1981.0 1543.0 small-vehicle 1
1970.0 1508.0 1979.0 1508.0 1979.0 1519.0 1970.0 1519.0 small-vehicle 1
1443.0 51.0 1454.0 51.0 1454.0 59.0 1443.0 59.0 small-vehicle 1
1963.0 154.0 1973.0 154.0 1973.0 159.0 1963.0 159.0 small-vehicle 1
1963.0 162.0 1973.0 162.0 1973.0 167.0 1963.0 167.0 small-vehicle 1
1892.0 100.0 1903.0 100.0 1903.0 106.0 1892.0 106.0 small-vehicle 1
1892.0 75.0 1903.0 75.0 1903.0 79.0 1892.0 79.0 small-vehicle 1
1893.0 69.0 1903.0 69.0 1903.0 74.0 1893.0 74.0 small-vehicle 1
1893.0 64.0 1902.0 64.0 1902.0 69.0 1893.0 69.0 small-vehicle 1
1892.0 48.0 1903.0 48.0 1903.0 53.0 1892.0 53.0 small-vehicle 1
1892.0 42.0 1903.0 42.0 1903.0 47.0 1892.0 47.0 small-vehicle 1
1893.0 31.0 1903.0 31.0 1903.0 36.0 1893.0 36.0 small-vehicle 1
1986.0 110.0 1997.0 110.0 1997.0 115.0 1986.0 115.0 small-vehicle 1
1985.0 120.0 1997.0 120.0 1997.0 125.0 1985.0 125.0 small-vehicle 1
1985.0 126.0 1996.0 126.0 1996.0 131.0 1985.0 131.0 small-vehicle 1
1999.0 137.0 2008.0 137.0 2008.0 142.0 1999.0 142.0 small-vehicle 1
1985.0 142.0 1995.0 142.0 1995.0 147.0 1985.0 147.0 small-vehicle 1
1999.0 143.0 2008.0 143.0 2008.0 147.0 1999.0 147.0 small-vehicle 1
1999.0 150.0 2010.0 150.0 2010.0 154.0 1999.0 154.0 small-vehicle 1
1999.0 156.0 2009.0 156.0 2009.0 160.0 1999.0 160.0 small-vehicle 1
1999.0 162.0 2009.0 162.0 2009.0 167.0 1999.0 167.0 small-vehicle 1
1999.0 167.0 2008.0 167.0 2008.0 172.0 1999.0 172.0 small-vehicle 1
2000.0 174.0 2009.0 174.0 2009.0 179.0 2000.0 179.0 small-vehicle 1
1987.0 174.0 1997.0 174.0 1997.0 179.0 1987.0 179.0 small-vehicle 1
1987.0 168.0 1997.0 168.0 1997.0 172.0 1987.0 172.0 small-vehicle 1
1986.0 162.0 1997.0 162.0 1997.0 168.0 1986.0 168.0 small-vehicle 1
1986.0 157.0 1996.0 157.0 1996.0 163.0 1986.0 163.0 small-vehicle 1
1957.0 1477.0 1966.0 1477.0 1966.0 1488.0 1957.0 1488.0 small-vehicle 1
1965.0 1496.0 1973.0 1496.0 1973.0 1506.0 1965.0 1506.0 small-vehicle 1
1768.0 972.0 1776.0 972.0 1776.0 983.0 1768.0 983.0 small-vehicle 1
1741.0 936.0 1751.0 936.0 1751.0 946.0 1741.0 946.0 small-vehicle 1
1086.0 1367.0 1096.0 1367.0 1096.0 1375.0 1086.0 1375.0 small-vehicle 1
1693.0 928.0 1703.0 928.0 1703.0 937.0 1693.0 937.0 small-vehicle 1
1392.0 1207.0 1401.0 1207.0 1401.0 1212.0 1392.0 1212.0 small-vehicle 1
1408.0 1159.0 1414.0 1159.0 1414.0 1170.0 1408.0 1170.0 small-vehicle 1
1415.0 1159.0 1420.0 1159.0 1420.0 1169.0 1415.0 1169.0 small-vehicle 1
1426.0 1162.0 1432.0 1162.0 1432.0 1173.0 1426.0 1173.0 small-vehicle 1
1433.0 1165.0 1439.0 1165.0 1439.0 1175.0 1433.0 1175.0 small-vehicle 1
1441.0 1167.0 1446.0 1167.0 1446.0 1177.0 1441.0 1177.0 small-vehicle 1
1420.0 1189.0 1431.0 1189.0 1431.0 1198.0 1420.0 1198.0 small-vehicle 1
1679.0 941.0 1690.0 941.0 1690.0 950.0 1679.0 950.0 small-vehicle 1
1689.0 913.0 1700.0 913.0 1700.0 922.0 1689.0 922.0 small-vehicle 1
1694.0 908.0 1705.0 908.0 1705.0 917.0 1694.0 917.0 small-vehicle 1
1703.0 921.0 1713.0 921.0 1713.0 930.0 1703.0 930.0 small-vehicle 1
1708.0 916.0 1719.0 916.0 1719.0 925.0 1708.0 925.0 small-vehicle 1
1699.0 924.0 1709.0 924.0 1709.0 932.0 1699.0 932.0 small-vehicle 1
1688.0 932.0 1698.0 932.0 1698.0 942.0 1688.0 942.0 small-vehicle 1
1388.0 1213.0 1399.0 1213.0 1399.0 1220.0 1388.0 1220.0 small-vehicle 1
1716.0 908.0 1728.0 908.0 1728.0 918.0 1716.0 918.0 small-vehicle 1
1729.0 896.0 1742.0 896.0 1742.0 906.0 1729.0 906.0 small-vehicle 1
1735.0 893.0 1746.0 893.0 1746.0 902.0 1735.0 902.0 small-vehicle 1
1740.0 890.0 1751.0 890.0 1751.0 899.0 1740.0 899.0 small-vehicle 1
1728.0 887.0 1738.0 887.0 1738.0 894.0 1728.0 894.0 small-vehicle 1
1724.0 882.0 1735.0 882.0 1735.0 890.0 1724.0 890.0 small-vehicle 1
1720.0 878.0 1731.0 878.0 1731.0 885.0 1720.0 885.0 small-vehicle 1
1717.0 873.0 1728.0 873.0 1728.0 880.0 1717.0 880.0 small-vehicle 1
1743.0 886.0 1755.0 886.0 1755.0 895.0 1743.0 895.0 small-vehicle 1
1748.0 883.0 1759.0 883.0 1759.0 893.0 1748.0 893.0 small-vehicle 1
1753.0 879.0 1764.0 879.0 1764.0 888.0 1753.0 888.0 small-vehicle 1
1747.0 873.0 1757.0 873.0 1757.0 882.0 1747.0 882.0 small-vehicle 1
1755.0 866.0 1765.0 866.0 1765.0 876.0 1755.0 876.0 small-vehicle 1
1375.0 1208.0 1386.0 1208.0 1386.0 1215.0 1375.0 1215.0 small-vehicle 1
1411.0 1213.0 1422.0 1213.0 1422.0 1219.0 1411.0 1219.0 small-vehicle 1
1762.0 975.0 1767.0 975.0 1767.0 985.0 1762.0 985.0 small-vehicle 1
1436.0 1312.0 1447.0 1312.0 1447.0 1319.0 1436.0 1319.0 small-vehicle 1
1352.0 1351.0 1363.0 1351.0 1363.0 1358.0 1352.0 1358.0 small-vehicle 1
1355.0 1345.0 1365.0 1345.0 1365.0 1352.0 1355.0 1352.0 small-vehicle 1
1360.0 1339.0 1370.0 1339.0 1370.0 1345.0 1360.0 1345.0 small-vehicle 1
1387.0 1336.0 1398.0 1336.0 1398.0 1345.0 1387.0 1345.0 small-vehicle 1
1390.0 1330.0 1400.0 1330.0 1400.0 1339.0 1390.0 1339.0 small-vehicle 1
1395.0 1319.0 1407.0 1319.0 1407.0 1328.0 1395.0 1328.0 small-vehicle 1
1400.0 1315.0 1411.0 1315.0 1411.0 1324.0 1400.0 1324.0 small-vehicle 1
1421.0 1326.0 1432.0 1326.0 1432.0 1333.0 1421.0 1333.0 small-vehicle 1
1434.0 1335.0 1445.0 1335.0 1445.0 1342.0 1434.0 1342.0 small-vehicle 1
1412.0 1308.0 1423.0 1308.0 1423.0 1315.0 1412.0 1315.0 small-vehicle 1
1454.0 1328.0 1465.0 1328.0 1465.0 1335.0 1454.0 1335.0 small-vehicle 1
1446.0 1324.0 1457.0 1324.0 1457.0 1331.0 1446.0 1331.0 small-vehicle 1
1442.0 1320.0 1451.0 1320.0 1451.0 1326.0 1442.0 1326.0 small-vehicle 1
1431.0 1307.0 1442.0 1307.0 1442.0 1313.0 1431.0 1313.0 small-vehicle 1
1409.0 1221.0 1419.0 1221.0 1419.0 1226.0 1409.0 1226.0 small-vehicle 1
1427.0 1299.0 1439.0 1299.0 1439.0 1308.0 1427.0 1308.0 small-vehicle 1
1423.0 1291.0 1433.0 1291.0 1433.0 1296.0 1423.0 1296.0 small-vehicle 1
1417.0 1284.0 1428.0 1284.0 1428.0 1291.0 1417.0 1291.0 small-vehicle 1
1415.0 1257.0 1420.0 1257.0 1420.0 1266.0 1415.0 1266.0 small-vehicle 1
1269.0 1295.0 1279.0 1295.0 1279.0 1303.0 1269.0 1303.0 small-vehicle 1
1293.0 1296.0 1303.0 1296.0 1303.0 1303.0 1293.0 1303.0 small-vehicle 1
1297.0 1280.0 1307.0 1280.0 1307.0 1289.0 1297.0 1289.0 small-vehicle 1
1301.0 1274.0 1311.0 1274.0 1311.0 1281.0 1301.0 1281.0 small-vehicle 1
1306.0 1265.0 1317.0 1265.0 1317.0 1273.0 1306.0 1273.0 small-vehicle 1
1309.0 1259.0 1319.0 1259.0 1319.0 1267.0 1309.0 1267.0 small-vehicle 1
1372.0 1213.0 1383.0 1213.0 1383.0 1221.0 1372.0 1221.0 small-vehicle 1
1385.0 1219.0 1396.0 1219.0 1396.0 1225.0 1385.0 1225.0 small-vehicle 1
1410.0 1227.0 1419.0 1227.0 1419.0 1239.0 1410.0 1239.0 small-vehicle 1
1758.0 875.0 1768.0 875.0 1768.0 885.0 1758.0 885.0 small-vehicle 1
1763.0 871.0 1773.0 871.0 1773.0 880.0 1763.0 880.0 small-vehicle 1
1744.0 869.0 1754.0 869.0 1754.0 878.0 1744.0 878.0 small-vehicle 1
1839.0 771.0 1852.0 771.0 1852.0 779.0 1839.0 779.0 small-vehicle 1
1810.0 797.0 1820.0 797.0 1820.0 808.0 1810.0 808.0 small-vehicle 1
1815.0 793.0 1825.0 793.0 1825.0 805.0 1815.0 805.0 small-vehicle 1
1829.0 814.0 1840.0 814.0 1840.0 824.0 1829.0 824.0 small-vehicle 1
1835.0 811.0 1845.0 811.0 1845.0 820.0 1835.0 820.0 small-vehicle 1
1839.0 807.0 1849.0 807.0 1849.0 816.0 1839.0 816.0 small-vehicle 1
1845.0 804.0 1855.0 804.0 1855.0 812.0 1845.0 812.0 small-vehicle 1
1905.0 802.0 1916.0 802.0 1916.0 812.0 1905.0 812.0 small-vehicle 1
1850.0 800.0 1860.0 800.0 1860.0 807.0 1850.0 807.0 small-vehicle 1
1853.0 806.0 1865.0 806.0 1865.0 817.0 1853.0 817.0 small-vehicle 1
1845.0 792.0 1856.0 792.0 1856.0 797.0 1845.0 797.0 small-vehicle 1
1845.0 785.0 1854.0 785.0 1854.0 791.0 1845.0 791.0 small-vehicle 1
1843.0 777.0 1855.0 777.0 1855.0 785.0 1843.0 785.0 small-vehicle 1
1817.0 761.0 1823.0 761.0 1823.0 774.0 1817.0 774.0 small-vehicle 1
1835.0 765.0 1848.0 765.0 1848.0 774.0 1835.0 774.0 small-vehicle 1
1740.0 865.0 1750.0 865.0 1750.0 874.0 1740.0 874.0 small-vehicle 1
1831.0 756.0 1847.0 756.0 1847.0 769.0 1831.0 769.0 small-vehicle 1
1828.0 750.0 1842.0 750.0 1842.0 763.0 1828.0 763.0 small-vehicle 1
1824.0 745.0 1838.0 745.0 1838.0 757.0 1824.0 757.0 small-vehicle 1
1985.0 666.0 1993.0 666.0 1993.0 676.0 1985.0 676.0 small-vehicle 1
1978.0 591.0 1986.0 591.0 1986.0 604.0 1978.0 604.0 small-vehicle 1
1748.0 984.0 1761.0 984.0 1761.0 989.0 1748.0 989.0 small-vehicle 1
1759.0 992.0 1767.0 992.0 1767.0 1002.0 1759.0 1002.0 small-vehicle 1
1763.0 998.0 1771.0 998.0 1771.0 1007.0 1763.0 1007.0 small-vehicle 1
1765.0 1003.0 1774.0 1003.0 1774.0 1013.0 1765.0 1013.0 small-vehicle 1
1768.0 1009.0 1777.0 1009.0 1777.0 1019.0 1768.0 1019.0 small-vehicle 1
1746.0 978.0 1756.0 978.0 1756.0 982.0 1746.0 982.0 small-vehicle 1
1744.0 972.0 1755.0 972.0 1755.0 977.0 1744.0 977.0 small-vehicle 1
1742.0 965.0 1753.0 965.0 1753.0 970.0 1742.0 970.0 small-vehicle 1
1818.0 826.0 1828.0 826.0 1828.0 835.0 1818.0 835.0 small-vehicle 1
1814.0 830.0 1824.0 830.0 1824.0 838.0 1814.0 838.0 small-vehicle 1
1808.0 832.0 1818.0 832.0 1818.0 842.0 1808.0 842.0 small-vehicle 1
1803.0 836.0 1815.0 836.0 1815.0 845.0 1803.0 845.0 small-vehicle 1
1737.0 861.0 1748.0 861.0 1748.0 869.0 1737.0 869.0 small-vehicle 1
1732.0 856.0 1744.0 856.0 1744.0 866.0 1732.0 866.0 small-vehicle 1
1730.0 852.0 1740.0 852.0 1740.0 860.0 1730.0 860.0 small-vehicle 1
1737.0 845.0 1747.0 845.0 1747.0 856.0 1737.0 856.0 small-vehicle 1
1742.0 847.0 1751.0 847.0 1751.0 860.0 1742.0 860.0 small-vehicle 1
1745.0 853.0 1753.0 853.0 1753.0 865.0 1745.0 865.0 small-vehicle 1
1748.0 857.0 1757.0 857.0 1757.0 869.0 1748.0 869.0 small-vehicle 1
1752.0 862.0 1760.0 862.0 1760.0 872.0 1752.0 872.0 small-vehicle 1
1773.0 863.0 1783.0 863.0 1783.0 873.0 1773.0 873.0 small-vehicle 1
1777.0 859.0 1788.0 859.0 1788.0 868.0 1777.0 868.0 small-vehicle 1
1782.0 855.0 1793.0 855.0 1793.0 864.0 1782.0 864.0 small-vehicle 1
1770.0 852.0 1779.0 852.0 1779.0 863.0 1770.0 863.0 small-vehicle 1
1766.0 848.0 1774.0 848.0 1774.0 858.0 1766.0 858.0 small-vehicle 1
1762.0 832.0 1771.0 832.0 1771.0 843.0 1762.0 843.0 small-vehicle 1
1768.0 837.0 1774.0 837.0 1774.0 847.0 1768.0 847.0 small-vehicle 1
1770.0 840.0 1779.0 840.0 1779.0 851.0 1770.0 851.0 small-vehicle 1
1774.0 844.0 1782.0 844.0 1782.0 854.0 1774.0 854.0 small-vehicle 1
1787.0 851.0 1798.0 851.0 1798.0 860.0 1787.0 860.0 small-vehicle 1
1792.0 849.0 1803.0 849.0 1803.0 857.0 1792.0 857.0 small-vehicle 1
1795.0 844.0 1805.0 844.0 1805.0 853.0 1795.0 853.0 small-vehicle 1
1772.0 816.0 1779.0 816.0 1779.0 827.0 1772.0 827.0 small-vehicle 1
1777.0 817.0 1784.0 817.0 1784.0 829.0 1777.0 829.0 small-vehicle 1
1781.0 822.0 1787.0 822.0 1787.0 833.0 1781.0 833.0 small-vehicle 1
1785.0 827.0 1791.0 827.0 1791.0 838.0 1785.0 838.0 small-vehicle 1
1788.0 830.0 1795.0 830.0 1795.0 841.0 1788.0 841.0 small-vehicle 1
1793.0 835.0 1799.0 835.0 1799.0 845.0 1793.0 845.0 small-vehicle 1
1798.0 839.0 1810.0 839.0 1810.0 849.0 1798.0 849.0 small-vehicle 1
166.0 2181.0 212.0 2181.0 212.0 2238.0 166.0 2238.0 tennis-court 0
