imagesource:GoogleEarth
gsd:0.462251200658
1479.0 628.0 1532.0 628.0 1532.0 682.0 1479.0 682.0 roundabout 0
1576.0 77.0 1586.0 77.0 1586.0 88.0 1576.0 88.0 small-vehicle 1
1687.0 94.0 1696.0 94.0 1696.0 103.0 1687.0 103.0 small-vehicle 1
1677.0 85.0 1687.0 85.0 1687.0 96.0 1677.0 96.0 small-vehicle 1
1668.0 112.0 1677.0 112.0 1677.0 122.0 1668.0 122.0 small-vehicle 1
1650.0 111.0 1660.0 111.0 1660.0 122.0 1650.0 122.0 small-vehicle 1
1637.0 135.0 1646.0 135.0 1646.0 146.0 1637.0 146.0 small-vehicle 1
1632.0 132.0 1642.0 132.0 1642.0 142.0 1632.0 142.0 small-vehicle 1
1629.0 126.0 1638.0 126.0 1638.0 136.0 1629.0 136.0 small-vehicle 1
1663.0 73.0 1673.0 73.0 1673.0 83.0 1663.0 83.0 small-vehicle 1
1655.0 65.0 1665.0 65.0 1665.0 75.0 1655.0 75.0 small-vehicle 1
1650.0 62.0 1661.0 62.0 1661.0 73.0 1650.0 73.0 small-vehicle 1
1602.0 50.0 1611.0 50.0 1611.0 59.0 1602.0 59.0 small-vehicle 1
1580.0 82.0 1589.0 82.0 1589.0 93.0 1580.0 93.0 small-vehicle 1
1695.0 86.0 1704.0 86.0 1704.0 96.0 1695.0 96.0 small-vehicle 1
1585.0 84.0 1595.0 84.0 1595.0 95.0 1585.0 95.0 small-vehicle 1
1589.0 90.0 1599.0 90.0 1599.0 102.0 1589.0 102.0 small-vehicle 1
1643.0 52.0 1652.0 52.0 1652.0 63.0 1643.0 63.0 small-vehicle 1
1668.0 60.0 1678.0 60.0 1678.0 71.0 1668.0 71.0 small-vehicle 1
1672.0 67.0 1681.0 67.0 1681.0 77.0 1672.0 77.0 small-vehicle 1
1677.0 68.0 1686.0 68.0 1686.0 80.0 1677.0 80.0 small-vehicle 1
1680.0 73.0 1690.0 73.0 1690.0 83.0 1680.0 83.0 small-vehicle 1
1685.0 77.0 1695.0 77.0 1695.0 88.0 1685.0 88.0 small-vehicle 1
1689.0 81.0 1699.0 81.0 1699.0 91.0 1689.0 91.0 small-vehicle 1
1603.0 106.0 1618.0 106.0 1618.0 120.0 1603.0 120.0 large-vehicle 1
1710.0 64.0 1723.0 64.0 1723.0 77.0 1710.0 77.0 large-vehicle 1
1691.0 99.0 1700.0 99.0 1700.0 110.0 1691.0 110.0 small-vehicle 1
1724.0 63.0 1732.0 63.0 1732.0 73.0 1724.0 73.0 small-vehicle 1
1838.0 34.0 1844.0 34.0 1844.0 49.0 1838.0 49.0 large-vehicle 1
1676.0 17.0 1681.0 17.0 1681.0 28.0 1676.0 28.0 small-vehicle 1
1592.0 21.0 1598.0 21.0 1598.0 32.0 1592.0 32.0 small-vehicle 1
1599.0 20.0 1604.0 20.0 1604.0 31.0 1599.0 31.0 small-vehicle 1
1605.0 20.0 1610.0 20.0 1610.0 31.0 1605.0 31.0 small-vehicle 1
1646.0 13.0 1650.0 13.0 1650.0 23.0 1646.0 23.0 small-vehicle 1
1653.0 13.0 1658.0 13.0 1658.0 23.0 1653.0 23.0 small-vehicle 1
1646.0 25.0 1651.0 25.0 1651.0 35.0 1646.0 35.0 small-vehicle 1
1651.0 24.0 1657.0 24.0 1657.0 34.0 1651.0 34.0 small-vehicle 1
1658.0 23.0 1663.0 23.0 1663.0 33.0 1658.0 33.0 small-vehicle 1
1671.0 16.0 1676.0 16.0 1676.0 26.0 1671.0 26.0 small-vehicle 1
1670.0 27.0 1674.0 27.0 1674.0 37.0 1670.0 37.0 small-vehicle 1
1681.0 27.0 1686.0 27.0 1686.0 38.0 1681.0 38.0 small-vehicle 1
1682.0 15.0 1688.0 15.0 1688.0 27.0 1682.0 27.0 small-vehicle 1
1779.0 29.0 1783.0 29.0 1783.0 39.0 1779.0 39.0 small-vehicle 1
1701.0 18.0 1705.0 18.0 1705.0 29.0 1701.0 29.0 small-vehicle 1
1693.0 29.0 1698.0 29.0 1698.0 40.0 1693.0 40.0 small-vehicle 1
1699.0 30.0 1704.0 30.0 1704.0 41.0 1699.0 41.0 small-vehicle 1
1704.0 30.0 1710.0 30.0 1710.0 42.0 1704.0 42.0 small-vehicle 1
1710.0 31.0 1717.0 31.0 1717.0 42.0 1710.0 42.0 small-vehicle 1
1740.0 37.0 1745.0 37.0 1745.0 47.0 1740.0 47.0 small-vehicle 1
1747.0 38.0 1752.0 38.0 1752.0 48.0 1747.0 48.0 small-vehicle 1
1754.0 38.0 1758.0 38.0 1758.0 48.0 1754.0 48.0 small-vehicle 1
1759.0 40.0 1764.0 40.0 1764.0 50.0 1759.0 50.0 small-vehicle 1
1761.0 27.0 1766.0 27.0 1766.0 37.0 1761.0 37.0 small-vehicle 1
1774.0 28.0 1779.0 28.0 1779.0 39.0 1774.0 39.0 small-vehicle 1
1711.0 89.0 1730.0 89.0 1730.0 106.0 1711.0 106.0 large-vehicle 0
1843.0 23.0 1853.0 23.0 1853.0 27.0 1843.0 27.0 small-vehicle 1
798.0 1397.0 816.0 1397.0 816.0 1406.0 798.0 1406.0 small-vehicle 1
2508.0 770.0 2515.0 770.0 2515.0 783.0 2508.0 783.0 small-vehicle 1
2343.0 1073.0 2353.0 1073.0 2353.0 1083.0 2343.0 1083.0 small-vehicle 1
2325.0 1084.0 2331.0 1084.0 2331.0 1094.0 2325.0 1094.0 small-vehicle 1
2332.0 1093.0 2343.0 1093.0 2343.0 1104.0 2332.0 1104.0 small-vehicle 1
2016.0 939.0 2030.0 939.0 2030.0 948.0 2016.0 948.0 small-vehicle 1
2158.0 826.0 2169.0 826.0 2169.0 836.0 2158.0 836.0 small-vehicle 1
2163.0 831.0 2172.0 831.0 2172.0 840.0 2163.0 840.0 small-vehicle 1
2166.0 835.0 2176.0 835.0 2176.0 845.0 2166.0 845.0 small-vehicle 1
2153.0 821.0 2164.0 821.0 2164.0 831.0 2153.0 831.0 small-vehicle 1
2148.0 815.0 2159.0 815.0 2159.0 827.0 2148.0 827.0 small-vehicle 1
2116.0 876.0 2142.0 876.0 2142.0 910.0 2116.0 910.0 large-vehicle 0
2522.0 821.0 2530.0 821.0 2530.0 831.0 2522.0 831.0 small-vehicle 1
2474.0 664.0 2480.0 664.0 2480.0 675.0 2474.0 675.0 small-vehicle 1
2318.0 1341.0 2341.0 1341.0 2341.0 1351.0 2318.0 1351.0 large-vehicle 0
2451.0 588.0 2458.0 588.0 2458.0 599.0 2451.0 599.0 small-vehicle 1
2452.0 537.0 2457.0 537.0 2457.0 548.0 2452.0 548.0 small-vehicle 1
2467.0 434.0 2475.0 434.0 2475.0 446.0 2467.0 446.0 small-vehicle 1
2459.0 415.0 2466.0 415.0 2466.0 426.0 2459.0 426.0 small-vehicle 1
2474.0 421.0 2480.0 421.0 2480.0 431.0 2474.0 431.0 small-vehicle 1
2477.0 412.0 2485.0 412.0 2485.0 423.0 2477.0 423.0 small-vehicle 1
2470.0 372.0 2481.0 372.0 2481.0 381.0 2470.0 381.0 small-vehicle 1
2494.0 377.0 2500.0 377.0 2500.0 389.0 2494.0 389.0 small-vehicle 1
2412.0 239.0 2424.0 239.0 2424.0 249.0 2412.0 249.0 small-vehicle 1
2496.0 215.0 2507.0 215.0 2507.0 224.0 2496.0 224.0 small-vehicle 1
2492.0 31.0 2503.0 31.0 2503.0 42.0 2492.0 42.0 small-vehicle 1
2328.0 1079.0 2340.0 1079.0 2340.0 1089.0 2328.0 1089.0 small-vehicle 1
2334.0 1355.0 2370.0 1355.0 2370.0 1368.0 2334.0 1368.0 large-vehicle 0
1860.0 40.0 1864.0 40.0 1864.0 50.0 1860.0 50.0 small-vehicle 1
700.0 1306.0 736.0 1306.0 736.0 1313.0 700.0 1313.0 large-vehicle 0
1873.0 40.0 1877.0 40.0 1877.0 51.0 1873.0 51.0 small-vehicle 1
1866.0 17.0 1876.0 17.0 1876.0 22.0 1866.0 22.0 small-vehicle 1
1501.0 34.0 1532.0 34.0 1532.0 64.0 1501.0 64.0 large-vehicle 0
1477.0 586.0 1488.0 586.0 1488.0 597.0 1477.0 597.0 small-vehicle 1
1525.0 683.0 1530.0 683.0 1530.0 693.0 1525.0 693.0 small-vehicle 1
1561.0 847.0 1570.0 847.0 1570.0 859.0 1561.0 859.0 small-vehicle 1
1633.0 950.0 1642.0 950.0 1642.0 962.0 1633.0 962.0 small-vehicle 1
1785.0 1459.0 1790.0 1459.0 1790.0 1470.0 1785.0 1470.0 small-vehicle 1
1461.0 1620.0 1472.0 1620.0 1472.0 1632.0 1461.0 1632.0 small-vehicle 1
408.0 1170.0 420.0 1170.0 420.0 1178.0 408.0 1178.0 small-vehicle 1
273.0 1292.0 283.0 1292.0 283.0 1297.0 273.0 1297.0 small-vehicle 1
1021.0 1468.0 1058.0 1468.0 1058.0 1488.0 1021.0 1488.0 large-vehicle 0
2502.0 1381.0 2513.0 1381.0 2513.0 1387.0 2502.0 1387.0 small-vehicle 1
1214.0 1559.0 1248.0 1559.0 1248.0 1582.0 1214.0 1582.0 large-vehicle 0
1663.0 2224.0 1674.0 2224.0 1674.0 2234.0 1663.0 2234.0 small-vehicle 1
1800.0 2219.0 1807.0 2219.0 1807.0 2231.0 1800.0 2231.0 small-vehicle 1
1667.0 2033.0 1675.0 2033.0 1675.0 2044.0 1667.0 2044.0 small-vehicle 1
1541.0 2114.0 1550.0 2114.0 1550.0 2126.0 1541.0 2126.0 small-vehicle 1
1687.0 1981.0 1710.0 1981.0 1710.0 2018.0 1687.0 2018.0 large-vehicle 0
1768.0 2345.0 1776.0 2345.0 1776.0 2358.0 1768.0 2358.0 small-vehicle 1
1825.0 2314.0 1831.0 2314.0 1831.0 2325.0 1825.0 2325.0 small-vehicle 1
2267.0 1693.0 2273.0 1693.0 2273.0 1708.0 2267.0 1708.0 small-vehicle 1
2250.0 1432.0 2263.0 1432.0 2263.0 1444.0 2250.0 1444.0 small-vehicle 1
2021.0 1594.0 2032.0 1594.0 2032.0 1600.0 2021.0 1600.0 small-vehicle 1
1587.0 18.0 1592.0 18.0 1592.0 29.0 1587.0 29.0 small-vehicle 1
