imagesource:GoogleEarth
gsd:0.463628951323
816.0 765.0 839.0 765.0 839.0 789.0 816.0 789.0 roundabout 0
508.0 967.0 518.0 967.0 518.0 973.0 508.0 973.0 small-vehicle 1
516.0 936.0 526.0 936.0 526.0 942.0 516.0 942.0 small-vehicle 1
518.0 931.0 529.0 931.0 529.0 938.0 518.0 938.0 small-vehicle 1
519.0 926.0 531.0 926.0 531.0 934.0 519.0 934.0 small-vehicle 1
521.0 920.0 531.0 920.0 531.0 928.0 521.0 928.0 small-vehicle 1
523.0 911.0 535.0 911.0 535.0 919.0 523.0 919.0 small-vehicle 1
808.0 1104.0 821.0 1104.0 821.0 1117.0 808.0 1117.0 small-vehicle 1
827.0 1126.0 840.0 1126.0 840.0 1137.0 827.0 1137.0 small-vehicle 1
879.0 1068.0 893.0 1068.0 893.0 1077.0 879.0 1077.0 small-vehicle 1
891.0 1072.0 903.0 1072.0 903.0 1078.0 891.0 1078.0 small-vehicle 1
907.0 1075.0 922.0 1075.0 922.0 1083.0 907.0 1083.0 small-vehicle 1
932.0 1080.0 946.0 1080.0 946.0 1087.0 932.0 1087.0 small-vehicle 1
951.0 1085.0 963.0 1085.0 963.0 1091.0 951.0 1091.0 small-vehicle 1
967.0 1088.0 983.0 1088.0 983.0 1096.0 967.0 1096.0 small-vehicle 1
991.0 1093.0 1004.0 1093.0 1004.0 1099.0 991.0 1099.0 small-vehicle 1
954.0 1106.0 960.0 1106.0 960.0 1117.0 954.0 1117.0 small-vehicle 1
933.0 1100.0 941.0 1100.0 941.0 1112.0 933.0 1112.0 small-vehicle 1
869.0 1264.0 880.0 1264.0 880.0 1273.0 869.0 1273.0 small-vehicle 1
1034.0 1255.0 1048.0 1255.0 1048.0 1262.0 1034.0 1262.0 small-vehicle 1
970.0 1403.0 984.0 1403.0 984.0 1411.0 970.0 1411.0 small-vehicle 1
1103.0 1424.0 1114.0 1424.0 1114.0 1429.0 1103.0 1429.0 small-vehicle 1
1244.0 1285.0 1251.0 1285.0 1251.0 1295.0 1244.0 1295.0 small-vehicle 1
1107.0 1116.0 1119.0 1116.0 1119.0 1122.0 1107.0 1122.0 small-vehicle 1
1129.0 1123.0 1140.0 1123.0 1140.0 1129.0 1129.0 1129.0 small-vehicle 1
506.0 972.0 517.0 972.0 517.0 978.0 506.0 978.0 small-vehicle 1
510.0 961.0 522.0 961.0 522.0 968.0 510.0 968.0 small-vehicle 1
460.0 938.0 474.0 938.0 474.0 946.0 460.0 946.0 small-vehicle 1
512.0 951.0 524.0 951.0 524.0 958.0 512.0 958.0 small-vehicle 1
474.0 937.0 487.0 937.0 487.0 946.0 474.0 946.0 small-vehicle 1
478.0 926.0 491.0 926.0 491.0 935.0 478.0 935.0 small-vehicle 1
482.0 921.0 493.0 921.0 493.0 928.0 482.0 928.0 small-vehicle 1
484.0 912.0 494.0 912.0 494.0 917.0 484.0 917.0 small-vehicle 1
471.0 909.0 483.0 909.0 483.0 916.0 471.0 916.0 small-vehicle 1
469.0 917.0 480.0 917.0 480.0 924.0 469.0 924.0 small-vehicle 1
467.0 924.0 478.0 924.0 478.0 932.0 467.0 932.0 small-vehicle 1
484.0 905.0 496.0 905.0 496.0 913.0 484.0 913.0 small-vehicle 1
485.0 900.0 497.0 900.0 497.0 906.0 485.0 906.0 small-vehicle 1
488.0 893.0 497.0 893.0 497.0 898.0 488.0 898.0 small-vehicle 1
488.0 886.0 499.0 886.0 499.0 893.0 488.0 893.0 small-vehicle 1
491.0 882.0 501.0 882.0 501.0 887.0 491.0 887.0 small-vehicle 1
479.0 879.0 490.0 879.0 490.0 885.0 479.0 885.0 small-vehicle 1
512.0 881.0 524.0 881.0 524.0 889.0 512.0 889.0 small-vehicle 1
511.0 889.0 522.0 889.0 522.0 895.0 511.0 895.0 small-vehicle 1
510.0 895.0 522.0 895.0 522.0 901.0 510.0 901.0 small-vehicle 1
509.0 901.0 520.0 901.0 520.0 907.0 509.0 907.0 small-vehicle 1
507.0 905.0 519.0 905.0 519.0 912.0 507.0 912.0 small-vehicle 1
506.0 913.0 518.0 913.0 518.0 918.0 506.0 918.0 small-vehicle 1
504.0 919.0 516.0 919.0 516.0 925.0 504.0 925.0 small-vehicle 1
503.0 928.0 514.0 928.0 514.0 935.0 503.0 935.0 small-vehicle 1
496.0 941.0 509.0 941.0 509.0 947.0 496.0 947.0 small-vehicle 1
514.0 946.0 525.0 946.0 525.0 953.0 514.0 953.0 small-vehicle 1
1122.0 1097.0 1130.0 1097.0 1130.0 1108.0 1122.0 1108.0 small-vehicle 1
1128.0 1098.0 1135.0 1098.0 1135.0 1109.0 1128.0 1109.0 small-vehicle 1
1133.0 1099.0 1140.0 1099.0 1140.0 1110.0 1133.0 1110.0 small-vehicle 1
1139.0 1100.0 1147.0 1100.0 1147.0 1111.0 1139.0 1111.0 small-vehicle 1
1661.0 1735.0 1667.0 1735.0 1667.0 1744.0 1661.0 1744.0 small-vehicle 1
1607.0 1712.0 1613.0 1712.0 1613.0 1725.0 1607.0 1725.0 small-vehicle 1
1612.0 1710.0 1619.0 1710.0 1619.0 1721.0 1612.0 1721.0 small-vehicle 1
1619.0 1709.0 1624.0 1709.0 1624.0 1718.0 1619.0 1718.0 small-vehicle 1
1624.0 1703.0 1633.0 1703.0 1633.0 1716.0 1624.0 1716.0 small-vehicle 1
1632.0 1703.0 1638.0 1703.0 1638.0 1712.0 1632.0 1712.0 small-vehicle 1
1637.0 1701.0 1644.0 1701.0 1644.0 1711.0 1637.0 1711.0 small-vehicle 1
1643.0 1699.0 1649.0 1699.0 1649.0 1709.0 1643.0 1709.0 small-vehicle 1
1795.0 1674.0 1801.0 1674.0 1801.0 1685.0 1795.0 1685.0 small-vehicle 1
1567.0 1577.0 1595.0 1577.0 1595.0 1636.0 1567.0 1636.0 tennis-court 0
1608.0 1562.0 1637.0 1562.0 1637.0 1623.0 1608.0 1623.0 tennis-court 0
1648.0 1564.0 1676.0 1564.0 1676.0 1619.0 1648.0 1619.0 tennis-court 0
1687.0 1504.0 1701.0 1504.0 1701.0 1510.0 1687.0 1510.0 small-vehicle 1
1466.0 1303.0 1478.0 1303.0 1478.0 1316.0 1466.0 1316.0 small-vehicle 1
1494.0 1315.0 1507.0 1315.0 1507.0 1323.0 1494.0 1323.0 small-vehicle 1
1493.0 1309.0 1506.0 1309.0 1506.0 1316.0 1493.0 1316.0 small-vehicle 1
1490.0 1304.0 1502.0 1304.0 1502.0 1310.0 1490.0 1310.0 small-vehicle 1
1508.0 1304.0 1518.0 1304.0 1518.0 1317.0 1508.0 1317.0 small-vehicle 1
1515.0 1300.0 1521.0 1300.0 1521.0 1310.0 1515.0 1310.0 small-vehicle 1
1520.0 1299.0 1526.0 1299.0 1526.0 1309.0 1520.0 1309.0 small-vehicle 1
1523.0 1295.0 1531.0 1295.0 1531.0 1305.0 1523.0 1305.0 small-vehicle 1
1527.0 1302.0 1539.0 1302.0 1539.0 1312.0 1527.0 1312.0 small-vehicle 1
1529.0 1307.0 1541.0 1307.0 1541.0 1316.0 1529.0 1316.0 small-vehicle 1
1666.0 1732.0 1671.0 1732.0 1671.0 1743.0 1666.0 1743.0 small-vehicle 1
1685.0 1725.0 1690.0 1725.0 1690.0 1735.0 1685.0 1735.0 small-vehicle 1
1681.0 1728.0 1686.0 1728.0 1686.0 1738.0 1681.0 1738.0 small-vehicle 1
1447.0 1511.0 1453.0 1511.0 1453.0 1522.0 1447.0 1522.0 small-vehicle 1
1169.0 1106.0 1183.0 1106.0 1183.0 1114.0 1169.0 1114.0 small-vehicle 1
989.0 972.0 1000.0 972.0 1000.0 978.0 989.0 978.0 small-vehicle 1
990.0 961.0 1001.0 961.0 1001.0 967.0 990.0 967.0 small-vehicle 1
994.0 945.0 1006.0 945.0 1006.0 952.0 994.0 952.0 small-vehicle 1
995.0 939.0 1007.0 939.0 1007.0 946.0 995.0 946.0 small-vehicle 1
999.0 1420.0 1015.0 1420.0 1015.0 1427.0 999.0 1427.0 large-vehicle 1
1024.0 1413.0 1042.0 1413.0 1042.0 1419.0 1024.0 1419.0 large-vehicle 1
1141.0 1717.0 1147.0 1717.0 1147.0 1727.0 1141.0 1727.0 small-vehicle 1
1444.0 1482.0 1456.0 1482.0 1456.0 1491.0 1444.0 1491.0 small-vehicle 1
1432.0 1495.0 1440.0 1495.0 1440.0 1505.0 1432.0 1505.0 small-vehicle 1
1339.0 1665.0 1351.0 1665.0 1351.0 1673.0 1339.0 1673.0 small-vehicle 1
1638.0 1750.0 1644.0 1750.0 1644.0 1759.0 1638.0 1759.0 small-vehicle 1
1542.0 1480.0 1582.0 1480.0 1582.0 1490.0 1542.0 1490.0 large-vehicle 1
1571.0 1946.0 1584.0 1946.0 1584.0 1951.0 1571.0 1951.0 small-vehicle 1
1573.0 1955.0 1585.0 1955.0 1585.0 1959.0 1573.0 1959.0 small-vehicle 1
1573.0 1961.0 1586.0 1961.0 1586.0 1966.0 1573.0 1966.0 small-vehicle 1
1569.0 1928.0 1581.0 1928.0 1581.0 1935.0 1569.0 1935.0 small-vehicle 1
1570.0 1938.0 1581.0 1938.0 1581.0 1943.0 1570.0 1943.0 small-vehicle 1
1644.0 1773.0 1652.0 1773.0 1652.0 1785.0 1644.0 1785.0 small-vehicle 1
1601.0 1775.0 1612.0 1775.0 1612.0 1780.0 1601.0 1780.0 small-vehicle 1
1602.0 1760.0 1614.0 1760.0 1614.0 1765.0 1602.0 1765.0 small-vehicle 1
1632.0 1749.0 1638.0 1749.0 1638.0 1760.0 1632.0 1760.0 small-vehicle 1
472.0 945.0 483.0 945.0 483.0 952.0 472.0 952.0 small-vehicle 1
459.0 944.0 472.0 944.0 472.0 953.0 459.0 953.0 small-vehicle 1
1533.0 1318.0 1545.0 1318.0 1545.0 1327.0 1533.0 1327.0 small-vehicle 1
67.0 833.0 75.0 833.0 75.0 848.0 67.0 848.0 small-vehicle 1
89.0 839.0 96.0 839.0 96.0 855.0 89.0 855.0 small-vehicle 1
95.0 840.0 103.0 840.0 103.0 856.0 95.0 856.0 small-vehicle 1
101.0 842.0 109.0 842.0 109.0 858.0 101.0 858.0 small-vehicle 1
227.0 875.0 235.0 875.0 235.0 890.0 227.0 890.0 small-vehicle 1
234.0 876.0 240.0 876.0 240.0 891.0 234.0 891.0 small-vehicle 1
239.0 877.0 246.0 877.0 246.0 892.0 239.0 892.0 small-vehicle 1
245.0 881.0 252.0 881.0 252.0 893.0 245.0 893.0 small-vehicle 1
251.0 881.0 258.0 881.0 258.0 895.0 251.0 895.0 small-vehicle 1
257.0 884.0 264.0 884.0 264.0 897.0 257.0 897.0 small-vehicle 1
383.0 779.0 390.0 779.0 390.0 790.0 383.0 790.0 small-vehicle 1
378.0 792.0 387.0 792.0 387.0 803.0 378.0 803.0 small-vehicle 1
357.0 800.0 365.0 800.0 365.0 812.0 357.0 812.0 small-vehicle 1
370.0 823.0 377.0 823.0 377.0 833.0 370.0 833.0 small-vehicle 1
375.0 825.0 382.0 825.0 382.0 835.0 375.0 835.0 small-vehicle 1
379.0 826.0 388.0 826.0 388.0 838.0 379.0 838.0 small-vehicle 1
384.0 828.0 393.0 828.0 393.0 839.0 384.0 839.0 small-vehicle 1
365.0 847.0 372.0 847.0 372.0 857.0 365.0 857.0 small-vehicle 1
370.0 848.0 377.0 848.0 377.0 858.0 370.0 858.0 small-vehicle 1
376.0 848.0 382.0 848.0 382.0 860.0 376.0 860.0 small-vehicle 1
381.0 849.0 387.0 849.0 387.0 860.0 381.0 860.0 small-vehicle 1
367.0 860.0 374.0 860.0 374.0 870.0 367.0 870.0 small-vehicle 1
360.0 857.0 369.0 857.0 369.0 869.0 360.0 869.0 small-vehicle 1
311.0 880.0 318.0 880.0 318.0 890.0 311.0 890.0 small-vehicle 1
74.0 834.0 83.0 834.0 83.0 849.0 74.0 849.0 small-vehicle 1
133.0 837.0 145.0 837.0 145.0 842.0 133.0 842.0 small-vehicle 1
457.0 949.0 470.0 949.0 470.0 959.0 457.0 959.0 small-vehicle 1
132.0 820.0 147.0 820.0 147.0 828.0 132.0 828.0 small-vehicle 1
328.0 79.0 333.0 79.0 333.0 89.0 328.0 89.0 small-vehicle 1
322.0 81.0 329.0 81.0 329.0 91.0 322.0 91.0 small-vehicle 1
73.0 119.0 86.0 119.0 86.0 129.0 73.0 129.0 small-vehicle 1
270.0 214.0 275.0 214.0 275.0 223.0 270.0 223.0 small-vehicle 1
275.0 226.0 280.0 226.0 280.0 236.0 275.0 236.0 small-vehicle 1
179.0 332.0 191.0 332.0 191.0 339.0 179.0 339.0 small-vehicle 1
301.0 401.0 307.0 401.0 307.0 411.0 301.0 411.0 small-vehicle 1
278.0 422.0 284.0 422.0 284.0 432.0 278.0 432.0 small-vehicle 1
392.0 443.0 400.0 443.0 400.0 454.0 392.0 454.0 small-vehicle 1
398.0 445.0 407.0 445.0 407.0 456.0 398.0 456.0 small-vehicle 1
390.0 469.0 404.0 469.0 404.0 478.0 390.0 478.0 small-vehicle 1
135.0 490.0 149.0 490.0 149.0 495.0 135.0 495.0 small-vehicle 1
92.0 606.0 99.0 606.0 99.0 617.0 92.0 617.0 small-vehicle 1
10.0 581.0 21.0 581.0 21.0 591.0 10.0 591.0 small-vehicle 1
19.0 584.0 29.0 584.0 29.0 593.0 19.0 593.0 small-vehicle 1
27.0 587.0 39.0 587.0 39.0 596.0 27.0 596.0 small-vehicle 1
23.0 595.0 34.0 595.0 34.0 606.0 23.0 606.0 small-vehicle 1
14.0 594.0 26.0 594.0 26.0 605.0 14.0 605.0 small-vehicle 1
6.0 593.0 17.0 593.0 17.0 603.0 6.0 603.0 small-vehicle 1
44.0 706.0 57.0 706.0 57.0 714.0 44.0 714.0 small-vehicle 1
102.0 724.0 109.0 724.0 109.0 735.0 102.0 735.0 small-vehicle 1
110.0 808.0 118.0 808.0 118.0 819.0 110.0 819.0 small-vehicle 1
132.0 828.0 143.0 828.0 143.0 834.0 132.0 834.0 small-vehicle 1
321.0 880.0 329.0 880.0 329.0 891.0 321.0 891.0 small-vehicle 1
359.0 880.0 367.0 880.0 367.0 891.0 359.0 891.0 small-vehicle 1
365.0 882.0 373.0 882.0 373.0 892.0 365.0 892.0 small-vehicle 1
362.0 919.0 370.0 919.0 370.0 929.0 362.0 929.0 small-vehicle 1
453.0 1009.0 467.0 1009.0 467.0 1017.0 453.0 1017.0 small-vehicle 1
457.0 1003.0 468.0 1003.0 468.0 1010.0 457.0 1010.0 large-vehicle 1
458.0 998.0 469.0 998.0 469.0 1005.0 458.0 1005.0 small-vehicle 1
445.0 998.0 457.0 998.0 457.0 1004.0 445.0 1004.0 small-vehicle 1
447.0 991.0 461.0 991.0 461.0 1000.0 447.0 1000.0 small-vehicle 1
425.0 987.0 436.0 987.0 436.0 994.0 425.0 994.0 small-vehicle 1
426.0 978.0 438.0 978.0 438.0 986.0 426.0 986.0 small-vehicle 1
428.0 972.0 440.0 972.0 440.0 980.0 428.0 980.0 small-vehicle 1
430.0 966.0 443.0 966.0 443.0 975.0 430.0 975.0 small-vehicle 1
431.0 961.0 444.0 961.0 444.0 970.0 431.0 970.0 small-vehicle 1
432.0 955.0 445.0 955.0 445.0 964.0 432.0 964.0 small-vehicle 1
434.0 949.0 446.0 949.0 446.0 958.0 434.0 958.0 small-vehicle 1
452.0 982.0 464.0 982.0 464.0 989.0 452.0 989.0 small-vehicle 1
452.0 976.0 465.0 976.0 465.0 983.0 452.0 983.0 large-vehicle 1
463.0 984.0 474.0 984.0 474.0 991.0 463.0 991.0 small-vehicle 1
464.0 976.0 476.0 976.0 476.0 984.0 464.0 984.0 small-vehicle 1
486.0 976.0 500.0 976.0 500.0 984.0 486.0 984.0 small-vehicle 1
500.0 991.0 513.0 991.0 513.0 999.0 500.0 999.0 small-vehicle 1
465.0 971.0 478.0 971.0 478.0 979.0 465.0 979.0 small-vehicle 1
466.0 965.0 479.0 965.0 479.0 973.0 466.0 973.0 small-vehicle 1
467.0 958.0 479.0 958.0 479.0 966.0 467.0 966.0 small-vehicle 1
455.0 954.0 468.0 954.0 468.0 964.0 455.0 964.0 small-vehicle 1
468.0 953.0 481.0 953.0 481.0 962.0 468.0 962.0 small-vehicle 1
486.0 1046.0 498.0 1046.0 498.0 1053.0 486.0 1053.0 small-vehicle 1
488.0 1036.0 499.0 1036.0 499.0 1044.0 488.0 1044.0 small-vehicle 1
491.0 1026.0 502.0 1026.0 502.0 1033.0 491.0 1033.0 small-vehicle 1
106.0 991.0 118.0 991.0 118.0 999.0 106.0 999.0 small-vehicle 1
360.0 929.0 367.0 929.0 367.0 940.0 360.0 940.0 small-vehicle 1
349.0 926.0 357.0 926.0 357.0 937.0 349.0 937.0 small-vehicle 1
344.0 924.0 352.0 924.0 352.0 936.0 344.0 936.0 small-vehicle 1
295.0 1005.0 312.0 1005.0 312.0 1013.0 295.0 1013.0 large-vehicle 1
293.0 1012.0 310.0 1012.0 310.0 1020.0 293.0 1020.0 large-vehicle 1
290.0 1017.0 307.0 1017.0 307.0 1025.0 290.0 1025.0 large-vehicle 1
287.0 1028.0 303.0 1028.0 303.0 1036.0 287.0 1036.0 large-vehicle 1
248.0 1127.0 263.0 1127.0 263.0 1144.0 248.0 1144.0 large-vehicle 1
118.0 946.0 130.0 946.0 130.0 953.0 118.0 953.0 small-vehicle 1
113.0 966.0 124.0 966.0 124.0 973.0 113.0 973.0 small-vehicle 1
104.0 999.0 115.0 999.0 115.0 1006.0 104.0 1006.0 small-vehicle 1
475.0 1026.0 485.0 1026.0 485.0 1030.0 475.0 1030.0 small-vehicle 1
103.0 1005.0 114.0 1005.0 114.0 1012.0 103.0 1012.0 small-vehicle 1
6.0 1114.0 20.0 1114.0 20.0 1124.0 6.0 1124.0 small-vehicle 1
209.0 1081.0 222.0 1081.0 222.0 1089.0 209.0 1089.0 small-vehicle 1
282.0 1069.0 293.0 1069.0 293.0 1074.0 282.0 1074.0 small-vehicle 1
289.0 1087.0 297.0 1087.0 297.0 1097.0 289.0 1097.0 small-vehicle 1
300.0 1089.0 313.0 1089.0 313.0 1096.0 300.0 1096.0 small-vehicle 1
445.0 1095.0 457.0 1095.0 457.0 1102.0 445.0 1102.0 small-vehicle 1
409.0 1035.0 421.0 1035.0 421.0 1042.0 409.0 1042.0 small-vehicle 1
442.0 1029.0 454.0 1029.0 454.0 1034.0 442.0 1034.0 small-vehicle 1
443.0 1021.0 453.0 1021.0 453.0 1028.0 443.0 1028.0 small-vehicle 1
1530.0 1313.0 1543.0 1313.0 1543.0 1321.0 1530.0 1321.0 small-vehicle 1
1536.0 1324.0 1548.0 1324.0 1548.0 1333.0 1536.0 1333.0 small-vehicle 1
442.0 493.0 468.0 493.0 468.0 520.0 442.0 520.0 roundabout 0
1115.0 33.0 1124.0 33.0 1124.0 43.0 1115.0 43.0 small-vehicle 1
1125.0 36.0 1134.0 36.0 1134.0 47.0 1125.0 47.0 small-vehicle 1
1130.0 61.0 1137.0 61.0 1137.0 72.0 1130.0 72.0 small-vehicle 1
1348.0 84.0 1367.0 84.0 1367.0 94.0 1348.0 94.0 large-vehicle 1
1348.0 94.0 1364.0 94.0 1364.0 103.0 1348.0 103.0 large-vehicle 1
1020.0 386.0 1027.0 386.0 1027.0 397.0 1020.0 397.0 small-vehicle 1
1032.0 318.0 1044.0 318.0 1044.0 323.0 1032.0 323.0 small-vehicle 1
540.0 88.0 548.0 88.0 548.0 100.0 540.0 100.0 small-vehicle 1
531.0 85.0 537.0 85.0 537.0 96.0 531.0 96.0 small-vehicle 1
520.0 82.0 527.0 82.0 527.0 93.0 520.0 93.0 small-vehicle 1
537.0 64.0 543.0 64.0 543.0 74.0 537.0 74.0 small-vehicle 1
541.0 47.0 548.0 47.0 548.0 58.0 541.0 58.0 small-vehicle 1
578.0 579.0 589.0 579.0 589.0 584.0 578.0 584.0 small-vehicle 1
582.0 569.0 594.0 569.0 594.0 578.0 582.0 578.0 small-vehicle 1
586.0 563.0 598.0 563.0 598.0 574.0 586.0 574.0 small-vehicle 1
593.0 558.0 601.0 558.0 601.0 569.0 593.0 569.0 small-vehicle 1
598.0 556.0 606.0 556.0 606.0 566.0 598.0 566.0 small-vehicle 1
606.0 556.0 613.0 556.0 613.0 566.0 606.0 566.0 small-vehicle 1
613.0 555.0 619.0 555.0 619.0 565.0 613.0 565.0 small-vehicle 1
619.0 555.0 624.0 555.0 624.0 565.0 619.0 565.0 small-vehicle 1
625.0 556.0 631.0 556.0 631.0 565.0 625.0 565.0 small-vehicle 1
631.0 555.0 639.0 555.0 639.0 567.0 631.0 567.0 small-vehicle 1
635.0 559.0 644.0 559.0 644.0 570.0 635.0 570.0 small-vehicle 1
641.0 559.0 650.0 559.0 650.0 572.0 641.0 572.0 small-vehicle 1
1120.0 35.0 1129.0 35.0 1129.0 46.0 1120.0 46.0 small-vehicle 1
1195.0 165.0 1204.0 165.0 1204.0 177.0 1195.0 177.0 small-vehicle 1
1259.0 219.0 1270.0 219.0 1270.0 230.0 1259.0 230.0 small-vehicle 1
1189.0 164.0 1198.0 164.0 1198.0 174.0 1189.0 174.0 small-vehicle 1
1291.0 227.0 1296.0 227.0 1296.0 237.0 1291.0 237.0 small-vehicle 1
1297.0 228.0 1304.0 228.0 1304.0 239.0 1297.0 239.0 small-vehicle 1
1317.0 231.0 1324.0 231.0 1324.0 242.0 1317.0 242.0 small-vehicle 1
1322.0 232.0 1330.0 232.0 1330.0 244.0 1322.0 244.0 small-vehicle 1
1310.0 229.0 1319.0 229.0 1319.0 242.0 1310.0 242.0 small-vehicle 1
1377.0 216.0 1387.0 216.0 1387.0 228.0 1377.0 228.0 small-vehicle 1
1372.0 214.0 1382.0 214.0 1382.0 225.0 1372.0 225.0 small-vehicle 1
1367.0 212.0 1377.0 212.0 1377.0 222.0 1367.0 222.0 small-vehicle 1
1341.0 205.0 1352.0 205.0 1352.0 215.0 1341.0 215.0 small-vehicle 1
1336.0 204.0 1345.0 204.0 1345.0 214.0 1336.0 214.0 small-vehicle 1
1331.0 202.0 1341.0 202.0 1341.0 212.0 1331.0 212.0 small-vehicle 1
1326.0 200.0 1336.0 200.0 1336.0 211.0 1326.0 211.0 small-vehicle 1
1320.0 199.0 1330.0 199.0 1330.0 211.0 1320.0 211.0 small-vehicle 1
1311.0 196.0 1320.0 196.0 1320.0 207.0 1311.0 207.0 small-vehicle 1
1305.0 195.0 1315.0 195.0 1315.0 206.0 1305.0 206.0 small-vehicle 1
1299.0 192.0 1309.0 192.0 1309.0 204.0 1299.0 204.0 small-vehicle 1
1057.0 125.0 1068.0 125.0 1068.0 135.0 1057.0 135.0 small-vehicle 1
1060.0 119.0 1070.0 119.0 1070.0 128.0 1060.0 128.0 small-vehicle 1
1062.0 114.0 1072.0 114.0 1072.0 123.0 1062.0 123.0 small-vehicle 1
1086.0 130.0 1097.0 130.0 1097.0 137.0 1086.0 137.0 small-vehicle 1
1084.0 135.0 1098.0 135.0 1098.0 142.0 1084.0 142.0 small-vehicle 1
1102.0 129.0 1108.0 129.0 1108.0 139.0 1102.0 139.0 small-vehicle 1
1114.0 144.0 1126.0 144.0 1126.0 151.0 1114.0 151.0 small-vehicle 1
646.0 562.0 655.0 562.0 655.0 572.0 646.0 572.0 small-vehicle 1
624.0 580.0 633.0 580.0 633.0 591.0 624.0 591.0 small-vehicle 1
629.0 582.0 640.0 582.0 640.0 595.0 629.0 595.0 small-vehicle 1
654.0 613.0 664.0 613.0 664.0 624.0 654.0 624.0 small-vehicle 1
592.0 601.0 603.0 601.0 603.0 613.0 592.0 613.0 small-vehicle 1
598.0 606.0 608.0 606.0 608.0 617.0 598.0 617.0 small-vehicle 1
603.0 610.0 611.0 610.0 611.0 619.0 603.0 619.0 small-vehicle 1
609.0 612.0 617.0 612.0 617.0 622.0 609.0 622.0 small-vehicle 1
614.0 614.0 622.0 614.0 622.0 625.0 614.0 625.0 small-vehicle 1
618.0 618.0 626.0 618.0 626.0 628.0 618.0 628.0 small-vehicle 1
651.0 564.0 659.0 564.0 659.0 575.0 651.0 575.0 small-vehicle 1
655.0 568.0 664.0 568.0 664.0 578.0 655.0 578.0 small-vehicle 1
664.0 573.0 674.0 573.0 674.0 584.0 664.0 584.0 small-vehicle 1
686.0 590.0 696.0 590.0 696.0 602.0 686.0 602.0 small-vehicle 1
699.0 600.0 708.0 600.0 708.0 611.0 699.0 611.0 small-vehicle 1
704.0 602.0 714.0 602.0 714.0 614.0 704.0 614.0 small-vehicle 1
709.0 606.0 718.0 606.0 718.0 616.0 709.0 616.0 small-vehicle 1
679.0 587.0 691.0 587.0 691.0 599.0 679.0 599.0 small-vehicle 1
668.0 686.0 681.0 686.0 681.0 696.0 668.0 696.0 small-vehicle 1
682.0 696.0 695.0 696.0 695.0 707.0 682.0 707.0 small-vehicle 1
696.0 705.0 709.0 705.0 709.0 715.0 696.0 715.0 small-vehicle 1
710.0 713.0 721.0 713.0 721.0 721.0 710.0 721.0 small-vehicle 1
720.0 719.0 731.0 719.0 731.0 728.0 720.0 728.0 small-vehicle 1
740.0 728.0 751.0 728.0 751.0 738.0 740.0 738.0 small-vehicle 1
758.0 736.0 770.0 736.0 770.0 745.0 758.0 745.0 small-vehicle 1
789.0 749.0 798.0 749.0 798.0 755.0 789.0 755.0 small-vehicle 1
521.0 607.0 532.0 607.0 532.0 616.0 521.0 616.0 small-vehicle 1
587.0 598.0 598.0 598.0 598.0 610.0 587.0 610.0 small-vehicle 1
584.0 594.0 594.0 594.0 594.0 605.0 584.0 605.0 small-vehicle 1
579.0 590.0 591.0 590.0 591.0 597.0 579.0 597.0 small-vehicle 1
651.0 637.0 660.0 637.0 660.0 649.0 651.0 649.0 small-vehicle 1
673.0 625.0 684.0 625.0 684.0 637.0 673.0 637.0 small-vehicle 1
684.0 618.0 694.0 618.0 694.0 628.0 684.0 628.0 small-vehicle 1
663.0 620.0 673.0 620.0 673.0 631.0 663.0 631.0 small-vehicle 1
690.0 636.0 700.0 636.0 700.0 647.0 690.0 647.0 small-vehicle 1
700.0 666.0 707.0 666.0 707.0 677.0 700.0 677.0 small-vehicle 1
695.0 666.0 700.0 666.0 700.0 675.0 695.0 675.0 small-vehicle 1
678.0 655.0 685.0 655.0 685.0 667.0 678.0 667.0 small-vehicle 1
670.0 650.0 676.0 650.0 676.0 662.0 670.0 662.0 small-vehicle 1
689.0 663.0 694.0 663.0 694.0 673.0 689.0 673.0 small-vehicle 1
654.0 640.0 664.0 640.0 664.0 652.0 654.0 652.0 small-vehicle 1
645.0 634.0 655.0 634.0 655.0 647.0 645.0 647.0 small-vehicle 1
603.0 581.0 614.0 581.0 614.0 593.0 603.0 593.0 small-vehicle 1
640.0 632.0 650.0 632.0 650.0 644.0 640.0 644.0 small-vehicle 1
637.0 627.0 646.0 627.0 646.0 640.0 637.0 640.0 small-vehicle 1
642.0 592.0 651.0 592.0 651.0 602.0 642.0 602.0 small-vehicle 1
637.0 588.0 647.0 588.0 647.0 600.0 637.0 600.0 small-vehicle 1
652.0 598.0 660.0 598.0 660.0 608.0 652.0 608.0 small-vehicle 1
660.0 602.0 672.0 602.0 672.0 613.0 660.0 613.0 small-vehicle 1
628.0 596.0 635.0 596.0 635.0 606.0 628.0 606.0 small-vehicle 1
623.0 593.0 632.0 593.0 632.0 604.0 623.0 604.0 small-vehicle 1
617.0 590.0 626.0 590.0 626.0 601.0 617.0 601.0 small-vehicle 1
610.0 584.0 620.0 584.0 620.0 596.0 610.0 596.0 small-vehicle 1
1282.0 223.0 1289.0 223.0 1289.0 234.0 1282.0 234.0 small-vehicle 1
1243.0 228.0 1257.0 228.0 1257.0 239.0 1243.0 239.0 small-vehicle 1
1538.0 1329.0 1549.0 1329.0 1549.0 1337.0 1538.0 1337.0 small-vehicle 1
1238.0 589.0 1244.0 589.0 1244.0 598.0 1238.0 598.0 small-vehicle 1
1254.0 589.0 1260.0 589.0 1260.0 599.0 1254.0 599.0 small-vehicle 1
1259.0 590.0 1265.0 590.0 1265.0 600.0 1259.0 600.0 small-vehicle 1
1265.0 591.0 1271.0 591.0 1271.0 602.0 1265.0 602.0 small-vehicle 1
1271.0 592.0 1276.0 592.0 1276.0 602.0 1271.0 602.0 small-vehicle 1
1277.0 591.0 1282.0 591.0 1282.0 603.0 1277.0 603.0 small-vehicle 1
1282.0 592.0 1288.0 592.0 1288.0 602.0 1282.0 602.0 small-vehicle 1
1287.0 590.0 1294.0 590.0 1294.0 603.0 1287.0 603.0 small-vehicle 1
1295.0 591.0 1301.0 591.0 1301.0 603.0 1295.0 603.0 small-vehicle 1
1301.0 592.0 1306.0 592.0 1306.0 603.0 1301.0 603.0 small-vehicle 1
1310.0 592.0 1316.0 592.0 1316.0 604.0 1310.0 604.0 small-vehicle 1
1317.0 594.0 1323.0 594.0 1323.0 604.0 1317.0 604.0 small-vehicle 1
1323.0 594.0 1328.0 594.0 1328.0 605.0 1323.0 605.0 small-vehicle 1
1329.0 593.0 1334.0 593.0 1334.0 605.0 1329.0 605.0 small-vehicle 1
1334.0 593.0 1340.0 593.0 1340.0 605.0 1334.0 605.0 small-vehicle 1
1344.0 596.0 1351.0 596.0 1351.0 607.0 1344.0 607.0 small-vehicle 1
1351.0 596.0 1357.0 596.0 1357.0 607.0 1351.0 607.0 small-vehicle 1
1356.0 596.0 1362.0 596.0 1362.0 609.0 1356.0 609.0 small-vehicle 1
1363.0 597.0 1368.0 597.0 1368.0 608.0 1363.0 608.0 small-vehicle 1
1379.0 598.0 1385.0 598.0 1385.0 611.0 1379.0 611.0 small-vehicle 1
1358.0 582.0 1370.0 582.0 1370.0 588.0 1358.0 588.0 small-vehicle 1
1360.0 575.0 1373.0 575.0 1373.0 582.0 1360.0 582.0 small-vehicle 1
1362.0 569.0 1374.0 569.0 1374.0 576.0 1362.0 576.0 small-vehicle 1
1374.0 571.0 1387.0 571.0 1387.0 578.0 1374.0 578.0 small-vehicle 1
1247.0 589.0 1253.0 589.0 1253.0 600.0 1247.0 600.0 small-vehicle 1
1232.0 588.0 1238.0 588.0 1238.0 598.0 1232.0 598.0 small-vehicle 1
1249.0 233.0 1261.0 233.0 1261.0 243.0 1249.0 243.0 small-vehicle 1
1221.0 588.0 1227.0 588.0 1227.0 598.0 1221.0 598.0 small-vehicle 1
1540.0 1334.0 1552.0 1334.0 1552.0 1342.0 1540.0 1342.0 small-vehicle 1
1439.0 1245.0 1450.0 1245.0 1450.0 1258.0 1439.0 1258.0 small-vehicle 1
1546.0 1301.0 1558.0 1301.0 1558.0 1309.0 1546.0 1309.0 small-vehicle 1
1548.0 1307.0 1560.0 1307.0 1560.0 1315.0 1548.0 1315.0 small-vehicle 1
1551.0 1312.0 1562.0 1312.0 1562.0 1320.0 1551.0 1320.0 small-vehicle 1
1533.0 1356.0 1545.0 1356.0 1545.0 1366.0 1533.0 1366.0 small-vehicle 1
1530.0 1352.0 1542.0 1352.0 1542.0 1362.0 1530.0 1362.0 small-vehicle 1
1534.0 1374.0 1544.0 1374.0 1544.0 1384.0 1534.0 1384.0 small-vehicle 1
1539.0 1370.0 1548.0 1370.0 1548.0 1382.0 1539.0 1382.0 small-vehicle 1
1545.0 1365.0 1556.0 1365.0 1556.0 1377.0 1545.0 1377.0 small-vehicle 1
1549.0 1363.0 1560.0 1363.0 1560.0 1373.0 1549.0 1373.0 small-vehicle 1
1554.0 1359.0 1564.0 1359.0 1564.0 1371.0 1554.0 1371.0 small-vehicle 1
1558.0 1357.0 1569.0 1357.0 1569.0 1367.0 1558.0 1367.0 small-vehicle 1
1556.0 1344.0 1567.0 1344.0 1567.0 1356.0 1556.0 1356.0 small-vehicle 1
1369.0 825.0 1376.0 825.0 1376.0 836.0 1369.0 836.0 small-vehicle 1
1329.0 805.0 1341.0 805.0 1341.0 810.0 1329.0 810.0 small-vehicle 1
1149.0 580.0 1154.0 580.0 1154.0 590.0 1149.0 590.0 small-vehicle 1
1154.0 581.0 1160.0 581.0 1160.0 592.0 1154.0 592.0 small-vehicle 1
1160.0 582.0 1166.0 582.0 1166.0 592.0 1160.0 592.0 small-vehicle 1
1166.0 582.0 1172.0 582.0 1172.0 593.0 1166.0 593.0 small-vehicle 1
1172.0 582.0 1177.0 582.0 1177.0 593.0 1172.0 593.0 small-vehicle 1
1177.0 584.0 1183.0 584.0 1183.0 594.0 1177.0 594.0 small-vehicle 1
1205.0 576.0 1219.0 576.0 1219.0 585.0 1205.0 585.0 small-vehicle 1
1372.0 582.0 1386.0 582.0 1386.0 592.0 1372.0 592.0 small-vehicle 1
1375.0 561.0 1389.0 561.0 1389.0 569.0 1375.0 569.0 small-vehicle 1
1371.0 543.0 1383.0 543.0 1383.0 550.0 1371.0 550.0 small-vehicle 1
1126.0 557.0 1131.0 557.0 1131.0 566.0 1126.0 566.0 small-vehicle 1
1308.0 376.0 1313.0 376.0 1313.0 387.0 1308.0 387.0 small-vehicle 1
1263.0 364.0 1271.0 364.0 1271.0 376.0 1263.0 376.0 small-vehicle 1
1274.0 344.0 1281.0 344.0 1281.0 356.0 1274.0 356.0 small-vehicle 1
1241.0 342.0 1255.0 342.0 1255.0 352.0 1241.0 352.0 small-vehicle 1
1240.0 331.0 1252.0 331.0 1252.0 336.0 1240.0 336.0 small-vehicle 1
1243.0 311.0 1250.0 311.0 1250.0 323.0 1243.0 323.0 small-vehicle 1
1355.0 259.0 1368.0 259.0 1368.0 269.0 1355.0 269.0 small-vehicle 1
1262.0 291.0 1269.0 291.0 1269.0 302.0 1262.0 302.0 small-vehicle 1
1255.0 289.0 1263.0 289.0 1263.0 301.0 1255.0 301.0 small-vehicle 1
1246.0 287.0 1252.0 287.0 1252.0 297.0 1246.0 297.0 small-vehicle 1
1266.0 267.0 1278.0 267.0 1278.0 281.0 1266.0 281.0 small-vehicle 1
1259.0 265.0 1270.0 265.0 1270.0 277.0 1259.0 277.0 small-vehicle 1
1251.0 262.0 1264.0 262.0 1264.0 274.0 1251.0 274.0 small-vehicle 1
1245.0 261.0 1257.0 261.0 1257.0 271.0 1245.0 271.0 small-vehicle 1
1242.0 243.0 1250.0 243.0 1250.0 257.0 1242.0 257.0 small-vehicle 1
1248.0 246.0 1258.0 246.0 1258.0 257.0 1248.0 257.0 small-vehicle 1
1254.0 245.0 1264.0 245.0 1264.0 255.0 1254.0 255.0 small-vehicle 1
1262.0 247.0 1272.0 247.0 1272.0 260.0 1262.0 260.0 small-vehicle 1
1269.0 250.0 1279.0 250.0 1279.0 261.0 1269.0 261.0 small-vehicle 1
1276.0 251.0 1285.0 251.0 1285.0 261.0 1276.0 261.0 small-vehicle 1
1272.0 240.0 1285.0 240.0 1285.0 251.0 1272.0 251.0 small-vehicle 1
1263.0 237.0 1276.0 237.0 1276.0 247.0 1263.0 247.0 small-vehicle 1
1254.0 234.0 1267.0 234.0 1267.0 244.0 1254.0 244.0 small-vehicle 1
1302.0 386.0 1310.0 386.0 1310.0 398.0 1302.0 398.0 small-vehicle 1
1296.0 386.0 1303.0 386.0 1303.0 397.0 1296.0 397.0 small-vehicle 1
1290.0 383.0 1299.0 383.0 1299.0 396.0 1290.0 396.0 small-vehicle 1
1199.0 515.0 1210.0 515.0 1210.0 526.0 1199.0 526.0 small-vehicle 1
1133.0 557.0 1138.0 557.0 1138.0 567.0 1133.0 567.0 small-vehicle 1
1138.0 558.0 1144.0 558.0 1144.0 568.0 1138.0 568.0 small-vehicle 1
1144.0 558.0 1150.0 558.0 1150.0 568.0 1144.0 568.0 small-vehicle 1
1150.0 558.0 1156.0 558.0 1156.0 570.0 1150.0 570.0 small-vehicle 1
1156.0 557.0 1162.0 557.0 1162.0 568.0 1156.0 568.0 small-vehicle 1
1162.0 557.0 1168.0 557.0 1168.0 568.0 1162.0 568.0 small-vehicle 1
1168.0 559.0 1173.0 559.0 1173.0 570.0 1168.0 570.0 small-vehicle 1
1139.0 533.0 1151.0 533.0 1151.0 542.0 1139.0 542.0 small-vehicle 1
1169.0 524.0 1183.0 524.0 1183.0 533.0 1169.0 533.0 small-vehicle 1
1193.0 519.0 1206.0 519.0 1206.0 530.0 1193.0 530.0 small-vehicle 1
1201.0 509.0 1214.0 509.0 1214.0 520.0 1201.0 520.0 small-vehicle 1
1280.0 382.0 1288.0 382.0 1288.0 394.0 1280.0 394.0 small-vehicle 1
1210.0 504.0 1223.0 504.0 1223.0 515.0 1210.0 515.0 small-vehicle 1
1213.0 499.0 1226.0 499.0 1226.0 510.0 1213.0 510.0 small-vehicle 1
1217.0 493.0 1229.0 493.0 1229.0 505.0 1217.0 505.0 small-vehicle 1
1220.0 488.0 1233.0 488.0 1233.0 501.0 1220.0 501.0 small-vehicle 1
1137.0 437.0 1148.0 437.0 1148.0 450.0 1137.0 450.0 small-vehicle 1
1132.0 442.0 1144.0 442.0 1144.0 453.0 1132.0 453.0 small-vehicle 1
1260.0 375.0 1267.0 375.0 1267.0 386.0 1260.0 386.0 small-vehicle 1
1264.0 377.0 1272.0 377.0 1272.0 388.0 1264.0 388.0 small-vehicle 1
1269.0 379.0 1278.0 379.0 1278.0 389.0 1269.0 389.0 small-vehicle 1
1274.0 379.0 1283.0 379.0 1283.0 392.0 1274.0 392.0 small-vehicle 1
339.0 67.0 345.0 67.0 345.0 77.0 339.0 77.0 small-vehicle 1
