imagesource:GoogleEarth
gsd:0.961317059757
982.0 906.0 985.0 906.0 985.0 925.0 982.0 925.0 large-vehicle 1
988.0 787.0 992.0 787.0 992.0 797.0 988.0 797.0 large-vehicle 1
349.0 1304.0 357.0 1304.0 357.0 1307.0 349.0 1307.0 large-vehicle 1
971.0 4.0 974.0 4.0 974.0 9.0 971.0 9.0 small-vehicle 1
986.0 10.0 989.0 10.0 989.0 14.0 986.0 14.0 small-vehicle 1
978.0 19.0 980.0 19.0 980.0 24.0 978.0 24.0 small-vehicle 1
989.0 55.0 992.0 55.0 992.0 60.0 989.0 60.0 small-vehicle 1
999.0 95.0 1003.0 95.0 1003.0 100.0 999.0 100.0 small-vehicle 1
997.0 146.0 1001.0 146.0 1001.0 153.0 997.0 153.0 small-vehicle 1
983.0 146.0 986.0 146.0 986.0 150.0 983.0 150.0 small-vehicle 1
1000.0 372.0 1002.0 372.0 1002.0 376.0 1000.0 376.0 small-vehicle 1
997.0 410.0 1000.0 410.0 1000.0 415.0 997.0 415.0 small-vehicle 1
1001.0 468.0 1004.0 468.0 1004.0 473.0 1001.0 473.0 small-vehicle 1
999.0 482.0 1002.0 482.0 1002.0 487.0 999.0 487.0 small-vehicle 1
1000.0 562.0 1005.0 562.0 1005.0 568.0 1000.0 568.0 small-vehicle 1
995.0 506.0 998.0 506.0 998.0 515.0 995.0 515.0 small-vehicle 1
1011.0 762.0 1015.0 762.0 1015.0 767.0 1011.0 767.0 small-vehicle 1
186.0 1290.0 194.0 1290.0 194.0 1294.0 186.0 1294.0 large-vehicle 1
326.0 914.0 331.0 914.0 331.0 925.0 326.0 925.0 large-vehicle 1
349.0 254.0 363.0 254.0 363.0 262.0 349.0 262.0 large-vehicle 1
928.0 1518.0 936.0 1518.0 936.0 1536.0 928.0 1536.0 large-vehicle 0
658.0 1340.0 768.0 1340.0 768.0 1471.0 658.0 1471.0 soccer-ball-field 1
766.0 1317.0 863.0 1317.0 863.0 1433.0 766.0 1433.0 soccer-ball-field 1
732.0 1411.0 831.0 1411.0 831.0 1531.0 732.0 1531.0 soccer-ball-field 1
833.0 1763.0 893.0 1763.0 893.0 1894.0 833.0 1894.0 bridge 0
787.0 2184.0 791.0 2184.0 791.0 2191.0 787.0 2191.0 small-vehicle 1
866.0 1877.0 872.0 1877.0 872.0 1891.0 866.0 1891.0 large-vehicle 1
962.0 1320.0 968.0 1320.0 968.0 1337.0 962.0 1337.0 large-vehicle 0
61.0 53.0 71.0 53.0 71.0 57.0 61.0 57.0 large-vehicle 1
934.0 1318.0 941.0 1318.0 941.0 1335.0 934.0 1335.0 large-vehicle 0
944.0 1265.0 949.0 1265.0 949.0 1281.0 944.0 1281.0 large-vehicle 0
974.0 1251.0 978.0 1251.0 978.0 1261.0 974.0 1261.0 large-vehicle 1
970.0 1042.0 976.0 1042.0 976.0 1059.0 970.0 1059.0 large-vehicle 0
886.0 957.0 904.0 957.0 904.0 962.0 886.0 962.0 large-vehicle 0
995.0 1062.0 1000.0 1062.0 1000.0 1074.0 995.0 1074.0 large-vehicle 1
1015.0 313.0 1019.0 313.0 1019.0 332.0 1015.0 332.0 large-vehicle 1
737.0 1210.0 747.0 1210.0 747.0 1215.0 737.0 1215.0 large-vehicle 1
977.0 1218.0 983.0 1218.0 983.0 1235.0 977.0 1235.0 large-vehicle 1
677.0 1194.0 689.0 1194.0 689.0 1199.0 677.0 1199.0 large-vehicle 1
413.0 1255.0 425.0 1255.0 425.0 1258.0 413.0 1258.0 large-vehicle 1
425.0 1264.0 438.0 1264.0 438.0 1269.0 425.0 1269.0 large-vehicle 1
425.0 1260.0 436.0 1260.0 436.0 1265.0 425.0 1265.0 large-vehicle 1
425.0 1255.0 440.0 1255.0 440.0 1260.0 425.0 1260.0 large-vehicle 1
441.0 1258.0 455.0 1258.0 455.0 1265.0 441.0 1265.0 large-vehicle 1
436.0 1255.0 452.0 1255.0 452.0 1262.0 436.0 1262.0 large-vehicle 1
431.0 1250.0 444.0 1250.0 444.0 1256.0 431.0 1256.0 large-vehicle 1
476.0 1281.0 482.0 1281.0 482.0 1291.0 476.0 1291.0 large-vehicle 1
337.0 1484.0 344.0 1484.0 344.0 1487.0 337.0 1487.0 large-vehicle 1
465.0 1505.0 477.0 1505.0 477.0 1513.0 465.0 1513.0 large-vehicle 1
819.0 1991.0 823.0 1991.0 823.0 2000.0 819.0 2000.0 large-vehicle 1
823.0 1990.0 828.0 1990.0 828.0 1998.0 823.0 1998.0 small-vehicle 1
815.0 2171.0 819.0 2171.0 819.0 2179.0 815.0 2179.0 small-vehicle 1
1007.0 300.0 1011.0 300.0 1011.0 306.0 1007.0 306.0 small-vehicle 1
1010.0 278.0 1013.0 278.0 1013.0 284.0 1010.0 284.0 small-vehicle 1
413.0 1258.0 424.0 1258.0 424.0 1262.0 413.0 1262.0 large-vehicle 1
413.0 1261.0 424.0 1261.0 424.0 1268.0 413.0 1268.0 large-vehicle 1
346.0 1293.0 367.0 1293.0 367.0 1300.0 346.0 1300.0 large-vehicle 1
174.0 818.0 180.0 818.0 180.0 822.0 174.0 822.0 large-vehicle 1
829.0 2085.0 833.0 2085.0 833.0 2096.0 829.0 2096.0 large-vehicle 1
838.0 1901.0 842.0 1901.0 842.0 1907.0 838.0 1907.0 small-vehicle 1
888.0 1753.0 892.0 1753.0 892.0 1759.0 888.0 1759.0 small-vehicle 1
888.0 1731.0 891.0 1731.0 891.0 1736.0 888.0 1736.0 small-vehicle 1
873.0 1713.0 876.0 1713.0 876.0 1718.0 873.0 1718.0 small-vehicle 1
886.0 1643.0 888.0 1643.0 888.0 1647.0 886.0 1647.0 small-vehicle 1
244.0 820.0 252.0 820.0 252.0 824.0 244.0 824.0 large-vehicle 1
165.0 1291.0 175.0 1291.0 175.0 1297.0 165.0 1297.0 large-vehicle 1
286.0 814.0 292.0 814.0 292.0 818.0 286.0 818.0 large-vehicle 1
322.0 1271.0 331.0 1271.0 331.0 1278.0 322.0 1278.0 large-vehicle 1
856.0 1916.0 859.0 1916.0 859.0 1921.0 856.0 1921.0 small-vehicle 1
207.0 820.0 214.0 820.0 214.0 825.0 207.0 825.0 large-vehicle 1
363.0 817.0 370.0 817.0 370.0 821.0 363.0 821.0 large-vehicle 1
126.0 1295.0 143.0 1295.0 143.0 1299.0 126.0 1299.0 large-vehicle 1
635.0 1308.0 794.0 1308.0 794.0 1501.0 635.0 1501.0 ground-track-field 0
