imagesource:GoogleEarth
gsd:0.495132850872
1630.0 2055.0 1640.0 2055.0 1640.0 2061.0 1630.0 2061.0 small-vehicle 1
271.0 161.0 276.0 161.0 276.0 168.0 271.0 168.0 small-vehicle 1
280.0 164.0 285.0 164.0 285.0 172.0 280.0 172.0 small-vehicle 1
285.0 166.0 290.0 166.0 290.0 173.0 285.0 173.0 small-vehicle 1
290.0 168.0 296.0 168.0 296.0 177.0 290.0 177.0 small-vehicle 1
303.0 171.0 309.0 171.0 309.0 182.0 303.0 182.0 small-vehicle 1
308.0 173.0 314.0 173.0 314.0 183.0 308.0 183.0 small-vehicle 1
312.0 176.0 318.0 176.0 318.0 185.0 312.0 185.0 small-vehicle 1
1761.0 1714.0 1767.0 1714.0 1767.0 1726.0 1761.0 1726.0 small-vehicle 1
1755.0 1894.0 1761.0 1894.0 1761.0 1904.0 1755.0 1904.0 small-vehicle 1
1615.0 2058.0 1625.0 2058.0 1625.0 2066.0 1615.0 2066.0 small-vehicle 1
1580.0 2063.0 1590.0 2063.0 1590.0 2070.0 1580.0 2070.0 small-vehicle 1
1765.0 2120.0 1771.0 2120.0 1771.0 2130.0 1765.0 2130.0 small-vehicle 1
1760.0 2165.0 1765.0 2165.0 1765.0 2175.0 1760.0 2175.0 small-vehicle 1
1644.0 2333.0 1653.0 2333.0 1653.0 2341.0 1644.0 2341.0 small-vehicle 1
1633.0 2338.0 1642.0 2338.0 1642.0 2347.0 1633.0 2347.0 small-vehicle 1
1617.0 2523.0 1628.0 2523.0 1628.0 2529.0 1617.0 2529.0 small-vehicle 1
276.0 162.0 281.0 162.0 281.0 170.0 276.0 170.0 small-vehicle 1
267.0 160.0 272.0 160.0 272.0 167.0 267.0 167.0 small-vehicle 1
1549.0 2724.0 1555.0 2724.0 1555.0 2736.0 1549.0 2736.0 small-vehicle 1
261.0 158.0 266.0 158.0 266.0 165.0 261.0 165.0 small-vehicle 1
208.0 2601.0 218.0 2601.0 218.0 2608.0 208.0 2608.0 small-vehicle 1
249.0 2242.0 260.0 2242.0 260.0 2249.0 249.0 2249.0 small-vehicle 1
457.0 2168.0 465.0 2168.0 465.0 2179.0 457.0 2179.0 small-vehicle 1
1864.0 1995.0 1870.0 1995.0 1870.0 2007.0 1864.0 2007.0 small-vehicle 1
1775.0 1340.0 1801.0 1340.0 1801.0 1346.0 1775.0 1346.0 small-vehicle 1
2004.0 1352.0 2014.0 1352.0 2014.0 1357.0 2004.0 1357.0 small-vehicle 1
1904.0 1823.0 1910.0 1823.0 1910.0 1833.0 1904.0 1833.0 small-vehicle 1
1904.0 1802.0 1909.0 1802.0 1909.0 1811.0 1904.0 1811.0 small-vehicle 1
1828.0 1700.0 1838.0 1700.0 1838.0 1709.0 1828.0 1709.0 small-vehicle 1
1602.0 2062.0 1612.0 2062.0 1612.0 2067.0 1602.0 2067.0 small-vehicle 1
1024.0 1113.0 1035.0 1113.0 1035.0 1121.0 1024.0 1121.0 large-vehicle 1
719.0 1192.0 726.0 1192.0 726.0 1203.0 719.0 1203.0 small-vehicle 1
684.0 1222.0 689.0 1222.0 689.0 1230.0 684.0 1230.0 small-vehicle 1
471.0 1573.0 484.0 1573.0 484.0 1582.0 471.0 1582.0 large-vehicle 1
506.0 1549.0 514.0 1549.0 514.0 1558.0 506.0 1558.0 small-vehicle 1
1680.0 2525.0 1689.0 2525.0 1689.0 2531.0 1680.0 2531.0 small-vehicle 1
1812.0 1201.0 1825.0 1201.0 1825.0 1218.0 1812.0 1218.0 large-vehicle 1
2000.0 1193.0 2009.0 1193.0 2009.0 1204.0 2000.0 1204.0 small-vehicle 1
426.0 2750.0 435.0 2750.0 435.0 2757.0 426.0 2757.0 small-vehicle 1
738.0 1731.0 744.0 1731.0 744.0 1739.0 738.0 1739.0 small-vehicle 1
701.0 1660.0 706.0 1660.0 706.0 1670.0 701.0 1670.0 small-vehicle 1
168.0 2253.0 178.0 2253.0 178.0 2266.0 168.0 2266.0 large-vehicle 1
246.0 2085.0 258.0 2085.0 258.0 2101.0 246.0 2101.0 large-vehicle 0
342.0 2539.0 356.0 2539.0 356.0 2545.0 342.0 2545.0 large-vehicle 1
142.0 2305.0 154.0 2305.0 154.0 2321.0 142.0 2321.0 large-vehicle 0
424.0 18.0 435.0 18.0 435.0 27.0 424.0 27.0 small-vehicle 1
436.0 19.0 448.0 19.0 448.0 26.0 436.0 26.0 small-vehicle 1
489.0 24.0 496.0 24.0 496.0 32.0 489.0 32.0 small-vehicle 1
720.0 1481.0 736.0 1481.0 736.0 1493.0 720.0 1493.0 large-vehicle 0
539.0 1525.0 549.0 1525.0 549.0 1536.0 539.0 1536.0 small-vehicle 1
419.0 1631.0 431.0 1631.0 431.0 1639.0 419.0 1639.0 small-vehicle 1
651.0 1284.0 664.0 1284.0 664.0 1310.0 651.0 1310.0 large-vehicle 0
472.0 1599.0 506.0 1599.0 506.0 1617.0 472.0 1617.0 large-vehicle 0
36.0 1752.0 54.0 1752.0 54.0 1766.0 36.0 1766.0 large-vehicle 0
404.0 2750.0 414.0 2750.0 414.0 2756.0 404.0 2756.0 small-vehicle 1
439.0 2753.0 448.0 2753.0 448.0 2758.0 439.0 2758.0 small-vehicle 1
1841.0 931.0 1850.0 931.0 1850.0 946.0 1841.0 946.0 large-vehicle 1
471.0 2753.0 481.0 2753.0 481.0 2760.0 471.0 2760.0 small-vehicle 1
1953.0 2743.0 1969.0 2743.0 1969.0 2749.0 1953.0 2749.0 large-vehicle 0
1543.0 1422.0 1558.0 1422.0 1558.0 1433.0 1543.0 1433.0 large-vehicle 1
1493.0 1405.0 1506.0 1405.0 1506.0 1415.0 1493.0 1415.0 large-vehicle 1
1307.0 1648.0 1319.0 1648.0 1319.0 1657.0 1307.0 1657.0 small-vehicle 1
1113.0 122.0 1120.0 122.0 1120.0 131.0 1113.0 131.0 small-vehicle 1
1089.0 112.0 1095.0 112.0 1095.0 123.0 1089.0 123.0 small-vehicle 1
1020.0 114.0 1027.0 114.0 1027.0 125.0 1020.0 125.0 small-vehicle 1
1077.0 137.0 1086.0 137.0 1086.0 149.0 1077.0 149.0 small-vehicle 1
1024.0 1121.0 1033.0 1121.0 1033.0 1127.0 1024.0 1127.0 small-vehicle 1
1071.0 1988.0 1079.0 1988.0 1079.0 1999.0 1071.0 1999.0 large-vehicle 1
685.0 2746.0 698.0 2746.0 698.0 2752.0 685.0 2752.0 small-vehicle 1
516.0 2755.0 526.0 2755.0 526.0 2760.0 516.0 2760.0 small-vehicle 1
502.0 2752.0 514.0 2752.0 514.0 2759.0 502.0 2759.0 small-vehicle 1
492.0 2753.0 501.0 2753.0 501.0 2758.0 492.0 2758.0 small-vehicle 1
481.0 2753.0 491.0 2753.0 491.0 2758.0 481.0 2758.0 small-vehicle 1
494.0 2172.0 505.0 2172.0 505.0 2179.0 494.0 2179.0 small-vehicle 1
398.0 2061.0 414.0 2061.0 414.0 2080.0 398.0 2080.0 swimming-pool 0
371.0 2197.0 385.0 2197.0 385.0 2208.0 371.0 2208.0 swimming-pool 1
1299.0 1928.0 1306.0 1928.0 1306.0 1939.0 1299.0 1939.0 small-vehicle 1
1303.0 1892.0 1308.0 1892.0 1308.0 1902.0 1303.0 1902.0 small-vehicle 1
1324.0 1809.0 1331.0 1809.0 1331.0 1819.0 1324.0 1819.0 small-vehicle 1
1326.0 1797.0 1333.0 1797.0 1333.0 1808.0 1326.0 1808.0 small-vehicle 1
1327.0 1784.0 1334.0 1784.0 1334.0 1796.0 1327.0 1796.0 small-vehicle 1
971.0 599.0 979.0 599.0 979.0 609.0 971.0 609.0 small-vehicle 1
965.0 631.0 972.0 631.0 972.0 642.0 965.0 642.0 small-vehicle 1
1342.0 1682.0 1349.0 1682.0 1349.0 1694.0 1342.0 1694.0 large-vehicle 1
1122.0 1592.0 1131.0 1592.0 1131.0 1600.0 1122.0 1600.0 small-vehicle 1
1078.0 1574.0 1088.0 1574.0 1088.0 1582.0 1078.0 1582.0 small-vehicle 1
1036.0 1433.0 1044.0 1433.0 1044.0 1447.0 1036.0 1447.0 small-vehicle 1
861.0 860.0 870.0 860.0 870.0 871.0 861.0 871.0 small-vehicle 1
919.0 737.0 926.0 737.0 926.0 748.0 919.0 748.0 large-vehicle 1
956.0 84.0 963.0 84.0 963.0 96.0 956.0 96.0 large-vehicle 1
1144.0 72.0 1161.0 72.0 1161.0 84.0 1144.0 84.0 large-vehicle 1
1081.0 48.0 1090.0 48.0 1090.0 61.0 1081.0 61.0 large-vehicle 1
1302.0 1903.0 1307.0 1903.0 1307.0 1911.0 1302.0 1911.0 small-vehicle 1
1299.0 1944.0 1304.0 1944.0 1304.0 1955.0 1299.0 1955.0 small-vehicle 1
234.0 2658.0 245.0 2658.0 245.0 2675.0 234.0 2675.0 swimming-pool 0
1297.0 2012.0 1303.0 2012.0 1303.0 2024.0 1297.0 2024.0 large-vehicle 1
1639.0 1331.0 1665.0 1331.0 1665.0 1339.0 1639.0 1339.0 large-vehicle 1
1902.0 1791.0 1908.0 1791.0 1908.0 1799.0 1902.0 1799.0 small-vehicle 1
1560.0 1774.0 1571.0 1774.0 1571.0 1780.0 1560.0 1780.0 small-vehicle 1
1512.0 1766.0 1521.0 1766.0 1521.0 1771.0 1512.0 1771.0 small-vehicle 1
1756.0 1777.0 1761.0 1777.0 1761.0 1786.0 1756.0 1786.0 small-vehicle 1
1297.0 2025.0 1303.0 2025.0 1303.0 2034.0 1297.0 2034.0 small-vehicle 1
1296.0 2039.0 1301.0 2039.0 1301.0 2050.0 1296.0 2050.0 small-vehicle 1
1407.0 2091.0 1417.0 2091.0 1417.0 2096.0 1407.0 2096.0 small-vehicle 1
1436.0 1876.0 1445.0 1876.0 1445.0 1888.0 1436.0 1888.0 large-vehicle 1
1715.0 2410.0 1733.0 2410.0 1733.0 2424.0 1715.0 2424.0 large-vehicle 1
1600.0 2258.0 1618.0 2258.0 1618.0 2266.0 1600.0 2266.0 swimming-pool 0
1596.0 2373.0 1605.0 2373.0 1605.0 2378.0 1596.0 2378.0 small-vehicle 1
1603.0 2365.0 1614.0 2365.0 1614.0 2376.0 1603.0 2376.0 small-vehicle 1
1664.0 2319.0 1676.0 2319.0 1676.0 2327.0 1664.0 2327.0 small-vehicle 1
1298.0 1971.0 1303.0 1971.0 1303.0 1985.0 1298.0 1985.0 large-vehicle 1
997.0 57.0 1017.0 57.0 1017.0 69.0 997.0 69.0 large-vehicle 1
1001.0 72.0 1016.0 72.0 1016.0 83.0 1001.0 83.0 large-vehicle 1
999.0 82.0 1017.0 82.0 1017.0 94.0 999.0 94.0 large-vehicle 1
944.0 79.0 955.0 79.0 955.0 95.0 944.0 95.0 large-vehicle 1
879.0 2519.0 885.0 2519.0 885.0 2527.0 879.0 2527.0 small-vehicle 1
741.0 2379.0 750.0 2379.0 750.0 2383.0 741.0 2383.0 small-vehicle 1
929.0 1809.0 941.0 1809.0 941.0 1818.0 929.0 1818.0 small-vehicle 1
777.0 1892.0 781.0 1892.0 781.0 1901.0 777.0 1901.0 small-vehicle 1
623.0 1547.0 634.0 1547.0 634.0 1554.0 623.0 1554.0 small-vehicle 1
979.0 1546.0 992.0 1546.0 992.0 1554.0 979.0 1554.0 small-vehicle 1
559.0 2664.0 567.0 2664.0 567.0 2673.0 559.0 2673.0 swimming-pool 1
367.0 2529.0 378.0 2529.0 378.0 2539.0 367.0 2539.0 small-vehicle 1
487.0 2508.0 497.0 2508.0 497.0 2515.0 487.0 2515.0 small-vehicle 1
461.0 2503.0 472.0 2503.0 472.0 2511.0 461.0 2511.0 small-vehicle 1
447.0 2509.0 459.0 2509.0 459.0 2517.0 447.0 2517.0 small-vehicle 1
181.0 2621.0 191.0 2621.0 191.0 2630.0 181.0 2630.0 small-vehicle 1
409.0 2119.0 422.0 2119.0 422.0 2130.0 409.0 2130.0 swimming-pool 1
325.0 2716.0 333.0 2716.0 333.0 2725.0 325.0 2725.0 swimming-pool 1
258.0 2682.0 274.0 2682.0 274.0 2700.0 258.0 2700.0 swimming-pool 0
889.0 2579.0 894.0 2579.0 894.0 2587.0 889.0 2587.0 small-vehicle 1
1013.0 2663.0 1025.0 2663.0 1025.0 2669.0 1013.0 2669.0 small-vehicle 1
1323.0 2519.0 1341.0 2519.0 1341.0 2532.0 1323.0 2532.0 large-vehicle 1
1309.0 2220.0 1315.0 2220.0 1315.0 2232.0 1309.0 2232.0 large-vehicle 1
964.0 63.0 977.0 63.0 977.0 92.0 964.0 92.0 large-vehicle 1
1071.0 134.0 1078.0 134.0 1078.0 144.0 1071.0 144.0 small-vehicle 1
1062.0 130.0 1071.0 130.0 1071.0 141.0 1062.0 141.0 small-vehicle 1
1103.0 119.0 1109.0 119.0 1109.0 128.0 1103.0 128.0 small-vehicle 1
1035.0 120.0 1042.0 120.0 1042.0 131.0 1035.0 131.0 small-vehicle 1
1297.0 2065.0 1303.0 2065.0 1303.0 2079.0 1297.0 2079.0 large-vehicle 1
1308.0 2183.0 1313.0 2183.0 1313.0 2193.0 1308.0 2193.0 small-vehicle 1
1304.0 2248.0 1310.0 2248.0 1310.0 2257.0 1304.0 2257.0 small-vehicle 1
1310.0 2195.0 1314.0 2195.0 1314.0 2205.0 1310.0 2205.0 small-vehicle 1
1285.0 2195.0 1297.0 2195.0 1297.0 2200.0 1285.0 2200.0 small-vehicle 1
1287.0 2202.0 1297.0 2202.0 1297.0 2205.0 1287.0 2205.0 small-vehicle 1
1287.0 2208.0 1297.0 2208.0 1297.0 2213.0 1287.0 2213.0 small-vehicle 1
1298.0 2234.0 1304.0 2234.0 1304.0 2244.0 1298.0 2244.0 small-vehicle 1
1299.0 2246.0 1304.0 2246.0 1304.0 2255.0 1299.0 2255.0 small-vehicle 1
1190.0 2378.0 1253.0 2378.0 1253.0 2470.0 1190.0 2470.0 tennis-court 1
