imagesource:GoogleEarth
gsd:0.985892588347
1299.0 533.0 1318.0 533.0 1318.0 546.0 1299.0 546.0 large-vehicle 1
1533.0 396.0 1542.0 396.0 1542.0 403.0 1533.0 403.0 small-vehicle 1
664.0 1147.0 842.0 1147.0 842.0 1244.0 664.0 1244.0 ground-track-field 0
1130.0 1270.0 1166.0 1270.0 1166.0 1310.0 1130.0 1310.0 roundabout 0
655.0 1072.0 658.0 1072.0 658.0 1080.0 655.0 1080.0 large-vehicle 1
690.0 914.0 698.0 914.0 698.0 921.0 690.0 921.0 large-vehicle 1
566.0 1683.0 582.0 1683.0 582.0 1691.0 566.0 1691.0 large-vehicle 0
1165.0 591.0 1181.0 591.0 1181.0 599.0 1165.0 599.0 large-vehicle 0
1233.0 563.0 1249.0 563.0 1249.0 572.0 1233.0 572.0 large-vehicle 0
345.0 655.0 355.0 655.0 355.0 661.0 345.0 661.0 small-vehicle 1
331.0 561.0 348.0 561.0 348.0 571.0 331.0 571.0 large-vehicle 1
351.0 934.0 363.0 934.0 363.0 941.0 351.0 941.0 large-vehicle 1
255.0 958.0 262.0 958.0 262.0 964.0 255.0 964.0 small-vehicle 1
1325.0 531.0 1332.0 531.0 1332.0 537.0 1325.0 537.0 small-vehicle 1
1325.0 542.0 1335.0 542.0 1335.0 549.0 1325.0 549.0 large-vehicle 1
1334.0 538.0 1344.0 538.0 1344.0 545.0 1334.0 545.0 large-vehicle 1
1483.0 431.0 1493.0 431.0 1493.0 439.0 1483.0 439.0 large-vehicle 1
1418.0 482.0 1425.0 482.0 1425.0 486.0 1418.0 486.0 small-vehicle 1
785.0 724.0 803.0 724.0 803.0 738.0 785.0 738.0 large-vehicle 1
757.0 735.0 779.0 735.0 779.0 747.0 757.0 747.0 large-vehicle 1
1587.0 335.0 1603.0 335.0 1603.0 352.0 1587.0 352.0 large-vehicle 1
697.0 1157.0 812.0 1157.0 812.0 1235.0 697.0 1235.0 soccer-ball-field 0
