imagesource:GoogleEarth
gsd:0.987945957495
1764.0 2252.0 1771.0 2252.0 1771.0 2261.0 1764.0 2261.0 large-vehicle 1
1413.0 1829.0 1428.0 1829.0 1428.0 1840.0 1413.0 1840.0 large-vehicle 1
738.0 1239.0 744.0 1239.0 744.0 1254.0 738.0 1254.0 large-vehicle 1
1039.0 2036.0 1051.0 2036.0 1051.0 2053.0 1039.0 2053.0 large-vehicle 1
162.0 1639.0 170.0 1639.0 170.0 1649.0 162.0 1649.0 swimming-pool 1
715.0 1208.0 718.0 1208.0 718.0 1212.0 715.0 1212.0 small-vehicle 1
711.0 1019.0 714.0 1019.0 714.0 1024.0 711.0 1024.0 small-vehicle 1
671.0 1010.0 675.0 1010.0 675.0 1015.0 671.0 1015.0 small-vehicle 1
577.0 1173.0 582.0 1173.0 582.0 1178.0 577.0 1178.0 small-vehicle 1
672.0 1130.0 677.0 1130.0 677.0 1134.0 672.0 1134.0 small-vehicle 1
656.0 1122.0 661.0 1122.0 661.0 1125.0 656.0 1125.0 small-vehicle 1
1788.0 2002.0 1793.0 2002.0 1793.0 2018.0 1788.0 2018.0 large-vehicle 0
1491.0 1677.0 1502.0 1677.0 1502.0 1694.0 1491.0 1694.0 large-vehicle 0
733.0 669.0 740.0 669.0 740.0 685.0 733.0 685.0 large-vehicle 0
1590.0 1609.0 1596.0 1609.0 1596.0 1622.0 1590.0 1622.0 large-vehicle 1
847.0 1630.0 857.0 1630.0 857.0 1645.0 847.0 1645.0 large-vehicle 1
1011.0 1977.0 1019.0 1977.0 1019.0 1989.0 1011.0 1989.0 large-vehicle 1
1067.0 2150.0 1078.0 2150.0 1078.0 2166.0 1067.0 2166.0 large-vehicle 0
985.0 1987.0 998.0 1987.0 998.0 2004.0 985.0 2004.0 large-vehicle 0
1014.0 1993.0 1025.0 1993.0 1025.0 2009.0 1014.0 2009.0 large-vehicle 0
725.0 1294.0 732.0 1294.0 732.0 1310.0 725.0 1310.0 large-vehicle 0
112.0 919.0 130.0 919.0 130.0 935.0 112.0 935.0 large-vehicle 0
138.0 936.0 157.0 936.0 157.0 951.0 138.0 951.0 large-vehicle 0
469.0 449.0 610.0 449.0 610.0 605.0 469.0 605.0 ground-track-field 0
434.0 339.0 569.0 339.0 569.0 489.0 434.0 489.0 ground-track-field 0
555.0 563.0 599.0 563.0 599.0 613.0 555.0 613.0 tennis-court 1
517.0 1207.0 534.0 1207.0 534.0 1220.0 517.0 1220.0 large-vehicle 1
590.0 1147.0 601.0 1147.0 601.0 1160.0 590.0 1160.0 large-vehicle 1
688.0 952.0 692.0 952.0 692.0 965.0 688.0 965.0 large-vehicle 1
716.0 839.0 720.0 839.0 720.0 854.0 716.0 854.0 large-vehicle 1
1401.0 1540.0 1410.0 1540.0 1410.0 1547.0 1401.0 1547.0 large-vehicle 1
1397.0 1548.0 1406.0 1548.0 1406.0 1556.0 1397.0 1556.0 large-vehicle 1
1394.0 1552.0 1404.0 1552.0 1404.0 1560.0 1394.0 1560.0 large-vehicle 1
1619.0 1913.0 1626.0 1913.0 1626.0 1923.0 1619.0 1923.0 large-vehicle 1
1470.0 1846.0 1480.0 1846.0 1480.0 1855.0 1470.0 1855.0 large-vehicle 1
1592.0 1889.0 1609.0 1889.0 1609.0 1903.0 1592.0 1903.0 large-vehicle 0
1614.0 2013.0 1631.0 2013.0 1631.0 2021.0 1614.0 2021.0 large-vehicle 0
1261.0 2253.0 1276.0 2253.0 1276.0 2264.0 1261.0 2264.0 large-vehicle 1
1191.0 1969.0 1200.0 1969.0 1200.0 1977.0 1191.0 1977.0 large-vehicle 1
1199.0 1962.0 1209.0 1962.0 1209.0 1970.0 1199.0 1970.0 large-vehicle 1
1213.0 1950.0 1225.0 1950.0 1225.0 1960.0 1213.0 1960.0 large-vehicle 1
1127.0 1607.0 1138.0 1607.0 1138.0 1615.0 1127.0 1615.0 large-vehicle 1
1250.0 1918.0 1266.0 1918.0 1266.0 1931.0 1250.0 1931.0 large-vehicle 0
1267.0 2200.0 1284.0 2200.0 1284.0 2209.0 1267.0 2209.0 large-vehicle 0
1311.0 2247.0 1319.0 2247.0 1319.0 2266.0 1311.0 2266.0 large-vehicle 0
1274.0 2244.0 1288.0 2244.0 1288.0 2255.0 1274.0 2255.0 large-vehicle 1
1266.0 2139.0 1277.0 2139.0 1277.0 2157.0 1266.0 2157.0 large-vehicle 0
909.0 1770.0 918.0 1770.0 918.0 1783.0 909.0 1783.0 large-vehicle 1
899.0 1810.0 909.0 1810.0 909.0 1827.0 899.0 1827.0 large-vehicle 0
914.0 1839.0 920.0 1839.0 920.0 1848.0 914.0 1848.0 large-vehicle 1
774.0 1265.0 789.0 1265.0 789.0 1284.0 774.0 1284.0 large-vehicle 1
692.0 1088.0 698.0 1088.0 698.0 1107.0 692.0 1107.0 large-vehicle 1
710.0 878.0 714.0 878.0 714.0 891.0 710.0 891.0 large-vehicle 1
421.0 497.0 464.0 497.0 464.0 546.0 421.0 546.0 tennis-court 1
