imagesource:GoogleEarth
gsd:0.931595307133
1328.0 1842.0 1340.0 1842.0 1340.0 1847.0 1328.0 1847.0 large-vehicle 1
863.0 1795.0 869.0 1795.0 869.0 1799.0 863.0 1799.0 small-vehicle 1
253.0 755.0 259.0 755.0 259.0 759.0 253.0 759.0 small-vehicle 1
264.0 763.0 270.0 763.0 270.0 768.0 264.0 768.0 small-vehicle 1
265.0 758.0 273.0 758.0 273.0 762.0 265.0 762.0 small-vehicle 1
323.0 773.0 333.0 773.0 333.0 781.0 323.0 781.0 small-vehicle 1
170.0 1905.0 177.0 1905.0 177.0 1909.0 170.0 1909.0 small-vehicle 1
851.0 1811.0 857.0 1811.0 857.0 1814.0 851.0 1814.0 small-vehicle 1
851.0 1793.0 856.0 1793.0 856.0 1796.0 851.0 1796.0 small-vehicle 1
845.0 1789.0 850.0 1789.0 850.0 1792.0 845.0 1792.0 small-vehicle 1
833.0 1779.0 840.0 1779.0 840.0 1782.0 833.0 1782.0 small-vehicle 1
621.0 1642.0 626.0 1642.0 626.0 1661.0 621.0 1661.0 large-vehicle 0
208.0 742.0 214.0 742.0 214.0 746.0 208.0 746.0 small-vehicle 1
929.0 1527.0 936.0 1527.0 936.0 1530.0 929.0 1530.0 large-vehicle 1
574.0 1451.0 579.0 1451.0 579.0 1458.0 574.0 1458.0 large-vehicle 1
876.0 972.0 891.0 972.0 891.0 981.0 876.0 981.0 large-vehicle 1
580.0 853.0 589.0 853.0 589.0 860.0 580.0 860.0 small-vehicle 1
572.0 851.0 579.0 851.0 579.0 856.0 572.0 856.0 small-vehicle 1
565.0 849.0 571.0 849.0 571.0 853.0 565.0 853.0 small-vehicle 1
680.0 810.0 684.0 810.0 684.0 816.0 680.0 816.0 small-vehicle 1
688.0 779.0 692.0 779.0 692.0 785.0 688.0 785.0 small-vehicle 1
758.0 923.0 766.0 923.0 766.0 929.0 758.0 929.0 small-vehicle 1
234.0 749.0 240.0 749.0 240.0 754.0 234.0 754.0 small-vehicle 1
218.0 744.0 223.0 744.0 223.0 747.0 218.0 747.0 small-vehicle 1
845.0 960.0 862.0 960.0 862.0 970.0 845.0 970.0 large-vehicle 1
615.0 1114.0 622.0 1114.0 622.0 1132.0 615.0 1132.0 large-vehicle 0
24.0 413.0 29.0 413.0 29.0 419.0 24.0 419.0 small-vehicle 1
189.0 735.0 207.0 735.0 207.0 742.0 189.0 742.0 large-vehicle 0
221.0 1421.0 236.0 1421.0 236.0 1427.0 221.0 1427.0 large-vehicle 0
195.0 1418.0 210.0 1418.0 210.0 1423.0 195.0 1423.0 large-vehicle 0
166.0 1393.0 171.0 1393.0 171.0 1410.0 166.0 1410.0 large-vehicle 1
568.0 1736.0 572.0 1736.0 572.0 1744.0 568.0 1744.0 small-vehicle 1
573.0 1497.0 577.0 1497.0 577.0 1504.0 573.0 1504.0 small-vehicle 1
596.0 1236.0 602.0 1236.0 602.0 1255.0 596.0 1255.0 large-vehicle 0
594.0 1207.0 601.0 1207.0 601.0 1225.0 594.0 1225.0 large-vehicle 0
607.0 1021.0 616.0 1021.0 616.0 1040.0 607.0 1040.0 large-vehicle 0
226.0 746.0 233.0 746.0 233.0 750.0 226.0 750.0 small-vehicle 1
603.0 861.0 616.0 861.0 616.0 868.0 603.0 868.0 large-vehicle 1
735.0 714.0 745.0 714.0 745.0 729.0 735.0 729.0 large-vehicle 0
815.0 421.0 824.0 421.0 824.0 440.0 815.0 440.0 large-vehicle 0
852.0 399.0 862.0 399.0 862.0 417.0 852.0 417.0 large-vehicle 0
878.0 330.0 889.0 330.0 889.0 347.0 878.0 347.0 large-vehicle 0
886.0 230.0 894.0 230.0 894.0 247.0 886.0 247.0 large-vehicle 1
897.0 222.0 903.0 222.0 903.0 230.0 897.0 230.0 small-vehicle 1
1677.0 1724.0 1722.0 1724.0 1722.0 1767.0 1677.0 1767.0 roundabout 0
157.0 668.0 164.0 668.0 164.0 672.0 157.0 672.0 small-vehicle 1
750.0 920.0 756.0 920.0 756.0 925.0 750.0 925.0 small-vehicle 1
744.0 918.0 749.0 918.0 749.0 923.0 744.0 923.0 small-vehicle 1
739.0 916.0 743.0 916.0 743.0 919.0 739.0 919.0 small-vehicle 1
723.0 1559.0 727.0 1559.0 727.0 1564.0 723.0 1564.0 small-vehicle 1
755.0 1831.0 761.0 1831.0 761.0 1833.0 755.0 1833.0 small-vehicle 1
872.0 1836.0 878.0 1836.0 878.0 1840.0 872.0 1840.0 small-vehicle 1
734.0 1607.0 740.0 1607.0 740.0 1612.0 734.0 1612.0 small-vehicle 1
730.0 1602.0 735.0 1602.0 735.0 1607.0 730.0 1607.0 small-vehicle 1
728.0 1596.0 732.0 1596.0 732.0 1601.0 728.0 1601.0 small-vehicle 1
726.0 1585.0 729.0 1585.0 729.0 1590.0 726.0 1590.0 small-vehicle 1
725.0 1578.0 727.0 1578.0 727.0 1583.0 725.0 1583.0 small-vehicle 1
724.0 1572.0 727.0 1572.0 727.0 1576.0 724.0 1576.0 small-vehicle 1
724.0 1564.0 728.0 1564.0 728.0 1570.0 724.0 1570.0 small-vehicle 1
724.0 1547.0 727.0 1547.0 727.0 1552.0 724.0 1552.0 small-vehicle 1
767.0 927.0 772.0 927.0 772.0 931.0 767.0 931.0 small-vehicle 1
724.0 1540.0 727.0 1540.0 727.0 1545.0 724.0 1545.0 small-vehicle 1
723.0 1533.0 727.0 1533.0 727.0 1539.0 723.0 1539.0 small-vehicle 1
724.0 1527.0 727.0 1527.0 727.0 1532.0 724.0 1532.0 small-vehicle 1
724.0 1513.0 727.0 1513.0 727.0 1518.0 724.0 1518.0 small-vehicle 1
724.0 1500.0 727.0 1500.0 727.0 1506.0 724.0 1506.0 small-vehicle 1
724.0 1493.0 727.0 1493.0 727.0 1498.0 724.0 1498.0 small-vehicle 1
653.0 881.0 663.0 881.0 663.0 886.0 653.0 886.0 small-vehicle 1
660.0 955.0 666.0 955.0 666.0 962.0 660.0 962.0 small-vehicle 1
733.0 910.0 740.0 910.0 740.0 915.0 733.0 915.0 small-vehicle 1
743.0 1831.0 748.0 1831.0 748.0 1834.0 743.0 1834.0 small-vehicle 1
870.0 1803.0 874.0 1803.0 874.0 1806.0 870.0 1806.0 small-vehicle 1
862.0 1807.0 868.0 1807.0 868.0 1812.0 862.0 1812.0 small-vehicle 1
851.0 1797.0 856.0 1797.0 856.0 1799.0 851.0 1799.0 small-vehicle 1
751.0 916.0 756.0 916.0 756.0 921.0 751.0 921.0 small-vehicle 1
774.0 925.0 780.0 925.0 780.0 929.0 774.0 929.0 small-vehicle 1
787.0 930.0 794.0 930.0 794.0 935.0 787.0 935.0 small-vehicle 1
801.0 936.0 805.0 936.0 805.0 940.0 801.0 940.0 small-vehicle 1
785.0 502.0 794.0 502.0 794.0 520.0 785.0 520.0 large-vehicle 0
647.0 512.0 658.0 512.0 658.0 527.0 647.0 527.0 large-vehicle 1
780.0 407.0 796.0 407.0 796.0 418.0 780.0 418.0 large-vehicle 0
800.0 375.0 810.0 375.0 810.0 382.0 800.0 382.0 large-vehicle 1
799.0 380.0 809.0 380.0 809.0 386.0 799.0 386.0 large-vehicle 1
800.0 388.0 807.0 388.0 807.0 393.0 800.0 393.0 large-vehicle 1
798.0 391.0 805.0 391.0 805.0 396.0 798.0 396.0 large-vehicle 1
797.0 394.0 804.0 394.0 804.0 401.0 797.0 401.0 large-vehicle 1
793.0 402.0 801.0 402.0 801.0 407.0 793.0 407.0 large-vehicle 1
780.0 412.0 787.0 412.0 787.0 418.0 780.0 418.0 large-vehicle 1
963.0 23.0 973.0 23.0 973.0 40.0 963.0 40.0 large-vehicle 1
203.0 1384.0 233.0 1384.0 233.0 1412.0 203.0 1412.0 storage-tank 0
850.0 1808.0 856.0 1808.0 856.0 1810.0 850.0 1810.0 small-vehicle 1
850.0 1805.0 855.0 1805.0 855.0 1807.0 850.0 1807.0 small-vehicle 1
851.0 1800.0 856.0 1800.0 856.0 1803.0 851.0 1803.0 small-vehicle 1
72.0 1106.0 102.0 1106.0 102.0 1137.0 72.0 1137.0 roundabout 0
