imagesource:GoogleEarth
gsd:0.483226262959
885.0 1480.0 896.0 1480.0 896.0 1490.0 885.0 1490.0 small-vehicle 1
1006.0 398.0 1014.0 398.0 1014.0 402.0 1006.0 402.0 small-vehicle 1
995.0 367.0 1003.0 367.0 1003.0 371.0 995.0 371.0 small-vehicle 1
996.0 364.0 1004.0 364.0 1004.0 367.0 996.0 367.0 small-vehicle 1
995.0 359.0 1004.0 359.0 1004.0 363.0 995.0 363.0 small-vehicle 1
997.0 356.0 1004.0 356.0 1004.0 360.0 997.0 360.0 small-vehicle 1
996.0 351.0 1004.0 351.0 1004.0 355.0 996.0 355.0 small-vehicle 1
997.0 346.0 1005.0 346.0 1005.0 350.0 997.0 350.0 small-vehicle 1
1006.0 391.0 1014.0 391.0 1014.0 396.0 1006.0 396.0 small-vehicle 1
995.0 374.0 1003.0 374.0 1003.0 378.0 995.0 378.0 small-vehicle 1
1005.0 378.0 1013.0 378.0 1013.0 382.0 1005.0 382.0 small-vehicle 1
1005.0 372.0 1013.0 372.0 1013.0 376.0 1005.0 376.0 small-vehicle 1
1005.0 366.0 1014.0 366.0 1014.0 371.0 1005.0 371.0 small-vehicle 1
1007.0 360.0 1015.0 360.0 1015.0 366.0 1007.0 366.0 small-vehicle 1
1007.0 350.0 1016.0 350.0 1016.0 355.0 1007.0 355.0 small-vehicle 1
1005.0 340.0 1016.0 340.0 1016.0 345.0 1005.0 345.0 small-vehicle 1
996.0 371.0 1003.0 371.0 1003.0 374.0 996.0 374.0 small-vehicle 1
994.0 377.0 1003.0 377.0 1003.0 383.0 994.0 383.0 small-vehicle 1
997.0 331.0 1007.0 331.0 1007.0 337.0 997.0 337.0 small-vehicle 1
1087.0 582.0 1092.0 582.0 1092.0 590.0 1087.0 590.0 small-vehicle 1
987.0 531.0 993.0 531.0 993.0 540.0 987.0 540.0 small-vehicle 1
1003.0 532.0 1008.0 532.0 1008.0 541.0 1003.0 541.0 small-vehicle 1
1008.0 532.0 1013.0 532.0 1013.0 541.0 1008.0 541.0 small-vehicle 1
1006.0 519.0 1011.0 519.0 1011.0 530.0 1006.0 530.0 small-vehicle 1
1009.0 497.0 1015.0 497.0 1015.0 510.0 1009.0 510.0 small-vehicle 1
983.0 497.0 990.0 497.0 990.0 506.0 983.0 506.0 small-vehicle 1
1093.0 582.0 1097.0 582.0 1097.0 590.0 1093.0 590.0 small-vehicle 1
995.0 393.0 1004.0 393.0 1004.0 397.0 995.0 397.0 small-vehicle 1
1097.0 584.0 1103.0 584.0 1103.0 591.0 1097.0 591.0 small-vehicle 1
1165.0 589.0 1171.0 589.0 1171.0 599.0 1165.0 599.0 small-vehicle 1
1236.0 595.0 1240.0 595.0 1240.0 603.0 1236.0 603.0 small-vehicle 1
1246.0 596.0 1252.0 596.0 1252.0 604.0 1246.0 604.0 small-vehicle 1
1081.0 582.0 1086.0 582.0 1086.0 589.0 1081.0 589.0 small-vehicle 1
994.0 398.0 1004.0 398.0 1004.0 402.0 994.0 402.0 small-vehicle 1
996.0 338.0 1005.0 338.0 1005.0 342.0 996.0 342.0 small-vehicle 1
997.0 322.0 1007.0 322.0 1007.0 327.0 997.0 327.0 small-vehicle 1
931.0 1448.0 943.0 1448.0 943.0 1457.0 931.0 1457.0 small-vehicle 1
1033.0 334.0 1043.0 334.0 1043.0 338.0 1033.0 338.0 small-vehicle 1
1044.0 276.0 1052.0 276.0 1052.0 281.0 1044.0 281.0 small-vehicle 1
1036.0 300.0 1046.0 300.0 1046.0 305.0 1036.0 305.0 small-vehicle 1
1036.0 304.0 1045.0 304.0 1045.0 309.0 1036.0 309.0 small-vehicle 1
1035.0 315.0 1044.0 315.0 1044.0 318.0 1035.0 318.0 small-vehicle 1
1034.0 325.0 1043.0 325.0 1043.0 329.0 1034.0 329.0 small-vehicle 1
1035.0 330.0 1043.0 330.0 1043.0 333.0 1035.0 333.0 small-vehicle 1
1032.0 348.0 1041.0 348.0 1041.0 353.0 1032.0 353.0 small-vehicle 1
1045.0 262.0 1055.0 262.0 1055.0 266.0 1045.0 266.0 small-vehicle 1
1033.0 361.0 1040.0 361.0 1040.0 366.0 1033.0 366.0 small-vehicle 1
990.0 418.0 994.0 418.0 994.0 426.0 990.0 426.0 small-vehicle 1
1019.0 419.0 1025.0 419.0 1025.0 428.0 1019.0 428.0 small-vehicle 1
1041.0 416.0 1045.0 416.0 1045.0 424.0 1041.0 424.0 small-vehicle 1
1047.0 414.0 1053.0 414.0 1053.0 424.0 1047.0 424.0 small-vehicle 1
1053.0 415.0 1057.0 415.0 1057.0 425.0 1053.0 425.0 small-vehicle 1
1045.0 266.0 1055.0 266.0 1055.0 270.0 1045.0 270.0 small-vehicle 1
1034.0 254.0 1043.0 254.0 1043.0 260.0 1034.0 260.0 small-vehicle 1
996.0 316.0 1007.0 316.0 1007.0 322.0 996.0 322.0 small-vehicle 1
1009.0 319.0 1017.0 319.0 1017.0 323.0 1009.0 323.0 small-vehicle 1
996.0 308.0 1006.0 308.0 1006.0 313.0 996.0 313.0 small-vehicle 1
999.0 285.0 1008.0 285.0 1008.0 289.0 999.0 289.0 small-vehicle 1
1000.0 276.0 1008.0 276.0 1008.0 280.0 1000.0 280.0 small-vehicle 1
1000.0 271.0 1008.0 271.0 1008.0 275.0 1000.0 275.0 small-vehicle 1
1001.0 266.0 1009.0 266.0 1009.0 270.0 1001.0 270.0 small-vehicle 1
1008.0 324.0 1016.0 324.0 1016.0 328.0 1008.0 328.0 small-vehicle 1
1009.0 315.0 1017.0 315.0 1017.0 320.0 1009.0 320.0 small-vehicle 1
1034.0 260.0 1044.0 260.0 1044.0 266.0 1034.0 266.0 small-vehicle 1
1009.0 310.0 1018.0 310.0 1018.0 315.0 1009.0 315.0 small-vehicle 1
1009.0 306.0 1018.0 306.0 1018.0 310.0 1009.0 310.0 small-vehicle 1
1009.0 300.0 1019.0 300.0 1019.0 305.0 1009.0 305.0 small-vehicle 1
1011.0 276.0 1018.0 276.0 1018.0 280.0 1011.0 280.0 small-vehicle 1
1012.0 262.0 1020.0 262.0 1020.0 267.0 1012.0 267.0 small-vehicle 1
1013.0 256.0 1020.0 256.0 1020.0 261.0 1013.0 261.0 small-vehicle 1
1040.0 571.0 1045.0 571.0 1045.0 580.0 1040.0 580.0 small-vehicle 1
1025.0 571.0 1030.0 571.0 1030.0 579.0 1025.0 579.0 small-vehicle 1
1010.0 568.0 1015.0 568.0 1015.0 577.0 1010.0 577.0 small-vehicle 1
741.0 295.0 751.0 295.0 751.0 300.0 741.0 300.0 small-vehicle 1
647.0 63.0 657.0 63.0 657.0 66.0 647.0 66.0 large-vehicle 1
646.0 67.0 657.0 67.0 657.0 70.0 646.0 70.0 large-vehicle 1
864.0 209.0 873.0 209.0 873.0 213.0 864.0 213.0 small-vehicle 1
877.0 209.0 887.0 209.0 887.0 215.0 877.0 215.0 small-vehicle 1
914.0 213.0 924.0 213.0 924.0 218.0 914.0 218.0 small-vehicle 1
890.0 211.0 899.0 211.0 899.0 217.0 890.0 217.0 small-vehicle 1
662.0 277.0 672.0 277.0 672.0 284.0 662.0 284.0 small-vehicle 1
648.0 55.0 659.0 55.0 659.0 59.0 648.0 59.0 large-vehicle 1
827.0 482.0 831.0 482.0 831.0 489.0 827.0 489.0 small-vehicle 1
796.0 505.0 804.0 505.0 804.0 511.0 796.0 511.0 small-vehicle 1
984.0 567.0 988.0 567.0 988.0 575.0 984.0 575.0 small-vehicle 1
833.0 487.0 844.0 487.0 844.0 491.0 833.0 491.0 small-vehicle 1
655.0 719.0 664.0 719.0 664.0 724.0 655.0 724.0 small-vehicle 1
555.0 681.0 560.0 681.0 560.0 692.0 555.0 692.0 small-vehicle 1
648.0 58.0 658.0 58.0 658.0 63.0 648.0 63.0 large-vehicle 1
660.0 60.0 665.0 60.0 665.0 75.0 660.0 75.0 large-vehicle 1
1005.0 568.0 1009.0 568.0 1009.0 577.0 1005.0 577.0 small-vehicle 1
726.0 57.0 731.0 57.0 731.0 66.0 726.0 66.0 small-vehicle 1
718.0 64.0 723.0 64.0 723.0 75.0 718.0 75.0 small-vehicle 1
699.0 63.0 706.0 63.0 706.0 74.0 699.0 74.0 small-vehicle 1
832.0 66.0 837.0 66.0 837.0 77.0 832.0 77.0 small-vehicle 1
809.0 62.0 815.0 62.0 815.0 74.0 809.0 74.0 small-vehicle 1
772.0 87.0 782.0 87.0 782.0 91.0 772.0 91.0 small-vehicle 1
836.0 104.0 844.0 104.0 844.0 110.0 836.0 110.0 small-vehicle 1
724.0 77.0 727.0 77.0 727.0 85.0 724.0 85.0 small-vehicle 1
643.0 58.0 647.0 58.0 647.0 72.0 643.0 72.0 large-vehicle 1
879.0 43.0 892.0 43.0 892.0 49.0 879.0 49.0 large-vehicle 1
880.0 72.0 889.0 72.0 889.0 86.0 880.0 86.0 large-vehicle 1
887.0 72.0 896.0 72.0 896.0 85.0 887.0 85.0 large-vehicle 1
706.0 54.0 712.0 54.0 712.0 64.0 706.0 64.0 large-vehicle 1
898.0 37.0 907.0 37.0 907.0 43.0 898.0 43.0 small-vehicle 1
637.0 61.0 641.0 61.0 641.0 74.0 637.0 74.0 large-vehicle 1
556.0 659.0 560.0 659.0 560.0 670.0 556.0 670.0 small-vehicle 1
551.0 643.0 560.0 643.0 560.0 652.0 551.0 652.0 small-vehicle 1
844.0 745.0 850.0 745.0 850.0 756.0 844.0 756.0 small-vehicle 1
1206.0 1014.0 1210.0 1014.0 1210.0 1023.0 1206.0 1023.0 small-vehicle 1
1127.0 1062.0 1133.0 1062.0 1133.0 1072.0 1127.0 1072.0 small-vehicle 1
1136.0 1062.0 1142.0 1062.0 1142.0 1072.0 1136.0 1072.0 small-vehicle 1
1146.0 1060.0 1151.0 1060.0 1151.0 1070.0 1146.0 1070.0 small-vehicle 1
1153.0 1060.0 1158.0 1060.0 1158.0 1070.0 1153.0 1070.0 small-vehicle 1
1160.0 1060.0 1165.0 1060.0 1165.0 1069.0 1160.0 1069.0 small-vehicle 1
1169.0 1059.0 1174.0 1059.0 1174.0 1069.0 1169.0 1069.0 small-vehicle 1
1206.0 1002.0 1211.0 1002.0 1211.0 1010.0 1206.0 1010.0 small-vehicle 1
975.0 722.0 986.0 722.0 986.0 727.0 975.0 727.0 small-vehicle 1
1204.0 988.0 1209.0 988.0 1209.0 998.0 1204.0 998.0 small-vehicle 1
1012.0 595.0 1017.0 595.0 1017.0 604.0 1012.0 604.0 small-vehicle 1
1022.0 593.0 1028.0 593.0 1028.0 605.0 1022.0 605.0 small-vehicle 1
1034.0 596.0 1038.0 596.0 1038.0 606.0 1034.0 606.0 small-vehicle 1
1040.0 595.0 1044.0 595.0 1044.0 606.0 1040.0 606.0 small-vehicle 1
989.0 567.0 994.0 567.0 994.0 576.0 989.0 576.0 small-vehicle 1
1120.0 1065.0 1125.0 1065.0 1125.0 1074.0 1120.0 1074.0 small-vehicle 1
1184.0 1079.0 1191.0 1079.0 1191.0 1091.0 1184.0 1091.0 small-vehicle 1
1170.0 1082.0 1176.0 1082.0 1176.0 1095.0 1170.0 1095.0 small-vehicle 1
1155.0 1088.0 1161.0 1088.0 1161.0 1098.0 1155.0 1098.0 small-vehicle 1
1128.0 1094.0 1134.0 1094.0 1134.0 1103.0 1128.0 1103.0 small-vehicle 1
1118.0 1097.0 1124.0 1097.0 1124.0 1107.0 1118.0 1107.0 small-vehicle 1
1113.0 1097.0 1118.0 1097.0 1118.0 1109.0 1113.0 1109.0 small-vehicle 1
969.0 1152.0 1031.0 1152.0 1031.0 1328.0 969.0 1328.0 small-vehicle 0
992.0 1208.0 998.0 1208.0 998.0 1219.0 992.0 1219.0 small-vehicle 1
1198.0 1353.0 1207.0 1353.0 1207.0 1361.0 1198.0 1361.0 small-vehicle 1
1068.0 1413.0 1079.0 1413.0 1079.0 1422.0 1068.0 1422.0 small-vehicle 1
1063.0 1425.0 1074.0 1425.0 1074.0 1434.0 1063.0 1434.0 small-vehicle 1
980.0 1435.0 991.0 1435.0 991.0 1443.0 980.0 1443.0 small-vehicle 1
996.0 1412.0 1006.0 1412.0 1006.0 1418.0 996.0 1418.0 small-vehicle 1
1036.0 1529.0 1041.0 1529.0 1041.0 1540.0 1036.0 1540.0 small-vehicle 1
909.0 718.0 956.0 718.0 956.0 766.0 909.0 766.0 roundabout 0
963.0 725.0 968.0 725.0 968.0 735.0 963.0 735.0 small-vehicle 1
1063.0 416.0 1068.0 416.0 1068.0 426.0 1063.0 426.0 small-vehicle 1
1075.0 416.0 1080.0 416.0 1080.0 427.0 1075.0 427.0 small-vehicle 1
1082.0 417.0 1086.0 417.0 1086.0 426.0 1082.0 426.0 small-vehicle 1
1186.0 1021.0 1200.0 1021.0 1200.0 1050.0 1186.0 1050.0 large-vehicle 1
1242.0 292.0 1251.0 292.0 1251.0 297.0 1242.0 297.0 small-vehicle 1
1223.0 283.0 1232.0 283.0 1232.0 290.0 1223.0 290.0 small-vehicle 1
1156.0 265.0 1165.0 265.0 1165.0 271.0 1156.0 271.0 small-vehicle 1
1177.0 591.0 1183.0 591.0 1183.0 600.0 1177.0 600.0 small-vehicle 1
1111.0 1014.0 1127.0 1014.0 1127.0 1049.0 1111.0 1049.0 large-vehicle 1
1178.0 1024.0 1191.0 1024.0 1191.0 1052.0 1178.0 1052.0 large-vehicle 1
1233.0 1009.0 1239.0 1009.0 1239.0 1027.0 1233.0 1027.0 large-vehicle 1
1222.0 290.0 1231.0 290.0 1231.0 296.0 1222.0 296.0 small-vehicle 1
1502.0 894.0 1511.0 894.0 1511.0 909.0 1502.0 909.0 large-vehicle 1
1107.0 69.0 1133.0 69.0 1133.0 80.0 1107.0 80.0 large-vehicle 1
1259.0 960.0 1292.0 960.0 1292.0 968.0 1259.0 968.0 large-vehicle 0
1511.0 853.0 1520.0 853.0 1520.0 859.0 1511.0 859.0 small-vehicle 1
1512.0 844.0 1521.0 844.0 1521.0 850.0 1512.0 850.0 small-vehicle 1
1513.0 838.0 1522.0 838.0 1522.0 843.0 1513.0 843.0 small-vehicle 1
1151.0 304.0 1159.0 304.0 1159.0 308.0 1151.0 308.0 small-vehicle 1
1212.0 278.0 1223.0 278.0 1223.0 285.0 1212.0 285.0 small-vehicle 1
1121.0 327.0 1130.0 327.0 1130.0 332.0 1121.0 332.0 small-vehicle 1
1183.0 281.0 1191.0 281.0 1191.0 285.0 1183.0 285.0 small-vehicle 1
1162.0 293.0 1171.0 293.0 1171.0 299.0 1162.0 299.0 small-vehicle 1
1181.0 312.0 1190.0 312.0 1190.0 317.0 1181.0 317.0 small-vehicle 1
1180.0 307.0 1189.0 307.0 1189.0 312.0 1180.0 312.0 small-vehicle 1
1181.0 303.0 1190.0 303.0 1190.0 307.0 1181.0 307.0 small-vehicle 1
1182.0 298.0 1190.0 298.0 1190.0 302.0 1182.0 302.0 small-vehicle 1
1182.0 292.0 1192.0 292.0 1192.0 297.0 1182.0 297.0 small-vehicle 1
1185.0 271.0 1193.0 271.0 1193.0 276.0 1185.0 276.0 small-vehicle 1
1212.0 283.0 1220.0 283.0 1220.0 289.0 1212.0 289.0 small-vehicle 1
1193.0 277.0 1202.0 277.0 1202.0 282.0 1193.0 282.0 small-vehicle 1
1193.0 288.0 1200.0 288.0 1200.0 293.0 1193.0 293.0 small-vehicle 1
1211.0 305.0 1220.0 305.0 1220.0 310.0 1211.0 310.0 small-vehicle 1
1211.0 300.0 1222.0 300.0 1222.0 306.0 1211.0 306.0 small-vehicle 1
1213.0 295.0 1222.0 295.0 1222.0 300.0 1213.0 300.0 small-vehicle 1
1211.0 289.0 1221.0 289.0 1221.0 294.0 1211.0 294.0 small-vehicle 1
1512.0 831.0 1523.0 831.0 1523.0 837.0 1512.0 837.0 small-vehicle 1
1505.0 832.0 1509.0 832.0 1509.0 842.0 1505.0 842.0 small-vehicle 1
1487.0 807.0 1491.0 807.0 1491.0 817.0 1487.0 817.0 large-vehicle 1
1493.0 557.0 1500.0 557.0 1500.0 562.0 1493.0 562.0 small-vehicle 1
1505.0 572.0 1518.0 572.0 1518.0 576.0 1505.0 576.0 small-vehicle 1
1505.0 566.0 1515.0 566.0 1515.0 571.0 1505.0 571.0 small-vehicle 1
1504.0 561.0 1514.0 561.0 1514.0 566.0 1504.0 566.0 small-vehicle 1
1503.0 557.0 1511.0 557.0 1511.0 561.0 1503.0 561.0 small-vehicle 1
1502.0 551.0 1511.0 551.0 1511.0 557.0 1502.0 557.0 small-vehicle 1
1493.0 563.0 1503.0 563.0 1503.0 568.0 1493.0 568.0 small-vehicle 1
1490.0 553.0 1501.0 553.0 1501.0 557.0 1490.0 557.0 small-vehicle 1
1358.0 744.0 1367.0 744.0 1367.0 749.0 1358.0 749.0 large-vehicle 1
1491.0 546.0 1500.0 546.0 1500.0 552.0 1491.0 552.0 small-vehicle 1
1479.0 548.0 1489.0 548.0 1489.0 554.0 1479.0 554.0 small-vehicle 1
1482.0 555.0 1489.0 555.0 1489.0 559.0 1482.0 559.0 small-vehicle 1
1517.0 614.0 1524.0 614.0 1524.0 623.0 1517.0 623.0 small-vehicle 1
1437.0 398.0 1445.0 398.0 1445.0 403.0 1437.0 403.0 small-vehicle 1
1373.0 405.0 1378.0 405.0 1378.0 415.0 1373.0 415.0 small-vehicle 1
1509.0 577.0 1519.0 577.0 1519.0 581.0 1509.0 581.0 small-vehicle 1
1498.0 577.0 1507.0 577.0 1507.0 582.0 1498.0 582.0 small-vehicle 1
1494.0 583.0 1504.0 583.0 1504.0 589.0 1494.0 589.0 small-vehicle 1
1487.0 579.0 1497.0 579.0 1497.0 582.0 1487.0 582.0 small-vehicle 1
1478.0 580.0 1487.0 580.0 1487.0 585.0 1478.0 585.0 small-vehicle 1
1485.0 569.0 1493.0 569.0 1493.0 572.0 1485.0 572.0 small-vehicle 1
1484.0 564.0 1493.0 564.0 1493.0 569.0 1484.0 569.0 small-vehicle 1
1482.0 559.0 1491.0 559.0 1491.0 564.0 1482.0 564.0 small-vehicle 1
1495.0 569.0 1503.0 569.0 1503.0 572.0 1495.0 572.0 small-vehicle 1
1487.0 573.0 1496.0 573.0 1496.0 578.0 1487.0 578.0 small-vehicle 1
1478.0 575.0 1486.0 575.0 1486.0 580.0 1478.0 580.0 small-vehicle 1
1466.0 580.0 1475.0 580.0 1475.0 585.0 1466.0 585.0 small-vehicle 1
1473.0 556.0 1480.0 556.0 1480.0 559.0 1473.0 559.0 small-vehicle 1
1471.0 548.0 1479.0 548.0 1479.0 555.0 1471.0 555.0 small-vehicle 1
1475.0 585.0 1484.0 585.0 1484.0 590.0 1475.0 590.0 small-vehicle 1
1196.0 591.0 1203.0 591.0 1203.0 602.0 1196.0 602.0 large-vehicle 1
1496.0 696.0 1524.0 696.0 1524.0 703.0 1496.0 703.0 large-vehicle 1
1160.0 310.0 1170.0 310.0 1170.0 316.0 1160.0 316.0 small-vehicle 1
1153.0 289.0 1161.0 289.0 1161.0 293.0 1153.0 293.0 small-vehicle 1
1081.0 404.0 1086.0 404.0 1086.0 412.0 1081.0 412.0 small-vehicle 1
1063.0 295.0 1071.0 295.0 1071.0 300.0 1063.0 300.0 small-vehicle 1
1059.0 323.0 1068.0 323.0 1068.0 326.0 1059.0 326.0 small-vehicle 1
1060.0 320.0 1068.0 320.0 1068.0 325.0 1060.0 325.0 small-vehicle 1
1060.0 316.0 1069.0 316.0 1069.0 321.0 1060.0 321.0 small-vehicle 1
1060.0 310.0 1069.0 310.0 1069.0 315.0 1060.0 315.0 small-vehicle 1
1060.0 304.0 1069.0 304.0 1069.0 309.0 1060.0 309.0 small-vehicle 1
1061.0 300.0 1069.0 300.0 1069.0 305.0 1061.0 305.0 small-vehicle 1
1062.0 290.0 1072.0 290.0 1072.0 295.0 1062.0 295.0 small-vehicle 1
1031.0 376.0 1039.0 376.0 1039.0 379.0 1031.0 379.0 small-vehicle 1
1065.0 280.0 1073.0 280.0 1073.0 285.0 1065.0 285.0 small-vehicle 1
1065.0 274.0 1074.0 274.0 1074.0 279.0 1065.0 279.0 small-vehicle 1
1066.0 269.0 1074.0 269.0 1074.0 273.0 1066.0 273.0 small-vehicle 1
1067.0 264.0 1074.0 264.0 1074.0 269.0 1067.0 269.0 small-vehicle 1
1065.0 257.0 1074.0 257.0 1074.0 263.0 1065.0 263.0 small-vehicle 1
1070.0 332.0 1078.0 332.0 1078.0 337.0 1070.0 337.0 small-vehicle 1
1059.0 327.0 1069.0 327.0 1069.0 330.0 1059.0 330.0 small-vehicle 1
1031.0 379.0 1040.0 379.0 1040.0 384.0 1031.0 384.0 small-vehicle 1
1134.0 292.0 1142.0 292.0 1142.0 296.0 1134.0 296.0 small-vehicle 1
1029.0 403.0 1036.0 403.0 1036.0 408.0 1029.0 408.0 small-vehicle 1
1070.0 403.0 1076.0 403.0 1076.0 413.0 1070.0 413.0 small-vehicle 1
1065.0 403.0 1071.0 403.0 1071.0 412.0 1065.0 412.0 small-vehicle 1
1059.0 403.0 1067.0 403.0 1067.0 412.0 1059.0 412.0 small-vehicle 1
1049.0 403.0 1054.0 403.0 1054.0 411.0 1049.0 411.0 small-vehicle 1
1038.0 400.0 1045.0 400.0 1045.0 413.0 1038.0 413.0 small-vehicle 1
1028.0 413.0 1034.0 413.0 1034.0 417.0 1028.0 417.0 small-vehicle 1
1056.0 383.0 1061.0 383.0 1061.0 391.0 1056.0 391.0 small-vehicle 1
1031.0 383.0 1039.0 383.0 1039.0 387.0 1031.0 387.0 small-vehicle 1
1072.0 383.0 1077.0 383.0 1077.0 392.0 1072.0 392.0 small-vehicle 1
1074.0 374.0 1078.0 374.0 1078.0 382.0 1074.0 382.0 small-vehicle 1
1067.0 374.0 1072.0 374.0 1072.0 382.0 1067.0 382.0 small-vehicle 1
1062.0 373.0 1066.0 373.0 1066.0 381.0 1062.0 381.0 small-vehicle 1
1046.0 373.0 1050.0 373.0 1050.0 383.0 1046.0 383.0 small-vehicle 1
1042.0 373.0 1047.0 373.0 1047.0 382.0 1042.0 382.0 small-vehicle 1
1070.0 328.0 1078.0 328.0 1078.0 332.0 1070.0 332.0 small-vehicle 1
1071.0 317.0 1078.0 317.0 1078.0 321.0 1071.0 321.0 small-vehicle 1
1071.0 312.0 1081.0 312.0 1081.0 316.0 1071.0 316.0 small-vehicle 1
1125.0 264.0 1133.0 264.0 1133.0 269.0 1125.0 269.0 small-vehicle 1
1103.0 289.0 1111.0 289.0 1111.0 293.0 1103.0 293.0 small-vehicle 1
1104.0 284.0 1112.0 284.0 1112.0 288.0 1104.0 288.0 small-vehicle 1
1104.0 280.0 1113.0 280.0 1113.0 283.0 1104.0 283.0 small-vehicle 1
1105.0 274.0 1113.0 274.0 1113.0 278.0 1105.0 278.0 small-vehicle 1
1106.0 269.0 1113.0 269.0 1113.0 273.0 1106.0 273.0 small-vehicle 1
1106.0 263.0 1113.0 263.0 1113.0 267.0 1106.0 267.0 small-vehicle 1
1125.0 270.0 1133.0 270.0 1133.0 274.0 1125.0 274.0 small-vehicle 1
1073.0 285.0 1082.0 285.0 1082.0 291.0 1073.0 291.0 small-vehicle 1
1124.0 275.0 1133.0 275.0 1133.0 278.0 1124.0 278.0 small-vehicle 1
1123.0 295.0 1131.0 295.0 1131.0 299.0 1123.0 299.0 small-vehicle 1
1120.0 312.0 1129.0 312.0 1129.0 316.0 1120.0 316.0 small-vehicle 1
1121.0 317.0 1130.0 317.0 1130.0 321.0 1121.0 321.0 small-vehicle 1
1150.0 309.0 1158.0 309.0 1158.0 314.0 1150.0 314.0 small-vehicle 1
1133.0 303.0 1140.0 303.0 1140.0 306.0 1133.0 306.0 small-vehicle 1
1096.0 259.0 1105.0 259.0 1105.0 263.0 1096.0 263.0 small-vehicle 1
1096.0 263.0 1103.0 263.0 1103.0 267.0 1096.0 267.0 small-vehicle 1
1094.0 267.0 1103.0 267.0 1103.0 270.0 1094.0 270.0 small-vehicle 1
1094.0 272.0 1103.0 272.0 1103.0 276.0 1094.0 276.0 small-vehicle 1
1094.0 277.0 1101.0 277.0 1101.0 282.0 1094.0 282.0 small-vehicle 1
1094.0 283.0 1101.0 283.0 1101.0 288.0 1094.0 288.0 small-vehicle 1
1093.0 287.0 1101.0 287.0 1101.0 293.0 1093.0 293.0 small-vehicle 1
1103.0 294.0 1111.0 294.0 1111.0 299.0 1103.0 299.0 small-vehicle 1
1102.0 306.0 1110.0 306.0 1110.0 310.0 1102.0 310.0 small-vehicle 1
1101.0 310.0 1110.0 310.0 1110.0 314.0 1101.0 314.0 small-vehicle 1
1100.0 315.0 1109.0 315.0 1109.0 318.0 1100.0 318.0 small-vehicle 1
1093.0 303.0 1101.0 303.0 1101.0 309.0 1093.0 309.0 small-vehicle 1
1091.0 308.0 1100.0 308.0 1100.0 314.0 1091.0 314.0 small-vehicle 1
1091.0 313.0 1098.0 313.0 1098.0 318.0 1091.0 318.0 small-vehicle 1
1100.0 325.0 1108.0 325.0 1108.0 332.0 1100.0 332.0 small-vehicle 1
1098.0 330.0 1108.0 330.0 1108.0 335.0 1098.0 335.0 small-vehicle 1
1090.0 323.0 1100.0 323.0 1100.0 329.0 1090.0 329.0 small-vehicle 1
779.0 98.0 788.0 98.0 788.0 103.0 779.0 103.0 small-vehicle 1
803.0 86.0 813.0 86.0 813.0 90.0 803.0 90.0 small-vehicle 1
855.0 128.0 864.0 128.0 864.0 133.0 855.0 133.0 small-vehicle 1
537.0 631.0 542.0 631.0 542.0 639.0 537.0 639.0 small-vehicle 1
530.0 658.0 535.0 658.0 535.0 666.0 530.0 666.0 small-vehicle 1
535.0 680.0 541.0 680.0 541.0 691.0 535.0 691.0 small-vehicle 1
549.0 680.0 554.0 680.0 554.0 691.0 549.0 691.0 small-vehicle 1
530.0 679.0 537.0 679.0 537.0 688.0 530.0 688.0 small-vehicle 1
526.0 631.0 532.0 631.0 532.0 640.0 526.0 640.0 small-vehicle 1
532.0 631.0 536.0 631.0 536.0 639.0 532.0 639.0 small-vehicle 1
543.0 632.0 547.0 632.0 547.0 640.0 543.0 640.0 small-vehicle 1
526.0 643.0 535.0 643.0 535.0 650.0 526.0 650.0 small-vehicle 1
549.0 632.0 554.0 632.0 554.0 642.0 549.0 642.0 small-vehicle 1
531.0 608.0 537.0 608.0 537.0 616.0 531.0 616.0 small-vehicle 1
538.0 606.0 543.0 606.0 543.0 616.0 538.0 616.0 small-vehicle 1
550.0 609.0 554.0 609.0 554.0 617.0 550.0 617.0 small-vehicle 1
534.0 593.0 538.0 593.0 538.0 601.0 534.0 601.0 small-vehicle 1
539.0 593.0 544.0 593.0 544.0 600.0 539.0 600.0 small-vehicle 1
526.0 657.0 530.0 657.0 530.0 666.0 526.0 666.0 small-vehicle 1
341.0 685.0 348.0 685.0 348.0 693.0 341.0 693.0 small-vehicle 1
120.0 555.0 125.0 555.0 125.0 564.0 120.0 564.0 small-vehicle 1
512.0 79.0 529.0 79.0 529.0 85.0 512.0 85.0 large-vehicle 0
375.0 558.0 379.0 558.0 379.0 567.0 375.0 567.0 small-vehicle 1
105.0 585.0 122.0 585.0 122.0 593.0 105.0 593.0 large-vehicle 0
109.0 580.0 123.0 580.0 123.0 585.0 109.0 585.0 large-vehicle 1
82.0 330.0 87.0 330.0 87.0 340.0 82.0 340.0 large-vehicle 1
65.0 98.0 71.0 98.0 71.0 112.0 65.0 112.0 large-vehicle 1
512.0 86.0 530.0 86.0 530.0 92.0 512.0 92.0 large-vehicle 0
495.0 59.0 511.0 59.0 511.0 66.0 495.0 66.0 large-vehicle 0
516.0 128.0 531.0 128.0 531.0 132.0 516.0 132.0 large-vehicle 1
511.0 73.0 533.0 73.0 533.0 79.0 511.0 79.0 large-vehicle 0
508.0 133.0 521.0 133.0 521.0 139.0 508.0 139.0 large-vehicle 1
510.0 139.0 523.0 139.0 523.0 146.0 510.0 146.0 large-vehicle 1
511.0 146.0 523.0 146.0 523.0 151.0 511.0 151.0 large-vehicle 1
499.0 171.0 515.0 171.0 515.0 176.0 499.0 176.0 large-vehicle 0
502.0 153.0 526.0 153.0 526.0 161.0 502.0 161.0 large-vehicle 0
544.0 592.0 550.0 592.0 550.0 600.0 544.0 600.0 small-vehicle 1
551.0 593.0 555.0 593.0 555.0 603.0 551.0 603.0 small-vehicle 1
383.0 299.0 391.0 299.0 391.0 303.0 383.0 303.0 small-vehicle 1
326.0 398.0 333.0 398.0 333.0 406.0 326.0 406.0 small-vehicle 1
339.0 96.0 343.0 96.0 343.0 105.0 339.0 105.0 small-vehicle 1
344.0 99.0 349.0 99.0 349.0 106.0 344.0 106.0 small-vehicle 1
286.0 92.0 290.0 92.0 290.0 101.0 286.0 101.0 small-vehicle 1
281.0 92.0 284.0 92.0 284.0 102.0 281.0 102.0 small-vehicle 1
263.0 93.0 266.0 93.0 266.0 102.0 263.0 102.0 small-vehicle 1
525.0 137.0 534.0 137.0 534.0 142.0 525.0 142.0 small-vehicle 1
323.0 397.0 329.0 397.0 329.0 404.0 323.0 404.0 small-vehicle 1
383.0 304.0 391.0 304.0 391.0 308.0 383.0 308.0 small-vehicle 1
295.0 390.0 301.0 390.0 301.0 400.0 295.0 400.0 small-vehicle 1
277.0 737.0 286.0 737.0 286.0 740.0 277.0 740.0 small-vehicle 1
277.0 744.0 285.0 744.0 285.0 747.0 277.0 747.0 small-vehicle 1
278.0 716.0 286.0 716.0 286.0 720.0 278.0 720.0 small-vehicle 1
322.0 626.0 333.0 626.0 333.0 631.0 322.0 631.0 large-vehicle 1
488.0 1059.0 504.0 1059.0 504.0 1066.0 488.0 1066.0 large-vehicle 0
295.0 105.0 299.0 105.0 299.0 113.0 295.0 113.0 small-vehicle 1
398.0 16.0 402.0 16.0 402.0 26.0 398.0 26.0 small-vehicle 1
402.0 17.0 407.0 17.0 407.0 26.0 402.0 26.0 small-vehicle 1
438.0 20.0 443.0 20.0 443.0 31.0 438.0 31.0 small-vehicle 1
514.0 115.0 522.0 115.0 522.0 119.0 514.0 119.0 small-vehicle 1
514.0 121.0 522.0 121.0 522.0 126.0 514.0 126.0 small-vehicle 1
512.0 100.0 521.0 100.0 521.0 105.0 512.0 105.0 small-vehicle 1
412.0 130.0 418.0 130.0 418.0 139.0 412.0 139.0 small-vehicle 1
449.0 132.0 454.0 132.0 454.0 141.0 449.0 141.0 small-vehicle 1
459.0 133.0 463.0 133.0 463.0 142.0 459.0 142.0 small-vehicle 1
474.0 134.0 480.0 134.0 480.0 143.0 474.0 143.0 small-vehicle 1
526.0 95.0 536.0 95.0 536.0 100.0 526.0 100.0 small-vehicle 1
488.0 96.0 502.0 96.0 502.0 101.0 488.0 101.0 small-vehicle 1
490.0 85.0 501.0 85.0 501.0 91.0 490.0 91.0 small-vehicle 1
469.0 26.0 479.0 26.0 479.0 31.0 469.0 31.0 small-vehicle 1
469.0 32.0 478.0 32.0 478.0 34.0 469.0 34.0 small-vehicle 1
382.0 308.0 390.0 308.0 390.0 314.0 382.0 314.0 small-vehicle 1
106.0 553.0 111.0 553.0 111.0 563.0 106.0 563.0 small-vehicle 1
365.0 332.0 369.0 332.0 369.0 342.0 365.0 342.0 small-vehicle 1
558.0 48.0 564.0 48.0 564.0 67.0 558.0 67.0 large-vehicle 0
250.0 867.0 258.0 867.0 258.0 872.0 250.0 872.0 small-vehicle 1
273.0 900.0 280.0 900.0 280.0 905.0 273.0 905.0 small-vehicle 1
273.0 896.0 280.0 896.0 280.0 900.0 273.0 900.0 small-vehicle 1
272.0 882.0 282.0 882.0 282.0 887.0 272.0 887.0 small-vehicle 1
273.0 876.0 281.0 876.0 281.0 880.0 273.0 880.0 small-vehicle 1
273.0 870.0 282.0 870.0 282.0 874.0 273.0 874.0 small-vehicle 1
273.0 858.0 282.0 858.0 282.0 864.0 273.0 864.0 small-vehicle 1
249.0 862.0 257.0 862.0 257.0 866.0 249.0 866.0 small-vehicle 1
273.0 914.0 281.0 914.0 281.0 919.0 273.0 919.0 small-vehicle 1
216.0 881.0 225.0 881.0 225.0 885.0 216.0 885.0 small-vehicle 1
217.0 865.0 225.0 865.0 225.0 869.0 217.0 869.0 small-vehicle 1
234.0 948.0 243.0 948.0 243.0 955.0 234.0 955.0 small-vehicle 1
298.0 773.0 303.0 773.0 303.0 781.0 298.0 781.0 small-vehicle 1
298.0 783.0 303.0 783.0 303.0 792.0 298.0 792.0 small-vehicle 1
298.0 794.0 302.0 794.0 302.0 804.0 298.0 804.0 small-vehicle 1
273.0 908.0 282.0 908.0 282.0 912.0 273.0 912.0 small-vehicle 1
241.0 889.0 248.0 889.0 248.0 894.0 241.0 894.0 small-vehicle 1
381.0 440.0 390.0 440.0 390.0 445.0 381.0 445.0 small-vehicle 1
89.0 1057.0 99.0 1057.0 99.0 1061.0 89.0 1061.0 small-vehicle 1
70.0 1662.0 82.0 1662.0 82.0 1671.0 70.0 1671.0 small-vehicle 1
183.0 1633.0 195.0 1633.0 195.0 1640.0 183.0 1640.0 small-vehicle 1
322.0 1583.0 339.0 1583.0 339.0 1595.0 322.0 1595.0 large-vehicle 0
692.0 1486.0 704.0 1486.0 704.0 1494.0 692.0 1494.0 small-vehicle 1
684.0 1520.0 695.0 1520.0 695.0 1528.0 684.0 1528.0 small-vehicle 1
89.0 1061.0 97.0 1061.0 97.0 1067.0 89.0 1067.0 small-vehicle 1
88.0 1045.0 98.0 1045.0 98.0 1050.0 88.0 1050.0 small-vehicle 1
251.0 889.0 260.0 889.0 260.0 894.0 251.0 894.0 small-vehicle 1
253.0 1044.0 263.0 1044.0 263.0 1048.0 253.0 1048.0 small-vehicle 1
253.0 1052.0 263.0 1052.0 263.0 1057.0 253.0 1057.0 small-vehicle 1
189.0 1134.0 195.0 1134.0 195.0 1165.0 189.0 1165.0 large-vehicle 0
233.0 1136.0 240.0 1136.0 240.0 1166.0 233.0 1166.0 large-vehicle 0
253.0 916.0 261.0 916.0 261.0 920.0 253.0 920.0 small-vehicle 1
253.0 912.0 260.0 912.0 260.0 915.0 253.0 915.0 small-vehicle 1
295.0 904.0 298.0 904.0 298.0 914.0 295.0 914.0 small-vehicle 1
249.0 960.0 257.0 960.0 257.0 966.0 249.0 966.0 small-vehicle 1
312.0 786.0 316.0 786.0 316.0 796.0 312.0 796.0 small-vehicle 1
258.0 586.0 261.0 586.0 261.0 594.0 258.0 594.0 small-vehicle 1
398.0 853.0 405.0 853.0 405.0 858.0 398.0 858.0 small-vehicle 1
52.0 600.0 57.0 600.0 57.0 611.0 52.0 611.0 small-vehicle 1
309.0 596.0 315.0 596.0 315.0 604.0 309.0 604.0 small-vehicle 1
294.0 596.0 298.0 596.0 298.0 606.0 294.0 606.0 small-vehicle 1
286.0 583.0 290.0 583.0 290.0 593.0 286.0 593.0 small-vehicle 1
293.0 585.0 297.0 585.0 297.0 593.0 293.0 593.0 small-vehicle 1
314.0 561.0 319.0 561.0 319.0 570.0 314.0 570.0 small-vehicle 1
312.0 799.0 316.0 799.0 316.0 808.0 312.0 808.0 small-vehicle 1
335.0 562.0 339.0 562.0 339.0 571.0 335.0 571.0 small-vehicle 1
341.0 561.0 345.0 561.0 345.0 570.0 341.0 570.0 small-vehicle 1
345.0 560.0 350.0 560.0 350.0 569.0 345.0 569.0 small-vehicle 1
361.0 582.0 365.0 582.0 365.0 591.0 361.0 591.0 small-vehicle 1
379.0 590.0 387.0 590.0 387.0 600.0 379.0 600.0 small-vehicle 1
377.0 578.0 387.0 578.0 387.0 587.0 377.0 587.0 small-vehicle 1
399.0 848.0 406.0 848.0 406.0 853.0 399.0 853.0 small-vehicle 1
396.0 835.0 405.0 835.0 405.0 839.0 396.0 839.0 small-vehicle 1
399.0 819.0 407.0 819.0 407.0 823.0 399.0 823.0 small-vehicle 1
398.0 813.0 406.0 813.0 406.0 817.0 398.0 817.0 small-vehicle 1
398.0 809.0 407.0 809.0 407.0 813.0 398.0 813.0 small-vehicle 1
399.0 798.0 408.0 798.0 408.0 802.0 399.0 802.0 small-vehicle 1
400.0 783.0 408.0 783.0 408.0 786.0 400.0 786.0 small-vehicle 1
400.0 771.0 410.0 771.0 410.0 775.0 400.0 775.0 small-vehicle 1
401.0 760.0 409.0 760.0 409.0 765.0 401.0 765.0 small-vehicle 1
394.0 723.0 402.0 723.0 402.0 732.0 394.0 732.0 small-vehicle 1
382.0 724.0 390.0 724.0 390.0 734.0 382.0 734.0 small-vehicle 1
340.0 723.0 347.0 723.0 347.0 732.0 340.0 732.0 small-vehicle 1
335.0 723.0 341.0 723.0 341.0 731.0 335.0 731.0 small-vehicle 1
315.0 726.0 321.0 726.0 321.0 736.0 315.0 736.0 small-vehicle 1
329.0 723.0 335.0 723.0 335.0 732.0 329.0 732.0 small-vehicle 1
322.0 723.0 328.0 723.0 328.0 733.0 322.0 733.0 small-vehicle 1
304.0 745.0 309.0 745.0 309.0 753.0 304.0 753.0 small-vehicle 1
550.0 49.0 558.0 49.0 558.0 68.0 550.0 68.0 large-vehicle 0
614.0 57.0 619.0 57.0 619.0 71.0 614.0 71.0 large-vehicle 1
854.0 122.0 864.0 122.0 864.0 128.0 854.0 128.0 small-vehicle 1
823.0 323.0 829.0 323.0 829.0 332.0 823.0 332.0 small-vehicle 1
790.0 320.0 793.0 320.0 793.0 326.0 790.0 326.0 small-vehicle 1
794.0 318.0 799.0 318.0 799.0 327.0 794.0 327.0 small-vehicle 1
800.0 320.0 804.0 320.0 804.0 328.0 800.0 328.0 small-vehicle 1
804.0 320.0 811.0 320.0 811.0 329.0 804.0 329.0 small-vehicle 1
812.0 321.0 817.0 321.0 817.0 331.0 812.0 331.0 small-vehicle 1
818.0 322.0 823.0 322.0 823.0 330.0 818.0 330.0 small-vehicle 1
828.0 323.0 835.0 323.0 835.0 331.0 828.0 331.0 small-vehicle 1
765.0 315.0 773.0 315.0 773.0 325.0 765.0 325.0 small-vehicle 1
834.0 324.0 840.0 324.0 840.0 331.0 834.0 331.0 small-vehicle 1
847.0 325.0 853.0 325.0 853.0 333.0 847.0 333.0 small-vehicle 1
861.0 325.0 867.0 325.0 867.0 334.0 861.0 334.0 small-vehicle 1
866.0 327.0 873.0 327.0 873.0 334.0 866.0 334.0 small-vehicle 1
957.0 294.0 961.0 294.0 961.0 302.0 957.0 302.0 small-vehicle 1
957.0 323.0 961.0 323.0 961.0 331.0 957.0 331.0 small-vehicle 1
784.0 318.0 788.0 318.0 788.0 325.0 784.0 325.0 small-vehicle 1
751.0 315.0 756.0 315.0 756.0 324.0 751.0 324.0 small-vehicle 1
698.0 398.0 702.0 398.0 702.0 407.0 698.0 407.0 small-vehicle 1
683.0 309.0 687.0 309.0 687.0 317.0 683.0 317.0 small-vehicle 1
661.0 342.0 673.0 342.0 673.0 345.0 661.0 345.0 small-vehicle 1
663.0 337.0 672.0 337.0 672.0 341.0 663.0 341.0 small-vehicle 1
663.0 331.0 673.0 331.0 673.0 336.0 663.0 336.0 small-vehicle 1
708.0 338.0 717.0 338.0 717.0 342.0 708.0 342.0 small-vehicle 1
709.0 332.0 718.0 332.0 718.0 336.0 709.0 336.0 small-vehicle 1
677.0 308.0 682.0 308.0 682.0 318.0 677.0 318.0 small-vehicle 1
688.0 309.0 693.0 309.0 693.0 317.0 688.0 317.0 small-vehicle 1
744.0 316.0 750.0 316.0 750.0 325.0 744.0 325.0 small-vehicle 1
694.0 310.0 699.0 310.0 699.0 318.0 694.0 318.0 small-vehicle 1
702.0 312.0 705.0 312.0 705.0 320.0 702.0 320.0 small-vehicle 1
711.0 311.0 717.0 311.0 717.0 320.0 711.0 320.0 small-vehicle 1
719.0 311.0 723.0 311.0 723.0 321.0 719.0 321.0 small-vehicle 1
729.0 313.0 735.0 313.0 735.0 321.0 729.0 321.0 small-vehicle 1
739.0 313.0 744.0 313.0 744.0 322.0 739.0 322.0 small-vehicle 1
968.0 403.0 975.0 403.0 975.0 408.0 968.0 408.0 small-vehicle 1
968.0 399.0 975.0 399.0 975.0 404.0 968.0 404.0 small-vehicle 1
970.0 389.0 978.0 389.0 978.0 394.0 970.0 394.0 small-vehicle 1
767.0 59.0 773.0 59.0 773.0 69.0 767.0 69.0 small-vehicle 1
947.0 120.0 952.0 120.0 952.0 129.0 947.0 129.0 small-vehicle 1
953.0 104.0 958.0 104.0 958.0 114.0 953.0 114.0 small-vehicle 1
867.0 137.0 872.0 137.0 872.0 148.0 867.0 148.0 small-vehicle 1
898.0 52.0 906.0 52.0 906.0 56.0 898.0 56.0 small-vehicle 1
794.0 24.0 805.0 24.0 805.0 29.0 794.0 29.0 small-vehicle 1
762.0 59.0 766.0 59.0 766.0 69.0 762.0 69.0 small-vehicle 1
776.0 61.0 784.0 61.0 784.0 73.0 776.0 73.0 small-vehicle 1
969.0 378.0 978.0 378.0 978.0 384.0 969.0 384.0 small-vehicle 1
801.0 62.0 808.0 62.0 808.0 73.0 801.0 73.0 small-vehicle 1
814.0 96.0 824.0 96.0 824.0 102.0 814.0 102.0 small-vehicle 1
815.0 86.0 826.0 86.0 826.0 91.0 815.0 91.0 small-vehicle 1
860.0 68.0 866.0 68.0 866.0 79.0 860.0 79.0 small-vehicle 1
841.0 67.0 846.0 67.0 846.0 77.0 841.0 77.0 small-vehicle 1
848.0 96.0 859.0 96.0 859.0 101.0 848.0 101.0 small-vehicle 1
930.0 163.0 939.0 163.0 939.0 168.0 930.0 168.0 small-vehicle 1
944.0 162.0 950.0 162.0 950.0 172.0 944.0 172.0 small-vehicle 1
672.0 290.0 678.0 290.0 678.0 295.0 672.0 295.0 small-vehicle 1
667.0 256.0 674.0 256.0 674.0 260.0 667.0 260.0 small-vehicle 1
667.0 249.0 675.0 249.0 675.0 255.0 667.0 255.0 small-vehicle 1
667.0 244.0 675.0 244.0 675.0 249.0 667.0 249.0 small-vehicle 1
679.0 295.0 689.0 295.0 689.0 300.0 679.0 300.0 small-vehicle 1
669.0 295.0 678.0 295.0 678.0 301.0 669.0 301.0 small-vehicle 1
666.0 261.0 675.0 261.0 675.0 266.0 666.0 266.0 small-vehicle 1
690.0 261.0 695.0 261.0 695.0 270.0 690.0 270.0 small-vehicle 1
698.0 260.0 706.0 260.0 706.0 264.0 698.0 264.0 small-vehicle 1
697.0 267.0 705.0 267.0 705.0 271.0 697.0 271.0 small-vehicle 1
974.0 308.0 980.0 308.0 980.0 313.0 974.0 313.0 small-vehicle 1
973.0 329.0 980.0 329.0 980.0 334.0 973.0 334.0 small-vehicle 1
973.0 337.0 980.0 337.0 980.0 342.0 973.0 342.0 small-vehicle 1
971.0 354.0 979.0 354.0 979.0 359.0 971.0 359.0 small-vehicle 1
969.0 372.0 977.0 372.0 977.0 379.0 969.0 379.0 small-vehicle 1
705.0 396.0 709.0 396.0 709.0 407.0 705.0 407.0 small-vehicle 1
797.0 483.0 807.0 483.0 807.0 487.0 797.0 487.0 small-vehicle 1
599.0 53.0 603.0 53.0 603.0 65.0 599.0 65.0 large-vehicle 1
810.0 1006.0 829.0 1006.0 829.0 1016.0 810.0 1016.0 large-vehicle 0
785.0 577.0 791.0 577.0 791.0 588.0 785.0 588.0 large-vehicle 1
799.0 748.0 805.0 748.0 805.0 761.0 799.0 761.0 large-vehicle 1
818.0 943.0 833.0 943.0 833.0 958.0 818.0 958.0 large-vehicle 0
832.0 958.0 847.0 958.0 847.0 973.0 832.0 973.0 large-vehicle 0
838.0 963.0 853.0 963.0 853.0 979.0 838.0 979.0 large-vehicle 0
877.0 986.0 895.0 986.0 895.0 997.0 877.0 997.0 large-vehicle 0
886.0 1436.0 897.0 1436.0 897.0 1442.0 886.0 1442.0 small-vehicle 1
774.0 592.0 795.0 592.0 795.0 605.0 774.0 605.0 large-vehicle 0
895.0 1460.0 906.0 1460.0 906.0 1466.0 895.0 1466.0 small-vehicle 1
948.0 935.0 953.0 935.0 953.0 945.0 948.0 945.0 small-vehicle 1
950.0 1010.0 953.0 1010.0 953.0 1016.0 950.0 1016.0 small-vehicle 1
716.0 1009.0 721.0 1009.0 721.0 1017.0 716.0 1017.0 small-vehicle 1
722.0 1009.0 727.0 1009.0 727.0 1017.0 722.0 1017.0 small-vehicle 1
751.0 1010.0 756.0 1010.0 756.0 1018.0 751.0 1018.0 small-vehicle 1
794.0 577.0 800.0 577.0 800.0 590.0 794.0 590.0 large-vehicle 1
722.0 433.0 727.0 433.0 727.0 447.0 722.0 447.0 large-vehicle 1
796.0 487.0 807.0 487.0 807.0 493.0 796.0 493.0 small-vehicle 1
628.0 48.0 635.0 48.0 635.0 64.0 628.0 64.0 large-vehicle 0
601.0 41.0 605.0 41.0 605.0 51.0 601.0 51.0 large-vehicle 1
606.0 46.0 613.0 46.0 613.0 60.0 606.0 60.0 large-vehicle 1
580.0 40.0 587.0 40.0 587.0 56.0 580.0 56.0 large-vehicle 0
566.0 75.0 584.0 75.0 584.0 84.0 566.0 84.0 large-vehicle 0
563.0 71.0 576.0 71.0 576.0 76.0 563.0 76.0 large-vehicle 1
566.0 39.0 574.0 39.0 574.0 56.0 566.0 56.0 large-vehicle 1
804.0 199.0 824.0 199.0 824.0 206.0 804.0 206.0 large-vehicle 0
915.0 237.0 922.0 237.0 922.0 247.0 915.0 247.0 large-vehicle 1
644.0 172.0 658.0 172.0 658.0 178.0 644.0 178.0 large-vehicle 1
909.0 259.0 915.0 259.0 915.0 270.0 909.0 270.0 large-vehicle 1
903.0 258.0 908.0 258.0 908.0 268.0 903.0 268.0 large-vehicle 1
897.0 259.0 902.0 259.0 902.0 268.0 897.0 268.0 large-vehicle 1
902.0 239.0 909.0 239.0 909.0 248.0 902.0 248.0 large-vehicle 1
908.0 237.0 916.0 237.0 916.0 248.0 908.0 248.0 large-vehicle 1
909.0 763.0 917.0 763.0 917.0 774.0 909.0 774.0 small-vehicle 1
958.0 757.0 967.0 757.0 967.0 766.0 958.0 766.0 small-vehicle 1
903.0 728.0 910.0 728.0 910.0 741.0 903.0 741.0 small-vehicle 1
691.0 491.0 701.0 491.0 701.0 496.0 691.0 496.0 small-vehicle 1
700.0 521.0 705.0 521.0 705.0 531.0 700.0 531.0 small-vehicle 1
695.0 519.0 701.0 519.0 701.0 530.0 695.0 530.0 small-vehicle 1
691.0 519.0 698.0 519.0 698.0 529.0 691.0 529.0 small-vehicle 1
687.0 519.0 692.0 519.0 692.0 528.0 687.0 528.0 small-vehicle 1
690.0 496.0 699.0 496.0 699.0 500.0 690.0 500.0 small-vehicle 1
690.0 499.0 698.0 499.0 698.0 503.0 690.0 503.0 small-vehicle 1
692.0 486.0 701.0 486.0 701.0 491.0 692.0 491.0 small-vehicle 1
866.0 733.0 878.0 733.0 878.0 740.0 866.0 740.0 small-vehicle 1
674.0 487.0 680.0 487.0 680.0 498.0 674.0 498.0 small-vehicle 1
674.0 467.0 680.0 467.0 680.0 477.0 674.0 477.0 small-vehicle 1
683.0 490.0 690.0 490.0 690.0 501.0 683.0 501.0 small-vehicle 1
705.0 441.0 711.0 441.0 711.0 453.0 705.0 453.0 small-vehicle 1
893.0 476.0 901.0 476.0 901.0 480.0 893.0 480.0 small-vehicle 1
833.0 506.0 842.0 506.0 842.0 509.0 833.0 509.0 small-vehicle 1
711.0 521.0 717.0 521.0 717.0 532.0 711.0 532.0 small-vehicle 1
792.0 528.0 797.0 528.0 797.0 535.0 792.0 535.0 small-vehicle 1
788.0 526.0 793.0 526.0 793.0 536.0 788.0 536.0 small-vehicle 1
782.0 526.0 788.0 526.0 788.0 537.0 782.0 537.0 small-vehicle 1
775.0 526.0 781.0 526.0 781.0 539.0 775.0 539.0 small-vehicle 1
771.0 527.0 775.0 527.0 775.0 538.0 771.0 538.0 small-vehicle 1
764.0 526.0 770.0 526.0 770.0 537.0 764.0 537.0 small-vehicle 1
755.0 527.0 761.0 527.0 761.0 537.0 755.0 537.0 small-vehicle 1
861.0 544.0 867.0 544.0 867.0 554.0 861.0 554.0 small-vehicle 1
981.0 532.0 987.0 532.0 987.0 540.0 981.0 540.0 small-vehicle 1
979.0 566.0 984.0 566.0 984.0 575.0 979.0 575.0 small-vehicle 1
981.0 554.0 986.0 554.0 986.0 563.0 981.0 563.0 small-vehicle 1
973.0 565.0 979.0 565.0 979.0 572.0 973.0 572.0 small-vehicle 1
968.0 563.0 974.0 563.0 974.0 572.0 968.0 572.0 small-vehicle 1
949.0 540.0 954.0 540.0 954.0 549.0 949.0 549.0 small-vehicle 1
700.0 629.0 708.0 629.0 708.0 639.0 700.0 639.0 small-vehicle 1
712.0 632.0 717.0 632.0 717.0 640.0 712.0 640.0 small-vehicle 1
1378.0 403.0 1382.0 403.0 1382.0 415.0 1378.0 415.0 small-vehicle 1
1381.0 403.0 1385.0 403.0 1385.0 413.0 1381.0 413.0 small-vehicle 1
1385.0 403.0 1389.0 403.0 1389.0 412.0 1385.0 412.0 small-vehicle 1
1048.0 600.0 1059.0 600.0 1059.0 607.0 1048.0 607.0 small-vehicle 1
993.0 566.0 1001.0 566.0 1001.0 576.0 993.0 576.0 large-vehicle 1
1000.0 565.0 1006.0 565.0 1006.0 577.0 1000.0 577.0 large-vehicle 1
704.0 520.0 710.0 520.0 710.0 531.0 704.0 531.0 large-vehicle 1
683.0 475.0 693.0 475.0 693.0 481.0 683.0 481.0 large-vehicle 1
683.0 462.0 693.0 462.0 693.0 469.0 683.0 469.0 large-vehicle 1
825.0 495.0 831.0 495.0 831.0 510.0 825.0 510.0 large-vehicle 1
994.0 520.0 998.0 520.0 998.0 529.0 994.0 529.0 small-vehicle 1
1004.0 554.0 1011.0 554.0 1011.0 564.0 1004.0 564.0 large-vehicle 1
723.0 312.0 731.0 312.0 731.0 322.0 723.0 322.0 small-vehicle 1
971.0 343.0 981.0 343.0 981.0 349.0 971.0 349.0 small-vehicle 1
971.0 349.0 979.0 349.0 979.0 354.0 971.0 354.0 small-vehicle 1
973.0 252.0 985.0 252.0 985.0 257.0 973.0 257.0 small-vehicle 1
975.0 246.0 986.0 246.0 986.0 251.0 975.0 251.0 small-vehicle 1
1035.0 295.0 1046.0 295.0 1046.0 300.0 1035.0 300.0 small-vehicle 1
1011.0 555.0 1018.0 555.0 1018.0 566.0 1011.0 566.0 large-vehicle 1
1000.0 552.0 1006.0 552.0 1006.0 564.0 1000.0 564.0 large-vehicle 1
548.0 658.0 553.0 658.0 553.0 668.0 548.0 668.0 large-vehicle 1
957.0 745.0 964.0 745.0 964.0 756.0 957.0 756.0 small-vehicle 1
543.0 641.0 552.0 641.0 552.0 651.0 543.0 651.0 large-vehicle 1
541.0 680.0 546.0 680.0 546.0 691.0 541.0 691.0 large-vehicle 1
525.0 678.0 532.0 678.0 532.0 688.0 525.0 688.0 large-vehicle 1
555.0 631.0 559.0 631.0 559.0 642.0 555.0 642.0 large-vehicle 1
544.0 658.0 549.0 658.0 549.0 670.0 544.0 670.0 large-vehicle 1
536.0 657.0 542.0 657.0 542.0 666.0 536.0 666.0 large-vehicle 1
937.0 920.0 942.0 920.0 942.0 930.0 937.0 930.0 small-vehicle 1
991.0 554.0 996.0 554.0 996.0 565.0 991.0 565.0 large-vehicle 1
976.0 530.0 982.0 530.0 982.0 540.0 976.0 540.0 large-vehicle 1
971.0 529.0 976.0 529.0 976.0 540.0 971.0 540.0 large-vehicle 1
991.0 530.0 998.0 530.0 998.0 542.0 991.0 542.0 large-vehicle 1
998.0 533.0 1002.0 533.0 1002.0 542.0 998.0 542.0 large-vehicle 1
969.0 551.0 976.0 551.0 976.0 563.0 969.0 563.0 large-vehicle 1
975.0 553.0 981.0 553.0 981.0 564.0 975.0 564.0 large-vehicle 1
969.0 363.0 979.0 363.0 979.0 369.0 969.0 369.0 small-vehicle 1
1051.0 383.0 1055.0 383.0 1055.0 391.0 1051.0 391.0 small-vehicle 1
1046.0 383.0 1050.0 383.0 1050.0 390.0 1046.0 390.0 small-vehicle 1
1005.0 40.0 1016.0 40.0 1016.0 45.0 1005.0 45.0 large-vehicle 1
579.0 57.0 584.0 57.0 584.0 67.0 579.0 67.0 small-vehicle 1
573.0 56.0 579.0 56.0 579.0 66.0 573.0 66.0 large-vehicle 1
967.0 93.0 972.0 93.0 972.0 110.0 967.0 110.0 large-vehicle 0
646.0 5.0 658.0 5.0 658.0 12.0 646.0 12.0 large-vehicle 1
953.0 87.0 959.0 87.0 959.0 97.0 953.0 97.0 large-vehicle 1
1008.0 46.0 1018.0 46.0 1018.0 51.0 1008.0 51.0 large-vehicle 1
762.0 3.0 776.0 3.0 776.0 10.0 762.0 10.0 large-vehicle 1
1000.0 254.0 1009.0 254.0 1009.0 260.0 1000.0 260.0 small-vehicle 1
689.0 68.0 698.0 68.0 698.0 81.0 689.0 81.0 large-vehicle 1
1415.0 66.0 1418.0 66.0 1418.0 76.0 1415.0 76.0 small-vehicle 1
1421.0 65.0 1426.0 65.0 1426.0 77.0 1421.0 77.0 small-vehicle 1
1427.0 66.0 1430.0 66.0 1430.0 77.0 1427.0 77.0 small-vehicle 1
1204.0 121.0 1215.0 121.0 1215.0 126.0 1204.0 126.0 small-vehicle 1
1014.0 110.0 1018.0 110.0 1018.0 117.0 1014.0 117.0 small-vehicle 1
847.0 106.0 858.0 106.0 858.0 111.0 847.0 111.0 small-vehicle 1
848.0 100.0 859.0 100.0 859.0 106.0 848.0 106.0 small-vehicle 1
795.0 61.0 803.0 61.0 803.0 72.0 795.0 72.0 small-vehicle 1
846.0 89.0 860.0 89.0 860.0 95.0 846.0 95.0 small-vehicle 1
871.0 70.0 880.0 70.0 880.0 82.0 871.0 82.0 small-vehicle 1
867.0 69.0 873.0 69.0 873.0 80.0 867.0 80.0 small-vehicle 1
587.0 40.0 595.0 40.0 595.0 55.0 587.0 55.0 large-vehicle 1
1035.0 321.0 1044.0 321.0 1044.0 325.0 1035.0 325.0 small-vehicle 1
1031.0 285.0 1041.0 285.0 1041.0 290.0 1031.0 290.0 small-vehicle 1
1010.0 286.0 1018.0 286.0 1018.0 290.0 1010.0 290.0 small-vehicle 1
1011.0 281.0 1018.0 281.0 1018.0 286.0 1011.0 286.0 small-vehicle 1
972.0 325.0 980.0 325.0 980.0 329.0 972.0 329.0 small-vehicle 1
974.0 285.0 984.0 285.0 984.0 291.0 974.0 291.0 small-vehicle 1
973.0 278.0 982.0 278.0 982.0 285.0 973.0 285.0 small-vehicle 1
976.0 262.0 984.0 262.0 984.0 268.0 976.0 268.0 small-vehicle 1
975.0 257.0 984.0 257.0 984.0 263.0 975.0 263.0 small-vehicle 1
1000.0 261.0 1009.0 261.0 1009.0 265.0 1000.0 265.0 small-vehicle 1
535.0 640.0 545.0 640.0 545.0 649.0 535.0 649.0 large-vehicle 1
787.0 788.0 793.0 788.0 793.0 801.0 787.0 801.0 large-vehicle 1
1065.0 115.0 1070.0 115.0 1070.0 126.0 1065.0 126.0 small-vehicle 1
398.0 793.0 407.0 793.0 407.0 797.0 398.0 797.0 small-vehicle 1
242.0 598.0 246.0 598.0 246.0 607.0 242.0 607.0 small-vehicle 1
251.0 586.0 256.0 586.0 256.0 596.0 251.0 596.0 small-vehicle 1
300.0 586.0 304.0 586.0 304.0 595.0 300.0 595.0 small-vehicle 1
35.0 600.0 42.0 600.0 42.0 611.0 35.0 611.0 small-vehicle 1
400.0 776.0 409.0 776.0 409.0 781.0 400.0 781.0 small-vehicle 1
399.0 787.0 408.0 787.0 408.0 792.0 399.0 792.0 small-vehicle 1
399.0 722.0 407.0 722.0 407.0 733.0 399.0 733.0 small-vehicle 1
256.0 596.0 261.0 596.0 261.0 605.0 256.0 605.0 small-vehicle 1
387.0 723.0 395.0 723.0 395.0 732.0 387.0 732.0 small-vehicle 1
377.0 723.0 384.0 723.0 384.0 732.0 377.0 732.0 small-vehicle 1
400.0 750.0 410.0 750.0 410.0 754.0 400.0 754.0 small-vehicle 1
297.0 805.0 302.0 805.0 302.0 814.0 297.0 814.0 small-vehicle 1
297.0 816.0 301.0 816.0 301.0 825.0 297.0 825.0 small-vehicle 1
297.0 829.0 302.0 829.0 302.0 836.0 297.0 836.0 small-vehicle 1
252.0 597.0 256.0 597.0 256.0 605.0 252.0 605.0 small-vehicle 1
262.0 597.0 267.0 597.0 267.0 605.0 262.0 605.0 small-vehicle 1
881.0 738.0 891.0 738.0 891.0 748.0 881.0 748.0 large-vehicle 1
347.0 120.0 357.0 120.0 357.0 125.0 347.0 125.0 small-vehicle 1
469.0 38.0 480.0 38.0 480.0 43.0 469.0 43.0 small-vehicle 1
468.0 34.0 479.0 34.0 479.0 38.0 468.0 38.0 small-vehicle 1
468.0 43.0 478.0 43.0 478.0 49.0 468.0 49.0 small-vehicle 1
525.0 121.0 535.0 121.0 535.0 126.0 525.0 126.0 small-vehicle 1
516.0 106.0 527.0 106.0 527.0 111.0 516.0 111.0 small-vehicle 1
347.0 126.0 356.0 126.0 356.0 132.0 347.0 132.0 small-vehicle 1
283.0 61.0 288.0 61.0 288.0 70.0 283.0 70.0 small-vehicle 1
262.0 587.0 267.0 587.0 267.0 594.0 262.0 594.0 small-vehicle 1
300.0 394.0 306.0 394.0 306.0 403.0 300.0 403.0 small-vehicle 1
305.0 397.0 310.0 397.0 310.0 405.0 305.0 405.0 small-vehicle 1
329.0 561.0 335.0 561.0 335.0 572.0 329.0 572.0 small-vehicle 1
158.0 439.0 193.0 439.0 193.0 449.0 158.0 449.0 large-vehicle 1
278.0 585.0 283.0 585.0 283.0 597.0 278.0 597.0 small-vehicle 1
268.0 585.0 273.0 585.0 273.0 596.0 268.0 596.0 small-vehicle 1
296.0 841.0 301.0 841.0 301.0 850.0 296.0 850.0 small-vehicle 1
296.0 854.0 300.0 854.0 300.0 863.0 296.0 863.0 small-vehicle 1
295.0 867.0 300.0 867.0 300.0 877.0 295.0 877.0 small-vehicle 1
153.0 1633.0 163.0 1633.0 163.0 1638.0 153.0 1638.0 large-vehicle 1
89.0 1035.0 101.0 1035.0 101.0 1039.0 89.0 1039.0 small-vehicle 1
89.0 1021.0 101.0 1021.0 101.0 1027.0 89.0 1027.0 small-vehicle 1
88.0 1027.0 99.0 1027.0 99.0 1033.0 88.0 1033.0 small-vehicle 1
206.0 1140.0 216.0 1140.0 216.0 1167.0 206.0 1167.0 large-vehicle 1
85.0 1115.0 100.0 1115.0 100.0 1122.0 85.0 1122.0 large-vehicle 1
248.0 1614.0 258.0 1614.0 258.0 1620.0 248.0 1620.0 large-vehicle 1
53.0 1687.0 64.0 1687.0 64.0 1695.0 53.0 1695.0 large-vehicle 1
295.0 880.0 300.0 880.0 300.0 889.0 295.0 889.0 small-vehicle 1
6.0 1667.0 18.0 1667.0 18.0 1676.0 6.0 1676.0 large-vehicle 1
842.0 1474.0 853.0 1474.0 853.0 1482.0 842.0 1482.0 large-vehicle 1
597.0 1513.0 609.0 1513.0 609.0 1522.0 597.0 1522.0 large-vehicle 1
711.0 1007.0 716.0 1007.0 716.0 1016.0 711.0 1016.0 large-vehicle 1
948.0 589.0 952.0 589.0 952.0 599.0 948.0 599.0 large-vehicle 1
1000.0 592.0 1008.0 592.0 1008.0 604.0 1000.0 604.0 large-vehicle 1
88.0 1051.0 98.0 1051.0 98.0 1057.0 88.0 1057.0 small-vehicle 1
252.0 1067.0 263.0 1067.0 263.0 1073.0 252.0 1073.0 small-vehicle 1
253.0 1058.0 262.0 1058.0 262.0 1063.0 253.0 1063.0 small-vehicle 1
229.0 932.0 238.0 932.0 238.0 937.0 229.0 937.0 small-vehicle 1
218.0 907.0 227.0 907.0 227.0 913.0 218.0 913.0 small-vehicle 1
216.0 858.0 225.0 858.0 225.0 863.0 216.0 863.0 small-vehicle 1
214.0 877.0 225.0 877.0 225.0 881.0 214.0 881.0 small-vehicle 1
239.0 884.0 247.0 884.0 247.0 889.0 239.0 889.0 small-vehicle 1
249.0 873.0 258.0 873.0 258.0 878.0 249.0 878.0 small-vehicle 1
238.0 868.0 249.0 868.0 249.0 872.0 238.0 872.0 small-vehicle 1
236.0 874.0 248.0 874.0 248.0 880.0 236.0 880.0 small-vehicle 1
251.0 904.0 261.0 904.0 261.0 911.0 251.0 911.0 small-vehicle 1
249.0 884.0 260.0 884.0 260.0 889.0 249.0 889.0 small-vehicle 1
271.0 892.0 282.0 892.0 282.0 897.0 271.0 897.0 small-vehicle 1
271.0 887.0 281.0 887.0 281.0 892.0 271.0 892.0 small-vehicle 1
273.0 864.0 282.0 864.0 282.0 870.0 273.0 870.0 small-vehicle 1
294.0 891.0 299.0 891.0 299.0 902.0 294.0 902.0 small-vehicle 1
1055.0 114.0 1060.0 114.0 1060.0 125.0 1055.0 125.0 small-vehicle 1
1085.0 117.0 1090.0 117.0 1090.0 127.0 1085.0 127.0 small-vehicle 1
528.0 112.0 537.0 112.0 537.0 117.0 528.0 117.0 small-vehicle 1
1396.0 444.0 1400.0 444.0 1400.0 453.0 1396.0 453.0 small-vehicle 1
1436.0 409.0 1446.0 409.0 1446.0 413.0 1436.0 413.0 small-vehicle 1
1400.0 423.0 1404.0 423.0 1404.0 433.0 1400.0 433.0 small-vehicle 1
1365.0 288.0 1370.0 288.0 1370.0 297.0 1365.0 297.0 small-vehicle 1
1355.0 287.0 1360.0 287.0 1360.0 298.0 1355.0 298.0 small-vehicle 1
1384.0 445.0 1389.0 445.0 1389.0 455.0 1384.0 455.0 small-vehicle 1
1389.0 444.0 1395.0 444.0 1395.0 454.0 1389.0 454.0 small-vehicle 1
1401.0 443.0 1405.0 443.0 1405.0 453.0 1401.0 453.0 small-vehicle 1
1481.0 321.0 1492.0 321.0 1492.0 326.0 1481.0 326.0 small-vehicle 1
1494.0 350.0 1507.0 350.0 1507.0 356.0 1494.0 356.0 small-vehicle 1
1409.0 499.0 1418.0 499.0 1418.0 509.0 1409.0 509.0 small-vehicle 1
1512.0 551.0 1521.0 551.0 1521.0 555.0 1512.0 555.0 small-vehicle 1
1512.0 556.0 1522.0 556.0 1522.0 561.0 1512.0 561.0 small-vehicle 1
1514.0 561.0 1524.0 561.0 1524.0 566.0 1514.0 566.0 small-vehicle 1
1519.0 571.0 1528.0 571.0 1528.0 575.0 1519.0 575.0 small-vehicle 1
1365.0 351.0 1375.0 351.0 1375.0 356.0 1365.0 356.0 small-vehicle 1
1473.0 327.0 1483.0 327.0 1483.0 332.0 1473.0 332.0 small-vehicle 1
1625.0 336.0 1635.0 336.0 1635.0 341.0 1625.0 341.0 small-vehicle 1
1586.0 296.0 1594.0 296.0 1594.0 300.0 1586.0 300.0 small-vehicle 1
1629.0 289.0 1639.0 289.0 1639.0 294.0 1629.0 294.0 small-vehicle 1
1629.0 283.0 1638.0 283.0 1638.0 289.0 1629.0 289.0 small-vehicle 1
1542.0 333.0 1549.0 333.0 1549.0 338.0 1542.0 338.0 small-vehicle 1
1532.0 319.0 1541.0 319.0 1541.0 323.0 1532.0 323.0 small-vehicle 1
1555.0 300.0 1565.0 300.0 1565.0 305.0 1555.0 305.0 small-vehicle 1
1563.0 341.0 1572.0 341.0 1572.0 346.0 1563.0 346.0 small-vehicle 1
1474.0 353.0 1483.0 353.0 1483.0 358.0 1474.0 358.0 small-vehicle 1
1461.0 330.0 1468.0 330.0 1468.0 333.0 1461.0 333.0 small-vehicle 1
1471.0 333.0 1479.0 333.0 1479.0 338.0 1471.0 338.0 small-vehicle 1
1474.0 338.0 1481.0 338.0 1481.0 342.0 1474.0 342.0 small-vehicle 1
1483.0 336.0 1493.0 336.0 1493.0 342.0 1483.0 342.0 small-vehicle 1
1476.0 342.0 1485.0 342.0 1485.0 347.0 1476.0 347.0 small-vehicle 1
1494.0 308.0 1502.0 308.0 1502.0 313.0 1494.0 313.0 small-vehicle 1
1455.0 314.0 1464.0 314.0 1464.0 318.0 1455.0 318.0 small-vehicle 1
1517.0 565.0 1525.0 565.0 1525.0 571.0 1517.0 571.0 small-vehicle 1
1521.0 576.0 1531.0 576.0 1531.0 582.0 1521.0 582.0 small-vehicle 1
1474.0 570.0 1484.0 570.0 1484.0 575.0 1474.0 575.0 small-vehicle 1
1585.0 955.0 1591.0 955.0 1591.0 963.0 1585.0 963.0 small-vehicle 1
1195.0 1078.0 1200.0 1078.0 1200.0 1088.0 1195.0 1088.0 small-vehicle 1
1191.0 1079.0 1195.0 1079.0 1195.0 1090.0 1191.0 1090.0 small-vehicle 1
1180.0 1082.0 1185.0 1082.0 1185.0 1093.0 1180.0 1093.0 small-vehicle 1
1160.0 1086.0 1165.0 1086.0 1165.0 1097.0 1160.0 1097.0 small-vehicle 1
1176.0 1082.0 1181.0 1082.0 1181.0 1093.0 1176.0 1093.0 small-vehicle 1
1178.0 1057.0 1183.0 1057.0 1183.0 1068.0 1178.0 1068.0 small-vehicle 1
1568.0 1226.0 1581.0 1226.0 1581.0 1235.0 1568.0 1235.0 small-vehicle 1
1466.0 575.0 1477.0 575.0 1477.0 580.0 1466.0 580.0 small-vehicle 1
1681.0 1221.0 1693.0 1221.0 1693.0 1228.0 1681.0 1228.0 small-vehicle 1
1163.0 1390.0 1172.0 1390.0 1172.0 1397.0 1163.0 1397.0 small-vehicle 1
1292.0 1356.0 1302.0 1356.0 1302.0 1362.0 1292.0 1362.0 small-vehicle 1
1224.0 1383.0 1236.0 1383.0 1236.0 1390.0 1224.0 1390.0 small-vehicle 1
989.0 1450.0 1003.0 1450.0 1003.0 1459.0 989.0 1459.0 small-vehicle 1
947.0 1452.0 959.0 1452.0 959.0 1462.0 947.0 1462.0 small-vehicle 1
1199.0 1076.0 1206.0 1076.0 1206.0 1087.0 1199.0 1087.0 small-vehicle 1
1206.0 1075.0 1211.0 1075.0 1211.0 1086.0 1206.0 1086.0 small-vehicle 1
1183.0 1056.0 1190.0 1056.0 1190.0 1066.0 1183.0 1066.0 small-vehicle 1
1593.0 950.0 1601.0 950.0 1601.0 961.0 1593.0 961.0 small-vehicle 1
1622.0 943.0 1627.0 943.0 1627.0 952.0 1622.0 952.0 small-vehicle 1
1616.0 945.0 1620.0 945.0 1620.0 953.0 1616.0 953.0 small-vehicle 1
1609.0 948.0 1615.0 948.0 1615.0 956.0 1609.0 956.0 small-vehicle 1
1534.0 852.0 1543.0 852.0 1543.0 856.0 1534.0 856.0 large-vehicle 1
1534.0 837.0 1544.0 837.0 1544.0 842.0 1534.0 842.0 large-vehicle 1
1534.0 811.0 1544.0 811.0 1544.0 814.0 1534.0 814.0 large-vehicle 1
1534.0 805.0 1545.0 805.0 1545.0 810.0 1534.0 810.0 large-vehicle 1
1534.0 799.0 1543.0 799.0 1543.0 804.0 1534.0 804.0 large-vehicle 1
1532.0 795.0 1542.0 795.0 1542.0 799.0 1532.0 799.0 large-vehicle 1
1532.0 789.0 1542.0 789.0 1542.0 795.0 1532.0 795.0 large-vehicle 1
1512.0 642.0 1548.0 642.0 1548.0 651.0 1512.0 651.0 large-vehicle 1
1485.0 584.0 1494.0 584.0 1494.0 589.0 1485.0 589.0 small-vehicle 1
1473.0 560.0 1482.0 560.0 1482.0 566.0 1473.0 566.0 small-vehicle 1
1623.0 331.0 1632.0 331.0 1632.0 336.0 1623.0 336.0 small-vehicle 1
1612.0 332.0 1620.0 332.0 1620.0 337.0 1612.0 337.0 small-vehicle 1
1091.0 118.0 1095.0 118.0 1095.0 126.0 1091.0 126.0 small-vehicle 1
1688.0 324.0 1697.0 324.0 1697.0 329.0 1688.0 329.0 small-vehicle 1
1565.0 262.0 1569.0 262.0 1569.0 272.0 1565.0 272.0 small-vehicle 1
1653.0 291.0 1661.0 291.0 1661.0 296.0 1653.0 296.0 small-vehicle 1
1654.0 297.0 1662.0 297.0 1662.0 302.0 1654.0 302.0 small-vehicle 1
1588.0 315.0 1597.0 315.0 1597.0 322.0 1588.0 322.0 small-vehicle 1
1554.0 342.0 1561.0 342.0 1561.0 347.0 1554.0 347.0 small-vehicle 1
1674.0 325.0 1687.0 325.0 1687.0 331.0 1674.0 331.0 small-vehicle 1
1553.0 336.0 1561.0 336.0 1561.0 342.0 1553.0 342.0 small-vehicle 1
1532.0 266.0 1539.0 266.0 1539.0 276.0 1532.0 276.0 small-vehicle 1
1542.0 318.0 1550.0 318.0 1550.0 322.0 1542.0 322.0 small-vehicle 1
1542.0 296.0 1554.0 296.0 1554.0 301.0 1542.0 301.0 small-vehicle 1
1533.0 304.0 1543.0 304.0 1543.0 308.0 1533.0 308.0 small-vehicle 1
1474.0 311.0 1483.0 311.0 1483.0 316.0 1474.0 316.0 small-vehicle 1
1472.0 306.0 1483.0 306.0 1483.0 312.0 1472.0 312.0 small-vehicle 1
1427.0 322.0 1436.0 322.0 1436.0 326.0 1427.0 326.0 small-vehicle 1
1596.0 260.0 1600.0 260.0 1600.0 269.0 1596.0 269.0 small-vehicle 1
1527.0 267.0 1533.0 267.0 1533.0 277.0 1527.0 277.0 small-vehicle 1
1602.0 333.0 1612.0 333.0 1612.0 338.0 1602.0 338.0 small-vehicle 1
1342.0 288.0 1352.0 288.0 1352.0 295.0 1342.0 295.0 small-vehicle 1
1099.0 117.0 1105.0 117.0 1105.0 126.0 1099.0 126.0 small-vehicle 1
1068.0 101.0 1072.0 101.0 1072.0 112.0 1068.0 112.0 small-vehicle 1
1102.0 105.0 1107.0 105.0 1107.0 114.0 1102.0 114.0 small-vehicle 1
1312.0 285.0 1322.0 285.0 1322.0 293.0 1312.0 293.0 small-vehicle 1
1331.0 294.0 1340.0 294.0 1340.0 299.0 1331.0 299.0 small-vehicle 1
1342.0 294.0 1351.0 294.0 1351.0 300.0 1342.0 300.0 small-vehicle 1
1360.0 287.0 1365.0 287.0 1365.0 298.0 1360.0 298.0 small-vehicle 1
1478.0 274.0 1484.0 274.0 1484.0 284.0 1478.0 284.0 small-vehicle 1
1376.0 288.0 1381.0 288.0 1381.0 297.0 1376.0 297.0 small-vehicle 1
1428.0 282.0 1432.0 282.0 1432.0 291.0 1428.0 291.0 small-vehicle 1
1432.0 281.0 1437.0 281.0 1437.0 292.0 1432.0 292.0 small-vehicle 1
1437.0 280.0 1442.0 280.0 1442.0 291.0 1437.0 291.0 small-vehicle 1
1443.0 280.0 1448.0 280.0 1448.0 290.0 1443.0 290.0 small-vehicle 1
1465.0 278.0 1469.0 278.0 1469.0 286.0 1465.0 286.0 small-vehicle 1
1396.0 341.0 1405.0 341.0 1405.0 345.0 1396.0 345.0 small-vehicle 1
1357.0 367.0 1368.0 367.0 1368.0 373.0 1357.0 373.0 small-vehicle 1
1281.0 293.0 1291.0 293.0 1291.0 299.0 1281.0 299.0 small-vehicle 1
1055.0 404.0 1060.0 404.0 1060.0 412.0 1055.0 412.0 small-vehicle 1
1045.0 255.0 1055.0 255.0 1055.0 262.0 1045.0 262.0 small-vehicle 1
1062.0 384.0 1067.0 384.0 1067.0 392.0 1062.0 392.0 small-vehicle 1
1051.0 373.0 1057.0 373.0 1057.0 384.0 1051.0 384.0 small-vehicle 1
1057.0 374.0 1062.0 374.0 1062.0 384.0 1057.0 384.0 small-vehicle 1
1029.0 394.0 1038.0 394.0 1038.0 398.0 1029.0 398.0 small-vehicle 1
1040.0 384.0 1045.0 384.0 1045.0 392.0 1040.0 392.0 small-vehicle 1
1057.0 414.0 1063.0 414.0 1063.0 425.0 1057.0 425.0 small-vehicle 1
1280.0 299.0 1291.0 299.0 1291.0 304.0 1280.0 304.0 small-vehicle 1
1252.0 279.0 1262.0 279.0 1262.0 285.0 1252.0 285.0 small-vehicle 1
1355.0 347.0 1363.0 347.0 1363.0 353.0 1355.0 353.0 small-vehicle 1
1346.0 348.0 1353.0 348.0 1353.0 354.0 1346.0 354.0 small-vehicle 1
1386.0 414.0 1390.0 414.0 1390.0 424.0 1386.0 424.0 small-vehicle 1
1391.0 413.0 1396.0 413.0 1396.0 424.0 1391.0 424.0 small-vehicle 1
1471.0 348.0 1478.0 348.0 1478.0 353.0 1471.0 353.0 small-vehicle 1
1076.0 258.0 1086.0 258.0 1086.0 265.0 1076.0 265.0 small-vehicle 1
1074.0 264.0 1084.0 264.0 1084.0 270.0 1074.0 270.0 small-vehicle 1
1074.0 269.0 1084.0 269.0 1084.0 274.0 1074.0 274.0 small-vehicle 1
1075.0 274.0 1084.0 274.0 1084.0 280.0 1075.0 280.0 small-vehicle 1
1160.0 300.0 1171.0 300.0 1171.0 305.0 1160.0 305.0 small-vehicle 1
1152.0 283.0 1162.0 283.0 1162.0 288.0 1152.0 288.0 small-vehicle 1
1135.0 276.0 1144.0 276.0 1144.0 282.0 1135.0 282.0 small-vehicle 1
1133.0 283.0 1142.0 283.0 1142.0 287.0 1133.0 287.0 small-vehicle 1
1209.0 315.0 1219.0 315.0 1219.0 321.0 1209.0 321.0 small-vehicle 1
1193.0 294.0 1201.0 294.0 1201.0 298.0 1193.0 298.0 small-vehicle 1
1191.0 297.0 1200.0 297.0 1200.0 302.0 1191.0 302.0 small-vehicle 1
1191.0 303.0 1200.0 303.0 1200.0 308.0 1191.0 308.0 small-vehicle 1
1191.0 307.0 1200.0 307.0 1200.0 313.0 1191.0 313.0 small-vehicle 1
1191.0 313.0 1200.0 313.0 1200.0 319.0 1191.0 319.0 small-vehicle 1
1273.0 287.0 1281.0 287.0 1281.0 293.0 1273.0 293.0 small-vehicle 1
1281.0 288.0 1291.0 288.0 1291.0 293.0 1281.0 293.0 small-vehicle 1
1301.0 300.0 1311.0 300.0 1311.0 305.0 1301.0 305.0 small-vehicle 1
487.0 169.0 498.0 169.0 498.0 175.0 487.0 175.0 small-vehicle 1
471.0 133.0 475.0 133.0 475.0 141.0 471.0 141.0 small-vehicle 1
1390.0 402.0 1395.0 402.0 1395.0 411.0 1390.0 411.0 small-vehicle 1
1416.0 349.0 1426.0 349.0 1426.0 354.0 1416.0 354.0 small-vehicle 1
1403.0 367.0 1411.0 367.0 1411.0 371.0 1403.0 371.0 small-vehicle 1
1416.0 322.0 1425.0 322.0 1425.0 327.0 1416.0 327.0 small-vehicle 1
1414.0 327.0 1424.0 327.0 1424.0 333.0 1414.0 333.0 small-vehicle 1
1417.0 332.0 1427.0 332.0 1427.0 338.0 1417.0 338.0 small-vehicle 1
1418.0 338.0 1429.0 338.0 1429.0 343.0 1418.0 343.0 small-vehicle 1
1414.0 344.0 1426.0 344.0 1426.0 349.0 1414.0 349.0 small-vehicle 1
1436.0 314.0 1447.0 314.0 1447.0 318.0 1436.0 318.0 small-vehicle 1
1405.0 350.0 1415.0 350.0 1415.0 355.0 1405.0 355.0 small-vehicle 1
1437.0 319.0 1447.0 319.0 1447.0 325.0 1437.0 325.0 small-vehicle 1
1438.0 325.0 1447.0 325.0 1447.0 329.0 1438.0 329.0 small-vehicle 1
1425.0 326.0 1435.0 326.0 1435.0 331.0 1425.0 331.0 small-vehicle 1
1438.0 329.0 1447.0 329.0 1447.0 335.0 1438.0 335.0 small-vehicle 1
1437.0 335.0 1449.0 335.0 1449.0 339.0 1437.0 339.0 small-vehicle 1
1429.0 336.0 1436.0 336.0 1436.0 340.0 1429.0 340.0 small-vehicle 1
1412.0 365.0 1421.0 365.0 1421.0 370.0 1412.0 370.0 small-vehicle 1
1407.0 339.0 1417.0 339.0 1417.0 345.0 1407.0 345.0 small-vehicle 1
1365.0 329.0 1374.0 329.0 1374.0 334.0 1365.0 334.0 small-vehicle 1
1375.0 335.0 1383.0 335.0 1383.0 339.0 1375.0 339.0 small-vehicle 1
1353.0 342.0 1362.0 342.0 1362.0 348.0 1353.0 348.0 small-vehicle 1
1348.0 338.0 1355.0 338.0 1355.0 342.0 1348.0 342.0 small-vehicle 1
1366.0 356.0 1375.0 356.0 1375.0 361.0 1366.0 361.0 small-vehicle 1
1365.0 335.0 1373.0 335.0 1373.0 340.0 1365.0 340.0 small-vehicle 1
1363.0 340.0 1374.0 340.0 1374.0 346.0 1363.0 346.0 small-vehicle 1
1365.0 345.0 1375.0 345.0 1375.0 351.0 1365.0 351.0 small-vehicle 1
1375.0 338.0 1383.0 338.0 1383.0 344.0 1375.0 344.0 small-vehicle 1
1403.0 335.0 1411.0 335.0 1411.0 339.0 1403.0 339.0 small-vehicle 1
1376.0 344.0 1384.0 344.0 1384.0 349.0 1376.0 349.0 small-vehicle 1
1376.0 355.0 1385.0 355.0 1385.0 360.0 1376.0 360.0 small-vehicle 1
1394.0 324.0 1403.0 324.0 1403.0 329.0 1394.0 329.0 small-vehicle 1
1392.0 331.0 1402.0 331.0 1402.0 336.0 1392.0 336.0 small-vehicle 1
1405.0 324.0 1414.0 324.0 1414.0 329.0 1405.0 329.0 small-vehicle 1
1403.0 330.0 1412.0 330.0 1412.0 335.0 1403.0 335.0 small-vehicle 1
1437.0 340.0 1448.0 340.0 1448.0 345.0 1437.0 345.0 small-vehicle 1
1427.0 342.0 1437.0 342.0 1437.0 347.0 1427.0 347.0 small-vehicle 1
1426.0 348.0 1438.0 348.0 1438.0 353.0 1426.0 353.0 small-vehicle 1
1496.0 329.0 1505.0 329.0 1505.0 334.0 1496.0 334.0 small-vehicle 1
1508.0 342.0 1518.0 342.0 1518.0 348.0 1508.0 348.0 small-vehicle 1
1508.0 349.0 1518.0 349.0 1518.0 353.0 1508.0 353.0 small-vehicle 1
1494.0 303.0 1502.0 303.0 1502.0 308.0 1494.0 308.0 small-vehicle 1
1492.0 314.0 1502.0 314.0 1502.0 319.0 1492.0 319.0 small-vehicle 1
1492.0 319.0 1501.0 319.0 1501.0 324.0 1492.0 324.0 small-vehicle 1
1496.0 325.0 1503.0 325.0 1503.0 329.0 1496.0 329.0 small-vehicle 1
1498.0 334.0 1506.0 334.0 1506.0 340.0 1498.0 340.0 small-vehicle 1
1426.0 358.0 1439.0 358.0 1439.0 363.0 1426.0 363.0 small-vehicle 1
1501.0 339.0 1509.0 339.0 1509.0 344.0 1501.0 344.0 small-vehicle 1
1497.0 345.0 1507.0 345.0 1507.0 350.0 1497.0 350.0 small-vehicle 1
1487.0 342.0 1497.0 342.0 1497.0 346.0 1487.0 346.0 small-vehicle 1
1489.0 330.0 1496.0 330.0 1496.0 335.0 1489.0 335.0 small-vehicle 1
1484.0 326.0 1494.0 326.0 1494.0 330.0 1484.0 330.0 small-vehicle 1
1481.0 315.0 1492.0 315.0 1492.0 320.0 1481.0 320.0 small-vehicle 1
1506.0 328.0 1515.0 328.0 1515.0 332.0 1506.0 332.0 small-vehicle 1
1504.0 322.0 1514.0 322.0 1514.0 328.0 1504.0 328.0 small-vehicle 1
1503.0 317.0 1512.0 317.0 1512.0 323.0 1503.0 323.0 small-vehicle 1
1505.0 312.0 1514.0 312.0 1514.0 317.0 1505.0 317.0 small-vehicle 1
1503.0 307.0 1511.0 307.0 1511.0 312.0 1503.0 312.0 small-vehicle 1
1503.0 302.0 1511.0 302.0 1511.0 306.0 1503.0 306.0 small-vehicle 1
1471.0 317.0 1481.0 317.0 1481.0 322.0 1471.0 322.0 small-vehicle 1
1465.0 312.0 1473.0 312.0 1473.0 317.0 1465.0 317.0 small-vehicle 1
1460.0 324.0 1467.0 324.0 1467.0 328.0 1460.0 328.0 small-vehicle 1
1461.0 318.0 1470.0 318.0 1470.0 324.0 1461.0 324.0 small-vehicle 1
1418.0 359.0 1427.0 359.0 1427.0 364.0 1418.0 364.0 small-vehicle 1
1422.0 364.0 1429.0 364.0 1429.0 369.0 1422.0 369.0 small-vehicle 1
1430.0 363.0 1441.0 363.0 1441.0 368.0 1430.0 368.0 small-vehicle 1
1417.0 354.0 1427.0 354.0 1427.0 360.0 1417.0 360.0 small-vehicle 1
1428.0 352.0 1438.0 352.0 1438.0 358.0 1428.0 358.0 small-vehicle 1
1441.0 349.0 1451.0 349.0 1451.0 355.0 1441.0 355.0 small-vehicle 1
1440.0 356.0 1450.0 356.0 1450.0 362.0 1440.0 362.0 small-vehicle 1
1375.0 328.0 1382.0 328.0 1382.0 333.0 1375.0 333.0 small-vehicle 1
1356.0 329.0 1364.0 329.0 1364.0 335.0 1356.0 335.0 small-vehicle 1
1484.0 303.0 1493.0 303.0 1493.0 309.0 1484.0 309.0 small-vehicle 1
1411.0 284.0 1416.0 284.0 1416.0 293.0 1411.0 293.0 small-vehicle 1
1312.0 292.0 1322.0 292.0 1322.0 299.0 1312.0 299.0 small-vehicle 1
1371.0 288.0 1375.0 288.0 1375.0 296.0 1371.0 296.0 small-vehicle 1
1387.0 288.0 1393.0 288.0 1393.0 298.0 1387.0 298.0 small-vehicle 1
1395.0 288.0 1399.0 288.0 1399.0 296.0 1395.0 296.0 small-vehicle 1
1401.0 286.0 1404.0 286.0 1404.0 295.0 1401.0 295.0 small-vehicle 1
1406.0 284.0 1410.0 284.0 1410.0 295.0 1406.0 295.0 small-vehicle 1
1416.0 283.0 1422.0 283.0 1422.0 293.0 1416.0 293.0 small-vehicle 1
1311.0 303.0 1320.0 303.0 1320.0 307.0 1311.0 307.0 small-vehicle 1
1422.0 283.0 1427.0 283.0 1427.0 292.0 1422.0 292.0 small-vehicle 1
1447.0 279.0 1452.0 279.0 1452.0 289.0 1447.0 289.0 small-vehicle 1
1453.0 279.0 1459.0 279.0 1459.0 288.0 1453.0 288.0 small-vehicle 1
1459.0 278.0 1464.0 278.0 1464.0 286.0 1459.0 286.0 small-vehicle 1
1483.0 273.0 1487.0 273.0 1487.0 283.0 1483.0 283.0 small-vehicle 1
1489.0 273.0 1493.0 273.0 1493.0 283.0 1489.0 283.0 small-vehicle 1
1313.0 298.0 1320.0 298.0 1320.0 302.0 1313.0 302.0 small-vehicle 1
1302.0 294.0 1311.0 294.0 1311.0 301.0 1302.0 301.0 small-vehicle 1
1347.0 331.0 1354.0 331.0 1354.0 336.0 1347.0 336.0 small-vehicle 1
1393.0 424.0 1398.0 424.0 1398.0 433.0 1393.0 433.0 small-vehicle 1
1396.0 401.0 1401.0 401.0 1401.0 411.0 1396.0 411.0 small-vehicle 1
1376.0 415.0 1381.0 415.0 1381.0 425.0 1376.0 425.0 small-vehicle 1
1381.0 414.0 1385.0 414.0 1385.0 423.0 1381.0 423.0 small-vehicle 1
1397.0 412.0 1402.0 412.0 1402.0 423.0 1397.0 423.0 small-vehicle 1
1383.0 424.0 1389.0 424.0 1389.0 433.0 1383.0 433.0 small-vehicle 1
1388.0 425.0 1393.0 425.0 1393.0 433.0 1388.0 433.0 small-vehicle 1
1383.0 435.0 1387.0 435.0 1387.0 444.0 1383.0 444.0 small-vehicle 1
1302.0 283.0 1311.0 283.0 1311.0 290.0 1302.0 290.0 small-vehicle 1
1389.0 435.0 1393.0 435.0 1393.0 443.0 1389.0 443.0 small-vehicle 1
1394.0 435.0 1398.0 435.0 1398.0 442.0 1394.0 442.0 small-vehicle 1
1400.0 434.0 1405.0 434.0 1405.0 443.0 1400.0 443.0 small-vehicle 1
1272.0 291.0 1280.0 291.0 1280.0 297.0 1272.0 297.0 small-vehicle 1
1274.0 282.0 1282.0 282.0 1282.0 287.0 1274.0 287.0 small-vehicle 1
1280.0 304.0 1289.0 304.0 1289.0 309.0 1280.0 309.0 small-vehicle 1
1494.0 272.0 1499.0 272.0 1499.0 281.0 1494.0 281.0 small-vehicle 1
1501.0 270.0 1505.0 270.0 1505.0 281.0 1501.0 281.0 small-vehicle 1
1517.0 268.0 1522.0 268.0 1522.0 277.0 1517.0 277.0 small-vehicle 1
1367.0 361.0 1376.0 361.0 1376.0 366.0 1367.0 366.0 small-vehicle 1
1658.0 252.0 1661.0 252.0 1661.0 259.0 1658.0 259.0 small-vehicle 1
1334.0 355.0 1344.0 355.0 1344.0 361.0 1334.0 361.0 small-vehicle 1
1332.0 344.0 1341.0 344.0 1341.0 350.0 1332.0 350.0 small-vehicle 1
1332.0 360.0 1341.0 360.0 1341.0 366.0 1332.0 366.0 small-vehicle 1
1338.0 370.0 1346.0 370.0 1346.0 376.0 1338.0 376.0 small-vehicle 1
1348.0 368.0 1358.0 368.0 1358.0 374.0 1348.0 374.0 small-vehicle 1
1355.0 362.0 1365.0 362.0 1365.0 367.0 1355.0 367.0 small-vehicle 1
1522.0 268.0 1526.0 268.0 1526.0 277.0 1522.0 277.0 small-vehicle 1
1377.0 360.0 1385.0 360.0 1385.0 365.0 1377.0 365.0 small-vehicle 1
1378.0 364.0 1387.0 364.0 1387.0 369.0 1378.0 369.0 small-vehicle 1
1346.0 363.0 1354.0 363.0 1354.0 368.0 1346.0 368.0 small-vehicle 1
1355.0 353.0 1363.0 353.0 1363.0 357.0 1355.0 357.0 small-vehicle 1
1343.0 344.0 1352.0 344.0 1352.0 348.0 1343.0 348.0 small-vehicle 1
1337.0 332.0 1345.0 332.0 1345.0 338.0 1337.0 338.0 small-vehicle 1
1652.0 251.0 1656.0 251.0 1656.0 259.0 1652.0 259.0 small-vehicle 1
1640.0 254.0 1645.0 254.0 1645.0 262.0 1640.0 262.0 small-vehicle 1
1637.0 255.0 1641.0 255.0 1641.0 263.0 1637.0 263.0 small-vehicle 1
1632.0 255.0 1636.0 255.0 1636.0 264.0 1632.0 264.0 small-vehicle 1
1627.0 254.0 1631.0 254.0 1631.0 264.0 1627.0 264.0 small-vehicle 1
1621.0 256.0 1627.0 256.0 1627.0 265.0 1621.0 265.0 small-vehicle 1
1617.0 256.0 1621.0 256.0 1621.0 264.0 1617.0 264.0 small-vehicle 1
1607.0 259.0 1611.0 259.0 1611.0 267.0 1607.0 267.0 small-vehicle 1
1601.0 259.0 1606.0 259.0 1606.0 267.0 1601.0 267.0 small-vehicle 1
1591.0 260.0 1594.0 260.0 1594.0 268.0 1591.0 268.0 small-vehicle 1
1586.0 260.0 1590.0 260.0 1590.0 269.0 1586.0 269.0 small-vehicle 1
1575.0 262.0 1579.0 262.0 1579.0 271.0 1575.0 271.0 small-vehicle 1
1570.0 262.0 1574.0 262.0 1574.0 270.0 1570.0 270.0 small-vehicle 1
1559.0 262.0 1563.0 262.0 1563.0 273.0 1559.0 273.0 small-vehicle 1
1554.0 264.0 1558.0 264.0 1558.0 273.0 1554.0 273.0 small-vehicle 1
1550.0 265.0 1554.0 265.0 1554.0 273.0 1550.0 273.0 small-vehicle 1
1538.0 266.0 1543.0 266.0 1543.0 276.0 1538.0 276.0 small-vehicle 1
1483.0 310.0 1492.0 310.0 1492.0 315.0 1483.0 315.0 small-vehicle 1
1469.0 323.0 1477.0 323.0 1477.0 328.0 1469.0 328.0 small-vehicle 1
464.0 133.0 469.0 133.0 469.0 142.0 464.0 142.0 small-vehicle 1
1658.0 317.0 1667.0 317.0 1667.0 323.0 1658.0 323.0 small-vehicle 1
1667.0 311.0 1675.0 311.0 1675.0 314.0 1667.0 314.0 small-vehicle 1
1667.0 315.0 1675.0 315.0 1675.0 319.0 1667.0 319.0 small-vehicle 1
1669.0 322.0 1676.0 322.0 1676.0 327.0 1669.0 327.0 small-vehicle 1
1665.0 328.0 1675.0 328.0 1675.0 333.0 1665.0 333.0 small-vehicle 1
1646.0 310.0 1655.0 310.0 1655.0 315.0 1646.0 315.0 small-vehicle 1
1651.0 324.0 1660.0 324.0 1660.0 328.0 1651.0 328.0 small-vehicle 1
1652.0 302.0 1662.0 302.0 1662.0 308.0 1652.0 308.0 small-vehicle 1
1663.0 301.0 1672.0 301.0 1672.0 306.0 1663.0 306.0 small-vehicle 1
1439.0 543.0 1449.0 543.0 1449.0 549.0 1439.0 549.0 small-vehicle 1
1626.0 648.0 1630.0 648.0 1630.0 654.0 1626.0 654.0 small-vehicle 1
1682.0 654.0 1686.0 654.0 1686.0 661.0 1682.0 661.0 small-vehicle 1
1587.0 115.0 1594.0 115.0 1594.0 119.0 1587.0 119.0 small-vehicle 1
1527.0 105.0 1534.0 105.0 1534.0 109.0 1527.0 109.0 small-vehicle 1
1534.0 856.0 1545.0 856.0 1545.0 862.0 1534.0 862.0 small-vehicle 1
1665.0 306.0 1673.0 306.0 1673.0 311.0 1665.0 311.0 small-vehicle 1
1687.0 304.0 1694.0 304.0 1694.0 308.0 1687.0 308.0 small-vehicle 1
1674.0 294.0 1682.0 294.0 1682.0 299.0 1674.0 299.0 small-vehicle 1
1663.0 295.0 1672.0 295.0 1672.0 300.0 1663.0 300.0 small-vehicle 1
1676.0 305.0 1686.0 305.0 1686.0 310.0 1676.0 310.0 small-vehicle 1
1687.0 308.0 1696.0 308.0 1696.0 313.0 1687.0 313.0 small-vehicle 1
1697.0 306.0 1707.0 306.0 1707.0 312.0 1697.0 312.0 small-vehicle 1
1696.0 313.0 1707.0 313.0 1707.0 317.0 1696.0 317.0 small-vehicle 1
1699.0 317.0 1707.0 317.0 1707.0 321.0 1699.0 321.0 small-vehicle 1
1698.0 324.0 1707.0 324.0 1707.0 328.0 1698.0 328.0 small-vehicle 1
1677.0 315.0 1687.0 315.0 1687.0 320.0 1677.0 320.0 small-vehicle 1
1698.0 302.0 1704.0 302.0 1704.0 308.0 1698.0 308.0 small-vehicle 1
1688.0 314.0 1696.0 314.0 1696.0 317.0 1688.0 317.0 small-vehicle 1
1687.0 318.0 1696.0 318.0 1696.0 321.0 1687.0 321.0 small-vehicle 1
1689.0 320.0 1696.0 320.0 1696.0 325.0 1689.0 325.0 small-vehicle 1
1677.0 321.0 1685.0 321.0 1685.0 325.0 1677.0 325.0 small-vehicle 1
1677.0 310.0 1685.0 310.0 1685.0 314.0 1677.0 314.0 small-vehicle 1
1696.0 296.0 1703.0 296.0 1703.0 301.0 1696.0 301.0 small-vehicle 1
1536.0 842.0 1543.0 842.0 1543.0 846.0 1536.0 846.0 small-vehicle 1
1534.0 830.0 1543.0 830.0 1543.0 836.0 1534.0 836.0 small-vehicle 1
1534.0 827.0 1543.0 827.0 1543.0 831.0 1534.0 831.0 small-vehicle 1
469.0 52.0 480.0 52.0 480.0 57.0 469.0 57.0 small-vehicle 1
288.0 61.0 293.0 61.0 293.0 69.0 288.0 69.0 small-vehicle 1
295.0 61.0 300.0 61.0 300.0 70.0 295.0 70.0 small-vehicle 1
376.0 10.0 380.0 10.0 380.0 21.0 376.0 21.0 small-vehicle 1
412.0 19.0 418.0 19.0 418.0 28.0 412.0 28.0 small-vehicle 1
422.0 19.0 427.0 19.0 427.0 30.0 422.0 30.0 small-vehicle 1
430.0 19.0 436.0 19.0 436.0 30.0 430.0 30.0 small-vehicle 1
418.0 130.0 422.0 130.0 422.0 139.0 418.0 139.0 small-vehicle 1
1534.0 821.0 1545.0 821.0 1545.0 827.0 1534.0 827.0 small-vehicle 1
424.0 130.0 427.0 130.0 427.0 139.0 424.0 139.0 small-vehicle 1
429.0 130.0 434.0 130.0 434.0 141.0 429.0 141.0 small-vehicle 1
433.0 130.0 438.0 130.0 438.0 140.0 433.0 140.0 small-vehicle 1
439.0 130.0 444.0 130.0 444.0 141.0 439.0 141.0 small-vehicle 1
442.0 130.0 448.0 130.0 448.0 140.0 442.0 140.0 small-vehicle 1
455.0 132.0 459.0 132.0 459.0 141.0 455.0 141.0 small-vehicle 1
279.0 62.0 283.0 62.0 283.0 70.0 279.0 70.0 small-vehicle 1
275.0 61.0 279.0 61.0 279.0 70.0 275.0 70.0 small-vehicle 1
269.0 61.0 274.0 61.0 274.0 71.0 269.0 71.0 small-vehicle 1
264.0 62.0 269.0 62.0 269.0 71.0 264.0 71.0 small-vehicle 1
261.0 63.0 265.0 63.0 265.0 72.0 261.0 72.0 small-vehicle 1
285.0 103.0 289.0 103.0 289.0 112.0 285.0 112.0 small-vehicle 1
280.0 102.0 284.0 102.0 284.0 113.0 280.0 113.0 small-vehicle 1
289.0 94.0 295.0 94.0 295.0 103.0 289.0 103.0 small-vehicle 1
295.0 95.0 301.0 95.0 301.0 105.0 295.0 105.0 small-vehicle 1
300.0 106.0 304.0 106.0 304.0 114.0 300.0 114.0 small-vehicle 1
300.0 95.0 305.0 95.0 305.0 104.0 300.0 104.0 small-vehicle 1
272.0 93.0 277.0 93.0 277.0 102.0 272.0 102.0 small-vehicle 1
267.0 92.0 271.0 92.0 271.0 101.0 267.0 101.0 small-vehicle 1
1539.0 1260.0 1550.0 1260.0 1550.0 1267.0 1539.0 1267.0 small-vehicle 1
1605.0 950.0 1610.0 950.0 1610.0 957.0 1605.0 957.0 small-vehicle 1
1601.0 951.0 1605.0 951.0 1605.0 958.0 1601.0 958.0 small-vehicle 1
1534.0 814.0 1543.0 814.0 1543.0 820.0 1534.0 820.0 small-vehicle 1
1674.0 300.0 1682.0 300.0 1682.0 304.0 1674.0 304.0 small-vehicle 1
1673.0 290.0 1683.0 290.0 1683.0 294.0 1673.0 294.0 small-vehicle 1
1479.0 332.0 1488.0 332.0 1488.0 336.0 1479.0 336.0 small-vehicle 1
1588.0 290.0 1598.0 290.0 1598.0 294.0 1588.0 294.0 small-vehicle 1
1573.0 328.0 1581.0 328.0 1581.0 334.0 1573.0 334.0 small-vehicle 1
1525.0 346.0 1534.0 346.0 1534.0 352.0 1525.0 352.0 small-vehicle 1
1544.0 343.0 1553.0 343.0 1553.0 348.0 1544.0 348.0 small-vehicle 1
1599.0 289.0 1608.0 289.0 1608.0 294.0 1599.0 294.0 small-vehicle 1
1609.0 288.0 1619.0 288.0 1619.0 292.0 1609.0 292.0 small-vehicle 1
1620.0 285.0 1629.0 285.0 1629.0 292.0 1620.0 292.0 small-vehicle 1
1606.0 292.0 1616.0 292.0 1616.0 298.0 1606.0 298.0 small-vehicle 1
1551.0 329.0 1561.0 329.0 1561.0 336.0 1551.0 336.0 small-vehicle 1
1617.0 292.0 1628.0 292.0 1628.0 297.0 1617.0 297.0 small-vehicle 1
1595.0 295.0 1605.0 295.0 1605.0 299.0 1595.0 299.0 small-vehicle 1
1598.0 313.0 1606.0 313.0 1606.0 318.0 1598.0 318.0 small-vehicle 1
1607.0 312.0 1615.0 312.0 1615.0 317.0 1607.0 317.0 small-vehicle 1
1624.0 311.0 1632.0 311.0 1632.0 316.0 1624.0 316.0 small-vehicle 1
1633.0 315.0 1643.0 315.0 1643.0 319.0 1633.0 319.0 small-vehicle 1
1563.0 329.0 1571.0 329.0 1571.0 334.0 1563.0 334.0 small-vehicle 1
1532.0 334.0 1540.0 334.0 1540.0 338.0 1532.0 338.0 small-vehicle 1
1684.0 294.0 1693.0 294.0 1693.0 297.0 1684.0 297.0 large-vehicle 1
1565.0 309.0 1576.0 309.0 1576.0 313.0 1565.0 313.0 small-vehicle 1
1465.0 343.0 1474.0 343.0 1474.0 348.0 1465.0 348.0 small-vehicle 1
1480.0 347.0 1489.0 347.0 1489.0 352.0 1480.0 352.0 small-vehicle 1
1483.0 352.0 1493.0 352.0 1493.0 358.0 1483.0 358.0 small-vehicle 1
1463.0 354.0 1473.0 354.0 1473.0 360.0 1463.0 360.0 small-vehicle 1
1543.0 311.0 1554.0 311.0 1554.0 316.0 1543.0 316.0 small-vehicle 1
1555.0 310.0 1565.0 310.0 1565.0 315.0 1555.0 315.0 small-vehicle 1
1556.0 293.0 1565.0 293.0 1565.0 298.0 1556.0 298.0 small-vehicle 1
1567.0 314.0 1577.0 314.0 1577.0 319.0 1567.0 319.0 small-vehicle 1
1565.0 290.0 1575.0 290.0 1575.0 298.0 1565.0 298.0 small-vehicle 1
1565.0 298.0 1575.0 298.0 1575.0 303.0 1565.0 303.0 small-vehicle 1
1544.0 300.0 1554.0 300.0 1554.0 305.0 1544.0 305.0 small-vehicle 1
1532.0 312.0 1541.0 312.0 1541.0 318.0 1532.0 318.0 small-vehicle 1
1551.0 317.0 1559.0 317.0 1559.0 320.0 1551.0 320.0 small-vehicle 1
1560.0 316.0 1567.0 316.0 1567.0 320.0 1560.0 320.0 small-vehicle 1
1623.0 316.0 1631.0 316.0 1631.0 321.0 1623.0 321.0 small-vehicle 1
1563.0 335.0 1571.0 335.0 1571.0 340.0 1563.0 340.0 small-vehicle 1
1573.0 334.0 1580.0 334.0 1580.0 339.0 1573.0 339.0 small-vehicle 1
1652.0 286.0 1660.0 286.0 1660.0 291.0 1652.0 291.0 small-vehicle 1
1692.0 267.0 1702.0 267.0 1702.0 273.0 1692.0 273.0 small-vehicle 1
1652.0 280.0 1661.0 280.0 1661.0 285.0 1652.0 285.0 small-vehicle 1
1661.0 279.0 1669.0 279.0 1669.0 283.0 1661.0 283.0 small-vehicle 1
1671.0 278.0 1681.0 278.0 1681.0 284.0 1671.0 284.0 small-vehicle 1
1683.0 278.0 1692.0 278.0 1692.0 283.0 1683.0 283.0 small-vehicle 1
1693.0 274.0 1701.0 274.0 1701.0 279.0 1693.0 279.0 small-vehicle 1
1662.0 286.0 1671.0 286.0 1671.0 291.0 1662.0 291.0 small-vehicle 1
1595.0 324.0 1604.0 324.0 1604.0 330.0 1595.0 330.0 small-vehicle 1
1672.0 285.0 1683.0 285.0 1683.0 288.0 1672.0 288.0 small-vehicle 1
1685.0 283.0 1694.0 283.0 1694.0 289.0 1685.0 289.0 small-vehicle 1
1695.0 279.0 1704.0 279.0 1704.0 284.0 1695.0 284.0 small-vehicle 1
1696.0 284.0 1703.0 284.0 1703.0 288.0 1696.0 288.0 small-vehicle 1
1694.0 291.0 1703.0 291.0 1703.0 296.0 1694.0 296.0 large-vehicle 1
1683.0 298.0 1693.0 298.0 1693.0 304.0 1683.0 304.0 large-vehicle 1
1681.0 268.0 1692.0 268.0 1692.0 274.0 1681.0 274.0 small-vehicle 1
1660.0 272.0 1668.0 272.0 1668.0 277.0 1660.0 277.0 small-vehicle 1
1671.0 271.0 1680.0 271.0 1680.0 277.0 1671.0 277.0 small-vehicle 1
1649.0 275.0 1657.0 275.0 1657.0 281.0 1649.0 281.0 small-vehicle 1
1557.0 431.0 1565.0 431.0 1565.0 436.0 1557.0 436.0 small-vehicle 1
1608.0 342.0 1619.0 342.0 1619.0 348.0 1608.0 348.0 small-vehicle 1
1635.0 330.0 1643.0 330.0 1643.0 335.0 1635.0 335.0 small-vehicle 1
1634.0 325.0 1643.0 325.0 1643.0 330.0 1634.0 330.0 small-vehicle 1
1634.0 320.0 1643.0 320.0 1643.0 325.0 1634.0 325.0 small-vehicle 1
1623.0 326.0 1632.0 326.0 1632.0 332.0 1623.0 332.0 small-vehicle 1
1623.0 321.0 1632.0 321.0 1632.0 326.0 1623.0 326.0 small-vehicle 1
1614.0 328.0 1621.0 328.0 1621.0 332.0 1614.0 332.0 small-vehicle 1
1615.0 322.0 1622.0 322.0 1622.0 326.0 1615.0 326.0 small-vehicle 1
1615.0 317.0 1622.0 317.0 1622.0 322.0 1615.0 322.0 small-vehicle 1
1603.0 328.0 1612.0 328.0 1612.0 333.0 1603.0 333.0 small-vehicle 1
1605.0 322.0 1613.0 322.0 1613.0 327.0 1605.0 327.0 small-vehicle 1
1593.0 331.0 1602.0 331.0 1602.0 335.0 1593.0 335.0 small-vehicle 1
16.0 1675.0 29.0 1675.0 29.0 1684.0 16.0 1684.0 small-vehicle 1
