imagesource:GoogleEarth
gsd:0.486339076177
1239.0 1837.0 1250.0 1837.0 1250.0 1846.0 1239.0 1846.0 small-vehicle 1
913.0 254.0 943.0 254.0 943.0 286.0 913.0 286.0 large-vehicle 0
870.0 612.0 887.0 612.0 887.0 629.0 870.0 629.0 large-vehicle 1
788.0 402.0 805.0 402.0 805.0 420.0 788.0 420.0 large-vehicle 1
645.0 342.0 655.0 342.0 655.0 347.0 645.0 347.0 small-vehicle 1
555.0 1380.0 564.0 1380.0 564.0 1390.0 555.0 1390.0 large-vehicle 1
1034.0 711.0 1039.0 711.0 1039.0 720.0 1034.0 720.0 small-vehicle 1
666.0 1645.0 680.0 1645.0 680.0 1658.0 666.0 1658.0 large-vehicle 1
697.0 1259.0 704.0 1259.0 704.0 1276.0 697.0 1276.0 large-vehicle 0
209.0 1081.0 242.0 1081.0 242.0 1098.0 209.0 1098.0 large-vehicle 0
720.0 777.0 748.0 777.0 748.0 807.0 720.0 807.0 large-vehicle 0
609.0 901.0 637.0 901.0 637.0 929.0 609.0 929.0 large-vehicle 0
98.0 1159.0 124.0 1159.0 124.0 1179.0 98.0 1179.0 large-vehicle 0
466.0 1322.0 480.0 1322.0 480.0 1330.0 466.0 1330.0 small-vehicle 1
430.0 1154.0 441.0 1154.0 441.0 1165.0 430.0 1165.0 small-vehicle 1
559.0 987.0 569.0 987.0 569.0 997.0 559.0 997.0 small-vehicle 1
699.0 832.0 711.0 832.0 711.0 845.0 699.0 845.0 small-vehicle 1
619.0 339.0 630.0 339.0 630.0 349.0 619.0 349.0 small-vehicle 1
464.0 282.0 475.0 282.0 475.0 293.0 464.0 293.0 small-vehicle 1
616.0 411.0 703.0 411.0 703.0 492.0 616.0 492.0 roundabout 0
1244.0 1203.0 1275.0 1203.0 1275.0 1230.0 1244.0 1230.0 bridge 0
1122.0 1736.0 1289.0 1736.0 1289.0 1877.0 1122.0 1877.0 bridge 0
988.0 1559.0 1038.0 1559.0 1038.0 1617.0 988.0 1617.0 bridge 0
896.0 482.0 906.0 482.0 906.0 493.0 896.0 493.0 small-vehicle 1
1010.0 216.0 1017.0 216.0 1017.0 235.0 1010.0 235.0 large-vehicle 0
1352.0 1969.0 1360.0 1969.0 1360.0 1980.0 1352.0 1980.0 small-vehicle 1
976.0 245.0 987.0 245.0 987.0 282.0 976.0 282.0 large-vehicle 0
915.0 579.0 924.0 579.0 924.0 590.0 915.0 590.0 small-vehicle 1
974.0 552.0 985.0 552.0 985.0 562.0 974.0 562.0 small-vehicle 1
742.0 829.0 751.0 829.0 751.0 840.0 742.0 840.0 small-vehicle 1
831.0 660.0 848.0 660.0 848.0 678.0 831.0 678.0 large-vehicle 1
857.0 461.0 864.0 461.0 864.0 493.0 857.0 493.0 large-vehicle 1
841.0 471.0 847.0 471.0 847.0 505.0 841.0 505.0 large-vehicle 1
824.0 418.0 828.0 418.0 828.0 434.0 824.0 434.0 large-vehicle 1
775.0 418.0 791.0 418.0 791.0 434.0 775.0 434.0 large-vehicle 1
949.0 1205.0 963.0 1205.0 963.0 1213.0 949.0 1213.0 small-vehicle 1
858.0 1706.0 869.0 1706.0 869.0 1719.0 858.0 1719.0 small-vehicle 1
512.0 1614.0 518.0 1614.0 518.0 1628.0 512.0 1628.0 large-vehicle 1
420.0 1303.0 433.0 1303.0 433.0 1312.0 420.0 1312.0 small-vehicle 1
244.0 1285.0 255.0 1285.0 255.0 1297.0 244.0 1297.0 small-vehicle 1
313.0 1227.0 324.0 1227.0 324.0 1240.0 313.0 1240.0 small-vehicle 1
216.0 863.0 252.0 863.0 252.0 873.0 216.0 873.0 large-vehicle 1
491.0 807.0 506.0 807.0 506.0 824.0 491.0 824.0 large-vehicle 1
1336.0 1929.0 1344.0 1929.0 1344.0 1939.0 1336.0 1939.0 small-vehicle 1
1198.0 218.0 1207.0 218.0 1207.0 229.0 1198.0 229.0 small-vehicle 1
1183.0 225.0 1191.0 225.0 1191.0 235.0 1183.0 235.0 small-vehicle 1
868.0 504.0 885.0 504.0 885.0 521.0 868.0 521.0 large-vehicle 0
909.0 327.0 917.0 327.0 917.0 362.0 909.0 362.0 large-vehicle 0
301.0 1153.0 415.0 1153.0 415.0 1265.0 301.0 1265.0 bridge 0
