imagesource:GoogleEarth
gsd:0.486040139054
1888.0 619.0 1908.0 619.0 1908.0 631.0 1888.0 631.0 large-vehicle 1
385.0 535.0 402.0 535.0 402.0 552.0 385.0 552.0 swimming-pool 1
978.0 1023.0 1009.0 1023.0 1009.0 1049.0 978.0 1049.0 large-vehicle 1
869.0 981.0 898.0 981.0 898.0 1013.0 869.0 1013.0 large-vehicle 1
740.0 1356.0 771.0 1356.0 771.0 1386.0 740.0 1386.0 large-vehicle 1
844.0 874.0 898.0 874.0 898.0 932.0 844.0 932.0 roundabout 0
1428.0 885.0 1442.0 885.0 1442.0 905.0 1428.0 905.0 large-vehicle 1
1185.0 921.0 1194.0 921.0 1194.0 929.0 1185.0 929.0 small-vehicle 1
1307.0 737.0 1319.0 737.0 1319.0 743.0 1307.0 743.0 small-vehicle 1
350.0 1989.0 361.0 1989.0 361.0 2006.0 350.0 2006.0 large-vehicle 1
500.0 730.0 524.0 730.0 524.0 757.0 500.0 757.0 large-vehicle 0
489.0 1690.0 511.0 1690.0 511.0 1724.0 489.0 1724.0 large-vehicle 1
1124.0 1442.0 1258.0 1442.0 1258.0 1655.0 1124.0 1655.0 bridge 0
267.0 1072.0 307.0 1072.0 307.0 1113.0 267.0 1113.0 swimming-pool 0
1478.0 762.0 1490.0 762.0 1490.0 771.0 1478.0 771.0 small-vehicle 1
474.0 1116.0 500.0 1116.0 500.0 1138.0 474.0 1138.0 swimming-pool 0
922.0 1117.0 951.0 1117.0 951.0 1146.0 922.0 1146.0 large-vehicle 1
932.0 1113.0 943.0 1113.0 943.0 1125.0 932.0 1125.0 large-vehicle 1
927.0 1093.0 938.0 1093.0 938.0 1104.0 927.0 1104.0 small-vehicle 1
927.0 934.0 945.0 934.0 945.0 944.0 927.0 944.0 large-vehicle 0
989.0 938.0 1006.0 938.0 1006.0 954.0 989.0 954.0 large-vehicle 0
1446.0 356.0 1460.0 356.0 1460.0 372.0 1446.0 372.0 large-vehicle 1
1471.0 378.0 1487.0 378.0 1487.0 387.0 1471.0 387.0 small-vehicle 0
1336.0 732.0 1348.0 732.0 1348.0 739.0 1336.0 739.0 small-vehicle 1
1136.0 933.0 1147.0 933.0 1147.0 943.0 1136.0 943.0 small-vehicle 1
1828.0 2152.0 1841.0 2152.0 1841.0 2159.0 1828.0 2159.0 small-vehicle 1
384.0 1873.0 400.0 1873.0 400.0 1900.0 384.0 1900.0 large-vehicle 1
