imagesource:GoogleEarth
gsd:0.467547413452
386.0 28.0 402.0 28.0 402.0 34.0 386.0 34.0 large-vehicle 1
731.0 1198.0 740.0 1198.0 740.0 1203.0 731.0 1203.0 small-vehicle 1
621.0 1137.0 624.0 1137.0 624.0 1143.0 621.0 1143.0 small-vehicle 1
607.0 1139.0 610.0 1139.0 610.0 1148.0 607.0 1148.0 small-vehicle 1
601.0 1141.0 605.0 1141.0 605.0 1148.0 601.0 1148.0 small-vehicle 1
575.0 1167.0 580.0 1167.0 580.0 1177.0 575.0 1177.0 small-vehicle 1
576.0 1181.0 580.0 1181.0 580.0 1191.0 576.0 1191.0 small-vehicle 1
658.0 1154.0 664.0 1154.0 664.0 1164.0 658.0 1164.0 small-vehicle 1
736.0 1225.0 745.0 1225.0 745.0 1229.0 736.0 1229.0 small-vehicle 1
733.0 1207.0 743.0 1207.0 743.0 1212.0 733.0 1212.0 small-vehicle 1
726.0 1170.0 736.0 1170.0 736.0 1177.0 726.0 1177.0 small-vehicle 1
635.0 1133.0 641.0 1133.0 641.0 1143.0 635.0 1143.0 small-vehicle 1
691.0 1162.0 697.0 1162.0 697.0 1173.0 691.0 1173.0 small-vehicle 1
645.0 1155.0 650.0 1155.0 650.0 1166.0 645.0 1166.0 small-vehicle 1
588.0 1178.0 593.0 1178.0 593.0 1188.0 588.0 1188.0 small-vehicle 1
662.0 1165.0 666.0 1165.0 666.0 1175.0 662.0 1175.0 small-vehicle 1
606.0 1101.0 613.0 1101.0 613.0 1112.0 606.0 1112.0 small-vehicle 1
591.0 1104.0 597.0 1104.0 597.0 1115.0 591.0 1115.0 small-vehicle 1
586.0 1106.0 590.0 1106.0 590.0 1114.0 586.0 1114.0 small-vehicle 1
580.0 1108.0 584.0 1108.0 584.0 1115.0 580.0 1115.0 small-vehicle 1
630.0 1137.0 635.0 1137.0 635.0 1146.0 630.0 1146.0 small-vehicle 1
652.0 1118.0 658.0 1118.0 658.0 1128.0 652.0 1128.0 small-vehicle 1
591.0 1066.0 599.0 1066.0 599.0 1076.0 591.0 1076.0 small-vehicle 1
626.0 1172.0 631.0 1172.0 631.0 1182.0 626.0 1182.0 small-vehicle 1
622.0 1079.0 630.0 1079.0 630.0 1090.0 622.0 1090.0 small-vehicle 1
639.0 1084.0 645.0 1084.0 645.0 1095.0 639.0 1095.0 small-vehicle 1
648.0 1089.0 655.0 1089.0 655.0 1099.0 648.0 1099.0 small-vehicle 1
575.0 1134.0 580.0 1134.0 580.0 1143.0 575.0 1143.0 small-vehicle 1
577.0 1144.0 581.0 1144.0 581.0 1152.0 577.0 1152.0 small-vehicle 1
581.0 1145.0 586.0 1145.0 586.0 1153.0 581.0 1153.0 small-vehicle 1
583.0 1181.0 587.0 1181.0 587.0 1189.0 583.0 1189.0 small-vehicle 1
568.0 1183.0 573.0 1183.0 573.0 1192.0 568.0 1192.0 small-vehicle 1
631.0 1172.0 637.0 1172.0 637.0 1180.0 631.0 1180.0 small-vehicle 1
658.0 1130.0 664.0 1130.0 664.0 1140.0 658.0 1140.0 small-vehicle 1
636.0 1170.0 642.0 1170.0 642.0 1180.0 636.0 1180.0 small-vehicle 1
672.0 1166.0 676.0 1166.0 676.0 1174.0 672.0 1174.0 small-vehicle 1
685.0 1151.0 690.0 1151.0 690.0 1160.0 685.0 1160.0 small-vehicle 1
675.0 1151.0 680.0 1151.0 680.0 1161.0 675.0 1161.0 small-vehicle 1
570.0 1168.0 575.0 1168.0 575.0 1179.0 570.0 1179.0 small-vehicle 1
680.0 1097.0 687.0 1097.0 687.0 1107.0 680.0 1107.0 small-vehicle 1
686.0 1099.0 692.0 1099.0 692.0 1108.0 686.0 1108.0 small-vehicle 1
653.0 1131.0 658.0 1131.0 658.0 1142.0 653.0 1142.0 small-vehicle 1
575.0 1107.0 580.0 1107.0 580.0 1116.0 575.0 1116.0 small-vehicle 1
567.0 1109.0 571.0 1109.0 571.0 1118.0 567.0 1118.0 small-vehicle 1
670.0 1095.0 677.0 1095.0 677.0 1105.0 670.0 1105.0 small-vehicle 1
1145.0 616.0 1154.0 616.0 1154.0 622.0 1145.0 622.0 small-vehicle 1
1104.0 1150.0 1109.0 1150.0 1109.0 1159.0 1104.0 1159.0 small-vehicle 1
1110.0 1150.0 1114.0 1150.0 1114.0 1160.0 1110.0 1160.0 small-vehicle 1
1114.0 1149.0 1119.0 1149.0 1119.0 1160.0 1114.0 1160.0 small-vehicle 1
1119.0 1149.0 1124.0 1149.0 1124.0 1159.0 1119.0 1159.0 small-vehicle 1
961.0 1107.0 1009.0 1107.0 1009.0 1157.0 961.0 1157.0 roundabout 0
977.0 1080.0 983.0 1080.0 983.0 1088.0 977.0 1088.0 small-vehicle 1
1116.0 1091.0 1125.0 1091.0 1125.0 1098.0 1116.0 1098.0 small-vehicle 1
1119.0 900.0 1127.0 900.0 1127.0 904.0 1119.0 904.0 large-vehicle 1
1143.0 611.0 1153.0 611.0 1153.0 616.0 1143.0 616.0 small-vehicle 1
577.0 1269.0 581.0 1269.0 581.0 1278.0 577.0 1278.0 small-vehicle 1
1143.0 606.0 1153.0 606.0 1153.0 611.0 1143.0 611.0 small-vehicle 1
1143.0 600.0 1153.0 600.0 1153.0 606.0 1143.0 606.0 small-vehicle 1
1142.0 594.0 1153.0 594.0 1153.0 599.0 1142.0 599.0 small-vehicle 1
1325.0 1060.0 1336.0 1060.0 1336.0 1067.0 1325.0 1067.0 small-vehicle 1
1367.0 1050.0 1375.0 1050.0 1375.0 1056.0 1367.0 1056.0 small-vehicle 1
1501.0 60.0 1586.0 60.0 1586.0 74.0 1501.0 74.0 bridge 0
1534.0 1929.0 1539.0 1929.0 1539.0 1941.0 1534.0 1941.0 small-vehicle 1
1535.0 1869.0 1540.0 1869.0 1540.0 1879.0 1535.0 1879.0 small-vehicle 1
1099.0 1151.0 1104.0 1151.0 1104.0 1162.0 1099.0 1162.0 small-vehicle 1
1089.0 1153.0 1094.0 1153.0 1094.0 1164.0 1089.0 1164.0 small-vehicle 1
1072.0 1156.0 1077.0 1156.0 1077.0 1167.0 1072.0 1167.0 large-vehicle 1
1006.0 1187.0 1020.0 1187.0 1020.0 1193.0 1006.0 1193.0 large-vehicle 1
661.0 625.0 665.0 625.0 665.0 635.0 661.0 635.0 small-vehicle 1
730.0 1187.0 739.0 1187.0 739.0 1192.0 730.0 1192.0 small-vehicle 1
827.0 1421.0 838.0 1421.0 838.0 1427.0 827.0 1427.0 small-vehicle 1
827.0 1428.0 838.0 1428.0 838.0 1433.0 827.0 1433.0 small-vehicle 1
876.0 1416.0 882.0 1416.0 882.0 1426.0 876.0 1426.0 small-vehicle 1
957.0 1151.0 968.0 1151.0 968.0 1162.0 957.0 1162.0 small-vehicle 1
938.0 1131.0 948.0 1131.0 948.0 1141.0 938.0 1141.0 small-vehicle 1
763.0 965.0 767.0 965.0 767.0 974.0 763.0 974.0 small-vehicle 1
756.0 966.0 759.0 966.0 759.0 975.0 756.0 975.0 small-vehicle 1
713.0 964.0 718.0 964.0 718.0 972.0 713.0 972.0 small-vehicle 1
709.0 963.0 713.0 963.0 713.0 972.0 709.0 972.0 small-vehicle 1
896.0 1325.0 903.0 1325.0 903.0 1329.0 896.0 1329.0 small-vehicle 1
913.0 1381.0 922.0 1381.0 922.0 1387.0 913.0 1387.0 small-vehicle 1
877.0 1377.0 884.0 1377.0 884.0 1388.0 877.0 1388.0 small-vehicle 1
871.0 1379.0 878.0 1379.0 878.0 1390.0 871.0 1390.0 small-vehicle 1
804.0 1346.0 816.0 1346.0 816.0 1356.0 804.0 1356.0 large-vehicle 1
886.0 1337.0 891.0 1337.0 891.0 1348.0 886.0 1348.0 small-vehicle 1
610.0 1073.0 619.0 1073.0 619.0 1086.0 610.0 1086.0 small-vehicle 1
581.0 1062.0 587.0 1062.0 587.0 1071.0 581.0 1071.0 small-vehicle 1
337.0 830.0 341.0 830.0 341.0 840.0 337.0 840.0 small-vehicle 1
259.0 874.0 263.0 874.0 263.0 884.0 259.0 884.0 small-vehicle 1
290.0 872.0 294.0 872.0 294.0 881.0 290.0 881.0 small-vehicle 1
296.0 871.0 300.0 871.0 300.0 881.0 296.0 881.0 small-vehicle 1
301.0 871.0 305.0 871.0 305.0 881.0 301.0 881.0 small-vehicle 1
305.0 871.0 311.0 871.0 311.0 880.0 305.0 880.0 small-vehicle 1
316.0 869.0 321.0 869.0 321.0 879.0 316.0 879.0 small-vehicle 1
323.0 869.0 326.0 869.0 326.0 878.0 323.0 878.0 small-vehicle 1
332.0 892.0 336.0 892.0 336.0 901.0 332.0 901.0 small-vehicle 1
252.0 900.0 257.0 900.0 257.0 910.0 252.0 910.0 small-vehicle 1
325.0 894.0 330.0 894.0 330.0 904.0 325.0 904.0 small-vehicle 1
318.0 857.0 323.0 857.0 323.0 867.0 318.0 867.0 small-vehicle 1
359.0 891.0 364.0 891.0 364.0 901.0 359.0 901.0 small-vehicle 1
375.0 889.0 380.0 889.0 380.0 899.0 375.0 899.0 small-vehicle 1
354.0 867.0 358.0 867.0 358.0 876.0 354.0 876.0 small-vehicle 1
359.0 868.0 364.0 868.0 364.0 876.0 359.0 876.0 small-vehicle 1
324.0 857.0 329.0 857.0 329.0 866.0 324.0 866.0 small-vehicle 1
335.0 854.0 340.0 854.0 340.0 863.0 335.0 863.0 small-vehicle 1
341.0 855.0 346.0 855.0 346.0 865.0 341.0 865.0 small-vehicle 1
347.0 855.0 352.0 855.0 352.0 864.0 347.0 864.0 small-vehicle 1
329.0 871.0 334.0 871.0 334.0 880.0 329.0 880.0 small-vehicle 1
310.0 856.0 316.0 856.0 316.0 867.0 310.0 867.0 small-vehicle 1
461.0 1146.0 470.0 1146.0 470.0 1158.0 461.0 1158.0 small-vehicle 1
37.0 688.0 57.0 688.0 57.0 694.0 37.0 694.0 large-vehicle 0
89.0 978.0 110.0 978.0 110.0 993.0 89.0 993.0 large-vehicle 0
85.0 973.0 103.0 973.0 103.0 986.0 85.0 986.0 large-vehicle 0
73.0 972.0 95.0 972.0 95.0 987.0 73.0 987.0 large-vehicle 0
55.0 985.0 74.0 985.0 74.0 1001.0 55.0 1001.0 large-vehicle 0
55.0 975.0 75.0 975.0 75.0 992.0 55.0 992.0 large-vehicle 0
37.0 979.0 59.0 979.0 59.0 994.0 37.0 994.0 large-vehicle 0
18.0 982.0 43.0 982.0 43.0 1003.0 18.0 1003.0 large-vehicle 0
6.0 987.0 26.0 987.0 26.0 1003.0 6.0 1003.0 large-vehicle 0
329.0 831.0 333.0 831.0 333.0 842.0 329.0 842.0 small-vehicle 1
294.0 859.0 300.0 859.0 300.0 868.0 294.0 868.0 small-vehicle 1
350.0 830.0 354.0 830.0 354.0 840.0 350.0 840.0 small-vehicle 1
355.0 829.0 360.0 829.0 360.0 839.0 355.0 839.0 small-vehicle 1
365.0 828.0 369.0 828.0 369.0 838.0 365.0 838.0 small-vehicle 1
376.0 827.0 380.0 827.0 380.0 835.0 376.0 835.0 small-vehicle 1
265.0 900.0 270.0 900.0 270.0 909.0 265.0 909.0 small-vehicle 1
270.0 875.0 274.0 875.0 274.0 884.0 270.0 884.0 small-vehicle 1
283.0 859.0 289.0 859.0 289.0 869.0 283.0 869.0 small-vehicle 1
289.0 858.0 293.0 858.0 293.0 868.0 289.0 868.0 small-vehicle 1
353.0 854.0 358.0 854.0 358.0 863.0 353.0 863.0 small-vehicle 1
360.0 853.0 363.0 853.0 363.0 862.0 360.0 862.0 small-vehicle 1
368.0 852.0 372.0 852.0 372.0 860.0 368.0 860.0 small-vehicle 1
303.0 963.0 310.0 963.0 310.0 978.0 303.0 978.0 large-vehicle 1
411.0 1120.0 416.0 1120.0 416.0 1130.0 411.0 1130.0 small-vehicle 1
373.0 1100.0 376.0 1100.0 376.0 1110.0 373.0 1110.0 small-vehicle 1
377.0 1100.0 381.0 1100.0 381.0 1109.0 377.0 1109.0 small-vehicle 1
388.0 1097.0 393.0 1097.0 393.0 1108.0 388.0 1108.0 small-vehicle 1
393.0 1097.0 398.0 1097.0 398.0 1106.0 393.0 1106.0 small-vehicle 1
403.0 1095.0 409.0 1095.0 409.0 1107.0 403.0 1107.0 small-vehicle 1
235.0 1355.0 244.0 1355.0 244.0 1373.0 235.0 1373.0 large-vehicle 0
310.0 1002.0 322.0 1002.0 322.0 1012.0 310.0 1012.0 small-vehicle 1
372.0 985.0 376.0 985.0 376.0 992.0 372.0 992.0 small-vehicle 1
378.0 851.0 383.0 851.0 383.0 860.0 378.0 860.0 large-vehicle 1
198.0 995.0 203.0 995.0 203.0 1010.0 198.0 1010.0 large-vehicle 1
301.0 571.0 306.0 571.0 306.0 580.0 301.0 580.0 small-vehicle 1
167.0 593.0 171.0 593.0 171.0 602.0 167.0 602.0 small-vehicle 1
181.0 15.0 191.0 15.0 191.0 22.0 181.0 22.0 small-vehicle 1
428.0 18.0 437.0 18.0 437.0 23.0 428.0 23.0 small-vehicle 1
442.0 18.0 453.0 18.0 453.0 23.0 442.0 23.0 small-vehicle 1
341.0 980.0 346.0 980.0 346.0 991.0 341.0 991.0 small-vehicle 1
363.0 1126.0 367.0 1126.0 367.0 1135.0 363.0 1135.0 small-vehicle 1
404.0 1120.0 411.0 1120.0 411.0 1131.0 404.0 1131.0 small-vehicle 1
403.0 1147.0 414.0 1147.0 414.0 1154.0 403.0 1154.0 small-vehicle 1
466.0 1121.0 471.0 1121.0 471.0 1132.0 466.0 1132.0 small-vehicle 1
460.0 1121.0 466.0 1121.0 466.0 1132.0 460.0 1132.0 small-vehicle 1
385.0 863.0 391.0 863.0 391.0 873.0 385.0 873.0 small-vehicle 1
403.0 861.0 408.0 861.0 408.0 871.0 403.0 871.0 small-vehicle 1
409.0 850.0 415.0 850.0 415.0 860.0 409.0 860.0 small-vehicle 1
172.0 927.0 178.0 927.0 178.0 934.0 172.0 934.0 small-vehicle 1
376.0 1126.0 381.0 1126.0 381.0 1136.0 376.0 1136.0 small-vehicle 1
385.0 1125.0 391.0 1125.0 391.0 1134.0 385.0 1134.0 small-vehicle 1
392.0 1124.0 397.0 1124.0 397.0 1133.0 392.0 1133.0 small-vehicle 1
397.0 1121.0 403.0 1121.0 403.0 1133.0 397.0 1133.0 small-vehicle 1
466.0 1133.0 477.0 1133.0 477.0 1139.0 466.0 1139.0 small-vehicle 1
452.0 1294.0 461.0 1294.0 461.0 1301.0 452.0 1301.0 small-vehicle 1
248.0 1440.0 256.0 1440.0 256.0 1457.0 248.0 1457.0 large-vehicle 0
221.0 1360.0 228.0 1360.0 228.0 1378.0 221.0 1378.0 large-vehicle 0
261.0 1433.0 269.0 1433.0 269.0 1451.0 261.0 1451.0 large-vehicle 0
291.0 1389.0 307.0 1389.0 307.0 1427.0 291.0 1427.0 large-vehicle 0
274.0 1407.0 288.0 1407.0 288.0 1438.0 274.0 1438.0 large-vehicle 1
288.0 1400.0 300.0 1400.0 300.0 1430.0 288.0 1430.0 large-vehicle 1
451.0 1202.0 458.0 1202.0 458.0 1205.0 451.0 1205.0 small-vehicle 1
1568.0 1876.0 1573.0 1876.0 1573.0 1887.0 1568.0 1887.0 small-vehicle 1
1576.0 1838.0 1579.0 1838.0 1579.0 1847.0 1576.0 1847.0 small-vehicle 1
1591.0 1822.0 1595.0 1822.0 1595.0 1832.0 1591.0 1832.0 small-vehicle 1
827.0 1140.0 836.0 1140.0 836.0 1150.0 827.0 1150.0 small-vehicle 1
870.0 1416.0 876.0 1416.0 876.0 1426.0 870.0 1426.0 small-vehicle 1
883.0 1416.0 887.0 1416.0 887.0 1426.0 883.0 1426.0 small-vehicle 1
891.0 1339.0 895.0 1339.0 895.0 1347.0 891.0 1347.0 small-vehicle 1
926.0 1235.0 930.0 1235.0 930.0 1246.0 926.0 1246.0 small-vehicle 1
872.0 1208.0 880.0 1208.0 880.0 1221.0 872.0 1221.0 small-vehicle 1
868.0 1208.0 874.0 1208.0 874.0 1218.0 868.0 1218.0 small-vehicle 1
857.0 1207.0 862.0 1207.0 862.0 1216.0 857.0 1216.0 small-vehicle 1
864.0 1207.0 868.0 1207.0 868.0 1217.0 864.0 1217.0 small-vehicle 1
912.0 1404.0 923.0 1404.0 923.0 1414.0 912.0 1414.0 small-vehicle 1
426.0 1121.0 434.0 1121.0 434.0 1133.0 426.0 1133.0 small-vehicle 1
887.0 1417.0 895.0 1417.0 895.0 1428.0 887.0 1428.0 small-vehicle 1
895.0 1355.0 905.0 1355.0 905.0 1361.0 895.0 1361.0 small-vehicle 1
896.0 1337.0 905.0 1337.0 905.0 1343.0 896.0 1343.0 small-vehicle 1
896.0 1345.0 907.0 1345.0 907.0 1349.0 896.0 1349.0 small-vehicle 1
973.0 963.0 983.0 963.0 983.0 968.0 973.0 968.0 small-vehicle 1
985.0 962.0 993.0 962.0 993.0 967.0 985.0 967.0 small-vehicle 1
1062.0 510.0 1068.0 510.0 1068.0 520.0 1062.0 520.0 small-vehicle 1
1051.0 468.0 1058.0 468.0 1058.0 479.0 1051.0 479.0 small-vehicle 1
767.0 966.0 773.0 966.0 773.0 978.0 767.0 978.0 small-vehicle 1
435.0 1119.0 439.0 1119.0 439.0 1130.0 435.0 1130.0 small-vehicle 1
1560.0 1782.0 1565.0 1782.0 1565.0 1794.0 1560.0 1794.0 small-vehicle 1
712.0 1147.0 723.0 1147.0 723.0 1153.0 712.0 1153.0 small-vehicle 1
605.0 1073.0 612.0 1073.0 612.0 1084.0 605.0 1084.0 small-vehicle 1
642.0 1169.0 649.0 1169.0 649.0 1181.0 642.0 1181.0 small-vehicle 1
647.0 1169.0 653.0 1169.0 653.0 1178.0 647.0 1178.0 small-vehicle 1
656.0 1167.0 662.0 1167.0 662.0 1178.0 656.0 1178.0 small-vehicle 1
451.0 1233.0 462.0 1233.0 462.0 1238.0 451.0 1238.0 small-vehicle 1
449.0 1268.0 461.0 1268.0 461.0 1273.0 449.0 1273.0 small-vehicle 1
603.0 1128.0 610.0 1128.0 610.0 1139.0 603.0 1139.0 small-vehicle 1
699.0 1104.0 706.0 1104.0 706.0 1114.0 699.0 1114.0 small-vehicle 1
713.0 1155.0 723.0 1155.0 723.0 1162.0 713.0 1162.0 small-vehicle 1
417.0 1120.0 422.0 1120.0 422.0 1130.0 417.0 1130.0 small-vehicle 1
711.0 1136.0 721.0 1136.0 721.0 1142.0 711.0 1142.0 small-vehicle 1
711.0 1143.0 720.0 1143.0 720.0 1147.0 711.0 1147.0 small-vehicle 1
659.0 1091.0 665.0 1091.0 665.0 1102.0 659.0 1102.0 small-vehicle 1
398.0 1096.0 403.0 1096.0 403.0 1107.0 398.0 1107.0 small-vehicle 1
410.0 1095.0 415.0 1095.0 415.0 1105.0 410.0 1105.0 small-vehicle 1
416.0 1095.0 420.0 1095.0 420.0 1104.0 416.0 1104.0 small-vehicle 1
421.0 1095.0 425.0 1095.0 425.0 1103.0 421.0 1103.0 small-vehicle 1
370.0 1124.0 374.0 1124.0 374.0 1134.0 370.0 1134.0 small-vehicle 1
1533.0 38.0 1538.0 38.0 1538.0 48.0 1533.0 48.0 small-vehicle 1
1560.0 102.0 1563.0 102.0 1563.0 113.0 1560.0 113.0 small-vehicle 1
1536.0 527.0 1543.0 527.0 1543.0 540.0 1536.0 540.0 small-vehicle 1
1573.0 1429.0 1578.0 1429.0 1578.0 1441.0 1573.0 1441.0 small-vehicle 1
1540.0 1509.0 1545.0 1509.0 1545.0 1524.0 1540.0 1524.0 small-vehicle 1
1558.0 1551.0 1563.0 1551.0 1563.0 1560.0 1558.0 1560.0 small-vehicle 1
1559.0 1618.0 1565.0 1618.0 1565.0 1628.0 1559.0 1628.0 small-vehicle 1
1561.0 1711.0 1566.0 1711.0 1566.0 1722.0 1561.0 1722.0 small-vehicle 1
1526.0 1697.0 1531.0 1697.0 1531.0 1708.0 1526.0 1708.0 small-vehicle 1
1591.0 1777.0 1596.0 1777.0 1596.0 1791.0 1591.0 1791.0 small-vehicle 1
1524.0 1762.0 1532.0 1762.0 1532.0 1779.0 1524.0 1779.0 large-vehicle 1
1525.0 1908.0 1531.0 1908.0 1531.0 1928.0 1525.0 1928.0 large-vehicle 1
1431.0 1320.0 1437.0 1320.0 1437.0 1332.0 1431.0 1332.0 small-vehicle 1
1578.0 612.0 1583.0 612.0 1583.0 625.0 1578.0 625.0 small-vehicle 1
1420.0 877.0 1431.0 877.0 1431.0 881.0 1420.0 881.0 large-vehicle 1
1560.0 405.0 1567.0 405.0 1567.0 419.0 1560.0 419.0 small-vehicle 1
1569.0 399.0 1574.0 399.0 1574.0 408.0 1569.0 408.0 small-vehicle 1
1536.0 352.0 1540.0 352.0 1540.0 366.0 1536.0 366.0 small-vehicle 1
1520.0 540.0 1525.0 540.0 1525.0 553.0 1520.0 553.0 small-vehicle 1
1083.0 1154.0 1087.0 1154.0 1087.0 1165.0 1083.0 1165.0 small-vehicle 1
834.0 1264.0 846.0 1264.0 846.0 1270.0 834.0 1270.0 small-vehicle 1
590.0 1143.0 595.0 1143.0 595.0 1151.0 590.0 1151.0 small-vehicle 1
1540.0 1464.0 1545.0 1464.0 1545.0 1474.0 1540.0 1474.0 small-vehicle 1
1579.0 1297.0 1587.0 1297.0 1587.0 1335.0 1579.0 1335.0 large-vehicle 0
1559.0 1324.0 1564.0 1324.0 1564.0 1333.0 1559.0 1333.0 small-vehicle 1
1537.0 1273.0 1543.0 1273.0 1543.0 1282.0 1537.0 1282.0 small-vehicle 1
1562.0 617.0 1566.0 617.0 1566.0 627.0 1562.0 627.0 small-vehicle 1
1537.0 625.0 1542.0 625.0 1542.0 635.0 1537.0 635.0 small-vehicle 1
1529.0 721.0 1534.0 721.0 1534.0 733.0 1529.0 733.0 small-vehicle 1
1537.0 683.0 1542.0 683.0 1542.0 693.0 1537.0 693.0 small-vehicle 1
1529.0 673.0 1535.0 673.0 1535.0 687.0 1529.0 687.0 small-vehicle 1
1518.0 803.0 1526.0 803.0 1526.0 841.0 1518.0 841.0 large-vehicle 1
1577.0 893.0 1584.0 893.0 1584.0 930.0 1577.0 930.0 large-vehicle 0
1563.0 814.0 1569.0 814.0 1569.0 824.0 1563.0 824.0 small-vehicle 1
1537.0 812.0 1542.0 812.0 1542.0 826.0 1537.0 826.0 small-vehicle 1
1530.0 860.0 1534.0 860.0 1534.0 873.0 1530.0 873.0 small-vehicle 1
1538.0 918.0 1541.0 918.0 1541.0 927.0 1538.0 927.0 small-vehicle 1
1564.0 888.0 1570.0 888.0 1570.0 900.0 1564.0 900.0 small-vehicle 1
1431.0 1016.0 1441.0 1016.0 1441.0 1025.0 1431.0 1025.0 small-vehicle 1
1492.0 1000.0 1502.0 1000.0 1502.0 1007.0 1492.0 1007.0 large-vehicle 1
1573.0 1082.0 1578.0 1082.0 1578.0 1092.0 1573.0 1092.0 small-vehicle 1
1564.0 1079.0 1569.0 1079.0 1569.0 1091.0 1564.0 1091.0 large-vehicle 1
1536.0 1188.0 1542.0 1188.0 1542.0 1200.0 1536.0 1200.0 large-vehicle 1
599.0 1069.0 607.0 1069.0 607.0 1080.0 599.0 1080.0 small-vehicle 1
588.0 1093.0 594.0 1093.0 594.0 1103.0 588.0 1103.0 small-vehicle 1
607.0 1117.0 616.0 1117.0 616.0 1122.0 607.0 1122.0 small-vehicle 1
1894.0 824.0 1905.0 824.0 1905.0 830.0 1894.0 830.0 small-vehicle 1
1907.0 1026.0 1914.0 1026.0 1914.0 1040.0 1907.0 1040.0 large-vehicle 1
1924.0 1020.0 1931.0 1020.0 1931.0 1031.0 1924.0 1031.0 large-vehicle 1
1818.0 918.0 1826.0 918.0 1826.0 953.0 1818.0 953.0 large-vehicle 0
1816.0 968.0 1822.0 968.0 1822.0 978.0 1816.0 978.0 small-vehicle 1
1814.0 996.0 1819.0 996.0 1819.0 1006.0 1814.0 1006.0 small-vehicle 1
1908.0 967.0 1918.0 967.0 1918.0 973.0 1908.0 973.0 small-vehicle 1
1904.0 956.0 1914.0 956.0 1914.0 963.0 1904.0 963.0 small-vehicle 1
1892.0 818.0 1904.0 818.0 1904.0 824.0 1892.0 824.0 small-vehicle 1
1896.0 830.0 1906.0 830.0 1906.0 835.0 1896.0 835.0 small-vehicle 1
167.0 9.0 179.0 9.0 179.0 18.0 167.0 18.0 small-vehicle 1
1920.0 826.0 1928.0 826.0 1928.0 837.0 1920.0 837.0 small-vehicle 1
1926.0 825.0 1932.0 825.0 1932.0 835.0 1926.0 835.0 small-vehicle 1
1867.0 731.0 1877.0 731.0 1877.0 737.0 1867.0 737.0 small-vehicle 1
1878.0 753.0 1887.0 753.0 1887.0 758.0 1878.0 758.0 small-vehicle 1
1636.0 753.0 1644.0 753.0 1644.0 757.0 1636.0 757.0 small-vehicle 1
1932.0 795.0 1938.0 795.0 1938.0 804.0 1932.0 804.0 small-vehicle 1
1923.0 798.0 1928.0 798.0 1928.0 806.0 1923.0 806.0 small-vehicle 1
1914.0 808.0 1919.0 808.0 1919.0 817.0 1914.0 817.0 small-vehicle 1
1898.0 1117.0 1905.0 1117.0 1905.0 1128.0 1898.0 1128.0 large-vehicle 1
1516.0 1861.0 1522.0 1861.0 1522.0 1871.0 1516.0 1871.0 small-vehicle 1
1528.0 115.0 1531.0 115.0 1531.0 126.0 1528.0 126.0 small-vehicle 1
1567.0 115.0 1572.0 115.0 1572.0 124.0 1567.0 124.0 small-vehicle 1
1534.0 1793.0 1539.0 1793.0 1539.0 1804.0 1534.0 1804.0 small-vehicle 1
1567.0 1683.0 1572.0 1683.0 1572.0 1693.0 1567.0 1693.0 small-vehicle 1
1539.0 1587.0 1545.0 1587.0 1545.0 1598.0 1539.0 1598.0 small-vehicle 1
1567.0 1532.0 1572.0 1532.0 1572.0 1542.0 1567.0 1542.0 small-vehicle 1
1592.0 1520.0 1597.0 1520.0 1597.0 1530.0 1592.0 1530.0 small-vehicle 1
1524.0 1491.0 1529.0 1491.0 1529.0 1501.0 1524.0 1501.0 small-vehicle 1
1559.0 1411.0 1563.0 1411.0 1563.0 1420.0 1559.0 1420.0 small-vehicle 1
1539.0 1405.0 1544.0 1405.0 1544.0 1415.0 1539.0 1415.0 small-vehicle 1
1531.0 1392.0 1536.0 1392.0 1536.0 1402.0 1531.0 1402.0 small-vehicle 1
1539.0 1358.0 1543.0 1358.0 1543.0 1368.0 1539.0 1368.0 small-vehicle 1
1565.0 1346.0 1570.0 1346.0 1570.0 1357.0 1565.0 1357.0 small-vehicle 1
1530.0 1323.0 1535.0 1323.0 1535.0 1334.0 1530.0 1334.0 small-vehicle 1
1565.0 1214.0 1570.0 1214.0 1570.0 1224.0 1565.0 1224.0 small-vehicle 1
1515.0 1154.0 1518.0 1154.0 1518.0 1165.0 1515.0 1165.0 small-vehicle 1
1588.0 1121.0 1594.0 1121.0 1594.0 1133.0 1588.0 1133.0 small-vehicle 1
1571.0 727.0 1575.0 727.0 1575.0 737.0 1571.0 737.0 small-vehicle 1
1528.0 458.0 1534.0 458.0 1534.0 470.0 1528.0 470.0 small-vehicle 1
1918.0 988.0 1922.0 988.0 1922.0 996.0 1918.0 996.0 small-vehicle 1
236.0 30.0 245.0 30.0 245.0 35.0 236.0 35.0 small-vehicle 1
683.0 1113.0 694.0 1113.0 694.0 1122.0 683.0 1122.0 small-vehicle 1
357.0 1103.0 361.0 1103.0 361.0 1113.0 357.0 1113.0 small-vehicle 1
316.0 1026.0 321.0 1026.0 321.0 1038.0 316.0 1038.0 small-vehicle 1
170.0 904.0 174.0 904.0 174.0 914.0 170.0 914.0 small-vehicle 1
76.0 919.0 81.0 919.0 81.0 932.0 76.0 932.0 large-vehicle 1
254.0 1434.0 262.0 1434.0 262.0 1454.0 254.0 1454.0 large-vehicle 1
307.0 1385.0 316.0 1385.0 316.0 1401.0 307.0 1401.0 large-vehicle 1
70.0 1385.0 88.0 1385.0 88.0 1393.0 70.0 1393.0 large-vehicle 1
71.0 1394.0 89.0 1394.0 89.0 1403.0 71.0 1403.0 large-vehicle 1
72.0 1403.0 90.0 1403.0 90.0 1412.0 72.0 1412.0 large-vehicle 1
362.0 1102.0 366.0 1102.0 366.0 1111.0 362.0 1111.0 small-vehicle 1
57.0 682.0 79.0 682.0 79.0 692.0 57.0 692.0 large-vehicle 1
350.0 1119.0 359.0 1119.0 359.0 1130.0 350.0 1130.0 small-vehicle 1
565.0 1134.0 570.0 1134.0 570.0 1145.0 565.0 1145.0 small-vehicle 1
561.0 1156.0 572.0 1156.0 572.0 1167.0 561.0 1167.0 small-vehicle 1
605.0 1165.0 611.0 1165.0 611.0 1176.0 605.0 1176.0 small-vehicle 1
624.0 1148.0 634.0 1148.0 634.0 1159.0 624.0 1159.0 small-vehicle 1
617.0 1126.0 623.0 1126.0 623.0 1136.0 617.0 1136.0 small-vehicle 1
589.0 1130.0 594.0 1130.0 594.0 1139.0 589.0 1139.0 small-vehicle 1
641.0 1134.0 647.0 1134.0 647.0 1143.0 641.0 1143.0 small-vehicle 1
273.0 899.0 279.0 899.0 279.0 909.0 273.0 909.0 small-vehicle 1
328.0 855.0 335.0 855.0 335.0 866.0 328.0 866.0 small-vehicle 1
311.0 870.0 316.0 870.0 316.0 880.0 311.0 880.0 small-vehicle 1
286.0 896.0 291.0 896.0 291.0 905.0 286.0 905.0 small-vehicle 1
326.0 713.0 337.0 713.0 337.0 719.0 326.0 719.0 small-vehicle 1
205.0 710.0 218.0 710.0 218.0 719.0 205.0 719.0 small-vehicle 1
220.0 711.0 231.0 711.0 231.0 717.0 220.0 717.0 small-vehicle 1
222.0 705.0 233.0 705.0 233.0 710.0 222.0 710.0 small-vehicle 1
310.0 833.0 315.0 833.0 315.0 843.0 310.0 843.0 small-vehicle 1
341.0 829.0 347.0 829.0 347.0 840.0 341.0 840.0 small-vehicle 1
87.0 919.0 91.0 919.0 91.0 929.0 87.0 929.0 small-vehicle 1
61.0 921.0 65.0 921.0 65.0 929.0 61.0 929.0 small-vehicle 1
299.0 858.0 305.0 858.0 305.0 868.0 299.0 868.0 small-vehicle 1
305.0 858.0 310.0 858.0 310.0 867.0 305.0 867.0 small-vehicle 1
275.0 872.0 280.0 872.0 280.0 883.0 275.0 883.0 small-vehicle 1
348.0 866.0 353.0 866.0 353.0 879.0 348.0 879.0 small-vehicle 1
386.0 851.0 390.0 851.0 390.0 860.0 386.0 860.0 small-vehicle 1
416.0 862.0 421.0 862.0 421.0 873.0 416.0 873.0 small-vehicle 1
293.0 899.0 297.0 899.0 297.0 909.0 293.0 909.0 small-vehicle 1
313.0 895.0 319.0 895.0 319.0 906.0 313.0 906.0 small-vehicle 1
307.0 895.0 312.0 895.0 312.0 906.0 307.0 906.0 small-vehicle 1
68.0 985.0 87.0 985.0 87.0 1000.0 68.0 1000.0 large-vehicle 0
