imagesource:GoogleEarth
gsd:0.495729929785
1622.0 119.0 1628.0 119.0 1628.0 129.0 1622.0 129.0 small-vehicle 1
234.0 465.0 247.0 465.0 247.0 471.0 234.0 471.0 small-vehicle 1
352.0 451.0 367.0 451.0 367.0 463.0 352.0 463.0 small-vehicle 1
351.0 458.0 366.0 458.0 366.0 469.0 351.0 469.0 small-vehicle 1
349.0 471.0 362.0 471.0 362.0 478.0 349.0 478.0 small-vehicle 1
213.0 435.0 225.0 435.0 225.0 441.0 213.0 441.0 small-vehicle 1
214.0 449.0 227.0 449.0 227.0 454.0 214.0 454.0 small-vehicle 1
218.0 454.0 230.0 454.0 230.0 459.0 218.0 459.0 small-vehicle 1
231.0 447.0 249.0 447.0 249.0 453.0 231.0 453.0 small-vehicle 1
233.0 453.0 248.0 453.0 248.0 459.0 233.0 459.0 small-vehicle 1
234.0 459.0 249.0 459.0 249.0 464.0 234.0 464.0 small-vehicle 1
220.0 465.0 231.0 465.0 231.0 471.0 220.0 471.0 small-vehicle 1
369.0 451.0 380.0 451.0 380.0 458.0 369.0 458.0 small-vehicle 1
251.0 465.0 264.0 465.0 264.0 470.0 251.0 470.0 small-vehicle 1
250.0 470.0 262.0 470.0 262.0 476.0 250.0 476.0 small-vehicle 1
234.0 477.0 248.0 477.0 248.0 484.0 234.0 484.0 small-vehicle 1
250.0 476.0 264.0 476.0 264.0 482.0 250.0 482.0 small-vehicle 1
277.0 478.0 289.0 478.0 289.0 489.0 277.0 489.0 small-vehicle 1
286.0 477.0 297.0 477.0 297.0 488.0 286.0 488.0 small-vehicle 1
294.0 477.0 304.0 477.0 304.0 487.0 294.0 487.0 small-vehicle 1
301.0 477.0 311.0 477.0 311.0 488.0 301.0 488.0 small-vehicle 1
309.0 476.0 318.0 476.0 318.0 486.0 309.0 486.0 small-vehicle 1
362.0 440.0 371.0 440.0 371.0 446.0 362.0 446.0 small-vehicle 1
355.0 445.0 367.0 445.0 367.0 455.0 355.0 455.0 small-vehicle 1
343.0 446.0 349.0 446.0 349.0 457.0 343.0 457.0 small-vehicle 1
305.0 397.0 314.0 397.0 314.0 409.0 305.0 409.0 small-vehicle 1
342.0 497.0 351.0 497.0 351.0 512.0 342.0 512.0 small-vehicle 1
334.0 499.0 344.0 499.0 344.0 515.0 334.0 515.0 small-vehicle 1
404.0 492.0 411.0 492.0 411.0 500.0 404.0 500.0 small-vehicle 1
391.0 502.0 401.0 502.0 401.0 510.0 391.0 510.0 small-vehicle 1
191.0 419.0 196.0 419.0 196.0 428.0 191.0 428.0 small-vehicle 1
204.0 406.0 219.0 406.0 219.0 413.0 204.0 413.0 small-vehicle 1
233.0 406.0 247.0 406.0 247.0 411.0 233.0 411.0 small-vehicle 1
290.0 395.0 300.0 395.0 300.0 411.0 290.0 411.0 small-vehicle 1
297.0 396.0 306.0 396.0 306.0 411.0 297.0 411.0 small-vehicle 1
316.0 397.0 325.0 397.0 325.0 408.0 316.0 408.0 small-vehicle 1
346.0 436.0 358.0 436.0 358.0 445.0 346.0 445.0 small-vehicle 1
322.0 399.0 331.0 399.0 331.0 410.0 322.0 410.0 small-vehicle 1
358.0 431.0 369.0 431.0 369.0 439.0 358.0 439.0 small-vehicle 1
201.0 418.0 208.0 418.0 208.0 431.0 201.0 431.0 small-vehicle 1
208.0 416.0 213.0 416.0 213.0 431.0 208.0 431.0 small-vehicle 1
213.0 415.0 220.0 415.0 220.0 428.0 213.0 428.0 small-vehicle 1
220.0 417.0 225.0 417.0 225.0 428.0 220.0 428.0 small-vehicle 1
226.0 417.0 232.0 417.0 232.0 430.0 226.0 430.0 small-vehicle 1
233.0 413.0 239.0 413.0 239.0 426.0 233.0 426.0 small-vehicle 1
240.0 421.0 247.0 421.0 247.0 432.0 240.0 432.0 small-vehicle 1
315.0 477.0 326.0 477.0 326.0 488.0 315.0 488.0 small-vehicle 1
343.0 461.0 349.0 461.0 349.0 472.0 343.0 472.0 small-vehicle 1
348.0 496.0 357.0 496.0 357.0 509.0 348.0 509.0 small-vehicle 1
212.0 1211.0 217.0 1211.0 217.0 1220.0 212.0 1220.0 small-vehicle 1
175.0 952.0 181.0 952.0 181.0 961.0 175.0 961.0 small-vehicle 1
191.0 946.0 201.0 946.0 201.0 954.0 191.0 954.0 small-vehicle 1
559.0 919.0 568.0 919.0 568.0 929.0 559.0 929.0 small-vehicle 1
177.0 1112.0 185.0 1112.0 185.0 1124.0 177.0 1124.0 small-vehicle 1
197.0 1128.0 205.0 1128.0 205.0 1139.0 197.0 1139.0 small-vehicle 1
335.0 1144.0 348.0 1144.0 348.0 1154.0 335.0 1154.0 small-vehicle 1
347.0 1139.0 354.0 1139.0 354.0 1149.0 347.0 1149.0 small-vehicle 1
341.0 1150.0 351.0 1150.0 351.0 1157.0 341.0 1157.0 small-vehicle 1
174.0 1193.0 186.0 1193.0 186.0 1201.0 174.0 1201.0 small-vehicle 1
80.0 1186.0 88.0 1186.0 88.0 1197.0 80.0 1197.0 small-vehicle 1
568.0 886.0 578.0 886.0 578.0 891.0 568.0 891.0 small-vehicle 1
21.0 1200.0 30.0 1200.0 30.0 1208.0 21.0 1208.0 small-vehicle 1
23.0 1205.0 31.0 1205.0 31.0 1211.0 23.0 1211.0 small-vehicle 1
51.0 1215.0 59.0 1215.0 59.0 1220.0 51.0 1220.0 small-vehicle 1
62.0 1217.0 70.0 1217.0 70.0 1224.0 62.0 1224.0 small-vehicle 1
58.0 1208.0 67.0 1208.0 67.0 1214.0 58.0 1214.0 small-vehicle 1
25.0 1217.0 34.0 1217.0 34.0 1224.0 25.0 1224.0 small-vehicle 1
49.0 1244.0 58.0 1244.0 58.0 1255.0 49.0 1255.0 small-vehicle 1
57.0 1235.0 66.0 1235.0 66.0 1242.0 57.0 1242.0 small-vehicle 1
34.0 1243.0 43.0 1243.0 43.0 1250.0 34.0 1250.0 small-vehicle 1
546.0 902.0 556.0 902.0 556.0 907.0 546.0 907.0 small-vehicle 1
567.0 877.0 577.0 877.0 577.0 882.0 567.0 882.0 small-vehicle 1
184.0 456.0 198.0 456.0 198.0 465.0 184.0 465.0 small-vehicle 1
219.0 628.0 228.0 628.0 228.0 638.0 219.0 638.0 small-vehicle 1
182.0 450.0 196.0 450.0 196.0 459.0 182.0 459.0 small-vehicle 1
186.0 461.0 202.0 461.0 202.0 469.0 186.0 469.0 small-vehicle 1
189.0 467.0 202.0 467.0 202.0 474.0 189.0 474.0 small-vehicle 1
190.0 473.0 202.0 473.0 202.0 480.0 190.0 480.0 small-vehicle 1
192.0 476.0 207.0 476.0 207.0 484.0 192.0 484.0 small-vehicle 1
193.0 481.0 211.0 481.0 211.0 491.0 193.0 491.0 small-vehicle 1
193.0 488.0 210.0 488.0 210.0 496.0 193.0 496.0 small-vehicle 1
148.0 540.0 167.0 540.0 167.0 552.0 148.0 552.0 swimming-pool 0
177.0 575.0 187.0 575.0 187.0 586.0 177.0 586.0 swimming-pool 1
196.0 757.0 208.0 757.0 208.0 764.0 196.0 764.0 small-vehicle 1
493.0 858.0 499.0 858.0 499.0 869.0 493.0 869.0 small-vehicle 1
305.0 795.0 315.0 795.0 315.0 802.0 305.0 802.0 small-vehicle 1
211.0 864.0 218.0 864.0 218.0 877.0 211.0 877.0 small-vehicle 1
213.0 878.0 219.0 878.0 219.0 887.0 213.0 887.0 small-vehicle 1
278.0 918.0 285.0 918.0 285.0 927.0 278.0 927.0 small-vehicle 1
290.0 914.0 298.0 914.0 298.0 924.0 290.0 924.0 small-vehicle 1
326.0 892.0 334.0 892.0 334.0 899.0 326.0 899.0 small-vehicle 1
476.0 864.0 482.0 864.0 482.0 874.0 476.0 874.0 small-vehicle 1
481.0 863.0 488.0 863.0 488.0 871.0 481.0 871.0 small-vehicle 1
488.0 861.0 493.0 861.0 493.0 870.0 488.0 870.0 small-vehicle 1
355.0 495.0 361.0 495.0 361.0 503.0 355.0 503.0 small-vehicle 1
357.0 488.0 367.0 488.0 367.0 501.0 357.0 501.0 small-vehicle 1
90.0 1219.0 98.0 1219.0 98.0 1231.0 90.0 1231.0 small-vehicle 1
236.0 334.0 245.0 334.0 245.0 340.0 236.0 340.0 small-vehicle 1
156.0 378.0 168.0 378.0 168.0 385.0 156.0 385.0 small-vehicle 1
162.0 343.0 170.0 343.0 170.0 358.0 162.0 358.0 small-vehicle 1
167.0 339.0 176.0 339.0 176.0 355.0 167.0 355.0 small-vehicle 1
174.0 339.0 181.0 339.0 181.0 353.0 174.0 353.0 small-vehicle 1
180.0 340.0 193.0 340.0 193.0 347.0 180.0 347.0 small-vehicle 1
193.0 340.0 205.0 340.0 205.0 345.0 193.0 345.0 small-vehicle 1
201.0 332.0 212.0 332.0 212.0 338.0 201.0 338.0 small-vehicle 1
208.0 337.0 219.0 337.0 219.0 343.0 208.0 343.0 small-vehicle 1
220.0 335.0 232.0 335.0 232.0 342.0 220.0 342.0 small-vehicle 1
245.0 324.0 256.0 324.0 256.0 332.0 245.0 332.0 small-vehicle 1
150.0 369.0 163.0 369.0 163.0 376.0 150.0 376.0 small-vehicle 1
248.0 332.0 260.0 332.0 260.0 339.0 248.0 339.0 small-vehicle 1
262.0 330.0 273.0 330.0 273.0 337.0 262.0 337.0 small-vehicle 1
205.0 355.0 217.0 355.0 217.0 361.0 205.0 361.0 small-vehicle 1
218.0 354.0 231.0 354.0 231.0 360.0 218.0 360.0 small-vehicle 1
219.0 347.0 234.0 347.0 234.0 354.0 219.0 354.0 small-vehicle 1
236.0 345.0 248.0 345.0 248.0 352.0 236.0 352.0 small-vehicle 1
251.0 343.0 262.0 343.0 262.0 350.0 251.0 350.0 small-vehicle 1
266.0 341.0 277.0 341.0 277.0 349.0 266.0 349.0 small-vehicle 1
281.0 339.0 293.0 339.0 293.0 346.0 281.0 346.0 small-vehicle 1
151.0 374.0 164.0 374.0 164.0 381.0 151.0 381.0 small-vehicle 1
146.0 363.0 159.0 363.0 159.0 370.0 146.0 370.0 small-vehicle 1
297.0 344.0 310.0 344.0 310.0 351.0 297.0 351.0 small-vehicle 1
160.0 395.0 173.0 395.0 173.0 403.0 160.0 403.0 small-vehicle 1
28.0 333.0 35.0 333.0 35.0 344.0 28.0 344.0 small-vehicle 1
133.0 352.0 146.0 352.0 146.0 360.0 133.0 360.0 small-vehicle 1
132.0 358.0 147.0 358.0 147.0 366.0 132.0 366.0 small-vehicle 1
132.0 365.0 146.0 365.0 146.0 372.0 132.0 372.0 small-vehicle 1
135.0 376.0 148.0 376.0 148.0 382.0 135.0 382.0 small-vehicle 1
138.0 381.0 153.0 381.0 153.0 388.0 138.0 388.0 small-vehicle 1
139.0 387.0 153.0 387.0 153.0 394.0 139.0 394.0 small-vehicle 1
141.0 393.0 154.0 393.0 154.0 398.0 141.0 398.0 small-vehicle 1
156.0 389.0 171.0 389.0 171.0 397.0 156.0 397.0 small-vehicle 1
142.0 399.0 159.0 399.0 159.0 405.0 142.0 405.0 small-vehicle 1
88.0 473.0 97.0 473.0 97.0 478.0 88.0 478.0 small-vehicle 1
143.0 405.0 157.0 405.0 157.0 411.0 143.0 411.0 small-vehicle 1
145.0 410.0 158.0 410.0 158.0 417.0 145.0 417.0 small-vehicle 1
158.0 408.0 174.0 408.0 174.0 414.0 158.0 414.0 small-vehicle 1
161.0 412.0 176.0 412.0 176.0 420.0 161.0 420.0 small-vehicle 1
164.0 418.0 176.0 418.0 176.0 425.0 164.0 425.0 small-vehicle 1
165.0 423.0 179.0 423.0 179.0 430.0 165.0 430.0 small-vehicle 1
168.0 433.0 181.0 433.0 181.0 440.0 168.0 440.0 small-vehicle 1
170.0 437.0 182.0 437.0 182.0 445.0 170.0 445.0 small-vehicle 1
172.0 442.0 183.0 442.0 183.0 450.0 172.0 450.0 small-vehicle 1
295.0 338.0 308.0 338.0 308.0 344.0 295.0 344.0 small-vehicle 1
281.0 346.0 295.0 346.0 295.0 352.0 281.0 352.0 small-vehicle 1
363.0 486.0 374.0 486.0 374.0 499.0 363.0 499.0 small-vehicle 1
326.0 364.0 333.0 364.0 333.0 374.0 326.0 374.0 small-vehicle 1
279.0 380.0 294.0 380.0 294.0 386.0 279.0 386.0 small-vehicle 1
285.0 374.0 297.0 374.0 297.0 380.0 285.0 380.0 small-vehicle 1
299.0 373.0 311.0 373.0 311.0 378.0 299.0 378.0 small-vehicle 1
297.0 378.0 311.0 378.0 311.0 385.0 297.0 385.0 small-vehicle 1
317.0 327.0 324.0 327.0 324.0 342.0 317.0 342.0 small-vehicle 1
324.0 335.0 330.0 335.0 330.0 346.0 324.0 346.0 small-vehicle 1
325.0 348.0 331.0 348.0 331.0 359.0 325.0 359.0 small-vehicle 1
319.0 345.0 325.0 345.0 325.0 358.0 319.0 358.0 small-vehicle 1
320.0 363.0 327.0 363.0 327.0 373.0 320.0 373.0 small-vehicle 1
369.0 367.0 381.0 367.0 381.0 381.0 369.0 381.0 small-vehicle 1
270.0 376.0 279.0 376.0 279.0 381.0 270.0 381.0 small-vehicle 1
366.0 402.0 381.0 402.0 381.0 412.0 366.0 412.0 small-vehicle 1
381.0 418.0 396.0 418.0 396.0 430.0 381.0 430.0 small-vehicle 1
392.0 435.0 407.0 435.0 407.0 446.0 392.0 446.0 small-vehicle 1
405.0 443.0 418.0 443.0 418.0 456.0 405.0 456.0 small-vehicle 1
410.0 455.0 423.0 455.0 423.0 464.0 410.0 464.0 small-vehicle 1
417.0 471.0 424.0 471.0 424.0 480.0 417.0 480.0 small-vehicle 1
386.0 467.0 398.0 467.0 398.0 479.0 386.0 479.0 small-vehicle 1
381.0 473.0 394.0 473.0 394.0 485.0 381.0 485.0 small-vehicle 1
376.0 478.0 387.0 478.0 387.0 489.0 376.0 489.0 small-vehicle 1
262.0 382.0 277.0 382.0 277.0 389.0 262.0 389.0 small-vehicle 1
244.0 385.0 257.0 385.0 257.0 390.0 244.0 390.0 small-vehicle 1
268.0 350.0 278.0 350.0 278.0 355.0 268.0 355.0 small-vehicle 1
285.0 364.0 298.0 364.0 298.0 370.0 285.0 370.0 small-vehicle 1
250.0 350.0 262.0 350.0 262.0 356.0 250.0 356.0 small-vehicle 1
235.0 352.0 247.0 352.0 247.0 357.0 235.0 357.0 small-vehicle 1
220.0 364.0 231.0 364.0 231.0 370.0 220.0 370.0 small-vehicle 1
236.0 362.0 246.0 362.0 246.0 368.0 236.0 368.0 small-vehicle 1
251.0 359.0 263.0 359.0 263.0 366.0 251.0 366.0 small-vehicle 1
268.0 358.0 279.0 358.0 279.0 364.0 268.0 364.0 small-vehicle 1
284.0 356.0 292.0 356.0 292.0 362.0 284.0 362.0 small-vehicle 1
297.0 355.0 308.0 355.0 308.0 361.0 297.0 361.0 small-vehicle 1
299.0 363.0 312.0 363.0 312.0 369.0 299.0 369.0 small-vehicle 1
269.0 365.0 282.0 365.0 282.0 372.0 269.0 372.0 small-vehicle 1
254.0 377.0 265.0 377.0 265.0 383.0 254.0 383.0 small-vehicle 1
251.0 367.0 266.0 367.0 266.0 374.0 251.0 374.0 small-vehicle 1
235.0 368.0 250.0 368.0 250.0 375.0 235.0 375.0 small-vehicle 1
222.0 370.0 234.0 370.0 234.0 376.0 222.0 376.0 small-vehicle 1
209.0 371.0 223.0 371.0 223.0 378.0 209.0 378.0 small-vehicle 1
193.0 375.0 207.0 375.0 207.0 395.0 193.0 395.0 small-vehicle 1
186.0 380.0 199.0 380.0 199.0 397.0 186.0 397.0 small-vehicle 1
212.0 387.0 226.0 387.0 226.0 395.0 212.0 395.0 small-vehicle 1
229.0 386.0 242.0 386.0 242.0 393.0 229.0 393.0 small-vehicle 1
240.0 378.0 251.0 378.0 251.0 384.0 240.0 384.0 small-vehicle 1
62.0 1223.0 70.0 1223.0 70.0 1228.0 62.0 1228.0 small-vehicle 1
126.0 1237.0 133.0 1237.0 133.0 1246.0 126.0 1246.0 small-vehicle 1
1605.0 312.0 1610.0 312.0 1610.0 328.0 1605.0 328.0 small-vehicle 1
1530.0 484.0 1540.0 484.0 1540.0 489.0 1530.0 489.0 small-vehicle 1
1461.0 423.0 1466.0 423.0 1466.0 432.0 1461.0 432.0 small-vehicle 1
1456.0 423.0 1460.0 423.0 1460.0 433.0 1456.0 433.0 small-vehicle 1
1447.0 424.0 1452.0 424.0 1452.0 434.0 1447.0 434.0 small-vehicle 1
1429.0 428.0 1436.0 428.0 1436.0 437.0 1429.0 437.0 small-vehicle 1
1538.0 397.0 1547.0 397.0 1547.0 403.0 1538.0 403.0 small-vehicle 1
1500.0 439.0 1506.0 439.0 1506.0 448.0 1500.0 448.0 small-vehicle 1
1509.0 446.0 1521.0 446.0 1521.0 451.0 1509.0 451.0 small-vehicle 1
1551.0 466.0 1561.0 466.0 1561.0 470.0 1551.0 470.0 small-vehicle 1
1552.0 483.0 1562.0 483.0 1562.0 488.0 1552.0 488.0 small-vehicle 1
1516.0 486.0 1526.0 486.0 1526.0 491.0 1516.0 491.0 small-vehicle 1
1474.0 420.0 1479.0 420.0 1479.0 429.0 1474.0 429.0 small-vehicle 1
1528.0 463.0 1537.0 463.0 1537.0 467.0 1528.0 467.0 small-vehicle 1
1513.0 463.0 1522.0 463.0 1522.0 469.0 1513.0 469.0 small-vehicle 1
1494.0 481.0 1503.0 481.0 1503.0 487.0 1494.0 487.0 small-vehicle 1
1491.0 476.0 1503.0 476.0 1503.0 482.0 1491.0 482.0 small-vehicle 1
1489.0 464.0 1499.0 464.0 1499.0 470.0 1489.0 470.0 small-vehicle 1
1509.0 496.0 1517.0 496.0 1517.0 504.0 1509.0 504.0 small-vehicle 1
1496.0 508.0 1507.0 508.0 1507.0 515.0 1496.0 515.0 small-vehicle 1
1528.0 521.0 1538.0 521.0 1538.0 530.0 1528.0 530.0 small-vehicle 1
1521.0 527.0 1531.0 527.0 1531.0 536.0 1521.0 536.0 small-vehicle 1
1468.0 420.0 1473.0 420.0 1473.0 430.0 1468.0 430.0 small-vehicle 1
1461.0 362.0 1467.0 362.0 1467.0 372.0 1461.0 372.0 small-vehicle 1
1492.0 547.0 1500.0 547.0 1500.0 555.0 1492.0 555.0 small-vehicle 1
1475.0 331.0 1481.0 331.0 1481.0 344.0 1475.0 344.0 small-vehicle 1
1534.0 313.0 1548.0 313.0 1548.0 319.0 1534.0 319.0 small-vehicle 1
1534.0 323.0 1541.0 323.0 1541.0 337.0 1534.0 337.0 small-vehicle 1
1527.0 320.0 1535.0 320.0 1535.0 335.0 1527.0 335.0 small-vehicle 1
1519.0 322.0 1526.0 322.0 1526.0 336.0 1519.0 336.0 small-vehicle 1
1511.0 322.0 1519.0 322.0 1519.0 336.0 1511.0 336.0 small-vehicle 1
1503.0 324.0 1512.0 324.0 1512.0 338.0 1503.0 338.0 small-vehicle 1
1498.0 327.0 1505.0 327.0 1505.0 339.0 1498.0 339.0 small-vehicle 1
1487.0 330.0 1493.0 330.0 1493.0 342.0 1487.0 342.0 small-vehicle 1
1482.0 331.0 1487.0 331.0 1487.0 343.0 1482.0 343.0 small-vehicle 1
1468.0 331.0 1475.0 331.0 1475.0 345.0 1468.0 345.0 small-vehicle 1
1421.0 410.0 1432.0 410.0 1432.0 419.0 1421.0 419.0 small-vehicle 1
1456.0 336.0 1465.0 336.0 1465.0 350.0 1456.0 350.0 small-vehicle 1
1450.0 337.0 1457.0 337.0 1457.0 351.0 1450.0 351.0 small-vehicle 1
1432.0 341.0 1439.0 341.0 1439.0 353.0 1432.0 353.0 small-vehicle 1
1426.0 341.0 1433.0 341.0 1433.0 356.0 1426.0 356.0 small-vehicle 1
1409.0 383.0 1422.0 383.0 1422.0 393.0 1409.0 393.0 small-vehicle 1
1444.0 403.0 1449.0 403.0 1449.0 412.0 1444.0 412.0 small-vehicle 1
1449.0 401.0 1454.0 401.0 1454.0 413.0 1449.0 413.0 small-vehicle 1
1544.0 372.0 1549.0 372.0 1549.0 383.0 1544.0 383.0 small-vehicle 1
1569.0 367.0 1573.0 367.0 1573.0 376.0 1569.0 376.0 small-vehicle 1
1513.0 535.0 1523.0 535.0 1523.0 543.0 1513.0 543.0 small-vehicle 1
1467.0 559.0 1475.0 559.0 1475.0 569.0 1467.0 569.0 small-vehicle 1
1570.0 303.0 1585.0 303.0 1585.0 309.0 1570.0 309.0 small-vehicle 1
1173.0 902.0 1181.0 902.0 1181.0 912.0 1173.0 912.0 small-vehicle 1
1265.0 708.0 1274.0 708.0 1274.0 718.0 1265.0 718.0 small-vehicle 1
1254.0 713.0 1263.0 713.0 1263.0 723.0 1254.0 723.0 small-vehicle 1
1250.0 717.0 1259.0 717.0 1259.0 727.0 1250.0 727.0 small-vehicle 1
1202.0 714.0 1210.0 714.0 1210.0 719.0 1202.0 719.0 small-vehicle 1
1184.0 726.0 1190.0 726.0 1190.0 736.0 1184.0 736.0 small-vehicle 1
1198.0 699.0 1207.0 699.0 1207.0 706.0 1198.0 706.0 small-vehicle 1
1156.0 741.0 1171.0 741.0 1171.0 749.0 1156.0 749.0 small-vehicle 1
1197.0 774.0 1206.0 774.0 1206.0 782.0 1197.0 782.0 small-vehicle 1
1169.0 798.0 1177.0 798.0 1177.0 806.0 1169.0 806.0 small-vehicle 1
1105.0 1147.0 1114.0 1147.0 1114.0 1152.0 1105.0 1152.0 small-vehicle 1
1273.0 701.0 1283.0 701.0 1283.0 712.0 1273.0 712.0 small-vehicle 1
1219.0 1133.0 1229.0 1133.0 1229.0 1137.0 1219.0 1137.0 small-vehicle 1
1209.0 1141.0 1218.0 1141.0 1218.0 1151.0 1209.0 1151.0 small-vehicle 1
1543.0 1128.0 1555.0 1128.0 1555.0 1132.0 1543.0 1132.0 small-vehicle 1
1176.0 1269.0 1184.0 1269.0 1184.0 1279.0 1176.0 1279.0 small-vehicle 1
1116.0 1329.0 1126.0 1329.0 1126.0 1338.0 1116.0 1338.0 small-vehicle 1
1601.0 339.0 1606.0 339.0 1606.0 351.0 1601.0 351.0 small-vehicle 1
1587.0 341.0 1594.0 341.0 1594.0 352.0 1587.0 352.0 small-vehicle 1
1589.0 315.0 1596.0 315.0 1596.0 326.0 1589.0 326.0 small-vehicle 1
1596.0 313.0 1602.0 313.0 1602.0 327.0 1596.0 327.0 small-vehicle 1
1269.0 704.0 1279.0 704.0 1279.0 716.0 1269.0 716.0 small-vehicle 1
1247.0 703.0 1255.0 703.0 1255.0 710.0 1247.0 710.0 small-vehicle 1
1448.0 570.0 1457.0 570.0 1457.0 580.0 1448.0 580.0 small-vehicle 1
1322.0 669.0 1331.0 669.0 1331.0 678.0 1322.0 678.0 small-vehicle 1
1441.0 550.0 1451.0 550.0 1451.0 559.0 1441.0 559.0 small-vehicle 1
1446.0 546.0 1454.0 546.0 1454.0 556.0 1446.0 556.0 small-vehicle 1
1213.0 499.0 1220.0 499.0 1220.0 510.0 1213.0 510.0 small-vehicle 1
1196.0 520.0 1203.0 520.0 1203.0 531.0 1196.0 531.0 small-vehicle 1
1189.0 636.0 1201.0 636.0 1201.0 643.0 1189.0 643.0 small-vehicle 1
1330.0 625.0 1339.0 625.0 1339.0 634.0 1330.0 634.0 small-vehicle 1
1333.0 647.0 1342.0 647.0 1342.0 654.0 1333.0 654.0 small-vehicle 1
1335.0 653.0 1343.0 653.0 1343.0 657.0 1335.0 657.0 small-vehicle 1
1336.0 656.0 1346.0 656.0 1346.0 662.0 1336.0 662.0 small-vehicle 1
1320.0 671.0 1328.0 671.0 1328.0 681.0 1320.0 681.0 small-vehicle 1
1277.0 681.0 1284.0 681.0 1284.0 690.0 1277.0 690.0 small-vehicle 1
1315.0 673.0 1323.0 673.0 1323.0 682.0 1315.0 682.0 small-vehicle 1
1311.0 675.0 1320.0 675.0 1320.0 685.0 1311.0 685.0 small-vehicle 1
1307.0 677.0 1315.0 677.0 1315.0 688.0 1307.0 688.0 small-vehicle 1
1293.0 691.0 1301.0 691.0 1301.0 699.0 1293.0 699.0 small-vehicle 1
1316.0 681.0 1324.0 681.0 1324.0 689.0 1316.0 689.0 small-vehicle 1
1291.0 688.0 1298.0 688.0 1298.0 695.0 1291.0 695.0 small-vehicle 1
1286.0 680.0 1295.0 680.0 1295.0 687.0 1286.0 687.0 small-vehicle 1
1283.0 677.0 1291.0 677.0 1291.0 683.0 1283.0 683.0 small-vehicle 1
1283.0 672.0 1292.0 672.0 1292.0 680.0 1283.0 680.0 small-vehicle 1
1583.0 315.0 1589.0 315.0 1589.0 327.0 1583.0 327.0 small-vehicle 1
1420.0 344.0 1427.0 344.0 1427.0 358.0 1420.0 358.0 small-vehicle 1
7.0 1308.0 16.0 1308.0 16.0 1313.0 7.0 1313.0 small-vehicle 1
875.0 1173.0 884.0 1173.0 884.0 1179.0 875.0 1179.0 small-vehicle 1
961.0 1818.0 965.0 1818.0 965.0 1827.0 961.0 1827.0 small-vehicle 1
979.0 1419.0 985.0 1419.0 985.0 1428.0 979.0 1428.0 small-vehicle 1
988.0 1353.0 994.0 1353.0 994.0 1363.0 988.0 1363.0 small-vehicle 1
980.0 1332.0 988.0 1332.0 988.0 1341.0 980.0 1341.0 small-vehicle 1
1017.0 1307.0 1024.0 1307.0 1024.0 1317.0 1017.0 1317.0 small-vehicle 1
1041.0 1334.0 1050.0 1334.0 1050.0 1341.0 1041.0 1341.0 small-vehicle 1
1063.0 1340.0 1072.0 1340.0 1072.0 1345.0 1063.0 1345.0 small-vehicle 1
763.0 1198.0 773.0 1198.0 773.0 1206.0 763.0 1206.0 small-vehicle 1
859.0 1202.0 866.0 1202.0 866.0 1210.0 859.0 1210.0 small-vehicle 1
888.0 1173.0 898.0 1173.0 898.0 1179.0 888.0 1179.0 small-vehicle 1
88.0 1801.0 96.0 1801.0 96.0 1812.0 88.0 1812.0 small-vehicle 1
846.0 1165.0 857.0 1165.0 857.0 1174.0 846.0 1174.0 small-vehicle 1
812.0 1158.0 821.0 1158.0 821.0 1168.0 812.0 1168.0 small-vehicle 1
852.0 1119.0 860.0 1119.0 860.0 1129.0 852.0 1129.0 small-vehicle 1
1018.0 1205.0 1025.0 1205.0 1025.0 1216.0 1018.0 1216.0 small-vehicle 1
1010.0 1230.0 1017.0 1230.0 1017.0 1240.0 1010.0 1240.0 small-vehicle 1
1038.0 1146.0 1046.0 1146.0 1046.0 1159.0 1038.0 1159.0 small-vehicle 1
1054.0 1103.0 1063.0 1103.0 1063.0 1116.0 1054.0 1116.0 small-vehicle 1
805.0 1169.0 861.0 1169.0 861.0 1224.0 805.0 1224.0 roundabout 0
910.0 1055.0 918.0 1055.0 918.0 1064.0 910.0 1064.0 small-vehicle 1
75.0 1968.0 89.0 1968.0 89.0 1973.0 75.0 1973.0 small-vehicle 1
49.0 1695.0 56.0 1695.0 56.0 1706.0 49.0 1706.0 small-vehicle 1
977.0 967.0 988.0 967.0 988.0 979.0 977.0 979.0 small-vehicle 1
85.0 1334.0 89.0 1334.0 89.0 1343.0 85.0 1343.0 small-vehicle 1
364.0 1215.0 375.0 1215.0 375.0 1221.0 364.0 1221.0 small-vehicle 1
360.0 1225.0 370.0 1225.0 370.0 1231.0 360.0 1231.0 small-vehicle 1
466.0 1223.0 477.0 1223.0 477.0 1229.0 466.0 1229.0 small-vehicle 1
540.0 1237.0 548.0 1237.0 548.0 1242.0 540.0 1242.0 small-vehicle 1
602.0 1213.0 612.0 1213.0 612.0 1219.0 602.0 1219.0 small-vehicle 1
611.0 1201.0 618.0 1201.0 618.0 1211.0 611.0 1211.0 small-vehicle 1
477.0 1235.0 485.0 1235.0 485.0 1253.0 477.0 1253.0 large-vehicle 0
478.0 1254.0 485.0 1254.0 485.0 1272.0 478.0 1272.0 large-vehicle 0
67.0 1357.0 81.0 1357.0 81.0 1366.0 67.0 1366.0 small-vehicle 1
85.0 1319.0 91.0 1319.0 91.0 1329.0 85.0 1329.0 small-vehicle 1
46.0 1642.0 52.0 1642.0 52.0 1650.0 46.0 1650.0 small-vehicle 1
211.0 1431.0 218.0 1431.0 218.0 1442.0 211.0 1442.0 small-vehicle 1
122.0 1476.0 130.0 1476.0 130.0 1486.0 122.0 1486.0 small-vehicle 1
152.0 1460.0 160.0 1460.0 160.0 1471.0 152.0 1471.0 small-vehicle 1
13.0 1560.0 21.0 1560.0 21.0 1570.0 13.0 1570.0 small-vehicle 1
20.0 1556.0 27.0 1556.0 27.0 1567.0 20.0 1567.0 small-vehicle 1
16.0 1545.0 22.0 1545.0 22.0 1555.0 16.0 1555.0 small-vehicle 1
25.0 1572.0 32.0 1572.0 32.0 1582.0 25.0 1582.0 small-vehicle 1
30.0 1584.0 37.0 1584.0 37.0 1595.0 30.0 1595.0 small-vehicle 1
43.0 1630.0 50.0 1630.0 50.0 1641.0 43.0 1641.0 small-vehicle 1
951.0 1008.0 960.0 1008.0 960.0 1018.0 951.0 1018.0 small-vehicle 1
897.0 8.0 934.0 8.0 934.0 47.0 897.0 47.0 storage-tank 0
1544.0 169.0 1562.0 169.0 1562.0 179.0 1544.0 179.0 ship 1
1482.0 190.0 1496.0 190.0 1496.0 200.0 1482.0 200.0 small-vehicle 1
1525.0 207.0 1537.0 207.0 1537.0 215.0 1525.0 215.0 small-vehicle 1
1519.0 219.0 1530.0 219.0 1530.0 224.0 1519.0 224.0 small-vehicle 1
1514.0 225.0 1526.0 225.0 1526.0 230.0 1514.0 230.0 small-vehicle 1
1507.0 232.0 1522.0 232.0 1522.0 237.0 1507.0 237.0 small-vehicle 1
1508.0 237.0 1520.0 237.0 1520.0 243.0 1508.0 243.0 small-vehicle 1
1505.0 156.0 1517.0 156.0 1517.0 164.0 1505.0 164.0 small-vehicle 1
1493.0 174.0 1505.0 174.0 1505.0 183.0 1493.0 183.0 small-vehicle 1
1490.0 181.0 1501.0 181.0 1501.0 189.0 1490.0 189.0 small-vehicle 1
1486.0 185.0 1498.0 185.0 1498.0 196.0 1486.0 196.0 small-vehicle 1
1475.0 201.0 1486.0 201.0 1486.0 210.0 1475.0 210.0 small-vehicle 1
1535.0 214.0 1547.0 214.0 1547.0 222.0 1535.0 222.0 small-vehicle 1
1545.0 175.0 1556.0 175.0 1556.0 184.0 1545.0 184.0 small-vehicle 1
1554.0 159.0 1568.0 159.0 1568.0 170.0 1554.0 170.0 small-vehicle 1
1562.0 149.0 1574.0 149.0 1574.0 160.0 1562.0 160.0 small-vehicle 1
1558.0 155.0 1569.0 155.0 1569.0 164.0 1558.0 164.0 small-vehicle 1
1565.0 114.0 1576.0 114.0 1576.0 127.0 1565.0 127.0 ship 1
1564.0 120.0 1573.0 120.0 1573.0 132.0 1564.0 132.0 ship 1
1558.0 119.0 1567.0 119.0 1567.0 130.0 1558.0 130.0 ship 1
1565.0 139.0 1582.0 139.0 1582.0 151.0 1565.0 151.0 ship 1
1569.0 137.0 1582.0 137.0 1582.0 144.0 1569.0 144.0 ship 1
1537.0 207.0 1549.0 207.0 1549.0 217.0 1537.0 217.0 small-vehicle 1
1532.0 220.0 1548.0 220.0 1548.0 228.0 1532.0 228.0 small-vehicle 1
1351.0 317.0 1357.0 317.0 1357.0 329.0 1351.0 329.0 small-vehicle 1
1521.0 164.0 1531.0 164.0 1531.0 172.0 1521.0 172.0 small-vehicle 1
1448.0 237.0 1465.0 237.0 1465.0 253.0 1448.0 253.0 small-vehicle 1
1573.0 106.0 1586.0 106.0 1586.0 124.0 1573.0 124.0 small-vehicle 1
1555.0 123.0 1562.0 123.0 1562.0 134.0 1555.0 134.0 small-vehicle 1
1549.0 124.0 1558.0 124.0 1558.0 138.0 1549.0 138.0 small-vehicle 1
1541.0 124.0 1551.0 124.0 1551.0 139.0 1541.0 139.0 small-vehicle 1
1534.0 127.0 1546.0 127.0 1546.0 144.0 1534.0 144.0 small-vehicle 1
1533.0 133.0 1540.0 133.0 1540.0 145.0 1533.0 145.0 small-vehicle 1
1526.0 150.0 1539.0 150.0 1539.0 161.0 1526.0 161.0 small-vehicle 1
1525.0 158.0 1535.0 158.0 1535.0 167.0 1525.0 167.0 small-vehicle 1
1512.0 166.0 1526.0 166.0 1526.0 176.0 1512.0 176.0 small-vehicle 1
1528.0 225.0 1544.0 225.0 1544.0 235.0 1528.0 235.0 small-vehicle 1
1513.0 173.0 1524.0 173.0 1524.0 181.0 1513.0 181.0 small-vehicle 1
1506.0 176.0 1519.0 176.0 1519.0 187.0 1506.0 187.0 small-vehicle 1
1505.0 184.0 1517.0 184.0 1517.0 193.0 1505.0 193.0 small-vehicle 1
1497.0 197.0 1508.0 197.0 1508.0 209.0 1497.0 209.0 small-vehicle 1
1484.0 213.0 1499.0 213.0 1499.0 225.0 1484.0 225.0 small-vehicle 1
1481.0 220.0 1494.0 220.0 1494.0 231.0 1481.0 231.0 small-vehicle 1
1506.0 243.0 1518.0 243.0 1518.0 249.0 1506.0 249.0 small-vehicle 1
1519.0 245.0 1530.0 245.0 1530.0 251.0 1519.0 251.0 small-vehicle 1
1523.0 232.0 1536.0 232.0 1536.0 239.0 1523.0 239.0 small-vehicle 1
248.0 1614.0 348.0 1614.0 348.0 1689.0 248.0 1689.0 basketball-court 0
