imagesource:GoogleEarth
gsd:0.99128706615
342.0 1308.0 368.0 1308.0 368.0 1333.0 342.0 1333.0 storage-tank 0
399.0 1274.0 417.0 1274.0 417.0 1289.0 399.0 1289.0 storage-tank 0
390.0 1272.0 399.0 1272.0 399.0 1282.0 390.0 1282.0 storage-tank 1
396.0 1262.0 407.0 1262.0 407.0 1273.0 396.0 1273.0 storage-tank 1
381.0 1254.0 395.0 1254.0 395.0 1268.0 381.0 1268.0 storage-tank 1
411.0 1258.0 426.0 1258.0 426.0 1273.0 411.0 1273.0 storage-tank 0
402.0 1252.0 411.0 1252.0 411.0 1260.0 402.0 1260.0 storage-tank 1
390.0 1244.0 401.0 1244.0 401.0 1255.0 390.0 1255.0 storage-tank 1
1047.0 14.0 1101.0 14.0 1101.0 66.0 1047.0 66.0 swimming-pool 0
967.0 933.0 1044.0 933.0 1044.0 976.0 967.0 976.0 bridge 0
