imagesource:GoogleEarth
gsd:0.483370624513
1298.0 1171.0 1312.0 1171.0 1312.0 1192.0 1298.0 1192.0 large-vehicle 0
859.0 1740.0 868.0 1740.0 868.0 1745.0 859.0 1745.0 small-vehicle 1
990.0 1677.0 999.0 1677.0 999.0 1684.0 990.0 1684.0 small-vehicle 1
979.0 1681.0 989.0 1681.0 989.0 1690.0 979.0 1690.0 small-vehicle 1
969.0 1688.0 978.0 1688.0 978.0 1695.0 969.0 1695.0 small-vehicle 1
952.0 1690.0 964.0 1690.0 964.0 1700.0 952.0 1700.0 small-vehicle 1
941.0 1698.0 951.0 1698.0 951.0 1705.0 941.0 1705.0 small-vehicle 1
900.0 1730.0 905.0 1730.0 905.0 1737.0 900.0 1737.0 small-vehicle 1
872.0 1731.0 882.0 1731.0 882.0 1736.0 872.0 1736.0 small-vehicle 1
874.0 1737.0 884.0 1737.0 884.0 1743.0 874.0 1743.0 small-vehicle 1
816.0 1738.0 826.0 1738.0 826.0 1744.0 816.0 1744.0 small-vehicle 1
936.0 1676.0 946.0 1676.0 946.0 1683.0 936.0 1683.0 small-vehicle 1
719.0 1714.0 729.0 1714.0 729.0 1721.0 719.0 1721.0 small-vehicle 1
901.0 1756.0 906.0 1756.0 906.0 1766.0 901.0 1766.0 small-vehicle 1
909.0 1766.0 914.0 1766.0 914.0 1776.0 909.0 1776.0 small-vehicle 1
910.0 1780.0 915.0 1780.0 915.0 1790.0 910.0 1790.0 small-vehicle 1
906.0 1825.0 912.0 1825.0 912.0 1837.0 906.0 1837.0 small-vehicle 1
920.0 1842.0 925.0 1842.0 925.0 1851.0 920.0 1851.0 small-vehicle 1
908.0 1863.0 913.0 1863.0 913.0 1872.0 908.0 1872.0 small-vehicle 1
909.0 1882.0 913.0 1882.0 913.0 1891.0 909.0 1891.0 small-vehicle 1
948.0 1680.0 957.0 1680.0 957.0 1685.0 948.0 1685.0 small-vehicle 1
913.0 1686.0 917.0 1686.0 917.0 1695.0 913.0 1695.0 small-vehicle 1
1285.0 1204.0 1299.0 1204.0 1299.0 1223.0 1285.0 1223.0 large-vehicle 0
685.0 1355.0 690.0 1355.0 690.0 1368.0 685.0 1368.0 small-vehicle 1
882.0 1355.0 887.0 1355.0 887.0 1365.0 882.0 1365.0 small-vehicle 1
882.0 1367.0 888.0 1367.0 888.0 1378.0 882.0 1378.0 small-vehicle 1
884.0 1382.0 889.0 1382.0 889.0 1392.0 884.0 1392.0 small-vehicle 1
885.0 1406.0 890.0 1406.0 890.0 1419.0 885.0 1419.0 small-vehicle 1
899.0 1414.0 904.0 1414.0 904.0 1423.0 899.0 1423.0 small-vehicle 1
885.0 1441.0 891.0 1441.0 891.0 1449.0 885.0 1449.0 small-vehicle 1
887.0 1458.0 891.0 1458.0 891.0 1467.0 887.0 1467.0 small-vehicle 1
917.0 1483.0 926.0 1483.0 926.0 1489.0 917.0 1489.0 small-vehicle 1
1001.0 1501.0 1012.0 1501.0 1012.0 1508.0 1001.0 1508.0 small-vehicle 1
907.0 1683.0 911.0 1683.0 911.0 1692.0 907.0 1692.0 small-vehicle 1
845.0 1529.0 857.0 1529.0 857.0 1535.0 845.0 1535.0 small-vehicle 1
853.0 1534.0 865.0 1534.0 865.0 1540.0 853.0 1540.0 small-vehicle 1
893.0 1545.0 899.0 1545.0 899.0 1557.0 893.0 1557.0 small-vehicle 1
893.0 1582.0 900.0 1582.0 900.0 1594.0 893.0 1594.0 small-vehicle 1
680.0 1574.0 694.0 1574.0 694.0 1582.0 680.0 1582.0 small-vehicle 1
896.0 1607.0 900.0 1607.0 900.0 1618.0 896.0 1618.0 small-vehicle 1
893.0 1638.0 897.0 1638.0 897.0 1645.0 893.0 1645.0 small-vehicle 1
905.0 1664.0 910.0 1664.0 910.0 1676.0 905.0 1676.0 small-vehicle 1
911.0 1941.0 918.0 1941.0 918.0 1953.0 911.0 1953.0 small-vehicle 1
924.0 2066.0 931.0 2066.0 931.0 2076.0 924.0 2076.0 small-vehicle 1
938.0 2144.0 947.0 2144.0 947.0 2157.0 938.0 2157.0 small-vehicle 1
117.0 1865.0 126.0 1865.0 126.0 1882.0 117.0 1882.0 small-vehicle 1
432.0 1822.0 443.0 1822.0 443.0 1830.0 432.0 1830.0 small-vehicle 1
430.0 1804.0 440.0 1804.0 440.0 1810.0 430.0 1810.0 small-vehicle 1
387.0 1809.0 399.0 1809.0 399.0 1815.0 387.0 1815.0 small-vehicle 1
386.0 1804.0 398.0 1804.0 398.0 1810.0 386.0 1810.0 small-vehicle 1
387.0 1794.0 398.0 1794.0 398.0 1801.0 387.0 1801.0 small-vehicle 1
16.0 1828.0 28.0 1828.0 28.0 1838.0 16.0 1838.0 small-vehicle 1
68.0 1802.0 79.0 1802.0 79.0 1812.0 68.0 1812.0 small-vehicle 1
159.0 1803.0 169.0 1803.0 169.0 1811.0 159.0 1811.0 small-vehicle 1
277.0 1792.0 283.0 1792.0 283.0 1802.0 277.0 1802.0 small-vehicle 1
499.0 2179.0 506.0 2179.0 506.0 2189.0 499.0 2189.0 small-vehicle 1
608.0 1529.0 617.0 1529.0 617.0 1537.0 608.0 1537.0 small-vehicle 1
599.0 1590.0 609.0 1590.0 609.0 1596.0 599.0 1596.0 small-vehicle 1
514.0 1576.0 524.0 1576.0 524.0 1584.0 514.0 1584.0 small-vehicle 1
332.0 1681.0 343.0 1681.0 343.0 1690.0 332.0 1690.0 small-vehicle 1
336.0 1647.0 346.0 1647.0 346.0 1655.0 336.0 1655.0 small-vehicle 1
228.0 1691.0 239.0 1691.0 239.0 1699.0 228.0 1699.0 small-vehicle 1
116.0 1752.0 125.0 1752.0 125.0 1760.0 116.0 1760.0 small-vehicle 1
105.0 1749.0 114.0 1749.0 114.0 1756.0 105.0 1756.0 small-vehicle 1
483.0 1830.0 492.0 1830.0 492.0 1838.0 483.0 1838.0 swimming-pool 1
148.0 1982.0 155.0 1982.0 155.0 1994.0 148.0 1994.0 small-vehicle 1
106.0 2035.0 115.0 2035.0 115.0 2045.0 106.0 2045.0 small-vehicle 1
33.0 2073.0 43.0 2073.0 43.0 2080.0 33.0 2080.0 small-vehicle 1
442.0 2051.0 447.0 2051.0 447.0 2062.0 442.0 2062.0 small-vehicle 1
438.0 2068.0 447.0 2068.0 447.0 2077.0 438.0 2077.0 small-vehicle 1
422.0 2057.0 443.0 2057.0 443.0 2068.0 422.0 2068.0 large-vehicle 0
115.0 2076.0 136.0 2076.0 136.0 2111.0 115.0 2111.0 large-vehicle 0
139.0 2009.0 158.0 2009.0 158.0 2024.0 139.0 2024.0 large-vehicle 0
148.0 2143.0 163.0 2143.0 163.0 2164.0 148.0 2164.0 large-vehicle 0
234.0 2083.0 243.0 2083.0 243.0 2088.0 234.0 2088.0 small-vehicle 1
233.0 2078.0 242.0 2078.0 242.0 2083.0 233.0 2083.0 small-vehicle 1
233.0 2072.0 242.0 2072.0 242.0 2078.0 233.0 2078.0 small-vehicle 1
163.0 2141.0 170.0 2141.0 170.0 2148.0 163.0 2148.0 small-vehicle 1
225.0 2045.0 235.0 2045.0 235.0 2053.0 225.0 2053.0 small-vehicle 1
223.0 2038.0 234.0 2038.0 234.0 2046.0 223.0 2046.0 small-vehicle 1
217.0 2025.0 230.0 2025.0 230.0 2033.0 217.0 2033.0 small-vehicle 1
215.0 2019.0 227.0 2019.0 227.0 2027.0 215.0 2027.0 small-vehicle 1
214.0 2011.0 226.0 2011.0 226.0 2020.0 214.0 2020.0 small-vehicle 1
212.0 2005.0 222.0 2005.0 222.0 2013.0 212.0 2013.0 small-vehicle 1
210.0 1999.0 221.0 1999.0 221.0 2008.0 210.0 2008.0 small-vehicle 1
896.0 1366.0 901.0 1366.0 901.0 1373.0 896.0 1373.0 small-vehicle 1
905.0 1366.0 913.0 1366.0 913.0 1372.0 905.0 1372.0 small-vehicle 1
881.0 1339.0 886.0 1339.0 886.0 1349.0 881.0 1349.0 small-vehicle 1
1147.0 302.0 1152.0 302.0 1152.0 313.0 1147.0 313.0 small-vehicle 1
1142.0 408.0 1160.0 408.0 1160.0 415.0 1142.0 415.0 large-vehicle 0
1183.0 345.0 1187.0 345.0 1187.0 352.0 1183.0 352.0 small-vehicle 1
1182.0 330.0 1187.0 330.0 1187.0 341.0 1182.0 341.0 small-vehicle 1
1182.0 319.0 1188.0 319.0 1188.0 328.0 1182.0 328.0 small-vehicle 1
1182.0 306.0 1187.0 306.0 1187.0 316.0 1182.0 316.0 small-vehicle 1
1148.0 331.0 1153.0 331.0 1153.0 340.0 1148.0 340.0 small-vehicle 1
1136.0 329.0 1141.0 329.0 1141.0 341.0 1136.0 341.0 small-vehicle 1
1153.0 303.0 1158.0 303.0 1158.0 312.0 1153.0 312.0 small-vehicle 1
1139.0 241.0 1144.0 241.0 1144.0 250.0 1139.0 250.0 small-vehicle 1
882.0 158.0 892.0 158.0 892.0 162.0 882.0 162.0 small-vehicle 1
1139.0 228.0 1144.0 228.0 1144.0 238.0 1139.0 238.0 small-vehicle 1
1138.0 213.0 1143.0 213.0 1143.0 223.0 1138.0 223.0 small-vehicle 1
1086.0 127.0 1091.0 127.0 1091.0 140.0 1086.0 140.0 small-vehicle 1
1163.0 120.0 1175.0 120.0 1175.0 126.0 1163.0 126.0 small-vehicle 1
745.0 260.0 801.0 260.0 801.0 314.0 745.0 314.0 roundabout 0
881.0 124.0 891.0 124.0 891.0 130.0 881.0 130.0 small-vehicle 1
883.0 141.0 892.0 141.0 892.0 146.0 883.0 146.0 small-vehicle 1
883.0 147.0 893.0 147.0 893.0 151.0 883.0 151.0 small-vehicle 1
1181.0 457.0 1186.0 457.0 1186.0 467.0 1181.0 467.0 small-vehicle 1
1291.0 481.0 1297.0 481.0 1297.0 490.0 1291.0 490.0 small-vehicle 1
1291.0 492.0 1297.0 492.0 1297.0 501.0 1291.0 501.0 small-vehicle 1
1053.0 542.0 1063.0 542.0 1063.0 547.0 1053.0 547.0 small-vehicle 1
1568.0 1352.0 1581.0 1352.0 1581.0 1361.0 1568.0 1361.0 small-vehicle 1
1803.0 1509.0 1815.0 1509.0 1815.0 1516.0 1803.0 1516.0 small-vehicle 1
1754.0 1501.0 1764.0 1501.0 1764.0 1508.0 1754.0 1508.0 small-vehicle 1
1685.0 1482.0 1697.0 1482.0 1697.0 1489.0 1685.0 1489.0 small-vehicle 1
1651.0 1485.0 1661.0 1485.0 1661.0 1490.0 1651.0 1490.0 small-vehicle 1
1552.0 1468.0 1565.0 1468.0 1565.0 1474.0 1552.0 1474.0 small-vehicle 1
1544.0 1480.0 1555.0 1480.0 1555.0 1486.0 1544.0 1486.0 small-vehicle 1
1388.0 1477.0 1400.0 1477.0 1400.0 1481.0 1388.0 1481.0 small-vehicle 1
1423.0 1438.0 1433.0 1438.0 1433.0 1444.0 1423.0 1444.0 small-vehicle 1
1352.0 1463.0 1363.0 1463.0 1363.0 1469.0 1352.0 1469.0 small-vehicle 1
1255.0 1443.0 1265.0 1443.0 1265.0 1450.0 1255.0 1450.0 small-vehicle 1
1222.0 1454.0 1230.0 1454.0 1230.0 1458.0 1222.0 1458.0 small-vehicle 1
1216.0 1474.0 1229.0 1474.0 1229.0 1482.0 1216.0 1482.0 small-vehicle 1
1111.0 1487.0 1123.0 1487.0 1123.0 1494.0 1111.0 1494.0 small-vehicle 1
1098.0 1452.0 1107.0 1452.0 1107.0 1457.0 1098.0 1457.0 small-vehicle 1
1150.0 1141.0 1211.0 1141.0 1211.0 1202.0 1150.0 1202.0 roundabout 0
1060.0 558.0 1071.0 558.0 1071.0 565.0 1060.0 565.0 small-vehicle 1
882.0 153.0 892.0 153.0 892.0 157.0 882.0 157.0 small-vehicle 1
883.0 165.0 892.0 165.0 892.0 169.0 883.0 169.0 small-vehicle 1
882.0 1325.0 887.0 1325.0 887.0 1334.0 882.0 1334.0 small-vehicle 1
867.0 1168.0 874.0 1168.0 874.0 1178.0 867.0 1178.0 small-vehicle 1
843.0 913.0 849.0 913.0 849.0 923.0 843.0 923.0 small-vehicle 1
839.0 974.0 846.0 974.0 846.0 985.0 839.0 985.0 small-vehicle 1
854.0 1067.0 861.0 1067.0 861.0 1079.0 854.0 1079.0 small-vehicle 1
863.0 1137.0 869.0 1137.0 869.0 1147.0 863.0 1147.0 small-vehicle 1
755.0 1191.0 765.0 1191.0 765.0 1201.0 755.0 1201.0 small-vehicle 1
820.0 1160.0 831.0 1160.0 831.0 1166.0 820.0 1166.0 small-vehicle 1
838.0 1160.0 848.0 1160.0 848.0 1165.0 838.0 1165.0 small-vehicle 1
852.0 1161.0 865.0 1161.0 865.0 1169.0 852.0 1169.0 small-vehicle 1
868.0 1189.0 875.0 1189.0 875.0 1199.0 868.0 1199.0 small-vehicle 1
882.0 169.0 892.0 169.0 892.0 175.0 882.0 175.0 small-vehicle 1
869.0 1202.0 875.0 1202.0 875.0 1213.0 869.0 1213.0 small-vehicle 1
870.0 1219.0 877.0 1219.0 877.0 1230.0 870.0 1230.0 small-vehicle 1
872.0 1235.0 879.0 1235.0 879.0 1247.0 872.0 1247.0 small-vehicle 1
882.0 1241.0 887.0 1241.0 887.0 1252.0 882.0 1252.0 small-vehicle 1
874.0 1254.0 881.0 1254.0 881.0 1266.0 874.0 1266.0 small-vehicle 1
878.0 1299.0 882.0 1299.0 882.0 1310.0 878.0 1310.0 small-vehicle 1
879.0 1309.0 884.0 1309.0 884.0 1319.0 879.0 1319.0 small-vehicle 1
892.0 1305.0 897.0 1305.0 897.0 1315.0 892.0 1315.0 small-vehicle 1
839.0 888.0 844.0 888.0 844.0 899.0 839.0 899.0 small-vehicle 1
829.0 851.0 836.0 851.0 836.0 864.0 829.0 864.0 small-vehicle 1
814.0 839.0 820.0 839.0 820.0 849.0 814.0 849.0 small-vehicle 1
822.0 812.0 829.0 812.0 829.0 822.0 822.0 822.0 small-vehicle 1
883.0 175.0 893.0 175.0 893.0 179.0 883.0 179.0 small-vehicle 1
881.0 203.0 891.0 203.0 891.0 207.0 881.0 207.0 small-vehicle 1
881.0 212.0 891.0 212.0 891.0 220.0 881.0 220.0 small-vehicle 1
789.0 319.0 795.0 319.0 795.0 327.0 789.0 327.0 small-vehicle 1
771.0 415.0 777.0 415.0 777.0 425.0 771.0 425.0 small-vehicle 1
891.0 462.0 895.0 462.0 895.0 471.0 891.0 471.0 small-vehicle 1
886.0 462.0 890.0 462.0 890.0 471.0 886.0 471.0 small-vehicle 1
774.0 471.0 780.0 471.0 780.0 482.0 774.0 482.0 small-vehicle 1
777.0 561.0 782.0 561.0 782.0 569.0 777.0 569.0 small-vehicle 1
771.0 590.0 778.0 590.0 778.0 602.0 771.0 602.0 small-vehicle 1
781.0 602.0 787.0 602.0 787.0 612.0 781.0 612.0 small-vehicle 1
969.0 550.0 980.0 550.0 980.0 559.0 969.0 559.0 small-vehicle 1
869.0 560.0 878.0 560.0 878.0 570.0 869.0 570.0 small-vehicle 1
877.0 548.0 887.0 548.0 887.0 558.0 877.0 558.0 small-vehicle 1
810.0 640.0 816.0 640.0 816.0 649.0 810.0 649.0 small-vehicle 1
785.0 656.0 791.0 656.0 791.0 667.0 785.0 667.0 small-vehicle 1
793.0 725.0 801.0 725.0 801.0 737.0 793.0 737.0 small-vehicle 1
442.0 1590.0 476.0 1590.0 476.0 1611.0 442.0 1611.0 large-vehicle 0
