imagesource:GoogleEarth
gsd:0.469208191975
2552.0 1359.0 2558.0 1359.0 2558.0 1369.0 2552.0 1369.0 small-vehicle 1
106.0 769.0 112.0 769.0 112.0 780.0 106.0 780.0 small-vehicle 1
171.0 773.0 175.0 773.0 175.0 782.0 171.0 782.0 small-vehicle 1
158.0 776.0 163.0 776.0 163.0 786.0 158.0 786.0 small-vehicle 1
153.0 765.0 158.0 765.0 158.0 774.0 153.0 774.0 small-vehicle 1
159.0 762.0 165.0 762.0 165.0 773.0 159.0 773.0 small-vehicle 1
165.0 761.0 170.0 761.0 170.0 772.0 165.0 772.0 small-vehicle 1
181.0 743.0 189.0 743.0 189.0 748.0 181.0 748.0 small-vehicle 1
179.0 753.0 190.0 753.0 190.0 758.0 179.0 758.0 small-vehicle 1
96.0 782.0 102.0 782.0 102.0 795.0 96.0 795.0 small-vehicle 1
13.0 820.0 19.0 820.0 19.0 832.0 13.0 832.0 small-vehicle 1
90.0 783.0 96.0 783.0 96.0 797.0 90.0 797.0 small-vehicle 1
51.0 815.0 57.0 815.0 57.0 826.0 51.0 826.0 small-vehicle 1
45.0 816.0 52.0 816.0 52.0 827.0 45.0 827.0 small-vehicle 1
41.0 817.0 47.0 817.0 47.0 827.0 41.0 827.0 small-vehicle 1
35.0 817.0 41.0 817.0 41.0 829.0 35.0 829.0 small-vehicle 1
30.0 820.0 35.0 820.0 35.0 831.0 30.0 831.0 small-vehicle 1
25.0 820.0 30.0 820.0 30.0 831.0 25.0 831.0 small-vehicle 1
171.0 762.0 176.0 762.0 176.0 773.0 171.0 773.0 small-vehicle 1
462.0 729.0 469.0 729.0 469.0 741.0 462.0 741.0 small-vehicle 1
459.0 705.0 465.0 705.0 465.0 716.0 459.0 716.0 small-vehicle 1
258.0 697.0 268.0 697.0 268.0 703.0 258.0 703.0 small-vehicle 1
1008.0 1208.0 1018.0 1208.0 1018.0 1231.0 1008.0 1231.0 large-vehicle 0
423.0 1149.0 453.0 1149.0 453.0 1203.0 423.0 1203.0 tennis-court 1
385.0 1153.0 415.0 1153.0 415.0 1209.0 385.0 1209.0 tennis-court 1
407.0 1044.0 438.0 1044.0 438.0 1099.0 407.0 1099.0 tennis-court 1
368.0 1050.0 401.0 1050.0 401.0 1104.0 368.0 1104.0 tennis-court 1
187.0 1158.0 199.0 1158.0 199.0 1169.0 187.0 1169.0 small-vehicle 1
482.0 1106.0 493.0 1106.0 493.0 1112.0 482.0 1112.0 small-vehicle 1
478.0 1069.0 490.0 1069.0 490.0 1076.0 478.0 1076.0 small-vehicle 1
476.0 1066.0 488.0 1066.0 488.0 1070.0 476.0 1070.0 small-vehicle 1
476.0 1058.0 489.0 1058.0 489.0 1065.0 476.0 1065.0 small-vehicle 1
475.0 1051.0 487.0 1051.0 487.0 1057.0 475.0 1057.0 small-vehicle 1
469.0 1021.0 482.0 1021.0 482.0 1028.0 469.0 1028.0 small-vehicle 1
269.0 816.0 288.0 816.0 288.0 836.0 269.0 836.0 swimming-pool 0
350.0 753.0 378.0 753.0 378.0 784.0 350.0 784.0 swimming-pool 0
293.0 772.0 418.0 772.0 418.0 882.0 293.0 882.0 swimming-pool 0
19.0 820.0 25.0 820.0 25.0 831.0 19.0 831.0 small-vehicle 1
8.0 822.0 12.0 822.0 12.0 832.0 8.0 832.0 small-vehicle 1
948.0 1219.0 972.0 1219.0 972.0 1228.0 948.0 1228.0 large-vehicle 0
49.0 14.0 61.0 14.0 61.0 21.0 49.0 21.0 small-vehicle 1
12.0 66.0 24.0 66.0 24.0 73.0 12.0 73.0 small-vehicle 1
33.0 33.0 42.0 33.0 42.0 43.0 33.0 43.0 small-vehicle 1
30.0 24.0 41.0 24.0 41.0 35.0 30.0 35.0 small-vehicle 1
28.0 17.0 41.0 17.0 41.0 29.0 28.0 29.0 small-vehicle 1
28.0 13.0 38.0 13.0 38.0 23.0 28.0 23.0 small-vehicle 1
26.0 6.0 36.0 6.0 36.0 17.0 26.0 17.0 small-vehicle 1
48.0 8.0 60.0 8.0 60.0 15.0 48.0 15.0 small-vehicle 1
51.0 20.0 62.0 20.0 62.0 25.0 51.0 25.0 small-vehicle 1
53.0 789.0 58.0 789.0 58.0 799.0 53.0 799.0 small-vehicle 1
51.0 25.0 62.0 25.0 62.0 32.0 51.0 32.0 small-vehicle 1
52.0 32.0 64.0 32.0 64.0 36.0 52.0 36.0 small-vehicle 1
47.0 2.0 59.0 2.0 59.0 9.0 47.0 9.0 small-vehicle 1
527.0 2351.0 568.0 2351.0 568.0 2385.0 527.0 2385.0 bridge 0
510.0 829.0 690.0 829.0 690.0 1073.0 510.0 1073.0 soccer-ball-field 1
479.0 764.0 731.0 764.0 731.0 1146.0 479.0 1146.0 ground-track-field 0
1443.0 1042.0 1525.0 1042.0 1525.0 1222.0 1443.0 1222.0 bridge 0
10.0 55.0 23.0 55.0 23.0 62.0 10.0 62.0 small-vehicle 1
8.0 49.0 20.0 49.0 20.0 55.0 8.0 55.0 small-vehicle 1
6.0 42.0 19.0 42.0 19.0 49.0 6.0 49.0 small-vehicle 1
4.0 33.0 18.0 33.0 18.0 39.0 4.0 39.0 small-vehicle 1
46.0 790.0 52.0 790.0 52.0 801.0 46.0 801.0 small-vehicle 1
90.0 745.0 94.0 745.0 94.0 755.0 90.0 755.0 small-vehicle 1
95.0 744.0 100.0 744.0 100.0 755.0 95.0 755.0 small-vehicle 1
100.0 744.0 105.0 744.0 105.0 754.0 100.0 754.0 small-vehicle 1
116.0 741.0 121.0 741.0 121.0 751.0 116.0 751.0 small-vehicle 1
123.0 740.0 127.0 740.0 127.0 750.0 123.0 750.0 small-vehicle 1
135.0 738.0 140.0 738.0 140.0 747.0 135.0 747.0 small-vehicle 1
140.0 737.0 145.0 737.0 145.0 747.0 140.0 747.0 small-vehicle 1
146.0 736.0 151.0 736.0 151.0 748.0 146.0 748.0 small-vehicle 1
160.0 736.0 165.0 736.0 165.0 746.0 160.0 746.0 small-vehicle 1
165.0 734.0 171.0 734.0 171.0 746.0 165.0 746.0 small-vehicle 1
67.0 294.0 76.0 294.0 76.0 305.0 67.0 305.0 small-vehicle 1
11.0 271.0 16.0 271.0 16.0 279.0 11.0 279.0 small-vehicle 1
1.0 144.0 11.0 144.0 11.0 154.0 1.0 154.0 small-vehicle 1
14.0 91.0 30.0 91.0 30.0 98.0 14.0 98.0 small-vehicle 1
999.0 1208.0 1009.0 1208.0 1009.0 1231.0 999.0 1231.0 large-vehicle 0
940.0 1230.0 965.0 1230.0 965.0 1238.0 940.0 1238.0 large-vehicle 0
2387.0 1014.0 2397.0 1014.0 2397.0 1030.0 2387.0 1030.0 small-vehicle 1
1516.0 1335.0 1521.0 1335.0 1521.0 1344.0 1516.0 1344.0 small-vehicle 1
1499.0 1611.0 1505.0 1611.0 1505.0 1622.0 1499.0 1622.0 small-vehicle 1
1532.0 1586.0 1538.0 1586.0 1538.0 1597.0 1532.0 1597.0 small-vehicle 1
1518.0 1485.0 1525.0 1485.0 1525.0 1497.0 1518.0 1497.0 small-vehicle 1
1524.0 1440.0 1530.0 1440.0 1530.0 1452.0 1524.0 1452.0 small-vehicle 1
1485.0 1419.0 1491.0 1419.0 1491.0 1433.0 1485.0 1433.0 small-vehicle 1
1484.0 1405.0 1491.0 1405.0 1491.0 1418.0 1484.0 1418.0 small-vehicle 1
1512.0 1407.0 1518.0 1407.0 1518.0 1418.0 1512.0 1418.0 small-vehicle 1
1506.0 1326.0 1512.0 1326.0 1512.0 1336.0 1506.0 1336.0 small-vehicle 1
1224.0 1147.0 1234.0 1147.0 1234.0 1152.0 1224.0 1152.0 small-vehicle 1
1521.0 1229.0 1526.0 1229.0 1526.0 1239.0 1521.0 1239.0 small-vehicle 1
1473.0 1247.0 1483.0 1247.0 1483.0 1278.0 1473.0 1278.0 large-vehicle 0
1500.0 1230.0 1505.0 1230.0 1505.0 1240.0 1500.0 1240.0 small-vehicle 1
1482.0 1237.0 1487.0 1237.0 1487.0 1250.0 1482.0 1250.0 small-vehicle 1
1477.0 1190.0 1483.0 1190.0 1483.0 1202.0 1477.0 1202.0 small-vehicle 1
1501.0 1173.0 1507.0 1173.0 1507.0 1184.0 1501.0 1184.0 small-vehicle 1
1499.0 1134.0 1506.0 1134.0 1506.0 1144.0 1499.0 1144.0 small-vehicle 1
1525.0 1618.0 1533.0 1618.0 1533.0 1628.0 1525.0 1628.0 small-vehicle 1
1506.0 1702.0 1512.0 1702.0 1512.0 1715.0 1506.0 1715.0 small-vehicle 1
1535.0 1721.0 1541.0 1721.0 1541.0 1731.0 1535.0 1731.0 small-vehicle 1
1524.0 1825.0 1530.0 1825.0 1530.0 1837.0 1524.0 1837.0 small-vehicle 1
2555.0 1020.0 2563.0 1020.0 2563.0 1031.0 2555.0 1031.0 small-vehicle 1
2539.0 1002.0 2547.0 1002.0 2547.0 1011.0 2539.0 1011.0 small-vehicle 1
2490.0 1025.0 2500.0 1025.0 2500.0 1039.0 2490.0 1039.0 small-vehicle 1
2485.0 1019.0 2497.0 1019.0 2497.0 1035.0 2485.0 1035.0 small-vehicle 1
2445.0 907.0 2469.0 907.0 2469.0 922.0 2445.0 922.0 small-vehicle 1
2380.0 1011.0 2391.0 1011.0 2391.0 1026.0 2380.0 1026.0 small-vehicle 1
1858.0 957.0 1882.0 957.0 1882.0 985.0 1858.0 985.0 bridge 0
1906.0 940.0 2054.0 940.0 2054.0 958.0 1906.0 958.0 bridge 0
1903.0 1049.0 2064.0 1049.0 2064.0 1089.0 1903.0 1089.0 bridge 0
1555.0 2552.0 1561.0 2552.0 1561.0 2563.0 1555.0 2563.0 small-vehicle 1
1551.0 2474.0 1556.0 2474.0 1556.0 2485.0 1551.0 2485.0 small-vehicle 1
1560.0 2476.0 1566.0 2476.0 1566.0 2489.0 1560.0 2489.0 small-vehicle 1
1579.0 2455.0 1585.0 2455.0 1585.0 2467.0 1579.0 2467.0 small-vehicle 1
1564.0 2141.0 1572.0 2141.0 1572.0 2155.0 1564.0 2155.0 small-vehicle 1
1525.0 1956.0 1532.0 1956.0 1532.0 1970.0 1525.0 1970.0 small-vehicle 1
1030.0 1151.0 1041.0 1151.0 1041.0 1156.0 1030.0 1156.0 small-vehicle 1
1190.0 1134.0 1200.0 1134.0 1200.0 1139.0 1190.0 1139.0 small-vehicle 1
932.0 1250.0 955.0 1250.0 955.0 1258.0 932.0 1258.0 large-vehicle 0
1373.0 153.0 1379.0 153.0 1379.0 163.0 1373.0 163.0 small-vehicle 1
1420.0 412.0 1427.0 412.0 1427.0 422.0 1420.0 422.0 small-vehicle 1
1415.0 370.0 1420.0 370.0 1420.0 380.0 1415.0 380.0 small-vehicle 1
1390.0 332.0 1397.0 332.0 1397.0 344.0 1390.0 344.0 small-vehicle 1
1407.0 286.0 1413.0 286.0 1413.0 296.0 1407.0 296.0 small-vehicle 1
1385.0 276.0 1392.0 276.0 1392.0 287.0 1385.0 287.0 small-vehicle 1
1408.0 223.0 1414.0 223.0 1414.0 234.0 1408.0 234.0 small-vehicle 1
1398.0 196.0 1404.0 196.0 1404.0 207.0 1398.0 207.0 small-vehicle 1
1357.0 4.0 1364.0 4.0 1364.0 14.0 1357.0 14.0 small-vehicle 1
1250.0 1129.0 1260.0 1129.0 1260.0 1134.0 1250.0 1134.0 small-vehicle 1
1355.0 74.0 1365.0 74.0 1365.0 92.0 1355.0 92.0 small-vehicle 1
599.0 46.0 613.0 46.0 613.0 70.0 599.0 70.0 large-vehicle 0
667.0 275.0 683.0 275.0 683.0 284.0 667.0 284.0 large-vehicle 0
936.0 1281.0 958.0 1281.0 958.0 1290.0 936.0 1290.0 large-vehicle 0
934.0 1274.0 956.0 1274.0 956.0 1282.0 934.0 1282.0 large-vehicle 0
934.0 1266.0 956.0 1266.0 956.0 1275.0 934.0 1275.0 large-vehicle 0
933.0 1258.0 956.0 1258.0 956.0 1267.0 933.0 1267.0 large-vehicle 0
1433.0 450.0 1438.0 450.0 1438.0 459.0 1433.0 459.0 small-vehicle 1
1427.0 504.0 1434.0 504.0 1434.0 515.0 1427.0 515.0 small-vehicle 1
1410.0 514.0 1416.0 514.0 1416.0 526.0 1410.0 526.0 small-vehicle 1
1443.0 587.0 1451.0 587.0 1451.0 604.0 1443.0 604.0 small-vehicle 1
1462.0 1071.0 1467.0 1071.0 1467.0 1081.0 1462.0 1081.0 small-vehicle 1
1449.0 1078.0 1460.0 1078.0 1460.0 1095.0 1449.0 1095.0 small-vehicle 1
1475.0 1016.0 1482.0 1016.0 1482.0 1030.0 1475.0 1030.0 small-vehicle 1
1443.0 973.0 1450.0 973.0 1450.0 985.0 1443.0 985.0 small-vehicle 1
1469.0 966.0 1476.0 966.0 1476.0 979.0 1469.0 979.0 small-vehicle 1
1467.0 900.0 1474.0 900.0 1474.0 913.0 1467.0 913.0 small-vehicle 1
1459.0 838.0 1466.0 838.0 1466.0 850.0 1459.0 850.0 small-vehicle 1
1462.0 776.0 1467.0 776.0 1467.0 789.0 1462.0 789.0 small-vehicle 1
1425.0 780.0 1432.0 780.0 1432.0 793.0 1425.0 793.0 small-vehicle 1
1451.0 737.0 1457.0 737.0 1457.0 748.0 1451.0 748.0 small-vehicle 1
1450.0 680.0 1460.0 680.0 1460.0 698.0 1450.0 698.0 small-vehicle 1
1444.0 673.0 1449.0 673.0 1449.0 684.0 1444.0 684.0 small-vehicle 1
1722.0 552.0 1752.0 552.0 1752.0 611.0 1722.0 611.0 bridge 0
1636.0 491.0 1698.0 491.0 1698.0 513.0 1636.0 513.0 bridge 0
1438.0 604.0 1444.0 604.0 1444.0 614.0 1438.0 614.0 small-vehicle 1
1415.0 1091.0 1549.0 1091.0 1549.0 1140.0 1415.0 1140.0 bridge 0
