imagesource:GoogleEarth
gsd:0.93501448206
1645.0 1243.0 1652.0 1243.0 1652.0 1251.0 1645.0 1251.0 swimming-pool 1
1662.0 1335.0 1675.0 1335.0 1675.0 1347.0 1662.0 1347.0 swimming-pool 1
1088.0 417.0 1142.0 417.0 1142.0 488.0 1088.0 488.0 bridge 0
503.0 1366.0 532.0 1366.0 532.0 1395.0 503.0 1395.0 roundabout 0
1003.0 1843.0 1017.0 1843.0 1017.0 1861.0 1003.0 1861.0 large-vehicle 1
991.0 1823.0 1002.0 1823.0 1002.0 1837.0 991.0 1837.0 large-vehicle 1
948.0 1759.0 963.0 1759.0 963.0 1778.0 948.0 1778.0 large-vehicle 1
936.0 1739.0 947.0 1739.0 947.0 1753.0 936.0 1753.0 large-vehicle 1
702.0 1425.0 718.0 1425.0 718.0 1444.0 702.0 1444.0 large-vehicle 1
696.0 1192.0 725.0 1192.0 725.0 1222.0 696.0 1222.0 roundabout 0
701.0 1139.0 707.0 1139.0 707.0 1147.0 701.0 1147.0 swimming-pool 1
931.0 1035.0 952.0 1035.0 952.0 1056.0 931.0 1056.0 roundabout 0
761.0 317.0 772.0 317.0 772.0 326.0 761.0 326.0 swimming-pool 1
781.0 329.0 791.0 329.0 791.0 337.0 781.0 337.0 swimming-pool 1
1395.0 928.0 1406.0 928.0 1406.0 936.0 1395.0 936.0 swimming-pool 1
1155.0 1013.0 1163.0 1013.0 1163.0 1023.0 1155.0 1023.0 swimming-pool 1
1308.0 1102.0 1317.0 1102.0 1317.0 1115.0 1308.0 1115.0 swimming-pool 1
370.0 923.0 449.0 923.0 449.0 1011.0 370.0 1011.0 bridge 0
