imagesource:GoogleEarth
gsd:1.01181877398
1318.0 51.0 1331.0 51.0 1331.0 61.0 1318.0 61.0 large-vehicle 1
1052.0 193.0 1072.0 193.0 1072.0 205.0 1052.0 205.0 large-vehicle 1
677.0 1514.0 684.0 1514.0 684.0 1528.0 677.0 1528.0 large-vehicle 1
1161.0 2508.0 1177.0 2508.0 1177.0 2530.0 1161.0 2530.0 large-vehicle 1
1135.0 280.0 1147.0 280.0 1147.0 300.0 1135.0 300.0 large-vehicle 1
1154.0 301.0 1167.0 301.0 1167.0 321.0 1154.0 321.0 large-vehicle 1
1054.0 334.0 1067.0 334.0 1067.0 356.0 1054.0 356.0 large-vehicle 1
1121.0 211.0 1131.0 211.0 1131.0 232.0 1121.0 232.0 large-vehicle 1
1134.0 243.0 1147.0 243.0 1147.0 263.0 1134.0 263.0 large-vehicle 1
1106.0 218.0 1117.0 218.0 1117.0 238.0 1106.0 238.0 large-vehicle 1
1122.0 274.0 1137.0 274.0 1137.0 284.0 1122.0 284.0 large-vehicle 1
1112.0 174.0 1131.0 174.0 1131.0 186.0 1112.0 186.0 large-vehicle 1
1132.0 163.0 1146.0 163.0 1146.0 173.0 1132.0 173.0 large-vehicle 1
1030.0 192.0 1049.0 192.0 1049.0 204.0 1030.0 204.0 large-vehicle 1
800.0 451.0 808.0 451.0 808.0 468.0 800.0 468.0 large-vehicle 1
1077.0 87.0 1095.0 87.0 1095.0 98.0 1077.0 98.0 large-vehicle 1
1088.0 78.0 1101.0 78.0 1101.0 88.0 1088.0 88.0 large-vehicle 1
1128.0 65.0 1146.0 65.0 1146.0 75.0 1128.0 75.0 large-vehicle 1
1136.0 84.0 1156.0 84.0 1156.0 96.0 1136.0 96.0 large-vehicle 1
985.0 25.0 995.0 25.0 995.0 45.0 985.0 45.0 large-vehicle 1
1012.0 13.0 1023.0 13.0 1023.0 32.0 1012.0 32.0 large-vehicle 1
1022.0 10.0 1031.0 10.0 1031.0 31.0 1022.0 31.0 large-vehicle 1
1035.0 5.0 1044.0 5.0 1044.0 23.0 1035.0 23.0 large-vehicle 1
1048.0 1.0 1059.0 1.0 1059.0 20.0 1048.0 20.0 large-vehicle 1
1103.0 5.0 1113.0 5.0 1113.0 21.0 1103.0 21.0 large-vehicle 1
1088.0 8.0 1098.0 8.0 1098.0 31.0 1088.0 31.0 large-vehicle 1
803.0 460.0 812.0 460.0 812.0 476.0 803.0 476.0 large-vehicle 1
796.0 445.0 805.0 445.0 805.0 463.0 796.0 463.0 large-vehicle 1
1415.0 189.0 1427.0 189.0 1427.0 200.0 1415.0 200.0 large-vehicle 1
789.0 355.0 801.0 355.0 801.0 375.0 789.0 375.0 large-vehicle 1
1609.0 1015.0 1653.0 1015.0 1653.0 1069.0 1609.0 1069.0 plane 0
1655.0 1003.0 1705.0 1003.0 1705.0 1055.0 1655.0 1055.0 plane 0
1747.0 976.0 1790.0 976.0 1790.0 1027.0 1747.0 1027.0 plane 0
227.0 589.0 246.0 589.0 246.0 607.0 227.0 607.0 roundabout 0
1692.0 328.0 1730.0 328.0 1730.0 368.0 1692.0 368.0 roundabout 0
1439.0 742.0 1451.0 742.0 1451.0 753.0 1439.0 753.0 roundabout 1
1565.0 2043.0 1584.0 2043.0 1584.0 2061.0 1565.0 2061.0 roundabout 0
689.0 1609.0 699.0 1609.0 699.0 1627.0 689.0 1627.0 large-vehicle 1
631.0 1415.0 640.0 1415.0 640.0 1435.0 631.0 1435.0 large-vehicle 1
523.0 644.0 530.0 644.0 530.0 658.0 523.0 658.0 large-vehicle 1
451.0 501.0 462.0 501.0 462.0 514.0 451.0 514.0 large-vehicle 1
798.0 372.0 808.0 372.0 808.0 391.0 798.0 391.0 large-vehicle 1
794.0 436.0 804.0 436.0 804.0 454.0 794.0 454.0 large-vehicle 1
800.0 389.0 811.0 389.0 811.0 408.0 800.0 408.0 large-vehicle 1
791.0 369.0 802.0 369.0 802.0 388.0 791.0 388.0 large-vehicle 1
773.0 380.0 781.0 380.0 781.0 398.0 773.0 398.0 large-vehicle 1
774.0 390.0 785.0 390.0 785.0 411.0 774.0 411.0 large-vehicle 1
777.0 395.0 786.0 395.0 786.0 414.0 777.0 414.0 large-vehicle 1
781.0 401.0 790.0 401.0 790.0 420.0 781.0 420.0 large-vehicle 1
783.0 409.0 793.0 409.0 793.0 425.0 783.0 425.0 large-vehicle 1
787.0 414.0 795.0 414.0 795.0 430.0 787.0 430.0 large-vehicle 1
788.0 422.0 797.0 422.0 797.0 441.0 788.0 441.0 large-vehicle 1
789.0 430.0 798.0 430.0 798.0 445.0 789.0 445.0 large-vehicle 1
791.0 436.0 799.0 436.0 799.0 450.0 791.0 450.0 large-vehicle 1
1081.0 13.0 1090.0 13.0 1090.0 32.0 1081.0 32.0 large-vehicle 1
1068.0 15.0 1076.0 15.0 1076.0 37.0 1068.0 37.0 large-vehicle 1
1063.0 16.0 1072.0 16.0 1072.0 37.0 1063.0 37.0 large-vehicle 1
1508.0 849.0 1524.0 849.0 1524.0 860.0 1508.0 860.0 large-vehicle 1
1603.0 128.0 1618.0 128.0 1618.0 140.0 1603.0 140.0 large-vehicle 1
1402.0 114.0 1415.0 114.0 1415.0 133.0 1402.0 133.0 large-vehicle 1
1411.0 132.0 1422.0 132.0 1422.0 150.0 1411.0 150.0 large-vehicle 1
1417.0 148.0 1428.0 148.0 1428.0 166.0 1417.0 166.0 large-vehicle 1
1424.0 165.0 1435.0 165.0 1435.0 184.0 1424.0 184.0 large-vehicle 1
1433.0 187.0 1445.0 187.0 1445.0 210.0 1433.0 210.0 large-vehicle 1
1556.0 853.0 1570.0 853.0 1570.0 864.0 1556.0 864.0 large-vehicle 1
1591.0 829.0 1596.0 829.0 1596.0 847.0 1591.0 847.0 large-vehicle 1
1628.0 839.0 1641.0 839.0 1641.0 847.0 1628.0 847.0 large-vehicle 1
1671.0 826.0 1684.0 826.0 1684.0 835.0 1671.0 835.0 large-vehicle 1
1675.0 831.0 1687.0 831.0 1687.0 840.0 1675.0 840.0 large-vehicle 1
1508.0 855.0 1525.0 855.0 1525.0 865.0 1508.0 865.0 large-vehicle 1
1054.0 23.0 1063.0 23.0 1063.0 43.0 1054.0 43.0 large-vehicle 1
1509.0 860.0 1525.0 860.0 1525.0 871.0 1509.0 871.0 large-vehicle 1
1455.0 887.0 1463.0 887.0 1463.0 904.0 1455.0 904.0 large-vehicle 1
1475.0 893.0 1486.0 893.0 1486.0 911.0 1475.0 911.0 large-vehicle 1
1492.0 913.0 1509.0 913.0 1509.0 924.0 1492.0 924.0 large-vehicle 1
1594.0 1089.0 1610.0 1089.0 1610.0 1099.0 1594.0 1099.0 large-vehicle 1
1612.0 1084.0 1627.0 1084.0 1627.0 1091.0 1612.0 1091.0 large-vehicle 1
1397.0 2043.0 1410.0 2043.0 1410.0 2047.0 1397.0 2047.0 large-vehicle 1
1700.0 2018.0 1714.0 2018.0 1714.0 2028.0 1700.0 2028.0 large-vehicle 1
1708.0 2025.0 1720.0 2025.0 1720.0 2038.0 1708.0 2038.0 large-vehicle 1
1618.0 1614.0 1630.0 1614.0 1630.0 1620.0 1618.0 1620.0 large-vehicle 1
1408.0 173.0 1421.0 173.0 1421.0 184.0 1408.0 184.0 large-vehicle 1
1452.0 43.0 1472.0 43.0 1472.0 60.0 1452.0 60.0 large-vehicle 1
1193.0 436.0 1206.0 436.0 1206.0 444.0 1193.0 444.0 large-vehicle 1
1336.0 392.0 1348.0 392.0 1348.0 399.0 1336.0 399.0 large-vehicle 1
1337.0 397.0 1348.0 397.0 1348.0 404.0 1337.0 404.0 large-vehicle 1
1047.0 23.0 1054.0 23.0 1054.0 44.0 1047.0 44.0 large-vehicle 1
1030.0 29.0 1040.0 29.0 1040.0 51.0 1030.0 51.0 large-vehicle 1
1036.0 29.0 1044.0 29.0 1044.0 52.0 1036.0 52.0 large-vehicle 1
1017.0 35.0 1026.0 35.0 1026.0 56.0 1017.0 56.0 large-vehicle 1
999.0 43.0 1010.0 43.0 1010.0 63.0 999.0 63.0 large-vehicle 1
1004.0 70.0 1020.0 70.0 1020.0 81.0 1004.0 81.0 large-vehicle 1
1030.0 58.0 1048.0 58.0 1048.0 69.0 1030.0 69.0 large-vehicle 1
1084.0 44.0 1095.0 44.0 1095.0 53.0 1084.0 53.0 large-vehicle 1
1283.0 43.0 1300.0 43.0 1300.0 55.0 1283.0 55.0 large-vehicle 1
1298.0 26.0 1314.0 26.0 1314.0 40.0 1298.0 40.0 large-vehicle 1
1274.0 66.0 1295.0 66.0 1295.0 78.0 1274.0 78.0 large-vehicle 1
1221.0 137.0 1231.0 137.0 1231.0 154.0 1221.0 154.0 large-vehicle 1
1196.0 144.0 1209.0 144.0 1209.0 165.0 1196.0 165.0 large-vehicle 1
1220.0 167.0 1232.0 167.0 1232.0 187.0 1220.0 187.0 large-vehicle 1
1231.0 158.0 1240.0 158.0 1240.0 176.0 1231.0 176.0 large-vehicle 1
1234.0 206.0 1244.0 206.0 1244.0 224.0 1234.0 224.0 large-vehicle 1
1243.0 224.0 1254.0 224.0 1254.0 244.0 1243.0 244.0 large-vehicle 1
1248.0 225.0 1258.0 225.0 1258.0 243.0 1248.0 243.0 large-vehicle 1
1249.0 242.0 1262.0 242.0 1262.0 264.0 1249.0 264.0 large-vehicle 1
1259.0 263.0 1267.0 263.0 1267.0 282.0 1259.0 282.0 large-vehicle 1
1350.0 466.0 1361.0 466.0 1361.0 488.0 1350.0 488.0 large-vehicle 1
1342.0 418.0 1356.0 418.0 1356.0 428.0 1342.0 428.0 large-vehicle 1
1342.0 411.0 1354.0 411.0 1354.0 420.0 1342.0 420.0 large-vehicle 1
1634.0 864.0 1675.0 864.0 1675.0 906.0 1634.0 906.0 plane 0
