imagesource:GoogleEarth
gsd:0.241815074096
954.0 197.0 977.0 197.0 977.0 214.0 954.0 214.0 small-vehicle 0
1344.0 1171.0 1768.0 1171.0 1768.0 1930.0 1344.0 1930.0 ground-track-field 0
61.0 0.0 84.0 0.0 84.0 10.0 61.0 10.0 small-vehicle 0
7.0 96.0 15.0 96.0 15.0 115.0 7.0 115.0 small-vehicle 0
242.0 4.0 263.0 4.0 263.0 12.0 242.0 12.0 small-vehicle 0
197.0 4.0 217.0 4.0 217.0 15.0 197.0 15.0 small-vehicle 0
173.0 3.0 194.0 3.0 194.0 12.0 173.0 12.0 small-vehicle 0
36.0 3.0 60.0 3.0 60.0 16.0 36.0 16.0 small-vehicle 0
1401.0 1330.0 1738.0 1330.0 1738.0 1795.0 1401.0 1795.0 soccer-ball-field 0
209.0 886.0 277.0 886.0 277.0 992.0 209.0 992.0 tennis-court 0
1671.0 500.0 1697.0 500.0 1697.0 532.0 1671.0 532.0 small-vehicle 0
126.0 873.0 192.0 873.0 192.0 982.0 126.0 982.0 tennis-court 1
232.0 724.0 297.0 724.0 297.0 831.0 232.0 831.0 tennis-court 0
148.0 712.0 212.0 712.0 212.0 818.0 148.0 818.0 tennis-court 0
246.0 558.0 306.0 558.0 306.0 670.0 246.0 670.0 tennis-court 0
317.0 420.0 377.0 420.0 377.0 523.0 317.0 523.0 tennis-court 0
239.0 406.0 301.0 406.0 301.0 515.0 239.0 515.0 tennis-court 0
167.0 398.0 232.0 398.0 232.0 506.0 167.0 506.0 tennis-court 0
150.0 1.0 174.0 1.0 174.0 11.0 150.0 11.0 small-vehicle 1
218.0 5.0 242.0 5.0 242.0 14.0 218.0 14.0 small-vehicle 1
263.0 3.0 285.0 3.0 285.0 12.0 263.0 12.0 small-vehicle 1
292.0 5.0 322.0 5.0 322.0 16.0 292.0 16.0 small-vehicle 1
1205.0 546.0 1224.0 546.0 1224.0 566.0 1205.0 566.0 small-vehicle 0
996.0 496.0 1022.0 496.0 1022.0 508.0 996.0 508.0 small-vehicle 1
1207.0 1144.0 1219.0 1144.0 1219.0 1163.0 1207.0 1163.0 small-vehicle 1
1397.0 1115.0 1409.0 1115.0 1409.0 1138.0 1397.0 1138.0 small-vehicle 1
1346.0 1118.0 1359.0 1118.0 1359.0 1139.0 1346.0 1139.0 small-vehicle 1
1288.0 1105.0 1299.0 1105.0 1299.0 1123.0 1288.0 1123.0 small-vehicle 0
578.0 1309.0 590.0 1309.0 590.0 1329.0 578.0 1329.0 small-vehicle 0
590.0 1061.0 611.0 1061.0 611.0 1070.0 590.0 1070.0 small-vehicle 1
862.0 322.0 877.0 322.0 877.0 344.0 862.0 344.0 small-vehicle 1
869.0 357.0 885.0 357.0 885.0 378.0 869.0 378.0 small-vehicle 1
483.0 172.0 496.0 172.0 496.0 192.0 483.0 192.0 small-vehicle 1
854.0 98.0 875.0 98.0 875.0 119.0 854.0 119.0 small-vehicle 1
387.0 11.0 415.0 11.0 415.0 23.0 387.0 23.0 small-vehicle 1
460.0 14.0 485.0 14.0 485.0 22.0 460.0 22.0 small-vehicle 1
321.0 7.0 338.0 7.0 338.0 15.0 321.0 15.0 small-vehicle 1
680.0 1086.0 1082.0 1086.0 1082.0 1590.0 680.0 1590.0 soccer-ball-field 0
