imagesource:GoogleEarth
gsd:0.253210232938
658.0 1019.0 840.0 1019.0 840.0 1235.0 658.0 1235.0 soccer-ball-field 0
526.0 437.0 535.0 437.0 535.0 452.0 526.0 452.0 small-vehicle 1
344.0 186.0 553.0 186.0 553.0 253.0 344.0 253.0 swimming-pool 0
334.0 233.0 546.0 233.0 546.0 325.0 334.0 325.0 swimming-pool 0
149.0 621.0 226.0 621.0 226.0 730.0 149.0 730.0 tennis-court 0
214.0 599.0 291.0 599.0 291.0 704.0 214.0 704.0 tennis-court 0
282.0 571.0 359.0 571.0 359.0 679.0 282.0 679.0 tennis-court 0
349.0 547.0 429.0 547.0 429.0 653.0 349.0 653.0 tennis-court 0
228.0 753.0 335.0 753.0 335.0 832.0 228.0 832.0 tennis-court 0
451.0 674.0 559.0 674.0 559.0 750.0 451.0 750.0 tennis-court 0
568.0 583.0 645.0 583.0 645.0 689.0 568.0 689.0 tennis-court 0
379.0 1156.0 688.0 1156.0 688.0 1614.0 379.0 1614.0 soccer-ball-field 0
262.0 722.0 754.0 722.0 754.0 1109.0 262.0 1109.0 soccer-ball-field 0
287.0 31.0 304.0 31.0 304.0 41.0 287.0 41.0 small-vehicle 0
593.0 451.0 608.0 451.0 608.0 459.0 593.0 459.0 small-vehicle 0
663.0 458.0 681.0 458.0 681.0 470.0 663.0 470.0 small-vehicle 0
875.0 1637.0 900.0 1637.0 900.0 1652.0 875.0 1652.0 small-vehicle 1
665.0 448.0 683.0 448.0 683.0 457.0 665.0 457.0 small-vehicle 0
663.0 436.0 680.0 436.0 680.0 445.0 663.0 445.0 small-vehicle 0
693.0 612.0 716.0 612.0 716.0 626.0 693.0 626.0 small-vehicle 0
701.0 645.0 718.0 645.0 718.0 658.0 701.0 658.0 small-vehicle 1
701.0 657.0 725.0 657.0 725.0 672.0 701.0 672.0 small-vehicle 0
259.0 932.0 271.0 932.0 271.0 952.0 259.0 952.0 small-vehicle 0
237.0 957.0 256.0 957.0 256.0 971.0 237.0 971.0 small-vehicle 0
232.0 945.0 252.0 945.0 252.0 961.0 232.0 961.0 small-vehicle 0
475.0 32.0 485.0 32.0 485.0 49.0 475.0 49.0 small-vehicle 0
488.0 36.0 498.0 36.0 498.0 58.0 488.0 58.0 small-vehicle 0
549.0 57.0 563.0 57.0 563.0 76.0 549.0 76.0 small-vehicle 0
710.0 327.0 734.0 327.0 734.0 348.0 710.0 348.0 small-vehicle 1
659.0 425.0 680.0 425.0 680.0 434.0 659.0 434.0 small-vehicle 1
263.0 79.0 316.0 79.0 316.0 109.0 263.0 109.0 swimming-pool 0
