imagesource:GoogleEarth
gsd:0.243530960115
697.0 265.0 712.0 265.0 712.0 282.0 697.0 282.0 small-vehicle 0
986.0 293.0 1012.0 293.0 1012.0 320.0 986.0 320.0 small-vehicle 0
636.0 209.0 655.0 209.0 655.0 229.0 636.0 229.0 small-vehicle 0
624.0 200.0 645.0 200.0 645.0 222.0 624.0 222.0 small-vehicle 0
586.0 169.0 607.0 169.0 607.0 190.0 586.0 190.0 small-vehicle 0
555.0 137.0 568.0 137.0 568.0 153.0 555.0 153.0 small-vehicle 1
530.0 117.0 549.0 117.0 549.0 141.0 530.0 141.0 small-vehicle 0
515.0 108.0 532.0 108.0 532.0 127.0 515.0 127.0 small-vehicle 0
482.0 74.0 503.0 74.0 503.0 94.0 482.0 94.0 small-vehicle 0
473.0 65.0 492.0 65.0 492.0 86.0 473.0 86.0 small-vehicle 0
453.0 48.0 472.0 48.0 472.0 68.0 453.0 68.0 small-vehicle 0
424.0 25.0 445.0 25.0 445.0 48.0 424.0 48.0 small-vehicle 0
839.0 634.0 939.0 634.0 939.0 741.0 839.0 741.0 tennis-court 0
892.0 909.0 996.0 909.0 996.0 1016.0 892.0 1016.0 tennis-court 0
749.0 781.0 852.0 781.0 852.0 888.0 749.0 888.0 tennis-court 0
692.0 731.0 794.0 731.0 794.0 839.0 692.0 839.0 tennis-court 0
764.0 1048.0 866.0 1048.0 866.0 1153.0 764.0 1153.0 tennis-court 0
706.0 998.0 806.0 998.0 806.0 1105.0 706.0 1105.0 tennis-court 0
634.0 938.0 737.0 938.0 737.0 1045.0 634.0 1045.0 tennis-court 0
579.0 888.0 680.0 888.0 680.0 997.0 579.0 997.0 tennis-court 0
520.0 840.0 626.0 840.0 626.0 944.0 520.0 944.0 tennis-court 0
654.0 224.0 674.0 224.0 674.0 245.0 654.0 245.0 small-vehicle 1
607.0 182.0 626.0 182.0 626.0 202.0 607.0 202.0 small-vehicle 1
597.0 175.0 616.0 175.0 616.0 196.0 597.0 196.0 small-vehicle 1
920.0 410.0 940.0 410.0 940.0 431.0 920.0 431.0 small-vehicle 0
924.0 1412.0 947.0 1412.0 947.0 1421.0 924.0 1421.0 small-vehicle 1
765.0 1415.0 787.0 1415.0 787.0 1424.0 765.0 1424.0 small-vehicle 1
622.0 1405.0 644.0 1405.0 644.0 1415.0 622.0 1415.0 small-vehicle 1
411.0 1361.0 433.0 1361.0 433.0 1374.0 411.0 1374.0 small-vehicle 0
382.0 1025.0 401.0 1025.0 401.0 1043.0 382.0 1043.0 small-vehicle 0
375.0 1035.0 392.0 1035.0 392.0 1053.0 375.0 1053.0 small-vehicle 1
926.0 458.0 944.0 458.0 944.0 477.0 926.0 477.0 small-vehicle 1
817.0 445.0 837.0 445.0 837.0 465.0 817.0 465.0 small-vehicle 0
973.0 316.0 991.0 316.0 991.0 336.0 973.0 336.0 small-vehicle 0
559.0 154.0 581.0 154.0 581.0 166.0 559.0 166.0 small-vehicle 1
798.0 429.0 817.0 429.0 817.0 450.0 798.0 450.0 small-vehicle 1
807.0 438.0 826.0 438.0 826.0 460.0 807.0 460.0 small-vehicle 1
778.0 410.0 796.0 410.0 796.0 430.0 778.0 430.0 small-vehicle 1
746.0 384.0 772.0 384.0 772.0 406.0 746.0 406.0 small-vehicle 1
83.0 312.0 103.0 312.0 103.0 334.0 83.0 334.0 small-vehicle 1
442.0 38.0 461.0 38.0 461.0 61.0 442.0 61.0 small-vehicle 1
500.0 95.0 519.0 95.0 519.0 117.0 500.0 117.0 small-vehicle 1
539.0 127.0 557.0 127.0 557.0 146.0 539.0 146.0 small-vehicle 1
107.0 357.0 595.0 357.0 595.0 864.0 107.0 864.0 soccer-ball-field 0
