imagesource:GoogleEarth
gsd:0.25969468601
538.0 860.0 555.0 860.0 555.0 880.0 538.0 880.0 small-vehicle 1
454.0 725.0 467.0 725.0 467.0 740.0 454.0 740.0 small-vehicle 1
282.0 734.0 300.0 734.0 300.0 752.0 282.0 752.0 small-vehicle 0
299.0 714.0 316.0 714.0 316.0 729.0 299.0 729.0 small-vehicle 1
60.0 114.0 78.0 114.0 78.0 131.0 60.0 131.0 small-vehicle 0
108.0 85.0 128.0 85.0 128.0 100.0 108.0 100.0 small-vehicle 0
130.0 73.0 147.0 73.0 147.0 88.0 130.0 88.0 small-vehicle 0
150.0 62.0 170.0 62.0 170.0 77.0 150.0 77.0 small-vehicle 0
333.0 6.0 354.0 6.0 354.0 23.0 333.0 23.0 small-vehicle 0
446.0 748.0 462.0 748.0 462.0 765.0 446.0 765.0 small-vehicle 1
67.0 2002.0 88.0 2002.0 88.0 2014.0 67.0 2014.0 small-vehicle 1
439.0 740.0 455.0 740.0 455.0 758.0 439.0 758.0 small-vehicle 1
434.0 732.0 448.0 732.0 448.0 749.0 434.0 749.0 small-vehicle 1
426.0 730.0 439.0 730.0 439.0 745.0 426.0 745.0 small-vehicle 1
416.0 722.0 432.0 722.0 432.0 738.0 416.0 738.0 small-vehicle 1
111.0 1339.0 128.0 1339.0 128.0 1359.0 111.0 1359.0 small-vehicle 0
92.0 1323.0 111.0 1323.0 111.0 1343.0 92.0 1343.0 small-vehicle 0
111.0 1437.0 128.0 1437.0 128.0 1457.0 111.0 1457.0 small-vehicle 0
402.0 625.0 418.0 625.0 418.0 642.0 402.0 642.0 small-vehicle 0
394.0 617.0 413.0 617.0 413.0 636.0 394.0 636.0 small-vehicle 0
367.0 629.0 386.0 629.0 386.0 646.0 367.0 646.0 small-vehicle 0
355.0 645.0 371.0 645.0 371.0 660.0 355.0 660.0 small-vehicle 1
1.0 929.0 737.0 929.0 737.0 1601.0 1.0 1601.0 ground-track-field 0
521.0 739.0 843.0 739.0 843.0 1175.0 521.0 1175.0 soccer-ball-field 0
580.0 295.0 848.0 295.0 848.0 717.0 580.0 717.0 soccer-ball-field 0
270.0 1696.0 321.0 1696.0 321.0 1793.0 270.0 1793.0 tennis-court 0
339.0 1701.0 391.0 1701.0 391.0 1798.0 339.0 1798.0 tennis-court 0
411.0 1705.0 460.0 1705.0 460.0 1802.0 411.0 1802.0 tennis-court 0
294.0 1851.0 345.0 1851.0 345.0 1947.0 294.0 1947.0 tennis-court 0
353.0 1855.0 404.0 1855.0 404.0 1951.0 353.0 1951.0 tennis-court 0
413.0 1859.0 464.0 1859.0 464.0 1958.0 413.0 1958.0 tennis-court 1
499.0 201.0 520.0 201.0 520.0 221.0 499.0 221.0 small-vehicle 0
505.0 191.0 527.0 191.0 527.0 212.0 505.0 212.0 small-vehicle 0
488.0 755.0 507.0 755.0 507.0 776.0 488.0 776.0 small-vehicle 0
522.0 804.0 540.0 804.0 540.0 824.0 522.0 824.0 small-vehicle 0
448.0 658.0 467.0 658.0 467.0 678.0 448.0 678.0 small-vehicle 0
343.0 659.0 363.0 659.0 363.0 677.0 343.0 677.0 small-vehicle 0
79.0 1646.0 102.0 1646.0 102.0 1688.0 79.0 1688.0 large-vehicle 0
279.0 46.0 294.0 46.0 294.0 68.0 279.0 68.0 small-vehicle 1
291.0 44.0 306.0 44.0 306.0 65.0 291.0 65.0 small-vehicle 1
190.0 687.0 209.0 687.0 209.0 705.0 190.0 705.0 small-vehicle 0
195.0 758.0 215.0 758.0 215.0 777.0 195.0 777.0 small-vehicle 0
41.0 856.0 55.0 856.0 55.0 873.0 41.0 873.0 small-vehicle 1
80.0 828.0 98.0 828.0 98.0 842.0 80.0 842.0 small-vehicle 0
14.0 910.0 30.0 910.0 30.0 931.0 14.0 931.0 small-vehicle 0
3.0 1252.0 19.0 1252.0 19.0 1269.0 3.0 1269.0 small-vehicle 1
80.0 1455.0 98.0 1455.0 98.0 1468.0 80.0 1468.0 small-vehicle 0
121.0 1421.0 139.0 1421.0 139.0 1441.0 121.0 1441.0 small-vehicle 1
74.0 1559.0 84.0 1559.0 84.0 1579.0 74.0 1579.0 small-vehicle 1
80.0 1740.0 91.0 1740.0 91.0 1760.0 80.0 1760.0 small-vehicle 1
390.0 1601.0 404.0 1601.0 404.0 1623.0 390.0 1623.0 small-vehicle 1
53.0 1915.0 70.0 1915.0 70.0 1924.0 53.0 1924.0 small-vehicle 1
89.0 1969.0 99.0 1969.0 99.0 1987.0 89.0 1987.0 small-vehicle 0
89.0 2014.0 101.0 2014.0 101.0 2039.0 89.0 2039.0 small-vehicle 0
16.0 2178.0 33.0 2178.0 33.0 2194.0 16.0 2194.0 small-vehicle 0
57.0 2115.0 72.0 2115.0 72.0 2136.0 57.0 2136.0 small-vehicle 1
168.0 682.0 182.0 682.0 182.0 698.0 168.0 698.0 small-vehicle 1
65.0 725.0 83.0 725.0 83.0 745.0 65.0 745.0 small-vehicle 0
306.0 29.0 318.0 29.0 318.0 51.0 306.0 51.0 small-vehicle 1
36.0 732.0 55.0 732.0 55.0 749.0 36.0 749.0 small-vehicle 0
318.0 29.0 329.0 29.0 329.0 48.0 318.0 48.0 small-vehicle 1
165.0 102.0 181.0 102.0 181.0 125.0 165.0 125.0 small-vehicle 1
154.0 104.0 169.0 104.0 169.0 127.0 154.0 127.0 small-vehicle 1
145.0 110.0 159.0 110.0 159.0 130.0 145.0 130.0 small-vehicle 1
591.0 220.0 612.0 220.0 612.0 237.0 591.0 237.0 small-vehicle 1
394.0 368.0 411.0 368.0 411.0 384.0 394.0 384.0 small-vehicle 1
408.0 379.0 426.0 379.0 426.0 393.0 408.0 393.0 small-vehicle 1
46.0 719.0 62.0 719.0 62.0 735.0 46.0 735.0 small-vehicle 1
304.0 703.0 323.0 703.0 323.0 720.0 304.0 720.0 small-vehicle 1
284.0 724.0 304.0 724.0 304.0 742.0 284.0 742.0 small-vehicle 1
270.0 741.0 292.0 741.0 292.0 761.0 270.0 761.0 small-vehicle 1
250.0 771.0 271.0 771.0 271.0 790.0 250.0 790.0 small-vehicle 1
409.0 689.0 428.0 689.0 428.0 710.0 409.0 710.0 small-vehicle 1
51.0 746.0 68.0 746.0 68.0 763.0 51.0 763.0 small-vehicle 1
62.0 707.0 80.0 707.0 80.0 724.0 62.0 724.0 small-vehicle 0
112.0 1041.0 591.0 1041.0 591.0 1500.0 112.0 1500.0 soccer-ball-field 0
