imagesource:GoogleEarth
gsd:0.120029367135
1567.0 934.0 1598.0 934.0 1598.0 965.0 1567.0 965.0 small-vehicle 0
357.0 1867.0 389.0 1867.0 389.0 1893.0 357.0 1893.0 small-vehicle 0
1285.0 1955.0 1322.0 1955.0 1322.0 1996.0 1285.0 1996.0 small-vehicle 0
1109.0 1874.0 1139.0 1874.0 1139.0 1912.0 1109.0 1912.0 small-vehicle 0
401.0 1903.0 446.0 1903.0 446.0 1939.0 401.0 1939.0 small-vehicle 1
425.0 1918.0 464.0 1918.0 464.0 1951.0 425.0 1951.0 small-vehicle 1
464.0 1946.0 500.0 1946.0 500.0 1976.0 464.0 1976.0 small-vehicle 1
448.0 1931.0 484.0 1931.0 484.0 1960.0 448.0 1960.0 small-vehicle 0
392.0 1888.0 432.0 1888.0 432.0 1923.0 392.0 1923.0 small-vehicle 0
338.0 1850.0 375.0 1850.0 375.0 1881.0 338.0 1881.0 small-vehicle 0
1436.0 1890.0 1467.0 1890.0 1467.0 1925.0 1436.0 1925.0 small-vehicle 0
312.0 1839.0 352.0 1839.0 352.0 1869.0 312.0 1869.0 small-vehicle 0
291.0 1822.0 334.0 1822.0 334.0 1858.0 291.0 1858.0 large-vehicle 0
1094.0 782.0 1316.0 782.0 1316.0 978.0 1094.0 978.0 tennis-court 0
1086.0 259.0 1310.0 259.0 1310.0 456.0 1086.0 456.0 tennis-court 0
1010.0 369.0 1234.0 369.0 1234.0 562.0 1010.0 562.0 tennis-court 0
929.0 474.0 1158.0 474.0 1158.0 675.0 929.0 675.0 tennis-court 0
847.0 603.0 1067.0 603.0 1067.0 797.0 847.0 797.0 tennis-court 0
1453.0 1805.0 1503.0 1805.0 1503.0 1861.0 1453.0 1861.0 large-vehicle 0
1265.0 1622.0 1322.0 1622.0 1322.0 1689.0 1265.0 1689.0 large-vehicle 0
1481.0 1257.0 1580.0 1257.0 1580.0 1373.0 1481.0 1373.0 large-vehicle 0
1490.0 397.0 1541.0 397.0 1541.0 440.0 1490.0 440.0 small-vehicle 0
1574.0 1879.0 1614.0 1879.0 1614.0 1914.0 1574.0 1914.0 small-vehicle 0
1535.0 447.0 1583.0 447.0 1583.0 483.0 1535.0 483.0 small-vehicle 0
1347.0 1134.0 1391.0 1134.0 1391.0 1185.0 1347.0 1185.0 small-vehicle 0
368.0 1874.0 411.0 1874.0 411.0 1909.0 368.0 1909.0 small-vehicle 1
1562.0 1078.0 1604.0 1078.0 1604.0 1117.0 1562.0 1117.0 small-vehicle 1
1554.0 1103.0 1589.0 1103.0 1589.0 1129.0 1554.0 1129.0 small-vehicle 1
1530.0 1127.0 1573.0 1127.0 1573.0 1163.0 1530.0 1163.0 small-vehicle 1
1430.0 1922.0 1469.0 1922.0 1469.0 1963.0 1430.0 1963.0 small-vehicle 0
1283.0 1498.0 1322.0 1498.0 1322.0 1531.0 1283.0 1531.0 small-vehicle 0
522.0 1980.0 545.0 1980.0 545.0 2013.0 522.0 2013.0 small-vehicle 0
992.0 1894.0 1039.0 1894.0 1039.0 1934.0 992.0 1934.0 small-vehicle 0
1568.0 754.0 1607.0 754.0 1607.0 789.0 1568.0 789.0 small-vehicle 0
1547.0 779.0 1588.0 779.0 1588.0 815.0 1547.0 815.0 small-vehicle 0
1526.0 812.0 1566.0 812.0 1566.0 846.0 1526.0 846.0 small-vehicle 0
1471.0 869.0 1516.0 869.0 1516.0 901.0 1471.0 901.0 small-vehicle 0
1518.0 1156.0 1558.0 1156.0 1558.0 1189.0 1518.0 1189.0 small-vehicle 0
251.0 779.0 1289.0 779.0 1289.0 1872.0 251.0 1872.0 soccer-ball-field 0
