imagesource:GoogleEarth
gsd:0.135937236751
246.0 1286.0 684.0 1286.0 684.0 1980.0 246.0 1980.0 basketball-court 0
251.0 1019.0 633.0 1019.0 633.0 1262.0 251.0 1262.0 basketball-court 0
134.0 1096.0 174.0 1096.0 174.0 1110.0 134.0 1110.0 small-vehicle 1
128.0 1071.0 163.0 1071.0 163.0 1086.0 128.0 1086.0 small-vehicle 1
133.0 1033.0 161.0 1033.0 161.0 1048.0 133.0 1048.0 small-vehicle 1
290.0 1055.0 388.0 1055.0 388.0 1237.0 290.0 1237.0 tennis-court 0
525.0 786.0 619.0 786.0 619.0 967.0 525.0 967.0 tennis-court 0
415.0 790.0 509.0 790.0 509.0 971.0 415.0 971.0 tennis-court 0
192.0 800.0 287.0 800.0 287.0 982.0 192.0 982.0 tennis-court 0
305.0 793.0 398.0 793.0 398.0 977.0 305.0 977.0 tennis-court 0
509.0 498.0 604.0 498.0 604.0 680.0 509.0 680.0 tennis-court 0
401.0 502.0 494.0 502.0 494.0 684.0 401.0 684.0 tennis-court 0
295.0 507.0 386.0 507.0 386.0 688.0 295.0 688.0 tennis-court 0
183.0 510.0 283.0 510.0 283.0 692.0 183.0 692.0 tennis-court 0
286.0 329.0 476.0 329.0 476.0 420.0 286.0 420.0 tennis-court 0
