imagesource:GoogleEarth
gsd:0.232440653281
1574.0 144.0 1603.0 144.0 1603.0 156.0 1574.0 156.0 small-vehicle 0
386.0 199.0 406.0 199.0 406.0 212.0 386.0 212.0 small-vehicle 0
1110.0 1459.0 1131.0 1459.0 1131.0 1475.0 1110.0 1475.0 small-vehicle 0
1191.0 1547.0 1207.0 1547.0 1207.0 1570.0 1191.0 1570.0 small-vehicle 0
1178.0 1552.0 1194.0 1552.0 1194.0 1576.0 1178.0 1576.0 small-vehicle 0
1031.0 1482.0 1065.0 1482.0 1065.0 1552.0 1031.0 1552.0 large-vehicle 0
725.0 1336.0 812.0 1336.0 812.0 1375.0 725.0 1375.0 large-vehicle 0
809.0 1413.0 845.0 1413.0 845.0 1454.0 809.0 1454.0 large-vehicle 0
1638.0 401.0 1697.0 401.0 1697.0 441.0 1638.0 441.0 tennis-court 1
1131.0 1304.0 1211.0 1304.0 1211.0 1420.0 1131.0 1420.0 tennis-court 0
1066.0 1283.0 1144.0 1283.0 1144.0 1397.0 1066.0 1397.0 tennis-court 0
983.0 1258.0 1064.0 1258.0 1064.0 1371.0 983.0 1371.0 tennis-court 0
923.0 1236.0 1001.0 1236.0 1001.0 1348.0 923.0 1348.0 tennis-court 0
1184.0 1136.0 1264.0 1136.0 1264.0 1252.0 1184.0 1252.0 tennis-court 0
1120.0 1115.0 1198.0 1115.0 1198.0 1231.0 1120.0 1231.0 tennis-court 0
1042.0 1090.0 1121.0 1090.0 1121.0 1204.0 1042.0 1204.0 tennis-court 0
982.0 1068.0 1060.0 1068.0 1060.0 1183.0 982.0 1183.0 tennis-court 1
1054.0 336.0 1631.0 336.0 1631.0 1161.0 1054.0 1161.0 ground-track-field 0
1164.0 515.0 1548.0 515.0 1548.0 983.0 1164.0 983.0 soccer-ball-field 0
199.0 1050.0 225.0 1050.0 225.0 1075.0 199.0 1075.0 storage-tank 0
177.0 1046.0 201.0 1046.0 201.0 1070.0 177.0 1070.0 storage-tank 0
206.0 1033.0 229.0 1033.0 229.0 1058.0 206.0 1058.0 storage-tank 0
184.0 1024.0 206.0 1024.0 206.0 1052.0 184.0 1052.0 storage-tank 0
162.0 1022.0 184.0 1022.0 184.0 1042.0 162.0 1042.0 storage-tank 0
569.0 462.0 1046.0 462.0 1046.0 846.0 569.0 846.0 soccer-ball-field 0
360.0 198.0 383.0 198.0 383.0 209.0 360.0 209.0 small-vehicle 0
561.0 225.0 582.0 225.0 582.0 236.0 561.0 236.0 small-vehicle 0
1635.0 143.0 1656.0 143.0 1656.0 153.0 1635.0 153.0 small-vehicle 1
437.0 247.0 457.0 247.0 457.0 259.0 437.0 259.0 small-vehicle 0
1567.0 1377.0 1585.0 1377.0 1585.0 1400.0 1567.0 1400.0 small-vehicle 1
1283.0 1603.0 1301.0 1603.0 1301.0 1626.0 1283.0 1626.0 small-vehicle 1
1179.0 1483.0 1204.0 1483.0 1204.0 1500.0 1179.0 1500.0 small-vehicle 1
1214.0 1492.0 1237.0 1492.0 1237.0 1509.0 1214.0 1509.0 small-vehicle 1
1130.0 1464.0 1157.0 1464.0 1157.0 1481.0 1130.0 1481.0 small-vehicle 1
1493.0 1409.0 1505.0 1409.0 1505.0 1435.0 1493.0 1435.0 small-vehicle 1
1447.0 1401.0 1464.0 1401.0 1464.0 1414.0 1447.0 1414.0 small-vehicle 1
1485.0 1349.0 1500.0 1349.0 1500.0 1371.0 1485.0 1371.0 small-vehicle 1
1496.0 1349.0 1514.0 1349.0 1514.0 1379.0 1496.0 1379.0 small-vehicle 0
1450.0 1390.0 1469.0 1390.0 1469.0 1402.0 1450.0 1402.0 small-vehicle 0
955.0 1505.0 969.0 1505.0 969.0 1527.0 955.0 1527.0 small-vehicle 0
941.0 1498.0 955.0 1498.0 955.0 1522.0 941.0 1522.0 small-vehicle 1
112.0 985.0 132.0 985.0 132.0 999.0 112.0 999.0 small-vehicle 1
414.0 197.0 435.0 197.0 435.0 207.0 414.0 207.0 small-vehicle 1
640.0 188.0 661.0 188.0 661.0 197.0 640.0 197.0 small-vehicle 1
674.0 184.0 700.0 184.0 700.0 194.0 674.0 194.0 small-vehicle 1
805.0 215.0 829.0 215.0 829.0 225.0 805.0 225.0 small-vehicle 1
422.0 230.0 441.0 230.0 441.0 240.0 422.0 240.0 small-vehicle 1
27.0 261.0 49.0 261.0 49.0 271.0 27.0 271.0 small-vehicle 1
150.0 256.0 174.0 256.0 174.0 266.0 150.0 266.0 small-vehicle 1
76.0 1300.0 93.0 1300.0 93.0 1332.0 76.0 1332.0 large-vehicle 0
61.0 1297.0 82.0 1297.0 82.0 1335.0 61.0 1335.0 large-vehicle 0
868.0 177.0 889.0 177.0 889.0 189.0 868.0 189.0 small-vehicle 0
123.0 477.0 552.0 477.0 552.0 1009.0 123.0 1009.0 soccer-ball-field 0
