imagesource:GoogleEarth
gsd:0.243543577237
1658.0 1558.0 1694.0 1558.0 1694.0 1604.0 1658.0 1604.0 large-vehicle 0
1847.0 1869.0 1870.0 1869.0 1870.0 1891.0 1847.0 1891.0 small-vehicle 0
778.0 240.0 837.0 240.0 837.0 344.0 778.0 344.0 tennis-court 0
801.0 401.0 861.0 401.0 861.0 505.0 801.0 505.0 tennis-court 0
877.0 391.0 936.0 391.0 936.0 494.0 877.0 494.0 tennis-court 0
1257.0 561.0 1275.0 561.0 1275.0 595.0 1257.0 595.0 large-vehicle 0
1316.0 978.0 1333.0 978.0 1333.0 1005.0 1316.0 1005.0 small-vehicle 0
1519.0 1402.0 1537.0 1402.0 1537.0 1423.0 1519.0 1423.0 small-vehicle 0
1570.0 1432.0 1590.0 1432.0 1590.0 1454.0 1570.0 1454.0 small-vehicle 0
1488.0 1324.0 1507.0 1324.0 1507.0 1346.0 1488.0 1346.0 small-vehicle 0
1434.0 1219.0 1452.0 1219.0 1452.0 1242.0 1434.0 1242.0 small-vehicle 0
1296.0 860.0 1314.0 860.0 1314.0 887.0 1296.0 887.0 small-vehicle 0
1266.0 669.0 1278.0 669.0 1278.0 690.0 1266.0 690.0 small-vehicle 1
1895.0 1835.0 1918.0 1835.0 1918.0 1859.0 1895.0 1859.0 small-vehicle 0
1727.0 1737.0 1746.0 1737.0 1746.0 1759.0 1727.0 1759.0 small-vehicle 0
161.0 1.0 492.0 1.0 492.0 460.0 161.0 460.0 soccer-ball-field 1
1222.0 21.0 1231.0 21.0 1231.0 39.0 1222.0 39.0 small-vehicle 0
1235.0 10.0 1245.0 10.0 1245.0 30.0 1235.0 30.0 small-vehicle 0
1223.0 48.0 1231.0 48.0 1231.0 67.0 1223.0 67.0 small-vehicle 0
1235.0 92.0 1243.0 92.0 1243.0 111.0 1235.0 111.0 small-vehicle 0
1249.0 106.0 1258.0 106.0 1258.0 121.0 1249.0 121.0 small-vehicle 0
1449.0 65.0 1461.0 65.0 1461.0 85.0 1449.0 85.0 small-vehicle 0
1933.0 219.0 1948.0 219.0 1948.0 238.0 1933.0 238.0 small-vehicle 0
1956.0 205.0 1970.0 205.0 1970.0 225.0 1956.0 225.0 small-vehicle 0
2044.0 144.0 2068.0 144.0 2068.0 159.0 2044.0 159.0 small-vehicle 0
2044.0 169.0 2064.0 169.0 2064.0 183.0 2044.0 183.0 small-vehicle 0
2047.0 511.0 2061.0 511.0 2061.0 530.0 2047.0 530.0 small-vehicle 0
322.0 1615.0 341.0 1615.0 341.0 1641.0 322.0 1641.0 small-vehicle 1
754.0 90.0 816.0 90.0 816.0 195.0 754.0 195.0 tennis-court 0
446.0 998.0 490.0 998.0 490.0 1083.0 446.0 1083.0 swimming-pool 0
548.0 1691.0 567.0 1691.0 567.0 1718.0 548.0 1718.0 small-vehicle 1
236.0 1411.0 292.0 1411.0 292.0 1516.0 236.0 1516.0 tennis-court 0
217.0 2441.0 644.0 2441.0 644.0 2616.0 217.0 2616.0 ship 0
12.0 2013.0 79.0 2013.0 79.0 2041.0 12.0 2041.0 ship 0
1241.0 2366.0 1637.0 2366.0 1637.0 2631.0 1241.0 2631.0 ship 0
232.0 772.0 291.0 772.0 291.0 878.0 232.0 878.0 tennis-court 0
161.0 780.0 219.0 780.0 219.0 883.0 161.0 883.0 tennis-court 0
67.0 791.0 122.0 791.0 122.0 894.0 67.0 894.0 tennis-court 0
144.0 609.0 201.0 609.0 201.0 715.0 144.0 715.0 tennis-court 0
41.0 1254.0 101.0 1254.0 101.0 1360.0 41.0 1360.0 tennis-court 0
114.0 1248.0 173.0 1248.0 173.0 1350.0 114.0 1350.0 tennis-court 0
210.0 1238.0 268.0 1238.0 268.0 1341.0 210.0 1341.0 tennis-court 0
282.0 1229.0 339.0 1229.0 339.0 1333.0 282.0 1333.0 tennis-court 0
273.0 1000.0 332.0 1000.0 332.0 1103.0 273.0 1103.0 tennis-court 0
306.0 1405.0 362.0 1405.0 362.0 1508.0 306.0 1508.0 tennis-court 0
771.0 2213.0 1041.0 2213.0 1041.0 2326.0 771.0 2326.0 ship 0
375.0 1396.0 431.0 1396.0 431.0 1500.0 375.0 1500.0 tennis-court 0
473.0 1471.0 531.0 1471.0 531.0 1571.0 473.0 1571.0 tennis-court 0
545.0 1460.0 605.0 1460.0 605.0 1565.0 545.0 1565.0 tennis-court 0
571.0 551.0 1004.0 551.0 1004.0 882.0 571.0 882.0 soccer-ball-field 0
879.0 1096.0 978.0 1096.0 978.0 1201.0 879.0 1201.0 tennis-court 0
941.0 1050.0 1038.0 1050.0 1038.0 1157.0 941.0 1157.0 tennis-court 0
1002.0 1006.0 1098.0 1006.0 1098.0 1113.0 1002.0 1113.0 tennis-court 0
1063.0 960.0 1161.0 960.0 1161.0 1070.0 1063.0 1070.0 tennis-court 1
936.0 1245.0 1030.0 1245.0 1030.0 1351.0 936.0 1351.0 tennis-court 0
1057.0 1157.0 1154.0 1157.0 1154.0 1262.0 1057.0 1262.0 tennis-court 0
997.0 1199.0 1095.0 1199.0 1095.0 1308.0 997.0 1308.0 tennis-court 0
1050.0 1551.0 1148.0 1551.0 1148.0 1655.0 1050.0 1655.0 tennis-court 0
349.0 1670.0 364.0 1670.0 364.0 1694.0 349.0 1694.0 small-vehicle 1
28.0 1975.0 40.0 1975.0 40.0 1998.0 28.0 1998.0 small-vehicle 1
1676.0 2128.0 2047.0 2128.0 2047.0 2568.0 1676.0 2568.0 basketball-court 0
2001.0 323.0 2018.0 323.0 2018.0 346.0 2001.0 346.0 small-vehicle 1
1491.0 23.0 1513.0 23.0 1513.0 33.0 1491.0 33.0 small-vehicle 0
1777.0 100.0 1799.0 100.0 1799.0 112.0 1777.0 112.0 small-vehicle 0
1804.0 110.0 1818.0 110.0 1818.0 131.0 1804.0 131.0 small-vehicle 0
1306.0 140.0 1316.0 140.0 1316.0 162.0 1306.0 162.0 small-vehicle 0
1732.0 83.0 1758.0 83.0 1758.0 97.0 1732.0 97.0 small-vehicle 1
1883.0 20.0 1899.0 20.0 1899.0 44.0 1883.0 44.0 small-vehicle 1
1924.0 63.0 1936.0 63.0 1936.0 84.0 1924.0 84.0 small-vehicle 1
1859.0 83.0 1876.0 83.0 1876.0 94.0 1859.0 94.0 small-vehicle 1
1958.0 124.0 1981.0 124.0 1981.0 138.0 1958.0 138.0 small-vehicle 1
1971.0 154.0 1993.0 154.0 1993.0 169.0 1971.0 169.0 small-vehicle 1
1929.0 191.0 1940.0 191.0 1940.0 213.0 1929.0 213.0 small-vehicle 1
1955.0 268.0 1969.0 268.0 1969.0 291.0 1955.0 291.0 small-vehicle 1
2008.0 346.0 2027.0 346.0 2027.0 372.0 2008.0 372.0 small-vehicle 1
1476.0 37.0 1486.0 37.0 1486.0 57.0 1476.0 57.0 small-vehicle 1
1595.0 226.0 1607.0 226.0 1607.0 243.0 1595.0 243.0 small-vehicle 1
1450.0 352.0 1472.0 352.0 1472.0 362.0 1450.0 362.0 small-vehicle 1
1509.0 352.0 1532.0 352.0 1532.0 363.0 1509.0 363.0 small-vehicle 1
1541.0 352.0 1553.0 352.0 1553.0 373.0 1541.0 373.0 small-vehicle 1
2072.0 505.0 2088.0 505.0 2088.0 529.0 2072.0 529.0 small-vehicle 1
1482.0 1457.0 1505.0 1457.0 1505.0 1483.0 1482.0 1483.0 small-vehicle 1
1736.0 1664.0 1758.0 1664.0 1758.0 1686.0 1736.0 1686.0 small-vehicle 1
2066.0 2071.0 2090.0 2071.0 2090.0 2094.0 2066.0 2094.0 small-vehicle 1
459.0 1091.0 501.0 1091.0 501.0 1171.0 459.0 1171.0 swimming-pool 0
46.0 1659.0 477.0 1659.0 477.0 1998.0 46.0 1998.0 basketball-court 0
469.0 1788.0 896.0 1788.0 896.0 2124.0 469.0 2124.0 basketball-court 0
1424.0 1984.0 1796.0 1984.0 1796.0 2429.0 1424.0 2429.0 basketball-court 0
1488.0 10.0 1509.0 10.0 1509.0 20.0 1488.0 20.0 small-vehicle 1
1422.0 67.0 1435.0 67.0 1435.0 88.0 1422.0 88.0 small-vehicle 1
39.0 1980.0 49.0 1980.0 49.0 1999.0 39.0 1999.0 small-vehicle 1
953.0 1516.0 975.0 1516.0 975.0 1535.0 953.0 1535.0 small-vehicle 0
48.0 1980.0 59.0 1980.0 59.0 2003.0 48.0 2003.0 small-vehicle 1
2.0 1967.0 16.0 1967.0 16.0 1991.0 2.0 1991.0 small-vehicle 0
1134.0 1943.0 1155.0 1943.0 1155.0 1958.0 1134.0 1958.0 small-vehicle 1
1150.0 1822.0 1165.0 1822.0 1165.0 1844.0 1150.0 1844.0 small-vehicle 1
1059.0 1663.0 1081.0 1663.0 1081.0 1676.0 1059.0 1676.0 small-vehicle 1
1050.0 1653.0 1070.0 1653.0 1070.0 1665.0 1050.0 1665.0 small-vehicle 1
1042.0 1642.0 1060.0 1642.0 1060.0 1651.0 1042.0 1651.0 small-vehicle 1
1033.0 1629.0 1054.0 1629.0 1054.0 1639.0 1033.0 1639.0 small-vehicle 1
1022.0 1617.0 1044.0 1617.0 1044.0 1627.0 1022.0 1627.0 small-vehicle 1
1013.0 1606.0 1035.0 1606.0 1035.0 1618.0 1013.0 1618.0 small-vehicle 1
1006.0 1597.0 1028.0 1597.0 1028.0 1608.0 1006.0 1608.0 small-vehicle 1
1001.0 1585.0 1020.0 1585.0 1020.0 1596.0 1001.0 1596.0 small-vehicle 1
1349.0 1028.0 1365.0 1028.0 1365.0 1049.0 1349.0 1049.0 small-vehicle 1
1237.0 163.0 1246.0 163.0 1246.0 185.0 1237.0 185.0 small-vehicle 1
1354.0 1082.0 1369.0 1082.0 1369.0 1105.0 1354.0 1105.0 small-vehicle 1
1379.0 1139.0 1398.0 1139.0 1398.0 1162.0 1379.0 1162.0 small-vehicle 1
1275.0 808.0 1288.0 808.0 1288.0 830.0 1275.0 830.0 small-vehicle 1
1139.0 661.0 1156.0 661.0 1156.0 688.0 1139.0 688.0 small-vehicle 1
1267.0 536.0 1277.0 536.0 1277.0 554.0 1267.0 554.0 small-vehicle 1
1250.0 468.0 1259.0 468.0 1259.0 491.0 1250.0 491.0 small-vehicle 1
959.0 306.0 974.0 306.0 974.0 328.0 959.0 328.0 small-vehicle 1
1248.0 3.0 1257.0 3.0 1257.0 22.0 1248.0 22.0 small-vehicle 1
1236.0 42.0 1244.0 42.0 1244.0 57.0 1236.0 57.0 small-vehicle 1
1234.0 63.0 1242.0 63.0 1242.0 83.0 1234.0 83.0 small-vehicle 1
1222.0 81.0 1231.0 81.0 1231.0 101.0 1222.0 101.0 small-vehicle 1
1233.0 131.0 1244.0 131.0 1244.0 150.0 1233.0 150.0 small-vehicle 1
252.0 2053.0 675.0 2053.0 675.0 2228.0 252.0 2228.0 ship 0
