imagesource:GoogleEarth
gsd:0.234864790031
472.0 753.0 496.0 753.0 496.0 766.0 472.0 766.0 small-vehicle 0
90.0 702.0 103.0 702.0 103.0 724.0 90.0 724.0 small-vehicle 1
418.0 647.0 432.0 647.0 432.0 673.0 418.0 673.0 small-vehicle 1
430.0 646.0 442.0 646.0 442.0 671.0 430.0 671.0 small-vehicle 1
442.0 643.0 457.0 643.0 457.0 669.0 442.0 669.0 small-vehicle 1
455.0 641.0 467.0 641.0 467.0 666.0 455.0 666.0 small-vehicle 1
466.0 639.0 481.0 639.0 481.0 663.0 466.0 663.0 small-vehicle 1
531.0 628.0 542.0 628.0 542.0 649.0 531.0 649.0 small-vehicle 1
542.0 626.0 558.0 626.0 558.0 649.0 542.0 649.0 small-vehicle 1
578.0 622.0 590.0 622.0 590.0 642.0 578.0 642.0 small-vehicle 1
540.0 677.0 551.0 677.0 551.0 697.0 540.0 697.0 small-vehicle 1
278.0 720.0 290.0 720.0 290.0 743.0 278.0 743.0 small-vehicle 1
306.0 714.0 321.0 714.0 321.0 740.0 306.0 740.0 small-vehicle 1
323.0 716.0 335.0 716.0 335.0 738.0 323.0 738.0 small-vehicle 1
347.0 710.0 361.0 710.0 361.0 732.0 347.0 732.0 small-vehicle 1
370.0 704.0 386.0 704.0 386.0 728.0 370.0 728.0 small-vehicle 1
389.0 701.0 401.0 701.0 401.0 724.0 389.0 724.0 small-vehicle 1
485.0 681.0 499.0 681.0 499.0 707.0 485.0 707.0 small-vehicle 0
516.0 676.0 534.0 676.0 534.0 702.0 516.0 702.0 small-vehicle 0
551.0 671.0 562.0 671.0 562.0 694.0 551.0 694.0 small-vehicle 0
68.0 1462.0 79.0 1462.0 79.0 1484.0 68.0 1484.0 small-vehicle 0
97.0 1771.0 117.0 1771.0 117.0 1783.0 97.0 1783.0 small-vehicle 0
90.0 1748.0 112.0 1748.0 112.0 1762.0 90.0 1762.0 small-vehicle 0
116.0 1823.0 138.0 1823.0 138.0 1838.0 116.0 1838.0 small-vehicle 0
84.0 1736.0 109.0 1736.0 109.0 1752.0 84.0 1752.0 small-vehicle 1
92.0 1757.0 114.0 1757.0 114.0 1773.0 92.0 1773.0 small-vehicle 1
104.0 1786.0 127.0 1786.0 127.0 1803.0 104.0 1803.0 small-vehicle 1
108.0 1799.0 132.0 1799.0 132.0 1815.0 108.0 1815.0 small-vehicle 1
112.0 1813.0 129.0 1813.0 129.0 1826.0 112.0 1826.0 small-vehicle 1
123.0 1833.0 144.0 1833.0 144.0 1853.0 123.0 1853.0 small-vehicle 1
128.0 1848.0 150.0 1848.0 150.0 1865.0 128.0 1865.0 small-vehicle 1
103.0 702.0 116.0 702.0 116.0 724.0 103.0 724.0 small-vehicle 1
99.0 8.0 109.0 8.0 109.0 27.0 99.0 27.0 small-vehicle 1
179.0 1843.0 205.0 1843.0 205.0 1858.0 179.0 1858.0 small-vehicle 1
69.0 100.0 90.0 100.0 90.0 117.0 69.0 117.0 small-vehicle 1
948.0 295.0 1018.0 295.0 1018.0 408.0 948.0 408.0 tennis-court 0
818.0 481.0 887.0 481.0 887.0 595.0 818.0 595.0 tennis-court 0
893.0 466.0 964.0 466.0 964.0 579.0 893.0 579.0 tennis-court 0
861.0 312.0 932.0 312.0 932.0 424.0 861.0 424.0 tennis-court 0
980.0 448.0 1049.0 448.0 1049.0 560.0 980.0 560.0 tennis-court 0
1012.0 283.0 1086.0 283.0 1086.0 394.0 1012.0 394.0 tennis-court 0
1044.0 435.0 1114.0 435.0 1114.0 549.0 1044.0 549.0 tennis-court 0
1109.0 423.0 1178.0 423.0 1178.0 535.0 1109.0 535.0 tennis-court 0
993.0 113.0 1062.0 113.0 1062.0 224.0 993.0 224.0 tennis-court 0
1066.0 101.0 1135.0 101.0 1135.0 210.0 1066.0 210.0 tennis-court 0
1200.0 55.0 1273.0 55.0 1273.0 168.0 1200.0 168.0 tennis-court 0
1268.0 37.0 1339.0 37.0 1339.0 152.0 1268.0 152.0 tennis-court 0
1340.0 24.0 1409.0 24.0 1409.0 136.0 1340.0 136.0 tennis-court 0
1473.0 61.0 1548.0 61.0 1548.0 174.0 1473.0 174.0 tennis-court 0
1544.0 219.0 1616.0 219.0 1616.0 330.0 1544.0 330.0 tennis-court 0
104.0 987.0 497.0 987.0 497.0 1524.0 104.0 1524.0 soccer-ball-field 0
659.0 1077.0 1040.0 1077.0 1040.0 1583.0 659.0 1583.0 soccer-ball-field 0
599.0 925.0 1106.0 925.0 1106.0 1722.0 599.0 1722.0 ground-track-field 0
1176.0 1515.0 1410.0 1515.0 1410.0 1734.0 1176.0 1734.0 baseball-diamond 0
1162.0 599.0 1556.0 599.0 1556.0 1124.0 1162.0 1124.0 soccer-ball-field 0
198.0 1939.0 233.0 1939.0 233.0 1960.0 198.0 1960.0 large-vehicle 0
479.0 637.0 492.0 637.0 492.0 660.0 479.0 660.0 small-vehicle 0
491.0 638.0 501.0 638.0 501.0 655.0 491.0 655.0 small-vehicle 0
505.0 633.0 515.0 633.0 515.0 653.0 505.0 653.0 small-vehicle 0
520.0 634.0 528.0 634.0 528.0 652.0 520.0 652.0 small-vehicle 0
163.0 44.0 184.0 44.0 184.0 62.0 163.0 62.0 small-vehicle 0
29.0 85.0 53.0 85.0 53.0 105.0 29.0 105.0 small-vehicle 1
11.0 130.0 31.0 130.0 31.0 148.0 11.0 148.0 small-vehicle 1
30.0 121.0 52.0 121.0 52.0 137.0 30.0 137.0 small-vehicle 1
132.0 1860.0 155.0 1860.0 155.0 1877.0 132.0 1877.0 small-vehicle 1
179.0 1829.0 202.0 1829.0 202.0 1845.0 179.0 1845.0 small-vehicle 1
570.0 664.0 585.0 664.0 585.0 684.0 570.0 684.0 small-vehicle 0
1653.0 182.0 1689.0 182.0 1689.0 206.0 1653.0 206.0 small-vehicle 0
1670.0 228.0 1702.0 228.0 1702.0 246.0 1670.0 246.0 small-vehicle 0
1671.0 267.0 1707.0 267.0 1707.0 288.0 1671.0 288.0 small-vehicle 0
1684.0 284.0 1718.0 284.0 1718.0 308.0 1684.0 308.0 small-vehicle 0
1787.0 3.0 1812.0 3.0 1812.0 27.0 1787.0 27.0 small-vehicle 0
1382.0 446.0 1394.0 446.0 1394.0 472.0 1382.0 472.0 small-vehicle 1
1659.0 1444.0 1688.0 1444.0 1688.0 1459.0 1659.0 1459.0 small-vehicle 1
1676.0 1063.0 1709.0 1063.0 1709.0 1085.0 1676.0 1085.0 small-vehicle 0
1695.0 1087.0 1724.0 1087.0 1724.0 1106.0 1695.0 1106.0 small-vehicle 0
1699.0 1107.0 1730.0 1107.0 1730.0 1126.0 1699.0 1126.0 small-vehicle 0
1708.0 1121.0 1745.0 1121.0 1745.0 1147.0 1708.0 1147.0 small-vehicle 0
1720.0 1142.0 1755.0 1142.0 1755.0 1165.0 1720.0 1165.0 small-vehicle 0
1727.0 1161.0 1757.0 1161.0 1757.0 1186.0 1727.0 1186.0 small-vehicle 0
1735.0 1195.0 1770.0 1195.0 1770.0 1217.0 1735.0 1217.0 small-vehicle 0
1745.0 1217.0 1781.0 1217.0 1781.0 1243.0 1745.0 1243.0 small-vehicle 0
1674.0 1325.0 1709.0 1325.0 1709.0 1343.0 1674.0 1343.0 small-vehicle 0
1688.0 1367.0 1720.0 1367.0 1720.0 1386.0 1688.0 1386.0 small-vehicle 0
1691.0 1385.0 1723.0 1385.0 1723.0 1405.0 1691.0 1405.0 small-vehicle 0
1705.0 1420.0 1741.0 1420.0 1741.0 1439.0 1705.0 1439.0 small-vehicle 0
1648.0 1420.0 1679.0 1420.0 1679.0 1436.0 1648.0 1436.0 small-vehicle 0
1630.0 1379.0 1668.0 1379.0 1668.0 1397.0 1630.0 1397.0 small-vehicle 0
1764.0 1297.0 1798.0 1297.0 1798.0 1315.0 1764.0 1315.0 small-vehicle 0
1775.0 1336.0 1815.0 1336.0 1815.0 1356.0 1775.0 1356.0 small-vehicle 0
1675.0 1499.0 1704.0 1499.0 1704.0 1521.0 1675.0 1521.0 small-vehicle 0
1686.0 1527.0 1720.0 1527.0 1720.0 1554.0 1686.0 1554.0 small-vehicle 0
1731.0 1503.0 1765.0 1503.0 1765.0 1527.0 1731.0 1527.0 small-vehicle 0
1754.0 1266.0 1786.0 1266.0 1786.0 1287.0 1754.0 1287.0 small-vehicle 0
1749.0 1241.0 1783.0 1241.0 1783.0 1262.0 1749.0 1262.0 small-vehicle 0
1772.0 1318.0 1807.0 1318.0 1807.0 1340.0 1772.0 1340.0 small-vehicle 0
836.0 183.0 853.0 183.0 853.0 205.0 836.0 205.0 small-vehicle 0
1662.0 205.0 1694.0 205.0 1694.0 222.0 1662.0 222.0 small-vehicle 0
1652.0 163.0 1682.0 163.0 1682.0 184.0 1652.0 184.0 small-vehicle 0
138.0 1719.0 160.0 1719.0 160.0 1730.0 138.0 1730.0 small-vehicle 1
1629.0 107.0 1670.0 107.0 1670.0 132.0 1629.0 132.0 small-vehicle 0
142.0 1730.0 166.0 1730.0 166.0 1744.0 142.0 1744.0 small-vehicle 1
145.0 1744.0 170.0 1744.0 170.0 1757.0 145.0 1757.0 small-vehicle 1
146.0 1754.0 173.0 1754.0 173.0 1765.0 146.0 1765.0 small-vehicle 1
153.0 1762.0 175.0 1762.0 175.0 1776.0 153.0 1776.0 small-vehicle 1
157.0 1768.0 183.0 1768.0 183.0 1788.0 157.0 1788.0 small-vehicle 1
164.0 1781.0 185.0 1781.0 185.0 1800.0 164.0 1800.0 small-vehicle 1
164.0 1796.0 190.0 1796.0 190.0 1815.0 164.0 1815.0 small-vehicle 1
168.0 1807.0 194.0 1807.0 194.0 1827.0 168.0 1827.0 small-vehicle 1
178.0 1817.0 201.0 1817.0 201.0 1835.0 178.0 1835.0 small-vehicle 1
1432.0 216.0 1456.0 216.0 1456.0 230.0 1432.0 230.0 small-vehicle 1
1470.0 368.0 1493.0 368.0 1493.0 384.0 1470.0 384.0 small-vehicle 1
1436.0 231.0 1460.0 231.0 1460.0 241.0 1436.0 241.0 small-vehicle 0
1583.0 17.0 1622.0 17.0 1622.0 41.0 1583.0 41.0 small-vehicle 0
1690.0 94.0 1704.0 94.0 1704.0 116.0 1690.0 116.0 small-vehicle 0
1708.0 24.0 1745.0 24.0 1745.0 59.0 1708.0 59.0 small-vehicle 0
1737.0 56.0 1773.0 56.0 1773.0 89.0 1737.0 89.0 small-vehicle 0
1785.0 109.0 1819.0 109.0 1819.0 138.0 1785.0 138.0 small-vehicle 0
1800.0 118.0 1835.0 118.0 1835.0 148.0 1800.0 148.0 small-vehicle 0
1809.0 133.0 1842.0 133.0 1842.0 160.0 1809.0 160.0 small-vehicle 0
1703.0 127.0 1741.0 127.0 1741.0 151.0 1703.0 151.0 small-vehicle 0
1716.0 141.0 1750.0 141.0 1750.0 163.0 1716.0 163.0 small-vehicle 0
1721.0 188.0 1751.0 188.0 1751.0 204.0 1721.0 204.0 small-vehicle 0
1768.0 207.0 1804.0 207.0 1804.0 228.0 1768.0 228.0 small-vehicle 0
1782.0 274.0 1807.0 274.0 1807.0 290.0 1782.0 290.0 small-vehicle 0
1717.0 163.0 1750.0 163.0 1750.0 183.0 1717.0 183.0 small-vehicle 0
1725.0 206.0 1757.0 206.0 1757.0 226.0 1725.0 226.0 small-vehicle 0
1729.0 225.0 1768.0 225.0 1768.0 250.0 1729.0 250.0 small-vehicle 0
1628.0 70.0 1663.0 70.0 1663.0 92.0 1628.0 92.0 small-vehicle 0
1633.0 85.0 1665.0 85.0 1665.0 108.0 1633.0 108.0 small-vehicle 0
786.0 328.0 855.0 328.0 855.0 439.0 786.0 439.0 tennis-court 0
