imagesource:GoogleEarth
gsd:0.225610675166
693.0 1136.0 718.0 1136.0 718.0 1158.0 693.0 1158.0 small-vehicle 0
728.0 85.0 740.0 85.0 740.0 106.0 728.0 106.0 small-vehicle 0
498.0 28.0 514.0 28.0 514.0 46.0 498.0 46.0 small-vehicle 0
204.0 876.0 410.0 876.0 410.0 1027.0 204.0 1027.0 basketball-court 0
542.0 946.0 629.0 946.0 629.0 1061.0 542.0 1061.0 basketball-court 0
456.0 924.0 540.0 924.0 540.0 1035.0 456.0 1035.0 basketball-court 0
806.0 232.0 1238.0 232.0 1238.0 785.0 806.0 785.0 soccer-ball-field 0
233.0 88.0 839.0 88.0 839.0 947.0 233.0 947.0 ground-track-field 0
317.0 252.0 729.0 252.0 729.0 789.0 317.0 789.0 soccer-ball-field 0
