imagesource:GoogleEarth
gsd:0.214586170094
428.0 1893.0 455.0 1893.0 455.0 1906.0 428.0 1906.0 small-vehicle 1
1742.0 2627.0 1793.0 2627.0 1793.0 2660.0 1742.0 2660.0 ship 0
1707.0 2709.0 1755.0 2709.0 1755.0 2739.0 1707.0 2739.0 ship 0
1714.0 2680.0 1781.0 2680.0 1781.0 2726.0 1714.0 2726.0 ship 1
1637.0 2705.0 1692.0 2705.0 1692.0 2737.0 1637.0 2737.0 ship 0
1651.0 2683.0 1696.0 2683.0 1696.0 2718.0 1651.0 2718.0 ship 0
1669.0 2656.0 1711.0 2656.0 1711.0 2686.0 1669.0 2686.0 ship 0
1730.0 2644.0 1792.0 2644.0 1792.0 2685.0 1730.0 2685.0 ship 1
1666.0 2635.0 1717.0 2635.0 1717.0 2667.0 1666.0 2667.0 ship 0
1558.0 2926.0 1591.0 2926.0 1591.0 2952.0 1558.0 2952.0 ship 1
1751.0 2605.0 1824.0 2605.0 1824.0 2652.0 1751.0 2652.0 ship 0
1672.0 2613.0 1728.0 2613.0 1728.0 2650.0 1672.0 2650.0 ship 0
1737.0 2582.0 1771.0 2582.0 1771.0 2602.0 1737.0 2602.0 ship 0
1415.0 2906.0 1460.0 2906.0 1460.0 2935.0 1415.0 2935.0 ship 0
1421.0 2887.0 1457.0 2887.0 1457.0 2910.0 1421.0 2910.0 ship 1
1424.0 2873.0 1463.0 2873.0 1463.0 2897.0 1424.0 2897.0 ship 1
1697.0 2727.0 1750.0 2727.0 1750.0 2757.0 1697.0 2757.0 ship 0
1691.0 2746.0 1749.0 2746.0 1749.0 2782.0 1691.0 2782.0 ship 0
1682.0 2769.0 1736.0 2769.0 1736.0 2803.0 1682.0 2803.0 ship 0
1615.0 2751.0 1665.0 2751.0 1665.0 2785.0 1615.0 2785.0 ship 0
1607.0 2767.0 1660.0 2767.0 1660.0 2802.0 1607.0 2802.0 ship 0
1610.0 2786.0 1651.0 2786.0 1651.0 2814.0 1610.0 2814.0 ship 1
1662.0 2815.0 1711.0 2815.0 1711.0 2849.0 1662.0 2849.0 ship 0
1606.0 2802.0 1645.0 2802.0 1645.0 2830.0 1606.0 2830.0 ship 1
1651.0 2833.0 1707.0 2833.0 1707.0 2867.0 1651.0 2867.0 ship 0
1597.0 2817.0 1639.0 2817.0 1639.0 2846.0 1597.0 2846.0 ship 0
1647.0 2852.0 1688.0 2852.0 1688.0 2877.0 1647.0 2877.0 ship 0
1592.0 2832.0 1632.0 2832.0 1632.0 2857.0 1592.0 2857.0 ship 0
1587.0 2840.0 1627.0 2840.0 1627.0 2869.0 1587.0 2869.0 ship 0
1632.0 2878.0 1676.0 2878.0 1676.0 2907.0 1632.0 2907.0 ship 0
1626.0 2895.0 1674.0 2895.0 1674.0 2926.0 1626.0 2926.0 ship 0
1571.0 2867.0 1615.0 2867.0 1615.0 2897.0 1571.0 2897.0 ship 0
1570.0 2888.0 1610.0 2888.0 1610.0 2910.0 1570.0 2910.0 ship 0
1427.0 2859.0 1469.0 2859.0 1469.0 2882.0 1427.0 2882.0 ship 1
1431.0 2844.0 1469.0 2844.0 1469.0 2867.0 1431.0 2867.0 ship 1
1433.0 2827.0 1477.0 2827.0 1477.0 2855.0 1433.0 2855.0 ship 1
1473.0 2652.0 1523.0 2652.0 1523.0 2680.0 1473.0 2680.0 ship 0
1443.0 2514.0 1492.0 2514.0 1492.0 2539.0 1443.0 2539.0 ship 0
1503.0 2539.0 1562.0 2539.0 1562.0 2564.0 1503.0 2564.0 ship 0
1422.0 2533.0 1486.0 2533.0 1486.0 2561.0 1422.0 2561.0 ship 0
1433.0 2553.0 1483.0 2553.0 1483.0 2579.0 1433.0 2579.0 ship 0
1414.0 2569.0 1479.0 2569.0 1479.0 2597.0 1414.0 2597.0 ship 0
1433.0 2592.0 1474.0 2592.0 1474.0 2615.0 1433.0 2615.0 ship 1
1488.0 2591.0 1546.0 2591.0 1546.0 2625.0 1488.0 2625.0 ship 0
1622.0 2538.0 1661.0 2538.0 1661.0 2584.0 1622.0 2584.0 ship 0
1417.0 2604.0 1470.0 2604.0 1470.0 2633.0 1417.0 2633.0 ship 0
1422.0 2626.0 1466.0 2626.0 1466.0 2650.0 1422.0 2650.0 ship 0
1428.0 2642.0 1462.0 2642.0 1462.0 2665.0 1428.0 2665.0 ship 1
1413.0 2657.0 1459.0 2657.0 1459.0 2680.0 1413.0 2680.0 ship 1
1483.0 2616.0 1532.0 2616.0 1532.0 2644.0 1483.0 2644.0 ship 0
1479.0 2633.0 1533.0 2633.0 1533.0 2665.0 1479.0 2665.0 ship 0
1471.0 2669.0 1518.0 2669.0 1518.0 2697.0 1471.0 2697.0 ship 0
1380.0 2829.0 1417.0 2829.0 1417.0 2852.0 1380.0 2852.0 ship 0
1467.0 2686.0 1515.0 2686.0 1515.0 2715.0 1467.0 2715.0 ship 0
1463.0 2705.0 1512.0 2705.0 1512.0 2734.0 1463.0 2734.0 ship 0
1457.0 2721.0 1512.0 2721.0 1512.0 2753.0 1457.0 2753.0 ship 0
1408.0 2685.0 1452.0 2685.0 1452.0 2711.0 1408.0 2711.0 ship 1
1403.0 2701.0 1447.0 2701.0 1447.0 2726.0 1403.0 2726.0 ship 0
1400.0 2717.0 1445.0 2717.0 1445.0 2741.0 1400.0 2741.0 ship 0
1400.0 2733.0 1441.0 2733.0 1441.0 2758.0 1400.0 2758.0 ship 1
1451.0 2755.0 1502.0 2755.0 1502.0 2791.0 1451.0 2791.0 ship 0
1389.0 2763.0 1433.0 2763.0 1433.0 2784.0 1389.0 2784.0 ship 0
1388.0 2777.0 1430.0 2777.0 1430.0 2800.0 1388.0 2800.0 ship 0
1441.0 2795.0 1494.0 2795.0 1494.0 2824.0 1441.0 2824.0 ship 1
1388.0 2794.0 1426.0 2794.0 1426.0 2814.0 1388.0 2814.0 ship 0
1387.0 2808.0 1424.0 2808.0 1424.0 2828.0 1387.0 2828.0 ship 0
1383.0 2820.0 1421.0 2820.0 1421.0 2840.0 1383.0 2840.0 ship 1
1571.0 2904.0 1605.0 2904.0 1605.0 2926.0 1571.0 2926.0 ship 1
1601.0 2946.0 1646.0 2946.0 1646.0 2976.0 1601.0 2976.0 ship 0
1717.0 3156.0 1738.0 3156.0 1738.0 3176.0 1717.0 3176.0 small-vehicle 1
119.0 26.0 137.0 26.0 137.0 53.0 119.0 53.0 small-vehicle 1
642.0 464.0 663.0 464.0 663.0 478.0 642.0 478.0 small-vehicle 1
35.0 329.0 55.0 329.0 55.0 345.0 35.0 345.0 small-vehicle 1
105.0 242.0 122.0 242.0 122.0 271.0 105.0 271.0 small-vehicle 1
115.0 215.0 130.0 215.0 130.0 240.0 115.0 240.0 small-vehicle 1
568.0 211.0 593.0 211.0 593.0 226.0 568.0 226.0 small-vehicle 1
338.0 162.0 358.0 162.0 358.0 191.0 338.0 191.0 small-vehicle 1
126.0 92.0 143.0 92.0 143.0 121.0 126.0 121.0 small-vehicle 1
1596.0 2963.0 1641.0 2963.0 1641.0 2991.0 1596.0 2991.0 ship 0
111.0 87.0 128.0 87.0 128.0 111.0 111.0 111.0 small-vehicle 1
92.0 80.0 108.0 80.0 108.0 103.0 92.0 103.0 small-vehicle 1
54.0 62.0 73.0 62.0 73.0 85.0 54.0 85.0 small-vehicle 1
894.0 1991.0 955.0 1991.0 955.0 2022.0 894.0 2022.0 large-vehicle 1
900.0 1957.0 961.0 1957.0 961.0 1986.0 900.0 1986.0 large-vehicle 1
713.0 1895.0 778.0 1895.0 778.0 1916.0 713.0 1916.0 large-vehicle 1
714.0 470.0 735.0 470.0 735.0 481.0 714.0 481.0 small-vehicle 1
834.0 472.0 853.0 472.0 853.0 485.0 834.0 485.0 small-vehicle 1
640.0 491.0 663.0 491.0 663.0 501.0 640.0 501.0 small-vehicle 1
566.0 476.0 578.0 476.0 578.0 501.0 566.0 501.0 small-vehicle 1
796.0 554.0 816.0 554.0 816.0 566.0 796.0 566.0 small-vehicle 1
544.0 665.0 554.0 665.0 554.0 689.0 544.0 689.0 small-vehicle 1
558.0 706.0 581.0 706.0 581.0 722.0 558.0 722.0 small-vehicle 1
551.0 727.0 572.0 727.0 572.0 740.0 551.0 740.0 small-vehicle 1
564.0 598.0 591.0 598.0 591.0 608.0 564.0 608.0 small-vehicle 1
34.0 650.0 57.0 650.0 57.0 670.0 34.0 670.0 small-vehicle 1
31.0 664.0 52.0 664.0 52.0 680.0 31.0 680.0 small-vehicle 1
21.0 686.0 41.0 686.0 41.0 701.0 21.0 701.0 small-vehicle 1
8.0 753.0 27.0 753.0 27.0 764.0 8.0 764.0 small-vehicle 1
79.0 737.0 103.0 737.0 103.0 747.0 79.0 747.0 small-vehicle 1
82.0 750.0 99.0 750.0 99.0 761.0 82.0 761.0 small-vehicle 1
74.0 762.0 101.0 762.0 101.0 774.0 74.0 774.0 small-vehicle 1
74.0 778.0 96.0 778.0 96.0 790.0 74.0 790.0 small-vehicle 1
771.0 1916.0 828.0 1916.0 828.0 1959.0 771.0 1959.0 large-vehicle 1
808.0 2625.0 827.0 2625.0 827.0 2670.0 808.0 2670.0 ship 0
1097.0 3075.0 1112.0 3075.0 1112.0 3103.0 1097.0 3103.0 ship 0
1795.0 3020.0 1836.0 3020.0 1836.0 3053.0 1795.0 3053.0 ship 0
1521.0 2965.0 1576.0 2965.0 1576.0 3007.0 1521.0 3007.0 ship 0
1584.0 2988.0 1622.0 2988.0 1622.0 3016.0 1584.0 3016.0 ship 1
1575.0 3004.0 1625.0 3004.0 1625.0 3043.0 1575.0 3043.0 ship 0
1717.0 2755.0 1988.0 2755.0 1988.0 3124.0 1717.0 3124.0 harbor 0
1899.0 2776.0 1947.0 2776.0 1947.0 2811.0 1899.0 2811.0 ship 0
1956.0 2784.0 2030.0 2784.0 2030.0 2841.0 1956.0 2841.0 ship 0
1913.0 2855.0 1966.0 2855.0 1966.0 2901.0 1913.0 2901.0 ship 0
1870.0 2829.0 1910.0 2829.0 1910.0 2863.0 1870.0 2863.0 ship 0
1835.0 2856.0 1887.0 2856.0 1887.0 2897.0 1835.0 2897.0 ship 0
1846.0 2938.0 1895.0 2938.0 1895.0 2985.0 1846.0 2985.0 ship 0
1798.0 2897.0 1853.0 2897.0 1853.0 2942.0 1798.0 2942.0 ship 0
1771.0 2952.0 1819.0 2952.0 1819.0 2988.0 1771.0 2988.0 ship 1
1814.0 2992.0 1856.0 2992.0 1856.0 3028.0 1814.0 3028.0 ship 0
1806.0 3008.0 1853.0 3008.0 1853.0 3044.0 1806.0 3044.0 ship 1
1760.0 2984.0 1797.0 2984.0 1797.0 3015.0 1760.0 3015.0 ship 0
1067.0 3086.0 1091.0 3086.0 1091.0 3120.0 1067.0 3120.0 ship 0
1748.0 2996.0 1789.0 2996.0 1789.0 3028.0 1748.0 3028.0 ship 1
1746.0 3013.0 1779.0 3013.0 1779.0 3040.0 1746.0 3040.0 ship 0
1738.0 3024.0 1770.0 3024.0 1770.0 3051.0 1738.0 3051.0 ship 0
1729.0 3035.0 1762.0 3035.0 1762.0 3061.0 1729.0 3061.0 ship 1
1710.0 3052.0 1748.0 3052.0 1748.0 3083.0 1710.0 3083.0 ship 0
1742.0 3094.0 1780.0 3094.0 1780.0 3126.0 1742.0 3126.0 ship 0
1732.0 3107.0 1779.0 3107.0 1779.0 3146.0 1732.0 3146.0 ship 0
1682.0 3074.0 1727.0 3074.0 1727.0 3112.0 1682.0 3112.0 ship 0
1899.0 3204.0 1914.0 3204.0 1914.0 3232.0 1899.0 3232.0 ship 1
1949.0 3091.0 1979.0 3091.0 1979.0 3126.0 1949.0 3126.0 ship 0
1957.0 3121.0 1985.0 3121.0 1985.0 3150.0 1957.0 3150.0 ship 1
1898.0 3155.0 1927.0 3155.0 1927.0 3181.0 1898.0 3181.0 ship 0
1922.0 3161.0 1950.0 3161.0 1950.0 3187.0 1922.0 3187.0 ship 0
2067.0 2612.0 2099.0 2612.0 2099.0 2637.0 2067.0 2637.0 ship 0
1425.0 2489.0 1498.0 2489.0 1498.0 2522.0 1425.0 2522.0 ship 0
1447.0 2470.0 1502.0 2470.0 1502.0 2499.0 1447.0 2499.0 ship 1
1506.0 2518.0 1567.0 2518.0 1567.0 2551.0 1506.0 2551.0 ship 0
1720.0 1722.0 1794.0 1722.0 1794.0 1749.0 1720.0 1749.0 ship 0
1043.0 1302.0 1101.0 1302.0 1101.0 1367.0 1043.0 1367.0 ship 0
1491.0 1407.0 1568.0 1407.0 1568.0 1560.0 1491.0 1560.0 harbor 0
2233.0 2961.0 2439.0 2961.0 2439.0 3202.0 2233.0 3202.0 harbor 0
2383.0 1554.0 2456.0 1554.0 2456.0 1580.0 2383.0 1580.0 bridge 0
1971.0 1471.0 2043.0 1471.0 2043.0 1497.0 1971.0 1497.0 bridge 0
1555.0 1693.0 1782.0 1693.0 1782.0 1746.0 1555.0 1746.0 harbor 0
1714.0 1655.0 1734.0 1655.0 1734.0 1700.0 1714.0 1700.0 ship 0
1511.0 2500.0 1573.0 2500.0 1573.0 2528.0 1511.0 2528.0 ship 0
1602.0 1670.0 1625.0 1670.0 1625.0 1713.0 1602.0 1713.0 ship 0
1787.0 1645.0 1811.0 1645.0 1811.0 1686.0 1787.0 1686.0 ship 0
1639.0 1728.0 1715.0 1728.0 1715.0 1760.0 1639.0 1760.0 ship 0
1630.0 1653.0 1651.0 1653.0 1651.0 1708.0 1630.0 1708.0 ship 0
1678.0 1664.0 1699.0 1664.0 1699.0 1702.0 1678.0 1702.0 ship 0
1759.0 1657.0 1778.0 1657.0 1778.0 1694.0 1759.0 1694.0 ship 0
1068.0 1322.0 1115.0 1322.0 1115.0 1381.0 1068.0 1381.0 ship 0
1013.0 1360.0 1056.0 1360.0 1056.0 1414.0 1013.0 1414.0 ship 0
1029.0 1373.0 1070.0 1373.0 1070.0 1428.0 1029.0 1428.0 ship 0
982.0 1409.0 1032.0 1409.0 1032.0 1470.0 982.0 1470.0 ship 0
948.0 1471.0 996.0 1471.0 996.0 1529.0 948.0 1529.0 ship 0
910.0 1529.0 962.0 1529.0 962.0 1595.0 910.0 1595.0 ship 0
900.0 1600.0 973.0 1600.0 973.0 1644.0 900.0 1644.0 ship 0
971.0 1617.0 1040.0 1617.0 1040.0 1664.0 971.0 1664.0 ship 0
1039.0 1637.0 1113.0 1637.0 1113.0 1688.0 1039.0 1688.0 ship 0
1127.0 1546.0 1176.0 1546.0 1176.0 1622.0 1127.0 1622.0 ship 0
1113.0 1618.0 1153.0 1618.0 1153.0 1679.0 1113.0 1679.0 ship 0
1561.0 1689.0 1578.0 1689.0 1578.0 1714.0 1561.0 1714.0 ship 0
1396.0 1683.0 1434.0 1683.0 1434.0 1752.0 1396.0 1752.0 ship 0
1045.0 1951.0 1081.0 1951.0 1081.0 2007.0 1045.0 2007.0 ship 0
1267.0 2132.0 1332.0 2132.0 1332.0 2249.0 1267.0 2249.0 ship 0
1200.0 2244.0 1262.0 2244.0 1262.0 2287.0 1200.0 2287.0 ship 0
1154.0 2265.0 1202.0 2265.0 1202.0 2286.0 1154.0 2286.0 ship 0
1753.0 1616.0 1770.0 1616.0 1770.0 1651.0 1753.0 1651.0 ship 0
1778.0 1558.0 1804.0 1558.0 1804.0 1605.0 1778.0 1605.0 ship 0
1742.0 1563.0 1769.0 1563.0 1769.0 1613.0 1742.0 1613.0 ship 0
1362.0 1332.0 1438.0 1332.0 1438.0 1387.0 1362.0 1387.0 ship 0
319.0 1636.0 337.0 1636.0 337.0 1649.0 319.0 1649.0 storage-tank 0
312.0 1654.0 329.0 1654.0 329.0 1669.0 312.0 1669.0 storage-tank 0
311.0 1669.0 329.0 1669.0 329.0 1683.0 311.0 1683.0 storage-tank 0
376.0 2154.0 441.0 2154.0 441.0 2178.0 376.0 2178.0 large-vehicle 0
1542.0 1143.0 1565.0 1143.0 1565.0 1189.0 1542.0 1189.0 ship 0
1481.0 1098.0 1501.0 1098.0 1501.0 1129.0 1481.0 1129.0 ship 0
2011.0 1320.0 2036.0 1320.0 2036.0 1360.0 2011.0 1360.0 ship 0
1948.0 1425.0 1965.0 1425.0 1965.0 1454.0 1948.0 1454.0 ship 0
2461.0 696.0 2478.0 696.0 2478.0 715.0 2461.0 715.0 storage-tank 0
2588.0 669.0 2607.0 669.0 2607.0 687.0 2588.0 687.0 storage-tank 0
1565.0 1080.0 1582.0 1080.0 1582.0 1119.0 1565.0 1119.0 ship 0
1175.0 1258.0 1245.0 1258.0 1245.0 1308.0 1175.0 1308.0 ship 0
1238.0 1284.0 1297.0 1284.0 1297.0 1322.0 1238.0 1322.0 ship 0
1297.0 1303.0 1362.0 1303.0 1362.0 1346.0 1297.0 1346.0 ship 0
1434.0 1363.0 1478.0 1363.0 1478.0 1388.0 1434.0 1388.0 ship 0
1771.0 1509.0 1794.0 1509.0 1794.0 1545.0 1771.0 1545.0 ship 0
1476.0 1380.0 1531.0 1380.0 1531.0 1415.0 1476.0 1415.0 ship 0
1529.0 1408.0 1546.0 1408.0 1546.0 1433.0 1529.0 1433.0 ship 0
1486.0 1435.0 1519.0 1435.0 1519.0 1477.0 1486.0 1477.0 ship 0
1498.0 1431.0 1543.0 1431.0 1543.0 1494.0 1498.0 1494.0 ship 0
1484.0 1521.0 1505.0 1521.0 1505.0 1549.0 1484.0 1549.0 ship 0
1572.0 1419.0 1631.0 1419.0 1631.0 1457.0 1572.0 1457.0 ship 0
1540.0 1468.0 1584.0 1468.0 1584.0 1498.0 1540.0 1498.0 ship 0
1533.0 1486.0 1579.0 1486.0 1579.0 1512.0 1533.0 1512.0 ship 0
1511.0 1509.0 1542.0 1509.0 1542.0 1552.0 1511.0 1552.0 ship 0
1649.0 1237.0 1669.0 1237.0 1669.0 1282.0 1649.0 1282.0 ship 0
1638.0 1389.0 1656.0 1389.0 1656.0 1421.0 1638.0 1421.0 ship 0
1709.0 1475.0 1745.0 1475.0 1745.0 1501.0 1709.0 1501.0 ship 0
1737.0 1515.0 1764.0 1515.0 1764.0 1553.0 1737.0 1553.0 ship 0
1763.0 1458.0 1790.0 1458.0 1790.0 1503.0 1763.0 1503.0 ship 0
1029.0 2272.0 1090.0 2272.0 1090.0 2297.0 1029.0 2297.0 ship 0
966.0 2272.0 1030.0 2272.0 1030.0 2299.0 966.0 2299.0 ship 0
902.0 2273.0 961.0 2273.0 961.0 2296.0 902.0 2296.0 ship 0
946.0 2513.0 1006.0 2513.0 1006.0 2532.0 946.0 2532.0 ship 0
1019.0 2404.0 1065.0 2404.0 1065.0 2423.0 1019.0 2423.0 ship 0
1015.0 2443.0 1065.0 2443.0 1065.0 2462.0 1015.0 2462.0 ship 0
1017.0 2459.0 1078.0 2459.0 1078.0 2481.0 1017.0 2481.0 ship 0
1014.0 2479.0 1057.0 2479.0 1057.0 2497.0 1014.0 2497.0 ship 0
1018.0 2497.0 1066.0 2497.0 1066.0 2516.0 1018.0 2516.0 ship 0
963.0 2379.0 1005.0 2379.0 1005.0 2396.0 963.0 2396.0 ship 0
960.0 2396.0 1004.0 2396.0 1004.0 2415.0 960.0 2415.0 ship 0
966.0 2414.0 1004.0 2414.0 1004.0 2431.0 966.0 2431.0 ship 0
955.0 2433.0 1005.0 2433.0 1005.0 2451.0 955.0 2451.0 ship 0
953.0 2450.0 1005.0 2450.0 1005.0 2466.0 953.0 2466.0 ship 0
950.0 2466.0 1005.0 2466.0 1005.0 2482.0 950.0 2482.0 ship 0
949.0 2483.0 1005.0 2483.0 1005.0 2499.0 949.0 2499.0 ship 0
943.0 2499.0 1004.0 2499.0 1004.0 2518.0 943.0 2518.0 ship 0
1023.0 2516.0 1070.0 2516.0 1070.0 2533.0 1023.0 2533.0 ship 0
1001.0 2335.0 1021.0 2335.0 1021.0 2534.0 1001.0 2534.0 harbor 0
1019.0 2361.0 1081.0 2361.0 1081.0 2382.0 1019.0 2382.0 ship 0
1139.0 2437.0 1203.0 2437.0 1203.0 2465.0 1139.0 2465.0 ship 0
1129.0 2467.0 1165.0 2467.0 1165.0 2528.0 1129.0 2528.0 ship 0
1193.0 2401.0 1254.0 2401.0 1254.0 2470.0 1193.0 2470.0 ship 0
1209.0 2482.0 1269.0 2482.0 1269.0 2508.0 1209.0 2508.0 ship 0
1208.0 2505.0 1267.0 2505.0 1267.0 2529.0 1208.0 2529.0 ship 0
1205.0 2527.0 1266.0 2527.0 1266.0 2554.0 1205.0 2554.0 ship 0
1206.0 2550.0 1272.0 2550.0 1272.0 2573.0 1206.0 2573.0 ship 0
1203.0 2569.0 1263.0 2569.0 1263.0 2595.0 1203.0 2595.0 ship 0
1270.0 2818.0 1317.0 2818.0 1317.0 2858.0 1270.0 2858.0 ship 0
1308.0 2840.0 1369.0 2840.0 1369.0 2889.0 1308.0 2889.0 ship 0
1561.0 2595.0 1764.0 2595.0 1764.0 3022.0 1561.0 3022.0 harbor 0
1870.0 3049.0 2034.0 3049.0 2034.0 3228.0 1870.0 3228.0 harbor 0
1517.0 2480.0 1559.0 2480.0 1559.0 2501.0 1517.0 2501.0 ship 0
1401.0 2470.0 1521.0 2470.0 1521.0 2916.0 1401.0 2916.0 harbor 0
1018.0 2384.0 1075.0 2384.0 1075.0 2406.0 1018.0 2406.0 ship 0
1014.0 2344.0 1065.0 2344.0 1065.0 2361.0 1014.0 2361.0 ship 0
829.0 2273.0 898.0 2273.0 898.0 2299.0 829.0 2299.0 ship 0
821.0 2383.0 874.0 2383.0 874.0 2401.0 821.0 2401.0 ship 0
751.0 2266.0 822.0 2266.0 822.0 2305.0 751.0 2305.0 ship 0
710.0 2273.0 748.0 2273.0 748.0 2289.0 710.0 2289.0 ship 0
689.0 2273.0 714.0 2273.0 714.0 2330.0 689.0 2330.0 ship 0
688.0 2332.0 709.0 2332.0 709.0 2372.0 688.0 2372.0 ship 0
687.0 2383.0 720.0 2383.0 720.0 2454.0 687.0 2454.0 ship 0
690.0 2450.0 716.0 2450.0 716.0 2521.0 690.0 2521.0 ship 0
704.0 2508.0 776.0 2508.0 776.0 2533.0 704.0 2533.0 ship 0
628.0 2371.0 663.0 2371.0 663.0 2393.0 628.0 2393.0 ship 0
811.0 2338.0 829.0 2338.0 829.0 2533.0 811.0 2533.0 harbor 0
776.0 2345.0 815.0 2345.0 815.0 2360.0 776.0 2360.0 ship 0
772.0 2362.0 812.0 2362.0 812.0 2376.0 772.0 2376.0 ship 0
772.0 2375.0 814.0 2375.0 814.0 2390.0 772.0 2390.0 ship 0
823.0 2344.0 877.0 2344.0 877.0 2363.0 823.0 2363.0 ship 0
825.0 2365.0 891.0 2365.0 891.0 2385.0 825.0 2385.0 ship 0
827.0 2400.0 883.0 2400.0 883.0 2421.0 827.0 2421.0 ship 0
963.0 2346.0 1004.0 2346.0 1004.0 2362.0 963.0 2362.0 ship 0
826.0 2424.0 886.0 2424.0 886.0 2443.0 826.0 2443.0 ship 0
827.0 2442.0 886.0 2442.0 886.0 2461.0 827.0 2461.0 ship 0
773.0 2387.0 817.0 2387.0 817.0 2408.0 773.0 2408.0 ship 0
776.0 2421.0 815.0 2421.0 815.0 2435.0 776.0 2435.0 ship 0
783.0 2434.0 815.0 2434.0 815.0 2451.0 783.0 2451.0 ship 0
777.0 2450.0 814.0 2450.0 814.0 2467.0 777.0 2467.0 ship 0
770.0 2467.0 814.0 2467.0 814.0 2486.0 770.0 2486.0 ship 0
829.0 2462.0 875.0 2462.0 875.0 2478.0 829.0 2478.0 ship 0
828.0 2480.0 874.0 2480.0 874.0 2498.0 828.0 2498.0 ship 0
828.0 2497.0 874.0 2497.0 874.0 2516.0 828.0 2516.0 ship 0
829.0 2516.0 890.0 2516.0 890.0 2532.0 829.0 2532.0 ship 0
771.0 2516.0 812.0 2516.0 812.0 2533.0 771.0 2533.0 ship 0
776.0 2484.0 816.0 2484.0 816.0 2499.0 776.0 2499.0 ship 0
774.0 2499.0 814.0 2499.0 814.0 2515.0 774.0 2515.0 ship 0
63.0 794.0 86.0 794.0 86.0 804.0 63.0 804.0 small-vehicle 1
501.0 687.0 517.0 687.0 517.0 716.0 501.0 716.0 small-vehicle 1
306.0 789.0 327.0 789.0 327.0 812.0 306.0 812.0 small-vehicle 1
1205.0 1139.0 1221.0 1139.0 1221.0 1159.0 1205.0 1159.0 small-vehicle 0
2058.0 964.0 2085.0 964.0 2085.0 976.0 2058.0 976.0 small-vehicle 1
1669.0 895.0 1690.0 895.0 1690.0 905.0 1669.0 905.0 small-vehicle 1
1642.0 893.0 1665.0 893.0 1665.0 907.0 1642.0 907.0 small-vehicle 1
1621.0 894.0 1642.0 894.0 1642.0 902.0 1621.0 902.0 small-vehicle 1
1627.0 1170.0 1653.0 1170.0 1653.0 1182.0 1627.0 1182.0 small-vehicle 1
1897.0 1068.0 1917.0 1068.0 1917.0 1077.0 1897.0 1077.0 small-vehicle 0
1267.0 1128.0 1283.0 1128.0 1283.0 1152.0 1267.0 1152.0 small-vehicle 0
2114.0 639.0 2141.0 639.0 2141.0 651.0 2114.0 651.0 small-vehicle 1
1257.0 1131.0 1270.0 1131.0 1270.0 1153.0 1257.0 1153.0 small-vehicle 0
1216.0 1081.0 1243.0 1081.0 1243.0 1097.0 1216.0 1097.0 small-vehicle 0
1481.0 1058.0 1504.0 1058.0 1504.0 1073.0 1481.0 1073.0 small-vehicle 0
1341.0 1049.0 1366.0 1049.0 1366.0 1064.0 1341.0 1064.0 small-vehicle 1
1303.0 1061.0 1328.0 1061.0 1328.0 1076.0 1303.0 1076.0 small-vehicle 1
1251.0 1070.0 1275.0 1070.0 1275.0 1084.0 1251.0 1084.0 small-vehicle 1
2099.0 1009.0 2112.0 1009.0 2112.0 1031.0 2099.0 1031.0 small-vehicle 1
1951.0 1034.0 1964.0 1034.0 1964.0 1057.0 1951.0 1057.0 small-vehicle 1
1898.0 1082.0 1923.0 1082.0 1923.0 1090.0 1898.0 1090.0 small-vehicle 1
2202.0 1042.0 2213.0 1042.0 2213.0 1061.0 2202.0 1061.0 small-vehicle 1
2217.0 1047.0 2227.0 1047.0 2227.0 1066.0 2217.0 1066.0 small-vehicle 1
2251.0 1058.0 2264.0 1058.0 2264.0 1080.0 2251.0 1080.0 small-vehicle 1
2233.0 1107.0 2246.0 1107.0 2246.0 1131.0 2233.0 1131.0 small-vehicle 1
2390.0 1086.0 2416.0 1086.0 2416.0 1108.0 2390.0 1108.0 small-vehicle 1
2324.0 1097.0 2339.0 1097.0 2339.0 1120.0 2324.0 1120.0 small-vehicle 1
2318.0 1150.0 2333.0 1150.0 2333.0 1171.0 2318.0 1171.0 small-vehicle 1
2262.0 1066.0 2279.0 1066.0 2279.0 1095.0 2262.0 1095.0 small-vehicle 0
2316.0 1092.0 2327.0 1092.0 2327.0 1112.0 2316.0 1112.0 small-vehicle 0
2645.0 799.0 2663.0 799.0 2663.0 825.0 2645.0 825.0 small-vehicle 0
2654.0 940.0 2677.0 940.0 2677.0 963.0 2654.0 963.0 small-vehicle 0
2703.0 835.0 2718.0 835.0 2718.0 856.0 2703.0 856.0 small-vehicle 1
2908.0 1018.0 2922.0 1018.0 2922.0 1046.0 2908.0 1046.0 small-vehicle 1
2899.0 1277.0 2913.0 1277.0 2913.0 1303.0 2899.0 1303.0 small-vehicle 1
1244.0 1134.0 1257.0 1134.0 1257.0 1157.0 1244.0 1157.0 small-vehicle 1
1232.0 1136.0 1244.0 1136.0 1244.0 1159.0 1232.0 1159.0 small-vehicle 1
1219.0 1137.0 1232.0 1137.0 1232.0 1161.0 1219.0 1161.0 small-vehicle 1
1013.0 726.0 1033.0 726.0 1033.0 737.0 1013.0 737.0 small-vehicle 1
1956.0 497.0 1981.0 497.0 1981.0 511.0 1956.0 511.0 small-vehicle 0
2181.0 744.0 2213.0 744.0 2213.0 770.0 2181.0 770.0 swimming-pool 0
1635.0 456.0 1658.0 456.0 1658.0 466.0 1635.0 466.0 small-vehicle 1
1638.0 469.0 1656.0 469.0 1656.0 477.0 1638.0 477.0 small-vehicle 1
1639.0 481.0 1657.0 481.0 1657.0 490.0 1639.0 490.0 small-vehicle 1
1634.0 493.0 1656.0 493.0 1656.0 501.0 1634.0 501.0 small-vehicle 1
1632.0 503.0 1656.0 503.0 1656.0 515.0 1632.0 515.0 small-vehicle 1
1628.0 517.0 1650.0 517.0 1650.0 527.0 1628.0 527.0 small-vehicle 1
1529.0 571.0 1547.0 571.0 1547.0 578.0 1529.0 578.0 small-vehicle 1
1413.0 677.0 1433.0 677.0 1433.0 699.0 1413.0 699.0 small-vehicle 1
1396.0 407.0 1406.0 407.0 1406.0 433.0 1396.0 433.0 small-vehicle 1
1396.0 440.0 1406.0 440.0 1406.0 457.0 1396.0 457.0 small-vehicle 1
1018.0 759.0 1040.0 759.0 1040.0 773.0 1018.0 773.0 small-vehicle 1
1018.0 741.0 1040.0 741.0 1040.0 754.0 1018.0 754.0 small-vehicle 1
1152.0 543.0 1179.0 543.0 1179.0 552.0 1152.0 552.0 small-vehicle 1
1193.0 1140.0 1207.0 1140.0 1207.0 1166.0 1193.0 1166.0 small-vehicle 1
1057.0 542.0 1081.0 542.0 1081.0 552.0 1057.0 552.0 small-vehicle 1
1027.0 544.0 1048.0 544.0 1048.0 552.0 1027.0 552.0 small-vehicle 1
954.0 542.0 975.0 542.0 975.0 553.0 954.0 553.0 small-vehicle 1
865.0 1040.0 887.0 1040.0 887.0 1055.0 865.0 1055.0 small-vehicle 1
895.0 1029.0 914.0 1029.0 914.0 1043.0 895.0 1043.0 small-vehicle 1
988.0 926.0 1005.0 926.0 1005.0 952.0 988.0 952.0 small-vehicle 1
985.0 891.0 1007.0 891.0 1007.0 909.0 985.0 909.0 small-vehicle 1
1246.0 944.0 1264.0 944.0 1264.0 953.0 1246.0 953.0 small-vehicle 1
1272.0 940.0 1296.0 940.0 1296.0 951.0 1272.0 951.0 small-vehicle 1
1304.0 938.0 1322.0 938.0 1322.0 946.0 1304.0 946.0 small-vehicle 1
1348.0 930.0 1371.0 930.0 1371.0 942.0 1348.0 942.0 small-vehicle 1
1151.0 1094.0 1175.0 1094.0 1175.0 1107.0 1151.0 1107.0 small-vehicle 1
1099.0 1087.0 1115.0 1087.0 1115.0 1109.0 1099.0 1109.0 small-vehicle 1
1118.0 1155.0 1140.0 1155.0 1140.0 1171.0 1118.0 1171.0 small-vehicle 1
1954.0 1238.0 1978.0 1238.0 1978.0 1252.0 1954.0 1252.0 small-vehicle 1
1945.0 1251.0 1970.0 1251.0 1970.0 1266.0 1945.0 1266.0 small-vehicle 1
1839.0 1232.0 1862.0 1232.0 1862.0 1261.0 1839.0 1261.0 small-vehicle 1
1400.0 2962.0 1420.0 2962.0 1420.0 2977.0 1400.0 2977.0 small-vehicle 1
1297.0 2971.0 1319.0 2971.0 1319.0 2985.0 1297.0 2985.0 small-vehicle 0
1077.0 3031.0 1090.0 3031.0 1090.0 3055.0 1077.0 3055.0 small-vehicle 0
1412.0 2970.0 1434.0 2970.0 1434.0 2988.0 1412.0 2988.0 small-vehicle 0
1490.0 3013.0 1513.0 3013.0 1513.0 3038.0 1490.0 3038.0 small-vehicle 0
1503.0 3024.0 1523.0 3024.0 1523.0 3046.0 1503.0 3046.0 small-vehicle 0
1550.0 3061.0 1571.0 3061.0 1571.0 3078.0 1550.0 3078.0 small-vehicle 0
1461.0 3051.0 1483.0 3051.0 1483.0 3069.0 1461.0 3069.0 small-vehicle 0
1166.0 2982.0 1192.0 2982.0 1192.0 2994.0 1166.0 2994.0 small-vehicle 1
1211.0 2970.0 1231.0 2970.0 1231.0 2980.0 1211.0 2980.0 small-vehicle 1
1253.0 2972.0 1274.0 2972.0 1274.0 2985.0 1253.0 2985.0 small-vehicle 1
1292.0 2917.0 1318.0 2917.0 1318.0 2931.0 1292.0 2931.0 small-vehicle 1
1338.0 2924.0 1355.0 2924.0 1355.0 2950.0 1338.0 2950.0 small-vehicle 1
1360.0 2947.0 1381.0 2947.0 1381.0 2968.0 1360.0 2968.0 small-vehicle 1
1384.0 2952.0 1407.0 2952.0 1407.0 2967.0 1384.0 2967.0 small-vehicle 1
1424.0 2975.0 1447.0 2975.0 1447.0 2996.0 1424.0 2996.0 small-vehicle 1
1167.0 2970.0 1194.0 2970.0 1194.0 2980.0 1167.0 2980.0 small-vehicle 0
1440.0 2980.0 1459.0 2980.0 1459.0 3000.0 1440.0 3000.0 small-vehicle 1
1451.0 2987.0 1472.0 2987.0 1472.0 3009.0 1451.0 3009.0 small-vehicle 1
1463.0 2997.0 1484.0 2997.0 1484.0 3018.0 1463.0 3018.0 small-vehicle 1
1482.0 3004.0 1497.0 3004.0 1497.0 3026.0 1482.0 3026.0 small-vehicle 1
1516.0 3035.0 1536.0 3035.0 1536.0 3055.0 1516.0 3055.0 small-vehicle 1
1534.0 3051.0 1556.0 3051.0 1556.0 3073.0 1534.0 3073.0 small-vehicle 1
1563.0 3064.0 1585.0 3064.0 1585.0 3087.0 1563.0 3087.0 small-vehicle 1
1581.0 3070.0 1597.0 3070.0 1597.0 3094.0 1581.0 3094.0 small-vehicle 1
1591.0 3080.0 1610.0 3080.0 1610.0 3099.0 1591.0 3099.0 small-vehicle 1
1620.0 3098.0 1637.0 3098.0 1637.0 3112.0 1620.0 3112.0 small-vehicle 1
1637.0 3106.0 1660.0 3106.0 1660.0 3126.0 1637.0 3126.0 small-vehicle 1
1519.0 3100.0 1540.0 3100.0 1540.0 3119.0 1519.0 3119.0 small-vehicle 1
1546.0 3112.0 1560.0 3112.0 1560.0 3141.0 1546.0 3141.0 small-vehicle 1
1704.0 3163.0 1724.0 3163.0 1724.0 3184.0 1704.0 3184.0 small-vehicle 1
1272.0 2890.0 1294.0 2890.0 1294.0 2907.0 1272.0 2907.0 small-vehicle 0
1101.0 3029.0 1111.0 3029.0 1111.0 3055.0 1101.0 3055.0 small-vehicle 1
1586.0 1259.0 1604.0 1259.0 1604.0 1281.0 1586.0 1281.0 small-vehicle 1
843.0 2169.0 855.0 2169.0 855.0 2191.0 843.0 2191.0 small-vehicle 0
1667.0 1385.0 1693.0 1385.0 1693.0 1412.0 1667.0 1412.0 small-vehicle 1
1645.0 1376.0 1665.0 1376.0 1665.0 1395.0 1645.0 1395.0 small-vehicle 1
1615.0 1378.0 1635.0 1378.0 1635.0 1392.0 1615.0 1392.0 small-vehicle 1
1389.0 1283.0 1405.0 1283.0 1405.0 1308.0 1389.0 1308.0 small-vehicle 1
1401.0 1289.0 1418.0 1289.0 1418.0 1313.0 1401.0 1313.0 small-vehicle 1
1415.0 1295.0 1430.0 1295.0 1430.0 1320.0 1415.0 1320.0 small-vehicle 1
1305.0 1251.0 1330.0 1251.0 1330.0 1268.0 1305.0 1268.0 small-vehicle 1
1005.0 1247.0 1025.0 1247.0 1025.0 1275.0 1005.0 1275.0 small-vehicle 1
1050.0 1256.0 1070.0 1256.0 1070.0 1279.0 1050.0 1279.0 small-vehicle 1
966.0 1402.0 984.0 1402.0 984.0 1426.0 966.0 1426.0 small-vehicle 1
666.0 2001.0 680.0 2001.0 680.0 2023.0 666.0 2023.0 small-vehicle 1
643.0 2053.0 658.0 2053.0 658.0 2075.0 643.0 2075.0 small-vehicle 1
891.0 2093.0 905.0 2093.0 905.0 2119.0 891.0 2119.0 small-vehicle 0
820.0 2094.0 831.0 2094.0 831.0 2117.0 820.0 2117.0 small-vehicle 0
835.0 2089.0 851.0 2089.0 851.0 2121.0 835.0 2121.0 small-vehicle 0
969.0 2972.0 997.0 2972.0 997.0 2987.0 969.0 2987.0 small-vehicle 1
985.0 2724.0 1003.0 2724.0 1003.0 2735.0 985.0 2735.0 small-vehicle 1
1116.0 2584.0 1138.0 2584.0 1138.0 2594.0 1116.0 2594.0 small-vehicle 1
1167.0 2847.0 1187.0 2847.0 1187.0 2866.0 1167.0 2866.0 small-vehicle 1
922.0 2730.0 942.0 2730.0 942.0 2741.0 922.0 2741.0 small-vehicle 1
921.0 2743.0 941.0 2743.0 941.0 2753.0 921.0 2753.0 small-vehicle 1
982.0 2738.0 1003.0 2738.0 1003.0 2748.0 982.0 2748.0 small-vehicle 1
982.0 2751.0 1004.0 2751.0 1004.0 2758.0 982.0 2758.0 small-vehicle 1
985.0 2763.0 1004.0 2763.0 1004.0 2771.0 985.0 2771.0 small-vehicle 1
980.0 2775.0 1001.0 2775.0 1001.0 2784.0 980.0 2784.0 small-vehicle 1
980.0 2788.0 999.0 2788.0 999.0 2801.0 980.0 2801.0 small-vehicle 1
964.0 2824.0 985.0 2824.0 985.0 2835.0 964.0 2835.0 small-vehicle 1
962.0 2838.0 987.0 2838.0 987.0 2848.0 962.0 2848.0 small-vehicle 1
963.0 2854.0 982.0 2854.0 982.0 2863.0 963.0 2863.0 small-vehicle 1
974.0 2959.0 996.0 2959.0 996.0 2973.0 974.0 2973.0 small-vehicle 1
1980.0 613.0 2004.0 613.0 2004.0 625.0 1980.0 625.0 small-vehicle 0
1957.0 522.0 1975.0 522.0 1975.0 535.0 1957.0 535.0 small-vehicle 1
352.0 781.0 369.0 781.0 369.0 802.0 352.0 802.0 small-vehicle 1
144.0 1446.0 154.0 1446.0 154.0 1475.0 144.0 1475.0 small-vehicle 1
97.0 1839.0 107.0 1839.0 107.0 1860.0 97.0 1860.0 small-vehicle 1
104.0 1570.0 126.0 1570.0 126.0 1579.0 104.0 1579.0 small-vehicle 1
201.0 1448.0 212.0 1448.0 212.0 1478.0 201.0 1478.0 small-vehicle 1
189.0 1450.0 200.0 1450.0 200.0 1474.0 189.0 1474.0 small-vehicle 1
168.0 1451.0 176.0 1451.0 176.0 1473.0 168.0 1473.0 small-vehicle 1
156.0 1449.0 165.0 1449.0 165.0 1476.0 156.0 1476.0 small-vehicle 1
504.0 1457.0 519.0 1457.0 519.0 1485.0 504.0 1485.0 small-vehicle 1
1962.0 483.0 1982.0 483.0 1982.0 492.0 1962.0 492.0 small-vehicle 1
372.0 1460.0 392.0 1460.0 392.0 1472.0 372.0 1472.0 small-vehicle 1
321.0 1432.0 350.0 1432.0 350.0 1443.0 321.0 1443.0 small-vehicle 1
296.0 1431.0 317.0 1431.0 317.0 1444.0 296.0 1444.0 small-vehicle 1
227.0 1389.0 240.0 1389.0 240.0 1408.0 227.0 1408.0 small-vehicle 1
219.0 1385.0 229.0 1385.0 229.0 1407.0 219.0 1407.0 small-vehicle 1
198.0 1384.0 209.0 1384.0 209.0 1409.0 198.0 1409.0 small-vehicle 1
108.0 1834.0 119.0 1834.0 119.0 1859.0 108.0 1859.0 small-vehicle 1
121.0 1946.0 141.0 1946.0 141.0 1956.0 121.0 1956.0 small-vehicle 1
121.0 1912.0 130.0 1912.0 130.0 1932.0 121.0 1932.0 small-vehicle 1
652.0 1737.0 676.0 1737.0 676.0 1751.0 652.0 1751.0 small-vehicle 1
682.0 1420.0 704.0 1420.0 704.0 1441.0 682.0 1441.0 small-vehicle 1
693.0 1432.0 716.0 1432.0 716.0 1452.0 693.0 1452.0 small-vehicle 1
697.0 1449.0 717.0 1449.0 717.0 1465.0 697.0 1465.0 small-vehicle 1
702.0 1460.0 722.0 1460.0 722.0 1476.0 702.0 1476.0 small-vehicle 1
709.0 1483.0 732.0 1483.0 732.0 1499.0 709.0 1499.0 small-vehicle 1
717.0 1501.0 736.0 1501.0 736.0 1518.0 717.0 1518.0 small-vehicle 1
847.0 1491.0 863.0 1491.0 863.0 1517.0 847.0 1517.0 small-vehicle 1
829.0 1527.0 848.0 1527.0 848.0 1553.0 829.0 1553.0 small-vehicle 1
812.0 1600.0 829.0 1600.0 829.0 1625.0 812.0 1625.0 small-vehicle 1
741.0 1583.0 765.0 1583.0 765.0 1595.0 741.0 1595.0 small-vehicle 1
723.0 1537.0 745.0 1537.0 745.0 1551.0 723.0 1551.0 small-vehicle 1
649.0 1501.0 677.0 1501.0 677.0 1522.0 649.0 1522.0 small-vehicle 1
649.0 1539.0 659.0 1539.0 659.0 1561.0 649.0 1561.0 small-vehicle 1
184.0 1380.0 195.0 1380.0 195.0 1406.0 184.0 1406.0 small-vehicle 1
172.0 1377.0 183.0 1377.0 183.0 1401.0 172.0 1401.0 small-vehicle 1
111.0 1400.0 129.0 1400.0 129.0 1409.0 111.0 1409.0 small-vehicle 1
781.0 1182.0 804.0 1182.0 804.0 1191.0 781.0 1191.0 small-vehicle 1
448.0 894.0 471.0 894.0 471.0 912.0 448.0 912.0 small-vehicle 1
194.0 869.0 215.0 869.0 215.0 898.0 194.0 898.0 small-vehicle 1
239.0 901.0 261.0 901.0 261.0 926.0 239.0 926.0 small-vehicle 1
327.0 931.0 346.0 931.0 346.0 955.0 327.0 955.0 small-vehicle 1
349.0 942.0 368.0 942.0 368.0 968.0 349.0 968.0 small-vehicle 1
67.0 906.0 92.0 906.0 92.0 927.0 67.0 927.0 small-vehicle 1
234.0 947.0 244.0 947.0 244.0 969.0 234.0 969.0 small-vehicle 1
281.0 1009.0 304.0 1009.0 304.0 1032.0 281.0 1032.0 small-vehicle 1
322.0 1079.0 347.0 1079.0 347.0 1092.0 322.0 1092.0 small-vehicle 1
586.0 1095.0 605.0 1095.0 605.0 1120.0 586.0 1120.0 small-vehicle 0
596.0 1098.0 617.0 1098.0 617.0 1123.0 596.0 1123.0 small-vehicle 0
611.0 1104.0 631.0 1104.0 631.0 1128.0 611.0 1128.0 small-vehicle 0
761.0 1117.0 780.0 1117.0 780.0 1140.0 761.0 1140.0 small-vehicle 0
476.0 1091.0 497.0 1091.0 497.0 1116.0 476.0 1116.0 small-vehicle 1
764.0 1217.0 788.0 1217.0 788.0 1229.0 764.0 1229.0 small-vehicle 1
113.0 1388.0 133.0 1388.0 133.0 1399.0 113.0 1399.0 small-vehicle 1
752.0 1250.0 775.0 1250.0 775.0 1263.0 752.0 1263.0 small-vehicle 1
768.0 1308.0 792.0 1308.0 792.0 1327.0 768.0 1327.0 small-vehicle 1
766.0 1352.0 788.0 1352.0 788.0 1373.0 766.0 1373.0 small-vehicle 1
670.0 1275.0 695.0 1275.0 695.0 1300.0 670.0 1300.0 small-vehicle 1
571.0 1271.0 594.0 1271.0 594.0 1288.0 571.0 1288.0 small-vehicle 1
488.0 1276.0 512.0 1276.0 512.0 1293.0 488.0 1293.0 small-vehicle 1
506.0 1306.0 529.0 1306.0 529.0 1318.0 506.0 1318.0 small-vehicle 1
477.0 1308.0 500.0 1308.0 500.0 1324.0 477.0 1324.0 small-vehicle 1
474.0 1330.0 502.0 1330.0 502.0 1343.0 474.0 1343.0 small-vehicle 1
471.0 1341.0 496.0 1341.0 496.0 1358.0 471.0 1358.0 small-vehicle 1
426.0 1306.0 450.0 1306.0 450.0 1319.0 426.0 1319.0 small-vehicle 1
424.0 1326.0 449.0 1326.0 449.0 1342.0 424.0 1342.0 small-vehicle 1
119.0 1364.0 140.0 1364.0 140.0 1377.0 119.0 1377.0 small-vehicle 1
115.0 1377.0 136.0 1377.0 136.0 1391.0 115.0 1391.0 small-vehicle 1
901.0 1513.0 918.0 1513.0 918.0 1536.0 901.0 1536.0 small-vehicle 1
918.0 1491.0 931.0 1491.0 931.0 1514.0 918.0 1514.0 small-vehicle 1
873.0 1591.0 891.0 1591.0 891.0 1613.0 873.0 1613.0 small-vehicle 1
849.0 2645.0 859.0 2645.0 859.0 2667.0 849.0 2667.0 small-vehicle 1
461.0 2500.0 483.0 2500.0 483.0 2509.0 461.0 2509.0 small-vehicle 1
463.0 2511.0 482.0 2511.0 482.0 2522.0 463.0 2522.0 small-vehicle 1
465.0 2539.0 486.0 2539.0 486.0 2549.0 465.0 2549.0 small-vehicle 1
467.0 2551.0 488.0 2551.0 488.0 2562.0 467.0 2562.0 small-vehicle 1
466.0 2578.0 489.0 2578.0 489.0 2588.0 466.0 2588.0 small-vehicle 1
399.0 2453.0 425.0 2453.0 425.0 2465.0 399.0 2465.0 small-vehicle 1
404.0 2491.0 429.0 2491.0 429.0 2502.0 404.0 2502.0 small-vehicle 1
412.0 2513.0 434.0 2513.0 434.0 2525.0 412.0 2525.0 small-vehicle 1
412.0 2530.0 435.0 2530.0 435.0 2539.0 412.0 2539.0 small-vehicle 1
468.0 2597.0 492.0 2597.0 492.0 2608.0 468.0 2608.0 small-vehicle 1
470.0 2608.0 495.0 2608.0 495.0 2621.0 470.0 2621.0 small-vehicle 1
636.0 2520.0 656.0 2520.0 656.0 2530.0 636.0 2530.0 small-vehicle 1
636.0 2551.0 660.0 2551.0 660.0 2563.0 636.0 2563.0 small-vehicle 1
653.0 2624.0 668.0 2624.0 668.0 2648.0 653.0 2648.0 small-vehicle 1
864.0 2631.0 874.0 2631.0 874.0 2651.0 864.0 2651.0 small-vehicle 1
459.0 2462.0 482.0 2462.0 482.0 2474.0 459.0 2474.0 small-vehicle 1
904.0 2627.0 915.0 2627.0 915.0 2652.0 904.0 2652.0 small-vehicle 1
920.0 2626.0 930.0 2626.0 930.0 2648.0 920.0 2648.0 small-vehicle 1
728.0 2624.0 744.0 2624.0 744.0 2660.0 728.0 2660.0 ship 0
696.0 2624.0 710.0 2624.0 710.0 2659.0 696.0 2659.0 ship 0
935.0 2622.0 948.0 2622.0 948.0 2653.0 935.0 2653.0 ship 0
948.0 2627.0 956.0 2627.0 956.0 2648.0 948.0 2648.0 small-vehicle 1
479.0 2784.0 507.0 2784.0 507.0 2797.0 479.0 2797.0 small-vehicle 1
1125.0 45.0 1136.0 45.0 1136.0 68.0 1125.0 68.0 small-vehicle 1
1976.0 380.0 1995.0 380.0 1995.0 391.0 1976.0 391.0 small-vehicle 1
2153.0 328.0 2167.0 328.0 2167.0 348.0 2153.0 348.0 small-vehicle 1
2187.0 340.0 2202.0 340.0 2202.0 361.0 2187.0 361.0 small-vehicle 1
2203.0 340.0 2215.0 340.0 2215.0 362.0 2203.0 362.0 small-vehicle 1
2218.0 346.0 2229.0 346.0 2229.0 367.0 2218.0 367.0 small-vehicle 1
1966.0 435.0 1986.0 435.0 1986.0 447.0 1966.0 447.0 small-vehicle 1
462.0 2487.0 483.0 2487.0 483.0 2498.0 462.0 2498.0 small-vehicle 1
400.0 2432.0 422.0 2432.0 422.0 2444.0 400.0 2444.0 small-vehicle 1
867.0 1584.0 884.0 1584.0 884.0 1605.0 867.0 1605.0 small-vehicle 1
491.0 2051.0 507.0 2051.0 507.0 2078.0 491.0 2078.0 small-vehicle 1
888.0 1536.0 909.0 1536.0 909.0 1560.0 888.0 1560.0 small-vehicle 1
161.0 1567.0 186.0 1567.0 186.0 1577.0 161.0 1577.0 small-vehicle 1
277.0 1559.0 295.0 1559.0 295.0 1569.0 277.0 1569.0 small-vehicle 1
756.0 1740.0 774.0 1740.0 774.0 1765.0 756.0 1765.0 small-vehicle 1
717.0 1792.0 734.0 1792.0 734.0 1822.0 717.0 1822.0 small-vehicle 1
734.0 1800.0 754.0 1800.0 754.0 1828.0 734.0 1828.0 small-vehicle 1
253.0 1650.0 263.0 1650.0 263.0 1672.0 253.0 1672.0 small-vehicle 1
252.0 1680.0 264.0 1680.0 264.0 1704.0 252.0 1704.0 small-vehicle 1
256.0 1729.0 266.0 1729.0 266.0 1751.0 256.0 1751.0 small-vehicle 1
675.0 1909.0 693.0 1909.0 693.0 1935.0 675.0 1935.0 small-vehicle 1
120.0 1970.0 144.0 1970.0 144.0 1980.0 120.0 1980.0 small-vehicle 1
122.0 1983.0 145.0 1983.0 145.0 1994.0 122.0 1994.0 small-vehicle 1
114.0 2038.0 135.0 2038.0 135.0 2064.0 114.0 2064.0 small-vehicle 1
462.0 2040.0 479.0 2040.0 479.0 2069.0 462.0 2069.0 small-vehicle 1
588.0 2080.0 610.0 2080.0 610.0 2108.0 588.0 2108.0 small-vehicle 1
457.0 2450.0 480.0 2450.0 480.0 2460.0 457.0 2460.0 small-vehicle 1
622.0 2087.0 644.0 2087.0 644.0 2112.0 622.0 2112.0 small-vehicle 1
511.0 2134.0 539.0 2134.0 539.0 2154.0 511.0 2154.0 small-vehicle 1
526.0 2157.0 550.0 2157.0 550.0 2174.0 526.0 2174.0 small-vehicle 1
562.0 2144.0 580.0 2144.0 580.0 2161.0 562.0 2161.0 small-vehicle 1
586.0 2120.0 612.0 2120.0 612.0 2141.0 586.0 2141.0 small-vehicle 1
448.0 2341.0 470.0 2341.0 470.0 2349.0 448.0 2349.0 small-vehicle 1
450.0 2355.0 473.0 2355.0 473.0 2365.0 450.0 2365.0 small-vehicle 1
450.0 2368.0 476.0 2368.0 476.0 2378.0 450.0 2378.0 small-vehicle 1
453.0 2379.0 478.0 2379.0 478.0 2389.0 453.0 2389.0 small-vehicle 1
456.0 2391.0 476.0 2391.0 476.0 2400.0 456.0 2400.0 small-vehicle 1
455.0 2403.0 479.0 2403.0 479.0 2413.0 455.0 2413.0 small-vehicle 1
457.0 2414.0 479.0 2414.0 479.0 2425.0 457.0 2425.0 small-vehicle 1
456.0 2427.0 481.0 2427.0 481.0 2438.0 456.0 2438.0 small-vehicle 1
456.0 2439.0 480.0 2439.0 480.0 2450.0 456.0 2450.0 small-vehicle 1
775.0 1560.0 817.0 1560.0 817.0 1592.0 775.0 1592.0 large-vehicle 0
