imagesource:GoogleEarth
gsd:0.106162053209
1470.0 231.0 1513.0 231.0 1513.0 261.0 1470.0 261.0 small-vehicle 0
1296.0 536.0 1388.0 536.0 1388.0 629.0 1296.0 629.0 large-vehicle 0
669.0 308.0 837.0 308.0 837.0 340.0 669.0 340.0 large-vehicle 0
698.0 703.0 733.0 703.0 733.0 805.0 698.0 805.0 large-vehicle 0
914.0 607.0 1003.0 607.0 1003.0 697.0 914.0 697.0 large-vehicle 0
948.0 584.0 1040.0 584.0 1040.0 689.0 948.0 689.0 large-vehicle 0
1021.0 611.0 1114.0 611.0 1114.0 708.0 1021.0 708.0 large-vehicle 0
963.0 535.0 1040.0 535.0 1040.0 622.0 963.0 622.0 large-vehicle 0
980.0 506.0 1060.0 506.0 1060.0 597.0 980.0 597.0 large-vehicle 0
1048.0 596.0 1143.0 596.0 1143.0 693.0 1048.0 693.0 large-vehicle 0
1086.0 590.0 1179.0 590.0 1179.0 686.0 1086.0 686.0 large-vehicle 0
1133.0 591.0 1224.0 591.0 1224.0 688.0 1133.0 688.0 large-vehicle 0
1186.0 604.0 1268.0 604.0 1268.0 690.0 1186.0 690.0 large-vehicle 0
1224.0 596.0 1316.0 596.0 1316.0 699.0 1224.0 699.0 large-vehicle 0
1256.0 590.0 1345.0 590.0 1345.0 688.0 1256.0 688.0 large-vehicle 0
1285.0 571.0 1372.0 571.0 1372.0 668.0 1285.0 668.0 large-vehicle 0
1214.0 493.0 1306.0 493.0 1306.0 590.0 1214.0 590.0 large-vehicle 0
558.0 451.0 594.0 451.0 594.0 512.0 558.0 512.0 large-vehicle 0
1191.0 514.0 1272.0 514.0 1272.0 597.0 1191.0 597.0 large-vehicle 0
1150.0 509.0 1236.0 509.0 1236.0 604.0 1150.0 604.0 large-vehicle 0
1105.0 504.0 1194.0 504.0 1194.0 603.0 1105.0 603.0 large-vehicle 0
1074.0 513.0 1154.0 513.0 1154.0 607.0 1074.0 607.0 large-vehicle 0
1039.0 524.0 1110.0 524.0 1110.0 606.0 1039.0 606.0 large-vehicle 0
1122.0 98.0 1261.0 98.0 1261.0 174.0 1122.0 174.0 large-vehicle 1
1385.0 782.0 1490.0 782.0 1490.0 810.0 1385.0 810.0 large-vehicle 0
1430.0 411.0 1485.0 411.0 1485.0 492.0 1430.0 492.0 large-vehicle 0
346.0 462.0 379.0 462.0 379.0 526.0 346.0 526.0 large-vehicle 0
373.0 459.0 410.0 459.0 410.0 525.0 373.0 525.0 large-vehicle 0
404.0 460.0 441.0 460.0 441.0 519.0 404.0 519.0 large-vehicle 0
435.0 453.0 470.0 453.0 470.0 522.0 435.0 522.0 large-vehicle 0
464.0 450.0 502.0 450.0 502.0 519.0 464.0 519.0 large-vehicle 0
492.0 446.0 530.0 446.0 530.0 512.0 492.0 512.0 large-vehicle 0
669.0 342.0 834.0 342.0 834.0 373.0 669.0 373.0 large-vehicle 0
857.0 232.0 901.0 232.0 901.0 328.0 857.0 328.0 large-vehicle 0
922.0 233.0 966.0 233.0 966.0 328.0 922.0 328.0 large-vehicle 0
956.0 240.0 1000.0 240.0 1000.0 336.0 956.0 336.0 large-vehicle 0
335.0 525.0 442.0 525.0 442.0 559.0 335.0 559.0 large-vehicle 0
448.0 523.0 546.0 523.0 546.0 552.0 448.0 552.0 large-vehicle 0
339.0 555.0 438.0 555.0 438.0 585.0 339.0 585.0 large-vehicle 0
445.0 550.0 554.0 550.0 554.0 583.0 445.0 583.0 large-vehicle 0
341.0 590.0 453.0 590.0 453.0 621.0 341.0 621.0 large-vehicle 0
443.0 406.0 559.0 406.0 559.0 441.0 443.0 441.0 large-vehicle 0
1536.0 780.0 1645.0 780.0 1645.0 811.0 1536.0 811.0 large-vehicle 0
1531.0 737.0 1619.0 737.0 1619.0 765.0 1531.0 765.0 large-vehicle 0
1634.0 732.0 1708.0 732.0 1708.0 757.0 1634.0 757.0 large-vehicle 0
1596.0 699.0 1693.0 699.0 1693.0 730.0 1596.0 730.0 large-vehicle 0
1595.0 670.0 1702.0 670.0 1702.0 697.0 1595.0 697.0 large-vehicle 0
1579.0 641.0 1684.0 641.0 1684.0 666.0 1579.0 666.0 large-vehicle 0
1589.0 613.0 1701.0 613.0 1701.0 639.0 1589.0 639.0 large-vehicle 0
1592.0 584.0 1701.0 584.0 1701.0 613.0 1592.0 613.0 large-vehicle 0
1587.0 552.0 1693.0 552.0 1693.0 581.0 1587.0 581.0 large-vehicle 0
1593.0 505.0 1707.0 505.0 1707.0 536.0 1593.0 536.0 large-vehicle 0
1524.0 429.0 1572.0 429.0 1572.0 525.0 1524.0 525.0 large-vehicle 0
1475.0 423.0 1528.0 423.0 1528.0 521.0 1475.0 521.0 large-vehicle 0
1389.0 400.0 1442.0 400.0 1442.0 486.0 1389.0 486.0 large-vehicle 0
1352.0 382.0 1404.0 382.0 1404.0 457.0 1352.0 457.0 large-vehicle 0
1309.0 359.0 1363.0 359.0 1363.0 439.0 1309.0 439.0 large-vehicle 0
1256.0 336.0 1314.0 336.0 1314.0 435.0 1256.0 435.0 large-vehicle 0
1215.0 323.0 1277.0 323.0 1277.0 420.0 1215.0 420.0 large-vehicle 0
1179.0 307.0 1230.0 307.0 1230.0 390.0 1179.0 390.0 large-vehicle 0
1137.0 286.0 1192.0 286.0 1192.0 385.0 1137.0 385.0 large-vehicle 0
1106.0 295.0 1146.0 295.0 1146.0 372.0 1106.0 372.0 large-vehicle 0
1067.0 265.0 1110.0 265.0 1110.0 361.0 1067.0 361.0 large-vehicle 0
1019.0 250.0 1070.0 250.0 1070.0 338.0 1019.0 338.0 large-vehicle 0
986.0 241.0 1035.0 241.0 1035.0 350.0 986.0 350.0 large-vehicle 0
530.0 446.0 563.0 446.0 563.0 505.0 530.0 505.0 large-vehicle 0
999.0 760.0 1049.0 760.0 1049.0 820.0 999.0 820.0 large-vehicle 0
1462.0 321.0 1509.0 321.0 1509.0 350.0 1462.0 350.0 small-vehicle 0
75.0 932.0 122.0 932.0 122.0 977.0 75.0 977.0 small-vehicle 1
8.0 841.0 32.0 841.0 32.0 890.0 8.0 890.0 small-vehicle 0
20.0 967.0 43.0 967.0 43.0 1014.0 20.0 1014.0 small-vehicle 0
299.0 471.0 324.0 471.0 324.0 514.0 299.0 514.0 small-vehicle 0
34.0 573.0 64.0 573.0 64.0 615.0 34.0 615.0 small-vehicle 1
46.0 609.0 84.0 609.0 84.0 651.0 46.0 651.0 small-vehicle 1
53.0 645.0 89.0 645.0 89.0 684.0 53.0 684.0 small-vehicle 1
57.0 679.0 91.0 679.0 91.0 714.0 57.0 714.0 small-vehicle 1
59.0 704.0 99.0 704.0 99.0 746.0 59.0 746.0 small-vehicle 1
58.0 740.0 97.0 740.0 97.0 783.0 58.0 783.0 small-vehicle 1
59.0 776.0 102.0 776.0 102.0 817.0 59.0 817.0 small-vehicle 1
65.0 802.0 108.0 802.0 108.0 844.0 65.0 844.0 small-vehicle 1
71.0 839.0 111.0 839.0 111.0 877.0 71.0 877.0 small-vehicle 1
69.0 871.0 110.0 871.0 110.0 912.0 69.0 912.0 small-vehicle 1
75.0 903.0 120.0 903.0 120.0 945.0 75.0 945.0 small-vehicle 1
75.0 969.0 121.0 969.0 121.0 1013.0 75.0 1013.0 small-vehicle 1
1036.0 755.0 1099.0 755.0 1099.0 826.0 1036.0 826.0 large-vehicle 0
83.0 1001.0 126.0 1001.0 126.0 1039.0 83.0 1039.0 small-vehicle 1
1084.0 996.0 1107.0 996.0 1107.0 1041.0 1084.0 1041.0 small-vehicle 1
1089.0 1039.0 1109.0 1039.0 1109.0 1077.0 1089.0 1077.0 small-vehicle 1
1710.0 329.0 1750.0 329.0 1750.0 353.0 1710.0 353.0 small-vehicle 1
1759.0 346.0 1800.0 346.0 1800.0 379.0 1759.0 379.0 small-vehicle 1
1600.0 240.0 1621.0 240.0 1621.0 282.0 1600.0 282.0 small-vehicle 1
1103.0 177.0 1150.0 177.0 1150.0 205.0 1103.0 205.0 small-vehicle 1
1149.0 188.0 1192.0 188.0 1192.0 225.0 1149.0 225.0 small-vehicle 1
1187.0 209.0 1230.0 209.0 1230.0 240.0 1187.0 240.0 small-vehicle 1
1225.0 224.0 1264.0 224.0 1264.0 253.0 1225.0 253.0 small-vehicle 1
1758.0 143.0 1805.0 143.0 1805.0 182.0 1758.0 182.0 small-vehicle 1
1831.0 51.0 1861.0 51.0 1861.0 97.0 1831.0 97.0 small-vehicle 1
1048.0 59.0 1094.0 59.0 1094.0 93.0 1048.0 93.0 small-vehicle 1
967.0 29.0 1008.0 29.0 1008.0 60.0 967.0 60.0 small-vehicle 1
1330.0 838.0 1366.0 838.0 1366.0 858.0 1330.0 858.0 small-vehicle 0
1136.0 1002.0 1160.0 1002.0 1160.0 1041.0 1136.0 1041.0 small-vehicle 0
1082.0 933.0 1107.0 933.0 1107.0 972.0 1082.0 972.0 small-vehicle 0
1130.0 921.0 1150.0 921.0 1150.0 965.0 1130.0 965.0 small-vehicle 0
1082.0 774.0 1130.0 774.0 1130.0 830.0 1082.0 830.0 large-vehicle 0
1178.0 764.0 1224.0 764.0 1224.0 823.0 1178.0 823.0 large-vehicle 0
1209.0 757.0 1264.0 757.0 1264.0 824.0 1209.0 824.0 large-vehicle 0
1282.0 762.0 1344.0 762.0 1344.0 834.0 1282.0 834.0 large-vehicle 0
1321.0 769.0 1374.0 769.0 1374.0 828.0 1321.0 828.0 large-vehicle 0
325.0 468.0 353.0 468.0 353.0 523.0 325.0 523.0 large-vehicle 0
1840.0 26.0 1871.0 26.0 1871.0 70.0 1840.0 70.0 small-vehicle 0
1778.0 184.0 1816.0 184.0 1816.0 225.0 1778.0 225.0 small-vehicle 0
1738.0 240.0 1787.0 240.0 1787.0 269.0 1738.0 269.0 small-vehicle 0
1556.0 261.0 1595.0 261.0 1595.0 292.0 1556.0 292.0 small-vehicle 0
1804.0 368.0 1855.0 368.0 1855.0 403.0 1804.0 403.0 small-vehicle 0
1768.0 440.0 1818.0 440.0 1818.0 474.0 1768.0 474.0 small-vehicle 0
1512.0 338.0 1556.0 338.0 1556.0 365.0 1512.0 365.0 small-vehicle 0
970.0 116.0 1009.0 116.0 1009.0 152.0 970.0 152.0 small-vehicle 0
1014.0 134.0 1057.0 134.0 1057.0 174.0 1014.0 174.0 small-vehicle 0
1063.0 154.0 1103.0 154.0 1103.0 189.0 1063.0 189.0 small-vehicle 0
1091.0 77.0 1131.0 77.0 1131.0 110.0 1091.0 110.0 small-vehicle 0
1006.0 46.0 1051.0 46.0 1051.0 80.0 1006.0 80.0 small-vehicle 0
1123.0 8.0 1166.0 8.0 1166.0 47.0 1123.0 47.0 small-vehicle 0
1182.0 37.0 1222.0 37.0 1222.0 68.0 1182.0 68.0 small-vehicle 0
1556.0 173.0 1601.0 173.0 1601.0 213.0 1556.0 213.0 small-vehicle 0
1597.0 192.0 1645.0 192.0 1645.0 231.0 1597.0 231.0 small-vehicle 0
1636.0 385.0 1676.0 385.0 1676.0 419.0 1636.0 419.0 small-vehicle 0
1674.0 397.0 1721.0 397.0 1721.0 436.0 1674.0 436.0 small-vehicle 0
1726.0 424.0 1764.0 424.0 1764.0 455.0 1726.0 455.0 small-vehicle 0
1517.0 243.0 1555.0 243.0 1555.0 279.0 1517.0 279.0 small-vehicle 0
332.0 324.0 376.0 324.0 376.0 373.0 332.0 373.0 small-vehicle 0
238.0 353.0 281.0 353.0 281.0 383.0 238.0 383.0 small-vehicle 0
1085.0 851.0 1103.0 851.0 1103.0 887.0 1085.0 887.0 small-vehicle 0
195.0 154.0 337.0 154.0 337.0 251.0 195.0 251.0 large-vehicle 0
