imagesource:GoogleEarth
gsd:0.285148510203
799.0 1112.0 817.0 1112.0 817.0 1119.0 799.0 1119.0 small-vehicle 1
839.0 1124.0 856.0 1124.0 856.0 1133.0 839.0 1133.0 small-vehicle 1
387.0 322.0 592.0 322.0 592.0 517.0 387.0 517.0 baseball-diamond 0
515.0 521.0 723.0 521.0 723.0 719.0 515.0 719.0 baseball-diamond 0
436.0 811.0 642.0 811.0 642.0 1013.0 436.0 1013.0 baseball-diamond 0
591.0 1016.0 772.0 1016.0 772.0 1189.0 591.0 1189.0 baseball-diamond 0
488.0 1269.0 667.0 1269.0 667.0 1434.0 488.0 1434.0 baseball-diamond 0
182.0 1536.0 405.0 1536.0 405.0 1737.0 182.0 1737.0 baseball-diamond 0
254.0 1255.0 462.0 1255.0 462.0 1455.0 254.0 1455.0 baseball-diamond 0
136.0 1056.0 337.0 1056.0 337.0 1245.0 136.0 1245.0 baseball-diamond 0
215.0 756.0 413.0 756.0 413.0 946.0 215.0 946.0 baseball-diamond 0
82.0 552.0 289.0 552.0 289.0 752.0 82.0 752.0 baseball-diamond 0
170.0 265.0 360.0 265.0 360.0 459.0 170.0 459.0 baseball-diamond 0
813.0 899.0 831.0 899.0 831.0 908.0 813.0 908.0 small-vehicle 0
781.0 927.0 799.0 927.0 799.0 936.0 781.0 936.0 small-vehicle 0
786.0 980.0 804.0 980.0 804.0 989.0 786.0 989.0 small-vehicle 0
827.0 1020.0 843.0 1020.0 843.0 1028.0 827.0 1028.0 small-vehicle 0
828.0 1046.0 847.0 1046.0 847.0 1055.0 828.0 1055.0 small-vehicle 0
792.0 1042.0 811.0 1042.0 811.0 1049.0 792.0 1049.0 small-vehicle 0
799.0 1146.0 823.0 1146.0 823.0 1154.0 799.0 1154.0 small-vehicle 0
809.0 1199.0 827.0 1199.0 827.0 1206.0 809.0 1206.0 small-vehicle 0
812.0 1232.0 830.0 1232.0 830.0 1241.0 812.0 1241.0 small-vehicle 0
817.0 1260.0 832.0 1260.0 832.0 1269.0 817.0 1269.0 small-vehicle 1
816.0 1277.0 834.0 1277.0 834.0 1287.0 816.0 1287.0 small-vehicle 0
850.0 1230.0 865.0 1230.0 865.0 1238.0 850.0 1238.0 small-vehicle 0
847.0 1204.0 864.0 1204.0 864.0 1210.0 847.0 1210.0 small-vehicle 0
845.0 1195.0 863.0 1195.0 863.0 1202.0 845.0 1202.0 small-vehicle 0
840.0 1151.0 857.0 1151.0 857.0 1161.0 840.0 1161.0 small-vehicle 0
832.0 1082.0 849.0 1082.0 849.0 1090.0 832.0 1090.0 small-vehicle 0
832.0 1072.0 849.0 1072.0 849.0 1080.0 832.0 1080.0 small-vehicle 0
834.0 1099.0 853.0 1099.0 853.0 1109.0 834.0 1109.0 small-vehicle 0
471.0 30.0 662.0 30.0 662.0 216.0 471.0 216.0 baseball-diamond 0
