imagesource:GoogleEarth
gsd:0.141039867729
1000.0 169.0 1043.0 169.0 1043.0 189.0 1000.0 189.0 small-vehicle 1
1425.0 2331.0 1445.0 2331.0 1445.0 2367.0 1425.0 2367.0 small-vehicle 0
554.0 1277.0 578.0 1277.0 578.0 1317.0 554.0 1317.0 small-vehicle 0
409.0 1801.0 445.0 1801.0 445.0 1840.0 409.0 1840.0 small-vehicle 0
598.0 2104.0 624.0 2104.0 624.0 2140.0 598.0 2140.0 small-vehicle 0
520.0 2005.0 547.0 2005.0 547.0 2032.0 520.0 2032.0 small-vehicle 0
679.0 2142.0 703.0 2142.0 703.0 2175.0 679.0 2175.0 small-vehicle 0
637.0 2157.0 669.0 2157.0 669.0 2199.0 637.0 2199.0 small-vehicle 0
967.0 2037.0 1002.0 2037.0 1002.0 2068.0 967.0 2068.0 small-vehicle 0
1004.0 1988.0 1038.0 1988.0 1038.0 2025.0 1004.0 2025.0 small-vehicle 0
1024.0 1974.0 1052.0 1974.0 1052.0 2006.0 1024.0 2006.0 small-vehicle 0
1051.0 1947.0 1086.0 1947.0 1086.0 1988.0 1051.0 1988.0 small-vehicle 0
1073.0 1944.0 1108.0 1944.0 1108.0 1986.0 1073.0 1986.0 small-vehicle 0
1013.0 2050.0 1053.0 2050.0 1053.0 2075.0 1013.0 2075.0 small-vehicle 0
1231.0 1975.0 1267.0 1975.0 1267.0 2014.0 1231.0 2014.0 small-vehicle 0
1442.0 2029.0 1460.0 2029.0 1460.0 2065.0 1442.0 2065.0 small-vehicle 0
1490.0 1910.0 1527.0 1910.0 1527.0 1943.0 1490.0 1943.0 small-vehicle 0
1448.0 2088.0 1478.0 2088.0 1478.0 2124.0 1448.0 2124.0 small-vehicle 0
1466.0 2121.0 1496.0 2121.0 1496.0 2149.0 1466.0 2149.0 small-vehicle 0
1380.0 2202.0 1432.0 2202.0 1432.0 2255.0 1380.0 2255.0 small-vehicle 0
1371.0 2225.0 1419.0 2225.0 1419.0 2270.0 1371.0 2270.0 small-vehicle 0
1354.0 2246.0 1405.0 2246.0 1405.0 2291.0 1354.0 2291.0 small-vehicle 0
1515.0 2277.0 1549.0 2277.0 1549.0 2332.0 1515.0 2332.0 small-vehicle 0
1493.0 2301.0 1511.0 2301.0 1511.0 2337.0 1493.0 2337.0 small-vehicle 0
1466.0 2314.0 1486.0 2314.0 1486.0 2348.0 1466.0 2348.0 small-vehicle 0
551.0 1153.0 585.0 1153.0 585.0 1191.0 551.0 1191.0 small-vehicle 0
99.0 156.0 116.0 156.0 116.0 191.0 99.0 191.0 small-vehicle 0
452.0 178.0 486.0 178.0 486.0 195.0 452.0 195.0 small-vehicle 0
654.0 1759.0 886.0 1759.0 886.0 1994.0 654.0 1994.0 basketball-court 0
456.0 434.0 581.0 434.0 581.0 675.0 456.0 675.0 basketball-court 0
592.0 432.0 708.0 432.0 708.0 675.0 592.0 675.0 basketball-court 0
716.0 432.0 835.0 432.0 835.0 675.0 716.0 675.0 basketball-court 0
584.0 682.0 710.0 682.0 710.0 896.0 584.0 896.0 basketball-court 0
718.0 682.0 843.0 682.0 843.0 896.0 718.0 896.0 basketball-court 0
714.0 905.0 844.0 905.0 844.0 1113.0 714.0 1113.0 basketball-court 0
597.0 1522.0 815.0 1522.0 815.0 1750.0 597.0 1750.0 basketball-court 0
506.0 1605.0 729.0 1605.0 729.0 1836.0 506.0 1836.0 basketball-court 0
420.0 1694.0 637.0 1694.0 637.0 1924.0 420.0 1924.0 basketball-court 0
561.0 1850.0 787.0 1850.0 787.0 2071.0 561.0 2071.0 basketball-court 0
741.0 1679.0 964.0 1679.0 964.0 1908.0 741.0 1908.0 basketball-court 0
453.0 154.0 486.0 154.0 486.0 173.0 453.0 173.0 small-vehicle 0
821.0 1847.0 1060.0 1847.0 1060.0 2074.0 821.0 2074.0 tennis-court 0
934.0 409.0 1607.0 409.0 1607.0 1635.0 934.0 1635.0 ground-track-field 0
1544.0 2898.0 1683.0 2898.0 1683.0 2954.0 1544.0 2954.0 large-vehicle 0
1476.0 2915.0 1517.0 2915.0 1517.0 2940.0 1476.0 2940.0 small-vehicle 0
466.0 71.0 497.0 71.0 497.0 97.0 466.0 97.0 small-vehicle 0
467.0 101.0 493.0 101.0 493.0 116.0 467.0 116.0 small-vehicle 0
454.0 123.0 482.0 123.0 482.0 141.0 454.0 141.0 small-vehicle 0
535.0 67.0 563.0 67.0 563.0 81.0 535.0 81.0 small-vehicle 0
532.0 86.0 561.0 86.0 561.0 105.0 532.0 105.0 small-vehicle 0
575.0 109.0 592.0 109.0 592.0 144.0 575.0 144.0 small-vehicle 0
1445.0 2323.0 1466.0 2323.0 1466.0 2360.0 1445.0 2360.0 small-vehicle 0
1338.0 2339.0 1409.0 2339.0 1409.0 2391.0 1338.0 2391.0 small-vehicle 0
1617.0 152.0 1629.0 152.0 1629.0 183.0 1617.0 183.0 small-vehicle 1
1326.0 2314.0 1374.0 2314.0 1374.0 2343.0 1326.0 2343.0 small-vehicle 0
1738.0 1191.0 1774.0 1191.0 1774.0 1206.0 1738.0 1206.0 small-vehicle 1
1740.0 1164.0 1770.0 1164.0 1770.0 1177.0 1740.0 1177.0 small-vehicle 1
1736.0 1105.0 1765.0 1105.0 1765.0 1116.0 1736.0 1116.0 small-vehicle 1
1736.0 1076.0 1764.0 1076.0 1764.0 1090.0 1736.0 1090.0 small-vehicle 1
1736.0 1061.0 1764.0 1061.0 1764.0 1073.0 1736.0 1073.0 small-vehicle 1
1732.0 1040.0 1765.0 1040.0 1765.0 1056.0 1732.0 1056.0 small-vehicle 1
1730.0 1015.0 1759.0 1015.0 1759.0 1029.0 1730.0 1029.0 small-vehicle 1
1728.0 996.0 1758.0 996.0 1758.0 1011.0 1728.0 1011.0 small-vehicle 1
1727.0 978.0 1761.0 978.0 1761.0 995.0 1727.0 995.0 small-vehicle 1
1728.0 961.0 1761.0 961.0 1761.0 980.0 1728.0 980.0 small-vehicle 1
1725.0 946.0 1757.0 946.0 1757.0 962.0 1725.0 962.0 small-vehicle 1
1719.0 885.0 1751.0 885.0 1751.0 901.0 1719.0 901.0 small-vehicle 1
1716.0 846.0 1746.0 846.0 1746.0 861.0 1716.0 861.0 small-vehicle 1
1713.0 802.0 1751.0 802.0 1751.0 821.0 1713.0 821.0 small-vehicle 1
1705.0 743.0 1742.0 743.0 1742.0 757.0 1705.0 757.0 small-vehicle 1
1697.0 681.0 1732.0 681.0 1732.0 699.0 1697.0 699.0 small-vehicle 1
1697.0 626.0 1730.0 626.0 1730.0 643.0 1697.0 643.0 small-vehicle 1
1484.0 158.0 1497.0 158.0 1497.0 197.0 1484.0 197.0 small-vehicle 1
1523.0 159.0 1536.0 159.0 1536.0 192.0 1523.0 192.0 small-vehicle 1
1542.0 158.0 1555.0 158.0 1555.0 194.0 1542.0 194.0 small-vehicle 1
1560.0 158.0 1575.0 158.0 1575.0 193.0 1560.0 193.0 small-vehicle 1
1580.0 156.0 1594.0 156.0 1594.0 190.0 1580.0 190.0 small-vehicle 1
1598.0 153.0 1612.0 153.0 1612.0 188.0 1598.0 188.0 small-vehicle 1
1739.0 1299.0 1775.0 1299.0 1775.0 1316.0 1739.0 1316.0 small-vehicle 1
1739.0 1409.0 1768.0 1409.0 1768.0 1421.0 1739.0 1421.0 small-vehicle 1
1734.0 1451.0 1767.0 1451.0 1767.0 1467.0 1734.0 1467.0 small-vehicle 1
1895.0 2862.0 1926.0 2862.0 1926.0 2884.0 1895.0 2884.0 small-vehicle 0
1296.0 2714.0 1329.0 2714.0 1329.0 2734.0 1296.0 2734.0 small-vehicle 0
1171.0 2842.0 1204.0 2842.0 1204.0 2861.0 1171.0 2861.0 small-vehicle 0
1137.0 2838.0 1164.0 2838.0 1164.0 2857.0 1137.0 2857.0 small-vehicle 0
1197.0 2883.0 1231.0 2883.0 1231.0 2913.0 1197.0 2913.0 small-vehicle 0
1133.0 2892.0 1168.0 2892.0 1168.0 2918.0 1133.0 2918.0 small-vehicle 0
1119.0 2870.0 1152.0 2870.0 1152.0 2889.0 1119.0 2889.0 small-vehicle 0
1158.0 2866.0 1181.0 2866.0 1181.0 2880.0 1158.0 2880.0 small-vehicle 0
1092.0 2875.0 1123.0 2875.0 1123.0 2907.0 1092.0 2907.0 small-vehicle 0
1785.0 2868.0 1824.0 2868.0 1824.0 2887.0 1785.0 2887.0 small-vehicle 0
1832.0 2833.0 1874.0 2833.0 1874.0 2857.0 1832.0 2857.0 small-vehicle 0
1851.0 2889.0 1889.0 2889.0 1889.0 2914.0 1851.0 2914.0 small-vehicle 0
1311.0 1984.0 1341.0 1984.0 1341.0 2016.0 1311.0 2016.0 small-vehicle 1
1578.0 2780.0 1608.0 2780.0 1608.0 2802.0 1578.0 2802.0 small-vehicle 0
1475.0 2759.0 1504.0 2759.0 1504.0 2776.0 1475.0 2776.0 small-vehicle 0
336.0 312.0 367.0 312.0 367.0 333.0 336.0 333.0 small-vehicle 1
505.0 236.0 540.0 236.0 540.0 247.0 505.0 247.0 small-vehicle 1
578.0 267.0 615.0 267.0 615.0 283.0 578.0 283.0 small-vehicle 1
1415.0 2739.0 1451.0 2739.0 1451.0 2766.0 1415.0 2766.0 small-vehicle 1
1444.0 2812.0 1484.0 2812.0 1484.0 2838.0 1444.0 2838.0 small-vehicle 1
1644.0 2874.0 1679.0 2874.0 1679.0 2887.0 1644.0 2887.0 small-vehicle 1
1933.0 2800.0 1976.0 2800.0 1976.0 2821.0 1933.0 2821.0 small-vehicle 1
1939.0 2771.0 1982.0 2771.0 1982.0 2792.0 1939.0 2792.0 small-vehicle 1
979.0 656.0 1560.0 656.0 1560.0 1492.0 979.0 1492.0 soccer-ball-field 0
