imagesource:GoogleEarth
gsd:0.139045950413
1546.0 1762.0 1581.0 1762.0 1581.0 1785.0 1546.0 1785.0 small-vehicle 1
148.0 1627.0 172.0 1627.0 172.0 1661.0 148.0 1661.0 small-vehicle 1
722.0 1868.0 761.0 1868.0 761.0 1900.0 722.0 1900.0 small-vehicle 1
616.0 64.0 1394.0 64.0 1394.0 1434.0 616.0 1434.0 ground-track-field 0
449.0 1326.0 575.0 1326.0 575.0 1530.0 449.0 1530.0 tennis-court 0
292.0 1130.0 415.0 1130.0 415.0 1315.0 292.0 1315.0 tennis-court 0
416.0 1077.0 530.0 1077.0 530.0 1262.0 416.0 1262.0 tennis-court 0
479.0 219.0 639.0 219.0 639.0 454.0 479.0 454.0 basketball-court 0
722.0 361.0 1304.0 361.0 1304.0 1128.0 722.0 1128.0 soccer-ball-field 0
631.0 1355.0 797.0 1355.0 797.0 1598.0 631.0 1598.0 basketball-court 0
598.0 1122.0 755.0 1122.0 755.0 1360.0 598.0 1360.0 basketball-court 0
563.0 903.0 717.0 903.0 717.0 1129.0 563.0 1129.0 basketball-court 0
538.0 677.0 686.0 677.0 686.0 906.0 538.0 906.0 basketball-court 0
522.0 450.0 663.0 450.0 663.0 675.0 522.0 675.0 basketball-court 0
