imagesource:GoogleEarth
gsd:0.139065402326
44.0 1748.0 79.0 1748.0 79.0 1761.0 44.0 1761.0 small-vehicle 1
189.0 430.0 269.0 430.0 269.0 574.0 189.0 574.0 tennis-court 0
677.0 172.0 709.0 172.0 709.0 191.0 677.0 191.0 small-vehicle 0
676.0 152.0 709.0 152.0 709.0 169.0 676.0 169.0 small-vehicle 0
675.0 129.0 711.0 129.0 711.0 149.0 675.0 149.0 small-vehicle 0
676.0 106.0 710.0 106.0 710.0 127.0 676.0 127.0 small-vehicle 0
676.0 85.0 708.0 85.0 708.0 106.0 676.0 106.0 small-vehicle 0
666.0 70.0 703.0 70.0 703.0 86.0 666.0 86.0 small-vehicle 0
199.0 761.0 276.0 761.0 276.0 902.0 199.0 902.0 tennis-court 0
191.0 599.0 272.0 599.0 272.0 740.0 191.0 740.0 tennis-court 0
1350.0 1355.0 1479.0 1355.0 1479.0 1615.0 1350.0 1615.0 basketball-court 0
674.0 275.0 705.0 275.0 705.0 295.0 674.0 295.0 small-vehicle 0
1350.0 1085.0 1483.0 1085.0 1483.0 1329.0 1350.0 1329.0 basketball-court 0
1339.0 800.0 1477.0 800.0 1477.0 1053.0 1339.0 1053.0 basketball-court 0
1343.0 531.0 1473.0 531.0 1473.0 784.0 1343.0 784.0 basketball-court 0
605.0 427.0 1315.0 427.0 1315.0 1682.0 605.0 1682.0 ground-track-field 1
197.0 1160.0 300.0 1160.0 300.0 1364.0 197.0 1364.0 basketball-court 0
193.0 931.0 298.0 931.0 298.0 1147.0 193.0 1147.0 basketball-court 0
466.0 109.0 563.0 109.0 563.0 286.0 466.0 286.0 tennis-court 0
355.0 109.0 452.0 109.0 452.0 286.0 355.0 286.0 tennis-court 0
671.0 248.0 707.0 248.0 707.0 266.0 671.0 266.0 small-vehicle 0
116.0 477.0 131.0 477.0 131.0 509.0 116.0 509.0 small-vehicle 0
132.0 1768.0 179.0 1768.0 179.0 1784.0 132.0 1784.0 small-vehicle 1
125.0 1082.0 142.0 1082.0 142.0 1116.0 125.0 1116.0 small-vehicle 1
157.0 1830.0 188.0 1830.0 188.0 1856.0 157.0 1856.0 small-vehicle 1
150.0 1809.0 193.0 1809.0 193.0 1825.0 150.0 1825.0 small-vehicle 1
148.0 1786.0 187.0 1786.0 187.0 1804.0 148.0 1804.0 small-vehicle 1
41.0 1769.0 77.0 1769.0 77.0 1782.0 41.0 1782.0 small-vehicle 1
41.0 1782.0 78.0 1782.0 78.0 1803.0 41.0 1803.0 small-vehicle 1
136.0 1583.0 176.0 1583.0 176.0 1606.0 136.0 1606.0 small-vehicle 1
40.0 1637.0 83.0 1637.0 83.0 1658.0 40.0 1658.0 small-vehicle 1
128.0 1132.0 146.0 1132.0 146.0 1168.0 128.0 1168.0 small-vehicle 1
128.0 1042.0 140.0 1042.0 140.0 1077.0 128.0 1077.0 small-vehicle 1
117.0 516.0 134.0 516.0 134.0 554.0 117.0 554.0 small-vehicle 0
40.0 818.0 54.0 818.0 54.0 848.0 40.0 848.0 small-vehicle 1
40.0 772.0 53.0 772.0 53.0 806.0 40.0 806.0 small-vehicle 1
670.0 27.0 706.0 27.0 706.0 47.0 670.0 47.0 small-vehicle 1
125.0 952.0 142.0 952.0 142.0 989.0 125.0 989.0 small-vehicle 0
119.0 1000.0 138.0 1000.0 138.0 1039.0 119.0 1039.0 small-vehicle 0
123.0 697.0 140.0 697.0 140.0 730.0 123.0 730.0 small-vehicle 0
122.0 652.0 137.0 652.0 137.0 687.0 122.0 687.0 small-vehicle 0
120.0 558.0 137.0 558.0 137.0 596.0 120.0 596.0 small-vehicle 0
243.0 112.0 334.0 112.0 334.0 282.0 243.0 282.0 tennis-court 0
