imagesource:GoogleEarth
gsd:0.134781396932
2518.0 523.0 2537.0 523.0 2537.0 559.0 2518.0 559.0 small-vehicle 1
1762.0 1003.0 1906.0 1003.0 1906.0 1226.0 1762.0 1226.0 basketball-court 0
1947.0 1220.0 2060.0 1220.0 2060.0 1406.0 1947.0 1406.0 tennis-court 0
1980.0 956.0 2091.0 956.0 2091.0 1144.0 1980.0 1144.0 tennis-court 0
2154.0 971.0 2256.0 971.0 2256.0 1159.0 2154.0 1159.0 tennis-court 0
94.0 494.0 862.0 494.0 862.0 1775.0 94.0 1775.0 ground-track-field 0
214.0 674.0 776.0 674.0 776.0 1526.0 214.0 1526.0 soccer-ball-field 0
1996.0 455.0 2259.0 455.0 2259.0 611.0 1996.0 611.0 basketball-court 0
2007.0 319.0 2275.0 319.0 2275.0 471.0 2007.0 471.0 basketball-court 0
1786.0 770.0 1932.0 770.0 1932.0 994.0 1786.0 994.0 basketball-court 0
1616.0 987.0 1766.0 987.0 1766.0 1202.0 1616.0 1202.0 basketball-court 0
2324.0 991.0 2430.0 991.0 2430.0 1174.0 2324.0 1174.0 tennis-court 0
1456.0 962.0 1614.0 962.0 1614.0 1183.0 1456.0 1183.0 basketball-court 0
1638.0 751.0 1786.0 751.0 1786.0 983.0 1638.0 983.0 basketball-court 0
1488.0 739.0 1644.0 739.0 1644.0 970.0 1488.0 970.0 basketball-court 0
1516.0 510.0 1670.0 510.0 1670.0 730.0 1516.0 730.0 basketball-court 0
1666.0 518.0 1818.0 518.0 1818.0 744.0 1666.0 744.0 basketball-court 0
1550.0 267.0 1699.0 267.0 1699.0 503.0 1550.0 503.0 basketball-court 0
1810.0 536.0 1959.0 536.0 1959.0 760.0 1810.0 760.0 basketball-court 0
1842.0 300.0 1987.0 300.0 1987.0 531.0 1842.0 531.0 basketball-court 0
2115.0 1239.0 2228.0 1239.0 2228.0 1420.0 2115.0 1420.0 tennis-court 0
2442.0 999.0 2554.0 999.0 2554.0 1184.0 2442.0 1184.0 tennis-court 0
2497.0 521.0 2515.0 521.0 2515.0 560.0 2497.0 560.0 small-vehicle 1
506.0 119.0 538.0 119.0 538.0 138.0 506.0 138.0 small-vehicle 1
2425.0 515.0 2447.0 515.0 2447.0 552.0 2425.0 552.0 small-vehicle 1
2583.0 385.0 2606.0 385.0 2606.0 421.0 2583.0 421.0 small-vehicle 1
2565.0 381.0 2586.0 381.0 2586.0 420.0 2565.0 420.0 small-vehicle 1
2550.0 378.0 2569.0 378.0 2569.0 418.0 2550.0 418.0 small-vehicle 1
2528.0 382.0 2544.0 382.0 2544.0 418.0 2528.0 418.0 small-vehicle 1
2497.0 377.0 2517.0 377.0 2517.0 418.0 2497.0 418.0 small-vehicle 1
1523.0 284.0 1538.0 284.0 1538.0 321.0 1523.0 321.0 small-vehicle 1
1508.0 384.0 1527.0 384.0 1527.0 421.0 1508.0 421.0 small-vehicle 1
272.0 71.0 312.0 71.0 312.0 90.0 272.0 90.0 small-vehicle 1
2411.0 1270.0 2518.0 1270.0 2518.0 1459.0 2411.0 1459.0 tennis-court 0
684.0 353.0 735.0 353.0 735.0 397.0 684.0 397.0 small-vehicle 0
2454.0 791.0 2556.0 791.0 2556.0 942.0 2454.0 942.0 tennis-court 0
2460.0 619.0 2571.0 619.0 2571.0 778.0 2460.0 778.0 tennis-court 0
2322.0 776.0 2430.0 776.0 2430.0 931.0 2322.0 931.0 tennis-court 0
2276.0 1255.0 2388.0 1255.0 2388.0 1452.0 2276.0 1452.0 tennis-court 0
1998.0 671.0 2119.0 671.0 2119.0 879.0 1998.0 879.0 tennis-court 0
2170.0 686.0 2294.0 686.0 2294.0 898.0 2170.0 898.0 tennis-court 0
2336.0 604.0 2448.0 604.0 2448.0 754.0 2336.0 754.0 tennis-court 0
1684.0 284.0 1856.0 284.0 1856.0 522.0 1684.0 522.0 basketball-court 0
