imagesource:GoogleEarth
gsd:0.263078978547
993.0 893.0 1801.0 893.0 1801.0 2076.0 993.0 2076.0 harbor 0
65.0 2235.0 84.0 2235.0 84.0 2249.0 65.0 2249.0 small-vehicle 0
48.0 2327.0 66.0 2327.0 66.0 2341.0 48.0 2341.0 small-vehicle 1
38.0 2310.0 53.0 2310.0 53.0 2323.0 38.0 2323.0 small-vehicle 1
70.0 2271.0 90.0 2271.0 90.0 2283.0 70.0 2283.0 small-vehicle 0
77.0 2263.0 95.0 2263.0 95.0 2275.0 77.0 2275.0 small-vehicle 0
77.0 2249.0 100.0 2249.0 100.0 2265.0 77.0 2265.0 small-vehicle 0
53.0 2261.0 73.0 2261.0 73.0 2278.0 53.0 2278.0 small-vehicle 0
57.0 2251.0 75.0 2251.0 75.0 2266.0 57.0 2266.0 small-vehicle 0
60.0 2242.0 78.0 2242.0 78.0 2257.0 60.0 2257.0 small-vehicle 0
83.0 2240.0 101.0 2240.0 101.0 2257.0 83.0 2257.0 small-vehicle 0
96.0 2173.0 117.0 2173.0 117.0 2185.0 96.0 2185.0 small-vehicle 0
90.0 2232.0 106.0 2232.0 106.0 2246.0 90.0 2246.0 small-vehicle 1
68.0 2227.0 89.0 2227.0 89.0 2241.0 68.0 2241.0 small-vehicle 0
72.0 2215.0 92.0 2215.0 92.0 2231.0 72.0 2231.0 small-vehicle 0
94.0 2224.0 113.0 2224.0 113.0 2239.0 94.0 2239.0 small-vehicle 0
95.0 2216.0 116.0 2216.0 116.0 2232.0 95.0 2232.0 small-vehicle 0
99.0 2207.0 120.0 2207.0 120.0 2220.0 99.0 2220.0 small-vehicle 0
104.0 2194.0 124.0 2194.0 124.0 2211.0 104.0 2211.0 small-vehicle 0
84.0 2200.0 97.0 2200.0 97.0 2213.0 84.0 2213.0 small-vehicle 1
52.0 2319.0 71.0 2319.0 71.0 2333.0 52.0 2333.0 small-vehicle 0
30.0 2316.0 47.0 2316.0 47.0 2332.0 30.0 2332.0 small-vehicle 0
26.0 2328.0 44.0 2328.0 44.0 2340.0 26.0 2340.0 small-vehicle 0
27.0 2337.0 41.0 2337.0 41.0 2350.0 27.0 2350.0 small-vehicle 1
95.0 2356.0 115.0 2356.0 115.0 2370.0 95.0 2370.0 small-vehicle 0
90.0 2364.0 109.0 2364.0 109.0 2378.0 90.0 2378.0 small-vehicle 0
84.0 2372.0 105.0 2372.0 105.0 2388.0 84.0 2388.0 small-vehicle 0
113.0 2365.0 135.0 2365.0 135.0 2382.0 113.0 2382.0 small-vehicle 0
8.0 2414.0 28.0 2414.0 28.0 2428.0 8.0 2428.0 small-vehicle 1
11.0 2404.0 31.0 2404.0 31.0 2420.0 11.0 2420.0 small-vehicle 0
15.0 2395.0 35.0 2395.0 35.0 2412.0 15.0 2412.0 small-vehicle 0
21.0 2388.0 41.0 2388.0 41.0 2406.0 21.0 2406.0 small-vehicle 0
6.0 2373.0 21.0 2373.0 21.0 2386.0 6.0 2386.0 small-vehicle 0
9.0 2362.0 26.0 2362.0 26.0 2377.0 9.0 2377.0 small-vehicle 0
28.0 2370.0 48.0 2370.0 48.0 2386.0 28.0 2386.0 small-vehicle 0
26.0 2381.0 44.0 2381.0 44.0 2396.0 26.0 2396.0 small-vehicle 1
33.0 2361.0 53.0 2361.0 53.0 2377.0 33.0 2377.0 small-vehicle 0
17.0 2355.0 31.0 2355.0 31.0 2367.0 17.0 2367.0 small-vehicle 1
21.0 2346.0 38.0 2346.0 38.0 2359.0 21.0 2359.0 small-vehicle 1
37.0 2354.0 59.0 2354.0 59.0 2369.0 37.0 2369.0 small-vehicle 0
42.0 2341.0 60.0 2341.0 60.0 2357.0 42.0 2357.0 small-vehicle 1
87.0 2192.0 103.0 2192.0 103.0 2202.0 87.0 2202.0 small-vehicle 1
11.0 2266.0 26.0 2266.0 26.0 2279.0 11.0 2279.0 small-vehicle 1
107.0 2381.0 123.0 2381.0 123.0 2396.0 107.0 2396.0 small-vehicle 0
892.0 2678.0 938.0 2678.0 938.0 2726.0 892.0 2726.0 storage-tank 0
15.0 2104.0 28.0 2104.0 28.0 2115.0 15.0 2115.0 small-vehicle 1
15.0 2093.0 32.0 2093.0 32.0 2106.0 15.0 2106.0 small-vehicle 1
1258.0 2124.0 1423.0 2124.0 1423.0 2289.0 1258.0 2289.0 storage-tank 0
988.0 2346.0 1151.0 2346.0 1151.0 2509.0 988.0 2509.0 storage-tank 0
1076.0 2142.0 1145.0 2142.0 1145.0 2213.0 1076.0 2213.0 storage-tank 0
1079.0 1943.0 1098.0 1943.0 1098.0 1967.0 1079.0 1967.0 ship 0
1241.0 1512.0 1266.0 1512.0 1266.0 1546.0 1241.0 1546.0 ship 0
858.0 2520.0 973.0 2520.0 973.0 2636.0 858.0 2636.0 storage-tank 0
89.0 2179.0 111.0 2179.0 111.0 2196.0 89.0 2196.0 small-vehicle 0
9.0 2251.0 28.0 2251.0 28.0 2269.0 9.0 2269.0 small-vehicle 0
97.0 2161.0 120.0 2161.0 120.0 2177.0 97.0 2177.0 small-vehicle 0
130.0 1893.0 151.0 1893.0 151.0 1905.0 130.0 1905.0 small-vehicle 0
1448.0 765.0 2095.0 765.0 2095.0 1643.0 1448.0 1643.0 ship 0
1687.0 1902.0 2083.0 1902.0 2083.0 2174.0 1687.0 2174.0 harbor 0
1739.0 1886.0 2008.0 1886.0 2008.0 2096.0 1739.0 2096.0 ship 0
779.0 683.0 1266.0 683.0 1266.0 1172.0 779.0 1172.0 harbor 0
365.0 177.0 873.0 177.0 873.0 761.0 365.0 761.0 harbor 0
185.0 3.0 513.0 3.0 513.0 691.0 185.0 691.0 harbor 0
36.0 2073.0 50.0 2073.0 50.0 2090.0 36.0 2090.0 small-vehicle 0
73.0 2107.0 88.0 2107.0 88.0 2125.0 73.0 2125.0 small-vehicle 0
78.0 2118.0 91.0 2118.0 91.0 2134.0 78.0 2134.0 small-vehicle 1
85.0 2127.0 97.0 2127.0 97.0 2145.0 85.0 2145.0 small-vehicle 1
16.0 2243.0 33.0 2243.0 33.0 2258.0 16.0 2258.0 small-vehicle 1
19.0 2234.0 37.0 2234.0 37.0 2251.0 19.0 2251.0 small-vehicle 0
22.0 2224.0 42.0 2224.0 42.0 2241.0 22.0 2241.0 small-vehicle 0
28.0 2219.0 43.0 2219.0 43.0 2229.0 28.0 2229.0 small-vehicle 1
13.0 2209.0 28.0 2209.0 28.0 2225.0 13.0 2225.0 small-vehicle 1
32.0 2208.0 48.0 2208.0 48.0 2222.0 32.0 2222.0 small-vehicle 1
35.0 2198.0 54.0 2198.0 54.0 2213.0 35.0 2213.0 small-vehicle 1
18.0 2191.0 33.0 2191.0 33.0 2204.0 18.0 2204.0 small-vehicle 1
22.0 2183.0 37.0 2183.0 37.0 2196.0 22.0 2196.0 small-vehicle 1
37.0 2190.0 55.0 2190.0 55.0 2204.0 37.0 2204.0 small-vehicle 0
27.0 2173.0 43.0 2173.0 43.0 2188.0 27.0 2188.0 small-vehicle 1
43.0 2183.0 59.0 2183.0 59.0 2197.0 43.0 2197.0 small-vehicle 0
47.0 2170.0 63.0 2170.0 63.0 2185.0 47.0 2185.0 small-vehicle 1
50.0 2161.0 69.0 2161.0 69.0 2176.0 50.0 2176.0 small-vehicle 0
28.0 2165.0 46.0 2165.0 46.0 2178.0 28.0 2178.0 small-vehicle 1
32.0 2156.0 51.0 2156.0 51.0 2171.0 32.0 2171.0 small-vehicle 0
92.0 2132.0 105.0 2132.0 105.0 2149.0 92.0 2149.0 small-vehicle 1
83.0 2385.0 101.0 2385.0 101.0 2398.0 83.0 2398.0 small-vehicle 0
102.0 2391.0 118.0 2391.0 118.0 2405.0 102.0 2405.0 small-vehicle 0
901.0 2030.0 924.0 2030.0 924.0 2050.0 901.0 2050.0 small-vehicle 0
117.0 2606.0 135.0 2606.0 135.0 2629.0 117.0 2629.0 small-vehicle 0
385.0 2535.0 403.0 2535.0 403.0 2555.0 385.0 2555.0 small-vehicle 0
369.0 2529.0 383.0 2529.0 383.0 2548.0 369.0 2548.0 small-vehicle 1
395.0 2490.0 416.0 2490.0 416.0 2507.0 395.0 2507.0 small-vehicle 0
381.0 2475.0 397.0 2475.0 397.0 2492.0 381.0 2492.0 small-vehicle 1
356.0 2478.0 372.0 2478.0 372.0 2494.0 356.0 2494.0 small-vehicle 1
322.0 2512.0 339.0 2512.0 339.0 2533.0 322.0 2533.0 small-vehicle 0
27.0 2569.0 43.0 2569.0 43.0 2588.0 27.0 2588.0 small-vehicle 0
18.0 2563.0 32.0 2563.0 32.0 2583.0 18.0 2583.0 small-vehicle 0
188.0 2591.0 204.0 2591.0 204.0 2615.0 188.0 2615.0 small-vehicle 0
87.0 2530.0 103.0 2530.0 103.0 2546.0 87.0 2546.0 small-vehicle 1
160.0 2559.0 177.0 2559.0 177.0 2578.0 160.0 2578.0 small-vehicle 0
141.0 2552.0 156.0 2552.0 156.0 2574.0 141.0 2574.0 small-vehicle 0
114.0 2542.0 134.0 2542.0 134.0 2561.0 114.0 2561.0 small-vehicle 0
95.0 2556.0 112.0 2556.0 112.0 2575.0 95.0 2575.0 small-vehicle 0
59.0 2538.0 76.0 2538.0 76.0 2559.0 59.0 2559.0 small-vehicle 0
35.0 2527.0 52.0 2527.0 52.0 2545.0 35.0 2545.0 small-vehicle 0
24.0 2522.0 42.0 2522.0 42.0 2541.0 24.0 2541.0 small-vehicle 0
15.0 2518.0 32.0 2518.0 32.0 2538.0 15.0 2538.0 small-vehicle 0
366.0 2558.0 387.0 2558.0 387.0 2580.0 366.0 2580.0 small-vehicle 0
914.0 2859.0 934.0 2859.0 934.0 2871.0 914.0 2871.0 small-vehicle 0
910.0 2886.0 928.0 2886.0 928.0 2902.0 910.0 2902.0 small-vehicle 0
525.0 1474.0 535.0 1474.0 535.0 1495.0 525.0 1495.0 small-vehicle 0
894.0 2040.0 911.0 2040.0 911.0 2057.0 894.0 2057.0 small-vehicle 0
989.0 2103.0 1011.0 2103.0 1011.0 2118.0 989.0 2118.0 small-vehicle 0
995.0 2091.0 1018.0 2091.0 1018.0 2108.0 995.0 2108.0 small-vehicle 0
1015.0 2056.0 1035.0 2056.0 1035.0 2070.0 1015.0 2070.0 small-vehicle 0
1010.0 2068.0 1029.0 2068.0 1029.0 2080.0 1010.0 2080.0 small-vehicle 1
1005.0 2073.0 1023.0 2073.0 1023.0 2091.0 1005.0 2091.0 small-vehicle 1
1001.0 2082.0 1022.0 2082.0 1022.0 2099.0 1001.0 2099.0 small-vehicle 1
982.0 2119.0 1005.0 2119.0 1005.0 2136.0 982.0 2136.0 small-vehicle 1
979.0 2132.0 996.0 2132.0 996.0 2148.0 979.0 2148.0 small-vehicle 1
971.0 2140.0 995.0 2140.0 995.0 2158.0 971.0 2158.0 small-vehicle 1
962.0 2156.0 983.0 2156.0 983.0 2174.0 962.0 2174.0 small-vehicle 1
159.0 2512.0 179.0 2512.0 179.0 2525.0 159.0 2525.0 small-vehicle 1
95.0 2341.0 114.0 2341.0 114.0 2355.0 95.0 2355.0 small-vehicle 1
133.0 1881.0 156.0 1881.0 156.0 1893.0 133.0 1893.0 small-vehicle 0
79.0 1809.0 105.0 1809.0 105.0 1828.0 79.0 1828.0 small-vehicle 0
384.0 1577.0 403.0 1577.0 403.0 1595.0 384.0 1595.0 small-vehicle 0
554.0 1511.0 575.0 1511.0 575.0 1529.0 554.0 1529.0 small-vehicle 0
97.0 2533.0 113.0 2533.0 113.0 2552.0 97.0 2552.0 small-vehicle 1
81.0 2523.0 94.0 2523.0 94.0 2542.0 81.0 2542.0 small-vehicle 0
95.0 2399.0 115.0 2399.0 115.0 2417.0 95.0 2417.0 small-vehicle 0
138.0 2446.0 157.0 2446.0 157.0 2463.0 138.0 2463.0 small-vehicle 0
102.0 2467.0 120.0 2467.0 120.0 2487.0 102.0 2487.0 small-vehicle 0
94.0 2464.0 109.0 2464.0 109.0 2482.0 94.0 2482.0 small-vehicle 0
86.0 2461.0 99.0 2461.0 99.0 2480.0 86.0 2480.0 small-vehicle 0
75.0 2457.0 93.0 2457.0 93.0 2477.0 75.0 2477.0 small-vehicle 0
58.0 2444.0 73.0 2444.0 73.0 2467.0 58.0 2467.0 small-vehicle 0
48.0 2440.0 65.0 2440.0 65.0 2462.0 48.0 2462.0 small-vehicle 0
176.0 2466.0 199.0 2466.0 199.0 2481.0 176.0 2481.0 small-vehicle 0
184.0 2455.0 205.0 2455.0 205.0 2472.0 184.0 2472.0 small-vehicle 0
145.0 2440.0 165.0 2440.0 165.0 2455.0 145.0 2455.0 small-vehicle 0
69.0 2521.0 85.0 2521.0 85.0 2540.0 69.0 2540.0 small-vehicle 0
137.0 2401.0 158.0 2401.0 158.0 2419.0 137.0 2419.0 small-vehicle 0
130.0 2413.0 152.0 2413.0 152.0 2429.0 130.0 2429.0 small-vehicle 0
119.0 2439.0 141.0 2439.0 141.0 2457.0 119.0 2457.0 small-vehicle 0
69.0 2408.0 87.0 2408.0 87.0 2425.0 69.0 2425.0 small-vehicle 0
78.0 2390.0 95.0 2390.0 95.0 2406.0 78.0 2406.0 small-vehicle 1
75.0 2402.0 90.0 2402.0 90.0 2414.0 75.0 2414.0 small-vehicle 0
87.0 2417.0 106.0 2417.0 106.0 2429.0 87.0 2429.0 small-vehicle 0
92.0 2409.0 111.0 2409.0 111.0 2423.0 92.0 2423.0 small-vehicle 0
114.0 2471.0 129.0 2471.0 129.0 2492.0 114.0 2492.0 small-vehicle 0
120.0 2474.0 142.0 2474.0 142.0 2496.0 120.0 2496.0 small-vehicle 0
132.0 2481.0 148.0 2481.0 148.0 2499.0 132.0 2499.0 small-vehicle 0
173.0 2483.0 189.0 2483.0 189.0 2499.0 173.0 2499.0 small-vehicle 0
61.0 2519.0 76.0 2519.0 76.0 2538.0 61.0 2538.0 small-vehicle 1
55.0 2512.0 66.0 2512.0 66.0 2534.0 55.0 2534.0 small-vehicle 0
33.0 2505.0 49.0 2505.0 49.0 2526.0 33.0 2526.0 small-vehicle 0
24.0 2502.0 41.0 2502.0 41.0 2518.0 24.0 2518.0 small-vehicle 0
124.0 2501.0 143.0 2501.0 143.0 2519.0 124.0 2519.0 small-vehicle 0
114.0 2493.0 131.0 2493.0 131.0 2517.0 114.0 2517.0 small-vehicle 0
93.0 2486.0 112.0 2486.0 112.0 2508.0 93.0 2508.0 small-vehicle 0
89.0 2481.0 103.0 2481.0 103.0 2501.0 89.0 2501.0 small-vehicle 0
78.0 2480.0 93.0 2480.0 93.0 2500.0 78.0 2500.0 small-vehicle 0
70.0 2474.0 84.0 2474.0 84.0 2495.0 70.0 2495.0 small-vehicle 0
61.0 2467.0 75.0 2467.0 75.0 2490.0 61.0 2490.0 small-vehicle 0
52.0 2466.0 66.0 2466.0 66.0 2483.0 52.0 2483.0 small-vehicle 0
42.0 2461.0 59.0 2461.0 59.0 2478.0 42.0 2478.0 small-vehicle 0
154.0 2520.0 175.0 2520.0 175.0 2537.0 154.0 2537.0 small-vehicle 0
220.0 2538.0 236.0 2538.0 236.0 2551.0 220.0 2551.0 small-vehicle 1
195.0 2481.0 214.0 2481.0 214.0 2498.0 195.0 2498.0 small-vehicle 0
166.0 2491.0 187.0 2491.0 187.0 2507.0 166.0 2507.0 small-vehicle 0
23.0 478.0 101.0 478.0 101.0 610.0 23.0 610.0 harbor 0
