imagesource:GoogleEarth
gsd:0.280356921688
7036.0 4029.0 7049.0 4029.0 7049.0 4052.0 7036.0 4052.0 small-vehicle 1
4712.0 2246.0 4732.0 2246.0 4732.0 2262.0 4712.0 2262.0 small-vehicle 0
4632.0 2707.0 4647.0 2707.0 4647.0 2727.0 4632.0 2727.0 small-vehicle 0
4619.0 2690.0 4635.0 2690.0 4635.0 2709.0 4619.0 2709.0 small-vehicle 0
4606.0 2665.0 4624.0 2665.0 4624.0 2686.0 4606.0 2686.0 small-vehicle 0
4594.0 2642.0 4610.0 2642.0 4610.0 2661.0 4594.0 2661.0 small-vehicle 0
5173.0 2434.0 5193.0 2434.0 5193.0 2448.0 5173.0 2448.0 small-vehicle 0
5176.0 2425.0 5196.0 2425.0 5196.0 2440.0 5176.0 2440.0 small-vehicle 0
5179.0 2417.0 5202.0 2417.0 5202.0 2432.0 5179.0 2432.0 small-vehicle 0
5181.0 2409.0 5206.0 2409.0 5206.0 2424.0 5181.0 2424.0 small-vehicle 0
5188.0 2400.0 5209.0 2400.0 5209.0 2414.0 5188.0 2414.0 small-vehicle 0
5189.0 2392.0 5212.0 2392.0 5212.0 2405.0 5189.0 2405.0 small-vehicle 0
5192.0 2384.0 5213.0 2384.0 5213.0 2398.0 5192.0 2398.0 small-vehicle 0
5197.0 2378.0 5219.0 2378.0 5219.0 2392.0 5197.0 2392.0 small-vehicle 0
5203.0 2368.0 5224.0 2368.0 5224.0 2383.0 5203.0 2383.0 small-vehicle 0
5207.0 2358.0 5226.0 2358.0 5226.0 2374.0 5207.0 2374.0 small-vehicle 0
5210.0 2352.0 5232.0 2352.0 5232.0 2370.0 5210.0 2370.0 small-vehicle 0
5214.0 2344.0 5235.0 2344.0 5235.0 2358.0 5214.0 2358.0 small-vehicle 0
5145.0 2389.0 5168.0 2389.0 5168.0 2405.0 5145.0 2405.0 small-vehicle 0
5154.0 2383.0 5172.0 2383.0 5172.0 2397.0 5154.0 2397.0 small-vehicle 0
5157.0 2373.0 5176.0 2373.0 5176.0 2390.0 5157.0 2390.0 small-vehicle 0
5162.0 2366.0 5177.0 2366.0 5177.0 2379.0 5162.0 2379.0 small-vehicle 0
5165.0 2358.0 5184.0 2358.0 5184.0 2373.0 5165.0 2373.0 small-vehicle 0
5166.0 2350.0 5187.0 2350.0 5187.0 2364.0 5166.0 2364.0 small-vehicle 0
5171.0 2342.0 5193.0 2342.0 5193.0 2357.0 5171.0 2357.0 small-vehicle 0
5176.0 2333.0 5197.0 2333.0 5197.0 2348.0 5176.0 2348.0 small-vehicle 0
5179.0 2325.0 5202.0 2325.0 5202.0 2341.0 5179.0 2341.0 small-vehicle 0
5187.0 2310.0 5210.0 2310.0 5210.0 2327.0 5187.0 2327.0 small-vehicle 0
5145.0 2357.0 5162.0 2357.0 5162.0 2370.0 5145.0 2370.0 small-vehicle 0
5110.0 2320.0 5130.0 2320.0 5130.0 2335.0 5110.0 2335.0 small-vehicle 0
5097.0 2304.0 5117.0 2304.0 5117.0 2319.0 5097.0 2319.0 small-vehicle 0
4641.0 2726.0 4659.0 2726.0 4659.0 2745.0 4641.0 2745.0 small-vehicle 0
4716.0 2850.0 4733.0 2850.0 4733.0 2871.0 4716.0 2871.0 small-vehicle 0
4688.0 2751.0 4703.0 2751.0 4703.0 2770.0 4688.0 2770.0 small-vehicle 1
5071.0 2773.0 5084.0 2773.0 5084.0 2791.0 5071.0 2791.0 small-vehicle 0
5129.0 2899.0 5148.0 2899.0 5148.0 2914.0 5129.0 2914.0 small-vehicle 0
5162.0 2878.0 5179.0 2878.0 5179.0 2895.0 5162.0 2895.0 small-vehicle 0
5103.0 2854.0 5119.0 2854.0 5119.0 2872.0 5103.0 2872.0 small-vehicle 0
5110.0 2849.0 5125.0 2849.0 5125.0 2865.0 5110.0 2865.0 small-vehicle 0
5126.0 2843.0 5142.0 2843.0 5142.0 2860.0 5126.0 2860.0 small-vehicle 0
5133.0 2837.0 5148.0 2837.0 5148.0 2856.0 5133.0 2856.0 small-vehicle 0
5102.0 2831.0 5116.0 2831.0 5116.0 2851.0 5102.0 2851.0 small-vehicle 0
5017.0 2829.0 5034.0 2829.0 5034.0 2849.0 5017.0 2849.0 small-vehicle 0
5026.0 2824.0 5042.0 2824.0 5042.0 2843.0 5026.0 2843.0 small-vehicle 0
5042.0 2816.0 5059.0 2816.0 5059.0 2834.0 5042.0 2834.0 small-vehicle 0
5049.0 2812.0 5063.0 2812.0 5063.0 2831.0 5049.0 2831.0 small-vehicle 0
5064.0 2801.0 5080.0 2801.0 5080.0 2821.0 5064.0 2821.0 small-vehicle 0
5088.0 2789.0 5103.0 2789.0 5103.0 2809.0 5088.0 2809.0 small-vehicle 0
5027.0 2795.0 5046.0 2795.0 5046.0 2814.0 5027.0 2814.0 small-vehicle 0
4693.0 2807.0 4707.0 2807.0 4707.0 2828.0 4693.0 2828.0 small-vehicle 1
5022.0 2800.0 5037.0 2800.0 5037.0 2818.0 5022.0 2818.0 small-vehicle 0
5013.0 2805.0 5029.0 2805.0 5029.0 2823.0 5013.0 2823.0 small-vehicle 0
4990.0 2818.0 5007.0 2818.0 5007.0 2837.0 4990.0 2837.0 small-vehicle 0
5251.0 2797.0 5270.0 2797.0 5270.0 2814.0 5251.0 2814.0 small-vehicle 0
4926.0 3204.0 4941.0 3204.0 4941.0 3221.0 4926.0 3221.0 small-vehicle 0
4896.0 3152.0 4913.0 3152.0 4913.0 3175.0 4896.0 3175.0 small-vehicle 0
4886.0 3134.0 4902.0 3134.0 4902.0 3155.0 4886.0 3155.0 small-vehicle 0
4891.0 3069.0 4909.0 3069.0 4909.0 3090.0 4891.0 3090.0 small-vehicle 0
4872.0 3114.0 4888.0 3114.0 4888.0 3134.0 4872.0 3134.0 small-vehicle 1
4843.0 3011.0 4859.0 3011.0 4859.0 3033.0 4843.0 3033.0 small-vehicle 1
4822.0 2979.0 4839.0 2979.0 4839.0 2999.0 4822.0 2999.0 small-vehicle 1
4812.0 2962.0 4826.0 2962.0 4826.0 2979.0 4812.0 2979.0 small-vehicle 1
4801.0 2944.0 4816.0 2944.0 4816.0 2963.0 4801.0 2963.0 small-vehicle 1
5102.0 2297.0 5124.0 2297.0 5124.0 2313.0 5102.0 2313.0 small-vehicle 0
5132.0 2281.0 5153.0 2281.0 5153.0 2297.0 5132.0 2297.0 small-vehicle 0
5109.0 2280.0 5129.0 2280.0 5129.0 2295.0 5109.0 2295.0 small-vehicle 0
4899.0 2251.0 4918.0 2251.0 4918.0 2267.0 4899.0 2267.0 small-vehicle 0
4959.0 2353.0 4979.0 2353.0 4979.0 2370.0 4959.0 2370.0 small-vehicle 0
4956.0 2346.0 4975.0 2346.0 4975.0 2360.0 4956.0 2360.0 small-vehicle 0
4951.0 2338.0 4969.0 2338.0 4969.0 2354.0 4951.0 2354.0 small-vehicle 0
4946.0 2332.0 4964.0 2332.0 4964.0 2347.0 4946.0 2347.0 small-vehicle 0
4936.0 2316.0 4954.0 2316.0 4954.0 2333.0 4936.0 2333.0 small-vehicle 0
4930.0 2308.0 4949.0 2308.0 4949.0 2326.0 4930.0 2326.0 small-vehicle 0
4908.0 2309.0 4929.0 2309.0 4929.0 2326.0 4908.0 2326.0 small-vehicle 0
4922.0 2291.0 4942.0 2291.0 4942.0 2308.0 4922.0 2308.0 small-vehicle 0
4899.0 2293.0 4919.0 2293.0 4919.0 2308.0 4899.0 2308.0 small-vehicle 0
4895.0 2286.0 4913.0 2286.0 4913.0 2301.0 4895.0 2301.0 small-vehicle 0
4882.0 2267.0 4904.0 2267.0 4904.0 2286.0 4882.0 2286.0 small-vehicle 0
4878.0 2260.0 4899.0 2260.0 4899.0 2278.0 4878.0 2278.0 small-vehicle 0
4906.0 2268.0 4926.0 2268.0 4926.0 2284.0 4906.0 2284.0 small-vehicle 0
4874.0 2253.0 4893.0 2253.0 4893.0 2268.0 4874.0 2268.0 small-vehicle 0
4930.0 2343.0 4950.0 2343.0 4950.0 2358.0 4930.0 2358.0 small-vehicle 0
4869.0 2247.0 4890.0 2247.0 4890.0 2263.0 4869.0 2263.0 small-vehicle 0
4864.0 2238.0 4884.0 2238.0 4884.0 2254.0 4864.0 2254.0 small-vehicle 0
4966.0 2284.0 4982.0 2284.0 4982.0 2307.0 4966.0 2307.0 small-vehicle 0
4945.0 2250.0 4961.0 2250.0 4961.0 2272.0 4945.0 2272.0 small-vehicle 0
4932.0 2230.0 4949.0 2230.0 4949.0 2251.0 4932.0 2251.0 small-vehicle 0
4863.0 2228.0 4880.0 2228.0 4880.0 2243.0 4863.0 2243.0 small-vehicle 1
4712.0 2290.0 4733.0 2290.0 4733.0 2308.0 4712.0 2308.0 small-vehicle 0
4693.0 2303.0 4711.0 2303.0 4711.0 2317.0 4693.0 2317.0 small-vehicle 0
4842.0 2281.0 4862.0 2281.0 4862.0 2299.0 4842.0 2299.0 small-vehicle 0
4837.0 2274.0 4856.0 2274.0 4856.0 2289.0 4837.0 2289.0 small-vehicle 0
4830.0 2258.0 4849.0 2258.0 4849.0 2274.0 4830.0 2274.0 small-vehicle 0
4824.0 2250.0 4844.0 2250.0 4844.0 2267.0 4824.0 2267.0 small-vehicle 0
4779.0 2252.0 4800.0 2252.0 4800.0 2267.0 4779.0 2267.0 small-vehicle 0
4967.0 2369.0 4989.0 2369.0 4989.0 2387.0 4967.0 2387.0 small-vehicle 0
4933.0 2348.0 4953.0 2348.0 4953.0 2366.0 4933.0 2366.0 small-vehicle 0
5059.0 2280.0 5081.0 2280.0 5081.0 2297.0 5059.0 2297.0 small-vehicle 0
5193.0 2292.0 5214.0 2292.0 5214.0 2310.0 5193.0 2310.0 small-vehicle 1
4714.0 2614.0 4732.0 2614.0 4732.0 2631.0 4714.0 2631.0 small-vehicle 0
4695.0 2627.0 4713.0 2627.0 4713.0 2641.0 4695.0 2641.0 small-vehicle 0
4680.0 2637.0 4698.0 2637.0 4698.0 2650.0 4680.0 2650.0 small-vehicle 0
4770.0 2579.0 4790.0 2579.0 4790.0 2598.0 4770.0 2598.0 small-vehicle 0
4847.0 2538.0 4865.0 2538.0 4865.0 2551.0 4847.0 2551.0 small-vehicle 0
4884.0 2513.0 4906.0 2513.0 4906.0 2528.0 4884.0 2528.0 small-vehicle 0
4933.0 2431.0 4954.0 2431.0 4954.0 2447.0 4933.0 2447.0 small-vehicle 0
4928.0 2422.0 4949.0 2422.0 4949.0 2440.0 4928.0 2440.0 small-vehicle 0
4921.0 2414.0 4943.0 2414.0 4943.0 2434.0 4921.0 2434.0 small-vehicle 0
4989.0 2450.0 5009.0 2450.0 5009.0 2468.0 4989.0 2468.0 small-vehicle 0
5220.0 2338.0 5241.0 2338.0 5241.0 2351.0 5220.0 2351.0 small-vehicle 1
5224.0 2317.0 5246.0 2317.0 5246.0 2332.0 5224.0 2332.0 small-vehicle 1
5183.0 2315.0 5203.0 2315.0 5203.0 2332.0 5183.0 2332.0 small-vehicle 1
4967.0 2409.0 4992.0 2409.0 4992.0 2424.0 4967.0 2424.0 small-vehicle 1
4937.0 2356.0 4956.0 2356.0 4956.0 2374.0 4937.0 2374.0 small-vehicle 0
4950.0 2379.0 4972.0 2379.0 4972.0 2396.0 4950.0 2396.0 small-vehicle 1
4946.0 2373.0 4966.0 2373.0 4966.0 2386.0 4946.0 2386.0 small-vehicle 1
4939.0 2364.0 4959.0 2364.0 4959.0 2380.0 4939.0 2380.0 small-vehicle 1
4940.0 2323.0 4959.0 2323.0 4959.0 2339.0 4940.0 2339.0 small-vehicle 1
4924.0 2334.0 4943.0 2334.0 4943.0 2351.0 4924.0 2351.0 small-vehicle 1
4919.0 2323.0 4939.0 2323.0 4939.0 2343.0 4919.0 2343.0 small-vehicle 1
4913.0 2315.0 4933.0 2315.0 4933.0 2335.0 4913.0 2335.0 small-vehicle 1
4830.0 2173.0 4852.0 2173.0 4852.0 2190.0 4830.0 2190.0 small-vehicle 1
4902.0 2300.0 4923.0 2300.0 4923.0 2319.0 4902.0 2319.0 small-vehicle 1
4923.0 2298.0 4944.0 2298.0 4944.0 2316.0 4923.0 2316.0 small-vehicle 0
4887.0 2275.0 4907.0 2275.0 4907.0 2293.0 4887.0 2293.0 small-vehicle 0
4963.0 2401.0 4983.0 2401.0 4983.0 2416.0 4963.0 2416.0 small-vehicle 0
4957.0 2394.0 4977.0 2394.0 4977.0 2411.0 4957.0 2411.0 small-vehicle 0
5096.0 2917.0 5114.0 2917.0 5114.0 2932.0 5096.0 2932.0 small-vehicle 1
5080.0 2929.0 5097.0 2929.0 5097.0 2945.0 5080.0 2945.0 small-vehicle 0
5062.0 2938.0 5080.0 2938.0 5080.0 2954.0 5062.0 2954.0 small-vehicle 0
5252.0 3292.0 5264.0 3292.0 5264.0 3310.0 5252.0 3310.0 small-vehicle 1
7828.0 230.0 7842.0 230.0 7842.0 250.0 7828.0 250.0 small-vehicle 0
7819.0 225.0 7834.0 225.0 7834.0 245.0 7819.0 245.0 small-vehicle 0
7803.0 215.0 7816.0 215.0 7816.0 237.0 7803.0 237.0 small-vehicle 0
7667.0 215.0 7688.0 215.0 7688.0 235.0 7667.0 235.0 small-vehicle 0
7619.0 227.0 7639.0 227.0 7639.0 242.0 7619.0 242.0 small-vehicle 0
7518.0 144.0 7539.0 144.0 7539.0 162.0 7518.0 162.0 small-vehicle 0
7374.0 105.0 7399.0 105.0 7399.0 122.0 7374.0 122.0 small-vehicle 0
7354.0 92.0 7375.0 92.0 7375.0 108.0 7354.0 108.0 small-vehicle 0
7331.0 79.0 7354.0 79.0 7354.0 97.0 7331.0 97.0 small-vehicle 0
7275.0 54.0 7299.0 54.0 7299.0 71.0 7275.0 71.0 small-vehicle 0
7239.0 35.0 7261.0 35.0 7261.0 52.0 7239.0 52.0 small-vehicle 0
7208.0 19.0 7228.0 19.0 7228.0 35.0 7208.0 35.0 small-vehicle 0
5242.0 3294.0 5256.0 3294.0 5256.0 3314.0 5242.0 3314.0 small-vehicle 0
5244.0 3266.0 5260.0 3266.0 5260.0 3286.0 5244.0 3286.0 small-vehicle 0
7902.0 264.0 7923.0 264.0 7923.0 279.0 7902.0 279.0 small-vehicle 0
5254.0 3263.0 5269.0 3263.0 5269.0 3283.0 5254.0 3283.0 small-vehicle 0
5266.0 3283.0 5279.0 3283.0 5279.0 3300.0 5266.0 3300.0 small-vehicle 0
5273.0 3277.0 5289.0 3277.0 5289.0 3296.0 5273.0 3296.0 small-vehicle 0
5280.0 3271.0 5296.0 3271.0 5296.0 3290.0 5280.0 3290.0 small-vehicle 0
5303.0 3259.0 5318.0 3259.0 5318.0 3280.0 5303.0 3280.0 small-vehicle 0
5318.0 3247.0 5334.0 3247.0 5334.0 3267.0 5318.0 3267.0 small-vehicle 0
5298.0 3234.0 5314.0 3234.0 5314.0 3253.0 5298.0 3253.0 small-vehicle 0
5328.0 3216.0 5345.0 3216.0 5345.0 3236.0 5328.0 3236.0 small-vehicle 0
5337.0 3213.0 5353.0 3213.0 5353.0 3230.0 5337.0 3230.0 small-vehicle 0
5305.0 3173.0 5322.0 3173.0 5322.0 3193.0 5305.0 3193.0 small-vehicle 0
5270.0 3170.0 5287.0 3170.0 5287.0 3189.0 5270.0 3189.0 small-vehicle 0
5266.0 3197.0 5281.0 3197.0 5281.0 3217.0 5266.0 3217.0 small-vehicle 0
5259.0 3204.0 5273.0 3204.0 5273.0 3220.0 5259.0 3220.0 small-vehicle 0
7836.0 232.0 7851.0 232.0 7851.0 255.0 7836.0 255.0 small-vehicle 0
7894.0 339.0 7916.0 339.0 7916.0 356.0 7894.0 356.0 small-vehicle 0
5218.0 3201.0 5234.0 3201.0 5234.0 3221.0 5218.0 3221.0 small-vehicle 0
7638.0 235.0 7656.0 235.0 7656.0 248.0 7638.0 248.0 small-vehicle 1
7713.0 244.0 7733.0 244.0 7733.0 259.0 7713.0 259.0 small-vehicle 1
7787.0 276.0 7806.0 276.0 7806.0 292.0 7787.0 292.0 small-vehicle 1
7883.0 224.0 7899.0 224.0 7899.0 236.0 7883.0 236.0 small-vehicle 1
7870.0 244.0 7891.0 244.0 7891.0 260.0 7870.0 260.0 small-vehicle 1
7872.0 237.0 7893.0 237.0 7893.0 254.0 7872.0 254.0 small-vehicle 1
7876.0 230.0 7896.0 230.0 7896.0 243.0 7876.0 243.0 small-vehicle 1
7815.0 271.0 7831.0 271.0 7831.0 292.0 7815.0 292.0 small-vehicle 1
7799.0 264.0 7815.0 264.0 7815.0 283.0 7799.0 283.0 small-vehicle 1
7791.0 259.0 7806.0 259.0 7806.0 279.0 7791.0 279.0 small-vehicle 1
7809.0 220.0 7826.0 220.0 7826.0 240.0 7809.0 240.0 small-vehicle 1
7781.0 254.0 7798.0 254.0 7798.0 275.0 7781.0 275.0 small-vehicle 1
7764.0 265.0 7786.0 265.0 7786.0 283.0 7764.0 283.0 small-vehicle 1
7732.0 252.0 7750.0 252.0 7750.0 265.0 7732.0 265.0 small-vehicle 1
7340.0 16.0 7353.0 16.0 7353.0 35.0 7340.0 35.0 small-vehicle 1
7891.0 410.0 7906.0 410.0 7906.0 430.0 7891.0 430.0 small-vehicle 0
7488.0 162.0 7509.0 162.0 7509.0 176.0 7488.0 176.0 small-vehicle 1
7641.0 209.0 7662.0 209.0 7662.0 224.0 7641.0 224.0 small-vehicle 1
7461.0 115.0 7481.0 115.0 7481.0 130.0 7461.0 130.0 small-vehicle 1
7528.0 176.0 7550.0 176.0 7550.0 192.0 7528.0 192.0 small-vehicle 1
7439.0 116.0 7456.0 116.0 7456.0 132.0 7439.0 132.0 small-vehicle 1
7424.0 106.0 7442.0 106.0 7442.0 120.0 7424.0 120.0 small-vehicle 1
7426.0 96.0 7446.0 96.0 7446.0 111.0 7426.0 111.0 small-vehicle 1
7435.0 12.0 7448.0 12.0 7448.0 29.0 7435.0 29.0 small-vehicle 1
7279.0 23.0 7296.0 23.0 7296.0 38.0 7279.0 38.0 small-vehicle 1
7259.0 15.0 7279.0 15.0 7279.0 30.0 7259.0 30.0 small-vehicle 1
7768.0 300.0 7786.0 300.0 7786.0 314.0 7768.0 314.0 small-vehicle 0
7750.0 290.0 7769.0 290.0 7769.0 305.0 7750.0 305.0 small-vehicle 0
7732.0 283.0 7752.0 283.0 7752.0 295.0 7732.0 295.0 small-vehicle 0
5243.0 3210.0 5258.0 3210.0 5258.0 3229.0 5243.0 3229.0 small-vehicle 0
5232.0 3299.0 5248.0 3299.0 5248.0 3319.0 5232.0 3319.0 small-vehicle 1
5078.0 2844.0 5097.0 2844.0 5097.0 2865.0 5078.0 2865.0 small-vehicle 0
5003.0 2912.0 5020.0 2912.0 5020.0 2931.0 5003.0 2931.0 small-vehicle 0
4969.0 2855.0 4984.0 2855.0 4984.0 2874.0 4969.0 2874.0 small-vehicle 1
4967.0 2835.0 4979.0 2835.0 4979.0 2854.0 4967.0 2854.0 small-vehicle 1
4957.0 2869.0 4973.0 2869.0 4973.0 2887.0 4957.0 2887.0 small-vehicle 1
5046.0 2787.0 5060.0 2787.0 5060.0 2805.0 5046.0 2805.0 small-vehicle 0
4986.0 2848.0 5002.0 2848.0 5002.0 2869.0 4986.0 2869.0 small-vehicle 0
4964.0 2861.0 4979.0 2861.0 4979.0 2881.0 4964.0 2881.0 small-vehicle 0
5016.0 2941.0 5033.0 2941.0 5033.0 2956.0 5016.0 2956.0 small-vehicle 1
5035.0 2932.0 5052.0 2932.0 5052.0 2946.0 5035.0 2946.0 small-vehicle 1
5051.0 2921.0 5069.0 2921.0 5069.0 2937.0 5051.0 2937.0 small-vehicle 0
5068.0 2910.0 5086.0 2910.0 5086.0 2926.0 5068.0 2926.0 small-vehicle 0
5084.0 2901.0 5100.0 2901.0 5100.0 2915.0 5084.0 2915.0 small-vehicle 0
4982.0 2925.0 4998.0 2925.0 4998.0 2945.0 4982.0 2945.0 small-vehicle 0
5020.0 2902.0 5033.0 2902.0 5033.0 2920.0 5020.0 2920.0 small-vehicle 0
4997.0 2918.0 5013.0 2918.0 5013.0 2936.0 4997.0 2936.0 small-vehicle 0
4994.0 2844.0 5009.0 2844.0 5009.0 2863.0 4994.0 2863.0 small-vehicle 1
4976.0 2904.0 4992.0 2904.0 4992.0 2924.0 4976.0 2924.0 small-vehicle 0
4993.0 2895.0 5008.0 2895.0 5008.0 2914.0 4993.0 2914.0 small-vehicle 0
5006.0 2882.0 5024.0 2882.0 5024.0 2903.0 5006.0 2903.0 small-vehicle 0
5014.0 2879.0 5029.0 2879.0 5029.0 2899.0 5014.0 2899.0 small-vehicle 0
5046.0 2888.0 5062.0 2888.0 5062.0 2906.0 5046.0 2906.0 small-vehicle 0
5031.0 2869.0 5046.0 2869.0 5046.0 2889.0 5031.0 2889.0 small-vehicle 0
5039.0 2865.0 5054.0 2865.0 5054.0 2886.0 5039.0 2886.0 small-vehicle 0
5054.0 2859.0 5069.0 2859.0 5069.0 2876.0 5054.0 2876.0 small-vehicle 0
5063.0 2854.0 5078.0 2854.0 5078.0 2874.0 5063.0 2874.0 small-vehicle 0
5058.0 2881.0 5074.0 2881.0 5074.0 2898.0 5058.0 2898.0 small-vehicle 0
5066.0 2875.0 5083.0 2875.0 5083.0 2895.0 5066.0 2895.0 small-vehicle 0
5082.0 2867.0 5097.0 2867.0 5097.0 2884.0 5082.0 2884.0 small-vehicle 0
5069.0 2847.0 5085.0 2847.0 5085.0 2868.0 5069.0 2868.0 small-vehicle 0
4977.0 2853.0 4992.0 2853.0 4992.0 2872.0 4977.0 2872.0 small-vehicle 1
5000.0 2839.0 5015.0 2839.0 5015.0 2858.0 5000.0 2858.0 small-vehicle 1
5255.0 3283.0 5271.0 3283.0 5271.0 3303.0 5255.0 3303.0 small-vehicle 1
5256.0 3179.0 5272.0 3179.0 5272.0 3199.0 5256.0 3199.0 small-vehicle 1
5309.0 3252.0 5324.0 3252.0 5324.0 3272.0 5309.0 3272.0 small-vehicle 1
5294.0 3259.0 5309.0 3259.0 5309.0 3284.0 5294.0 3284.0 small-vehicle 1
5322.0 3220.0 5335.0 3220.0 5335.0 3240.0 5322.0 3240.0 small-vehicle 1
5313.0 3226.0 5329.0 3226.0 5329.0 3243.0 5313.0 3243.0 small-vehicle 1
5307.0 3230.0 5322.0 3230.0 5322.0 3248.0 5307.0 3248.0 small-vehicle 1
5276.0 3248.0 5287.0 3248.0 5287.0 3263.0 5276.0 3263.0 small-vehicle 1
5269.0 3253.0 5280.0 3253.0 5280.0 3269.0 5269.0 3269.0 small-vehicle 1
5230.0 3276.0 5245.0 3276.0 5245.0 3293.0 5230.0 3293.0 small-vehicle 1
5216.0 3281.0 5229.0 3281.0 5229.0 3300.0 5216.0 3300.0 small-vehicle 1
5236.0 3214.0 5249.0 3214.0 5249.0 3233.0 5236.0 3233.0 small-vehicle 1
5226.0 3196.0 5239.0 3196.0 5239.0 3216.0 5226.0 3216.0 small-vehicle 1
5240.0 3187.0 5252.0 3187.0 5252.0 3204.0 5240.0 3204.0 small-vehicle 1
5252.0 3207.0 5266.0 3207.0 5266.0 3225.0 5252.0 3225.0 small-vehicle 1
5263.0 3173.0 5279.0 3173.0 5279.0 3191.0 5263.0 3191.0 small-vehicle 1
5009.0 2835.0 5026.0 2835.0 5026.0 2855.0 5009.0 2855.0 small-vehicle 1
5301.0 3150.0 5316.0 3150.0 5316.0 3169.0 5301.0 3169.0 small-vehicle 1
5293.0 3156.0 5309.0 3156.0 5309.0 3177.0 5293.0 3177.0 small-vehicle 1
5287.0 3160.0 5301.0 3160.0 5301.0 3181.0 5287.0 3181.0 small-vehicle 1
5279.0 3165.0 5293.0 3165.0 5293.0 3183.0 5279.0 3183.0 small-vehicle 1
5290.0 3180.0 5304.0 3180.0 5304.0 3200.0 5290.0 3200.0 small-vehicle 1
5187.0 2864.0 5210.0 2864.0 5210.0 2883.0 5187.0 2883.0 small-vehicle 1
5207.0 2851.0 5228.0 2851.0 5228.0 2871.0 5207.0 2871.0 small-vehicle 1
5224.0 2840.0 5245.0 2840.0 5245.0 2858.0 5224.0 2858.0 small-vehicle 1
4985.0 2899.0 5002.0 2899.0 5002.0 2919.0 4985.0 2919.0 small-vehicle 1
5023.0 2874.0 5040.0 2874.0 5040.0 2895.0 5023.0 2895.0 small-vehicle 1
5097.0 2859.0 5112.0 2859.0 5112.0 2879.0 5097.0 2879.0 small-vehicle 1
5109.0 2825.0 5123.0 2825.0 5123.0 2845.0 5109.0 2845.0 small-vehicle 1
5078.0 2768.0 5092.0 2768.0 5092.0 2788.0 5078.0 2788.0 small-vehicle 1
4761.0 2263.0 4779.0 2263.0 4779.0 2277.0 4761.0 2277.0 small-vehicle 0
4730.0 2236.0 4752.0 2236.0 4752.0 2251.0 4730.0 2251.0 small-vehicle 0
7683.0 256.0 7703.0 256.0 7703.0 272.0 7683.0 272.0 small-vehicle 1
4767.0 2216.0 4787.0 2216.0 4787.0 2230.0 4767.0 2230.0 small-vehicle 0
6120.0 3313.0 6160.0 3313.0 6160.0 3344.0 6120.0 3344.0 large-vehicle 0
6112.0 3305.0 6152.0 3305.0 6152.0 3332.0 6112.0 3332.0 large-vehicle 0
5011.0 4724.0 5161.0 4724.0 5161.0 4890.0 5011.0 4890.0 ship 1
5290.0 2079.0 5343.0 2079.0 5343.0 2117.0 5290.0 2117.0 large-vehicle 0
5197.0 2137.0 5233.0 2137.0 5233.0 2164.0 5197.0 2164.0 large-vehicle 0
5141.0 2108.0 5195.0 2108.0 5195.0 2143.0 5141.0 2143.0 large-vehicle 0
5085.0 2070.0 5139.0 2070.0 5139.0 2110.0 5085.0 2110.0 large-vehicle 0
5031.0 2033.0 5078.0 2033.0 5078.0 2068.0 5031.0 2068.0 large-vehicle 0
5340.0 1805.0 5387.0 1805.0 5387.0 1834.0 5340.0 1834.0 large-vehicle 0
5327.0 1826.0 5372.0 1826.0 5372.0 1856.0 5327.0 1856.0 large-vehicle 0
5249.0 1758.0 5296.0 1758.0 5296.0 1787.0 5249.0 1787.0 large-vehicle 0
5177.0 1734.0 5227.0 1734.0 5227.0 1751.0 5177.0 1751.0 large-vehicle 0
5058.0 1592.0 5393.0 1592.0 5393.0 1803.0 5058.0 1803.0 ship 0
4787.0 1474.0 5016.0 1474.0 5016.0 1617.0 4787.0 1617.0 ship 0
4981.0 2003.0 5033.0 2003.0 5033.0 2040.0 4981.0 2040.0 large-vehicle 0
4924.0 1974.0 4978.0 1974.0 4978.0 2008.0 4924.0 2008.0 large-vehicle 0
4884.0 1954.0 4921.0 1954.0 4921.0 1981.0 4884.0 1981.0 large-vehicle 0
4847.0 1916.0 4898.0 1916.0 4898.0 1950.0 4847.0 1950.0 large-vehicle 0
4471.0 3887.0 4909.0 3887.0 4909.0 4520.0 4471.0 4520.0 ship 0
4399.0 1253.0 4747.0 1253.0 4747.0 1476.0 4399.0 1476.0 ship 0
4392.0 1921.0 4419.0 1921.0 4419.0 1947.0 4392.0 1947.0 large-vehicle 0
4770.0 1875.0 4818.0 1875.0 4818.0 1907.0 4770.0 1907.0 large-vehicle 0
4755.0 1882.0 4792.0 1882.0 4792.0 1909.0 4755.0 1909.0 large-vehicle 0
4687.0 1849.0 4744.0 1849.0 4744.0 1885.0 4687.0 1885.0 large-vehicle 0
4565.0 1771.0 4619.0 1771.0 4619.0 1806.0 4565.0 1806.0 large-vehicle 0
4607.0 1808.0 4655.0 1808.0 4655.0 1840.0 4607.0 1840.0 large-vehicle 0
4548.0 1782.0 4603.0 1782.0 4603.0 1816.0 4548.0 1816.0 large-vehicle 0
4546.0 1732.0 4563.0 1732.0 4563.0 1746.0 4546.0 1746.0 large-vehicle 0
4504.0 1742.0 4557.0 1742.0 4557.0 1775.0 4504.0 1775.0 large-vehicle 0
6056.0 2456.0 6112.0 2456.0 6112.0 2469.0 6056.0 2469.0 large-vehicle 0
6121.0 2409.0 6153.0 2409.0 6153.0 2460.0 6121.0 2460.0 large-vehicle 0
6228.0 4323.0 6284.0 4323.0 6284.0 4362.0 6228.0 4362.0 large-vehicle 0
6691.0 3049.0 6713.0 3049.0 6713.0 3090.0 6691.0 3090.0 large-vehicle 0
6614.0 3991.0 6641.0 3991.0 6641.0 4026.0 6614.0 4026.0 large-vehicle 0
6652.0 3657.0 6679.0 3657.0 6679.0 3704.0 6652.0 3704.0 large-vehicle 0
6611.0 3567.0 6642.0 3567.0 6642.0 3627.0 6611.0 3627.0 large-vehicle 0
6722.0 3447.0 6778.0 3447.0 6778.0 3475.0 6722.0 3475.0 large-vehicle 0
6796.0 3309.0 6820.0 3309.0 6820.0 3352.0 6796.0 3352.0 large-vehicle 0
6783.0 3224.0 6797.0 3224.0 6797.0 3278.0 6783.0 3278.0 large-vehicle 0
6752.0 3218.0 6782.0 3218.0 6782.0 3261.0 6752.0 3261.0 large-vehicle 0
6733.0 3148.0 6756.0 3148.0 6756.0 3190.0 6733.0 3190.0 large-vehicle 0
6909.0 2919.0 6940.0 2919.0 6940.0 2957.0 6909.0 2957.0 large-vehicle 0
6891.0 2867.0 6917.0 2867.0 6917.0 2918.0 6891.0 2918.0 large-vehicle 0
6666.0 2570.0 6716.0 2570.0 6716.0 2615.0 6666.0 2615.0 large-vehicle 0
6616.0 2617.0 6671.0 2617.0 6671.0 2655.0 6616.0 2655.0 large-vehicle 0
6598.0 2575.0 6655.0 2575.0 6655.0 2608.0 6598.0 2608.0 large-vehicle 0
6396.0 3580.0 6486.0 3580.0 6486.0 3659.0 6396.0 3659.0 tennis-court 0
6234.0 3239.0 6274.0 3239.0 6274.0 3267.0 6234.0 3267.0 large-vehicle 0
6490.0 2555.0 6542.0 2555.0 6542.0 2589.0 6490.0 2589.0 large-vehicle 0
6386.0 2532.0 6464.0 2532.0 6464.0 2570.0 6386.0 2570.0 large-vehicle 0
6189.0 2324.0 6218.0 2324.0 6218.0 2367.0 6189.0 2367.0 large-vehicle 0
6478.0 2571.0 6535.0 2571.0 6535.0 2603.0 6478.0 2603.0 large-vehicle 0
6276.0 2523.0 6330.0 2523.0 6330.0 2553.0 6276.0 2553.0 large-vehicle 0
6308.0 2438.0 6356.0 2438.0 6356.0 2478.0 6308.0 2478.0 large-vehicle 0
6271.0 2468.0 6308.0 2468.0 6308.0 2500.0 6271.0 2500.0 large-vehicle 0
6224.0 2710.0 6271.0 2710.0 6271.0 2759.0 6224.0 2759.0 large-vehicle 0
6337.0 2889.0 6371.0 2889.0 6371.0 2936.0 6337.0 2936.0 large-vehicle 0
6397.0 2977.0 6429.0 2977.0 6429.0 3037.0 6397.0 3037.0 large-vehicle 0
6298.0 3116.0 6328.0 3116.0 6328.0 3155.0 6298.0 3155.0 large-vehicle 0
6317.0 3231.0 6351.0 3231.0 6351.0 3257.0 6317.0 3257.0 large-vehicle 0
6261.0 3255.0 6304.0 3255.0 6304.0 3286.0 6261.0 3286.0 large-vehicle 0
4496.0 1755.0 4545.0 1755.0 4545.0 1786.0 4496.0 1786.0 large-vehicle 0
4446.0 1714.0 4495.0 1714.0 4495.0 1746.0 4446.0 1746.0 large-vehicle 0
4586.0 1849.0 4627.0 1849.0 4627.0 1878.0 4586.0 1878.0 large-vehicle 0
3478.0 1400.0 3506.0 1400.0 3506.0 1439.0 3478.0 1439.0 large-vehicle 0
3779.0 1876.0 3813.0 1876.0 3813.0 1928.0 3779.0 1928.0 large-vehicle 0
4056.0 1682.0 4095.0 1682.0 4095.0 1729.0 4056.0 1729.0 large-vehicle 0
4025.0 1715.0 4051.0 1715.0 4051.0 1750.0 4025.0 1750.0 large-vehicle 0
4021.0 1605.0 4073.0 1605.0 4073.0 1648.0 4021.0 1648.0 large-vehicle 0
3978.0 1685.0 4008.0 1685.0 4008.0 1744.0 3978.0 1744.0 large-vehicle 0
3853.0 1691.0 3902.0 1691.0 3902.0 1729.0 3853.0 1729.0 large-vehicle 0
3991.0 1547.0 4042.0 1547.0 4042.0 1593.0 3991.0 1593.0 large-vehicle 0
3959.0 1508.0 3989.0 1508.0 3989.0 1543.0 3959.0 1543.0 large-vehicle 0
3875.0 1431.0 3915.0 1431.0 3915.0 1481.0 3875.0 1481.0 large-vehicle 0
3628.0 10.0 4253.0 10.0 4253.0 313.0 3628.0 313.0 ship 1
3639.0 1670.0 3666.0 1670.0 3666.0 1707.0 3639.0 1707.0 large-vehicle 0
3537.0 1499.0 3566.0 1499.0 3566.0 1539.0 3537.0 1539.0 large-vehicle 0
3501.0 1441.0 3540.0 1441.0 3540.0 1494.0 3501.0 1494.0 large-vehicle 0
3435.0 1329.0 3465.0 1329.0 3465.0 1367.0 3435.0 1367.0 large-vehicle 0
3975.0 1886.0 4024.0 1886.0 4024.0 1921.0 3975.0 1921.0 large-vehicle 0
3431.0 1294.0 3458.0 1294.0 3458.0 1333.0 3431.0 1333.0 large-vehicle 0
3402.0 1273.0 3441.0 1273.0 3441.0 1328.0 3402.0 1328.0 large-vehicle 0
3458.0 1334.0 3486.0 1334.0 3486.0 1374.0 3458.0 1374.0 large-vehicle 0
3499.0 4469.0 3707.0 4469.0 3707.0 4719.0 3499.0 4719.0 ship 0
3224.0 3947.0 3341.0 3947.0 3341.0 4117.0 3224.0 4117.0 ship 0
3156.0 3927.0 3326.0 3927.0 3326.0 4177.0 3156.0 4177.0 ship 0
2941.0 1064.0 3031.0 1064.0 3031.0 1164.0 2941.0 1164.0 ship 0
3173.0 2982.0 3214.0 2982.0 3214.0 3044.0 3173.0 3044.0 ship 0
2848.0 1170.0 2894.0 1170.0 2894.0 1221.0 2848.0 1221.0 ship 0
1810.0 4464.0 1908.0 4464.0 1908.0 4574.0 1810.0 4574.0 basketball-court 0
69.0 866.0 229.0 866.0 229.0 986.0 69.0 986.0 ship 0
228.0 464.0 401.0 464.0 401.0 592.0 228.0 592.0 ship 0
208.0 489.0 389.0 489.0 389.0 624.0 208.0 624.0 ship 0
3816.0 1964.0 3845.0 1964.0 3845.0 2004.0 3816.0 2004.0 large-vehicle 0
4082.0 1950.0 4120.0 1950.0 4120.0 2004.0 4082.0 2004.0 large-vehicle 0
4749.0 2898.0 4779.0 2898.0 4779.0 2941.0 4749.0 2941.0 large-vehicle 0
4331.0 1731.0 4382.0 1731.0 4382.0 1763.0 4331.0 1763.0 large-vehicle 0
4657.0 3958.0 4688.0 3958.0 4688.0 3994.0 4657.0 3994.0 large-vehicle 0
4580.0 3544.0 4608.0 3544.0 4608.0 3589.0 4580.0 3589.0 large-vehicle 0
4604.0 3475.0 4623.0 3475.0 4623.0 3499.0 4604.0 3499.0 large-vehicle 0
4592.0 3435.0 4610.0 3435.0 4610.0 3457.0 4592.0 3457.0 large-vehicle 0
4539.0 3436.0 4562.0 3436.0 4562.0 3481.0 4539.0 3481.0 large-vehicle 0
4585.0 3533.0 4607.0 3533.0 4607.0 3551.0 4585.0 3551.0 large-vehicle 0
4610.0 3509.0 4635.0 3509.0 4635.0 3533.0 4610.0 3533.0 large-vehicle 0
4438.0 1726.0 4492.0 1726.0 4492.0 1761.0 4438.0 1761.0 large-vehicle 0
4426.0 1679.0 4478.0 1679.0 4478.0 1712.0 4426.0 1712.0 large-vehicle 0
4466.0 1629.0 4489.0 1629.0 4489.0 1665.0 4466.0 1665.0 large-vehicle 0
4397.0 1760.0 4452.0 1760.0 4452.0 1791.0 4397.0 1791.0 large-vehicle 0
4206.0 2043.0 4231.0 2043.0 4231.0 2097.0 4206.0 2097.0 large-vehicle 0
4302.0 1756.0 4359.0 1756.0 4359.0 1792.0 4302.0 1792.0 large-vehicle 0
4266.0 1697.0 4320.0 1697.0 4320.0 1731.0 4266.0 1731.0 large-vehicle 0
3855.0 1321.0 3904.0 1321.0 3904.0 1373.0 3855.0 1373.0 large-vehicle 0
4334.0 1562.0 4356.0 1562.0 4356.0 1598.0 4334.0 1598.0 large-vehicle 0
4214.0 1575.0 4266.0 1575.0 4266.0 1609.0 4214.0 1609.0 large-vehicle 0
4211.0 1597.0 4266.0 1597.0 4266.0 1631.0 4211.0 1631.0 large-vehicle 0
4176.0 1616.0 4228.0 1616.0 4228.0 1645.0 4176.0 1645.0 large-vehicle 0
4156.0 1591.0 4209.0 1591.0 4209.0 1622.0 4156.0 1622.0 large-vehicle 0
4151.0 1570.0 4205.0 1570.0 4205.0 1603.0 4151.0 1603.0 large-vehicle 0
4136.0 1604.0 4171.0 1604.0 4171.0 1626.0 4136.0 1626.0 large-vehicle 0
4204.0 1691.0 4258.0 1691.0 4258.0 1728.0 4204.0 1728.0 large-vehicle 0
4121.0 2040.0 4160.0 2040.0 4160.0 2095.0 4121.0 2095.0 large-vehicle 0
4131.0 2026.0 4171.0 2026.0 4171.0 2079.0 4131.0 2079.0 large-vehicle 0
4226.0 2159.0 4252.0 2159.0 4252.0 2213.0 4226.0 2213.0 large-vehicle 0
4101.0 1926.0 4136.0 1926.0 4136.0 1956.0 4101.0 1956.0 large-vehicle 0
4046.0 1911.0 4081.0 1911.0 4081.0 1946.0 4046.0 1946.0 large-vehicle 0
6692.0 3981.0 6713.0 3981.0 6713.0 4020.0 6692.0 4020.0 large-vehicle 0
6827.0 4119.0 6854.0 4119.0 6854.0 4176.0 6827.0 4176.0 large-vehicle 0
6808.0 4066.0 6832.0 4066.0 6832.0 4112.0 6808.0 4112.0 large-vehicle 0
4357.0 2144.0 4366.0 2144.0 4366.0 2164.0 4357.0 2164.0 small-vehicle 1
4423.0 1996.0 4443.0 1996.0 4443.0 2013.0 4423.0 2013.0 small-vehicle 0
4678.0 1982.0 4695.0 1982.0 4695.0 1996.0 4678.0 1996.0 small-vehicle 0
4658.0 1975.0 4678.0 1975.0 4678.0 1989.0 4658.0 1989.0 small-vehicle 0
4592.0 1969.0 4610.0 1969.0 4610.0 1978.0 4592.0 1978.0 small-vehicle 0
4734.0 1969.0 4756.0 1969.0 4756.0 1986.0 4734.0 1986.0 small-vehicle 0
4440.0 1985.0 4457.0 1985.0 4457.0 1998.0 4440.0 1998.0 small-vehicle 1
4472.0 1959.0 4491.0 1959.0 4491.0 1976.0 4472.0 1976.0 small-vehicle 0
4470.0 2003.0 4489.0 2003.0 4489.0 2022.0 4470.0 2022.0 small-vehicle 0
4407.0 2080.0 4422.0 2080.0 4422.0 2100.0 4407.0 2100.0 small-vehicle 1
4437.0 2029.0 4457.0 2029.0 4457.0 2046.0 4437.0 2046.0 small-vehicle 1
4377.0 2061.0 4391.0 2061.0 4391.0 2081.0 4377.0 2081.0 small-vehicle 1
4391.0 2143.0 4400.0 2143.0 4400.0 2163.0 4391.0 2163.0 small-vehicle 1
4393.0 2118.0 4405.0 2118.0 4405.0 2137.0 4393.0 2137.0 small-vehicle 1
4376.0 2272.0 4391.0 2272.0 4391.0 2296.0 4376.0 2296.0 small-vehicle 1
4398.0 2023.0 4414.0 2023.0 4414.0 2042.0 4398.0 2042.0 small-vehicle 0
4414.0 2268.0 4428.0 2268.0 4428.0 2289.0 4414.0 2289.0 small-vehicle 1
4404.0 2249.0 4418.0 2249.0 4418.0 2268.0 4404.0 2268.0 small-vehicle 1
4445.0 2317.0 4458.0 2317.0 4458.0 2337.0 4445.0 2337.0 small-vehicle 1
4417.0 2346.0 4432.0 2346.0 4432.0 2364.0 4417.0 2364.0 small-vehicle 1
4756.0 1979.0 4774.0 1979.0 4774.0 1993.0 4756.0 1993.0 small-vehicle 1
4613.0 1967.0 4632.0 1967.0 4632.0 1977.0 4613.0 1977.0 small-vehicle 1
4488.0 1992.0 4508.0 1992.0 4508.0 2008.0 4488.0 2008.0 small-vehicle 1
4454.0 1969.0 4474.0 1969.0 4474.0 1986.0 4454.0 1986.0 small-vehicle 1
4415.0 1825.0 4435.0 1825.0 4435.0 1840.0 4415.0 1840.0 small-vehicle 1
4433.0 1881.0 4451.0 1881.0 4451.0 1901.0 4433.0 1901.0 small-vehicle 1
4647.0 1729.0 4661.0 1729.0 4661.0 1748.0 4647.0 1748.0 small-vehicle 1
4638.0 1720.0 4653.0 1720.0 4653.0 1743.0 4638.0 1743.0 small-vehicle 1
4688.0 1745.0 4703.0 1745.0 4703.0 1761.0 4688.0 1761.0 small-vehicle 1
4408.0 2010.0 4428.0 2010.0 4428.0 2027.0 4408.0 2027.0 small-vehicle 0
4389.0 2040.0 4405.0 2040.0 4405.0 2059.0 4389.0 2059.0 small-vehicle 0
4665.0 1733.0 4683.0 1733.0 4683.0 1756.0 4665.0 1756.0 small-vehicle 0
4362.0 2230.0 4373.0 2230.0 4373.0 2249.0 4362.0 2249.0 small-vehicle 0
4881.0 2210.0 4898.0 2210.0 4898.0 2223.0 4881.0 2223.0 small-vehicle 0
4876.0 2196.0 4897.0 2196.0 4897.0 2210.0 4876.0 2210.0 small-vehicle 0
4856.0 2205.0 4880.0 2205.0 4880.0 2221.0 4856.0 2221.0 small-vehicle 0
4850.0 2165.0 4870.0 2165.0 4870.0 2183.0 4850.0 2183.0 small-vehicle 0
4453.0 2407.0 4471.0 2407.0 4471.0 2429.0 4453.0 2429.0 small-vehicle 0
4426.0 2363.0 4443.0 2363.0 4443.0 2381.0 4426.0 2381.0 small-vehicle 0
4404.0 2327.0 4421.0 2327.0 4421.0 2346.0 4404.0 2346.0 small-vehicle 0
4396.0 2311.0 4409.0 2311.0 4409.0 2329.0 4396.0 2329.0 small-vehicle 0
4387.0 2293.0 4398.0 2293.0 4398.0 2309.0 4387.0 2309.0 small-vehicle 1
4452.0 2335.0 4468.0 2335.0 4468.0 2355.0 4452.0 2355.0 small-vehicle 0
4431.0 2301.0 4447.0 2301.0 4447.0 2318.0 4431.0 2318.0 small-vehicle 0
4422.0 2284.0 4437.0 2284.0 4437.0 2302.0 4422.0 2302.0 small-vehicle 0
4355.0 2203.0 4366.0 2203.0 4366.0 2218.0 4355.0 2218.0 small-vehicle 0
4356.0 2187.0 4364.0 2187.0 4364.0 2203.0 4356.0 2203.0 small-vehicle 0
4428.0 2046.0 4444.0 2046.0 4444.0 2063.0 4428.0 2063.0 small-vehicle 0
4399.0 2199.0 4417.0 2199.0 4417.0 2214.0 4399.0 2214.0 small-vehicle 0
4526.0 2122.0 4544.0 2122.0 4544.0 2136.0 4526.0 2136.0 small-vehicle 0
4546.0 2111.0 4563.0 2111.0 4563.0 2126.0 4546.0 2126.0 small-vehicle 0
4565.0 2098.0 4584.0 2098.0 4584.0 2115.0 4565.0 2115.0 small-vehicle 0
4616.0 2065.0 4636.0 2065.0 4636.0 2085.0 4616.0 2085.0 small-vehicle 0
4658.0 2043.0 4675.0 2043.0 4675.0 2059.0 4658.0 2059.0 small-vehicle 0
4694.0 2025.0 4712.0 2025.0 4712.0 2039.0 4694.0 2039.0 small-vehicle 0
4390.0 2166.0 4400.0 2166.0 4400.0 2184.0 4390.0 2184.0 small-vehicle 0
4356.0 2167.0 4364.0 2167.0 4364.0 2186.0 4356.0 2186.0 small-vehicle 0
4368.0 2086.0 4380.0 2086.0 4380.0 2108.0 4368.0 2108.0 small-vehicle 0
4401.0 2097.0 4414.0 2097.0 4414.0 2117.0 4401.0 2117.0 small-vehicle 0
4417.0 2060.0 4434.0 2060.0 4434.0 2081.0 4417.0 2081.0 small-vehicle 0
4454.0 2017.0 4472.0 2017.0 4472.0 2035.0 4454.0 2035.0 small-vehicle 0
4677.0 1734.0 4694.0 1734.0 4694.0 1756.0 4677.0 1756.0 small-vehicle 0
4618.0 1719.0 4632.0 1719.0 4632.0 1739.0 4618.0 1739.0 small-vehicle 0
6791.0 4018.0 6815.0 4018.0 6815.0 4065.0 6791.0 4065.0 large-vehicle 0
6974.0 3724.0 7005.0 3724.0 7005.0 3781.0 6974.0 3781.0 large-vehicle 0
3963.0 2629.0 4071.0 2629.0 4071.0 2735.0 3963.0 2735.0 storage-tank 0
8375.0 2621.0 8422.0 2621.0 8422.0 2748.0 8375.0 2748.0 ship 0
8415.0 2621.0 8455.0 2621.0 8455.0 2741.0 8415.0 2741.0 ship 0
8424.0 2757.0 8467.0 2757.0 8467.0 2926.0 8424.0 2926.0 ship 0
8383.0 32.0 8468.0 32.0 8468.0 145.0 8383.0 145.0 basketball-court 0
7147.0 3366.0 7448.0 3366.0 7448.0 3967.0 7147.0 3967.0 ship 0
6863.0 2558.0 7201.0 2558.0 7201.0 3258.0 6863.0 3258.0 ship 0
6901.0 3519.0 6931.0 3519.0 6931.0 3576.0 6901.0 3576.0 large-vehicle 0
7060.0 3370.0 7116.0 3370.0 7116.0 3387.0 7060.0 3387.0 large-vehicle 0
7019.0 3388.0 7077.0 3388.0 7077.0 3413.0 7019.0 3413.0 large-vehicle 0
7138.0 3455.0 7162.0 3455.0 7162.0 3514.0 7138.0 3514.0 large-vehicle 0
6884.0 3566.0 6909.0 3566.0 6909.0 3624.0 6884.0 3624.0 large-vehicle 0
6914.0 3653.0 6940.0 3653.0 6940.0 3701.0 6914.0 3701.0 large-vehicle 0
6932.0 3706.0 6956.0 3706.0 6956.0 3745.0 6932.0 3745.0 large-vehicle 0
4309.0 2609.0 4402.0 2609.0 4402.0 2703.0 4309.0 2703.0 storage-tank 0
7174.0 3591.0 7207.0 3591.0 7207.0 3649.0 7174.0 3649.0 large-vehicle 0
7251.0 3804.0 7283.0 3804.0 7283.0 3859.0 7251.0 3859.0 large-vehicle 0
7020.0 3853.0 7043.0 3853.0 7043.0 3892.0 7020.0 3892.0 large-vehicle 0
7347.0 4001.0 7366.0 4001.0 7366.0 4031.0 7347.0 4031.0 large-vehicle 0
7067.0 3977.0 7097.0 3977.0 7097.0 4034.0 7067.0 4034.0 large-vehicle 0
7276.0 4066.0 7309.0 4066.0 7309.0 4121.0 7276.0 4121.0 large-vehicle 0
6998.0 4128.0 7050.0 4128.0 7050.0 4171.0 6998.0 4171.0 large-vehicle 0
7128.0 4231.0 7158.0 4231.0 7158.0 4276.0 7128.0 4276.0 large-vehicle 0
7091.0 4146.0 7116.0 4146.0 7116.0 4191.0 7091.0 4191.0 large-vehicle 0
7198.0 4153.0 7232.0 4153.0 7232.0 4214.0 7198.0 4214.0 large-vehicle 0
7174.0 4261.0 7196.0 4261.0 7196.0 4323.0 7174.0 4323.0 large-vehicle 0
7262.0 4517.0 7288.0 4517.0 7288.0 4565.0 7262.0 4565.0 large-vehicle 0
6776.0 3982.0 6797.0 3982.0 6797.0 4016.0 6776.0 4016.0 large-vehicle 0
4264.0 2524.0 4343.0 2524.0 4343.0 2604.0 4264.0 2604.0 storage-tank 0
4027.0 2742.0 4139.0 2742.0 4139.0 2848.0 4027.0 2848.0 storage-tank 0
4566.0 1682.0 4582.0 1682.0 4582.0 1704.0 4566.0 1704.0 small-vehicle 0
4352.0 1309.0 4366.0 1309.0 4366.0 1329.0 4352.0 1329.0 small-vehicle 0
4555.0 1676.0 4575.0 1676.0 4575.0 1697.0 4555.0 1697.0 small-vehicle 0
4548.0 1671.0 4565.0 1671.0 4565.0 1692.0 4548.0 1692.0 small-vehicle 0
4538.0 1666.0 4555.0 1666.0 4555.0 1687.0 4538.0 1687.0 small-vehicle 0
4955.0 1761.0 4970.0 1761.0 4970.0 1781.0 4955.0 1781.0 small-vehicle 0
4895.0 1795.0 4911.0 1795.0 4911.0 1813.0 4895.0 1813.0 small-vehicle 0
5033.0 1644.0 5055.0 1644.0 5055.0 1661.0 5033.0 1661.0 small-vehicle 0
3877.0 1853.0 3897.0 1853.0 3897.0 1868.0 3877.0 1868.0 small-vehicle 0
3987.0 1847.0 4003.0 1847.0 4003.0 1863.0 3987.0 1863.0 small-vehicle 1
3969.0 1842.0 3987.0 1842.0 3987.0 1861.0 3969.0 1861.0 small-vehicle 0
3963.0 1837.0 3981.0 1837.0 3981.0 1852.0 3963.0 1852.0 small-vehicle 0
3938.0 1837.0 3959.0 1837.0 3959.0 1855.0 3938.0 1855.0 small-vehicle 0
3933.0 1805.0 3951.0 1805.0 3951.0 1821.0 3933.0 1821.0 small-vehicle 0
3953.0 1791.0 3967.0 1791.0 3967.0 1808.0 3953.0 1808.0 small-vehicle 0
7316.0 4396.0 7404.0 4396.0 7404.0 4477.0 7316.0 4477.0 storage-tank 0
4378.0 2791.0 4469.0 2791.0 4469.0 2886.0 4378.0 2886.0 storage-tank 0
7285.0 4315.0 7375.0 4315.0 7375.0 4401.0 7285.0 4401.0 storage-tank 0
6360.0 4319.0 6369.0 4319.0 6369.0 4329.0 6360.0 4329.0 storage-tank 1
6352.0 4308.0 6362.0 4308.0 6362.0 4319.0 6352.0 4319.0 storage-tank 1
6335.0 4337.0 6345.0 4337.0 6345.0 4349.0 6335.0 4349.0 storage-tank 1
6329.0 4328.0 6339.0 4328.0 6339.0 4338.0 6329.0 4338.0 storage-tank 1
5987.0 2732.0 6101.0 2732.0 6101.0 2833.0 5987.0 2833.0 basketball-court 0
4758.0 3348.0 4849.0 3348.0 4849.0 3438.0 4758.0 3438.0 storage-tank 0
4818.0 3442.0 4904.0 3442.0 4904.0 3531.0 4818.0 3531.0 storage-tank 0
4486.0 3545.0 4570.0 3545.0 4570.0 3628.0 4486.0 3628.0 storage-tank 0
4434.0 3456.0 4517.0 3456.0 4517.0 3536.0 4434.0 3536.0 storage-tank 0
4386.0 3281.0 4462.0 3281.0 4462.0 3362.0 4386.0 3362.0 storage-tank 0
4202.0 2969.0 4284.0 2969.0 4284.0 3055.0 4202.0 3055.0 storage-tank 0
4159.0 2899.0 4244.0 2899.0 4244.0 2983.0 4159.0 2983.0 storage-tank 0
7653.0 242.0 7675.0 242.0 7675.0 261.0 7653.0 261.0 small-vehicle 1
7700.0 264.0 7719.0 264.0 7719.0 282.0 7700.0 282.0 small-vehicle 1
6766.0 3946.0 6779.0 3946.0 6779.0 3967.0 6766.0 3967.0 small-vehicle 0
6171.0 4369.0 6193.0 4369.0 6193.0 4387.0 6171.0 4387.0 small-vehicle 0
6504.0 4157.0 6520.0 4157.0 6520.0 4177.0 6504.0 4177.0 small-vehicle 0
6518.0 4148.0 6532.0 4148.0 6532.0 4166.0 6518.0 4166.0 small-vehicle 0
6698.0 4087.0 6718.0 4087.0 6718.0 4104.0 6698.0 4104.0 small-vehicle 0
6605.0 4094.0 6621.0 4094.0 6621.0 4115.0 6605.0 4115.0 small-vehicle 1
6527.0 4140.0 6541.0 4140.0 6541.0 4161.0 6527.0 4161.0 small-vehicle 1
6312.0 4288.0 6330.0 4288.0 6330.0 4302.0 6312.0 4302.0 small-vehicle 1
6851.0 4390.0 6864.0 4390.0 6864.0 4409.0 6851.0 4409.0 small-vehicle 1
6786.0 4387.0 6808.0 4387.0 6808.0 4401.0 6786.0 4401.0 small-vehicle 1
6892.0 4825.0 6912.0 4825.0 6912.0 4838.0 6892.0 4838.0 small-vehicle 1
6652.0 4603.0 6674.0 4603.0 6674.0 4614.0 6652.0 4614.0 small-vehicle 1
6574.0 4493.0 6591.0 4493.0 6591.0 4506.0 6574.0 4506.0 small-vehicle 1
6689.0 4469.0 6704.0 4469.0 6704.0 4489.0 6689.0 4489.0 small-vehicle 1
6675.0 4480.0 6690.0 4480.0 6690.0 4498.0 6675.0 4498.0 small-vehicle 1
6669.0 4484.0 6684.0 4484.0 6684.0 4503.0 6669.0 4503.0 small-vehicle 1
6661.0 4486.0 6676.0 4486.0 6676.0 4506.0 6661.0 4506.0 small-vehicle 1
6651.0 4491.0 6667.0 4491.0 6667.0 4511.0 6651.0 4511.0 small-vehicle 1
6626.0 4510.0 6640.0 4510.0 6640.0 4529.0 6626.0 4529.0 small-vehicle 1
6620.0 4513.0 6633.0 4513.0 6633.0 4532.0 6620.0 4532.0 small-vehicle 1
6611.0 4518.0 6628.0 4518.0 6628.0 4538.0 6611.0 4538.0 small-vehicle 1
6598.0 4528.0 6611.0 4528.0 6611.0 4546.0 6598.0 4546.0 small-vehicle 1
6538.0 4514.0 6555.0 4514.0 6555.0 4531.0 6538.0 4531.0 small-vehicle 1
6487.0 4544.0 6502.0 4544.0 6502.0 4559.0 6487.0 4559.0 small-vehicle 1
6456.0 4564.0 6474.0 4564.0 6474.0 4578.0 6456.0 4578.0 small-vehicle 1
6491.0 4563.0 6511.0 4563.0 6511.0 4579.0 6491.0 4579.0 small-vehicle 1
6475.0 4574.0 6492.0 4574.0 6492.0 4588.0 6475.0 4588.0 small-vehicle 1
6865.0 4435.0 6880.0 4435.0 6880.0 4456.0 6865.0 4456.0 small-vehicle 0
6857.0 4409.0 6871.0 4409.0 6871.0 4427.0 6857.0 4427.0 small-vehicle 0
6819.0 4302.0 6834.0 4302.0 6834.0 4324.0 6819.0 4324.0 small-vehicle 0
6721.0 4403.0 6739.0 4403.0 6739.0 4417.0 6721.0 4417.0 small-vehicle 0
6497.0 4161.0 6512.0 4161.0 6512.0 4180.0 6497.0 4180.0 small-vehicle 0
6488.0 4165.0 6504.0 4165.0 6504.0 4187.0 6488.0 4187.0 small-vehicle 0
6480.0 4171.0 6497.0 4171.0 6497.0 4190.0 6480.0 4190.0 small-vehicle 0
6597.0 4100.0 6615.0 4100.0 6615.0 4120.0 6597.0 4120.0 small-vehicle 0
6678.0 4102.0 6697.0 4102.0 6697.0 4120.0 6678.0 4120.0 small-vehicle 1
6461.0 4065.0 6481.0 4065.0 6481.0 4087.0 6461.0 4087.0 small-vehicle 1
6438.0 4080.0 6454.0 4080.0 6454.0 4100.0 6438.0 4100.0 small-vehicle 1
6445.0 4074.0 6464.0 4074.0 6464.0 4094.0 6445.0 4094.0 small-vehicle 1
6363.0 4127.0 6380.0 4127.0 6380.0 4147.0 6363.0 4147.0 small-vehicle 1
6371.0 4121.0 6387.0 4121.0 6387.0 4139.0 6371.0 4139.0 small-vehicle 1
6378.0 4117.0 6395.0 4117.0 6395.0 4135.0 6378.0 4135.0 small-vehicle 0
6384.0 4111.0 6403.0 4111.0 6403.0 4131.0 6384.0 4131.0 small-vehicle 0
6414.0 4094.0 6432.0 4094.0 6432.0 4114.0 6414.0 4114.0 small-vehicle 0
6423.0 4090.0 6440.0 4090.0 6440.0 4108.0 6423.0 4108.0 small-vehicle 0
6456.0 4072.0 6470.0 4072.0 6470.0 4091.0 6456.0 4091.0 small-vehicle 0
6597.0 3943.0 6615.0 3943.0 6615.0 3961.0 6597.0 3961.0 small-vehicle 0
6570.0 4001.0 6587.0 4001.0 6587.0 4022.0 6570.0 4022.0 small-vehicle 0
6245.0 4152.0 6263.0 4152.0 6263.0 4166.0 6245.0 4166.0 small-vehicle 0
6473.0 4177.0 6490.0 4177.0 6490.0 4195.0 6473.0 4195.0 small-vehicle 0
6343.0 4252.0 6357.0 4252.0 6357.0 4274.0 6343.0 4274.0 small-vehicle 0
6350.0 4249.0 6366.0 4249.0 6366.0 4270.0 6350.0 4270.0 small-vehicle 0
6265.0 4317.0 6284.0 4317.0 6284.0 4334.0 6265.0 4334.0 small-vehicle 0
6327.0 4281.0 6345.0 4281.0 6345.0 4294.0 6327.0 4294.0 small-vehicle 0
6431.0 4243.0 6453.0 4243.0 6453.0 4260.0 6431.0 4260.0 small-vehicle 0
6411.0 4211.0 6427.0 4211.0 6427.0 4233.0 6411.0 4233.0 small-vehicle 0
6418.0 4207.0 6434.0 4207.0 6434.0 4229.0 6418.0 4229.0 small-vehicle 0
6425.0 4201.0 6444.0 4201.0 6444.0 4224.0 6425.0 4224.0 small-vehicle 0
6434.0 4195.0 6451.0 4195.0 6451.0 4216.0 6434.0 4216.0 small-vehicle 0
6441.0 4192.0 6457.0 4192.0 6457.0 4211.0 6441.0 4211.0 small-vehicle 0
6451.0 4189.0 6466.0 4189.0 6466.0 4208.0 6451.0 4208.0 small-vehicle 0
6458.0 4185.0 6474.0 4185.0 6474.0 4204.0 6458.0 4204.0 small-vehicle 0
6465.0 4181.0 6481.0 4181.0 6481.0 4201.0 6465.0 4201.0 small-vehicle 0
6698.0 4465.0 6714.0 4465.0 6714.0 4485.0 6698.0 4485.0 small-vehicle 0
6684.0 4474.0 6700.0 4474.0 6700.0 4494.0 6684.0 4494.0 small-vehicle 0
6634.0 4505.0 6650.0 4505.0 6650.0 4525.0 6634.0 4525.0 small-vehicle 0
6425.0 4788.0 6438.0 4788.0 6438.0 4811.0 6425.0 4811.0 small-vehicle 0
6827.0 4748.0 6847.0 4748.0 6847.0 4764.0 6827.0 4764.0 small-vehicle 0
6844.0 4745.0 6863.0 4745.0 6863.0 4759.0 6844.0 4759.0 small-vehicle 0
6860.0 4737.0 6881.0 4737.0 6881.0 4751.0 6860.0 4751.0 small-vehicle 0
6930.0 4712.0 6949.0 4712.0 6949.0 4730.0 6930.0 4730.0 small-vehicle 0
6909.0 4719.0 6931.0 4719.0 6931.0 4736.0 6909.0 4736.0 small-vehicle 0
6997.0 4860.0 7012.0 4860.0 7012.0 4881.0 6997.0 4881.0 small-vehicle 0
6983.0 4826.0 7000.0 4826.0 7000.0 4840.0 6983.0 4840.0 small-vehicle 0
6942.0 4799.0 6961.0 4799.0 6961.0 4812.0 6942.0 4812.0 small-vehicle 0
6875.0 4832.0 6894.0 4832.0 6894.0 4844.0 6875.0 4844.0 small-vehicle 0
6729.0 4840.0 6748.0 4840.0 6748.0 4850.0 6729.0 4850.0 small-vehicle 0
6725.0 4832.0 6742.0 4832.0 6742.0 4843.0 6725.0 4843.0 small-vehicle 0
6715.0 4853.0 6729.0 4853.0 6729.0 4873.0 6715.0 4873.0 small-vehicle 0
6412.0 4800.0 6425.0 4800.0 6425.0 4819.0 6412.0 4819.0 small-vehicle 0
6416.0 4771.0 6431.0 4771.0 6431.0 4792.0 6416.0 4792.0 small-vehicle 0
6695.0 4812.0 6715.0 4812.0 6715.0 4828.0 6695.0 4828.0 small-vehicle 0
6188.0 4529.0 6202.0 4529.0 6202.0 4549.0 6188.0 4549.0 small-vehicle 0
6293.0 4734.0 6312.0 4734.0 6312.0 4746.0 6293.0 4746.0 small-vehicle 0
6369.0 4704.0 6392.0 4704.0 6392.0 4720.0 6369.0 4720.0 small-vehicle 0
6447.0 4858.0 6461.0 4858.0 6461.0 4880.0 6447.0 4880.0 small-vehicle 0
6380.0 4632.0 6396.0 4632.0 6396.0 4654.0 6380.0 4654.0 small-vehicle 1
6422.0 4604.0 6442.0 4604.0 6442.0 4618.0 6422.0 4618.0 small-vehicle 1
6412.0 4583.0 6432.0 4583.0 6432.0 4601.0 6412.0 4601.0 small-vehicle 1
6125.0 4399.0 6146.0 4399.0 6146.0 4412.0 6125.0 4412.0 small-vehicle 1
6330.0 4722.0 6350.0 4722.0 6350.0 4731.0 6330.0 4731.0 small-vehicle 1
6313.0 4727.0 6330.0 4727.0 6330.0 4738.0 6313.0 4738.0 small-vehicle 1
6263.0 4745.0 6281.0 4745.0 6281.0 4756.0 6263.0 4756.0 small-vehicle 1
5900.0 4846.0 5909.0 4846.0 5909.0 4865.0 5900.0 4865.0 small-vehicle 1
6208.0 4526.0 6226.0 4526.0 6226.0 4542.0 6208.0 4542.0 small-vehicle 0
6718.0 4728.0 6731.0 4728.0 6731.0 4749.0 6718.0 4749.0 small-vehicle 0
6733.0 4772.0 6748.0 4772.0 6748.0 4792.0 6733.0 4792.0 small-vehicle 1
6604.0 4522.0 6622.0 4522.0 6622.0 4542.0 6604.0 4542.0 small-vehicle 0
6581.0 4628.0 6602.0 4628.0 6602.0 4642.0 6581.0 4642.0 small-vehicle 0
6590.0 4532.0 6605.0 4532.0 6605.0 4550.0 6590.0 4550.0 small-vehicle 0
6582.0 4536.0 6598.0 4536.0 6598.0 4557.0 6582.0 4557.0 small-vehicle 0
6574.0 4541.0 6590.0 4541.0 6590.0 4562.0 6574.0 4562.0 small-vehicle 0
6567.0 4547.0 6582.0 4547.0 6582.0 4566.0 6567.0 4566.0 small-vehicle 0
6555.0 4505.0 6572.0 4505.0 6572.0 4522.0 6555.0 4522.0 small-vehicle 1
6473.0 4552.0 6489.0 4552.0 6489.0 4566.0 6473.0 4566.0 small-vehicle 1
6438.0 4592.0 6461.0 4592.0 6461.0 4610.0 6438.0 4610.0 small-vehicle 0
6815.0 4546.0 6835.0 4546.0 6835.0 4560.0 6815.0 4560.0 small-vehicle 0
6747.0 4616.0 6768.0 4616.0 6768.0 4628.0 6747.0 4628.0 small-vehicle 0
6697.0 4586.0 6718.0 4586.0 6718.0 4601.0 6697.0 4601.0 small-vehicle 0
6672.0 4596.0 6692.0 4596.0 6692.0 4610.0 6672.0 4610.0 small-vehicle 0
6618.0 4616.0 6637.0 4616.0 6637.0 4628.0 6618.0 4628.0 small-vehicle 0
6601.0 4622.0 6621.0 4622.0 6621.0 4636.0 6601.0 4636.0 small-vehicle 0
6530.0 4648.0 6551.0 4648.0 6551.0 4659.0 6530.0 4659.0 small-vehicle 1
6810.0 4723.0 6834.0 4723.0 6834.0 4736.0 6810.0 4736.0 small-vehicle 1
6510.0 4655.0 6527.0 4655.0 6527.0 4668.0 6510.0 4668.0 small-vehicle 1
6550.0 4641.0 6570.0 4641.0 6570.0 4654.0 6550.0 4654.0 small-vehicle 1
6833.0 4539.0 6853.0 4539.0 6853.0 4550.0 6833.0 4550.0 small-vehicle 1
6798.0 4552.0 6817.0 4552.0 6817.0 4562.0 6798.0 4562.0 small-vehicle 1
6779.0 4557.0 6799.0 4557.0 6799.0 4570.0 6779.0 4570.0 small-vehicle 1
6740.0 4572.0 6761.0 4572.0 6761.0 4585.0 6740.0 4585.0 small-vehicle 1
7011.0 4650.0 7025.0 4650.0 7025.0 4672.0 7011.0 4672.0 small-vehicle 1
6969.0 4626.0 6992.0 4626.0 6992.0 4639.0 6969.0 4639.0 small-vehicle 1
6967.0 4795.0 6987.0 4795.0 6987.0 4811.0 6967.0 4811.0 small-vehicle 1
6971.0 4851.0 6985.0 4851.0 6985.0 4869.0 6971.0 4869.0 small-vehicle 1
6939.0 4706.0 6965.0 4706.0 6965.0 4723.0 6939.0 4723.0 small-vehicle 1
6892.0 4723.0 6914.0 4723.0 6914.0 4739.0 6892.0 4739.0 small-vehicle 1
6874.0 4732.0 6896.0 4732.0 6896.0 4746.0 6874.0 4746.0 small-vehicle 1
6407.0 4097.0 6425.0 4097.0 6425.0 4117.0 6407.0 4117.0 small-vehicle 1
6124.0 4074.0 6139.0 4074.0 6139.0 4096.0 6124.0 4096.0 small-vehicle 1
6133.0 4072.0 6146.0 4072.0 6146.0 4091.0 6133.0 4091.0 small-vehicle 1
5733.0 3001.0 5749.0 3001.0 5749.0 3023.0 5733.0 3023.0 small-vehicle 0
5688.0 2913.0 5704.0 2913.0 5704.0 2935.0 5688.0 2935.0 small-vehicle 0
5672.0 2922.0 5691.0 2922.0 5691.0 2948.0 5672.0 2948.0 small-vehicle 0
5666.0 2929.0 5682.0 2929.0 5682.0 2949.0 5666.0 2949.0 small-vehicle 0
5658.0 2934.0 5674.0 2934.0 5674.0 2953.0 5658.0 2953.0 small-vehicle 0
5650.0 2938.0 5667.0 2938.0 5667.0 2957.0 5650.0 2957.0 small-vehicle 0
5576.0 2933.0 5597.0 2933.0 5597.0 2948.0 5576.0 2948.0 small-vehicle 0
5597.0 2965.0 5612.0 2965.0 5612.0 2986.0 5597.0 2986.0 small-vehicle 0
5621.0 2955.0 5635.0 2955.0 5635.0 2976.0 5621.0 2976.0 small-vehicle 0
5611.0 2959.0 5627.0 2959.0 5627.0 2979.0 5611.0 2979.0 small-vehicle 0
5820.0 2999.0 5840.0 2999.0 5840.0 3016.0 5820.0 3016.0 small-vehicle 0
5742.0 3044.0 5762.0 3044.0 5762.0 3059.0 5742.0 3059.0 small-vehicle 0
5759.0 3034.0 5780.0 3034.0 5780.0 3052.0 5759.0 3052.0 small-vehicle 0
5748.0 2994.0 5765.0 2994.0 5765.0 3014.0 5748.0 3014.0 small-vehicle 0
5725.0 3006.0 5741.0 3006.0 5741.0 3026.0 5725.0 3026.0 small-vehicle 0
5703.0 2903.0 5719.0 2903.0 5719.0 2924.0 5703.0 2924.0 small-vehicle 0
5717.0 3012.0 5731.0 3012.0 5731.0 3032.0 5717.0 3032.0 small-vehicle 0
5709.0 3014.0 5725.0 3014.0 5725.0 3035.0 5709.0 3035.0 small-vehicle 0
5702.0 3022.0 5717.0 3022.0 5717.0 3040.0 5702.0 3040.0 small-vehicle 0
5679.0 3032.0 5696.0 3032.0 5696.0 3055.0 5679.0 3055.0 small-vehicle 0
5669.0 3041.0 5684.0 3041.0 5684.0 3058.0 5669.0 3058.0 small-vehicle 1
5402.0 2992.0 5421.0 2992.0 5421.0 3014.0 5402.0 3014.0 small-vehicle 0
5381.0 3053.0 5404.0 3053.0 5404.0 3070.0 5381.0 3070.0 small-vehicle 0
5834.0 3364.0 5850.0 3364.0 5850.0 3385.0 5834.0 3385.0 small-vehicle 0
5960.0 3292.0 5974.0 3292.0 5974.0 3313.0 5960.0 3313.0 small-vehicle 0
6335.0 3054.0 6356.0 3054.0 6356.0 3067.0 6335.0 3067.0 small-vehicle 0
6228.0 3134.0 6245.0 3134.0 6245.0 3154.0 6228.0 3154.0 small-vehicle 0
6046.0 3240.0 6063.0 3240.0 6063.0 3260.0 6046.0 3260.0 small-vehicle 1
6174.0 3277.0 6193.0 3277.0 6193.0 3298.0 6174.0 3298.0 small-vehicle 1
5694.0 2908.0 5710.0 2908.0 5710.0 2929.0 5694.0 2929.0 small-vehicle 0
5711.0 2899.0 5727.0 2899.0 5727.0 2919.0 5711.0 2919.0 small-vehicle 0
5924.0 3426.0 5940.0 3426.0 5940.0 3451.0 5924.0 3451.0 small-vehicle 1
5798.0 2802.0 5818.0 2802.0 5818.0 2821.0 5798.0 2821.0 small-vehicle 1
7037.0 4177.0 7053.0 4177.0 7053.0 4198.0 7037.0 4198.0 small-vehicle 0
6943.0 4133.0 6967.0 4133.0 6967.0 4149.0 6943.0 4149.0 small-vehicle 0
7017.0 4081.0 7035.0 4081.0 7035.0 4103.0 7017.0 4103.0 small-vehicle 0
7035.0 4075.0 7050.0 4075.0 7050.0 4096.0 7035.0 4096.0 small-vehicle 0
7041.0 4050.0 7057.0 4050.0 7057.0 4073.0 7041.0 4073.0 small-vehicle 0
6826.0 3852.0 6841.0 3852.0 6841.0 3876.0 6826.0 3876.0 small-vehicle 0
5269.0 2595.0 5288.0 2595.0 5288.0 2612.0 5269.0 2612.0 small-vehicle 0
5282.0 2585.0 5304.0 2585.0 5304.0 2601.0 5282.0 2601.0 small-vehicle 0
5302.0 2574.0 5324.0 2574.0 5324.0 2591.0 5302.0 2591.0 small-vehicle 0
5252.0 2605.0 5271.0 2605.0 5271.0 2621.0 5252.0 2621.0 small-vehicle 1
5427.0 2840.0 5445.0 2840.0 5445.0 2854.0 5427.0 2854.0 small-vehicle 1
5391.0 2861.0 5411.0 2861.0 5411.0 2875.0 5391.0 2875.0 small-vehicle 1
5803.0 2806.0 5824.0 2806.0 5824.0 2827.0 5803.0 2827.0 small-vehicle 1
5761.0 2872.0 5777.0 2872.0 5777.0 2895.0 5761.0 2895.0 small-vehicle 1
5727.0 2890.0 5741.0 2890.0 5741.0 2909.0 5727.0 2909.0 small-vehicle 0
5778.0 2976.0 5794.0 2976.0 5794.0 2995.0 5778.0 2995.0 small-vehicle 1
5850.0 2931.0 5860.0 2931.0 5860.0 2952.0 5850.0 2952.0 small-vehicle 1
5904.0 2950.0 5924.0 2950.0 5924.0 2966.0 5904.0 2966.0 small-vehicle 1
5922.0 2936.0 5941.0 2936.0 5941.0 2953.0 5922.0 2953.0 small-vehicle 1
5874.0 2852.0 5890.0 2852.0 5890.0 2875.0 5874.0 2875.0 small-vehicle 1
5868.0 2847.0 5883.0 2847.0 5883.0 2865.0 5868.0 2865.0 small-vehicle 1
5866.0 2836.0 5885.0 2836.0 5885.0 2843.0 5866.0 2843.0 small-vehicle 1
5972.0 2910.0 5991.0 2910.0 5991.0 2925.0 5972.0 2925.0 small-vehicle 1
5837.0 2908.0 5856.0 2908.0 5856.0 2928.0 5837.0 2928.0 small-vehicle 0
5884.0 2867.0 5904.0 2867.0 5904.0 2886.0 5884.0 2886.0 small-vehicle 0
5904.0 2838.0 5930.0 2838.0 5930.0 2856.0 5904.0 2856.0 small-vehicle 0
5930.0 2867.0 5942.0 2867.0 5942.0 2889.0 5930.0 2889.0 small-vehicle 0
5921.0 2872.0 5931.0 2872.0 5931.0 2893.0 5921.0 2893.0 small-vehicle 0
6159.0 3288.0 6176.0 3288.0 6176.0 3308.0 6159.0 3308.0 small-vehicle 1
5940.0 3417.0 5956.0 3417.0 5956.0 3441.0 5940.0 3441.0 small-vehicle 1
6142.0 4065.0 6156.0 4065.0 6156.0 4086.0 6142.0 4086.0 small-vehicle 1
6278.0 3629.0 6291.0 3629.0 6291.0 3649.0 6278.0 3649.0 small-vehicle 0
6416.0 3508.0 6436.0 3508.0 6436.0 3527.0 6416.0 3527.0 small-vehicle 1
6435.0 3499.0 6452.0 3499.0 6452.0 3514.0 6435.0 3514.0 small-vehicle 1
6470.0 3477.0 6490.0 3477.0 6490.0 3492.0 6470.0 3492.0 small-vehicle 1
5976.0 3771.0 5993.0 3771.0 5993.0 3785.0 5976.0 3785.0 small-vehicle 1
6301.0 3614.0 6316.0 3614.0 6316.0 3634.0 6301.0 3634.0 small-vehicle 1
6291.0 3620.0 6308.0 3620.0 6308.0 3639.0 6291.0 3639.0 small-vehicle 1
6270.0 3634.0 6283.0 3634.0 6283.0 3651.0 6270.0 3651.0 small-vehicle 1
6262.0 3637.0 6277.0 3637.0 6277.0 3654.0 6262.0 3654.0 small-vehicle 1
6255.0 3640.0 6269.0 3640.0 6269.0 3659.0 6255.0 3659.0 small-vehicle 1
6229.0 3655.0 6245.0 3655.0 6245.0 3675.0 6229.0 3675.0 small-vehicle 1
6213.0 3665.0 6229.0 3665.0 6229.0 3684.0 6213.0 3684.0 small-vehicle 1
6206.0 3671.0 6221.0 3671.0 6221.0 3690.0 6206.0 3690.0 small-vehicle 1
6238.0 3652.0 6253.0 3652.0 6253.0 3671.0 6238.0 3671.0 small-vehicle 0
6313.0 3591.0 6332.0 3591.0 6332.0 3611.0 6313.0 3611.0 small-vehicle 0
6400.0 3542.0 6420.0 3542.0 6420.0 3560.0 6400.0 3560.0 small-vehicle 1
6310.0 3572.0 6330.0 3572.0 6330.0 3589.0 6310.0 3589.0 small-vehicle 0
6216.0 3641.0 6235.0 3641.0 6235.0 3662.0 6216.0 3662.0 small-vehicle 0
6190.0 3681.0 6206.0 3681.0 6206.0 3698.0 6190.0 3698.0 small-vehicle 0
5975.0 3794.0 5995.0 3794.0 5995.0 3809.0 5975.0 3809.0 small-vehicle 0
5960.0 3804.0 5979.0 3804.0 5979.0 3819.0 5960.0 3819.0 small-vehicle 0
5945.0 3788.0 5968.0 3788.0 5968.0 3806.0 5945.0 3806.0 small-vehicle 0
6237.0 3766.0 6254.0 3766.0 6254.0 3787.0 6237.0 3787.0 small-vehicle 0
6226.0 3768.0 6243.0 3768.0 6243.0 3788.0 6226.0 3788.0 small-vehicle 0
6220.0 3775.0 6234.0 3775.0 6234.0 3795.0 6220.0 3795.0 small-vehicle 0
6142.0 3882.0 6163.0 3882.0 6163.0 3901.0 6142.0 3901.0 small-vehicle 0
6106.0 3905.0 6126.0 3905.0 6126.0 3922.0 6106.0 3922.0 small-vehicle 0
6247.0 3978.0 6266.0 3978.0 6266.0 3994.0 6247.0 3994.0 small-vehicle 0
6364.0 4055.0 6383.0 4055.0 6383.0 4076.0 6364.0 4076.0 small-vehicle 1
6380.0 3528.0 6400.0 3528.0 6400.0 3548.0 6380.0 3548.0 small-vehicle 1
6488.0 3468.0 6507.0 3468.0 6507.0 3484.0 6488.0 3484.0 small-vehicle 0
5932.0 3423.0 5947.0 3423.0 5947.0 3445.0 5932.0 3445.0 small-vehicle 1
5962.0 3405.0 5977.0 3405.0 5977.0 3427.0 5962.0 3427.0 small-vehicle 1
6092.0 3327.0 6109.0 3327.0 6109.0 3350.0 6092.0 3350.0 small-vehicle 1
6085.0 3332.0 6100.0 3332.0 6100.0 3356.0 6085.0 3356.0 small-vehicle 1
6075.0 3337.0 6093.0 3337.0 6093.0 3358.0 6075.0 3358.0 small-vehicle 1
6069.0 3339.0 6085.0 3339.0 6085.0 3363.0 6069.0 3363.0 small-vehicle 1
6063.0 3346.0 6078.0 3346.0 6078.0 3365.0 6063.0 3365.0 small-vehicle 1
6055.0 3348.0 6069.0 3348.0 6069.0 3370.0 6055.0 3370.0 small-vehicle 1
6049.0 3355.0 6062.0 3355.0 6062.0 3377.0 6049.0 3377.0 small-vehicle 1
6042.0 3361.0 6055.0 3361.0 6055.0 3379.0 6042.0 3379.0 small-vehicle 1
6032.0 3364.0 6049.0 3364.0 6049.0 3384.0 6032.0 3384.0 small-vehicle 1
6025.0 3370.0 6040.0 3370.0 6040.0 3388.0 6025.0 3388.0 small-vehicle 1
5993.0 3384.0 6009.0 3384.0 6009.0 3404.0 5993.0 3404.0 small-vehicle 1
5986.0 3391.0 6000.0 3391.0 6000.0 3409.0 5986.0 3409.0 small-vehicle 1
5978.0 3398.0 5997.0 3398.0 5997.0 3418.0 5978.0 3418.0 small-vehicle 1
5956.0 3411.0 5970.0 3411.0 5970.0 3428.0 5956.0 3428.0 small-vehicle 1
6452.0 3487.0 6472.0 3487.0 6472.0 3504.0 6452.0 3504.0 small-vehicle 0
5916.0 3432.0 5932.0 3432.0 5932.0 3454.0 5916.0 3454.0 small-vehicle 1
5909.0 3437.0 5923.0 3437.0 5923.0 3457.0 5909.0 3457.0 small-vehicle 1
5899.0 3441.0 5915.0 3441.0 5915.0 3458.0 5899.0 3458.0 small-vehicle 1
5885.0 3451.0 5900.0 3451.0 5900.0 3470.0 5885.0 3470.0 small-vehicle 1
6008.0 3605.0 6027.0 3605.0 6027.0 3621.0 6008.0 3621.0 small-vehicle 1
5844.0 3540.0 5862.0 3540.0 5862.0 3561.0 5844.0 3561.0 small-vehicle 1
6032.0 3411.0 6052.0 3411.0 6052.0 3427.0 6032.0 3427.0 small-vehicle 0
5995.0 3433.0 6016.0 3433.0 6016.0 3450.0 5995.0 3450.0 small-vehicle 0
5964.0 3451.0 5983.0 3451.0 5983.0 3470.0 5964.0 3470.0 small-vehicle 0
5848.0 3518.0 5869.0 3518.0 5869.0 3537.0 5848.0 3537.0 small-vehicle 0
5868.0 3508.0 5886.0 3508.0 5886.0 3523.0 5868.0 3523.0 small-vehicle 0
5835.0 3498.0 5856.0 3498.0 5856.0 3519.0 5835.0 3519.0 small-vehicle 0
5817.0 3510.0 5837.0 3510.0 5837.0 3527.0 5817.0 3527.0 small-vehicle 0
6098.0 4577.0 6116.0 4577.0 6116.0 4600.0 6098.0 4600.0 small-vehicle 0
6144.0 4389.0 6161.0 4389.0 6161.0 4404.0 6144.0 4404.0 small-vehicle 0
7715.0 274.0 7733.0 274.0 7733.0 290.0 7715.0 290.0 small-vehicle 1
6037.0 4432.0 6052.0 4432.0 6052.0 4451.0 6037.0 4451.0 small-vehicle 0
665.0 3355.0 683.0 3355.0 683.0 3373.0 665.0 3373.0 small-vehicle 1
674.0 3346.0 690.0 3346.0 690.0 3366.0 674.0 3366.0 small-vehicle 1
332.0 3418.0 347.0 3418.0 347.0 3440.0 332.0 3440.0 small-vehicle 1
174.0 3107.0 189.0 3107.0 189.0 3128.0 174.0 3128.0 small-vehicle 1
55.0 2920.0 74.0 2920.0 74.0 2935.0 55.0 2935.0 small-vehicle 1
122.0 2867.0 132.0 2867.0 132.0 2887.0 122.0 2887.0 small-vehicle 1
109.0 2852.0 119.0 2852.0 119.0 2872.0 109.0 2872.0 small-vehicle 1
145.0 2903.0 159.0 2903.0 159.0 2923.0 145.0 2923.0 small-vehicle 0
130.0 2887.0 146.0 2887.0 146.0 2906.0 130.0 2906.0 small-vehicle 0
115.0 2860.0 128.0 2860.0 128.0 2881.0 115.0 2881.0 small-vehicle 0
18.0 2732.0 35.0 2732.0 35.0 2755.0 18.0 2755.0 small-vehicle 0
8184.0 497.0 8204.0 497.0 8204.0 510.0 8184.0 510.0 small-vehicle 0
8363.0 385.0 8384.0 385.0 8384.0 402.0 8363.0 402.0 small-vehicle 0
8357.0 360.0 8377.0 360.0 8377.0 374.0 8357.0 374.0 small-vehicle 0
8356.0 351.0 8374.0 351.0 8374.0 367.0 8356.0 367.0 small-vehicle 0
8388.0 349.0 8400.0 349.0 8400.0 369.0 8388.0 369.0 small-vehicle 0
8409.0 382.0 8424.0 382.0 8424.0 402.0 8409.0 402.0 small-vehicle 0
8414.0 352.0 8430.0 352.0 8430.0 365.0 8414.0 365.0 small-vehicle 1
8407.0 336.0 8424.0 336.0 8424.0 348.0 8407.0 348.0 small-vehicle 1
8500.0 264.0 8522.0 264.0 8522.0 280.0 8500.0 280.0 small-vehicle 0
8422.0 265.0 8442.0 265.0 8442.0 280.0 8422.0 280.0 small-vehicle 0
8441.0 258.0 8459.0 258.0 8459.0 274.0 8441.0 274.0 small-vehicle 0
8459.0 252.0 8476.0 252.0 8476.0 266.0 8459.0 266.0 small-vehicle 1
8477.0 246.0 8495.0 246.0 8495.0 261.0 8477.0 261.0 small-vehicle 0
8332.0 134.0 8344.0 134.0 8344.0 156.0 8332.0 156.0 small-vehicle 1
8318.0 101.0 8330.0 101.0 8330.0 116.0 8318.0 116.0 small-vehicle 1
8480.0 271.0 8502.0 271.0 8502.0 285.0 8480.0 285.0 small-vehicle 1
8462.0 277.0 8482.0 277.0 8482.0 292.0 8462.0 292.0 small-vehicle 1
8445.0 284.0 8465.0 284.0 8465.0 300.0 8445.0 300.0 small-vehicle 1
596.0 3431.0 614.0 3431.0 614.0 3449.0 596.0 3449.0 small-vehicle 1
579.0 3443.0 598.0 3443.0 598.0 3459.0 579.0 3459.0 small-vehicle 1
774.0 3309.0 794.0 3309.0 794.0 3324.0 774.0 3324.0 small-vehicle 1
292.0 4191.0 314.0 4191.0 314.0 4207.0 292.0 4207.0 small-vehicle 1
488.0 4174.0 505.0 4174.0 505.0 4192.0 488.0 4192.0 small-vehicle 0
473.0 4185.0 492.0 4185.0 492.0 4205.0 473.0 4205.0 small-vehicle 0
465.0 4190.0 482.0 4190.0 482.0 4210.0 465.0 4210.0 small-vehicle 0
359.0 4162.0 379.0 4162.0 379.0 4177.0 359.0 4177.0 small-vehicle 0
723.0 3904.0 738.0 3904.0 738.0 3922.0 723.0 3922.0 small-vehicle 0
701.0 3823.0 719.0 3823.0 719.0 3844.0 701.0 3844.0 small-vehicle 0
543.0 3814.0 563.0 3814.0 563.0 3830.0 543.0 3830.0 small-vehicle 0
527.0 3804.0 545.0 3804.0 545.0 3819.0 527.0 3819.0 small-vehicle 0
532.0 3838.0 547.0 3838.0 547.0 3856.0 532.0 3856.0 small-vehicle 1
499.0 4172.0 513.0 4172.0 513.0 4189.0 499.0 4189.0 small-vehicle 1
479.0 4176.0 495.0 4176.0 495.0 4194.0 479.0 4194.0 small-vehicle 1
368.0 4207.0 391.0 4207.0 391.0 4223.0 368.0 4223.0 small-vehicle 1
351.0 4211.0 368.0 4211.0 368.0 4224.0 351.0 4224.0 small-vehicle 1
221.0 4158.0 240.0 4158.0 240.0 4172.0 221.0 4172.0 small-vehicle 1
797.0 3296.0 815.0 3296.0 815.0 3312.0 797.0 3312.0 small-vehicle 0
341.0 4153.0 358.0 4153.0 358.0 4166.0 341.0 4166.0 small-vehicle 1
313.0 4143.0 333.0 4143.0 333.0 4157.0 313.0 4157.0 small-vehicle 1
243.0 4115.0 263.0 4115.0 263.0 4130.0 243.0 4130.0 small-vehicle 1
229.0 4109.0 244.0 4109.0 244.0 4120.0 229.0 4120.0 small-vehicle 1
201.0 4090.0 220.0 4090.0 220.0 4106.0 201.0 4106.0 small-vehicle 1
86.0 4037.0 103.0 4037.0 103.0 4054.0 86.0 4054.0 small-vehicle 1
160.0 3846.0 175.0 3846.0 175.0 3864.0 160.0 3864.0 small-vehicle 1
23.0 3956.0 42.0 3956.0 42.0 3976.0 23.0 3976.0 small-vehicle 1
52.0 3913.0 69.0 3913.0 69.0 3936.0 52.0 3936.0 small-vehicle 1
22.0 3713.0 42.0 3713.0 42.0 3729.0 22.0 3729.0 small-vehicle 1
16.0 3706.0 36.0 3706.0 36.0 3722.0 16.0 3722.0 small-vehicle 1
785.0 3259.0 805.0 3259.0 805.0 3274.0 785.0 3274.0 small-vehicle 0
818.0 3280.0 840.0 3280.0 840.0 3299.0 818.0 3299.0 small-vehicle 0
8403.0 327.0 8425.0 327.0 8425.0 340.0 8403.0 340.0 small-vehicle 1
8417.0 369.0 8437.0 369.0 8437.0 382.0 8417.0 382.0 small-vehicle 1
8401.0 382.0 8415.0 382.0 8415.0 405.0 8401.0 405.0 small-vehicle 1
8019.0 149.0 8040.0 149.0 8040.0 163.0 8019.0 163.0 small-vehicle 0
8046.0 435.0 8064.0 435.0 8064.0 451.0 8046.0 451.0 small-vehicle 0
8027.0 429.0 8045.0 429.0 8045.0 444.0 8027.0 444.0 small-vehicle 0
8074.0 514.0 8091.0 514.0 8091.0 530.0 8074.0 530.0 small-vehicle 0
8113.0 192.0 8133.0 192.0 8133.0 207.0 8113.0 207.0 small-vehicle 0
8083.0 424.0 8106.0 424.0 8106.0 435.0 8083.0 435.0 small-vehicle 0
8055.0 413.0 8075.0 413.0 8075.0 427.0 8055.0 427.0 small-vehicle 0
8021.0 395.0 8039.0 395.0 8039.0 410.0 8021.0 410.0 small-vehicle 0
7971.0 415.0 7980.0 415.0 7980.0 437.0 7971.0 437.0 small-vehicle 0
7957.0 448.0 7974.0 448.0 7974.0 467.0 7957.0 467.0 small-vehicle 0
7955.0 409.0 7967.0 409.0 7967.0 429.0 7955.0 429.0 small-vehicle 0
7897.0 221.0 7909.0 221.0 7909.0 242.0 7897.0 242.0 small-vehicle 0
8027.0 169.0 8045.0 169.0 8045.0 180.0 8027.0 180.0 small-vehicle 0
8023.0 157.0 8042.0 157.0 8042.0 172.0 8023.0 172.0 small-vehicle 0
8017.0 139.0 8037.0 139.0 8037.0 154.0 8017.0 154.0 small-vehicle 0
7991.0 411.0 8009.0 411.0 8009.0 425.0 7991.0 425.0 small-vehicle 1
8139.0 57.0 8157.0 57.0 8157.0 72.0 8139.0 72.0 small-vehicle 0
7957.0 26.0 7979.0 26.0 7979.0 41.0 7957.0 41.0 small-vehicle 0
7950.0 9.0 7967.0 9.0 7967.0 22.0 7950.0 22.0 small-vehicle 0
8080.0 155.0 8102.0 155.0 8102.0 169.0 8080.0 169.0 small-vehicle 1
8077.0 137.0 8094.0 137.0 8094.0 147.0 8077.0 147.0 small-vehicle 1
7965.0 41.0 7983.0 41.0 7983.0 55.0 7965.0 55.0 small-vehicle 1
7881.0 403.0 7897.0 403.0 7897.0 424.0 7881.0 424.0 small-vehicle 1
7901.0 415.0 7916.0 415.0 7916.0 439.0 7901.0 439.0 small-vehicle 1
7907.0 381.0 7920.0 381.0 7920.0 403.0 7907.0 403.0 small-vehicle 1
7918.0 388.0 7928.0 388.0 7928.0 408.0 7918.0 408.0 small-vehicle 1
7872.0 397.0 7890.0 397.0 7890.0 418.0 7872.0 418.0 small-vehicle 1
7412.0 122.0 7438.0 122.0 7438.0 144.0 7412.0 144.0 small-vehicle 1
7906.0 255.0 7924.0 255.0 7924.0 271.0 7906.0 271.0 small-vehicle 1
7959.0 398.0 7981.0 398.0 7981.0 415.0 7959.0 415.0 small-vehicle 1
8064.0 447.0 8083.0 447.0 8083.0 463.0 8064.0 463.0 small-vehicle 1
8395.0 387.0 8406.0 387.0 8406.0 405.0 8395.0 405.0 small-vehicle 1
8188.0 487.0 8209.0 487.0 8209.0 502.0 8188.0 502.0 small-vehicle 0
8363.0 375.0 8382.0 375.0 8382.0 392.0 8363.0 392.0 small-vehicle 1
8359.0 369.0 8380.0 369.0 8380.0 381.0 8359.0 381.0 small-vehicle 1
8380.0 352.0 8390.0 352.0 8390.0 368.0 8380.0 368.0 small-vehicle 1
8034.0 493.0 8051.0 493.0 8051.0 514.0 8034.0 514.0 small-vehicle 1
8199.0 510.0 8217.0 510.0 8217.0 531.0 8199.0 531.0 small-vehicle 1
8219.0 399.0 8237.0 399.0 8237.0 415.0 8219.0 415.0 small-vehicle 1
8150.0 508.0 8162.0 508.0 8162.0 524.0 8150.0 524.0 small-vehicle 1
8158.0 509.0 8170.0 509.0 8170.0 527.0 8158.0 527.0 small-vehicle 1
8184.0 506.0 8201.0 506.0 8201.0 522.0 8184.0 522.0 small-vehicle 0
8225.0 467.0 8243.0 467.0 8243.0 484.0 8225.0 484.0 small-vehicle 0
8230.0 457.0 8249.0 457.0 8249.0 472.0 8230.0 472.0 small-vehicle 0
8202.0 474.0 8222.0 474.0 8222.0 489.0 8202.0 489.0 small-vehicle 0
8211.0 493.0 8227.0 493.0 8227.0 512.0 8211.0 512.0 small-vehicle 0
8177.0 513.0 8198.0 513.0 8198.0 529.0 8177.0 529.0 small-vehicle 0
8084.0 449.0 8103.0 449.0 8103.0 461.0 8084.0 461.0 small-vehicle 1
8170.0 530.0 8192.0 530.0 8192.0 543.0 8170.0 543.0 small-vehicle 0
8155.0 492.0 8170.0 492.0 8170.0 513.0 8155.0 513.0 small-vehicle 0
8151.0 486.0 8162.0 486.0 8162.0 505.0 8151.0 505.0 small-vehicle 0
8134.0 477.0 8146.0 477.0 8146.0 501.0 8134.0 501.0 small-vehicle 0
8125.0 475.0 8138.0 475.0 8138.0 497.0 8125.0 497.0 small-vehicle 0
8131.0 500.0 8145.0 500.0 8145.0 519.0 8131.0 519.0 small-vehicle 0
8090.0 476.0 8102.0 476.0 8102.0 497.0 8090.0 497.0 small-vehicle 0
8023.0 439.0 8033.0 439.0 8033.0 461.0 8023.0 461.0 small-vehicle 0
8012.0 434.0 8022.0 434.0 8022.0 452.0 8012.0 452.0 small-vehicle 0
8141.0 504.0 8152.0 504.0 8152.0 523.0 8141.0 523.0 small-vehicle 1
8142.0 484.0 8154.0 484.0 8154.0 503.0 8142.0 503.0 small-vehicle 1
8115.0 495.0 8130.0 495.0 8130.0 512.0 8115.0 512.0 small-vehicle 1
8058.0 464.0 8069.0 464.0 8069.0 482.0 8058.0 482.0 small-vehicle 1
505.0 4165.0 522.0 4165.0 522.0 4186.0 505.0 4186.0 small-vehicle 0
449.0 3953.0 468.0 3953.0 468.0 3975.0 449.0 3975.0 small-vehicle 0
723.0 3926.0 743.0 3926.0 743.0 3943.0 723.0 3943.0 small-vehicle 0
5732.0 3964.0 5750.0 3964.0 5750.0 3987.0 5732.0 3987.0 small-vehicle 1
5679.0 4106.0 5694.0 4106.0 5694.0 4126.0 5679.0 4126.0 small-vehicle 0
5670.0 4111.0 5687.0 4111.0 5687.0 4133.0 5670.0 4133.0 small-vehicle 0
5664.0 4117.0 5681.0 4117.0 5681.0 4138.0 5664.0 4138.0 small-vehicle 0
5717.0 4084.0 5732.0 4084.0 5732.0 4104.0 5717.0 4104.0 small-vehicle 1
5826.0 4016.0 5845.0 4016.0 5845.0 4037.0 5826.0 4037.0 small-vehicle 1
5815.0 4027.0 5830.0 4027.0 5830.0 4047.0 5815.0 4047.0 small-vehicle 1
5791.0 4040.0 5805.0 4040.0 5805.0 4060.0 5791.0 4060.0 small-vehicle 1
5783.0 4043.0 5799.0 4043.0 5799.0 4064.0 5783.0 4064.0 small-vehicle 1
5546.0 4172.0 5562.0 4172.0 5562.0 4196.0 5546.0 4196.0 small-vehicle 1
5780.0 3940.0 5797.0 3940.0 5797.0 3960.0 5780.0 3960.0 small-vehicle 1
5773.0 3945.0 5789.0 3945.0 5789.0 3965.0 5773.0 3965.0 small-vehicle 1
5756.0 3952.0 5773.0 3952.0 5773.0 3972.0 5756.0 3972.0 small-vehicle 1
5739.0 3959.0 5759.0 3959.0 5759.0 3982.0 5739.0 3982.0 small-vehicle 1
5694.0 3988.0 5710.0 3988.0 5710.0 4009.0 5694.0 4009.0 small-vehicle 1
5695.0 4099.0 5710.0 4099.0 5710.0 4117.0 5695.0 4117.0 small-vehicle 0
5449.0 4070.0 5465.0 4070.0 5465.0 4095.0 5449.0 4095.0 small-vehicle 1
5765.0 3947.0 5780.0 3947.0 5780.0 3968.0 5765.0 3968.0 small-vehicle 0
5635.0 4025.0 5649.0 4025.0 5649.0 4043.0 5635.0 4043.0 small-vehicle 0
5627.0 4030.0 5643.0 4030.0 5643.0 4047.0 5627.0 4047.0 small-vehicle 0
5619.0 4033.0 5636.0 4033.0 5636.0 4054.0 5619.0 4054.0 small-vehicle 0
5535.0 4156.0 5550.0 4156.0 5550.0 4174.0 5535.0 4174.0 small-vehicle 0
5575.0 3580.0 5595.0 3580.0 5595.0 3590.0 5575.0 3590.0 small-vehicle 0
5815.0 3728.0 5829.0 3728.0 5829.0 3748.0 5815.0 3748.0 small-vehicle 0
5758.0 3752.0 5773.0 3752.0 5773.0 3770.0 5758.0 3770.0 small-vehicle 0
5803.0 3735.0 5819.0 3735.0 5819.0 3755.0 5803.0 3755.0 small-vehicle 1
5719.0 3733.0 5735.0 3733.0 5735.0 3753.0 5719.0 3753.0 small-vehicle 1
5690.0 3748.0 5703.0 3748.0 5703.0 3767.0 5690.0 3767.0 small-vehicle 1
5680.0 3752.0 5695.0 3752.0 5695.0 3770.0 5680.0 3770.0 small-vehicle 1
5687.0 4102.0 5702.0 4102.0 5702.0 4121.0 5687.0 4121.0 small-vehicle 0
5709.0 4089.0 5727.0 4089.0 5727.0 4110.0 5709.0 4110.0 small-vehicle 0
5517.0 3849.0 5530.0 3849.0 5530.0 3868.0 5517.0 3868.0 small-vehicle 1
5989.0 4350.0 6006.0 4350.0 6006.0 4369.0 5989.0 4369.0 small-vehicle 0
6022.0 4439.0 6037.0 4439.0 6037.0 4456.0 6022.0 4456.0 small-vehicle 0
6015.0 4446.0 6030.0 4446.0 6030.0 4464.0 6015.0 4464.0 small-vehicle 0
6008.0 4449.0 6023.0 4449.0 6023.0 4469.0 6008.0 4469.0 small-vehicle 0
6000.0 4453.0 6016.0 4453.0 6016.0 4473.0 6000.0 4473.0 small-vehicle 0
5985.0 4462.0 6001.0 4462.0 6001.0 4482.0 5985.0 4482.0 small-vehicle 0
5955.0 4480.0 5973.0 4480.0 5973.0 4501.0 5955.0 4501.0 small-vehicle 0
5947.0 4483.0 5962.0 4483.0 5962.0 4506.0 5947.0 4506.0 small-vehicle 0
5939.0 4488.0 5954.0 4488.0 5954.0 4509.0 5939.0 4509.0 small-vehicle 0
5890.0 4410.0 5906.0 4410.0 5906.0 4429.0 5890.0 4429.0 small-vehicle 0
5914.0 4397.0 5928.0 4397.0 5928.0 4416.0 5914.0 4416.0 small-vehicle 0
5944.0 4375.0 5959.0 4375.0 5959.0 4397.0 5944.0 4397.0 small-vehicle 0
5952.0 4373.0 5966.0 4373.0 5966.0 4392.0 5952.0 4392.0 small-vehicle 0
5960.0 4369.0 5975.0 4369.0 5975.0 4388.0 5960.0 4388.0 small-vehicle 0
5998.0 4345.0 6015.0 4345.0 6015.0 4366.0 5998.0 4366.0 small-vehicle 0
5729.0 4077.0 5744.0 4077.0 5744.0 4095.0 5729.0 4095.0 small-vehicle 0
6006.0 4341.0 6020.0 4341.0 6020.0 4361.0 6006.0 4361.0 small-vehicle 0
6093.0 4271.0 6113.0 4271.0 6113.0 4288.0 6093.0 4288.0 small-vehicle 0
5949.0 4151.0 5968.0 4151.0 5968.0 4168.0 5949.0 4168.0 small-vehicle 0
6014.0 4110.0 6034.0 4110.0 6034.0 4128.0 6014.0 4128.0 small-vehicle 0
5998.0 4114.0 6017.0 4114.0 6017.0 4131.0 5998.0 4131.0 small-vehicle 0
5856.0 3824.0 5872.0 3824.0 5872.0 3843.0 5856.0 3843.0 small-vehicle 0
5843.0 3847.0 5861.0 3847.0 5861.0 3861.0 5843.0 3861.0 small-vehicle 0
5804.0 4031.0 5822.0 4031.0 5822.0 4050.0 5804.0 4050.0 small-vehicle 0
5799.0 4036.0 5814.0 4036.0 5814.0 4055.0 5799.0 4055.0 small-vehicle 0
5767.0 4054.0 5783.0 4054.0 5783.0 4072.0 5767.0 4072.0 small-vehicle 0
5753.0 4063.0 5769.0 4063.0 5769.0 4083.0 5753.0 4083.0 small-vehicle 0
5746.0 4070.0 5761.0 4070.0 5761.0 4089.0 5746.0 4089.0 small-vehicle 0
5738.0 4071.0 5754.0 4071.0 5754.0 4091.0 5738.0 4091.0 small-vehicle 0
5675.0 3755.0 5687.0 3755.0 5687.0 3775.0 5675.0 3775.0 small-vehicle 1
5553.0 3833.0 5569.0 3833.0 5569.0 3852.0 5553.0 3852.0 small-vehicle 1
606.0 4160.0 629.0 4160.0 629.0 4180.0 606.0 4180.0 small-vehicle 0
699.0 4064.0 719.0 4064.0 719.0 4080.0 699.0 4080.0 small-vehicle 1
1892.0 4649.0 1911.0 4649.0 1911.0 4667.0 1892.0 4667.0 small-vehicle 1
950.0 4828.0 966.0 4828.0 966.0 4849.0 950.0 4849.0 small-vehicle 0
1090.0 3999.0 1105.0 3999.0 1105.0 4015.0 1090.0 4015.0 small-vehicle 1
938.0 4798.0 955.0 4798.0 955.0 4820.0 938.0 4820.0 small-vehicle 0
890.0 4503.0 908.0 4503.0 908.0 4524.0 890.0 4524.0 small-vehicle 0
935.0 4570.0 953.0 4570.0 953.0 4591.0 935.0 4591.0 small-vehicle 0
687.0 4483.0 702.0 4483.0 702.0 4500.0 687.0 4500.0 small-vehicle 0
631.0 4402.0 650.0 4402.0 650.0 4424.0 631.0 4424.0 small-vehicle 0
750.0 4540.0 770.0 4540.0 770.0 4563.0 750.0 4563.0 small-vehicle 1
642.0 4467.0 663.0 4467.0 663.0 4491.0 642.0 4491.0 small-vehicle 1
682.0 4438.0 696.0 4438.0 696.0 4455.0 682.0 4455.0 small-vehicle 1
750.0 4032.0 769.0 4032.0 769.0 4048.0 750.0 4048.0 small-vehicle 1
735.0 4042.0 753.0 4042.0 753.0 4058.0 735.0 4058.0 small-vehicle 1
676.0 4080.0 695.0 4080.0 695.0 4098.0 676.0 4098.0 small-vehicle 0
1514.0 4870.0 1527.0 4870.0 1527.0 4890.0 1514.0 4890.0 small-vehicle 1
980.0 3718.0 995.0 3718.0 995.0 3736.0 980.0 3736.0 small-vehicle 0
998.0 3709.0 1015.0 3709.0 1015.0 3727.0 998.0 3727.0 small-vehicle 1
972.0 3728.0 986.0 3728.0 986.0 3742.0 972.0 3742.0 small-vehicle 1
284.0 4129.0 303.0 4129.0 303.0 4145.0 284.0 4145.0 small-vehicle 1
559.0 4283.0 576.0 4283.0 576.0 4301.0 559.0 4301.0 small-vehicle 1
564.0 4155.0 582.0 4155.0 582.0 4172.0 564.0 4172.0 small-vehicle 1
634.0 4110.0 652.0 4110.0 652.0 4124.0 634.0 4124.0 small-vehicle 1
652.0 4095.0 672.0 4095.0 672.0 4114.0 652.0 4114.0 small-vehicle 1
562.0 4269.0 582.0 4269.0 582.0 4288.0 562.0 4288.0 small-vehicle 1
533.0 4291.0 552.0 4291.0 552.0 4311.0 533.0 4311.0 small-vehicle 0
576.0 4287.0 593.0 4287.0 593.0 4306.0 576.0 4306.0 small-vehicle 0
765.0 4017.0 786.0 4017.0 786.0 4036.0 765.0 4036.0 small-vehicle 0
718.0 4086.0 739.0 4086.0 739.0 4107.0 718.0 4107.0 small-vehicle 0
1910.0 4678.0 1930.0 4678.0 1930.0 4698.0 1910.0 4698.0 small-vehicle 1
1504.0 4848.0 1519.0 4848.0 1519.0 4870.0 1504.0 4870.0 small-vehicle 1
5574.0 3820.0 5589.0 3820.0 5589.0 3838.0 5574.0 3838.0 small-vehicle 1
5467.0 3693.0 5485.0 3693.0 5485.0 3712.0 5467.0 3712.0 small-vehicle 0
5592.0 3823.0 5609.0 3823.0 5609.0 3840.0 5592.0 3840.0 small-vehicle 1
5509.0 3855.0 5523.0 3855.0 5523.0 3876.0 5509.0 3876.0 small-vehicle 1
5494.0 3865.0 5506.0 3865.0 5506.0 3883.0 5494.0 3883.0 small-vehicle 1
5487.0 3866.0 5500.0 3866.0 5500.0 3887.0 5487.0 3887.0 small-vehicle 1
5457.0 3894.0 5477.0 3894.0 5477.0 3910.0 5457.0 3910.0 small-vehicle 1
5409.0 3910.0 5426.0 3910.0 5426.0 3933.0 5409.0 3933.0 small-vehicle 1
5567.0 3825.0 5581.0 3825.0 5581.0 3842.0 5567.0 3842.0 small-vehicle 0
5557.0 3827.0 5573.0 3827.0 5573.0 3847.0 5557.0 3847.0 small-vehicle 0
5632.0 3785.0 5643.0 3785.0 5643.0 3801.0 5632.0 3801.0 small-vehicle 1
5646.0 3778.0 5662.0 3778.0 5662.0 3797.0 5646.0 3797.0 small-vehicle 0
5500.0 3859.0 5513.0 3859.0 5513.0 3876.0 5500.0 3876.0 small-vehicle 0
5472.0 3878.0 5486.0 3878.0 5486.0 3896.0 5472.0 3896.0 small-vehicle 0
5479.0 3872.0 5495.0 3872.0 5495.0 3892.0 5479.0 3892.0 small-vehicle 0
5473.0 3667.0 5488.0 3667.0 5488.0 3684.0 5473.0 3684.0 small-vehicle 0
1442.0 4700.0 1453.0 4700.0 1453.0 4723.0 1442.0 4723.0 small-vehicle 1
5262.0 3659.0 5282.0 3659.0 5282.0 3676.0 5262.0 3676.0 small-vehicle 0
5283.0 3647.0 5303.0 3647.0 5303.0 3663.0 5283.0 3663.0 small-vehicle 1
1236.0 4458.0 1259.0 4458.0 1259.0 4476.0 1236.0 4476.0 small-vehicle 0
1240.0 4580.0 1260.0 4580.0 1260.0 4601.0 1240.0 4601.0 small-vehicle 0
1330.0 4706.0 1348.0 4706.0 1348.0 4724.0 1330.0 4724.0 small-vehicle 1
1230.0 4419.0 1249.0 4419.0 1249.0 4436.0 1230.0 4436.0 small-vehicle 1
1247.0 4434.0 1263.0 4434.0 1263.0 4446.0 1247.0 4446.0 small-vehicle 1
1261.0 4470.0 1280.0 4470.0 1280.0 4483.0 1261.0 4483.0 small-vehicle 1
1281.0 4478.0 1300.0 4478.0 1300.0 4493.0 1281.0 4493.0 small-vehicle 1
1301.0 4484.0 1323.0 4484.0 1323.0 4499.0 1301.0 4499.0 small-vehicle 1
1351.0 4510.0 1369.0 4510.0 1369.0 4526.0 1351.0 4526.0 small-vehicle 1
1367.0 4521.0 1388.0 4521.0 1388.0 4539.0 1367.0 4539.0 small-vehicle 1
1445.0 4620.0 1456.0 4620.0 1456.0 4639.0 1445.0 4639.0 small-vehicle 1
31.0 138.0 508.0 138.0 508.0 465.0 31.0 465.0 harbor 0
