imagesource:GoogleEarth
gsd:1.15887232456
1834.0 2460.0 1888.0 2460.0 1888.0 2507.0 1834.0 2507.0 ship 0
1932.0 2691.0 2019.0 2691.0 2019.0 2793.0 1932.0 2793.0 ship 0
1901.0 2345.0 2032.0 2345.0 2032.0 2447.0 1901.0 2447.0 ship 0
1710.0 1827.0 1834.0 1827.0 1834.0 1838.0 1710.0 1838.0 harbor 0
1971.0 2122.0 2045.0 2122.0 2045.0 2136.0 1971.0 2136.0 harbor 0
1794.0 583.0 1832.0 583.0 1832.0 656.0 1794.0 656.0 harbor 0
1937.0 522.0 1987.0 522.0 1987.0 605.0 1937.0 605.0 ship 0
2027.0 2814.0 2095.0 2814.0 2095.0 2893.0 2027.0 2893.0 ship 0
2039.0 2806.0 2106.0 2806.0 2106.0 2886.0 2039.0 2886.0 ship 0
1820.0 2581.0 1906.0 2581.0 1906.0 2686.0 1820.0 2686.0 ship 0
1833.0 2574.0 1920.0 2574.0 1920.0 2677.0 1833.0 2677.0 ship 0
1899.0 2854.0 1995.0 2854.0 1995.0 2956.0 1899.0 2956.0 ship 0
2514.0 3196.0 2547.0 3196.0 2547.0 3230.0 2514.0 3230.0 storage-tank 0
1473.0 2926.0 1491.0 2926.0 1491.0 3030.0 1473.0 3030.0 ship 0
1446.0 2781.0 1489.0 2781.0 1489.0 2891.0 1446.0 2891.0 ship 0
1407.0 2641.0 1453.0 2641.0 1453.0 2748.0 1407.0 2748.0 ship 0
1380.0 2493.0 1428.0 2493.0 1428.0 2607.0 1380.0 2607.0 ship 0
1367.0 2498.0 1412.0 2498.0 1412.0 2611.0 1367.0 2611.0 ship 0
1326.0 2343.0 1368.0 2343.0 1368.0 2458.0 1326.0 2458.0 ship 0
855.0 2105.0 929.0 2105.0 929.0 2221.0 855.0 2221.0 harbor 0
1296.0 2250.0 1343.0 2250.0 1343.0 2332.0 1296.0 2332.0 harbor 0
1161.0 1595.0 1325.0 1595.0 1325.0 1686.0 1161.0 1686.0 harbor 0
2340.0 2494.0 2366.0 2494.0 2366.0 2522.0 2340.0 2522.0 roundabout 0
2443.0 3183.0 2457.0 3183.0 2457.0 3198.0 2443.0 3198.0 storage-tank 0
1936.0 1861.0 1967.0 1861.0 1967.0 1871.0 1936.0 1871.0 ship 0
2070.0 1749.0 2107.0 1749.0 2107.0 1761.0 2070.0 1761.0 ship 0
2064.0 1533.0 2112.0 1533.0 2112.0 1547.0 2064.0 1547.0 ship 0
1999.0 1541.0 2045.0 1541.0 2045.0 1554.0 1999.0 1554.0 ship 0
1999.0 1531.0 2041.0 1531.0 2041.0 1543.0 1999.0 1543.0 ship 0
1912.0 1757.0 1944.0 1757.0 1944.0 1766.0 1912.0 1766.0 ship 0
1966.0 1756.0 2001.0 1756.0 2001.0 1765.0 1966.0 1765.0 ship 0
1967.0 1746.0 2001.0 1746.0 2001.0 1757.0 1967.0 1757.0 ship 0
2022.0 1761.0 2059.0 1761.0 2059.0 1769.0 2022.0 1769.0 ship 0
2020.0 1748.0 2059.0 1748.0 2059.0 1762.0 2020.0 1762.0 ship 0
2070.0 1759.0 2109.0 1759.0 2109.0 1768.0 2070.0 1768.0 ship 0
2114.0 1689.0 2125.0 1689.0 2125.0 1737.0 2114.0 1737.0 ship 0
2444.0 3223.0 2453.0 3223.0 2453.0 3233.0 2444.0 3233.0 storage-tank 1
2113.0 1562.0 2125.0 1562.0 2125.0 1612.0 2113.0 1612.0 ship 0
2103.0 1559.0 2115.0 1559.0 2115.0 1613.0 2103.0 1613.0 ship 0
2114.0 1081.0 2126.0 1081.0 2126.0 1135.0 2114.0 1135.0 ship 0
2108.0 1083.0 2118.0 1083.0 2118.0 1135.0 2108.0 1135.0 ship 0
2096.0 1082.0 2108.0 1082.0 2108.0 1133.0 2096.0 1133.0 ship 0
2203.0 1194.0 2218.0 1194.0 2218.0 1213.0 2203.0 1213.0 swimming-pool 0
2186.0 1196.0 2204.0 1196.0 2204.0 1209.0 2186.0 1209.0 swimming-pool 0
2106.0 2174.0 2133.0 2174.0 2133.0 2220.0 2106.0 2220.0 swimming-pool 0
2281.0 716.0 2355.0 716.0 2355.0 876.0 2281.0 876.0 ground-track-field 0
1190.0 1580.0 1338.0 1580.0 1338.0 1669.0 1190.0 1669.0 ship 0
