imagesource:GoogleEarth
gsd:0.269650149514
632.0 1920.0 654.0 1920.0 654.0 1947.0 632.0 1947.0 large-vehicle 0
287.0 1242.0 301.0 1242.0 301.0 1261.0 287.0 1261.0 small-vehicle 0
234.0 1179.0 258.0 1179.0 258.0 1194.0 234.0 1194.0 small-vehicle 0
900.0 405.0 913.0 405.0 913.0 428.0 900.0 428.0 small-vehicle 0
907.0 402.0 922.0 402.0 922.0 422.0 907.0 422.0 small-vehicle 0
924.0 396.0 939.0 396.0 939.0 417.0 924.0 417.0 small-vehicle 0
942.0 387.0 957.0 387.0 957.0 405.0 942.0 405.0 small-vehicle 1
939.0 413.0 958.0 413.0 958.0 430.0 939.0 430.0 small-vehicle 0
582.0 244.0 769.0 244.0 769.0 416.0 582.0 416.0 plane 0
184.0 993.0 375.0 993.0 375.0 1181.0 184.0 1181.0 plane 0
390.0 1417.0 624.0 1417.0 624.0 1651.0 390.0 1651.0 plane 0
261.0 1140.0 478.0 1140.0 478.0 1345.0 261.0 1345.0 plane 0
