imagesource:GoogleEarth
gsd:0.224737260932
548.0 1651.0 562.0 1651.0 562.0 1676.0 548.0 1676.0 small-vehicle 0
2894.0 2782.0 3149.0 2782.0 3149.0 3032.0 2894.0 3032.0 plane 0
1652.0 1845.0 1675.0 1845.0 1675.0 1858.0 1652.0 1858.0 small-vehicle 0
1656.0 1818.0 1671.0 1818.0 1671.0 1840.0 1656.0 1840.0 small-vehicle 0
1654.0 1801.0 1675.0 1801.0 1675.0 1810.0 1654.0 1810.0 small-vehicle 0
1657.0 1789.0 1679.0 1789.0 1679.0 1799.0 1657.0 1799.0 small-vehicle 0
1277.0 1799.0 1308.0 1799.0 1308.0 1815.0 1277.0 1815.0 small-vehicle 0
1226.0 1719.0 1239.0 1719.0 1239.0 1741.0 1226.0 1741.0 small-vehicle 0
1001.0 1739.0 1021.0 1739.0 1021.0 1751.0 1001.0 1751.0 small-vehicle 0
1004.0 1728.0 1025.0 1728.0 1025.0 1740.0 1004.0 1740.0 small-vehicle 0
711.0 1251.0 736.0 1251.0 736.0 1269.0 711.0 1269.0 small-vehicle 1
1605.0 1740.0 1916.0 1740.0 1916.0 2115.0 1605.0 2115.0 plane 0
488.0 1532.0 509.0 1532.0 509.0 1561.0 488.0 1561.0 small-vehicle 0
3177.0 1901.0 3369.0 1901.0 3369.0 2126.0 3177.0 2126.0 plane 0
4245.0 3014.0 4402.0 3014.0 4402.0 3171.0 4245.0 3171.0 plane 0
1988.0 2290.0 2171.0 2290.0 2171.0 2477.0 1988.0 2477.0 plane 0
1812.0 1134.0 2131.0 1134.0 2131.0 1471.0 1812.0 1471.0 plane 0
1285.0 1733.0 1582.0 1733.0 1582.0 2066.0 1285.0 2066.0 plane 0
944.0 1708.0 1269.0 1708.0 1269.0 2045.0 944.0 2045.0 plane 0
328.0 1563.0 546.0 1563.0 546.0 1766.0 328.0 1766.0 plane 0
782.0 1034.0 1115.0 1034.0 1115.0 1351.0 782.0 1351.0 plane 0
470.0 1011.0 784.0 1011.0 784.0 1327.0 470.0 1327.0 plane 0
1705.0 1946.0 1718.0 1946.0 1718.0 1972.0 1705.0 1972.0 small-vehicle 0
1759.0 1958.0 1772.0 1958.0 1772.0 1983.0 1759.0 1983.0 small-vehicle 0
2956.0 1937.0 2968.0 1937.0 2968.0 1959.0 2956.0 1959.0 small-vehicle 0
2957.0 2012.0 2973.0 2012.0 2973.0 2034.0 2957.0 2034.0 small-vehicle 0
2309.0 1826.0 2331.0 1826.0 2331.0 1838.0 2309.0 1838.0 small-vehicle 0
2072.0 1432.0 2084.0 1432.0 2084.0 1453.0 2072.0 1453.0 small-vehicle 0
605.0 1380.0 629.0 1380.0 629.0 1391.0 605.0 1391.0 small-vehicle 0
622.0 1351.0 636.0 1351.0 636.0 1374.0 622.0 1374.0 small-vehicle 0
610.0 1347.0 624.0 1347.0 624.0 1370.0 610.0 1370.0 small-vehicle 0
615.0 1323.0 625.0 1323.0 625.0 1343.0 615.0 1343.0 small-vehicle 0
693.0 1288.0 721.0 1288.0 721.0 1304.0 693.0 1304.0 small-vehicle 0
1226.0 471.0 1249.0 471.0 1249.0 481.0 1226.0 481.0 small-vehicle 0
1481.0 614.0 1495.0 614.0 1495.0 637.0 1481.0 637.0 small-vehicle 0
1514.0 639.0 1525.0 639.0 1525.0 658.0 1514.0 658.0 small-vehicle 0
1525.0 644.0 1535.0 644.0 1535.0 664.0 1525.0 664.0 small-vehicle 0
1556.0 642.0 1569.0 642.0 1569.0 664.0 1556.0 664.0 small-vehicle 0
1558.0 622.0 1572.0 622.0 1572.0 643.0 1558.0 643.0 small-vehicle 0
1626.0 613.0 1637.0 613.0 1637.0 634.0 1626.0 634.0 small-vehicle 0
1644.0 607.0 1654.0 607.0 1654.0 630.0 1644.0 630.0 small-vehicle 0
1642.0 630.0 1653.0 630.0 1653.0 649.0 1642.0 649.0 small-vehicle 0
1642.0 650.0 1650.0 650.0 1650.0 666.0 1642.0 666.0 small-vehicle 0
1868.0 576.0 1878.0 576.0 1878.0 600.0 1868.0 600.0 small-vehicle 0
1902.0 580.0 1913.0 580.0 1913.0 604.0 1902.0 604.0 small-vehicle 0
978.0 456.0 1133.0 456.0 1133.0 640.0 978.0 640.0 plane 0
