imagesource:GoogleEarth
gsd:0.118071506532
1911.0 306.0 1950.0 306.0 1950.0 343.0 1911.0 343.0 small-vehicle 0
1967.0 82.0 2005.0 82.0 2005.0 116.0 1967.0 116.0 small-vehicle 1
1169.0 352.0 1374.0 352.0 1374.0 537.0 1169.0 537.0 tennis-court 0
1229.0 445.0 1435.0 445.0 1435.0 623.0 1229.0 623.0 tennis-court 0
1291.0 534.0 1498.0 534.0 1498.0 717.0 1291.0 717.0 tennis-court 0
1363.0 543.0 2180.0 543.0 2180.0 1277.0 1363.0 1277.0 soccer-ball-field 0
1381.0 2330.0 1919.0 2330.0 1919.0 2901.0 1381.0 2901.0 soccer-ball-field 0
1900.0 1581.0 2939.0 1581.0 2939.0 2539.0 1900.0 2539.0 soccer-ball-field 0
2422.0 415.0 2614.0 415.0 2614.0 633.0 2422.0 633.0 tennis-court 0
2519.0 339.0 2718.0 339.0 2718.0 560.0 2519.0 560.0 tennis-court 0
2728.0 190.0 2926.0 190.0 2926.0 410.0 2728.0 410.0 tennis-court 0
2622.0 259.0 2825.0 259.0 2825.0 484.0 2622.0 484.0 tennis-court 0
2270.0 541.0 2320.0 541.0 2320.0 582.0 2270.0 582.0 small-vehicle 0
2218.0 464.0 2261.0 464.0 2261.0 503.0 2218.0 503.0 small-vehicle 0
2185.0 418.0 2241.0 418.0 2241.0 456.0 2185.0 456.0 small-vehicle 0
2143.0 353.0 2192.0 353.0 2192.0 392.0 2143.0 392.0 small-vehicle 0
1790.0 135.0 1826.0 135.0 1826.0 166.0 1790.0 166.0 small-vehicle 1
1810.0 144.0 1845.0 144.0 1845.0 176.0 1810.0 176.0 small-vehicle 1
1948.0 53.0 1980.0 53.0 1980.0 85.0 1948.0 85.0 small-vehicle 1
121.0 385.0 1313.0 385.0 1313.0 1964.0 121.0 1964.0 ground-track-field 0
