imagesource:GoogleEarth
gsd:0.242183449549
1079.0 2827.0 1104.0 2827.0 1104.0 2847.0 1079.0 2847.0 small-vehicle 1
379.0 1686.0 399.0 1686.0 399.0 1700.0 379.0 1700.0 small-vehicle 1
379.0 1794.0 399.0 1794.0 399.0 1810.0 379.0 1810.0 small-vehicle 1
366.0 1763.0 386.0 1763.0 386.0 1782.0 366.0 1782.0 small-vehicle 1
389.0 1810.0 409.0 1810.0 409.0 1829.0 389.0 1829.0 small-vehicle 1
392.0 1712.0 415.0 1712.0 415.0 1731.0 392.0 1731.0 small-vehicle 1
406.0 1750.0 429.0 1750.0 429.0 1766.0 406.0 1766.0 small-vehicle 1
414.0 1763.0 432.0 1763.0 432.0 1775.0 414.0 1775.0 small-vehicle 1
412.0 1774.0 432.0 1774.0 432.0 1787.0 412.0 1787.0 small-vehicle 1
371.0 1776.0 392.0 1776.0 392.0 1789.0 371.0 1789.0 small-vehicle 1
365.0 1756.0 381.0 1756.0 381.0 1774.0 365.0 1774.0 small-vehicle 1
359.0 1747.0 378.0 1747.0 378.0 1763.0 359.0 1763.0 small-vehicle 1
478.0 1732.0 492.0 1732.0 492.0 1750.0 478.0 1750.0 small-vehicle 1
369.0 1658.0 387.0 1658.0 387.0 1672.0 369.0 1672.0 small-vehicle 1
432.0 1801.0 448.0 1801.0 448.0 1815.0 432.0 1815.0 small-vehicle 1
342.0 1707.0 361.0 1707.0 361.0 1726.0 342.0 1726.0 small-vehicle 1
336.0 1700.0 355.0 1700.0 355.0 1715.0 336.0 1715.0 small-vehicle 1
331.0 1689.0 352.0 1689.0 352.0 1705.0 331.0 1705.0 small-vehicle 1
328.0 1683.0 345.0 1683.0 345.0 1696.0 328.0 1696.0 small-vehicle 1
316.0 1651.0 338.0 1651.0 338.0 1664.0 316.0 1664.0 small-vehicle 1
310.0 1642.0 335.0 1642.0 335.0 1656.0 310.0 1656.0 small-vehicle 1
303.0 1624.0 321.0 1624.0 321.0 1640.0 303.0 1640.0 small-vehicle 1
291.0 1595.0 311.0 1595.0 311.0 1610.0 291.0 1610.0 small-vehicle 1
274.0 1560.0 295.0 1560.0 295.0 1572.0 274.0 1572.0 small-vehicle 1
270.0 1550.0 287.0 1550.0 287.0 1562.0 270.0 1562.0 small-vehicle 1
259.0 1520.0 279.0 1520.0 279.0 1536.0 259.0 1536.0 small-vehicle 1
422.0 1789.0 445.0 1789.0 445.0 1806.0 422.0 1806.0 small-vehicle 1
395.0 1831.0 415.0 1831.0 415.0 1850.0 395.0 1850.0 small-vehicle 1
326.0 1569.0 346.0 1569.0 346.0 1582.0 326.0 1582.0 small-vehicle 1
11.0 2495.0 33.0 2495.0 33.0 2524.0 11.0 2524.0 small-vehicle 0
161.0 2405.0 177.0 2405.0 177.0 2423.0 161.0 2423.0 small-vehicle 0
152.0 2412.0 168.0 2412.0 168.0 2430.0 152.0 2430.0 small-vehicle 0
144.0 2417.0 159.0 2417.0 159.0 2435.0 144.0 2435.0 small-vehicle 0
133.0 2421.0 152.0 2421.0 152.0 2442.0 133.0 2442.0 small-vehicle 0
126.0 2426.0 143.0 2426.0 143.0 2446.0 126.0 2446.0 small-vehicle 0
117.0 2435.0 136.0 2435.0 136.0 2454.0 117.0 2454.0 small-vehicle 0
109.0 2440.0 125.0 2440.0 125.0 2458.0 109.0 2458.0 small-vehicle 0
100.0 2443.0 116.0 2443.0 116.0 2463.0 100.0 2463.0 small-vehicle 0
91.0 2449.0 109.0 2449.0 109.0 2472.0 91.0 2472.0 small-vehicle 0
81.0 2453.0 97.0 2453.0 97.0 2473.0 81.0 2473.0 small-vehicle 0
45.0 2474.0 64.0 2474.0 64.0 2495.0 45.0 2495.0 small-vehicle 0
554.0 2018.0 577.0 2018.0 577.0 2034.0 554.0 2034.0 small-vehicle 0
411.0 1869.0 431.0 1869.0 431.0 1883.0 411.0 1883.0 small-vehicle 1
597.0 2023.0 615.0 2023.0 615.0 2047.0 597.0 2047.0 small-vehicle 0
601.0 1993.0 618.0 1993.0 618.0 2016.0 601.0 2016.0 small-vehicle 0
548.0 2001.0 573.0 2001.0 573.0 2016.0 548.0 2016.0 small-vehicle 0
548.0 1986.0 569.0 1986.0 569.0 2001.0 548.0 2001.0 small-vehicle 0
538.0 1968.0 566.0 1968.0 566.0 1987.0 538.0 1987.0 small-vehicle 0
472.0 2054.0 490.0 2054.0 490.0 2076.0 472.0 2076.0 small-vehicle 1
470.0 2031.0 486.0 2031.0 486.0 2054.0 470.0 2054.0 small-vehicle 1
424.0 1897.0 442.0 1897.0 442.0 1914.0 424.0 1914.0 small-vehicle 1
427.0 1908.0 446.0 1908.0 446.0 1924.0 427.0 1924.0 small-vehicle 1
421.0 1887.0 440.0 1887.0 440.0 1903.0 421.0 1903.0 small-vehicle 1
417.0 1877.0 437.0 1877.0 437.0 1892.0 417.0 1892.0 small-vehicle 1
331.0 1580.0 352.0 1580.0 352.0 1593.0 331.0 1593.0 small-vehicle 1
323.0 1559.0 344.0 1559.0 344.0 1572.0 323.0 1572.0 small-vehicle 1
178.0 2393.0 196.0 2393.0 196.0 2414.0 178.0 2414.0 small-vehicle 0
287.0 1586.0 307.0 1586.0 307.0 1601.0 287.0 1601.0 small-vehicle 0
399.0 1722.0 420.0 1722.0 420.0 1738.0 399.0 1738.0 small-vehicle 0
326.0 1675.0 343.0 1675.0 343.0 1687.0 326.0 1687.0 small-vehicle 1
308.0 1636.0 327.0 1636.0 327.0 1649.0 308.0 1649.0 small-vehicle 0
379.0 1677.0 399.0 1677.0 399.0 1692.0 379.0 1692.0 small-vehicle 0
374.0 1668.0 393.0 1668.0 393.0 1681.0 374.0 1681.0 small-vehicle 0
364.0 1650.0 384.0 1650.0 384.0 1664.0 364.0 1664.0 small-vehicle 0
353.0 1628.0 375.0 1628.0 375.0 1644.0 353.0 1644.0 small-vehicle 0
347.0 1618.0 369.0 1618.0 369.0 1636.0 347.0 1636.0 small-vehicle 0
337.0 1587.0 358.0 1587.0 358.0 1604.0 337.0 1604.0 small-vehicle 0
300.0 1616.0 317.0 1616.0 317.0 1630.0 300.0 1630.0 small-vehicle 0
296.0 1606.0 314.0 1606.0 314.0 1621.0 296.0 1621.0 small-vehicle 0
283.0 1577.0 306.0 1577.0 306.0 1594.0 283.0 1594.0 small-vehicle 0
347.0 1718.0 367.0 1718.0 367.0 1733.0 347.0 1733.0 small-vehicle 0
278.0 1567.0 300.0 1567.0 300.0 1583.0 278.0 1583.0 small-vehicle 0
267.0 1540.0 285.0 1540.0 285.0 1555.0 267.0 1555.0 small-vehicle 0
261.0 1530.0 283.0 1530.0 283.0 1544.0 261.0 1544.0 small-vehicle 0
253.0 1509.0 274.0 1509.0 274.0 1525.0 253.0 1525.0 small-vehicle 0
251.0 1500.0 269.0 1500.0 269.0 1515.0 251.0 1515.0 small-vehicle 0
316.0 1550.0 340.0 1550.0 340.0 1566.0 316.0 1566.0 small-vehicle 0
311.0 1532.0 332.0 1532.0 332.0 1545.0 311.0 1545.0 small-vehicle 0
304.0 1512.0 322.0 1512.0 322.0 1527.0 304.0 1527.0 small-vehicle 1
298.0 1503.0 318.0 1503.0 318.0 1517.0 298.0 1517.0 small-vehicle 0
290.0 1482.0 311.0 1482.0 311.0 1497.0 290.0 1497.0 small-vehicle 0
288.0 1474.0 307.0 1474.0 307.0 1488.0 288.0 1488.0 small-vehicle 1
403.0 1738.0 421.0 1738.0 421.0 1747.0 403.0 1747.0 small-vehicle 1
349.0 1731.0 367.0 1731.0 367.0 1742.0 349.0 1742.0 small-vehicle 1
306.0 1521.0 326.0 1521.0 326.0 1537.0 306.0 1537.0 small-vehicle 1
535.0 1862.0 551.0 1862.0 551.0 1884.0 535.0 1884.0 small-vehicle 0
289.0 1492.0 312.0 1492.0 312.0 1506.0 289.0 1506.0 small-vehicle 1
246.0 1491.0 266.0 1491.0 266.0 1507.0 246.0 1507.0 small-vehicle 1
234.0 1475.0 253.0 1475.0 253.0 1488.0 234.0 1488.0 small-vehicle 1
211.0 1416.0 230.0 1416.0 230.0 1429.0 211.0 1429.0 small-vehicle 1
207.0 1407.0 224.0 1407.0 224.0 1422.0 207.0 1422.0 small-vehicle 1
426.0 1628.0 445.0 1628.0 445.0 1651.0 426.0 1651.0 small-vehicle 0
420.0 1605.0 437.0 1605.0 437.0 1629.0 420.0 1629.0 small-vehicle 0
469.0 1711.0 484.0 1711.0 484.0 1731.0 469.0 1731.0 small-vehicle 0
542.0 1959.0 562.0 1959.0 562.0 1971.0 542.0 1971.0 small-vehicle 0
538.0 1947.0 560.0 1947.0 560.0 1960.0 538.0 1960.0 small-vehicle 0
433.0 1919.0 454.0 1919.0 454.0 1933.0 433.0 1933.0 small-vehicle 0
539.0 1815.0 555.0 1815.0 555.0 1839.0 539.0 1839.0 small-vehicle 0
354.0 1736.0 376.0 1736.0 376.0 1754.0 354.0 1754.0 small-vehicle 0
504.0 1797.0 523.0 1797.0 523.0 1819.0 504.0 1819.0 small-vehicle 0
497.0 1774.0 515.0 1774.0 515.0 1797.0 497.0 1797.0 small-vehicle 0
405.0 1850.0 425.0 1850.0 425.0 1866.0 405.0 1866.0 small-vehicle 0
410.0 1862.0 426.0 1862.0 426.0 1875.0 410.0 1875.0 small-vehicle 1
402.0 1841.0 422.0 1841.0 422.0 1855.0 402.0 1855.0 small-vehicle 1
441.0 1820.0 463.0 1820.0 463.0 1834.0 441.0 1834.0 small-vehicle 0
433.0 1811.0 456.0 1811.0 456.0 1824.0 433.0 1824.0 small-vehicle 0
393.0 1822.0 414.0 1822.0 414.0 1837.0 393.0 1837.0 small-vehicle 0
376.0 1784.0 395.0 1784.0 395.0 1800.0 376.0 1800.0 small-vehicle 1
386.0 1802.0 408.0 1802.0 408.0 1820.0 386.0 1820.0 small-vehicle 0
418.0 1781.0 442.0 1781.0 442.0 1799.0 418.0 1799.0 small-vehicle 0
168.0 2398.0 186.0 2398.0 186.0 2419.0 168.0 2419.0 small-vehicle 0
186.0 2384.0 204.0 2384.0 204.0 2404.0 186.0 2404.0 small-vehicle 0
277.0 1455.0 296.0 1455.0 296.0 1471.0 277.0 1471.0 small-vehicle 0
57.0 2596.0 73.0 2596.0 73.0 2616.0 57.0 2616.0 small-vehicle 0
149.0 2533.0 164.0 2533.0 164.0 2551.0 149.0 2551.0 small-vehicle 0
141.0 2539.0 157.0 2539.0 157.0 2559.0 141.0 2559.0 small-vehicle 0
131.0 2544.0 149.0 2544.0 149.0 2566.0 131.0 2566.0 small-vehicle 0
123.0 2547.0 139.0 2547.0 139.0 2568.0 123.0 2568.0 small-vehicle 0
114.0 2557.0 131.0 2557.0 131.0 2575.0 114.0 2575.0 small-vehicle 0
106.0 2563.0 124.0 2563.0 124.0 2581.0 106.0 2581.0 small-vehicle 0
98.0 2569.0 114.0 2569.0 114.0 2588.0 98.0 2588.0 small-vehicle 0
90.0 2573.0 105.0 2573.0 105.0 2592.0 90.0 2592.0 small-vehicle 0
81.0 2578.0 98.0 2578.0 98.0 2597.0 81.0 2597.0 small-vehicle 0
74.0 2585.0 89.0 2585.0 89.0 2606.0 74.0 2606.0 small-vehicle 0
66.0 2590.0 81.0 2590.0 81.0 2607.0 66.0 2607.0 small-vehicle 0
45.0 2598.0 61.0 2598.0 61.0 2616.0 45.0 2616.0 small-vehicle 0
37.0 2628.0 56.0 2628.0 56.0 2650.0 37.0 2650.0 small-vehicle 0
37.0 2603.0 54.0 2603.0 54.0 2623.0 37.0 2623.0 small-vehicle 0
26.0 2611.0 43.0 2611.0 43.0 2630.0 26.0 2630.0 small-vehicle 0
25.0 2638.0 42.0 2638.0 42.0 2661.0 25.0 2661.0 small-vehicle 0
17.0 2643.0 33.0 2643.0 33.0 2664.0 17.0 2664.0 small-vehicle 0
37.0 2558.0 54.0 2558.0 54.0 2579.0 37.0 2579.0 small-vehicle 0
26.0 2562.0 44.0 2562.0 44.0 2582.0 26.0 2582.0 small-vehicle 0
17.0 2569.0 35.0 2569.0 35.0 2587.0 17.0 2587.0 small-vehicle 0
17.0 2544.0 35.0 2544.0 35.0 2567.0 17.0 2567.0 small-vehicle 0
26.0 2542.0 47.0 2542.0 47.0 2564.0 26.0 2564.0 small-vehicle 0
46.0 2552.0 63.0 2552.0 63.0 2572.0 46.0 2572.0 small-vehicle 0
35.0 2538.0 51.0 2538.0 51.0 2557.0 35.0 2557.0 small-vehicle 0
157.0 2528.0 173.0 2528.0 173.0 2547.0 157.0 2547.0 small-vehicle 0
46.0 2623.0 66.0 2623.0 66.0 2642.0 46.0 2642.0 small-vehicle 0
53.0 2547.0 68.0 2547.0 68.0 2566.0 53.0 2566.0 small-vehicle 0
169.0 2548.0 186.0 2548.0 186.0 2567.0 169.0 2567.0 small-vehicle 0
253.0 2469.0 269.0 2469.0 269.0 2490.0 253.0 2490.0 small-vehicle 0
244.0 2474.0 260.0 2474.0 260.0 2494.0 244.0 2494.0 small-vehicle 0
234.0 2481.0 253.0 2481.0 253.0 2502.0 234.0 2502.0 small-vehicle 0
226.0 2487.0 244.0 2487.0 244.0 2505.0 226.0 2505.0 small-vehicle 0
221.0 2492.0 236.0 2492.0 236.0 2512.0 221.0 2512.0 small-vehicle 0
209.0 2495.0 229.0 2495.0 229.0 2516.0 209.0 2516.0 small-vehicle 0
203.0 2505.0 219.0 2505.0 219.0 2523.0 203.0 2523.0 small-vehicle 0
193.0 2508.0 209.0 2508.0 209.0 2528.0 193.0 2528.0 small-vehicle 0
184.0 2515.0 204.0 2515.0 204.0 2535.0 184.0 2535.0 small-vehicle 0
177.0 2520.0 195.0 2520.0 195.0 2540.0 177.0 2540.0 small-vehicle 0
167.0 2524.0 186.0 2524.0 186.0 2545.0 167.0 2545.0 small-vehicle 0
160.0 2552.0 177.0 2552.0 177.0 2569.0 160.0 2569.0 small-vehicle 0
55.0 2616.0 73.0 2616.0 73.0 2636.0 55.0 2636.0 small-vehicle 0
152.0 2556.0 168.0 2556.0 168.0 2574.0 152.0 2574.0 small-vehicle 0
144.0 2563.0 161.0 2563.0 161.0 2582.0 144.0 2582.0 small-vehicle 0
133.0 2567.0 152.0 2567.0 152.0 2587.0 133.0 2587.0 small-vehicle 0
125.0 2572.0 143.0 2572.0 143.0 2592.0 125.0 2592.0 small-vehicle 0
117.0 2580.0 135.0 2580.0 135.0 2598.0 117.0 2598.0 small-vehicle 0
110.0 2584.0 130.0 2584.0 130.0 2606.0 110.0 2606.0 small-vehicle 0
101.0 2591.0 118.0 2591.0 118.0 2612.0 101.0 2612.0 small-vehicle 0
92.0 2594.0 110.0 2594.0 110.0 2616.0 92.0 2616.0 small-vehicle 0
82.0 2600.0 99.0 2600.0 99.0 2620.0 82.0 2620.0 small-vehicle 0
74.0 2607.0 93.0 2607.0 93.0 2630.0 74.0 2630.0 small-vehicle 0
68.0 2611.0 81.0 2611.0 81.0 2628.0 68.0 2628.0 small-vehicle 0
42.0 2530.0 58.0 2530.0 58.0 2551.0 42.0 2551.0 small-vehicle 0
63.0 2540.0 77.0 2540.0 77.0 2560.0 63.0 2560.0 small-vehicle 0
287.0 2375.0 303.0 2375.0 303.0 2394.0 287.0 2394.0 small-vehicle 0
236.0 2431.0 254.0 2431.0 254.0 2451.0 236.0 2451.0 small-vehicle 0
182.0 2441.0 198.0 2441.0 198.0 2463.0 182.0 2463.0 small-vehicle 0
195.0 2457.0 211.0 2457.0 211.0 2481.0 195.0 2481.0 small-vehicle 0
201.0 2451.0 218.0 2451.0 218.0 2473.0 201.0 2473.0 small-vehicle 0
211.0 2447.0 227.0 2447.0 227.0 2466.0 211.0 2466.0 small-vehicle 0
190.0 2435.0 207.0 2435.0 207.0 2457.0 190.0 2457.0 small-vehicle 0
199.0 2429.0 216.0 2429.0 216.0 2449.0 199.0 2449.0 small-vehicle 0
219.0 2440.0 232.0 2440.0 232.0 2459.0 219.0 2459.0 small-vehicle 0
227.0 2438.0 244.0 2438.0 244.0 2455.0 227.0 2455.0 small-vehicle 0
208.0 2424.0 225.0 2424.0 225.0 2444.0 208.0 2444.0 small-vehicle 0
218.0 2419.0 236.0 2419.0 236.0 2440.0 218.0 2440.0 small-vehicle 0
226.0 2410.0 243.0 2410.0 243.0 2435.0 226.0 2435.0 small-vehicle 0
246.0 2425.0 262.0 2425.0 262.0 2446.0 246.0 2446.0 small-vehicle 0
184.0 2464.0 198.0 2464.0 198.0 2482.0 184.0 2482.0 small-vehicle 0
235.0 2407.0 253.0 2407.0 253.0 2428.0 235.0 2428.0 small-vehicle 0
254.0 2420.0 271.0 2420.0 271.0 2441.0 254.0 2441.0 small-vehicle 0
243.0 2403.0 260.0 2403.0 260.0 2421.0 243.0 2421.0 small-vehicle 1
263.0 2413.0 277.0 2413.0 277.0 2431.0 263.0 2431.0 small-vehicle 0
270.0 2409.0 287.0 2409.0 287.0 2426.0 270.0 2426.0 small-vehicle 0
280.0 2401.0 296.0 2401.0 296.0 2424.0 280.0 2424.0 small-vehicle 0
277.0 2378.0 295.0 2378.0 295.0 2401.0 277.0 2401.0 small-vehicle 0
269.0 2384.0 285.0 2384.0 285.0 2403.0 269.0 2403.0 small-vehicle 0
261.0 2391.0 277.0 2391.0 277.0 2411.0 261.0 2411.0 small-vehicle 0
251.0 2396.0 270.0 2396.0 270.0 2416.0 251.0 2416.0 small-vehicle 0
289.0 2398.0 306.0 2398.0 306.0 2418.0 289.0 2418.0 small-vehicle 0
174.0 2448.0 190.0 2448.0 190.0 2467.0 174.0 2467.0 small-vehicle 0
164.0 2451.0 182.0 2451.0 182.0 2472.0 164.0 2472.0 small-vehicle 0
70.0 2535.0 87.0 2535.0 87.0 2556.0 70.0 2556.0 small-vehicle 0
100.0 2488.0 118.0 2488.0 118.0 2508.0 100.0 2508.0 small-vehicle 0
50.0 2524.0 70.0 2524.0 70.0 2546.0 50.0 2546.0 small-vehicle 0
61.0 2517.0 78.0 2517.0 78.0 2538.0 61.0 2538.0 small-vehicle 0
79.0 2529.0 95.0 2529.0 95.0 2550.0 79.0 2550.0 small-vehicle 0
64.0 2509.0 85.0 2509.0 85.0 2535.0 64.0 2535.0 small-vehicle 0
77.0 2505.0 93.0 2505.0 93.0 2529.0 77.0 2529.0 small-vehicle 0
90.0 2525.0 103.0 2525.0 103.0 2544.0 90.0 2544.0 small-vehicle 0
95.0 2517.0 113.0 2517.0 113.0 2538.0 95.0 2538.0 small-vehicle 0
84.0 2499.0 101.0 2499.0 101.0 2519.0 84.0 2519.0 small-vehicle 0
93.0 2491.0 111.0 2491.0 111.0 2515.0 93.0 2515.0 small-vehicle 0
105.0 2513.0 121.0 2513.0 121.0 2534.0 105.0 2534.0 small-vehicle 0
113.0 2506.0 131.0 2506.0 131.0 2527.0 113.0 2527.0 small-vehicle 0
121.0 2501.0 140.0 2501.0 140.0 2524.0 121.0 2524.0 small-vehicle 0
175.0 2468.0 194.0 2468.0 194.0 2490.0 175.0 2490.0 small-vehicle 0
108.0 2481.0 128.0 2481.0 128.0 2505.0 108.0 2505.0 small-vehicle 0
118.0 2476.0 137.0 2476.0 137.0 2498.0 118.0 2498.0 small-vehicle 0
130.0 2496.0 148.0 2496.0 148.0 2515.0 130.0 2515.0 small-vehicle 0
139.0 2490.0 156.0 2490.0 156.0 2512.0 139.0 2512.0 small-vehicle 0
128.0 2472.0 147.0 2472.0 147.0 2493.0 128.0 2493.0 small-vehicle 0
148.0 2485.0 167.0 2485.0 167.0 2506.0 148.0 2506.0 small-vehicle 0
135.0 2465.0 153.0 2465.0 153.0 2487.0 135.0 2487.0 small-vehicle 0
148.0 2463.0 162.0 2463.0 162.0 2482.0 148.0 2482.0 small-vehicle 0
158.0 2480.0 172.0 2480.0 172.0 2500.0 158.0 2500.0 small-vehicle 0
165.0 2473.0 183.0 2473.0 183.0 2495.0 165.0 2495.0 small-vehicle 0
154.0 2455.0 172.0 2455.0 172.0 2476.0 154.0 2476.0 small-vehicle 0
282.0 1465.0 300.0 1465.0 300.0 1482.0 282.0 1482.0 small-vehicle 0
269.0 1446.0 291.0 1446.0 291.0 1462.0 269.0 1462.0 small-vehicle 0
270.0 2455.0 287.0 2455.0 287.0 2475.0 270.0 2475.0 small-vehicle 0
90.0 458.0 105.0 458.0 105.0 476.0 90.0 476.0 small-vehicle 0
302.0 407.0 318.0 407.0 318.0 430.0 302.0 430.0 small-vehicle 0
310.0 401.0 329.0 401.0 329.0 424.0 310.0 424.0 small-vehicle 0
331.0 395.0 343.0 395.0 343.0 416.0 331.0 416.0 small-vehicle 0
338.0 393.0 353.0 393.0 353.0 415.0 338.0 415.0 small-vehicle 0
237.0 389.0 251.0 389.0 251.0 410.0 237.0 410.0 small-vehicle 0
208.0 401.0 223.0 401.0 223.0 421.0 208.0 421.0 small-vehicle 0
173.0 418.0 187.0 418.0 187.0 439.0 173.0 439.0 small-vehicle 0
162.0 421.0 177.0 421.0 177.0 443.0 162.0 443.0 small-vehicle 0
157.0 429.0 169.0 429.0 169.0 448.0 157.0 448.0 small-vehicle 0
53.0 472.0 65.0 472.0 65.0 490.0 53.0 490.0 small-vehicle 0
73.0 466.0 87.0 466.0 87.0 484.0 73.0 484.0 small-vehicle 0
79.0 462.0 95.0 462.0 95.0 482.0 79.0 482.0 small-vehicle 0
283.0 415.0 299.0 415.0 299.0 437.0 283.0 437.0 small-vehicle 0
78.0 435.0 93.0 435.0 93.0 454.0 78.0 454.0 small-vehicle 0
59.0 440.0 73.0 440.0 73.0 461.0 59.0 461.0 small-vehicle 0
95.0 426.0 112.0 426.0 112.0 445.0 95.0 445.0 small-vehicle 0
86.0 429.0 103.0 429.0 103.0 448.0 86.0 448.0 small-vehicle 0
107.0 424.0 124.0 424.0 124.0 443.0 107.0 443.0 small-vehicle 0
194.0 374.0 213.0 374.0 213.0 398.0 194.0 398.0 small-vehicle 0
208.0 376.0 224.0 376.0 224.0 397.0 208.0 397.0 small-vehicle 0
215.0 370.0 231.0 370.0 231.0 390.0 215.0 390.0 small-vehicle 0
241.0 355.0 258.0 355.0 258.0 374.0 241.0 374.0 small-vehicle 0
225.0 363.0 243.0 363.0 243.0 387.0 225.0 387.0 small-vehicle 0
271.0 371.0 291.0 371.0 291.0 393.0 271.0 393.0 small-vehicle 0
293.0 414.0 310.0 414.0 310.0 436.0 293.0 436.0 small-vehicle 0
273.0 421.0 290.0 421.0 290.0 441.0 273.0 441.0 small-vehicle 0
293.0 361.0 308.0 361.0 308.0 382.0 293.0 382.0 small-vehicle 0
173.0 258.0 190.0 258.0 190.0 277.0 173.0 277.0 small-vehicle 1
202.0 324.0 222.0 324.0 222.0 344.0 202.0 344.0 small-vehicle 1
195.0 327.0 209.0 327.0 209.0 346.0 195.0 346.0 small-vehicle 1
297.0 284.0 315.0 284.0 315.0 305.0 297.0 305.0 small-vehicle 1
207.0 287.0 228.0 287.0 228.0 309.0 207.0 309.0 small-vehicle 1
149.0 322.0 163.0 322.0 163.0 341.0 149.0 341.0 small-vehicle 1
166.0 313.0 181.0 313.0 181.0 331.0 166.0 331.0 small-vehicle 1
156.0 316.0 173.0 316.0 173.0 338.0 156.0 338.0 small-vehicle 1
131.0 332.0 144.0 332.0 144.0 351.0 131.0 351.0 small-vehicle 1
119.0 332.0 135.0 332.0 135.0 354.0 119.0 354.0 small-vehicle 1
73.0 354.0 89.0 354.0 89.0 375.0 73.0 375.0 small-vehicle 1
73.0 302.0 88.0 302.0 88.0 323.0 73.0 323.0 small-vehicle 1
109.0 288.0 124.0 288.0 124.0 308.0 109.0 308.0 small-vehicle 1
237.0 435.0 254.0 435.0 254.0 458.0 237.0 458.0 small-vehicle 0
118.0 282.0 135.0 282.0 135.0 303.0 118.0 303.0 small-vehicle 1
128.0 279.0 142.0 279.0 142.0 297.0 128.0 297.0 small-vehicle 1
138.0 275.0 152.0 275.0 152.0 294.0 138.0 294.0 small-vehicle 1
84.0 377.0 102.0 377.0 102.0 402.0 84.0 402.0 small-vehicle 0
62.0 356.0 77.0 356.0 77.0 376.0 62.0 376.0 small-vehicle 0
186.0 455.0 205.0 455.0 205.0 476.0 186.0 476.0 small-vehicle 0
198.0 452.0 211.0 452.0 211.0 471.0 198.0 471.0 small-vehicle 0
209.0 450.0 220.0 450.0 220.0 470.0 209.0 470.0 small-vehicle 0
218.0 447.0 234.0 447.0 234.0 468.0 218.0 468.0 small-vehicle 0
226.0 443.0 244.0 443.0 244.0 462.0 226.0 462.0 small-vehicle 0
247.0 433.0 263.0 433.0 263.0 453.0 247.0 453.0 small-vehicle 0
282.0 367.0 298.0 367.0 298.0 387.0 282.0 387.0 small-vehicle 0
318.0 353.0 336.0 353.0 336.0 374.0 318.0 374.0 small-vehicle 0
149.0 347.0 162.0 347.0 162.0 367.0 149.0 367.0 small-vehicle 1
1160.0 1813.0 1395.0 1813.0 1395.0 2056.0 1160.0 2056.0 plane 0
230.0 232.0 245.0 232.0 245.0 255.0 230.0 255.0 small-vehicle 0
192.0 252.0 210.0 252.0 210.0 274.0 192.0 274.0 small-vehicle 0
166.0 265.0 183.0 265.0 183.0 284.0 166.0 284.0 small-vehicle 0
156.0 267.0 174.0 267.0 174.0 287.0 156.0 287.0 small-vehicle 0
92.0 297.0 108.0 297.0 108.0 317.0 92.0 317.0 small-vehicle 0
84.0 303.0 98.0 303.0 98.0 322.0 84.0 322.0 small-vehicle 0
63.0 308.0 78.0 308.0 78.0 327.0 63.0 327.0 small-vehicle 0
56.0 313.0 69.0 313.0 69.0 334.0 56.0 334.0 small-vehicle 0
2230.0 2501.0 2373.0 2501.0 2373.0 2639.0 2230.0 2639.0 plane 0
1450.0 2364.0 1693.0 2364.0 1693.0 2603.0 1450.0 2603.0 plane 0
1223.0 2082.0 1657.0 2082.0 1657.0 2437.0 1223.0 2437.0 plane 0
924.0 1437.0 1151.0 1437.0 1151.0 1662.0 924.0 1662.0 plane 0
358.0 258.0 373.0 258.0 373.0 277.0 358.0 277.0 small-vehicle 0
734.0 631.0 970.0 631.0 970.0 844.0 734.0 844.0 plane 0
363.0 674.0 570.0 674.0 570.0 884.0 363.0 884.0 plane 0
359.0 497.0 543.0 497.0 543.0 677.0 359.0 677.0 plane 0
2380.0 2700.0 2525.0 2700.0 2525.0 2810.0 2380.0 2810.0 plane 0
2427.0 2653.0 2506.0 2653.0 2506.0 2715.0 2427.0 2715.0 plane 0
2432.0 2537.0 2505.0 2537.0 2505.0 2622.0 2432.0 2622.0 plane 0
2065.0 2498.0 2183.0 2498.0 2183.0 2609.0 2065.0 2609.0 plane 0
1055.0 1669.0 1239.0 1669.0 1239.0 1800.0 1055.0 1800.0 plane 0
813.0 1112.0 1162.0 1112.0 1162.0 1426.0 813.0 1426.0 plane 0
937.0 1005.0 1028.0 1005.0 1028.0 1093.0 937.0 1093.0 plane 0
783.0 1011.0 960.0 1011.0 960.0 1220.0 783.0 1220.0 plane 0
315.0 243.0 333.0 243.0 333.0 265.0 315.0 265.0 small-vehicle 0
428.0 275.0 443.0 275.0 443.0 298.0 428.0 298.0 small-vehicle 0
339.0 343.0 356.0 343.0 356.0 365.0 339.0 365.0 small-vehicle 0
354.0 305.0 371.0 305.0 371.0 328.0 354.0 328.0 small-vehicle 0
181.0 336.0 194.0 336.0 194.0 355.0 181.0 355.0 small-vehicle 1
160.0 346.0 176.0 346.0 176.0 367.0 160.0 367.0 small-vehicle 0
142.0 355.0 156.0 355.0 156.0 376.0 142.0 376.0 small-vehicle 0
51.0 396.0 67.0 396.0 67.0 415.0 51.0 415.0 small-vehicle 1
60.0 389.0 74.0 389.0 74.0 411.0 60.0 411.0 small-vehicle 0
83.0 351.0 101.0 351.0 101.0 373.0 83.0 373.0 small-vehicle 0
112.0 339.0 128.0 339.0 128.0 359.0 112.0 359.0 small-vehicle 0
177.0 308.0 189.0 308.0 189.0 328.0 177.0 328.0 small-vehicle 0
185.0 305.0 199.0 305.0 199.0 323.0 185.0 323.0 small-vehicle 0
141.0 327.0 155.0 327.0 155.0 349.0 141.0 349.0 small-vehicle 0
97.0 349.0 110.0 349.0 110.0 369.0 97.0 369.0 small-vehicle 0
386.0 324.0 402.0 324.0 402.0 347.0 386.0 347.0 small-vehicle 0
526.0 303.0 545.0 303.0 545.0 325.0 526.0 325.0 small-vehicle 0
195.0 299.0 210.0 299.0 210.0 320.0 195.0 320.0 small-vehicle 0
217.0 319.0 230.0 319.0 230.0 342.0 217.0 342.0 small-vehicle 0
224.0 315.0 239.0 315.0 239.0 337.0 224.0 337.0 small-vehicle 0
231.0 311.0 250.0 311.0 250.0 335.0 231.0 335.0 small-vehicle 0
243.0 306.0 258.0 306.0 258.0 326.0 243.0 326.0 small-vehicle 0
231.0 282.0 245.0 282.0 245.0 302.0 231.0 302.0 small-vehicle 0
247.0 275.0 265.0 275.0 265.0 295.0 247.0 295.0 small-vehicle 0
261.0 298.0 277.0 298.0 277.0 320.0 261.0 320.0 small-vehicle 0
283.0 292.0 298.0 292.0 298.0 312.0 283.0 312.0 small-vehicle 0
310.0 280.0 327.0 280.0 327.0 303.0 310.0 303.0 small-vehicle 0
548.0 297.0 564.0 297.0 564.0 317.0 548.0 317.0 small-vehicle 0
130.0 353.0 144.0 353.0 144.0 373.0 130.0 373.0 small-vehicle 1
113.0 364.0 130.0 364.0 130.0 387.0 113.0 387.0 small-vehicle 1
224.0 1446.0 244.0 1446.0 244.0 1461.0 224.0 1461.0 small-vehicle 0
203.0 1296.0 225.0 1296.0 225.0 1310.0 203.0 1310.0 small-vehicle 1
72.0 997.0 95.0 997.0 95.0 1015.0 72.0 1015.0 small-vehicle 0
322.0 1239.0 338.0 1239.0 338.0 1262.0 322.0 1262.0 small-vehicle 0
218.0 1147.0 238.0 1147.0 238.0 1163.0 218.0 1163.0 small-vehicle 0
148.0 999.0 174.0 999.0 174.0 1016.0 148.0 1016.0 small-vehicle 0
199.0 995.0 223.0 995.0 223.0 1025.0 199.0 1025.0 small-vehicle 0
128.0 819.0 143.0 819.0 143.0 835.0 128.0 835.0 small-vehicle 1
119.0 810.0 141.0 810.0 141.0 826.0 119.0 826.0 small-vehicle 0
108.0 799.0 134.0 799.0 134.0 820.0 108.0 820.0 small-vehicle 1
111.0 790.0 130.0 790.0 130.0 803.0 111.0 803.0 small-vehicle 1
212.0 1134.0 233.0 1134.0 233.0 1150.0 212.0 1150.0 small-vehicle 1
197.0 1277.0 218.0 1277.0 218.0 1294.0 197.0 1294.0 small-vehicle 1
208.0 1306.0 230.0 1306.0 230.0 1317.0 208.0 1317.0 small-vehicle 1
86.0 1030.0 107.0 1030.0 107.0 1045.0 86.0 1045.0 small-vehicle 0
159.0 1298.0 180.0 1298.0 180.0 1315.0 159.0 1315.0 small-vehicle 1
149.0 1281.0 168.0 1281.0 168.0 1293.0 149.0 1293.0 small-vehicle 1
131.0 1235.0 147.0 1235.0 147.0 1248.0 131.0 1248.0 small-vehicle 1
109.0 1188.0 128.0 1188.0 128.0 1201.0 109.0 1201.0 small-vehicle 1
141.0 1260.0 160.0 1260.0 160.0 1280.0 141.0 1280.0 small-vehicle 1
122.0 1109.0 143.0 1109.0 143.0 1123.0 122.0 1123.0 small-vehicle 1
117.0 1099.0 134.0 1099.0 134.0 1112.0 117.0 1112.0 small-vehicle 1
113.0 1086.0 133.0 1086.0 133.0 1104.0 113.0 1104.0 small-vehicle 1
110.0 1076.0 129.0 1076.0 129.0 1091.0 110.0 1091.0 small-vehicle 1
102.0 1067.0 124.0 1067.0 124.0 1082.0 102.0 1082.0 small-vehicle 1
92.0 1046.0 115.0 1046.0 115.0 1063.0 92.0 1063.0 small-vehicle 1
78.0 1009.0 97.0 1009.0 97.0 1024.0 78.0 1024.0 small-vehicle 0
89.0 1039.0 111.0 1039.0 111.0 1055.0 89.0 1055.0 small-vehicle 0
53.0 1074.0 78.0 1074.0 78.0 1090.0 53.0 1090.0 small-vehicle 1
103.0 1177.0 127.0 1177.0 127.0 1193.0 103.0 1193.0 small-vehicle 0
217.0 1427.0 236.0 1427.0 236.0 1442.0 217.0 1442.0 small-vehicle 0
169.0 1319.0 187.0 1319.0 187.0 1335.0 169.0 1335.0 small-vehicle 0
158.0 1288.0 178.0 1288.0 178.0 1304.0 158.0 1304.0 small-vehicle 0
140.0 1251.0 160.0 1251.0 160.0 1267.0 140.0 1267.0 small-vehicle 0
133.0 1243.0 155.0 1243.0 155.0 1260.0 133.0 1260.0 small-vehicle 0
124.0 1223.0 146.0 1223.0 146.0 1238.0 124.0 1238.0 small-vehicle 1
121.0 1215.0 142.0 1215.0 142.0 1232.0 121.0 1232.0 small-vehicle 0
116.0 1206.0 136.0 1206.0 136.0 1220.0 116.0 1220.0 small-vehicle 1
169.0 1211.0 187.0 1211.0 187.0 1226.0 169.0 1226.0 small-vehicle 0
152.0 1182.0 172.0 1182.0 172.0 1198.0 152.0 1198.0 small-vehicle 0
112.0 1194.0 134.0 1194.0 134.0 1212.0 112.0 1212.0 small-vehicle 0
99.0 1172.0 117.0 1172.0 117.0 1184.0 99.0 1184.0 small-vehicle 1
60.0 1084.0 83.0 1084.0 83.0 1099.0 60.0 1099.0 small-vehicle 0
95.0 1162.0 115.0 1162.0 115.0 1174.0 95.0 1174.0 small-vehicle 1
90.0 1152.0 109.0 1152.0 109.0 1169.0 90.0 1169.0 small-vehicle 0
87.0 1143.0 105.0 1143.0 105.0 1156.0 87.0 1156.0 small-vehicle 1
83.0 1132.0 102.0 1132.0 102.0 1148.0 83.0 1148.0 small-vehicle 1
81.0 1121.0 99.0 1121.0 99.0 1140.0 81.0 1140.0 small-vehicle 0
72.0 1113.0 94.0 1113.0 94.0 1130.0 72.0 1130.0 small-vehicle 0
72.0 1103.0 92.0 1103.0 92.0 1120.0 72.0 1120.0 small-vehicle 0
142.0 1155.0 162.0 1155.0 162.0 1170.0 142.0 1170.0 small-vehicle 1
135.0 1135.0 157.0 1135.0 157.0 1151.0 135.0 1151.0 small-vehicle 0
129.0 1127.0 153.0 1127.0 153.0 1142.0 129.0 1142.0 small-vehicle 0
125.0 1117.0 147.0 1117.0 147.0 1130.0 125.0 1130.0 small-vehicle 0
64.0 1093.0 85.0 1093.0 85.0 1107.0 64.0 1107.0 small-vehicle 1
52.0 1062.0 72.0 1062.0 72.0 1081.0 52.0 1081.0 small-vehicle 1
103.0 369.0 118.0 369.0 118.0 389.0 103.0 389.0 small-vehicle 1
124.0 438.0 139.0 438.0 139.0 457.0 124.0 457.0 small-vehicle 1
249.0 345.0 269.0 345.0 269.0 368.0 249.0 368.0 small-vehicle 1
233.0 359.0 252.0 359.0 252.0 379.0 233.0 379.0 small-vehicle 1
226.0 391.0 244.0 391.0 244.0 410.0 226.0 410.0 small-vehicle 1
215.0 394.0 232.0 394.0 232.0 416.0 215.0 416.0 small-vehicle 1
189.0 409.0 203.0 409.0 203.0 428.0 189.0 428.0 small-vehicle 1
179.0 411.0 194.0 411.0 194.0 431.0 179.0 431.0 small-vehicle 1
96.0 451.0 110.0 451.0 110.0 470.0 96.0 470.0 small-vehicle 1
102.0 445.0 121.0 445.0 121.0 466.0 102.0 466.0 small-vehicle 1
112.0 441.0 129.0 441.0 129.0 462.0 112.0 462.0 small-vehicle 1
143.0 432.0 158.0 432.0 158.0 447.0 143.0 447.0 small-vehicle 1
134.0 434.0 148.0 434.0 148.0 451.0 134.0 451.0 small-vehicle 1
114.0 416.0 130.0 416.0 130.0 436.0 114.0 436.0 small-vehicle 1
269.0 342.0 283.0 342.0 283.0 358.0 269.0 358.0 small-vehicle 1
122.0 409.0 139.0 409.0 139.0 432.0 122.0 432.0 small-vehicle 1
132.0 407.0 147.0 407.0 147.0 427.0 132.0 427.0 small-vehicle 1
141.0 403.0 158.0 403.0 158.0 425.0 141.0 425.0 small-vehicle 1
148.0 396.0 167.0 396.0 167.0 417.0 148.0 417.0 small-vehicle 1
157.0 392.0 175.0 392.0 175.0 413.0 157.0 413.0 small-vehicle 1
166.0 387.0 184.0 387.0 184.0 411.0 166.0 411.0 small-vehicle 1
176.0 384.0 193.0 384.0 193.0 403.0 176.0 403.0 small-vehicle 1
187.0 380.0 203.0 380.0 203.0 403.0 187.0 403.0 small-vehicle 1
165.0 337.0 184.0 337.0 184.0 359.0 165.0 359.0 small-vehicle 1
77.0 381.0 91.0 381.0 91.0 404.0 77.0 404.0 small-vehicle 1
94.0 372.0 110.0 372.0 110.0 393.0 94.0 393.0 small-vehicle 1
260.0 346.0 279.0 346.0 279.0 366.0 260.0 366.0 small-vehicle 1
279.0 337.0 294.0 337.0 294.0 358.0 279.0 358.0 small-vehicle 1
47.0 1055.0 68.0 1055.0 68.0 1071.0 47.0 1071.0 small-vehicle 1
130.0 837.0 150.0 837.0 150.0 854.0 130.0 854.0 small-vehicle 1
44.0 1048.0 64.0 1048.0 64.0 1061.0 44.0 1061.0 small-vehicle 1
41.0 1037.0 61.0 1037.0 61.0 1053.0 41.0 1053.0 small-vehicle 1
82.0 1017.0 99.0 1017.0 99.0 1030.0 82.0 1030.0 small-vehicle 1
68.0 988.0 90.0 988.0 90.0 1005.0 68.0 1005.0 small-vehicle 1
65.0 979.0 84.0 979.0 84.0 993.0 65.0 993.0 small-vehicle 1
58.0 970.0 80.0 970.0 80.0 985.0 58.0 985.0 small-vehicle 1
53.0 962.0 75.0 962.0 75.0 978.0 53.0 978.0 small-vehicle 1
49.0 952.0 69.0 952.0 69.0 968.0 49.0 968.0 small-vehicle 1
46.0 941.0 66.0 941.0 66.0 958.0 46.0 958.0 small-vehicle 1
152.0 890.0 175.0 890.0 175.0 905.0 152.0 905.0 small-vehicle 1
144.0 868.0 165.0 868.0 165.0 884.0 144.0 884.0 small-vehicle 1
221.0 240.0 237.0 240.0 237.0 260.0 221.0 260.0 small-vehicle 1
293.0 325.0 317.0 325.0 317.0 350.0 293.0 350.0 small-vehicle 1
406.0 232.0 423.0 232.0 423.0 254.0 406.0 254.0 small-vehicle 1
57.0 465.0 75.0 465.0 75.0 487.0 57.0 487.0 small-vehicle 1
53.0 360.0 69.0 360.0 69.0 380.0 53.0 380.0 small-vehicle 1
185.0 329.0 201.0 329.0 201.0 350.0 185.0 350.0 small-vehicle 1
255.0 427.0 270.0 427.0 270.0 448.0 255.0 448.0 small-vehicle 1
266.0 428.0 281.0 428.0 281.0 444.0 266.0 444.0 small-vehicle 1
245.0 383.0 260.0 383.0 260.0 403.0 245.0 403.0 small-vehicle 1
254.0 377.0 270.0 377.0 270.0 400.0 254.0 400.0 small-vehicle 1
263.0 373.0 278.0 373.0 278.0 394.0 263.0 394.0 small-vehicle 1
341.0 307.0 362.0 307.0 362.0 331.0 341.0 331.0 small-vehicle 1
312.0 320.0 335.0 320.0 335.0 344.0 312.0 344.0 small-vehicle 1
259.0 2462.0 278.0 2462.0 278.0 2481.0 259.0 2481.0 small-vehicle 0
278.0 2453.0 293.0 2453.0 293.0 2471.0 278.0 2471.0 small-vehicle 0
713.0 2688.0 735.0 2688.0 735.0 2703.0 713.0 2703.0 small-vehicle 1
980.0 3005.0 1005.0 3005.0 1005.0 3019.0 980.0 3019.0 small-vehicle 0
1232.0 2931.0 1253.0 2931.0 1253.0 2949.0 1232.0 2949.0 small-vehicle 0
1225.0 2914.0 1243.0 2914.0 1243.0 2929.0 1225.0 2929.0 small-vehicle 0
1216.0 2896.0 1236.0 2896.0 1236.0 2911.0 1216.0 2911.0 small-vehicle 1
1213.0 2888.0 1233.0 2888.0 1233.0 2901.0 1213.0 2901.0 small-vehicle 0
1197.0 2962.0 1215.0 2962.0 1215.0 2976.0 1197.0 2976.0 small-vehicle 0
1185.0 2942.0 1207.0 2942.0 1207.0 2958.0 1185.0 2958.0 small-vehicle 0
1176.0 2917.0 1197.0 2917.0 1197.0 2932.0 1176.0 2932.0 small-vehicle 0
1152.0 2945.0 1173.0 2945.0 1173.0 2960.0 1152.0 2960.0 small-vehicle 0
1148.0 2937.0 1168.0 2937.0 1168.0 2951.0 1148.0 2951.0 small-vehicle 0
1145.0 2928.0 1164.0 2928.0 1164.0 2941.0 1145.0 2941.0 small-vehicle 1
1014.0 3015.0 1040.0 3015.0 1040.0 3030.0 1014.0 3030.0 small-vehicle 0
639.0 3146.0 666.0 3146.0 666.0 3163.0 639.0 3163.0 small-vehicle 0
1244.0 2962.0 1263.0 2962.0 1263.0 2977.0 1244.0 2977.0 small-vehicle 1
554.0 3116.0 573.0 3116.0 573.0 3129.0 554.0 3129.0 small-vehicle 0
442.0 3068.0 487.0 3068.0 487.0 3096.0 442.0 3096.0 small-vehicle 0
392.0 3031.0 412.0 3031.0 412.0 3048.0 392.0 3048.0 small-vehicle 0
245.0 2990.0 267.0 2990.0 267.0 3006.0 245.0 3006.0 small-vehicle 0
247.0 2971.0 268.0 2971.0 268.0 2987.0 247.0 2987.0 small-vehicle 0
171.0 2960.0 191.0 2960.0 191.0 2975.0 171.0 2975.0 small-vehicle 0
906.0 2882.0 924.0 2882.0 924.0 2901.0 906.0 2901.0 small-vehicle 1
904.0 2871.0 920.0 2871.0 920.0 2888.0 904.0 2888.0 small-vehicle 1
899.0 2862.0 917.0 2862.0 917.0 2878.0 899.0 2878.0 small-vehicle 1
888.0 2842.0 907.0 2842.0 907.0 2859.0 888.0 2859.0 small-vehicle 1
884.0 2831.0 904.0 2831.0 904.0 2847.0 884.0 2847.0 small-vehicle 1
1243.0 2951.0 1263.0 2951.0 1263.0 2963.0 1243.0 2963.0 small-vehicle 0
1245.0 2880.0 1266.0 2880.0 1266.0 2896.0 1245.0 2896.0 small-vehicle 0
862.0 2786.0 887.0 2786.0 887.0 2804.0 862.0 2804.0 small-vehicle 1
1325.0 2937.0 1343.0 2937.0 1343.0 2952.0 1325.0 2952.0 small-vehicle 0
1375.0 2972.0 1393.0 2972.0 1393.0 2986.0 1375.0 2986.0 small-vehicle 1
1364.0 2944.0 1383.0 2944.0 1383.0 2957.0 1364.0 2957.0 small-vehicle 0
1353.0 2926.0 1371.0 2926.0 1371.0 2941.0 1353.0 2941.0 small-vehicle 0
1349.0 2916.0 1367.0 2916.0 1367.0 2931.0 1349.0 2931.0 small-vehicle 1
1344.0 2906.0 1364.0 2906.0 1364.0 2922.0 1344.0 2922.0 small-vehicle 0
1341.0 2897.0 1360.0 2897.0 1360.0 2913.0 1341.0 2913.0 small-vehicle 0
1339.0 2888.0 1357.0 2888.0 1357.0 2901.0 1339.0 2901.0 small-vehicle 0
1333.0 2878.0 1351.0 2878.0 1351.0 2893.0 1333.0 2893.0 small-vehicle 1
1330.0 2869.0 1347.0 2869.0 1347.0 2882.0 1330.0 2882.0 small-vehicle 0
1333.0 2954.0 1351.0 2954.0 1351.0 2971.0 1333.0 2971.0 small-vehicle 0
1327.0 2946.0 1348.0 2946.0 1348.0 2961.0 1327.0 2961.0 small-vehicle 0
1320.0 2927.0 1338.0 2927.0 1338.0 2942.0 1320.0 2942.0 small-vehicle 1
1252.0 2892.0 1271.0 2892.0 1271.0 2908.0 1252.0 2908.0 small-vehicle 0
1306.0 2902.0 1327.0 2902.0 1327.0 2915.0 1306.0 2915.0 small-vehicle 0
1299.0 2890.0 1321.0 2890.0 1321.0 2906.0 1299.0 2906.0 small-vehicle 0
1296.0 2872.0 1313.0 2872.0 1313.0 2887.0 1296.0 2887.0 small-vehicle 1
1344.0 2986.0 1362.0 2986.0 1362.0 3000.0 1344.0 3000.0 small-vehicle 0
1298.0 2995.0 1321.0 2995.0 1321.0 3010.0 1298.0 3010.0 small-vehicle 0
1292.0 2985.0 1313.0 2985.0 1313.0 3000.0 1292.0 3000.0 small-vehicle 0
1286.0 2975.0 1309.0 2975.0 1309.0 2990.0 1286.0 2990.0 small-vehicle 0
1286.0 2966.0 1303.0 2966.0 1303.0 2979.0 1286.0 2979.0 small-vehicle 0
1271.0 2938.0 1292.0 2938.0 1292.0 2952.0 1271.0 2952.0 small-vehicle 0
1262.0 2910.0 1278.0 2910.0 1278.0 2920.0 1262.0 2920.0 small-vehicle 1
1257.0 2900.0 1278.0 2900.0 1278.0 2915.0 1257.0 2915.0 small-vehicle 0
868.0 2797.0 889.0 2797.0 889.0 2814.0 868.0 2814.0 small-vehicle 1
860.0 2777.0 882.0 2777.0 882.0 2793.0 860.0 2793.0 small-vehicle 1
1384.0 2991.0 1401.0 2991.0 1401.0 3004.0 1384.0 3004.0 small-vehicle 0
692.0 2744.0 713.0 2744.0 713.0 2760.0 692.0 2760.0 small-vehicle 0
1039.0 2854.0 1055.0 2854.0 1055.0 2866.0 1039.0 2866.0 small-vehicle 1
896.0 2856.0 914.0 2856.0 914.0 2870.0 896.0 2870.0 small-vehicle 1
844.0 2740.0 865.0 2740.0 865.0 2754.0 844.0 2754.0 small-vehicle 0
839.0 2728.0 862.0 2728.0 862.0 2746.0 839.0 2746.0 small-vehicle 0
806.0 2661.0 829.0 2661.0 829.0 2676.0 806.0 2676.0 small-vehicle 0
777.0 2594.0 798.0 2594.0 798.0 2610.0 777.0 2610.0 small-vehicle 0
756.0 2888.0 777.0 2888.0 777.0 2904.0 756.0 2904.0 small-vehicle 0
745.0 2853.0 766.0 2853.0 766.0 2868.0 745.0 2868.0 small-vehicle 0
739.0 2845.0 763.0 2845.0 763.0 2862.0 739.0 2862.0 small-vehicle 0
728.0 2820.0 747.0 2820.0 747.0 2835.0 728.0 2835.0 small-vehicle 0
722.0 2806.0 745.0 2806.0 745.0 2825.0 722.0 2825.0 small-vehicle 0
759.0 2779.0 779.0 2779.0 779.0 2792.0 759.0 2792.0 small-vehicle 0
622.0 2481.0 642.0 2481.0 642.0 2494.0 622.0 2494.0 small-vehicle 1
756.0 2768.0 773.0 2768.0 773.0 2781.0 756.0 2781.0 small-vehicle 1
750.0 2757.0 768.0 2757.0 768.0 2771.0 750.0 2771.0 small-vehicle 1
747.0 2748.0 766.0 2748.0 766.0 2763.0 747.0 2763.0 small-vehicle 0
741.0 2739.0 761.0 2739.0 761.0 2753.0 741.0 2753.0 small-vehicle 1
734.0 2722.0 752.0 2722.0 752.0 2735.0 734.0 2735.0 small-vehicle 1
730.0 2711.0 748.0 2711.0 748.0 2725.0 730.0 2725.0 small-vehicle 0
724.0 2701.0 743.0 2701.0 743.0 2715.0 724.0 2715.0 small-vehicle 0
683.0 2716.0 700.0 2716.0 700.0 2728.0 683.0 2728.0 small-vehicle 1
677.0 2705.0 696.0 2705.0 696.0 2718.0 677.0 2718.0 small-vehicle 1
669.0 2688.0 689.0 2688.0 689.0 2700.0 669.0 2700.0 small-vehicle 0
665.0 2679.0 684.0 2679.0 684.0 2691.0 665.0 2691.0 small-vehicle 0
579.0 2497.0 602.0 2497.0 602.0 2512.0 579.0 2512.0 small-vehicle 0
628.0 2493.0 648.0 2493.0 648.0 2506.0 628.0 2506.0 small-vehicle 1
749.0 2870.0 773.0 2870.0 773.0 2891.0 749.0 2891.0 small-vehicle 1
779.0 2823.0 798.0 2823.0 798.0 2840.0 779.0 2840.0 small-vehicle 1
748.0 2862.0 765.0 2862.0 765.0 2877.0 748.0 2877.0 small-vehicle 1
788.0 2856.0 807.0 2856.0 807.0 2871.0 788.0 2871.0 small-vehicle 1
777.0 2833.0 798.0 2833.0 798.0 2846.0 777.0 2846.0 small-vehicle 1
781.0 2842.0 803.0 2842.0 803.0 2858.0 781.0 2858.0 small-vehicle 1
728.0 2832.0 751.0 2832.0 751.0 2848.0 728.0 2848.0 small-vehicle 1
713.0 2795.0 738.0 2795.0 738.0 2812.0 713.0 2812.0 small-vehicle 1
709.0 2790.0 731.0 2790.0 731.0 2803.0 709.0 2803.0 small-vehicle 1
708.0 2779.0 728.0 2779.0 728.0 2795.0 708.0 2795.0 small-vehicle 1
705.0 2771.0 724.0 2771.0 724.0 2786.0 705.0 2786.0 small-vehicle 1
700.0 2763.0 719.0 2763.0 719.0 2776.0 700.0 2776.0 small-vehicle 1
694.0 2753.0 713.0 2753.0 713.0 2768.0 694.0 2768.0 small-vehicle 1
774.0 2816.0 792.0 2816.0 792.0 2833.0 774.0 2833.0 small-vehicle 1
618.0 2581.0 638.0 2581.0 638.0 2596.0 618.0 2596.0 small-vehicle 1
767.0 2805.0 789.0 2805.0 789.0 2822.0 767.0 2822.0 small-vehicle 1
763.0 2795.0 785.0 2795.0 785.0 2812.0 763.0 2812.0 small-vehicle 1
760.0 2787.0 778.0 2787.0 778.0 2801.0 760.0 2801.0 small-vehicle 1
685.0 2731.0 709.0 2731.0 709.0 2748.0 685.0 2748.0 small-vehicle 1
654.0 2655.0 673.0 2655.0 673.0 2672.0 654.0 2672.0 small-vehicle 1
644.0 2640.0 664.0 2640.0 664.0 2655.0 644.0 2655.0 small-vehicle 1
638.0 2627.0 661.0 2627.0 661.0 2645.0 638.0 2645.0 small-vehicle 1
637.0 2619.0 656.0 2619.0 656.0 2635.0 637.0 2635.0 small-vehicle 1
633.0 2610.0 653.0 2610.0 653.0 2626.0 633.0 2626.0 small-vehicle 1
628.0 2600.0 647.0 2600.0 647.0 2616.0 628.0 2616.0 small-vehicle 1
624.0 2590.0 642.0 2590.0 642.0 2605.0 624.0 2605.0 small-vehicle 1
1378.0 2982.0 1395.0 2982.0 1395.0 2997.0 1378.0 2997.0 small-vehicle 1
1395.0 3011.0 1408.0 3011.0 1408.0 3022.0 1395.0 3022.0 small-vehicle 1
650.0 2650.0 670.0 2650.0 670.0 2661.0 650.0 2661.0 small-vehicle 0
1359.0 2935.0 1376.0 2935.0 1376.0 2947.0 1359.0 2947.0 small-vehicle 1
1446.0 2939.0 1467.0 2939.0 1467.0 2955.0 1446.0 2955.0 small-vehicle 1
1443.0 2929.0 1463.0 2929.0 1463.0 2945.0 1443.0 2945.0 small-vehicle 1
1438.0 2919.0 1461.0 2919.0 1461.0 2933.0 1438.0 2933.0 small-vehicle 1
1493.0 2925.0 1516.0 2925.0 1516.0 2941.0 1493.0 2941.0 small-vehicle 1
1547.0 2963.0 1568.0 2963.0 1568.0 2979.0 1547.0 2979.0 small-vehicle 1
1540.0 2946.0 1558.0 2946.0 1558.0 2959.0 1540.0 2959.0 small-vehicle 1
1523.0 2911.0 1542.0 2911.0 1542.0 2925.0 1523.0 2925.0 small-vehicle 1
1518.0 2898.0 1540.0 2898.0 1540.0 2916.0 1518.0 2916.0 small-vehicle 1
1482.0 2901.0 1501.0 2901.0 1501.0 2915.0 1482.0 2915.0 small-vehicle 1
1472.0 2872.0 1491.0 2872.0 1491.0 2888.0 1472.0 2888.0 small-vehicle 1
1463.0 2862.0 1484.0 2862.0 1484.0 2879.0 1463.0 2879.0 small-vehicle 1
1314.0 2917.0 1329.0 2917.0 1329.0 2931.0 1314.0 2931.0 small-vehicle 1
1460.0 2967.0 1482.0 2967.0 1482.0 2984.0 1460.0 2984.0 small-vehicle 1
1312.0 2909.0 1329.0 2909.0 1329.0 2922.0 1312.0 2922.0 small-vehicle 1
1264.0 2929.0 1283.0 2929.0 1283.0 2942.0 1264.0 2942.0 small-vehicle 1
1266.0 2918.0 1284.0 2918.0 1284.0 2931.0 1266.0 2931.0 small-vehicle 1
1370.0 2963.0 1388.0 2963.0 1388.0 2978.0 1370.0 2978.0 small-vehicle 1
1622.0 2934.0 1640.0 2934.0 1640.0 2947.0 1622.0 2947.0 small-vehicle 1
1563.0 2884.0 1585.0 2884.0 1585.0 2900.0 1563.0 2900.0 small-vehicle 1
1574.0 2828.0 1594.0 2828.0 1594.0 2840.0 1574.0 2840.0 small-vehicle 1
1568.0 2806.0 1587.0 2806.0 1587.0 2818.0 1568.0 2818.0 small-vehicle 1
1559.0 2789.0 1578.0 2789.0 1578.0 2803.0 1559.0 2803.0 small-vehicle 1
1633.0 2847.0 1651.0 2847.0 1651.0 2861.0 1633.0 2861.0 small-vehicle 1
1500.0 2853.0 1518.0 2853.0 1518.0 2870.0 1500.0 2870.0 small-vehicle 1
1456.0 2956.0 1476.0 2956.0 1476.0 2972.0 1456.0 2972.0 small-vehicle 1
1469.0 2985.0 1491.0 2985.0 1491.0 3001.0 1469.0 3001.0 small-vehicle 1
1418.0 2873.0 1439.0 2873.0 1439.0 2886.0 1418.0 2886.0 small-vehicle 1
1776.0 2656.0 1790.0 2656.0 1790.0 2673.0 1776.0 2673.0 small-vehicle 1
709.0 2679.0 732.0 2679.0 732.0 2696.0 709.0 2696.0 small-vehicle 1
707.0 2669.0 729.0 2669.0 729.0 2685.0 707.0 2685.0 small-vehicle 1
706.0 2664.0 724.0 2664.0 724.0 2678.0 706.0 2678.0 small-vehicle 1
284.0 2808.0 305.0 2808.0 305.0 2828.0 284.0 2828.0 small-vehicle 1
293.0 2801.0 314.0 2801.0 314.0 2824.0 293.0 2824.0 small-vehicle 1
319.0 2745.0 337.0 2745.0 337.0 2767.0 319.0 2767.0 small-vehicle 1
385.0 1702.0 408.0 1702.0 408.0 1719.0 385.0 1719.0 small-vehicle 1
450.0 1668.0 464.0 1668.0 464.0 1692.0 450.0 1692.0 small-vehicle 1
438.0 1649.0 456.0 1649.0 456.0 1670.0 438.0 1670.0 small-vehicle 1
600.0 262.0 619.0 262.0 619.0 294.0 600.0 294.0 small-vehicle 1
1795.0 2644.0 1810.0 2644.0 1810.0 2664.0 1795.0 2664.0 small-vehicle 0
1752.0 2663.0 1766.0 2663.0 1766.0 2682.0 1752.0 2682.0 small-vehicle 0
1509.0 2962.0 1532.0 2962.0 1532.0 2983.0 1509.0 2983.0 small-vehicle 1
1786.0 2649.0 1801.0 2649.0 1801.0 2670.0 1786.0 2670.0 small-vehicle 1
1764.0 2658.0 1779.0 2658.0 1779.0 2681.0 1764.0 2681.0 small-vehicle 1
1421.0 2958.0 1440.0 2958.0 1440.0 2977.0 1421.0 2977.0 small-vehicle 1
1415.0 2950.0 1439.0 2950.0 1439.0 2967.0 1415.0 2967.0 small-vehicle 1
1400.0 2920.0 1419.0 2920.0 1419.0 2935.0 1400.0 2935.0 small-vehicle 1
1405.0 2933.0 1427.0 2933.0 1427.0 2948.0 1405.0 2948.0 small-vehicle 1
1394.0 2823.0 1417.0 2823.0 1417.0 2836.0 1394.0 2836.0 small-vehicle 1
1401.0 2834.0 1420.0 2834.0 1420.0 2849.0 1401.0 2849.0 small-vehicle 1
1405.0 2844.0 1427.0 2844.0 1427.0 2860.0 1405.0 2860.0 small-vehicle 1
1423.0 2881.0 1443.0 2881.0 1443.0 2899.0 1423.0 2899.0 small-vehicle 1
1427.0 2892.0 1445.0 2892.0 1445.0 2907.0 1427.0 2907.0 small-vehicle 1
1454.0 2835.0 1475.0 2835.0 1475.0 2849.0 1454.0 2849.0 small-vehicle 1
1390.0 2808.0 1409.0 2808.0 1409.0 2823.0 1390.0 2823.0 small-vehicle 0
1444.0 3012.0 1463.0 3012.0 1463.0 3024.0 1444.0 3024.0 small-vehicle 0
1485.0 3014.0 1503.0 3014.0 1503.0 3031.0 1485.0 3031.0 small-vehicle 0
1529.0 2921.0 1549.0 2921.0 1549.0 2934.0 1529.0 2934.0 small-vehicle 0
1544.0 2839.0 1564.0 2839.0 1564.0 2851.0 1544.0 2851.0 small-vehicle 0
1534.0 2822.0 1557.0 2822.0 1557.0 2834.0 1534.0 2834.0 small-vehicle 0
1491.0 2839.0 1507.0 2839.0 1507.0 2849.0 1491.0 2849.0 small-vehicle 1
1476.0 2796.0 1494.0 2796.0 1494.0 2812.0 1476.0 2812.0 small-vehicle 0
1452.0 2826.0 1467.0 2826.0 1467.0 2841.0 1452.0 2841.0 small-vehicle 1
1445.0 2818.0 1464.0 2818.0 1464.0 2834.0 1445.0 2834.0 small-vehicle 0
1438.0 2797.0 1457.0 2797.0 1457.0 2812.0 1438.0 2812.0 small-vehicle 0
1433.0 2787.0 1451.0 2787.0 1451.0 2801.0 1433.0 2801.0 small-vehicle 0
1555.0 2975.0 1573.0 2975.0 1573.0 2990.0 1555.0 2990.0 small-vehicle 0
1533.0 3016.0 1552.0 3016.0 1552.0 3029.0 1533.0 3029.0 small-vehicle 0
1492.0 2911.0 1508.0 2911.0 1508.0 2925.0 1492.0 2925.0 small-vehicle 0
1572.0 2905.0 1593.0 2905.0 1593.0 2919.0 1572.0 2919.0 small-vehicle 0
1438.0 2912.0 1456.0 2912.0 1456.0 2924.0 1438.0 2924.0 small-vehicle 0
1435.0 2900.0 1451.0 2900.0 1451.0 2914.0 1435.0 2914.0 small-vehicle 1
1419.0 2864.0 1437.0 2864.0 1437.0 2877.0 1419.0 2877.0 small-vehicle 0
1412.0 2855.0 1430.0 2855.0 1430.0 2869.0 1412.0 2869.0 small-vehicle 1
1396.0 2907.0 1416.0 2907.0 1416.0 2921.0 1396.0 2921.0 small-vehicle 0
1394.0 2896.0 1412.0 2896.0 1412.0 2912.0 1394.0 2912.0 small-vehicle 0
1385.0 2878.0 1404.0 2878.0 1404.0 2893.0 1385.0 2893.0 small-vehicle 0
1377.0 2868.0 1400.0 2868.0 1400.0 2884.0 1377.0 2884.0 small-vehicle 0
1423.0 2971.0 1445.0 2971.0 1445.0 2986.0 1423.0 2986.0 small-vehicle 0
1434.0 2991.0 1453.0 2991.0 1453.0 3007.0 1434.0 3007.0 small-vehicle 0
1440.0 3001.0 1456.0 3001.0 1456.0 3014.0 1440.0 3014.0 small-vehicle 1
1534.0 2936.0 1557.0 2936.0 1557.0 2950.0 1534.0 2950.0 small-vehicle 0
1600.0 2877.0 1622.0 2877.0 1622.0 2896.0 1600.0 2896.0 small-vehicle 0
1360.0 2821.0 1380.0 2821.0 1380.0 2834.0 1360.0 2834.0 small-vehicle 0
1745.0 2881.0 1763.0 2881.0 1763.0 2895.0 1745.0 2895.0 small-vehicle 0
1487.0 2826.0 1506.0 2826.0 1506.0 2841.0 1487.0 2841.0 small-vehicle 0
1482.0 2820.0 1501.0 2820.0 1501.0 2832.0 1482.0 2832.0 small-vehicle 0
1479.0 2808.0 1501.0 2808.0 1501.0 2823.0 1479.0 2823.0 small-vehicle 0
1516.0 2777.0 1534.0 2777.0 1534.0 2790.0 1516.0 2790.0 small-vehicle 0
1808.0 2944.0 1819.0 2944.0 1819.0 2966.0 1808.0 2966.0 small-vehicle 0
1855.0 2891.0 1868.0 2891.0 1868.0 2911.0 1855.0 2911.0 small-vehicle 0
1835.0 2901.0 1850.0 2901.0 1850.0 2921.0 1835.0 2921.0 small-vehicle 0
1875.0 2882.0 1888.0 2882.0 1888.0 2902.0 1875.0 2902.0 small-vehicle 0
1864.0 2887.0 1879.0 2887.0 1879.0 2907.0 1864.0 2907.0 small-vehicle 0
1753.0 2907.0 1775.0 2907.0 1775.0 2920.0 1753.0 2920.0 small-vehicle 0
1746.0 2893.0 1766.0 2893.0 1766.0 2907.0 1746.0 2907.0 small-vehicle 0
1708.0 2806.0 1726.0 2806.0 1726.0 2820.0 1708.0 2820.0 small-vehicle 0
1601.0 2771.0 1621.0 2771.0 1621.0 2787.0 1601.0 2787.0 small-vehicle 0
1716.0 2822.0 1737.0 2822.0 1737.0 2838.0 1716.0 2838.0 small-vehicle 0
1721.0 2838.0 1740.0 2838.0 1740.0 2849.0 1721.0 2849.0 small-vehicle 0
1780.0 2859.0 1795.0 2859.0 1795.0 2879.0 1780.0 2879.0 small-vehicle 0
1753.0 2795.0 1766.0 2795.0 1766.0 2811.0 1753.0 2811.0 small-vehicle 0
1683.0 2746.0 1700.0 2746.0 1700.0 2760.0 1683.0 2760.0 small-vehicle 0
1631.0 2953.0 1649.0 2953.0 1649.0 2966.0 1631.0 2966.0 small-vehicle 0
1590.0 2948.0 1609.0 2948.0 1609.0 2963.0 1590.0 2963.0 small-vehicle 0
1611.0 2790.0 1631.0 2790.0 1631.0 2806.0 1611.0 2806.0 small-vehicle 0
1657.0 2895.0 1675.0 2895.0 1675.0 2908.0 1657.0 2908.0 small-vehicle 0
1522.0 2794.0 1540.0 2794.0 1540.0 2810.0 1522.0 2810.0 small-vehicle 1
1547.0 2762.0 1565.0 2762.0 1565.0 2776.0 1547.0 2776.0 small-vehicle 1
658.0 2667.0 678.0 2667.0 678.0 2682.0 658.0 2682.0 small-vehicle 0
704.0 2653.0 722.0 2653.0 722.0 2669.0 704.0 2669.0 small-vehicle 1
287.0 2448.0 302.0 2448.0 302.0 2468.0 287.0 2468.0 small-vehicle 0
234.0 2554.0 250.0 2554.0 250.0 2571.0 234.0 2571.0 small-vehicle 0
330.0 2492.0 348.0 2492.0 348.0 2513.0 330.0 2513.0 small-vehicle 0
321.0 2497.0 338.0 2497.0 338.0 2519.0 321.0 2519.0 small-vehicle 0
314.0 2503.0 331.0 2503.0 331.0 2523.0 314.0 2523.0 small-vehicle 0
305.0 2508.0 322.0 2508.0 322.0 2529.0 305.0 2529.0 small-vehicle 0
294.0 2510.0 314.0 2510.0 314.0 2537.0 294.0 2537.0 small-vehicle 0
285.0 2519.0 304.0 2519.0 304.0 2541.0 285.0 2541.0 small-vehicle 0
281.0 2529.0 295.0 2529.0 295.0 2546.0 281.0 2546.0 small-vehicle 1
270.0 2532.0 286.0 2532.0 286.0 2551.0 270.0 2551.0 small-vehicle 0
259.0 2535.0 275.0 2535.0 275.0 2555.0 259.0 2555.0 small-vehicle 0
249.0 2540.0 266.0 2540.0 266.0 2559.0 249.0 2559.0 small-vehicle 0
242.0 2549.0 259.0 2549.0 259.0 2566.0 242.0 2566.0 small-vehicle 1
225.0 2559.0 244.0 2559.0 244.0 2578.0 225.0 2578.0 small-vehicle 0
305.0 2531.0 324.0 2531.0 324.0 2554.0 305.0 2554.0 small-vehicle 0
219.0 2566.0 237.0 2566.0 237.0 2585.0 219.0 2585.0 small-vehicle 0
213.0 2572.0 226.0 2572.0 226.0 2590.0 213.0 2590.0 small-vehicle 0
202.0 2577.0 220.0 2577.0 220.0 2597.0 202.0 2597.0 small-vehicle 0
190.0 2578.0 210.0 2578.0 210.0 2600.0 190.0 2600.0 small-vehicle 0
183.0 2585.0 199.0 2585.0 199.0 2606.0 183.0 2606.0 small-vehicle 0
173.0 2591.0 193.0 2591.0 193.0 2612.0 173.0 2612.0 small-vehicle 0
165.0 2597.0 182.0 2597.0 182.0 2617.0 165.0 2617.0 small-vehicle 0
157.0 2604.0 175.0 2604.0 175.0 2624.0 157.0 2624.0 small-vehicle 0
149.0 2609.0 165.0 2609.0 165.0 2626.0 149.0 2626.0 small-vehicle 0
143.0 2615.0 159.0 2615.0 159.0 2634.0 143.0 2634.0 small-vehicle 0
134.0 2619.0 151.0 2619.0 151.0 2640.0 134.0 2640.0 small-vehicle 0
323.0 2521.0 340.0 2521.0 340.0 2543.0 323.0 2543.0 small-vehicle 0
261.0 2555.0 280.0 2555.0 280.0 2576.0 261.0 2576.0 small-vehicle 0
114.0 2630.0 133.0 2630.0 133.0 2652.0 114.0 2652.0 small-vehicle 0
238.0 2577.0 254.0 2577.0 254.0 2593.0 238.0 2593.0 small-vehicle 0
302.0 2611.0 316.0 2611.0 316.0 2628.0 302.0 2628.0 small-vehicle 1
325.0 2593.0 343.0 2593.0 343.0 2615.0 325.0 2615.0 small-vehicle 0
356.0 2620.0 375.0 2620.0 375.0 2642.0 356.0 2642.0 small-vehicle 0
379.0 2635.0 395.0 2635.0 395.0 2655.0 379.0 2655.0 small-vehicle 0
373.0 2609.0 391.0 2609.0 391.0 2629.0 373.0 2629.0 small-vehicle 0
363.0 2575.0 379.0 2575.0 379.0 2593.0 363.0 2593.0 small-vehicle 0
397.0 2697.0 414.0 2697.0 414.0 2718.0 397.0 2718.0 small-vehicle 0
421.0 2681.0 437.0 2681.0 437.0 2700.0 421.0 2700.0 small-vehicle 0
378.0 2559.0 396.0 2559.0 396.0 2581.0 378.0 2581.0 small-vehicle 0
253.0 2562.0 269.0 2562.0 269.0 2581.0 253.0 2581.0 small-vehicle 0
248.0 2571.0 262.0 2571.0 262.0 2590.0 248.0 2590.0 small-vehicle 0
232.0 2581.0 245.0 2581.0 245.0 2600.0 232.0 2600.0 small-vehicle 0
126.0 2647.0 144.0 2647.0 144.0 2667.0 126.0 2667.0 small-vehicle 0
222.0 2586.0 237.0 2586.0 237.0 2606.0 222.0 2606.0 small-vehicle 0
213.0 2593.0 229.0 2593.0 229.0 2610.0 213.0 2610.0 small-vehicle 0
204.0 2598.0 219.0 2598.0 219.0 2618.0 204.0 2618.0 small-vehicle 0
194.0 2604.0 210.0 2604.0 210.0 2623.0 194.0 2623.0 small-vehicle 0
186.0 2610.0 202.0 2610.0 202.0 2630.0 186.0 2630.0 small-vehicle 0
175.0 2612.0 193.0 2612.0 193.0 2631.0 175.0 2631.0 small-vehicle 0
170.0 2619.0 184.0 2619.0 184.0 2637.0 170.0 2637.0 small-vehicle 0
161.0 2626.0 177.0 2626.0 177.0 2648.0 161.0 2648.0 small-vehicle 0
152.0 2631.0 170.0 2631.0 170.0 2653.0 152.0 2653.0 small-vehicle 0
144.0 2636.0 161.0 2636.0 161.0 2655.0 144.0 2655.0 small-vehicle 0
136.0 2642.0 153.0 2642.0 153.0 2662.0 136.0 2662.0 small-vehicle 0
122.0 2625.0 141.0 2625.0 141.0 2645.0 122.0 2645.0 small-vehicle 0
110.0 2659.0 127.0 2659.0 127.0 2680.0 110.0 2680.0 small-vehicle 0
300.0 2684.0 319.0 2684.0 319.0 2704.0 300.0 2704.0 small-vehicle 0
239.0 2502.0 255.0 2502.0 255.0 2523.0 239.0 2523.0 small-vehicle 0
40.0 2681.0 56.0 2681.0 56.0 2697.0 40.0 2697.0 small-vehicle 0
31.0 2684.0 47.0 2684.0 47.0 2703.0 31.0 2703.0 small-vehicle 0
19.0 2688.0 38.0 2688.0 38.0 2707.0 19.0 2707.0 small-vehicle 0
13.0 2693.0 31.0 2693.0 31.0 2713.0 13.0 2713.0 small-vehicle 0
11.0 2576.0 25.0 2576.0 25.0 2593.0 11.0 2593.0 small-vehicle 0
290.0 2469.0 305.0 2469.0 305.0 2489.0 290.0 2489.0 small-vehicle 0
282.0 2477.0 295.0 2477.0 295.0 2494.0 282.0 2494.0 small-vehicle 0
273.0 2482.0 289.0 2482.0 289.0 2500.0 273.0 2500.0 small-vehicle 0
264.0 2489.0 281.0 2489.0 281.0 2505.0 264.0 2505.0 small-vehicle 0
255.0 2491.0 272.0 2491.0 272.0 2513.0 255.0 2513.0 small-vehicle 0
247.0 2497.0 263.0 2497.0 263.0 2517.0 247.0 2517.0 small-vehicle 0
228.0 2509.0 246.0 2509.0 246.0 2527.0 228.0 2527.0 small-vehicle 0
55.0 2666.0 72.0 2666.0 72.0 2687.0 55.0 2687.0 small-vehicle 0
220.0 2512.0 237.0 2512.0 237.0 2533.0 220.0 2533.0 small-vehicle 0
210.0 2517.0 230.0 2517.0 230.0 2540.0 210.0 2540.0 small-vehicle 0
204.0 2525.0 220.0 2525.0 220.0 2547.0 204.0 2547.0 small-vehicle 0
196.0 2533.0 212.0 2533.0 212.0 2551.0 196.0 2551.0 small-vehicle 0
188.0 2534.0 205.0 2534.0 205.0 2555.0 188.0 2555.0 small-vehicle 0
178.0 2539.0 192.0 2539.0 192.0 2559.0 178.0 2559.0 small-vehicle 0
300.0 2465.0 317.0 2465.0 317.0 2485.0 300.0 2485.0 small-vehicle 0
306.0 2458.0 324.0 2458.0 324.0 2477.0 306.0 2477.0 small-vehicle 0
327.0 2450.0 342.0 2450.0 342.0 2468.0 327.0 2468.0 small-vehicle 0
305.0 2439.0 322.0 2439.0 322.0 2459.0 305.0 2459.0 small-vehicle 0
294.0 2440.0 313.0 2440.0 313.0 2459.0 294.0 2459.0 small-vehicle 0
48.0 2673.0 65.0 2673.0 65.0 2693.0 48.0 2693.0 small-vehicle 0
65.0 2661.0 83.0 2661.0 83.0 2680.0 65.0 2680.0 small-vehicle 0
118.0 2653.0 133.0 2653.0 133.0 2670.0 118.0 2670.0 small-vehicle 0
115.0 2699.0 134.0 2699.0 134.0 2722.0 115.0 2722.0 small-vehicle 0
107.0 2634.0 126.0 2634.0 126.0 2655.0 107.0 2655.0 small-vehicle 0
98.0 2639.0 117.0 2639.0 117.0 2663.0 98.0 2663.0 small-vehicle 0
89.0 2647.0 107.0 2647.0 107.0 2664.0 89.0 2664.0 small-vehicle 0
99.0 2663.0 118.0 2663.0 118.0 2686.0 99.0 2686.0 small-vehicle 0
91.0 2669.0 108.0 2669.0 108.0 2692.0 91.0 2692.0 small-vehicle 0
84.0 2748.0 100.0 2748.0 100.0 2765.0 84.0 2765.0 small-vehicle 0
93.0 2742.0 111.0 2742.0 111.0 2764.0 93.0 2764.0 small-vehicle 0
102.0 2736.0 120.0 2736.0 120.0 2759.0 102.0 2759.0 small-vehicle 0
108.0 2729.0 124.0 2729.0 124.0 2748.0 108.0 2748.0 small-vehicle 0
119.0 2725.0 135.0 2725.0 135.0 2745.0 119.0 2745.0 small-vehicle 0
128.0 2720.0 144.0 2720.0 144.0 2738.0 128.0 2738.0 small-vehicle 0
105.0 2705.0 122.0 2705.0 122.0 2725.0 105.0 2725.0 small-vehicle 0
51.0 2694.0 69.0 2694.0 69.0 2713.0 51.0 2713.0 small-vehicle 0
96.0 2712.0 114.0 2712.0 114.0 2731.0 96.0 2731.0 small-vehicle 0
89.0 2719.0 106.0 2719.0 106.0 2737.0 89.0 2737.0 small-vehicle 0
84.0 2728.0 100.0 2728.0 100.0 2745.0 84.0 2745.0 small-vehicle 0
75.0 2733.0 90.0 2733.0 90.0 2749.0 75.0 2749.0 small-vehicle 0
79.0 2651.0 97.0 2651.0 97.0 2672.0 79.0 2672.0 small-vehicle 0
75.0 2677.0 92.0 2677.0 92.0 2697.0 75.0 2697.0 small-vehicle 0
67.0 2683.0 81.0 2683.0 81.0 2703.0 67.0 2703.0 small-vehicle 0
58.0 2689.0 75.0 2689.0 75.0 2706.0 58.0 2706.0 small-vehicle 0
41.0 2700.0 59.0 2700.0 59.0 2720.0 41.0 2720.0 small-vehicle 0
34.0 2706.0 53.0 2706.0 53.0 2728.0 34.0 2728.0 small-vehicle 0
26.0 2711.0 42.0 2711.0 42.0 2729.0 26.0 2729.0 small-vehicle 0
315.0 2671.0 332.0 2671.0 332.0 2691.0 315.0 2691.0 small-vehicle 0
323.0 2717.0 343.0 2717.0 343.0 2737.0 323.0 2737.0 small-vehicle 0
694.0 2636.0 715.0 2636.0 715.0 2651.0 694.0 2651.0 small-vehicle 0
255.0 2640.0 273.0 2640.0 273.0 2662.0 255.0 2662.0 small-vehicle 0
542.0 2404.0 560.0 2404.0 560.0 2418.0 542.0 2418.0 small-vehicle 0
528.0 2374.0 549.0 2374.0 549.0 2389.0 528.0 2389.0 small-vehicle 0
523.0 2364.0 545.0 2364.0 545.0 2381.0 523.0 2381.0 small-vehicle 0
561.0 2338.0 581.0 2338.0 581.0 2351.0 561.0 2351.0 small-vehicle 0
517.0 2355.0 537.0 2355.0 537.0 2369.0 517.0 2369.0 small-vehicle 0
493.0 2353.0 511.0 2353.0 511.0 2366.0 493.0 2366.0 small-vehicle 0
493.0 2338.0 510.0 2338.0 510.0 2350.0 493.0 2350.0 small-vehicle 0
483.0 2323.0 503.0 2323.0 503.0 2336.0 483.0 2336.0 small-vehicle 0
482.0 2315.0 500.0 2315.0 500.0 2326.0 482.0 2326.0 small-vehicle 0
275.0 2629.0 290.0 2629.0 290.0 2649.0 275.0 2649.0 small-vehicle 0
267.0 2633.0 284.0 2633.0 284.0 2655.0 267.0 2655.0 small-vehicle 0
237.0 2649.0 255.0 2649.0 255.0 2668.0 237.0 2668.0 small-vehicle 0
547.0 2423.0 567.0 2423.0 567.0 2437.0 547.0 2437.0 small-vehicle 1
229.0 2654.0 249.0 2654.0 249.0 2676.0 229.0 2676.0 small-vehicle 0
218.0 2661.0 238.0 2661.0 238.0 2681.0 218.0 2681.0 small-vehicle 0
212.0 2667.0 226.0 2667.0 226.0 2685.0 212.0 2685.0 small-vehicle 1
205.0 2673.0 219.0 2673.0 219.0 2690.0 205.0 2690.0 small-vehicle 0
195.0 2676.0 212.0 2676.0 212.0 2699.0 195.0 2699.0 small-vehicle 0
188.0 2686.0 204.0 2686.0 204.0 2704.0 188.0 2704.0 small-vehicle 0
178.0 2689.0 195.0 2689.0 195.0 2708.0 178.0 2708.0 small-vehicle 0
169.0 2694.0 183.0 2694.0 183.0 2711.0 169.0 2711.0 small-vehicle 0
281.0 2601.0 295.0 2601.0 295.0 2619.0 281.0 2619.0 small-vehicle 0
273.0 2606.0 288.0 2606.0 288.0 2625.0 273.0 2625.0 small-vehicle 0
264.0 2611.0 281.0 2611.0 281.0 2630.0 264.0 2630.0 small-vehicle 0
544.0 2412.0 564.0 2412.0 564.0 2428.0 544.0 2428.0 small-vehicle 0
553.0 2431.0 574.0 2431.0 574.0 2446.0 553.0 2446.0 small-vehicle 0
243.0 2618.0 262.0 2618.0 262.0 2640.0 243.0 2640.0 small-vehicle 0
602.0 2545.0 626.0 2545.0 626.0 2561.0 602.0 2561.0 small-vehicle 0
689.0 2626.0 709.0 2626.0 709.0 2642.0 689.0 2642.0 small-vehicle 0
686.0 2616.0 704.0 2616.0 704.0 2631.0 686.0 2631.0 small-vehicle 1
682.0 2606.0 703.0 2606.0 703.0 2620.0 682.0 2620.0 small-vehicle 0
671.0 2588.0 690.0 2588.0 690.0 2604.0 671.0 2604.0 small-vehicle 0
669.0 2580.0 689.0 2580.0 689.0 2595.0 669.0 2595.0 small-vehicle 0
664.0 2572.0 683.0 2572.0 683.0 2584.0 664.0 2584.0 small-vehicle 0
659.0 2559.0 680.0 2559.0 680.0 2574.0 659.0 2574.0 small-vehicle 0
659.0 2549.0 678.0 2549.0 678.0 2564.0 659.0 2564.0 small-vehicle 0
652.0 2540.0 672.0 2540.0 672.0 2555.0 652.0 2555.0 small-vehicle 0
615.0 2572.0 636.0 2572.0 636.0 2589.0 615.0 2589.0 small-vehicle 0
608.0 2555.0 629.0 2555.0 629.0 2570.0 608.0 2570.0 small-vehicle 0
619.0 2472.0 640.0 2472.0 640.0 2486.0 619.0 2486.0 small-vehicle 0
572.0 2367.0 593.0 2367.0 593.0 2380.0 572.0 2380.0 small-vehicle 0
647.0 2533.0 670.0 2533.0 670.0 2546.0 647.0 2546.0 small-vehicle 0
598.0 2537.0 621.0 2537.0 621.0 2551.0 598.0 2551.0 small-vehicle 0
591.0 2516.0 613.0 2516.0 613.0 2535.0 591.0 2535.0 small-vehicle 0
586.0 2509.0 605.0 2509.0 605.0 2522.0 586.0 2522.0 small-vehicle 0
579.0 2487.0 599.0 2487.0 599.0 2501.0 579.0 2501.0 small-vehicle 0
577.0 2479.0 594.0 2479.0 594.0 2493.0 577.0 2493.0 small-vehicle 0
569.0 2469.0 588.0 2469.0 588.0 2483.0 569.0 2483.0 small-vehicle 1
566.0 2461.0 587.0 2461.0 587.0 2473.0 566.0 2473.0 small-vehicle 0
559.0 2440.0 579.0 2440.0 579.0 2457.0 559.0 2457.0 small-vehicle 0
583.0 2385.0 604.0 2385.0 604.0 2401.0 583.0 2401.0 small-vehicle 0
577.0 2375.0 598.0 2375.0 598.0 2389.0 577.0 2389.0 small-vehicle 0
253.0 2616.0 271.0 2616.0 271.0 2639.0 253.0 2639.0 small-vehicle 0
236.0 2627.0 252.0 2627.0 252.0 2646.0 236.0 2646.0 small-vehicle 0
300.0 2734.0 320.0 2734.0 320.0 2755.0 300.0 2755.0 small-vehicle 0
265.0 2777.0 285.0 2777.0 285.0 2798.0 265.0 2798.0 small-vehicle 0
211.0 2740.0 229.0 2740.0 229.0 2759.0 211.0 2759.0 small-vehicle 0
202.0 2745.0 218.0 2745.0 218.0 2762.0 202.0 2762.0 small-vehicle 0
195.0 2751.0 212.0 2751.0 212.0 2768.0 195.0 2768.0 small-vehicle 0
179.0 2729.0 200.0 2729.0 200.0 2753.0 179.0 2753.0 small-vehicle 0
173.0 2768.0 186.0 2768.0 186.0 2785.0 173.0 2785.0 small-vehicle 1
182.0 2759.0 195.0 2759.0 195.0 2778.0 182.0 2778.0 small-vehicle 0
168.0 2741.0 186.0 2741.0 186.0 2764.0 168.0 2764.0 small-vehicle 0
158.0 2746.0 176.0 2746.0 176.0 2767.0 158.0 2767.0 small-vehicle 0
151.0 2755.0 169.0 2755.0 169.0 2775.0 151.0 2775.0 small-vehicle 0
144.0 2758.0 160.0 2758.0 160.0 2779.0 144.0 2779.0 small-vehicle 0
134.0 2764.0 152.0 2764.0 152.0 2785.0 134.0 2785.0 small-vehicle 0
256.0 2781.0 272.0 2781.0 272.0 2800.0 256.0 2800.0 small-vehicle 0
202.0 2723.0 218.0 2723.0 218.0 2745.0 202.0 2745.0 small-vehicle 0
246.0 2788.0 263.0 2788.0 263.0 2809.0 246.0 2809.0 small-vehicle 0
235.0 2798.0 252.0 2798.0 252.0 2818.0 235.0 2818.0 small-vehicle 0
263.0 2754.0 281.0 2754.0 281.0 2776.0 263.0 2776.0 small-vehicle 0
254.0 2758.0 271.0 2758.0 271.0 2781.0 254.0 2781.0 small-vehicle 0
244.0 2763.0 262.0 2763.0 262.0 2784.0 244.0 2784.0 small-vehicle 0
237.0 2771.0 253.0 2771.0 253.0 2790.0 237.0 2790.0 small-vehicle 0
222.0 2779.0 240.0 2779.0 240.0 2802.0 222.0 2802.0 small-vehicle 0
216.0 2786.0 231.0 2786.0 231.0 2807.0 216.0 2807.0 small-vehicle 0
329.0 2782.0 346.0 2782.0 346.0 2802.0 329.0 2802.0 small-vehicle 0
275.0 2752.0 291.0 2752.0 291.0 2773.0 275.0 2773.0 small-vehicle 0
282.0 2746.0 298.0 2746.0 298.0 2762.0 282.0 2762.0 small-vehicle 0
193.0 2729.0 210.0 2729.0 210.0 2748.0 193.0 2748.0 small-vehicle 0
206.0 2714.0 227.0 2714.0 227.0 2737.0 206.0 2737.0 small-vehicle 0
229.0 2633.0 246.0 2633.0 246.0 2652.0 229.0 2652.0 small-vehicle 0
147.0 2682.0 165.0 2682.0 165.0 2704.0 147.0 2704.0 small-vehicle 0
219.0 2639.0 236.0 2639.0 236.0 2659.0 219.0 2659.0 small-vehicle 0
211.0 2642.0 228.0 2642.0 228.0 2665.0 211.0 2665.0 small-vehicle 0
200.0 2648.0 218.0 2648.0 218.0 2669.0 200.0 2669.0 small-vehicle 0
195.0 2655.0 213.0 2655.0 213.0 2675.0 195.0 2675.0 small-vehicle 0
182.0 2659.0 201.0 2659.0 201.0 2678.0 182.0 2678.0 small-vehicle 0
173.0 2664.0 193.0 2664.0 193.0 2685.0 173.0 2685.0 small-vehicle 0
167.0 2670.0 183.0 2670.0 183.0 2691.0 167.0 2691.0 small-vehicle 0
154.0 2676.0 174.0 2676.0 174.0 2699.0 154.0 2699.0 small-vehicle 0
159.0 2700.0 175.0 2700.0 175.0 2718.0 159.0 2718.0 small-vehicle 0
149.0 2704.0 164.0 2704.0 164.0 2721.0 149.0 2721.0 small-vehicle 0
141.0 2711.0 157.0 2711.0 157.0 2729.0 141.0 2729.0 small-vehicle 0
139.0 2684.0 157.0 2684.0 157.0 2709.0 139.0 2709.0 small-vehicle 0
215.0 2710.0 234.0 2710.0 234.0 2729.0 215.0 2729.0 small-vehicle 0
130.0 2693.0 149.0 2693.0 149.0 2716.0 130.0 2716.0 small-vehicle 0
311.0 2790.0 329.0 2790.0 329.0 2814.0 311.0 2814.0 small-vehicle 0
262.0 2681.0 278.0 2681.0 278.0 2703.0 262.0 2703.0 small-vehicle 0
252.0 2684.0 271.0 2684.0 271.0 2708.0 252.0 2708.0 small-vehicle 0
243.0 2692.0 260.0 2692.0 260.0 2712.0 243.0 2712.0 small-vehicle 0
249.0 2717.0 263.0 2717.0 263.0 2735.0 249.0 2735.0 small-vehicle 0
240.0 2723.0 256.0 2723.0 256.0 2743.0 240.0 2743.0 small-vehicle 0
230.0 2724.0 244.0 2724.0 244.0 2745.0 230.0 2745.0 small-vehicle 0
219.0 2731.0 235.0 2731.0 235.0 2753.0 219.0 2753.0 small-vehicle 0
239.0 2701.0 256.0 2701.0 256.0 2720.0 239.0 2720.0 small-vehicle 0
226.0 2703.0 244.0 2703.0 244.0 2724.0 226.0 2724.0 small-vehicle 0
668.0 494.0 913.0 494.0 913.0 726.0 668.0 726.0 plane 0
