imagesource:GoogleEarth
gsd:0.217627987138
2929.0 129.0 2945.0 129.0 2945.0 153.0 2929.0 153.0 small-vehicle 1
1805.0 441.0 1820.0 441.0 1820.0 462.0 1805.0 462.0 small-vehicle 0
2018.0 514.0 2035.0 514.0 2035.0 537.0 2018.0 537.0 small-vehicle 0
2015.0 491.0 2033.0 491.0 2033.0 510.0 2015.0 510.0 small-vehicle 0
2033.0 510.0 2046.0 510.0 2046.0 531.0 2033.0 531.0 small-vehicle 0
2053.0 408.0 2063.0 408.0 2063.0 429.0 2053.0 429.0 small-vehicle 0
2058.0 469.0 2081.0 469.0 2081.0 492.0 2058.0 492.0 small-vehicle 0
2103.0 482.0 2119.0 482.0 2119.0 501.0 2103.0 501.0 small-vehicle 0
2113.0 475.0 2130.0 475.0 2130.0 495.0 2113.0 495.0 small-vehicle 0
2082.0 459.0 2104.0 459.0 2104.0 477.0 2082.0 477.0 small-vehicle 0
2126.0 470.0 2142.0 470.0 2142.0 491.0 2126.0 491.0 small-vehicle 0
2111.0 444.0 2130.0 444.0 2130.0 467.0 2111.0 467.0 small-vehicle 0
2080.0 419.0 2091.0 419.0 2091.0 442.0 2080.0 442.0 small-vehicle 0
2063.0 405.0 2075.0 405.0 2075.0 425.0 2063.0 425.0 small-vehicle 0
1793.0 387.0 1809.0 387.0 1809.0 407.0 1793.0 407.0 small-vehicle 0
1784.0 394.0 1799.0 394.0 1799.0 413.0 1784.0 413.0 small-vehicle 0
1774.0 397.0 1788.0 397.0 1788.0 419.0 1774.0 419.0 small-vehicle 0
1763.0 403.0 1776.0 403.0 1776.0 423.0 1763.0 423.0 small-vehicle 0
1825.0 429.0 1843.0 429.0 1843.0 452.0 1825.0 452.0 small-vehicle 0
2000.0 495.0 2020.0 495.0 2020.0 516.0 2000.0 516.0 small-vehicle 0
1976.0 508.0 1996.0 508.0 1996.0 525.0 1976.0 525.0 small-vehicle 0
1995.0 525.0 2010.0 525.0 2010.0 545.0 1995.0 545.0 small-vehicle 0
1873.0 556.0 1893.0 556.0 1893.0 575.0 1873.0 575.0 small-vehicle 0
1699.0 578.0 1714.0 578.0 1714.0 598.0 1699.0 598.0 small-vehicle 0
1789.0 593.0 1811.0 593.0 1811.0 615.0 1789.0 615.0 small-vehicle 0
1841.0 597.0 1858.0 597.0 1858.0 617.0 1841.0 617.0 small-vehicle 0
1811.0 582.0 1832.0 582.0 1832.0 604.0 1811.0 604.0 small-vehicle 0
1865.0 585.0 1883.0 585.0 1883.0 605.0 1865.0 605.0 small-vehicle 0
1851.0 566.0 1870.0 566.0 1870.0 586.0 1851.0 586.0 small-vehicle 0
1902.0 570.0 1920.0 570.0 1920.0 592.0 1902.0 592.0 small-vehicle 0
1887.0 551.0 1907.0 551.0 1907.0 571.0 1887.0 571.0 small-vehicle 0
1984.0 532.0 2003.0 532.0 2003.0 555.0 1984.0 555.0 small-vehicle 0
1914.0 564.0 1931.0 564.0 1931.0 587.0 1914.0 587.0 small-vehicle 0
1924.0 557.0 1944.0 557.0 1944.0 584.0 1924.0 584.0 small-vehicle 0
1940.0 554.0 1955.0 554.0 1955.0 575.0 1940.0 575.0 small-vehicle 0
1921.0 535.0 1941.0 535.0 1941.0 554.0 1921.0 554.0 small-vehicle 0
1948.0 515.0 1976.0 515.0 1976.0 537.0 1948.0 537.0 small-vehicle 0
1942.0 524.0 1961.0 524.0 1961.0 542.0 1942.0 542.0 small-vehicle 0
1971.0 539.0 1991.0 539.0 1991.0 563.0 1971.0 563.0 small-vehicle 0
1814.0 435.0 1832.0 435.0 1832.0 455.0 1814.0 455.0 small-vehicle 0
1792.0 445.0 1811.0 445.0 1811.0 469.0 1792.0 469.0 small-vehicle 0
1755.0 609.0 1775.0 609.0 1775.0 628.0 1755.0 628.0 small-vehicle 0
1782.0 448.0 1799.0 448.0 1799.0 470.0 1782.0 470.0 small-vehicle 0
1769.0 484.0 1788.0 484.0 1788.0 503.0 1769.0 503.0 small-vehicle 0
1758.0 488.0 1778.0 488.0 1778.0 507.0 1758.0 507.0 small-vehicle 0
1747.0 493.0 1764.0 493.0 1764.0 511.0 1747.0 511.0 small-vehicle 0
1736.0 502.0 1756.0 502.0 1756.0 520.0 1736.0 520.0 small-vehicle 0
1840.0 428.0 1855.0 428.0 1855.0 451.0 1840.0 451.0 small-vehicle 0
1849.0 424.0 1864.0 424.0 1864.0 445.0 1849.0 445.0 small-vehicle 0
1857.0 419.0 1872.0 419.0 1872.0 437.0 1857.0 437.0 small-vehicle 0
1890.0 403.0 1907.0 403.0 1907.0 425.0 1890.0 425.0 small-vehicle 0
1878.0 410.0 1898.0 410.0 1898.0 431.0 1878.0 431.0 small-vehicle 0
1901.0 401.0 1918.0 401.0 1918.0 423.0 1901.0 423.0 small-vehicle 0
1911.0 394.0 1929.0 394.0 1929.0 415.0 1911.0 415.0 small-vehicle 0
1922.0 391.0 1939.0 391.0 1939.0 412.0 1922.0 412.0 small-vehicle 0
1813.0 373.0 1828.0 373.0 1828.0 393.0 1813.0 393.0 small-vehicle 0
1825.0 372.0 1841.0 372.0 1841.0 395.0 1825.0 395.0 small-vehicle 0
1835.0 366.0 1853.0 366.0 1853.0 389.0 1835.0 389.0 small-vehicle 0
1846.0 364.0 1863.0 364.0 1863.0 387.0 1846.0 387.0 small-vehicle 0
1857.0 358.0 1873.0 358.0 1873.0 379.0 1857.0 379.0 small-vehicle 0
1784.0 480.0 1804.0 480.0 1804.0 499.0 1784.0 499.0 small-vehicle 0
1818.0 463.0 1838.0 463.0 1838.0 481.0 1818.0 481.0 small-vehicle 0
1827.0 458.0 1850.0 458.0 1850.0 480.0 1827.0 480.0 small-vehicle 0
1955.0 400.0 1980.0 400.0 1980.0 423.0 1955.0 423.0 small-vehicle 0
1773.0 453.0 1790.0 453.0 1790.0 474.0 1773.0 474.0 small-vehicle 0
1763.0 460.0 1779.0 460.0 1779.0 480.0 1763.0 480.0 small-vehicle 0
1751.0 463.0 1768.0 463.0 1768.0 484.0 1751.0 484.0 small-vehicle 0
1745.0 471.0 1757.0 471.0 1757.0 490.0 1745.0 490.0 small-vehicle 0
1733.0 474.0 1747.0 474.0 1747.0 494.0 1733.0 494.0 small-vehicle 0
1722.0 479.0 1738.0 479.0 1738.0 500.0 1722.0 500.0 small-vehicle 0
1712.0 486.0 1726.0 486.0 1726.0 504.0 1712.0 504.0 small-vehicle 0
1943.0 404.0 1965.0 404.0 1965.0 425.0 1943.0 425.0 small-vehicle 0
1839.0 452.0 1861.0 452.0 1861.0 474.0 1839.0 474.0 small-vehicle 0
1921.0 416.0 1944.0 416.0 1944.0 439.0 1921.0 439.0 small-vehicle 0
1910.0 420.0 1930.0 420.0 1930.0 439.0 1910.0 439.0 small-vehicle 0
1897.0 426.0 1919.0 426.0 1919.0 445.0 1897.0 445.0 small-vehicle 0
1885.0 432.0 1907.0 432.0 1907.0 450.0 1885.0 450.0 small-vehicle 0
1875.0 437.0 1898.0 437.0 1898.0 460.0 1875.0 460.0 small-vehicle 0
1862.0 441.0 1885.0 441.0 1885.0 464.0 1862.0 464.0 small-vehicle 0
1847.0 447.0 1869.0 447.0 1869.0 465.0 1847.0 465.0 small-vehicle 0
1755.0 567.0 1765.0 567.0 1765.0 583.0 1755.0 583.0 small-vehicle 0
1745.0 614.0 1766.0 614.0 1766.0 636.0 1745.0 636.0 small-vehicle 0
2964.0 98.0 2982.0 98.0 2982.0 125.0 2964.0 125.0 small-vehicle 1
2073.0 551.0 2092.0 551.0 2092.0 573.0 2073.0 573.0 small-vehicle 0
2509.0 668.0 2524.0 668.0 2524.0 691.0 2509.0 691.0 small-vehicle 0
2490.0 674.0 2502.0 674.0 2502.0 692.0 2490.0 692.0 small-vehicle 0
2466.0 676.0 2482.0 676.0 2482.0 700.0 2466.0 700.0 small-vehicle 0
1959.0 770.0 1977.0 770.0 1977.0 786.0 1959.0 786.0 small-vehicle 0
1959.0 781.0 1981.0 781.0 1981.0 800.0 1959.0 800.0 small-vehicle 0
1963.0 799.0 1989.0 799.0 1989.0 819.0 1963.0 819.0 small-vehicle 0
2001.0 828.0 2031.0 828.0 2031.0 845.0 2001.0 845.0 small-vehicle 0
1927.0 858.0 1945.0 858.0 1945.0 869.0 1927.0 869.0 small-vehicle 0
1908.0 820.0 1930.0 820.0 1930.0 833.0 1908.0 833.0 small-vehicle 0
1903.0 789.0 1923.0 789.0 1923.0 800.0 1903.0 800.0 small-vehicle 0
1900.0 776.0 1923.0 776.0 1923.0 790.0 1900.0 790.0 small-vehicle 0
1897.0 767.0 1921.0 767.0 1921.0 780.0 1897.0 780.0 small-vehicle 0
1925.0 665.0 1955.0 665.0 1955.0 681.0 1925.0 681.0 small-vehicle 0
1587.0 697.0 1605.0 697.0 1605.0 718.0 1587.0 718.0 small-vehicle 0
1539.0 482.0 1555.0 482.0 1555.0 506.0 1539.0 506.0 small-vehicle 0
2443.0 494.0 2462.0 494.0 2462.0 511.0 2443.0 511.0 small-vehicle 1
2055.0 565.0 2071.0 565.0 2071.0 587.0 2055.0 587.0 small-vehicle 0
2501.0 720.0 2516.0 720.0 2516.0 743.0 2501.0 743.0 small-vehicle 0
2523.0 742.0 2534.0 742.0 2534.0 762.0 2523.0 762.0 small-vehicle 0
2533.0 741.0 2546.0 741.0 2546.0 763.0 2533.0 763.0 small-vehicle 0
2667.0 635.0 2679.0 635.0 2679.0 658.0 2667.0 658.0 small-vehicle 0
2065.0 66.0 2085.0 66.0 2085.0 83.0 2065.0 83.0 small-vehicle 0
2057.0 60.0 2077.0 60.0 2077.0 76.0 2057.0 76.0 small-vehicle 0
2052.0 48.0 2072.0 48.0 2072.0 67.0 2052.0 67.0 small-vehicle 1
2044.0 41.0 2066.0 41.0 2066.0 58.0 2044.0 58.0 small-vehicle 0
2700.0 633.0 2710.0 633.0 2710.0 652.0 2700.0 652.0 small-vehicle 0
2689.0 633.0 2700.0 633.0 2700.0 651.0 2689.0 651.0 small-vehicle 0
2679.0 633.0 2692.0 633.0 2692.0 657.0 2679.0 657.0 small-vehicle 0
2653.0 634.0 2668.0 634.0 2668.0 658.0 2653.0 658.0 small-vehicle 0
2528.0 717.0 2542.0 717.0 2542.0 738.0 2528.0 738.0 small-vehicle 0
2623.0 643.0 2635.0 643.0 2635.0 665.0 2623.0 665.0 small-vehicle 0
2611.0 644.0 2623.0 644.0 2623.0 668.0 2611.0 668.0 small-vehicle 0
2603.0 652.0 2613.0 652.0 2613.0 670.0 2603.0 670.0 small-vehicle 0
2566.0 656.0 2579.0 656.0 2579.0 676.0 2566.0 676.0 small-vehicle 0
2557.0 659.0 2567.0 659.0 2567.0 678.0 2557.0 678.0 small-vehicle 0
2546.0 661.0 2557.0 661.0 2557.0 681.0 2546.0 681.0 small-vehicle 0
2608.0 714.0 2621.0 714.0 2621.0 743.0 2608.0 743.0 small-vehicle 0
2066.0 558.0 2084.0 558.0 2084.0 581.0 2066.0 581.0 small-vehicle 0
2089.0 545.0 2104.0 545.0 2104.0 564.0 2089.0 564.0 small-vehicle 0
1766.0 602.0 1789.0 602.0 1789.0 625.0 1766.0 625.0 small-vehicle 0
2164.0 527.0 2182.0 527.0 2182.0 550.0 2164.0 550.0 small-vehicle 0
1794.0 523.0 1804.0 523.0 1804.0 542.0 1794.0 542.0 small-vehicle 0
1768.0 534.0 1779.0 534.0 1779.0 551.0 1768.0 551.0 small-vehicle 0
1759.0 539.0 1768.0 539.0 1768.0 556.0 1759.0 556.0 small-vehicle 0
1748.0 543.0 1760.0 543.0 1760.0 563.0 1748.0 563.0 small-vehicle 0
1769.0 559.0 1781.0 559.0 1781.0 577.0 1769.0 577.0 small-vehicle 0
1780.0 553.0 1793.0 553.0 1793.0 570.0 1780.0 570.0 small-vehicle 0
1792.0 551.0 1804.0 551.0 1804.0 568.0 1792.0 568.0 small-vehicle 0
1817.0 546.0 1827.0 546.0 1827.0 560.0 1817.0 560.0 small-vehicle 1
1805.0 546.0 1817.0 546.0 1817.0 564.0 1805.0 564.0 small-vehicle 0
1851.0 520.0 1864.0 520.0 1864.0 541.0 1851.0 541.0 small-vehicle 0
1829.0 534.0 1840.0 534.0 1840.0 555.0 1829.0 555.0 small-vehicle 0
1866.0 517.0 1877.0 517.0 1877.0 540.0 1866.0 540.0 small-vehicle 0
1904.0 475.0 1916.0 475.0 1916.0 492.0 1904.0 492.0 small-vehicle 0
1936.0 459.0 1946.0 459.0 1946.0 477.0 1936.0 477.0 small-vehicle 0
1924.0 491.0 1935.0 491.0 1935.0 512.0 1924.0 512.0 small-vehicle 0
1957.0 449.0 1971.0 449.0 1971.0 471.0 1957.0 471.0 small-vehicle 0
1776.0 597.0 1795.0 597.0 1795.0 617.0 1776.0 617.0 small-vehicle 0
1819.0 516.0 1829.0 516.0 1829.0 533.0 1819.0 533.0 small-vehicle 0
1832.0 506.0 1841.0 506.0 1841.0 528.0 1832.0 528.0 small-vehicle 0
1843.0 504.0 1852.0 504.0 1852.0 523.0 1843.0 523.0 small-vehicle 0
2000.0 593.0 2021.0 593.0 2021.0 633.0 2000.0 633.0 small-vehicle 0
2156.0 544.0 2170.0 544.0 2170.0 563.0 2156.0 563.0 small-vehicle 0
2141.0 540.0 2156.0 540.0 2156.0 559.0 2141.0 559.0 small-vehicle 0
2128.0 541.0 2143.0 541.0 2143.0 562.0 2128.0 562.0 small-vehicle 0
2120.0 552.0 2134.0 552.0 2134.0 574.0 2120.0 574.0 small-vehicle 0
2049.0 583.0 2066.0 583.0 2066.0 606.0 2049.0 606.0 small-vehicle 0
2022.0 580.0 2046.0 580.0 2046.0 617.0 2022.0 617.0 small-vehicle 0
2010.0 587.0 2032.0 587.0 2032.0 620.0 2010.0 620.0 small-vehicle 0
1988.0 602.0 2007.0 602.0 2007.0 632.0 1988.0 632.0 small-vehicle 0
2041.0 502.0 2058.0 502.0 2058.0 527.0 2041.0 527.0 small-vehicle 0
1977.0 607.0 2002.0 607.0 2002.0 645.0 1977.0 645.0 small-vehicle 0
1939.0 613.0 1957.0 613.0 1957.0 637.0 1939.0 637.0 small-vehicle 0
1927.0 620.0 1943.0 620.0 1943.0 642.0 1927.0 642.0 small-vehicle 0
1912.0 620.0 1929.0 620.0 1929.0 641.0 1912.0 641.0 small-vehicle 0
1897.0 646.0 1913.0 646.0 1913.0 669.0 1897.0 669.0 small-vehicle 0
1859.0 652.0 1876.0 652.0 1876.0 676.0 1859.0 676.0 small-vehicle 0
2053.0 496.0 2070.0 496.0 2070.0 520.0 2053.0 520.0 small-vehicle 0
1752.0 408.0 1766.0 408.0 1766.0 427.0 1752.0 427.0 small-vehicle 0
1741.0 414.0 1755.0 414.0 1755.0 432.0 1741.0 432.0 small-vehicle 0
1731.0 416.0 1747.0 416.0 1747.0 437.0 1731.0 437.0 small-vehicle 0
1534.0 187.0 1558.0 187.0 1558.0 203.0 1534.0 203.0 small-vehicle 0
1663.0 33.0 1703.0 33.0 1703.0 69.0 1663.0 69.0 small-vehicle 0
1627.0 215.0 1645.0 215.0 1645.0 239.0 1627.0 239.0 small-vehicle 0
1615.0 222.0 1634.0 222.0 1634.0 245.0 1615.0 245.0 small-vehicle 0
1608.0 292.0 1622.0 292.0 1622.0 315.0 1608.0 315.0 small-vehicle 0
1588.0 301.0 1603.0 301.0 1603.0 323.0 1588.0 323.0 small-vehicle 0
1533.0 326.0 1550.0 326.0 1550.0 349.0 1533.0 349.0 small-vehicle 0
1520.0 332.0 1537.0 332.0 1537.0 353.0 1520.0 353.0 small-vehicle 0
1548.0 270.0 1569.0 270.0 1569.0 284.0 1548.0 284.0 small-vehicle 0
1541.0 247.0 1558.0 247.0 1558.0 262.0 1541.0 262.0 small-vehicle 1
1491.0 288.0 1519.0 288.0 1519.0 309.0 1491.0 309.0 small-vehicle 0
1471.0 289.0 1491.0 289.0 1491.0 306.0 1471.0 306.0 small-vehicle 0
1485.0 258.0 1507.0 258.0 1507.0 273.0 1485.0 273.0 small-vehicle 0
1506.0 187.0 1529.0 187.0 1529.0 204.0 1506.0 204.0 small-vehicle 0
1519.0 205.0 1542.0 205.0 1542.0 222.0 1519.0 222.0 small-vehicle 0
1550.0 220.0 1569.0 220.0 1569.0 232.0 1550.0 232.0 small-vehicle 0
1553.0 228.0 1576.0 228.0 1576.0 244.0 1553.0 244.0 small-vehicle 0
1547.0 209.0 1566.0 209.0 1566.0 222.0 1547.0 222.0 small-vehicle 0
1936.0 101.0 1976.0 101.0 1976.0 150.0 1936.0 150.0 small-vehicle 0
1765.0 95.0 1783.0 95.0 1783.0 118.0 1765.0 118.0 small-vehicle 0
1605.0 166.0 1620.0 166.0 1620.0 189.0 1605.0 189.0 small-vehicle 0
1782.0 86.0 1799.0 86.0 1799.0 108.0 1782.0 108.0 small-vehicle 0
1668.0 193.0 1686.0 193.0 1686.0 216.0 1668.0 216.0 small-vehicle 0
1657.0 200.0 1673.0 200.0 1673.0 219.0 1657.0 219.0 small-vehicle 0
1643.0 204.0 1664.0 204.0 1664.0 227.0 1643.0 227.0 small-vehicle 0
1826.0 68.0 1845.0 68.0 1845.0 91.0 1826.0 91.0 small-vehicle 0
1815.0 72.0 1830.0 72.0 1830.0 94.0 1815.0 94.0 small-vehicle 0
1803.0 77.0 1820.0 77.0 1820.0 100.0 1803.0 100.0 small-vehicle 0
1795.0 81.0 1810.0 81.0 1810.0 103.0 1795.0 103.0 small-vehicle 0
1752.0 99.0 1768.0 99.0 1768.0 119.0 1752.0 119.0 small-vehicle 0
1626.0 157.0 1641.0 157.0 1641.0 179.0 1626.0 179.0 small-vehicle 0
1743.0 103.0 1758.0 103.0 1758.0 125.0 1743.0 125.0 small-vehicle 0
1732.0 107.0 1749.0 107.0 1749.0 131.0 1732.0 131.0 small-vehicle 0
1721.0 113.0 1736.0 113.0 1736.0 136.0 1721.0 136.0 small-vehicle 0
1701.0 122.0 1719.0 122.0 1719.0 144.0 1701.0 144.0 small-vehicle 0
1690.0 129.0 1707.0 129.0 1707.0 151.0 1690.0 151.0 small-vehicle 0
1658.0 142.0 1672.0 142.0 1672.0 160.0 1658.0 160.0 small-vehicle 0
1646.0 149.0 1663.0 149.0 1663.0 167.0 1646.0 167.0 small-vehicle 0
1543.0 197.0 1565.0 197.0 1565.0 214.0 1543.0 214.0 small-vehicle 0
1531.0 176.0 1555.0 176.0 1555.0 194.0 1531.0 194.0 small-vehicle 0
1721.0 421.0 1737.0 421.0 1737.0 442.0 1721.0 442.0 small-vehicle 0
1503.0 176.0 1524.0 176.0 1524.0 192.0 1503.0 192.0 small-vehicle 0
2574.0 1120.0 2712.0 1120.0 2712.0 1257.0 2574.0 1257.0 plane 0
2594.0 1013.0 2745.0 1013.0 2745.0 1164.0 2594.0 1164.0 plane 0
2520.0 1064.0 2620.0 1064.0 2620.0 1195.0 2520.0 1195.0 plane 0
2424.0 1062.0 2559.0 1062.0 2559.0 1209.0 2424.0 1209.0 plane 0
2296.0 1051.0 2496.0 1051.0 2496.0 1253.0 2296.0 1253.0 plane 0
2191.0 1099.0 2325.0 1099.0 2325.0 1222.0 2191.0 1222.0 plane 0
2117.0 1155.0 2351.0 1155.0 2351.0 1386.0 2117.0 1386.0 plane 0
2795.0 1345.0 2944.0 1345.0 2944.0 1494.0 2795.0 1494.0 plane 0
2627.0 1312.0 2750.0 1312.0 2750.0 1419.0 2627.0 1419.0 plane 0
2583.0 1405.0 2748.0 1405.0 2748.0 1549.0 2583.0 1549.0 plane 0
2416.0 1501.0 2543.0 1501.0 2543.0 1614.0 2416.0 1614.0 plane 0
2315.0 1554.0 2437.0 1554.0 2437.0 1665.0 2315.0 1665.0 plane 0
2236.0 1502.0 2383.0 1502.0 2383.0 1670.0 2236.0 1670.0 plane 0
2109.0 1448.0 2261.0 1448.0 2261.0 1621.0 2109.0 1621.0 plane 0
1998.0 1493.0 2126.0 1493.0 2126.0 1629.0 1998.0 1629.0 plane 0
1620.0 1411.0 2064.0 1411.0 2064.0 1829.0 1620.0 1829.0 plane 0
801.0 1220.0 1053.0 1220.0 1053.0 1498.0 801.0 1498.0 plane 0
2707.0 1003.0 2880.0 1003.0 2880.0 1221.0 2707.0 1221.0 plane 0
2798.0 939.0 2991.0 939.0 2991.0 1124.0 2798.0 1124.0 plane 0
3040.0 1128.0 3224.0 1128.0 3224.0 1285.0 3040.0 1285.0 plane 0
1167.0 292.0 1190.0 292.0 1190.0 310.0 1167.0 310.0 small-vehicle 0
1453.0 193.0 1473.0 193.0 1473.0 208.0 1453.0 208.0 small-vehicle 0
1433.0 204.0 1453.0 204.0 1453.0 219.0 1433.0 219.0 small-vehicle 0
1542.0 47.0 1559.0 47.0 1559.0 68.0 1542.0 68.0 small-vehicle 0
1500.0 63.0 1517.0 63.0 1517.0 85.0 1500.0 85.0 small-vehicle 0
1374.0 61.0 1390.0 61.0 1390.0 82.0 1374.0 82.0 small-vehicle 0
1295.0 107.0 1311.0 107.0 1311.0 128.0 1295.0 128.0 small-vehicle 0
1446.0 85.0 1464.0 85.0 1464.0 115.0 1446.0 115.0 small-vehicle 0
1310.0 254.0 1329.0 254.0 1329.0 277.0 1310.0 277.0 small-vehicle 0
2900.0 1303.0 3077.0 1303.0 3077.0 1462.0 2900.0 1462.0 plane 0
1192.0 244.0 1216.0 244.0 1216.0 260.0 1192.0 260.0 small-vehicle 0
1157.0 274.0 1178.0 274.0 1178.0 288.0 1157.0 288.0 small-vehicle 0
562.0 157.0 588.0 157.0 588.0 191.0 562.0 191.0 small-vehicle 0
369.0 123.0 388.0 123.0 388.0 154.0 369.0 154.0 small-vehicle 0
3043.0 1380.0 3213.0 1380.0 3213.0 1540.0 3043.0 1540.0 plane 0
2956.0 1413.0 3076.0 1413.0 3076.0 1522.0 2956.0 1522.0 plane 0
3079.0 1301.0 3226.0 1301.0 3226.0 1429.0 3079.0 1429.0 plane 0
1680.0 193.0 1695.0 193.0 1695.0 212.0 1680.0 212.0 small-vehicle 0
1692.0 189.0 1707.0 189.0 1707.0 208.0 1692.0 208.0 small-vehicle 0
1702.0 180.0 1719.0 180.0 1719.0 205.0 1702.0 205.0 small-vehicle 0
1712.0 176.0 1727.0 176.0 1727.0 198.0 1712.0 198.0 small-vehicle 0
1880.0 329.0 1890.0 329.0 1890.0 347.0 1880.0 347.0 small-vehicle 0
1887.0 348.0 1905.0 348.0 1905.0 370.0 1887.0 370.0 small-vehicle 0
1899.0 342.0 1914.0 342.0 1914.0 361.0 1899.0 361.0 small-vehicle 0
1909.0 336.0 1925.0 336.0 1925.0 357.0 1909.0 357.0 small-vehicle 0
1905.0 315.0 1917.0 315.0 1917.0 337.0 1905.0 337.0 small-vehicle 0
1919.0 312.0 1927.0 312.0 1927.0 334.0 1919.0 334.0 small-vehicle 0
1926.0 326.0 1945.0 326.0 1945.0 351.0 1926.0 351.0 small-vehicle 0
1943.0 325.0 1958.0 325.0 1958.0 346.0 1943.0 346.0 small-vehicle 0
1929.0 304.0 1942.0 304.0 1942.0 325.0 1929.0 325.0 small-vehicle 0
1962.0 313.0 1977.0 313.0 1977.0 335.0 1962.0 335.0 small-vehicle 0
1875.0 277.0 1901.0 277.0 1901.0 299.0 1875.0 299.0 small-vehicle 0
1862.0 278.0 1887.0 278.0 1887.0 302.0 1862.0 302.0 small-vehicle 0
1852.0 287.0 1876.0 287.0 1876.0 309.0 1852.0 309.0 small-vehicle 0
1839.0 291.0 1866.0 291.0 1866.0 315.0 1839.0 315.0 small-vehicle 0
1828.0 298.0 1851.0 298.0 1851.0 317.0 1828.0 317.0 small-vehicle 0
1818.0 306.0 1840.0 306.0 1840.0 323.0 1818.0 323.0 small-vehicle 0
1803.0 309.0 1825.0 309.0 1825.0 331.0 1803.0 331.0 small-vehicle 0
1868.0 331.0 1880.0 331.0 1880.0 354.0 1868.0 354.0 small-vehicle 0
1879.0 349.0 1891.0 349.0 1891.0 370.0 1879.0 370.0 small-vehicle 0
1855.0 336.0 1867.0 336.0 1867.0 357.0 1855.0 357.0 small-vehicle 0
1735.0 390.0 1746.0 390.0 1746.0 414.0 1735.0 414.0 small-vehicle 0
1708.0 425.0 1725.0 425.0 1725.0 446.0 1708.0 446.0 small-vehicle 0
1700.0 429.0 1716.0 429.0 1716.0 449.0 1700.0 449.0 small-vehicle 0
1689.0 432.0 1705.0 432.0 1705.0 455.0 1689.0 455.0 small-vehicle 0
1686.0 413.0 1697.0 413.0 1697.0 432.0 1686.0 432.0 small-vehicle 0
1699.0 408.0 1709.0 408.0 1709.0 427.0 1699.0 427.0 small-vehicle 0
1710.0 400.0 1723.0 400.0 1723.0 424.0 1710.0 424.0 small-vehicle 0
1723.0 396.0 1735.0 396.0 1735.0 419.0 1723.0 419.0 small-vehicle 0
1750.0 384.0 1760.0 384.0 1760.0 405.0 1750.0 405.0 small-vehicle 0
1844.0 344.0 1856.0 344.0 1856.0 366.0 1844.0 366.0 small-vehicle 0
1759.0 381.0 1772.0 381.0 1772.0 403.0 1759.0 403.0 small-vehicle 0
1772.0 377.0 1784.0 377.0 1784.0 396.0 1772.0 396.0 small-vehicle 0
1795.0 365.0 1808.0 365.0 1808.0 388.0 1795.0 388.0 small-vehicle 0
1782.0 368.0 1795.0 368.0 1795.0 392.0 1782.0 392.0 small-vehicle 0
1809.0 356.0 1821.0 356.0 1821.0 377.0 1809.0 377.0 small-vehicle 0
1820.0 352.0 1832.0 352.0 1832.0 373.0 1820.0 373.0 small-vehicle 0
1831.0 348.0 1845.0 348.0 1845.0 371.0 1831.0 371.0 small-vehicle 0
1786.0 317.0 1808.0 317.0 1808.0 334.0 1786.0 334.0 small-vehicle 0
1774.0 322.0 1796.0 322.0 1796.0 343.0 1774.0 343.0 small-vehicle 0
1762.0 328.0 1781.0 328.0 1781.0 345.0 1762.0 345.0 small-vehicle 0
1761.0 181.0 1776.0 181.0 1776.0 199.0 1761.0 199.0 small-vehicle 0
1838.0 204.0 1854.0 204.0 1854.0 222.0 1838.0 222.0 small-vehicle 0
1857.0 194.0 1872.0 194.0 1872.0 217.0 1857.0 217.0 small-vehicle 0
1888.0 178.0 1904.0 178.0 1904.0 202.0 1888.0 202.0 small-vehicle 0
1827.0 153.0 1843.0 153.0 1843.0 177.0 1827.0 177.0 small-vehicle 0
1801.0 159.0 1823.0 159.0 1823.0 184.0 1801.0 184.0 small-vehicle 0
1782.0 167.0 1798.0 167.0 1798.0 192.0 1782.0 192.0 small-vehicle 0
1773.0 174.0 1790.0 174.0 1790.0 194.0 1773.0 194.0 small-vehicle 0
1846.0 145.0 1862.0 145.0 1862.0 169.0 1846.0 169.0 small-vehicle 0
1794.0 220.0 1809.0 220.0 1809.0 241.0 1794.0 241.0 small-vehicle 0
1813.0 132.0 1831.0 132.0 1831.0 154.0 1813.0 154.0 small-vehicle 0
1802.0 135.0 1819.0 135.0 1819.0 156.0 1802.0 156.0 small-vehicle 0
1782.0 142.0 1800.0 142.0 1800.0 165.0 1782.0 165.0 small-vehicle 0
1771.0 146.0 1786.0 146.0 1786.0 165.0 1771.0 165.0 small-vehicle 0
1745.0 163.0 1760.0 163.0 1760.0 183.0 1745.0 183.0 small-vehicle 0
1738.0 167.0 1750.0 167.0 1750.0 189.0 1738.0 189.0 small-vehicle 0
1723.0 168.0 1740.0 168.0 1740.0 190.0 1723.0 190.0 small-vehicle 0
1809.0 218.0 1822.0 218.0 1822.0 237.0 1809.0 237.0 small-vehicle 0
1816.0 212.0 1833.0 212.0 1833.0 231.0 1816.0 231.0 small-vehicle 0
1754.0 333.0 1773.0 333.0 1773.0 354.0 1754.0 354.0 small-vehicle 0
1794.0 273.0 1811.0 273.0 1811.0 297.0 1794.0 297.0 small-vehicle 0
1739.0 339.0 1763.0 339.0 1763.0 360.0 1739.0 360.0 small-vehicle 0
1727.0 344.0 1748.0 344.0 1748.0 366.0 1727.0 366.0 small-vehicle 0
1717.0 352.0 1738.0 352.0 1738.0 374.0 1717.0 374.0 small-vehicle 0
1700.0 355.0 1722.0 355.0 1722.0 376.0 1700.0 376.0 small-vehicle 0
1690.0 361.0 1713.0 361.0 1713.0 382.0 1690.0 382.0 small-vehicle 0
1675.0 369.0 1698.0 369.0 1698.0 388.0 1675.0 388.0 small-vehicle 0
1660.0 373.0 1683.0 373.0 1683.0 393.0 1660.0 393.0 small-vehicle 0
1804.0 270.0 1820.0 270.0 1820.0 294.0 1804.0 294.0 small-vehicle 0
1891.0 231.0 1910.0 231.0 1910.0 255.0 1891.0 255.0 small-vehicle 0
1814.0 266.0 1830.0 266.0 1830.0 289.0 1814.0 289.0 small-vehicle 0
1830.0 256.0 1850.0 256.0 1850.0 280.0 1830.0 280.0 small-vehicle 0
1852.0 248.0 1867.0 248.0 1867.0 273.0 1852.0 273.0 small-vehicle 0
1861.0 243.0 1880.0 243.0 1880.0 267.0 1861.0 267.0 small-vehicle 0
1873.0 238.0 1890.0 238.0 1890.0 262.0 1873.0 262.0 small-vehicle 0
1921.0 216.0 1937.0 216.0 1937.0 239.0 1921.0 239.0 small-vehicle 0
1900.0 225.0 1917.0 225.0 1917.0 251.0 1900.0 251.0 small-vehicle 0
2072.0 75.0 2092.0 75.0 2092.0 91.0 2072.0 91.0 small-vehicle 0
2085.0 90.0 2105.0 90.0 2105.0 109.0 2085.0 109.0 small-vehicle 0
2089.0 99.0 2112.0 99.0 2112.0 118.0 2089.0 118.0 small-vehicle 0
3426.0 296.0 3450.0 296.0 3450.0 307.0 3426.0 307.0 small-vehicle 0
3263.0 230.0 3287.0 230.0 3287.0 245.0 3263.0 245.0 small-vehicle 0
3258.0 210.0 3281.0 210.0 3281.0 224.0 3258.0 224.0 small-vehicle 0
3255.0 197.0 3282.0 197.0 3282.0 212.0 3255.0 212.0 small-vehicle 0
3250.0 169.0 3272.0 169.0 3272.0 184.0 3250.0 184.0 small-vehicle 0
3253.0 181.0 3275.0 181.0 3275.0 192.0 3253.0 192.0 small-vehicle 0
3251.0 159.0 3272.0 159.0 3272.0 171.0 3251.0 171.0 small-vehicle 0
3270.0 143.0 3292.0 143.0 3292.0 156.0 3270.0 156.0 small-vehicle 0
3246.0 139.0 3265.0 139.0 3265.0 151.0 3246.0 151.0 small-vehicle 0
3245.0 128.0 3264.0 128.0 3264.0 141.0 3245.0 141.0 small-vehicle 0
3239.0 117.0 3262.0 117.0 3262.0 131.0 3239.0 131.0 small-vehicle 0
3262.0 111.0 3286.0 111.0 3286.0 125.0 3262.0 125.0 small-vehicle 0
3338.0 116.0 3360.0 116.0 3360.0 127.0 3338.0 127.0 small-vehicle 0
3318.0 152.0 3344.0 152.0 3344.0 166.0 3318.0 166.0 small-vehicle 0
3312.0 111.0 3337.0 111.0 3337.0 125.0 3312.0 125.0 small-vehicle 0
3312.0 100.0 3332.0 100.0 3332.0 113.0 3312.0 113.0 small-vehicle 0
3353.0 178.0 3377.0 178.0 3377.0 195.0 3353.0 195.0 small-vehicle 0
3356.0 319.0 3379.0 319.0 3379.0 336.0 3356.0 336.0 small-vehicle 0
3291.0 248.0 3314.0 248.0 3314.0 259.0 3291.0 259.0 small-vehicle 0
3275.0 182.0 3299.0 182.0 3299.0 197.0 3275.0 197.0 small-vehicle 0
3279.0 194.0 3301.0 194.0 3301.0 209.0 3279.0 209.0 small-vehicle 0
3312.0 120.0 3336.0 120.0 3336.0 133.0 3312.0 133.0 small-vehicle 0
2943.0 129.0 2954.0 129.0 2954.0 149.0 2943.0 149.0 small-vehicle 0
2947.0 105.0 2962.0 105.0 2962.0 128.0 2947.0 128.0 small-vehicle 0
2773.0 321.0 2793.0 321.0 2793.0 339.0 2773.0 339.0 small-vehicle 0
2918.0 335.0 2933.0 335.0 2933.0 357.0 2918.0 357.0 small-vehicle 0
2906.0 287.0 2920.0 287.0 2920.0 308.0 2906.0 308.0 small-vehicle 0
2895.0 290.0 2908.0 290.0 2908.0 312.0 2895.0 312.0 small-vehicle 0
2904.0 267.0 2917.0 267.0 2917.0 284.0 2904.0 284.0 small-vehicle 0
3356.0 341.0 3384.0 341.0 3384.0 355.0 3356.0 355.0 small-vehicle 0
3280.0 215.0 3305.0 215.0 3305.0 228.0 3280.0 228.0 small-vehicle 0
3306.0 318.0 3329.0 318.0 3329.0 330.0 3306.0 330.0 small-vehicle 0
3312.0 338.0 3333.0 338.0 3333.0 354.0 3312.0 354.0 small-vehicle 0
3232.0 325.0 3251.0 325.0 3251.0 336.0 3232.0 336.0 small-vehicle 0
3281.0 314.0 3303.0 314.0 3303.0 328.0 3281.0 328.0 small-vehicle 0
3300.0 288.0 3322.0 288.0 3322.0 301.0 3300.0 301.0 small-vehicle 0
3272.0 284.0 3296.0 284.0 3296.0 297.0 3272.0 297.0 small-vehicle 0
3268.0 263.0 3290.0 263.0 3290.0 272.0 3268.0 272.0 small-vehicle 0
3432.0 325.0 3456.0 325.0 3456.0 337.0 3432.0 337.0 small-vehicle 0
3418.0 261.0 3438.0 261.0 3438.0 273.0 3418.0 273.0 small-vehicle 0
3089.0 376.0 3112.0 376.0 3112.0 386.0 3089.0 386.0 small-vehicle 0
3413.0 243.0 3436.0 243.0 3436.0 255.0 3413.0 255.0 small-vehicle 0
3199.0 258.0 3218.0 258.0 3218.0 270.0 3199.0 270.0 small-vehicle 0
3194.0 246.0 3216.0 246.0 3216.0 260.0 3194.0 260.0 small-vehicle 0
3218.0 243.0 3243.0 243.0 3243.0 255.0 3218.0 255.0 small-vehicle 0
3217.0 231.0 3237.0 231.0 3237.0 245.0 3217.0 245.0 small-vehicle 0
3208.0 203.0 3228.0 203.0 3228.0 214.0 3208.0 214.0 small-vehicle 0
3205.0 190.0 3229.0 190.0 3229.0 203.0 3205.0 203.0 small-vehicle 0
3203.0 176.0 3226.0 176.0 3226.0 191.0 3203.0 191.0 small-vehicle 0
3162.0 150.0 3184.0 150.0 3184.0 164.0 3162.0 164.0 small-vehicle 0
3131.0 194.0 3152.0 194.0 3152.0 207.0 3131.0 207.0 small-vehicle 0
3136.0 204.0 3156.0 204.0 3156.0 216.0 3136.0 216.0 small-vehicle 0
3106.0 209.0 3132.0 209.0 3132.0 227.0 3106.0 227.0 small-vehicle 0
3138.0 228.0 3160.0 228.0 3160.0 239.0 3138.0 239.0 small-vehicle 0
3118.0 252.0 3138.0 252.0 3138.0 264.0 3118.0 264.0 small-vehicle 0
3154.0 321.0 3180.0 321.0 3180.0 335.0 3154.0 335.0 small-vehicle 0
3135.0 335.0 3156.0 335.0 3156.0 349.0 3135.0 349.0 small-vehicle 0
3167.0 362.0 3187.0 362.0 3187.0 375.0 3167.0 375.0 small-vehicle 0
3166.0 375.0 3190.0 375.0 3190.0 386.0 3166.0 386.0 small-vehicle 0
3181.0 197.0 3204.0 197.0 3204.0 207.0 3181.0 207.0 small-vehicle 0
3120.0 159.0 3136.0 159.0 3136.0 172.0 3120.0 172.0 small-vehicle 0
3140.0 155.0 3162.0 155.0 3162.0 167.0 3140.0 167.0 small-vehicle 0
3578.0 80.0 3598.0 80.0 3598.0 99.0 3578.0 99.0 small-vehicle 0
3433.0 204.0 3456.0 204.0 3456.0 219.0 3433.0 219.0 small-vehicle 0
3427.0 184.0 3450.0 184.0 3450.0 199.0 3427.0 199.0 small-vehicle 0
3404.0 188.0 3428.0 188.0 3428.0 204.0 3404.0 204.0 small-vehicle 0
3400.0 168.0 3420.0 168.0 3420.0 181.0 3400.0 181.0 small-vehicle 0
3391.0 136.0 3415.0 136.0 3415.0 150.0 3391.0 150.0 small-vehicle 0
3382.0 82.0 3406.0 82.0 3406.0 97.0 3382.0 97.0 small-vehicle 0
3411.0 101.0 3436.0 101.0 3436.0 116.0 3411.0 116.0 small-vehicle 0
3571.0 91.0 3587.0 91.0 3587.0 105.0 3571.0 105.0 small-vehicle 1
3229.0 307.0 3250.0 307.0 3250.0 317.0 3229.0 317.0 small-vehicle 0
3561.0 96.0 3582.0 96.0 3582.0 117.0 3561.0 117.0 small-vehicle 0
3504.0 307.0 3527.0 307.0 3527.0 319.0 3504.0 319.0 small-vehicle 0
3502.0 294.0 3524.0 294.0 3524.0 307.0 3502.0 307.0 small-vehicle 0
3452.0 80.0 3478.0 80.0 3478.0 94.0 3452.0 94.0 small-vehicle 0
3448.0 69.0 3476.0 69.0 3476.0 84.0 3448.0 84.0 small-vehicle 0
3478.0 65.0 3503.0 65.0 3503.0 78.0 3478.0 78.0 small-vehicle 0
3210.0 321.0 3232.0 321.0 3232.0 334.0 3210.0 334.0 small-vehicle 0
2966.0 126.0 2978.0 126.0 2978.0 148.0 2966.0 148.0 small-vehicle 0
2975.0 125.0 2991.0 125.0 2991.0 146.0 2975.0 146.0 small-vehicle 0
2987.0 124.0 3001.0 124.0 3001.0 144.0 2987.0 144.0 small-vehicle 0
3007.0 117.0 3021.0 117.0 3021.0 139.0 3007.0 139.0 small-vehicle 0
1971.0 762.0 1994.0 762.0 1994.0 781.0 1971.0 781.0 small-vehicle 1
1964.0 731.0 1988.0 731.0 1988.0 751.0 1964.0 751.0 small-vehicle 1
1950.0 548.0 1966.0 548.0 1966.0 572.0 1950.0 572.0 small-vehicle 1
1835.0 571.0 1856.0 571.0 1856.0 591.0 1835.0 591.0 small-vehicle 1
1803.0 381.0 1819.0 381.0 1819.0 402.0 1803.0 402.0 small-vehicle 1
1876.0 509.0 1887.0 509.0 1887.0 528.0 1876.0 528.0 small-vehicle 1
1887.0 505.0 1898.0 505.0 1898.0 530.0 1887.0 530.0 small-vehicle 1
1884.0 483.0 1899.0 483.0 1899.0 503.0 1884.0 503.0 small-vehicle 1
1875.0 485.0 1884.0 485.0 1884.0 508.0 1875.0 508.0 small-vehicle 1
1863.0 489.0 1875.0 489.0 1875.0 510.0 1863.0 510.0 small-vehicle 1
1856.0 492.0 1866.0 492.0 1866.0 517.0 1856.0 517.0 small-vehicle 1
2074.0 486.0 2092.0 486.0 2092.0 513.0 2074.0 513.0 small-vehicle 1
2063.0 492.0 2084.0 492.0 2084.0 518.0 2063.0 518.0 small-vehicle 1
1959.0 366.0 1979.0 366.0 1979.0 392.0 1959.0 392.0 small-vehicle 1
1980.0 360.0 2001.0 360.0 2001.0 385.0 1980.0 385.0 small-vehicle 1
2011.0 345.0 2028.0 345.0 2028.0 368.0 2011.0 368.0 small-vehicle 1
1990.0 297.0 2008.0 297.0 2008.0 319.0 1990.0 319.0 small-vehicle 1
1975.0 780.0 1997.0 780.0 1997.0 797.0 1975.0 797.0 small-vehicle 1
1947.0 750.0 1971.0 750.0 1971.0 769.0 1947.0 769.0 small-vehicle 1
1946.0 734.0 1975.0 734.0 1975.0 761.0 1946.0 761.0 small-vehicle 1
3331.0 205.0 3355.0 205.0 3355.0 217.0 3331.0 217.0 small-vehicle 1
3127.0 311.0 3153.0 311.0 3153.0 327.0 3127.0 327.0 small-vehicle 1
3149.0 286.0 3169.0 286.0 3169.0 297.0 3149.0 297.0 small-vehicle 1
3144.0 266.0 3165.0 266.0 3165.0 279.0 3144.0 279.0 small-vehicle 1
3140.0 246.0 3162.0 246.0 3162.0 259.0 3140.0 259.0 small-vehicle 1
3222.0 271.0 3244.0 271.0 3244.0 284.0 3222.0 284.0 small-vehicle 1
3224.0 281.0 3242.0 281.0 3242.0 293.0 3224.0 293.0 small-vehicle 1
3327.0 195.0 3351.0 195.0 3351.0 209.0 3327.0 209.0 small-vehicle 1
3337.0 225.0 3360.0 225.0 3360.0 239.0 3337.0 239.0 small-vehicle 1
2346.0 580.0 2358.0 580.0 2358.0 604.0 2346.0 604.0 small-vehicle 1
3484.0 213.0 3508.0 213.0 3508.0 227.0 3484.0 227.0 small-vehicle 1
3502.0 184.0 3525.0 184.0 3525.0 199.0 3502.0 199.0 small-vehicle 1
3367.0 260.0 3392.0 260.0 3392.0 274.0 3367.0 274.0 small-vehicle 1
2236.0 65.0 2257.0 65.0 2257.0 87.0 2236.0 87.0 small-vehicle 1
2663.0 187.0 2687.0 187.0 2687.0 211.0 2663.0 211.0 small-vehicle 1
2796.0 362.0 2808.0 362.0 2808.0 383.0 2796.0 383.0 small-vehicle 1
2637.0 436.0 2657.0 436.0 2657.0 458.0 2637.0 458.0 small-vehicle 1
1420.0 324.0 1443.0 324.0 1443.0 341.0 1420.0 341.0 small-vehicle 1
1409.0 301.0 1434.0 301.0 1434.0 320.0 1409.0 320.0 small-vehicle 1
1472.0 236.0 1493.0 236.0 1493.0 253.0 1472.0 253.0 small-vehicle 1
3050.0 97.0 3075.0 97.0 3075.0 111.0 3050.0 111.0 small-vehicle 0
3212.0 66.0 3226.0 66.0 3226.0 89.0 3212.0 89.0 small-vehicle 0
3201.0 70.0 3216.0 70.0 3216.0 93.0 3201.0 93.0 small-vehicle 0
3190.0 75.0 3201.0 75.0 3201.0 95.0 3190.0 95.0 small-vehicle 0
3146.0 77.0 3161.0 77.0 3161.0 102.0 3146.0 102.0 small-vehicle 0
3143.0 59.0 3155.0 59.0 3155.0 80.0 3143.0 80.0 small-vehicle 0
3044.0 74.0 3070.0 74.0 3070.0 91.0 3044.0 91.0 small-vehicle 0
3042.0 62.0 3068.0 62.0 3068.0 77.0 3042.0 77.0 small-vehicle 0
3051.0 108.0 3078.0 108.0 3078.0 124.0 3051.0 124.0 small-vehicle 0
757.0 894.0 786.0 894.0 786.0 918.0 757.0 918.0 large-vehicle 0
3050.0 85.0 3071.0 85.0 3071.0 100.0 3050.0 100.0 small-vehicle 0
2970.0 54.0 2984.0 54.0 2984.0 74.0 2970.0 74.0 small-vehicle 0
2946.0 55.0 2961.0 55.0 2961.0 77.0 2946.0 77.0 small-vehicle 0
2954.0 127.0 2969.0 127.0 2969.0 149.0 2954.0 149.0 small-vehicle 0
2981.0 100.0 2995.0 100.0 2995.0 122.0 2981.0 122.0 small-vehicle 0
2991.0 98.0 3005.0 98.0 3005.0 121.0 2991.0 121.0 small-vehicle 0
3000.0 95.0 3016.0 95.0 3016.0 117.0 3000.0 117.0 small-vehicle 0
3232.0 63.0 3246.0 63.0 3246.0 84.0 3232.0 84.0 small-vehicle 0
1105.0 927.0 1126.0 927.0 1126.0 958.0 1105.0 958.0 large-vehicle 0
1565.0 259.0 1586.0 259.0 1586.0 275.0 1565.0 275.0 small-vehicle 1
1241.0 1019.0 1254.0 1019.0 1254.0 1040.0 1241.0 1040.0 small-vehicle 0
1589.0 170.0 1606.0 170.0 1606.0 193.0 1589.0 193.0 small-vehicle 1
1311.0 1059.0 1332.0 1059.0 1332.0 1074.0 1311.0 1074.0 small-vehicle 0
1412.0 1054.0 1426.0 1054.0 1426.0 1076.0 1412.0 1076.0 small-vehicle 0
1387.0 1059.0 1401.0 1059.0 1401.0 1081.0 1387.0 1081.0 small-vehicle 0
1280.0 1001.0 1298.0 1001.0 1298.0 1025.0 1280.0 1025.0 small-vehicle 0
1270.0 1006.0 1286.0 1006.0 1286.0 1028.0 1270.0 1028.0 small-vehicle 0
1249.0 1014.0 1265.0 1014.0 1265.0 1037.0 1249.0 1037.0 small-vehicle 0
1312.0 911.0 1326.0 911.0 1326.0 937.0 1312.0 937.0 small-vehicle 0
1115.0 917.0 1139.0 917.0 1139.0 951.0 1115.0 951.0 large-vehicle 0
1188.0 1071.0 1234.0 1071.0 1234.0 1101.0 1188.0 1101.0 large-vehicle 0
1512.0 786.0 1530.0 786.0 1530.0 833.0 1512.0 833.0 large-vehicle 0
1382.0 794.0 1410.0 794.0 1410.0 836.0 1382.0 836.0 large-vehicle 0
1364.0 808.0 1395.0 808.0 1395.0 856.0 1364.0 856.0 large-vehicle 0
1243.0 856.0 1266.0 856.0 1266.0 893.0 1243.0 893.0 large-vehicle 0
1167.0 894.0 1188.0 894.0 1188.0 925.0 1167.0 925.0 large-vehicle 0
1166.0 924.0 1203.0 924.0 1203.0 947.0 1166.0 947.0 large-vehicle 0
3094.0 410.0 3117.0 410.0 3117.0 421.0 3094.0 421.0 small-vehicle 0
3079.0 331.0 3105.0 331.0 3105.0 343.0 3079.0 343.0 small-vehicle 0
2095.0 106.0 2120.0 106.0 2120.0 125.0 2095.0 125.0 small-vehicle 0
2525.0 267.0 2552.0 267.0 2552.0 296.0 2525.0 296.0 small-vehicle 0
2727.0 154.0 2752.0 154.0 2752.0 175.0 2727.0 175.0 small-vehicle 0
2717.0 179.0 2737.0 179.0 2737.0 197.0 2717.0 197.0 small-vehicle 0
2699.0 239.0 2720.0 239.0 2720.0 258.0 2699.0 258.0 small-vehicle 0
2694.0 227.0 2716.0 227.0 2716.0 247.0 2694.0 247.0 small-vehicle 0
2682.0 220.0 2708.0 220.0 2708.0 241.0 2682.0 241.0 small-vehicle 0
2621.0 139.0 2643.0 139.0 2643.0 155.0 2621.0 155.0 small-vehicle 0
2613.0 130.0 2634.0 130.0 2634.0 148.0 2613.0 148.0 small-vehicle 0
2609.0 121.0 2626.0 121.0 2626.0 138.0 2609.0 138.0 small-vehicle 1
2602.0 111.0 2622.0 111.0 2622.0 130.0 2602.0 130.0 small-vehicle 0
2594.0 100.0 2616.0 100.0 2616.0 119.0 2594.0 119.0 small-vehicle 0
2584.0 91.0 2609.0 91.0 2609.0 112.0 2584.0 112.0 small-vehicle 0
2570.0 72.0 2592.0 72.0 2592.0 94.0 2570.0 94.0 small-vehicle 0
2565.0 66.0 2583.0 66.0 2583.0 82.0 2565.0 82.0 small-vehicle 0
2556.0 58.0 2576.0 58.0 2576.0 76.0 2556.0 76.0 small-vehicle 0
2545.0 220.0 2567.0 220.0 2567.0 242.0 2545.0 242.0 small-vehicle 0
2568.0 279.0 2588.0 279.0 2588.0 306.0 2568.0 306.0 small-vehicle 0
2557.0 286.0 2579.0 286.0 2579.0 310.0 2557.0 310.0 small-vehicle 0
2690.0 142.0 2712.0 142.0 2712.0 162.0 2690.0 162.0 small-vehicle 0
2663.0 104.0 2684.0 104.0 2684.0 125.0 2663.0 125.0 small-vehicle 0
2669.0 116.0 2690.0 116.0 2690.0 132.0 2669.0 132.0 small-vehicle 0
2737.0 85.0 2762.0 85.0 2762.0 107.0 2737.0 107.0 small-vehicle 0
2718.0 454.0 2730.0 454.0 2730.0 473.0 2718.0 473.0 small-vehicle 0
2705.0 453.0 2717.0 453.0 2717.0 477.0 2705.0 477.0 small-vehicle 0
2696.0 455.0 2708.0 455.0 2708.0 478.0 2696.0 478.0 small-vehicle 0
2684.0 458.0 2696.0 458.0 2696.0 483.0 2684.0 483.0 small-vehicle 0
2673.0 462.0 2686.0 462.0 2686.0 485.0 2673.0 485.0 small-vehicle 0
2646.0 450.0 2668.0 450.0 2668.0 470.0 2646.0 470.0 small-vehicle 0
2679.0 92.0 2700.0 92.0 2700.0 107.0 2679.0 107.0 small-vehicle 0
2769.0 122.0 2795.0 122.0 2795.0 143.0 2769.0 143.0 small-vehicle 0
2626.0 60.0 2647.0 60.0 2647.0 83.0 2626.0 83.0 small-vehicle 0
2758.0 103.0 2778.0 103.0 2778.0 120.0 2758.0 120.0 small-vehicle 1
2732.0 78.0 2753.0 78.0 2753.0 95.0 2732.0 95.0 small-vehicle 0
2647.0 88.0 2666.0 88.0 2666.0 105.0 2647.0 105.0 small-vehicle 0
2640.0 79.0 2663.0 79.0 2663.0 97.0 2640.0 97.0 small-vehicle 0
2663.0 73.0 2687.0 73.0 2687.0 95.0 2663.0 95.0 small-vehicle 0
2651.0 56.0 2670.0 56.0 2670.0 74.0 2651.0 74.0 small-vehicle 0
2618.0 53.0 2639.0 53.0 2639.0 71.0 2618.0 71.0 small-vehicle 0
2545.0 293.0 2567.0 293.0 2567.0 315.0 2545.0 315.0 small-vehicle 0
2600.0 164.0 2630.0 164.0 2630.0 191.0 2600.0 191.0 small-vehicle 0
3078.0 321.0 3101.0 321.0 3101.0 333.0 3078.0 333.0 small-vehicle 0
2578.0 134.0 2597.0 134.0 2597.0 151.0 2578.0 151.0 small-vehicle 0
2250.0 61.0 2269.0 61.0 2269.0 81.0 2250.0 81.0 small-vehicle 0
2231.0 75.0 2253.0 75.0 2253.0 95.0 2231.0 95.0 small-vehicle 0
2425.0 334.0 2445.0 334.0 2445.0 356.0 2425.0 356.0 small-vehicle 0
2254.0 306.0 2275.0 306.0 2275.0 325.0 2254.0 325.0 small-vehicle 0
2240.0 290.0 2260.0 290.0 2260.0 310.0 2240.0 310.0 small-vehicle 0
2233.0 280.0 2256.0 280.0 2256.0 298.0 2233.0 298.0 small-vehicle 0
2151.0 170.0 2172.0 170.0 2172.0 191.0 2151.0 191.0 small-vehicle 0
2206.0 237.0 2228.0 237.0 2228.0 255.0 2206.0 255.0 small-vehicle 0
2176.0 204.0 2198.0 204.0 2198.0 225.0 2176.0 225.0 small-vehicle 0
2165.0 190.0 2183.0 190.0 2183.0 207.0 2165.0 207.0 small-vehicle 0
2139.0 156.0 2156.0 156.0 2156.0 173.0 2139.0 173.0 small-vehicle 0
2135.0 147.0 2152.0 147.0 2152.0 165.0 2135.0 165.0 small-vehicle 0
2126.0 140.0 2144.0 140.0 2144.0 157.0 2126.0 157.0 small-vehicle 1
2118.0 130.0 2139.0 130.0 2139.0 149.0 2118.0 149.0 small-vehicle 0
2112.0 124.0 2133.0 124.0 2133.0 141.0 2112.0 141.0 small-vehicle 0
3429.0 1338.0 3444.0 1338.0 3444.0 1360.0 3429.0 1360.0 small-vehicle 0
2104.0 116.0 2126.0 116.0 2126.0 131.0 2104.0 131.0 small-vehicle 0
2259.0 55.0 2280.0 55.0 2280.0 77.0 2259.0 77.0 small-vehicle 0
2251.0 88.0 2268.0 88.0 2268.0 108.0 2251.0 108.0 small-vehicle 0
2302.0 92.0 2320.0 92.0 2320.0 114.0 2302.0 114.0 small-vehicle 0
2350.0 207.0 2368.0 207.0 2368.0 229.0 2350.0 229.0 small-vehicle 0
2586.0 141.0 2606.0 141.0 2606.0 159.0 2586.0 159.0 small-vehicle 0
2519.0 150.0 2543.0 150.0 2543.0 174.0 2519.0 174.0 small-vehicle 0
2459.0 207.0 2482.0 207.0 2482.0 232.0 2459.0 232.0 small-vehicle 0
2447.0 213.0 2468.0 213.0 2468.0 236.0 2447.0 236.0 small-vehicle 0
2372.0 234.0 2391.0 234.0 2391.0 257.0 2372.0 257.0 small-vehicle 0
2367.0 227.0 2380.0 227.0 2380.0 246.0 2367.0 246.0 small-vehicle 0
2357.0 218.0 2374.0 218.0 2374.0 238.0 2357.0 238.0 small-vehicle 0
2342.0 200.0 2359.0 200.0 2359.0 219.0 2342.0 219.0 small-vehicle 0
2275.0 113.0 2297.0 113.0 2297.0 136.0 2275.0 136.0 small-vehicle 0
2328.0 181.0 2344.0 181.0 2344.0 201.0 2328.0 201.0 small-vehicle 0
2322.0 169.0 2339.0 169.0 2339.0 189.0 2322.0 189.0 small-vehicle 0
2306.0 149.0 2324.0 149.0 2324.0 170.0 2306.0 170.0 small-vehicle 0
2290.0 133.0 2309.0 133.0 2309.0 152.0 2290.0 152.0 small-vehicle 0
2281.0 127.0 2299.0 127.0 2299.0 147.0 2281.0 147.0 small-vehicle 0
2262.0 95.0 2280.0 95.0 2280.0 117.0 2262.0 117.0 small-vehicle 0
2268.0 102.0 2288.0 102.0 2288.0 126.0 2268.0 126.0 small-vehicle 0
2735.0 450.0 2748.0 450.0 2748.0 473.0 2735.0 473.0 small-vehicle 0
2747.0 447.0 2759.0 447.0 2759.0 468.0 2747.0 468.0 small-vehicle 0
2787.0 439.0 2801.0 439.0 2801.0 462.0 2787.0 462.0 small-vehicle 0
2778.0 442.0 2790.0 442.0 2790.0 463.0 2778.0 463.0 small-vehicle 0
2944.0 207.0 2955.0 207.0 2955.0 227.0 2944.0 227.0 small-vehicle 0
2964.0 202.0 2977.0 202.0 2977.0 222.0 2964.0 222.0 small-vehicle 0
2953.0 178.0 2966.0 178.0 2966.0 200.0 2953.0 200.0 small-vehicle 0
2943.0 182.0 2954.0 182.0 2954.0 205.0 2943.0 205.0 small-vehicle 0
2931.0 182.0 2943.0 182.0 2943.0 207.0 2931.0 207.0 small-vehicle 0
2911.0 211.0 2923.0 211.0 2923.0 232.0 2911.0 232.0 small-vehicle 0
2902.0 211.0 2914.0 211.0 2914.0 233.0 2902.0 233.0 small-vehicle 0
2888.0 217.0 2903.0 217.0 2903.0 239.0 2888.0 239.0 small-vehicle 0
2971.0 276.0 2982.0 276.0 2982.0 298.0 2971.0 298.0 small-vehicle 0
2958.0 256.0 2972.0 256.0 2972.0 280.0 2958.0 280.0 small-vehicle 0
2959.0 280.0 2971.0 280.0 2971.0 298.0 2959.0 298.0 small-vehicle 0
2938.0 281.0 2951.0 281.0 2951.0 304.0 2938.0 304.0 small-vehicle 0
2929.0 284.0 2942.0 284.0 2942.0 304.0 2929.0 304.0 small-vehicle 0
2939.0 259.0 2951.0 259.0 2951.0 282.0 2939.0 282.0 small-vehicle 0
2863.0 272.0 2876.0 272.0 2876.0 295.0 2863.0 295.0 small-vehicle 0
2872.0 270.0 2888.0 270.0 2888.0 293.0 2872.0 293.0 small-vehicle 0
2886.0 269.0 2899.0 269.0 2899.0 291.0 2886.0 291.0 small-vehicle 0
2922.0 209.0 2935.0 209.0 2935.0 232.0 2922.0 232.0 small-vehicle 0
2911.0 185.0 2922.0 185.0 2922.0 206.0 2911.0 206.0 small-vehicle 0
2973.0 178.0 2987.0 178.0 2987.0 195.0 2973.0 195.0 small-vehicle 0
3057.0 224.0 3079.0 224.0 3079.0 235.0 3057.0 235.0 small-vehicle 0
3079.0 311.0 3099.0 311.0 3099.0 323.0 3079.0 323.0 small-vehicle 0
3076.0 300.0 3096.0 300.0 3096.0 311.0 3076.0 311.0 small-vehicle 0
3017.0 241.0 3037.0 241.0 3037.0 252.0 3017.0 252.0 small-vehicle 0
3016.0 249.0 3038.0 249.0 3038.0 264.0 3016.0 264.0 small-vehicle 0
3011.0 224.0 3039.0 224.0 3039.0 246.0 3011.0 246.0 small-vehicle 0
3071.0 286.0 3093.0 286.0 3093.0 301.0 3071.0 301.0 small-vehicle 0
3067.0 266.0 3090.0 266.0 3090.0 280.0 3067.0 280.0 small-vehicle 0
3055.0 212.0 3076.0 212.0 3076.0 225.0 3055.0 225.0 small-vehicle 0
2963.0 176.0 2977.0 176.0 2977.0 197.0 2963.0 197.0 small-vehicle 0
3050.0 201.0 3071.0 201.0 3071.0 213.0 3050.0 213.0 small-vehicle 0
3013.0 168.0 3023.0 168.0 3023.0 190.0 3013.0 190.0 small-vehicle 0
3012.0 188.0 3037.0 188.0 3037.0 207.0 3012.0 207.0 small-vehicle 0
3014.0 200.0 3036.0 200.0 3036.0 217.0 3014.0 217.0 small-vehicle 0
3018.0 257.0 3042.0 257.0 3042.0 275.0 3018.0 275.0 small-vehicle 0
3021.0 268.0 3043.0 268.0 3043.0 285.0 3021.0 285.0 small-vehicle 0
3021.0 317.0 3045.0 317.0 3045.0 335.0 3021.0 335.0 small-vehicle 0
2855.0 298.0 2867.0 298.0 2867.0 320.0 2855.0 320.0 small-vehicle 0
2841.0 277.0 2854.0 277.0 2854.0 298.0 2841.0 298.0 small-vehicle 0
2855.0 278.0 2864.0 278.0 2864.0 297.0 2855.0 297.0 small-vehicle 0
2807.0 384.0 2819.0 384.0 2819.0 407.0 2807.0 407.0 small-vehicle 0
2849.0 351.0 2862.0 351.0 2862.0 374.0 2849.0 374.0 small-vehicle 0
2829.0 357.0 2840.0 357.0 2840.0 374.0 2829.0 374.0 small-vehicle 1
2818.0 362.0 2830.0 362.0 2830.0 384.0 2818.0 384.0 small-vehicle 0
2840.0 377.0 2851.0 377.0 2851.0 397.0 2840.0 397.0 small-vehicle 0
2766.0 371.0 2778.0 371.0 2778.0 393.0 2766.0 393.0 small-vehicle 0
2807.0 360.0 2819.0 360.0 2819.0 384.0 2807.0 384.0 small-vehicle 0
2812.0 304.0 2826.0 304.0 2826.0 326.0 2812.0 326.0 small-vehicle 0
2777.0 390.0 2787.0 390.0 2787.0 407.0 2777.0 407.0 small-vehicle 1
2900.0 365.0 2914.0 365.0 2914.0 386.0 2900.0 386.0 small-vehicle 0
2755.0 395.0 2768.0 395.0 2768.0 416.0 2755.0 416.0 small-vehicle 0
2757.0 374.0 2769.0 374.0 2769.0 396.0 2757.0 396.0 small-vehicle 0
2701.0 382.0 2715.0 382.0 2715.0 401.0 2701.0 401.0 small-vehicle 0
2713.0 381.0 2728.0 381.0 2728.0 405.0 2713.0 405.0 small-vehicle 0
2636.0 428.0 2655.0 428.0 2655.0 447.0 2636.0 447.0 small-vehicle 0
2688.0 406.0 2704.0 406.0 2704.0 430.0 2688.0 430.0 small-vehicle 0
2703.0 405.0 2717.0 405.0 2717.0 431.0 2703.0 431.0 small-vehicle 0
2890.0 365.0 2902.0 365.0 2902.0 387.0 2890.0 387.0 small-vehicle 0
2950.0 354.0 2967.0 354.0 2967.0 376.0 2950.0 376.0 small-vehicle 0
2845.0 301.0 2859.0 301.0 2859.0 323.0 2845.0 323.0 small-vehicle 0
2935.0 407.0 2946.0 407.0 2946.0 432.0 2935.0 432.0 small-vehicle 0
2952.0 405.0 2965.0 405.0 2965.0 424.0 2952.0 424.0 small-vehicle 0
2818.0 432.0 2831.0 432.0 2831.0 455.0 2818.0 455.0 small-vehicle 0
2828.0 429.0 2842.0 429.0 2842.0 450.0 2828.0 450.0 small-vehicle 0
2849.0 424.0 2863.0 424.0 2863.0 447.0 2849.0 447.0 small-vehicle 0
2868.0 422.0 2884.0 422.0 2884.0 443.0 2868.0 443.0 small-vehicle 0
2893.0 416.0 2904.0 416.0 2904.0 437.0 2893.0 437.0 small-vehicle 0
2923.0 412.0 2935.0 412.0 2935.0 431.0 2923.0 431.0 small-vehicle 0
2966.0 404.0 2978.0 404.0 2978.0 421.0 2966.0 421.0 small-vehicle 1
2921.0 361.0 2934.0 361.0 2934.0 383.0 2921.0 383.0 small-vehicle 0
2987.0 400.0 2999.0 400.0 2999.0 420.0 2987.0 420.0 small-vehicle 0
2997.0 396.0 3010.0 396.0 3010.0 417.0 2997.0 417.0 small-vehicle 0
3020.0 395.0 3033.0 395.0 3033.0 412.0 3020.0 412.0 small-vehicle 0
2986.0 346.0 2998.0 346.0 2998.0 369.0 2986.0 369.0 small-vehicle 0
2981.0 323.0 2997.0 323.0 2997.0 341.0 2981.0 341.0 small-vehicle 1
2952.0 331.0 2965.0 331.0 2965.0 351.0 2952.0 351.0 small-vehicle 0
2932.0 335.0 2945.0 335.0 2945.0 356.0 2932.0 356.0 small-vehicle 0
593.0 799.0 804.0 799.0 804.0 996.0 593.0 996.0 plane 0
